Bcells	CentralVeinEndothelialcells	Cholangiocytes	Hepatocytes	Kupffercells	LSECs	Mesothelialcells	PortalVeinEndothelialcells	Tcells
8.96162408425888e-05	0.00781052366161519	0.00153520827303629	0.968674116309852	0.0128940802825406	8.96132050045611e-05	0.00639438355093125	0.00242284527123717	8.96132049405234e-05
0.00142426039236764	0.00258375439606864	8.97201279395539e-05	0.965419049843299	0.0135629715645069	0.0105441942168949	0.00294177995521714	0.0010173862147293	0.00241688328897649
0.00102723130912825	0.00437616249919099	8.96437328623444e-05	0.966510586603352	0.0158446154681354	0.0103004122933929	0.00167206062812663	8.96437328768287e-05	8.96437329348185e-05
8.99119267330506e-05	8.98680122815601e-05	0.000366497029720314	0.976576857702823	0.00869503866405089	0.0103700628147908	0.00363202782513324	8.98680122750103e-05	8.98680121920354e-05
8.96416417020957e-05	8.9642362252636e-05	8.96416417759834e-05	0.97239683557553	0.00768445052092317	0.011276732625046	0.00207130205757009	8.9641641764675e-05	0.0062121119334353
0.000227117059594191	0.00240340891989175	6.26931210309795e-05	0.987908545081087	0.00720527479436861	0.00199719369869407	7.03810829097512e-05	6.26931213657648e-05	6.26931210573751e-05
9.01114105322673e-05	0.000479069034852211	9.01132620412628e-05	0.971676498422699	0.0148839732119832	0.00642015305990301	0.00387188871656374	0.00108075570278266	0.00140743717864279
0.00342095742451997	9.21588485436764e-05	0.0849300171378324	0.872151448194973	0.0101127600536504	0.00250010753698481	0.00870382101137915	0.0163066228141866	0.00178210697792968
0.00354052914187722	8.99389602960968e-05	0.000232538406435175	0.958185002335295	0.0166773592551235	0.00891567877864029	0.00171802575230244	0.00121046983888085	0.00943045753114883
9.01660884729544e-05	0.0115046145849752	0.00105687944048545	0.968404510825806	0.0151034871970462	0.000502452162093785	0.00141631439760768	9.01660885153429e-05	0.0018314092149971
0.00237685751248772	0.00429424390693974	0.0009543460465539	0.976189725701796	0.0134176501121354	8.76779917915964e-05	0.00250414274523794	8.76779914357846e-05	8.76779916212123e-05
9.40785746352771e-05	9.40785745559708e-05	0.00332151335022974	0.964832618040539	0.0220638025177378	0.0028572318588018	0.00465961229490996	0.00198298621391646	9.40785746742539e-05
9.2447535819702e-05	9.24469879755381e-05	9.24475358248064e-05	0.97295428378202	0.0183224392204271	0.00413272619852421	0.000566382574602606	0.00292342094703538	0.000823405217771181
0.00342810152693968	9.25400703052242e-05	0.000520099761659261	0.967108564425935	0.0187664965418947	0.00980656907352679	9.25428666175804e-05	9.25428665642327e-05	9.25428665579401e-05
0.000418562832830924	0.000134527320501254	0.00222980944463196	0.966763866311534	0.0152206890470102	0.0126243841209956	0.00148235036828895	0.000199390156357148	0.000926420397849615
0.00122457573463214	8.83661733024472e-05	8.83661732674641e-05	0.975537424459019	0.00916644917030439	0.00865791761077413	0.0050601683322229	8.8366173211677e-05	8.83661732659077e-05
9.26620112249673e-05	0.00458376546772664	0.00513297185996876	0.970504680861494	0.0122120091510552	9.26620111988382e-05	0.00139314539407222	0.00492023278031658	0.00106787046294261
0.000133841923433288	0.00129202213625963	0.00394614548120595	0.959758986604851	0.0155270454108326	0.00790423766851548	0.00173055428965737	0.00597427304826201	0.0037328934369826
0.00426433112338653	0.000378296960364525	8.86885293036223e-05	0.976272768029216	0.0059436079089622	0.0115948607382351	0.00128006965198521	8.86885292507756e-05	8.86885292962407e-05
0.00505638486575713	0.00700412220199148	8.91371734771159e-05	0.964271654066943	0.0125717111570986	0.0077452692206326	0.00308344696715205	8.913717344259e-05	8.913717350591e-05
8.90527719684478e-05	0.00713868548985869	8.90541599504847e-05	0.967334905822746	0.0125486673310636	0.00547382964540765	0.00714769645903475	8.90541599865501e-05	8.9054159983981e-05
0.0029678149958564	8.94806147369068e-05	8.94806148817655e-05	0.973809687634739	0.0173424513338105	0.000938173579738647	0.00188883731758647	0.0027845932937204	8.94806149300732e-05
8.95975201476657e-05	0.00342843388135188	8.95960017312901e-05	0.962007417501342	0.0159251882149513	0.0112374425638212	0.00704313231335016	8.95960016086416e-05	8.95960016959695e-05
8.91527605530737e-05	0.00281343679971025	8.91527605226427e-05	0.973731026382438	0.00703157609205325	0.0108345766779119	0.00523277300595181	8.91527604726054e-05	8.9152760386642e-05
8.69805090972681e-05	0.0104967942189486	8.69805090831e-05	0.960517551040174	0.0125076958341175	0.0108908612891689	0.00364844100965005	8.69805090095931e-05	0.00167771508075095
0.000130439831133892	0.003684256442142	0.00365959039973473	0.957689470685746	0.0245749873764125	0.0018790493589237	0.00347336839438486	0.00215441167371704	0.0027544258378048
8.94468247754985e-05	8.94444665198245e-05	0.00512621971808849	0.979756616627773	0.00773126586961536	0.00130137096530114	0.000481052885309256	0.00533513581800935	8.94468246078515e-05
0.000537228666406645	0.00277233591302439	0.00102895468970289	0.978396862110096	0.0138037467111005	8.84627991279965e-05	0.00182610545410648	8.84627991458115e-05	0.00145784085728915
8.83165351660677e-05	0.00499249354375069	8.83165351788251e-05	0.974394634467212	0.0180205595025083	0.000834962311930338	0.00140408403406946	8.83165350175893e-05	8.83165351668015e-05
0.00467530270098807	0.00351403519524172	9.21450037596842e-05	0.964552962760648	0.0176877651460818	0.00783245063406331	0.00146104855162981	9.21450037645976e-05	9.21450038234674e-05
9.42014901397922e-05	9.42014901618642e-05	0.0073497242338442	0.963441219460671	0.0207838488988312	0.00586934868981405	0.000240766141716706	0.00203248810469647	9.42014901248175e-05
0.00310161965589245	8.94192531169889e-05	0.000184582503875948	0.989093747669856	0.00462087458313557	0.00146150716176112	0.00126950460406271	8.93722840987962e-05	8.9372284200075e-05
8.9253298983136e-05	8.92598856375692e-05	0.00149439035097303	0.97441427922558	0.0155190282763671	0.00621636621688317	0.00199890304313132	8.92598512699493e-05	8.92598511751585e-05
0.000127340934185592	0.00114393613112568	0.00167667548570898	0.95794238277351	0.0179389239312452	0.0163594553420785	0.00455660353394689	0.000127340934110933	0.000127340934088028
0.000592200748440211	0.00467791894610326	8.78489243711567e-05	0.961939764253687	0.0100073241384495	0.00731167449681627	0.0111627985237241	0.00193601208496443	0.00228445788344424
8.89185357481303e-05	0.00957083428295803	8.89185357211728e-05	0.961350532532322	0.0215516488639586	0.00236903631743178	0.00318190358994606	8.89185357040513e-05	0.00170928880620981
9.21298644340044e-05	0.0062090882589516	9.2128757691706e-05	0.970014528713682	0.0156960727983457	0.00505639560998437	0.00151249001501137	0.000363322082840169	0.000963843899058686
8.8700817255384e-05	8.87082805536517e-05	8.87008172166221e-05	0.960452600451363	0.0249975677363811	0.0121681597430224	0.00193816051980028	8.87008171567519e-05	8.87008172511006e-05
0.00171669218283333	0.00523325614398515	0.00247797305697018	0.96253358035627	0.0170022664943136	0.00692643392920795	0.00340350178435435	0.000127089355198394	0.000579206696867029
9.30402817806808e-05	9.30402817639527e-05	0.00531685152882713	0.95564833456077	0.0218868804789678	0.0106626198782839	0.00387628706566826	0.00085340047155076	0.00156954545238693
0.000616719871089121	0.00255384470061587	0.0170920011775902	0.951661441728022	0.0105694268394323	9.31086609119265e-05	0.00589892044721269	0.0100619317281598	0.00145260484696599
0.00531867389585209	0.00457857892261324	0.000990813801058311	0.973062016146987	0.0136483101253622	9.20679958088388e-05	0.00198434753964273	9.20679958812424e-05	0.000233123576794797
0.00176359556045281	9.24508564230914e-05	0.00866569329728744	0.972203236387013	0.00681585449997805	9.24482723226019e-05	0.0013954084428547	0.00606342028873815	0.00290789239493019
0.000131356299465902	0.00703168250448068	0.000294008665822279	0.97109113042114	0.0109592645083093	0.00595397978674774	0.00356219022054265	0.000131354301290669	0.000845033292200342
0.00013541118494139	0.00075324562748561	0.00565747566283023	0.975826372265578	0.00579219868044325	0.00403873377634622	0.000974497942690691	0.00236036511329611	0.00446169974638892
0.0013122952135989	9.24436793380745e-05	9.24312468194193e-05	0.968504729924496	0.0140335394131213	0.0121668014715055	0.00205738762448626	9.24312470912972e-05	0.00164794017954376
9.31657051835932e-05	9.3224596829357e-05	0.00135647616954437	0.985632313693712	0.0101475064024604	9.32418763642227e-05	0.00230670586058269	0.000184141887122742	9.32238082009281e-05
0.00102495757396525	0.00159221473931163	0.0497298023085492	0.911776253220144	0.0105707417205992	0.00013271311347994	0.0101852027573202	0.00763997881460314	0.00734813575202735
0.000286208340814642	0.000134736409323821	0.00345681578157821	0.960936823489564	0.0211057702489074	0.00539748031861474	0.00098885405684242	0.00712934282805877	0.000563968526295518
9.13209745810459e-05	9.13209746796294e-05	0.000787960974758442	0.972820997732997	0.0169125648614383	0.00319724001182304	0.00195165483954541	0.00405561865561392	9.13209745631814e-05
0.00127666662775105	8.87883308583707e-05	8.87790182898721e-05	0.972536410565432	0.00586440265195507	0.0109037458235709	0.00561407746113745	8.87790180527607e-05	0.00353835050295199
8.99869617009853e-05	8.99761719891167e-05	8.99905844042284e-05	0.971357151438862	0.0123823544462016	0.0107304017188262	0.00508015750933133	8.99905843029875e-05	8.99905843809998e-05
8.90009658073636e-05	0.00372970246820782	8.90009658009416e-05	0.980471631569792	0.0146314603893948	8.90009657616058e-05	8.90009657848716e-05	8.9000965836452e-05	0.00072220074361418
9.16535553605326e-05	0.00177129743065295	9.1653555366609e-05	0.960563762358881	0.0228271828120203	0.0113220173609556	0.0031491258160139	9.16535553828957e-05	9.16535553664835e-05
0.00408835658334143	0.00766428515577231	0.0029333154659064	0.958641299686449	0.0205374756544146	0.00015399592580574	0.00580344328296029	8.89141227516165e-05	8.89141225984012e-05
0.000131124645976238	0.000131124646118298	0.00134835209544816	0.970121693950659	0.0220379932429377	0.00247856460323084	0.00238462238014983	0.000275027672614689	0.00109149676286558
0.00112059441500938	0.00799614092332767	8.99534175292118e-05	0.978553250396994	0.0073979240353019	0.00280475253547037	0.00147754177455609	8.99534175784041e-05	0.000469889084232601
0.000409727669927774	0.00300314510711078	8.84461591294673e-05	0.977763895852487	0.0124505028860147	0.00296958638065577	0.00102957164497524	8.84461591500784e-05	0.00219667814054903
8.919171663525e-05	0.00609430877398733	8.91917166692659e-05	0.980381537748194	0.0050763024853059	0.00356494175960449	0.00452614236612594	8.91917167717642e-05	8.91917167057306e-05
0.000457735497166763	0.000917909410894201	0.0181089160827256	0.958096423599003	0.0123096651019797	0.00983275348643497	9.21989404955739e-05	9.21989408060089e-05	9.21989404934122e-05
8.87942419083759e-05	0.00208627615032463	0.00238939785563133	0.97544505265958	0.00878748381596611	0.00362458911496396	0.00687792101274378	0.00061169941574272	8.87857331390096e-05
0.000308182624354045	0.000858310315919311	9.334024128002e-05	0.970171260778113	0.0137284712664882	0.0119898295783788	0.00185825094516843	0.000899014009022617	9.33402412758436e-05
0.00198382129097348	0.00618160749271323	8.96168856762921e-05	0.976894358903436	0.00824359554230813	0.00437813400312386	0.00204963211039746	8.96168856925986e-05	8.96168856791101e-05
0.00303134041337188	9.19420793812891e-05	0.0161890304076633	0.958889728165294	0.00900409456485143	0.00230196790315572	0.00718081074098033	0.00255951558870908	0.000751570136592659
8.79448546380494e-05	0.00868426781480594	8.79448546741154e-05	0.953990532519476	0.0128734611148217	0.0141863344026494	0.00765003826875212	0.00235153131524938	8.79448549333318e-05
0.00350183275227554	0.000132364225161108	0.00509895267844123	0.955100723131694	0.0155181904940727	0.0034939075192931	0.00698198063633045	0.00753011068147197	0.00264193788125994
0.000361937131047234	0.0143418992073426	0.000864382726337764	0.953374140661091	0.0152878833306017	0.000127152862053918	0.0118855154813003	0.00192298262760516	0.0018341059726207
9.01233493970885e-05	9.01233494495762e-05	9.01233494442478e-05	0.970572936442922	0.0108436335512711	0.0145918716776526	0.00180175140770445	9.01233494585231e-05	0.00182931352269989
9.03742376284327e-05	9.03880283118505e-05	9.03742376520387e-05	0.97127677754926	0.0218736461329409	0.00156163745165866	0.00483605388732977	9.03742375798751e-05	9.03742376388547e-05
0.00405874698381205	0.0195979079069631	0.0239277882801909	0.820668198470408	0.0223111369608313	8.93785469434862e-05	0.0807688731617735	0.0113972135799897	0.0171807561090878
8.97659050026632e-05	8.97659049624284e-05	0.00268454182201582	0.956456567106917	0.0284992249604849	0.00735421589971047	8.97659048479196e-05	8.97659049814896e-05	0.00464638659107736
9.18637837269398e-05	9.18637836684027e-05	9.18637837316103e-05	0.964318726104704	0.0218073569444839	0.00720127938439647	0.00434775342136228	9.18637838015333e-05	0.00195742901012478
0.00163893795806562	0.000131781720790971	0.0173259126314739	0.959638536561172	0.00735813634111057	0.00243964544556087	0.00253613459253524	0.00543413497702791	0.00349677977226336
0.00115480336519166	9.38639164450899e-05	9.38639163896869e-05	0.970573662347464	0.0128334697678931	0.0078448851897898	0.00721772366420896	9.38639162330897e-05	9.3863916384979e-05
0.00303487456391835	9.22599061115442e-05	9.22599061467441e-05	0.954714172442759	0.0281233505144384	9.22599061323989e-05	0.0122978506208337	0.00146071223351281	9.22599061467739e-05
9.17302115025234e-05	0.00184640294563097	9.1730211521272e-05	0.983397586156867	0.00617779455830746	0.00447470420327181	0.001145184827877	9.17302115328205e-05	0.00268313667348895
0.000689020192791883	0.000130767299654379	0.0415983067108205	0.929654549321418	0.00934007173155287	0.0047343127696857	0.00560717762130107	0.00167971662670526	0.00656607772607046
0.00484669635702814	0.000131823303040615	0.0025461964442563	0.96876397356585	0.0148054162279692	0.00383254342429139	0.00191455705550765	0.00302695010173136	0.000131843520325176
0.00201660429935304	9.27971742212894e-05	0.00158791996728742	0.960350207574995	0.0155391791596425	0.0155403341008115	0.00468736337542934	9.27971741383259e-05	9.27971741216382e-05
0.00077207133655478	9.23039843787523e-05	0.00243786320266118	0.975622150659098	0.00570608062710314	0.00581864537187779	0.0015440508376643	0.00791453142408829	9.23025565740943e-05
0.000931191000469136	0.00237149852092181	0.000926627178420189	0.976529267753274	0.0113352521300433	0.00579722702876345	0.00192945700453111	8.97396917482386e-05	8.97396918285843e-05
0.00207273873643667	9.20957250602139e-05	9.20927876244543e-05	0.973037397182844	0.0138198573710992	0.00947102468385327	0.00123060793710705	9.20927880768962e-05	9.20927878985399e-05
0.00328827247937461	9.10003641585707e-05	9.10003641875239e-05	0.967616041125438	0.0174013969093906	0.0081879095017888	0.00076806083411081	9.1000364313037e-05	0.00246531805723765
9.16979865839405e-05	9.16979866560425e-05	0.0022380867719341	0.969783584973448	0.02146744632569	0.00458800270171939	0.000634158930566997	9.16979867283596e-05	0.00101362633667275
0.000866546748111054	9.26297191310323e-05	0.00321365752279589	0.974443299468172	0.0191723840706618	9.26297192546425e-05	0.00166510732620572	0.000361115706722882	9.2629718945089e-05
0.00187749891944582	0.000127878039281708	0.00145311788313318	0.973759577534372	0.0152056224844911	0.00395546102037803	0.00262642107946937	0.00086657408499892	0.000127848954429243
8.96699015782244e-05	0.0241396166131728	0.000239603942744791	0.960014475142693	0.0066686361411489	8.96699016208885e-05	0.00691059262718386	8.96699015929062e-05	0.0017580658282645
0.00183572608505054	0.00189009936567755	8.85705019492696e-05	0.983966149465803	0.0104673060359291	0.000838000578314948	0.000562959104021114	8.85705018164534e-05	0.000262618361437496
0.000439658470096127	0.010605652347418	8.76304839866258e-05	0.980225286122587	0.00568183949553229	8.7630484217411e-05	0.00175485089673033	8.76304844156366e-05	0.00102982121501648
0.00434983524458561	8.94895476677355e-05	8.94895475313481e-05	0.96467241353952	0.0220596074058363	8.94895475993366e-05	0.0028440748169055	0.00251352420507621	0.00329207614527791
0.000133992392249796	0.000133991928931644	0.00702705908572583	0.956374863237954	0.0165594751518485	0.0111473256039519	0.00223632048242698	0.00625297972463707	0.000133992392274588
0.00128986126129603	0.00626936428112477	8.95314036924649e-05	0.969053427148734	0.0166867038174879	8.95314039337204e-05	0.00628433825127935	0.000147711028665517	8.9531403785922e-05
0.00566394435613372	0.0032252056485556	0.00378685929996443	0.969000594721675	0.00964529905057725	0.00383072850202048	0.00458807169564451	0.000129648362904446	0.000129648362524116
0.000340610411683191	0.00351118842495041	0.00479682140093122	0.966293879255524	0.0190499087343958	9.21615062975589e-05	0.00347925352294305	9.21615063146574e-05	0.00234401523696038
0.0016647688869573	0.00310891316233057	0.00124900445899558	0.973969436775793	0.0109829373773147	0.0013769348851896	0.00424654319293617	0.00185877697612315	0.00154268428436008
8.98482289744437e-05	8.98482290153685e-05	0.0255182264613784	0.929168480611413	0.0148375363442972	8.98482289892803e-05	0.00691807333674662	0.0231982903301933	8.98482289921457e-05
0.00264375889631614	0.000992998242241428	0.000128155753445812	0.963490981412639	0.0198803956061615	0.00788766951166052	0.00362200069302312	0.000128155753283509	0.00122588413122897
0.00113585494585971	0.00897760769047431	9.14204075584504e-05	0.958564830776665	0.0203577635572638	9.14204075000058e-05	0.00283695518790391	0.000266103359113348	0.00767804366766128
9.43288216387758e-05	0.00279803645402999	0.00567256264730724	0.975653458627113	0.0115027339574551	0.00104834494196857	0.00135801147362074	0.00177819425515359	9.43288217128939e-05
0.000130256941220305	0.00537806873828626	0.000970362338517347	0.953359363464518	0.0220045802231683	0.00705709044928929	0.00295184749353504	0.00236973552313524	0.00577869482832991
0.00305031551185048	9.4202102818894e-05	0.00229818944696801	0.954082844577741	0.0236298787561176	0.0150349535315072	9.42021029960754e-05	0.000734178090562458	0.000981235879438019
0.00301920125037023	9.07865542980887e-05	9.07947963113917e-05	0.981397742935205	0.0109415934039111	0.00345528111825249	0.000823010349015835	9.07947963323365e-05	9.07947963037446e-05
9.17598810263281e-05	0.00286967375589463	9.17598810312538e-05	0.986232996487184	0.00716293022061769	0.00255323367278016	0.000798163658715628	0.00010772256167803	9.17598810725269e-05
0.000126078979767382	0.00490457647627476	0.000126078979754359	0.963130577729327	0.020848935640106	0.003949024912293	0.00544549366229869	0.00083680209674785	0.000632431523430639
0.00129521081012486	0.0129961307623678	0.00172401394301088	0.971534221833393	0.00978765791613768	0.000109740959995868	0.00170837239112344	0.000609744882914206	0.000234906500932235
0.00314848072563367	0.00250280199771207	8.97873782415816e-05	0.957567031217347	0.0208915146712249	0.0061742090707994	0.00607423038403488	8.97873780466601e-05	0.00346215717696037
9.40509501997454e-05	9.40509503977389e-05	0.000334822039481151	0.977871215946985	0.0117397493114201	0.00635365987348393	0.00332434902756491	9.40509502575615e-05	9.40509502094638e-05
0.00701154964710755	0.0328560852239946	0.00142664923209937	0.931813061080469	0.00783187111346311	8.4848181150288e-05	0.0113262495633768	8.48481811747049e-05	0.00756483777716523
0.000751629137537503	9.0898130217317e-05	9.08981303278464e-05	0.9820353673839	0.00913850515034341	0.00711003719766263	0.000469724591270271	9.08981301248771e-05	0.000222042148616511
0.000233414386125726	0.00370955561327422	8.86044924187045e-05	0.969211723899242	0.0109549585073939	0.0107282050369657	0.00354895909764308	0.00143597447452054	8.86044924162955e-05
9.2418720563311e-05	0.0095988849207042	0.000777162335959216	0.953258241035943	0.0278747300212063	0.00712964082126998	0.000678756626649693	0.000497746797101526	9.24187206027634e-05
8.82437719610314e-05	8.82437719395069e-05	0.00051003146052155	0.951106964984275	0.0251869216884211	0.010222708001281	0.00524577849348955	8.82437718717423e-05	0.00746286405623919
0.000303848703630287	0.00596931244083708	0.000354243504456931	0.956391620791869	0.02661829941721	0.00504132281860679	0.00431913418239482	0.000458674519411333	0.000543543621584187
8.94119023755466e-05	8.94119023044045e-05	0.00135447317406783	0.975747423929859	0.014078051409397	0.00560568800419603	0.00094940492137187	0.000860714065409025	0.00122542069101948
0.00751116159679806	0.0089042668636966	9.00525210110303e-05	0.957975830139663	0.0196542949663379	0.00241143032602712	0.00327285854451965	9.00525209324822e-05	9.00525210138412e-05
0.00363779703404102	0.00392677368507979	0.000818270668885079	0.970378522880826	0.0102162458685424	0.00746840394991064	0.00224363197404186	9.12592529336187e-05	0.00121909468573951
9.39907838223067e-05	9.39919922122017e-05	9.39918256804003e-05	0.974010435451301	0.0120388565774149	0.00828831812718846	0.00443903570130149	9.39918257398344e-05	0.00084738771533921
0.00298508892874039	0.00672900682611156	0.000129038766425763	0.963242616847863	0.0144004833078256	0.00750046677471572	0.00383791227339494	0.00104634750844493	0.000129038766478544
0.0119918573574011	0.00293409708706468	0.0160936204173081	0.900120114130017	0.0140583660895083	8.93048926635134e-05	0.0442893623664327	0.00480096488063335	0.00562231277897076
0.000241722517718134	0.0047643550155056	8.90889756361271e-05	0.975089182912211	0.0119292077868888	0.00385646104787816	0.00371919759087747	0.000221695177604464	8.9088975680314e-05
9.19058573268993e-05	0.00538447300766074	0.00209842343788917	0.962011132404397	0.0222141002829146	9.19058573757963e-05	0.00482118950003666	0.00319496379502655	9.19058573730737e-05
9.06214422989894e-05	0.00226543578665258	9.06214423793314e-05	0.982512292173769	0.00856614488716707	0.00343546834156626	0.00243446234208789	9.06214427785518e-05	0.00051433214130064
8.94968605507596e-05	8.94968604353072e-05	0.000200337856126171	0.972463886997231	0.0180990551009971	0.00470361973137067	0.00148742092223759	0.00211545353016843	0.000751232140883249
0.00115797487906138	0.0190251694889052	0.00370547816722993	0.954043315084746	0.0171162926586923	9.05197431561907e-05	0.00419049983311025	0.000580230401918208	9.0519743180594e-05
8.88652903976649e-05	0.00614152773199559	8.88652903440683e-05	0.967443882640114	0.0129146225746911	0.00953220062610069	0.0030129007963188	8.88652903913597e-05	0.000688269759646556
0.0037725935698059	0.00280450154310302	9.30888997383299e-05	0.953953019840589	0.0248507620693837	0.00388029497076286	0.00500544308898863	0.00554720711793839	9.30888996901889e-05
0.000498886936243295	0.0031487179830401	9.23856651190945e-05	0.982161581384594	0.00915077511518081	0.00259317131908421	0.00124249724982259	0.000150941572017567	0.00096104277489803
0.00175098588119672	0.000315046550673854	8.95994535740207e-05	0.983815678508311	0.00886795235721123	0.00283442836214705	0.00039755049901102	0.00127856259953028	0.00065019578834504
0.00055297338839391	0.00663837646662804	0.000560127324869073	0.969221067209575	0.0112543838719567	0.00422383834042281	0.00382073197333178	0.00227792102052481	0.0014505804042983
9.02779927852571e-05	0.00656033170200478	9.02760122126873e-05	0.972849839924862	0.010168930235074	0.0058514927292576	0.00420829937929371	9.02760122614967e-05	9.0276012248836e-05
9.2470707836382e-05	9.24707078369906e-05	0.0420344056416998	0.926302369279979	0.0129413782654001	0.00826676139616463	0.00780493820013302	0.00237273509311767	9.2470707831919e-05
8.68365038667009e-05	0.000361023492794248	0.000799398777235082	0.974937603984331	0.00270418930169289	0.0168487978625086	0.00241771840634457	8.68365037999966e-05	0.00175759516742734
0.00200070307022589	8.97998456981641e-05	0.000621901399002471	0.96556623297463	0.0189405823082088	0.0102261895204794	0.00237499119032613	8.97998457554985e-05	8.97998456734251e-05
9.1860160838198e-05	9.18601608291451e-05	9.18601608241809e-05	0.97188449205373	0.0112149692383454	0.00946564522760801	0.0030592126702072	0.00400824016679533	9.18601608222804e-05
0.00445313660148791	9.3359191529604e-05	0.00202679455397713	0.970744780651775	0.015986963088582	0.00448410752075739	0.00105161551071367	9.33591915862524e-05	0.00106588368959063
0.00179480532178753	0.0113939277712543	9.05072552740217e-05	0.961330627457887	0.0108693006747389	9.05072552822466e-05	0.00506107970667568	9.05072554478485e-05	0.00927873730165209
8.91895421087879e-05	0.00451378706195759	8.91895421394537e-05	0.979442972170841	0.00860879898716365	0.00202685330992364	0.00351299435446615	0.00162702548929644	8.91895421032451e-05
0.00102055437885067	0.0024856549202597	0.00154570653139033	0.970380118383366	0.0152855887430806	0.00150363058102657	0.00489353017141579	0.00275323695628362	0.0001319793343265
0.00102611800029548	0.00237733259405931	8.79666994462422e-05	0.971899747593232	0.0155504997406039	0.00562263302719316	0.0032597689465311	8.79666992167346e-05	8.79666994213701e-05
9.00290237820763e-05	0.0240278690132067	9.00290237587456e-05	0.952611942429332	0.00888954368431888	0.00239834811507425	0.00855404171331488	0.00324816797338159	9.00290238309593e-05
0.000133175926315251	0.000133172982441336	0.0029427371123018	0.956838059117446	0.0253946741229047	0.00352547533773679	0.00139277483514657	0.00701887755228409	0.00262105301342344
8.8864714504605e-05	0.00497869244111936	8.88647144495629e-05	0.974039075143216	0.00965779616392355	0.003838884260402	0.00713009313370265	8.88647142058436e-05	8.88647144760053e-05
9.52005599093066e-05	0.00373505112177821	0.0140380144481539	0.969687423859832	0.0108825872706984	9.52005601016973e-05	0.00127612105983238	9.5200559853983e-05	9.52005598404631e-05
8.98477765067972e-05	0.0211518000872381	8.98477765050442e-05	0.967307890874451	0.00666466647105359	8.98477764587377e-05	0.00319612021325619	0.00132013124800873	8.98477765221855e-05
9.28675549743395e-05	0.00726598692413151	9.28675549975811e-05	0.976731471635726	0.0128725204668946	9.28675550421326e-05	0.000991547817601452	9.28675548848607e-05	0.0017670029357478
0.00107428576663862	0.00287408979838762	8.73025293509234e-05	0.969425060163409	0.0120028833082829	0.00834396305745592	0.00405386158141297	8.73025293951894e-05	0.00205125126566672
0.000496725349774347	0.0169861112971859	8.92740607051827e-05	0.969812089244613	0.00654402414331764	0.00107991783098564	0.00467983967410449	0.000222744338597426	8.92740607161102e-05
9.04547065356868e-05	9.0454706380388e-05	0.000804375573743086	0.966488446721911	0.0169343592681168	0.006640515623366	0.00592075823384046	0.00210606727458671	0.000924567891519384
9.37829887922129e-05	0.000477798142158671	0.00801636079215454	0.973469646432434	0.011836921949092	9.37820687995758e-05	0.00243316917653516	9.37820686062588e-05	0.00348475638142762
8.78347112826926e-05	0.00764659831008358	0.000962239952652482	0.976417348277841	0.00780444542238923	0.00347969628107171	0.00334518807823131	0.000168814255240627	8.78347112070971e-05
0.00134121400784991	0.0100671710699384	0.00084025096849466	0.960381616059326	0.0149042758795644	0.00340500294961939	0.00590113216293878	0.00115143285741358	0.00200790404485451
9.00185952902223e-05	9.00216472726371e-05	9.00185952778284e-05	0.98299074493236	0.0055213404466246	0.00841520090991317	0.000848479671292074	0.000171237855728307	0.00178293734624132
0.000865665186041326	0.00485662619968919	9.0644023471146e-05	0.97426032774414	0.0195641607530042	9.06440232216213e-05	9.0644023507137e-05	9.06440234819287e-05	9.06440234435228e-05
0.00063848784516306	0.00199484108995484	9.08326208983768e-05	0.972356137515232	0.0143186547497562	0.00655841843098802	0.000256550469042285	0.00260656823830957	0.00117950904065579
0.000714077404059443	0.0140869367368353	0.000587431699523375	0.959544693688139	0.0156923022006477	0.00321264100384607	0.00511096574620819	0.000963014119995348	8.79374007457584e-05
0.000562913479266163	0.0180570780894663	0.00390498473851657	0.963126584447312	0.00635633418350896	0.00185294950343197	0.00536362821745195	0.000685759478766891	8.97678622787479e-05
8.92263485490229e-05	0.00287322662274063	0.000834178694414757	0.97479250293914	0.0153438429184134	0.0010942107026628	0.00425380023228814	0.000629785193243398	8.9226348548162e-05
0.00169175294590826	0.00499034625113307	8.94908654493815e-05	0.974210902099817	0.0105388881217951	0.00278330914761352	0.00256682054640172	8.94908654186066e-05	0.00303899915646342
0.0017176838191599	0.00128708763473057	9.07507362632271e-05	0.971847292604757	0.0128937448427158	0.00696069383176839	0.000586926605538398	9.07507364533734e-05	0.00452506918861372
9.397395024553e-05	9.39664717984147e-05	0.0118831079019806	0.962687855495009	0.0071013374317849	9.39714754343767e-05	0.00867170309822407	0.0092801126999001	9.39714756226192e-05
9.44680941951229e-05	0.00573774922723638	0.00245321852235592	0.965590777241803	0.0241539624740604	0.00137336795287733	0.00040752029918085	9.44680941238553e-05	9.44680941671818e-05
0.00100081823096844	0.00930973266398416	8.96347135670161e-05	0.97257075371322	0.009979788645057	0.00233781774814475	0.00453218485770368	8.96347137512374e-05	8.96347136036054e-05
0.00365543235935968	0.00334453786061676	0.000126797490164472	0.9443857238093	0.0340360461646211	0.00778296549814774	0.00414732194373803	0.000126797490377329	0.00239437738367487
9.07975218055543e-05	0.00516873220295644	0.00241336541438745	0.971728106179599	0.0119098693055555	0.00577803123845593	0.00137873903597654	9.07975217880757e-05	0.00144156157947593
0.0011974113673329	9.09196229721311e-05	0.000604089912775039	0.97148004515914	0.0239829480951641	9.09196229313616e-05	0.00237182697384456	9.091962289069e-05	9.09196229490906e-05
9.01122057751987e-05	0.00403092242088118	9.01122057522111e-05	0.97861570962319	0.00966197423648401	0.000137907416184877	0.0011838835824249	0.00451665953642487	0.00167271877288285
0.00172000758444626	0.00459637975473716	9.45753078986287e-05	0.973318745417669	0.0153065157273304	0.00417597593530077	0.000598649656987747	9.45753078101128e-05	9.45753078196566e-05
0.00381323964340401	0.000131959918499748	0.0214633926038674	0.944489060752018	0.0151156960409764	0.0074114773575926	0.00103135907845035	0.0051520570265336	0.00139175757865822
0.000457750678484779	0.00909502707397297	0.0012515266552382	0.964741867854039	0.0174132471493972	9.02511528225911e-05	0.00676982713089797	9.02511523173283e-05	9.02511528298353e-05
0.00013168865300317	0.0103219535697169	0.00053099477830383	0.963596223464604	0.0103170214300379	0.00659371630976953	0.00414547095075619	0.00113651611723567	0.00322641472657231
0.00184646407622373	9.27909648924589e-05	9.27909649130083e-05	0.965121029375385	0.0119023185639439	0.0121046377470487	0.00528342258091724	0.00205306477464906	0.00150348095202658
9.24700937495877e-05	0.00360764986711611	0.00211041262866133	0.964030078971391	0.026581640848925	9.24779553572411e-05	0.0016943873086595	0.000400368943976576	0.00139051338216363
9.00558148093901e-05	9.0055814970606e-05	9.00558148251442e-05	0.969487962275294	0.0125833160592364	0.0123245990055853	0.0041070145818861	0.00113688481837371	9.00558150192691e-05
0.00150772429761175	0.0116940567674006	8.81088120377831e-05	0.958013047112341	0.00975969590736263	0.0101222117567691	0.00461188405038699	0.00310600871268487	0.00109726258340542
9.54382083161609e-05	9.54546084581692e-05	0.00808673059794645	0.978258546516209	0.00542444924416081	0.00171772403769622	0.00151101161568231	0.00471520696326219	9.54382082688378e-05
0.000227470980442675	0.000775628048325858	0.000861159221620095	0.971989764130939	0.0156117145344726	0.000134791031710637	0.00210791032210463	0.000573727003566261	0.00771783472681783
0.00276296955504039	0.00755458207473559	0.000546194679162963	0.97512006968416	0.0108830338966212	0.00148219488323635	0.00140049861276331	0.000125228307042571	0.000125228307237451
9.13917501653433e-05	0.00360118751634792	0.000363933038335548	0.960227794580491	0.0311939547505651	0.00310189091288171	0.000930134444327389	9.13917502934354e-05	0.000398321256592231
0.00408870569653615	0.00452952172295277	8.80648026305471e-05	0.963612897520099	0.0207214184275775	8.80648026410278e-05	0.00503911124715438	8.80648024809407e-05	0.00174415097792721
0.00124230952714137	9.39338157043345e-05	0.000206674168505606	0.970617016810492	0.0207022232793311	9.39334772884529e-05	0.0030872275279602	0.00354426659013734	0.000412414803439175
0.00383010731450643	0.00917554991590314	0.0167275258271859	0.913129338254401	0.0148494906753497	0.000129991001669287	0.0260205912270055	0.0160074147820883	0.000129991001890867
0.00230886733006843	0.00541868344653749	0.000412256628987908	0.957514208413486	0.017173921858469	0.0116983052216705	0.00529629636792695	8.87303664194073e-05	8.8730366434002e-05
0.000731170270030756	9.28629807063831e-05	0.000781627750450081	0.988619092751667	0.0071551459036177	0.000270026745220058	0.002164347636912	9.28629806244117e-05	9.28629807716988e-05
0.00120734930731957	0.000165822649177475	0.000344363086787443	0.978179632340496	0.0073521475194563	0.0108574322428932	0.000694865030549466	8.90156546656708e-05	0.00110937216865469
9.16402847393023e-05	0.00274511965457373	0.00183107116680598	0.978224912488687	0.0101521078932085	0.00195898401596783	0.00481288392648751	9.16402847761049e-05	9.1640284754191e-05
0.00216917760613618	0.00375420037661908	8.91394821053452e-05	0.967391372262252	0.0173447131896029	0.00498340362009615	0.00319088311462908	8.91394821580164e-05	0.000987970866401613
0.00846199265359425	0.00152356885629442	9.08760179597419e-05	0.962259835851302	0.0228142517971183	9.08760179390503e-05	0.00100078094178009	9.08760178311454e-05	0.00366694184618106
0.000629690116325467	0.000605033418386847	9.25827831279239e-05	0.984061779936261	0.0127839615118185	9.25827829581854e-05	0.00154920388477272	9.25827830328801e-05	9.25827833161841e-05
0.00126391214262276	0.00291549714809963	9.06257770805144e-05	0.971735353075757	0.0206488914448108	0.00192717101992765	0.00123729783755837	9.06257770673226e-05	9.06257770760902e-05
9.05602373907632e-05	0.00494211752077865	9.05602374142133e-05	0.972274475669779	0.0185295670498869	9.05602374119084e-05	0.00380103857260901	9.05602373149857e-05	9.05602374141998e-05
0.00695952521099793	0.00147974502785822	0.0489543519523884	0.911247744982485	0.0217179299267713	0.000131191153636588	0.00575663478273843	0.00362168580935585	0.000131191153767999
8.981819994291e-05	0.00636938950892236	8.98181999494224e-05	0.971473595884255	0.0106034800658401	0.00623196094450102	0.00496230079664716	8.98182000222403e-05	8.98181999193586e-05
0.00581903074816148	8.91800545463125e-05	8.9176301589478e-05	0.974683808553687	0.0103318087641145	0.00681244258996354	0.00199620038477214	8.91763015759031e-05	8.9176301590102e-05
0.000726393551908751	0.00254327918316401	9.04628798697626e-05	0.977172039544201	0.0149459863654939	0.00130868810023582	0.000979007021880212	0.000750917642869824	0.00148322571037645
8.92767110875635e-05	0.00129216832527359	8.92755237928239e-05	0.961529563972538	0.0171935300108723	0.0109851942215478	0.00237471380134102	0.00302375149458663	0.00342252593896033
0.00068765068899802	0.000631805739351033	0.000526260625705703	0.969402148979374	0.0157947533060774	0.0122827476871666	0.000487518489301334	9.35572420768273e-05	9.35572419488113e-05
0.00221219025908772	9.30674855813123e-05	9.30619135303012e-05	0.967622616379103	0.0179143126087284	0.0113665220740005	0.00049234288545415	0.000112824480990002	9.30619135246947e-05
0.00279012367940021	0.000762968183897172	8.97289712187672e-05	0.967148847511942	0.0165239422126696	0.00973483769272838	0.00207086605972806	8.97289713240964e-05	0.000788956717091897
9.11770593971695e-05	0.000244744647020908	0.00214700226195325	0.979536723662728	0.00955578296426216	9.11770592381249e-05	0.00442547807854385	0.00335521922901548	0.000552695037841393
9.02738350777111e-05	0.00429273261998419	9.02738351002956e-05	0.952272313020242	0.0145412119152963	0.0128117938988294	0.00619914962887651	9.02738350319115e-05	0.00961197741156147
0.00145801138453247	0.000133840397203791	0.0280502451314689	0.954471502935192	0.00925865457701162	0.00141530116395805	0.00287428580552429	0.00220432659182393	0.000133832013285225
9.48816281663456e-05	9.48758091818084e-05	0.00744362849430229	0.964299838732057	0.00958317349124276	0.00847425133966161	0.0045464994596381	0.00536797371013349	9.48773356163874e-05
8.99853771273566e-05	0.0206442350198286	0.0013325665096253	0.944406412940079	0.0209710271797949	0.00442976155823813	0.0060889383430294	8.99853770784101e-05	0.00194708769519844
9.34207690534474e-05	9.34122382341019e-05	0.000440549814362564	0.983027685097585	0.0112551383683069	0.000923830667150511	0.00111098369413775	9.34190268732017e-05	0.00296156032429687
0.00210197145317939	0.00171935895719616	0.000296916491270815	0.969262056126638	0.015847821376362	0.00596755102892442	0.00121378435714222	0.000877970630754006	0.00271256957853293
0.0008888265818788	8.9978932369654e-05	8.99789323414598e-05	0.987106995389838	0.00545059149634896	0.00302587208353354	8.99789322931866e-05	0.00150784713299007	0.0017499305184063
0.00296552093313618	0.00760324384525989	9.03748114780461e-05	0.971555796568381	0.00958031689135895	0.0035236322739876	0.00450036505342985	9.03748115105049e-05	9.03748114582396e-05
0.000250376468505879	9.09856450141728e-05	0.00163291925663289	0.974049673571011	0.0124995073363694	0.0045521300819142	0.00404105279395731	9.09856450644501e-05	0.00279236920153028
0.000865302659558822	0.00127131517069926	8.91220666250457e-05	0.95778271795776	0.0197424464039631	0.00956770270310347	0.00953938144680499	0.00030135515297164	0.00084065643851309
8.92152042715931e-05	0.00535306349164377	0.000630146715856505	0.971129528134954	0.0190744616834049	8.92152043025157e-05	0.00328096179865744	0.000264192562623696	8.92152042859558e-05
9.20362976387641e-05	9.20362975400736e-05	0.00761516025303791	0.954148982298771	0.020416305530972	0.00219568808342252	0.0063555870931008	9.20362975873993e-05	0.0089921678479291
0.00281674830687762	8.99103374581531e-05	0.0028595586554333	0.985380064561426	0.00555149799613424	0.0017663940900737	0.00135585351452801	8.99862690693491e-05	8.99862689996624e-05
0.000985994774210037	9.17869337587008e-05	0.0225626151269844	0.926898977986802	0.0147569533545696	9.17882711816126e-05	0.00757058809583986	0.0150495054437876	0.0119917900128661
8.97307001698905e-05	0.00395108548846864	8.97307001749202e-05	0.966011325312205	0.0182410180175918	8.97306999671513e-05	0.00426672424477635	0.00369566416502603	0.00356499067161976
8.75262840137135e-05	0.00106428794963261	0.00121356118268895	0.973435955114659	0.00872335397910323	0.00513982543765456	0.00821131833669663	8.75262839847988e-05	0.00203664543156657
0.00232443768783357	0.00155491213847901	0.00266511944705847	0.964251933978016	0.0176968386138392	0.0048459324203826	0.00176047919333886	0.00145655288877167	0.00344379363228043
8.99864540062138e-05	0.00048521182197138	8.99864540749233e-05	0.975206723649542	0.0114244249464439	0.00527805774682308	0.00310603822161672	0.00328791422964332	0.0010316564758782
0.00840750653304318	0.00535441567026742	0.0339321882681801	0.903883321536113	0.0153710383132048	0.000128600714858399	0.0162090642444965	0.0152449326750266	0.00146893204481029
8.92919355657539e-05	0.00302613828702423	8.92919355317527e-05	0.98023297174887	0.010672703177635	0.00184391162249161	0.000741313361362816	0.00188926188330053	0.00141511604821786
0.000860747413974588	9.22660397782055e-05	0.000429305361204374	0.959348521927544	0.0177009035826112	0.0117781396963519	0.00246886213940573	0.00722898779930505	9.22660398249e-05
0.000782666841885366	0.00272885551342074	8.91368675752301e-05	0.970484064244811	0.00930523281785831	0.0140123482369953	0.00241942174243512	8.91368674477053e-05	8.91368675710457e-05
0.00090670555646925	0.00200864273758191	8.73370169904241e-05	0.96484964980419	0.0116247364756555	0.0130282710566844	0.00274475347565479	8.73370167612611e-05	0.00466256686001293
