Basophils	Bcells	CapsularFibroblasts	cDC1s	cDC2s	CentralVeinEndothelialcells	Cholangiocytes	Fibroblasts	Hepatocytes	HsPCs	ILC1s	Kupffercells	LSECs	LymphaticEndothelialcells	Mesothelialcells	MigcDCs	MonocytesMonocytederivedcells	Neutrophils	NKcells	pDCs	PortalVeinEndothelialcells	Stellatecells	Tcells
7.38137637893515e-05	0.0106492671055935	0.000102145855198179	0.00137617722848736	0.0111802315583622	0.000604817121010162	0.070538674704805	3.25757862872278e-05	0.803582565445479	0.00303061798554267	0.00769951176525618	0.0412446361254996	0.00567192905058198	8.58649030007751e-05	3.13237170171405e-05	0.00029343267961841	0.00132785397940345	0.00702497158305766	0.000480125306593297	0.00084055947498517	0.0263029472678697	0.00742723220304854	0.000398725389512828
3.22533475229099e-05	0.000167782490161096	0.000336934517594546	0.00780644705208992	0.00017698728821692	0.0294545339648366	0.0689964449803017	0.00116415329648757	0.842601781283436	0.000232529427893214	0.000596348884467044	0.0155019211386897	0.00124467677203063	0.00028700807244593	0.00133254708821676	0.00149762567596387	0.00146444917280578	0.000213600389396036	0.00020290791869793	0.0148321923124431	0.00080411553341681	0.0104683596563323	0.000584399736553853
5.43382461440391e-05	0.00094270206019247	6.90828355427895e-05	0.0115910182533711	0.000422026092649	0.0165481759564468	0.060485890465992	2.91188394031282e-05	0.788564869261146	2.5095410819006e-05	0.000365794619150752	0.0405799005731116	0.0267594412288723	7.08021768633123e-05	7.58769203736967e-05	0.00224474300787441	0.00435193427526623	0.000345446660160381	0.000263236412364068	4.82127061707254e-05	0.000145970055551355	0.0192336529047018	0.0267826710378332
7.17873962287636e-05	7.68198156985807e-05	2.05609674873066e-05	0.0019108891120885	0.0115371481131101	0.0217940401473368	0.0525740484161311	0.00118978637931635	0.802660484117877	0.00366556682188512	0.00229255900442545	0.0265318042939392	0.0112462414594419	0.000112053343868691	8.48476815178862e-05	0.000595556528282434	0.00612827547323395	0.00226631453326878	0.00198615017473061	7.33118946656801e-05	0.000697641096068277	0.0275110428068152	0.024973070422582
4.03777176017981e-05	0.000176289905741239	0.000158756591410464	0.014503479467598	0.00276611549926961	0.0006843226034134	0.0628862644124407	3.87844372325213e-05	0.832043256707318	0.000103461455957186	0.00245797275090573	0.0275167911767525	0.0376935962962588	1.85833077042418e-05	0.00026505264444291	0.000187734836974676	0.00191985547159245	0.000143235275074952	0.000618335520065509	0.00030731335107213	0.00107579872118718	0.0132644913530338	0.00113013049695194
9.63084632479996e-06	3.09460746114574e-05	5.55248578299439e-05	0.00374435544215922	0.000330094334297427	0.000497198889241836	0.114437640009093	0.0308841130240474	0.718240960645724	0.00299844709964715	0.000471879593856311	0.041878429403395	0.0110589462686932	4.99822964521737e-05	0.000329458432065232	0.000905519287210962	0.000347588610903002	0.0426361272274698	8.35667283585785e-05	0.000157957692891612	0.0233525662299069	0.0074484156455809	5.06513602401289e-05
0.000207902167687321	0.00810161287216269	7.71791861666683e-05	0.00144621404686719	0.000397297106468374	0.000809931163161723	0.0631245277087704	1.76213405758639e-05	0.786054317714598	2.21036361642043e-05	0.0241016900555793	0.0335856631218877	0.0294130233067785	3.28604630622682e-05	0.000848178284212957	0.0110308983867158	0.0091627576451134	0.00106170263592253	0.000291041998478625	0.00495992942203796	0.00887826931028864	0.0162067041992438	0.000168574228055829
0.000216473861992636	0.00720184824674913	4.65701490037997e-05	0.00966926162161673	0.00188187975560706	0.0229984767703002	0.0563017074911447	0.00162668049929864	0.815237351195914	0.000123252057810188	0.000228594340270127	0.0365700914790428	0.0101905798560601	3.00595293997104e-05	9.62512436939783e-05	0.00311359028382489	0.00504928395984512	0.0031443421501801	0.000362933475233999	8.40525184125777e-05	0.000896518362774523	0.0239955391521873	0.000934661999637327
0.000136033870672285	0.00428018266838748	0.000255294967103057	0.0111809774306881	0.00633156557374172	0.0137992664952145	0.0496094144302301	0.000101321754392697	0.835269484753409	7.62853124312986e-05	0.000298839984882214	0.0247434119249311	0.0113614713205715	0.000970195594543308	0.000634938798214345	6.54716314302704e-05	0.00465551643625142	0.00172898037873151	0.00209756207173982	0.00241750166538563	0.000950857215501616	0.01259694543253	0.0164384802890168
0.000134761316856415	0.00017864225189672	0.000975561825045611	0.00897461318323468	0.000862639737849308	0.00542600895328785	0.0629959275611731	7.47769848563627e-05	0.8326414335482	0.000134626349567092	0.00046114757758198	0.0206499107140207	0.0286046398734616	2.08864642446888e-05	0.000141096734141704	0.000132558151871286	0.00332328461580112	0.000118302216524697	0.000157873911914548	0.000138908014366821	0.00171028881878835	0.0116310010790728	0.020511110116243
9.28312941359788e-05	0.000115879042512888	0.000447051658343275	0.00392718425576716	0.00291712199480563	0.000378432665221051	0.0690217238646667	0.00010778495455131	0.834486252418343	0.00048012430190862	0.000201502396445309	0.0271549649376224	0.00992539289005802	1.61057477508165e-05	0.000344836787087244	0.000129960100442809	0.0096179180266147	0.000137153964896531	0.00459357645268417	0.000172698706081004	0.014898855228569	0.0205234383337716	0.000309209977720848
3.81590719021307e-05	0.000656300644932408	0.000184655206691358	0.00963934715170752	0.000805992165592826	0.0159463632482027	0.0550344419924948	0.00101303389835428	0.856344852572881	4.08809992421826e-05	0.00124119769479879	0.0249318684915463	0.0233503185353408	6.11345718995583e-05	0.000344280555288694	0.000448151587341185	0.00463254607045194	0.000399858404432844	0.000506104723354536	0.000217910846097583	0.000828831229419728	0.00160077007353282	0.00173300026449445
0.000570088007491709	0.000418176468185641	0.000257978916867151	0.00785227450402466	0.0026594347946227	0.054556200588677	0.0544719103033892	0.00351163060119641	0.819191390857814	0.000274315125576001	0.000199594117416627	0.0180581396979907	0.00169350361785945	0.000129339346690618	5.02173226390875e-05	0.000439407425376556	0.00786013819166507	0.000343835317922761	0.00101601790534302	0.00222233636471126	0.000327939672367988	0.0218483437877376	0.00204778706443577
0.000113393344371834	8.15517087951262e-05	4.26444423039954e-05	0.00295829690803396	0.000797244809306555	0.000380429248035416	0.075147628646867	1.17683400090671e-05	0.841178295536685	5.58291222343357e-05	0.000466560536778251	0.0192480084237343	0.0231121787544523	0.000655515895428654	0.00481061400673688	0.000490877271303886	0.000686666745432221	9.96912878031856e-05	0.000423871875673043	0.00966102330857604	0.0128734983617935	0.00645289660831288	0.000251514817333165
0.000685431645469489	0.000212223684507702	2.93032975464715e-05	0.00155835071107218	0.00178865979273225	0.000592202121961972	0.0545545867494296	4.43655165433371e-05	0.784143772177784	0.000255739186531637	0.0327008918742652	0.0411766518842077	0.00357984147397865	0.000193675155702532	3.9172560494559e-05	0.000190499376551626	0.00817636780688335	0.00047144742367705	0.000122081946218918	0.0061267205914601	0.0284566356990367	0.0347818954447738	0.000119483879171383
1.15259740043739e-05	0.00292315193809806	0.00036623597687485	0.00118635650439538	0.0115173636819652	0.0355171577604989	0.0570744304547668	2.24717225839266e-05	0.839234706811445	5.00656987483927e-05	0.000486083682413022	0.0251537280437287	0.00621690130391297	3.7675564070916e-05	0.000158285536119577	0.000625891706776445	0.000567413423799851	0.00131261725649471	0.000191046878014538	0.00907643972791548	0.00131293562723162	0.00614229985891367	0.000815214867227291
2.09886140690776e-05	0.00150125880581456	5.37524111159546e-05	0.0134143333525218	0.000445822447263812	0.0196729625204465	0.0626652002178731	0.00187228173691936	0.833020599408027	0.00010201989942276	0.000748701596263457	0.026449774995589	0.00705408582096142	1.40762777682573e-05	0.000133334750204521	9.39404885270843e-05	0.00588124814646484	8.82335839975893e-05	0.00734947037598856	0.00225084777559304	0.000849626292877101	0.0110625405242606	0.00525489995803067
0.00943430813569047	0.000173294936254476	8.45045752472444e-05	0.00924819765651542	0.00122184103150069	0.00400191829329501	0.0582772091010175	0.000306448962984305	0.822981443928226	0.000171810567792767	0.000872093233784893	0.0204377157037532	0.0270403469099739	4.22249615175687e-05	0.000252302723767975	6.31256705416056e-05	0.00479910383023707	0.00011563372658299	0.00418077186819591	0.000192708368817732	0.00018038438681148	0.0324538686768813	0.00346874275061076
0.000119459006300395	0.000559078554618125	7.60857334149503e-05	0.00327991432091597	0.0112919982586681	0.00581716083056471	0.0580882651068388	0.000114890930718361	0.831525435831277	0.000159151029560627	0.00112679065718696	0.0296976440079821	0.00849313170824569	0.000385365592161579	6.24714952784766e-05	0.00120202421712409	0.00965578128522642	0.000346902425476577	0.00109796265994929	0.000961564360190201	0.0151178105707498	0.0189127291554312	0.00190838226212044
0.000149279996282904	6.55189071198993e-05	0.000110782114818372	0.00290477274033645	8.39814305509491e-05	0.00740352609237521	0.0518949601112834	1.21466031390337e-05	0.824534980950087	0.000269668363946215	0.0126607047062958	0.0535632657857434	0.0233359815293548	3.8234885186447e-05	7.25918985498002e-05	5.20196689609211e-05	0.000773362400200823	0.00355199406678067	0.000695066388357225	0.00118660924542944	0.00654140237680068	0.00995794321154093	0.000141206526859317
8.65559318455067e-05	0.00144915878342134	1.751504052388e-05	0.00417007534717999	0.00755994490983847	0.00212500749511184	0.0555198875171854	2.62774140087783e-05	0.820925090710684	0.000754177407333354	0.00117205027535306	0.0398960111124904	0.0196495219581484	4.05412456687566e-05	5.11297089693952e-05	0.000248206962880366	0.00250426360048586	0.00405819333334272	0.00180318030608324	0.00566286142841142	0.000450485808622223	0.0132749390015233	0.0185549247008884
0.000201848989123741	0.00616756388600486	1.64194418495143e-05	0.0135175841090295	0.000960221189123356	0.000296062191638064	0.0587046986703082	3.60341057083482e-05	0.804895691278238	2.68423260653462e-05	0.00559244735412215	0.0279721060929051	0.0361849123581523	3.07449607026638e-05	1.16459391366734e-05	3.73568247071711e-05	0.000810802944270832	0.00639215999966609	0.000488002555998246	0.000125359412011035	0.012548217531485	0.00511107439946885	0.0198722034402849
1.39626544005197e-05	0.00693775346094122	8.64215253787838e-05	0.00540967815098991	0.000696040264778858	0.000930454210310061	0.0804316473822748	2.31309884274846e-05	0.837405306341565	3.19872448680273e-05	0.0225064254861459	0.00985469641938056	0.00986617953056409	0.00115603471483042	9.46930905432284e-05	0.000863332506254035	9.7954202800667e-05	5.50657720580587e-05	0.00033613407908013	0.000111163642979917	0.0154461531996264	0.00692343660470542	0.000722348527096523
0.000567065593554258	0.00870227342260407	0.000116743564047145	0.00508340837550933	0.000514561010187837	0.011911424703356	0.0631348171377218	0.00498313030272845	0.803575820185451	0.000118184803874072	0.00503709136129589	0.0354093462965197	0.0267821153309448	6.61674731941768e-05	6.88909327772633e-05	0.00445750015486075	0.000217132887226114	0.00466049341772183	0.00115181018917938	0.0080006167888661	0.00119687488568986	0.0138998911169377	0.00034464006575298
0.000103105964635308	0.000759645244878869	4.5827052881674e-05	0.00180770134053045	0.00315046678314076	0.00095710248883731	0.0637331868526737	8.63334505243298e-05	0.825504188928939	2.96078082860395e-05	0.00405429964795578	0.0272362550497344	0.0215601790751655	2.85709487645715e-05	0.00865912704353869	0.000128534862574237	0.00226682448177038	0.00880350286430005	0.00206390383789257	0.000906036830266061	0.0169812360452928	0.0103943057886904	0.000740057608727252
0.000264823868619624	0.000397627178065776	0.000203492041669216	0.00346224014076846	0.000128892127496354	0.000412166951907271	0.0588745888824191	0.00104805284187704	0.836668452401729	0.00257154892402166	0.00262567529205573	0.0290157755988817	0.00813552874382049	0.00105711616497878	0.000281087567655153	0.000347771163167672	0.0118786728483472	0.000232792423778649	0.000638707618768997	0.00155083277552169	0.0271973287938204	0.0128744263009183	0.00013239934971174
2.09672103177606e-05	0.00229370665589238	5.42381110598158e-05	0.0125315242389098	0.00077026654575732	0.0289873114671644	0.061807934795402	0.00290981232529177	0.833443658793873	7.39975823870431e-06	9.69125610581516e-05	0.0167639826183565	0.0197888799270993	3.84871995894785e-05	0.00111762314488127	0.000659788186209401	0.00222579213321785	6.85110687222498e-05	0.000104834307944921	0.000339805529455015	0.000243205389453329	0.00886394936804589	0.00686140866405979
1.97837870736769e-05	0.00128079373300368	4.2725674798643e-05	0.0129239691139946	0.00323577713518316	0.021275362043599	0.0591739340015959	0.000287804125788725	0.852775176583939	1.21351382858027e-05	9.78126411749601e-05	0.0212650125574776	0.00670890908412016	0.00203912133025005	4.84561626141122e-05	0.000732248585088727	0.000124503909453111	0.00093482017626232	0.000193058229418938	0.000819027985416174	0.000523389482550103	0.00772122044416759	0.00776495807474348
0.000182488135918524	0.000400175184084748	2.15360773359423e-05	0.00119320690487057	0.0149331273819927	0.00570141414838719	0.0651372040264935	0.000246735179100629	0.834806938024178	6.75312050811677e-05	0.000260691936004808	0.0312013948574192	0.0284416347733223	1.31497823744987e-05	8.86395679724349e-05	8.38031355413369e-05	0.00266615655045701	0.00392127908903183	0.000264198660235257	0.0023442526815595	0.000507829835913208	0.00717142362110616	0.000345189241620037
0.000190093040871096	0.00144832038042822	4.63803062857077e-05	0.0147818738892244	0.000173335264648973	0.0196043001870837	0.0651137173558716	0.00203855418535293	0.850817668571045	4.91017236183727e-05	0.000205491554478098	0.0221744766644131	0.00275322662061194	3.55306448266039e-05	2.96851205517826e-05	6.07597883221408e-05	0.00162263208011066	0.000229981084653265	0.000338915782093765	0.000301951383632959	0.00715936076704915	0.0102515814393305	0.000573062165496063
3.61389770757679e-05	0.000115680347262049	1.66920727537386e-05	0.00632378145334708	0.0132309585366277	0.00120628334265562	0.0615638219010267	5.88402968924687e-06	0.836311831304317	0.000146583540017452	0.000543615524352344	0.0264814929690547	0.0454728529828926	0.000104257765907764	0.000391455549865634	0.00051432270800243	0.000481536248111655	0.000200741300232325	7.75403002856211e-05	0.000156097734365236	0.000294263501691978	0.00560389306993713	0.000720274840528286
0.000139116868858878	0.000324320866965003	4.68934157789029e-05	0.0101413977518436	0.000162981361959746	0.000778589994728279	0.0585237363929529	0.000217070315783618	0.807129626827953	0.000297150689425251	0.0408333782027398	0.018066210820113	0.0237755304599367	0.000702220518863147	4.74621269927563e-05	0.000594865882991867	0.00585240169169454	0.000242367646068339	0.000251723284997031	0.000198517993822969	0.00464308704973003	0.0193180223608596	0.0077133274749418
7.79742955983761e-05	0.00034083583112699	1.72589065775883e-05	0.00162718456716182	0.000523931073118842	0.000480161542299786	0.0575747907892974	0.00310090132177195	0.836416409928308	0.000123179729005055	0.00823941318299638	0.0207447732272382	0.0410180438859572	6.54529718361524e-05	2.65853111485575e-05	0.00438324787745559	0.000923630326925122	0.00190211480671619	0.000689162485431487	0.0061099134853366	0.00107373060613956	0.0133749788293401	0.0011663250192128
0.000162307435242514	0.00231883537337713	6.20812167160979e-05	0.00812910157066639	0.000144142885100865	0.000499248524705225	0.0629069057284631	0.0181463554514233	0.830152069686348	0.00137422044609632	0.0027361559734517	0.0173820076254487	0.0251711019269123	0.0123712489383406	0.00357666638114207	0.00288200544825212	0.00123529440849269	0.00112957529820435	0.00144727469989926	0.00327285860951946	0.00347557467817213	0.00109547343265558	0.00032949426137032
1.39124996540158e-05	9.78689961688011e-05	0.000328611229315078	0.00225790657192993	0.000411874639442569	0.00405105354462984	0.0422276358791085	3.85627076587501e-05	0.75558225263155	3.2569706247962e-05	0.0285145705772524	0.040124778591468	0.0383054977026946	2.84993530951851e-05	0.00105639127654073	0.00849323358099456	0.00895458013153222	0.0330835577713671	0.00054881510630245	0.00973137163787573	0.00144986693947994	0.0102721791152502	0.0143944098104411
2.95969396021445e-05	0.000117329199143048	4.98247007331908e-05	0.00932321591246038	0.00205369147738293	0.00722666722500442	0.0645506953676167	3.77192038347509e-05	0.816134897123186	0.000293769343390014	0.00727258422070263	0.0367698514364959	0.0252401892948226	4.3974683425688e-05	0.000183310241809929	0.000217761320406706	0.00119847185497833	0.00625266416273962	0.00349311549028301	0.00253212329471508	0.00730940927918204	0.00813766086098627	0.0015314773670986
3.31358583934491e-05	0.00282237195900824	0.000198865459506471	0.00940448408003611	0.00452044511160936	0.0073167210652183	0.0600872933591571	0.000244855402227087	0.847496187455143	4.00563653957859e-05	0.000143932720761471	0.025252889933661	0.0205037313040592	3.27120822621965e-05	0.000219822973138084	0.00417073748528688	0.00336007996248943	0.000426512755073582	0.000122175090554328	0.000566937218806604	0.00590973508590595	0.00438346796172953	0.00274284931057724
0.00529324243617236	0.00768869744827407	2.64850460161082e-05	0.0086902677903993	0.000395639495396405	0.00956535215256612	0.0608097713171589	2.1464664515206e-05	0.849513521117585	2.10016450603509e-05	0.000263309408989695	0.0208412398288922	0.0226026009823343	9.0860659492742e-06	3.24451950804347e-05	0.0012742953948772	0.000629767728060525	0.000146797087762076	0.000329488121793608	0.0044963970755675	0.000776189506499537	0.00606412816416919	0.000508812326880668
0.00129468131402851	0.000516394078020853	1.21525657911225e-05	0.00933582968748524	0.00402641094640425	0.00784961358302669	0.0631913047627226	0.00105465311365667	0.834680255872481	3.88416803371091e-05	0.00148325885491884	0.022581630451381	0.0316114758578688	3.29596619265988e-05	1.20638294118655e-05	6.00438623992167e-05	0.00131291123457148	0.000337069370668426	0.00316969622176259	0.00270207413772972	0.000735727140529726	0.0129524261066316	0.00100852566624584
6.92193792917742e-05	0.0282606268596221	2.41091105915612e-05	0.00991570614835773	0.00074715861936303	0.00343197625458676	0.0619931222909572	4.79580426231027e-05	0.803590135180731	9.70523609218908e-05	0.000605805459625903	0.0256799902443723	0.0262723392337958	4.10127467523047e-05	0.00188566586248685	0.00153679942228576	0.00363756117124454	0.00119296528270942	0.00099040374903154	6.17793332372269e-05	0.000378755235365735	0.0180219753482104	0.0115178826638362
0.000730426842273652	0.0123215773350677	0.000226792159617466	0.00159831240640104	0.0124972266177085	0.00178328348368208	0.0479167317442846	9.10021376173635e-05	0.844315172108939	2.61127054900276e-05	0.000135262519544881	0.0421225408601704	0.0202284790542298	6.87641545197774e-05	0.000403150746133057	0.000304837912121372	0.00127466649781818	0.000357518324897079	0.00014873811871377	0.000683538403613323	0.00162736775764797	0.00976948461290614	0.00136901349660279
3.70518608996503e-05	0.00265887738913679	0.000177463534123385	0.00769569595855188	0.000358642080778369	0.000848418469515898	0.060607531272847	3.2546472926578e-05	0.827416676539645	0.000222847720688284	0.000294242888168549	0.0307961488399583	0.0265221472441981	1.26131409499475e-05	0.000287524535463627	0.00685286156222903	0.00115032859874733	9.5076946194189e-05	0.000154919665896838	0.00227288887025507	0.00114061899964772	0.0165040562993863	0.0138608211097918
0.0148653244641295	0.000632868009061614	0.00166398552969198	0.00295400800159271	0.00016041779015468	0.000415510733287635	0.0719650362641306	0.00562591112106183	0.819962394544827	0.000199858714771742	0.000195176189391536	0.0314977313811585	0.0162679101451183	0.00137627548788298	0.000176628495717885	0.000561016542838805	0.00581611464384655	0.000486901401944135	0.0001287923509202	0.000152432713802612	0.0211032707812775	0.00370163691132153	9.07977820705352e-05
1.4487283707219e-05	0.000135622471250079	8.99732981381419e-05	0.000577608048162806	0.0417356587200588	0.0115158845815426	0.0634888889375297	1.76602003194218e-05	0.839458022197149	5.43969607294812e-05	0.000196250213364038	0.0287906082015835	0.00695508124328568	3.64282357432723e-05	0.00060712880337936	0.000166380976567344	6.52973207500717e-05	0.000119803761537853	0.000940755186198457	0.000113778701061496	0.000274618000005516	0.0040837468742204	0.000561919783715555
3.39784643401523e-05	0.012696306449307	8.29441082914489e-05	0.000778251764402153	0.000436965390414973	0.0250604022475251	0.056719862709985	0.000244321846055299	0.828831055178512	0.000114802626312207	0.0160419971246738	0.0198506985741473	0.0108119527005407	4.5942299945374e-05	0.000352239011756127	0.00799019604641357	0.00109954462794664	0.0022150031613189	0.000223643034893773	0.00144786777260496	0.00235180733991674	0.0122182760813296	0.000351941439366659
1.02016580370554e-05	0.000188690448367217	1.44831314858957e-05	0.0128047345446746	0.000214707735999942	0.0214735411929234	0.0541705071593726	0.00402649100425856	0.816337957347953	1.03060391396414e-05	0.000301887183321072	0.0252650070193589	0.0118537940523087	2.54004631760607e-05	1.71158599538726e-05	0.000136411561377903	0.0049911715414723	0.00964132117122909	0.00186020954992334	0.00157168613157821	0.0134335098194441	0.0212132898922753	0.000437575492369343
0.00325744110649013	0.000219585019279829	3.17452734192742e-05	0.00290012185155565	0.00278470955849853	0.0159931571974716	0.0653825582165845	0.00445769474234571	0.813744720939814	7.3704503240725e-05	0.000467464868876949	0.0167451261248682	0.00777602515159626	0.000115962480979157	0.000824943423847415	0.00469772786994525	0.000892979464060492	0.00862090252689264	0.000330070000495918	0.00022507457761483	0.0378317905307988	0.0123224637745454	0.000304030796778762
0.000358859105246129	0.000217953457735308	0.000217408531441152	0.00489044642904153	0.00032295736293067	0.0332714933125918	0.0720497872283444	0.00388696497336446	0.8285083938145	0.000393213125813005	0.00338510326212032	0.0143557691941704	0.00337219070042383	2.92668337863115e-05	8.35135197300196e-05	6.96966548856844e-05	7.41152769485727e-05	0.00571931421546618	0.00550050479192358	0.0028928646497994	0.0064248200193518	0.0112404647082342	0.00273489883215147
5.46363060738882e-05	0.00714125023278909	4.8076126285466e-05	0.00179300840822446	0.000138680657975478	0.0285704059434655	0.05873171950943	0.00729073789985146	0.832364316980243	0.00156948598066279	0.000273384931696428	0.0253848612116536	0.00314064427123721	0.000195130789134598	3.40213883768475e-05	0.00287571021004261	0.00613167770971478	0.00308684376887564	0.00035121947011572	0.00335550240500678	0.00269109782492486	0.0134791828711922	0.00129840510302749
0.00194213273476592	0.000310512260880802	2.90385594174202e-05	0.00670976782479511	0.00397478141208163	0.0137565211068895	0.0518078433859668	0.00202622503602896	0.82096979934537	0.000140275564622687	0.000621208419694753	0.0215111356517997	0.0206072272665619	0.000110640445057686	2.98216950969495e-05	0.00530084123254826	0.000635337816789815	0.00168309108202161	0.00234302397010977	0.000296961639977934	0.0036392214873827	0.0171905141671697	0.0243640778949709
1.86059429833273e-05	0.000965868521833054	3.78018347390079e-05	0.00548500339614986	0.0137329451090056	0.0272278266660497	0.068268812135473	0.000927203112170931	0.818917029557067	4.11335527476719e-05	0.000301623568648342	0.0351352523486778	0.00420690227911965	5.18734735214024e-05	4.09814095150823e-05	0.00344209529347304	0.000716218808682502	0.000194704857957141	0.000337921933577129	0.000604552410788065	0.000766507672778349	0.0120739224191066	0.00650521369593578
0.000107129357031136	0.00081220564630697	0.000208534652508202	0.00927196692236923	0.0170739607768586	0.0253796637426111	0.0538794041926759	4.45809468817307e-05	0.844830452680895	9.33538461567538e-05	0.000123852401896244	0.0151719174193367	0.00799844108802354	0.000199417738055655	0.000679528100506827	0.000191212387857554	0.00101073553957979	0.000113029034226694	0.000304720212834963	0.000151487955818216	0.000901687057907222	0.0102715696739079	0.0111811486257546
0.000105223446360974	0.000584599421579659	0.00124738436175383	0.0128007438297718	0.000306946396765088	0.0424902598860915	0.0592414019249349	0.000700012403297237	0.806232498296499	0.000316488524809775	0.000402963193202436	0.03824503090501	0.00507196899140885	0.00167577739174076	6.35321492192134e-05	0.000205027106574742	0.00613279610737867	0.0120814298452491	0.000859204905228264	0.000325229255118951	0.000272203730404663	0.0101141930292405	0.000525084898360043
9.29749348501753e-05	0.00369095885783237	2.84616430229648e-05	0.00742307986129247	0.000750739001063465	0.0454009381169637	0.0648315469055428	0.00744847441926032	0.835200736549457	0.000786811686408763	0.00154369959554011	0.0141253154189345	0.000642475853866522	0.00376014400345071	0.000451164128432227	0.00218013038314987	0.000379393283113952	0.00094037963203417	0.00030152136614919	0.000314330538619128	0.000279446901400301	0.00868078453491183	0.000746492384703994
0.000135339042541411	0.000138556918057979	1.88383362263393e-05	0.00165388835491912	0.0142074118513369	0.00606087387956934	0.0607352660599804	2.72396953585141e-05	0.829627699867218	7.5113461398993e-05	0.000431942962567929	0.0312183681285606	0.0250072167166224	1.87735935153228e-05	0.000352123622327132	0.00525256605233556	6.51408814172388e-05	0.000303402103312169	0.00180578664871855	0.000827102789112707	0.000224466209486331	0.00579587019203605	0.0160170126333812
0.00443467396883778	0.00547411165602018	6.09725705680076e-06	0.00365838581973975	0.000311938930962004	0.000389932332742685	0.0637415562821917	0.000170496753527102	0.830453400720296	3.21037720774353e-05	0.000357626222675904	0.0307039119639799	0.028984448435496	1.27395038246294e-05	1.39884772114672e-05	0.000138382647987072	0.0163908000728342	0.000129272488995103	0.00351264459900695	0.000183449863898879	0.000401475369491201	0.0100217956423649	0.000476767218782535
3.74699179051444e-05	0.000597248233258877	7.98396347300648e-05	0.00573815960253267	0.000500217261751612	0.0293389115034952	0.0615429115206404	0.0137864665775854	0.830066907399316	8.54640441085916e-05	0.000986684391136052	0.0213339476151241	0.00240204276492793	0.00087052271457563	0.000387409150105758	0.00207426225368772	0.00011485048879482	0.0019919285026846	0.0121310520014514	0.000265242081004781	0.000771074947119681	0.012201772734398	0.00269561465966569
0.00204017905801218	0.00010896227635081	3.43642146648638e-05	0.00304386611852141	0.000203469692490642	0.00318377545596453	0.0570145104452096	2.27164477685605e-05	0.835326111297154	0.00467570409741988	0.00298089207706265	0.0285626241354144	0.0132746469781643	8.33624436785358e-05	0.000273655300302108	0.000147879066299934	0.000975712229075861	0.00703901681502659	0.000999133861179958	0.013910496616648	0.013256739399381	0.0126183800675526	0.000223801906658191
4.58108671332172e-05	0.000307036257806336	5.08365038567139e-05	0.00206383067812091	0.00226985733000767	0.00070979162253823	0.0656308014250459	0.000145502203272015	0.831054986313365	3.80225228497816e-05	0.000538795779869155	0.0476701754226042	0.0209024275433777	0.00117614352178635	0.000358592263200149	0.00268499389409566	0.00332541232346048	0.000742571420677462	0.00157003044464443	0.00541633038138614	0.00142893868991549	0.0110879029449375	0.000781209646049218
3.10318739630171e-05	0.00108352131978385	0.000132082840701027	0.00571359149945936	0.0129494305580971	0.0232386555375055	0.0656135095576851	1.59506517665947e-05	0.834371118200082	7.47037305933037e-05	9.28486450172758e-05	0.0254089470319594	0.00799832764816348	0.000436832332299627	2.40719950873257e-05	0.00343024917636482	0.00830161321492441	0.000171708117799931	0.000126174359430825	0.000443872118968618	0.000187298195112824	0.00973140301437196	0.000423058380863117
8.47902355995123e-05	0.000122461771925032	2.36122549890858e-05	0.00148656599951863	0.0154773064799352	0.0201391920579609	0.077500043864065	7.31195313640966e-05	0.826829312017678	1.41141676469167e-05	0.000269338921274213	0.0259986167614947	0.00134551866188173	1.61596780881146e-05	0.000219984816197597	0.000308288899655338	5.2384693785529e-05	0.000559013838729265	0.00632851840298473	0.00213139540482829	8.892829209317e-05	0.017127415348216	0.00380391790008882
3.62174842866459e-05	0.00642922748973298	0.000171346520814258	0.0142606766130689	0.000803923914003441	0.00632192313919621	0.0517563845311275	2.12399779372337e-05	0.826607881088228	0.000119682683094021	0.000243674118208587	0.0219628779742901	0.0329937016952071	5.50795925205499e-05	0.000142902406116512	0.000208075553810092	0.0055934858136556	0.000963260241179293	0.000407681103294117	0.000235884612998967	0.000330645151041144	0.0122344551913382	0.0180997731048506
0.00054952314878199	0.0223492053113302	0.000344704636514526	0.00512648131450465	0.00630037900240663	0.000263772305283946	0.059769267683695	1.36813919100762e-05	0.830768078861246	3.15829164425767e-05	0.000342585705022816	0.0153602862903608	0.0314231748481196	0.00056635712863312	0.00179465604979597	0.000383799508395988	0.000400046981099928	8.91767380586314e-05	9.19865614310702e-05	0.00261963345555791	0.00020052384965522	0.00696073402934138	0.0142503622824122
0.000208741217034888	0.046647196616637	5.58042976566271e-05	0.00281652591528647	0.000539244202334647	0.00124009474016963	0.0450714074289911	5.34149817309321e-05	0.801896534355698	0.000215442249131205	0.000535077260673847	0.0260516554594413	0.0310176068625324	9.4438508139568e-05	0.000350961398729374	0.00115606832912281	0.00197706505276704	0.0031111366392547	0.00516596214632785	0.00213268845484357	0.00265185043222931	0.0142355429297816	0.0127755405214861
0.00107748231612067	0.0080010898828129	0.00254949321893463	0.00627313143133383	0.000426303427819547	0.0425181513738909	0.0670498285680183	0.00177730174754255	0.812215036587866	0.000169951487319494	0.000344985199802705	0.0245228876313862	0.00132768829076262	0.00206692493162173	4.66788663284298e-05	0.00290332529808347	4.75587844985675e-05	0.000946814868713793	0.000210006408852924	0.00466625413924693	0.00431902505410128	0.0163066195208139	0.000233460964128983
3.01860726952984e-05	0.000857150541867525	0.000149350366264441	0.0103771108783931	0.0022045290905493	0.047977205244293	0.0608192154289453	0.00629043843840346	0.816785311288839	2.69047192393906e-05	0.0252028044174689	0.0149021773824041	0.000954589082640367	0.00068507268484383	0.000274860240759926	0.000172603946680692	0.00107581290094899	0.000144424967573555	0.000634909577746969	0.000234103242516934	0.000134274812225183	0.00954875132978718	0.000518213344913644
3.29852947457866e-05	0.00114454602688015	2.40695562855672e-05	0.00501876076964081	0.0190633148246436	0.0122700989186997	0.0544433815695442	8.55905734404929e-06	0.866853615824928	3.611439930038e-05	0.000148049627184729	0.00994316465024949	0.00290238765760247	2.07753137264254e-05	3.3503936939128e-05	2.93584232661694e-05	0.00297209480643505	0.000130490061995549	0.000667670248773038	0.000522083867317358	0.000151306698014749	0.00589459790404398	0.0176890705624396
8.9606051202924e-05	0.0072258630076812	0.000109334440342788	0.00807923132869183	0.000467561551479076	0.0147251448640761	0.0640617237536949	7.64371161131387e-05	0.840058925066298	0.00104265675867907	0.00180573326359364	0.0251619907845893	0.0107714315230299	0.000196981130094586	8.03299382706082e-05	0.00063364491576225	0.00632240572132413	0.00368864915475601	0.00362377418990265	0.000813194568202926	0.00397972615310946	0.00584258984088956	0.0011430648782162
9.17335095091329e-05	0.000389918958033605	4.90611375481481e-05	0.00723983395508443	0.00453551014686392	0.000399011021566603	0.0666702172861641	4.88863881733365e-05	0.845490371290462	2.88840448489138e-05	0.000302017165549245	0.0191793287368084	0.0287913450836106	0.000170802416698706	1.25440573914502e-05	0.00173425548981454	0.000563993947169448	0.0015590959486151	0.000306087090046177	0.00189086906981307	0.000186697525559442	0.0145414881527321	0.00581804757793786
6.60930281462391e-05	8.98666789357707e-05	0.000425580594819142	0.00161310460071887	0.0109267409591475	0.00406089294031652	0.0610109910108376	1.39367974800215e-05	0.841839520510449	3.22525374477211e-05	0.000348790896525455	0.0343214538227778	0.0214473061734994	1.79196870582848e-05	0.000792766196385053	0.0001128141924268	0.0020955614122925	3.85300875005578e-05	0.000203291231226401	4.5120088360615e-05	0.000304495128337929	0.00768898430550042	0.0125039871198097
8.92330480099486e-05	0.00011425382075188	1.2993034064993e-05	0.00608673118005907	0.0117229408229402	0.0177830621319232	0.055818164810337	0.00908898455640617	0.828002805723555	0.000273197457553553	0.000105470907203029	0.0158998765944675	0.0210369541205418	6.65744433121768e-05	3.1132864963374e-05	0.00204333887297175	8.42189365606408e-05	0.00014733544864831	0.000156448219773718	0.000585611798365947	0.000207079765903662	0.008636634122146	0.0220069573195411
2.66978747305611e-05	0.020414565763071	4.44939706509903e-06	0.010376907964655	0.000232878642274819	0.0101928014440248	0.0603120717078296	0.000116561366884292	0.834839589861498	1.89186015912914e-05	0.000335966158703238	0.0143204392799949	0.018166234810464	2.19475426779454e-05	1.74022957004591e-05	0.00437422682066488	8.1858116369413e-05	0.000401312634771455	0.000198401403188129	0.000182499150015222	0.000427944520573794	0.014387462204603	0.0105488624386492
0.000576705475716893	0.028329658616911	2.20303627259996e-05	0.00445431918423986	0.00775185594413554	0.000237317987441176	0.050980988952153	0.000289651586404135	0.793234808031191	2.65718946631866e-05	0.000492264121227746	0.0337611825589781	0.0236215249107757	1.87942557639786e-05	0.000184337787463037	0.000205488731627238	0.0104097385944228	0.000122708469272346	0.000316278197045691	0.0012876067901179	0.000628119543861549	0.0205892715401939	0.0224587764636677
5.64064018352117e-05	0.000212551929392442	5.84165496266328e-05	0.00493354408008013	0.0123271619057774	0.00561503951804525	0.0566693299514116	3.42973839803899e-05	0.840144874729082	0.000120008121280265	0.000231127088038227	0.0290573954546312	0.0298996131998024	3.89121569865008e-05	9.97607681301502e-05	3.10291203061621e-05	0.00189066042631482	0.000158543962641319	0.000279814164436093	0.000110817585976	0.00435404962057989	0.0106321747418507	0.00304447113979502
0.000101339492317935	7.73912643420433e-05	4.74444788190974e-05	0.00917436434649743	0.0101461608745697	0.018996616966189	0.0641381092987692	1.62271989936327e-05	0.841340589827281	8.84789912113059e-05	0.000408099424634961	0.033049330687745	0.002424180529575	8.37675711618407e-05	0.000168171293757465	0.00139534222349442	0.00513969205592951	0.000129423914510713	0.00031954627630634	8.18445871840886e-05	0.000975867209656553	0.0107323595869978	0.000965651900055
7.01138820559543e-05	0.00234796566781906	1.6748328530841e-05	0.000311621315608306	0.0118092981956705	0.00158472702444932	0.0585051331133863	5.6167462715308e-05	0.841137526577641	0.000264081511334357	0.00022310567944791	0.0233981164054885	0.0315963139466619	1.28759970989512e-05	2.27150552005337e-05	0.00931753606004361	0.000218128589136967	0.000187347450048796	0.000168809353203342	5.35875713952967e-05	0.0021162307215458	0.00329560716196615	0.0132862429295517
0.000131461632616691	0.000100831769402178	0.000763441616902999	0.0130831279347562	0.00102983930111118	0.00746754927207337	0.0529250953029017	0.000210893785331687	0.800999970173558	9.63036085469995e-05	0.000194200525759059	0.0448805399477911	0.0218949212642717	8.37063494604331e-05	0.000199790134419301	0.0012477270439938	0.0154820263809003	0.000137709453655855	0.000227517835407553	0.000516048162172407	0.00138999919393974	0.0102522059685389	0.0266850933424895
5.45440928788358e-05	0.00372910897885558	0.000279160701789268	0.00441150195693188	0.00798799703434601	0.000585592254457751	0.0611883293113783	2.7172291960407e-05	0.842941047708728	0.00277138911980814	0.000159836487613334	0.0300511890252523	0.0180807676836105	2.28916669912053e-05	0.000219435087006375	0.000153146145261789	0.00774746852202253	0.000205732272903202	0.000119040870668396	0.00176552158441442	0.00142257464540334	0.0127413978951258	0.00333515466259298
0.000230794076724803	0.0596014900999323	1.00238367263474e-05	0.00515647757270009	0.0108594030319588	0.0272304097429329	0.0555428310381239	1.69784606441418e-05	0.789564078920815	1.47118297563532e-05	0.000530972057406019	0.0239052211350779	0.0120471823335113	3.02346821823954e-05	7.12772564672161e-06	0.000765442189721124	0.000612235733271095	0.000102018291969653	0.00257770590283086	0.000182239549770486	0.00017775114625121	0.0105921835635071	0.00024248707853889
2.37007475386565e-05	0.000115360952624762	7.31656281370557e-05	0.00929125973197043	0.000189416212226654	0.0284175145622453	0.0738998164316004	0.00509663495840814	0.821640345058285	0.000389142741238	0.000100983995889787	0.0124082123918972	0.0196261040096273	2.53939554754199e-05	0.00181217206460858	2.95930571576901e-05	0.00328728583732132	0.000965272032222278	0.000378599320505122	0.000100047999992161	0.000489878893105394	0.0173023873074881	0.00433771211043544
0.000125576776393767	0.0179747508457932	2.84937326209656e-05	0.00753921041660473	0.00348145065403399	0.0110844329836343	0.0571286825390092	0.00119188502945528	0.821326085495268	0.00108701713857098	0.0019287566738789	0.0150973191506311	0.00439224781672296	0.000632481334266218	0.000219034962675538	6.32210601791844e-05	9.90384051881683e-05	0.00341648736720434	0.000469312207121467	0.000339044384506652	0.000788993611041748	0.0200543961132966	0.0315320813019031
4.03948151892872e-05	0.0125483288460996	1.50347883155483e-05	0.0122513159342194	0.0085686890071532	0.000372571494552971	0.0548136750550645	0.000718002724985651	0.819912943258224	5.54055021290284e-05	0.000151050890639148	0.0281991487126852	0.0110268433014827	7.82500151768095e-05	3.14422263311424e-05	0.00268666165547031	0.00141972866947605	0.000964013430173322	0.000184385788294684	0.000193298012328003	0.0115066402242638	0.0158591605187353	0.0184030151290104
9.10423251811742e-05	0.00830391382125633	5.34911166502342e-05	0.000363324896387677	0.0174235336713026	0.0005419218536562	0.0657030694393053	7.70544374508531e-05	0.811671827222847	0.000324460103368389	0.000177390795789915	0.0313098716549672	0.0221658241647566	0.000359679341228414	4.79025812704208e-05	0.00357601601312612	0.00842461166215875	0.000426789008389429	0.000248231923188874	0.000336327581729177	0.0177179051510299	0.00999620038242816	0.000659610852530923
0.000415007196872224	5.86962503734799e-05	8.27751215495225e-05	0.00123515001631381	0.000313062649003766	0.000424420322896681	0.0585562028233317	1.92356959372568e-05	0.8205365083734	0.00210376879441646	0.00772023542085541	0.0434544813883248	0.0229145629463133	0.000114749967364492	0.00020010498095998	0.00334776348777693	0.00240147962536564	0.00559595243186967	0.00016162222324141	0.00030708288261357	0.0118860614614753	0.0180748043697731	7.6271569971233e-05
0.00164435233628952	0.000760520128283464	0.000285421426428723	0.0027658901087436	0.00686805157482909	0.00065841000232181	0.0678636269560766	9.78824545318832e-05	0.835073650362017	4.3245850989247e-05	0.00132359121349316	0.0376105543970486	0.0125258842509881	0.000138189987677886	9.68841069683298e-05	0.00105597302947729	0.0056304541416684	0.000117693991150485	0.000411077741954187	0.00492901147126136	0.00873638003027898	0.0100555897000692	0.00130766473745282
9.72667382981644e-05	7.2489750291843e-05	0.000152676710099484	0.00322826768014197	0.0146305800898676	0.000194395338823236	0.0577978424588496	0.000626033877795127	0.839278952564361	0.000203928950929586	0.0012353002484011	0.0361351540497827	0.0044012688509739	9.6900432520981e-05	0.000688059391100912	4.06048580812594e-05	0.000319989860497193	0.00212635926974843	0.00476300318567194	0.000368081672979462	0.0223168636087151	0.010600082582274	0.000625897829795393
