Bcells	CentralVeinEndothelialcells	Cholangiocytes	Hepatocytes	Kupffercells	LSECs	Mesothelialcells	PortalVeinEndothelialcells	Tcells
0.00729631142374119	0.000935538258240985	0.0161319999191541	0.915891294172573	0.0260632570879128	0.00727611827111215	0.000278679117438332	0.025446032914989	0.000680768834837884
0.000365585984366585	0.0257084187214403	0.0143055564022994	0.935570011042246	0.0129228391811654	0.0043678707373709	0.000867287056692457	0.00420066715698922	0.00169176371743021
0.00116416745040257	0.0282034539454501	0.0104824088813378	0.908934232703487	0.0269548611498276	0.0188792694201617	0.000818212417061514	0.00020887765630467	0.0043545163759671
2.75877567824724e-05	0.0259281923961974	0.00913605707422348	0.913685759875456	0.0221229368084968	0.00855060284627887	0.00179192793480088	0.00690640248715798	0.0118505328206061
3.80295145972316e-05	0.00157893504009531	0.0104833567834376	0.932491634463112	0.0185163927059021	0.0312890318365311	0.000993039073083006	0.00443820492496009	0.000171375658281445
1.15710239930439e-05	0.00411694827235413	0.0402088012115542	0.878729084113821	0.0289710097490716	0.0190406412672027	0.00471932689718382	0.0241514997037544	5.11177610648314e-05
0.00730608082358431	0.00392468839752317	0.0131863059466318	0.906887709955209	0.0273917280540619	0.0306934958027305	0.0013173950344685	0.00900970768086768	0.000282888304922781
0.00194604583564204	0.0259573222684655	0.00935053597668419	0.923879006264459	0.0243421723406303	0.010802262260528	0.00125743286913054	0.00238494623325397	8.02759512070929e-05
0.00315738291928935	0.0144075308750833	0.00619287116794091	0.9311646361358	0.0189630001371842	0.0164830714533408	0.000687028041941862	0.00139415132697879	0.00755032794244069
4.23384617214672e-05	0.00559163990108536	0.0106389522001635	0.934489874646736	0.0152227354530405	0.0255586719032881	0.00138245128179144	0.00598877990177752	0.00108455625039607
2.06641057435589e-05	0.00379818487616249	0.0131105652022864	0.934237255184316	0.0192768422455549	0.0121753945905802	0.00111393271902997	0.0160963470840887	0.000170813992237317
0.000461032444788147	0.00865967766190274	0.00668787596244887	0.939528167637315	0.0179011209830083	0.0223947984005735	0.00037967606651902	0.00360877331743206	0.000378877526012163
6.50464831660546e-05	0.0500476205978899	0.0086501738875747	0.918638125385491	0.0152580653477001	0.00514229317605484	0.00117778638536976	0.000859808399195207	0.000161080337558734
0.00013251944111351	0.000369605152340005	0.0125172874206697	0.937985357014723	0.0114838708446806	0.0238931665813979	0.00119384916458925	0.0123371386544775	8.72057260083495e-05
0.00012600647115818	0.0218910328574707	0.0122827674182077	0.90835781516625	0.0311088526605012	0.00132946058580312	0.00136017123735547	0.0220731033826885	0.00147079022056572
0.00384037663377737	0.0160489010822633	0.00920482418691487	0.932211313261135	0.017695843653603	0.0148596094199008	0.000356104282088185	0.00562755865592681	0.000155468824390895
0.000552026125501454	0.0199534576029677	0.0110359462858699	0.932672478508056	0.0208872675094474	0.00802148216354925	0.000747633375670528	0.00300284053801624	0.00312686789092193
6.47088961052618e-05	0.0268968491410042	0.0101108556517503	0.927760928464993	0.0161073791710195	0.0125883379939966	0.00189761145540646	0.0031899275121665	0.00138340171355831
8.00359618366587e-05	0.0121651553405983	0.00960057596677438	0.928413330196751	0.0235553696309767	0.0109189304980167	0.000555536119384052	0.0141186738719318	0.000592392413730212
2.41861807351317e-05	0.00574938180830701	0.0084153944150875	0.92674029904554	0.0290866976084708	0.0232940984491588	0.00012109823643289	0.00589910663893726	0.000669737617330954
0.00346292501855688	0.0108986425519061	0.0107238419424756	0.92500384764818	0.02846199927452	0.016612493665827	0.000264456613236855	0.00139125420688406	0.00318053907841379
0.00307547760252996	0.000299074186357063	0.0105255596161158	0.915481969187009	0.0182091442340211	0.0342437680535041	3.0214681704038e-06	0.00883945711528	0.00932252853701233
0.00158286386094109	0.000927184954512957	0.017283016355853	0.940346015884557	0.00764196166093727	0.00976246898132093	0.000203320545506094	0.0193346630766245	0.00291850467974647
0.00655060676335724	0.0138828926070729	0.0118870821462126	0.914095353604531	0.0225753872895483	0.0245980469660301	0.000916692871784259	0.0053467174017271	0.000147220349736601
0.000240461289088506	0.0015864644023092	0.012284021512207	0.928880850411703	0.0183530933855301	0.0198859215339226	0.0014671491347476	0.0169616969643829	0.000340341366109133
0.00021366591130222	0.000973164735581505	0.0102658169324907	0.931587207526874	0.0207283986272479	0.0113022958452845	0.000537232099754669	0.0243013096888008	9.09086326641885e-05
0.000858924563769441	0.0182699676689133	0.00886992612824645	0.931965705707873	0.0122856505845461	0.0258365545210213	0.00034840077366835	0.00104978883383414	0.00051508121812755
0.000425667764526051	0.0166255458129864	0.00877595466816493	0.944980792790984	0.0138889020637498	0.0118612878637588	0.000345542408613086	0.00151120912179373	0.00158509750542323
0.00011843210566894	0.0099389399759592	0.010313845703231	0.93391404620103	0.0209197873300992	0.0218456703969519	0.000132146602619747	0.00272015775298527	9.69739314547964e-05
0.000583710069443156	0.0222528242020536	0.0109250511763016	0.936612019743376	0.0147265182144421	0.00385557605508852	0.000568527453702526	0.0101989961394954	0.000276776946097091
3.67980077822573e-05	0.000869142429793329	0.0112657004213344	0.929698483983491	0.017738502039801	0.0386323503964553	4.87607916737244e-05	0.000449671080837073	0.00126059084883228
0.000137729388483846	0.0109185427491308	0.0113537158132677	0.919018440199194	0.015588064447833	0.0208156972294066	0.000885814080287917	0.00673321332888531	0.0145487827635111
0.000606710721090358	0.0005276495133317	0.00966807192414672	0.933181385108608	0.0137812906426442	0.0361216191119491	0.000898614247171907	0.00481202732305841	0.000402631407999376
0.00292011620830025	0.00243411901656687	0.0129514890311085	0.924900797283267	0.0124011444723701	0.0185018469971031	0.00424064248946799	0.0210046456249925	0.000645198876823723
0.00178109248571732	0.00299836777263413	0.0080399831047536	0.891535539733577	0.0338026498598086	0.0418376238947084	0.000565733773896485	0.00171732421437904	0.0177216851605259
3.60379222631823e-05	0.00515362911309993	0.0119119438084883	0.923353671975435	0.0238929281525311	0.0258234184603291	0.000179806980762234	0.00557553044682734	0.00407303314026422
0.00159856475415719	0.00221637533169974	0.00871627299856907	0.937438880543398	0.0170097383383415	0.0218603302840347	0.000330547126539905	0.0106959554110669	0.000133335212193425
0.00300979185902599	0.0032545773439201	0.00854694423458253	0.940764024149808	0.0147229445619906	0.0215476087629252	3.73522639632672e-05	0.0080327678886464	8.39889351380863e-05
0.00201880932873446	0.00713810405776496	0.00999552850046857	0.928808541498581	0.0165819895585221	0.0274809244216745	0.000189382702988502	0.00657059080668623	0.00121612912458019
0.0108744212403014	0.0158144077835501	0.0106281221597899	0.918521441241036	0.0178191486883435	0.0200656777287016	0.00114588061606069	0.00252481611687361	0.00260608442534368
0.00370754992406876	0.00112441128323207	0.00521208255015476	0.938372229615047	0.0257956299151407	0.0186340003101292	0.000634705508814828	0.00647538641519546	4.40044782174069e-05
0.000850454579151056	0.00171753859851726	0.0103050462383955	0.931481711576024	0.0193631963673515	0.0258302675568029	0.00115659448014161	0.00620285798043794	0.00309233262317848
0.000295104609432578	0.00159879251428603	0.0148575641655117	0.925758598724343	0.0204971817681684	0.0193849232939435	0.000514749066012555	0.0170723944983539	2.06913599482053e-05
0.000872587118701976	0.0103048861905073	0.0108324992290926	0.940717996111838	0.021731143194216	0.00743617404968532	0.000136630539607786	0.00332556962526686	0.00464251394108403
0.00542379679992131	0.00981473055131837	0.0103808765533212	0.927932471901896	0.0138497229149569	0.0235787475568983	0.000796809462289952	0.00583623790732583	0.00238660635207212
0.00193525134441999	0.0229859937274758	0.00786986464172133	0.92081149401752	0.0197710319446249	0.0149179245742915	0.0014867796538838	0.0101383943244543	8.32657716083818e-05
0.000106323586305386	0.00891639153112211	0.0126575312800762	0.917555442831974	0.0131617392874466	0.0159412359965766	0.00187233614691287	0.0296957458763094	9.32534632763685e-05
0.000249856158082173	0.0257921394361036	0.01384691066981	0.929627318684574	0.0115090193700387	0.0107493139237468	0.000965194381134094	0.0055643922112171	0.00169585516529331
0.00100387201589405	0.0209381571835635	0.0101405759293743	0.930369852734803	0.0184918911277579	0.00448403324980096	0.00123877280772582	0.0129497669686216	0.000383077982458975
7.26736166272436e-05	0.0149995401145268	0.00631759844853644	0.930051574580523	0.0141595730140952	0.0215667051141856	0.00135524071059631	0.00521139342828437	0.00626570097262518
0.000353733013628308	0.024776771917797	0.0125234536829159	0.92660118997961	0.0221137191574383	0.00541953136055665	0.000663677139187614	0.00524153645213452	0.00230638729673162
0.000966009793811327	0.020065142161161	0.00700621829643467	0.942798078216343	0.0124007757776394	0.0115855457915543	0.00061315728677053	0.00367088729181859	0.000894185384467146
0.000348061585041384	0.0319559079421731	0.0101670829104499	0.916673147660148	0.0267384424622778	0.0125412701537908	0.000781433071798977	0.000360706215364534	0.000433947998955592
0.00172875794129555	0.0416468788121215	0.011810674946741	0.926880441234098	0.0111183826835193	0.00139140348769362	0.000885571282108233	0.00439075800972345	0.000147131602699179
6.19770116491656e-05	0.00276915885292617	0.0107298306752565	0.92944540239925	0.0202079534208343	0.0267393193113642	0.000158789260067581	0.000362892961830672	0.00952467610682163
0.0012603768885288	0.00259445940343281	0.0109399658158734	0.93162134479439	0.0247154537949776	0.0258504569969896	0.000155948179897538	0.00276726180071146	9.47323251992876e-05
0.000146732956072375	0.0313544341497491	0.0124817308097399	0.930432130549941	0.0140171875701473	0.00509510891124911	0.00259299119179645	0.0028467244153231	0.00103295944598195
1.86578953837283e-05	0.00142985175736863	0.0095563544875223	0.932963623856372	0.0200393368831207	0.0188882507245073	0.000711235444613153	0.0157036286461934	0.000689060304918795
0.000273151505443853	0.00444706909714612	0.0134420387333612	0.926399508069695	0.0314342350149834	0.0158310934087349	0.000670902255545933	0.00717530549290356	0.000326696422186303
0.00274245650114376	0.0166471348264378	0.0133077100387023	0.930273823195578	0.0205703717809614	0.0149403960801835	0.000437720070936691	0.000898071552015904	0.000182315954040076
0.000166166413582144	0.0201781102149178	0.019892761752198	0.927280432418928	0.019509939957669	0.0059353746880967	2.47316692421798e-05	0.000876611988618587	0.00613587089674746
0.00278895063943724	0.0075577823879179	0.00635692774699412	0.932459215791146	0.0165946325045152	0.0292209920220359	0.000359912689227772	0.0012973860931261	0.00336420012560027
0.00847534259441452	0.000282491222134038	0.0104077787701824	0.935968572532979	0.0109393384641074	0.0289126757861783	0.00077255717436877	0.00192370157397142	0.00231754188166428
0.0101988201090951	0.00958409685560499	0.00619171610665227	0.923306905236125	0.0179784224988046	0.0208808715219929	0.000478631531156152	0.00634521623979939	0.00503531990076957
0.0045446378599248	0.0337886699009431	0.0144132430436384	0.912594012741745	0.0162132391497698	0.00375075998459583	0.00170363250577085	0.0129349361690685	5.68686445437943e-05
0.000554292644217067	0.0459964703361983	0.0117820194345918	0.92345149607374	0.0127118991356798	0.00204979145775929	0.000496487650452372	0.000378750293653987	0.00257879297370664
0.000957763143715901	0.00697456390131424	0.00811320353207625	0.954803846544007	0.0107232852776801	0.0109564099782233	3.28269557271759e-05	0.00067231709082918	0.00676578357642713
0.00383105872117351	0.0123025490143519	0.0120765838723154	0.933044711043988	0.018501289635776	0.0134363206398364	0.000124343096328104	0.00653383810993723	0.000149305866293393
0.00132672055946505	0.00304247650000158	0.0117842049788693	0.940235562954491	0.0137488468700317	0.0279353170440894	0.000382053108359461	0.000386285197472231	0.00115853278722033
0.000140967440365772	0.00425764825340139	0.0106228810710131	0.937762032599717	0.0212846228109181	0.0235925383720978	0.000763803582323668	0.000938514728094279	0.000636991142069254
7.43785799393131e-05	0.0217441114045134	0.0081606329546652	0.933677358008994	0.0126155291118319	0.0200871195007211	0.00105722996027154	0.000295467863378019	0.00228817261568572
0.00805497052068778	0.0142233095401068	0.010824153880271	0.937243022191602	0.0103258318085459	0.0169637515492421	7.51049490795216e-05	0.00122106258069813	0.00106879297976712
0.00979636284855059	0.00299026482022218	0.00725927649600706	0.91851150737565	0.0256651522103498	0.0242080693700534	0.00125408275267732	0.00356374200875699	0.00675154211773306
5.22376699656111e-05	0.00441750788715855	0.00690740159559609	0.936751586642856	0.0187519618194543	0.0266061290352689	0.000198483055517318	0.00575897401903917	0.000555718275144103
6.18848407617304e-05	0.0140534571653523	0.0101370391953119	0.937520065862384	0.0238456942428559	0.00938508643730365	0.000613452015523787	0.0038610752426111	0.000522244997895281
0.000931693507893062	0.00142361984877188	0.00931226298720745	0.937447082860299	0.0159266510643391	0.0292419968392922	2.35009379898732e-05	0.00540583695751082	0.000287354996696617
3.82662856887671e-05	0.00731499817874734	0.00896525227346036	0.917081344122307	0.0327907142724582	0.0200558139952338	0.000940760664829038	0.0051710627370158	0.00764178747025932
0.00188715386584577	0.000849783354387031	0.0121690881741339	0.936982026524916	0.0233523950414522	0.0178147328500421	0.000314300145544711	0.00625073328948802	0.00037978675418998
0.0219042500158472	0.0212650292255712	0.00955883609287791	0.912049703211715	0.0162097019497093	0.0181625551701666	0.000197776804399579	0.000452459412656152	0.000199688117056555
8.19207663091811e-05	0.0209862154071716	0.0138229182988738	0.924613386035593	0.0106650520699629	0.0240710344113233	0.00158553781223738	0.00386337215083971	0.000310563047689534
0.00668422306580548	0.0212047390603988	0.00806806957585605	0.931378807481289	0.0109154053409958	0.00288848175049813	0.00151865274816896	0.00598949170123268	0.0113521292757552
0.00538736444122222	0.00937028176649051	0.00697441022172574	0.928149502837439	0.0200056012665916	0.0113429823914905	0.000381556885458502	0.0100538328347616	0.00833446735482068
0.00386008537307129	0.00102521539385145	0.0133581515241052	0.9182623125689	0.0259190790766852	0.0197800098415179	0.000749840476694864	0.0154071447251123	0.00163816102006132
1.71920396700126e-05	0.000912938759175745	0.00987737411933642	0.923171063102405	0.0255744906419495	0.028463611272788	0.00119856926562936	0.0105417962864584	0.000242964512587089
0.000920600935087405	0.00332433167159399	0.0120553785676045	0.933132666862658	0.0258739167744311	0.0133818099867266	0.000354570881074554	0.0102315973643692	0.000725126956454331
5.6698587413502e-05	0.000310909692260777	0.00977908059644195	0.935161122298091	0.0238950615768151	0.00832503559778883	0.00127054911349478	0.0205642906157628	0.000637251921931708
0.00759936869239129	0.00167439888522331	0.0113747971202373	0.91721485180958	0.0161219819288755	0.0372083373456732	0.000484469719810076	0.00694171122914554	0.0013800832690635
4.00415065927409e-05	0.0150526805141617	0.00851699943920551	0.932083828764362	0.0166471388726708	0.00753392825218394	0.00147309507142427	0.0126712703471426	0.00598101723225653
0.00146684754217605	0.00588353481906057	0.014532893549405	0.926570271795567	0.0208718193760828	0.00868365667248835	0.00143544820161279	0.0189141093131565	0.00164141873045112
0.000546412244584736	0.0133634122724816	0.0156517451551816	0.933542507474595	0.016820570394922	0.0140070232323932	4.21370601003947e-05	0.00587492174884544	0.000151270416896328
0.00989625589308888	0.0177953490474236	0.0385525377125442	0.87498603698733	0.011602531666197	0.00025325332878233	0.0113581298130359	0.0353728518138494	0.000183053737748417
0.00167503638597087	0.0295589543268297	0.0116372236972076	0.923829501861788	0.0132009380355481	0.01207925506612	0.000978137757463889	0.00602779189687407	0.00101316097219766
0.00013079993921854	0.00658118999312885	0.0102904146609757	0.937025164539611	0.014244169756552	0.0108999206134805	5.60114338336007e-05	0.0200284799847596	0.000743849078439913
0.00102582397421014	0.00393674728531234	0.0124539829188836	0.921198098629218	0.0218708289640984	0.0318787384055956	0.00105808807105255	0.00387176262192321	0.00270592912970654
8.24332434726068e-05	0.0514876718309515	0.0150642883931229	0.915914459199621	0.0104547814897039	0.0017629960993461	0.00173293512466243	0.00339196547720074	0.000108469141919189
0.000257501742057227	0.0026334520907282	0.0118855445147318	0.939820667473491	0.0152208698108832	0.0199229837148755	0.00105031867579118	0.00833215296058196	0.000876509016860064
0.000763292631678737	0.0284019711990846	0.011400087954665	0.926203002641998	0.0144045271203358	0.0162258573344678	0.000486440577623299	0.000917471569109396	0.00119734897103756
0.00283658888525963	0.00328327470408964	0.00955949139469543	0.926171319554356	0.0184256995232589	0.0368616711598801	0.00080281025351197	0.000307394025706484	0.00175175049924109
8.14909400616307e-05	0.0010805039504641	0.0110369647227423	0.922436591045313	0.0392450690351156	0.0213997434383443	0.000640624718246135	0.00341057318355244	0.000668438966160661
5.5549791680353e-05	0.000728573972697917	0.00977486696695493	0.946795456197464	0.0138029002783791	0.00829841561442766	7.3185583216682e-05	0.0202873998783729	0.000183651716806239
0.00120673903008535	0.010020711261088	0.00794681383426055	0.917867965489538	0.0219432962612105	0.0192430468429013	0.000176262349515348	0.0075616954661165	0.0140334694652845
3.41212017254142e-05	0.0117836438382442	0.00883763748505211	0.938638533009753	0.0128537579565085	0.0202651404780767	0.000635619083500585	0.00655070837890722	0.000400838568232329
0.000914676442060973	0.0212049443371772	0.0098901495306146	0.936196125161063	0.0113924749718507	0.00970197820577192	0.000290146359783332	0.00482345895591935	0.00558604603575884
9.23979824664938e-05	0.0116599425424336	0.0114144946624293	0.93470071474954	0.01643635216135	0.0198138402990284	0.000614454124186906	0.00131153905793973	0.00395626442062536
0.00147006297478271	0.00261370063117602	0.0104573027262207	0.914375522296958	0.0426917991082367	0.0233725405159785	0.000559785340243281	0.0040942423967264	0.00036504400967836
0.0105612709716323	0.00592485765053334	0.00646257474454929	0.931638138466209	0.0166791213932715	0.0235402811025399	0.000372702564137548	0.00382928318036378	0.000991769926763715
0.00380458109359143	0.00111098112957222	0.0125085347169675	0.922265748451895	0.0231981947687664	0.019282713723027	0.000508241854739563	0.0103717444200065	0.00694925984143473
0.00210739716643171	0.00204980874082452	0.00908129021190063	0.937033595499085	0.0119264535741809	0.0309692352831498	0.000496390071739832	0.00538099836606008	0.000954831086627701
0.0138580919220695	0.00433113345670601	0.0126489005128083	0.921587438372519	0.0205267520479141	0.0196931085074118	0.000497738482826229	0.00608979027633755	0.000767046421407311
0.000181149396681378	0.026621138769314	0.00650601223003306	0.925536771819603	0.012920681925345	0.0256627582612313	0.000300794272264722	0.000355527506437884	0.00191516581908939
0.00229136758094595	0.0187166280879352	0.00955218553201552	0.928551524252845	0.0138589281105386	0.0226793446028365	7.54586471007048e-05	0.00264283834836886	0.00163172483741389
0.000417084955039291	0.0120027992577538	0.010226426290854	0.937173354826894	0.0173669763183281	0.018455347835717	0.000343442375928913	0.00278960738723767	0.00122496075224672
0.000638329169393245	0.00735445090224535	0.00786864905334377	0.942726584828995	0.0191856853113411	0.018008622263193	0.00123248397769121	0.00243173887991048	0.000553455613886427
0.00124662052731768	0.00363628251622084	0.00965361513003527	0.942626020909278	0.0145260108331533	0.0173681686559255	0.000109928839766679	0.00210467005711316	0.0087286825311892
2.49128471203768e-05	0.00209392598952656	0.0118268668932524	0.937101676414255	0.0139045971923047	0.0292982661734789	0.000224949252579157	0.00234521333622366	0.00317959190125862
0.00154530232106845	0.000404299814069006	0.0105797440572514	0.94490961196555	0.0178536905916676	0.0153997352062641	0.000111686559019311	0.00836331125891143	0.000832618226198721
4.19469526314677e-05	0.0319030737755169	0.0117647631602761	0.92137732390339	0.0098007615830688	0.012346302732637	0.000714773838040182	0.0100929931931307	0.00195806086130941
0.00156393842009389	0.00100136248985526	0.00987277148727555	0.919691750752969	0.0265941679546209	0.0261472655301884	0.00213927322130943	0.00947491283373559	0.0035145573099514
0.000145134129232513	0.0141796257972094	0.00919163077345035	0.943456471675452	0.0133075215323056	0.0108582836981327	6.45462007096516e-05	0.00559189023376823	0.00320489595973956
0.000627597357726753	0.00447311944304064	0.00916779746147138	0.937405462601351	0.0138972036851293	0.0248466863795667	0.000225858546512604	0.00920726967752708	0.000149004847674569
4.60072865566053e-05	0.0376466850514059	0.00898089666034674	0.922595401002755	0.0243604251185727	0.00240437912112012	0.000720138152789682	0.00158606241285614	0.00166000519359676
0.00546317153621391	0.00256787020183328	0.0109340486045922	0.933105998161668	0.0147330027676441	0.0263287786202842	0.00187696115764074	0.0037956460655074	0.00119452288461612
0.000306614561779461	0.00212847622801151	0.0145098556946412	0.9365521381699	0.0179884925647116	0.0215407971080965	5.769253076745e-05	0.00599732424820724	0.000918608893884649
3.24860100976695e-05	0.00859703633618437	0.0125613179500095	0.923520477957732	0.0252935863411883	0.0165366343560884	0.000258698859063031	0.00625336578750638	0.00694639640213056
0.000943216877621609	0.000734425783408117	0.00522351138736714	0.928097586059404	0.0115772554804465	0.0464823609831965	5.77494018107889e-06	0.00139026473060738	0.00554560375776816
0.000601280799679279	0.00927958819696281	0.0114798786713566	0.93219524138413	0.0126744897101657	0.0326860802195729	0.000422125984205116	0.000589108707012897	7.22063269147336e-05
0.00186615165731429	0.0182635975308335	0.0107528361088483	0.927484407689918	0.0169559627258873	0.0111488039116349	0.000519128024375031	0.0121170813618378	0.000892030989350367
2.62454298304088e-05	0.00253015587819355	0.0106206834042885	0.928506321719201	0.0183839864942624	0.0283408743296983	0.000129851359936856	0.00233971242109778	0.00912216896349199
0.00279173143713943	0.020860143419258	0.00772342928251681	0.923746099213771	0.0203825254012948	0.0163332643764982	0.00128463200737234	0.00507153351074943	0.00180664135140043
0.000192592290361538	0.0104361472170736	0.00867294725104657	0.927973948457181	0.016887977574288	0.0241922260332428	0.000745459740288219	0.00848208386543063	0.00241661757108751
0.00612960027929371	0.00786353111595206	0.0108352850437131	0.925101087710893	0.0118053744517045	0.0361934664255762	0.0010304879631102	0.000959867581604351	8.12994281532729e-05
9.02823577170746e-05	0.00104515047791192	0.0063405800520761	0.922579474736607	0.0371940811855314	0.0134580649619207	0.000432021627322801	0.0181574844912362	0.000702860109676623
3.13909262776216e-05	0.0157499838024784	0.0107535076180597	0.93266521661999	0.00898435414465514	0.0265639015434172	0.000570807303393174	0.00391523774069988	0.000765600301028242
0.000278954951833476	0.00159495360016739	0.00887585209192196	0.929351455381857	0.0186736485535912	0.0337148545271196	0.000212408323713418	0.00294332135785127	0.00435455121194455
5.69007267523711e-05	0.0318411675564956	0.0119886357663173	0.930234621498176	0.0186070886161224	0.00466307795956527	0.000562581685209823	0.00046519942020369	0.00158072677115762
2.44327157468515e-05	0.000855723640052902	0.00895529843103574	0.943056748752408	0.0123816202516248	0.0251864078252163	6.51217080031679e-05	0.00689184855889577	0.00258279811701615
0.0162614682862169	0.00394293177398316	0.00868227005856423	0.91594760429203	0.0195952203636227	0.0283448638936694	0.000219811609457589	0.00215735015828223	0.0048484795641739
9.9553564530076e-05	0.0157538891464236	0.0082405669601575	0.932598366689988	0.0190390933054675	0.0225499563857656	0.000677062411918047	0.000469100709031023	0.000572410826718474
0.000125469594717477	0.0163049039201569	0.0123984757006056	0.925352129600089	0.0171414328081123	0.0221875282507852	0.000410910799822742	0.00553882267620443	0.000540326649506429
0.00150103753147144	0.0011397206751044	0.0076886561701544	0.931351798635173	0.0134771028399109	0.0432326728994996	7.44385037739491e-05	0.000465209192431602	0.00106936355248016
0.000578368975943137	0.00280640690319433	0.00803103950945282	0.937799062633494	0.0178663701567124	0.0222098014137445	0.000319163827306946	0.00952114775703811	0.000868638823114187
0.0042274465356096	0.0154774549181569	0.0100218755428319	0.935428726770967	0.013082048550595	0.0185956025439909	0.000119214561212078	0.00243748848396581	0.000610142092671275
0.005229305692341	0.00386334741670152	0.00941979305090716	0.928085860653626	0.0193008162050524	0.0285050497127077	0.00123426358203285	0.00402419701929204	0.000337366667339169
0.000539421474202532	0.00480505259095954	0.0093039366947679	0.928161364242119	0.013742391542875	0.0386066536383759	0.000823091420445417	0.0014327506290408	0.002585337767214
0.000334752150374105	0.00494081981122514	0.0158756649914545	0.92708910714606	0.0213463757935494	0.0193493824598153	0.00075471145074617	0.00913300469165286	0.00117618150512196
0.00578952014024074	0.00058904704213541	0.0111524891609731	0.927345538682191	0.0205783118154169	0.0311675905795527	0.00117809789681383	0.00155061070172245	0.000648793980953967
0.00160444007941301	0.00849185448865668	0.00922348866825122	0.931244249437706	0.0201130638878985	0.014395699710897	0.000431137081936617	0.0127843970243309	0.00171166962091042
0.000230029653769743	0.0303343247216856	0.00872675871329772	0.928049650987293	0.0202425432292782	0.00803764056976063	0.000888874840481012	0.000758889267491503	0.00273128801694248
0.0084193362675592	0.00131862951854463	0.0128405881726903	0.924123115331938	0.0212665993573499	0.0303397129343189	0.000677338675573078	0.000504795255337671	0.000509884486688543
0.000551105907568371	0.0221636970527966	0.00899513755991873	0.923803886572099	0.0172260013228926	0.0184627131991439	0.00154722686719737	0.00515990731013159	0.00209032420825217
0.00976853012684275	0.000361069006270512	0.0126177645093226	0.919631328572692	0.0282078626231273	0.0201664756627563	0.0001815996465274	0.00549571805688338	0.00356965179557802
0.000116831341689968	0.0138072236139641	0.00935136284073015	0.943290646002451	0.015921712950071	0.0137264650364204	0.000476848233122777	0.00155147761653887	0.00175743236501119
2.99718035808897e-05	0.000589707569063482	0.00846302046930597	0.939059726105677	0.0184031831561899	0.0299646820366951	3.43199717372397e-05	0.0027629580903926	0.000692430797357949
0.003029207432986	0.000509263154045114	0.0275639590286897	0.877335634414961	0.0254782386895189	0.0120748108536629	0.00432581361077413	0.0399561355567941	0.0097269372585683
0.000211514655390103	0.000760314112917732	0.00789552093582456	0.946374794189699	0.0138965404846534	0.0225624248214538	0.000134946699160548	0.00537996762546474	0.00278397647543619
1.92020620245039e-05	0.0134102384430019	0.0122964389795354	0.922323433424493	0.0238807964103068	0.0175092022114821	0.00222230760066748	0.00497948376945456	0.00335889709903432
0.00069542495978298	0.0150341914755407	0.00856108399224492	0.941350158086494	0.0165241445342993	0.0124635320200976	0.000118105268554759	0.00523059613994087	2.27635230453385e-05
0.000240237278622726	0.0164574266123069	0.00938108131477431	0.940381390557043	0.0140297524023285	0.0126889007279752	0.000859936655905226	0.00555475183193121	0.000406522619113331
0.00379812008599594	0.00128599582647101	0.00607648497591196	0.93719318559784	0.0166425741320622	0.0225764685506483	0.000987479952810909	0.00434283476829192	0.00709685610996773
0.000926324821801588	0.00178885036194229	0.00695269201546323	0.933005235089835	0.019032053876165	0.0350180571791888	0.00118276920184166	0.000373141556926845	0.00172087589683528
0.000930137653417679	0.00178748983380446	0.017848936355772	0.912478438267423	0.0305883743894126	0.0220700094929049	0.00142038927416186	0.0124884113158872	0.000387813417216044
2.5541176333221e-05	0.0194462488168975	0.0111672862940262	0.928947207817926	0.0206305648160539	0.00694621044138762	0.000776041886532051	0.00339134055102499	0.00866955819981857
1.75070985458643e-05	0.0102051751088341	0.01134553846878	0.93915951118371	0.0180590151235067	0.00263737744319437	0.000150191578162207	0.0134524278581734	0.00497325613709327
0.000423878299070155	0.0289594953829108	0.00627307284550317	0.931024815983557	0.012784705506534	0.01042800471657	0.00171518619625527	0.00468582508727673	0.00370501598232314
0.000394156591855592	0.00943381706832231	0.00846563858443313	0.940913105681676	0.0134707519731605	0.0193185312362536	0.000985369530891778	0.00651750321086279	0.000501126122544051
5.13234223883027e-05	0.00585373775278313	0.00863423468966596	0.936653072622249	0.0092526342929696	0.0295629353532668	0.000758075046136676	0.00360889871482664	0.00562508810571362
0.00536121120641846	0.0205544530551807	0.0133085884589536	0.93311143480136	0.0185028812213022	0.00558685996498509	0.000867234088601817	0.00265956998092633	4.77672222724965e-05
0.00204542403116274	0.0183444827132117	0.00986503004288544	0.938925218416179	0.0130738305754207	0.0107297310446391	0.00040168919164281	0.00625729573441078	0.000357298250448078
0.00413351518726831	0.000626227860694432	0.0145836434489342	0.915599652351219	0.0208293934288368	0.026053534467603	4.04386650230656e-05	0.015870723917831	0.00226287067258985
3.91780663625603e-05	0.00020150288998778	0.00754664950648829	0.928954046195157	0.0133800158519588	0.0383472627559123	0.000174877674024001	0.00488278652508819	0.00647368053502102
2.02965517645815e-05	0.0392460074861502	0.00893201968169866	0.917981436613988	0.0176191223036047	0.0145542915325286	0.00144011399892078	0.000136598016694162	7.01138146503377e-05
0.00482488861024959	0.0181235997411759	0.0320088233265174	0.877366510072566	0.025290737014533	0.00228998010137554	0.00631954944720922	0.0318926904747927	0.00188322121158099
7.31526836830739e-05	0.0257815255132754	0.0110315024112192	0.931557427988314	0.014227289524089	0.0125904042794774	0.000872219521520611	0.00345461829091267	0.000411859787508376
0.00623003139635056	0.00854131744613339	0.00620084689270949	0.92053254526526	0.0259365014083287	0.0186410378177076	0.000455344371499081	0.00781077289014913	0.00565160251186178
2.94468616759575e-05	0.0139269561290386	0.0090815629848822	0.93592737765379	0.0121556177621782	0.0181490602076466	2.15235264070872e-05	0.0100804844874635	0.000627970386917978
0.000907591777301864	0.0388491669326193	0.00538346476063573	0.92629605936646	0.0175962225032607	0.00346936249723728	0.000394754899686819	0.00631163822039808	0.0007917390424
0.000492360645738654	0.00369210356882123	0.0125915872610542	0.92952663807896	0.0171575244858774	0.0259241026326409	0.00153453570332671	0.00580397527242259	0.00327717235115862
0.000815022314618302	0.00475891203644541	0.00807791493168356	0.927126103134813	0.0296087577212594	0.0188760195551139	0.000570031936315972	0.00779718029030086	0.00237005807944946
0.000412512564908938	0.000284680707151724	0.0100858187326703	0.930612974148611	0.0211905880933042	0.0331031104785816	0.00228188980343511	0.000311003260654504	0.00171742221068263
8.8637350376795e-05	0.00904268844152645	0.0121677977691072	0.920007871952488	0.0363013286023561	0.0207134623618323	0.000503503850763891	0.0011249738123835	4.97358591658596e-05
0.000612920613555965	0.00813600199519637	0.0130113968950953	0.93598252544281	0.0173840118961676	0.0112982175786074	0.00101776667419491	0.0106885699586462	0.00186858894572626
0.000566277653611337	0.00679140889984543	0.0131120606026322	0.93640505748539	0.0160824174347951	0.0187908468359463	0.000132657794479599	0.00356063418317641	0.00455863911012333
0.00549163936958364	0.00979220174970409	0.00978278742071552	0.920932601410945	0.0186185129611019	0.0258282490866601	0.00134067685699711	0.00429441569119224	0.00391891545310004
3.65941535654597e-05	0.00985182975604778	0.00863652995064668	0.935329201643796	0.0138828383738638	0.0227256321100356	0.000864910855553861	0.00734508383060893	0.0013273793258817
0.00442404370552555	0.00834542612380146	0.00999989038545812	0.921668496075377	0.0198546551663297	0.0323353327307124	0.000297355359075045	0.00181858154294137	0.00125621891077972
0.00306204289640117	0.0130277903361697	0.00687930213925032	0.919938153069978	0.0319419948278015	0.0191277687502625	0.000457862006328447	0.00543514644375974	0.000129939530049226
0.00285765664938238	0.00767499589168187	0.00715768999410519	0.934344690544501	0.0192280130767816	0.0193397147629969	0.000280578572895712	0.00865473881915547	0.000461921688500105
0.000604500255149536	0.00607542311176209	0.00892160604286322	0.922458860444134	0.0263212520822698	0.0212798614965766	0.00193070114731554	0.012233450823502	0.00017434459642763
0.000844538788500284	0.0399181261425747	0.00950859688764416	0.92676387543603	0.0174829463099404	0.00360048977718663	0.000701684100598877	0.000917485770950479	0.000262256786574237
0.0012402255382695	0.0179285506378583	0.0104968961900548	0.932435878605972	0.0107151045850023	0.020834662238154	0.000386660075420807	0.0021171774465699	0.00384484468269804
4.97587839153512e-05	0.0125007574855039	0.00927014582077358	0.92230268035644	0.0243380623968484	0.0260214095969049	6.64670836774146e-06	0.00018951648338006	0.00532102236786597
0.000848431908034569	0.00279326914777505	0.019619143338587	0.878733133301092	0.0202736693509688	0.000191820026873876	0.00867864560705045	0.0508951706721957	0.0179667166474222
0.000109614370020736	0.0141065725966857	0.00567692463348876	0.925566765000771	0.0233566229350959	0.0200888184948415	0.000896442185555124	0.00207792156150439	0.00812031822203721
5.27136710046498e-05	0.00293909605911058	0.0151264419151597	0.922343025093941	0.0111137606268958	0.0364957618129325	0.00123031770451196	0.0047897363066205	0.00590914680982382
9.27131731099727e-05	0.00371742516289721	0.00839470653606538	0.933353554783907	0.0138515394469652	0.0309907216422441	0.000378058586766862	0.000522701318467416	0.00869857934957659
0.00243519366562882	0.00123713473254915	0.0110986351344326	0.921061074730045	0.0267451676865924	0.0279035815371328	0.000621923901559087	0.00684447856601582	0.0020528100460443
0.0115452506564285	0.0010979919259825	0.00559157925545774	0.93393169190156	0.013378912902597	0.0250481521111251	0.000286436065770943	0.0084207722885984	0.000699212892480176
0.000316359758902963	0.0296021807175989	0.00819460415141331	0.919248908226941	0.0153984981625876	0.0189335825944211	0.00078324405587442	0.00290003045660349	0.00462259187565758
0.000150918324042568	0.00903146558977472	0.0102564771926936	0.945230148157333	0.0144520687983115	0.0091844101585774	0.000157832099861928	0.0109696033081902	0.000567076371215072
0.000578889382612799	0.013631625380716	0.00769204711694815	0.941976141172373	0.015060554851133	0.0148048965750714	0.000201093490249003	0.00139712882942923	0.00465762320146745
5.97833608160169e-05	0.0116978543666257	0.0096638108305859	0.945441106487969	0.011331081032535	0.007710879541073	0.000440705025549071	0.0119793289643119	0.00167545039053433
0.00301735044020125	0.000746444472542955	0.00556257974210257	0.950998747149622	0.0088732930971329	0.0172724582246021	0.000747562113720878	0.0103104821800688	0.00247108258000682
0.000106227280163008	0.0113380311161617	0.0107203771622591	0.938121399576082	0.0143278918563184	0.0196110436207265	0.000161531904068553	0.00474059776801186	0.000872899716209236
0.000681105086303546	0.000242095098484005	0.0127448903939448	0.9225509555495	0.0177249825829598	0.0377484270506162	0.0016396725913642	0.00478652185753786	0.00188134978928936
3.33206898249348e-05	0.00316106627346307	0.0106642524335442	0.934162342223488	0.011277498680584	0.0323859998208417	0.0004783429471249	0.00216668883786952	0.00567048809325945
0.000281052909967089	0.00892119959719912	0.00777836848512908	0.930068219503573	0.0143464440790639	0.0227498613842602	0.0010831167056532	0.0104910996736316	0.00428063766152303
0.00037948936658807	0.00114535268814286	0.0132294723725359	0.9142433578901	0.016006858766057	0.00361210972316584	0.00167685007430881	0.0412090144414482	0.00849749467765333
0.00513426329967063	0.0204487254559084	0.00833269418696404	0.926635100312626	0.0266629801071316	0.00979202701380472	0.00034787799958333	0.00212575914213146	0.000520572482180229
0.000135305973804835	0.033587151962962	0.00886538145634864	0.92716222183674	0.0183203842646209	0.00079316924872963	0.000930743459792458	0.00568218954510559	0.00452345225189565
0.000769070965994461	0.00151064837267028	0.0132483644691016	0.937939252585296	0.0155946270601843	0.014316223274231	0.000589783892640893	0.0158825174193033	0.000149511960578614
2.76407377359954e-05	0.00486524153887429	0.0111626298243908	0.931015784190131	0.0238658935359299	0.0260227875285807	0.000208951628573696	0.00223390961891149	0.000597161396872364
3.27110002938903e-05	0.00439485874068405	0.0106096765792594	0.941060522053463	0.0133960536131471	0.0159455620156843	0.000602760982590719	0.0132609392993281	0.000696915715549234
8.86633190652919e-05	0.000945987964225253	0.0137394891206964	0.930815975476411	0.021975555857389	0.0238237906743972	0.00143572329105767	0.00664170533184774	0.000533108964910419
0.00344281569038994	0.0082252995825143	0.00943787059801708	0.928814227597911	0.0215355471323763	0.0215722319980937	0.000758892940471527	0.00579927374410448	0.000413840716121434
0.00335993816115468	0.000529119483593376	0.0110059527840061	0.926794455309485	0.014493035597104	0.037414684873162	0.000915773452704498	0.00235802321769189	0.00312901712109851
8.29063188088492e-05	0.00384366018019941	0.0140817114470901	0.937341378505717	0.011541383937634	0.0235094086510405	0.000221172202138108	0.00932311646697772	5.52622903940349e-05
5.20118238096633e-05	0.0386263608365693	0.0120455696531202	0.923137708784982	0.0156568111959806	0.000620769654308861	0.00117715305696245	0.00854837106976865	0.000135243924498449
3.62509542639012e-05	0.000801214277146362	0.00974168666599984	0.931574823491929	0.0200933884307943	0.0331424593367906	0.000583202882718466	0.00387410111573628	0.000152872844620929
0.000870649508046334	0.00961351927065442	0.0118261685402926	0.946980121270437	0.00731351185440636	0.0164327532028653	0.000698630107452706	0.00506097795253907	0.0012036682933067
3.31198340097372e-05	0.0190953333747279	0.00686641622008387	0.927785327516937	0.0179392536117498	0.0181787788484334	1.44341964038458e-05	0.00211310155668991	0.00797423484096425
0.00524634432555457	0.0351503702717619	0.0117825591216964	0.922695831282027	0.0115246353682035	0.0128726673409869	0.000124679548774831	0.000546686474972112	5.62262660229002e-05
0.000370200345396423	0.00749974021814765	0.00916050467474163	0.933744839752167	0.0205936092898381	0.0163594283976465	0.000629684426007661	0.00227913297777306	0.00936285991828203
0.000444932805845223	0.0030182005875708	0.0127940124799355	0.933550189525864	0.0132811997287355	0.0345015486564677	0.000139031357501246	0.000232912949128413	0.0020379719089519
0.0054405327128713	0.012524590866732	0.00735932292055585	0.923418224084958	0.0217579656010642	0.0158022595338154	2.72148936551983e-05	0.0135883394771852	8.15499091625547e-05
0.0209069245642198	0.00129528777237613	0.0315249433369274	0.869829013504626	0.0281422514653889	0.000906453694041069	0.0040693692611181	0.0430849887290494	0.000240767672253267
8.41531625579336e-05	0.00486658817294015	0.00766930495055248	0.929091165057109	0.0127164892808402	0.0375839854578208	0.00075596832364392	0.00374214645661411	0.0034901991379211
