Bcells	CentralVeinEndothelialcells	Cholangiocytes	Hepatocytes	Kupffercells	LSECs	Mesothelialcells	PortalVeinEndothelialcells	Tcells
0.00772354933782501	0.000447907268681586	0.0919207891723617	0.859667829663634	0.0159774846048807	0.00271859749699217	0.0039142453259804	0.017250808497566	0.000378788632078588
0.000418435613328788	0.0165353990107193	0.0924230318428674	0.875717761148334	0.00798840022576804	0.00108241615098062	0.00486285485990471	0.000797360846209884	0.000174340301887316
0.00068888056619976	0.0209341386354072	0.0810977201571292	0.86480560937941	0.0183856202463016	0.00583733170652646	0.00497463926749641	0.0012585727742242	0.00201748726730494
2.82467985848994e-05	0.0225839317621772	0.0821740154280542	0.863393908697196	0.0140108673338525	0.0012305699952223	0.00565109353827725	0.0015752081966584	0.00935215824997691
2.7815283387536e-05	0.00181725475814697	0.0780334614049243	0.881135496472614	0.0122464871743424	0.0212918464566414	0.00523528714605133	0.000148000804210921	6.43504996812415e-05
2.48667142518088e-05	0.00434580051142157	0.125291333269885	0.821096155423895	0.01766312487602	0.00945845447759273	0.00841461829167086	0.0136574167031221	4.8229732141226e-05
0.00777029066555531	0.00146607799298611	0.092249997095991	0.852993696250755	0.0152307103297073	0.019280481071953	0.00555236615963055	0.00534993672137194	0.000106443712050091
0.000580616565485156	0.0190017270014637	0.081493377097222	0.87384257783401	0.0160769785420329	0.00358676938547649	0.00508083716573008	0.000314477419885568	2.26389886945103e-05
0.00305881896023217	0.00689190548603031	0.0779851973930804	0.883071402168797	0.0120680604798759	0.00353554596374711	0.00383524226769351	0.00807706895860187	0.00147675832194164
2.25878447979319e-05	0.00194609412028994	0.0828356432671523	0.879388614272393	0.00924314189447386	0.0205365144456355	0.0055338477179077	0.000329468852292926	0.000164087585057367
1.54810998625288e-05	0.000629805297474724	0.0874295411905276	0.878909665156939	0.0118033047031353	0.00693119406443795	0.00644800197242661	0.00781296888039841	2.00376347975306e-05
0.000601924530391296	0.00392421058811218	0.0757546576361943	0.88783240393765	0.0111541160740139	0.0141983880710785	0.0042546179553342	0.0021025737447252	0.000177107462500927
6.16314149563299e-05	0.0331653050192226	0.0783506462713914	0.871032326701216	0.00984718195329267	0.000716838938703064	0.00539949083720855	0.00138999162044597	3.65872435636669e-05
8.21143531044428e-05	0.00027764705160898	0.0912237805371449	0.873214021897934	0.0070431966815646	0.0188719554655149	0.00614978875073471	0.00311314466601782	2.4350596375648e-05
0.000172721789613226	0.00740406040809632	0.0843641057807215	0.859995166621382	0.0192113993622364	0.000381759415423056	0.00574002173276934	0.021776189459955	0.000954575429803643
0.00383824537203742	0.0168807051539559	0.079094312115057	0.879530765702611	0.0118507772141201	0.0046838614704078	0.00373379463153363	0.000328655833339423	5.88825069376099e-05
0.000188532288710702	0.0109369502560177	0.0868553051729222	0.877659448900562	0.0137261682523885	0.00588263544407415	0.00405021423612565	8.24063447028913e-05	0.000618339104496473
6.03558106442725e-05	0.014851727463506	0.0879735655794725	0.872292479289758	0.0100694524361679	0.00448694484111406	0.00609661846538539	0.0039633493403869	0.00020550677356548
0.000159941751287608	0.00832927031091872	0.0871388449464084	0.874526598611869	0.0144689194200381	0.00396730262804605	0.00416462547307224	0.00701787426939153	0.000226622588968293
1.19648901791167e-05	0.00106920492171998	0.0779852474601871	0.873755342550728	0.018659408198039	0.0130970927226448	0.00460386752150376	0.0102993690688364	0.00051850266616216
0.00415120989299129	0.00526652022359132	0.0828017389918337	0.873734192872016	0.0175139485664852	0.00912184118279716	0.00377691884427233	0.00101567397206812	0.00261795545394425
0.00230377286515252	0.000218777603436802	0.0854403420911492	0.864288620520453	0.0114585546026545	0.0204634816114884	0.00295636800194112	0.0068953361062853	0.00597474659743874
0.00224130467671724	0.000714063993397562	0.0972316020488243	0.876600450113377	0.00439774369083813	0.0127860382380067	0.00378502290227953	0.00185225535155334	0.000391518985005737
0.00559818587045769	0.0125185905506973	0.0868799660396539	0.861402469624088	0.0142392599608328	0.013734273295743	0.00502166397055975	0.000567291253089292	3.8299434878074e-05
7.26086373682115e-05	0.000498347793541946	0.0856606209856721	0.874442552692429	0.0111987767665314	0.0139596921266251	0.00641211857657667	0.0075847727023281	0.000170509718927315
2.65530815591158e-05	0.000955773001260244	0.0791691934511245	0.877990096942939	0.0139296693982692	0.00627766367414951	0.00535504344211902	0.0162650044748614	3.10025337180448e-05
0.000299455126934925	0.0173213470893175	0.0789745559759961	0.879871588426341	0.00781614656804829	0.011462330350492	0.00417935420716331	3.85804020362146e-05	3.664185367062e-05
0.000132913265952315	0.00825191009668379	0.0781611061042082	0.891256095684599	0.00855844935648906	0.00250548566341638	0.00411732765500068	0.00693721493151718	7.94972421339057e-05
0.000199529468181737	0.00200385217349047	0.0845164736725965	0.877664416393407	0.0134543096871485	0.0175621847606726	0.00415895338992919	0.000387583555990809	5.26968985832243e-05
0.000262328687021107	0.015507121564018	0.0834233809188233	0.883093423304071	0.00941750992809927	0.00111371452604536	0.00339879502788995	0.00373721847794932	4.65075660830202e-05
3.17796955592104e-05	0.000428256390257154	0.0823620109854434	0.877289994557658	0.0106909800072015	0.0199606688374887	0.0045944954269155	0.0043956862656623	0.000246127833814276
4.18282395874423e-05	0.00506640381819908	0.0885308048051469	0.864110509079334	0.00961571997371325	0.0153879645265519	0.00461177684918299	0.000371915174605695	0.0122630775336783
0.000329570391720403	0.000365462324202135	0.08045225988701	0.877681409351841	0.00828715986525964	0.0269923061205511	0.00430135947199081	0.00151273063657694	7.77419508478095e-05
0.00308279473307405	0.000926428358203858	0.0886646027318663	0.8680138352614	0.00748468455996307	0.0175016692303106	0.00845910801843001	0.00540173312278455	0.000465143983968065
0.00453833477239335	0.000541560629292415	0.0756177175641833	0.846305092585361	0.0185757083218203	0.0274504061816923	0.0054756989816195	0.00252334157403707	0.0189721393896005
5.48917858639814e-05	0.00198426299364342	0.0847366936427466	0.87153016318178	0.0152381338587908	0.0180366192487938	0.00421401172393326	0.00113348128578225	0.00307174227866546
0.000285513791127976	0.00256812962896947	0.0813735876504569	0.882121925167828	0.0108498414886341	0.0186292492946725	0.00375520647771896	0.000383285639792318	3.32608607991803e-05
0.00235075372002481	0.00213082885144463	0.0805230262569635	0.887948916087809	0.00900754040818747	0.0113793750390555	0.00367036781090138	0.0029634692669727	2.57225586407742e-05
0.00171300432207654	0.00450603617394325	0.0842858884949218	0.874430663397283	0.0104956411512523	0.0187804499708496	0.00372743507924017	0.00187314776531557	0.000187733645118322
0.00817776865255872	0.00474628674879039	0.0876735097012388	0.865604888701089	0.0108063736261268	0.0158313953438829	0.00561358471600592	0.000190184439076735	0.00135600807123089
0.00373539092352939	0.000963134234223279	0.0748588732590461	0.885656760297737	0.0164520673633055	0.0142657069881882	0.00375518639240967	0.000299197764859619	1.36827767010562e-05
0.000979778074906381	0.000679404600420748	0.0859736380054764	0.876129394088176	0.0126510137017186	0.0164494698815017	0.00503135429732426	0.000979301847772587	0.00112664550270359
0.000261435806698838	0.000340337831953014	0.0882563103844273	0.869785145307981	0.013037715936381	0.0163158350352351	0.00534049251613648	0.00664904260835214	1.36845728348644e-05
0.000836022332724407	0.00744554375606623	0.0847080433935692	0.885460933491979	0.0138976736278235	0.00292123095572788	0.00415496542699891	0.000133126720338489	0.000442460294772362
0.00379921830991542	0.0129161168015331	0.0766617445429639	0.879961528097679	0.00853059816582253	0.00965578175796932	0.00479557329944639	0.00190320557853166	0.00177623344613883
0.00206492350075072	0.0192185395794395	0.0777240070658558	0.872770514072575	0.0132967463968291	0.00677464885658394	0.00470989009694826	0.00341346076209685	2.72696689211845e-05
0.000145584919190969	0.00859708725010418	0.0898165156835694	0.861329445965963	0.0081910913068811	0.0125089723897079	0.0060485771952376	0.013319259001066	4.34662882806692e-05
0.000295440674126819	0.020984331037491	0.0911253424262231	0.869628422941327	0.00707457856156171	0.00439322137675232	0.00507868051045301	0.00107003000359031	0.000349952468474394
0.000217289109469812	0.0237175317669473	0.0819774786779812	0.875664067058106	0.0123117162739241	0.00152743444647803	0.0038433205092904	0.00060466232439554	0.000136499833408151
0.000148978785363985	0.013981988817107	0.080335755933466	0.877758236709152	0.00946149930136268	0.0082757653196936	0.00484506583522673	0.00257866134249929	0.00261404795612868
4.73182347740712e-05	0.0163220231468629	0.0900733906974875	0.872200578658635	0.0147185000775845	0.00101109227397184	0.00374306461575853	0.00150944759411904	0.00037458470080703
0.000386101170757866	0.0142440936947263	0.0790345465399684	0.889493197513879	0.00807580280799709	0.00343514191264129	0.00454443630133287	0.000745219868288182	4.14601904091954e-05
6.68367719753649e-05	0.0184005879738876	0.0825995767445848	0.866196760661143	0.0172357940813811	0.0016989820602773	0.00435989965201497	0.00936838243239119	7.31796223451516e-05
0.00115554932777771	0.0198700430526294	0.086397833851108	0.874246315416164	0.00594666268260649	0.000310763505160435	0.0039874505638385	0.00806887897621181	1.65026245039296e-05
0.000112412381897762	0.00158064989648342	0.0766676062499091	0.879655621417281	0.0126674658084029	0.0157791254358836	0.00412996895972303	0.000257689754296066	0.00914946009612261
0.000902591578855904	0.0008435984466096	0.0860711033766467	0.877281102724283	0.0155574736306828	0.0148749524230746	0.0033430449421733	0.00108395450451211	4.21783731621729e-05
0.000221398805619529	0.0216007045186865	0.08742014090901	0.874269676023321	0.00900288939461896	0.00134810695702911	0.00574779849388383	0.000158584974169709	0.00023069992366177
1.44470531964762e-05	0.00154900702096071	0.0821600011680343	0.879311832758969	0.012805048108421	0.0143224321244257	0.00456249000904311	0.00454369630357362	0.000731045453376027
0.000416341151414906	0.000783629233052106	0.0801852439799988	0.877424754165856	0.0204586832992317	0.0123269164170867	0.0049080894134204	0.00342732501043498	6.90173295041243e-05
0.00115474847417948	0.013307801366115	0.0875979128190584	0.876871920000803	0.0125118959544374	0.00397891048566625	0.00428713419271886	0.000270208866736078	1.94678402854512e-05
0.000244458235765909	0.0141474658727623	0.0887294157045396	0.873565571920788	0.0119593599357031	0.000504868907073067	0.00558802906402148	0.000123451363494745	0.00513737899585217
0.00150925755841334	0.00204383434374224	0.0759674047669374	0.881914989956258	0.0108243841167243	0.0217652450553814	0.0041125456852727	0.000175480524224259	0.00168685799304642
0.00495775187570638	0.00025041891034835	0.083934901050041	0.880000567059681	0.00644593576874049	0.0184883777751692	0.0051873837830634	7.45391900556732e-05	0.000660124587194722
0.0109186403072215	0.00161631308762591	0.0730362362390195	0.875884699788499	0.0111469286296312	0.0172749863368391	0.00442533510611366	0.00308419529120911	0.00261266521384063
0.00425787629219492	0.0234689153943671	0.0922304440066267	0.855961181407401	0.00977792961023833	0.000921004803925792	0.00545959867144554	0.00789905793679764	2.39918770031585e-05
0.000227949612613723	0.0265737766509136	0.0847347315899416	0.872366309529786	0.00812590984883532	0.000535657511837734	0.00579427788457786	0.000148260991421609	0.00149312638007219
0.000577208975900539	0.00731683000940429	0.0812045930409337	0.89770093817622	0.0062912063874169	0.00127902648382972	0.00279161534266155	0.00050729806983606	0.0023312835137976
0.00283517338341852	0.00521906428576232	0.0899836303255228	0.874894583187862	0.0117686234109643	0.00605412497779394	0.00329044129077841	0.00591435277362331	4.00063642741915e-05
0.00106449503392251	0.000470159918357708	0.0807108194251279	0.886844511915381	0.00857672050097751	0.0155207777028463	0.00445128893493136	0.0021293340520223	0.000231892516432885
6.14087837807174e-05	0.002033308319347	0.0851397266572994	0.880993753869114	0.0133331019249569	0.0120372638233541	0.00543652601641275	0.000264920167480455	0.000699990438255042
7.47303746904619e-05	0.0148309007643019	0.0791110011436131	0.882836237822211	0.00742691722684011	0.00864946830334925	0.00453115231671417	0.00232209735778507	0.000217494690494385
0.00523330137943511	0.00865872611724768	0.0850578906742409	0.882468929631929	0.0065432701271625	0.00867340443507951	0.00310466534479086	0.000196887936912676	6.29243532015742e-05
0.00881331185919159	0.000978727519998111	0.0805522709440029	0.869109335763257	0.0155257830106837	0.0128721495181267	0.00502823107853717	0.00288120567434464	0.00423898463185815
4.02062952588688e-05	0.00239533007505493	0.0749320672488483	0.885050147142373	0.0122605809407004	0.0194446772963374	0.00378121166413538	0.0019852420964788	0.000110537240812883
3.05110263994747e-05	0.0118032621095605	0.0837577312918781	0.882870395962333	0.0154071670975446	0.00108725034039461	0.00441011716605451	0.000590112223524599	4.3452782310366e-05
0.000388823571921471	0.00276671308287352	0.0803324610710766	0.885526878880621	0.0102408441490255	0.0157650318982387	0.00247161464723327	0.00234436327843414	0.000163269420575498
5.16022175973521e-05	0.00362422247541233	0.0830107287185068	0.868205376519132	0.0208693216404064	0.014249427206472	0.00541666328168985	0.00130595609632054	0.00326670184446269
0.00141382611038997	0.00114187050408338	0.0848657939030338	0.881108150594908	0.0144563867168231	0.0120536489222015	0.00451840686581217	0.000291892384237522	0.000150023998511124
0.0177940061028911	0.0160439117050688	0.0822189246325917	0.862355224602949	0.011480551666619	0.0064229338216885	0.00359124354595953	5.78724978923179e-05	3.53314243395027e-05
4.67806464188248e-05	0.0158472811117146	0.0914046943735763	0.866568653830721	0.00690394473115332	0.0136643889547713	0.005335430408964	0.00017016121584166	5.866472683948e-05
0.00591275101099204	0.0115960277044163	0.0848089313753072	0.878309862830479	0.00657296524154156	0.00101071302174104	0.00548591425104492	0.000330115603158431	0.00597271896131945
0.00674744513496801	0.00791210855448612	0.0792536340324036	0.880106365084037	0.012648255214037	0.00519197740571837	0.00367012509100747	0.00226039903481738	0.00220969044852497
0.00410892661640933	0.000669904275529529	0.0817722122367668	0.870675354808638	0.0159563170687319	0.0145678230681252	0.0043979018852696	0.00775229882925256	9.92612112768074e-05
2.08691734699676e-05	0.00180304013346405	0.0816788041748541	0.873514076351737	0.0157720224558587	0.0160202438031443	0.00539167039684924	0.00571037394246889	8.88995681537902e-05
0.000521380955142097	0.000911567353689891	0.0875932756420195	0.87643119891126	0.0160597585795012	0.00531810728622239	0.00518269151197772	0.0078406963307147	0.00014132342947279
5.59813393539044e-05	0.00030095187887012	0.0789024338476317	0.884683290095726	0.0159308078997989	0.00576281333183087	0.00560376563612546	0.00836667836078186	0.000393277609881123
0.00624835802758063	0.000796136365803687	0.0856338799001501	0.865203709518615	0.00916848079786603	0.0287599676487324	0.00343367596943733	0.000471090334476248	0.000284701437338896
3.95800083993432e-05	0.0178979892362801	0.0800721524688705	0.882192277906197	0.0107693612018285	0.000839169335957944	0.00506954471291781	0.00150350713852822	0.00161641799102043
0.0012235968102388	0.00141936101175162	0.0865383252384073	0.873960738747354	0.0128685963897993	0.0021376697897426	0.00611343087277313	0.0145902004745857	0.00114808066534781
0.000151218956087595	0.0073863092193847	0.0920803364927796	0.87481734513806	0.010590782420505	0.00989420942265782	0.0041129553308659	0.000899084613001198	6.77584066585439e-05
0.0117872971518387	0.00664152789491608	0.118152480298568	0.819918971808608	0.005832095418468	0.000116424561771432	0.0130472447991269	0.0244639244948623	4.00335718405809e-05
0.0016280932430139	0.0248226514424212	0.0857807826332308	0.868874123617349	0.00814913738400559	0.0035214345239536	0.00460902357310579	0.0021047553432203	0.00050999823969979
3.33607903584529e-05	0.0109199384690645	0.0887583321985318	0.878901980468492	0.00929242034641084	0.00336461945541535	0.00322897482262181	0.00523316400944976	0.000267209439655313
0.000935090936421395	0.000404398795708685	0.0858545484923693	0.864404364974137	0.0138645580074459	0.0257069523075132	0.0056539080459646	0.00121770238265983	0.00195847605778046
3.44516132413034e-05	0.0310453707737723	0.0955442200278523	0.85773185979521	0.00588336519668672	0.000448026115075285	0.00476761200021049	0.00450837022131965	3.6724256632155e-05
0.000200838829796753	0.000909242069994154	0.0828609480193075	0.884322950053843	0.00977873069743617	0.00677956797351995	0.00535445870027709	0.00969102978485609	0.000102233870969273
0.000471511342198113	0.0143831958232449	0.0875902176876879	0.870062679526261	0.0097659171544636	0.0133528610581738	0.00364223110399941	0.000142901510996827	0.000588484792973888
0.00279127198676291	0.00059904096629868	0.0759472186601174	0.878976085852581	0.011499494550447	0.0217075702907663	0.00469131675279726	0.00294424013819939	0.000843760802029829
5.87578477135312e-05	0.000925854297585953	0.0865227353528418	0.86943978220105	0.0254480441979033	0.0119848839528026	0.00518800243291198	0.000337681232917819	9.4258484272508e-05
4.35622224101841e-05	0.00037013742963328	0.0817025753038632	0.890866558576202	0.00775113793566794	0.0015330596120211	0.00432281801746916	0.0133913817994667	1.87691032665693e-05
0.00223845618948554	0.00298725115110117	0.0745802571857806	0.871698529738869	0.0135298113575725	0.016147730181059	0.00434899619161742	0.00178536171912464	0.0126836062853905
3.2210979904986e-05	0.00587388372922901	0.0814670010293524	0.884752221116846	0.00781379063646498	0.013104559329191	0.00358653410701331	0.00333520856983521	3.45905021628409e-05
0.000683083450026862	0.0129887759654989	0.0821420254267547	0.88158551688565	0.00744372529401862	0.00477290328716202	0.00377534811947797	0.00377582074240185	0.0028328008290088
0.000292654128490759	0.00688998287476136	0.0907803120818775	0.874675247806029	0.0097790874269084	0.0109627780122146	0.0050443177023199	7.76907493820803e-05	0.00149792921801681
0.000837392432305131	0.000618349941587561	0.0832905998421447	0.86567531351446	0.027751042237012	0.0152791577758137	0.00427171473384332	0.00217535156020497	0.000101077962628541
0.00800729870928633	0.000665962714720959	0.0746690230103041	0.880421533387144	0.0102820166853105	0.0216430073339586	0.00380062392801422	0.000373102325970113	0.000137431905291012
0.00435525711779679	0.000303064387409944	0.0837614839590359	0.868506569086813	0.0139302103598048	0.00448503652317719	0.00523397632058352	0.0144111211036248	0.00501328114175445
0.0016465399084165	0.000941423343590746	0.0820679877360492	0.881597255026653	0.00712115686431605	0.0209298429111505	0.00510911888401264	0.000372595921094566	0.000214079404716959
0.0116965286291701	0.00159257481791538	0.085803911851469	0.870013175365659	0.0128453846879549	0.0129355090867642	0.00430427507838278	0.000717332312180081	9.13081705047735e-05
0.00034585785564517	0.0274413665433665	0.0749053592991947	0.880133545485004	0.00869836119145855	0.0040420518482526	0.00296894916142738	0.00108509069880299	0.000379417916848512
0.00170212337281357	0.0088306878671028	0.0861261499520307	0.873759678122918	0.00841189636523503	0.0168389794435336	0.00368855748161825	0.000282189583917485	0.000359737810830684
0.000311352612982303	0.0140659434723596	0.0846108114794717	0.882135538883725	0.0105279188279737	0.00378434713533486	0.00398943869133333	0.000460852945435078	0.000113795951384456
0.000385003123496305	0.00440127766886672	0.078459648229252	0.88992371714864	0.0117040197085913	0.00819796964724419	0.00557060133350105	0.00129032059394245	6.74425464661043e-05
0.000853566607583248	0.00230578151568752	0.0811705545141414	0.888187148692863	0.00990472111462011	0.00935368731558479	0.00336969817789657	0.000418523980573483	0.0044363180810495
2.83927242251724e-05	0.00155368136191759	0.07957322451841	0.889040402525653	0.00790382364866569	0.00761558089264461	0.00389182032788591	0.00912151021619637	0.00127156378440134
0.00118403919145463	0.000314971326951176	0.0840348300910465	0.888899114788873	0.011354169153879	0.00764020653554537	0.0041648862493787	0.00227617530666338	0.000131607356208362
4.7995145900115e-05	0.0311768755988962	0.083897296805601	0.869625385805226	0.0064670031596896	0.00116634209814098	0.00480473947095084	0.00205056598390573	0.000763795931689882
0.00362434675047971	0.000575726536793272	0.0790311156394801	0.872444247638843	0.016785807932678	0.0134253491466947	0.00549611344583272	0.00778925427740002	0.000828038631798219
7.36880624908238e-05	0.0105417055001269	0.0873413314945346	0.885055373680145	0.0079076626213951	0.00385120579806383	0.00448504636681368	0.000580530384704037	0.000163456091725752
0.000469376994704764	0.00566766872479295	0.0839753594174142	0.880192577906423	0.00868723787234978	0.016154952771754	0.00363321683038574	0.00110261607185055	0.000116993410325334
3.19676452547874e-05	0.0224126282175535	0.0823788780282462	0.872279094469818	0.0160124551815937	0.000293539781086051	0.00445409628935633	0.00169094416898049	0.000446396218111066
0.00486185152956718	0.00356516882941667	0.0805325864084722	0.880654165343318	0.00979865680462357	0.0144412899900494	0.00585997729729711	0.000165940289030427	0.000120363508225001
0.000365718022178563	0.000992856922731078	0.0918618935746936	0.875374830119387	0.0107058989536845	0.0158087650343837	0.00455691606340751	9.13330305852048e-05	0.000241788278948577
4.44813773850028e-05	0.00232474805158927	0.0872670272900831	0.870692683338415	0.015337712387017	0.00563845928559744	0.00482049263112575	0.00962619568640605	0.0042481999523808
0.000786726880994913	0.000206452826214049	0.0743813961623269	0.880645321352504	0.0072593549155061	0.0289213638833061	0.00277573688256951	0.00285729948588365	0.00216634761069477
0.000361189581411053	0.00489110580049547	0.0844796987201756	0.876813918183098	0.00825673337163135	0.0184032773517764	0.00488139307096075	0.00187596920962415	3.67147108272778e-05
0.002372433159524	0.0130387309246629	0.088272037552227	0.872600910468403	0.0102977473339167	0.00695577496454155	0.00416108222639793	0.00186140583808069	0.000439877532245808
2.62372371745154e-05	0.00217621096680145	0.0886711665197388	0.87328340441271	0.0115019709066251	0.0134427914360021	0.00432916506259758	0.000535178450080289	0.00603387500826977
0.00380359955958069	0.0156680829726013	0.0782745751367345	0.872830867322418	0.0117214810794389	0.00253811647282754	0.00504813974493202	0.0100282439761823	8.68937352844631e-05
0.000120649512089063	0.00803632417642226	0.0828861575614808	0.875897849356022	0.010211681096511	0.0123630460072621	0.00577557710795429	0.00439527880885732	0.000313436373400861
0.0041256484515636	0.00113380092891975	0.0805230671240763	0.87011033608906	0.00737876918186468	0.030381545187608	0.00609936255500854	0.000187865405192812	5.96050767068102e-05
0.000164416420776236	0.000168557997599094	0.0711619288940786	0.877231355468387	0.0239299299749666	0.0109384431801791	0.00568015706806723	0.0102414025396158	0.000483808456330527
2.63615581688906e-05	0.0133392073230368	0.0817337293438899	0.879629496682556	0.00568392530916355	0.0153271058945759	0.00377146868985614	0.000227677749056831	0.000261027449695997
0.000832520261708409	0.00249105059792455	0.082351336995532	0.87939457249778	0.0120348537688672	0.0188044108882225	0.00319948366062572	0.000125209085979067	0.000766562243360384
6.96202066958679e-05	0.0239582679563323	0.0828831894439328	0.875563834190595	0.0123317749326399	0.00061755481082989	0.00411848619191922	0.000118378328530763	0.000338893938524045
2.05774712494419e-05	0.000579102209400482	0.0787495322391174	0.889445341309999	0.00858564801202712	0.0177773138104527	0.00370307941603131	0.000433504981734166	0.000705900549988557
0.0152979746499488	0.00487885043367607	0.0806131534851773	0.867131449758434	0.0125232614216432	0.0107492782210291	0.00454891807620665	0.00249699374042206	0.00176012021346307
0.000111794448573623	0.00603404956366586	0.0760950271484936	0.885710010332147	0.0120646337937237	0.0136301048907312	0.00478274163514852	0.000784938287497554	0.000786699900019165
0.000114110307954454	0.0151496468861806	0.087503304190924	0.870147836059372	0.0110458795068952	0.00729640504215645	0.00324590539560977	0.00534394451714095	0.000152968093766427
0.000439061458558315	0.0006564911135738	0.0775754228444726	0.879445224326339	0.00873582318193489	0.0290789036405871	0.00370514712158791	5.86632933838222e-05	0.000305263019562438
0.000167766720186231	0.0026996202777361	0.0780518579715671	0.887361628563494	0.011352974859451	0.00592870211136717	0.00358853868129781	0.010722132731315	0.000126778083585246
0.00307511807634482	0.0044339923907996	0.0824964140785116	0.882241908406589	0.00836500026329802	0.014049570152749	0.00403506624683767	0.00116311950810121	0.000139810876769298
0.00438473065145079	0.00239091792726682	0.0778198056806023	0.879538047027956	0.0121112708671716	0.016145549887233	0.00450165476626695	0.00306593704726439	4.20861447881763e-05
0.000597448375174532	0.00107195829148068	0.0818781818983958	0.874534261065125	0.00678107131590679	0.0145964950424277	0.00489412392091685	0.0142899728226883	0.00135648726788427
0.000629293692063731	0.00530122932006417	0.0912441365947058	0.871184073987443	0.0129434646102234	0.010257353703272	0.0051476114111635	0.00302353480716946	0.000269301873894809
0.00531261201907247	0.000410264564221565	0.0844347921937766	0.873060099424489	0.0129802509045327	0.0161461960289394	0.00597919903628111	0.00151987066370798	0.000156715164979311
0.00139802777147952	0.00366369544935744	0.0824564070835874	0.880603591125345	0.0127567227561602	0.0117356826194838	0.00401393449454171	0.00301936084478016	0.000352577855264366
0.000173016381458469	0.01490436908579	0.0805206330009512	0.878402971258341	0.0124622875441364	0.000602176205572657	0.00408597881030388	0.00744961477429118	0.0013989529391553
0.00497940571646716	0.00250015228037735	0.0857776718532429	0.876809930694187	0.0136484668986588	0.0119989802015732	0.00355766005928982	0.000674136014351111	5.35962818529217e-05
0.00034096889558256	0.00930367056771065	0.0785337678671109	0.874988661861952	0.0110336798215606	0.0100721935501249	0.00591252504000993	0.00856173978411768	0.00125279261183064
0.0099032479765908	0.000876528774686465	0.0839896674440462	0.867597886707911	0.0179354814452041	0.0102550959618065	0.00404385021022084	0.00199876617025768	0.0033994753092766
6.75576878020428e-05	0.00717527580056602	0.0816745074123029	0.890004692712352	0.0101667740700101	0.00436851839949388	0.00379174623172535	0.00260608751464156	0.000144840171106466
2.42041260434649e-05	0.000449697818639292	0.0777168170721945	0.885536035765897	0.0116017589646463	0.0201653057982556	0.003954359430706	0.000397453683639111	0.000154367339978715
0.00715216621849164	0.000346761600214066	0.0958078336000839	0.829384256580376	0.0141823063010114	0.004438746955756	0.00730301658260458	0.0307416838922362	0.0106432282692264
0.000168184284318402	0.000591856820566602	0.077023279966222	0.894027314214316	0.00787885525671964	0.00818327761585932	0.00376257526617248	0.00697328766468224	0.00139136891114304
1.85151628299387e-05	0.00581176058317944	0.0896192509179491	0.865637098040779	0.0144630218503121	0.0125990941534626	0.00735156286102221	0.00161945698885358	0.0028802394416116
0.000550352873540478	0.0105526296139785	0.0778836366379737	0.889062108986338	0.0103914430397945	0.00599131377605985	0.00454402813977284	0.00101469020806399	9.79672447795317e-06
7.26409652544325e-05	0.0136756600646786	0.0788598621988505	0.888039520355675	0.0085431261041162	0.00557875758342285	0.00487566203945756	0.000320266186880829	3.45045016637522e-05
0.00642138575896758	0.00141307085224774	0.0718049567652378	0.888725322592602	0.0109752188626029	0.0140809026575151	0.00473613294039077	0.000436223398113958	0.00140678617232248
0.000101718497825565	0.00178468454227799	0.0715089015681577	0.885749528159809	0.0126444354332887	0.020861466960279	0.00560502623840021	0.000437060282343883	0.00130717831761787
0.000955474773947657	0.00272870493920565	0.0927026349158663	0.859130024390781	0.0199577371846598	0.014078645808154	0.00583356828100058	0.00449100060950662	0.00012220909687774
3.35327452690205e-05	0.0122794705690001	0.0880411793169782	0.875259252027749	0.0129937735434938	0.00173692927589119	0.00389331115806084	0.00176545105881736	0.0039971003047407
1.24926770243572e-05	0.00700283311904006	0.0869659217682844	0.8830249934549	0.0120401275517659	0.00110240104416174	0.00449059945820819	0.00349742418729055	0.00186320673932468
0.000560283115355262	0.0119196925979799	0.0804488241013743	0.878800487906245	0.00710797581206974	0.00129066349395203	0.00611043230056736	0.0136648922052263	9.67484672301312e-05
0.000176227077857759	0.00658669583155937	0.0765172797025787	0.891060757123144	0.00846957686440884	0.00958028571570291	0.00425076934713374	0.00332096761366128	3.7440723953466e-05
7.05535724291697e-05	0.00240822386199372	0.0834370654166273	0.882677041552316	0.00597923285513589	0.0199872231135237	0.00391209378132057	0.000682410488276217	0.000846155358377064
0.00389572224492508	0.00636374495952103	0.0861212712064208	0.877649433523329	0.0113999453151431	0.000469901841912069	0.00473441077684579	0.00935151457237543	1.40555595280562e-05
0.00209930326768101	0.0150653027105466	0.0836068274920829	0.882486227290202	0.00863559319405166	0.00274452693048533	0.00425634174492904	0.000971615067032776	0.000134262302988625
0.00336214640213473	0.00320460848685859	0.0904817813866578	0.865729921478132	0.0131232818249036	0.0158972807415356	0.00329417359730553	0.00468257174568881	0.000224234336782886
3.17154859215848e-05	0.000161897529951827	0.0762255617337269	0.878303851648567	0.00826209347661092	0.0268269147461397	0.00423924138660411	0.000523052954078115	0.00542567103840035
1.56621304844391e-05	0.0309853111541094	0.0776187247865367	0.872579384630257	0.0108890182642045	0.00354500358114315	0.00426499497739789	7.98234424042097e-05	2.2077033463119e-05
0.00644330870553754	0.00595102019562816	0.107297844106526	0.825389397554841	0.0155356270937195	0.00052417600745327	0.00925456034691929	0.0281793856545338	0.00142468033484133
6.48786013151808e-05	0.0192876606880738	0.0808431684584377	0.881932580376977	0.00860230400202113	0.00416348108430351	0.00431843225179287	0.000715090093877255	7.24044432012925e-05
0.006266480949198	0.0018817010601266	0.0810933057265773	0.868231658446815	0.0169025804036963	0.0173735189453239	0.00495506736004324	0.00131399583541969	0.00198169127279952
1.99018528485065e-05	0.00950990927959506	0.0812858815693838	0.882232762148635	0.00761957775211268	0.0149123439857738	0.0031887735093863	0.000979084682753525	0.000251765219511166
0.000967119627757832	0.0230112063983711	0.0745708445900066	0.878619224297501	0.0108423546770612	0.000505119440112135	0.00380034771204091	0.00750158274500643	0.000182200512142745
0.000400208736240126	0.000820966876497476	0.0828780138014578	0.877709177172426	0.0100550305542769	0.0099127095963149	0.00553797834061675	0.0104159925170075	0.00226992240516238
0.000640805928823726	0.00334016919871311	0.0791311511720359	0.880043389095003	0.0189836658850819	0.0103451946798066	0.00406057338553759	0.00295517638030469	0.000499874274693003
0.000247639080365138	0.000106948847829216	0.0816626371006716	0.880137601324544	0.013184517116394	0.016311982592561	0.00645828141759597	0.00134164106522169	0.000548751454817183
0.0001494546842606	0.00435218575425277	0.0824035844609807	0.872681141550305	0.0231135887244241	0.00793139012662781	0.00451244280621975	0.00482667023774058	2.95416551887263e-05
0.00042582880930703	0.00188154309341731	0.0909340917585383	0.878674207261456	0.0108834437314001	0.0113340140194677	0.00500126868238984	0.000535856228889336	0.000329746415134451
0.000440188361839134	0.00287807518281391	0.0881500978504348	0.879594592567443	0.00972931459427827	0.0115550135365762	0.00445754089551336	0.000356279603707527	0.00283889740739349
0.00458117635215969	0.00467177240196464	0.085078153421068	0.868240122678911	0.0114869599010555	0.0183608307235008	0.00567675575014119	0.000977474792786681	0.00092675397841245
2.07393543209875e-05	0.00554871405074469	0.0809320961676842	0.881354129461744	0.00888693517904702	0.0154268046661831	0.00595930419600852	0.00146494070903125	0.000406336215236263
0.00357725501028352	0.00119269095873364	0.0805925080969834	0.872425242327989	0.0122241660006483	0.0182139600607797	0.00468393127742265	0.00664737446635709	0.000442871800802361
0.00260549420200732	0.00714370647669463	0.0779889991162661	0.871925539900825	0.0213374564850533	0.0120215981772029	0.00460549077794717	0.00232125013865668	5.0464725346386e-05
0.00272315953011065	0.00733896891966078	0.0775838143576699	0.883621014216456	0.0116622916490115	0.0105074516212086	0.00369493614372487	0.00278647216986999	8.1891392287421e-05
0.000168175067849961	0.000398393531616509	0.0817400698655634	0.868939634381438	0.0171672372382154	0.0214569448370493	0.00696648986075884	0.0031242834653314	3.87717521769456e-05
0.000198809445173965	0.0268399412834304	0.0785213478979612	0.876470443392818	0.011752744014942	0.00118054108920361	0.00484583744762549	0.000138370478435597	5.19649504095096e-05
0.00115612540743097	0.0125599526628561	0.0845790702933294	0.880085572981711	0.00654206583334644	0.00819454051425004	0.00448958964136017	0.00116603119694065	0.00122705146877587
6.8593265790768e-05	0.00951556997175567	0.0796874050158053	0.87504086208218	0.015957698093909	0.0132089566752009	0.00302557923936434	4.97466195936144e-05	0.00344558903640034
0.00328368587395997	7.06926843542802e-05	0.0857188974595089	0.831076552782896	0.00972572113701349	5.65583333894658e-05	0.0112054542242006	0.042623390306852	0.0162390471978255
0.000164615816152311	0.0129643957923134	0.0723800596052483	0.879048553740957	0.0157977468709828	0.00929877475639057	0.00521236735667004	7.97358796986011e-05	0.00505375018158746
4.6626391664535e-05	0.00070878988174108	0.0936009260056844	0.86567390918873	0.00697703577954747	0.0235678692708792	0.00528215446584708	0.00188741144837332	0.00225527756753315
0.000116341633904281	0.000683729051840486	0.0805211060605967	0.881639280946531	0.00865839641765211	0.0174440772766621	0.00482143365724482	0.00039899754651993	0.0057166374090484
0.00160231579791166	0.000257506194262357	0.0849844393524634	0.868248862462216	0.0152896779164757	0.0176505371058903	0.00551614850032385	0.00480827361831784	0.00164223905213905
0.00979599405677779	0.000973190532187759	0.0747692269873999	0.882643257479824	0.00854791349226813	0.0140799430920107	0.00400030804524619	0.00499223214543661	0.000197934168849524
0.000328887323817318	0.0258065227179884	0.0831534936410753	0.867841677893036	0.00965521366772999	0.00433393423869021	0.00473811169511304	0.00130342483689552	0.0028387339856537
7.82987582370389e-05	0.00597124217219718	0.0852161935063048	0.888362245043735	0.00896141620770481	0.00341092661109133	0.00376703195442899	0.0041547194384514	7.79263078497772e-05
0.00100139983287535	0.00727222698006252	0.0783126586354925	0.891899240261052	0.00877559953263964	0.0013570756140092	0.0033961850122684	0.00714456766733165	0.00084104646426828
6.43367972819035e-05	0.00329457842600174	0.0801908917563843	0.891905787316819	0.00666938456492996	0.00424437289199588	0.00490612035123258	0.00810589421163577	0.000618633683718756
0.00140947737927266	0.000514323351596776	0.0754171840429147	0.898264158386721	0.00605577778510296	0.00879679056709761	0.0042308198808667	0.00316888372492777	0.0021425848814998
0.000249987532878324	0.00314023184502932	0.082374315600118	0.884828395251362	0.00780789397392133	0.00908300166789973	0.00499798147034212	0.00737530602315752	0.000142886635291833
0.000162753438559343	0.000144674092339734	0.079856393141107	0.870480997405796	0.011571355811457	0.0241127081263943	0.00603360191297721	0.00578066494171432	0.0018568511296547
4.42398666359246e-05	0.000833476087341263	0.0855679456744198	0.877468356566878	0.0067518110151928	0.0182077137459967	0.00489435816944094	0.00357581741342862	0.00265628146066557
0.000305203793275701	0.0100999054673426	0.0795005511877185	0.878255755791543	0.0091660884808357	0.0142636148481277	0.00563931237261725	0.000758444619775704	0.00201112343876366
0.000159529107662243	0.000256934870655039	0.0842078868262612	0.860442020183213	0.0093710097124836	0.000493559505144382	0.00609398179579373	0.0306148380920994	0.0083602399066868
0.00487701304231186	0.0169035715352021	0.0774653778253763	0.877375023452848	0.0175751034255388	0.00105505895403553	0.00440884844427	0.000282735904155337	5.72674162622061e-05
8.42737624766787e-05	0.01974399174032	0.0848508165097113	0.876359132668518	0.0116010400092254	0.000404570735058146	0.00509867311779785	0.000805634385570774	0.0010518670713221
0.00167687722398769	0.000604482289122409	0.0877710500315209	0.879110790699441	0.00940109427795276	0.0130319543716326	0.00503925481193142	0.00332449024041594	4.00060539953436e-05
2.00135653796479e-05	0.00041683148208043	0.0870639787943497	0.871600466379136	0.0147073301890171	0.0216171776599225	0.00415301027601173	0.000174339168874056	0.00024685248522884
3.51155791909163e-05	0.00612026604514977	0.0884366941423612	0.879720017776855	0.00837475433751642	0.0107289481674132	0.00542086913614846	0.000771367551948647	0.000391967263416596
0.000287302582393993	0.000464991060558765	0.0919430461933914	0.869542344684182	0.0135524814773235	0.0155851020500929	0.0069473785991683	0.0014438001789628	0.000233553173926095
0.00329717227525996	0.00485230488829368	0.0846081928020281	0.874640288068315	0.0138879091350134	0.0128161507864377	0.00503241025599138	0.000743184593467361	0.00012238719519343
0.0026690820445235	0.000225550168593294	0.0862443200328075	0.871448527781193	0.00873421416072897	0.0253699887357083	0.00505809580873067	5.36547684491374e-05	0.000196566499266283
3.45121572117561e-05	0.00180343915870921	0.08753506146221	0.879507970661431	0.00706626721035251	0.0182387518003343	0.00511992872465527	0.00067992818393213	1.41406411640333e-05
2.82176772275261e-05	0.0249312998576872	0.0862349968728326	0.86896594651097	0.00993761512946231	0.000266603120596541	0.0042175801921355	0.00537841825926741	3.9322379820563e-05
2.5248657432121e-05	0.000264433490350146	0.0831707834897824	0.875791526423683	0.012817490713915	0.017994466829686	0.00438745629972324	0.00551479990779969	3.37941876279588e-05
0.00069225728593031	0.00180095375193809	0.0848315629659103	0.887975485094377	0.00438880254146806	0.0142424980329123	0.00508432858171873	0.000851876931839579	0.000132234813905282
2.57513468510814e-05	0.0209348767548952	0.0791161444054895	0.877506494576201	0.0121898388040846	0.00153067294374581	0.00318948290594124	0.000413336166972104	0.00509340209581935
0.00367146878137148	0.0285241971453129	0.0864354786220619	0.868585153925307	0.0077334017841046	0.00150182556710538	0.00345312772486468	7.82758391021895e-05	1.70706107693452e-05
0.000114639486714174	0.00167197954663695	0.076668358136984	0.883973608644775	0.0131787603847328	0.0088847756985502	0.00547426842197322	0.00207654371905991	0.00795706596057339
6.8346024605618e-05	0.00182610166641129	0.0872740094829413	0.878993533473634	0.00857500900650551	0.0193182766185144	0.0034577774570087	9.35894470516601e-05	0.000393356823327723
0.00767952001867081	0.0118816691727158	0.0759719219146207	0.873536183530955	0.0134193049097721	0.00242371351171048	0.00227436489029136	0.01278971902718	2.36030240835645e-05
0.0231901428677827	0.00123216130519032	0.107998165179021	0.819549096700763	0.0157979283611896	0.000717652070284942	0.00759609118518432	0.0238423037360827	7.64585945016932e-05
6.60671297787723e-05	0.00182120764983035	0.0815207598860307	0.876017976561461	0.00772236095334214	0.0263182905086788	0.00514102454395576	0.00015181645786891	0.00124049630905401
