Bcells	CentralVeinEndothelialcells	Cholangiocytes	Hepatocytes	Kupffercells	LSECs	Mesothelialcells	PortalVeinEndothelialcells	Tcells
0.197297663820889	0.000341837750356869	0.036637532055185	0.303597061536287	0.12157536378327	0.0107786464012649	0.000103565683216758	0.00980652121719634	0.319861807752334
0.206528628685424	0.0186832379393524	0.00158059161122521	0.353607978098515	0.0399786058193782	0.00152270232496373	0.00818242018783442	0.00102849205482306	0.368887343278484
0.230453421324118	0.00504923812582169	0.00381146014798739	0.27726922333501	0.119699190175547	0.0308773277405987	0.0010815835528778	0.00057139009224088	0.331187165505799
0.200882309730634	0.0218436091922487	0.000534509690028618	0.295977429732983	0.0822720050927819	0.0101902203100411	0.00650807758280667	0.00436669828418393	0.377425140384292
0.200835230534317	0.00102452583593343	0.00241109643090349	0.31264178993844	0.0903222369138854	0.0242957502585084	0.00245714254009864	0.00248271828265091	0.363529509265262
0.133374920959276	0.00265188185579966	0.168539942478487	0.236827997067351	0.108260441273369	0.0122321294458209	0.0283789651942746	0.0355674108643678	0.274166310861254
0.210696204563639	0.00126455451351561	0.00734391359643074	0.290663756431289	0.0971115465840757	0.0164943279987483	0.000917481334297063	0.00838097464424802	0.367127240333757
0.199983653744509	0.00803831867916814	0.000884255943614538	0.290327731145268	0.10638118961438	0.0116421042502732	0.00219617838229155	0.00300555189605783	0.377541016344438
0.220529939407773	0.00405455180609482	0.000558884841419399	0.301821220155473	0.0654465017100745	0.0126473795847813	0.00179821065595757	0.000680205333441531	0.392463106504985
0.206036693161044	0.00365215918474641	0.00175829329320745	0.3304817734885	0.0589883432837824	0.027794721566244	0.0010371284925201	0.00109572562582178	0.369155161904134
0.15213941792088	0.000858611790328468	0.0122474095955582	0.328416160365889	0.0886235154819298	0.00670029312340822	0.00129649389714939	0.0249071901258067	0.38481090769905
0.203498260582358	0.0037333787965332	0.000925442782620549	0.339443277084378	0.0583961103328542	0.0237173834098097	0.00022638359728033	0.000859864631968522	0.369199898782198
0.167800988836601	0.062682099942665	0.000353125099921761	0.312848287667065	0.0582702271292966	0.00469670282565752	0.00344496110860974	0.00174080505818911	0.388162802331994
0.151979604453063	0.00142089205390048	0.00510389916396365	0.35539020687725	0.0497248856504254	0.0192239952481505	0.00116896625391922	0.0040599906998382	0.41192755959949
0.202380724405243	0.00260884160374882	0.00534538548255155	0.298988559770545	0.126131445059829	0.0093971177753495	0.00505766762266398	0.0253741445754935	0.324716113704575
0.21039825555249	0.0258129595421393	0.00045094184558754	0.340682012009322	0.0619835158239578	0.013361142397493	0.000333052898188891	0.00146077478545322	0.345517345145368
0.200688372567675	0.00540981044907108	0.000473775381478263	0.316524848281184	0.0775651790352873	0.0125362677906552	0.00201183717774973	0.00149567035008551	0.383294238966813
0.213892918623728	0.00655555159516051	0.00102995142479954	0.331400322830322	0.0504403049920094	0.0213336210298456	0.00965792975716282	0.00142170191113811	0.364267697835834
0.159257142720194	0.00319265228272296	0.00180696682216013	0.307374478319531	0.100118520490924	0.00586626322151656	0.00283530255413214	0.0124517329190293	0.40709694066979
0.141642752447534	0.00161378704998145	0.00131062657572214	0.340235869276781	0.151171931293235	0.0188036884463016	0.000123869557937311	0.0110940144373248	0.334003460915182
0.178200398128762	0.000923532801301028	0.00601880847435812	0.315814162243445	0.115090386464244	0.00597821939895504	0.000140842327821347	0.00165555073837062	0.376178099422743
0.179752776383937	0.000540594223776453	0.000444747169233166	0.299155992065939	0.077597422513735	0.035197844960005	0.000144217060955117	0.00124041562865858	0.40592598999376
0.190312175852332	0.00223669214575692	0.0430182392163164	0.335848976473867	0.0288948973087235	0.00642176857524946	0.000250744064968011	0.00545002739999738	0.387566478962789
0.195160274469665	0.0130784787109631	0.00112152997080351	0.294351611203891	0.0939489358268479	0.0283121749318402	0.0046971098729269	0.00116778198359017	0.368162103029473
0.170539257506757	0.00192913080744741	0.00778270208099515	0.327234679838516	0.0762954306899956	0.023892191635588	0.00634365154789218	0.0133722129556486	0.37261074293716
0.152351814087964	0.00112761009566722	0.010281438419024	0.324376567565439	0.0910159352083856	0.0114485920991285	0.000337049011895229	0.0226905846706519	0.386370408841845
0.219513166337426	0.0148634577217776	0.000536423622344911	0.314662080425562	0.0479530231583219	0.0230592409737182	0.000619045198774105	0.00134171437577493	0.377451848186301
0.191402677574826	0.00933482408379615	0.000282913654868645	0.342517165347065	0.0483801401406503	0.0112966294198039	0.000108859226952687	0.00168468868672623	0.394992101865312
0.146377328948953	0.00240227462632881	0.0025231961051662	0.342452561966401	0.101951197131489	0.0244950284749545	0.000946004481808939	0.000344233575585678	0.378508174689313
0.211936136335688	0.00693160526002257	0.000720468160593883	0.345084742294361	0.0588617669831026	0.00752839371967154	0.00191496829069182	0.00281867679169371	0.364203242164175
0.190493483023534	0.000864859962602507	0.00650059238584606	0.323682807336973	0.0641147696119768	0.0464575176368943	7.29010749902045e-05	0.000837540561749897	0.366975528405433
0.178599680030495	0.00201781627630709	0.000641331588337228	0.322046836783189	0.0482894901150915	0.0202316875347507	0.00648470169183899	0.00854365824985055	0.41314479773014
0.172307131854435	0.000808828022196584	0.00358671261021848	0.350453161833978	0.0597365724646834	0.0332284648197789	0.000522596673847119	0.00619981548634005	0.373156716234522
0.196510119763273	0.000613686900692343	0.0204335745489939	0.32380990837681	0.0458597655946794	0.0059286074392365	0.0215119298836323	0.0240643805589623	0.36126802693372
0.186468554302168	0.0044995452151736	0.000603257126161434	0.263370196378624	0.117441666306981	0.0418114243862846	0.000405481811672317	0.00124554090083487	0.384154333572099
0.176936164409885	0.00795506146140181	0.00741870324806393	0.301868327352852	0.111902324348882	0.0239257371577164	0.000136723340932672	0.000773888399364015	0.369083070280902
0.199113321192343	0.001921058666672	0.0015077583995533	0.325983702204288	0.0778191657664755	0.0196599696930005	0.000649908843790379	0.00330431398070359	0.370040801253174
0.183428218793309	0.000926361028582372	0.000778699063048837	0.337052497902839	0.0677742324652095	0.0208055733503846	6.23260246447912e-05	0.000333588447723572	0.388838502924259
0.219680533277456	0.00403135373115249	0.000460331250352935	0.318300655506773	0.0557783988646648	0.0312385841271915	0.00191648238199877	0.00341150304244688	0.365182157817964
0.222375702654124	0.00231040709729319	0.000772655698653177	0.296106070840049	0.0644896005753066	0.0163557310259277	0.0141846077976651	0.000597035356171584	0.38280818895481
0.242191412979326	0.00204272867351372	0.000165111050987754	0.329486055630875	0.118778726973335	0.00521030464075978	0.000712480015730344	0.0004402233295987	0.300972956705874
0.190772210688973	0.00105193801897816	0.00131189729517606	0.316914093583297	0.0840268548278516	0.019127671259872	0.00292112256092105	0.00187218422739762	0.382002027537533
0.181239778717069	0.000775629271448775	0.0332120244706834	0.310516874632055	0.0999279488773631	0.0175317138377875	0.0006686878950943	0.0122608330818729	0.343866509216626
0.242211704341137	0.00052209258627375	0.000841064382800596	0.305492860072828	0.0854381062616823	0.00473411460111418	0.000117872315328213	0.000412467227711616	0.360229718211124
0.221639483123742	0.0122681152097636	0.00197501107425771	0.337583288338056	0.0516694382576131	0.0192851477224558	0.0037793737593998	0.00128146381790902	0.350518678696803
0.18386259437956	0.0045438044073998	0.000297637587740622	0.312958226257356	0.0654924522880001	0.0363534792198816	0.0048037216826512	0.0128219890167487	0.378866095160662
0.172616385618872	0.0159105988041079	0.0127087287980716	0.332963998285057	0.0390362735915573	0.0221117380165402	0.0103694386153129	0.0369281316227956	0.357354706647685
0.189906269780924	0.0127228047978772	0.00935971133637013	0.367135239262278	0.033850638479914	0.0132023269887539	0.00416083099915595	0.00290849171247579	0.366753686642251
0.208272229142274	0.0206412835427027	0.00143710162630846	0.337854370462157	0.0822835888713565	0.0041710176244255	0.00477220637469224	0.00100801023697392	0.339560192119109
0.212180384505994	0.0103565996831876	0.000464706030089052	0.30025517443284	0.0533575756281528	0.0199458007064688	0.00869915151804797	0.0025048118632918	0.392235795631929
0.203286159071851	0.0122708817894641	0.000910056727231878	0.29543723833789	0.0876468846075436	0.0106042900623453	0.00300026030599387	0.00250690714869493	0.384337321948986
0.246265748560226	0.00516916857406768	0.000244151194468766	0.311680169507339	0.0477015844969717	0.0133520473608868	0.000436882290998063	0.00782983219794037	0.367320415817102
0.191642003733199	0.0296941250483544	0.00195651814190839	0.314095811799387	0.103218758178059	0.0158336983758364	0.00395659077026615	0.000694161956847408	0.338908331996143
0.208234169480828	0.0454621546635729	0.000619392634448644	0.334484113895623	0.0285412724210436	0.00282926901461778	0.0135076670535275	0.000474962366743065	0.365846998469595
0.182317002445093	0.00230306753251365	0.00242302664382633	0.32418772408135	0.0782846528314252	0.0129642139102392	0.00016130745140984	0.00065139216016473	0.396707612943978
0.203737764368827	0.000491129230103284	0.000573515344836486	0.334455980916649	0.109685905919948	0.0179214093446331	0.000145090843318155	0.000468970933458194	0.332520233098227
0.249718895823944	0.0222469853790973	0.000548513198709495	0.338943576007732	0.0388885508375534	0.00390390070191018	0.0181063315564902	0.00105244592743594	0.326590800567127
0.154429599308118	0.0016288193197097	0.00172719826774958	0.341399922198849	0.0899689456106662	0.0162316455789462	0.00429802066446944	0.0148914392562329	0.375424409795259
0.137492726384233	0.00178211101794897	0.0127532686283612	0.325632613458959	0.158995482375636	0.0135446510934378	0.000425528174470934	0.00109330699233977	0.348280311874614
0.18349092082817	0.0089749393514525	0.00600036581989671	0.312900303147092	0.0798799773147219	0.00465918819008994	0.000170707258615494	0.000728062413389447	0.403195535676572
0.172524204314834	0.00140516083132435	0.0557441343502408	0.316481538749383	0.0636482922543052	0.00805346971217231	0.000123870628939769	0.000186746028461799	0.381832583130339
0.22099502648114	0.00102132729914283	0.000257552031310162	0.309608696577362	0.0689793166272764	0.026368157509909	0.000181233583182645	0.000392619779619841	0.372196070111057
0.286687862067796	0.000580057837942387	0.000273120353002589	0.321676860297976	0.0307059925562215	0.0178650046942087	0.000523258743373969	0.000306338575526284	0.341381504873952
0.257921139400133	0.00100699516048724	0.000221896345873514	0.297376145231648	0.0679809981564051	0.0214499647309592	0.000503924949719049	0.0046456396190349	0.34889329640574
0.227875359903673	0.0339597729319961	0.0016964759256332	0.325054809767994	0.0567475220626542	0.00677961501998783	0.0179664782684001	0.00405611898299366	0.325863847136667
0.159614852960172	0.049667705486658	0.00105824078308982	0.331736724786555	0.0383890768662132	0.00527269254486281	0.00396264522252794	0.00133363372111846	0.408964427628803
0.142803846258267	0.000187716990992125	0.000111497637670141	0.364185851020991	0.026705968007458	0.00040813659688713	5.70007723965852e-05	7.88332177093997e-05	0.465461149497629
0.226041617219321	0.00208262236682445	0.000775255566043008	0.34688015299947	0.05832858808849	0.00597146647186887	0.000143618027909862	0.00104450557419402	0.358732173685879
0.141138527214768	0.000569179109507642	0.00319285846822364	0.342323309654514	0.0474276683258379	0.0200250910272729	0.000320053904470482	0.000261601581158847	0.444741710714247
0.141208791276033	0.00222256419241823	0.00910596189042011	0.352451193457909	0.104278449914312	0.00452761499365879	0.000224789110959244	0.000393157513423891	0.385587477650866
0.230413407159965	0.0072926344428578	0.000354523039259558	0.314401347290668	0.04013020216998	0.0189101829928768	0.00547002139181715	0.000532234525501514	0.382495446987074
0.178565790740229	0.00934651594313628	0.000845974320100668	0.339757293272021	0.0373901220717166	0.0143752850309574	0.000171783992873253	0.000357596718979041	0.419189637909987
0.216181916596506	0.000409563389211454	0.00104698232717718	0.266679470538884	0.107946230047456	0.0161332868658389	0.0027674419914075	0.0006238307442605	0.388211277499259
0.167793789986053	0.00214583911373895	0.000743752916316206	0.32702939838221	0.0920419616227014	0.0293638154099012	0.000107599186651809	0.000859217920156707	0.379914625462271
0.142177405164202	0.00375454717686149	0.00158725895138518	0.319937293126435	0.108007844787028	0.00248007382630115	0.00283187600899778	0.00446681408218431	0.414756886876605
0.153337644027281	0.00581247171845898	0.000422395906121157	0.350009470548372	0.0643903756643644	0.018739868030494	0.000102985496265636	0.000528318114080564	0.406656470494562
0.153211907502141	0.000967738208880793	0.00300178144549155	0.277981456534901	0.149553401365007	0.0165444242035783	0.00260706838822314	0.00112437700716742	0.39500784534461
0.17914828298651	0.00110519911382217	0.00749390366247846	0.33063582285225	0.0931938382395475	0.0079125244786377	0.0013499196808836	0.00376128554859118	0.37539922343728
0.225590390847647	0.0109033196257144	0.00222975136670499	0.302571179411598	0.0616382246826532	0.0162035412785843	0.000134644694958642	0.000544895960598212	0.380184052131541
0.170797158368781	0.0275331932229281	0.00727866424291157	0.320580175941729	0.0442261522504333	0.0265966961058102	0.0203368343606396	0.00698694926022815	0.375664176246539
0.19051090230357	0.00102051622358265	0.000346912389109324	0.333293173773156	0.0503266111449847	0.00510789659394804	0.00300167178142098	0.00355527047550435	0.412837045314724
0.232827905256307	0.000399059247960945	0.000339453424904239	0.282459347720897	0.0797029976926943	0.00463904167392887	0.000234910070291554	0.0121979381283288	0.387199346784687
0.194847807537994	0.000633842347618136	0.0100223916105896	0.286312722994413	0.108877129298588	0.0306259946790079	0.000681152205340247	0.00710331809519922	0.360895641231249
0.124356743691834	0.00112023796572714	0.00310538434217879	0.341113120610822	0.134228243560308	0.0236649040046359	0.00257986353863476	0.00320220169019206	0.366629300595667
0.167984913283325	0.000482757109516233	0.00852008236851678	0.317150218574061	0.0981237209548143	0.0110333154393695	0.000243997650117053	0.000841763675231239	0.395619230945049
0.195902437708238	0.000406921862028116	0.00201584340823056	0.318654814664208	0.117384488746194	0.00853400935268051	0.00692936373225924	0.00918020662124243	0.34099191390492
0.21181698876839	0.000390263620433209	0.00539915424351591	0.302334989891087	0.0518336268410989	0.0396327943351764	0.000283517003044475	0.000487463704799439	0.387821201592455
0.204951191975202	0.00365045322555464	0.000645968911440696	0.310308443827935	0.0704932926736021	0.00524072550155908	0.00441752301176257	0.0155071291135574	0.384785271759387
0.187746221219371	0.00110464968854658	0.0122463353998272	0.352768436742181	0.0882013309276214	0.00211013606527858	0.00629648939984139	0.0226281094143449	0.326898291142987
0.136197478738357	0.00385860995419704	0.00470697716354484	0.359668038219613	0.0770339703897402	0.0153795490123212	0.000154356560335426	0.00389664474959049	0.3991043752123
0.175868170836127	0.00892330841444874	0.161244817208868	0.216848220177272	0.0167540116183889	0.0014864902896344	0.0759505155024918	0.0395313702108348	0.303393095741935
0.197211479898703	0.0356253987964796	0.000732040342027797	0.344125457993358	0.0510887973776511	0.0133752224697133	0.00364621848857606	0.00196529772936653	0.352230086904125
0.178431811445397	0.00280187166423146	0.000641061357523835	0.359467305218279	0.0485243585067976	0.00660639694164457	0.000121603837202005	0.0109594776860138	0.39244611334291
0.176341974226482	0.00145575886462427	0.0022055710588244	0.319728290495047	0.0993471442987794	0.0344246413889297	0.00214997325880997	0.000657152255289461	0.363689494153214
0.151632327033209	0.0662085791974251	0.00106453241280021	0.364627945483519	0.0226728056521977	0.00229942191310262	0.0205259565964596	0.000694667011017087	0.37027376470027
0.21687130537279	0.00144587657602762	0.00563768394213469	0.345556296836182	0.0591939547399521	0.00869469561381247	0.000627644409758	0.00150145917330285	0.360471083336041
0.190755915148707	0.0318284243213187	0.00461337004566521	0.33617112810941	0.0364741267500376	0.0112808172627141	0.00396889258141664	0.00138615660155148	0.383521169179179
0.222864789627394	0.00154508709990923	0.00236710933521969	0.308584884181003	0.0684716637324954	0.0394235461888691	0.000805293899520598	0.00168558159342157	0.354252044342167
0.173000469767953	0.000853002285811166	0.00107294967230475	0.29540864428039	0.165371110092674	0.00432030359867328	0.000625606902784701	0.000432141745910648	0.358915771653497
0.184799390537644	0.000467596123970324	0.000938390821324251	0.335443200796798	0.0473007202941319	0.00240121128958879	0.000155910185653766	0.0153225945146758	0.413170985436214
0.199339374118321	0.00641532019334992	0.00101652598987595	0.277526203982015	0.0821472529901054	0.0115114243007585	0.000830819568096774	0.000725421450232245	0.420487657407245
0.158089451484127	0.0106214331716657	0.000410644454046127	0.348279704965896	0.0392349635456964	0.0321850322193181	0.000414082737351994	0.00129474045798222	0.409469946963917
0.153637108350878	0.00795583274878219	0.00116465701752076	0.34072953103521	0.0425584235587286	0.0116842637509436	0.000448597773732564	0.00515209475322971	0.436669491010975
0.179266717380225	0.00424743496085341	0.00119393821887322	0.345128041500122	0.0590410153787061	0.0185285068115837	0.00129166940333952	0.00102619558213368	0.390276480764163
0.188823454560446	0.000455349974497273	0.000783817578040971	0.278203373583605	0.186381579903751	0.0202104900883705	8.23763258711691e-05	0.00104961122595391	0.324009946759465
0.20979979354115	0.00210692518034968	0.00102777126629748	0.319312840252393	0.0710967546488938	0.0244948247636872	0.000234056316382386	0.000603385420176298	0.371323648610669
0.199103736326551	0.00187981044131564	0.028148395017885	0.31433192598149	0.108585381683312	0.0107076898351648	0.000512907059811192	0.00826019154042134	0.328469962114049
0.22280895201487	0.00166957441602255	0.00051144598438025	0.318138557823385	0.037923832205011	0.0316612998938353	0.000347587250869007	0.00257270146353868	0.384366048948088
0.274497155894849	0.000825267710906981	0.00369467897817976	0.299603881943135	0.0764156435060036	0.0142536365951896	0.000332494289180643	0.00485952187833717	0.325517719204219
0.173039466220006	0.0266887494276097	0.000323210467215003	0.328032122759552	0.0378876821291507	0.0266433203644836	0.00144347253288127	0.000672899495008182	0.405269076604094
0.21431947124543	0.00893720518965875	0.00036128598702745	0.318573031340724	0.0408399098745038	0.0248602942100724	8.79970119071238e-05	0.00570744143479188	0.386313363705884
0.168183981763381	0.000801000662155843	0.000752028920964721	0.32683646884892	0.0783030050672875	0.0116175790625868	0.000573999247645176	0.000464460303679597	0.412467476123379
0.191393924345265	0.00273009763815746	0.000773974238622162	0.322825231618684	0.0691260766634663	0.0141459673667617	0.00439232731778476	0.00132589027993862	0.39328651053132
0.190087933974086	0.000953383263768415	0.000616584591980234	0.339165637154971	0.0530146394961374	0.00628928580164509	0.000190975093931766	0.00206386324475609	0.407617697378724
0.238528441399068	0.00190265368396258	0.00123326775531374	0.353168385726725	0.0466375216663062	0.0194252414492994	0.00012637600035774	0.00144413196402217	0.337533980354945
0.188116618287999	0.000423082999464309	0.00683847210860888	0.346693106755746	0.0637459324582886	0.00834610812652061	0.000150771019028399	0.000718059060088194	0.384967849184256
0.191918361704831	0.0338563716129415	0.0066431603836826	0.306157044983275	0.0352396521038052	0.0239104572694273	0.002145731438496	0.0016153585379909	0.39851386196555
0.248573967627446	0.000383199645885521	0.000378565642243127	0.294070785604684	0.0858013294338116	0.0269751860007388	0.00868856243447236	0.000559007078074766	0.334569396532644
0.239967785638934	0.00501300177738554	0.00096405452301241	0.321331307973598	0.0378151096356214	0.00656860637936515	7.76239978572124e-05	0.000923742119197322	0.387338767955029
0.212298610826366	0.00137279703489336	0.00342454624309823	0.338744280954245	0.0454486225900568	0.0259047213170974	0.000187617521632524	0.00173614534674938	0.370882658165861
0.216396873346297	0.0320841240516724	0.000782884710985904	0.300296096155498	0.089379185470064	0.00527868507361633	0.00332165394854867	0.00174785295800649	0.350712644285311
0.189216511154363	0.000800529657625529	0.000585175736487465	0.329767810753445	0.0612258202387864	0.023225820746224	0.0073235668591114	0.00105821321052345	0.386796551643434
0.159878876836457	0.000766109130150886	0.0127166595567926	0.364621781196314	0.0743327031387298	0.013555076753533	7.71586962641726e-05	0.000872074001532161	0.373179560690227
0.177273775358236	0.00400537697825655	0.00509325874359039	0.314179887837313	0.0949142581059872	0.00603054090506795	0.000117479846197395	0.00304650300450298	0.395338919220848
0.242708190883725	0.000510099398860834	0.000172410698361237	0.309863355679842	0.0332739063351237	0.0526099443513286	7.91924965589108e-05	0.000725447551666305	0.360057452604533
0.218119290320262	0.00181038176166164	0.000404111159160631	0.33702245375479	0.0384025913117239	0.0427006173159253	0.000146701270312773	0.00029983305618745	0.361094020049976
0.254610875457961	0.00249768045980841	0.0023044461305062	0.327766677727327	0.0631833585565803	0.0114517794111451	0.000785817952892596	0.00464100303535625	0.332758361268423
0.192513583188496	0.00127832765311498	0.000489208802175538	0.315247462374442	0.0649002937827722	0.0105131855972667	0.000173547043136358	0.00213143412313938	0.412752957435457
0.212927966209639	0.0178819570077501	0.000259707228067323	0.311067694024712	0.0581550712442107	0.0118156061573617	0.0064388462572178	0.005139474023615	0.376313677847427
0.19045846959328	0.0016441795840607	0.000590124012965432	0.337223205907609	0.0729212495263124	0.0346519448366617	0.000162948084525983	0.00996540093481355	0.352382477519771
0.193446333133454	0.00165761638565807	0.00114399137149459	0.370652687489793	0.0488326998929057	0.0494745662090344	0.00332485157321338	0.00195342585297133	0.329513828091476
0.150547562635005	0.000683387316961718	0.000332003658990921	0.321353501113333	0.17512152299708	0.015393114149374	0.000122665846589803	0.0036215733147439	0.332824668967922
0.195302537102137	0.0117537753975401	0.00242770799924207	0.330269665285063	0.0194991906817945	0.02641168341306	0.00393369819313845	0.00292766289141696	0.407474079036608
0.173443310545284	0.00258540165220242	0.000766684812929128	0.307812505028679	0.0719238106091057	0.0229683260125997	0.000181102959388277	0.000649256215316158	0.419669602164495
0.233100789134971	0.0319261844155413	0.000425097147991938	0.321582099106557	0.0743110897342091	0.00183136025068198	0.000153540727013185	0.000317441632536762	0.336352397850498
0.158165928773386	0.000752777159621198	0.001203716649306	0.341706440919666	0.0598945209656713	0.0289122703332901	6.51832071564572e-05	0.0020521195654807	0.407247042426422
0.236458584701727	0.00248808009358772	0.000311196382488908	0.296120605619823	0.0743184083936969	0.0133140775231658	7.37972974408185e-05	0.00683818572600672	0.370077064262064
0.156975054510267	0.00381251347854199	0.000876049877163327	0.331764823133372	0.10625144819569	0.0215406763974935	0.000672352532880165	0.00131330203100277	0.376793779843589
0.202135149904806	0.0177704678779546	0.000834103451937824	0.328324885688883	0.0564286135370804	0.0189576512122174	0.00225951895405445	0.00115746828780104	0.372132141085265
0.13690617861284	0.000455003525937369	0.000192207522188375	0.322292351841493	0.0714147156000776	0.0441596230766808	8.44964374588015e-05	0.000278934544764369	0.42421648883856
0.219038533655837	0.00242715470442667	0.000856125868560478	0.312098351773821	0.0600999791700679	0.0178877251047329	0.00166826507050813	0.000622144620649507	0.385301720031397
0.212241717533062	0.000802340890267212	0.000842602751827983	0.342178231515218	0.043019389762235	0.01898880258578	6.04646345969745e-05	0.000317260220004318	0.381549190107009
0.226761166488687	0.00248326833564583	0.000471188660165217	0.295476419079317	0.0678175973525262	0.0314030587454684	0.00344310259653688	0.00244956306558588	0.369694635676068
0.186689098487187	0.00519226673688912	0.00072507499384076	0.32850757947436	0.0352542686744005	0.0415536746706138	0.000481261898070471	0.000793540755740051	0.400803234308898
0.233477430217523	0.00171199293877728	0.0308421177049706	0.30270930328306	0.0731734514053025	0.0135221947855733	0.00035848907821046	0.000603904592959233	0.343601115993624
0.244669122616463	0.00176337299911816	0.0010491522375931	0.315088403064717	0.0810503136703906	0.015408728154426	0.00242789924263192	0.00232414422165245	0.336218863793008
0.187273209670735	0.000870904827956949	0.000713325212385285	0.324707262621384	0.0877030265644851	0.0194558918791911	0.000299748139626615	0.00537891755881667	0.373597713525419
0.215470498200782	0.0172334106274933	0.00203513046464383	0.312445396413402	0.0738296751180835	0.00678499519632005	0.000921479161803563	0.00194023081469903	0.369339184002773
0.160213556643595	0.000268399188667586	0.0245686892193916	0.317619047634428	0.100624373514157	0.0100212058790721	0.00205255238289816	0.000373638479970417	0.38425853705782
0.232798795649005	0.01177530862691	0.000678946566055425	0.31059818080784	0.0659832100199539	0.0151742368368672	0.0117287482462189	0.0136260914437533	0.337636481803396
0.201415663877059	0.000481699631021797	0.00450159408942271	0.294871221915307	0.114985200934344	0.0105246370903766	0.000188453046233957	0.000447173640061387	0.372584355776174
0.18358071087093	0.0120529050406029	0.000985046004367891	0.365629574405998	0.0570767260299189	0.0024030568212506	0.0019212123724672	0.000646936622889674	0.375703831831575
0.143157109687629	0.00136316805585359	0.000288686376870419	0.346918834465755	0.081019132074604	0.0228343553764901	8.52395501839564e-05	0.000373942201877908	0.403959532210736
0.186113245235878	0.00184357527395395	0.104103583883244	0.248517470173531	0.0781199045237748	0.0197801978177198	0.0248295215516837	0.0420588158539319	0.294633685686283
0.188457829487595	0.000693085196215658	0.000640918663086016	0.336485975693195	0.0427657581266931	0.00821623798844223	0.000103573022146672	0.000493232767420451	0.422143389055206
0.129591035984983	0.000556855685568207	0.00715806476075676	0.331238315206041	0.0906745300745473	0.00163296163389097	0.0129438958719544	0.00100018208350922	0.42520415869875
0.168562695343219	0.0106054772323976	0.000383794597120553	0.365205562938611	0.0539449229820897	0.0136485350066109	0.000343142162751111	0.000677498301234806	0.386628371435965
0.215334366755621	0.00315744875908926	0.000380896621081636	0.32367483494964	0.045027089348173	0.0195932513665529	0.00419470512791871	0.00138007545773925	0.387257331614184
0.124844519760264	0.000834726810787444	0.000240883651982374	0.325747442663473	0.0702628694266876	0.0136489998885097	0.00320865705977864	0.00125384478575074	0.459958055952767
0.120908374107703	0.00712051873788089	0.000190764938305931	0.335777191613147	0.092980039278366	0.0315389793434565	0.0010843155866857	0.000738358374372884	0.409661458020082
0.147034698530886	0.00175960645357198	0.0694696060941365	0.298472590743524	0.152963417400864	0.0114009206019325	0.00274585720342898	0.00934178345703531	0.306811519514621
0.216993586003713	0.00267637211268476	0.00144128293851039	0.310518028141704	0.0807880218518149	0.00243969213371604	0.00119280833818343	0.00214711517996518	0.381803093299708
0.159462713310088	0.00120681024816078	0.000824658357052968	0.314595057060128	0.0842841687319447	0.0138616090541734	0.000197296729336919	0.00177953248930287	0.423788154019812
0.234078393942878	0.00273214975862234	0.00179279343314004	0.293653203014458	0.0321388529878218	0.0327118454411319	0.00492061334469427	0.0026493124489796	0.395322835628274
0.179702467790689	0.00148126730413293	0.000399968709695132	0.342552122417343	0.0664520830559963	0.0179161525066183	0.00275182464684706	0.00859847546439782	0.38014563810428
0.20859475321518	0.00260032610702525	0.000593617607312438	0.313611997854423	0.0352858619652562	0.0269503444741866	0.00221312897549054	0.00339400555984059	0.406755964241286
0.235840029334717	0.00663526786087276	0.00195136096752079	0.328026751800334	0.0565836794366849	0.00320543481010788	0.000765830076881703	0.00229533869920653	0.364696307013674
0.194050194233363	0.00220368667230402	0.000321787018633002	0.335946594393123	0.0409383582043509	0.0128233981637685	0.000512137351426684	0.00352089415229768	0.409682949810733
0.225888875267043	0.00354390545010929	0.00854416104703175	0.288765557090061	0.0809236375989299	0.0253874096222357	0.00014928665773764	0.00477418459083958	0.362022982676011
0.169209565472761	0.000372594009658029	0.00123052523896869	0.341307750711295	0.046218820497452	0.0499812032516997	7.73018505594812e-05	0.000893474293525994	0.390708764674081
0.150557993130682	0.0281809468855709	0.000620799985217584	0.310141949648003	0.0625770984770221	0.0325638343857429	0.00602178546203978	0.000459573104335601	0.408876018921386
0.165433607070073	0.00332701788031068	0.107926997822006	0.229955150903148	0.0863678148621389	0.00746698273375474	0.0259379420058968	0.0623590914605969	0.311225395262075
0.22081581111437	0.0110470187872686	0.000773500590665717	0.31676459774401	0.0489753655923467	0.0132877180048161	0.00253425787222982	0.00180714381245339	0.38399458648184
0.230747470492185	0.000912794038475788	0.000270104232955649	0.272971405362589	0.123949170996163	0.0201075802025951	0.000171278240353728	0.00502960001293094	0.345840596421752
0.156918159532994	0.00194764560498096	0.000450881935747743	0.339371815048346	0.039130010724193	0.0377241953879668	0.000167367055227994	0.00100803267395906	0.423281892036585
0.190138812510362	0.0595807210066018	0.000641868400723754	0.315941320427848	0.0631071902675502	0.00610944471193088	0.000271305722025569	0.000584819721760112	0.363624517231198
0.167935797529096	0.00396939689385486	0.00554145748257428	0.313572596953445	0.0692152357814374	0.00471800429775037	0.00535178327778312	0.0133965890002235	0.416299138783835
0.208057805207001	0.0029941816323573	0.000463552670605088	0.31191269293173	0.104817829394979	0.0106771063758196	0.000996667702643487	0.00206012932761771	0.358020034757247
0.205630017381566	0.000403059167399991	0.00093726484013861	0.319709353521356	0.0844174481139999	0.0254200338446965	0.00972926768184554	0.000335357993919155	0.353418197455079
0.135851748028821	0.00289964638588722	0.0122671233905069	0.309509342009556	0.171005729787165	0.017098474180968	0.000294814415100301	0.000778939324466153	0.35029418247753
0.190042110026112	0.000629308770475184	0.0160625090377246	0.322355672859352	0.0640109490481309	0.0059212052296391	0.0113425058210163	0.00482620382932461	0.384809535378225
0.158234402134966	0.00136505648719518	0.00336500695050479	0.341680513283652	0.0530130026983415	0.0129424903439056	0.000404024930535513	0.000663418828587598	0.428332084342313
0.212618131105447	0.00342442638843221	0.00453001181299701	0.281219134023962	0.0717852026264291	0.0233225791267741	0.00639699423575146	0.00199229017003659	0.394711230510171
0.206266046840672	0.00688028800949812	0.000373910331754378	0.338484283715279	0.0689937990806957	0.0187003459484243	0.000882257318968379	0.00894711904626054	0.350471949708447
0.219088565647587	0.000521390332034295	0.00618668466766932	0.322892708815269	0.0758974545076412	0.0384898436068996	0.000271482896460633	0.00101577754423402	0.335636091982205
0.210129501034582	0.00100065834676397	0.00067212365985838	0.303977264727596	0.144136294627641	0.0223339974846923	0.000129448385389798	0.00144578299716761	0.316174928736309
0.180255807112026	0.00178648523500859	0.000527416598249502	0.318770634692238	0.0732285574619919	0.0206550397391536	9.93018405960441e-05	0.00659219777590279	0.398084559544833
0.13428888328179	0.000506007074570656	0.00203117320098885	0.319781705529907	0.140507330553074	0.0266293666973015	0.00646496991742737	0.0121678238639586	0.357622739880983
0.175480981808416	0.0266649133246599	0.000634258732725372	0.341672969546068	0.0719295818956529	0.0188223600392765	0.00412231256994966	0.00139254060738782	0.359280081475864
0.175722015536314	0.0112793552785071	0.000421810093067901	0.332141345130555	0.0384608354753269	0.0150811174339171	0.0026892796259933	0.000535797245253665	0.423668444181065
0.169787574387803	0.00144226794207123	0.000628486707285062	0.309429762415541	0.108859993217114	0.0321563201081783	0.00028225347105535	0.000347202845795853	0.377066138905156
0.174578974184782	0.0152502463750854	0.0764342277668553	0.258770652953209	0.0399945631448011	0.00131712241020121	0.03081608034131	0.0779138323477855	0.32492430047597
0.181258504204026	0.0135638322477676	0.000354252437478893	0.307857088824227	0.098384660582342	0.0183475032493357	0.00083246461222229	0.00111545425784171	0.378286239584759
0.214728640351576	0.000819143149813942	0.0097546589528299	0.303597207015627	0.0416368186140576	0.0275025907981129	0.00697757259925885	0.00190472963762884	0.393078638881095
0.185837397927261	0.000870598336245976	0.000372657560188097	0.322626045714304	0.0384187105060042	0.0349814162206685	7.77980807770776e-05	0.000214665955708909	0.416600709698842
0.162930904157819	0.00200889377741641	0.00165873307173781	0.298350957461868	0.121561210599412	0.0197067327611656	0.00595580617103366	0.000525046419686073	0.387301715579861
0.217346194335052	0.000544355837691365	0.000327126468260614	0.332396878229484	0.0572563209534173	0.0120851639973382	6.90871509901814e-05	0.009476440080965	0.370498432946801
0.193656521443543	0.0160631131422801	0.000901688437753635	0.303630751833849	0.0611588652255734	0.035447537038967	0.00189318136658691	0.00250663792007208	0.384741703591375
0.176473329343704	0.00918608366924729	0.000396514979694818	0.364724849233082	0.0506113636074092	0.0077478160334547	0.00055932373264583	0.00109170331190383	0.389209016088858
0.223309218767586	0.00562423726454317	0.00224753925964252	0.308170048434123	0.0459167264520301	0.00698142311131525	0.000257372165424916	0.00025282498315539	0.40724060956218
0.196552414334929	0.0011685186327212	0.00306659592675563	0.343443491869673	0.0307672782075517	0.0133137315009993	0.000220102128136117	0.00147282890561205	0.409995038493622
0.219452156769229	0.000678206358122891	0.000660826574263592	0.35638939897228	0.0390600421216646	0.00746923016699825	0.000272830705182392	0.00163109518601783	0.374386213146241
0.226067336724235	0.00254996592288635	0.00105955451660323	0.334919830488113	0.0461243008114684	0.0152369247726127	0.000202730959252267	0.00242725467606615	0.371412101128763
0.140722569840445	0.000428472982223032	0.0190627967739961	0.354982726230159	0.0788174377742215	0.0514324718322234	0.00113646103695954	0.00384256926786753	0.349574494261905
0.185606955354207	0.00172792617934787	0.00419958218079024	0.338525611656919	0.0421339232529505	0.0301809335383064	0.000180774368377801	0.00206071081778667	0.395383582651314
0.201935870583617	0.00330407058647538	0.00163405489281312	0.312257965913149	0.0546333750009062	0.0346739767190027	0.006595882352814	0.00127779874308706	0.383687005208136
0.153495977016124	0.000529182001562041	0.0242022460802957	0.303538595526939	0.0680717627539896	0.00321454578945422	0.00706600243144483	0.0499901164595834	0.389891571940607
0.237744904035743	0.00839455495648959	0.000857791612760264	0.286771081447914	0.104037921298314	0.00659303883373196	0.000822052320568303	0.000677963288349686	0.354100692206128
0.198562866317253	0.0282542241025341	0.000457854247144105	0.320751639018444	0.0637267387094697	0.00172977798070487	0.00224248389303119	0.000962022232860552	0.383312393498559
0.153031747394869	0.000963434608000321	0.0330643305712853	0.34758310726658	0.0668582619991761	0.00754991814357985	0.000317698171355403	0.00246332948976165	0.388168172355393
0.155609992396087	0.000741918203749195	0.0100510819218831	0.343404499427262	0.106129826717365	0.0121032973067144	0.00022335961484478	0.00773662659693107	0.363999397815163
0.160661596045713	0.00840555410903145	0.00296665248483764	0.367740567858638	0.0532400654952021	0.0113623529843857	0.000195479244386198	0.00165661207674739	0.393771119701059
0.196594559901662	0.000992609447539635	0.0135957817281295	0.324399238812458	0.094287468253068	0.00727319458474492	0.00630727680043802	0.00503269683278111	0.351517173639179
0.16190375926111	0.0011552408035896	0.00516647237390993	0.320706974521507	0.0982873068889114	0.0154632628539254	0.000766731305971067	0.00130892219312974	0.395241329797946
0.227881584280745	0.000676426310539465	0.00213934691824544	0.340797930971524	0.0473760327569506	0.0328937946828717	0.000646750645165618	0.000414194551213678	0.347173938882744
0.147986573575913	0.00263348788000604	0.00344054129451863	0.359885779799153	0.0521020336948392	0.0329572761119962	0.000200576906524226	0.00106857803978458	0.399725152697265
0.152385529840854	0.0639467746172978	0.00705821716084835	0.336325385175678	0.0622968659240116	0.00191971822536983	0.00606493558909302	0.00149020924151836	0.368512364225329
0.184234343946044	0.000576955313246261	0.00163480684842927	0.315857279637085	0.0859292227575256	0.0363079448855378	0.00159483410495116	0.00174044775418194	0.372124164752999
0.207695454391015	0.00322100266392986	0.000235832702137704	0.358207180408861	0.0264424245474223	0.00912198602441034	0.00166224476992409	0.0011239905895882	0.392289883902711
0.215588204688444	0.00206766101575306	0.000213982885692664	0.296255861671835	0.063774338824341	0.0200538055353289	0.000217697972990518	0.00114191877851247	0.400686528627102
0.234656334295446	0.0284741031155243	0.00164001294138615	0.330277425173031	0.0339962309954769	0.0211252220348352	0.000180842267507028	0.000773179891290522	0.348876649285503
0.183765243508687	0.00302511619840969	0.000811716512789231	0.345965597807228	0.0822778750223997	0.00634199813553674	0.00254006070422355	0.00136495975079849	0.373907432359928
0.199678922965195	0.000999144814060332	0.00265401741830154	0.330552063185274	0.0586421073982529	0.0269338690829972	8.18716588192172e-05	0.000336096068151305	0.380121907408949
0.266233096934027	0.0220905652313614	0.000519922666504027	0.324726809262758	0.0763227517556336	0.0127723561185168	0.000187358671566169	0.0149791447693706	0.282167994590262
0.225377030951439	0.00062166578934875	0.100589429283808	0.232385370323678	0.0798863630072372	0.00312526708009556	0.0289480385028164	0.0353663023888899	0.293700532672686
0.185416083381244	0.00150665895261339	0.000866232878725033	0.32086814350791	0.0472549240802146	0.0423767591175625	0.00171098690196745	0.00402323016486204	0.395976981014901
0.124603713062343	0.000991477895328519	0.012246540570708	0.296620426446884	0.159332903565197	0.0423442111743935	9.31917265706516e-05	0.00276277641871661	0.361004759139859
0.208211709842218	0.00775774062419289	0.000397523612619297	0.3323088190746	0.0324084978598942	0.0315417814025245	0.000511627673831041	0.00042281540513407	0.386439484504986
0.181274625369152	0.00909865789353143	0.000809740157900983	0.325815416082246	0.0574121695524343	0.0222667150668842	0.000260238922066667	0.000544292447933498	0.402518144507851
0.185935868318304	0.00230431678941803	0.00154291812123506	0.325219562082644	0.150709481933221	0.0275649292626601	0.000120816255415188	0.00329807342226393	0.30330403381484
0.253293733647002	0.00403994967253547	0.0013779184718501	0.251335713203805	0.131582405216136	0.019511417032294	0.00085239379143225	0.000706354711820614	0.337300114253124
