Bcells	CentralVeinEndothelialcells	Cholangiocytes	Hepatocytes	Kupffercells	LSECs	Mesothelialcells	PortalVeinEndothelialcells	Tcells
0.00118061574721778	0.00710990223448751	0.000127350949709639	0.961779998921859	0.0156063377116042	0.0058496095195422	0.00616493503142976	0.00180122294098316	0.000380026943166672
0.00013233368390591	0.000132339199015667	0.000193886285900994	0.956370208200692	0.0245886980080739	0.00794653349627176	0.00390890902726207	0.00153808741847358	0.00518900468040446
0.00177593952567401	0.00546315719084703	0.000131791715315481	0.938751695936721	0.0373736434106547	0.00013179171557947	0.00150806036296179	0.00419788636787633	0.0106660337743698
0.000952442718886822	0.00013213549320615	0.00402481540339023	0.959516510814069	0.0134871513147404	0.0133504917797993	0.0016923094591193	0.0067120075235853	0.000132135493204114
0.000446198061792545	0.000132085294557408	0.00209229835851938	0.972577488592324	0.0122562678295832	0.00289839669960745	0.00096782458665715	0.0084973536147351	0.000132086962223511
0.00414320982356809	0.00013311959967442	0.00586185451032891	0.952577256732903	0.0236511611869054	0.00249325158004896	0.00134946516683829	0.00867387502421445	0.00111680637551874
9.00910155509447e-05	0.00832444665193791	0.00158493818780892	0.974861556460373	0.00868324477744339	9.00910154705901e-05	0.00366109584503994	0.000820342272923056	0.00188419377345254
0.000128153408178004	0.00236666860599509	0.00109770942407584	0.964565763567725	0.0203667644189886	0.00745553210404982	0.00376310165490601	0.000128153407962333	0.000128153408119562
0.00143859368371606	0.00792383030696854	0.00155070850865241	0.948782957102097	0.0256557320187733	0.0086881379605549	0.00436528388531174	0.00012729831966098	0.00146745821426485
8.93556778001257e-05	0.016208302509093	0.00204600804249216	0.952605698869932	0.0192813046186231	8.93556776684332e-05	0.00360449079018664	0.00598612813641816	8.93556777861216e-05
8.76046942858109e-05	0.00987111722870819	8.76072223312368e-05	0.951497234617801	0.0188084330624576	0.00375481398264574	0.00679335160803405	0.00151791178119028	0.00758192580254624
9.20463949564987e-05	9.20463949563218e-05	9.20463949597409e-05	0.965952113549051	0.0254902701136244	0.00662853548084599	0.00146884888166684	9.20463949101587e-05	9.20463950287437e-05
0.000735266472050211	0.00479745649706306	8.8571544011157e-05	0.970402784112539	0.0164191452386945	0.00577656748334718	0.00160306556410309	8.85715441496133e-05	8.85715440426712e-05
0.000298653048659337	0.00780788522454788	9.13767765718413e-05	0.967775012134415	0.0196099172892626	9.13767765084374e-05	0.00414302519675525	9.13767766834067e-05	9.1376776596332e-05
0.00187103657244627	0.00328127806115346	0.0155018112851213	0.942318099858992	0.0204312947603293	0.000133255621559041	0.00779649939283283	0.00853346882634046	0.000133255621225629
0.00101160062602876	0.00212901242293774	0.0012103680221052	0.956136022231901	0.0170234317796076	0.00864119194335849	0.00383317478815351	0.00582957670442988	0.00418562148147747
9.13218805693441e-05	0.00191331025487657	0.00379547633924798	0.959693206126727	0.0188434015365896	0.0103868967651842	0.000306073100718917	0.00256489580356532	0.00240541819252104
0.000130268497395994	0.006920293294766	0.00121084707563848	0.961835854094294	0.0121727559680754	0.000468289374313388	0.00464163868042802	0.0112179234116169	0.00140212960347201
8.90456190786481e-05	0.0173331744589401	8.90460685762417e-05	0.956509553542909	0.0202070551971659	8.90460684952414e-05	0.00411022442941855	8.90460686412601e-05	0.00148380854677557
9.01552918305842e-05	0.00102988993481624	9.01552917936805e-05	0.96514663789618	0.0167040507805106	0.0127493042162658	0.00327319387107556	0.000826457425735282	9.01552917919489e-05
0.000129017216059379	0.00943598668759624	0.000492507521992215	0.965424506872027	0.0129845954603187	0.00348836723743651	0.00356518199442508	0.00379488619697304	0.000684950813171509
9.13395808561037e-05	9.13337894994983e-05	0.000562168030646409	0.974063795260525	0.0164235625234374	0.00652487456582022	0.00206025866975752	9.13337897900312e-05	9.13337896674526e-05
0.000134160772137587	0.00361464332641948	0.0635310454332588	0.882471580989811	0.0251471850392119	0.00172040754676167	0.011536614842368	0.0117102012776036	0.000134160772427587
0.00103373006517325	9.17018045263988e-05	0.000836693799204108	0.968923107858035	0.0116405724920139	0.00989927642292702	0.00288690262662131	9.17018046906316e-05	0.00459631312680862
0.0016659238376015	0.00870657219213597	9.24009223217282e-05	0.974308098864703	0.00949428543569531	0.000316953863491809	0.00366079116484648	0.00165988714979678	9.50865694077961e-05
0.00434711522857339	0.0024298123902687	0.0052454958102006	0.950334242495018	0.0212984048586597	0.00945204768995962	0.00466502840834098	0.00209800176062894	0.000129851358350546
0.00168384070665697	0.00408319220628554	0.00613387272085812	0.96886495568477	0.0155110341255946	0.00332274253068345	0.000217554099231335	9.14039628643528e-05	9.14039630556358e-05
0.00197909579949936	0.0146873847559439	8.84674846256924e-05	0.973840121181705	0.00279899954594254	8.84674845182571e-05	0.00531207096032237	0.00111692530299215	8.84674844502526e-05
0.00117647096216349	0.00699324801239106	0.000126997081338645	0.960708654312262	0.0210415907828368	0.00391346234601957	0.00578558233969739	0.000126997081770457	0.000126997081520911
0.0020542700735575	0.00215287515775424	0.00198079894386753	0.967690882183506	0.0157164077435335	0.00431014289395648	0.00456961739587616	0.000127912913574594	0.00139709269437373
0.00141359027458575	0.000127333908520966	0.000792234927556289	0.96088239323801	0.0158559424819371	0.0128905148143608	0.00275350567298472	0.00186064304902181	0.00342384163302266
9.10151615991131e-05	9.10026220425109e-05	0.00374903528206788	0.96607264837765	0.0123425392564447	0.0130756213475428	0.0040320279028241	9.10151618075659e-05	0.000455094888021117
9.23931394872799e-05	9.23928063155264e-05	9.23928061659372e-05	0.966358204064018	0.016870674726106	0.00322641332084804	0.00485986342062667	0.00831527291014427	9.23928062884336e-05
0.000666140223690162	0.00087192405843706	0.00065153677041555	0.964803966887343	0.0183389749252422	0.0109549754418868	0.00288629780915584	0.000128993781536731	0.000697190102292497
8.88605487967252e-05	0.00428253335320145	0.00129788176127128	0.972466318891469	0.0113645158178515	0.00224955480580102	0.0061057982955367	8.8867315795021e-05	0.00205566921027744
0.00322593682020514	0.000583364595074557	0.000132526870313794	0.953785251261349	0.0257287395453731	0.0106429872572352	0.00137569874976	0.000132526870574629	0.00439296803011443
0.000172302130245487	0.000602728002512899	0.00578417196583196	0.955246098730939	0.0198855231608224	0.0129904336467293	0.00463105817262939	0.00013277575528144	0.000554908435007957
0.000104410959188477	0.00105673983038095	0.00476796582133149	0.967536892983528	0.014917544857178	0.0113407917738779	9.18845914771853e-05	9.18845915099389e-05	9.18845915285778e-05
0.012025588510531	0.000129499154094314	0.0785810084751633	0.845096079623483	0.0175934940234147	0.000129499154099668	0.0243272197830189	0.0218487882322345	0.000268823043960272
9.29483668985969e-05	9.29505479721833e-05	9.2948366941065e-05	0.967910452536578	0.0167558103324825	0.00803119540813372	0.00388006580077558	0.00201032096818779	0.00113330767203095
8.89058892564773e-05	0.00321631837462666	8.89058892690042e-05	0.974380795949385	0.00576007801400051	0.0122188994893753	0.00184289540148294	8.89058892641622e-05	0.0023142951033396
0.000134866611508011	0.000394215074361738	0.00202249488680166	0.96373811382634	0.0176786100452995	0.00491474690100607	0.0053516456592633	0.00563044188348098	0.000134865111938879
9.01918510522326e-05	0.00204968476865803	0.000391492096709139	0.97005173259842	0.0147370821292797	0.00967435839887131	0.00109370200841711	0.000188355115950923	0.00172340103264122
8.92776056429981e-05	0.0207349324966556	8.92791251595329e-05	0.96142934409473	0.0118954059254005	8.92763649574061e-05	0.00549392613698295	8.92791254263559e-05	8.92791250447124e-05
9.22982991272241e-05	9.22982974949642e-05	0.000228298508534501	0.978070310359417	0.00944851164222892	0.0060383642717561	0.00188514318410506	0.00373507960037622	0.000409695836960289
0.000923193285797212	0.0211205165408219	8.98499601930502e-05	0.954388953313222	0.0133813011459205	8.98499603670191e-05	0.00982663587340476	8.98499601612456e-05	8.98499601118763e-05
0.00136450700102835	0.00271787007455953	0.0147739256584725	0.950055639295467	0.0168593890467436	0.000132148361467689	0.00780007597327204	0.0053249806061659	0.000971463982824055
0.00300352553760408	8.95675891507167e-05	0.000862242127768747	0.978859501889551	0.00981832979097004	0.00451255574295339	8.95675889764893e-05	0.00267514214393748	8.95675890875304e-05
8.95948653095129e-05	0.00579712144732718	8.9594865276578e-05	0.971919793917637	0.0163002766989052	0.00123878187799412	0.00254044643147018	8.95948653296518e-05	0.00193479503075094
0.00122793492278152	9.18112491824077e-05	0.0574008611665968	0.919859835866605	0.00666153987369138	9.18112494766051e-05	0.00618379312739779	0.00839060129490596	9.18112493628515e-05
0.00195943355392775	0.0128656919221334	0.00102280237896949	0.962234775423933	0.00679336973383123	0.00859549591494204	0.00560581292656999	0.000130292090033905	0.000792326055659475
0.000809540136145241	0.0113739393291738	0.0053466276034066	0.939749313776612	0.0273209516388554	0.000132617549224585	0.00628935830689471	0.00601991417992418	0.00295773747976361
0.00204384807302298	0.00844640220079314	0.00050331209026862	0.976965909104348	0.00567729842407897	0.00341957882115695	0.0027653954466142	8.91279199316206e-05	8.91279197853671e-05
0.00186059182943203	0.00767984377359453	8.92206160248233e-05	0.964371963391622	0.01662451440598	0.00681680424063433	0.00180425122559774	8.92206160123406e-05	0.000663589901102073
0.000133567969773566	0.000133567969697251	0.00280408644778242	0.962347420646456	0.0206628875847062	0.00357038453876461	0.00500420229735968	0.00503240471330008	0.000311477832160562
0.000260568933063513	8.90884358958378e-05	8.90925734908139e-05	0.967957487304123	0.0171301831648441	0.00889211741126903	0.0048055354366245	8.90925734439503e-05	0.000686834167244778
8.87671939302533e-05	0.0113592236516627	8.8767193879699e-05	0.966594520770624	0.0117933954730081	0.00393706925580752	0.00593837750968664	8.87671939271445e-05	0.000111111757473952
9.3791759102557e-05	0.00245507938031271	0.00651658783492738	0.960059646630531	0.0216046479105185	0.000143976607293558	0.00375646742541159	0.00527601069274677	9.37917591561762e-05
0.000679897666932064	9.10781561746737e-05	0.0009890737631368	0.973594009893024	0.0157306815964471	0.00834319987371413	0.000106924805870217	9.10328142633371e-05	0.000374101430438239
8.98934971487227e-05	0.00624958968324865	8.98934971165244e-05	0.981659746473854	0.00969502211920917	8.98934971155978e-05	0.0019461742377076	8.98934974939051e-05	8.98934971060396e-05
0.00241381260154823	0.00126440943042418	0.000128680418152035	0.960765548477195	0.0156871780405648	0.0160871978012132	0.00269395840617186	0.000342827351170765	0.00061638747356017
9.16626904532098e-05	0.00517294393099794	0.00158991930784414	0.967521863607664	0.0197515359495659	0.00128959982154808	0.00230696772781313	0.00218384409164194	9.16628724717813e-05
0.000132633421437849	0.000571562710789747	0.000166601815850766	0.95700624087208	0.0271693661392085	0.0109563241771162	0.000414260147471612	0.00239745969229915	0.00118555102374629
9.21120975584069e-05	9.21120974640763e-05	0.00370604921645271	0.963019973316397	0.0213816554400453	0.00564836735572331	0.00185267482504793	0.00411494355384849	9.21120974624299e-05
0.00433183466571077	0.00177712800904401	0.00187324891254863	0.965855420557805	0.0142768049239196	0.0104034593236366	0.00122405576968831	0.000129023918905603	0.000129023918741162
0.00157710822192008	0.00279188458609484	0.00158587129662861	0.965695876470126	0.0234963732571952	0.00147014973961858	0.00161057937980144	0.000130380520073398	0.00164177652854217
0.000627147074173176	8.96774789539953e-05	0.00146351135263493	0.973117761704571	0.00980226086632509	0.00937884672306697	0.00178064301118322	8.96793862780088e-05	0.00365047240281371
8.90588130912118e-05	0.0172340385344741	8.90588130474208e-05	0.95536450686754	0.0135052712652954	0.00311240471616053	0.00908308293947533	0.00033722112770365	0.00118535692321248
0.00442948791180373	0.00285070656818845	0.00106568311195313	0.97164983550135	0.00787566596643452	0.00670095687218104	0.000354766834815734	8.98979650750897e-05	0.00498299926819864
0.00427235119048827	0.00479047114456545	0.00107377817419237	0.956288268854501	0.0157520024547781	0.0120782802401427	0.00549365843501938	0.000125594753201549	0.000125594753111582
9.43540164144589e-05	9.43540163466732e-05	9.43540163941384e-05	0.970497928946576	0.0188147151415357	0.00873080852399537	0.00060922242888417	9.43540164109528e-05	0.000969908893442319
0.00359099304764959	8.94323495933942e-05	8.94411656866704e-05	0.956866475804022	0.0148185775499937	0.0126487202525972	8.94411657020869e-05	0.00662234231542531	0.00518457634932961
0.00527089905202452	0.000134055845822691	0.00414737247734989	0.967754367050223	0.0112298341708267	0.00619089896147773	0.00122408338701536	0.00290241047734296	0.00114607857791727
8.9188274750776e-05	0.001066628044728	8.9189558215479e-05	0.970947139294872	0.0162273264968808	0.00389359043512325	0.00394548745066663	8.91895581154901e-05	0.00365226088664782
9.27124733497887e-05	9.27124733013414e-05	0.00094802926503673	0.958890196402758	0.0259858168490881	0.0123839933358329	0.000802193365243836	0.000711633362066637	9.27124733222233e-05
0.000645834592469582	0.000131904207156508	0.000607034639546247	0.959467418718616	0.0292418589636533	0.00435229187594577	0.00238301623633071	0.00303873655952746	0.000131904206754679
8.87357071875564e-05	8.87356468384681e-05	8.87346850770531e-05	0.974812346756942	0.0152746034672947	0.00829111635555151	0.00117825801110625	8.8734684930046e-05	8.87346850727384e-05
9.18939370729361e-05	0.00207316227011303	0.000912419286712703	0.96071881194345	0.025004821781279	0.00626766499142318	0.00218562089693487	0.00188915767791077	0.000856447215103629
0.00675805706118166	9.23142759888883e-05	0.0177353487914296	0.953926629646688	0.00700343892383757	0.00182279304943689	0.000602385533303117	0.0112489152995523	0.000810117418582218
0.0047845455176354	0.00671414681408004	0.000126473799947666	0.954441675263441	0.0188153248556593	0.00914338982919108	0.00572149632080507	0.000126473799543921	0.000126473799696657
0.000402137221021372	0.000821579151219134	0.00430948708830648	0.961340137981328	0.01497497460131	0.00977259307029228	0.00444109974251406	0.00308009837109219	0.000857892772916077
9.89731845939446e-05	0.0080770857295196	0.0040054006309309	0.962841947855249	0.017400395494935	0.000894651326301735	0.00515760910982755	0.000987059483480034	0.000536877185162322
0.000317977430551182	0.00126206263933195	0.00556781918734344	0.960403721649554	0.0177230986638081	0.000307781100155684	0.00159233035656899	0.0121316127399601	0.000693596232726374
0.00651571487928816	9.1045286348391e-05	9.10471302073156e-05	0.950915480364177	0.0231356440686752	0.00799176763584762	0.0019070174751748	0.00926123603007665	9.10471302045479e-05
0.00304863274467975	8.96347801949684e-05	0.00165895879068159	0.977180424663045	0.00586156047333495	0.0104723326304347	0.00150918635713765	8.96347802692611e-05	8.96347802223754e-05
0.000631300649794127	0.00850117620700198	8.85037139197922e-05	0.971222778223372	0.0102179281176882	0.00671475915760541	0.00244654650244087	8.85037142214605e-05	8.85037139557875e-05
9.13727586999969e-05	0.00569273582531902	0.00199194068829403	0.972491897175513	0.0129121610072552	0.00324731937859056	0.00158642166015901	0.00137759959081214	0.000608551915357042
0.000605533122392173	0.00516258162426513	8.79950174996757e-05	0.97501862301903	0.00747477060167123	0.00235047012537991	0.00362494451654567	0.00237335399476515	0.00330172797845097
0.000806983327426045	0.00493956483241661	8.89469751347801e-05	0.970081715329418	0.0128598060442584	0.00757646479361116	0.00346862474727064	8.89469753325674e-05	8.89469751322574e-05
8.9082969579473e-05	0.00432175207024466	0.00167791133652035	0.960518515611851	0.0189664891248837	0.00802660734817493	0.00622147559975756	8.90829694627077e-05	8.9082969525355e-05
0.000455994920760512	0.00536812413661873	8.81986228715332e-05	0.97927936783175	0.00995512036135959	0.00300099953642379	0.00143032233653937	8.81986230357386e-05	0.000333673630641206
8.72149584344013e-05	0.0134964067685378	8.72149584811391e-05	0.977173485255571	0.00570501998935937	0.0016895997495559	0.000671789711733189	8.72149585225258e-05	0.00100205364980453
0.00119143486082274	0.0113602169001721	9.05513172841774e-05	0.970273712537008	0.00637078007838863	0.00354699132778399	0.00160790940917549	9.0551317262717e-05	0.00546785225210196
0.000203987448755345	9.20927966132731e-05	9.20927964358398e-05	0.964691871773646	0.0224344886190058	0.00689451074656605	0.00223847981522093	0.00326038320727841	9.20927964779482e-05
0.000135865866660052	0.000135858632116717	0.0164758218667473	0.944405085704141	0.0110057096710574	0.0029726568137771	0.0062342996389439	0.0178717713164163	0.000762930490139997
9.08680380456469e-05	0.00560421476658385	0.000204216046892001	0.968521999093973	0.0179210746876686	0.00649790472408586	0.000977974336001755	9.08741533386081e-05	9.08741534106897e-05
0.00130702471929471	0.00217117859431666	9.0004694510331e-05	0.96986820977475	0.0128336520915357	0.0106892280368831	0.00286069269962598	9.00046945546277e-05	9.00046945285318e-05
0.00350655266763999	0.00169829956505335	0.00422656213824354	0.966315236442704	0.0140350879520459	0.000136200424079786	0.00301360329839371	0.00581863148106468	0.00124982603077539
0.00250051935720302	0.00371074770963522	8.88202733631138e-05	0.973449706324016	0.00988646754814919	0.00776776801514205	0.00241833022549544	8.88202735458053e-05	8.88202734505704e-05
0.000361895578097626	0.0046492004204426	9.68664467897003e-05	0.976229051488734	0.0114658144405015	8.95448039684284e-05	0.00319570154401642	0.00244209782230239	0.00146982745514693
9.25754035959782e-05	0.00158587728406497	9.25754036453872e-05	0.974409265231816	0.0145116996641072	0.00570571664995055	0.00243950804571707	9.25754037432805e-05	0.00107020691335938
0.00234960523694508	0.00664750943249626	9.06809014856154e-05	0.96446354447864	0.0148332206745536	0.00908349842056044	0.00235057905244267	9.06809013906001e-05	9.06809014858004e-05
9.06341927175261e-05	9.06410227570605e-05	0.0026956967110584	0.96869165558407	0.0134755432064781	0.0134288736612065	9.06341928045882e-05	9.06341926231934e-05	0.00134568723628485
0.000569397568400829	0.00429517583216924	8.83733081835047e-05	0.980851899309519	0.00833769942868447	0.000763571819868582	8.83733082752802e-05	0.00134682727295712	0.00365868215194188
9.01965620902266e-05	9.01965621913821e-05	0.00261116271236592	0.963568246614615	0.0104352638122004	0.0155908641600664	0.00151969246792492	0.00251150087174425	0.00358287623680104
9.15984103872614e-05	9.1600897057819e-05	0.00415011600750347	0.967042327184305	0.0154910543194835	0.00790351911864754	9.15984104893737e-05	0.00246896316250892	0.0026692224896176
0.000357472735959172	0.00187383125246846	0.000126664398830332	0.958394892224986	0.0130766532382215	0.00938302137619349	0.00502116021147126	0.000633399693489912	0.0111329048683803
0.00268106829442622	0.000877444409886407	0.0021869704591486	0.960862425638356	0.0172415215542392	0.0129590352164484	0.00301132287498898	9.01057761858019e-05	9.01057763204166e-05
0.000787108502795553	0.000128147716180982	0.000363606753900942	0.971879534102355	0.0115304930460374	0.0123958015559768	0.00245602858800342	0.000128142745931617	0.000331136988817975
0.00303083594289073	0.000131431550209226	0.0108371611179717	0.954604683451821	0.00786960008970356	0.00536347272996295	0.00800608497697894	0.00875202095289637	0.00140470918756556
0.00290731787236137	0.0016129877017554	8.99386154894906e-05	0.942760991803376	0.0248992750095962	0.0126195253165881	0.00229266593692505	8.99386155828322e-05	0.0127273591283259
9.37352939073066e-05	0.00848509348088902	9.37352939224715e-05	0.973655888647609	0.0116995056189811	0.00304758517989278	0.00273698589682773	9.37352940524977e-05	9.3735293918426e-05
0.00154531643577307	0.00441265232459248	0.0160077225711855	0.950917632267207	0.0156054467135425	0.00906769363729401	0.00225854428126888	9.24958845716041e-05	9.24958845653129e-05
0.000805470711390865	0.000982463291024937	0.00147411904980094	0.971579674976554	0.00683723198154298	0.0105081283113858	0.00283537740165587	0.000127111387791054	0.00485042288885396
9.13927697475866e-05	0.00121611932490819	0.00229429931161486	0.96539979467924	0.0232779870263764	0.00560313323702558	0.00112478185429684	0.000803611954614124	0.000188879842176094
9.25130425979021e-05	9.251304267332e-05	0.00168190672057675	0.972794752017852	0.019769181076866	0.00242039349929002	0.00227178612854905	0.000784441429000419	9.25130425949405e-05
0.000133368688432791	0.0019499948926341	0.00342471665856367	0.959134519403086	0.0209323244452013	0.0112759177179386	0.000838776841978605	0.000133368688345989	0.0021770126638192
0.000135376861825537	0.0030589902970434	0.00584838009115712	0.96946909377455	0.00808147507249801	0.000135377716028509	0.00317902246990459	0.00938103015518797	0.000711253561804474
0.000901222103648501	0.000127666128578551	0.00302872199624864	0.971006879666556	0.0139536206395077	0.0062773157398419	0.00132085468609639	0.00325605291088625	0.000127666128636102
0.00255967701822517	0.000989577976525749	8.89844762684937e-05	0.978466161701371	0.0113590902433132	0.00534803066060062	0.00101050897114398	8.89844762619271e-05	8.89844762900538e-05
0.00158560931667842	8.86120876895981e-05	8.86120876086589e-05	0.968314050284243	0.0135803720954281	0.0139827355270333	0.00183488160435601	0.000436514909353563	8.86120876091265e-05
0.00402299800204488	8.77174204275958e-05	8.7717420394623e-05	0.975067255681355	0.0107562756029888	0.00735924681870695	0.000586086553926285	0.00194498507976382	8.77174203920238e-05
9.0108215599057e-05	9.01046951387487e-05	9.01051123443477e-05	0.975116907522549	0.00966905407463465	0.0102432834380974	0.00426651891344042	9.01051122849336e-05	0.000343812915911013
8.89823677596602e-05	8.89830465772213e-05	8.89823677050808e-05	0.975823064305893	0.0106204441069525	0.0130225967018022	8.89823677433299e-05	8.89823679267526e-05	8.89823676405195e-05
9.02536222474523e-05	0.0108202109489974	9.02536223018845e-05	0.958248355630588	0.0184154030837403	0.00598144779528964	0.003052407555084	9.02536223139959e-05	0.00321141411943746
0.000130022497119245	9.30636864591011e-05	0.0067905513983589	0.967045709970433	0.00980647967629158	0.0122736786887202	0.00367436050460248	9.30667890115261e-05	9.30667890035665e-05
8.98371045979503e-05	0.0017946705491274	8.98371044834691e-05	0.975422597932186	0.0160252352545776	0.00375286666635922	0.00228731272513373	8.98371043508915e-05	0.000447805559183082
0.000881975599497132	8.90022342723423e-05	0.000640203905087975	0.977072227960165	0.0100790385114908	0.00718655598448435	0.00110095702262183	0.000737812809157273	0.00221222597322284
8.7931590347303e-05	0.00573939527300462	8.79315902204583e-05	0.97083186819551	0.0175334212046467	0.00265198247119701	0.0022714167577444	8.79315902185244e-05	0.00070812132711123
0.000563121800221744	9.24993976575589e-05	9.24993977404847e-05	0.953004958016139	0.0282287870619305	0.012406127196175	0.00074883120242972	0.00477067652988041	9.24993978252476e-05
0.00220391132538423	0.00113219463117251	9.21183046409688e-05	0.963158906322863	0.0143307714152845	0.0169280592003605	0.00196980219103271	9.21183046311218e-05	9.21183046305992e-05
0.00440855015252153	0.000187108266496564	8.93519166016838e-05	0.962708457480107	0.0160001108945805	0.00905547114596946	0.00554481199028335	8.93519168978861e-05	0.00191678623654171
0.00128029970313492	0.00557990060860282	9.04483234083872e-05	0.963959121350088	0.016108449333135	0.00849996611807317	0.00241078149845293	9.04483233957368e-05	0.0019805847417088
0.00217135227463251	8.72065273652147e-05	8.72065272934684e-05	0.966193532196846	0.023541908257238	0.0047056369480003	0.003038744214254	8.72065271495974e-05	8.72065272212595e-05
0.00214501738788865	0.00406743641826355	9.22886166128915e-05	0.964001984204132	0.020850881852297	0.00380670707387457	0.00105577798206383	0.00388761784821947	9.22886166480704e-05
9.19589132936344e-05	9.19589133203006e-05	9.19589132982616e-05	0.96271415166857	0.0168780495793153	0.0105892702901416	0.00132992617606516	0.00333147618121624	0.00488124936477986
9.10126977681107e-05	9.10126978344429e-05	0.00243619391526089	0.958512946152812	0.0177966628825096	0.0124380908172785	0.00635608417395356	0.000613329142802332	0.00166466751978083
0.000468505950424039	0.00617322709318592	8.95821542378416e-05	0.971787115454453	0.0109552215071748	0.00368021425602382	0.00465156049304892	0.00210499093721873	8.958215423347e-05
0.000707744719690024	0.000129087607328493	0.00242776681409917	0.966040956814826	0.0154220352044386	0.00724826947634266	0.00422785347446105	0.000862952040462975	0.00293333384835116
0.00362053879563881	0.00899416068029129	8.90982798322525e-05	0.952861822363058	0.0233592788422419	0.00721593426609156	0.00368097021319194	8.9098279820398e-05	8.90982798337264e-05
0.000834861867424686	0.000132748892823247	0.00971087330675346	0.958595512162605	0.0174777964671012	0.00724978926168663	0.00162659208687092	0.00423907355061754	0.000132752404117503
0.00255468249434928	0.00426148233904138	8.89802031064338e-05	0.977403306129487	0.00873350928777177	0.00187912988885325	0.0027533967589414	8.89802029016326e-05	0.00223653269554789
0.00562032134816312	0.006671718358192	0.00130450716190419	0.964123053952317	0.0174729496159794	9.03659992627963e-05	0.00250204166139082	9.03659992407713e-05	0.00212467590354945
9.00244494493891e-05	0.00311263666573516	9.00244494730148e-05	0.973434866452291	0.0183424395053357	0.00096651033068835	0.00108759609248966	0.00054229027943342	0.00233361177510433
0.0037190071923532	0.00482899573448989	0.00173218870408133	0.966582697478392	0.0111812433638778	0.00484378234043149	0.00428867076883262	0.00144151164159591	0.00138190277594537
0.00199004140865089	9.26412907727057e-05	0.00342349415913125	0.971832787194936	0.00921847505273159	0.00954667140990665	0.00233248639194766	9.26412908035198e-05	0.00147076180111938
0.00208636680187871	9.0597699470959e-05	0.00430079238967877	0.959383907436603	0.0205620726537952	0.00951119691903338	0.00388387070037173	9.05976996016629e-05	9.05976995662418e-05
0.00111360376543317	0.00691250671729114	8.82347163519019e-05	0.952857120419125	0.0183944727810568	0.013900302869362	0.00648772929143706	0.000157794723595382	8.82347163475739e-05
9.2590969993149e-05	9.26230943278835e-05	0.0107580728664367	0.959211515607009	0.0122118674422918	0.00861985452159896	0.00189155829927412	0.00702932681507499	9.25903839934295e-05
0.00231260481891851	8.96385257970185e-05	8.96372385929911e-05	0.973864158008185	0.0112499743435859	0.00786510588984872	0.00434960669787621	8.96372385677078e-05	8.96372386279752e-05
0.000899854528928135	9.20338277802241e-05	0.00201687366209003	0.976726286616839	0.0161664788640894	0.00293832779953057	0.000976077045068345	9.20338278880014e-05	9.20338277864339e-05
0.0034866012035801	9.3474260444347e-05	9.34742603041838e-05	0.947666519594657	0.037816183803724	0.00864363904443961	0.000893208963739553	0.00121342460877175	9.34742603392031e-05
0.000267085396288335	0.00218726349402085	0.00800104146596302	0.954126785652908	0.0104202729588468	0.00803662513179412	0.00392503307627084	0.0122035114375382	0.00083238138636953
0.000330755880086788	8.90158085792707e-05	0.00127540147437681	0.975249092730747	0.00798628137799315	0.0106519862824739	0.00423966051756684	8.89029641406706e-05	8.89029640352788e-05
9.10028826294116e-05	9.10072907408388e-05	9.10068456513542e-05	0.968486379939508	0.0219972900045029	0.00187768092835856	0.00139269463417731	0.00207194340987489	0.00390099406455651
0.000907403603962054	0.0104135700363731	9.00857938927867e-05	0.96417327740193	0.0162361170852816	0.00146481054624563	0.00538782634176998	0.000498303887289818	0.000828605303254657
0.000125550362884158	0.00592494899799991	8.81932303412855e-05	0.971587082307676	0.00948624010329066	0.00299250930681535	0.003499746147823	0.00152998016278183	0.00476574938038817
8.78484707741061e-05	0.00420420478317537	8.78484708647759e-05	0.969026244451645	0.0106034006306787	0.00999927451084904	0.00467311956855089	8.78484711146994e-05	0.00123021064234672
0.000344737964460369	0.0100079991345288	0.000566983074442459	0.965965543230272	0.0178606109428065	8.87211923690012e-05	0.00361413001087555	8.87211919984044e-05	0.00146255325824716
0.000832141168311816	0.00361475797982697	0.000714979702910399	0.975323716662266	0.0107364167997961	0.000127778855399225	0.00240269671083767	0.00483617107448369	0.00141134104616837
9.13880099582885e-05	0.00448411113924211	0.00278693577800442	0.962275838353559	0.0223250754004361	0.00333925562253628	0.00425665666491642	0.000349349686721878	9.13893446256195e-05
0.000410861460454673	0.00128566245548969	0.00631495662420293	0.968253090680515	0.012114723695905	0.0102641001227539	0.00111611699743506	0.00014826108546723	9.22268777770006e-05
9.13579213146608e-05	0.00754678851174438	0.00061749113558475	0.955480072705626	0.0229879113200695	0.00385315836128501	0.00383353247766432	0.00549832964534164	9.13579213700802e-05
0.00256986452797001	9.21428728697242e-05	0.0055850700387722	0.965012575198028	0.00630426155615821	0.0156535380985786	0.00134556787778528	0.00196256020859946	0.00147441962123897
0.000637896183030268	0.00173731027576355	8.86578040418743e-05	0.975504518052383	0.0100720829031028	0.0100230102391568	0.0017592089341808	8.86578042775452e-05	8.86578040638574e-05
0.000316249937953636	0.00911816335924442	8.94401416221747e-05	0.955965917170626	0.0215024240055333	0.00823662645965876	0.00447347371629782	8.94401415977909e-05	0.000208265067466252
9.18839854230268e-05	9.18839854369246e-05	0.00416910853157845	0.97991277940598	0.0107694048108053	9.1883985433742e-05	0.00247746072383885	0.00230371058608628	9.18839854178915e-05
0.000623302376264134	0.0131587936454294	0.000604078359320105	0.970128834598359	0.00789591898725988	8.84032568998693e-05	0.00489300635741682	0.00150393276638028	0.00110372965267088
8.99935549798181e-05	0.00693340518106301	0.00180056965430966	0.967286007445506	0.0119803977730553	0.00745894189559222	0.00312574153594772	8.99935550119968e-05	0.00123494940453415
9.12388134930824e-05	0.000627395441000275	0.00306859546431041	0.964573396634116	0.0157770236735815	0.00870748218066121	0.00152384688528914	9.12388134335871e-05	0.00553978209411426
0.00507158574969832	9.14221118646067e-05	9.14217155194213e-05	0.955412107993722	0.0254088127173593	0.00940537847565144	0.00153944058774029	9.14217155554999e-05	0.00288840893288888
0.00256480306214998	8.84143578894967e-05	0.000331022574291384	0.968168333137806	0.0102015520361603	0.0162138220207651	0.00225522409515183	8.84143579851488e-05	8.84143578001514e-05
0.00158048695509294	0.0062125093188271	0.00012637971658552	0.967824135677633	0.0129523377523156	0.00572980929060144	0.00249166892006243	0.00215986993110449	0.000922802437777056
0.000984463444027249	9.06751664027538e-05	9.0675166359034e-05	0.970568760970751	0.0134295494558125	0.0122326511429335	0.00242187432099168	9.06751663695913e-05	9.06751663527728e-05
0.00461187054671409	9.26165353090902e-05	0.0066364603250315	0.955272487619261	0.0159065131037415	0.0129604201888753	0.00433439861034979	9.26165352708758e-05	9.26165354468789e-05
0.00110830743551707	9.01149041349962e-05	9.0114904113593e-05	0.971590132727499	0.0160526593798082	0.00519638286122249	0.00142072914676052	0.00436144373682867	9.01149041155151e-05
0.00485303580460993	9.04738839942285e-05	0.00142776349503041	0.970463215555288	0.0156745041282414	0.00563636159395502	0.00167369777100438	9.04738839438389e-05	9.04738839331344e-05
8.97383959975323e-05	0.0033467466227959	8.9738395993951e-05	0.968350304198322	0.0113322895220724	0.00763505977144466	0.00728672809549499	8.9738395958165e-05	0.00177965660192082
0.00127835236711298	0.00129508369956677	0.00445637237011857	0.962545607538357	0.0218563031006932	0.00739931774649161	0.000987104838910619	9.09291692627253e-05	9.09291694863302e-05
0.000797073243230467	0.000950083687629282	0.000311055929143813	0.968093955840345	0.0231440002856583	0.00468995105097963	0.000675791277081017	0.00120553703088562	0.000132551655046556
8.90882708360221e-05	0.00990150686024306	8.90882708315089e-05	0.968863840524631	0.0116814663848887	0.000750673122797159	0.0084461600241287	8.90882707749529e-05	8.90882708693358e-05
0.000934378137816585	8.97645034695251e-05	0.00381228671829794	0.970144811435437	0.0136906130072306	0.00744382855890118	0.000219393018227913	0.000257288190085623	0.00340763643053357
0.00010087094923309	0.00543317764954788	9.02386740835758e-05	0.968543462223203	0.0128211368119503	0.00576214976539852	0.00625471497936706	9.02386741772667e-05	0.000904010273039523
0.000803214331577912	8.91918281655424e-05	0.00081034680341389	0.962240918312144	0.0263908873838856	0.00939786585642333	8.91918282670674e-05	8.91918281004617e-05	8.91918280222003e-05
0.000451303737970548	0.00168835557778025	0.00154923304907643	0.96308358933805	0.021235570409137	0.00737668937993704	0.000846401005509212	0.00309705245321046	0.000671805049328862
8.95552228239128e-05	8.95554156537483e-05	8.95554155968865e-05	0.979145924496319	0.0105211339909522	0.00783647297602411	0.00204869165127228	8.95554156903367e-05	8.95554156674931e-05
0.000133029835016905	0.000133033352300237	0.000133029834951768	0.965221148481218	0.0176269889475974	0.00588022402806577	0.00246379036483561	0.00691324774507249	0.00149550741094135
0.000239770704873212	0.00229574651841814	9.24003727065182e-05	0.960945080837585	0.0289961728818593	0.00494580535490349	0.00230022258403887	9.24003728684337e-05	9.2400372747473e-05
0.00306471193421226	0.00553780584653005	0.00505574613773625	0.95457763122417	0.016980922925062	0.00851601923715349	0.00245948919930984	0.00367538755004144	0.000132285945784394
8.96221734956789e-05	0.00494525228190353	8.96221734712563e-05	0.973305532638974	0.0129125653585617	0.00553029745493304	0.00165925621709559	0.00137822952808574	8.96221734792403e-05
8.88021281897536e-05	0.00686300345868261	0.00554353987494408	0.964883052105778	0.0189934586363378	0.000822083946684678	0.00262845559319351	8.88021280540338e-05	8.88021281358177e-05
8.73358765278053e-05	8.73314015861189e-05	8.73358765630417e-05	0.989525397983024	0.00249966547428587	0.00298260173880915	0.00157275288926178	8.73358764019061e-05	0.00307024288354045
0.00218653767967172	9.18811883111199e-05	0.00173844035927859	0.966186347685268	0.013343790567848	0.00399052563154229	0.00379167913245687	0.00841334014399706	0.000257457611626601
9.19771766997676e-05	0.0092903601348754	0.0142470052263746	0.952915176877539	0.0158674104320388	9.19771766355128e-05	9.19771766555846e-05	9.19771767316002e-05	0.00731213862245015
8.83857029917565e-05	0.0104684602101749	8.8385702983543e-05	0.962672553597272	0.0148880292319653	0.00242764395434392	0.00424083062700196	0.0012099301359593	0.00391578083730758
9.46038587805279e-05	0.00210446427250516	0.00373842714615733	0.975938706769632	0.0117539199142685	9.46032298273467e-05	0.00283111292318542	0.00334955865591974	9.46032297242094e-05
0.00190950376366474	0.00107167459132815	8.8895632470344e-05	0.96924673901458	0.0142538861427778	0.0101787761011784	0.00097913664445836	8.88956327454312e-05	0.00218249247679682
0.00349937249482101	0.00726123053932376	9.22221072502227e-05	0.979397614208459	0.00610041753031361	0.000999104041776145	0.00246559486366706	9.22221071704781e-05	9.22221072185147e-05
9.26610898408355e-05	9.26610901457342e-05	0.000776841751683751	0.974846249650118	0.0158134090294322	0.000436731093788922	0.001562119657143	0.00321009292199264	0.00316923371585444
0.003490516737732	0.000128221735480735	0.00117005290156371	0.974030032829439	0.00866786484469807	0.00747756512584091	0.00387730717861494	0.000128221735218172	0.0010302169114129
0.000434282013466158	8.89860157068507e-05	0.000981675597261219	0.973207121468836	0.00938266728069938	0.0133814721339348	0.00234583129561529	8.89820971166434e-05	8.898209736411e-05
0.00548690400193987	0.00412406605145133	0.000129522659250832	0.965953937470424	0.0130839712329354	0.00346573125753368	0.00465551170160733	0.000129522659133455	0.00297083296572442
9.3739293990897e-05	9.37392938961762e-05	9.37392939452838e-05	0.982227835027796	0.00842800050042154	0.00753203174854687	0.00134343625351709	9.37392939638651e-05	9.37392939220263e-05
0.00115484294894541	9.02766228808187e-05	0.00227668190348901	0.96968850450273	0.0137869118180128	0.0033254656242537	0.000838749966250852	0.00666871773091429	0.00216984888252335
0.000231234395792988	0.000502925668760221	8.84884341901271e-05	0.982045227905111	0.00720592692958866	0.00694039358381453	0.00280882621413316	8.84884343781872e-05	8.84884342307201e-05
9.13330390890487e-05	9.13250926161844e-05	0.000778047543103924	0.960578641967836	0.0233374349075928	0.00955888633888517	0.00375048583694368	9.13250926331765e-05	0.00172252018130007
0.00383381555547752	0.00195252411420503	0.000126485184487404	0.96305062926379	0.0154228300628263	0.0106514893599214	0.00200223886674358	0.000515349751154626	0.00244463784139403
0.00321914218708363	0.0159244720191951	0.00207810933891454	0.958562824105972	0.0127403415525688	0.00162696254050511	0.00566786595906986	9.01411483325709e-05	9.01411483581019e-05
0.000745846222290223	0.0183673534274844	8.79280664367135e-05	0.963477789346302	0.0111732390546716	0.000646862353009792	0.00396997849701399	8.79280665206527e-05	0.0014430749662708
0.0065649610160844	0.00545383288628507	0.00232479503269967	0.975628227168227	0.00700541642373564	0.00275883057190311	8.797896701193e-05	8.79789670001695e-05	8.79789670534393e-05
0.00385762993538817	0.00230677732829975	0.0199630456854929	0.936847462523604	0.0151073670782273	0.00671898943056592	0.00829952324828249	0.00606312064594353	0.000836084124196187
9.23823640100919e-05	9.2391493245305e-05	0.000708249608790486	0.96500055748175	0.0189610497668139	0.00127117412520658	0.00473926664639236	0.00904253702061678	9.23914931742581e-05
0.00292220417496532	0.00457678251982233	0.000127022463911088	0.964221374116174	0.0150148519231971	0.00482908707876381	0.00633762543593791	0.00130584137728439	0.000665210909944324
0.000927427541231162	0.00158274413076436	0.000483303215513749	0.960918492632659	0.0157751515830935	0.000127639020569941	0.00880527158368313	0.00247201435114188	0.00890795594134327
0.000947546436254694	0.000226805442777398	9.00533947474596e-05	0.989212918618074	0.0069253824164477	9.00533948683965e-05	9.00533944368359e-05	9.00533950784487e-05	0.00232713350731484
0.00129898738389257	0.00342445982771713	0.00279771086993428	0.965312048056212	0.0121076776267107	0.0116247811602419	0.00325495883379921	8.96881207919723e-05	8.96881207000605e-05
0.00129598192469743	0.00267524353165115	9.29603243855411e-05	0.977116844086669	0.0146079106389134	0.00134189260730874	0.00133186315429602	0.000778854363269219	0.000758449368809243
9.2136685633734e-05	9.2136685583321e-05	9.21366855479258e-05	0.974187872125622	0.013735547278318	0.00686320301334219	0.00294371290478118	9.21366856779636e-05	0.00190111793549369
0.00223686016242597	0.0034044984924868	0.00222473434188047	0.972712575099613	0.0153404842598197	0.0020287922427898	0.000438332965696045	0.00148630985991705	0.000127412575370748
0.0013872287877382	8.90352519702374e-05	0.00408624911835403	0.971129517505187	0.0109645110627442	0.00979949032833635	0.00174469040903284	8.9035252367728e-05	0.000710242284269612
0.00115188082988934	9.36949141585001e-05	0.00732705043222179	0.95831653458283	0.0157135615945668	0.00551912866815595	0.0047268030822456	0.00588195056725031	0.00126939532868172
8.86435881540199e-05	8.86435881780346e-05	8.86435881513845e-05	0.958204732366298	0.0101782422461707	0.0266023610948146	0.00296039593238422	8.86435882552257e-05	0.0016996940075941
