Basophils	Bcells	CapsularFibroblasts	cDC1s	cDC2s	CentralVeinEndothelialcells	Cholangiocytes	Fibroblasts	Hepatocytes	HsPCs	ILC1s	Kupffercells	LSECs	LymphaticEndothelialcells	Mesothelialcells	MigcDCs	MonocytesMonocytederivedcells	Neutrophils	NKcells	pDCs	PortalVeinEndothelialcells	Stellatecells	Tcells
0.000796913433979512	0.000755058393046268	0.00939656597084704	0.01445443669726	0.00118306416931235	0.0222351062471836	0.127620619290452	0.00498257939426274	0.683322157578197	0.0170944331159458	0.00177982596135176	0.0194071540356575	0.000392526124137825	0.00391809792518427	0.000123374193273745	0.0091007255271707	0.00478021444455509	0.00756785744844725	0.0220896354121525	0.00318499874886658	0.00184476443346402	0.039516654247127	0.0044532372081262
0.000956088078816271	0.00612136944919846	7.97438017652795e-05	0.00140372095474441	0.0267531381173267	0.0146859197539543	0.120410533509311	0.000416244342767699	0.709120157334199	0.00226618550438889	0.0109538949882645	0.031005228835369	0.0105174166392157	0.000197474892847184	0.000835088835559593	0.000727050700434335	0.00256221558819118	0.00107336264587947	0.00146167335037286	0.00094634019960479	0.0132510422540632	0.0274308933316305	0.0168252168920953
0.00682415392235519	0.00166241295891701	0.000174538681834404	0.0019333115971172	0.0135184393224693	0.026194073407023	0.125787591083521	9.13251656231745e-05	0.700503739903165	0.00134292583687415	0.000627781178943575	0.02080692027405	0.0140090409293983	0.000130538682197364	0.00039397189134617	0.00121931407617279	0.0176836415426927	0.000650827708167231	0.000936066312380524	0.00217743547846006	0.00140990348173844	0.0217013933959316	0.0402206531696221
8.62571787597757e-05	0.000687659150836125	0.000299052782604134	0.0127247552615395	0.00658161011179469	0.000404108441434777	0.122011827125641	0.000155805730686586	0.700043588318014	0.000516898468355267	0.000268950414550989	0.0149431198999367	0.0292960668262554	0.000158232514384311	0.000347124897729955	0.000247648603174224	0.00194545746422702	0.000214795696553696	0.000278497904933313	0.000238521566521684	0.000304955934554054	0.045009766211801	0.063235299495712
0.00905134325455403	0.00217837503473439	0.000260854427996637	0.00596287721601078	0.00043577852892825	0.0113079805316563	0.122959159453356	6.27046992292461e-05	0.751001409917029	0.00143885711974323	0.00417986590211252	0.00645809048600172	0.0206203388018185	7.25869839783522e-05	0.00119721371549943	0.00140508842148959	0.0204003156229997	0.000613894728038748	0.00503597541277646	0.00206109959720194	0.00231684326068167	0.00378021280967079	0.0271991340744929
0.000916915482241059	0.0034275824766065	0.00198809449917181	0.0251959773639649	0.0118682551957912	0.0077605782600828	0.159588109808257	8.860884851476e-05	0.735178624335335	0.000454388930644657	0.000714677774068207	0.0127522954927479	0.00889067074972746	0.000126293471734105	0.000113205487682886	0.000190831809190341	0.000700194798510767	0.000237267296057367	0.00708878475026811	0.00178568041818676	0.000629927764135162	0.00655898143006814	0.0137440535570122
0.000216119845961909	0.000704364175158243	0.00730908774606856	0.0072481210597414	0.00176883649380003	0.0198991983623853	0.127567991691128	0.00532354698782867	0.69360877467533	0.00144524573857461	0.000865105713421618	0.0249094594767555	0.00483142960733096	0.000121271604342125	0.000313929380795656	0.000443221901676839	0.0190609552708316	0.000575246514465541	0.00098411653618065	0.000292552751628267	0.0013663172904293	0.00975989649920148	0.0713852106769636
0.0023122041104482	0.000121821689838721	6.96148918711809e-05	0.000130620475491146	0.00718892016890924	8.77150979322973e-05	0.201011093034666	0.0897675012919822	0.48161582421827	0.14255007822146	0.000589201810871505	0.00934456382391061	0.000308736584203557	0.00585491999922587	0.00381785179969422	0.000807185091880844	0.00476247735254901	0.000596262440072574	9.99887706227431e-05	0.00552853971851916	0.0387434481920549	0.00436746501078315	0.000323966204742215
0.000140028358275916	0.0118976390506388	0.000328999427987776	0.00712807967959962	0.00249935419133794	0.00282562637712637	0.114165667554753	0.00236108914915732	0.633327087633149	0.0055189507450535	0.0331515647633824	0.0384912022550975	0.00950383849357298	0.000293323190778863	0.000165396554067124	0.000811911595634389	0.00106083789160932	0.0535486403247051	0.00111648606113345	0.0048705957531435	0.0153232438497255	0.0220788754505226	0.0393915616495484
0.000775126374039259	0.000768202080734811	0.00255261714297583	0.0131362861332131	0.00921068744139183	0.0266289749419269	0.119883052390753	0.00197545174736789	0.670861074885312	0.0484599326898407	0.00862697257496786	0.0280363849562388	0.00239878184216192	0.00505962642746422	0.00028172600898259	0.000586457518157922	0.0131996555999749	0.00105261612229455	0.0020311453914698	0.000550647853025786	0.00070704554230348	0.0224274301725674	0.0207901041628355
0.00351192172414047	0.00391908805323363	6.70950488387051e-05	0.0139215769170315	0.0118793484266613	0.0115769805101655	0.141260322064681	0.000702199109552607	0.714819726756484	0.00517721315030922	0.0060141949529205	0.0266453897039718	0.000588387389574374	0.000928015143511561	0.00525540084284741	0.00558242228481522	0.00414227447706845	0.000544964287416162	0.00373784275688056	0.00671528322941	0.000222009916161402	0.0216379876935705	0.0111503555607547
0.000248044869401739	0.000964292993990464	0.00173512922899829	0.000590323508837174	0.018876483958278	0.00020274782010833	0.111781534059913	0.00108175010289498	0.697831129547261	0.000540011853853542	0.000946716163916868	0.0372320343568693	0.0142131340200814	3.92080586854454e-05	0.000357748546390828	0.00462921588052886	0.0181498531314649	0.0160833333254795	0.00103244290923145	0.00710626482547314	0.00109629884445644	0.0256308509579423	0.0396314510359427
0.0102678072165877	0.000612045744251049	8.38017963610667e-05	0.000525846429924014	0.0334717638929503	0.00184573123380464	0.131655352033311	7.77286668441978e-05	0.711812778014928	0.000740198131949108	0.00894515606552997	0.0353539805674973	0.00205094210420649	0.00022967104942292	0.000492837096377685	0.000656629850838686	0.0133865664376411	0.000507438283141713	0.00154644005905332	0.00115484556588557	0.0218086863242647	0.0165649520586927	0.00620880137653656
0.000381648291377156	0.0284970406284097	0.000406938446680005	0.0124179016711574	0.0117743563069837	0.00095052976887245	0.130889599585733	0.000132204895430146	0.708433460696579	0.00121039360586508	0.002055418828091	0.0400274965868556	0.0309149149710924	0.000102506422213687	0.00612256376143544	0.000691215455070074	0.00612357894743323	0.00228079745700437	0.00161254991649172	0.00352879048464712	0.000352261882121194	0.00861346920371148	0.00248036218674618
0.000794139092177736	0.00321676661478306	7.88327269998916e-05	0.00602108438348441	0.00240711128197611	0.000447094018325707	0.134569968049319	8.47096714822484e-05	0.710817889464934	0.00930604197422993	0.00494670300277894	0.0323705538145004	0.0355109226383497	0.00512542921368754	0.013845277853878	0.000436744770864203	0.000758632338326208	0.00287374189630094	0.000514125172105917	0.0113290163422817	0.00293655359661252	0.0149365216045201	0.00667214047808089
0.000282122361444021	0.013220035368182	0.00189348308558604	0.00102844365935082	0.0242725451289742	0.00146279114587535	0.148643437908118	0.00177713158964822	0.685691231736616	0.00172047972640579	0.00054655603349064	0.0137934885005645	0.0275641993581349	0.000852386902487686	0.000623774523426792	0.00619609714461145	0.000926963769314221	0.000335681947548685	0.000604126112451464	0.00179756044595215	0.000808394995829758	0.0306635891286949	0.0352954794272927
0.000374836677411399	0.000151453585298326	4.78243580111284e-05	0.00793404790414182	0.00191437953483527	0.00542274354906703	0.148047949519146	0.000123268068570327	0.720939554348848	0.000500849194410558	0.00875117552602583	0.0302899176108459	0.00524770486092114	5.94739412096369e-05	0.0055325119430167	0.000564449729553929	0.00157413119359409	0.00572835815690404	0.000356151121635277	0.00159286385888542	0.0205159139620381	0.0335841601495027	0.000746281206128001
0.00033870004858903	0.00307970932984511	7.57725179972211e-05	0.00261506344413883	0.00151688395612157	0.00768683292812163	0.13568208306874	0.00136991068099255	0.695524474017474	0.00141642746796912	0.00378701267164777	0.0274425576562451	0.00692210140620585	0.00931304912908456	0.00665774312158024	0.00328832504009857	0.0211122941495118	0.00146919186782559	0.0149626398513802	0.00237787581692129	0.0229492355538597	0.0245509977781011	0.00586111849754969
0.00803315436189934	0.0432052191360993	0.000708289474768039	0.00493958471078742	0.00144414418427993	0.00280836398774891	0.128229178140226	0.000156804497539454	0.691475273995197	0.00102236199606259	0.000661803931759578	0.00853232312619148	0.0234518840003488	0.000391289156228978	0.000484868631352188	0.0105557711379913	0.000285732060925911	0.000390219192037402	0.000649318004113053	0.00283632817411578	0.00155662145750658	0.0131632034514875	0.055018263191333
0.000538972515822366	0.0342253210499472	9.50669885281229e-05	0.011583247891372	0.00240858754564743	0.0101007625775271	0.121101952950704	0.000195732158204062	0.690762855237471	0.00339525028001684	0.000461875751633946	0.0218975871242086	0.0297979722802842	0.000173272423232195	0.000103313504203882	0.000368112141595982	0.00637871183337832	0.000251535334491791	0.000973013615073492	0.0043117545273645	0.000409309825919532	0.0417220381740303	0.0187437542693435
0.0107631016346258	0.000695754066268099	0.00564762028659861	0.0231806556060352	0.000337108864677589	0.0371141659003828	0.148605639746052	0.000143381336904335	0.687607503666098	0.000908812279540991	0.000491548861401559	0.0292438034568648	0.00221733343016281	0.000221509369285799	0.00048949526908874	0.00030122755986791	0.000134555377616114	0.000809376545673611	0.000467813643371327	0.000698442445423211	0.000346657637924302	0.0433604704099791	0.00621402260615733
0.00206299477043259	0.0196436646702271	0.00209569924503932	0.0109372903775672	0.00201196883320965	0.000796664610230177	0.140611497520018	0.000291882793115993	0.665679298516393	0.013744691731297	0.000690108408632889	0.0378776070455817	0.00374072460541459	0.000342499560377287	0.000312725931634097	0.00811449610636048	0.00803609258032068	0.000181089430019655	0.00107055357120927	0.00810589838648449	0.00807123626370534	0.031844133769388	0.0337371812733423
0.000712417774992001	0.00123089054494204	0.000150300244144817	0.00409660048996867	0.00733032201755939	0.000863600180143043	0.128745129260222	0.0106428678840639	0.657339197149288	0.0028323950983507	0.000690117244668119	0.0254488845363952	0.0350320918220396	0.00041803086997014	0.000497535538769505	0.0195185184564842	0.00879492270140536	0.0184218777120679	0.000842172886463895	0.000955868047850574	0.000811897815375167	0.0517693176338139	0.0228550440910223
0.00564392138819591	0.000984850240134036	0.00101128238607026	0.0114217663557965	0.0187196042764283	0.0113784741265469	0.105615710995201	0.00152731007013717	0.716935220516281	0.003914774828749	0.00113265474826678	0.008987676592306	0.00926888772048712	0.00110147326167009	0.000512118577988203	0.000346768893567156	0.000253981697555991	0.000435487187755772	0.00143466206361416	0.000442205047201432	0.0122552040789311	0.04402908906933	0.0426468758777856
0.000445144646090345	0.000791370420100654	0.000813666789580473	0.0122207054396079	0.00737628306153901	0.0503951724121216	0.119635133289364	0.00235527323943374	0.666405525453651	0.00122616632199812	0.00115265481501302	0.0247141716430686	0.00571155746690654	0.000471984150883354	0.000296522806968434	0.00518778092347273	0.000849662396776904	0.0110336229204205	0.00519448880191749	0.00242513284779188	0.000345110142099696	0.0441784572160774	0.0367744127951159
0.0147798628783881	0.00170833832601656	0.000489077320176761	0.00832250354058638	0.00133382240188469	0.00776906470924852	0.136769316416823	0.00280350981051884	0.653573648237104	0.00667516530893593	0.00110095568876382	0.049340932770869	0.00357439497749225	0.000111785600250105	0.00176649591137152	0.000705821975632846	0.0141501812494253	0.000805392473933763	0.00187783842365588	0.000630272515524599	0.00275404241727017	0.0439276060977817	0.0450299709483468
0.000558123921697164	0.00117752782016726	0.000288328423663314	0.0025972149454267	0.0155710281482807	0.00592036871750574	0.159546487741217	0.000194213072625181	0.722066582000544	0.000656235266342305	0.000352972842449144	0.0159735740816926	0.00939563665763248	0.000151283713993965	0.000484773799729358	0.00560576067529875	0.00138664722483105	0.000782915685005871	0.000561147130881886	0.000199458371699301	0.00881401539516802	0.0114689191105358	0.0362467852536123
0.000940059749651093	0.00120056346803472	0.000122689419778614	0.000858032410904172	0.00886219087289348	0.0101594727529291	0.164735926998668	0.000450001853475945	0.692064106842092	0.000830693438905031	0.00314720857539097	0.0310401797622579	0.00115724759881326	6.70215637927559e-05	0.0022293076950883	0.00125748926963575	0.0149638327594499	0.000440340832613983	0.00179229665766832	0.00459882086159549	0.000355415603864145	0.0112061392980242	0.0475209617144726
0.000110575365648266	0.00075184396912103	7.42298501517907e-05	0.00727981812191412	0.00827894053402825	0.0164646486936833	0.119119935472712	0.0025547881521774	0.682215020899449	0.000797640204007168	0.000651615565958554	0.0395589972309694	0.00192416393435283	0.000277009669228249	7.8972611978593e-05	0.000212887995031159	0.0116908060146625	0.000325103514265712	0.014395386309655	0.000692246897408424	0.000375669108302264	0.0280679899723325	0.0641017099129619
0.00260905505697598	0.07099467067332	7.1949939148709e-05	0.00324206343144622	0.0111662184627635	0.000884992483106024	0.13421551744376	0.000329512450923837	0.654550264555615	0.00232401934315962	0.00111491117681151	0.0341104822885502	0.0286584132421537	0.000131866788235118	0.000239489915754778	0.00357511097824699	0.00436228430994264	0.00242749786835765	0.00113712566422261	0.00204203402226434	0.00029072405401945	0.0377277170431167	0.00379407880810541
0.00125211170691137	0.000290502514076527	6.77602728227785e-05	0.000450817581731633	0.000884679669657986	0.000207014159283673	0.167574893550523	5.08945988066234e-05	0.687517383993538	0.000518641167223349	0.000805439764438899	0.0452239900588437	0.00831371989527199	8.22614853552086e-05	0.00216952718965328	0.00502889507911171	0.0193106217996615	0.0147199341117884	0.000242922626997969	0.00237889920783626	0.0184240681835419	0.0240107568150079	0.00047426456791686
0.00297039572041403	0.0211324922159975	0.00503514317166022	0.0109864249584328	0.0050679087710637	0.00326000802949077	0.14512398483407	0.000101905252561416	0.735628774581729	0.000682829038851248	0.000552620274141672	0.00427951453887282	0.00718877730965114	0.000310090074722228	0.000322482402597739	0.00355398182869272	0.00450584231264431	0.00580406706636582	0.000639909530272235	0.000640713934214912	0.000434050273532948	0.0093087975652945	0.032469286314726
0.000511180795432666	0.00335040157316031	0.000595125622880805	0.00824118844303756	0.00515865384419176	0.000799906909174984	0.135533220415093	0.000207692161732165	0.694957477793948	0.00211240568541278	0.0011638455447047	0.024053884987312	0.026513267024045	9.47436970172045e-05	0.000316581280490833	0.00370988750944954	0.0189915408466288	0.00321652375761407	0.000875529531997145	0.00324767736745786	0.000110067854391162	0.0209491969750634	0.045290000379764
0.0144608339632195	0.000793766447701056	0.00018290970224172	0.0081958673392024	0.00281987259908077	0.00102634209705045	0.113616129133337	0.000334614670617879	0.651185161895582	0.00152834797727729	0.00130064929896065	0.0299693133023945	0.0492248780338592	0.000278121872160509	0.00101835776468107	0.00677664106473781	0.0129874954461852	0.00666295771398492	0.00721078741072652	0.00373914155746261	0.00043900676223246	0.0611042407240791	0.0251445632232263
0.00123333468645785	0.0065395727648974	0.00544062696051545	0.000537459510747219	0.00107669459115269	0.0265458455347259	0.112416856313741	0.0738707380363712	0.668555910644331	0.0081219448173114	0.0010620391762412	0.0216926951381378	0.00174684227352582	0.000548721535203043	0.00042508905386392	0.00085802603086683	0.00646865718086419	0.00452327653559936	0.00092977670814649	0.00258198274929624	0.00154744729998516	0.0184094175898242	0.0348670448681947
0.000832685015286625	0.00347842477065457	0.000538849013856248	0.0053226665295046	0.00135701723667391	0.0107930537093375	0.139279571186698	0.000345553618891783	0.650318255259086	0.000783981062363505	0.000948153861625996	0.044282686340889	0.0262127849141477	0.000386790411985367	0.000235292028773221	0.00359781783309765	0.00980667518496754	0.00162714848390159	0.00296858113015316	0.00531806898741226	0.00137699719015106	0.0356461678233774	0.0545427784071657
0.000717825094347774	0.000460666766798169	0.00088570335929965	0.00673526353499922	0.0030222443407707	0.00260712724409433	0.140160816059567	0.000167231672315204	0.699794875908189	0.00101034482830655	0.000404462155516513	0.0264968860366027	0.0217657900234816	0.00750567289355819	0.00128468162770321	0.0117065292702103	0.019842872370331	0.00019673184089856	0.000396323756624336	0.000537276290655933	0.00334114010056699	0.0300993397124457	0.0208601951127178
0.000645660133138799	0.00244708856521731	0.000843790162813694	0.00394893022723581	0.0223868181856852	0.0224772559608594	0.119856433755847	0.00399383077412444	0.689390069352905	0.0149463459056881	0.0087991886597252	0.0515196766701401	0.00947723609801666	0.00123016168009666	0.000549752874679659	0.0048989414280503	0.00575291468077025	0.000694398955233165	0.00143251598875746	0.00144389750136556	0.000579910203809479	0.028108573300206	0.00457660893563468
0.0039179027044473	0.0534245599954345	0.000114402774428173	0.00170482474885419	0.00495513312304733	0.00855805812502225	0.128810688226654	0.000353230294589526	0.668107141342996	0.002025786056605	0.000791978256475856	0.0321355940684018	0.0199453439656526	0.000216070928084103	0.00131867443038434	0.0112522141689504	0.00173468199507197	0.0102163393647286	0.00274370958595991	0.00290427571773496	0.00060984025137622	0.0368421735273829	0.00731737634771773
0.000210301089414877	0.0006629913293926	0.000106839843236384	0.00637232566962493	0.00244765277903985	0.00059273302201579	0.127261232463627	0.0216401707440162	0.672688204815431	0.00190226410486647	0.0379697731067778	0.0439823166115386	0.020459614127954	0.000425998153212932	0.00220508437667196	0.00324181275149371	0.00932668924430086	0.00834654233441338	0.0052165171541239	0.000341969495199978	0.00905117608668798	0.023012847258984	0.00253494343797548
0.000934225083166636	0.000390154603516849	0.00116988612870089	0.00842981095382646	0.00197295106935609	0.00577627880215475	0.171352035417716	0.0165768007793685	0.667911679201173	0.0111274650234657	0.0129623762596065	0.020383423034498	0.00125925476696839	0.00014097715126487	0.00137104639267165	0.00360393307904091	0.00187309114084994	0.00568072640062399	0.00151441596380616	0.00651416069791722	0.0255643471275707	0.0313981324848843	0.00209282843785275
0.000948234512877092	0.0388960939228393	0.000123486457303743	0.00707532863071344	0.0046368940906461	0.0163116465621698	0.126895560185021	0.000284463733847515	0.673123513340964	0.00156950749663231	0.00194577577562328	0.032971636227127	0.000775213664765542	0.000773031750429232	0.00133636255429635	0.0108663945184008	0.000640116100220185	0.000605459897575352	0.00103253012373147	0.00662603012669668	0.00192005237837098	0.0252076173899539	0.0454350505597945
0.000114947955376549	0.000464440999066094	0.0027802540695001	0.00281494299893892	0.00352459813291414	0.000245140815974542	0.180379284636434	0.00423921109345611	0.702696649994991	0.0129108386778809	0.00507398818827116	0.00947708133568108	0.000526573037279468	0.00044856240351434	0.000147444344182501	0.00177787790253321	0.000207059970944113	0.00200840231207434	0.00299972481182693	0.0312569131770527	0.0252103201052978	0.00586725383015352	0.00482848920665725
0.000718537307228785	0.000704072873837077	0.000851986786543254	0.00605065263585674	0.00874612180723248	0.0206399483703015	0.13839391942346	0.00119982258559769	0.710722225293903	0.000290509031595178	0.000830680081799893	0.0248030858212578	0.010500054325413	0.000185093146827434	0.000574777125479467	0.00662180366614433	0.000391914116992359	0.000278505330493396	0.00153006733812608	0.000287208393117732	0.00801395928425775	0.0397900452330585	0.017875010021476
0.00545811878883067	0.000471241789506912	0.000113370561507759	0.00534320592864896	0.000349835954574175	0.0027844525658824	0.171627016753346	0.000333658321911604	0.719607244504899	0.00119470433832261	0.00174319563259484	0.0105359080508011	0.00359046383811531	0.000360285291097709	0.000777305526802894	0.0079626213565731	0.00873958863843538	0.000363022836892685	0.012749312004476	0.00192090232464523	0.0136866865899187	0.0132934722888342	0.0169943861133829
0.00936250869939743	0.00410187142235606	0.000150409375264701	0.00168971672798277	0.0209832932444673	0.000852897558792333	0.124235751533823	0.000347442846014706	0.707178788507002	0.000603857284317462	0.00402281032474039	0.0230193058488517	0.0311273026042736	0.000168852694566104	0.00346320811059265	0.0013497995164495	0.00355535714390982	0.00391479232337883	0.00471688532501698	0.00207297516926614	0.001030500635352	0.0367641001450227	0.0152875729591619
0.000209793968670691	0.000415282653570961	0.000120944643072145	0.00723468913936242	0.000463625586482431	0.000304862241036064	0.159198963295516	7.18049134517504e-05	0.725320582646487	0.000186350957170406	0.0258731214429595	0.0220545915167709	0.0013774907343089	5.1158359285648e-05	0.0167446359383141	0.00411015146146457	0.000271355306022532	0.00792253830623369	0.000481096495434377	0.00124383827650146	0.00849880863255113	0.016997003272006	0.000847310213327525
0.000311629659006667	0.000828691016480222	3.39336294342477e-05	0.000650570784181525	0.000986484541082738	0.000244094982519889	0.158144231728498	0.0545648997692515	0.536337564776893	0.139568754452879	0.0173173068636579	0.0161794314998859	8.46983447340851e-05	0.018249450170703	0.00944031766323017	0.00129666909144726	0.000196479326310555	0.0172455371324052	0.000417165928082819	0.00461236047821949	0.0165010539737887	0.00499751032769068	0.00179116385961838
0.00178494807001105	0.000601525932528425	8.43778510451832e-05	0.00243844818353125	0.000464319286380475	0.00271412184389832	0.130798418761219	0.000111748929852571	0.696070267556627	0.0140414666340973	0.017481774548149	0.0491423897258524	0.00393960902093528	0.000186993843242769	0.00577087579839733	0.00019599605884043	0.0131089308285008	0.00152485107631219	0.00216598155864693	0.00985256235752609	0.0343008460888598	0.0118744433095242	0.00134510273602296
0.000100204835068309	0.000800394948709252	0.000175965170265637	0.00125629293926627	0.0190710929339706	0.000834115802160289	0.126603834913071	0.000537919473534031	0.6932889105816	0.00327030947522038	0.00181349246695139	0.0299444838132271	0.0140429274453871	7.48555035766178e-05	0.000825740510673	0.000342674826427105	0.00859005895788088	0.000436255165250346	0.00171843874550134	0.0102143661850631	0.0101079265906707	0.0280929726043762	0.0478567661121494
0.00161718743759895	0.0107215478925681	0.000638062411648756	0.00757750056006302	0.00141806291579943	0.00620408558623388	0.150919668378546	0.000337756029926369	0.686059167344089	0.00162700285957658	0.00537745939309182	0.00799671542670592	0.0220141278233543	0.015487202501983	0.000125816724597744	0.00786622439862907	0.00172967331426841	0.00132540849232592	0.00507544040147527	0.00162860425435764	0.000785444515625214	0.0392299261011416	0.0242379152363938
0.00267896722369167	0.000758586163058299	0.000100716600162716	0.00483932083575993	0.00848860076999539	0.000608810253700141	0.134098415772028	0.000590650893779381	0.666068578007486	0.00293540217232088	0.00100662047554269	0.0192886360682175	0.022994378572316	0.00462958515959582	0.000109895182835837	0.00675492754158811	0.00234231434251558	0.0103582574232205	0.000630972784253618	0.00184941807311395	0.000468789651557754	0.060343108272919	0.0480550477603411
0.00107526519254015	0.00101434189468882	3.78696260741805e-05	0.00827224771731922	0.0120694486796087	0.0157141598947573	0.143998634156072	8.20186428262061e-05	0.740490457225967	0.000325743881437264	0.00147409200702832	0.0348525276976279	0.000328301457552909	0.000102854784867814	6.9672439441182e-05	0.0148043969491595	0.00051301924426741	0.00126876717208971	0.00670523880917121	0.000949309287051312	0.000919218230270871	0.00605087850353459	0.00888153650664668
0.00794503413933718	0.0124851333379826	0.00109506108769842	0.020316292480765	0.00070478804548594	0.00313549390169339	0.117625967938098	0.000519230243437576	0.6744837233437	0.0204707425394391	0.000721261966274579	0.0429648240711138	0.0294851516460737	0.000550336312029445	0.00136875640149627	0.000255100580269212	0.00705518005951573	0.000295553681687774	0.000733405742799712	0.00130891516439801	0.000267888864502216	0.0308105074935243	0.0254016509586776
0.0107654902693309	0.0261762292780539	0.000135399013391831	0.0240752316170108	0.00813869475349966	0.00425320080173797	0.123812708669783	0.000366771864565655	0.629693716129636	0.00183476383850033	0.000838544683222939	0.0291973317492852	0.0062973540712005	0.000295750807274047	0.000318381140339958	0.00035408116917859	0.0153943588556749	0.00447011544612662	0.00120669986012363	0.00108999962222731	0.00656012263699117	0.0740548504128957	0.0306702033099491
0.000235389630771841	0.00119792961233569	5.81925985957343e-05	0.00954501538427673	0.00764157846138416	0.00106651298593429	0.111304480643377	0.000235127498838411	0.684012197491505	0.0330943812117397	0.00161854366599032	0.0485218505548583	0.00163287073069053	0.000183467794619894	0.00400133174627679	0.00126688273642576	0.00118924781357342	0.00267051955466655	0.00329178950176266	0.00754350501526758	0.0144985333743776	0.0166206132138948	0.0485700387788369
5.16901073109331e-05	0.0081246731637119	0.000193395073203856	0.0220163941386903	0.00257748701647242	0.0287461167159454	0.146820243378535	0.000895557176191917	0.700986609361298	0.000288800783343276	0.00064409301297287	0.0127228304807718	0.00160538683162266	0.000271076351330227	0.000885062523549557	0.000247194454957651	0.000530621735670014	0.000320914489783667	0.000770999951098924	0.0032072553055229	0.000226439972152463	0.0328736317716455	0.0349935262042188
0.000252929620946716	0.00557017857351216	0.000251362049417695	0.0170510362652277	0.00580889307428673	0.0146425848378069	0.123898725964569	0.000185326773975235	0.733929631461802	0.000547956284007011	0.00236058628420499	0.0304715503001129	0.00840979251725735	0.000323184414410847	0.0011924979959638	0.00228940962403402	0.000809335020065032	0.00108761385832745	0.00213801800941716	0.00944198737387592	0.000422996784803538	0.017431439694229	0.0214829632177468
0.00225407425719934	0.00499537092925324	0.00230967514680019	0.0165337997225617	0.00286368798478224	0.0248155934920908	0.135338439402297	0.000164543025219282	0.671248950407325	0.0237030851993089	0.00514135703872862	0.00697254830246672	0.00883484609661741	0.000240206713088778	0.00154139881301114	0.000693221648713623	0.000420995332492795	0.000294604541193201	0.00197790614495128	0.00142570871208307	0.000521814181701564	0.0467066755238424	0.0410014973842724
0.000534471497037449	0.00478110516896932	0.000119122351805163	0.000433214078411019	0.0163424512758507	0.000529996290136207	0.188765070643256	0.00016550413447065	0.671158787101564	0.00353574274931819	0.000746507011279046	0.0282520718871935	0.02495136105841	0.00126298361762774	0.00809793126174028	0.000335922769610392	0.000200854091232574	0.0103983667703422	0.000360056838008875	0.00119566707564303	0.0158505782955363	0.0109482594234548	0.011033974609102
0.00510057872205622	0.000651300719336903	0.00269822470883319	0.0140827687958295	0.000404750406195709	0.0148276978057578	0.156738681075817	0.00527848232619216	0.70285437614276	0.0236914477235527	0.00046203956957155	0.0169398534455945	0.00148100328277637	0.000704258928516482	0.000225493779057927	0.000477089150901565	0.00200462208188694	0.00433044603634571	0.000692788014598105	0.00127914420427601	0.00129007755192394	0.0267505278676961	0.0170343476605231
0.000156950218852502	0.00934668833073731	4.526424050317e-05	0.017386596773934	0.00250562203390451	0.00208758359539401	0.116532312719185	0.000160540368955385	0.713634993304655	0.00149687485383129	0.000399339053977118	0.0274558108940078	0.0383097976021404	0.000160252406223077	0.00612798146136718	0.000953019337089053	0.00623420637841468	0.00418538350233266	0.000352846185063069	0.00638409898629773	0.00121316465708325	0.0237467664484568	0.021123906647595
8.08457846266287e-05	0.0249879999973469	7.94457040531839e-05	0.0179730194387529	0.0034379096660894	0.0222291221921963	0.11492043749645	0.000219389190627186	0.727215842366874	0.00169915735356837	0.00146032303197625	0.0169757562210125	0.00140903362427667	0.0105449581516569	0.00207065859460589	0.00100918128568558	0.000151475641797634	0.000199880010967089	0.0133704949678384	0.00659685633487662	0.000755477920344514	0.0267226044482398	0.00589013057613716
0.00565092276436049	0.0169435507238159	0.00263175370760701	0.000912370716772562	0.00444674298038168	0.000259541261234232	0.167477299207635	0.0367110740277929	0.691262382742752	0.00479095635669538	0.00321090135165777	0.0148577078972071	0.003446714636141	0.000436229581550186	0.000153255777112808	0.0211998852426775	0.000349311750271606	0.00044203392813849	0.000916521001683348	0.00025358320112908	0.011971245517398	0.0101516194951461	0.00152439613083984
0.00273219715503647	0.000757904711145781	0.00105775124327839	0.0032928754836883	0.00164111978901337	0.0363047599050811	0.127911635111343	0.034015627727368	0.664886555849714	0.00497174565866879	0.00100379794850001	0.0205609146465905	0.00599236107189223	0.0343006079256948	0.000113374041575385	0.0126932547565971	0.00510233561977329	0.002705453226539	0.000437878230588029	0.00321542047824865	0.00162071608898713	0.0326094728601612	0.00207224047051592
0.00323768275926773	0.000309491604431359	0.000214269545467173	0.00125227619007932	0.020818149461775	0.00163993143918195	0.138778973931128	0.0466174735683523	0.678304379337068	0.00219979181613797	0.00513202416213064	0.0277265189755927	0.00320009016951806	0.000546432428034065	0.0021000589895942	0.00118865999464756	0.000424292432620079	0.0101417781697429	0.00178267929936863	0.00160417652916248	0.0253309275164553	0.0259177976238345	0.00153214405640983
0.000955778669177582	0.00100443022539457	0.00183784767242704	0.00243768725242324	0.000534540918887392	0.0361892478514573	0.135563119563384	0.0815047856085021	0.621785090264366	0.00402791064635646	0.000880437588337537	0.0277543422847234	0.000339923827079767	0.00712753571192674	0.000141446580219235	0.00223849599885758	0.00702951789284459	0.0163037263970627	0.000724192191923231	0.00446749496322719	0.000556556991916479	0.0409909698912759	0.00560492100822945
0.000230318938865884	0.00410047369742555	0.000498487555105151	0.0020349224148041	0.00407303430592988	0.000217633285670276	0.140652583004183	7.93965021285852e-05	0.714300699985999	0.000814669707640956	0.00225393217688422	0.022481851205057	0.0432581645614711	0.000499048874577509	0.00033554583524994	0.00073372244510163	0.0100166440390094	0.00201783245537982	0.00677334140950948	0.00203298776842759	0.00160269829073508	0.0154391927382568	0.0255528188025879
0.00213791675739331	0.0114559978683474	0.0091341354336272	0.00546472192771749	0.000612940131830756	0.000290018180681889	0.136979416616882	8.45112840751522e-05	0.68360318775227	0.0017896676176729	0.000803955869041789	0.0480235390014775	0.00124500470508854	0.00345350102951372	0.000109416402289741	0.00259755268019101	0.000932857328367688	0.0192860768899776	0.000432192341745585	0.0124886586021541	0.00393463900106947	0.0281666112636575	0.0269734813149277
0.000196402080683656	2.86892669036171e-05	0.000755169617603278	0.0186879765413705	7.09173199618894e-05	3.90689428248231e-05	0.0765079990367232	0.323862154889441	0.354653467415384	0.00152825689021039	0.00960374984684072	0.0208970310181559	3.43601626584994e-05	0.103728325608428	0.0260066550884103	0.00900709543955729	0.00769331994732258	0.044108792215354	3.7888282068562e-05	5.37279807071583e-05	0.00211756227198772	0.000291904854119102	8.94852832839282e-05
0.00362949742254693	0.000586008922914881	4.99938936991262e-05	0.0114575462309843	0.00213700954329446	0.00178148718261706	0.132380100700926	5.94493636679172e-05	0.645916836782832	0.0042173573227009	0.000458213567439634	0.0606468384229442	0.0184988090388327	0.000214263198526453	0.000320738685241503	0.00925268055220483	0.00846222485651671	0.00575859621324117	0.00110073857061335	0.00053198224898463	0.00135123592723826	0.00719857667013198	0.0839898146819012
0.000328534739972765	0.00201685372835225	0.000261743598649792	0.00401962671524226	0.00260680005208514	0.0015583205322702	0.120232509373276	0.000138720936851604	0.684595938000269	0.00688478034193379	0.00470520665564043	0.0365836529035837	0.0139479753940403	0.00011835541614527	0.00292494943264619	0.000987424810847617	0.0108740597342938	0.0243375279309295	0.0050532676459916	0.00339648113615512	0.00342616256181155	0.0330601723372382	0.0379409360217736
0.00967454949527292	0.000621410397384175	0.00539360213728458	0.00939338152335909	0.000376914400477283	0.000216036411151876	0.173571403739458	0.0100323906708816	0.69845479743508	0.00970894666820197	0.00174652989704855	0.00797277451386043	0.00785427309577099	0.000175597014821734	0.0004375764749691	0.000714659375917049	0.00261066859788646	0.00119340572871146	0.0102669502811037	0.015801902135462	0.0216322376065109	0.00494049538575037	0.00720949701363545
0.00227447941431115	0.000400294631445287	0.00012498024045165	0.000821358026023239	0.0145449330606181	0.000277560823078049	0.139084421169645	0.000250570237861435	0.652925413589801	0.00102351099783976	0.000768999345577232	0.013916483966001	0.0210189704138458	0.000171476329668128	0.00816753703790967	0.000189667462315081	0.014531751363232	0.000279194429302173	0.0302240632250964	0.00181254266053587	0.000175128263934459	0.0791312476580372	0.0178854156534705
0.000115686697240121	0.000463974189229997	0.000915745736279018	0.000734218604383995	0.00164012699561418	0.000308276934719964	0.107607014622889	0.0169665946646196	0.662125856141526	0.00697296980280936	0.00361776350975135	0.0466414041483278	0.000471836369606117	0.000195613262901178	0.000520977759141973	0.00272935288820628	0.0382090713897798	0.000851129373281212	0.0187998918572192	0.0348748379937312	0.00162921067362213	0.0519225877402759	0.00168585864484557
0.00445654162053625	0.000805064159160551	0.000525667520737114	0.00541433267925926	0.0122655207689133	0.0128624204756868	0.131614474512429	0.000169743197530879	0.69242869985893	0.000689142015626189	0.000383647039228714	0.00810046821812716	0.0105822194273073	0.000717940559049382	9.36993740792306e-05	0.00367888099552673	0.00167950315011848	0.000815661997552852	0.0003564625290387	0.00229375378801626	0.000597883053495488	0.0190650530376727	0.0904032200219771
6.25347843834854e-05	0.000218020227889583	5.83445285756884e-05	0.00189945419233121	0.000694293639002662	0.000344628285947386	0.198140568947596	0.0311373126803227	0.609874070466599	0.0337306209637246	0.0225654068956722	0.0137365338616224	0.00225520315716164	0.000198615092972546	0.00497250211609984	0.0032554672375336	0.000508435556749451	0.0290623961056055	0.000251480711941321	0.0156309354437739	0.0193340513220461	0.0110981850137336	0.000970938768716242
0.000161416472125452	0.0477060791923261	3.33867292724324e-05	0.00419209235825181	0.00157935768008786	0.00100458064966746	0.138456057340529	0.000248577066146	0.70759132169349	0.000470090900346222	0.00218704992438567	0.0385295526197751	0.0131708146580336	4.60737094379467e-05	0.00429357947299472	0.00162485519637606	0.00397839103662166	0.000598783889429305	0.00213085104464861	0.00592272928441997	0.00862908959381605	0.0137603283180629	0.00368494116975666
0.00225100939980426	0.0184654555416054	0.000406412093108117	0.00305399320219578	0.0205715788047699	0.00101406522011701	0.142011600489659	0.00616315512246272	0.668125389401675	0.00348122391957752	0.00104411588762039	0.0202719282915796	0.0324254703640049	0.000354654526735404	0.000891852574141576	0.00248953998249239	0.0096067625310165	0.00308224783054263	0.00161669788759453	0.00345846127698463	0.00199711282496082	0.0503798027733148	0.00683747005403737
0.00059108896161088	0.00410412691320968	0.000269464920978593	0.000232188699103397	0.000522015825647482	0.0206681423498694	0.146718434638453	0.00055010654429308	0.726716508019618	0.00512774113984376	0.00248620443344795	0.0082596726335482	0.00239135987692845	0.000601231787993827	0.00688928489638705	0.000538958136899369	0.00790535542784653	0.00201450331326469	0.000610575479631299	0.00212763391294878	0.020002204453741	0.0236480087372682	0.0170251888974675
0.000144634181649803	0.00159885117984725	0.000271991791811539	0.00105166163522237	0.0430468615132038	0.0164244941269043	0.127315254906871	0.000262312936664688	0.722692492935461	0.00126296078009035	0.000714798713450672	0.0194749185441244	0.00787471344116333	7.71957451551413e-05	0.000306897838117579	0.000872927502970659	0.00559870571675703	0.000175819401457127	0.00412744786262772	0.00125697493773193	0.000368932383116836	0.0253938086769393	0.0196853432486619
0.000254485808960559	0.0026744512068018	7.34261258006248e-05	0.00239463252804864	0.0413600736684794	0.00163660738720224	0.126850326029947	6.17509023393281e-05	0.718912591467235	0.000699894732738716	0.00699367474907574	0.0311094908849896	0.0305771199032734	0.000200647778567662	0.00770455821976417	0.000860906115981406	0.00172975534015985	0.00101285896095804	0.00130967685687768	0.000312648442305448	0.00664572901606286	0.00927681964171575	0.00734787423271531
0.000386253756767867	0.0265787068678054	6.18777205191528e-05	0.00621621277546877	0.00516427401113982	0.000435268785182682	0.129623243623862	0.000381302965724722	0.665576451765851	0.00455393004494315	0.00223793140851994	0.0344565270030527	0.0311544113395788	0.000189338232738689	0.000819215256279243	0.00385750786371074	0.0124447353652943	0.00324621117451352	0.00184580881147951	0.00601630904394761	0.000479234908957714	0.0167502410726374	0.0475250062020257
0.00111315079824128	0.000362787793278856	0.000429400157642536	0.0170920719120209	0.000921081245980166	0.00139584791540536	0.133509291079627	0.000950897034070398	0.704857901589854	0.00442560685455017	0.000794987637284737	0.045550841339072	0.0161722287584932	0.00271439128706662	0.000272006255806165	0.000177617425621884	0.0162760270160006	0.00038122840778339	0.0247726452103233	0.000511808492029645	0.000248479690332143	0.0232118236437614	0.00385787845575523
0.00644485992435539	0.00215454922368053	0.00665268859221344	0.00787988215448815	0.000547431169488092	0.00191536366847317	0.162759344589553	0.000196113880905472	0.703383397313174	0.000428248198090453	0.000640887405417987	0.0482527045968106	0.00161448898607811	0.000331292729112734	0.0013520332791107	0.00616733038174268	0.0204909782104822	0.00903697290275271	0.000536585810168078	0.000405771012387383	0.00510235554790634	0.0127691774308179	0.000937542992790303
0.000376650329591299	0.00586189927856269	0.00262406809382958	0.019071120731385	0.0014598407497387	0.00267257810578564	0.137787575054221	0.000689564131578435	0.703633132795642	0.00144230210055091	0.000643743825353729	0.0293531434728844	0.00974685480456445	0.0046748886488809	0.000119921055934304	0.00012610276685347	0.0185761404337232	0.000589168588805342	0.000877006759638356	0.000241999624978822	0.000860217173681981	0.0188699832446523	0.0397020982291631
0.000271839585159518	0.000263184149975468	0.00203593070782997	0.0171967337384087	0.000214675404744149	0.0518097678737851	0.143457017856477	0.0526982989469634	0.662638251420961	0.00346092875242647	0.00523373782443178	0.00561508114957437	0.000113669350761782	0.0284528980757899	0.000660105944459839	0.000781858013895083	0.00665556263016193	0.00752018730428716	0.00440679976242643	0.000177359363553645	0.000189242833555447	0.00374061109110027	0.00240625821927252
