Basophils	Bcells	CapsularFibroblasts	cDC1s	cDC2s	CentralVeinEndothelialcells	Cholangiocytes	Fibroblasts	Hepatocytes	HsPCs	ILC1s	Kupffercells	LSECs	LymphaticEndothelialcells	Mesothelialcells	MigcDCs	MonocytesMonocytederivedcells	Neutrophils	NKcells	pDCs	PortalVeinEndothelialcells	Stellatecells	Tcells
0.00464344368400077	0.000268626337909501	0.00221374697710414	0.00657650825457792	0.00778245259813202	0.00139267334994351	0.148427936715613	0.000380250201564153	0.680943270591442	0.0191246584616826	0.000528849595322807	0.0399540475661708	0.0231400919943866	0.000339541655757997	0.0015616498434203	0.000678562247696488	0.0363862149307741	0.00124213072093128	0.000594495478000142	0.00020399816062106	0.0146714027679092	0.00262308335681545	0.00632236451022449
0.000394300780287083	0.0537801477556311	0.00260056801968089	0.010085236181054	0.000513390642330737	0.00416607160931302	0.158972833729218	0.0001578286386852	0.67288441776621	0.0160989976426635	0.00494384783532169	0.0122771355656539	0.00290095880087863	0.0011009344169946	0.000400399261580805	0.010065378695798	0.00184120139512554	0.000909136398474878	0.00135660345274383	0.00641434718988564	0.000170943145976813	0.0324537750110519	0.00551154606543925
0.010735680501372	0.000449590027690232	0.000684849688854348	0.0106526573614867	0.0031445029021468	0.000311183847880845	0.160649981463506	0.000406506105959284	0.630706035752525	0.0322268511109959	0.00260924235485526	0.078723183936489	0.0101576777160921	0.000773365545608634	0.000554011362352636	0.000345140080922473	0.002862976597251	0.00086421313040269	0.00213668024076697	0.0170469492733327	0.00399760659313034	0.0239111126263806	0.006050001779998
0.000191664300293492	0.0022021661370688	0.000165960510661956	0.0105466382190441	0.015817791521275	0.00171542574092943	0.151143766309279	0.00052130122336003	0.684342727626632	0.00519166572126273	0.00419533033419274	0.0241768196887424	0.0115420778425981	0.000379055942429239	0.000105730427348864	0.000490309694699437	0.00186597992341083	0.000382141322676508	0.00335593203372252	0.00254844745780801	0.0115520121822262	0.0367049298866968	0.0308621259536414
0.000134506908281395	0.000411753321517938	0.00021024520538637	0.00251227791291013	0.0296689629205002	0.000507074635571507	0.151573669318817	0.00041584930584846	0.642556249975805	0.00378585348046708	0.000777935370758734	0.0301895373973598	0.00535206925786358	0.000229577170658702	0.000779510572016129	0.00744999476180264	0.00295937378958	0.000746532578795215	0.000942948551135587	0.00725366294891268	0.0241066630958536	0.0504462172963935	0.0369895342237657
0.00408290042496231	0.0367641469033749	8.16965605359269e-05	0.00275597134909729	0.00178755344970095	0.01249964997408	0.154849942442616	0.000218254797510405	0.632632608659471	0.00943401541743923	0.00146328498419395	0.0302112484130427	0.000800868573606299	0.0064632630310348	0.000527063138060085	0.0030552675388746	0.0129035004986521	0.00278467451908496	0.000663829454664198	0.00144365365158622	0.00119629320545454	0.0461435487930423	0.0372367642199153
0.000471346711103007	0.000168371062154773	7.23882979850717e-05	0.0173043291641693	0.000136850535509913	0.000322162285649773	0.166841464510423	0.110683451865103	0.581628626574595	0.015013701343664	0.0305175323265186	0.0250057966487872	0.00210333957956711	8.55287618131748e-05	0.000227275419502756	0.00753032880006513	0.00384872559508149	0.00636033683492582	0.000385165811446495	0.000995837584252493	0.0183198226549433	0.0116586944927626	0.000318923139978117
0.000736227848521431	0.00920763724787053	6.10815415080297e-05	0.00197532005837799	0.00873368683366661	0.00137342502569954	0.151792099845195	0.00100655611913836	0.681303195087045	0.00436856537235201	0.00436469710539352	0.0330187863791311	0.0186260319517608	0.00037223289803748	0.000336936514254379	0.00309095329278428	0.00254309476442519	0.0110491433488218	0.00132801872530368	0.0107380935667085	0.00294470130501739	0.0232847328283773	0.0277447823406101
0.00687165319435079	0.048224802811347	0.00177168888805894	0.00316789259608446	0.0191741265585323	0.0139139527486538	0.1562599574391	0.00616437235163207	0.628229805861179	0.0226355272672149	0.00378217193414875	0.0228220520538408	0.0278225045377579	0.000241143129755396	0.000670320390045371	0.00252925374848311	0.0037725275650664	0.00407652886508192	0.00107977517876834	0.000347384484809202	0.00414387438557616	0.0130599935985061	0.00923869041200693
0.00437577889310594	0.0135515478720253	0.00137577751561463	0.00623183724627119	0.00693463330090131	0.0098943220738802	0.131283164435671	0.00142292682427229	0.594531849264697	0.0314113321149148	0.000719999938307544	0.0314253714331649	0.0143316260229562	0.000282358914354935	0.000920494984494485	0.0014834832475279	0.0182120125962589	0.00069526929517014	0.00164862668111559	0.00476756953325072	0.00144907157828959	0.0726870146888149	0.0503639315449401
0.000822339828292022	0.00101322778981888	7.64026443806938e-05	0.00857505200252011	0.0120707008219203	0.000672605778864604	0.165082694812417	6.74594850622819e-05	0.665252734958398	0.0297318729422459	0.00141734365193853	0.0378797088765956	0.00983929974237315	0.000343138601097494	0.00230629648420966	0.00109130641400825	0.00103914226151082	0.00614728083062868	0.000597646732824419	0.00839008960417382	0.0385121888284137	0.00571856856663124	0.00335289834167499
0.00983220995359534	0.000378485696379189	0.000141090652055382	0.010194120398824	0.000968551837481456	0.0592290080736559	0.150774831751191	0.00286596376996544	0.688281972115284	0.00169002913255586	0.00198563113026249	0.0153132726507963	0.000768821913148206	0.000809772228945853	0.000124542435943432	0.00139762672977257	0.000840838280697462	0.000929794221295401	0.000820718463785939	0.00258290790018695	0.0010801436844256	0.0231963842469585	0.0257932827327936
0.00493151657402472	0.000436852331589375	0.0016642512380634	0.00641943181412062	0.00232382313013269	0.000767862804405041	0.16888590626023	0.000512853839387782	0.724994195205366	0.0106391948990734	0.000527324221495491	0.00628663779593119	0.0130179979587324	0.00366820127285537	0.000116043700282341	0.00402234785984078	0.00109628478354227	0.00361533795506059	0.000281935089239713	0.00483338738876694	0.000189886523856569	0.00302105510888474	0.0377476722451189
0.000103346255182156	0.000247768074302528	0.000212877381034186	0.00813505410741402	0.000351511056071946	9.93183489907242e-05	0.187034689065185	0.0580881397768273	0.507346632046938	0.108464357633824	0.0160257274112612	0.0080902182558024	8.85373911689583e-05	0.0380557008012598	0.00622416711399959	0.000294384772704303	0.00639581246513779	0.0216512033772921	0.000354834941238314	0.000502147051652233	0.0216330556263773	0.00895097001361221	0.00164954703272338
0.000343626998466806	0.00123781380527403	0.0091885615864606	0.0191480329140466	0.000355363690162649	0.0275056051343927	0.154228712494575	0.0222413748154736	0.656074327534034	0.0343201483121784	0.000518858356281405	0.00521874693556637	0.000750264489504364	0.0123697098848397	0.00014849414871482	0.00458475413810393	0.000230858603903244	0.0198751434571494	0.00103423162476573	0.00350064496094072	0.00552771680749274	0.0190496065550928	0.00254740275258035
0.00546064289491635	0.0097396009380968	0.00052144960325078	0.00782993419659799	0.000711909366343188	0.0276350604612155	0.143469770828518	0.00627340659866825	0.664792852073754	0.00242761923097737	0.000576426860976881	0.0143651164824827	0.000729362780819917	0.0023596402024021	0.000388690927282429	0.000470969689218912	0.000137646384365329	0.00360188166011742	0.00396112172936551	0.00317278488621938	0.00175237334001013	0.0381148318871038	0.061506906977297
0.000699218355661734	0.000403664654214384	0.000628289895075485	0.00870610142430605	0.00293932969020503	0.00549401327456982	0.135901450656181	0.000251983678960545	0.675030643345307	0.0320172381261903	0.00312496034351715	0.0188865434577238	0.00601158375553039	0.0011874894945342	0.0022053281071553	0.00273524820025015	0.0103360431231873	0.00654526897223684	0.000623272609111695	0.00392070340077464	0.00397957394014885	0.0215226113938182	0.0568494401013408
0.000320619515436819	0.00162307266636322	0.000164155861328389	0.00212602562706056	0.0332696098624192	0.00259203731726208	0.190029957738999	0.00597466187135287	0.696214217877129	0.000619064553710899	0.00574973640989411	0.0195777015515114	0.0122745331932765	0.000121083067130472	0.000211171389373885	0.000339113874503638	0.00648139962042316	0.00604831721297232	0.00186851251137324	0.00386459452101143	0.00208528614930951	0.00498521216305893	0.0034599154450992
0.00406146022823996	0.00135249488617198	0.000655284085951732	0.00427625487817603	0.000929865498179877	0.000727255279912039	0.145295948078172	0.000270173565390531	0.628811828615303	0.0350979258921861	0.0030104835490625	0.0152395383629785	0.0225423025498952	0.00205531967601403	0.000535560452251184	0.000983104683883936	0.022684675160974	0.00324144216622659	0.00173407970465431	0.00667702281515919	0.00422263825612878	0.0162216047123097	0.0793737369027789
0.000482426596083876	0.000808566027114305	0.00379723052496686	0.00735033326282543	0.00103338808876069	0.00745806054672323	0.167767836061931	0.00769473593527375	0.679683940130829	0.0140954088604665	0.000776095988177442	0.00321312789465359	0.00029201536159495	0.00098529539331979	0.000235525381019328	0.0017430435434636	0.00573015012338531	0.00557344550219764	0.00960766123467083	0.000941583536466957	0.00534960945105728	0.0269081755950497	0.0484723449599692
0.00183004284353551	0.000397128151182209	0.00242893728417607	0.000519174174346964	0.0106623520919452	0.000610817685892359	0.131842226614947	0.000132867762501697	0.628066572323595	0.0257127148969979	0.0464663922168333	0.0343060298859339	0.000798054029854949	0.000444035964932679	0.000601125191160913	0.014614530651985	0.00202423217587012	0.039299512821078	0.00079302957465799	0.00525142128340132	0.00350011713982524	0.022073925594725	0.0276247596406218
0.0130377583241233	0.000778525245692153	9.82090618631137e-05	0.000468153611123738	0.000254948338938441	0.000180875931570997	0.199367740696703	0.0195054398119502	0.594305082246617	0.0806858713442252	0.00161053971369176	0.0170029441871275	0.00922848372859592	0.000325002015516712	0.00545449345767768	0.0132036497951388	0.000158477897087777	0.00164622366573525	0.0218136165718328	0.00445757645767043	0.00150641246604972	0.0143422249996391	0.000567750431429083
0.00299486419991959	0.000192467620227829	0.000289193137131045	0.00462369973895805	0.00150359455183683	0.00949603376547086	0.17169169796551	6.64894518455265e-05	0.694554666732498	0.000756551930489832	0.0353316382105504	0.0330242877764938	0.00149286801740491	6.10255597768897e-05	0.0057211725665582	0.000998890815145598	0.00427049694455481	0.01153113912324	0.000282358273028307	0.0027195593009673	0.000760552443483393	0.0169832212869549	0.000653530587953183
0.0013271135125211	0.000432691657262564	0.000299488081328727	0.01091182537992	0.00342074353380866	0.0216787731629059	0.146386895445753	0.00277571528611658	0.648396694631466	0.0467207653525422	0.00238147833283429	0.0217683585641623	0.0108483838731071	9.70946894527227e-05	0.0003801029073286	0.00930171139855349	0.00129912233421826	0.0136517771860884	0.0124694966879881	0.000427548037059095	0.00263508312208472	0.0370337108093855	0.0053554260141128
0.00124480425836992	0.000214193349245436	0.0130144833264729	0.00274313580925676	0.00389652768264064	0.000370950208881285	0.144519817820814	0.000335691330901733	0.678571228806494	0.00150301182329409	0.0389097526364844	0.0334827388797725	0.00621670429355318	0.000271163769349154	0.00418841736124768	0.00684231670063474	0.001104661791499	0.00601599408664455	0.000432086897748751	0.000363626154879864	0.0225759286625657	0.0310581510817464	0.00212461326750332
0.0026657796879212	0.00501344456879497	0.000122994522587739	0.0010219592488628	0.00304563575864162	0.000329578433212236	0.14018461652903	0.000680087804962883	0.665410120209507	0.00291454584876861	0.00267327968991103	0.0209131676212877	0.0486511864729278	0.000319957275805159	0.000989855678421777	0.00106223839231163	0.00912870659471971	0.00398639299916519	0.0224446156810326	0.000661704686356621	0.00799632212444594	0.0328298213120497	0.0269539888592761
0.000561238500632546	0.000426877439958912	0.000182789795872467	0.00944176782122932	0.000406763562019301	0.000841165379604554	0.166015950365289	0.000386617311518804	0.64327683064525	0.00636186687813371	0.00055629863623027	0.0344128315166284	0.01158334074231	0.000183836096196208	0.00102039420510099	0.0107298073552862	0.00360913715999859	0.00197164848176545	0.00977226923781659	0.000239377512331225	0.000454764550104961	0.0582606390367107	0.0393037877700119
0.000976975580900764	0.00194071478689885	0.000290071299048547	0.000894397387885559	0.0267475589714563	0.000624062510725001	0.142775543306122	0.000123393857151093	0.614663079953733	0.029294449894366	0.00342555061633366	0.0641774875090434	0.0024735179753194	0.00369026271172185	0.000786444845536529	0.000387000224110643	0.0084873101353659	0.00607286457538744	0.0023268305226374	0.00909875854139912	0.00564731095520489	0.033455795494147	0.0416406183455057
0.000291020646531653	0.000820887557774134	0.000203654130715419	0.0148501844494726	0.00346220904141214	0.00150323353704986	0.140453787790588	0.0170199657459638	0.633477239878354	0.00603336178135647	0.00152878507491424	0.0536671949845974	0.000833289950391979	0.00163058754010678	0.00121573192371238	0.00178139095432496	0.0185260861400506	0.0204448324555026	0.000651792282000698	0.00249608288970344	0.0125604726982258	0.0189773598547461	0.0475708486925051
0.000389645157579727	0.000281035586605578	0.000165183713299503	0.00333824241563847	0.00352763418619147	0.000164226360008711	0.157032379571856	0.0001908849485488	0.647702609364171	0.0687813956195268	0.00834464770834117	0.034938499359582	0.0235173841702339	3.68149894703976e-05	0.00485326234733264	0.00526364258240259	0.00522357493768929	0.01627489164989	0.000442590137589559	0.00503503936999701	0.000355356241943635	0.0118644205366088	0.00227663904549284
0.000629439779930008	0.0118114408174903	0.000117046198961971	0.0134067208337692	0.00398837088055513	0.000724553652061359	0.169094762419091	0.00965260418178157	0.665392293099234	0.00414021888842345	0.00116597628699113	0.012657094621371	0.0212096219176739	0.00192495699504573	0.000112607951921636	0.000807241159297553	0.00331747052475603	0.00143419774821638	0.00865040306820902	0.000805247604923246	0.00318641281081516	0.0542538113138286	0.011517507245653
0.00869724033865806	0.00192074130399018	0.000549859750289551	0.00431703024954896	0.0290426753652229	0.00348030994119575	0.163286886912776	0.000225348119355979	0.692131969759072	0.00453646934201507	0.0167113746562757	0.0239434294909734	0.0096802992304965	0.000604142242885543	0.0061890106626987	0.00171503235925121	0.00292019091220861	0.000706630873263671	0.0017363523277101	0.00179205793121528	0.00556291775686787	0.0179433122873049	0.00230671818672466
0.0070643666840482	0.000280745944121551	0.00147646672683736	0.0179135574924231	0.00263824395603453	0.000445536451369555	0.167986794685138	0.000695650856953617	0.681698598007196	0.00826880404340116	0.0151932417944041	0.0447765365503998	0.0126418524098772	0.000981897876645222	0.00962397009276108	0.00106999267695214	0.00109821819612257	0.001018983648166	0.000981673264263672	0.000289353980110787	0.00697939535404064	0.012540561887191	0.00433555742154287
0.000102723315631053	9.86140561251432e-05	0.00706725247340092	0.00112209354663786	0.000195746960730329	0.0167440296815627	0.0981237436449947	0.0125427251020553	0.528591018278035	0.0154760687423481	0.115910987432782	0.0345167596664557	0.0168582163800753	0.00360098489936579	0.00102748799104445	0.0552584502916672	0.0274254247404324	0.040961067497716	0.000168214530780783	0.00821070050346355	0.000836695101649686	0.014626090664212	0.000534904498834349
0.00353470100080972	0.0125840774302186	0.000201034195045564	0.000368300245583718	0.0303529212460315	0.00466648594294263	0.180271201338106	0.000192672969588752	0.670813985937953	0.0104647006439097	0.013246082365721	0.0135032054062474	0.0101558138888636	0.00399614264286698	0.000422432230228591	0.00468253918054198	0.00436575206214661	0.00472804534426564	0.0022815535242976	0.00505170907802741	0.0006881966065454	0.0116706698779793	0.011757776842079
0.00119504720084184	0.000908494768339172	0.000138954774626231	0.00758120446373425	0.0052124356363058	0.000389161278092799	0.160606226707016	0.000107660112500269	0.673596088550054	0.00315608450267609	0.00145592178354088	0.0315745886859548	0.0282963615766931	0.00256056527349036	0.00349735656707513	0.00817776639031901	0.0131132272212233	0.00401096315978412	0.0249205412254456	0.00277173726548091	0.00189924895427367	0.0140887548175235	0.0107416090850092
0.00199975306493803	0.00865328582256978	0.000728939567557782	0.00968236461071655	0.000596221945240031	0.00410729111134805	0.174894879663941	0.00060572422400648	0.658538883134688	0.0421797872792259	0.00204260978253878	0.0426839845721655	0.000267430646805083	0.000294984347005964	0.00077045396666136	0.000267829305363544	0.000261974724913322	0.0113441904992718	0.00049157243929661	0.0150392053890172	0.0135195035676945	0.00996024652542108	0.00106888380961333
0.00312305056085717	0.000591842519152182	6.3716957039627e-05	0.0143484008035871	0.0027926600055889	0.00165857156740795	0.161664269542551	0.0088438643052024	0.709924074647354	0.0204463139853269	0.00183030736072999	0.0108130273524529	0.00293707937118066	0.0146714493202684	9.80853927855089e-05	0.00436877883959832	0.00031595064418602	0.000884139608393196	0.000629381084474271	0.00903581905823962	0.0151714991628303	0.00220029823227996	0.0135874196785134
0.000585589542094722	0.000575087858556368	0.00165631981901077	0.00753968662937954	0.000749295319037883	0.0211405116426973	0.17376049515171	0.000311410073233711	0.65518000184099	0.001245117629321	0.000524206137019267	0.0123620490187629	0.0135589955975749	0.00288429259747645	0.000179520092969813	0.00127071369876521	0.00236344676031351	0.00137036510812225	0.000926986909174825	0.00227218419388585	0.00194865369524922	0.0390703161736165	0.0585247545110373
0.00557930625008901	0.00361876922548697	0.000261866252508753	0.0160694121066633	0.00084592910399605	0.00244155210061664	0.138933367102396	0.00323943214453098	0.67636522091107	0.0117944557912474	0.00157971998774563	0.0208864983787768	0.0197780764328444	0.000267358343464977	0.00126207719088302	0.00235487432353615	0.0105489370935592	0.00617477011574048	0.00146950947956723	0.000697019401404828	0.0014225058253207	0.0418057058553487	0.0326036365832022
0.000313057225405769	0.00107625536846505	0.000323715652916992	0.000695054257396474	0.000553890785623988	0.000238482979056534	0.181158548779264	0.058672458256009	0.574266728256542	0.0670850575091993	0.00121549404627644	0.0244943420220641	0.000237655806557996	0.000880465587517162	0.000830534992126643	0.00159587805376101	0.0057186227307111	0.00974258708827585	0.00035886575683805	0.00253770893357768	0.0393395259437671	0.0252647653787876	0.00340030458985976
0.000377890424037002	0.000633283958839308	0.000111473961244142	0.0103584354724373	0.00620990132366682	0.00344647932296212	0.158117934523544	0.00319113213571264	0.656716359619989	0.0236597823432575	0.000475175404434772	0.0146578581645253	0.0276884975382374	0.000337562010525434	0.000118417979259991	0.000553121485092538	0.0105998994267621	0.00014097499552582	0.000764787977318435	0.0141740305415733	0.000668378571964655	0.0334246955700145	0.0335739272490751
0.000399160388003393	0.000256104587767853	0.00103496321963191	0.0010117643532415	0.000725010693907009	0.00153680449268683	0.165372138946945	0.000120423492909844	0.716178562476283	0.0145272949914262	0.000314042218701428	0.0148769641892265	0.00140865270497678	0.0179088052987118	0.000220676841834702	0.0110002408036758	0.000379943661048527	0.000264066493015113	0.000582462057636385	0.00555612810375397	0.00144510807879324	0.0108609169529069	0.0340197649529161
0.012122202394528	0.0196464438403785	0.00222608684885131	0.00647025039101964	0.0117670986607871	0.000736406866317928	0.146160811954532	0.00264107882898203	0.642016774276536	0.00236866905079051	0.00193486284576772	0.0518767555778104	0.00698858926202874	0.000729448042660347	0.000612467758921556	0.00800874562694976	0.00183273249111818	0.00224786241869462	0.00296233435183676	0.000178888470833004	0.00218303515644401	0.0657685224552189	0.00851993242899315
0.000112296508300305	0.0215525793619719	0.000116111175363899	0.000474896320425176	0.0413091266590434	0.0017686682826059	0.158909163365265	0.000124482390590314	0.725216228986587	0.00622366222781146	0.000394861815235808	0.00671307974668981	0.00101183168005653	0.000253131320480409	0.0180546976802024	0.000121890073081826	0.00207003135108719	0.000217313920073857	0.00530002617512348	0.000337741812485308	0.000520829109042681	0.00623191916929293	0.00296543086918445
0.000124618323552342	0.00279853336248666	0.000195285947214168	0.00785261420131646	0.00066764084735923	0.01766882026824	0.152809940935157	0.000301015751858695	0.695149056522699	0.00546216661856419	0.000505008703154421	0.0185920011147197	0.00313264931710772	0.00307715033142284	0.000843228773537382	0.000440985130659842	0.00777715964106551	0.000252764795376045	0.00138377910812244	0.0202091947430404	0.00052375537585586	0.0296549199487451	0.0305777102387451
0.00030585305904288	0.0381059603789188	2.15070701495571e-05	0.0036784640718811	0.000844629270489177	0.000136080905345386	0.134183862665326	4.58780132513755e-05	0.6328102393014	0.0460098123761507	0.0534150081664	0.0222101786337437	0.025129329859289	9.39923788457988e-05	0.000227449961663126	0.00108531564645186	0.0123223923800407	0.00234063323960656	0.00230557142094294	0.0099898855741253	0.000284784116045386	0.0127630312022471	0.00169014030864431
0.000379007564399981	0.0028997659217125	0.000394554721659609	0.00495315051739346	0.00124992151600321	0.00103704539657117	0.16987351048961	0.000410954055613674	0.681596981297271	0.0135637328609131	0.00804031930225847	0.0435232709605879	0.0159842552590822	0.00516682920703921	0.000471206027537779	0.00450621847614565	0.00921541186148314	0.00730591460680224	0.000829866078880025	0.00130447874335474	0.0016360097460285	0.0170125393996789	0.00864505598997376
0.00635268295498966	0.000950784917047211	0.00015384143081629	0.0102265245931744	0.00752550895514087	0.00299202423383389	0.163238590113239	0.000403351864136799	0.661875476899963	0.00427261864349974	0.00192868795818384	0.0333626869632171	0.00178538813567755	0.000315328396729756	0.00248688390938558	0.00309628554825302	0.0078204306363569	0.00142733306814968	0.000858782551522963	0.00238595823863973	0.0238912555574357	0.0190964310665023	0.0435531433641049
0.00230685787606712	0.00250178121114375	0.000205401420905024	0.00913903632810598	0.000896433132684361	0.0256645269867579	0.14945164777181	0.00136809478448446	0.666904942654694	0.00825177837651577	0.00047618211929073	0.0308504781548833	0.00256110093853304	0.000327745813046744	0.00355272012889675	0.00338818852585704	0.00187685777669874	0.00206583711294547	0.000758655282494891	0.0125685975324687	0.000953514458126751	0.0357399990242787	0.0381896225893108
0.000275494597044533	0.010939998184567	0.000104968084780785	0.0016559103067361	0.0474863537316102	0.000586380618296902	0.142158710262065	0.000365005112631165	0.645796303071712	0.0250471252158091	0.000760835831432792	0.0478142363460908	0.00418810027215996	0.000663610659256913	0.00143004133813991	0.00460345838644357	0.0041455785325831	0.00128743373046856	0.00141515541152188	0.000681118880906022	0.00618011141793385	0.0284300568323917	0.0239840131754184
0.000463414632821458	0.000311013886140785	0.000209711717780011	0.00420470653860261	0.000135140243658221	0.000702996668728565	0.167019866973609	0.000583927394130336	0.707567646998757	0.00117910126290643	0.0213338507427402	0.0315535033088495	0.000211975840330463	0.000132058252156229	0.0119197200970564	0.000206001317991007	0.00518760533924447	0.00115112327466482	0.000825900078232897	0.000649734810350142	0.0241262272517897	0.0182607711992564	0.00206400217020302
0.0019738482833634	0.00590274415233016	0.000136501281226462	0.000337574126747046	0.040407185080019	0.000210177916077886	0.180844144318513	0.000184056591390041	0.664040195424749	0.0111912547819817	0.000424332482566678	0.0303553695475082	0.00018685514240251	0.00089760052347955	0.00740390898255746	0.000367508321274124	0.00255219949706879	0.00237271174340541	0.000873891174237644	0.00132928152260781	0.0217432349783956	0.00970658766909305	0.0165588364590054
0.000165189748454188	0.000680169970624273	0.000985465290469988	0.00120428180938943	0.00102831578684688	0.0281744751921618	0.129993190297659	0.00030718034462998	0.664626751110412	0.021177225348485	0.000545656175362106	0.0356199524833946	0.00132255430410602	8.47791930195299e-05	0.00013690765635923	0.00313256553249817	0.00449787510455309	0.00198747903125634	0.000450524866292533	0.0071569863359644	0.000521304920099409	0.0270418098048613	0.0691593596931013
0.00381677558736072	0.0015889097853488	0.00164822152726405	0.000289613723892752	0.000782131873676231	0.00174959412489162	0.156938938117279	0.000961754228287242	0.725792930305748	0.003008266332798	0.00101856911915229	0.0172530024705884	0.00960562906100112	0.000983558268173003	0.0133511593163674	0.00612824257189032	0.000125147913957664	0.000543472960501693	0.000917692874490473	0.00487809511921954	0.0018917538326363	0.0204149495997787	0.0263115912856966
0.00014258970810626	0.00144174246576273	0.00070977415387488	0.00416137402053236	0.00199874399462783	0.000596302278597689	0.157293062247193	0.00164485994990435	0.707570026995439	0.0139563263078832	0.00203855290348721	0.0148124153263062	0.00773608991670071	0.00690359489061299	0.000396785698902008	0.00025358112795335	0.00379220263162739	0.00765007216199652	0.000712123171333936	0.00275120105129473	0.00674144414098374	0.0150719719873725	0.0416251628695065
0.000522969593228076	0.00169000230898353	0.00193491425413713	0.0136818965876667	0.00109171392424004	0.00059602623069461	0.153383648419473	0.000338611220771311	0.705071018646138	0.013355742605294	0.00187109413696542	0.0221962705667609	0.0126421316384181	0.00233633542966843	0.000191776122449133	0.00214181605553889	0.00912819797797928	0.00850521194038328	0.0109496706232939	0.000932549964895088	0.002884370345248	0.0101376276071523	0.0244164038006211
0.000143967475968472	0.000476064657160402	0.000217186365335877	0.000594392932614832	0.0171896378863149	0.000283241492447524	0.169895169700367	0.000164523831252848	0.713307363605447	0.00163328790573055	0.00480490981939161	0.029206677238772	0.00050585244657264	6.00682418081294e-05	0.00547513327666014	0.00177544882479634	0.00309260853191414	0.00363999709701187	0.00425379511755424	0.00800265725985108	0.014489420698948	0.0188213174520941	0.00196727814198613
0.00599660393655361	0.00151978365252741	4.90252491737748e-05	0.0107852986751147	0.0142881436010498	0.000606418808777057	0.163077471580072	5.28881109871194e-05	0.730086564066193	0.00126282585285178	0.00616023342122209	0.00229572347159002	0.0368515603927395	8.66078262067581e-05	0.000593910659531638	0.000363053423647907	0.00419163630655373	0.000519261534389291	0.00265644880838178	0.00186197879345893	0.00439181197307971	0.0104069151572401	0.00189583469865856
0.000343406069768349	0.00532476658545703	3.81951311881243e-05	0.0048350584376219	0.00124404379778569	0.00129955094117718	0.185809263302174	7.67473432995508e-05	0.704582237189681	0.00649648348677328	0.0014795118824144	0.0153119973873718	0.0193325576571367	9.30244550415194e-05	0.000414258809502045	0.000269393527072259	0.0129165520204326	0.0001790917523525	0.000990944336694569	0.00330791759925481	0.00031379920788997	0.00966121361149552	0.0256799854684154
0.000741579081534077	0.0169839276053247	0.000176170835107687	0.00549488782924894	0.00875893947214296	0.00713689060513328	0.15828041250537	0.000115721848014478	0.677796954190426	0.0019588629326613	0.000291218277074066	0.022310864416208	0.00149465164572797	0.000297528358175053	0.000151426692326903	0.00171456390695654	0.000233818685479964	0.00179553863776912	0.000356292930578814	0.0014007502676928	0.000629909613332775	0.0277563946153505	0.0641226950483641
0.00418261119529591	0.00438072742524512	0.00287260694364704	0.0106397030047958	0.000833623848792038	0.0118980400492711	0.146277447635105	0.000366356254828246	0.646881226029015	0.0175987503462815	0.000896438426228415	0.013343273799573	0.0243220879131401	0.000603397629639973	0.00107765416367973	0.000918022251698788	0.000623627246682867	0.000716318876465835	0.000558890246666286	0.00952863262991353	0.00171805008118783	0.0559933239132445	0.043769190089602
7.22820994355603e-05	0.00306320760660875	0.00445979803490145	0.000489548021237539	0.000118259805918084	0.0425620136709988	0.157457838524865	0.000115468925494072	0.68427153653923	0.00255054374169109	0.0307312058444944	0.0166688977248425	0.000338722110453563	0.00172216318397876	0.00307520353618988	0.0074348316821721	0.000148207303261489	0.000358785673135514	0.00250830984696248	5.21833076645178e-05	0.000448638927519653	0.0403892584623508	0.000963095426593922
0.000304747724092931	0.00153347035964483	0.000256149149195986	0.00606113860314975	0.000354795432149475	0.00603577115149598	0.160413989696208	0.000197174766289388	0.730814884395756	0.00115363791459165	0.00665900471487819	0.0171079783519109	0.00890404358643552	8.58818762736294e-05	0.000302606976702748	0.00113261951110671	0.0104244171692622	0.00111155222304307	0.00765829751946474	0.00448445930168713	0.00262386890898713	0.0228151456656698	0.00956436500200492
0.0112634241174447	0.00258818355311505	0.000287549918924617	0.00225427306084144	0.000645537994085209	0.000120938490018224	0.180496502164746	0.000206296330983121	0.670775529313067	0.035055140941086	0.00825419143945155	0.0312362853713645	0.0234830898770145	0.00127064626413104	0.00232548071691555	0.00241024332257003	0.0084384598782621	0.000864231164252652	0.000458964412298592	0.00103395358905997	0.00104264640350582	0.00839391122958189	0.00709452044728017
0.013329932905203	0.000370656202465589	0.00271403589549332	0.0114329412492649	0.000718665358708793	0.0244995764050024	0.168861966730751	0.0388579844562565	0.681788891038304	0.00621583323060138	0.00733634844981844	0.0157083478943566	0.000669413290850132	0.00174915010499349	0.000481783517295181	0.0048631064179741	0.000122797258209769	0.000898037691311967	0.000906990884925458	0.000139079545132782	0.00317518048725296	0.013863682458844	0.00129559852698407
0.00860991055796913	0.000341868301669966	0.000558156256241111	0.0092358613926939	0.000455553392539342	0.0101165235174369	0.189844524157516	0.000361884809644045	0.701161463262931	0.00260084287603119	0.00380877772629754	0.0145954655271176	0.0018894415950038	0.00114475377233955	0.000173075393210081	0.00829307881184157	0.000179280432487435	0.00404126896269879	0.000652624959498666	0.00659273639506466	0.000933379052575828	0.0273409968878712	0.00706853195932068
0.00361034061778176	0.000447870414059591	0.000243751573069305	0.00946646678045039	0.00461528034455239	0.000489029360874702	0.160990833268518	0.000782549114835373	0.693978815702193	0.0227688935808479	0.00164196093266377	0.0218574549449641	0.000926771230516847	0.000230127532222634	0.000399349205881312	0.0116489311958558	0.0049689079672686	0.00376345694074303	0.00277899121257431	0.000738326722801951	0.0228329181220565	0.0166531651986854	0.0141658080365833
0.00560926221568479	0.000226325957688428	0.000283368152931173	0.00383302610993979	0.000265331436113595	0.00333821291729455	0.170899977897378	0.0648720526373499	0.573548555543845	0.0849533930868522	0.00128305920523583	0.016645025936132	0.000247133885589642	0.00924127575150228	0.0014394955479667	0.000244543332206716	0.000192565244590582	0.0332326480199355	0.000234306485297455	0.00110088745216077	0.0114448929974702	0.0165253919039796	0.000339268282854812
0.00298943305851583	0.0141267316047866	0.00136222799138211	0.00502136190276633	0.00975145009131743	0.00037348671094046	0.129233000486671	0.000170482240227649	0.662600836406396	0.0136770471088869	0.000699753896297364	0.0345025059341216	0.0329065932351832	0.000324202811648874	0.000310007072483488	0.00588001234727273	0.00857975489876567	0.000383004020472413	0.00778289095857362	0.00138726499523729	0.000337123548406728	0.0553199789093595	0.012280849770288
0.000585670975110169	0.000465264822940244	0.000133229223869933	0.00744399516248462	0.0169759022496476	0.00945040524835039	0.164868433335878	0.000680923162353386	0.654707124459417	0.0159219408656776	0.000980209615055289	0.0134501120718242	0.000876433848518495	0.00105860772133406	0.000471008832434198	0.00043298780916814	0.000389157929756516	0.000885956298145804	0.0192076447984721	0.00015424524416167	0.00615223028164812	0.0634367833618688	0.0212717326818837
0.00600811033460787	0.000644283121289649	0.000191283613288073	0.00564553798164462	0.0257637454517059	0.00021073073340527	0.157628297565168	0.0073317269023381	0.637705154919016	0.0132190815492612	0.000407021752822982	0.0328752223668877	0.023816769545534	0.000118787212884812	0.00017470034314508	0.0187119194198571	0.00384695714268689	0.00061726538316371	0.000812222451198524	0.00444867343125709	0.000598141647252947	0.0045777241326714	0.0546466429989135
0.00188205218610989	0.0306618578569828	0.00139758123632559	0.0139255268415475	0.00462786056081461	0.000232983475099656	0.132413400500029	0.00409966884084599	0.662766968344244	0.0237721603896093	0.00142478124099198	0.0367827751695219	0.0275849810089463	5.47608648349712e-05	0.00252047734022886	0.000271358737391364	0.023007199488659	0.000941130560378494	0.00084955150125985	0.00131394330427704	0.000360554438313312	0.0132033764308637	0.0159050496827244
0.00407979633920286	0.000458466016908134	0.00175421331712314	0.00954000320588492	0.00171729961691279	0.0174606318619153	0.133416640895022	0.000263697340608707	0.681796763775352	0.00932353522362486	0.000844910091603582	0.0312588475767278	0.0153819398308304	0.000386587438037873	0.000430690711405747	0.000680369767813984	0.000277906181694968	0.000999654818053168	0.00117205280723955	0.00554794305612294	0.000744797620783153	0.0371918183684548	0.0452714341386773
0.000721623138404651	0.00161076155400839	0.000760873767740558	0.0134726029885665	0.000653707393429679	0.000751669568451336	0.148831385459101	0.00214865475603124	0.681391574847059	0.00158375689925714	0.000323885484889839	0.0148680474041794	0.0104322248596698	0.000481998212192462	0.000246089350354672	0.00220534165031726	0.00900028147258384	0.000302312077175367	0.000462982606717448	0.000280691230092222	0.0189635634981536	0.0261311365887931	0.0643748351928312
0.00121737347445682	0.0312506533607957	0.000272197289603137	0.010165458845084	0.000552820033998489	0.0219458154278998	0.127331102385548	0.000473434047235498	0.688743424127893	0.000884435669255448	0.0020150748061343	0.0240257442731181	0.000383866223538797	6.53825787980675e-05	0.000107862476125117	0.000583743877666328	0.00719712357468871	0.0130721832056521	0.0169516197684928	0.0122756959117746	0.000167092314903514	0.0306050076505914	0.00971288867674558
0.000233040341204765	0.00178870414518177	0.00117175358611611	0.00781458354265986	0.00243240417363705	0.000299951313151868	0.174354823422908	0.000197311254859315	0.707158657885884	0.00148968370105727	0.00165518496789741	0.0239033843506113	0.00890432381298619	0.000128343502378972	0.0119996683419762	0.00249707528497707	0.00615737401736948	0.000480855066798102	0.00079167646096984	0.00740308038409532	0.00659673643317201	0.0176970824433862	0.0148443015667218
0.00649291257758376	0.000719614670782588	2.20203508701737e-05	0.00278948562364368	0.0109772831666933	0.000225562683797015	0.168116799437495	8.60217965860151e-05	0.632003705131271	0.0243521776067734	0.00141073352303127	0.0332283734023495	0.0208105744416964	0.000130153431452591	4.01305379458803e-05	0.00765939746160856	0.00051477364776589	0.000446156702077965	0.0113448575832348	0.000591500081951865	0.0242980437935592	0.0506073045533619	0.00313241779446847
0.000120675443420835	0.00288284232652349	0.00210637207476907	0.00770518861763391	0.000321645213800273	0.000779939444426065	0.141908949535102	0.000221422632258307	0.662058014265692	0.0555340758376313	0.0166677736338691	0.0283159109587988	0.0123647402760617	0.000420702126757867	0.000661543126762417	0.00268991016778661	0.00145988534113116	0.000229361900432322	0.00893236080760838	0.0127152832389984	0.00402079966306969	0.0344634794647108	0.00341912390275626
0.0001668995966011	0.00735561236577314	0.00653641445724947	0.00877630926493383	0.000690218258239516	0.0523736786235472	0.135905172852985	0.00276206935493477	0.638969730537261	0.0337435635789136	0.00275167016849891	0.0123647667297784	0.000593919485618936	0.00580798036648781	0.000334642006664664	0.000960053120588892	0.0018073442003586	0.00359724148052384	0.0189754959196304	0.00780370976567705	0.00140362172256041	0.0493030881807115	0.00701679796246146
0.00115891203299383	0.000578146029030061	0.00232220768072116	0.00169100101061202	0.00574435506557427	0.000772150898351553	0.154754816995321	7.81345021681274e-05	0.642222781397265	0.0360466401253875	0.00126881478731287	0.0164701503364508	0.0195034538532388	0.000423708566014428	0.000122589250987257	0.00451868151534255	0.0171324407165519	0.00322119763375054	0.0720970570375556	0.000218233458524016	0.000115080482710141	0.017448175762061	0.00209127086207627
0.00247237465606395	0.00269074323185282	0.000108634897555631	0.00604650429166579	0.000597699404287377	0.0175188706452449	0.144688457765614	0.000279902156632427	0.654466130962663	0.0389132389257907	0.00161538642462722	0.015783252906688	0.00630856278513992	0.000689935578771371	0.000113560213647072	0.00111957916084584	0.003283555394285	0.00688793856693689	0.00284686833580929	0.00414102854038442	0.00830114854078738	0.0457847175519507	0.0353419090627558
0.00518630973198032	0.000219569250626622	0.00390186328602807	0.0257036073636579	0.000342006701795149	0.000191082075940394	0.158694672471034	0.142528535088546	0.573153557010749	0.0033602209721901	0.010153182300525	0.00952403898937253	0.00021476195303185	0.0127812879666819	0.00017317480128806	0.00151906695616223	0.0111129703834842	0.00159931933511659	0.000399376084923811	0.000446186356070995	0.0268592233805836	0.000813748461982184	0.0111222390782298
0.00129643168113789	0.051254151995089	0.000222777994330335	0.00678170344306365	0.00209196545777069	0.000534088183238361	0.148884593135186	0.00132599820919394	0.647092853926205	0.0037911873593738	0.00138931057111607	0.0418942751754325	0.014800608216074	0.00150028797098831	0.00667343130390561	0.00971012650354885	0.000824060686896675	0.00358616419867154	0.00231176261281861	0.00520747932244017	0.00111852874966019	0.0293619550776495	0.0183462582262103
0.00515662938747896	0.00044910379781032	6.26759599536852e-05	0.00134728325673113	0.0049418640413984	0.000405212151477693	0.142630929855536	0.000731130567179818	0.649662946981347	0.0137453273327475	0.000529612788678354	0.0342575075974015	0.0145629251068424	0.000125985925266072	0.00173749152081303	0.0212888433464311	0.0392207644153659	0.0263355298539319	0.000412005664461409	0.000635004047523575	0.0064807888915662	0.0340868323151757	0.00119360519488239
0.000428998094243211	0.0231012871300086	0.00014922778799965	0.00152771289267845	0.0317047152886969	0.000828023031687449	0.147028774571136	0.000282204566252827	0.660613029821442	0.00605883269493883	0.000351752680719202	0.0357499443948462	0.0227491137112997	0.00268503141438362	0.000445275754287626	0.00151916545042159	0.00246189692159721	0.00853185167072997	0.000615405059694557	0.00315176623132369	0.00122075339845687	0.046990764720146	0.00180447271300942
0.000189236547029695	0.000103165094528538	3.19816996257153e-05	0.0292570822883578	0.0129368973359694	0.000121050895235683	0.146802502499277	0.118046800629035	0.53032683137875	0.0487541345711273	0.000961621175267485	0.0146142484805169	0.00257864041455158	0.0143810251506282	0.00129286096096203	0.000161153764083474	0.000356029432166298	0.0591087181856542	0.000123396958709414	0.0188341846662871	0.000256135357985875	0.000277390287133859	0.000484912227117274
