Bcells	CentralVeinEndothelialcells	Cholangiocytes	Hepatocytes	Kupffercells	LSECs	Mesothelialcells	PortalVeinEndothelialcells	Tcells
0.00408192990833627	0.0135303953943659	0.048065454941165	0.910049962805216	0.0126820821859091	0.00541286986362734	0.00223395482541739	0.00345561159006392	0.000487738485899295
0.00109696070252171	0.0110930456533829	0.0439808468843436	0.91790088864586	0.012316186347435	0.011281422137054	0.00201243797252325	0.00021649119487906	0.00010172046200015
6.38082735111219e-05	0.00199855532390431	0.0470489017365835	0.932779319874337	0.007532426764294	0.00695025220867301	0.00172051041473644	0.00186270017577965	4.35252281810113e-05
0.000116460565218644	0.00967446210281413	0.043478800133764	0.921381720555374	0.0121719843046768	0.00422667246056266	0.00296466854715579	0.00047766835950564	0.00550756297092781
0.000141862332343649	0.000226878921949787	0.0398632519356616	0.926437768162506	0.0185677838312297	0.00990622511738705	0.00323156033393543	0.000623856740129191	0.00100081262485715
0.00245939460488203	0.00460819335163903	0.0437524549178476	0.921672839674624	0.00767578653232817	0.0145334141095902	0.00255782279926332	0.00266164629004162	7.84477197843131e-05
0.00574409145088013	0.0149926487311638	0.0424989920550087	0.914196001690275	0.0118168365827648	0.0084579095201043	0.00202706371565291	0.000199348154367545	6.71080997830711e-05
0.0102121776049503	0.000760940800281238	0.0498344832496196	0.903627573929221	0.0137921329816421	0.0192764942211109	0.00224674159371134	0.000197695804006403	5.17598154570128e-05
7.3035599294031e-05	0.00669332627616497	0.0463237006488544	0.904936384904184	0.0154394004055354	0.0222152979616755	0.00308102777064102	0.000767261840575781	0.000470564593075111
0.000238847238290489	0.00921009160212911	0.0463558768458813	0.928481213295167	0.0135503065544164	0.00034171555821433	0.001156075469223	0.000372956527567405	0.00029291690911093
0.0107719227381677	0.0146232720237396	0.0458946783658994	0.905554638247624	0.0164915329427239	0.000513537260184276	0.00351860361903794	0.00218974916446385	0.000442065638159527
0.0010356506634106	0.0156969658648747	0.0482200165655308	0.922864305878489	0.0076729245381266	0.00147614352006381	0.00242635420845545	0.000200971100384744	0.000406667660664084
0.000295487834223808	0.0226624066828757	0.0486854739932141	0.900028810760763	0.0107468542359393	0.00568618406956928	0.0036744526483053	0.00818806325996407	3.22665151455035e-05
0.00035608595551841	0.000842458834386552	0.0505007301535184	0.912066189132377	0.0158116929967112	0.0139412716603204	0.00334273807579935	0.000708106010729063	0.0024307271806399
0.00101352555504366	0.000226910887679281	0.0621695647089391	0.909771829084046	0.00672580231893953	0.00934467315926647	0.00346919322998692	0.00706901726920538	0.000209483786893322
0.000213639763907211	0.000538845537320762	0.0474460811182115	0.917069166299212	0.0102093848011064	0.0143864179759548	0.00483460853495464	0.00303784781732666	0.00226400815200603
0.00116046531240821	0.00780033577698268	0.0439438325604861	0.923520886761281	0.0118139685253185	0.00904509907452735	0.00251260146868858	0.00010771166510822	9.50988551991535e-05
0.00707383203465875	0.00488873236129255	0.0510450280512886	0.910409648029729	0.0161494203427672	0.00136863253071192	0.00210943972169225	0.00287963361200235	0.00407563331585714
3.84789853824255e-05	0.00351559628422548	0.052022261169222	0.904673133473953	0.0124874737409971	0.0127370922726572	0.00273463837511526	0.0115407742855536	0.000250551412893982
5.28472779052036e-05	0.00264853105501355	0.0475155983420599	0.924378082823065	0.0177888277533621	0.000285519014007777	0.00301147614535269	0.00423631447955755	8.28031096765853e-05
6.01221036903967e-05	0.000239414251345108	0.0655893157062056	0.880898018481425	0.0114656022280268	0.000279923768296008	0.00367999987573728	0.037286637410359	0.00050096617491477
0.00381097852862432	0.000164434341434311	0.0491542403825908	0.901544141078088	0.0181926442624241	0.0177523894941417	0.00154652757347063	0.00770694312641446	0.000127701212811731
0.00401611765856904	0.00670967798361611	0.0436137304586757	0.929969065671294	0.00875171269982029	0.00476168178259711	0.00201493776454976	0.000127056360592705	3.60196202851743e-05
1.45742977948847e-05	0.000352389561091058	0.0444277733867629	0.926367720077915	0.0106415160141331	0.0148853091147989	0.00305944149478109	0.000204213259548647	4.70627931739692e-05
0.0017035122328591	0.0162728998176333	0.0440194834354138	0.906750294676358	0.0203824327219844	0.00204946970051741	0.00262358962502882	0.00549599462589448	0.000702323164311112
0.0142952773023265	0.0146361000173093	0.0455319118102542	0.903663971115649	0.015330218457412	0.00238848720589156	0.00294848961058765	0.000571124097426602	0.000634420383143028
0.000142340333806368	0.026581415146458	0.0404935363298305	0.91648639281656	0.0106657377244108	0.00276383949587573	0.00222372507345921	7.73984267890019e-05	0.000565614652811023
0.00335919118353054	0.00216956852041074	0.037839593320341	0.916991122640028	0.0193748267479936	0.0105588913478284	0.00355840101813724	0.00598866766761698	0.000159737554113075
0.00232764376460443	0.00546688131890074	0.0507460561993634	0.921123179062403	0.00859008878660684	0.00110143463649416	0.00212468892644985	0.00822792696367866	0.000292100341499017
0.00025082410072143	0.00742847294356206	0.0532121062323832	0.905757660962628	0.00986202653837863	0.00646081161058589	0.00405041834298417	0.0121920527392268	0.000785626529529908
0.000109298035984959	0.00148031880044316	0.0659472648736482	0.899221925945079	0.0109317021482007	0.00547429099872878	0.00417044432044991	0.0126241236188816	4.06312585837876e-05
3.93573377886712e-05	0.0010741719572737	0.0479616680795703	0.917123184049282	0.00950496135950385	0.0171087896592768	0.00268291385810647	0.00447752329590889	2.74304032890709e-05
0.000162347901280885	0.0375312985963234	0.0472232800563055	0.896671142557692	0.00775669469992848	0.00177788569302016	0.00410345255183967	0.00437604102951018	0.000397856914099485
2.77944762705852e-05	0.00443207233422519	0.0535821656014408	0.920886362185237	0.0105470213141729	0.00640824543834734	0.00272916104369699	0.00134929337094123	3.78842356680025e-05
0.000232482609504911	0.00496639995053395	0.0525213398241015	0.920424144695638	0.00582908198898337	0.0112096198486015	0.00269009262851944	0.00199569569742848	0.000131142756689009
0.000162258619263213	0.0103290741697336	0.0507496101259242	0.910602517353134	0.0197346282811271	0.000370221295393471	0.00169002400253743	0.0063301766448682	3.14895080191936e-05
0.000866209360892283	0.0184241660109639	0.0499600639731989	0.915249143787762	0.0095362733278984	0.00213859895003128	0.0029118321935421	0.000853512526723661	6.0199868987176e-05
0.000827670722828391	0.00432376627406941	0.0491784389053027	0.916757540096412	0.00993122195995691	0.00799756302176172	0.00263130031510059	0.00390595928081124	0.00444653942375643
0.00172023632757128	0.00296266239237694	0.0448689837961898	0.916662260733108	0.0131863788895879	0.0136097130123932	0.00286658466432895	0.00175910975291174	0.00236407043153187
0.00270588679312763	0.000951301477348886	0.0485870818180734	0.909664962109422	0.00971578305086973	0.0158508038866387	0.00374205430287107	0.00800664309521818	0.000775483466430194
0.0032881487010602	0.00683608459720707	0.04367947548107	0.916577032694342	0.0148020217681635	0.0122411227632784	0.00226403761882597	9.88067077636881e-05	0.000213269668289637
0.0134650888069905	0.00390958332798575	0.0501694862589591	0.901974985823583	0.0164560864314295	0.0019430235355014	0.000835602591692764	0.0011715130950128	0.0100746301288452
8.26190528277763e-05	0.00706739635282291	0.043251196288111	0.913765734644939	0.0151620769647142	0.0146197169047739	0.00251776114440774	0.00126385440127921	0.00226964424612431
0.00529632254089245	0.00018175384614753	0.0403373185447448	0.916866161098999	0.0141014669045239	0.0132272870413102	0.0023420035203663	0.00760566980571931	4.20166972965563e-05
8.20147429059728e-05	0.000246757617541874	0.0495449100562985	0.911024038636183	0.00799695022759479	0.0247402793481777	0.0038959822707405	0.00239952373732057	6.95433632367797e-05
4.91862383246986e-05	0.000216842301157049	0.0441038326002535	0.929947781090434	0.0116492286302613	0.0099324106453379	0.00189760148944412	0.00025435076880387	0.00194876623598308
0.00333451881418885	0.0152690960688309	0.0451197548167646	0.918113445428828	0.00881904924327388	0.00405086772430433	0.00302016898831516	0.00224619213121877	2.69067842759643e-05
5.923678802718e-05	0.00777157948238144	0.0461095666660821	0.9144034379787	0.015576980646107	0.00057147323413123	0.0026259210424754	0.00546522197301628	0.00741658218907912
0.00106778647881876	0.00204744348352391	0.0431409996460228	0.913524102104437	0.0144301939985107	0.0124678752606713	0.00252727287240321	0.0107427102105523	5.1615945060101e-05
1.38809058836933e-05	0.00129139732132916	0.052080644123457	0.916675194318927	0.0125289574189059	0.00744482284307896	0.00309034718661078	0.00684806492553604	2.66909562714877e-05
0.000282597029643689	0.00176422982735046	0.0503356065679591	0.906470520908036	0.0203387209219007	0.00938274433275321	0.00220788003371946	0.00577132244045737	0.00344637793818
0.00905776831900425	0.000821963622024299	0.0666993344953927	0.873271010555195	0.00574436646214198	0.000305331440759312	0.00805629034465404	0.0360166181068578	2.73166539702067e-05
0.000352826869776215	0.000180944691423106	0.0465520078895034	0.92132542976867	0.00791628030107241	0.0187903706089426	0.00458183473812021	0.000236188162953246	6.41169695381916e-05
0.00102086510681134	0.00719479491876997	0.0508974518655769	0.919471274453923	0.00735065682838464	0.000810031127375876	0.00271361352149028	0.00628835515360012	0.00425295702406754
0.000152338917909524	0.0040992033386317	0.0404684149684634	0.921824231660193	0.0177135046316581	0.00846436920219993	0.00222614521122598	0.000119885378218933	0.0049319066914993
0.00105368994296596	0.000343749116163828	0.0496571426374642	0.912766724144739	0.0130834366243203	0.0172250750570088	0.00348375059743977	0.00141700528296345	0.000969426596935114
0.000177307126569792	0.03313965391609	0.0471857775226665	0.900015197462305	0.0108231067081413	0.000151689160261245	0.00502143587046673	0.00345277920380768	3.30530296922236e-05
0.000200759567112284	0.00184026311887606	0.0461126262254369	0.914137124138954	0.0120741597577655	0.0171640907263347	0.00331494951705175	0.000141216393909205	0.00501481055455932
0.000473991112238281	0.00825919597256726	0.0435059435333054	0.915337863540675	0.0118686916149663	0.00876702466229223	0.00273349259373109	0.00135143727926514	0.00770235969095891
1.1756064358938e-05	0.000130847852575799	0.0469569432713831	0.921116306145479	0.00662320765369997	0.000341970468230157	0.00319290277336372	0.0206261635962453	0.000999902174663967
0.00485911264387066	0.000481718278511711	0.0540339669097199	0.907358381742027	0.0133615175906534	0.00990904642469194	0.0029907222588235	0.00696717695612669	3.83571955746748e-05
0.00305135908855428	0.00057495722791369	0.0456632620955837	0.916531231091171	0.0199367211178489	0.00760727511238452	0.0028281863827363	0.00353228320803887	0.000274724675768533
0.00082981248564439	0.0169331774304029	0.0530602771131433	0.911902507975512	0.0120901912982092	0.0020678159264125	0.00265970860578192	0.000384316337005397	7.21928278883038e-05
0.00540566845664912	0.0205083700382997	0.0420311768063216	0.911089379914109	0.0129813260246135	0.00114156115602607	0.00317267648761863	0.000496632227925862	0.00317320888843616
0.000141715963288618	0.00034805864463236	0.0416555826985123	0.921839259654947	0.0119783423345698	0.0127599182872791	0.00486660718694361	0.00622334318326651	0.000187172046560687
3.91335923294054e-05	0.0247055701305331	0.0475957339891567	0.911770974933348	0.00529838637829365	0.00680604968474825	0.00361531485796264	8.34616390124786e-05	8.53747946153613e-05
0.00109543331600344	0.0198103212070516	0.0488079131344226	0.918572442953452	0.0065340300260278	0.000375084894691888	0.0026144971899618	0.00180212951010744	0.000388147768281349
0.00086715126371683	0.000394050750770177	0.0452354093166905	0.929124404552459	0.00786156305412516	0.00222467507591838	0.00310324768124794	0.00893106962890741	0.00225842867616471
0.000528608455808915	0.00328603639984333	0.0442308697604742	0.922748697817076	0.0138916074562076	0.0117945819564469	0.00238264906261071	0.000669838052415662	0.000467111039116779
0.000970091397017198	0.0267840909966653	0.0414982050696711	0.912330902052784	0.010366700747863	0.00357207648208152	0.00220664917556489	0.000102964362054367	0.0021683197162986
0.000881471501819656	0.000542558299262443	0.0428906110616939	0.921435830528152	0.00805167592143497	0.0220448019337916	0.00280261453181432	0.000568140429418922	0.000782295792611711
0.000463796064292501	0.0236366360518524	0.0458965147676812	0.903034699835288	0.0200559753029565	0.000789974396426238	0.00234183388981293	0.00364120014850255	0.000139369543188389
0.000897885751428044	0.0137929572259383	0.0495772493904359	0.911137432165024	0.0135201304957312	0.00792079653177131	0.00229899493229117	0.000804228353120157	5.03251542603301e-05
2.7525106661355e-05	0.00890857331866459	0.0495552720274039	0.92074597189121	0.00634672219158605	0.00363291229083663	0.00277158692289655	0.00689292117600685	0.00111851507473441
0.00925962915607495	0.000243468379671639	0.0793213134089768	0.859484132105855	0.00978088847473212	7.10385510301579e-05	0.00625646025841333	0.03538659890137	0.000196470763876346
0.00329108832027482	0.000269940867472864	0.0447951157950653	0.927111522595025	0.00930980958975405	0.0115983448963637	0.00235688992455376	0.000921870143621403	0.000345417867868981
0.000962309249289148	0.0127423182347743	0.0385914093360477	0.913599462561797	0.0140545566614159	0.0168607835724421	0.00220666269648058	0.000134217712280553	0.000848279975473228
0.00159164368653085	0.00215729696621829	0.0529838289810175	0.913246415152326	0.0144558799254183	0.0119471400040036	0.00304212775279404	0.000373110968431662	0.000202556563259285
0.000760015160827338	0.00329300378654932	0.0469566655874632	0.922223442115821	0.00884720416469901	0.0135779639477922	0.00182926559017872	0.00207814358882751	0.000434296057841438
2.60665647992844e-05	0.00028806489879143	0.0484464328918791	0.925177108630564	0.0123692383062305	0.0102596065377943	0.00324523480777247	0.000172729942821815	1.55174193469045e-05
0.00127793592359536	0.00916959225633404	0.0449236759306001	0.917199738174719	0.0151548727730036	0.00603833838044791	0.00337439405930339	0.00257731710698461	0.000284135395011733
2.30908739963901e-05	0.000210123517545068	0.0422331717015801	0.919977969727594	0.00771375145126713	0.0182395440145464	0.00221868958183354	0.00435629895193488	0.0050273601797023
0.00965495273898253	0.0188190863450353	0.042343231131345	0.907502521563628	0.0157486223432965	0.000866822279659792	0.00472590582906126	0.000100302659645808	0.000238555109345439
0.00197576275247806	0.00235198606888677	0.0390945458053708	0.923327569410369	0.00762163531107441	0.0185063069256123	0.0036172425890838	0.00341460028847442	9.0350848650975e-05
0.000977259848260223	0.000577850525091313	0.0509962518561883	0.916990490332538	0.00840529088613672	0.00381810651778116	0.0036177606180259	0.0145746841312693	4.2305284708814e-05
9.87572966976702e-05	0.000823541789288454	0.0486487202999261	0.914325987002574	0.00567963135269537	0.0140158921923522	0.0025390434867836	0.00201741376522196	0.0118510128144604
0.0035154214061542	0.000993081031643667	0.0524249237870597	0.917984288904594	0.0059726081259418	0.0167556141168688	0.00223700138137952	9.82235044922409e-05	1.88377418660253e-05
2.41841207175302e-05	0.0149732488260659	0.0409078407148392	0.912362470838693	0.0107593563802877	0.000638465058114958	0.00450288265665869	0.00155439118875249	0.01427716021587
0.00692223391976013	0.0265595355574622	0.0379732906085511	0.908042207879176	0.0129342758565425	0.0044453824822131	0.00290481395462424	0.000136326322924411	8.19334187468089e-05
0.00166751237039467	0.000128965392488502	0.047729269396376	0.917303574599987	0.016298038139074	0.00897687774626642	0.00188455709570365	0.00595461205015699	5.6593209552704e-05
0.000724601089317398	0.0123167279112969	0.0437953954442807	0.924712670236544	0.0130618662105584	0.000615878610646578	0.00263923694261019	0.00204310428329001	9.05192714558131e-05
7.88490098542196e-05	0.0208911854467382	0.0485873867242458	0.918835303259025	0.00911659446767545	0.000581695872732281	0.00140915296063117	0.000343440633342634	0.000156391625755597
0.0249161166691583	0.000276187298447216	0.0993925728992712	0.831743764866986	0.00887771872093373	8.57738012244091e-05	0.00393913054294053	0.0302803947838993	0.000488340417139395
0.00102961041471026	0.00909077641076656	0.0465999255649909	0.903694873629467	0.0150876006439266	0.00571795375137262	0.00223789352185695	0.00019437094198693	0.0163469951209224
0.000149784547703787	0.0226221132328839	0.0407372385546015	0.906169782609862	0.0177783418287979	0.000149120325379562	0.00493597019694977	0.00716218800480697	0.000295460699014745
0.00591934541270683	0.0117390847540423	0.0552420166340196	0.909807824322571	0.00970953014912631	0.00300202138355713	0.00314860720938183	0.000392276269337739	0.00103929386525735
8.23832618086465e-05	0.000976592118601121	0.0426129318437668	0.922011359198873	0.0150528504130855	0.0161666673051734	0.00174022130533153	0.000340138503024581	0.00101685605033594
0.000478812320016437	0.00040894163317028	0.0573554052750757	0.902393730233089	0.0116217991055176	0.00708601660033963	0.00394767467724867	0.016276450778049	0.000431169377494043
0.000999419700106082	0.000478161158548076	0.0495710841005072	0.92189267017566	0.00906923620303562	0.00996040034145843	0.0034424993241139	0.00455191893721777	3.46100593528103e-05
0.000112966552161234	0.000626969409891204	0.0497781417647004	0.901661692151359	0.0134292988211952	0.0276639624304268	0.00317798042136544	0.00283223605330404	0.00071675239559678
0.000200976952815502	0.000178967211905283	0.0449382432537063	0.924362441808426	0.0123799450497657	0.0144074282972151	0.00217033861812362	0.00115057714218649	0.000211081665855613
1.79024069921234e-05	0.00015357481601603	0.0532750585736968	0.901832725405429	0.0261255648895939	0.00691428362435256	0.00295585632703186	0.00822472210770715	0.000500311849180339
0.00212906032101966	0.00335380132350506	0.0460709020960537	0.926153128498625	0.0113228988345493	0.00851271036228066	0.00228041820155261	0.000124121942765814	5.29584196482092e-05
4.59672180849764e-05	0.0134184129327389	0.0496812146072098	0.914672526094195	0.0094951006284504	0.0081906572662438	0.00346531501509646	0.000753626823844019	0.000277179414136496
0.000517679602684247	0.000635773021206457	0.0473728513961159	0.910383594302154	0.015982411080933	0.00200100511526212	0.00316510522021384	0.0103724918389398	0.00956908842249108
1.82301605475476e-05	0.000180319052344838	0.049454376603116	0.919881530176319	0.00664420486147539	0.0194266685176104	0.00268862232691588	0.00168280858206481	2.32397196057931e-05
0.00186382810633301	0.00552911349715749	0.045743825437816	0.909344665851856	0.0081089889769917	0.0252129757086369	0.00216667075147666	0.000462471298860566	0.00156746037087194
0.00106669229803796	0.0018768899142566	0.0474579865525555	0.91648430087943	0.0192259485132515	0.0110238862833187	0.00221817101893195	0.000266515822348732	0.000379608717869034
2.40826671347386e-05	0.000317128697216208	0.0455929447307159	0.911831377715138	0.0170101954331473	0.0226552119576902	0.00141445605946149	0.0010753896738213	7.92130656752574e-05
0.000233418339159319	0.000677627590931686	0.0462038678394995	0.923353515975067	0.0158956257979157	0.0103473762503809	0.00248693835103334	0.000751905905802967	4.97239502098774e-05
0.000114362847357049	0.00477107318419764	0.0495877329358921	0.906097828848072	0.0246967401626151	0.0104495794471738	0.00140005398215355	0.000422315355051333	0.00246031323748757
0.00124039248602575	0.00531341137502464	0.0549745372365553	0.91488222458263	0.00911083621365999	0.0125095555476638	0.00164551220800027	0.000117034700477369	0.000206495649963055
0.00183336744870254	0.00264216293175199	0.0398639194553973	0.930517453316966	0.0123938240423644	0.00398672498793457	0.00299207534799291	0.00538033869402561	0.000390133774864429
4.71335948031438e-05	0.00981600595878165	0.058835202415759	0.906467767387338	0.0104242625622251	0.00389383795898873	0.0028712186042073	0.000297760957947966	0.00734681055994914
1.03815973185684e-05	0.0033904991896605	0.0459377460555921	0.924024580445328	0.00768443950404547	0.00059130122616006	0.0031698777229359	0.00832661635543583	0.00686455790352393
0.000120382781149041	0.000527089723797828	0.0476922740570742	0.915839605238171	0.0145544428021182	0.0154533750281046	0.0019452097777791	0.00382138512660504	4.62354652011718e-05
0.00730303487633484	0.0156240858556046	0.0439108385387037	0.915679415047211	0.00937011914483248	0.00542632915753165	0.00230383024385167	0.000241923210534874	0.00014042392539522
0.00249460522332559	0.000393058166165488	0.0499947472264273	0.915265397261921	0.0140186675256138	0.00640655080645055	0.00264898793712689	0.00602284173142604	0.00275514412154346
0.000127350326774242	0.0073593602239936	0.0426053936827428	0.92299192898652	0.0080449103576399	0.0136246527252968	0.00357194005258832	0.00143643508325116	0.000238028561193406
0.000699322286248447	0.000897050884891803	0.0428625034937865	0.914734161364753	0.0190994313204652	0.0184648983246017	0.00145840273969354	0.00173234130396694	5.18882815924881e-05
0.000606337804807617	0.00342600792539833	0.0429002151917382	0.925466411214556	0.0120032220854476	0.00614765551406539	0.00214250731603474	0.00354607151236439	0.00376157143558757
0.00106664043039855	0.00748015020411752	0.0530013165823687	0.916988039799078	0.00988935487080505	0.000471710310479587	0.00281401529954273	0.00827084661173972	1.7925891470235e-05
1.84464481256652e-05	0.00552246242538676	0.0592919375519329	0.912116049169537	0.00936245197588244	0.00085303502154468	0.00242120944472776	0.0101121440054266	0.000302263957436006
2.35926761340946e-05	0.000296140016092849	0.038879374980282	0.916834186450507	0.016950569312042	0.0213460409256784	0.00190462719429943	0.00149245405996093	0.00227301438500286
0.000114984966335482	0.00825399972186092	0.0417394436919815	0.931225278297303	0.00977335355885833	0.00493340703990915	0.00257775505723209	0.000510459224233919	0.000871318442285336
0.000205699938549113	0.00346269697008454	0.0451564570375736	0.916992365779832	0.0116126789384763	0.00689926712060592	0.00298023512366459	0.0124609283571736	0.000229670734040746
0.00757852872200275	0.00522443427786873	0.0451889017176367	0.924659867525903	0.00533532475696337	0.00915688663216988	0.00159319218541364	0.00033309523826826	0.00092976894377369
0.00335045189658509	0.0010917863728875	0.0456573762832134	0.916294883346594	0.0115423941134199	0.0162613016680856	0.00183039812289531	0.00322118726496585	0.000750220931352739
7.57938289838731e-05	0.000616843162978333	0.0415509555932644	0.916266384510617	0.0147219851249168	0.0189435528107659	0.00225777490171104	0.00531664932575359	0.000250060741009371
0.00249992884317389	0.0129360052784982	0.0447428267110928	0.915985513135727	0.0106995984909452	0.00331042639857668	0.00306146041507804	0.00387078226241005	0.00289345846449818
0.00010947459155478	0.00733545449560822	0.051633639220741	0.918156094491848	0.00931163369756943	0.00312190032326474	0.00295721374722262	0.00545390712270755	0.001920682309484
7.80369316168711e-05	0.0260045500523552	0.0460044770387695	0.915655763963636	0.00749999989218097	0.00255024728853337	0.00174994259257752	5.93970648875923e-05	0.000397585175443013
0.000202965749539927	0.00961964495449894	0.0542753420807983	0.908347490344824	0.00874056308765886	0.0163138111587825	0.00204161089838771	0.000440383010770476	1.81887147393055e-05
6.70858150305478e-05	0.0289821623591232	0.0302054973387595	0.917521039209255	0.0122189626926321	0.00138858441992417	0.00441177551124379	0.00181464213030851	0.00339025052372296
0.000219280189122656	0.0115961754611785	0.0503499356123486	0.92407690685183	0.00740265981075479	0.000709650328729784	0.00102521656995108	0.00448872237278796	0.00013145280329649
0.00964473036561884	0.000276494070777232	0.0580472980304873	0.889467857928344	0.0122516926633224	0.000197563073105496	0.0041040868997401	0.025895233527841	0.00011504344076392
2.91551123444008e-05	0.00438844543209448	0.0437967377495654	0.922089932714685	0.00951150100973534	0.0150668441598071	0.00090921931403434	0.00143087150259982	0.00277729300513446
2.96239372584175e-05	0.000953169540036039	0.0484850639610092	0.919150488638339	0.0210008253495242	0.000623933021368529	0.00240558294142529	0.00731838016456446	3.2932446474693e-05
0.000201619094154953	0.00146454614005758	0.0500145097223882	0.92007640727501	0.0158388394675824	0.00873418379501206	0.0026169938267279	0.000145961716326215	0.00090693896274081
6.45300364807441e-05	0.00441800893752088	0.0532929888532142	0.91597228762648	0.0120844076031661	0.010305561982675	0.00304839726857873	0.000153038503058757	0.000660779188825986
0.00466276220436134	0.000970987786946031	0.0437699574051482	0.912568513499107	0.0144001383547811	0.0160940041846632	0.00203919691151312	0.00323374353705859	0.00226069611642129
3.16356965991838e-05	0.00376688530456807	0.0436817308577039	0.918910744772458	0.00817716691356913	0.0170428697836337	0.00210057703250677	0.00384812728705961	0.00244026235190194
0.00381837803293775	0.00159805786486867	0.0462260350822616	0.92124832523961	0.0153684795990926	0.00814632880271761	0.00215705679049438	0.000625934444697342	0.000811404143319839
0.00424803765720749	0.00578241186946108	0.0587977638599508	0.908800983099839	0.00532529642156633	0.00562405351828843	0.00264143669264348	0.00854007115158337	0.00023994572945966
3.21361546470421e-05	0.00058391366240756	0.0438570481570138	0.911587856594352	0.0180427613810526	0.0238053800626561	0.00200256173371989	5.27318418989988e-05	3.56104122521509e-05
0.0049621416861261	0.00658372140412595	0.0466235843267834	0.910370887085118	0.0167642716541949	0.00131018140006473	0.00332966936962665	0.010016967571759	3.85755022008286e-05
0.00074441097659398	0.000408670325491485	0.0493032649097226	0.918888979543122	0.0125554227162958	0.0150818138694776	0.00231894350141703	0.000272991577610821	0.000425502580268611
9.42345839889149e-05	0.00210471224057811	0.0453163636401234	0.912958356748664	0.0200877803674057	0.0160545773357899	0.00281604222765448	0.000447054271194648	0.000120878584600528
0.00463865084489078	0.00142416648663025	0.0652127828001433	0.894509035190776	0.00722609867445959	0.000881221330512781	0.00460116320342343	0.0198062963193508	0.00170058514981306
0.00617250043253517	0.012509406033775	0.0465671906481805	0.921653795169396	0.0100624792912966	0.000611436034664016	0.00180663748527573	0.00014387751369755	0.000472677391179834
0.000137509864567369	0.0100474079124242	0.0516119869442282	0.9163441861609	0.0156071765609319	0.00158858924862417	0.003841426472871	0.000353162922710752	0.000468553912742319
6.21956610397473e-05	0.000218215995277044	0.0429444375193843	0.91547714036844	0.0200567758847021	0.0137740839374424	0.00270411009181604	0.00462534748197879	0.000137693059919822
0.000100540745324586	0.000606463098233632	0.0420273450671571	0.906706196376753	0.0215122413920724	0.0179185435832633	0.00215950075949757	0.000411153875972451	0.00855801510172605
0.000150795777933945	0.010248021841509	0.0414178460210354	0.920973868797921	0.0166210032983072	0.00626998960705665	0.00246401259929433	0.000100369754064171	0.00175409230287821
2.48965945108936e-05	0.024459252495506	0.0457894978726549	0.911130547842244	0.0130687405148219	0.00276048365364874	0.00142766606944036	0.00101146814995433	0.000327446807218401
6.32180381038867e-05	0.00730420806656916	0.0474852089037628	0.897293917232066	0.0203513017219558	0.0165925761613986	0.0022894039665686	0.00116223825620307	0.00745792765337242
0.0087894739072078	0.00064917518810621	0.049134695142478	0.903126369434913	0.0141282572953693	0.0199062386660609	0.00297970454365077	0.00124311463216964	4.29711900442659e-05
7.82698620569215e-05	0.00259676752129678	0.0390632397949175	0.926204701774345	0.0131941109074575	0.00909756120303811	0.00187334840395116	0.00785204704539213	3.99534875451344e-05
3.69177563825267e-05	0.000894631069812568	0.0430321209773729	0.91967727869675	0.0073681895269247	0.0257967293620572	0.00262472467341206	5.7088936732714e-05	0.000512319000555622
0.0111115223073516	0.0121084261453948	0.0419909185851179	0.911239180377738	0.0117047730108024	0.00243523026906676	0.00218739468085402	0.0024733168415303	0.00474923778214467
0.00146350835592122	0.00104648734887292	0.0477375277633626	0.906707904734969	0.0196199801803447	0.0192867503789982	0.00254241768339744	0.00155428755331498	4.11360008193016e-05
0.000291501478801902	1.20412265245551e-05	0.0546544462095853	0.883415236240971	0.0105683718886885	1.76312236331332e-05	0.00546221758782366	0.0444489064771736	0.00112964766679823
0.004597415579595	0.00323338141802483	0.0405137493998948	0.910324163990342	0.0156878845830522	0.0176046518194117	0.00366577715757527	0.00257941332762895	0.00179356272447547
0.000171834699679326	0.00759207365962239	0.0455027983218862	0.907437719814754	0.0242565432776577	0.00256604897349787	0.00200151599606171	0.00974020128501217	0.000731263971828354
0.00352434407990015	0.0204375119048324	0.0422542812353039	0.91215310561947	0.0177772120005521	0.00144130439932432	0.00216459136866138	0.000125763965101661	0.000121885426853775
0.000178885594495752	0.00510210848680263	0.0535311661407744	0.91357924756862	0.00537337528134148	0.00119547238533802	0.0044177827314614	0.0161254421335052	0.000496519677661159
0.000397970592316911	0.0113743383104978	0.0432813923380261	0.909376428269848	0.0115973688386704	0.0104411624352966	0.00386402163697215	0.00105237420853414	0.0086149433698375
0.0024357688324835	0.0175868697136182	0.0440288134295127	0.918038844794271	0.012770005831839	0.00119248617200418	0.0030737450275436	0.000800424802625816	7.30413961024811e-05
0.00132870943440413	0.00128718739008326	0.0528089430010208	0.89959480003686	0.0265198596123109	0.0033128527495084	0.00250181370236886	0.00801094356242741	0.00463489051101556
0.00258252560269686	0.000205309218844515	0.0408237790441621	0.920182507982809	0.0129141499219098	0.00449600291069437	0.00299422166456007	0.0101795614262144	0.00562194222810939
5.52940265326597e-05	0.0132819376710175	0.0461777274807195	0.926837613444993	0.00818955871644702	0.00318310890231971	0.00209174572571375	0.000156009874550758	2.70041577063768e-05
0.00613430692907737	0.000619007701023003	0.0479172786468668	0.916858378103845	0.0142615626854623	0.00833918378845793	0.00190903396183922	0.00386494065512998	9.63075282986643e-05
0.000232453224779897	0.000162348055267027	0.0537804018189682	0.914228825413688	0.00737228268543166	0.0212348760991698	0.00233300024293774	0.000525735464205361	0.00013007699555256
1.88359487660635e-05	0.000198138517414288	0.0494546322364324	0.917914829150205	0.0154080441719764	0.0106084024489085	0.00290016590610871	0.00348632712491616	1.06244952725281e-05
0.00713158285233044	0.0143792925071709	0.0403924014635288	0.916569243988779	0.00764256422662606	0.000223647963464725	0.00341376018706953	0.0100940303271413	0.000153476483889152
0.000146072603943952	0.00366095267125497	0.0498690435317457	0.9112797564783	0.0173123306905919	0.0162993867958578	0.00134599970728677	5.31811512120342e-05	3.32763698068151e-05
0.00182465106610219	0.0127622394093535	0.0399354022355872	0.916131976970751	0.0139180827207592	0.001931106437638	0.00287543130402326	0.000704953516297887	0.00991615633948783
0.000134976621709964	0.00626782895278272	0.041675056477594	0.915664806325167	0.0123632314588627	0.0191919123469332	0.00219201136467318	0.000138890767969809	0.0023712856843072
9.26041382096115e-05	0.000190416528361695	0.0482511489996925	0.916566674735478	0.0167797280050054	0.000142853167109666	0.00260769599140246	0.00664909587774185	0.00871978255699905
0.00134262987417844	0.000202165261486232	0.0494774012870159	0.925053158335034	0.0069945457145533	0.0129240124185066	0.00337138889829066	0.000461757605399745	0.000172940605534978
0.000112432676898831	0.00732564040032177	0.0471002529926881	0.913251722040507	0.0139179453819087	0.00852516391600146	0.00163396592390381	0.00264195880507512	0.00549091786269486
0.00585884041427901	0.000198981980231885	0.0506725898221713	0.913747877641442	0.00639292660171826	0.00522961154547153	0.00348993731379135	0.0143286858880441	8.05487928508728e-05
3.73852893144835e-05	0.00227464489691236	0.049332744872013	0.91199221418398	0.00726435891289091	0.0144398294402626	0.00286758668511202	0.00311862046239941	0.00867261525711476
0.00943371183869968	0.0274058184828477	0.0404065580055087	0.907841834024432	0.00963169227334607	0.00137732697623259	0.00134770774759492	0.000273570422772503	0.00228178022856567
0.00341116933475056	0.00332964299660786	0.0422001396516592	0.909018834657251	0.0181506459229642	0.00811388195405303	0.00317467253187063	0.00505441751259126	0.00754659543825221
1.87656734520019e-05	0.00179204321856586	0.0452599139606415	0.931972185429578	0.00987728228324002	0.00648361104956014	0.00200930949958674	0.00257491755850866	1.19713268672e-05
0.00077187053680236	0.00836937280256815	0.0376391279207723	0.930633630148089	0.0111362635520124	0.00314197646205518	0.00273376484404602	0.0055172710307485	5.67227029059429e-05
0.00581744976230288	0.0118065513225787	0.0485869980015604	0.914342753017133	0.00967218957405984	0.00475134518257988	0.0028146721611799	0.00197841226188375	0.000229628716721927
2.54297285702375e-05	0.00185177549244679	0.0474384992206363	0.924813077583738	0.00666772127168947	0.0147543992655139	0.00362646154468572	0.000276092450970089	0.000546543441749686
5.36289145060421e-05	9.92470390910166e-05	0.0505500646978539	0.916623507625776	0.0103493100442185	0.0177920624333902	0.00197782620200105	0.00246094677420925	9.34062689536511e-05
6.15530227878452e-05	0.000430947020621757	0.0470609474344274	0.913231348512674	0.0156056240701483	0.0141812280867002	0.00326253377214428	0.00554413239473505	0.000621685685761183
0.000299989139311839	0.0134675449659812	0.0417798532367594	0.926522015602059	0.00981570427782871	0.00370631127011145	0.0037992877105518	0.000118207930998317	0.000491085866398447
0.000107600990563487	0.00052723199465684	0.0467301829864969	0.917010032459065	0.0111443685966767	0.0177014610250343	0.00440402741305774	0.000918694620450001	0.00145639991399877
5.13229105679488e-05	0.000676069188320058	0.0546356656729169	0.921769077217753	0.00742605924855131	0.000192463657605838	0.00322698276594526	0.0120007489258176	2.16104125224406e-05
0.000449931144509354	0.00704341737794948	0.046951618984205	0.913907371676203	0.0124465131480503	0.015823019673446	0.00247205071197871	0.000642803104956086	0.000263274178701936
9.98425083957367e-05	0.00778705030419442	0.0386974615340376	0.922538682478833	0.0120063989555496	0.00889645303379656	0.00158377439221668	0.00112629284709808	0.00726404394587853
0.00118949373191521	0.0111552505205347	0.0447082217735634	0.919745545944432	0.0134426909428009	0.00188612105783052	0.00170636499713487	0.00612196747990977	4.4343551878659e-05
0.00426176965095046	0.00464097415253175	0.0487746136425356	0.906945911411621	0.0230029734138981	0.00636230643596417	0.00374507066587844	0.00201633830752689	0.000250042319094027
0.000491379294442106	0.018129217530672	0.0499816427225935	0.919012124397599	0.00686605231673437	0.00247185748638513	0.00225388329531453	0.000659025909658972	0.000134817046599759
9.68682576291441e-05	0.0043750140118603	0.0454774049253776	0.933014212965609	0.00932763526815162	0.00451358674378084	0.0020226661518904	0.000622665131736529	0.000549946543964083
0.000109936319141259	0.0226551393302337	0.0469448508460031	0.915691494434653	0.0105177964435206	0.000960090756622319	0.00251474001757114	0.000385890232502247	0.000220061619752283
0.0011991816119189	0.0193141487486936	0.0443210142687164	0.920229784008054	0.00821612331382852	0.00452219323433312	0.00192806397664431	0.000151443350924582	0.000118047486886217
0.000944179929642141	0.0236403424740026	0.0395009272013102	0.918599145038509	0.0122437514813695	0.00124181222513636	0.00186208351243212	0.000841326380256436	0.00112643175734153
2.38667395231111e-05	0.0130278831063357	0.049144852381105	0.917535780683124	0.0153927469287514	0.00165741622850755	0.00304571316965856	0.000138962351228087	3.27784117668789e-05
0.0061775833741667	0.0211154150979408	0.0411203891657147	0.906463964573569	0.0114242791909912	0.00486280804411348	0.00262951647031704	0.00599841760261729	0.000207626480569898
0.000202631850430601	0.00647165991290884	0.0471843653034935	0.923478148640099	0.0103078360663187	0.00771979682875725	0.00291905387524632	0.00144377515752831	0.000272732365217851
0.00135489149963794	0.00973711810754202	0.041368901241724	0.924224496946418	0.00972779907215966	0.000432243849151617	0.00231267394029645	0.0107237792619335	0.000118096081137124
0.00102044196995127	0.00924878879306175	0.0483702670906376	0.912960950017763	0.0138029950188881	0.00776941610983611	0.00346095492445744	0.00214286085006106	0.00122332522534387
0.000498654449158264	0.0136774945835818	0.0445877969581071	0.927129195371327	0.0114667481222952	0.00104248772615565	0.00139725696127714	7.7794165925088e-05	0.000122571662172945
2.77962258365237e-05	0.0008595929768555	0.0481063105463779	0.916828903714855	0.0173282722621888	0.0132784450208701	0.00312587267374104	0.000377478444922296	6.7328134353291e-05
0.00380480335316635	0.00243480957372005	0.0415679418502425	0.91275558214827	0.0181581166044352	0.0177768659924241	0.0023377727100459	0.000189897549135278	0.000974210218560966
0.00551241401331977	0.00323554772099975	0.0459648883442259	0.91376756870928	0.0169423849541843	0.00759733197232742	0.00164013333041113	0.00514577415372081	0.000193956801530771
0.000212994783642278	0.016157137983482	0.0427258077643202	0.91228246980374	0.0208078712876844	0.00221049074826097	0.00163471470262676	0.00299767292657306	0.000970839999669749
0.00861932803014884	0.00029544762162063	0.0423656920420848	0.914929263506817	0.0151817921356002	0.00886073953620485	0.00460894917583089	0.00503566528339056	0.000103122668302314
0.0167187327802841	0.0230099878114995	0.041685933566534	0.901548423369936	0.00582291941735649	0.00439598342164393	0.00238883419726664	0.00435767420146909	7.15112340110971e-05
6.39648192085142e-05	0.00162099003252635	0.0471678722657927	0.919582283406077	0.00844292402850335	0.0191187762684529	0.00235354704907533	0.00144732924415979	0.000202312886204435
4.45722529076717e-05	0.00952533390255923	0.0411248891401979	0.925197350044267	0.00994802692836175	0.0114151384461833	0.00183784779372741	0.000813594242105108	9.3247249690769e-05
0.00176606991476491	0.000504127090511968	0.0528766176825025	0.90785553633482	0.0165185196459557	0.0165573086709133	0.00194195284674957	0.00186274079301896	0.000117127020763563
6.72093076168945e-05	0.00036670158706926	0.0397065537876624	0.885258507508585	0.0184507929777284	0.0123672529449391	0.00383932911620046	0.0130751879824363	0.0268684647877625
0.0136538916684858	0.0149712781010217	0.0439766484709741	0.903672625974553	0.0100904584743041	0.00218218118695474	0.00207982182585805	0.00547733178359915	0.00389576251424986
0.000447964920092981	0.0015244462062957	0.0457505042509699	0.923983896829604	0.00924090555039022	0.0110028359352906	0.00239359553162702	0.0055070193743407	0.000148831401389292
0.000672219636769962	9.75053617799611e-05	0.0418871838851112	0.922310253164378	0.016148206911293	0.0165615004426724	0.0022326463737949	6.83433706487226e-05	2.21408535517822e-05
0.00313153830701891	0.00477792123442213	0.0712514786535541	0.88850313259601	0.00780838408784734	0.000378557718350606	0.00209931945176551	0.0219936128910848	5.60550599471507e-05
0.000635157626513956	0.0136857298568867	0.0479767965976668	0.914756498299341	0.0128962684465106	0.00105604330426001	0.00330891241967666	0.00553339969269321	0.000151193756450861
0.00291834158717079	0.0100586638557393	0.0452622295414354	0.923798140586729	0.00907097156042751	0.00485923088294842	0.0013038467349265	0.00243223040235558	0.000296344848267146
