Bcells	CentralVeinEndothelialcells	Cholangiocytes	Hepatocytes	Kupffercells	LSECs	Mesothelialcells	PortalVeinEndothelialcells	Tcells
0.208112444342542	0.00338763942452675	0.000606398455300347	0.295285495845109	0.0886775121970948	0.016957496317038	0.00095744395510723	0.00770905714048173	0.378306512322801
0.24584212552628	0.0190062804459606	0.00109849602449376	0.28580497496063	0.0627643116676017	0.0101113415461508	0.000836157524444287	0.00171801706885811	0.37281829523558
0.263791606661671	0.0032388419013945	0.00115162400267228	0.295802067207091	0.0384501947576667	0.00736874181662282	0.000701083121884015	0.00108488195741912	0.388410958573579
0.231129320176144	0.00817077440618144	0.000826267228906715	0.280556390765559	0.0804010531307284	0.00692700251336597	0.00459350429026877	0.00323958993610599	0.384156097552739
0.247281330576483	0.000650459916979732	0.00138086398766644	0.264323699850994	0.121803749497073	0.00584446862584861	0.00212889951723646	0.00108241927228206	0.355504108755437
0.263775307157499	0.00389843446230918	0.0025255522264245	0.269076152053782	0.0438664017533015	0.0201057673260441	0.00142452960317395	0.00201611021722652	0.393311745200239
0.258483847227322	0.0174935596765635	0.00388700191706403	0.291513959074823	0.0550445161511396	0.024951867274443	0.000824330019961768	0.000933650786779355	0.346867267871904
0.249051797871887	0.00574548447865137	0.00258709070600724	0.266190397284592	0.0890797072126359	0.0157756035472382	0.000626533312124788	0.00178626641707244	0.369157119169791
0.225088928516847	0.00373421635362178	0.00078896675589356	0.265821609398152	0.0976910879508336	0.0418686864126077	0.00961442172252024	0.00364635346100384	0.35174572942852
0.247749009127189	0.00987875530478496	0.000408194077091395	0.3126992768556	0.0724620742465931	0.000922512455037669	6.48929885819328e-05	0.000787830130975394	0.355027454814146
0.229355214975137	0.0102002592282314	0.00274371545612842	0.248794434719148	0.0856525215579081	0.00792867159069205	0.00690151406829842	0.00267010844609378	0.405753559958363
0.266635040691507	0.0237401094905979	0.00564548321780508	0.292004411008995	0.0353445305553039	0.00877120163325627	0.000878715702493831	0.00150327905337442	0.365477228646666
0.198055974112634	0.0290806629632194	0.00162524062504264	0.309109906141103	0.0645356622173654	0.0196477325618758	0.0181173607064316	0.0224386128713568	0.337388847800972
0.20590950605125	0.00152634448009342	0.000951235578607894	0.276555344460067	0.0978673108947014	0.0097107777443488	0.000249517963809363	0.00451168706419569	0.402718275762927
0.225081922327288	0.00101234833090553	0.0357464660743835	0.297455974747291	0.0301600568656104	0.00834177459103739	0.00276774709041584	0.0221305513740709	0.377303158598997
0.182264790018258	0.00385203642843834	0.00804915904169409	0.277567762790634	0.0650599049	0.0078642159899446	0.0113267463633554	0.000582313001714572	0.443433071465961
0.276006338434396	0.0043971188152119	0.00373915304212211	0.298019480687697	0.0439124437447654	0.00309405330432389	0.0014144222510466	0.000851861417271557	0.368565128303165
0.264182449077331	0.00155369319638028	0.00105850690126133	0.276318747572478	0.0937820493236282	0.0030817187794451	0.000703901224196829	0.00449019764435646	0.354828736280923
0.182240689420868	0.00294272047282106	0.0182961864110503	0.26662616461297	0.0807223350843081	0.0101654762554837	0.000535953045145606	0.0336381733162243	0.404832301381129
0.148227571421104	0.000462368029357788	0.0102028936855797	0.33776712362623	0.117293535979335	0.000481974232722154	0.000649971393634361	0.000209425139421944	0.384705136492615
0.182221805101007	0.00200198006967187	0.0460820655767996	0.259918745844864	0.063823571053978	0.00122249773821763	0.0209368968723446	0.0651108009767469	0.35868163676637
0.225858079941139	0.00126204446923678	0.00167696056489028	0.279919916501262	0.112285818813941	0.0286812577104767	0.000171905549718054	0.00857569720806135	0.341568319241275
0.267757203344515	0.00129013022436217	0.000901848156120519	0.31058309819136	0.0462239401915162	0.00267272340622753	0.000153878038790685	0.000934372000162706	0.369482806446946
0.208139809374674	0.00070452108429364	0.000343311084396394	0.304590750975234	0.0680497628411293	0.00430226205212024	0.000993283204528168	0.00449015755708426	0.408386141826541
0.260121658613615	0.0095556279206983	0.000732178626996078	0.24062816263039	0.127587156266682	0.00829732658960739	0.00178207416390801	0.00686231134211395	0.344433503845989
0.270928869739431	0.0163190379906762	0.00114523681799657	0.260436104338685	0.0863858852495347	0.00967388593259033	0.000754938342122985	0.00287082659018326	0.35148521499878
0.266081832782715	0.0160587393875181	0.00045444962679077	0.277467007843614	0.0625686090571834	0.0173041614275986	0.00383904982508202	0.00478342290809992	0.351442727141399
0.213456117996126	0.00314209370282959	0.000565041703080748	0.27590388334372	0.146490662632171	0.00381963857179394	0.000533712721207762	0.0116231799253593	0.344465669403711
0.250907626478034	0.00120460900655801	0.000888177926814764	0.325272055124142	0.0363844934264481	0.00468615943156022	0.000158647611680922	0.00172489057186685	0.378773340422895
0.267146890111533	0.011058279662131	0.0201184522209787	0.276510124944979	0.0526512611338973	0.00549869045226428	0.011389146333969	0.0174808078604291	0.338146347279819
0.173148948374564	0.00305380722537492	0.0975254934491566	0.280229105238185	0.0601646849603017	0.00832948174016259	0.0147782267586594	0.0274373141015271	0.335332938152068
0.193933513752698	0.00203122582575566	0.0182714296056	0.289746005204005	0.06251617753096	0.0166924003170881	0.000269854420207513	0.0151467579981334	0.401392635345552
0.224984945826453	0.0399442653290389	0.0027407005625269	0.270631536728446	0.0504045213766164	0.022927330721741	0.0203510548668835	0.0313472838836518	0.336668360704643
0.142665495092239	0.00124257046736005	0.0175113820436547	0.324956318471691	0.0869306638038333	0.00116530495433713	0.00234700072205977	0.00360344964425517	0.41957781480057
0.242960164816175	0.0129905908146973	0.00328809905678066	0.315291728462424	0.0277270189575595	0.00422469794052508	0.00361481829140557	0.00538206483074235	0.38452081682969
0.2230691890247	0.0149334393393784	0.016321926664547	0.286677989261929	0.120312508344524	0.00309892282031305	0.000122826854525655	0.00355911584237547	0.331904081847707
0.215363456743662	0.0139861317570007	0.00202419254056624	0.29304181900154	0.056958436324167	0.00706709142528229	0.00350494329733688	0.00981274851474182	0.398241180395703
0.307625165119273	0.00168876193310977	0.0031926654583262	0.261720000275326	0.0593532107569395	0.0133243242886436	0.00046205324902888	0.0016889223427223	0.350944896576631
0.203506637388616	0.0018899750084037	0.00289518864684615	0.308237584750042	0.0896538366259734	0.0173473728368487	0.000134371016862319	0.00593057353504787	0.37040446019136
0.246226329429017	0.0054006724467053	0.000527243561985246	0.313481644537178	0.0596460880988428	0.0170168080256114	0.00453656366639057	0.00491866524178839	0.348245984992482
0.240676973925009	0.00624820374158997	0.00072993887371234	0.302989228737074	0.0846358385170139	0.0115165257334812	0.00432070516515705	0.00191010502810399	0.346972480278858
0.293560097427811	0.0020244873741259	0.00176775100510066	0.241775637137909	0.0904590203583662	0.00193754516107151	0.000126958262022823	0.0006477288157803	0.367700774457812
0.274140286024341	0.00335211970948313	0.000649800980849341	0.276351098284963	0.0792945478963994	0.0262278303921748	0.00306509281877135	0.00150645360881235	0.335412770284206
0.24575022966746	0.000740101246280151	0.000273326977881754	0.276243782824378	0.0694610197885928	0.016577673991585	0.000118699419856838	0.00315935684641391	0.387675809237551
0.173437444310545	0.000679552946314534	0.00761058208177168	0.343245008791805	0.0395510135664309	0.0234478902290716	0.00845074612844982	0.0105834797413513	0.392994282204261
0.204041409212869	0.000826543059059062	0.0012050985503413	0.290452186784669	0.0717740987544244	0.00212301055672557	0.000279540792034624	0.00136850007108284	0.427929612218794
0.294326360540307	0.0135940148761813	0.00078108236282528	0.294162299469708	0.0304050260720411	0.0137302555058059	0.00839119202018596	0.0011853269362213	0.343424442216724
0.267560168759065	0.00895485175072201	0.000482854168209836	0.284463718729029	0.095340362358075	0.00172188926560625	0.00296210365661686	0.00832012957758644	0.33019392173509
0.256117403598128	0.00153015834646523	0.000829954295491077	0.275870848528407	0.11470346160507	0.0181212418248633	0.00171441288873115	0.01871092403079	0.312401594882054
0.198136556273216	0.00352518045963375	0.00492728558756358	0.302583281317412	0.0962120200641312	0.0067769805929341	0.000763010558811715	0.0126450608048881	0.37443062434141
0.202185052984626	0.0198813566361539	0.000536400135739224	0.263485418737117	0.121929929959783	0.00268269572589344	0.00158712260421461	0.00143288970051646	0.386279133515956
0.275010962443114	0.00277987702881502	0.082074083587789	0.227062682704814	0.0263838875119208	0.0016615991504735	0.0409873569055981	0.0641243925241079	0.279915158143367
0.206762522296259	0.000657226761397629	0.0059788520416105	0.316972435114619	0.0427977468597951	0.0153625961797282	0.00481345579162242	0.00334007871946051	0.403315086235508
0.29699910554346	0.00941616033778401	0.000570310095460214	0.246444996082388	0.0354480200739331	0.00395629872222304	0.00169617415818562	0.00106581259028154	0.404403122396285
0.222274364390912	0.00185116418761641	0.00038675919692474	0.26405832694429	0.118560007185853	0.0103057006162818	0.000953933183276524	0.000617783244802452	0.380991961050043
0.215029767851299	0.000446802506491603	0.00266406065679776	0.289361652857031	0.0905715169710463	0.00478157678740557	0.000251371223473919	0.000706917398108593	0.396186333748346
0.228599400714776	0.0748973047908685	0.000802037182463523	0.269316360730334	0.0500019605228658	0.0016175819819651	0.0245213565121521	0.00412111378490463	0.34612288377967
0.239814658476863	0.00355546533729427	0.000253371143806342	0.285068362065533	0.0771179744371834	0.00763829021018498	0.000720710165772429	0.00297961834041779	0.382851549822945
0.275584373796323	0.00714311063027929	0.00105905648640977	0.262012726152991	0.0614567774015901	0.0161922097447695	0.00363500687009161	0.00236762468139414	0.370549114236152
0.211939891500462	0.000420762682329482	0.0110027603415805	0.300641648800295	0.051981475909957	0.000707208282730441	0.00431800320187874	0.0191893089853137	0.399798940295454
0.270240449396642	0.00220866420621699	0.0128484920211885	0.307289252944729	0.0881937960358174	0.0106836675229502	0.000151807223151788	0.00101524017769356	0.30736863047161
0.184353596583125	0.000562530579189774	0.000340873338882923	0.275801592461587	0.116626259062303	0.0102744360749024	0.00309785353241989	0.00145583495193674	0.407487023415654
0.257403149219819	0.0159506362945589	0.0018552523121825	0.294464217326234	0.0664037405343937	0.00221768842718106	0.00692911370816162	0.00107293981996095	0.353703262357508
0.255210129820706	0.0220067229864687	0.00135743039049148	0.260437643409663	0.0771276016529004	0.00798902708399628	0.00214663447679212	0.00192155336337835	0.371803256815604
0.217402286426836	0.0013488000250084	0.000548156351366821	0.279063082033961	0.0778401198156112	0.0134116299843871	0.00501449274786375	0.0117519055688623	0.393619527046104
0.23096279908495	0.0238228236469323	0.00054020039788009	0.298425242632738	0.0267991074245044	0.0228168953593762	0.0216449124354498	0.00462551296470071	0.370362506053468
0.261579364430644	0.0247537512577441	0.000684970406957364	0.273735932087649	0.0315852909617544	0.00252309338711746	0.0127070230448901	0.00195442014212021	0.390476154281123
0.286087712783016	0.00108633155240397	0.000683988040088536	0.283792100290331	0.0433512448491789	0.0129970530855957	0.000283077043656443	0.00066046659504794	0.371058025760682
0.208666052218119	0.00120069197418745	0.00137706661154626	0.303743469903869	0.0940423059075424	0.00986111279765942	0.00201694593724912	0.0078297115156083	0.371262643134219
0.187106328874171	0.0372275551904441	0.00913511444864797	0.299682336828668	0.0549454488132442	0.00567479885528585	0.000721975663899528	0.00301864539672533	0.402487795928913
0.240606855117964	0.00605504490492962	0.000744359938268516	0.284987231281602	0.0604454185230472	0.0242265854175068	0.000375186195475186	0.0016142482690826	0.380945070352124
0.257806172355968	0.0328331669734643	0.000828898723266292	0.262660935504273	0.114890688439137	0.00753311922311097	0.000776082190370485	0.00234935160753065	0.320321584982879
0.260851209183468	0.0170900176098581	0.000809988741586322	0.274839336074626	0.0830766327617121	0.00812710564463355	0.00123761806045456	0.0041211573657389	0.349846934557923
0.182908164652542	0.0177610117878611	0.0208385836986409	0.337947962035498	0.0494534020633933	0.00202154139461007	0.000167044226583236	0.0043386938441022	0.384563596296768
0.24235452948117	0.00597259209268635	0.10856211717918	0.214296749571878	0.036779022949041	0.000523714510977907	0.0462236294274165	0.0694131117376188	0.275874533050032
0.289381126730168	0.00105934101013156	0.00161836128902496	0.268770600268079	0.0509203359896753	0.011635704957308	0.000329200680744533	0.000620273472711054	0.375665055602157
0.252957230002985	0.0114570581226758	0.000456073334111767	0.272663688612736	0.0766187699245455	0.0445238881799127	0.000318100092362818	0.00157027807145778	0.339434913659212
0.201157966321323	0.00675294757062818	0.00107023015599161	0.313859909160672	0.105063143260691	0.00790866107822502	0.00128727743538487	0.00159007080415195	0.361309794212932
0.22911928280802	0.00170220480146256	0.000459592046479093	0.296924563279581	0.0416289064808819	0.0165498778745008	9.23983378928674e-05	0.000714792132209193	0.412808382238972
0.226126268183804	0.0015843306509206	0.000494781831336071	0.335221442219846	0.0687349745716943	0.00297403709464266	0.00649420730078238	0.000582672097552886	0.357787286049421
0.272508752187946	0.00654537338934627	0.000977203814415485	0.2603504728427	0.106668046598855	0.00394856020246343	0.0076677055826239	0.0104695939449245	0.330864291436725
0.215409125692061	0.000798880674550176	0.00116043029919532	0.309405938992379	0.0493077368197588	0.00353479529295932	0.000114049806019727	0.026122000344575	0.394147042078501
0.278555005372348	0.0109795389695339	0.00106469704945335	0.231092399228297	0.0788533111447616	0.00725088514931493	0.0271410781527802	0.0016976091716143	0.363365475761897
0.264963529517181	0.00600712593541908	0.000500224291826631	0.282805751827159	0.035163466122463	0.0249414220259536	0.000547903993304777	0.00198585117130589	0.383084725115388
0.212470290770643	0.00114699358432824	0.0131086447854804	0.291619341546457	0.0504021116081992	0.00118400862037156	0.0010377820777013	0.0270654892799631	0.401965337726857
0.308776932403986	0.00172155993882536	0.000601914857590408	0.279939840942774	0.0359559901271247	0.00626132936977173	0.000764751407747699	0.00212746155831078	0.363850219393868
0.243088481829252	0.000828416572052247	0.00406417885687827	0.297066824147888	0.0427589234810054	0.0108933611632104	0.000241570027162438	0.000708594997222767	0.400349648925328
0.19374534149615	0.00374660153834752	0.000320611299791568	0.300620300337076	0.0706215266482989	0.00592221852508237	0.00826816882321566	0.00172542178664679	0.415029809545391
0.262750483049251	0.043103142507367	0.00108515712070679	0.258468767318884	0.0911134416977755	0.0132295155893983	0.00311332858857777	0.00184614128246417	0.325290022845576
0.213925155178057	0.000516787533578619	0.00548040853330877	0.301516787560481	0.0981879640732891	0.00239929259516685	0.000142485050610226	0.000807302013009448	0.377023817462498
0.257691386798293	0.00177631201715674	0.0036518143312014	0.293532604656778	0.0818796705037391	0.00306423593053315	0.000427905606810432	0.0010093445178335	0.356966725637655
0.246935559250708	0.00396048925461655	0.000286500100696025	0.297010435168978	0.0564374647319866	0.00405234128125454	0.000141444125177926	0.00157963963150034	0.389596126455082
0.244341949133941	0.000887632713150249	0.218265350172503	0.179203659186728	0.0391272150379426	0.000684345529763219	0.0117230957896665	0.0307784753168762	0.274988277119429
0.278817816045452	0.00668270390630166	0.000918913024309893	0.268512048707042	0.100038337509597	0.0047141274197666	0.00112422311783035	0.00082751003906027	0.338364320230641
0.210177872742399	0.0413798232378114	0.000470235630738148	0.280637495002508	0.113851193889776	0.00119674155879253	0.0424531989342043	0.0017848470166902	0.30804859198708
0.250488218179055	0.00326643542699299	0.00548319656595455	0.268724729660586	0.0592501945495131	0.00934176993237971	0.00769440086334147	0.00133977327433422	0.394411281547843
0.228716774581924	0.00332245803692203	0.00191561524967633	0.282629949488766	0.0838359519695059	0.014396531480223	0.000162474048960225	0.00161308602141183	0.383407159122611
0.221567396285237	0.00144585882253397	0.0270230278242395	0.284865764545662	0.0791746335392114	0.00313269548393346	0.00121306547188722	0.0397713603837297	0.341806197643566
0.260255190439516	0.0010454557513107	0.00395722940571349	0.296907277040278	0.0548668745267209	0.0126664021189429	0.000391833410205463	0.00238206263604825	0.367527674671264
0.245361274369844	0.00603045895242829	0.00781567061160697	0.253797160778984	0.0914801348730803	0.0294113102194571	0.00159452690724574	0.00813547173731038	0.356373991550044
0.242550541528325	0.000693064845666388	0.00311148466449083	0.305048369997753	0.0658779580268198	0.0164713592411295	0.00185667964079402	0.00105061488357715	0.363339927171444
0.169727435020225	0.00109021873354998	0.0118769362495258	0.288613703348951	0.175762125693151	0.00148021740253807	0.000247283140980435	0.0313386218083849	0.319863458602694
0.248769180384353	0.00127026637314966	0.00176936274101192	0.287078507780857	0.0585994657494091	0.00264246516028307	0.000640950325094004	0.000774415206880141	0.398455386278962
0.247756630604397	0.013222742295713	0.00172195210000166	0.313274463926361	0.0566539504884631	0.0200986459249104	0.00547684693181951	0.00152540924342515	0.340269358484909
0.291338498685925	0.00611117852253513	0.00118559968020657	0.235797315254403	0.0847897379497183	0.00435521010696212	0.00206171680020239	0.00263355719459312	0.371727185805455
0.214950396223069	0.00123337463933105	0.00217177389078425	0.317362386885018	0.0357195624574447	0.0276472652449317	0.00024979125661613	0.00157848505537489	0.39908696434743
0.295695599091587	0.016223717430742	0.000756119939910366	0.263634472332397	0.0401734530644842	0.0285590197950285	0.000869399007264553	0.00463362548109357	0.349454593857492
0.208748187370703	0.00133255876949375	0.00192799587020806	0.2712037276641	0.142649068799021	0.0114413314950849	0.00040585269264674	0.00133245081834318	0.360958826520399
0.167882932962228	0.00360598729491904	0.00403665807505338	0.301206870616107	0.130117431553041	0.0134067491824471	0.00017921254800218	0.00338439060459235	0.376179767163609
0.222874724790783	0.000625024049217212	0.000641546013944624	0.291953183799999	0.0924818894758083	0.00267204232050382	0.000570839582643185	0.00427684785083751	0.383903902116264
0.221724724450206	0.00332248297989721	0.00150512127142835	0.241205999382656	0.136126082892672	0.0165282321209893	0.000324018793024514	0.00080528242193442	0.378458055687192
0.227437823527171	0.00286441226750315	0.0322150814684215	0.303304401227825	0.0548009788599872	0.0206441964721965	0.000180369184561568	0.00109573218291732	0.357457004809417
0.262279715291855	0.00215042142804042	0.000521131812815991	0.290465588874386	0.0717824738629371	0.0018606410022001	0.00153742320748392	0.00192157605862833	0.367481028461654
0.183783316408753	0.00351535985281441	0.0125693554181734	0.299964451899177	0.0784866599465743	0.0142742478271416	0.00625864899295347	0.00212199339103936	0.399025966263373
0.242473266368517	0.000631402656575212	0.00333223220951273	0.305222333596588	0.042733866718813	0.00204375488715274	0.000719215688679716	0.00114329952098725	0.401700628353174
0.193287084505261	0.000434041208586567	0.0134269277941352	0.281569804743465	0.0991513829162716	0.027598855669064	0.000478913653163195	0.000802102048718999	0.383250887461335
0.264818798408966	0.0138818406910582	0.00183808168956298	0.277214245619266	0.0534833270761149	0.0177171828169823	0.000583578729247311	0.0038706913236994	0.366592253645104
0.210032008853442	0.00073220325381782	0.00197466411603228	0.276166370784853	0.0784583200533259	0.00313922760123628	0.000382803693365085	0.00833613005723289	0.420778271586695
0.228888716288353	0.00764305611019664	0.000600174541159577	0.278175916468755	0.0391020799436257	0.0221308315663591	0.00583018845688362	0.00176903882295624	0.415859997801711
0.256859440077538	0.00557884413403798	0.000677890971419186	0.282737195358393	0.122555600181846	0.00703248667487129	0.000174532548927346	0.00100922350655123	0.323374786546416
0.265034898667284	0.00167319893201822	0.00103587899155956	0.277123317074138	0.0690795001837955	0.00717564689309523	0.000263843537741588	0.00265769224377635	0.375956023476592
0.267768357150537	0.00171589982363383	0.00411797117681159	0.296484784970115	0.0838321013236417	0.00954531372528282	0.000627555966495871	0.00381189814721915	0.332096117716263
0.249022676220163	0.00281614497544137	0.00620170029685786	0.300399012344469	0.0594860372670195	0.00392541442000176	0.00844082541394195	0.00366826892028567	0.366039920141819
0.233593050041216	0.00164822161285525	0.000549795241105491	0.289025131707047	0.0903475418718366	0.0260772921755347	0.000548570805969315	0.000777310586633952	0.357433085957801
0.26201780028614	0.0065438451653333	0.000306923917544684	0.292446816015823	0.0603025960746282	0.00551435032513457	0.000569806729289814	0.00158342614237248	0.370714435343734
0.225916383607949	0.00756166909716733	0.00169650283838163	0.276510496269233	0.0672387954899824	0.0174709489928457	0.000783749859173349	0.0240407163501137	0.378780737495153
0.302288655806838	0.00952922403159768	0.000456272874334389	0.291343892191171	0.0244044328607932	0.00470949601605048	0.00114572822723027	0.000743585802141729	0.365378712189843
0.284135551579068	0.00548982125253621	0.00399001942820726	0.273955923327911	0.0677603626501487	0.0276955258522517	0.000280450827440928	0.00120959435520089	0.335482750727235
0.220559962496018	0.00350482443305185	0.000686382573691503	0.304152121747786	0.0835486675940916	0.00362036888702967	0.000201081718966074	0.0189360420648943	0.364790548484471
0.254923591614745	0.0088416212051763	0.00245464877539457	0.263663365937729	0.0498552860420739	0.0185083320729584	0.0065210577718736	0.00316475632598206	0.392067340254067
0.266010296370768	0.0020417763834575	0.00382106674730243	0.269417152533702	0.0506559437512946	0.0067389553839481	0.000735504098024352	0.00845544258982616	0.392123862141677
0.236229733217674	0.0322486771214958	0.000966779781742253	0.291778145311621	0.0330162248611524	0.00853888590409783	0.00105295638825864	0.00167834179947099	0.394490255614487
0.204023189570973	0.00373711705507557	0.00253243968704058	0.320141703119352	0.0735094202281122	0.0100003473785272	0.00594782988775691	0.0355055256706594	0.344602427402503
0.250131982164392	0.0328394317289217	0.00038864610083003	0.249738130197671	0.0672680291356184	0.00857287702435705	0.0100322831130631	0.00314628835211184	0.377882332183035
0.249645576749822	0.00933265609306917	0.000574509499919044	0.314165233945771	0.0388652221748235	0.00288209762464876	0.000312080100546184	0.00714182632226184	0.377080797489139
0.22393679985611	0.000725357606531087	0.0371589130965466	0.251520792238706	0.0683776503522716	0.000993135755280619	0.0026383213088097	0.0513341540200878	0.363314875765657
0.224116860860296	0.0142920599564379	0.00189329491609313	0.29742489994115	0.048441761542505	0.00453423114022878	0.000173085381210627	0.00589223061611537	0.403231575645963
0.219901687292256	0.000784594156704966	0.00410936694367796	0.301263277143742	0.120818100863838	0.000903416080725772	8.19182067563666e-05	0.00380787317951175	0.348329766132787
0.226471681821497	0.000843002862840133	0.00304423871921163	0.275082279445935	0.0912013847429282	0.00171387780821088	0.00497055612616118	0.000781248400279984	0.395891730072936
0.215423625730683	0.0040310635851994	0.015131939618382	0.313255923367251	0.0752117663086197	0.010634366973745	0.00341897560150431	0.00200763644924011	0.360884702365376
0.28825503279569	0.00169583622607355	0.000568946932318194	0.245819422707905	0.0835305562043677	0.00753624024166154	0.000519268177437316	0.00986913918007045	0.362205557534476
0.219805717784437	0.0240949653273116	0.000325209356668916	0.31397953722059	0.0476977248762035	0.0160864791624379	0.000436768709834324	0.000757625879293993	0.376815971683223
0.276221240872895	0.00119004366685815	0.000290130394324664	0.271991672851808	0.0910195107791509	0.00295622656666451	0.000318867942860224	0.000783396257729709	0.355228910667709
0.269764310609509	0.00344079507179512	0.00211795249011096	0.284691958344504	0.0272315433607646	0.00269445986727926	0.000411057395797361	0.0206749289024527	0.388972993957788
0.203638557587945	0.00518548251136163	0.00100550423201205	0.298778305433083	0.111187152952425	0.0280306218998695	0.00091474040827899	0.000842646703445468	0.35041698827158
0.247179392529246	0.00468687608165042	0.00263702815672599	0.26242387177623	0.0980363837228998	0.00987660217837273	0.00268568769422045	0.00651265429453831	0.365961503566116
0.209439601918644	0.000429766101799381	0.00362229306962152	0.275635467038583	0.0765785286541252	0.005124772448848	0.000200254536916889	0.000959528200995002	0.428009788030467
0.234993097139137	0.00243131585082792	0.000567821389236274	0.264177113779126	0.12376191649248	0.00766050600486787	0.00870833982688381	0.00290080348456245	0.354799086032879
0.232501579980657	0.000964341454121648	0.0714403284183438	0.283089683181304	0.0270682930836071	0.00180308793392608	0.00298106365135816	0.0252873752535854	0.354864247043097
0.290370267016451	0.00554598988452026	0.00121977845694104	0.259829607670733	0.0560568602106169	0.00602861287504408	0.000221362764783982	0.000458425989547858	0.380269095131362
0.234449123640466	0.00341723906074494	0.00285636241823521	0.265752952148654	0.0928380857681901	0.00164804155228936	0.00312977463570066	0.00104661066519239	0.394861810110527
0.259566535429272	0.000984586726908381	0.00172772268312027	0.2975407446353	0.12600987727109	0.0104491609846605	0.000349383248209695	0.00190324942915661	0.301468739592282
0.266929127337817	0.00326560653634256	0.0003264141043938	0.23751787372118	0.11445484458093	0.0190101000240961	0.000289263581493548	0.00148564338565516	0.356721126728093
0.218782338808829	0.00189263771187764	0.000597680205941602	0.259921968342881	0.090409407770967	0.0141270066875862	0.000475758712910491	0.000900840872300286	0.412892360886706
0.217107940735595	0.0295825233416999	0.000828316535660906	0.301858062151744	0.0866547735982546	0.0106526606229944	0.0011926799703266	0.00337208648565138	0.348750956558072
0.172370717122268	0.00451644247003312	0.00142005394695787	0.267967046763326	0.133980155710893	0.0297545343216329	0.00110768395588551	0.0033815600309206	0.385501805678083
0.260155434962438	0.00275469679948454	0.0144135964074825	0.254099934013928	0.0899316902090073	0.0222531568847149	0.00371439107513287	0.00178632517276973	0.350890774475042
0.253737105776843	0.00608803429096069	0.000277101190314047	0.284980877905873	0.0806390031118524	0.0148207621027324	0.000131089809528181	0.0022789107865995	0.357047115025296
0.157492238611062	0.0231195445648804	0.000896922829357263	0.326612912243118	0.0474181921287858	0.00691867035712537	0.000345668462859717	0.0006233253201796	0.436572525482631
0.298264590993402	0.008134631214644	0.00122969376101512	0.261376840397869	0.0461305724970597	0.00740015348058933	0.00622337025613288	0.00215423520113752	0.369085912198151
0.249733902831034	0.00134409259234719	0.0118539678246793	0.279709594143601	0.125977120030507	0.0146384383086038	0.00304807629445566	0.00163223655901693	0.312062571415755
0.284196093445425	0.00198419054237496	0.0482324862883385	0.236582977390605	0.0437727997737362	0.000877569402494497	0.0264934918126461	0.0387015316790081	0.319158859665371
0.266513502198551	0.00376755119386321	0.00334323448635098	0.2515826586191	0.0919420477043992	0.027985323394913	0.000974516254935011	0.00261056941229118	0.351280596735596
0.184316769017588	0.00404094408135392	0.00222399678758707	0.253537395258562	0.177593051498781	0.00642451964005951	0.00149567707177895	0.00996825162789427	0.360399395016395
0.228945221364972	0.0225375340689525	0.0015640568107944	0.278014115808	0.120389299381526	0.00479523820754915	0.00027844847253136	0.00113030763686131	0.342345778248813
0.206751368056894	0.00158052507933471	0.0158793474651934	0.322712579082743	0.0296352038144446	0.00265369262788041	0.0125065768178703	0.0438524602644956	0.364428246791143
0.265392502475459	0.0181033935111841	0.000888447783317294	0.247484446928374	0.0651552367707036	0.0124433189030402	0.00892353638642231	0.00302526873453753	0.378583848506962
0.230720248607348	0.0167765656783049	0.000378890695569766	0.304590305736568	0.069172260635145	0.00489774508800239	0.00832336597646221	0.00625344848903351	0.358887169093566
0.251283373557202	0.00120051698008215	0.00132058820613185	0.230665320475514	0.163493698234142	0.00544614000410938	0.00114959911061431	0.00933593224855486	0.33610483118365
0.272406986942813	0.0017205331121491	0.000851406509130077	0.276331907103715	0.0747044244348315	0.00334228649326318	0.000340784479641448	0.0118926305175198	0.358409040406936
0.263904073333158	0.0138755992340837	0.00159094690049375	0.30663771483525	0.0395740843866784	0.00263678566503467	0.000843995797092353	0.000948715579534005	0.369988084268675
0.225647753634384	0.00228447794840811	0.00179480046560502	0.285360156092609	0.0878693004678022	0.00472021329503431	0.00252273157800141	0.00614876336796366	0.383651803150192
0.220457258122115	0.0018698390074149	0.00997071623841229	0.322480106104721	0.0528563730363031	0.0125179176058953	0.000666001943154383	0.0022555878504904	0.376926200091493
0.176159691813899	0.000641675040784365	0.0075575548950699	0.325502629749066	0.132045237898772	0.00136628883387397	0.00109654234231235	0.00379747723037323	0.351832902195849
0.263450302134208	0.0242553584221008	0.000290946646615053	0.290914691182004	0.0382427764623252	0.00146744320552246	0.00560059743181648	0.0033752650396038	0.372402619475804
0.262755150783687	0.00561904497207203	0.00768542835971501	0.269937897680115	0.115878144940503	0.00889377238689485	0.000506048751425747	0.00143770177756988	0.327286810348018
0.20511747510092	0.000950433659328751	0.000670798123038709	0.267816921487149	0.0847173273789963	0.00984497925300306	0.0017403484318678	0.00157782719574602	0.42756388936995
0.211503413456799	0.0158918026921564	0.000611547673230543	0.264523019506174	0.0612370129365244	0.0249268247516721	0.000909682428298666	0.000797026514206739	0.419599670040939
0.230777943133213	0.000372230159592402	0.00194304993367552	0.270528026263604	0.127908045726082	0.000407362523184071	0.00017788964884586	0.000535749984806261	0.367349702626997
0.274649907238167	0.000410457569452046	0.000518346044480118	0.31373711050102	0.0349209140863793	0.000617535417273553	0.000878427407636774	0.00129289416961207	0.37297440756598
0.24574682531362	0.0109509017700672	0.000820751409342967	0.272959580083673	0.0810320351420847	0.00771747071754457	0.000855001271303754	0.0030643474061898	0.376853086886174
0.271092822044774	0.00187383262045807	0.0258682819164774	0.281432682958844	0.0204438904780214	0.0113342436204715	0.00244596688786111	0.0179146154361979	0.367593664036895
0.243900435222961	0.00163490057063911	0.000303141222877332	0.295470402206879	0.0501372684637501	0.0162417136324715	0.00317677707375192	0.00110402940650092	0.388031332200169
0.238431903152977	0.0358931808802683	0.000851015187604644	0.258861941769841	0.0383058190823837	0.0149789060302538	0.000721707482575092	0.00137093835409332	0.410584588060003
0.232654138759504	0.00172046945396016	0.000909481488517597	0.251662820651761	0.126466856425511	0.00550007618794396	0.00243035485038152	0.0172907073479682	0.361365094834453
0.231188652470341	0.00391163235362018	0.00197633799554754	0.305543948642999	0.0630509087651699	0.00106710979715692	0.00109555477894094	0.00328729128143951	0.388878563914784
0.235710902977057	0.00379376528895166	0.00100383176969721	0.28584897802734	0.054294653405924	0.00934270216344779	0.000720082662073734	0.0140449970369186	0.39524008666859
0.253494519857827	0.0138207006240392	0.00130134423052665	0.293984565029158	0.0516550628043438	0.013733736680509	0.000677445458843878	0.0013315012745948	0.370001124040158
0.219166293055639	0.00458383202400862	0.0015918210562359	0.329720333098231	0.0407305354299331	0.0183687856843031	0.00319187556274011	0.000997233544419834	0.38164929054449
0.22417764067601	0.00114053956303482	0.0113914979225774	0.315189097770147	0.0574693100928617	0.0144567031082008	0.000129395016951285	0.0127893931749627	0.363256422675254
0.259758319485298	0.00192938530916508	0.00239829839877417	0.273432189350286	0.114444517826647	0.0150315612600919	0.00738005225781104	0.01173945443798	0.313886221673948
0.256018274041742	0.00682872952045434	0.000398159295172169	0.288453817831734	0.049411405236866	0.0183925457119932	0.00445729606783238	0.00114175661728436	0.374898015676922
0.232804368297268	0.00150959608906097	0.0100594507264085	0.284810119976473	0.0728176012336608	0.0080786417661476	0.00100528386802896	0.0192617451874583	0.369653192855494
0.209969458145296	0.00191337915659433	0.0214850121897041	0.301710856028718	0.0278180025365033	0.000435794696476731	0.000245234083208059	0.00935632783534105	0.427065935328159
0.204034329745664	0.00641050676834765	0.00302737632531929	0.286558123793996	0.0806102147979129	0.0158860868139255	0.00255551836206245	0.00156737724448988	0.399350466148282
0.19904934407748	0.00157789584113976	0.000258991594661049	0.29407800599254	0.0805652043798282	0.0193626192099859	0.000261751689674162	0.00242210225065042	0.40242408496404
0.302530255061338	0.00949723122105708	0.000712656916084557	0.271213341853608	0.0812452256479624	0.0117038309474658	0.00186641675579104	0.00180364558387887	0.319427396012814
0.205519643437153	0.00243721729577355	0.00152068355151882	0.262366429341839	0.154574372496792	0.0050927862135641	0.00318769347637356	0.0121902409670698	0.353110933219916
0.222819347093985	0.0137397523724562	0.00148832175235744	0.294427084525685	0.0363193402342397	0.00648796805828085	0.00313322078816548	0.00623428432606609	0.415350680848765
0.181113389272647	0.00177870337709564	0.000436085187566761	0.312904137073201	0.0341597954701786	0.00226431258897863	0.000937566226360032	0.00108214851351457	0.465323862290458
0.237624940095018	0.00787868697365812	0.00514252219864997	0.28969649917603	0.0548798480084324	0.0100899813767075	0.00358766229798935	0.00695949521246659	0.384140364661048
0.280208393533189	0.0114201187754265	0.00148959255328936	0.290298024687923	0.0485647708106299	0.0121998482796503	0.00344050493245048	0.00353911305154686	0.348839633375894
0.281079968743996	0.0043368057410443	0.000774615160432566	0.261063334093103	0.0682892910098528	0.0138245278005257	0.000612046337852084	0.00349257229061668	0.366526838822578
0.199981229985847	0.0013582210731242	0.00137469966165877	0.286890446609062	0.114128917886418	0.00297410707650287	0.0064603999507465	0.000957160466883287	0.385874817289758
0.256385176561203	0.0182691530019343	0.000948185309845715	0.272314324368498	0.0677451827212123	0.0255657827745682	0.00151051210253567	0.00470274493633049	0.352558938223872
0.264311039494022	0.00195430610972333	0.000855623337964517	0.309556635968318	0.0468063750017901	0.00489360868459276	0.00105480900260634	0.00275869787610805	0.367808904524876
0.220883205616912	0.0137105191380845	0.000429707886902497	0.301194454077486	0.0579767239410646	0.00530257909317233	0.000280023271141464	0.00493413440003258	0.395288652575203
0.199504414663271	0.00389486752635231	0.00312612037043703	0.288583300266832	0.0926195679745419	0.0178265418997683	0.00440480757809343	0.00804152002781739	0.381998859692886
0.23792857662874	0.00366133300209417	0.000254669058361339	0.287339385002321	0.0726483187751386	0.00534867005627051	0.000224945635668601	0.00118024468924852	0.391413857152157
0.211236632247589	0.00228828829524072	0.00315502635782311	0.287054899374984	0.127767991319336	0.0087796489270576	0.00227239456964938	0.0057517669080161	0.351693352000304
0.308123532324277	0.00107834022277504	0.000384912391994377	0.249801979249513	0.093623070089407	0.0266753230989104	0.00274660870000557	0.00177767853489322	0.315788555388224
0.26195355309641	0.00563979329081408	0.00152714685124851	0.260172015692325	0.105499305751989	0.00702398297792373	0.000540442381647194	0.00320376597672131	0.354439993980922
0.209962782845107	0.00674413154655942	0.00329148986076823	0.276022004362459	0.138356486053703	0.00739033718179521	0.000361902184878058	0.00139168967878908	0.356479176285941
0.257207346582964	0.00144437997698431	0.000567976130666886	0.276468124491658	0.0970037536600721	0.00580626571181855	0.00935024762488261	0.010076998535522	0.342074907285431
0.273111760518599	0.0145479749524413	0.000527351582033466	0.270113295281495	0.0318366066983405	0.0203599426932552	0.00511482578699616	0.0160843197099032	0.368303922776937
0.238673934861227	0.00132177404928382	0.00561245552962584	0.295854972482648	0.0539710077688537	0.0279723241493286	0.000275794782811074	0.00115987095418677	0.375157865422035
0.233303700647363	0.0186909111535745	0.000918518570576154	0.270624966390543	0.0512075716702079	0.0215045125499654	0.00040186794771626	0.00256888521763839	0.400779065852416
0.263376676304456	0.00121512748202645	0.00290924888103408	0.255881915667363	0.100687122519848	0.0149665228177608	0.000340970362446645	0.00384266059081423	0.35677975537425
0.226951542136659	0.00364637757258618	0.000972770513623729	0.244201561988686	0.114912692477868	0.0229569565885229	0.00782446198515283	0.00165464067936103	0.376878996057541
0.26527476751526	0.00554313220604456	0.000674841172676187	0.268560191605905	0.0622508106075277	0.0108059287426837	0.000667847094965883	0.00187192374363723	0.384350557311299
0.211849001647535	0.00085202822256716	0.00093824757037073	0.293454901644309	0.0553789648588013	0.0170640683939713	0.000576816851118038	0.0126281819404313	0.407257788870895
0.208236494517067	0.000312899109511223	0.000735331606674002	0.290726566710912	0.0900779671253408	0.0213166719704678	0.000109517527882223	0.000251806548834448	0.38823274488331
0.216183263019784	0.0198664401348779	0.123730265635876	0.252430823627183	0.0267064877608918	0.00190133323172452	0.00104421367619781	0.0212884246707848	0.336848748242679
0.20359403910644	0.00671860797102349	0.00123930988880665	0.306908063726769	0.0864244113781812	0.000962529232917578	0.00673979379966612	0.0127847264485951	0.374628518447601
0.277701645348918	0.00398703794725514	0.00149608251677688	0.283996460060273	0.040050983086631	0.0111894869529062	0.00013445054089082	0.00139689862161131	0.380046954924738
0.228286703602106	0.00540639630867988	0.000540472611297467	0.328594735178355	0.0617681942770751	0.00827458069559937	0.000285364786303135	0.000733929016473017	0.366109623524111
0.25776422117206	0.0248587586427472	0.0010919835984224	0.280861041236818	0.0372287934835849	0.00259145490343805	0.00120631965050326	0.00234047341727359	0.392056953895153
0.234668401686884	0.00104515036636585	0.00127585997224859	0.279701048121643	0.0662930707597936	0.0245283851331976	0.000129144428417685	0.00129084380168818	0.391068095729762
0.148698088939996	0.00138536666064237	0.0121627513213643	0.273232821293091	0.180010197290684	0.0119864919566821	0.00838985819392485	0.0110782491345658	0.353056175209048
0.237781932059388	0.0123275551859448	0.00729341167913502	0.300019306643364	0.0502439663037273	0.00675900687824377	0.000202849026676001	0.000596762952126562	0.384775209271395
0.24516206989762	0.0164329760039898	0.000714716483690161	0.27438487175789	0.0846998592716591	0.00530485889286306	0.000393326880480083	0.00182831645402522	0.371079004357783
