Basophils	Bcells	CapsularFibroblasts	cDC1s	cDC2s	CentralVeinEndothelialcells	Cholangiocytes	Fibroblasts	Hepatocytes	HsPCs	ILC1s	Kupffercells	LSECs	LymphaticEndothelialcells	Mesothelialcells	MigcDCs	MonocytesMonocytederivedcells	Neutrophils	NKcells	pDCs	PortalVeinEndothelialcells	Stellatecells	Tcells
6.11583338630617e-05	0.00224850595971094	5.05022116789814e-05	0.00071319811958578	0.0164198799013043	0.0151597149179886	0.0231411523840087	6.51496260053916e-05	0.864090142704825	1.7553997261556e-05	0.00138324552080466	0.0312905782181925	0.0123701940948864	5.4725060746223e-05	0.000209218854030659	0.000384159938972819	0.00163785147935613	0.000119262261705084	0.000432976425298637	0.00145245267104824	0.0163007130689492	0.00996507598357158	0.00243258826620546
0.00162713496075378	0.00029544163260221	2.29934748442076e-05	0.00244275695074514	0.00969502293142701	0.0221911960582808	0.0254272159917213	2.29913801614729e-05	0.86769266605153	0.000125101533746226	0.000302708020660633	0.0223961870466968	0.0199461759455575	2.42572408329248e-05	6.77386226354306e-05	0.000236151988595819	0.00876052776651679	0.00017781401785948	0.00036738322417364	0.000606988656456806	0.00128214585211676	0.0089031821326513	0.00738621851943346
8.9010962004472e-05	0.000214873321278101	0.00030933089492175	0.0166085255264188	0.00415772954029313	0.0073152120526878	0.0324240940445256	3.39716577400701e-05	0.899829632085531	1.25101085058685e-05	0.000259131369043913	0.016350235151592	0.0155500464988253	3.90951176418969e-05	0.000100426704110018	4.46619752933818e-05	0.000171924735276634	9.21851989294544e-05	0.000790132445992219	0.000371643039495063	0.000653921925754706	0.00360345224180711	0.000978253402331747
4.29060851561948e-05	0.000302179466320002	0.00134804292549012	0.00690068915593632	0.00218283459949442	0.0256961338875338	0.0235084831769485	0.00267406152788122	0.86549298947346	5.16870874240019e-05	0.00056236826698953	0.0260462249756309	0.00428164246044667	2.10422445935933e-05	0.000535772575885265	0.000169274887644269	0.00875955556874058	0.000111814821074858	0.000778328591208505	0.000126858588206486	0.0013112284927905	0.00395446837534987	0.0251414127657939
1.71271354174027e-05	0.000265755611275501	0.0002817559592457	0.00086524087692897	0.0173934273621151	0.000208021430005812	0.0209915439658027	0.000745233212828677	0.873566277985774	8.53378616793975e-05	0.000394968646891451	0.0358442139678013	0.0150441117874542	1.23756540055629e-05	0.000351387521524777	0.00128141717303621	0.00844162348857181	0.00622627901679803	0.000379588119801146	0.00263887345155371	0.00169440143139012	0.0107231128305893	0.00254792550950911
3.71120569572712e-05	0.00902380297607036	0.000101061421694133	0.00196653261335334	0.0160903870937598	0.00412796276310089	0.0292003538230495	0.000888946856132322	0.86774435004925	5.50109683151756e-05	0.00024787614005911	0.0169069072378044	0.0315264374037057	0.000177666758772396	0.00064448983239834	0.00370131638325431	0.000207478753553263	5.79789942176957e-05	0.000180331768101128	0.000712642942140859	0.00119498545295774	0.0125577700392928	0.00264859767205978
5.9298530909398e-05	0.0148795223851413	3.28606983531357e-05	0.00944773854671236	0.00094732617914191	0.00946260852510953	0.0272697092980392	9.11156110918907e-05	0.860061504106008	0.00015447748094702	0.000219004972161585	0.0262132720254792	0.0296480846164224	1.82238533666693e-05	2.75920668366364e-05	0.000132105388822126	0.00284021575888069	5.80697897445234e-05	0.000344804314213884	0.00039515214131515	0.000496613376341136	0.0160107379383414	0.00118996239662057
0.000179294663768354	0.028063758674643	2.41972397888588e-05	0.00418205626343618	0.0090145586902916	0.000850727548941545	0.0293734156257627	0.000167492227326078	0.836792099640096	4.81132322861106e-05	0.000444667530340323	0.036229534516942	0.0350317336682535	1.99257148045975e-05	5.71904599440314e-05	0.000690914827748281	0.00145864581662704	0.000418051796032557	0.000264875788877193	0.000686998723723699	0.000323008708355556	0.015171820168739	0.000506918473272135
0.00250165187724553	0.000191358297087415	6.10570406248419e-05	0.00763703027265881	0.00384420869220028	0.00216995956959199	0.0219655480915521	7.67056157511833e-05	0.841273359059597	1.59686936787958e-05	0.00102626781634781	0.0316615112502012	0.0471406318042346	8.23296142843146e-05	0.000369095052856809	0.0022623327197705	0.00653431958167207	0.00233709730776616	0.00394488611816112	0.00108404385693296	0.000437224432408395	0.021354129911679	0.00202928332369667
9.78210823803931e-05	0.000219215569212137	1.20907534504907e-05	0.00626698348870394	0.00345921706438891	0.0195347629284999	0.0303381776929917	5.26647020405448e-05	0.891597243116371	1.12500792330665e-05	0.000573351652066289	0.034122314578516	0.000847528000310507	2.01292030522415e-05	1.85468291532586e-05	0.00623186133768071	0.000125112388604788	0.00013880617857862	0.00164213011842025	0.000496993919431563	0.00135614895360537	0.00247600143565647	0.000361648927652287
0.0019046644416733	0.0140910774579767	3.98000124293492e-05	0.0175089085830801	0.00781862338908743	0.00936281613026934	0.0273621462483242	0.000137870940349515	0.83838782626814	2.95413776020225e-05	0.000531968403249082	0.0316994341921381	0.00552157918829064	3.84760428059968e-05	4.80943005316371e-05	9.35408151757734e-05	0.00780878745758751	0.000762210440424052	0.000797045516389114	0.000242289890763948	0.00724486780369144	0.0266331768540335	0.00193525424598727
1.1879612047887e-05	0.00308615384696081	3.69086088101136e-05	0.0147287688603661	0.0020320724379893	0.0294463266288539	0.0328578653118408	0.000710028679215482	0.880532849664335	1.2495138985492e-05	0.000334516507314074	0.0151053713924889	0.00391818286737932	4.51015005095542e-05	0.000336406961136066	5.94282939448234e-05	0.000322733207659702	9.03678984352844e-05	0.000355448395693008	0.00135564564233051	0.000297005886106494	0.0118055121487614	0.00251893050883577
0.00054505839264041	0.000142687266568956	0.000169300356288245	0.00268240712092879	0.000637564122670899	0.0427031806548844	0.0282020423711941	0.0150280086862483	0.846867608664895	8.27036062713533e-06	0.000301312390133421	0.0245923266420371	0.00789912279194153	0.00524411618723222	1.87555789353111e-05	0.00673849207536957	0.00323426874519324	0.000966349062466336	0.000128482633263486	0.00168243676883177	0.00463697190051844	0.00739034838948226	0.0001808888376486
9.0686066666968e-05	0.000772431688785305	0.000534508813299697	0.00407059441768629	0.00325422947230491	0.00117253829569518	0.0246948640634532	3.56442599943501e-05	0.865304190276861	0.00011012737280458	0.00202989986803477	0.0378252084520378	0.0219047491926801	2.24685271738147e-05	0.000128937484889416	0.000369208949864394	0.0115946780543057	0.00184562852175054	0.00327141361728819	0.000430180035715307	0.00305433146474064	0.0111640947470808	0.00631938635688643
0.000505731931489788	0.000224733669938325	0.00182234901691152	0.00688627526640931	0.000179133183079771	0.000304749099400309	0.0486375750258042	0.00539700703998615	0.869863958407448	3.50558929811019e-05	0.00096249008075544	0.0107656684417353	0.0132174596112165	7.56045613686041e-05	8.78946483238759e-05	0.000661007192466758	0.00281097105226246	0.00222131348119657	0.0028628097248726	0.00948349314595264	0.0215675820915015	0.000785042620709508	0.000642094814189829
0.000401922441566941	0.000237584289086412	7.49329378731648e-05	0.00124213569863157	0.00972474610630659	0.000365818833619565	0.0324594882790369	8.26791204506103e-05	0.85467417818061	1.02642185204929e-05	0.000601391515045691	0.0195946710561044	0.0274246311496412	4.65077431852653e-05	0.00235254378700712	6.27715866671078e-05	0.00598821543096772	9.23946762519318e-05	0.0134432489384806	0.00054357517948772	0.000151146922789597	0.0275435717867093	0.00288158012195985
2.20519204483851e-05	0.000547076661054815	3.75393031288725e-05	0.00134057866632994	0.0180973120471369	0.0123603713939674	0.0262641016596976	0.000133210412138437	0.882276276730511	1.38045834149388e-05	0.000238980379197339	0.0242203413682414	0.017253326750167	1.340699756866e-05	9.64619393639515e-05	0.00130612056810809	0.00230445212579213	4.20166320280109e-05	0.00162206325477738	0.000545841180993695	0.000300087883146077	0.00983892248286891	0.00112565505991891
3.05811990391435e-05	0.00977463623056097	1.73517483135794e-05	0.00510007251866734	0.00215055476091431	0.00107297309156198	0.0280079152886492	0.000746081099968569	0.84198957955139	2.41229664408846e-05	0.000845773069800391	0.0396769373506103	0.00202480444202186	3.55338170937729e-05	5.43253447107671e-05	0.000144559822139339	0.0015694722660566	0.00489210579021823	0.00175834393485223	0.00738893743922306	0.0129975104012307	0.0114240333882359	0.0282737944783008
0.00109417064899134	0.000122979038290408	4.90769116680351e-05	0.0051986353235226	0.00114300709392311	0.000680475098507505	0.0344750284729584	0.00320648363958118	0.853990317520216	1.10872083719857e-05	0.00177385109124761	0.0308560566418712	0.0182990779680308	5.07751341938107e-05	0.000127544681860031	0.00100830793648173	0.00372596085452429	0.000317075635419108	0.000461733395369751	0.00020696193294537	0.0282795065477684	0.0136695191141484	0.00125236811010896
0.000228214409485417	6.00706550966944e-05	4.71440554019943e-05	0.00169817211342942	0.000866056363011432	0.0037127943149203	0.0274372422702102	3.13958537119874e-05	0.89803528539245	2.50444021610718e-05	8.37037456592973e-05	0.0486063628139012	0.00206163360987	0.00466375261770988	0.00167038024972179	0.000211665975990722	0.000191810501470287	0.00653636073493916	5.56037844796937e-05	0.000328026872685552	0.000191572948158882	0.00319815451945465	5.95517960808273e-05
0.0103663139534642	4.61424781995416e-05	1.53049224482989e-05	0.0019568353295514	0.000867556823909632	0.000164682032893612	0.0454361045597111	0.0211654816973757	0.811707150313541	0.00357885312463673	0.00198805260755601	0.0285218691642125	0.000320427131460111	2.30816652671044e-05	8.49673020532744e-05	0.000119409967363146	0.000158162147360638	0.000108665735451868	0.000145659489821799	0.010774113242917	0.0592335234794818	0.00308581617594663	0.000131826655376907
5.80683966517917e-05	0.00534216803883204	3.16038434845892e-05	0.0126665135503397	0.000287026011537695	0.000211884972788363	0.026707685188875	2.287241616669e-05	0.844083791887058	1.50021171155405e-05	0.000273264239590089	0.0428300771677933	0.0362072844591207	1.21208668163201e-05	1.46848136919527e-05	0.000129912053113762	0.00185024664556504	0.00827021338689867	0.000120679880797536	0.000857033948094678	0.0136451709707637	0.00562880988974214	0.000733885255162458
5.9621612053677e-05	0.00661595774089351	0.000158843221768703	0.000897507335578087	0.00987432958681394	0.0167485415842049	0.0256398811169339	5.77317559920918e-05	0.895343080217665	2.42901406339347e-05	0.000249593804384947	0.019058224510118	0.00770819785419373	2.83441004973599e-05	7.9723294209332e-05	0.00178997140863759	0.00304899853788588	0.000213943905193185	0.000228635074191073	0.0064642574554167	0.000505200524794212	0.00424256712936613	0.000962558088574348
0.00115597541919227	0.000120159528581603	2.51056020701654e-05	0.00687853578500165	0.000246315148746911	0.000288277233470128	0.0200394861423764	4.18349927118719e-05	0.896781392322169	0.000339140282668126	0.000449137115468557	0.0234458413699426	0.0254132828496697	2.24327787796634e-05	0.00117223787857757	9.70417992240752e-05	0.00263195682578944	8.87248689147838e-05	0.00236907807990516	0.00330466770288182	0.000697314638674925	0.0100257678973213	0.00436629373786191
6.23959322328021e-05	0.000426528049108905	5.76503402152843e-05	0.00726278419453559	0.025391729131427	0.0207542723417101	0.018595230765909	0.00015338818000035	0.830157110969137	4.09311997179122e-05	0.000159046312457884	0.0466834959533694	0.014281839230341	6.75117439169384e-05	0.000129352772139172	0.000117903484841666	0.00276093837502669	0.0023179795007458	9.09212111593531e-05	0.00020987811693255	0.00153345792967956	0.0204036407749858	0.00834201349041092
0.000168641945354324	0.0325268871829484	4.90554287194598e-05	0.00756130434251665	0.00823103762923119	0.0253837975596566	0.026758642385587	5.05515620674881e-05	0.825349069772492	0.00277401469696706	0.000422309653845413	0.0356770727996179	0.00617763490818663	1.43841444770742e-05	0.000526936550909475	0.00204415058829071	0.000217320408421093	0.0127353785467692	0.000447269475014957	0.000276518506515194	0.000391099841949592	0.0113694735421631	0.000847448528300085
0.000194979194588416	0.000431734253573271	3.54695841914453e-05	0.00810284505027223	0.00448543214046644	0.0405574441880322	0.01708334872457	0.000177588212036217	0.863831562311333	2.66114341958195e-05	0.000359368815507313	0.0229879262960273	0.0086492472813475	0.000170683553758927	6.78854169276714e-05	0.000137401741254217	0.00236681961033564	0.000373184982784274	0.0019155321035409	0.000528955633402873	0.00083097829030228	0.0145824928806304	0.0121025083009223
9.52732236283426e-05	0.0105656949075735	4.44227308191144e-05	0.0073722869759529	0.000622287997612944	0.000908832983230069	0.0191041396051924	8.92351403131933e-06	0.854970984560509	7.84059823980614e-05	0.000602528932961635	0.0550370711668514	0.0200267443798962	1.26318206819915e-05	0.0023730877231211	6.66154358147821e-05	6.36018813206679e-05	0.000423366306646258	0.000886180685671111	0.000953022391521245	0.0130362408853442	0.0123280487501951	0.000419607159026825
3.16540959692571e-05	0.00765322759317607	4.62568765365995e-05	0.0032882011581167	0.00564422691568485	0.00463537036805093	0.0249907264219451	1.58857716873735e-05	0.873526869608115	1.21058664198633e-05	0.000653057225897432	0.0213248142016854	0.0066975628703383	3.82580082974201e-05	7.66622636944864e-05	0.00169817975441597	0.0011174503252731	3.85859857965496e-05	0.000424888110978931	0.000235328031553006	0.0174047085152885	0.00268900600510431	0.0277569740259752
5.04562161397322e-05	0.000466818608405608	0.000464687332439136	0.00331656836977082	0.00208031607621301	0.00242740544957252	0.0311550719535376	0.000118834887947282	0.84417798736627	1.95205709075639e-05	0.000901209515299676	0.0192808131775371	0.0109986208382173	3.25220807204585e-05	0.00366042578356533	0.00117645609675534	0.00160694711733218	0.0183462820974959	0.00195355435904452	0.0062895247643763	0.0272386885498804	0.0166094796328887	0.00762780915568389
2.98687043909526e-05	4.55123637556632e-05	3.04550180293499e-05	0.00732126860940986	0.000127983447462135	0.000612808101538242	0.0557336317117089	0.0190105726720217	0.846484655348626	4.92169599835609e-05	0.000107055459672012	0.0230180201996977	0.0222287766166365	0.00597596100883004	0.000103768597250694	0.00146008231096492	0.00161086369248762	0.0070225931055104	8.81553721241605e-05	2.93404656750228e-05	0.00776951127221362	0.00107399893267176	6.59000293392442e-05
0.00583730054439843	0.000100823235078944	2.88744781708765e-05	0.000912465267933392	0.00447436157954748	0.000838732212902706	0.0350165083407311	0.00155852407781005	0.871498236554853	0.000443053566176482	0.000150730653467118	0.0249223174619319	0.0288404881531145	0.00014298085658561	7.72505772117272e-05	0.00252104112227475	0.000366485453317919	0.000659010780474883	0.000137577944802829	0.00093405974805904	0.00966891185195077	0.0106602089595056	0.000210056579700688
4.87009697311784e-05	0.000318449827356791	0.000171629127557816	0.0108482528409881	0.00022378636144292	0.062709522705849	0.0236280942425279	0.00273737992988388	0.826835876906057	0.00118385299588474	0.00042364918760372	0.0185063836410402	0.00258211174902387	6.88314625877136e-05	7.72591930188685e-05	0.000907976889918816	0.000102959586053665	0.000190399972834629	0.000763658176207618	7.45946019986378e-05	0.00937472966651237	0.0304531875855739	0.0077687123803459
0.000446049985859633	0.000224278084662472	0.0001331526386881	0.00174695320141055	0.000401224112784126	0.00566992130592707	0.0407903537586055	7.93370025350152e-05	0.890451711301335	0.000152334342916144	0.00136901105919547	0.0336131845768209	0.00732926010276024	0.00162818893593098	0.000428882050545102	0.00421827282469647	6.97608167808899e-05	0.000536565155235852	0.000199135144480989	0.000418899366060166	0.0029720761362009	0.00650222001574766	0.000619228080821
3.93751210242288e-05	0.000569227057782906	0.000442775243288143	0.0153554566485801	0.000126403009916324	0.0143692903336764	0.0352195433651748	0.00543299852874376	0.886061853515856	1.00294599024509e-05	0.00166242198639325	0.0124403783045028	0.0173851602983986	0.0040255945837891	3.26376664833093e-05	4.59325266868876e-05	4.29956489445213e-05	0.000118354290397749	0.000455881863524984	0.00109000946584355	0.00121600038159231	0.00197062752444763	0.0018870531750498
0.00462788315007418	0.000335652048922571	4.58791929986817e-05	0.000197911736518264	0.000541568463451324	0.0243677630099219	0.0346502453456258	0.000550633004511723	0.858625064679251	0.000159990414153715	0.000441144174049157	0.0459779560276109	0.00141174918960676	0.000691339509522771	2.13328457755421e-05	0.000530878445040508	0.0124948030009758	0.000195443262081842	0.000728155321908829	0.000740363105331477	0.00195514000381782	0.0105634959874271	0.000145608081422141
8.21708151870729e-05	0.00191670483272171	3.43135338183077e-05	0.0075205299870437	0.00112308814564901	0.021358152172188	0.0304551847764242	0.00307172329367509	0.867444247356803	7.24978349639496e-05	0.000277249022593885	0.0211199951915746	0.0115376263961577	4.61503069770589e-05	4.26823193462322e-05	8.71435086686947e-05	0.00306508936137907	7.46734271648263e-05	0.000332376732931331	0.00185135265762622	0.00105623851404231	0.0181471954477241	0.00928361436533989
2.84902492655943e-05	0.00151559434040682	5.16772173353508e-05	0.00444258336612333	0.00442292434551155	0.000329942345528541	0.0308354667673859	0.00019014726650013	0.847158586271703	4.7652379825561e-05	0.000303956705276266	0.0250435315985008	0.0293342043406547	0.00110999044655082	0.000117235197841965	6.83867168564501e-05	0.00013856597441289	0.000100526349105107	0.000588994208909599	0.00279098408967885	0.00112972278769054	0.0152795862124927	0.0349712508224438
9.9386766876891e-05	0.000109824168397732	6.13027334447847e-05	0.000954697320099027	0.000801178904104316	0.00259572938327843	0.024868687115623	3.16959203457174e-05	0.851525763279896	0.00010121162235751	0.0308658869929999	0.0311950979059939	0.0256669801716888	0.000102077580951977	3.64001411269087e-05	0.000268817923181473	4.82689275618249e-05	0.0144598292856713	0.000268371403442802	0.00522255356047394	0.00261039210721125	0.00785740190241172	0.000248444882860134
0.00149632168604998	0.00438498091985145	2.12027584125812e-05	0.00407934946288268	0.000174225854050494	0.00117160168162032	0.021576378167124	4.65129354803749e-05	0.864918913359323	2.97107073563307e-05	0.000623465093265083	0.0241215032195235	0.0355528733153556	0.000288440255868833	0.00125760302979338	3.5204878709367e-05	0.000544150697924898	6.75107117987218e-05	0.000442686743986466	0.0143557575243388	0.000817743815043894	0.0223778479859853	0.00161601519625451
6.63255708752708e-05	0.0024005426263507	3.9467962442907e-05	0.0076819202258652	0.00249703050793201	0.00933647875290213	0.0234709653782429	5.60555965535313e-05	0.872956151629147	0.000115282712321435	0.00055242173200628	0.0314118548835288	0.0209553469153908	5.96086552805095e-05	0.000349128809868215	0.00055299022849418	0.00458386694776453	0.00330466992737154	0.000319736765952721	0.00421871662555822	0.000508742794977875	0.0131204516210431	0.00144224313013071
0.000147346734679657	0.0100494626971579	7.19284630868889e-06	0.000620336994796661	0.0199128455843462	0.00351217669218763	0.0338362191373174	5.44958434623657e-05	0.814183188946807	4.00038948603085e-05	8.01576394543091e-05	0.0423806251846532	0.00910636943791411	0.000391698182962808	1.81630128476644e-05	2.84601033707013e-05	0.00107169239448146	0.000574023771188178	7.33532567807289e-05	0.000528143451317522	0.000333983462626881	0.00629732221592647	0.0567527385145526
3.88741948505497e-05	0.00018780161530435	5.56920665356365e-05	0.00738823024134242	0.000272458210439075	0.0172610898335761	0.0213302748929687	0.00143451331062376	0.863521710363534	7.18019002128642e-05	0.0101386060816024	0.0271673506869165	0.01432679915162	3.78528304209496e-05	9.78489304155219e-05	0.00164655611616241	0.0119220672362198	0.000282880929125531	0.00200693951366701	0.000810894141485107	0.00692835143462821	0.0125730175177034	0.000498388800645513
6.59530660654612e-05	0.00238416888822636	0.000197131445923927	0.0071628520600225	0.000631029313977019	0.000387131115333367	0.0192444863720587	0.000601921600977494	0.872688936027107	0.00195038857914839	0.000181640075723521	0.0338077001117855	0.0313447057241182	0.000251952344384188	0.000472161323357676	0.000239125901440268	0.00170491597888142	0.00118118500692513	0.00187098146223025	0.00876219531202821	0.0116050321057608	0.000574062969930019	0.00269034321459433
3.02193664769271e-05	0.000124263213209784	2.19937412654778e-05	7.28107786838336e-05	4.22381788369539e-05	0.000289909850612623	0.0297191910541861	6.14009174318609e-05	0.868777960957356	0.000429358211955626	0.0063182954676723	0.0165337226482905	0.0267745765046214	6.09765785990557e-05	0.000759612994877284	0.00060153416701059	0.00462924727555235	0.000139890887284885	0.00127789289653059	0.00729214240593145	0.0137208371108343	0.0221276315837465	0.000194293209033643
6.7194613010467e-05	0.000112014387983809	2.94405102295324e-05	0.00613742123108015	0.00403845012270861	0.000397986944630418	0.0206951244134888	0.000964522871522906	0.889485493461725	4.73666402997731e-05	0.000930417168023579	0.0238355004991534	0.0191009600653563	0.000786617392020705	9.07882458848742e-05	8.85432842283614e-05	0.00775266996154885	0.000180872467597844	0.000528844232736936	0.00183705816266803	0.00114031495042194	0.00271574533866837	0.0190366530350113
3.20392732331366e-05	0.00756395917776897	0.00135145825452619	0.0168689994009733	0.000174151226068087	0.0251179502329725	0.0241410479606563	2.29015613604761e-05	0.874373144057369	2.20880144397862e-05	0.000359062542271063	0.0175258865917792	0.0100951576012962	0.00241492389952111	7.61749566957323e-05	0.000445088290693293	0.000112262135486886	3.65093359240988e-05	0.00031192706253242	0.000312454071775126	0.000397538177012781	0.017884478868058	0.00036079730758721
0.00017063605353009	0.000145863217962359	4.07443796861813e-05	0.00998987069290493	0.00113091416271422	0.00901053528229799	0.0217448482287659	0.000755929433297669	0.864588381563743	0.000209823044156057	0.00910135954229559	0.0398540588062683	0.00291952725072628	3.54178685578827e-05	0.000373229026410451	0.00294968300604518	0.000667848212792143	0.000810154077925468	0.00036204604768789	0.000588035478474317	0.0116505271246938	0.014635194672787	0.00826537282627763
0.000104247695386839	0.00570263018450383	7.29408437685733e-05	0.00781438800498244	0.00161594417637936	0.000330191513298239	0.0200487446899203	4.43448700970402e-05	0.853202488315283	0.00149136987159002	0.000398355940573425	0.0357876267236135	0.0195465534509732	1.80254179116531e-05	0.000375715394588353	0.000340418919002789	0.000236561216547716	0.00958966583291432	0.000480966838585586	0.000558822143340873	0.0232400612869801	0.018457238249651	0.000542698420107471
1.30699963596959e-05	4.568947839351e-05	0.000153472150024532	0.00447201796982559	0.00540348980366567	0.00281218443200594	0.0338221088854361	0.000895716228351473	0.877037132568568	0.000186336010929091	0.000117091665894816	0.0314142690830134	0.0128746411038676	2.45907621687221e-05	0.000273348679126712	0.000640978379198436	0.00452049639359297	0.000136008778734561	9.45644873441768e-05	0.00053309640720691	0.0180865967890968	0.00622657104267174	0.000216528904523702
6.32223904159956e-06	0.00123792112621606	2.95608411485224e-05	0.00915966019020992	0.000356553558133036	0.0261789238555566	0.0216524393260186	2.65499001917192e-05	0.837289605777138	0.00139436017866316	0.00186844775459166	0.0478203828588164	0.00376427888911832	1.78541487605436e-05	0.000723803258254249	0.0133058675362392	0.00944561389739832	0.0140183603502363	0.00028005634253471	3.90407165356112e-05	0.000374809034361656	0.0101497936286606	0.000859794592175369
0.000121725269037056	6.4313139081697e-05	7.4839023849699e-05	0.00827873048418572	0.00085618999336401	0.000211871629691214	0.0557950787500262	0.045902639419041	0.810622794002654	0.000289177123408507	0.000123645310814111	0.0079801774872393	0.000545820072080496	0.0158457207488164	0.000366181457816848	0.000323773007641956	0.00582812977456959	0.0016516052540262	8.22415752950961e-05	6.00532673330413e-05	0.0397892195884312	0.00513165589312251	5.44177284742176e-05
0.000342038871509277	0.000303151774290247	0.000251911366556748	0.00120476321433918	0.0137530423670935	0.000276097866521135	0.0276758008104002	0.000820636628608993	0.886832493398016	0.00159237457717767	0.000567890692746698	0.0148779964395262	0.0352077190764982	4.08889958949369e-05	0.0026909075146961	5.95107564395353e-05	0.000987788666881393	0.00189242794996974	0.000290502464051049	0.00109913657667761	0.000666984252067374	0.00757132326950054	0.000994612470538061
0.000245330216293646	0.00178526812452223	0.00101601740112825	0.0103054257464971	0.0143647491064819	0.0172734379235241	0.0210943725924408	0.000135570277421836	0.850374286982848	0.000157458525766229	0.000237048157082899	0.0183587717406954	0.00564148311782315	5.02526372548096e-05	0.000315749258506812	0.000309318018681846	8.09803235694394e-05	0.000168737409630265	0.00026012394383223	0.000150763737925304	0.00138895764429675	0.011030583042735	0.0452553140710413
0.000412032418382808	0.000391803722122059	3.08937763437319e-05	0.00714379747315248	0.00210610639593235	0.00395240934656055	0.0182508772326399	3.17167880997194e-05	0.854361381784101	0.000146276737526388	0.000197723243813536	0.0386340969579785	0.0170922394895304	3.01710799408103e-05	0.000400875257073421	0.00117861552782497	0.00985984896543465	0.000101941564071444	0.000573738003927013	0.000139458734833343	0.000292358776312191	0.00938361797165168	0.0352880187527468
0.000808031948311875	0.000765456755294859	0.000101253483697996	0.000257681386511266	0.0091682909086217	0.000260618897781944	0.0285380993804119	3.02141837053759e-05	0.871588786892198	3.78763828650365e-05	0.00172284613371298	0.029880284923013	0.0285396472401906	9.53908116144553e-06	0.0010543823987348	0.000128333950019227	0.00727265003455257	0.000338846811467564	0.000530934638591358	0.00615574593990167	0.00223525921119167	0.00988728691806671	0.000687932499996823
4.25862212606595e-05	0.000210837806176017	0.000692578820556736	0.0070205301847083	0.00994138495078688	0.0607464595598606	0.0216371872462241	0.00952129219068453	0.836372920242346	0.000278647074243814	0.000141387404720372	0.0232573147174195	0.000420578605616673	0.000332353283225932	0.000121766394423002	0.000900078282240444	0.000139327362343411	0.000249543970991678	0.000246576772560515	0.000213747020152203	0.00157817117943075	0.025410448044396	0.000524282665632084
0.000259870272425263	0.000963579413261569	0.00470751140816944	0.00685746667399096	0.00812684085269332	0.0083062102401957	0.0188323643910122	2.24918647968851e-05	0.869392295375909	3.35302960727777e-05	0.0130940596047559	0.0318968585263355	0.0247034434735391	9.73112081252732e-05	0.00012554269751581	0.0011135136815894	9.72612778238025e-05	0.00150389056527336	0.00145124188189189	0.00064986620061666	0.000872466663939033	0.0047603843826261	0.00213199904744079
1.75598928383561e-05	0.000184351002619139	0.000102874514174928	0.0171661502958467	0.000220407780285659	0.00577865948844037	0.0229075529573409	0.000420932160810232	0.8578179273466	1.78613599176825e-05	0.00268560414172679	0.0234673130947993	0.0194086818872096	8.18760703375855e-05	8.39988114294999e-05	0.000444184962839623	0.00142151225297476	0.000153241724599633	0.0178999995282542	0.000504222487927845	0.00526380633465003	0.0183451116178663	0.00560617028651057
0.000186254761856697	5.32898930699119e-05	6.65126065634262e-05	0.00770861606968677	0.00033624458488148	0.000132402188050274	0.0293567617759142	0.0127978980505294	0.880235307227418	3.22845485681774e-05	0.00836938072623461	0.0199014718918827	0.000488972354170046	6.74903249350502e-05	5.01161255568718e-05	0.00042968083753647	0.000499273791462395	3.7410753225284e-05	0.000171108862896036	0.000200738585440896	0.0353984184871411	0.00215747435280623	0.00132289120017376
3.55187557590524e-05	0.00898800245916014	0.000198873128902222	0.00728167325326092	0.000973644084815575	0.0012994156373077	0.0348984836035826	0.000256380699531763	0.873884546016179	2.76494908340307e-05	0.000319769684164679	0.0312217328766875	0.0256141306772663	0.000231738621167777	4.48026262155648e-05	0.00164852500389801	0.00525166246112424	0.000270698884469995	0.000109023723410237	0.00117627709900145	0.00446870657631018	0.00169434900612503	0.000104395630826125
7.15861858460392e-05	0.0101888948002538	8.52902187173591e-05	0.000215097792358529	0.0216570910399128	0.000263504953172415	0.0225970826024905	3.78117644210379e-05	0.855730476812746	7.13077963649016e-05	0.00045161115873273	0.0472606341118717	0.0190037486816836	2.55772965411709e-05	0.000862788411389968	0.000629622276387181	0.0032397389223099	7.36597763040998e-05	0.000278457730858097	4.18072701202241e-05	0.00216044160282137	0.0132245537925378	0.00182921500215893
0.000464449031914075	0.000266739053001098	7.35394070963953e-05	0.0131644796261316	0.00125045377671183	0.0231730561624855	0.0359236370913418	0.000193439218320591	0.86377374559875	6.19579573009656e-05	0.000318174626850784	0.0299752319649172	0.00931704609746979	6.836324965013e-05	0.000659090042653908	0.00159723274450802	0.000280581359377784	0.000127495027663228	0.00241432993859321	0.00178940265884297	0.000854819503142762	0.0137308777420434	0.000521858121232621
0.000738517564997105	0.00552960025794375	2.63633428171349e-05	0.020161623033952	0.0031352172597445	0.0271555756399892	0.0248381111817541	0.00373769347383552	0.853394400642114	3.42942909132795e-05	0.00104810013018866	0.0272316249113123	0.00817828341914627	2.86798162284271e-05	6.97288251749351e-05	9.53218196010421e-05	0.000211761203805759	0.000254584291641436	0.00194012780212548	0.00262209045559251	0.000359171986746439	0.0156167683215537	0.00359236032882228
5.00816534356133e-05	0.000579551194137448	8.1387404373547e-05	0.00144609796916569	0.0236254684372287	0.000361432804282606	0.0168298137348241	0.0013990298339912	0.870476388994168	2.74345471376228e-05	0.000335093510167448	0.0289432832613668	0.0351295396852316	0.00108604857328458	0.00374868181126684	5.7094586923363e-05	0.000158559243123271	8.95803110661995e-05	0.000262722810599971	6.1165794014986e-05	0.000784453061093483	0.0112709434072104	0.00319614737190575
7.16537941268415e-05	0.000147653398923277	0.000127628211548227	0.00807783429422182	0.00507396007693943	0.0365705395089848	0.0260362894262331	0.00613134860965109	0.870643931695946	4.66267774893026e-05	0.000326651832887001	0.00996607005975156	0.0186711299441474	0.000657722649220779	0.000537375923220837	0.000677424938607162	5.61745046486594e-05	0.000230122679640882	0.000350108965435453	0.00141972104021296	0.000443517826077406	0.0124906125775596	0.00124590126452607
6.98147277034408e-05	0.00554868276142471	5.87542214550337e-05	0.00647454894459767	0.0103449417128954	0.0328395902118458	0.0249954557613193	0.00485093334502292	0.865936979739731	5.88520521238865e-05	0.000122150386446019	0.0123291031068099	0.00154785759724181	0.000177097490228169	4.31092019782961e-05	9.48096403454472e-05	0.00174369113662791	0.000233554920505261	0.000277956531007797	5.0044214964154e-05	0.000770912486430813	0.0171687316421127	0.0142624281671826
0.00481042598594125	0.000470503566931037	0.00157194551224923	0.0134495189290997	0.000172599496698524	0.000813681933697402	0.0272378677434588	0.000432362911830961	0.884854061065511	8.0989527065452e-05	0.000788307202981635	0.0179526211508179	0.0130430781459779	7.83622159090312e-05	4.21802442582341e-05	7.56117622866959e-05	0.000872557921603903	0.000154366628355823	0.00102406391319968	0.00205567976457082	0.0091241942975606	0.00105119561591471	0.0198438244640791
8.10334861860005e-06	0.000216698244403707	1.92254208794084e-05	0.00428288401583013	0.00043917109286165	0.000471726568351934	0.025725780170051	3.42842263155359e-05	0.869910082464395	1.88200494417657e-05	0.00095236702192342	0.0280759566201538	0.0275557067875905	2.90330481784662e-05	3.81141424458882e-05	3.04958232905798e-05	0.00994504433287372	3.76335247389278e-05	0.000301912191650506	0.00585842064047929	0.000667329300760175	0.0146978363697516	0.0106833745950142
2.14704633423094e-05	0.00570385342229975	3.39681696139404e-05	0.0053174300949635	0.000136791559448754	0.0490006946437426	0.0255094371052596	0.00052268352659222	0.850993842199842	2.8746248704937e-05	0.00198596182205115	0.0268638977477359	0.00373544196941741	0.000196860954500959	3.02530710326474e-05	0.00175461158173773	0.000111091617397918	0.00300213356859936	0.00307027731358356	0.000271720932954393	0.000570583693318569	0.014939647445406	0.00619860084845439
2.93756490751505e-05	0.00518940304589987	0.000177283573220624	0.00316491474198334	0.000343998872926818	0.0019959507041832	0.0237727155549351	4.03946869528646e-05	0.881288217768783	0.000194688927271347	0.00490510525669672	0.0223554367215148	0.0388410850074734	0.000361946475920119	0.000559954697905833	0.00362544822314572	5.47261734374855e-05	0.00350332500262001	0.000294495965206094	0.0034856834500758	0.00145583471196934	0.00351521566634425	0.000844799122458503
0.000142407261739898	0.000177323562363466	0.000425253324632271	0.00215202690659678	0.0136936198276672	0.0437750588325385	0.0269060959556261	0.00239893000859433	0.838304707582569	0.000366690268945538	0.000632352792998965	0.0523392623134028	0.00122135684241359	0.000133574421579792	0.000116516546521934	4.7795360155629e-05	0.000892576490744157	0.00147864237354987	0.000292504548775238	7.99393795040336e-05	0.0105175583961319	0.00307531467949984	0.00083049232344867
0.000124498588519012	0.00288298702984549	3.72171575978966e-05	0.0050608135483774	0.0019848728285678	0.0186764919593303	0.0258685691564849	0.000325370974584465	0.85953094407216	3.22181110589627e-05	0.000199215157613491	0.0359620027226753	0.0116003503752021	2.96450720902418e-05	0.00152721893289528	0.000593136653296122	0.000945853619093782	0.000251285447826121	0.000208603244336733	0.00507421556035512	0.00682033688908416	0.00972024493567726	0.0125439079633278
0.000699485818428815	7.79444395912566e-05	0.000664201464807808	0.00026684566175499	0.000498562554398774	0.0125196861188751	0.0366967041375391	3.10030239878211e-05	0.886725474778991	5.83640057764832e-05	0.00304122948496686	0.0157800176646968	0.00281690432338921	0.000173558947228808	0.000174297419366325	0.000522967648456361	0.00104677912376409	0.00351713753308127	0.000660493719049851	0.00115065176216793	0.0226176562560549	0.00829631600233432	0.00196371811129214
0.000218185068005784	2.58620144902145e-05	0.00349799753199969	0.0128876161971909	0.000198381828786518	0.00022148411192931	0.0707768514926276	0.0294935524225108	0.794418207766202	0.00499636224096831	0.00034548610080212	0.0210097480833205	0.000199512331626497	0.0342950519562246	0.000191215610155145	0.00038278333229053	0.000457048959472962	0.000347038862631947	6.07223082681152e-05	0.000934002700266539	0.0249518474999476	5.56810909958012e-05	3.53604892864303e-05
0.000113421269007477	0.000737800244853399	0.000117717613119776	0.0120517064392476	0.000586173900423431	0.000351871939966762	0.02549277647548	7.40207060539405e-05	0.879545070368601	1.54756897992643e-05	0.0011918257201787	0.0193317510869731	0.0241617068723335	0.000672513885845265	0.000246985008438082	0.000265611020044828	0.00118572673651984	0.00524993774346074	0.000785073599389488	0.00268899437355863	0.00014676319330741	0.00708219493189671	0.0179048811815004
0.000124329744959442	0.00415892718072919	0.000501764949088361	0.00542987415396249	0.000885362643730288	0.0251352565189848	0.0170644647233586	1.25250248544592e-05	0.858117793772827	0.000475305806242032	0.000555148797704492	0.033187957442003	0.0326368585951103	0.000384807545598631	6.15980540047735e-05	0.00130571242038382	0.00338848905565736	0.000164129253149872	0.0025159247951518	0.00542889996529888	0.000247801365788106	0.00750731730880272	0.000709750882610152
0.000177506167182106	0.00032278812103209	0.0029506431417986	0.00514734789018961	0.000353895097388328	0.0121911084462689	0.0301171892432657	2.23659897339543e-05	0.87621166716059	1.24008403768782e-05	0.00688546267880241	0.0432820898163708	0.015133608496038	2.00142414180084e-05	0.000118478534916422	0.000367151107156314	0.000266237654797119	0.000869571836135265	0.000343248878489232	0.00128388429545258	0.000798011272929429	0.00297190230942819	0.000153426780239872
0.000140089319961683	0.000572523501036902	4.94075610052444e-05	0.0112055988383469	0.000162009350509144	0.0027660849482909	0.0256242869995666	3.0897068343871e-05	0.883746922542098	8.76672357648267e-05	0.000764545250431345	0.0162723142084202	0.0282677869138434	0.000677074014609794	3.49437333213905e-05	0.00325396479299257	0.0049484833029206	4.5073090035542e-05	0.000441575714881223	0.000445922041957617	0.00036715720369092	0.00718875152101087	0.0129069208469604
6.49038045147774e-06	0.000124516158662183	0.00395204498981956	0.00507977078090908	0.000759468298901158	0.000639126950346967	0.0273220798103032	0.000590495383128003	0.899806186458427	1.19513307068935e-05	0.000264315981328251	0.0302317742337952	0.0221124868475033	3.35789377943362e-05	0.000324847827748811	0.00119685917482753	0.00336991467959025	6.0863511430262e-05	0.000249041022925982	0.000302800217538822	0.000181760582620756	0.00322587852093426	0.000153747920307006
1.71781172580277e-05	0.000195289720031397	2.94042998918683e-05	0.00936019545094753	0.0012295741748032	0.00546353529909133	0.0221995917678205	0.00399566438624808	0.865695080092107	0.00016734178856661	0.000264391884209961	0.0378190220880393	0.0202093364913782	0.000126786903745333	0.000238603500906567	0.000593921410636899	0.00222219220100777	5.17883473518662e-05	0.000448011405319739	0.00444654827143552	0.000331268245294335	0.0193505136835384	0.00554476047037067
8.11231568686472e-05	6.10917694953127e-05	1.71650716023936e-05	0.00942262968879298	0.00108853591736785	0.000306771507002481	0.025873214034684	0.00099625458397331	0.884610028926058	0.000138406273399631	0.0039820517168827	0.0209769883138527	0.0184915204387654	1.62046101454289e-05	0.000849284483618416	4.26190281160269e-05	8.03922148640118e-05	0.000254130021487471	0.00173869110806009	0.00110190211896855	0.0204138305400607	0.00373798857896336	0.00571917589697014
0.000125573660103273	0.0229731156766578	9.13849995661615e-05	0.0159538993997491	0.00143432147948213	0.0318790358692532	0.0207374514612146	0.0151718864284224	0.832180365004093	7.42413236975993e-06	0.000239263341327917	0.0319660082118534	0.00194697716060134	0.000196359107711755	0.000467803871131573	0.000186665120301078	0.00663530676107545	0.000105478787982834	0.00216405153180404	0.000141924942986868	0.000213526564080398	0.014368060958734	0.000814115529497835
1.24803229114982e-05	0.00217534889318004	9.15361632900014e-05	0.0082650119334648	0.00912735650822549	0.0031405071162797	0.0227368434341016	0.000239005156196144	0.872174716250434	4.31162967494207e-06	0.000200213587857633	0.0138695291579464	0.0348265117087527	1.81177045057554e-05	9.79471714599975e-05	0.00101569600932384	8.87593249746135e-05	0.000103658916896503	0.000310827656862745	0.0145302339230247	0.00553167195713994	0.00942142750509766	0.00201828796839874
0.000705928167262937	0.002656169178434	4.86603674052092e-05	0.00103517644419265	0.00134542852531595	0.000430547702550893	0.0330024459928687	4.44457569230957e-05	0.870847996475227	0.00125570975861477	0.000193724046994124	0.0198425746626627	0.00237516956242858	0.000130260779893452	0.00387414307169848	0.0041639577367176	0.000434654405384057	0.000106513947510477	0.0001776084265408	0.0119609830834133	0.0295707964653004	0.0149533498980786	0.000843755544581667
