Bcells	CentralVeinEndothelialcells	Cholangiocytes	Hepatocytes	Kupffercells	LSECs	Mesothelialcells	PortalVeinEndothelialcells	Tcells
0.00343026458519249	0.00672059653056274	0.000581541611110924	0.946780487616214	0.0197160648656223	0.0144334736415262	0.000562659667649525	0.0067949236936473	0.000979987788475037
0.000373881301792192	0.00901873140438251	0.000879117139229254	0.952134810442911	0.0184787440143346	0.0175973622275435	0.000342950305518694	0.000738880370182478	0.000435522794105298
0.000118538558648604	0.00401516854715542	0.000644539201959184	0.971652163215498	0.0117542229177078	0.0114058032854142	5.54500989608935e-05	0.00026211564056355	9.19985340927587e-05
9.86398441143897e-05	0.0112648689915853	0.00030952375616077	0.952294196709962	0.0196987293761668	0.00607334412465871	0.000743078806374443	0.00185519553513463	0.00766242285584268
0.000100336915468752	0.00030955531508385	0.000461795108718164	0.955588704993082	0.0276424549696154	0.0105218493486216	0.00112945322248729	0.00327432559585883	0.000971524531063726
0.00448536693823715	0.00290488281657615	0.00085825819588203	0.954703557812496	0.0119675381254775	0.0203681761210722	0.00106522686633018	0.00320872440355543	0.000438268720373197
0.00597535057028662	0.0121717183443111	0.00155877499512009	0.946102484471386	0.0175982483739955	0.0155504560597457	0.000441349624115713	0.000499948024079298	0.000101669536959744
0.0107927132492183	0.00211009775748026	0.000616332641364987	0.939776618045512	0.0224123978679227	0.0233525738248729	0.000438342286073279	0.000442495625122038	5.84287024336886e-05
5.11685597141344e-05	0.0108174504953613	0.00137664740834932	0.938126948143436	0.0238396056304173	0.0231071887760663	0.00110090907197978	0.000725540429771853	0.000854541484903667
0.000112587711082325	0.00856639480767056	0.00102796459070374	0.965307657591212	0.0197719916764803	0.000774825074773871	1.95929375306131e-06	0.00396254472622176	0.000474074528103021
0.00712070827859278	0.0158000812655749	0.0017511492264287	0.938036634340598	0.0266691143911195	0.0021157431717491	0.00137156892309495	0.00437086518249836	0.002764135220344
0.00106153924506841	0.0182832372728395	0.00117322433773755	0.960892347912739	0.0113801929982819	0.00457744129507592	0.000268804877331381	0.000854207117132127	0.00150900494379433
0.000170635831669145	0.0252414751532038	0.00189520686623927	0.935887533304283	0.0177887719583287	0.0105501228096048	0.00175477809949245	0.00667396044735613	3.75155298225128e-05
0.000109551607698297	0.00121069152018485	0.000814194738944843	0.946775445455945	0.0272386365114392	0.0172994409296812	0.000949791971965301	0.00310316264172266	0.00249908462241874
0.00161378294215316	0.000165975684794091	0.00724823464096033	0.95350384103331	0.0110037303664002	0.00755111171125988	0.00112100776551304	0.0165838086556845	0.00120850719992488
0.000151829658726634	0.000926261991180139	0.00216370526598133	0.950299096872723	0.0171998670642426	0.0234946726859843	0.00249232407595668	0.000186677244144389	0.00308556514106051
0.00105749744026607	0.00911524298331043	0.00199255538964352	0.958021565615895	0.0176384590307505	0.0115807605788679	0.000208162188012947	0.000230224199923627	0.000155532573330203
0.00923388716144165	0.00560458818836293	0.0013843751475584	0.941613208149869	0.0259532648848463	0.00144371089594959	0.000317657363257021	0.00795160398176188	0.00649770422695316
2.31172551634996e-05	0.000767757185745821	0.00355796437013245	0.941418850519156	0.0206021573646241	0.015216456913638	0.000735054107718424	0.017524779010383	0.00015386327343934
3.16359328199607e-05	0.006488400690728	0.0020040268344178	0.960814875098596	0.0287014315911328	0.00121242700174061	0.000496216516503772	0.000196726790051525	5.42595440098295e-05
3.68761166082685e-05	0.00028538282690742	0.00941554372437423	0.920891061199524	0.0213131068925296	0.000289347022460622	0.00178975693104077	0.0457876815661538	0.000191243720401861
0.00273781288541422	0.000160791155944823	0.00202200155431772	0.938052313326048	0.0279745106532835	0.0196470817871207	1.03560634315697e-05	0.0092222086075047	0.000172923966934109
0.00499784478924456	0.00289291785280284	0.000370554285569947	0.96603679493006	0.0133993693098827	0.0108755757995031	0.000100488962855846	0.00125796092470346	6.84931453775016e-05
1.8513349887432e-05	0.000340540192126915	0.00084501967681021	0.963392709192573	0.0159531196480201	0.016361762436165	0.000613741329459733	0.00233635764970682	0.000138236525250505
0.00115701315489602	0.0138070680385254	0.000851607537919295	0.936247312337445	0.0321809246341215	0.0100486802838149	0.000886970208216294	0.00365006541158039	0.00117035839348147
0.0136198541149716	0.0144692272954743	0.00135315526067305	0.936780090538093	0.0233435466369202	0.00810323263607908	0.000646256393927469	0.000595027232033648	0.00108960989182763
0.000135594074902184	0.0200737712985929	4.43488949759714e-05	0.94814688626234	0.0164884455775569	0.0135505475168706	0.000365453290223062	0.000208286281624643	0.000986666802913941
0.00260629396735809	0.00200292959780203	0.00019961921509805	0.943634942446749	0.0302619208175514	0.0136514495636077	0.00123118304733349	0.00633735361282751	7.43077316722949e-05
0.00272689335556115	0.00176122802161697	0.000571078381356388	0.960407287778824	0.0138685933486564	0.0127626825585368	4.17588903806689e-05	0.00562406885107879	0.0022364088139887
0.000261218794205704	0.00589508886370011	0.00330159552600944	0.946044367002711	0.0166451988232475	0.0125335902464516	0.00160641621746077	0.0131983587881923	0.000514165738022063
5.77159404943901e-05	0.00461178814230568	0.0136729436099839	0.938981287357209	0.0180914967335142	0.00851606152646034	0.00215016861699613	0.0138737024082267	4.48356648094532e-05
3.04613076095579e-05	0.000303164665503253	0.0028699233455015	0.951447882258104	0.0159889021157201	0.0209164994898909	0.000644771266944756	0.00776603378657224	3.2361764153386e-05
7.95091773522139e-05	0.0425013538599694	0.00134576365447609	0.929880317980756	0.0129655674070261	0.00433981527907835	0.00201991160454173	0.00650186644363401	0.000365894593166536
3.20438543518338e-05	0.00449354297169849	0.00471781576507666	0.963039624781449	0.0164950784584917	0.00326289735927832	0.00035034755798777	0.00758041175645663	2.82374952098942e-05
0.000441252620787294	0.00253971972549645	0.00270972445582586	0.961836038027856	0.00944641108372318	0.0186904749398446	0.000637838693067352	0.00280518093535448	0.000893359518044872
0.000136649879817937	0.0120132331886778	0.00247758121961547	0.946661820991474	0.0300408867590524	0.00282041178258008	3.00789508924957e-05	0.00577180866796563	4.75285599240545e-05
0.00118533274484087	0.0211752257654273	0.00146402587250111	0.953581314635001	0.0144629889241815	0.00555884369089452	0.00111495428925065	0.00125880243643612	0.000198511641467436
0.000421922221695925	0.00177677416745103	0.0021446504120821	0.951615571602994	0.0158899999075962	0.0125545292663673	0.00053045725041975	0.00968526451626826	0.00538083065512543
0.00138820633637145	0.000642467093351633	0.000583247282285058	0.952336096308586	0.0218237116798694	0.015059902183597	0.000238412870742694	0.00763872459246276	0.000289231652734488
0.00228784036688915	0.00100889243276764	0.000472390242520447	0.948664755576004	0.017158753605331	0.0253210738530553	0.00177762611743424	0.00263762734692225	0.000671040459075551
0.00223625224174303	0.00854086830149781	0.000965597685374656	0.949112467589067	0.0230298158385492	0.0149394971386816	0.000634826756755631	0.000184802700454896	0.000355871747876279
0.00913777460597493	0.00455072364118515	0.00196260458237561	0.93621322197113	0.0275571897697882	0.00567605598401712	3.51102140790817e-05	0.00019499613130582	0.0146723231001436
5.17013883225876e-05	0.00793151627623131	0.000353700469891586	0.945596502116882	0.0225529418760127	0.0166119464069303	0.000497664004476853	0.00302522239961329	0.00337880506163949
0.00340838032277085	0.000145255795740187	0.000134202096588497	0.946570684635348	0.0225035598553386	0.0232022828936674	9.45108300399825e-05	0.00386802083915782	7.31027313492696e-05
5.12707939879281e-05	0.000460984949972	0.0034995461453239	0.949623202772227	0.0135809008566218	0.0193566435870627	0.00198761304920737	0.0113617446880807	7.80931575163091e-05
4.45842366872013e-05	0.000168999430889655	0.000183337691283898	0.96431742922393	0.0168462451059253	0.0132741708300297	0.000200853648053756	0.000424152309555596	0.00454022752364524
0.00344255608240124	0.0158875285602561	0.000382633303084792	0.952759625477801	0.0142549421553447	0.0116284997342227	0.00125221471863214	0.000309448509513955	8.25514587429471e-05
5.78611116574556e-05	0.00686669537121506	0.000111273984393673	0.94858326149938	0.0250212566439181	0.00164864176194868	0.000963953770740301	0.00933078628456351	0.00741626957218321
0.00111850148462888	0.000799459657080972	0.000379505675842877	0.944431247290484	0.0225968430421289	0.0135893543195928	0.000407348738829906	0.016612106556826	6.56332345858491e-05
1.22082100817685e-05	0.00157245474606264	0.0018897819212123	0.956745580297079	0.0201201226799108	0.00913481246734269	0.000675446804482241	0.00981480569575911	3.47871780697956e-05
0.000665334221797141	0.0105229389401936	0.000728290235573563	0.937572812316181	0.0353860624789288	0.0108419344752872	0.000516250388979377	0.000729988508047822	0.00303638843501128
0.00437301681574453	0.0025738477357865	0.0138749023540543	0.91553353063173	0.0145778666253538	0.000495855596530494	0.00740979048572734	0.041101074861554	6.01148935193987e-05
0.000522829456652694	0.000108484447905253	0.00242464009652028	0.959729589586014	0.0135981530323211	0.0208848028752359	0.00132102077150324	0.00130162225183584	0.000108857482011718
0.00122349761816553	0.0108981837991266	0.000268709850102678	0.955491467923889	0.0127258709364935	0.00705653225848072	0.000685182270431706	0.00150188862286515	0.0101486667204453
0.00014885874083229	0.00254015679129555	0.000501506619809101	0.950416515575858	0.02627362458089	0.0140191083931345	0.000302184207875953	0.000178999053962717	0.00561904603634222
0.00054531896790444	0.000145912124401753	0.00118593917088265	0.950383202316672	0.0231236492528217	0.0193621815827481	0.000304314876232489	0.00255994035268507	0.00238954135565226
0.000172995771825584	0.0389386710890769	0.000751266008428929	0.933647388653705	0.0162954705888522	0.000312113087093615	0.00332880747998634	0.00643492357588517	0.000118363745146663
0.000423253995139632	0.0029614321666004	0.000181549831288642	0.952294888169589	0.0199769968960881	0.0188990578581984	0.000250706504936735	0.000766541841934116	0.00424557273622542
0.000442761435791622	0.00776298918575854	0.000976532903926554	0.948977122353674	0.0180999664133845	0.0114702683394238	0.00104082601077689	0.00338285771997745	0.00784667563728667
2.03164317536659e-05	0.000491088663326067	0.00162477412293093	0.958302063271823	0.0128776754026501	0.000365294159423058	0.000608901096480652	0.0227968327822558	0.00291305406935656
0.00449760930597219	0.000341687012712486	0.00420769105744835	0.951213933321028	0.0217147193083802	0.0154962605747968	6.05494388402018e-05	0.00243415983765386	3.33901431678405e-05
0.00312084417602589	0.000269446811395652	0.000561781159173045	0.945312375587303	0.031832681464233	0.0140374984887188	0.00126104379577536	0.00334934400543638	0.000254984511939137
0.000717681922779139	0.0146926761458657	0.00193154788999229	0.95218162569198	0.0182366005798535	0.0102034682452576	0.00110465697067444	0.000760453559525566	0.000171288994071464
0.00383216019070711	0.0189974600206121	0.0015074488566985	0.941030010958215	0.0209682284917333	0.0066545115411801	0.000947556734649388	0.000641731968083235	0.00542089123812125
0.000135369995664031	0.000264936644579909	6.17191657132857e-05	0.952616361549452	0.0195210325383228	0.0234917286676919	0.00204249360549457	0.00142108103993403	0.000445276793147399
5.57261744956661e-05	0.0228222438211164	0.00144998478075859	0.948385031726712	0.00845218599243887	0.0165875062939277	0.00142569061598882	0.000288915836148088	0.000532714758413885
0.00139311790159146	0.0229848006067174	0.000569533833742181	0.957799537497173	0.0111397917188333	0.00197371370526026	0.00142934003894948	0.0016542711362425	0.00105589356148991
0.00145384966380325	0.000306394214016868	0.000338769518536449	0.963734780457962	0.0133488007377867	0.0120230112909484	0.000134420943156372	0.00257804264919778	0.00608193052459188
0.000488809669557918	0.00174762644394097	0.00123827642756386	0.95533196276571	0.0206115360601784	0.0161664874263305	0.000396867468784018	0.00254972312195072	0.00146871061598393
0.000406809224462501	0.0243685054277815	0.00176616478630787	0.94486293434324	0.0156462539617815	0.0104572018183556	0.000138611843924512	0.000628753579911799	0.00172476501423447
0.00124031233632827	0.000530635079960275	0.000628972160093215	0.957497348578316	0.0132951590078928	0.0240985970650493	5.63675483428336e-05	0.00198807188104297	0.000664536342974043
0.000155382164426193	0.0223465366574599	0.000910406818406437	0.934998825242184	0.0304454524534208	0.00235132052205207	0.000486740647080453	0.00815055217976654	0.000154783315203572
0.00132109605629707	0.0115641361138653	0.000828726362441003	0.947301334505214	0.0215227216217499	0.0122398230832082	0.000722408592161452	0.00434008649877608	0.000159667166286755
3.15118389565611e-05	0.00605691685468213	0.00324535897935622	0.961282698247388	0.0109894795625745	0.00484615020033301	0.000155372867389434	0.012296889542202	0.00109562190711777
0.00179000952249464	0.00256712407759225	0.0251313487181854	0.904564569170954	0.0235571614428535	0.000184374369589294	0.00887771600506429	0.0329350106938261	0.000392685999440624
0.00351242323411582	0.000375181034180268	0.000631466101667819	0.961582072153002	0.014744890398229	0.0171277936129244	0.000431003386991315	0.000106344733066065	0.00148882534582326
0.00145573339405541	0.0123400051514923	9.95873599777548e-05	0.941912405402947	0.02056022615087	0.0225817839539498	0.000101675386600974	0.000173462015104211	0.000775121185002683
0.000382989460468641	0.00246013191518535	0.00181656695800116	0.953630782511504	0.0246471397268551	0.016219871924892	0.000363405182602884	0.000287576571317545	0.000191535749173232
0.00064476000902519	0.00550032815730258	0.00102862087577326	0.956333089227886	0.0153625824583057	0.0186577337992494	4.86664104943896e-05	0.000315316172282596	0.00210890288968093
3.7514795656238e-05	0.000301533739074045	0.00043159503111846	0.965536012820201	0.0180373275205339	0.0140294953712342	0.00141435414448501	0.000187712074893257	2.44545028036471e-05
0.0009481096105445	0.00832020222806432	0.000748173593578814	0.949133222424923	0.0230370544840844	0.0113669620504099	0.00131052789344687	0.00331539125222287	0.00182035646272556
2.50653607111574e-05	0.000251157632965219	0.000700640155276357	0.958584480497865	0.0127697037080783	0.014939999591036	7.27813180818028e-06	0.00885701588954543	0.00386465903271503
0.00772327380697142	0.0218940861098283	0.000573335962154776	0.936443208205374	0.0238907788071428	0.00462606077578467	0.00285984103330743	0.000379421210940797	0.00160999408849605
0.00203723092043695	0.00140462821523622	0.000254199901855679	0.95544843703564	0.0128238327891406	0.0200242126776948	0.000506663168608359	0.00732696253470195	0.000173832756685601
0.00143840301832685	0.000903148281179765	0.0038083212847826	0.956788112005253	0.0128032844623679	0.00345353684305773	0.000844225209832527	0.0198718386557817	8.91302394176937e-05
8.45596234728335e-05	0.000794327222830307	0.00070741639130878	0.952207579369452	0.00982940347482766	0.0139686095075845	0.000119816442942452	0.00601460282738709	0.0162736851401944
0.00559369359760994	0.000388203328732566	0.00258396685650623	0.959360305541182	0.0103860660155135	0.021168206240946	0.000290740706556632	0.000146136088371046	8.26816245821005e-05
3.04760211915614e-05	0.0118810623577716	7.59718740644464e-05	0.945803964916138	0.0186790027617673	0.00518510823451013	0.00208151660681873	0.00337673269003945	0.0128861645376984
0.00651293242519317	0.0259347251656894	0.000418813981426992	0.935544222493557	0.0200703759721569	0.0100268646454999	0.000923070119056065	0.000363080492301123	0.000205914705119698
0.00091721403317781	0.000168323067862642	0.00210788915373361	0.953017485254152	0.0262756573351293	0.00562514925573705	3.70125071448301e-05	0.0117965199626298	5.47494304326445e-05
0.00066623845583118	0.00652952581681142	0.000821846643200746	0.96108941558471	0.0205775928437391	0.00520198656956084	0.000243243825699696	0.00478287615619295	8.72741042536618e-05
0.000137408644342653	0.0227478768167177	7.63960220420443e-05	0.959107021554507	0.013730495817646	0.00164657889865285	7.02251010165531e-05	0.00125929745895503	0.00122469968611982
0.0210918634149274	0.0034336828133404	0.03910634311458	0.880849476361162	0.0212555876455704	0.000169412638704191	0.00323806845545367	0.0303076913302929	0.000547874225969036
0.000841588842658793	0.0115109996990772	0.00134425160375567	0.93701712458616	0.0225507658443502	0.00914998854410504	0.000380342196919173	0.000236320690723736	0.0169686179922501
0.00013054547126437	0.0325980151240969	0.000226487250622766	0.932874101349841	0.0272727386180648	0.000285418231910342	0.00330106759789637	0.00308013366644529	0.000231492689858026
0.00498710849168469	0.010346006188224	0.00302223246932512	0.952031407625617	0.0159800244042691	0.00336973762385696	0.00106615222752163	0.00670669209968567	0.00249063886981644
7.33175984763447e-05	0.000396261365836168	0.000359697938365415	0.953054120286696	0.0232640232602395	0.0189514333239232	2.99699659594741e-06	0.00276330005733383	0.00113484917253336
0.0002578348868849	0.000244830927413105	0.00641064571060943	0.942211983131337	0.018648495230993	0.00652872949684323	0.000903855550350108	0.0242742559640593	0.000519369101510169
0.00114856033495399	0.000797958789181034	0.00185359200663827	0.960891557598649	0.0153007094065247	0.0143711090544624	0.000565697766671517	0.00498976657905896	8.10484638599067e-05
0.000103311103295367	0.000654627996681183	0.00260698899664714	0.936722339184301	0.0226379742709094	0.0295112988648651	0.000618815075888195	0.0062774320816033	0.000867212425808947
0.000107029400610254	0.0001800436732416	0.00113507029642697	0.958607535909718	0.0190735273897086	0.0180905306766965	0.000602753454603408	0.001962442990473	0.000241066208522127
9.73652399786549e-06	0.000215297052011792	0.00307290429239034	0.936054950940981	0.0396787015825337	0.00741367194794814	0.000884170677797971	0.0126068795045486	6.36874777901363e-05
0.00272912988123977	0.00072244028534659	0.0008753379070717	0.961128598939607	0.0185791051833643	0.0135655680098376	0.000260293213635973	0.00201262095991568	0.000126905619981435
4.25091648872451e-05	0.00994045105410807	0.00201057719671058	0.952918872228243	0.0147340343320286	0.0152293255507101	0.00120562155146771	0.00327583567417641	0.00064277324766786
0.000161877969577427	0.000469975346118917	0.000315396983687929	0.939995235678673	0.0245345295909671	0.00711644182390944	0.000598393873105666	0.0119349597743394	0.0148731889596208
1.97001385393604e-05	0.000360878563230603	0.00115791610464086	0.96182845244427	0.0104568179322602	0.0201993123837475	0.000454027228103712	0.00550122539798237	2.16698072250952e-05
0.000463662639664624	0.00746189240607621	0.000370043166601073	0.943070990653168	0.0141948705658605	0.0266342828469865	0.000459882984562972	0.00358527732999757	0.00375909740708263
0.00197971476113192	0.00190531076879242	0.000469225056129238	0.949781143585945	0.0287222296383557	0.013060839441439	0.000253961240438987	0.0025800284093116	0.00124754709845628
2.90286867461993e-05	0.00156231557471982	0.00120655212568546	0.947399833087188	0.0260173451592709	0.0223843429601763	4.47971545728213e-05	0.00117932837256902	0.000176456879071645
0.0001493985645271	0.000676065006815804	0.00128181386786873	0.954841416434995	0.0253013925463009	0.0166051560634168	0.000817304942972644	0.00023443820329349	9.30143698095997e-05
8.38750379109514e-05	0.00229321519399899	0.000424044479210279	0.935126982062379	0.0382579642972	0.0180341470294054	8.65223213558489e-05	0.000191312723891179	0.00550193685464797
0.000731377933122399	0.00139052382653048	0.00384013753006456	0.954983400381501	0.0145849477466344	0.0240177637003637	8.26118189230963e-06	0.000276663929375848	0.000166923770515708
0.0018058360037602	0.00144632547188888	0.000407644602923933	0.960959480645914	0.0190915602134239	0.00801946363560724	0.00110384688168685	0.00590446247252253	0.00126138007227294
4.28021410764778e-05	0.0044015426970451	0.00491696012247438	0.951224931441784	0.017403070059721	0.0108087437287814	0.000903677098036605	0.00373098536747963	0.00656728734360169
1.09578046278136e-05	0.00799504457819141	0.000480145884791882	0.963344286817805	0.0123709527694046	0.00119795555677309	0.000943134079028237	0.00814439114526896	0.00551313136410928
7.87526054601741e-05	0.000303552462445648	0.00165208781351217	0.950814492558489	0.0225516533050226	0.017357373275601	7.87792489483576e-05	0.00711928724625635	4.40214842648748e-05
0.00827037354161595	0.0116031541038676	0.000326905645623502	0.949746993975541	0.0143111372021541	0.0135550968983761	0.000324938190979095	0.000880605541834864	0.000980794900008006
0.00123567108660171	0.000210350820354804	0.00161540023293133	0.951408394809855	0.0227212857565337	0.00790364736077996	0.000295714257166298	0.00951695076808154	0.00509258490769623
0.000147957539382346	0.00881702696391716	0.000818209358687898	0.95384358124553	0.012785581304052	0.0206280542621117	0.00109550202856716	0.000593318290886507	0.00127076900686493
0.000407861394895423	0.00326069495961081	0.000590786489528359	0.94718450025753	0.0287733262288332	0.019426887685932	7.23122267980983e-05	0.000233783426380108	4.98473304922318e-05
0.0006490061296541	0.00422672895954797	0.000750087506134584	0.95678969861159	0.018064606608369	0.0110291814260318	1.68544145131563e-05	0.00206886203186182	0.00640497431229734
0.000422899671433845	0.00261271776105881	0.00144961083886665	0.958007916109767	0.0172440527765043	0.00350787271276334	0.00071716716576756	0.0160179513058175	1.98116580212773e-05
2.44207255820854e-05	0.00605643782381423	0.00284089632068966	0.956005106372859	0.0172367578608438	0.00292406985262583	0.000836320464308693	0.0136884787142156	0.000387511865061387
1.52451022245721e-05	0.000431015969446694	0.000328617534914947	0.947128680764416	0.0251842838905482	0.0238331692488831	0.000547379609873231	0.000196445330938652	0.00233516254875506
0.000108066104716242	0.00762519788682091	0.00102807708524145	0.962836497390229	0.0160809901595789	0.00937617681980475	0.000598802786512137	0.000863479049378073	0.00148271271771859
0.000149341647051947	0.00532444432812448	0.00102593219815696	0.948982332619002	0.0183483344221946	0.0105783409954496	0.00102891148583387	0.0142736247825732	0.000288737521613354
0.00874956938893774	0.00325117250709124	0.000870733701417511	0.959165844171439	0.00858420651302268	0.0166823198561974	8.1759021501515e-05	0.000397446544328861	0.00221694829606413
0.00243043244914958	0.00151257510816292	0.00121104224772701	0.950338724124219	0.0189990854313329	0.0230698123965822	0.000173738075664075	0.000898871174592467	0.00136571899256987
6.22309132405054e-05	0.00117845104125677	0.000679122789362185	0.949969658969869	0.0227851574816349	0.0180601853581769	4.79959605798992e-05	0.0069730302070341	0.000244167278846014
0.00171837065284492	0.00976667695558061	0.000611995178686625	0.946346463384395	0.0162681592267445	0.00967162017918894	0.00123933775755299	0.0057152827311301	0.00866209393387644
0.000110042260473849	0.00788317271679847	0.00201409167408489	0.955682159230457	0.0150720407242326	0.0117058536439708	0.000890518564218192	0.00121563760226494	0.00542648358349912
6.35957347013808e-05	0.0270362631356753	0.00110363203587272	0.95117991667879	0.0113631047150852	0.00721259495454076	0.000191984610498452	0.000248460950655297	0.00160044718418125
0.000174850815837483	0.00537438348586044	0.00305723189265319	0.951575789190463	0.0134043623648046	0.0154868829952095	0.00103135882064789	0.00984836279021462	4.67776443090313e-05
4.40040145341186e-05	0.0247944402443145	4.11045268765499e-05	0.940577800570622	0.0190234104166958	0.0093431292081001	0.00230625896512901	0.000268893806636152	0.00360095824709149
0.000405897446153576	0.0119533195331844	0.00104208193921664	0.962353652114031	0.0119454733623871	0.00132760185718814	4.39053702464263e-05	0.0107948388582641	0.000133229519329135
0.00801497770514769	0.000659007114606608	0.00793727413894178	0.931498457581767	0.0225965605283704	0.000603560969406313	0.00141063620342563	0.026810952149501	0.000468573608832947
3.34977842403907e-05	0.00591656634598704	0.000170376073630403	0.958118098998712	0.0149250145361609	0.0135160113033795	1.91951121013564e-05	0.00468820403906045	0.00261303580672825
4.10355750663595e-05	0.00151548898275066	0.00279661407074372	0.954221712661619	0.0313249768901372	0.0013245735003307	7.79508536424967e-05	0.00864104066471025	5.66068010000688e-05
0.000370977417521108	0.00222678385944384	0.00138730350650076	0.95717612014274	0.0234344856863082	0.0103371255342151	0.00101547392883402	0.00100641722049452	0.00304531270394241
3.99799046078561e-05	0.00426890061832424	0.00370205913003492	0.957692306247506	0.0200649496688039	0.0113172365241236	0.00134492981018157	0.000989173223413689	0.000580464873004114
0.0046794589357281	0.000335953216136261	0.000929937162128957	0.942560723871413	0.0229371238079313	0.0192254952931538	0.000230036258471723	0.00555035531969679	0.00355091613533986
3.14245505551211e-05	0.00539873061529377	0.000312364924602149	0.95172906828272	0.0143296467587209	0.0249213488957029	0.000407550088990657	0.000329679198297052	0.00254018668511697
0.00270594068779608	0.00188330223255519	0.000241247733122221	0.956664637239454	0.0240993853015219	0.00683653816598687	0.000169889919625591	0.00458143320130055	0.00281762551863791
0.00624625349596883	0.00630382767916218	0.00278645989718556	0.951155303092952	0.00986174928091985	0.009158866867098	0.000549187329664093	0.0126597438138298	0.0012786085432201
4.12356367122314e-05	0.000219075632730043	0.00134067633953898	0.942217889813594	0.0274035115626619	0.0283591408303394	0.00025133445136668	9.99559984187721e-05	6.71797346380605e-05
0.00366035190575749	0.00424523648339613	0.00105015705346314	0.945381731436983	0.0263252994957476	0.0118676944189574	0.000814556480065369	0.00659302859978803	6.19441258418478e-05
0.000584773457842981	0.000365193014301645	0.00208836920026446	0.957136193389144	0.0192783718396151	0.0147076520570761	6.22184887486702e-05	0.00517822012952873	0.000599008423478075
7.56362460382402e-05	0.00372253248277883	0.000408103897822665	0.945868823272886	0.0302096321143115	0.0141996297877909	0.00128550989866995	0.00390467302390866	0.000325459275793246
0.00482676678429386	0.00517392203489188	0.0127205227070423	0.939769000465477	0.0140368399505842	0.00157442474274527	0.00295615428340434	0.017810394513344	0.00113197451821708
0.00817588405218425	0.01134980118854	0.000640156849723382	0.95642056833348	0.0149659369787389	0.00459738038155608	0.000328471896701434	0.000234244464000155	0.00328755585507611
8.32399030055575e-05	0.0109086892735639	0.00386202338368995	0.951880670008104	0.0246748165759909	0.00611429198510514	0.00121678179138989	0.000407779806730502	0.000851707272420548
3.04508855363198e-05	0.000142000860369832	0.0017206997836763	0.946943299524874	0.0322049539962195	0.013462948960744	0.000158801574634053	0.00525744328027268	7.94011336734161e-05
3.6402513707518e-05	0.000291212274975069	0.000286125708414322	0.935443710424367	0.0333699159335182	0.0235810535299002	5.89384252118418e-05	0.000221037449351821	0.00671160374055393
0.000115419641091835	0.00856850344758929	0.000302627857885984	0.951065969899824	0.0242593719441012	0.0115007739994706	0.000186680145286301	0.00102102163099411	0.00297963143375674
1.99297170275744e-05	0.0235200989619912	0.000869048519727635	0.945837260514298	0.0202963882145758	0.00777463174235147	2.18849483382049e-05	0.00117636436567659	0.000484393016013298
5.02943617453905e-05	0.00832519342288489	0.00137708144403802	0.928350695223515	0.0311627984623999	0.0217747301463832	0.000352702444747107	0.00174096693801032	0.00686553755627645
0.00962690015919277	0.00159002300114517	0.00262059208912084	0.938037313707941	0.0226677326195903	0.0226768931208405	0.000840456899137574	0.001866121969502	7.3966433530462e-05
0.000170962155788882	0.00048885885065128	0.000267958905161973	0.954178839699858	0.0202308454490164	0.0211140222619414	5.43474481050636e-05	0.00334572370266774	0.000148441526809334
3.58837019176277e-05	0.00173175287389216	0.00054377916094829	0.957623369159913	0.0135540310733863	0.0260974690422866	7.25464585118862e-05	0.00010994091303362	0.000231227616110858
0.008643960780212	0.013631370427513	0.000861591032116857	0.943737665115728	0.0185273814594625	0.00518946707827323	0.000861549348716582	0.00205302092452031	0.00649399383345737
0.00048912175942155	0.000885014973850531	0.00189024298519764	0.940091412214987	0.0299989788194705	0.0207829060423877	0.00101068933896319	0.00477362383772867	7.80100279925644e-05
3.36237321423806e-05	0.000191581504127335	0.00837097297458231	0.925149103471981	0.0293823570775252	0.000128855927516381	0.0117251706303241	0.0238715797096755	0.00114675497212594
0.00109656301150566	0.00421584106078071	0.00161049920271041	0.942724847886185	0.0238353365291285	0.0195096252919185	0.000937198901719057	0.00473558457163419	0.00133450354441768
9.24473081256547e-05	0.00339238561314161	0.000584535093142769	0.93959378556423	0.0365081811255061	0.00593148226640353	0.000608337755815866	0.0124078179768335	0.000881027296800627
0.00348164677382397	0.0169069102670453	0.000907332072654939	0.944569209774992	0.0260897041368853	0.0075704259325088	9.17895963856159e-05	0.000170946883651925	0.000212034562051894
0.000170343146932494	0.0044281489443337	0.00287417554696931	0.954083923512973	0.00980698874933326	0.00109615502146767	0.00196385483757416	0.0251581847597103	0.000418225480705679
0.000246598423867491	0.00993509493376298	0.00110300194614766	0.941273212287143	0.0175548943537964	0.0163572923542519	0.00149611026300893	0.00140498666926189	0.0106288087687593
0.00214374011974568	0.0211568110842008	0.000508635485907142	0.951155720526595	0.0198283541548679	0.00202500250511299	0.00108122315843782	0.00204494285654001	5.55701085928569e-05
0.000765709352304267	0.00337593957082278	0.00117311870969241	0.93161940400987	0.0407658333507841	0.00667492908988771	0.000513394873583499	0.00774731092791705	0.00736436011513776
0.00239132801512597	0.000227393823520238	0.000949015989976511	0.951056126829377	0.0210939109647874	0.012275057457056	9.01844658679422e-05	0.00619615830132117	0.00572082415296787
0.000367824409690193	0.0198469742163593	0.00126690719217954	0.964055986355083	0.0120696220914866	0.00175677166173419	0.000254326385829257	0.000262577071362241	0.000119010616275753
0.0072727432548627	0.000436323726129232	0.00134535258290394	0.950533577972284	0.0227933884880886	0.012761348713921	0.000460590373924985	0.00423703979288624	0.000159635094998996
0.000225093439419969	0.000246629137749647	0.00272924203604558	0.956136166684831	0.0134639229109717	0.0253477849244079	0.000173172983409246	0.00134588899733136	0.000332098885833202
9.93214463721646e-06	0.000136477219216797	0.00271265477382806	0.956306615116502	0.024543469974684	0.00763672344004545	7.52374638495576e-05	0.00856915580240392	9.73406483287179e-06
0.00734025318129436	0.013769794634552	0.000542194204496853	0.948113992573769	0.0129909104210898	0.000263561841050919	0.00128516836923335	0.0155333296153995	0.000160795159114688
0.000188617644269904	0.00192900495581125	0.00262188435367499	0.94650936164295	0.0266151030536419	0.0215216555562996	0.000127571001847698	0.000393566608499903	9.32351830050606e-05
0.00223095323973587	0.00499251178401992	0.00189618683541304	0.945227164178881	0.0209571296945555	0.00952435936450919	3.41920001712371e-05	0.00471224707364285	0.0104252558290718
0.000161492355823889	0.00385859249931825	4.83629883605283e-05	0.945622489575249	0.0183098175126299	0.0287775825406864	0.000259753033278457	0.00013457396171633	0.00282733553293744
7.78224751596139e-05	0.000140594314998599	0.00117598233229611	0.950562924325716	0.0292564583025057	0.000289394720100265	1.49295432128283e-05	0.00977274985878059	0.00870914412723
0.00477560718100599	0.000186381724117184	0.00103639599748714	0.962913696793292	0.0118765235983795	0.0105334622661364	6.5600806966516e-05	0.00838525053591862	0.000227081096696946
0.000114460082493855	0.00195205870615183	0.000535848508429332	0.947858282148028	0.0215519105198121	0.0151659082641877	0.000381808281483676	0.00621601154771395	0.00622371194169921
0.00505561138332364	0.000215127527804858	0.00479203492638373	0.953310578211084	0.0127896209974173	0.0163307433487606	0.00100980935804124	0.00642495328709368	7.15209600910882e-05
3.41688110716007e-05	0.00414304560188608	0.00101165693905217	0.952751745118519	0.0123068519658013	0.0200668926391188	0.000629326639204701	0.000485118490227909	0.008571193795118
0.00999841770672915	0.0262019030009517	0.000355341564713125	0.94165856595136	0.0140875674445697	0.00597861192565681	3.60316267757776e-05	0.000370671229194429	0.00131288955005
0.00187487759252807	0.00205219054703623	0.00075736813653021	0.939184342041936	0.0285901386522149	0.0111010725071009	0.000712052631548985	0.00885422663467494	0.00687373125642948
2.86043148170223e-05	0.00293442643962632	0.00163204557127233	0.968109029507476	0.0146486454869437	0.00477810417839098	0.000249757008338037	0.00759865217426566	2.07353188703341e-05
0.000581865444658457	0.00906808918754805	0.000255092161879298	0.960724081784728	0.0159958036926629	0.00125226635984664	0.000288745103558329	0.0116221729481688	0.00021188331694933
0.00709743493484268	0.0120405431331197	0.000584061298077858	0.950429352503758	0.0155596493671945	0.0109484180447478	0.00102492165850456	0.00111546530137274	0.00120015375838219
3.27958297879406e-05	0.00154111183765683	0.000525802048760126	0.964455584292785	0.0118541660011019	0.0204006130393991	0.00071456426502965	0.000110410388530198	0.000364952296948907
3.7849835106453e-05	0.00012146540628499	0.00190241170304118	0.957614265632657	0.0168142590291338	0.0206714516967722	6.24875164841261e-05	0.00259795636226168	0.000177852818258783
3.85113425749712e-05	0.000419222569270875	0.00115471600926835	0.947934235053422	0.0233984705713048	0.0148213710698774	0.00102389841784249	0.0101874607226458	0.00102211424379288
0.000141568365820451	0.0069052655370054	0.000157491651132798	0.958308287699216	0.01496458156687	0.0173323467541493	0.00142746029990949	6.75703250948404e-05	0.000695427800801742
0.000216714932947642	0.000662257475643422	0.00214420750052331	0.954297064572934	0.0180056418262191	0.0204201807509765	0.00114501198743748	0.00114650842364203	0.00196241252967693
9.07903784417768e-05	0.00069216779811308	0.00520658098149224	0.964755749588921	0.0132335132281032	0.000240924264993002	0.000196438941065167	0.0155307986411319	5.30361777389403e-05
0.000390843966335713	0.0046673757956454	0.00146133022649449	0.950839890756062	0.0195535779796373	0.0170600480800202	0.000668372104724646	0.00517304411196527	0.000185516979114636
6.01838167952186e-05	0.00468250459526632	5.38066443220716e-05	0.955496657379108	0.0191294111920009	0.0134339501346447	2.9066523589359e-05	0.00446178937083588	0.00265263034343703
0.0011231836124856	0.0129284760104835	0.000515810371834944	0.954224971693657	0.0210207249301819	0.00870851818972246	0.000564781500343385	0.000842943296709814	7.05903945809641e-05
0.00364851599400487	0.00291252885554294	0.0011998302285188	0.93899809409072	0.0351945375968819	0.00776430972910144	0.00141120433914249	0.00848999717484009	0.000380981991246945
0.00104666357802127	0.0177200425354257	0.000450176678881301	0.957862990946528	0.0119849644986751	0.00492200610974868	0.000511766995299372	0.00515172260656398	0.000349666050856313
0.000134824363990182	0.00417088537626118	0.000954790731861115	0.969505743837164	0.0140312799503028	0.00435331439233415	0.000380163908951249	0.00538544896129451	0.00108354847784054
0.000134268400495617	0.0161740478354762	0.00189873405045063	0.951390302839235	0.0171787818827211	0.00953342172378529	0.00100025304748277	0.00141041964751895	0.00127977057283474
0.00130806625859978	0.0238246581768434	0.000500515421031073	0.95536641237766	0.0134044867076291	0.00421201427899577	0.000529872495777556	0.000336541509372352	0.000517432774091449
0.000617669793451	0.0199046150013025	0.000488806587502169	0.949448074138098	0.0183198981776581	0.00311380811019817	0.000384066152304372	0.00523094821997053	0.00249211381951561
5.06384278829832e-05	0.0112979565343666	0.00160528174555286	0.954488877111268	0.0249344564187509	0.00601382380287461	0.000923457497822436	0.000543952861009997	0.000141555600472149
0.00442021575370811	0.0194862255523479	0.00159696857429279	0.937791724182566	0.0183734444269668	0.0121975777703484	0.000450644672729778	0.00511675689370697	0.000566442173333288
0.000174515169941134	0.00464084252000253	0.00120566217903264	0.961647107746489	0.0157880454423242	0.0095264326096891	0.000628632660376852	0.00522570837344351	0.00116305329870091
0.00143854654475829	0.00642055082233383	0.000319492993765227	0.957599783953558	0.0163304243241724	0.00657338384880254	1.50616978039873e-05	0.0112105887092276	9.21671055779557e-05
0.000417291989448106	0.00824147829820382	0.00177900692699046	0.948084354451772	0.0224951626297489	0.0109373195674113	0.000504334502847735	0.00519904618954353	0.00234200544403406
0.000535497270174095	0.00760519094726125	0.000121371954534135	0.962337521556213	0.0176188611779031	0.00870390825070253	0.000141828343661208	0.00139857517429389	0.00153724532525705
3.23864444980781e-05	0.00360074693314838	0.00115950494262834	0.954446602102428	0.0262303091566616	0.0103720048763422	0.000599143410275544	0.00348292914384085	7.63729901773241e-05
0.00159824600797368	0.000750402241255945	0.000124854977001131	0.941789540248941	0.027569210774295	0.0225659991739389	0.000935535003038392	0.00210337428081019	0.00256283729274626
0.00528561872950334	0.00283853858280848	0.000688928407664678	0.946322409741318	0.0262163421542645	0.0100971658141269	0.000358153351556713	0.0072031976622447	0.000989645556512946
0.000133418737711317	0.0226475139482503	0.00141485971590932	0.937392961943908	0.0323980451870674	0.0038670441414256	0.00015899403082099	0.00043912783391127	0.00154803446099568
0.00791305669836369	0.000168835667763673	0.000294523248415718	0.947697190427764	0.0235042087173892	0.0112908719601925	0.00100321969864684	0.00798190792809376	0.000146185653370144
0.0186618014420412	0.0222803846755591	0.000295078955586841	0.931952079346739	0.00972502917029792	0.0112280528431207	0.000454536931624305	0.00528207933371959	0.000120957301310935
5.6477688584749e-05	0.00173926204433632	0.00214052849283271	0.956467253276603	0.0128471526777464	0.0233330379026303	0.000384127586279989	0.00294997469118889	8.21856397973508e-05
7.29948706033173e-05	0.0112869087125678	0.000117166549514024	0.956195318469074	0.014998306301029	0.0165316926617676	0.000124774635489607	0.000526244696625654	0.00014659310332877
0.00110605596672117	0.000491847631178217	0.00193657514545106	0.944632980951779	0.0262837814835936	0.0206747124313577	0.000193288495682477	0.00365117795929961	0.00102957993493752
2.98414173660044e-05	0.00328805274855248	0.000394756279156041	0.91465588593852	0.0342312464043877	0.0237756489843428	0.000837578170763656	0.000647602816562136	0.0221393872403492
0.0153961766420839	0.015003638389984	0.000402360880851344	0.936530521948524	0.0171850757665667	0.0082495435856435	0.000515973861087466	0.0031790651152739	0.00353764380998537
0.000388305617492546	0.00112551351443989	0.0014323797063007	0.958290865097009	0.014850140595733	0.0152509653822588	0.000822817017583571	0.00733344880023656	0.000505564268946058
0.000640541873694241	0.000108940030309754	0.000844731956183216	0.953827927230431	0.0232920990782589	0.0207678044110109	0.000218833128052018	0.000231343371049061	6.77789210107626e-05
0.00174474888114186	0.00864051937218083	0.0201108047610375	0.929658361581209	0.0149332705356946	0.000565594668370243	0.000476631963288928	0.0238012881805671	6.87800565099513e-05
