Bcells	CentralVeinEndothelialcells	Cholangiocytes	Hepatocytes	Kupffercells	LSECs	Mesothelialcells	PortalVeinEndothelialcells	Tcells
0.00153821569407977	0.0402849520774271	0.0502649149665079	0.844038488560575	0.0307356108584731	0.00320465792244629	0.0176259776333131	0.00586356084847156	0.00644362143870589
0.0165765227557661	0.0261663906156702	0.0470281181490751	0.827937747571562	0.0333013626313081	0.0184396662573775	0.0107744416336029	0.00729757930671295	0.0124781710789253
0.00696087959617734	0.0242745366552105	0.0418112756190576	0.851372475651241	0.034878125606084	0.0249762300146674	0.0111565964797214	0.000592225797464796	0.00397765458037548
0.000496576537369742	0.00273375121510691	0.0408065531924954	0.864828579652252	0.0202512581886621	0.0412646865212898	0.0129315916510755	0.000731568425617918	0.0159554346161308
0.00264585681099949	0.00888929251053784	0.0393375563700438	0.869134027524197	0.0171760005220208	0.0310354140672706	0.0123101486173909	0.00504939679012821	0.014422306787412
0.00122070063599429	0.00873068905126133	0.0457532577451199	0.888618086043646	0.017837660452198	0.0172947807527163	0.0128457429772863	0.00495429670335323	0.00274478563842512
0.000732850072374801	0.0243325956770035	0.0391027714633173	0.851267327350256	0.0293072899232849	0.0118672248748493	0.0147153802830472	0.000619911813151919	0.0280546485427148
0.0170086029013987	0.000832613132275269	0.115795043027466	0.762128510819306	0.0148189880096346	0.0051428806403875	0.0223189518713929	0.0554512354655402	0.00650317413259869
0.0115976743073818	0.00228326518590662	0.0434112982093461	0.795150548146751	0.0384674199653498	0.0337662928560682	0.0110595611844507	0.0127248874089739	0.0515390527357725
0.000789610262568118	0.0351512659271688	0.0426340062470625	0.841032140223495	0.0397592349742508	0.0105642178328182	0.0150516453943361	0.00224269976299213	0.0127751793753086
0.021445952401068	0.0317081935464348	0.047740177691456	0.84148646661991	0.0330017064906661	0.00376069232775737	0.0131785412038406	0.000233080745964288	0.00744518897290318
0.00119868232624057	0.00068876353235326	0.0370408264087938	0.832398437416308	0.0544357371439642	0.0292575732151141	0.0138123781323693	0.00052422229095617	0.0306433795339005
0.000522648236917534	0.0107628973158012	0.0442557370603665	0.853954586562614	0.0428290540462459	0.0179371908890399	0.0113867679712821	0.00724488408101646	0.0111062338367166
0.0226977446099642	0.00124935724285803	0.0421144252631094	0.829303380383266	0.0443742462883357	0.0462280687337532	0.0131341300255099	0.000177657931532301	0.000720989521671411
0.00358761882630533	0.000668869006205291	0.0531912131500325	0.828941427553375	0.0308029254310378	0.0550834957878481	0.0137171355892998	0.00899058576977959	0.0050167288861164
0.0110787852434958	0.0191540710836447	0.0414992069576309	0.859781445577171	0.0191139766382606	0.0245672440897872	0.0127417351878577	0.00543989279663748	0.00662364242551481
6.60420851135436e-05	0.00971985887480483	0.0525632625967198	0.854548752946284	0.033087360212281	0.022615405700099	0.0160076912073197	0.00929879344700424	0.00209283293037438
0.00370677824311336	0.012639810028096	0.0468688010247698	0.832482643269888	0.0362814372875432	0.0282678387978843	0.0156554920802723	0.0117097151765689	0.0123874840918645
0.0268782573003875	0.00554850897295784	0.0443716291564818	0.844788523427554	0.0126751356236858	0.0342459500778491	0.0126207037869446	0.0024873622806028	0.016383929373536
0.0208385239344341	0.0276721359771294	0.0403141548771425	0.84372183163161	0.0314612838585671	0.0231071756822542	0.0107142534987881	0.000654939344518984	0.00151570119555544
0.000640739675260384	0.0349098691915761	0.0463131119590352	0.852194074586471	0.0355525928247155	0.0118779885339327	0.016061810486924	0.00103624872408848	0.00141356401799628
0.0159740351621335	0.00423939830593368	0.0491191955144054	0.826663967698436	0.0409567643346469	0.018526475112487	0.0131490376751961	0.0104660229780397	0.0209051032187221
0.00121020703975753	0.0148523726304828	0.0492036488863432	0.828811946168246	0.0371401870511628	0.0383094119885768	0.0146398821409125	0.00142746788939376	0.0144048762051245
0.000626070368979936	0.0251108191048012	0.0343498998575414	0.870491233048709	0.0154825065705348	0.0167031010940866	0.0153500377055355	0.00856127921421952	0.0133250530355916
0.00104925109793729	0.0459411124422166	0.0392270838388953	0.840463553286561	0.0294241895072628	0.0124092084115633	0.0149915450346712	0.000208058516281723	0.0162859978646108
0.000744655177433982	0.0271773621063993	0.0458031988435672	0.816579310821182	0.0541692706335953	0.00598501490186875	0.015182358890591	0.00161309139711007	0.0327457372282527
0.000441930597743531	0.0156399850916981	0.0502085584053678	0.87589569606272	0.0175645749089203	0.0226916206573887	0.0122793462417406	0.00324967550712085	0.00202861252730031
0.000702542978916863	0.0146027262920111	0.0528358957129844	0.849780841310674	0.0361496857807363	0.0138638239360947	0.0133168427198377	0.000177868887832846	0.0185697723809122
0.000917074006604761	0.0241228237941566	0.0424626861374315	0.841701635279371	0.0455988301388446	0.0110738748707847	0.0109410451623284	0.000934480987951333	0.0222475496225268
0.0519481499188413	0.00155628752937717	0.0500410076500842	0.798749429576379	0.0365592807355853	0.0463320974193607	0.0109676441685877	0.000317273842996227	0.00352882915878841
0.000383964687717268	0.00122577301486075	0.0631198743186628	0.833974224116237	0.0535747619171325	0.0234762211090491	0.012176839357888	0.0116189237017218	0.000449417776730422
0.0176918260650623	0.0046438910490778	0.0428365715399824	0.882227531387137	0.0111468100775165	0.0163944052393838	0.0145841120979497	0.00620525631936442	0.00426959622452581
0.0100535803511087	0.00655444284933916	0.0439800481469181	0.843975055225037	0.0356024317674769	0.0347225253939179	0.0124507690638911	0.000488725427737307	0.012172421774574
0.000308555672557001	0.011414518310973	0.0425160998498221	0.824250582815046	0.0417241283461195	0.0480264771173495	0.0147733729445078	0.0019591486066491	0.0150271163369755
0.00454007549337305	0.0449467313239625	0.0407659717792492	0.842754259172672	0.0242381515607647	0.00587964083667568	0.0204462614411507	0.00367668110019438	0.0127522272919578
0.00346282168481124	0.0259079630504735	0.0383685279045757	0.821812473310282	0.0482433143950037	0.0198451884275513	0.0116974845810243	0.00522044101984394	0.0254417856264349
0.000254594631504383	0.0125211359850185	0.0482594042441286	0.846775390500392	0.0365377753501946	0.0227605064338629	0.0145358013431397	0.00874788076871278	0.00960751074304651
0.0116780192357872	0.0383492120587193	0.0386772583461544	0.825901935017392	0.0552857262095284	0.0161479572668603	0.0118788791345504	0.000352365901702717	0.00172864682930558
0.0209624109454907	0.0137866695946906	0.0471169302422597	0.82872730110575	0.0403649432174298	0.0301450618729438	0.0117229130896597	0.000169415738788716	0.00700435419298692
0.00070559658036368	0.00287908047440478	0.0473144051229875	0.818211015577386	0.0482413970257814	0.0455892454851308	0.0156176343399484	0.00370476892266248	0.0177368564713356
0.00123743940873886	0.0116684754029262	0.0689437754351193	0.833006128043205	0.0254738781342666	0.0042465758901884	0.0162944412267483	0.0287502787781274	0.0103790076806804
0.0231925389115803	0.0191162102300241	0.0458983629615657	0.823260830020794	0.029679828829224	0.00291369222838147	0.012011218869318	0.0117561053083034	0.0321712126408087
0.00495757734392371	0.00151156346554673	0.067699669603508	0.845497737452728	0.0114534715869193	0.0140603899990374	0.0111818021915102	0.0268005421245738	0.0168372462322533
0.000516405426009926	0.0183105066474021	0.0384880009180714	0.869280999095291	0.0270650311529632	0.0260019766381284	0.0144195232207538	0.00352888513597132	0.00238867176540904
0.000124180586117777	0.00428300625183643	0.0642380466464535	0.848380244861009	0.0144311490958735	0.0213561505689653	0.0117674396565884	0.00863028115254899	0.0267895011806068
0.00993349247943537	0.00392011988387356	0.0411191849825381	0.845805727082402	0.0334251472905297	0.0386608131887111	0.015587932274102	0.00278405904724478	0.00876352377116353
0.000328907629877706	0.000618029910080316	0.0568008103791503	0.876035359968764	0.0215873510039099	0.0200712633215893	0.0186747363027044	0.00539781735640114	0.0004857241275231
0.00243654720288807	0.00183157034445193	0.0823438408316806	0.790239416617833	0.0244026063504241	0.000335055422979581	0.019024641822013	0.0599335042327506	0.0194528171749789
0.00148789351596534	0.00210684458602485	0.0549575275178239	0.822447943341844	0.0523247683762123	0.0331664994616833	0.0124954735047946	0.0183976693103473	0.00261538038530457
0.00209964379712834	0.00186052657501346	0.0473345328503312	0.842469583805272	0.0372719620446132	0.0369732186391513	0.0128170137032301	0.00225581608834047	0.0169177024969195
0.00443997218976851	0.0225109461181615	0.0494533194887877	0.858398229746943	0.014565563580543	0.016405377372302	0.0141872106570607	0.00742844671013889	0.0126109341362946
0.000432761081552353	0.0237066369575626	0.048848028800597	0.852418690253034	0.0297899428497413	0.0131339706690805	0.012409776648719	0.00867013256108625	0.0105900601786271
0.0028839667835536	0.0232398196176808	0.0489721460505496	0.86742714439949	0.0388818304641661	0.00280042107866228	0.00983742046845451	0.00113692117234868	0.00482032996509494
0.0168864500060582	0.00409267739493727	0.0452797587642833	0.805809977401457	0.047016986492518	0.0455185376204	0.0141363730793136	0.0001506408802657	0.0211085983607668
0.0293465426736297	0.0317049985040405	0.0410168562060324	0.810827041701899	0.0439059771437131	0.00191926380030109	0.0143896658244905	0.00475400720412711	0.0221356469417668
0.00117071431615965	0.0103805974552623	0.0468228605031775	0.826475431638343	0.0497524023332004	0.0105636469699997	0.0144457882208984	0.0148533637392573	0.0255351948237018
0.00177726970882112	0.0323527966275414	0.0477712975900044	0.872242570068369	0.0178899281614677	0.00664838333407459	0.0131258045443341	0.000345029739206885	0.00784692022618116
0.00962251368982664	0.0137415606199008	0.0397298698573606	0.857210782514648	0.0321226824080525	0.0221897357034679	0.0121502462547047	0.00147979853672784	0.0117528104153113
0.00140411443004978	0.0280784630205735	0.0504689887147496	0.846638637496728	0.0127362254532203	0.0249400472180088	0.0187980653202587	0.00101688825456085	0.0159185700918503
0.00314702539895623	0.00133165616640714	0.0685741321599601	0.82997239555862	0.0274931038789693	0.0434871618416454	0.011926335932323	0.0100035842812001	0.00406460478191934
0.000413848591801337	0.0300246923066182	0.0540653136651185	0.863134256671115	0.0212195337629658	0.00500172363294479	0.015499950446997	0.00627797463255967	0.00436270628987983
0.00448262696847885	0.00854040584052314	0.045915335072545	0.845782664893725	0.0326963747919979	0.0431889052124753	0.0149216507337729	0.00179606293482391	0.00267597355165772
0.00662749158419371	0.0229088776477232	0.0402623169090113	0.867095413242851	0.0187713827960717	0.00970757451079366	0.0109009184614915	0.00910435139350748	0.0146216734543562
0.0313310728479494	0.000405715153531307	0.0596730728536718	0.837609417102428	0.0157574848913817	0.0219642349497241	0.0158521679158592	0.0149122767537582	0.00249455753169609
0.00198354662375589	0.04517918235451	0.0463339699619373	0.832612716682148	0.0287751740913328	0.0159909001207707	0.0160675866153284	0.0120966378473165	0.000960285702900278
0.0138232106727059	0.00817439866548253	0.0512667194329069	0.828692500038285	0.0316695403731793	0.0194909591305741	0.0174866609835159	0.020277446322161	0.00911856438118925
0.00242437769445034	0.0547283823944859	0.0458067157127141	0.83018294187494	0.0383024286100979	0.000844148965631733	0.0188950991818667	0.00442503200164577	0.00439087356416808
0.000842429754904717	0.00111481677704498	0.0453229075711294	0.854967273374075	0.0274318443840297	0.0383534178162156	0.012172061338521	0.0144634791268572	0.00533176985722265
0.000771733686626854	0.00940730198903534	0.0450028795281509	0.834075036977658	0.0510051909851432	0.0153137631515837	0.0174096769381079	0.00413060229982802	0.0228838144438658
0.0622161448329046	0.000782635684526874	0.0496992654374971	0.656724450809069	0.0554276652841003	7.81696151996747e-05	0.0668273842117314	0.0854577066167258	0.0227865775082449
0.000770880004517431	0.0038693736937292	0.0453857683254461	0.802300104393811	0.062522051832594	0.0288793156899967	0.0102126523298981	0.00212155891152462	0.0439382948184822
0.00115410800501576	0.00188169045986029	0.051380385223754	0.818875284683169	0.0441171363393633	0.0365172325300305	0.0120688195561373	0.00199126047856178	0.0320140827241077
0.000758913724852826	0.000433815691374816	0.0686024879351509	0.845826385669884	0.0135637901667466	0.0325293478370136	0.0143640192539344	0.0126950717799533	0.0112261679410894
0.000825448378108915	0.000838490147531506	0.047057814380094	0.839556933548111	0.0250823458620134	0.0356870254596174	0.0178627558146878	0.0060724716586429	0.0270167147511934
0.0238956760265087	0.00411076738502776	0.0364859823695226	0.803009899203696	0.0646548144546261	0.00487152503078737	0.0187722857114769	0.016094095186524	0.0281049546318301
0.000568750200170577	0.0175777861988959	0.0430309519812015	0.854914637193489	0.0151169465654693	0.019703783993143	0.0127339855537478	0.000310423977164543	0.0360427343367181
0.0038857326116568	0.00182459199616353	0.0877797924720475	0.812377777036341	0.0203379359286629	0.0140888550900465	0.0166057390966854	0.0213577400557459	0.021741835712651
0.0251479246241872	0.000876316608977236	0.0510294813543215	0.837714633799666	0.0350794176974454	0.031894276928887	0.011223183541651	0.00663211802637414	0.000402647418490685
0.0142137223041765	0.00577897024489941	0.0506796442147421	0.828037238357762	0.0301738090110367	0.039579185805841	0.0167417201428047	0.00514529244930737	0.00965041746942962
0.00175428949196508	0.017607902939893	0.0606365147698076	0.854841409668916	0.0117960082485196	0.0294304890051391	0.0151840886502383	0.00689152327716686	0.0018577739483545
0.00526324808772258	0.0207918502249348	0.0452853857394423	0.861101467870887	0.0299018591116783	0.021471034111368	0.0132503030378449	0.000253862759432871	0.0026809890566893
0.00741660859041656	0.0050556356882687	0.0416486345244744	0.850609703537487	0.0296758227124662	0.0466362937271927	0.0144382552573866	0.000722934886718133	0.00379611107558984
0.0196949168733938	0.00104695283994562	0.0472418524011478	0.79895924119064	0.0392765158294012	0.0425765017525482	0.0103264373459005	0.000627339828369827	0.0402502419386525
0.000162586401292671	0.0261721464801272	0.0500555004793477	0.835592183668716	0.0510200221539473	0.00367046684791392	0.0109307492841639	0.00472724206415682	0.0176691026203348
0.00275278097813485	0.00499739569804389	0.0533911587204875	0.847312429753443	0.0550822409324337	0.0105989089739509	0.0183291376370052	0.00679477671231772	0.000741170594183471
0.00697984390399099	0.016958989941402	0.0435719724269214	0.844162941082899	0.0386938963736011	0.00864046182353487	0.0136153677575359	0.00649864594653862	0.0208778807435763
0.000563357893437219	0.0619899976136233	0.0427401175900767	0.846080876932568	0.0178972164674083	0.000496780448365886	0.020691039950201	0.00284013197380701	0.0067004811305127
0.00548055234439125	0.00450044167383184	0.0395816826120936	0.861798894930044	0.0219882314427256	0.0306849327663765	0.0149531278996422	0.000681707031378296	0.0203304292995164
0.000925250830001614	0.0526488572304891	0.0435558920142734	0.865559702957874	0.0134977009997844	0.00279579866165196	0.0160299365598835	0.000355650007641757	0.00463121073840023
0.0159061659689929	0.00916153152371723	0.0475734346912685	0.817685774133125	0.04531477823456	0.00911267819664888	0.0117524918939001	0.00675445473948996	0.0367386906182972
0.000134891598330863	0.0117333037134315	0.0531339338647519	0.829720476853894	0.0314275019581867	0.0288836533238847	0.0127143691134491	0.0201953249801672	0.0120565445939044
0.00492669042641589	0.0301672658849768	0.0557601655632765	0.837164864932313	0.0407859437409069	0.0091138027814383	0.0193118085288003	0.000520138254184955	0.00224931988768676
0.0366175916045853	0.0189138957339305	0.0471490350394669	0.828697708646903	0.0233309519567439	0.0220260775842963	0.0144747394053058	0.00526204326079984	0.00352795676796858
0.00150983646062662	0.004351564240133	0.0607980062204777	0.846395770437278	0.0533682511175118	0.00488670775511086	0.0117052352206271	0.0147829914471272	0.00220163710110749
0.00246870008015414	0.00559262339313971	0.0480853992829699	0.84994655505453	0.0271112547470633	0.0278827771282056	0.0129741022755197	0.00255110160234702	0.0233874864360706
0.000265290001022505	0.00125270884368802	0.0697161829930326	0.794206841865259	0.0287758284603458	0.00178122594624127	0.0161087178927952	0.0759621996053846	0.0119310043922307
0.0228688826036263	0.00974828503120556	0.0334078274762854	0.828998686670531	0.0471436355297205	0.0362863310127482	0.0130924517142481	0.000292199873240077	0.00816170008839443
0.00496198841332319	0.0371219005228989	0.0391855515795487	0.820345308288231	0.0460455849993119	0.00222399340823545	0.0141940685734672	0.00411996089048537	0.0318016433244985
0.000978247811439304	0.0132816901404812	0.0519372580717331	0.861008280902438	0.0238813606963639	0.0237622185802182	0.0119686950860462	0.00423866849879474	0.00894358021248513
0.000234857562449998	0.00771425813670347	0.0401307240088399	0.810622959628405	0.0464326923771572	0.0241366179004011	0.0114770622282213	0.0262303360226774	0.0330204921351448
0.0213727259676551	0.000313072214579996	0.0529427685879485	0.801592056878529	0.0501626606469707	0.0440783512056421	0.00631690674957219	0.0191147821975998	0.00410667555150279
0.0235061644017657	0.019435380448052	0.0433900327763489	0.864087523020899	0.0239394391710207	0.0119563648924418	0.0118683503995807	0.000251173876405275	0.00156557101348633
0.000282491166640646	0.00541869942168207	0.0535952269463056	0.87666792119324	0.0151143382900397	0.0274011553115737	0.0137767616407009	0.00109684457370798	0.00664656145610895
0.000953148623243854	0.0217649930922677	0.043559118821539	0.840378282746	0.0531458541685996	0.0131637603428021	0.015171894901961	0.00190419550259684	0.00995875180099034
0.00809247233420904	0.037964223599076	0.0398602871636557	0.85286482932544	0.0182278978762837	0.00386608931197002	0.0137649086653653	0.0032181163680309	0.0221411753559697
0.019918419895046	0.0259408800532424	0.0453912054937147	0.81709825029801	0.0480361316168416	0.0106027791087269	0.0147488172729357	0.00335619327292199	0.014907322988561
0.000143376966409421	0.000960993492537253	0.0460695314644229	0.861778991309137	0.0278767534768513	0.03784968087849	0.0147709427482786	0.000770326783643124	0.00977940288022991
0.0236823878468641	0.0645047134384933	0.0460791292578405	0.797132373787727	0.017317127707837	0.0011566495430767	0.0195182336452851	0.020243890902425	0.0103654938704514
0.00534825059435172	0.00081738795403765	0.0494291926468813	0.862359829225387	0.0219278346712079	0.0409358123969543	0.00820651070602188	0.00264662873047339	0.00832855307468457
0.00160531719160358	0.0333991630903764	0.0389774124695656	0.857364686589374	0.0223522324634248	0.00758135473282385	0.0134527469202636	0.00847173353472842	0.0167953530078398
0.000786053679538632	0.0373372578260963	0.0347327151283431	0.829225440034551	0.062907259135679	0.0173053760252423	0.013111026969478	0.00255307247391438	0.00204179872715724
0.000794993682314896	0.0241201462414264	0.0412478638545819	0.809051310891436	0.0581256645203125	0.0184148526514065	0.0120924497179415	0.000958974449771307	0.0351937439908085
0.00675280062544818	0.0345240731134055	0.0383331225206315	0.806155762926474	0.0596113014573792	0.0074624953661702	0.0121968876847566	0.00886620741474488	0.0260973488909904
0.000801926092103189	0.0029929864189548	0.0514888567064786	0.848405764982129	0.0340191913019282	0.0333464633322895	0.0138999410783766	0.000507575108337006	0.0145372949794032
0.0387604119616184	0.0254071672292433	0.0412767649138714	0.808084114999796	0.0423978074968323	0.0122601172074695	0.0143997582068241	0.00112376930921259	0.0162900886751319
0.0252144529779797	0.0194448229116738	0.0431378244318497	0.842689752881692	0.0230759212445822	0.0256316643857217	0.0144149604345985	0.000635863899956651	0.00575473683194572
0.000714769864732867	0.000752252640930018	0.0493462133606983	0.856122544798178	0.029533068416381	0.0461674310834922	0.0150086500453817	0.00186214977412115	0.000492920016084987
0.0227587829305165	0.0207709155491896	0.0440397634171048	0.834195696805871	0.0309605515457137	0.0248023685657	0.0165401241301066	0.00544943755599387	0.000482359499803841
0.0580766639190666	0.00559280747970083	0.0584035401088474	0.76456488397082	0.0289669380996575	0.000960515124842464	0.0411503049986252	0.0399916404358188	0.00229270586262054
0.00401501467568642	0.0299683321210952	0.0453873910646395	0.855271522069521	0.0291516934603224	0.0177243602021948	0.0162653326166259	0.000877468413431205	0.00133888537648402
0.000626238871685428	0.0257739106136601	0.0459124381147973	0.836764163232205	0.0530073995492945	0.00233136992731064	0.0136485005981751	0.00946280880815933	0.0124731702847127
0.000374609197415805	0.000440658520888911	0.0558899880428012	0.845305983856897	0.0205802305684372	0.00252796657823126	0.0180116301632073	0.0496408807244119	0.00722805234770976
0.00583792774255887	0.0110741293160656	0.0445117606605039	0.843292324934963	0.0449867428613222	0.0119999086410266	0.0149940000696857	0.00928861560671282	0.0140145901671611
0.00171367660738424	0.0668331855298979	0.036872271596775	0.838249997077152	0.03452301975327	0.00191758328908458	0.0147165196278314	0.000712779950479405	0.00446096656812597
0.00142211312184784	0.0551630257847743	0.0348725221591635	0.850894173435602	0.0281446370114297	0.00617916012190265	0.0121515222429932	0.000249488387763884	0.0109233577345225
0.0186541516773067	0.00299185612839376	0.0345800425190295	0.818254789605333	0.0592100785413401	0.0350851498151487	0.0134925966773296	0.00866140183646723	0.00906993319965169
0.000680062826154741	0.00884630177096367	0.056043874921859	0.870576489038573	0.0195685558779165	0.0218162755486087	0.0136906320284443	0.00320058321693941	0.00557722477054063
0.00978255076412757	0.0120274885761808	0.049135259153179	0.854731146683537	0.0212110023975009	0.00729328890755458	0.0114413080482366	0.0172536474299033	0.0171243080397808
0.000819579121175684	0.00815639568469046	0.0531492131722722	0.831257928124229	0.0230327665676325	0.0240761271291115	0.0174447586842555	0.0237279612710828	0.0183352702455501
0.00123814805340943	0.023239229028118	0.0440361538336115	0.85588284498325	0.023443822272758	0.0291436614279525	0.013103980790171	0.000698720061729304	0.00921343954900032
0.00118508757482891	0.00747097224375555	0.0767347764415797	0.827672644265096	0.0287562200694842	0.0162454835813348	0.0152741717282467	0.0258586218851831	0.000802022210490663
0.000255859948045693	0.0220563712676694	0.0513883237535749	0.862075154677956	0.00593057433453077	0.0319129383180254	0.0143455391626022	0.00551697979086891	0.00651825874672633
0.0155064446308069	0.00126292103574597	0.0422739744741994	0.83131569099918	0.046193698484257	0.0396715977952836	0.0129154722655128	0.00104484132166166	0.00981535899335231
0.000383128953200938	0.00382381032700397	0.0518059385620791	0.853565588043966	0.0243321174192321	0.0430071638739656	0.0119286932533983	0.00874525218960939	0.00240830737754499
0.020790065489001	0.0014084152213643	0.0504349052711391	0.837503381106191	0.0388741616227385	0.0193829242617622	0.0119068911644305	0.017356492261196	0.00234276360217718
0.00553246258782249	0.0440797780490919	0.0436054912097069	0.83123470350696	0.0227501676174919	0.0030417813971733	0.0125585389373336	0.00088188355128087	0.0363151931431397
0.000760043529852327	0.0299481834579054	0.0490898100129786	0.867171285815953	0.0189399213179693	0.0068095442109446	0.0132071759488584	0.00587526593556198	0.00819876976997619
0.00272280535836891	0.0027494985125412	0.0630820878516354	0.82499277866135	0.0325249719863897	0.0179768236062269	0.0163304595827545	0.013815095239011	0.0258054792017223
0.00639018445711163	0.0157326727896986	0.0440672923052144	0.836073842823202	0.0379512650550571	0.0266577116870749	0.0114953689071408	0.000781873188898803	0.0208497887866017
0.000937521585884315	0.0678557757855964	0.0438260233274012	0.831053855656791	0.0189231465306165	0.00698796349943844	0.0170627730702492	0.00601142129682845	0.007341519247194
0.000445610585498116	0.00522448096045724	0.0488276462721887	0.81430121307438	0.0615655776634941	0.017725199000051	0.0131474961410793	0.0203028739796562	0.0184599023231949
0.000523962700877633	0.0154953473397787	0.0378382847509776	0.857543981491102	0.0238944055902529	0.0268196574506388	0.0169702262217717	0.000676789259763023	0.0202373451948373
0.000544661374498816	0.00377690916047524	0.0618642886824456	0.85830101468737	0.027253116531335	0.0284513748951728	0.0134529191314739	0.00498375570867334	0.00137195982855482
0.000659612941975392	0.0547566011777669	0.0519786621873036	0.856769765860931	0.0144038924044293	0.00124660498087848	0.0148689555522394	0.00267906012563197	0.00263684476884362
0.00337962516148584	0.0368717080781089	0.0551518359183444	0.849011288573011	0.0304108200734088	0.00180168735145208	0.00949710991358392	0.0016672358809935	0.0122086890496115
0.00406252628674251	0.0119812075313626	0.0507885576467685	0.833685814866557	0.0231125935330769	0.0367608782048886	0.0154255461016599	0.00125254487791546	0.0229303309510282
0.00314812024168242	0.0513234056858599	0.0456758402479455	0.848513231827621	0.0163472051119306	0.00933174817472334	0.0165717389118444	0.000713492922349091	0.00837521687604417
0.000238527382019363	0.00101344330794178	0.0458748118295329	0.828720659613107	0.0413223196037629	0.0258237114948598	0.0135124530885038	0.0194359832767227	0.0240580904035498
0.000293485819012754	0.0321540840563763	0.0629079769086018	0.855391434814812	0.0273256145990834	0.00197932616410157	0.0119851083269879	0.000748004278242691	0.00721496503278159
0.000420468370804675	0.0266486302457312	0.0487505278192535	0.863543672170437	0.0182088852208147	0.0175533758134412	0.0179458140329623	0.00177830945221748	0.00515031687433775
0.0200677527977286	0.0436852560664782	0.0410629390049427	0.818756923397338	0.0280136276092008	0.00341179608720722	0.0137908541362386	0.00127272524600824	0.0299381256548574
0.00120401658852398	0.0192009651088651	0.0510174970852663	0.869251206604343	0.0139811103203741	0.0218206008002291	0.0148223620260832	0.00285957277273291	0.00584266869358242
0.00682897128441782	0.0184000336392944	0.0451090761832124	0.840732186235834	0.0464908512748138	0.0126443424278118	0.0111542421196637	0.00127830831437022	0.0173619885205822
0.00120188708051889	0.0129996603392031	0.0462454190445281	0.837033909439108	0.0307268567699281	0.0322038884281096	0.00888683604917379	0.000548590065673734	0.0301529527837563
0.00286910584876186	0.0467005303029311	0.0433692265537342	0.834225961696022	0.0359266629484454	0.00873657001888158	0.016665018441607	0.00640853232168953	0.00509839186792794
0.00125349687535524	0.0634160839375431	0.0381887987276438	0.858127406346688	0.0151286377665091	0.00294491082457228	0.015206880078868	0.00410898505029489	0.00162480039252519
0.000427216761450703	0.017892941519241	0.0482009198245288	0.866041941805671	0.0409904914882268	0.00478226615249784	0.0167104534964734	0.00406189912456362	0.000891869827346468
0.00881991193703569	0.0209495527479769	0.0511346845041958	0.847955980290538	0.0219200663316258	0.0191933205766045	0.0107415391895114	0.00105642787970944	0.0182285165428028
0.017375607612827	0.00633452986168872	0.0394744940158324	0.836568506854224	0.0295031921275408	0.0343186920643012	0.00830018397106121	0.00414439363411871	0.0239803998584062
0.000572878188750273	0.00167751827794748	0.0672509324399877	0.854770655383035	0.0135876551566482	0.00493526315651811	0.0178694605929831	0.0381495634275894	0.00118607337654084
0.00361284809612318	0.03008461630991	0.0540114879066522	0.826384211215454	0.0586526129339531	0.000979109730770482	0.0101328585790724	0.0152303058793724	0.000911949348692368
0.00583535928501775	0.0348615355862021	0.0466198692535354	0.857152588425605	0.0250155743149796	0.0119472177680603	0.014010945352336	0.00187587400417315	0.00268103601009119
0.0280980049361248	0.00897174830925627	0.0364457945887931	0.780528863457034	0.075856483194963	0.0308214469997569	0.0132224110318512	0.00149697649806161	0.024558270984159
0.00477658772392415	0.00402156052551435	0.047128038990577	0.834081733387803	0.0239926061006644	0.0287994965214962	0.0130105346588523	0.00748047402463439	0.0367089680665345
0.00515327922454116	0.0118738091559115	0.0474891291807629	0.845678867967826	0.0638274212309476	0.00538376130626789	0.0148297919477241	0.000463340000554526	0.00530059998546401
0.000517839096749629	0.0213466549079091	0.05136665884823	0.853454280743247	0.023502415303514	0.012268948103588	0.00992264529084434	0.00243739798620232	0.0251831597197162
0.00474848532505078	0.00206909833585057	0.0464305732947917	0.832683740253617	0.0333794721028958	0.0412291001592013	0.0122824792326467	0.00561571802772888	0.0215613332682177
0.0210175703025636	0.00106664650564081	0.0689299212228923	0.806368741358043	0.0271623095011227	0.0388653742547944	0.0103525688346641	0.0184019844147299	0.00783488360554917
0.00568769402878584	0.0306951013751615	0.0389368445801362	0.854349693885505	0.0405901520470719	0.0127858945956201	0.0139005280055994	0.00179640906375452	0.00125768241836575
0.000143824406510891	0.0240080484630625	0.0413532946799813	0.838183395854488	0.0253138886029565	0.023483361024005	0.0179249555687337	0.00305291159592935	0.0265363198043327
0.0116817802659835	0.00459586319149279	0.045978571848734	0.839850156102788	0.0240822543406802	0.0358878364916588	0.0164483887108185	0.0163955193581705	0.00507962968967404
0.000606433480388562	0.0133863046140193	0.0448115142428409	0.821942683522759	0.061587410120888	0.0206455576402287	0.00950239431950598	0.00258514367052047	0.0249325583888488
9.05347842837306e-05	0.00160551152514982	0.04785846562095	0.866381736654986	0.0289931705385865	0.0292419956860123	0.0133921321443934	0.012144428548207	0.000292024497430944
0.00592236429411615	0.0470767192505114	0.049866963923067	0.826982950124509	0.023543529843047	0.0191518044528751	0.0114175751328624	0.00318212475151633	0.0128559682274958
0.000685543964783772	0.00103693382068104	0.0674221065144799	0.848900599529492	0.00764704312980762	0.0363455214404871	0.0110308988504636	0.00973690093089727	0.0171944518189073
0.000785718511325501	0.00348115709134544	0.0495106810649383	0.847809009749667	0.0380740668498012	0.0145133581809366	0.0173577757402211	0.00195135579411465	0.02651687701765
0.00653243153575916	0.0294476735099497	0.0456650489887537	0.839497000501303	0.0252467811138375	0.0115252414473575	0.0123016869252126	0.000615949504964384	0.0291681864728622
0.0398774493084293	0.00754221490402259	0.0497573750852064	0.787702742388829	0.0670224659881077	0.0294393977694265	0.00775600940644504	0.00193285264059003	0.00896949250894363
0.0243733681573005	0.023739935967465	0.0409412648575327	0.826999766433627	0.0474553815057174	0.0016111461346102	0.013255808171075	0.00291841569151011	0.0187049130811624
0.00145137958070719	0.00547442653310984	0.0546721288180216	0.841711100597063	0.0566367419939943	0.00351125155281458	0.0148271071406252	0.020856221789954	0.000859641993709991
0.0119481375057386	0.0067452793561336	0.0531552971552326	0.786448875141705	0.0338306954802481	0.000299242980771058	0.0285138969292277	0.0789154491387785	0.000143126312164362
0.0173215895682164	0.0352607401594864	0.0450462934046581	0.816313766981251	0.036179160648259	0.0240450443710387	0.0162913874554919	0.00502697505956699	0.00451504235203191
0.0015379700100957	0.00195850722453658	0.0532709937264773	0.866194956388428	0.0185582384319837	0.0264296806976614	0.0145380604937338	0.00601328713991621	0.0114983058871678
0.00760165457555712	0.00216353988393252	0.0489792193510479	0.851262099980378	0.0172840039903966	0.0459836701001795	0.0105846288578466	0.00010108505331179	0.01604009820735
0.000167105834786448	0.0121252458042198	0.0554331010805398	0.86773920599074	0.0252129266609116	0.0215665067484302	0.0173224343308554	0.000218687155036561	0.000214786394480734
0.0142508721359532	0.0172105344865636	0.0400053172095674	0.843530021756852	0.0406840807936321	0.0285717388082136	0.0121066541095632	0.000285420371664928	0.00335536032798973
0.0411034205308162	0.00932769440769816	0.0469396181602201	0.783936925277775	0.0433328159338433	0.00971363784828833	0.00618822299105104	0.0034023391952051	0.056055325655103
0.00334401333092244	0.0188542297115542	0.0630617883534901	0.86262743574378	0.0313367632351011	0.00212473515082319	0.0154436049720689	0.00239001445095746	0.000817415051302586
0.00838925687406349	0.0156709509280251	0.0451479424428766	0.843625913630657	0.0492117739963375	0.013535842931893	0.0140725059664725	0.000790010412730857	0.00955580281694377
0.000541519177488325	0.0302608191017684	0.0418740071186208	0.848247764599536	0.0405081222075741	0.00474447931909242	0.0122142625523267	0.000320013906428032	0.021289012017165
0.0549467581330968	0.0022069221181997	0.0884819850449834	0.75573273905298	0.0474881362461354	0.00270065073967528	0.0199877986394736	0.0279389172964549	0.000516092729000932
0.000542522086992593	0.0279521900112197	0.0466532832635194	0.852324259096443	0.0225190457738343	0.0244044545253016	0.0109968839843398	0.000621365487251942	0.0139859957710979
0.0307229045719843	0.0145955536059821	0.0505075307473777	0.846539129612232	0.0216864922712329	0.00962565401343011	0.0102938190378144	0.00646939331556968	0.00955952282437716
0.00409167615507659	0.00338764162692253	0.0425531553511388	0.838749719410507	0.0312782380863531	0.0315691379855139	0.0133151693541509	0.000617626156439677	0.0344376358738974
0.000684837142972627	0.0249634112772725	0.0382056248336918	0.836935128794757	0.0426238817848474	0.0265512158399514	0.0130464659607539	0.000945508553888139	0.0160439258118656
0.00741605509495313	0.00221029754824005	0.0524940622424007	0.843040304088204	0.0341008061333169	0.0492215556619004	0.010391128315764	0.000434146547757647	0.000691644367463338
0.027659690431186	0.000452278191330534	0.0388464970186496	0.831787939709949	0.0369865302362138	0.0326529224453116	0.0117272500935953	0.01713642712494	0.00275046474882412
0.0157511279535214	0.00800525369307499	0.0495837916677643	0.813043751414482	0.033774303624013	0.0336564965718349	0.00895732167091091	0.000392449707890049	0.0368355036965086
0.000623888587350998	0.00253866640365943	0.0479417881036983	0.867061430271443	0.0241090590151393	0.0293358930305272	0.020416819475595	0.00329131872275553	0.00468113638983147
0.00488764702371814	0.0339925222362393	0.040691598092267	0.828623983381809	0.033382669062494	0.0229269315120359	0.0143886196054864	0.000124294096253428	0.0209817349896967
0.00592843651362457	0.0010814290771223	0.0749125951654834	0.848892164432585	0.0217953432800165	0.0121399557017512	0.0146162006050036	0.01957264558798	0.00106122963643396
0.00085037226649068	0.000616309734191814	0.0533926907915007	0.840696441073735	0.0191985130860193	0.0633300641906834	0.0162803817284277	0.00204795250120696	0.00358727462774435
0.000650465919539454	0.0595676355884809	0.0395468800230861	0.824897392419962	0.0436621385344978	0.00536909755168513	0.0140056248105282	0.00642694296916955	0.00587382218305114
0.000287025195185204	0.00036775421610485	0.0435817676725272	0.852730372080168	0.0318412287693569	0.0326229387159744	0.00964242988517628	0.000437687947106902	0.0284887955184006
0.00539098701565119	0.00613876016621148	0.0395810387871202	0.837545356502897	0.0362743561132421	0.0394419728872621	0.00906358018861983	0.00351195796948011	0.0230519903695158
0.00368117243547927	0.00779132135826829	0.055887181989723	0.845646885585265	0.0107979547278963	0.02761461525533	0.0133043937222475	0.00434940158114959	0.0309270733446408
0.0152364934124662	0.02676315120572	0.0407171787410134	0.858863604946987	0.019914215806242	0.0170927989034158	0.0157378834133323	0.00442383510546327	0.00125083846536055
0.000586443735349962	0.00188054889380232	0.0480284126811975	0.852952426655156	0.0285878360512784	0.0347686760850835	0.012882531432742	0.0024506633825774	0.0178624610828133
0.00473055519697162	0.0168141870028119	0.0401503170278278	0.840196418447446	0.0441828685203902	0.0313530003143883	0.0196977606186	0.000695790226395366	0.0021791026451689
0.000477550987707892	0.0356613549664497	0.0385630397298884	0.844247677834521	0.0475060148364904	0.00343974444755375	0.0125414349333708	0.00111912808269948	0.0164440541813183
0.000284050463529965	0.000817784453763464	0.0387513738901	0.811913995814558	0.0464209955232981	0.0270631063152945	0.0160603520214222	0.000317159205853532	0.0583711823121804
0.0158196337892706	0.0111591100521551	0.047642287214649	0.871130059332664	0.0132518647766909	0.0194425414441382	0.0108500872598148	0.000278352485533414	0.0104260636450843
0.0106517883638089	0.00642300459071481	0.0585512739098786	0.786320466053408	0.0263283972967932	0.00142369097399608	0.0176236818599963	0.0448267028095102	0.0478509941418939
0.000498158401208711	0.0195345710444236	0.0436436268063715	0.837304980151789	0.042691495654191	0.00477333166404207	0.0126080231018437	0.00949055237873307	0.0294552607973974
0.00394993862870187	0.0043906118369242	0.0482012766363565	0.848100874387984	0.0196910968820622	0.0325492553686722	0.0172956081838269	0.000824743737134815	0.0249965943383376
0.0118538074355162	0.00890026787955927	0.0414700860543378	0.829430099785435	0.0461306366396663	0.036710204164825	0.0116720854048888	0.00209172888325676	0.011741083752515
0.000358655635442805	0.0064464468611814	0.0455693896298544	0.852462370502731	0.0265055896948542	0.0171372225293525	0.0141038516525805	0.0298011883278891	0.00761528516611393
0.0489985652513081	0.0094644032285402	0.0673949563477959	0.764173142336279	0.0314136616219172	0.000392462539098488	0.0242083487246455	0.0513010899642645	0.00265336998615128
0.000305508425069735	0.0145167539421518	0.0439822056735292	0.868596021529425	0.0276142070032257	0.0205586170046745	0.0142062556394819	0.00199550699081334	0.00822492379162917
0.00636251619325744	0.00184434783184185	0.0429489984569637	0.831441970143244	0.0406351689278566	0.031950878789673	0.0117707517169289	0.0263479400903011	0.00669742784993408
0.0049614230759069	0.0173684144823532	0.0480445078767291	0.8384003081713	0.0220935683201955	0.0495143109888244	0.01062165232178	0.00134352056985102	0.00765229419305971
0.00361164689610768	0.0138418614690623	0.0353838026607321	0.831040650393064	0.0278874695426293	0.0425110755086269	0.0138958252565888	0.000234241740232851	0.0315934265329559
0.000892228581367845	0.00150589801392022	0.0486829900268208	0.845007460393822	0.0471737900213995	0.0137619310488849	0.01735774373691	0.0253959195697642	0.000222038607110803
0.000139360036695582	0.00466980260095343	0.0558695041826724	0.847693365734948	0.0347705432311379	0.0224443433998537	0.0139239664207422	0.0190529829634396	0.0014361314295574
0.000450331452831746	0.0254563448793697	0.0421414712711339	0.840000792386974	0.0297862746347432	0.0225708662500734	0.0123467156275191	0.00415536237540549	0.0230918411219496
0.00173097183358227	0.00412561870328263	0.0456635111492673	0.805714029596014	0.0530635983543256	0.0289221591943242	0.0106435029624103	0.0111048148505187	0.039031793356275
0.0014072698404812	0.000447977857930705	0.0575797977750841	0.840932944087413	0.0413851353650657	0.0455556506742086	0.00797734874240341	0.00106471355882289	0.00364916209859063
0.0126830758780658	0.0270716468025093	0.0442856171662844	0.813159548010479	0.0635762015075122	0.00408447048785837	0.0151292677603036	0.000911447684475511	0.0190987247025121
0.000558262782618049	0.00938507265168658	0.0443712380247138	0.862582712353959	0.0267225475460601	0.0301756846520661	0.010838484900018	0.000514517591641252	0.014851479497237
0.0356914231052548	0.00453920702214175	0.0702992962365327	0.789068321040661	0.00809897450899565	0.00114737462659265	0.0282774346015149	0.062532451744784	0.00034551711352233
