Bcells	CentralVeinEndothelialcells	Cholangiocytes	Hepatocytes	Kupffercells	LSECs	Mesothelialcells	PortalVeinEndothelialcells	Tcells
0.000173267693997148	0.00023833573511601	0.0127724549735768	0.942439129081967	0.0262364886507789	0.00199346364163539	0.000280417648963707	0.0157735421210444	9.29004529205275e-05
0.000494828514561785	0.008550386813955	0.00365714924494265	0.952966110165654	0.020238103227075	0.00658602618108004	0.00057868806695359	0.00122861664695096	0.00570009113882726
0.00866867354587604	0.00475307534452471	0.00432800006398199	0.903777152458364	0.0335245075531881	0.0186146225301487	0.00156198671953812	0.00432572248639553	0.0204462592979829
0.0111007538076143	0.00107349849504584	0.00743000476156018	0.932391597051279	0.0271518795423906	0.011213871029231	0.000702953319555884	0.00771231360653978	0.00122312838678385
0.000189296507392578	0.002896916041153	0.00625949482543211	0.934598735891649	0.027253057429216	0.0134452765346238	9.10905386469643e-06	0.0100791050495999	0.00526900866706925
0.00298172589527367	0.0022878715022776	0.00629950413343443	0.936287548816164	0.0119326349358432	0.0214225222576663	0.000301121678602724	0.000384263106841037	0.0181028076738969
0.00027168144996506	0.00245689158997724	0.00562277781362828	0.949435363674857	0.0203242897545027	0.0155388156034032	0.00057706833281546	0.00408898021459605	0.001684131566255
3.94995928580765e-05	0.00198675276714691	0.0124897105616868	0.934363999772911	0.0260094908547247	0.022263072501152	0.000244407517512586	0.00208330319630548	0.000519763235702706
0.00179050542965365	0.0129955290650414	0.00360285947584279	0.945041204315159	0.0206916235647983	0.0140781148347861	0.00041961304887592	0.00010162209738075	0.00127892816846228
3.25450933854457e-05	0.00387361005410136	0.00467367818645204	0.956931517500573	0.0101760462414891	0.021871390928467	3.50334982076196e-05	0.000781481808138234	0.00162469668918649
0.00323788470027537	0.0164940985275057	0.00201627571953713	0.917137410825054	0.0281652146893838	0.0156199068756326	0.000862048163979572	0.00235080275960888	0.014116357739023
0.00896658876778426	0.0017221502840675	0.0049243716997614	0.92322037993568	0.0245049757290788	0.0226800871646491	0.000261003369449285	0.000181690828356142	0.0135387522211732
0.00396281355690116	0.00879620647068972	0.00539850027287703	0.937663454057073	0.0143424217680093	0.0156150420870733	0.000380022516982098	0.0015176199098279	0.0123239193605664
0.000614051919799006	0.0120061113239043	0.00478577895909717	0.942190588908837	0.0160912089651706	0.00791713575479652	0.000250512247970809	0.00228116419354205	0.0138634477268825
0.000672971452458539	0.000888095269386578	0.00364325554744568	0.93690650659416	0.0286043444203196	0.00925599299489109	0.000508518112956316	0.00979656340179052	0.00972375220659181
3.13189602121065e-05	0.0364545103331136	0.00731993610062672	0.917587593608753	0.0147440167033416	0.000772135143877721	0.000419261495410833	0.0112431311463318	0.0114280965083328
0.00354682947505034	0.0081683532932762	0.00351834553202345	0.934988280603662	0.0113732397397445	0.0149462604124949	0.000460488668302169	0.000567148389513637	0.0224310538859326
0.000124746456418682	0.00920042565087726	0.00337980817319264	0.945045974482269	0.0164303667817285	0.0109554951175092	0.000334257950307558	0.00255339732657113	0.011975528061126
0.00660793393346751	0.00049760933277248	0.00522394949497847	0.938865923916091	0.0276457862010151	0.0137322303988899	0.000221370910464978	0.00649291142644042	0.000712284385880722
0.000656737541230175	0.012893274323518	0.00733814746766441	0.938034390210748	0.0210246133126606	0.0124862526834428	9.603783532607e-05	0.00172450069990034	0.00574604592550914
0.000796447669209079	0.0107776334597254	0.00442902861749709	0.930142101968975	0.0191057744171628	0.0213787633976731	0.000643705597211275	0.000338941742367761	0.0123876031301787
0.000348196242403776	0.00439159076244474	0.00540795055487566	0.934628581067505	0.0149593984918126	0.0133871736631441	0.000142148740703224	0.00615091318840675	0.0205840472887046
0.0113112488084148	0.000455336698697578	0.00374575607235393	0.913515237178187	0.0245918831995025	0.0267420436594792	4.3665187017231e-06	0.00257475690833492	0.0170593709563286
0.00228133468431377	0.00377481330682176	0.0100213986156442	0.939838612018921	0.0190027998105498	0.0107533694541707	0.00034376678188211	0.010060668968189	0.00392323635950792
4.73903429023366e-05	0.0135328798281489	0.00328779724208497	0.941842254223226	0.0235701460314883	0.00750604147930974	0.000229687484483956	0.00130470679852389	0.00867909656983259
4.06330596394466e-05	0.022346955702937	0.0067566545022284	0.947089382981871	0.0126143147401949	0.00127130163693399	0.000953722194921683	0.00825417477145102	0.000672860409822007
0.00165413910649493	0.0108916838801091	0.00499811898873606	0.933508665176261	0.0282349406797091	0.00479208006160227	0.000797435172497899	0.000376845563960225	0.0147460913706291
7.52913465474974e-05	0.012376852091708	0.00590198479752507	0.9373106597618	0.0124483354642731	0.0186413772419561	0.000449125249427464	0.00434370266144005	0.00845267138532313
0.000118528779655751	0.00638677555207362	0.00251411003738849	0.950007315794948	0.0223961725604089	0.0145408127741362	0.000172236618784575	0.00288889821144791	0.000975149671156542
8.05439488720991e-05	0.0049647365730962	0.00709442721361205	0.936456497134176	0.0342901953656326	0.00391491671678944	0.000762218130412867	0.0121601860017901	0.000276278915618505
0.00147785726642115	0.000470777324831036	0.00728079649887941	0.942080186114532	0.0172249399638369	0.015973258388313	3.6619409971319e-05	0.00981665916511003	0.00563890586810555
0.000408317512289864	0.00320925960941733	0.00664930388581438	0.93286748108132	0.0309946282393384	0.00351479912111196	0.000954700861788982	0.0112970838432618	0.0101044258456571
5.28344745567543e-05	0.00408830079425105	0.00936519372466448	0.931313635945088	0.0221565212583177	0.00411652943769281	5.13486043193117e-06	0.0113615412569971	0.0175403082480005
3.69645722342845e-05	0.0221617147352251	0.00691301717396745	0.946980377741078	0.010808542256717	0.0125274856417394	8.63552179650302e-05	0.000175705975333864	0.000309836685739691
0.00288850447492866	0.0145052126209598	0.00604148660387578	0.931350159139724	0.0255942746857396	0.00470190255302765	0.00214058073580807	0.00998134696469258	0.00279653222124421
0.00125228506977451	0.00978331839478056	0.00808879183674475	0.938211931501748	0.0232456106384376	0.0157315275430303	0.00115263502920501	0.00199595489080441	0.000537945095475049
7.31374135297858e-05	0.000144903873001395	0.00753382295808961	0.947030963850773	0.0233609399479608	0.0164046757857504	5.98583461866804e-05	0.00343232167011755	0.00195937615459044
0.00811889667206931	0.0442339991738843	0.00777400476949526	0.89716430801257	0.0211577338216181	0.0060242982304487	0.00481048361939326	0.00338809826623172	0.00732817743428949
7.0071008586539e-05	0.00591670988849066	0.00724107895616763	0.925347896409712	0.0396847418780498	0.00297563151925725	2.9983848770531e-05	0.0168968569212487	0.00183702956971678
0.00157463056936391	0.0104087489645817	0.00514804499707802	0.937157854334878	0.0193860159108578	0.00483973456216494	0.00105803682599405	0.0162774403834132	0.00414949345166805
6.18865686729706e-05	0.0157306655820623	0.00530064008533943	0.944950230150746	0.0202945146047673	0.0048478586184391	0.000566572578515016	0.00380166059298499	0.00444597121847285
0.000983828905573118	0.000174631639517807	0.00585883505214914	0.929912508640464	0.0282382075126531	0.0258768187043935	9.37319524571114e-05	0.00550377453647993	0.00335766305631273
7.10351351563878e-05	0.015952186841666	0.00683179499237042	0.930789139056831	0.0189685689125915	0.00671695946551264	0.00210597763532274	0.00226922432129837	0.0162951136392504
0.0121133432711649	0.00106088001073212	0.00857221840746463	0.928816541392428	0.0178027871925284	0.0169830102819673	0.000310825185403081	0.000252441626864059	0.0140879526314477
0.000307140383458811	0.0144281903603205	0.00533246421914758	0.940817353788132	0.0205156484349684	0.0139126419504788	0.00121581475140615	0.00192595057620389	0.00154479553588392
0.00011435435521877	0.000479239285103121	0.00630075363149054	0.927314457078787	0.016956211257642	0.0201431033040123	5.58199342111968e-05	0.00532200492195451	0.0233140562315808
4.91393441712833e-05	0.00691339078780984	0.00573435723279276	0.919587783413129	0.024410123825525	0.0149223754670249	0.00120474848697405	0.0146263515247609	0.0125517299178123
0.000112739000110362	0.00514521515433581	0.00655517870847667	0.92675165097918	0.0253210020900193	0.00927297761135735	0.0010844169741364	0.00455333469318081	0.021203484789203
0.00666158835593409	0.00966853961843071	0.00759621852194268	0.923255530601074	0.0291444524282998	0.00891487701119736	0.000238530381774821	0.00431823642107597	0.0102020266602707
0.00136278993485472	0.00276425124675596	0.00390132729766168	0.94555951594052	0.0147897989159873	0.0145532401761938	5.17288105044496e-05	0.00401904035046591	0.0129983073270558
0.000207909460218991	0.00526896261502907	0.00316993842777669	0.914773617878687	0.043091105211059	0.0201526596663538	0.000109343589615592	0.000584479155025805	0.0126419839962339
0.00193694670070308	0.00921251120798557	0.00461638858934369	0.92724997306746	0.0327411243988879	0.0118326025252199	0.00120392321920649	0.00467079974611452	0.0065357305450789
0.00807715511014369	0.00547638895087843	0.00261403360462483	0.94910942037618	0.0187689402167857	0.00533337610262587	0.000147623838812484	0.00909748626957967	0.00137557553036916
9.74223124563364e-05	0.000321617230033694	0.0100595003205503	0.95954350702813	0.018851919381786	0.00683391833395643	1.10069143408091e-06	0.00202355367641618	0.00226746102523729
0.00107015076409338	0.000156537495643395	0.00805800813088572	0.943978921581178	0.0181855259356005	0.00947783943181817	1.89736564596651e-06	0.0187100260132986	0.000361093281836453
0.000378349322842887	0.00871071718412041	0.00494803376490688	0.9427554575176	0.0170579193819883	0.0175350316109898	9.392949061125e-05	0.00023742979588748	0.0082831319310525
0.00254816933131236	0.000548240985191349	0.0047804172140214	0.937188523020825	0.0303384841850831	0.0113812512086495	0.000362744995740164	0.00871390875265413	0.0041382603065234
0.000102319558604408	0.00182412622873499	0.00522213328006045	0.956163259114383	0.0170943774205986	0.0117001855612319	0.000498426868784166	0.00578884566607937	0.00160632630152314
0.000244845663723867	0.0144432883654604	0.00558508928018163	0.947161425107628	0.0158559193339184	0.00830911756648997	0.000699938517888091	0.00143937977225654	0.00626099639245275
0.000669953009711277	0.0185126545434268	0.00360882332353994	0.947127117176113	0.0121231207044872	0.00425597959841721	0.00104362540022892	0.000188422313706708	0.0124703039303692
0.00086876820472001	0.000205752680237806	0.00407297939926751	0.937074549916375	0.0192220647859317	0.0244919747275254	0.000427483623827131	0.0024812973193826	0.0111551293427333
0.000246077440372084	0.00616212475196983	0.00271561513403373	0.943318395720061	0.0193310193937957	0.0205435670445168	0.000675933619333804	0.00312547788210412	0.00388178901381343
9.09516274089303e-05	0.00507473858179198	0.0104944521700005	0.936761698647829	0.0226572506950358	0.0221643600397828	0.000659310108933418	0.0018709719358909	0.000226266193326631
0.00236384664540942	0.00469783063653661	0.00635434191449872	0.939405033715342	0.0243859396416839	0.0152502614434742	0.00145920725320955	0.00531791169485831	0.000765627054987643
0.000121738086588327	0.000707484858431462	0.00656716632959729	0.939000658310206	0.0185690146844161	0.0135204731775518	3.46197799279436e-05	0.00179589436339518	0.0196829504098856
0.000101669874976174	0.00551976580308903	0.0145620430176824	0.928248356374107	0.0109982678230378	0.01423683148829	0.00024493804332275	0.0140297908354875	0.0120583367400077
0.00498087242401301	0.000233350426792217	0.00849018459303383	0.928116800792549	0.0169909747563256	0.00170410828956826	0.00064456403192522	0.0383205007811679	0.000518643904625165
0.0011283208784165	0.00880592190838575	0.0026857520010099	0.935751196269265	0.0226966378589089	0.0118785331159251	0.000260059653961593	0.0124596742314892	0.00433390408263767
0.00221609958530462	0.0199681187326432	0.00530496033195214	0.938957516245224	0.0134421993778907	0.00840760558018401	0.000410965625105226	0.00459310810793341	0.00669942641376205
0.000497578333881035	0.00540061893973634	0.00756120834056163	0.922185391032658	0.034542908162856	0.0243030012844513	0.000890859582160453	0.000177994096283008	0.00444044022741201
0.000765364637945296	0.00744892038894311	0.00510698446857652	0.925346103837619	0.0338330421145195	0.0167074534010364	1.45836309384385e-05	0.0007000658720217	0.0100774816484004
0.00406117865993808	0.000360953376180989	0.0235850523981463	0.900161152627519	0.0145863224651114	0.000265651678155155	0.0044836473312302	0.0471806149126546	0.00531542655106436
0.000362808481721882	0.0140713021299857	0.00589621582661416	0.931400019994448	0.0308550991383991	0.00545043689677701	0.000203327822462946	0.000694276730131673	0.011066512979459
0.00052162077862315	0.0183936729625887	0.00427981521147125	0.923953202071796	0.0200761664684847	0.0130533133913515	2.26661072755731e-05	0.000273444698488852	0.0194260983099203
0.0136474696511954	0.00171877288219026	0.0148385125379207	0.908597065580127	0.0122840131420317	0.00159582978116834	0.0113399528950495	0.0319723371299441	0.00400604640037307
0.0030949190539578	0.0186451130959839	0.00444313017205665	0.942080303590667	0.018796720816031	0.00108638239883289	0.000124384594520415	0.0056613097746707	0.0060677365032804
0.000432159924157269	0.0160324240559204	0.00417715609722542	0.940205876842813	0.0127958707275328	0.0136579027946251	0.000784856052981547	0.000594103508147283	0.011319649996597
2.99330261994309e-05	0.000311945661516326	0.00367073665898773	0.949140724207679	0.0157306094153614	0.0199151149282485	0.00145515516084139	0.0034544716391523	0.00629130930201402
0.00057599656075764	0.0168957378707568	0.00778063870201981	0.927428264661695	0.0314181552008935	0.00779578389471355	0.00128904358997234	0.00343196657713309	0.00338441294205833
0.00056733769768647	0.000131978276465979	0.0131625757016983	0.917938389153127	0.0217978164414237	0.000208648533287418	0.00187854636613481	0.0343402177654235	0.00997449006475308
0.000367863944030247	0.00259610182519219	0.00932669525903736	0.935035332040835	0.0135790692027466	0.0190193061114352	0.000705236623119046	0.00444674805463303	0.0149236469389717
0.00171944999088767	0.000261943488493355	0.00622159882062314	0.93401357796401	0.01987208376929	0.0252751298489457	0.000426529903880572	0.00146374108537703	0.0107459451284925
0.0366657947190042	0.00800594591067318	0.0452810137541387	0.853968930331155	0.0204276452472407	7.1371326098405e-05	0.0109075460154904	0.0223825750520053	0.00228917764419429
0.00655051678076857	0.00746967445974449	0.00643453118253028	0.94598541652729	0.0188660976392033	0.00853726846945742	0.000165991913434625	0.00468990532184065	0.00130059770573109
4.12356176903673e-05	0.00103625192059989	0.00733958014892474	0.942260951591448	0.0148168587204893	0.0122430641434109	0.000673063092715544	0.00547757460818196	0.0161114201565395
9.0162934166962e-05	0.0111272283230377	0.00601696245891063	0.927858233593276	0.0283747638222658	0.0113714509884695	0.000401886230256598	0.00124586955730972	0.0135134420923071
0.000353314293559741	0.000613433561625957	0.00549903084080249	0.929412109698072	0.0251939357194766	0.034103538601539	0.000863638941309785	0.00208358174894392	0.00187741659467131
0.000197242983011308	0.0032471699778719	0.00157401769973755	0.94107730931296	0.0208775085659356	0.0259082845579815	0.00019416095500032	0.000246928746061	0.00667737720144085
0.00592793289270406	0.000403554868618915	0.00726936690582114	0.93502146081618	0.0227166914595489	0.0162941735152804	0.000311640317255246	0.001791484842315	0.0102636943822759
0.000325577806969341	0.00823416261343727	0.00381879893200657	0.930467694129876	0.0207635329942927	0.0216689627627514	0.00016032267212122	0.00466675650347407	0.00989419158507193
0.000747391413736386	0.00100366987148128	0.0039716817560194	0.94076235934743	0.0219695867792721	0.016822789600888	0.000503975209010921	0.00106564315044348	0.0131529028717179
4.96862110250388e-05	0.00808300125393139	0.0062756225295992	0.938633244141265	0.0167835466597197	0.0207745508494092	0.000288542258055137	0.000719266136529709	0.00839253996046587
0.00618840374981909	0.00346853180432139	0.00848736051565777	0.919093777004959	0.0273732213445713	0.0152702172788693	0.000432666278755358	0.00852015341968652	0.0111656686033606
0.00601143280310688	0.000181360178480595	0.00762181985974278	0.937844366868102	0.0230970301551141	0.0164756378927193	7.00967823164891e-05	0.00831781836569433	0.000380437094724097
0.000777170348005817	0.00637902242665643	0.00511452053003199	0.922199531295336	0.0245479682536933	0.0076520379789467	0.00192951629372414	0.0188897532783154	0.0125104795952901
8.50330291603878e-05	0.00560750111362392	0.00319651143578547	0.944270501366306	0.0201614722480746	0.0227467648254049	0.000489902513222533	0.0018163745941813	0.0016259388742412
0.000119021003217703	0.000273178747067532	0.007112899436097	0.923831939573595	0.0282924858483506	0.0302905482250731	0.000469045493858334	0.00270020729239303	0.00691067438034755
0.000267067789487152	0.00292613186506642	0.00874722904719391	0.931097557816797	0.0258882823831961	0.00582701569153476	0.00360598916265591	0.0156829514790978	0.00595777476497112
0.009245823675372	0.000232395046215703	0.00301765046238225	0.914408883741843	0.0188016517690842	0.0269883325215625	0.000232895421386363	0.00537682381166556	0.0216955435504878
0.0010821615600315	0.0176581975110634	0.00487658165978495	0.950945422900723	0.0131838987129697	0.00603817327195954	0.000460637958580622	0.00345076907929723	0.0023041573455896
0.000100104651145312	0.000453922486300769	0.00676674411822102	0.945788335595241	0.0154541847342365	0.012287997833482	2.31453352526485e-05	0.00189945781975308	0.0172261074263671
7.55669636747681e-05	0.00610929370538653	0.00734824797476924	0.924333464489399	0.0281575181670805	0.017447510881271	0.00102400544482336	0.00146243367469504	0.0140419586989002
5.31854325293464e-05	0.0113922116412059	0.00583542076951097	0.92805961984267	0.0313058455990992	0.0154157867344957	0.00114201961368206	0.00129053632904481	0.00550537403776224
2.40408265549715e-05	0.000278693867589	0.00639657393090118	0.932095289222298	0.0122293837667071	0.0224531019450112	0.000232415805982963	0.00812220010752796	0.0181683005274276
9.81940976588706e-05	0.0180827871518501	0.00517611076902408	0.946250318111771	0.0119952377755119	0.00680608952877297	0.000702420106778138	0.00314108363593412	0.00774775882269857
0.00672035920220364	0.00286269233273439	0.00406783091909643	0.940529995826703	0.0212365866685639	0.00995412665793972	0.000880393782864452	0.0098903148473115	0.0038576997625825
3.19896930651971e-05	0.000157946850182523	0.00753500995539468	0.935006456880278	0.016790268931653	0.0198673296487967	0.000678525899676169	0.0175529214301543	0.00237955071079892
0.00409493568189488	0.0228870590618274	0.00518483101901788	0.909920258973056	0.0202901060809275	0.015041362175964	0.00193912319622658	0.00511657036946133	0.0155257534416246
0.00395705712668714	0.00372499635981886	0.0106541843220989	0.936908672324555	0.0268625523362861	0.00688692646892335	0.000163346285729329	0.0101355595292941	0.000706705246607227
2.93194788787266e-05	0.0274730211969003	0.00695650530364302	0.919081917639428	0.0346383612678957	0.00965681465368461	0.000760282658139852	0.000949971240449242	0.00045380656098081
0.00104206812811492	0.00288298900205373	0.00693633506516528	0.94823057546569	0.0211967145891924	0.015411933071467	0.000245075670276825	0.00203398006076103	0.0020203289472789
0.000191675427913694	0.00454767871966337	0.00646245795474797	0.942264154956301	0.0212391531449554	0.0177103373770194	5.03011037972606e-05	0.000161019198633534	0.00737322211696853
0.00194464321025771	0.0034784687785933	0.00372993636031384	0.936555501218888	0.0193079735018546	0.0271305963807344	0.00116940491252019	0.000829187523972507	0.00585428811286536
0.00269446184196995	0.00987356752706763	0.00465635333601199	0.932133627172778	0.032078279380887	0.0019088729204149	0.000558585991868305	0.014510668408268	0.0015855834207339
0.00167047138266498	0.0156863848541041	0.00322797763646367	0.934671808339903	0.0330638072460532	0.00746330167146969	0.000126700631531611	0.00139340772287773	0.00269614051493223
0.00483779951272354	0.000305741352041213	0.00814991513024373	0.930825279374236	0.0298210380730387	0.0241726170328696	0.000352077323498508	0.000211980233845256	0.00132355196750324
0.000696906153986665	0.00731191495505746	0.0125543328855491	0.923233692353477	0.0264739329048527	0.00480500290195641	0.00155931760900481	0.0228297585716286	0.00053514166448722
0.00171941864585727	0.0177434947562798	0.00434107849631925	0.928927355257749	0.0297257317637719	0.000678152306118897	0.00119916292977487	0.00807136671193035	0.0075942391321989
0.00815266711076484	0.00224855626601138	0.0127829611238348	0.931233837294128	0.0222761616414548	0.013403048420091	0.000726376684889303	0.00658761552860077	0.00258877593022557
0.000665867771438937	0.00150167506813081	0.00799553839939533	0.954760206872564	0.0128039202892812	0.0118082223781938	0.000200466547177359	0.00961693943185924	0.00064716324195949
0.00821312634852121	0.0176848173904365	0.00460872984653314	0.930515823746459	0.0254503055850035	0.000485561409595885	0.00127784408496909	0.00583168522120998	0.00593210636727143
0.000140783403509879	0.0109341901855331	0.00494405643341624	0.92651589869797	0.0235359209941338	0.00997175225663547	0.000580526434043836	0.00350836914992353	0.0198685024448347
3.66348768129186e-05	0.0200217619416596	0.00197874193858949	0.918199991249918	0.0302461012544748	0.0106150897269896	0.00114766059650707	0.00026075155833507	0.0174932668567129
3.76914817557292e-05	0.000397847302460446	0.0118784721349833	0.95151955811695	0.0147293000969924	0.0144727779729882	0.000190793054872834	0.00660206551916741	0.000171494319829955
4.54061032067692e-05	0.0140184735039022	0.00495021913677007	0.953415420821597	0.0119701635826589	0.00882748979122251	0.000617278588694876	0.00401872403858522	0.0021368244333622
0.00312775848292917	0.00914512300140462	0.00176545223083949	0.940425911172653	0.0289735573010722	0.0114637437426678	0.00105548986069801	0.000598137579560291	0.00344482662817501
0.000509551530982027	0.000376053191630725	0.00217844539545836	0.962165686887714	0.023278821105824	0.0044681998523936	0.000746757805671306	0.00305066731254196	0.00322581691778422
6.46020175521753e-05	0.00798806577269449	0.00367394501899177	0.929529094197196	0.0331426471583164	0.00296206480862888	0.000353370058078728	0.0117073863073544	0.0105788246611876
0.0303697917362738	0.00428528111643819	0.00398322287370386	0.896240870605938	0.0228225392219903	0.0129500465190014	8.74169520137753e-05	0.00609099676955065	0.0231698342050898
0.000785596409229092	0.0248617093806942	0.00467875470636106	0.934156349984457	0.0263827442604274	0.00130072355552569	0.000530207341377943	0.0039522893611817	0.00335162500074584
0.000448642901135494	0.0305313314256099	0.00454682504587546	0.930435672269997	0.0149058392753737	0.0101023622413239	0.000934870880751658	0.00274034419099119	0.00535411176894139
7.72294093200579e-05	0.0120924060833014	0.00608943043907309	0.948637221114457	0.0165973325654839	0.0129611360828932	0.00037657207108903	0.00137819761643156	0.00179047461795034
0.000162847048842085	0.00871402249294734	0.00626459397241863	0.948092946598115	0.0204251289730864	0.014457529955076	0.000620356504907597	0.000574981058301941	0.000687593396304718
3.47578613622574e-05	0.0166627906941897	0.00653176716158559	0.94579207879041	0.0224829215078105	0.00512356388998071	0.00157710187975991	0.000252328590941085	0.00154268962395965
0.0114526235500524	0.000287446073335979	0.0078004087529897	0.926701721597844	0.029424793579817	0.0169292227739647	1.25743358258811e-05	0.0044333294993154	0.00295787983685481
0.00169751135963572	0.0118900963208919	0.00305115448867551	0.945586816301339	0.0204126397637244	0.00585365272339061	0.00182570984021177	0.00630531048303491	0.0033771087190965
0.0100066219778427	0.00467473782974608	0.00367576198617818	0.93062588997691	0.0157366531666395	0.0173207142442722	0.000499547861701867	0.00585834841616235	0.0116017245405466
0.00539109068217139	0.00571588258477946	0.00583354924711976	0.940036047377268	0.0194162385325609	0.0102373235665683	3.110657587192e-06	0.00175892626941772	0.0116078310825275
0.000665338740003163	0.000187561822794228	0.00975610565910003	0.941720862176533	0.0185785447111092	0.0169419867352921	2.71063761841285e-05	0.0103794641675589	0.0017430296114249
0.000100941319725785	0.00576327768014667	0.00551466003645159	0.915062590465642	0.0403897357110839	0.0198579931075946	0.000613578228144452	0.00145899302224949	0.0112382304289614
0.000234921359622096	0.00949678760317641	0.00480305478566965	0.952627290626269	0.00945004698178744	0.00652446718420365	0.000125345705335456	0.00100155893961286	0.015736526814323
0.000193202554183592	0.00237681990890573	0.0108751217435707	0.932381329725133	0.0304730786500788	0.0189138915871344	0.000167253137312856	0.00238824246218754	0.00223106023149381
7.98246732496515e-05	0.000275613242049003	0.00920146211583988	0.947237304632083	0.00862996712294866	0.0256250388181056	8.82193863644605e-05	0.00153050202860681	0.0073320679807527
0.000186345969324562	0.00349809157927475	0.00776825375342887	0.956993206248326	0.00896038028405047	0.0195113747305175	7.92630163877216e-05	0.000698071042438431	0.00230501337625149
0.0003677245682101	0.020153098731188	0.00638318261480315	0.899554140964846	0.0342815633511879	0.0247945002315842	0.00621609495996009	0.00255003199062131	0.00569966258759991
0.00093287925943011	0.000303788374836719	0.00694333917924576	0.949257903084741	0.0205984965610478	0.00486449457928875	0.00074094775338219	0.0161395781499977	0.000218573058029968
9.30644392412503e-05	0.00421975844248751	0.00549047329260824	0.936925068673838	0.0173504168692543	0.0176022433788591	0.000164852052634566	0.000157319051285644	0.0179968037997914
0.000198126697312958	0.0144653131255098	0.00486485656258291	0.943903130370773	0.0103278976317964	0.0129468880662119	0.000222472751292103	0.000565587435744346	0.0125057273587765
0.000237376141658321	0.00756585931187576	0.00585388105744741	0.945446011978868	0.0202487479707164	0.0109023465568195	0.000374542409288282	0.00220769313873833	0.00716354143458785
0.000489808458271815	0.0198639050685971	0.00593923682224328	0.923761062738135	0.0365973011775354	0.00141021426376525	0.00107801212421807	0.0106627411238108	0.000197718223423078
0.000218708995308812	0.0109492754963751	0.00451299184253604	0.93691993120833	0.0286929648355956	0.00976885167349179	0.00039485073351885	0.00441990165553326	0.00412252355931073
0.00158793142597385	0.0130659178961564	0.00696942572711932	0.942028492915792	0.0242820675501089	0.00822102220282412	0.000816197833538195	0.00131106908525292	0.00171787536323466
0.000187369806567196	0.00236390131060741	0.00688827586421552	0.943346993390997	0.0175153771665296	0.0174147481260007	6.82033338391856e-05	0.00745326136143399	0.00476186963980986
0.00193797321526012	0.0040425624337045	0.00479162324120287	0.933597257165385	0.0215149818468656	0.0174745915634978	0.000832775975932394	0.00827366151770323	0.00753457304044807
0.000198754890450243	0.0241124611231636	0.00751395017425881	0.939862230300473	0.0064842001865145	0.00276663877821202	0.000246720168854638	0.014713310686866	0.00410173369120753
0.00307672121362754	0.00161696028561014	0.00818746671625889	0.930009252765404	0.0147105576248532	0.0256747162431627	7.10956402908288e-05	0.00351837857367199	0.0131348509371208
0.000235335636113719	0.000717802260548006	0.0065162336991664	0.947315124387517	0.0199401028100797	0.0123455376084734	8.69912131878659e-05	0.0065574642621109	0.00628540812280316
0.00212602966990823	0.00975195789923508	0.0048342092752928	0.922776186549987	0.0160050802234623	0.00956237227041503	0.00154274824586782	0.00482239094403763	0.0285790249217939
0.000923621615757048	0.00640299352048818	0.0044610529365715	0.924389371750707	0.0357277444071062	0.0171443081258661	0.000440047152551418	0.00104649856689613	0.00946436192405657
0.00121524249202841	0.00161024592149203	0.00686486784950263	0.939858101584654	0.0165772106681179	0.0186993977580177	0.000265141413267853	0.00573831349358499	0.00917147881933472
0.0074522326423394	0.00376973463366658	0.0030826317317563	0.948897774686831	0.0169219098147651	0.0166670425754006	0.000546213707347958	0.000820862580743343	0.00184159762714929
0.00124069060864184	0.00814334735287467	0.00273574941964815	0.937324037340964	0.0279158452804681	0.012368346965193	0.00053921002199402	0.00380737908655423	0.00592539392366141
4.42502584155324e-05	0.0108682734613202	0.00534483073059193	0.940766882565345	0.0250231616383909	0.00585126744190074	0.00084594064756834	0.00721008965169405	0.00404530360477318
0.00219482505376491	0.00557232886115044	0.0309964873660825	0.889478021685149	0.0167431248339611	0.00101576787289122	0.00324891575376251	0.0354866213569497	0.0152639072162888
0.00037812473145921	0.00638387088652499	0.00422399159506954	0.93909668637184	0.0238115429235648	0.014116102293205	0.00054607986329386	0.00841465971727958	0.00302894161776345
0.00424538401972988	0.000618955553209097	0.0206983323497474	0.870679636613654	0.0502223225879175	0.00440512231800411	0.00341814158360894	0.024751482522595	0.0209606224515345
6.98285816509699e-05	0.000230907284294639	0.0099217778016831	0.945495246796901	0.0229747237947458	0.00647490035683262	0.000168792040468482	0.0113308059188584	0.00333301742456527
3.19334405531564e-05	0.0015896123123424	0.00514283403417821	0.947184284130156	0.0306431919118311	0.0110278299733831	2.59537556328995e-05	0.00417549555119837	0.000178864890724412
0.000568880864656885	0.00364285948030804	0.00445569201533912	0.937883878309494	0.0164966522310905	0.0170143059024074	8.84458125737056e-05	0.00792688172842952	0.0119224036557012
0.0105377554010732	0.00253766034569685	0.00490131556099681	0.918001256318483	0.0360862225863686	0.0128418508635167	6.02810394940015e-06	0.00518034473472701	0.00990756608518883
0.00156949698785134	0.010481623077486	0.00480674364985498	0.927278256704861	0.0293725013208458	0.00627702269797629	0.000169529360102168	0.013347719203583	0.00669710699743971
5.6063260490802e-05	0.0342192923808137	0.00860811059043797	0.938473480667434	0.0112057308696469	0.000493067902139809	0.000971393600883263	0.000699652035824231	0.00527320869232909
0.0142575650943176	0.000340615896969955	0.00555291630107471	0.930219628041405	0.0326085488155213	0.0146215901817665	7.03244028773743e-05	0.00218434689674877	0.00014446436931859
0.000599185062567366	0.00883618163754561	0.00547822665860716	0.955253409822316	0.0117382464412441	0.0157734055689625	4.14240462287623e-06	0.000822716903901011	0.0014944855002329
0.00118412678520161	0.0228086206907669	0.00518515046029906	0.932859608985235	0.0149949794913026	0.00228158384198977	0.000170974699112563	0.00642014067191608	0.0140948143741764
0.000264632228183839	0.00176584940448897	0.0162244682891062	0.945348167659016	0.0109158899571325	0.00209590749385138	0.00262341282353339	0.0185444041485496	0.00221726799613815
5.13070389560472e-05	0.00580237995783723	0.00744150888003882	0.930066368738299	0.0237182805590969	0.0121729138139461	0.00141019831460149	0.0137694592790526	0.00556758341817135
0.000413420704579243	0.000436257948391549	0.00259986747803225	0.933413432800511	0.0302602353123847	0.0154838811933173	0.000167019068729498	0.0069995513985537	0.0102263340955006
0.0031932298043842	0.000192429100661445	0.00655170254398975	0.939176546250548	0.0332431783836525	0.00371410389381206	0.000282857317250562	0.0134023274460739	0.000243625259627657
0.0022078765582716	0.0258357314406888	0.00448744184762512	0.920663044603452	0.0259089120636178	0.0143688715465957	0.000759555037056408	0.000459148833590247	0.005309418069102
0.000864814953702522	0.01229805892038	0.00826060964471948	0.939178788631765	0.0270613051896421	0.00387275512235005	0.00124635143450184	0.00510393739242931	0.00211337871050991
0.000657244470100174	8.84550753995677e-05	0.0108816116964616	0.939525798974046	0.0178512945793549	0.0142971691158874	0.000625370505688105	0.0144430463782718	0.00163000920479094
4.87860789976083e-05	0.000989932469650977	0.00556364268962157	0.946567662171116	0.0142700337750891	0.00876120794763607	0.000774436236224286	0.00857083624853582	0.0144534623831287
7.88286866250971e-05	0.00630516029022748	0.0069427110516149	0.939388878672542	0.0139287487184756	0.00622251828901894	0.00101031489730139	0.0135439093242892	0.0125789300699055
0.00136199540603091	0.0130141769617015	0.00362652020704054	0.944950307999835	0.0146080229405182	0.0142293836990877	0.00024364315514016	0.00571802554830077	0.00224792408234491
0.00353891371920592	0.00141715742232826	0.00545749854045247	0.93443949880801	0.029523919040426	0.00795330951835026	0.0021780329075001	0.0147283703746027	0.000763299669124558
0.000246116818560213	0.000927046961593571	0.00411221693980599	0.931943239764951	0.0320497407416933	0.0169974958179076	4.58306758122107e-05	0.00352565149187349	0.0101526607878022
0.0025780723301499	0.00203489282022325	0.00687909849307076	0.927010988885913	0.0313358554425923	0.0245934375686328	2.94473859729103e-05	0.000761585290183142	0.00477662178326205
0.000811258197987509	0.00110146824932749	0.00470489552776449	0.942669250450806	0.0317141201738027	0.0131615451036174	0.000294682678282283	0.00456451004051561	0.00097826957789628
0.000636816441036047	0.000653435538776519	0.00941672362618758	0.945503138172471	0.0275937747885607	0.0141605853758149	3.29194023067131e-05	0.000728075414813008	0.00127453124003366
0.00125099555081513	0.017735070806721	0.0055347637812693	0.936792502318273	0.0160873657373757	0.0053190837963452	0.000697444821347868	0.00521788753396599	0.0113648856538869
0.00155452908900936	0.02446750470778	0.00650790278911383	0.907073356422285	0.0329650450443791	0.000341303372674546	0.0100452499287519	0.00757534050743891	0.00946976813856784
0.000686747771937714	0.000890599514560601	0.00794489714488729	0.940961290192043	0.0180444082328966	0.0272944866316517	0.00121192094284786	0.000765569037604049	0.00220008053157167
6.84190727887606e-05	0.0156706343817298	0.00502779519762191	0.932453658606469	0.0154901291200817	0.0156408863313143	0.000606905175121868	0.00159508443225656	0.0134464876826162
2.917017624238e-05	0.00164134746742967	0.00546993494069936	0.933371326727945	0.0275478178073149	0.0235268178235886	0.000388465589619565	0.000607006454115519	0.00741811301304503
0.0038977257184548	0.0169745819115648	0.00494377310659043	0.924029927813744	0.0269867782445862	0.00753216027082533	0.00225184991548145	0.00192500209917378	0.0114582009195795
0.000274883871866614	0.0456666460674047	0.00783131907967243	0.919091325635383	0.01858992455433	0.00181768830406592	0.00309717167648672	0.00332961248540912	0.000301428325380984
0.000144763051097383	0.00418204576770218	0.00541725090621599	0.938347944207837	0.0239823851879212	0.0205875650271513	0.000456850749054406	0.00259332619637197	0.00428786890664885
0.00140878810088713	0.000693700300005052	0.00647043174311564	0.95000029697707	0.0204986771803371	0.0107287991192878	0.000789698237419252	0.00786339052124695	0.00154621782063153
6.68013523060995e-05	0.000227034974962809	0.00383032560212283	0.929748020735659	0.023682732998844	0.0130332043658358	0.000660523506664794	0.014405306642894	0.0143460498207106
0.0105663366615658	0.00103710702771469	0.0377836409542348	0.880136553841554	0.0210650613088887	0.000323141147252891	0.00839277469403812	0.0402674463343944	0.000427938030356868
5.21646783466332e-05	0.0134988002158657	0.00720719056222263	0.951769222214816	0.0137813471123145	0.00501836473281004	0.00162541906899106	0.0038027979783688	0.00324469343626504
0.00033580863422588	0.00278759949083409	0.0118530319926214	0.924122969972968	0.0243296835688873	0.00639824000891837	0.00135429303904053	0.0241163489244431	0.00470202436806092
0.00446503961568003	0.00732412967532459	0.00164437755743137	0.941985443610715	0.00976570130680069	0.0199580675029541	0.000256952921173634	0.00365030982974849	0.0109499779801724
0.00345124139292062	0.00730586428833076	0.00253717463529715	0.915880301176803	0.0193947451328916	0.018088623574001	0.000177132409744306	0.000595633677403617	0.0325692837126082
0.000331301747175914	0.0069355291874481	0.00539406618295735	0.934012689405935	0.0308245940276809	0.00966992014023255	0.000121169434021628	0.010044597310581	0.00266613256396799
0.00190864802208566	0.0190491674461464	0.0057820552630895	0.943654780929145	0.0121557779063147	0.0106646568742526	0.000364984513554328	0.00569297181384846	0.000726957231563311
0.000478543813304097	0.000258851375714805	0.0145363988137832	0.945654150576454	0.0220459708407532	0.00744772893239325	0.00015253805985767	0.00887077544620279	0.000555042141537138
4.23123982408482e-05	0.0137521685787543	0.00587288814066297	0.929163320598332	0.034284519502456	0.0105450377724978	0.00183815899100019	0.00429199866474642	0.000209595353309259
0.00211051328518971	0.00573270965719493	0.00522310095845318	0.91041859245215	0.0481237689821396	0.0179746386516243	0.000730995772780231	0.0094170679179749	0.000268612322492831
0.00428067177255141	0.00224902941818071	0.00775929881119226	0.942545579151392	0.0219786690971767	0.000507549088660607	0.000381325362870419	0.0187166428713968	0.0015812344265789
8.86865856981662e-05	0.0204628767004262	0.00698467217493861	0.94239970748956	0.0230956275081179	0.00281554328361194	0.000576347594220122	0.0028475459230559	0.000728992740371021
0.00217003417587837	0.0157047396108319	0.00437592726077632	0.933956453653811	0.0187208604746064	0.0148266310892995	0.000853522094406085	0.00032647942797266	0.00906535221241796
0.00830513068564716	0.0158790812649933	0.00130885502673683	0.934663179377952	0.0312168670345415	0.00076472251514168	0.000213810866288474	0.00693744902280914	0.000710904205889748
0.000173023766200534	0.000665613450484969	0.0120943220443793	0.941270091967527	0.0125401373752191	0.00615882509011229	0.000893223841229963	0.0218223576753799	0.00438240478946708
0.000442590705783368	0.000374577446906152	0.0108457502641753	0.956421204113833	0.0145739512241531	0.00084169053721469	0.000433076277344917	0.0158612369189043	0.000205922511685338
0.00045330544017189	0.000967783308191002	0.00642716880901997	0.949054756122215	0.00924479975996983	0.0285396100771346	0.000598433998298572	0.00289706190967317	0.00181708057532617
0.00369589852258726	0.00267458790899547	0.00547577371415762	0.943335090074906	0.0129975970841123	0.0156186377079936	0.00107320695378166	0.000839967808701914	0.0142892402247648
0.00198613858253127	0.000264355450301316	0.00416478365127709	0.931063665690751	0.0249925186700885	0.0252946595434056	0.000711944168480372	0.00146596728731672	0.0100559669558483
0.000267252105568578	0.00346373178100086	0.00520464575182745	0.94719474688822	0.015431830842227	0.0111687588768319	0.000592933142747399	0.0100584523235524	0.00661764828802418
8.47647955429987e-05	0.0156416872243634	0.00435240016652611	0.937390506166921	0.010712910648057	0.0112440634335478	0.00106844504400518	0.00137469150490006	0.0181305310161361
0.00387715366818589	0.00281715824383083	0.00918659933368064	0.941037030249202	0.0190272205979335	0.0160183339647034	0.000465510557476492	0.00561618663191237	0.00195480675307519
0.000731828720135931	0.0099733352741743	0.0051110645814614	0.935559124506079	0.0299393540778733	0.003047959840028	0.000451919724797978	0.0133206474113091	0.00186476586414131
0.00210427568787267	0.00693758745117114	0.00897034544654325	0.93169365949781	0.0284261223667617	0.0139669807525466	0.00016011707337842	0.00224700779919505	0.00549390392472121
0.00126805475554185	0.000330079370447374	0.00734935075886397	0.931553222233082	0.0289334300518812	0.0186438271460531	0.00147271144923926	0.00685644342044099	0.00359288081444961
0.000308139742531582	0.0266205831289979	0.00661583235137444	0.930119832507474	0.0148763089917337	0.000322874741409142	0.00181387912743978	0.0127713749902711	0.00655117441876888
