Basophils	Bcells	CapsularFibroblasts	cDC1s	cDC2s	CentralVeinEndothelialcells	Cholangiocytes	Fibroblasts	Hepatocytes	HsPCs	ILC1s	Kupffercells	LSECs	LymphaticEndothelialcells	Mesothelialcells	MigcDCs	MonocytesMonocytederivedcells	Neutrophils	NKcells	pDCs	PortalVeinEndothelialcells	Stellatecells	Tcells
4.77108017581849e-05	0.000125226809758782	5.77536762354053e-05	0.00150907808145702	0.00220399377627232	0.000457253076086336	0.0648975916330589	0.000212875243252924	0.852090151411091	0.000994694569169587	0.00125970930797498	0.0462153464435635	0.00129971942213155	5.61774478577253e-05	0.000867510579704162	0.000141644359978079	0.000503626498502556	0.000914471587597611	0.000295761630477503	0.00246778828128415	0.0190730402841209	0.00398395625270688	0.00032491882596026
2.58638143716219e-05	0.00100797807484227	1.5791086883e-05	0.00991220410211947	0.00030733939059685	0.00935701890321818	0.0422362508066507	0.000788838719685046	0.853596229164444	3.03480646282888e-05	0.0299396717702045	0.0319084952690303	0.00768226376737275	0.000373624144737402	0.000109331956479171	4.31979846406234e-05	0.000299147591244477	9.97848742993103e-05	0.000747220527599043	0.000981978643102263	0.000320064427864727	0.00933954253274288	0.000877814383242753
0.000888688831475889	0.0200985805216985	1.64760204218478e-05	0.00743429502203981	0.000232970081081761	0.00038962388361774	0.0372075003065571	0.000165723370306094	0.777364473417934	1.86976491153451e-05	0.000332375973312973	0.0449977169661339	0.0264681459688819	1.25066724899498e-05	2.87275313952883e-05	0.00281093597490147	0.00712704828821983	0.00186191393615212	0.00352776133370073	0.000542011955276409	0.00143407346042894	0.0307013816236042	0.0363383712112537
0.00133072027801981	0.0260700671706707	0.000166967172217398	0.00513085824964821	0.00127100717258969	0.0010669473387875	0.0529234213613387	0.00313747873701298	0.833167658323195	0.000822241740947878	0.00244980664511528	0.0400604293966208	0.0136963978628606	2.31366089376784e-05	0.000918124128507342	0.00140193147326862	0.00065693334503756	0.00214160712878904	0.000447209105032606	0.00115176594889576	0.00340545417338448	0.00741711694797356	0.00114271969114891
0.000116721400664308	0.000231665291316025	7.66100005960508e-06	0.00458074851375641	0.000116011202334869	0.00262990958009792	0.0521818337654263	0.000296405378439971	0.83415103157241	1.92823357252601e-05	0.0152788258610166	0.0347926378176189	0.0178847707529683	4.58289004156791e-05	2.83459843852421e-05	9.36588302475808e-05	0.0114738152803663	0.00153332478246621	0.000240546070689739	0.00178361008835624	0.014496873492679	0.0070124103436898	0.00100408175486992
2.35385636470639e-05	0.00362065282823778	2.8121409074081e-05	0.00886704422380498	0.00152522031429329	0.00111280139898728	0.0444342408753505	2.83373307078885e-05	0.825510040543663	4.74298816945618e-05	7.46647856454148e-05	0.0154794019427259	0.0284145228046849	5.82561146875518e-06	2.20338088431667e-05	0.000186438501678558	0.000103381232324883	0.00225997394129451	0.000107072474068714	0.00652191419224413	0.000188538544750266	0.0100479168894802	0.0513908879013303
2.95893059907261e-05	0.000571798747743182	0.000339760009236655	0.00686628426622962	0.000208766045974918	0.0051818913874258	0.051122440146402	0.000301234985199324	0.858330282647269	6.75681966802822e-05	0.000452462586140335	0.0253869652295477	0.0186963260617513	3.00030164166729e-05	5.47375412694353e-05	0.0030910874100489	0.00436449398254592	0.0056938906190397	0.000317814862392216	0.00412832890063861	0.000788198487276281	0.0126756661428836	0.00130040942189755
7.32070425144786e-05	7.89818040183485e-05	1.07833959552554e-05	0.000577147703518143	0.000147980194570039	0.000668358593778652	0.0624230449347381	2.80109624330946e-05	0.821497079220603	0.000172443366738816	0.016942341325257	0.0395933955553673	0.0258270256757854	6.80127958459246e-06	1.37734512337121e-05	0.000725320572461822	9.71533827063273e-05	0.00667022496771929	8.21196774701651e-05	0.0088051346030145	0.000634914007181152	0.01470155832438	0.000223199958970682
2.84860284578022e-05	0.00294389184701113	1.61043475934689e-05	0.00868192348333859	0.000308052924708344	0.0237024110201466	0.0470866930806874	3.56947569697688e-05	0.856046410689065	8.27353398878586e-06	0.00111532144206189	0.031872726552279	0.0105849252014232	1.39249138351671e-05	0.00151000068551401	2.85178849241085e-05	0.000346337860749731	0.00146962326160631	0.000647894571846453	0.0034730768874709	7.9761496042176e-05	0.00949659145210118	0.000503356078179177
5.55161198199534e-05	7.96080378699726e-05	8.57055824324921e-05	0.00356668797036436	0.000334558480365934	0.00674659743574259	0.0521926667996826	4.64266197082734e-05	0.875184471523279	1.14738810485436e-05	0.000499772607695878	0.00981009613505212	0.0235451063234162	0.000463466078768475	9.92928757070055e-05	0.000441617822390917	0.00326859645172542	0.000841101563469652	0.006835405702836	0.00767557100417567	0.000859895892718402	0.00618190097468654	0.00117446411704438
0.000172335358553589	0.000608699680001544	0.000245195389599514	0.00726175104517872	0.0143865044395856	0.0339185270529952	0.0352921506383591	0.00534126172858875	0.810824897281925	0.000115977006166649	0.000956588463677471	0.0331936627163	0.00923395099636784	1.02874421329253e-05	7.62993260736463e-05	0.000435898538396141	0.0101781289864544	0.0017016204360306	0.000890763122623647	0.000440247302435911	0.000747053121543507	0.0097796969106873	0.0241885030163229
2.40383518307456e-05	0.0240469957720152	9.90138860139875e-05	0.00144014740853948	0.0015949263553943	0.0127992303314922	0.0439410166326267	1.58520696286358e-05	0.814044066865524	3.31639784040817e-05	0.0062453934978883	0.0288853888418261	0.0184890689975165	9.57076312023422e-06	0.000344038134650059	0.000236082246068273	0.00943626394887333	0.0120419533219352	0.011395785094584	8.25925408157118e-05	0.000159480341562216	0.00354215503953965	0.0110937755801519
7.58711041037837e-05	0.00849436918849913	3.79926028703845e-05	0.00959967551892656	0.00501950022527521	0.0148923606296293	0.0484297865636775	0.00013915627962098	0.833994523414574	3.68280125518936e-05	0.000241728922160116	0.0166912550974602	0.0148732763168163	1.24395788597743e-05	0.000101626957710044	7.84132793803216e-05	0.00116652194911747	0.00940520811760116	0.000366073967708241	0.00107651068998274	0.000658772472711837	0.0115333991172794	0.0230747099934841
3.3494762775635e-05	0.000158051616167944	0.000399716877842276	0.0153465831598551	0.00141553622210587	0.0183562618300821	0.0437933577832287	6.83148294514897e-05	0.85010071595248	0.000336000602241119	0.000143849327646051	0.0183330863962395	0.00679989004792937	1.41025739946857e-05	0.000231810573140742	0.000119562162712946	0.00107774227542712	0.00141556896634068	0.000347162488574879	0.000516647756531063	0.000418067523530893	0.00727434779814666	0.0333001284735555
1.46116097998309e-05	0.00332330569774377	3.78740650298781e-05	0.000305890488670239	0.0178767728129649	0.000538684564761519	0.0409229155981954	0.000119336286746471	0.831278378963666	5.87888233479509e-05	0.000330488106948026	0.0391149904374703	0.0104178008974614	1.38008373835709e-05	0.000398893215478328	0.000650007823192554	0.00134439419704816	3.60664784375604e-05	0.0179613416553453	0.00710462421991182	0.00982560042609635	0.0116454754632699	0.00667995733103082
8.57101278880859e-05	0.000115004719293446	3.84321037518109e-05	0.00521814777434278	0.000242802589552978	0.0582433469722029	0.052355567064588	0.00202444478071112	0.811971834186455	0.00012999664721525	0.0018285982113314	0.0155829344484402	0.000463751700468348	6.13617198445871e-05	6.39112704303286e-05	0.000533488313658432	0.00428686012315761	0.00912832588216577	0.0120829980018847	0.00089643636669079	0.00647697925772815	0.00670093324674403	0.0114681344914543
2.49015126640921e-05	0.000281449269876595	1.45565326867423e-05	0.00333331327177679	0.0143359941983142	0.00284197943716388	0.0420578034796408	2.28034504261802e-05	0.835423380300801	8.24053134439308e-05	0.00023920053280556	0.0103707292492686	0.0263571658071767	1.60320804121942e-05	1.33974541512784e-05	0.000174302717214686	0.000560368481106681	0.00031820678264374	0.000345217997549476	0.00942701255006966	0.000214552557106552	0.0106885718900066	0.0428566551336936
2.29959422818919e-05	0.000332303266883567	3.79700556744268e-05	0.00816201468567621	0.00435151533653603	0.0101598113002479	0.0398006922194983	0.000177394209752273	0.844638936589223	2.05239534651964e-05	0.000238490256384775	0.0242567951573615	0.0118091232829148	1.90840599548103e-05	1.65439355486678e-05	0.00374785181156632	0.00024602099205278	5.46343109120435e-05	0.000236105464476501	0.000314044820813483	0.000826741094023361	0.0159263095099639	0.034604097744789
0.0016731726802546	0.00986492621787368	1.60843219835081e-05	0.00764989773407911	0.00488992253291711	0.00205182943731706	0.0481668729119248	0.000206568996715921	0.850457087451942	2.86399577287382e-05	0.000464573376858381	0.0399243623714855	0.0165284062216099	7.35741461417746e-06	0.000482521529694131	5.97002940539044e-05	0.00151444219488742	0.0020052444338705	0.000381299080718585	0.00495366810645768	0.00138225242804296	0.00653940953136501	0.000751760773605439
1.6277020430361e-05	0.000806188931664048	1.04326749996251e-05	0.00183298660776885	0.0229638988450249	0.0342685710524187	0.0533889630090821	1.04215285319994e-05	0.833696125166011	3.95347256809773e-05	9.39943999590508e-05	0.0291985042893922	0.00394809401882914	5.88349383722253e-05	4.42624545051754e-05	0.000341695621335321	0.00171355743886246	2.69616412672617e-05	0.000102696847968183	4.05474280180133e-05	0.000382359805515193	0.00848517885776333	0.00852991269660074
0.000409481579556692	0.000547410054785833	2.51017733308522e-05	0.0148738332363165	0.00102760492003873	0.00171721809294097	0.0408994780628298	4.4881347827527e-05	0.827477331704516	0.000683828052422274	0.000438154125846822	0.0250223116298255	0.0355436940788647	2.95527407844738e-05	6.8864634773775e-05	0.000114985659561364	7.61860327906996e-05	0.000114844793303643	0.00107958946292863	0.00219290988040217	0.000174941582887026	0.0189425903571348	0.0284952061963311
0.000281505877542539	0.000518249682505704	1.71904738389237e-05	0.000616063873783029	0.0141795724575801	0.00729638665099882	0.0455481640283752	9.84286783616535e-05	0.8315467806543	3.35440428324275e-05	0.00140303249209804	0.0186693250577415	0.00858301114556665	7.53639678119894e-05	1.80121607047937e-05	0.000787091682790314	0.000404009436024578	0.0039283509508652	0.0143139921008493	0.00759431476295087	0.0101605731116688	0.00750935262519565	0.0264176840856145
1.76188926732608e-05	0.0142485817643655	2.0309503897395e-05	0.0104290766909574	0.0150444325789164	0.000600871413386772	0.0384032169018256	0.000506147947798341	0.798809179333238	2.7334227069906e-05	0.000106389955593298	0.0344727326903488	0.0370716459888275	9.33001839254989e-06	5.20349723155868e-05	4.46112120391101e-05	0.00141318495214391	7.59234551290152e-05	9.17150523841765e-05	0.00793418342674973	0.00143347623331423	0.00323047645569428	0.0359575263329393
0.000206356844791725	0.00289406772027836	1.29363956968254e-05	0.00264794566210081	0.00595390133312833	0.00168876028729468	0.0590657855914946	0.00698131907182111	0.842423417950863	0.00321159727101159	0.00107993808569807	0.0211076741600446	0.0107188589251632	0.000110545132443967	1.30466689855077e-05	0.000941675172418777	0.00244927347094246	0.0130619336777174	0.000468173011092528	0.00526639130019907	0.0139264230153799	0.00309741182686154	0.00267256742457236
0.000213848601401464	0.000195970263451943	7.10675022719089e-06	0.0039250980764994	0.0141214599727529	0.0192913815114171	0.0383555729272282	2.5282945332895e-05	0.849791152159007	1.75069760858964e-05	0.000200553221099877	0.0328794170663749	0.0040891961756959	1.23030051579404e-05	1.6446628373564e-05	0.0013340605482961	0.00493242115174344	6.27818648703661e-05	0.000331086533026695	0.000207792478943554	0.000639224000270543	0.0139111599071882	0.015439177235555
0.000471335113570919	0.000174744289122884	0.00070127025849115	0.00401423667376258	0.000691462604100536	0.0320341141057011	0.0512420488565143	2.30470174216358e-05	0.851329185797135	2.94798576545132e-05	0.0088659828794458	0.0170658869137608	0.00100116999268567	4.78768103984271e-05	0.00182106454864464	0.0015968059830829	0.000427939780880182	0.0016923304943667	0.000714438257457972	0.000377383384823465	0.0035914455414094	0.0193026032378515	0.0027841476017176
3.03106150298845e-05	0.00345567383380116	2.41501652742688e-05	0.00862317121353963	0.00651735584819984	0.00651696742532324	0.0485880004498025	0.000297877972264305	0.833648405513003	1.4600864746023e-05	0.00029771865303302	0.0357828682662821	0.00476073021301979	1.58743755490947e-05	6.87654197246412e-05	8.91393082721879e-05	0.0105287953150723	6.88543471795835e-05	0.000749406549465373	0.000870621939869064	0.000408945710510605	0.0159756263996042	0.0226661396014344
0.000514078252128921	0.000146502938007422	1.89448605365925e-05	0.00421744280948334	0.0236696742154076	0.0225445672685539	0.047841578044067	0.00347578397847598	0.833076226241443	0.00014495906171559	0.000125913141319114	0.0146276431143978	0.0167039728084823	3.04552542218806e-05	4.37309894887966e-05	0.000729063087102886	0.000272312154720273	0.0001461503139631	0.000466707606293123	0.00011069585014087	0.00226141062340655	0.0120859074800927	0.0167462799065508
9.22599442275852e-05	0.000147804757430625	1.91478510369312e-05	0.0122932628842323	0.000245310618813469	0.0202232628348062	0.0404227959284806	3.8565533353096e-05	0.860979293767468	0.000353996693106148	0.000225832499205428	0.0264158967092394	0.00376553191230589	2.70962160003578e-05	0.000118293756438088	2.06549464093296e-05	0.007907872399356	0.00406769353790151	0.000401534886477797	5.92099283691614e-05	0.00827144481117293	0.00879352472772289	0.0051097128564461
5.81912402547577e-05	0.000223841343019687	2.85943417163681e-05	0.00417876700446575	0.00285630505979439	0.00107957181605724	0.0467966781301283	0.0002278339038295	0.84212755838956	0.00118195275192896	0.000308393426964893	0.0526354673075273	0.00260697781779194	2.29973433915703e-05	8.40809212224291e-05	0.000800090909030895	0.00157612981216265	0.00959596432646158	0.000288076745346562	0.000758700126070823	0.0151210166538048	0.0165238581156509	0.000918952513818452
0.000564530267128374	0.00242093396482389	1.30182895217221e-05	0.00679459729048498	0.000504466661938833	0.000777799994726419	0.0525174674495705	3.86691320243475e-05	0.847415061801658	0.000547438633905829	0.000391930943279309	0.0206536363225045	0.0190717604011364	6.36813395643325e-05	2.78280500707579e-05	0.000412355567159944	0.00412914022011223	0.000753678434407929	0.000136820191240461	6.73390736167529e-05	0.0119992559147556	0.0121473323676318	0.0185512576887372
3.39128881009813e-05	0.00028348215971683	4.57631639001147e-05	0.00510443911227076	0.0151526529886333	0.000335996628522073	0.0439436828830055	5.75623763632167e-05	0.821852197778013	6.7632339735367e-05	0.000101856388423803	0.0425590839744967	0.0032863071062322	1.32952643325682e-05	0.000804012938954896	6.1913762306586e-05	0.00457941088708327	0.000790793046740897	9.37684999182215e-05	0.0003192478520954	0.010110871529291	0.0241932675497281	0.026208848882136
9.92636203744336e-05	0.000141231463947781	6.49762659728475e-06	0.00462242812177275	0.00244169978686037	0.00418399148065567	0.0565038787630617	1.39574580457984e-05	0.831562681051852	0.000975762680876534	0.0148918192764823	0.034566755049821	0.00130526833578643	0.000124702046818508	1.09262470647511e-05	6.54503040637415e-05	0.000339720772099758	0.000602405143961477	0.000907133053178103	0.00269515452645593	0.0179435037135521	0.00595935156657248	0.0200364179100988
0.00024533133314391	0.000131783788383515	4.84046107312256e-05	0.00706167163172372	0.000270704815600636	0.0528638689715443	0.0539290760001321	6.18634364892843e-05	0.858126160769465	3.37402577717345e-05	0.000280647537438209	0.0149306911407162	0.00126460877033825	2.25695695824501e-05	2.26698271595143e-05	0.00125614778559682	0.000278685130268541	0.000711613351526753	0.000148448919010316	0.00188990194931925	8.88610390901326e-05	0.00587351473449162	0.000459034630476593
0.000529793592670542	0.00390986593636481	0.000723650870490971	0.00608935167719506	0.000657414321598986	0.018558160060703	0.0458993507645946	0.0142847956450312	0.837909809245009	0.000135454765221035	0.000371796239096428	0.0302216991969681	0.00168961165361466	0.000145530470120129	4.43284231312289e-05	0.00380435467180184	0.00361006210749271	0.00165313419138021	0.000395491550912024	0.00724086802542142	0.0163074723715956	0.00351294160216075	0.00230506261742566
8.46027858744568e-05	0.000172248115342709	4.79653972605413e-05	0.00275917612434679	0.0122412168243176	0.0125692208258488	0.0533142938858757	0.00885811144854586	0.844771713616366	0.000151444459362505	0.000196099024052921	0.022625201576484	0.0202787229879192	6.94941548503261e-05	1.93194618686076e-05	0.000456536702779979	0.0107164697880598	0.00236327405312854	0.000436700769259306	0.00109728639996247	0.000373733005407456	0.00608311721613459	0.000314051376952029
9.48540973754229e-05	0.000121028684056109	1.97655101419404e-05	0.00358310849602106	0.00016724082556386	0.00022884514970483	0.0529244537206384	9.95406868867008e-06	0.859039064229121	2.21747265972008e-05	0.00813811408323535	0.030453551824371	0.0151625686221375	0.000881948525479882	0.000705559310107057	5.01912446919982e-05	0.00572482978033772	0.00019275145816952	0.000327783380659403	0.0115480581034811	0.00543827714611351	0.0029085440791926	0.00225733293411457
1.23174615415691e-05	0.00239788830017231	0.000169691774339457	0.00601974376444983	0.00984475051981256	0.0643255359073745	0.0469459626099808	0.0350447465399462	0.779668950286257	2.28879921711608e-05	0.0160390464780248	0.0239111806950993	0.0025173866331511	4.65246873881516e-05	5.65106613505105e-05	0.000262609614377035	0.00109971140964712	0.000582421422795733	0.000178844932650725	0.00341678452196639	0.000403756391199774	0.00653214513245555	0.000500602263848715
0.000329498248451554	0.000591827596459823	2.01724494817343e-05	0.000840266735743487	0.000399457719753419	0.000498847156091382	0.0567982775006451	9.88213387728304e-06	0.818243826728291	2.60109533352545e-05	0.00224622834798844	0.0574549368346692	0.00083685589813037	7.2552795452994e-05	0.000526402657323417	0.000557609357396411	0.0117155061705945	0.00228181002239862	0.00168210934435622	0.00225255329553757	0.0283081691276568	0.0125916863319584	0.00171551259440739
6.17623809338045e-05	0.00284998663465952	6.76108187848669e-06	0.00755854464843283	0.000191389099706029	0.0120845860316316	0.0410961276037567	0.000168973462426121	0.840678389472026	0.00556311615553648	0.00674769635791761	0.0268007059861957	0.0033475072982215	2.59280519663716e-05	2.52231244740896e-05	6.28902261356612e-05	0.000727994506100632	0.00109306194321668	0.00227846580764761	0.00603034165496651	0.0120852919825007	0.0253111392964291	0.00520411719324088
3.11936853031052e-05	0.000119701635035031	0.000366586441954544	0.00671993552175279	0.000389198927049714	0.0244767032412975	0.0516540540755374	7.0881921808635e-05	0.846059776491743	8.78634331612032e-06	0.0103116847867075	0.0328519479913336	0.00115895604748858	5.31302020671003e-05	0.00011634089485309	0.000443729308795792	0.00187680062080237	0.000163449794507936	0.000738413077223147	9.02029228627353e-05	0.00150367697249734	0.016842611093336	0.00395223800272687
4.87330546577843e-05	0.000861428954276358	1.9880682725239e-05	0.00943527128092779	0.00673523558038024	0.000172864368317997	0.042344158065509	5.45878758763727e-05	0.831727573237957	0.00425309130240184	0.000291050219644696	0.0376934975067399	0.0350534727091076	0.000119249094352446	0.00188584308404619	1.61010187420862e-05	0.0052753002379956	0.000526983467562518	0.000551623777969048	0.000170840888820154	0.000487883740393023	0.0126804824903073	0.00959484736129017
5.45780798523817e-05	0.000127152382595346	0.000119114503700365	0.0113682773872791	9.999118637948e-05	0.0242569451064867	0.0460521803367893	0.0109197194416241	0.823729631537227	2.05781574200348e-05	0.000140876502009146	0.0237342219954635	0.003039071333961	3.4921539469969e-05	0.000282163726553589	0.00105533381047946	0.00471445290421924	0.000119946902568969	0.00014471779897128	4.546781932504e-05	0.000234546275945214	0.00643673084515257	0.0432693804265269
2.7621100046468e-05	0.0161913792960377	1.264748360342e-05	0.00259827349685455	0.0223940233818621	0.00030575792246688	0.0580183178079796	1.34237766730112e-05	0.822681409569004	7.23959459943132e-05	0.000227526779032813	0.0216905558727132	0.0197722158071321	5.24910944392251e-05	3.42136338469335e-05	0.000148319220247118	0.00160221254723393	0.000517453433810419	0.000143452782908827	7.8392182699716e-05	0.000124664792661428	0.00973462539126256	0.0235586266814895
0.00117361766118365	0.000453845899287616	5.0749882964061e-05	0.00427864206331716	0.000479098301040829	0.0156331013398909	0.0508356620836712	0.000914406078493122	0.845200872974298	2.01857347321149e-05	0.000421648176187134	0.0276276848763794	0.0182891141202277	9.41597227733005e-05	7.63453324925051e-05	0.000370765703819323	0.00445581316290108	0.00488818464552267	0.00105710463319787	0.000271377056449086	0.00051678386990103	0.0203006936867531	0.00259014299451684
9.5329437782355e-05	0.000160961077104181	5.88401371827576e-05	0.00865892413646168	0.000629894897107833	0.0013618408838041	0.0509861788305905	7.80835169927287e-06	0.819037329188581	3.56403599063333e-05	0.000540890695698274	0.0219746217059877	0.027063066172085	1.54452778371908e-05	8.16189821444838e-05	0.00196009570411226	0.00221802414837782	0.000102162032130634	0.000523324112665466	0.00459264194811321	0.0041771907869129	0.00455942882654855	0.0511587423071666
0.000561283550376891	8.74992410104006e-05	0.000234123031417231	0.00405177884593873	0.00197689539370201	0.0160623211967054	0.0459510431210515	0.000452995017265905	0.816321109067997	0.000566625270963581	0.00153853005896958	0.0359075418654126	0.00670238452862734	0.000320417445198307	0.000148537980940689	0.000364532016959256	0.000997557538785586	0.000386952530298364	0.000389816409382567	0.00258727668081581	0.0176271577223269	0.0180955675133834	0.0286680539724709
1.8624411290446e-05	0.000171655308500229	3.11276682506382e-05	0.00797770326096789	0.0176263468664734	0.00537976058076436	0.052417487349637	0.000251072231683805	0.817112019373063	0.000541760916733055	0.000219169585790945	0.0356669133209526	0.0113587393622612	1.75916456635929e-05	0.00342945551113185	0.00160109683294694	6.252930560918e-05	6.43481474999913e-05	0.0281039758780557	9.24533744817093e-05	0.00122718256220114	0.0100566545486026	0.00657233195743844
0.000874530599340998	0.0110669617242458	1.53923972393002e-05	0.00526963732448777	0.00309017765846247	0.000430846051390432	0.0521855697834404	0.0018243019767043	0.817506620922903	3.73835400968312e-05	0.0258304355167397	0.0370351777647337	0.0134023549936092	3.42024671905842e-05	2.65236442296678e-05	0.00137822856844747	0.00581779982948278	0.000254267890361671	0.000248206065870216	0.000412483545134271	0.00799801721772729	0.0145769880432244	0.000683892474937696
5.13578165441573e-05	0.006688382982174	1.63987914226124e-05	0.0118627879013294	0.00112472346450006	0.00087114536921918	0.0475544406540685	1.70939078949187e-05	0.853088831608963	0.000324887641781731	0.00134576401444496	0.0198965819481086	0.0236421081236145	1.37780397962371e-05	7.39799423223779e-05	0.000825457813735555	0.000934899885612002	7.93873468767284e-05	0.0181763183866882	0.000658883129510909	0.00332868048601042	0.0076915361714888	0.0017325745738931
2.49158120968699e-05	0.000409075293095766	5.77299137340053e-05	0.0144596160282345	0.000340799400544686	0.00989642003610239	0.0416312531671414	0.000500498829789701	0.804295921188288	7.64199354038472e-06	0.000337749918533413	0.0642630928777579	0.0243700790553796	3.53540361276978e-05	0.000580646711056766	4.31165782570489e-05	0.0110850091137918	0.00109817201297617	0.000487152804741815	0.000132927568989468	0.000324286853448481	0.0036614637870747	0.0219570770192979
0.000687838594413539	0.00436521439738911	4.08808242819469e-05	0.00042008139814776	0.0235468958597333	0.00321595470177517	0.0390295616827981	0.000162704414387795	0.822746382578992	8.5946248765242e-06	0.000429755304348013	0.0435536624382742	0.0181259337693178	4.57826707130561e-05	4.40440646995942e-05	0.000123389139029974	0.00724493879684042	0.000184036315643584	0.000371838441550976	0.000121531295713717	0.00304094497410353	0.0268468138487973	0.00564321986417301
1.42758418669149e-05	0.0270445866481327	0.000246945983694636	0.000583031417391008	0.0213164088091757	0.000778520989439967	0.0387055265013292	7.74924260236921e-06	0.844105604585634	1.18838548391924e-05	0.000647113339965167	0.0265108582010854	0.0134734114926748	3.70184177752155e-05	0.000247988076150881	0.000152820233802552	0.00030313824904374	9.09427869010223e-05	0.00237976231789366	0.00046883756292886	0.00289310600421835	0.0186553181440617	0.00132515129939251
3.66705957384205e-05	0.000192273550502657	1.03258059536543e-05	0.00359885537416309	0.00168841593557554	0.000813713949857859	0.0714186677823305	2.8842536103225e-06	0.859132523201003	1.32628283802221e-05	0.0232609368343033	0.0306618010902038	0.00434495133261521	4.60531449183436e-05	1.19866403768277e-05	9.46321110660838e-05	0.000430377993589098	2.93116690664591e-05	7.93264642960654e-05	0.000667819321938554	0.00093829918254957	0.00140297189082387	0.00112393904713799
2.9709534594864e-05	0.000479438532105082	1.92038800700962e-05	0.00572779457217383	0.00031933484385105	0.000257019028915243	0.0603305155989446	4.06053801621561e-06	0.849774576099225	4.45924140674265e-05	0.000240297980834902	0.026216215405861	0.0064211541757059	1.83302451054858e-05	5.52270341877191e-05	0.00112561879066729	0.00401533969291393	0.0050004979093531	0.000216181482784816	0.00129526694121171	0.0338942844576174	0.00431162756600332	0.000203713275790393
0.00221652723106999	0.00104862087681864	1.12439621199107e-05	0.0138790537414356	0.00947047453258927	0.00397234399066847	0.0452829567628486	4.83549871351927e-05	0.85228336854376	3.20394796757881e-05	0.000159271128470477	0.0192646088396724	0.0233519882145374	1.60053293686809e-05	1.29532225530903e-05	0.00191058880360278	0.000294288875917328	0.00326967728950007	0.000136128537743626	0.000156499245210091	0.000142397225834858	0.0129496742770635	0.0100909349024042
4.34988056324803e-05	0.00461810051511599	1.78836473207696e-05	0.0004997861254941	0.00849530409830665	0.00100695085926542	0.0497326895469299	0.00017334301269802	0.835784361403305	1.91971619919346e-05	0.00166442270051222	0.0487479195504031	0.0121936392743317	0.000689459006912373	0.000535936047308105	4.98668530341091e-05	0.000917306845160714	0.00355805830275537	0.00152220375756749	0.00571251816636294	0.00906209044594982	0.00401329547897868	0.0109421683946625
8.17714062500311e-05	0.000655607477909616	0.000124101691636475	0.00374032535710128	0.00106657638650712	0.00678420161913619	0.0542697356234446	0.00041688031826593	0.876354552396331	0.000183200264330412	0.00183562623111898	0.0256231339087528	0.00813322082903643	2.21520491962935e-05	0.000783948346158282	0.000355899408202941	0.00414936946269749	0.00015487272527833	0.000385918096688328	0.00143635276615701	0.00251907790435928	0.00755520927586638	0.00336826645557467
4.05499386349709e-05	0.000449099135481311	0.000117446562325046	0.00254915540208409	0.0101528354659664	0.0243434178159451	0.0431355450352662	8.6557247967341e-05	0.857301040017343	0.00240152462635431	0.000531739809516255	0.0193142093309517	0.00279536749690404	6.90711675953409e-05	0.000274695747357903	0.0012925069633955	0.00203528439968073	0.000599204439023692	0.00163020591445533	0.000271931853762385	0.000740424583486398	0.0115050301505978	0.0183631568959057
5.32138365985494e-05	0.00263944160367972	6.61477459643589e-05	0.0129371968058259	0.000563145448409751	0.0152783757832974	0.0391730460140974	0.000190857313921249	0.857272678917503	0.000340317217949579	0.00205301940104703	0.012860756096072	0.00637924870666902	2.10278696826017e-05	4.65971237828693e-05	4.02428122050574e-05	0.00238125902909853	7.81721082817535e-05	0.000376303497717579	0.000389280006318908	0.000209547043036748	0.0190153407468367	0.0276347848720046
2.73596598758166e-05	0.000315299633196769	0.000117921702620508	0.00225428474579499	0.0134847569904292	0.000285910788786107	0.0402045810148035	3.27012206499988e-05	0.841349202272683	0.00188776409553286	0.000154426680233376	0.028206384876139	0.0291253421445845	9.42608503389269e-06	0.000259043896261655	0.000981555008656341	0.00123578881948642	0.000162440769993237	0.000164686010323172	0.000116282334427715	0.00214861045921483	0.00639596489506955	0.0310802658962037
0.000242065571312424	0.000246095956649569	8.50253955263611e-05	0.00663159676501883	0.00835709020770965	0.0101178808950281	0.0402006843230204	0.000502482014200856	0.851338171824243	2.45025412744133e-05	0.000625353268782734	0.0229304469509212	0.0176908675416271	1.58220829955435e-05	9.08006492776149e-05	0.000346346462458068	0.00572010971878097	0.000203433382766776	0.000330459058132579	0.000354678880078289	0.00581367574045131	0.0192649103177952	0.00886750045194952
4.29241170534903e-05	0.00014068614746658	1.25340070305155e-05	0.00373502905924582	0.000236899258811663	0.00567487419556276	0.0596238754383503	1.40366712377643e-05	0.838714661229834	4.05594168605229e-05	0.00321382743227647	0.031309912650615	0.026065464651009	5.21023509965014e-05	0.000156571327002258	0.000195875229916126	0.00143927119190301	0.000842197321642926	0.000420887840274776	0.0130644484306078	0.00146256539382638	0.0131797778196468	0.000361018818829772
1.85816242696708e-05	0.00233868930306022	7.35219103226296e-05	0.00517102389930377	0.000336215902164518	0.00193118586498682	0.047731762466998	0.00111169771062172	0.851486296147919	0.00162292020659275	0.00251194576257555	0.0296716442110289	0.0203018758248983	4.87078559455932e-05	0.000219260035000536	0.000288441444924619	0.00635547503746002	0.000195012627153226	0.00112463585302556	0.00775372904320754	0.00180195670172846	0.0173377337570916	0.000567686809721055
9.27719088004524e-05	0.000316856640169751	0.000187690338059707	0.000735365315534294	0.00016199267012266	0.00880959577529053	0.0507735059961116	6.90591770265486e-06	0.819834742921516	0.000235603495137645	0.000377045336686764	0.0230462814520727	0.00408348338178768	6.6303776377494e-05	1.35232616801205e-05	0.00107042835416193	0.00138134080617918	0.0296248254631647	0.0025545358874125	0.00456725754113988	0.001277988338669	0.00294927306535187	0.0478326823568706
0.000349502112986908	0.000464371102720212	0.000102378869583882	0.00831207038855936	0.000142623450128759	0.00357252409000564	0.0625477600676769	0.00255519273258034	0.841888541464881	0.00444241590782486	0.00695430812313645	0.0128627590591738	0.0186723220712006	0.000761519397136023	0.000872309173385089	5.09756734763084e-05	0.000278349076082746	0.000855364567568386	0.000535423223166978	0.00390959098036257	0.0174321677557707	0.00408071364292893	0.00835681706966399
0.00182232960240637	0.0156904493493524	9.58922370474437e-05	0.00489607533020113	0.000345125208896759	8.73578652166141e-05	0.0559850438048563	2.12685633654093e-05	0.824945591844559	1.7962354104283e-05	0.00022464656470015	0.016707693911002	0.000343776144811587	0.0158860334089156	2.58439208042315e-05	0.000933616704122088	0.000712291676837027	8.93049352529219e-05	0.000121513041958588	0.00117362073953087	0.0524112056832163	0.00526746024757434	0.00219589686126836
0.00010364918405181	0.00356257822878917	1.09856046461647e-05	0.00725572054661919	0.0114573797447836	0.0222802803130162	0.0370314659570893	7.28694513591845e-05	0.836048170855561	3.68914542336808e-05	0.000197717116101949	0.0335216723569566	0.00591168627325385	3.46724646408275e-05	1.62979045889092e-05	6.12727532245709e-05	0.001654656246333	0.000141842390361079	0.00562370742048979	8.14249621344084e-05	0.016947735693091	0.0122035112109326	0.0057438118677426
0.00123803272540698	0.00606433325442458	0.00013292300074845	0.01087816708278	0.000968074476604061	0.0343186768235194	0.0470453558519111	0.00387799500100902	0.845851298889128	0.000422607434803912	0.000484322028193032	0.0155353104133078	0.00193625207177227	8.50614290771892e-05	2.34191558996209e-05	0.000313699917559708	0.00222241974862728	0.000158610041279147	0.00059391456186786	0.00175037118939242	0.00914147369936962	0.00280736332212075	0.0141503178811974
0.00379619673357111	0.000634083584084607	5.68967317682105e-05	0.00630104565315314	0.00312590400192469	0.00608969603898228	0.0515964341923189	0.000550711668615193	0.818533423823951	6.87518238997064e-05	0.0004240460275285	0.0518951646314161	0.0274348256862105	1.41426202851887e-05	6.34424554169912e-05	0.00311618540252964	0.00346945121107169	0.000336917023915975	0.0003402004614013	4.15020863389717e-05	0.000221930121547408	0.0189460841382512	0.00294296388181772
2.92512173878e-05	0.00179445726037391	4.66504908124301e-06	0.0104755771299941	0.00366412640549378	0.00179060888654271	0.0430257927640621	2.2354513809836e-05	0.827203396667709	0.00192989516841402	0.000186211773299031	0.0458003270357753	0.022358353939658	1.65989209755477e-05	1.37506084736857e-05	0.0002472776932548	0.00856679989122641	0.00165859145767647	0.00058777269299494	0.000557340836718021	0.000183930257704525	0.0167716436839129	0.0131112761454612
0.00151889659567638	0.000100579532528108	8.78983693978617e-05	0.00153719403586696	0.0139140597851908	0.000170189632505923	0.0856275992715063	0.0181901073941158	0.783145891427097	0.000388277086320001	0.000596928988289508	0.0144038018372587	0.000197826757642075	0.010060628276808	0.00173007782408175	0.00333359605309775	4.93932518537629e-05	0.00466408165074905	0.000333401870432335	0.000335564270452614	0.0562191410878993	0.00226308489570748	0.00113178010552307
0.000841017112564118	0.000182817019428142	1.32688904037201e-05	0.00828196585789012	0.019555506961163	0.0105071419394633	0.0502978239295693	1.01450565708019e-05	0.82786860824218	2.12796878933357e-05	0.000269976299226985	0.0465203457630049	0.00750503792920594	2.11934445920875e-05	0.000193719467380814	3.75852352557303e-05	0.00250329009865977	0.00027717976933467	0.000167060177513435	0.000775190590947703	0.000197159081468448	0.0109329555847296	0.0130197318615543
5.12646454546613e-05	0.000196392199269352	5.91203043879079e-06	0.00300380981738087	0.00141755461688039	0.0274601723746601	0.0454562310863438	1.74884100014361e-05	0.822355318179626	1.11816786743826e-05	0.000174191595032369	0.0171188046019339	0.0124833636312279	0.000147002328315349	2.99779547795819e-05	0.000182603872076847	0.0183666163238001	0.00670218611044899	0.000348647582077726	0.0103559510345809	0.00015568640154624	0.0106007555925438	0.0233588879329061
1.91113806744888e-05	0.00257328769401102	3.94374247782952e-05	0.00827150838840746	0.000717070823870227	0.00012809378519642	0.049120499132412	0.0568209526305675	0.802760268235031	0.00969806387998868	0.00458131337665459	0.0102104880406839	0.000628241686097359	0.0235243981219208	0.000443559229194473	0.00498828588952742	0.000270070590777982	0.00262911910537605	0.000112017421045491	0.00146377970794697	0.0207414704032371	6.64783520892157e-05	0.000192484700511336
4.75041537973897e-05	0.00145892528167356	3.79198629156639e-05	0.00677432787415753	0.0114676275161507	0.0155078017551663	0.0471610219647397	0.000136821302750648	0.841667446269605	3.66539422642711e-05	0.000295372653816504	0.0258186806580197	0.00226540542408498	9.27818272019803e-06	1.46356507017911e-05	3.76418717701654e-05	0.000128897446772878	5.29966255923885e-05	0.000653781562741395	0.000373787478845242	0.00366835295178298	0.0205562906445934	0.0218288289253377
0.000382051276169137	0.00120620118673431	2.43177339275964e-05	0.0134196796814338	0.000305257112747386	0.017489102619691	0.0419246462527532	0.00378332783308014	0.843578429890129	0.000246577035435896	0.000749803839140313	0.0172757736353095	0.0138049257765685	0.00011161110149003	6.60619100814221e-05	2.02271476356858e-05	0.00048936761189895	0.000131664225845026	0.000348447247921556	0.00137260737306717	0.000262651536964184	0.0141766826122222	0.028830585359754
2.02955917517274e-05	0.000153433217355947	0.00356696559104345	0.0071819486560427	0.00141367509218332	0.000457132613825292	0.0399525014623656	0.0011761218482416	0.864674000928986	2.45563388985194e-05	0.0107447969280534	0.0223949063949038	0.0262952315678298	2.69440031885165e-05	0.000212822115964443	0.00318173120248159	0.00113160762994804	0.00167740720608144	0.000253109720068158	0.000454504039195996	0.000584991129296226	0.0120659996205212	0.0023553171017732
0.00079806734731996	0.00212088877976169	0.000876216309767001	0.010537286110944	0.00773130839553873	0.0313224122832605	0.0501064071552603	4.19165543997063e-05	0.820219462526264	2.20484750910074e-05	0.0019179394191008	0.0486478780132363	0.00181500919449985	1.60449312291151e-05	3.0388420633599e-05	0.000205053832180629	0.000274842564157137	0.000160524352320227	0.00154170570894104	9.77483348247857e-05	0.00230876405796189	0.018123481023297	0.00108460621001108
0.00846142385744386	0.00186960796650637	0.000928459169180742	0.00390967328327613	0.000121626411367355	9.25090897813747e-05	0.0602671940756002	0.00341960654838145	0.813881631155905	0.000159172187216943	0.0120637101174352	0.0310834391274537	0.00017132698019784	0.000208947970714073	5.92530621240117e-05	0.000172268280759206	0.00010370473284977	0.000334990711729119	0.00032731789556853	0.00455895657261961	0.0387434086104173	0.0133386920146713	0.00572308017880059
4.10818859813571e-05	0.000334186399026165	1.21736791940335e-05	0.00699426596056789	0.000290578582689199	0.00243918377233678	0.0575481837071936	0.000232303628786726	0.825871577374667	0.00238821800131829	0.00108819633722796	0.0197129615876957	0.0235863760018279	4.55257782096736e-05	2.1308745654742e-05	2.0713042869398e-05	0.000866193311607536	0.000281176388345027	0.00230851671737781	0.000204417884458324	0.00144448545183887	0.0087032437803926	0.0455651319807334
2.73744817601995e-05	0.000271339671397905	7.28418376878703e-06	0.0117815943427179	0.00684158420320268	0.000383863418091953	0.0499959547611036	6.11419710434486e-05	0.824405191563136	0.000429427089644047	0.000195365388908057	0.0275691783531483	0.0322849197818682	9.71918376117646e-06	1.29096995522649e-05	0.000408399486561086	0.000435710806894435	0.000117910834493079	0.000339040886573792	0.000895983147573241	0.000416463640743758	0.0129738317713435	0.0301358113327131
1.49757987451496e-05	0.00262404917567622	0.00019880015831638	0.0283813895856401	0.000121872286452742	0.000170204236709666	0.128989183738318	0.0658734009020256	0.729543115178091	0.000500182938927879	4.07995440671568e-05	0.0166894182530843	8.28457975439846e-05	0.00201048218062974	0.000756832122922146	0.000234901162234035	0.000684186566266731	0.00110401972372042	6.06176032484161e-05	0.00613308034298821	0.0156652419179289	5.72065007911209e-05	6.31942856718185e-05
3.33983815493519e-05	0.0154390828440348	0.000159059571724124	0.000208139944747912	0.00686703548160984	0.0192062938412613	0.058133408525839	0.000584022112634128	0.844986089344735	2.84596960927434e-05	0.000208302458464486	0.0278523572774221	0.00268164073456018	5.19352279075188e-05	8.83260041177708e-06	0.00143277055929137	0.000543442236242248	0.000423061746956049	0.000242096180404379	0.0103390799389426	0.00498354923846923	0.00463237658222936	0.000955565474471099
0.00041986333633133	9.74455480858958e-05	9.44260729755002e-05	0.00595889607953146	0.0010082261270127	0.00075351140009745	0.056065341511583	2.27301569773101e-05	0.841909558615137	4.12014973453872e-05	0.00799630295922883	0.0207907511270795	0.00870933529101383	0.000473287744599706	0.000744937059762048	0.000280488056515407	0.000501689173907474	0.000144198231222348	0.00304459256684363	0.00298309704826013	0.00999825754462133	0.00697388233743668	0.0309879805144325
4.42332616533759e-05	0.000635552805345699	2.71006447003469e-05	0.000361970060760898	0.010332687442721	0.00680387113404704	0.0501771876534172	2.19478977584905e-05	0.809896953605843	2.15934467288164e-05	0.000378466382568572	0.0443394198127835	0.0128023112196689	1.32703155294652e-05	9.59228878840265e-05	0.000128652584415991	0.000534707620301349	0.00720621585838035	0.00100038268164407	0.00216313994418744	0.000807624021120023	0.016519652367005	0.0356871363515357
