Bcells	CentralVeinEndothelialcells	Cholangiocytes	Hepatocytes	Kupffercells	LSECs	Mesothelialcells	PortalVeinEndothelialcells	Tcells
0.000146597319830625	0.00029549292195928	0.0882334737421039	0.885259046895446	0.0146981284955753	0.000920970575444525	0.00281008781847699	0.00760658259268126	2.961963848189e-05
0.000238831447625728	0.00932288372450807	0.070779612387167	0.902025277888872	0.0116824025822749	0.00130976056260902	0.00246441668542473	5.91143674839009e-05	0.00211770035403507
0.00979189636267851	0.00318640291611669	0.0741424650161261	0.863630586118719	0.0184194142647387	0.0124582020895938	0.00400176309734623	0.00285716893017584	0.0115121012045048
0.00861137902423791	0.00200721523643503	0.0798488415671609	0.882900116695441	0.0143916562194607	0.00783191137720063	0.00279568567634013	0.00138798000921357	0.000225214194509979
0.000225630840789098	0.0013797249886562	0.0782910054185178	0.886050707885914	0.013789381335315	0.0134486126469718	0.00214573073048655	0.00348095376410922	0.00118825238924025
0.00734599082272352	0.000695523086609804	0.0792805295998705	0.888425914059152	0.00649821853696347	0.0145046419161583	0.00211896750281633	4.50375067192433e-05	0.0010851769689866
0.00044116668162455	0.00420609442614927	0.0729816341877357	0.899692149986042	0.0111399079552992	0.0064085601104738	0.00300332399301344	0.00189627557904865	0.000230887080613083
5.07609834724043e-05	0.000785129031567053	0.0917615547283584	0.876113372935431	0.0132258769443099	0.0157168102863105	0.00207008802175042	0.000116569634369199	0.000159837434431538
0.00188947617539535	0.0111413901534286	0.0708568191294344	0.894649465652613	0.0109859609955789	0.00662824741497015	0.00336212901776067	0.000125343600153243	0.000361167860665675
2.44485562227581e-05	0.00218974277000613	0.072113469177666	0.90235209643699	0.00533429821074951	0.0147638908319342	0.00255603316616441	0.000368203936961804	0.000297816913304709
0.00742472118648305	0.0180545648802526	0.0708187422695988	0.874051915789285	0.0157534951493567	0.00657961847074347	0.00257565137737525	0.000438343934228283	0.0043029469426766
0.0105125595470248	0.00418269254071214	0.0776970087408368	0.871794873866288	0.0132691441862597	0.0127853290813999	0.00267018720024634	3.99811567781179e-05	0.00704822368045475
0.00655200165648707	0.00946649085890565	0.0806865670514147	0.886830575630241	0.00751683283759597	0.00505037208241436	0.00237057702532226	0.000550693789578774	0.000975889068040285
0.000808866439603447	0.0105472694521315	0.0780351067092113	0.891786393919087	0.00866656736001919	0.00225232630946676	0.00260292847341277	0.00142051425721252	0.00388002707985569
0.000882291621990785	0.0018926330494589	0.0791388453139774	0.88973069806787	0.0153691102837481	0.0044599955920389	0.00252663468251384	0.0042360743086657	0.00176371707973626
3.46444999392414e-05	0.0338975672546866	0.0800826762580866	0.867622128572593	0.00710012460671321	0.000367542186524313	0.00193250083800608	0.000521811874544293	0.00844100390890644
0.00555350852576787	0.00633765336825166	0.072535924271903	0.889061217198471	0.00584137510013687	0.0081809683049321	0.00201488371790187	9.88715718450209e-05	0.0103755979407908
0.000391972251230739	0.00778860820739216	0.0718487241427651	0.899902619038614	0.00899102089259223	0.00611385895651574	0.00202653948667584	0.000517013455678096	0.00241964356853574
0.00363073352014594	0.000680062482556001	0.0754339142923309	0.890304460026524	0.0151144792352927	0.0112779604568413	0.00255205323502159	0.000906827121356533	9.95096299308122e-05
0.00099726807919416	0.0167197902996	0.0818501457317534	0.885964443132523	0.0113858592363509	0.00135011390382542	0.00142819363791657	0.000181479995157753	0.000122705983678702
0.00553287211979697	0.00422443775771012	0.0702385698009848	0.8868602180028	0.0101864691292074	0.0179533576541275	0.00291747541769555	0.000709628943297027	0.00137697117438029
0.00019520733340819	0.00322911667118454	0.0778892310316972	0.885907519131979	0.00822328041387537	0.00775034946480849	0.00153500120674182	0.00376570476539951	0.011504589980906
0.0134840658755384	0.000545387267864813	0.0741483924222156	0.873921236012464	0.0143822976614374	0.0174767959708184	0.00124297247575106	0.00240371361502972	0.00239513869888055
0.00235190483179642	0.000940578072480618	0.08711703668406	0.882880233478479	0.00939335934671053	0.00804324018883947	0.00198503628818696	0.00708502998781233	0.000203581121634849
0.000110475752751625	0.0114286520969759	0.0762614627645383	0.894771379989673	0.0130595278358889	0.00201268458197234	0.00186626469542033	0.000195310233590642	0.00029424204918905
3.84023399469757e-05	0.0165008274508897	0.0782066232455797	0.890369185717511	0.00630750286077187	0.000335916711790969	0.00471169673222469	0.00348492385329088	4.4921087994472e-05
0.00136745106853571	0.00674467796776069	0.0796265506646387	0.887224286485917	0.015899962908737	0.000554747283630284	0.00283802049421468	7.72809305767945e-05	0.00566702219598916
0.000200377058783503	0.0132708293450694	0.0750500326345372	0.891423593457249	0.00643860247841305	0.0078312051679399	0.00222094125869968	0.00308586661654542	0.000478551982762165
0.000101612876648938	0.0069429988737046	0.0691464907673816	0.901529793439929	0.0117823113760855	0.00772670017055025	0.00208296671238519	0.000562160699238651	0.000124965084076832
5.21637765041227e-05	0.00126378620516069	0.0790461427327389	0.884858587515684	0.0191764260915739	0.00182944523350428	0.00338993056868403	0.0103428827720066	4.06351041430122e-05
0.00211331008660128	0.00172778980148323	0.0812450631053678	0.887813318226173	0.00860036104785223	0.0137489565926113	0.00211209420472759	0.0020247868749033	0.000614320060279951
0.00182109825652901	0.00160729752875495	0.0794346978035237	0.886748596790883	0.0169416179367951	0.00278115743654318	0.00448766335345713	0.00560775280438921	0.000570118089124635
7.77758179521598e-05	0.00235495234570196	0.0848010652733044	0.876813439620035	0.0118390178906197	0.00302687734003678	0.00136012556044129	0.00618065540085437	0.0135460907510542
2.45102927281462e-05	0.0192851601561007	0.0748574214378617	0.892863898179615	0.00587080631889124	0.0056513332981975	0.00139245113739847	2.61861773681238e-05	2.82330018388401e-05
0.00162877927159824	0.00975793782603833	0.0777166490150021	0.879823283617786	0.0131268042004652	0.000788926033643671	0.00378587662935101	0.0126630333702822	0.000708710035833543
0.00142309949944371	0.00517762187701915	0.0827793108913231	0.880978806471583	0.0119443258393164	0.0134398057499094	0.00328357166965499	0.000906875930595064	6.65820711547636e-05
4.35433950739047e-05	0.000141682879248538	0.0853701825487739	0.88868804520633	0.0117316517155814	0.0113171804740095	0.00202421907220385	0.000415172154492382	0.000268322554286627
0.0110328641357181	0.0367335940297469	0.0808880552222296	0.850011298141963	0.0106901237613264	0.000866401894845338	0.00637157682089187	0.00196275903896244	0.00144332695431654
0.000287980516620364	0.00173177222334287	0.0821272237443156	0.874508568641355	0.0229078774840867	0.0013800560605549	0.00286727875575575	0.0132678292147686	0.000921413359200352
0.00130794022971333	0.0121294625675276	0.0841193669947479	0.881283330792028	0.00989396321907437	0.00151825482012277	0.00332740791420406	0.00524352197839423	0.00117675148418822
6.99829227612208e-05	0.0158135465104449	0.076037886021514	0.891010475209526	0.0110145985718102	0.000841019405249234	0.00281719434878213	0.00154280849814791	0.000852488511763858
0.00210015656999784	0.000151830336375576	0.0793623092005945	0.880339418008431	0.0149985016768556	0.0171971572016822	0.00278829364068963	0.00287988549773849	0.000182447867635582
0.000104505894956622	0.0168562666061114	0.0771345758790436	0.881550448247075	0.0101558074919415	0.000647525531820868	0.00517247490794846	0.000541998368661133	0.0078363970724415
0.0115250144233249	0.000483891202550175	0.0884426438535652	0.877008084567489	0.00944880673957532	0.0093872141526199	0.00183085707681731	0.00026083305315653	0.00161265493090159
0.000555819602279073	0.0149191585509027	0.0731019360739762	0.891096793095092	0.0112771426421724	0.00457277803900283	0.002965952825084	0.000574502374479375	0.000935916797011729
0.000172683949380252	0.000370422487932141	0.0844812598813911	0.879953201892236	0.00818330715482149	0.0143653254876125	0.00195160309052386	0.00399411299743358	0.00652808305866899
5.11214166655794e-05	0.0104146394161241	0.082183839338811	0.870175875249726	0.0127067588000794	0.00555623635264676	0.00365355298877789	0.00847967170022438	0.00677830473694535
0.000688047140226752	0.00695340061043348	0.0834590951633466	0.882094337599275	0.014365946934946	0.00256999543502266	0.00319741847665341	0.000355483183288527	0.00631627545680805
0.00840035881031098	0.00330640855258955	0.0790007803800525	0.875545037057746	0.0157841038172583	0.00638404054144123	0.00264233068652609	0.00236676030324944	0.00657017985082541
0.000939294833009703	0.000855197520909869	0.0743809386223577	0.895786743931079	0.00758200223900898	0.0118020650011644	0.00194473359311399	0.000595158842298807	0.00611386541705768
0.00105265434277827	0.00197398513221469	0.0751689284880079	0.874990167487518	0.0245182950679197	0.0151935525004769	0.00231361332505065	0.000119045450852823	0.00466975820518064
0.0029194923006567	0.0091944564231114	0.0723220511843025	0.88487318023059	0.0181339458629186	0.00478072834214706	0.00354917580336695	0.00309452600765769	0.00113244384524898
0.00682974461608064	0.00418253045817184	0.0683531133930397	0.90156475211275	0.00976704123536906	0.00479791813402864	0.00350247678684936	0.000898808113564555	0.000103615150145923
3.33224988626508e-05	0.000207986732389143	0.0914176234897219	0.894143010783759	0.009596648499355	0.000911195617032315	0.0014292479020081	0.00161271820290498	0.000648246273966654
0.000815896179732131	0.00019909346271004	0.0806717902128663	0.889022337731505	0.00984050495821447	0.00564535725763024	0.00150799048776488	0.0122351023030646	6.19274065126857e-05
0.000611508116668435	0.00616641804823947	0.0761717065852273	0.896369390063501	0.00869421059068953	0.0100486945695113	0.00165385079860613	5.13389993612759e-05	0.000232882228196043
0.00217631447971163	0.000361351596055374	0.0770997533317592	0.887284697523046	0.0176946127185651	0.00973606095206306	0.00186556442262629	0.00129884073622961	0.00248280423994412
6.44657286874019e-05	0.000822896657569477	0.0736060497548695	0.90303644203594	0.00900354685971648	0.0074345465642151	0.00296876925367125	0.00256143999033794	0.000501843154993151
0.000801030331435678	0.0108740764697104	0.0755753446627091	0.89571739113813	0.00824089859597432	0.00283104127787242	0.00344113729960004	0.00226968678309975	0.000249393441468593
0.00097557420423169	0.0121030782122917	0.0720505333045532	0.903325540897285	0.00645893541733845	0.00120404707712181	0.0032477116121072	0.000131993623640859	0.00050258565142989
0.00320521437592926	0.00092963901808025	0.0728541865997207	0.890888052938915	0.00981687095906057	0.0176444627682231	0.00250469602536974	0.00140704521383278	0.000749832100868622
0.000188796834872668	0.00757984387604992	0.0717300514181759	0.892136104193262	0.0104761485257999	0.0112208488924514	0.00295982279579502	0.00231996868825538	0.00138841477533769
0.00014747465565008	0.00382213458729341	0.0854382881990688	0.878657930129643	0.0116129701117262	0.0170089119155915	0.00286404957171013	0.000295607582941285	0.000152633246375751
0.00215160252240395	0.00376617411968271	0.0813242753511919	0.884811731367215	0.0126433688473339	0.0113389968962272	0.00354711157479579	0.000238760894538354	0.000177978426610729
9.20965200601333e-05	0.00177111258956533	0.086494886639537	0.884326065943539	0.0090377320760172	0.00618902957962787	0.00158744256646709	0.000127178651723834	0.010374455433463
0.000168496465286202	0.000858747471549685	0.08923245575811	0.873108259471811	0.00483840097664013	0.0120037424492059	0.00333253038919467	0.0109322170492853	0.00552514996891715
0.00510027268686556	5.36017263916281e-05	0.0844325858320095	0.868047873489321	0.00510759338174124	0.000114229975493009	0.00264742697111572	0.0342164638835926	0.000279952053469434
0.00112920964070455	0.0150861438819861	0.0687460033881361	0.890814120265107	0.0129807874941892	0.00705576997394872	0.00219563301271065	0.00185921927139899	0.000133113071818905
0.0030491290585856	0.0141530210917047	0.0826466749174124	0.882018559633037	0.00558123814769182	0.000660105794461325	0.00254260865094651	0.00912272767126568	0.000225935034895103
0.000456974878914371	0.00266405158891243	0.0845756713923901	0.87217991746353	0.0186011334311485	0.0142775394111658	0.00292229701159724	0.00358085244010545	0.000741562382236045
0.00207704874936613	0.00865549724713898	0.079288347210663	0.880612782862645	0.0187852658276179	0.00758910028154567	0.00124430360570968	8.60073203298299e-05	0.00166164689498401
0.00869617155927523	0.000166758186378324	0.0996401019652675	0.844971692913145	0.00584151216237082	0.000112159839547671	0.00544485915691079	0.0343526435565894	0.000774100660514913
0.000238200357130205	0.0101705403727218	0.082054611779016	0.8847575923754	0.0177003817338293	0.00136204698524134	0.00188354071366456	0.000123102059888028	0.00170998362310836
0.000324035980363601	0.0158948660336384	0.0786124397836572	0.877782652806743	0.0108668466788698	0.00322429390133372	0.00113353141229212	0.00150290648356872	0.0106584269195332
0.0128902553805679	0.00189857792781332	0.0877129855532315	0.858447310799817	0.00568520681816656	0.000794745444434711	0.00923654128970306	0.0207347581794099	0.00259961860685672
0.00327377282960174	0.00879422098801634	0.0770501804584053	0.892441332011214	0.0101961278639563	0.000462846759298955	0.00272721332740234	0.00467990123396558	0.000374404528139217
0.00053813533507791	0.0121210494247853	0.071114238384799	0.896409072001258	0.00712387237834927	0.00587045502762045	0.00276100756944294	0.00147907722227747	0.0025830926563892
4.49177873521016e-05	0.000381391787178034	0.0680901722310993	0.898113622365201	0.00804529928171051	0.0170905967783209	0.00497222926884697	7.42089093008762e-05	0.00318756159099035
0.000444789300735683	0.0170300731492188	0.0771428910507667	0.880384425438718	0.0178777669860437	0.000909064023615911	0.00333258175003831	0.0025776962298916	0.000300712070970935
0.000747568544408336	5.08030700412292e-05	0.0876149938742226	0.86302077849393	0.00913874589242773	8.45110132777605e-05	0.00420502056240207	0.0282082247779319	0.00692935377135809
0.000839923062395075	0.00137632763427888	0.0912365157948934	0.881202104575942	0.00640507291102591	0.0126814718440632	0.00226050260386919	0.000877519426236962	0.00312056214729521
0.00156154102057296	0.000340768091895273	0.0809129810812104	0.886248449955441	0.0111661696477511	0.0171910625538187	0.00192759012966165	0.000431637340408063	0.0002198001792409
0.0385120320704089	0.00509694169800483	0.133264021009582	0.7938222089326	0.00868074115368727	4.11567568294133e-05	0.00935081771793004	0.011168663631928	6.34170290289489e-05
0.0050472349539969	0.00598270730714032	0.0773208722890783	0.892205185188345	0.0095529273972344	0.00114492277587463	0.00168677096836635	0.00682247555973224	0.000236903560232202
8.28151546012653e-05	0.000372638225147013	0.0805566405403302	0.888265171863316	0.00645683472365645	0.00146967326468611	0.00290675248120803	0.0107551096469787	0.00913436410007633
0.000159251186496634	0.0104838937095095	0.0770128345066712	0.884699597293537	0.0160876981847011	0.00403573003881802	0.00251884554552288	0.000370746372608812	0.00463140316213491
0.00101727733815004	0.000427044207475231	0.0787327093620749	0.876753539446562	0.0133572671855782	0.0259010338514217	0.00362908539283953	6.52768157397851e-05	0.000116766400158258
0.000156377162522138	0.00265233133768423	0.0729136161361933	0.894409632337169	0.0114924563804681	0.0156495957986462	0.00209439771219112	0.000358142956408586	0.000273450178717802
0.00571259941968321	0.000235865256646699	0.0788637899409509	0.88788339390243	0.0130310318659639	0.010438797734705	0.00223893505926794	0.000490302353310122	0.00110528446704254
0.00412811488855743	0.00689649811110323	0.072404638587615	0.882975965636753	0.0113047274294113	0.0191747004990266	0.0023166103752339	0.000316100377411224	0.000482644094888056
0.00216055313183964	0.00033941594547884	0.076411263620481	0.892688053084211	0.0112506971975465	0.00974988199455075	0.00237434383166005	0.00105672115057641	0.00396907004365555
0.000182316088224756	0.00310723316684733	0.0796921447986649	0.888138255675201	0.00938994242276077	0.01598702585909	0.00215104228716445	5.80307117632166e-05	0.00129400899028399
0.00537745769259846	0.00193832131720426	0.0826896531401579	0.871064023076179	0.0130658665605379	0.00196350188290759	0.00223941208408711	0.0163899246891606	0.00527183955716734
0.00405213751560524	0.00010740895897976	0.082138915682876	0.883805354422595	0.0112176373531642	0.00717294601059735	0.00209139964101557	0.00936477166490306	4.94287502635419e-05
0.00174520396754169	0.013701282396887	0.0775023561658467	0.875880166579933	0.0130982076987825	0.00227491035614744	0.00365126818994311	0.00603234077527009	0.00611426386964814
0.000107130822676707	0.00395990761373271	0.0707635058337724	0.893937353130382	0.0110967501288373	0.0148264152351316	0.00376457111368881	0.00145836748660157	8.59986351767847e-05
0.000485159814023193	0.000193796296529304	0.0770078256323967	0.873759988083384	0.0147438370978971	0.0132548081324817	0.0020828531418794	0.014934753798052	0.00353697800335703
0.000513737431344172	0.00927769027899336	0.0826239618489903	0.879053136540142	0.0138286940453304	0.00106130764580998	0.00526876387901172	0.00438041243369666	0.00399229589668168
0.0111658040855493	0.000354003806911363	0.0739753465238243	0.870446762233238	0.00994725743090778	0.0219162195224893	0.00223214592683478	0.000337144613185236	0.00962531585706023
0.000544399133425751	0.0149182684323772	0.0745052141362461	0.897338199226213	0.00688976546617092	0.001322982030119	0.0021468092953933	0.002238917493438	9.54447866166785e-05
7.91972461013085e-05	0.00038002403444115	0.0874597001022068	0.893136408297033	0.00781867872140822	0.00364524944010655	0.00177015625177382	0.00301228934426447	0.00269829656266432
0.000307247966656533	0.00791269192463006	0.0801966283555388	0.879019026315171	0.0143144584166544	0.00879639983685276	0.00268278648016783	0.000114110190860343	0.00665665051346843
6.04485930952421e-05	0.00748387769506602	0.0761328362678893	0.881993689744285	0.0178726720024172	0.00492184600650588	0.00307326231482813	0.00559737120597968	0.00286399616993336
2.51552117123242e-05	0.000335117147083569	0.076136674142379	0.882537877824603	0.00656173251481321	0.0186084574024036	0.00225880356885402	0.00141526482930841	0.0121209173588431
0.000183724419805494	0.0145899865759892	0.0805352738474602	0.891499025801205	0.00540302773312905	0.000804541028817818	0.00271491135968656	0.00322655183956443	0.00104295739434195
0.00792567610035508	0.00333871229786789	0.0752877038747066	0.888432550841778	0.0110865205672467	0.00220803294468057	0.00355626707943319	0.00686598551040571	0.00129855078352644
5.44252155861506e-05	0.000230399619779645	0.0792663588883699	0.8806033698113	0.00872701223799906	0.0155821284858775	0.00306165399705572	0.011395190288299	0.00107946145573259
0.00852220951331303	0.0204318677545605	0.0767557132400219	0.866747730962566	0.00970826498830786	0.00968244756920634	0.00516875608909611	0.00020412512262169	0.00277888476030632
0.00332870721485053	0.00576485433881217	0.0893770139764741	0.879300673373023	0.0137249320985638	0.00145236798303536	0.00213871612717742	0.0048819898369149	3.07450511483127e-05
3.01700888867455e-05	0.0228260038245889	0.0814117777711175	0.869341324455211	0.0190950298430697	0.00400637013008776	0.00292032498431682	0.000278744638734831	9.02542639874469e-05
0.0010025418622562	0.00132505804809822	0.0800069927198953	0.893392650818815	0.0104623269666311	0.00997806017451987	0.00241515143807559	0.00105632388543217	0.000360894086276775
0.000193934386061298	0.00630415388943729	0.0870459205327153	0.887292136760373	0.0105547194566053	0.0071720578673799	0.00106542567626654	6.82190276555831e-05	0.000303432403506042
0.00508180072810711	0.00296639927721481	0.0717428957425979	0.888078921972719	0.0105990578644406	0.0157802429247889	0.0031400047162177	0.00194515700012545	0.00066551977378851
0.0024409810751871	0.0124296162934379	0.0723753761431479	0.886709975709371	0.0175022894743078	0.0011850688926113	0.00469772058586532	0.00229933523430901	0.000359636591762316
0.00186891495640134	0.0138657864820503	0.0715421588618816	0.887872153083117	0.0195102245610538	0.00187348415985197	0.00174111251908453	0.00153763185275086	0.000188533523809138
0.00388459453756314	0.000160753112523431	0.0776833867618481	0.882262758637265	0.0167705106425071	0.0155010914076634	0.00211110571484937	0.00132366996798328	0.000302129217797639
0.000826374669771198	0.0075081428630712	0.0863299320767425	0.870251433583089	0.0146248059555991	0.00511340989662331	0.00332100547491068	0.0119731815026887	5.17139775044444e-05
0.00246651884125019	0.0139845608862981	0.0719497391235381	0.889544026190062	0.0165254379130571	0.000574503818219578	0.00307878798413876	0.00169874066770734	0.000177684575729194
0.00536561907866829	0.00322465952568266	0.092394606878987	0.876362206530115	0.0111853931098684	0.00364639452851629	0.00304830907598143	0.00460399960398271	0.000168811668198798
0.000555796712574799	0.000546738595961162	0.0766370536558395	0.898262305903461	0.00629202367863872	0.00752554108494594	0.00231447269378048	0.00776055035171407	0.000105517323084399
0.0073531103262577	0.0113869316487091	0.0802968660274898	0.882412818440718	0.0131496095457119	0.000211858782778307	0.00369695437181628	0.00126200266165249	0.000229848194866145
0.000494689327852646	0.011645098280783	0.081426940528997	0.874793777601815	0.0127819954569019	0.00487940217882324	0.00247340035059522	0.000155846024147333	0.0113488502500843
6.29152191277941e-05	0.0182039630479895	0.0733703416041516	0.878134150255448	0.0175160157371303	0.0031080964252319	0.00328017427402306	0.000116085987313562	0.00620825744958452
3.67777660057544e-05	0.00032609177365864	0.0874302834592824	0.890874764256914	0.00730626354257167	0.00914371701717768	0.00238572221218087	0.00247541518543616	2.0964786772878e-05
3.58580343963231e-05	0.0101663042895183	0.0749188165902373	0.898386819749129	0.00517671937017356	0.000866192449912759	0.00249538841391884	0.00784592119439666	0.000107979908316845
0.00198340260986111	0.0111326236495463	0.0685198616659203	0.896466247958422	0.0165282463095751	0.00223337538486122	0.00247297752804361	0.000150901231702744	0.000512363662067707
0.000448848761591561	0.000323822019805181	0.0698302741282614	0.910278237335421	0.012822149090052	0.000185105376072892	0.00475164618683387	0.00096001004519742	0.000399907056764735
6.21095908340129e-05	0.00126420743253223	0.0695462716284861	0.888768348213534	0.016233052246057	0.000529171646090755	0.0019996537808379	0.0142795056440867	0.00731767981754153
0.0300015185437019	0.0101986292324888	0.071658517222127	0.855603060311726	0.011673281025556	0.00188017628366778	0.00171774934023769	0.00208710999133507	0.0151799580491593
0.000838676951817118	0.0171379345748803	0.0761805365627912	0.885804867848541	0.0130232190198845	0.000637911050735258	0.00366159512569041	0.00215961453486952	0.000555644330790786
0.000843612286942144	0.0242201946060805	0.0787009102576803	0.878246305651915	0.00734477241710766	0.00069377591719399	0.00242580851940276	0.00630796257907765	0.00121665776460009
0.000171624686930892	0.00975127823249302	0.0824542078845597	0.890493938616939	0.00799175124011312	0.00371107918721625	0.00272723637912496	0.0021980578127442	0.000500825959878743
2.66927426047765e-05	0.00441522689714483	0.0767942735682879	0.894652219266944	0.0108120104548185	0.00994920154420332	0.00310067131522365	0.000132628166901233	0.00011707604387176
5.41449714833722e-05	0.00925733821973975	0.0795382511492721	0.891875785238375	0.0123078070726866	0.00059298804386742	0.0042015062093353	0.0019363620299415	0.00023581706529924
0.0105287928326651	0.000212728916748017	0.0839593700229054	0.875999610144331	0.0143814770017637	0.00927628611534731	0.00218927736495683	0.00307743991252574	0.00037501768875667
0.00168869993083145	0.0098161196724898	0.0696387103553091	0.897036912837704	0.0110750075094867	0.00206823482840769	0.0039577353420556	0.00387683775980918	0.00084174176390639
0.00900339148416842	0.0068913657816448	0.0759185008659416	0.884090252654232	0.00822408965587723	0.00947940860323299	0.00199353751409267	0.00119321795906039	0.00320623548174983
0.00661566956589455	0.00403132023238797	0.0767409791142963	0.891075111558029	0.011019254065219	0.00717798845102994	0.00099572458273636	0.000339806873822761	0.00200414555658382
0.000618389979548681	0.000226883264261723	0.0919137217503123	0.881802453970757	0.00916216298214791	0.00959038550838494	0.00189138525223242	0.00460777175084334	0.00018684554151189
0.000657951581079409	0.00390780732906568	0.0755784224702176	0.872227309375335	0.0227724289160562	0.012814748542803	0.00307169067969562	0.00173427316633075	0.00723536793941701
0.000298687186929614	0.00811796947201011	0.0751707287174515	0.900502090290625	0.00445035007299205	0.000893095517773774	0.00146313353158608	0.000684617132457301	0.00841932807817393
0.00042729267736253	0.00330256145879189	0.086294572908614	0.878352461959222	0.0168424096974638	0.0127891410682565	0.00148468195579798	0.00035386712804292	0.000153011146448346
4.92686871394844e-05	0.000174279092610902	0.0901624658099088	0.886785553225751	0.00425920536122848	0.0161010190948763	0.00223461349290465	0.000158335120134173	7.52601154466637e-05
4.20598389762565e-05	0.00317938302778273	0.0855040145389006	0.894601581056182	0.00383616222264624	0.0101411900840664	0.00237775322042057	0.000113671354688027	0.000204184656336749
0.00154860348449216	0.0111833515068113	0.0802575859765067	0.853678994795625	0.0173730248256818	0.00507497733288232	0.00653072193236931	0.0214837655618828	0.00286897458374894
0.00122818723819559	0.000322326853459693	0.0794380863770589	0.892564590728331	0.0103975667431761	0.00400023844502774	0.00383685615887586	0.00816778641907767	4.43610367976539e-05
0.000147999810509053	0.000966049628705445	0.0735403188501515	0.894894733853371	0.00914741389512686	0.0101058991532983	0.00153840978470959	0.00306724544107609	0.00659192958305168
0.00131173145686569	0.0153862347019275	0.0768267492367812	0.894953741199215	0.00498423348742416	0.00180444201254903	0.00184383475336572	0.000119700416589401	0.00276933273528263
0.000355370014690954	0.00727702693182734	0.08370088972647	0.889953723625304	0.0109036152782304	0.00220847264497713	0.00209384976423809	0.00247332594636505	0.00103372606789739
0.000651132919892682	0.0112184336772841	0.0768334725282726	0.87721097028684	0.0200114682153615	0.000321756695554684	0.00407349877244526	0.0096335364773694	4.57304269795202e-05
0.000144112445143157	0.00561481023083979	0.0707200967931433	0.891974121250958	0.0160195395938715	0.00302783124741496	0.00204562820049447	0.00884209299425521	0.00161176724387983
0.00154932566958606	0.0084929812770518	0.0760166124922319	0.893715475906013	0.0130693773343016	0.00435897834732425	0.00223978061285674	0.000333741136000989	0.00022372722463314
0.000668766533495528	0.00370975414548434	0.0827693810925405	0.887555010132173	0.00966602474498259	0.012398125700742	0.00179626800789546	0.00110122362653552	0.00033544601615116
0.00309569935128364	0.00399124432015155	0.0748322147637395	0.885431608380928	0.0118963186339675	0.0163280003318488	0.00279153172641119	0.000596735893986042	0.00103664659768406
0.000285177585575802	0.0227085581765063	0.0802067344109018	0.886123576949758	0.00266582617471579	0.00118343517676851	0.00259116129210932	0.00400297312167378	0.000232557111991185
0.00374226365346449	0.000784768967584148	0.0880184094537376	0.877078732414186	0.00676764462371899	0.0105051545116903	0.00159503679135408	0.00982983079083974	0.00167815879342515
0.000343801669620354	0.0031840489148011	0.0843551143397565	0.891817559973619	0.010723063457827	0.00509515397170308	0.00189235207202443	0.00091663273451899	0.00167227286613017
0.00410150845527858	0.0047160263959485	0.0784433963535368	0.878675271505642	0.00779930569565972	0.000571596048815172	0.00357269263555444	0.0102356120782632	0.0118845908313011
0.00179477827399586	0.00619417081364478	0.0761598984021462	0.88002322676941	0.0204383166726493	0.0103621839491049	0.00220851555312246	0.000217945497839845	0.00260096406808687
0.00226777371678833	0.00131434354264807	0.0784707215034343	0.885944575933931	0.00735525476266024	0.00638138932966824	0.0024644862094325	0.0108755099669656	0.00492594503447223
0.00655489305155257	0.00333259513860536	0.0691485429515068	0.900609397682134	0.00908867050126096	0.00868024716412175	0.00237862359775917	0.000114305317021931	9.27245960369994e-05
0.000870205865534154	0.00500831530473145	0.072339446769741	0.892440559901854	0.0149001140147531	0.00652144817615237	0.00330296770952785	0.00258770098813764	0.00202924126956861
5.50216538041421e-05	0.0101138201926683	0.0751408268175296	0.890997907187251	0.0136121490970673	0.000892756697068306	0.00257674600507238	0.00607036950268632	0.000540402846852417
0.00448934531114549	0.00532793883651844	0.107501170411982	0.834675825005552	0.00744370746225959	0.000395070820126298	0.00549605317981715	0.0216738956491051	0.0129969933234935
0.000590659256759614	0.0036108178461434	0.0686787057291601	0.892550086225904	0.0137259466481321	0.0103764762067965	0.00176148412830984	0.00786789340421641	0.000837930554577858
0.0122081240023603	4.58057227104705e-05	0.0969491350246736	0.814434861949092	0.0212013969155421	9.61123998924419e-05	0.00483363338122053	0.0333143698229623	0.0169165607815465
9.61927897165282e-05	0.000162174514418041	0.088283836615181	0.887155652084296	0.0108900342685489	0.00210924316749209	0.00223348620162567	0.00890070485892734	0.000168675499794289
2.44885899823571e-05	0.000668510635477493	0.075589467166265	0.893218975647624	0.0174434474333121	0.00986726600344043	0.00188957135327536	0.00127585289037155	2.24202802520093e-05
0.000487103229644184	0.00395131578821728	0.0719652586869528	0.894188132169965	0.00911496704730529	0.0123523031922843	0.00155871695783711	0.00369056580011142	0.00269163712768301
0.0127076512958005	0.000481355988778471	0.0829907258047959	0.869270598197044	0.0195728502537676	0.00534741965634701	0.00124246152257459	0.00793445207190218	0.000452485208990206
0.00137085729821537	0.0117757310579646	0.0744804542577012	0.880472722894434	0.0156528720580099	0.00188133455940684	0.00193614749293915	0.00699826060261426	0.00543161977871509
5.66185886859127e-05	0.022325065042032	0.0823729051831823	0.884509351850263	0.00560414181902469	0.000233146483501513	0.00348308245842217	0.000261866085323607	0.00115382248956524
0.0134689154717822	0.000153794638876184	0.0687121051099597	0.885123102555126	0.0183150520550564	0.00401950643494908	0.00216937311399263	0.00801072805951236	2.74225607457457e-05
0.000224013596400665	0.00511433828251209	0.0853479412698968	0.892418300346915	0.00532366868265437	0.00916556224811802	0.00173807724505046	0.000582759725993818	8.53386024586603e-05
0.00185246385040945	0.0192738128798874	0.0737050556042209	0.886669764104303	0.00771318562416157	0.000499947929351327	0.00175837648774531	0.00185082647833815	0.00667656704158304
0.000914163420515654	0.000626223492514301	0.0959606718988974	0.881458081330014	0.00494935855842268	0.00224963052976228	0.00482847582421641	0.00893228595398395	8.11089916736559e-05
4.99310078700057e-05	0.00285118234796592	0.0819979597746625	0.880192138631197	0.0124465459132019	0.00647503680340129	0.00430079503301501	0.0105794060103034	0.00110700447838276
0.00165969910636508	0.000480145754500489	0.0823916434486633	0.883964264387456	0.0155292015337323	0.0115009960476739	0.00183829911704859	0.000635043007720454	0.00200070759683985
0.003752800690053	0.000178825808960345	0.0746293433975025	0.89102714101129	0.0190844730181426	0.00193822366340546	0.00260946496273277	0.00671228930197257	6.74381459406688e-05
0.00484448594083838	0.016598315897711	0.0734869931582208	0.875674960916618	0.0131868430972113	0.00934164881239159	0.00317408888000951	0.00317760368174528	0.000515059615253903
0.000595180056594134	0.0104711757867451	0.0775913003383618	0.88953190611067	0.0145956591930703	0.000470264827660179	0.00332161631508296	0.00320074105323655	0.000222156318578734
0.000700081768937187	6.43124998248479e-05	0.0876613894180973	0.881331715407473	0.00841196733287903	0.00744779421070169	0.00302759334836138	0.0111499506711402	0.000205195342585054
6.56604364733013e-05	0.00171029474011527	0.0805115374944129	0.89492923433921	0.00696180411390479	0.000860578614538874	0.00193743396533013	0.00863269947373809	0.00439075682227671
0.000141327823420835	0.00229094621554761	0.0854832622064369	0.884070031559486	0.006773703320364	0.00861347724995768	0.0024619870679585	0.00314807695384885	0.00701718760297946
0.0012499112916465	0.0125379314201727	0.0706990778206267	0.894974768891867	0.00704236877419669	0.00442489857778793	0.00194670840310901	0.006956587762928	0.000167747057665601
0.00276732298360465	0.00108933360053653	0.0789121741796033	0.883000709698522	0.0161637913446549	0.00288770062282366	0.00386899966840415	0.0110923775879486	0.000217590313902113
0.000687243887142792	0.00124758694346947	0.0760539470047448	0.885731234622983	0.0190686718986374	0.0091470579653866	0.0015751364704657	0.00317286527362413	0.00331625593354583
0.0016561068852501	0.00235927921341412	0.0829935409043585	0.876127609617476	0.0175607457894505	0.0132214738469147	0.0015138942749095	0.00302824421101749	0.00153910525720915
0.000522522527762243	0.000237883071915984	0.0823936008079588	0.885380743402374	0.0185050398594906	0.00617702298832117	0.00267062127767602	0.0040087886743648	0.000103777390136624
0.000706910715340573	0.000246613822223767	0.0848167240351406	0.888256709664104	0.0148787146316714	0.00823401633524809	0.00214654447862598	0.000625661338873137	8.81049787726444e-05
0.00279505748109752	0.0169740385097137	0.0797311976904329	0.887498863881916	0.00825353839742067	0.000809108109484453	0.00256885438536774	0.000422818153770656	0.000946523390796743
0.00445152002006225	0.0062602839474098	0.0748614629640888	0.863983076840569	0.0176050525205405	8.65562646648689e-05	0.0104454200068118	0.0201310219159428	0.00217560551991021
0.000861691795190561	0.000584643528835971	0.0755511271038441	0.888436404146502	0.00914151410332483	0.0126453343950498	0.00381539382505106	0.00747907195602872	0.00148481914617262
0.000116546795822796	0.0128177257581874	0.0813806577992385	0.881577238281257	0.0074572471715819	0.00673205476505145	0.00336033286045374	0.00230481858377634	0.00425337798463022
3.61330854735571e-05	0.00326221657956242	0.0766398937967712	0.884893039505038	0.0156061088962211	0.0147358888769169	0.00227646571329398	0.000101037185758997	0.00244921636096419
0.00569975203175326	0.0109462972814045	0.0707210411443091	0.880792585155274	0.0153942295619665	0.00509258866006868	0.00485446251581074	0.00187777526627471	0.00462126838313796
0.000176590949683128	0.0267411149370227	0.0814478819852396	0.86384593367617	0.00900008789009037	0.000220454862680395	0.00592817105662167	0.0125881029454827	5.16616970095458e-05
0.00018280576161856	0.00781978276067302	0.0771490608655417	0.890219851877638	0.0130017873399871	0.00852529355672455	0.00253727952726638	0.000357803900258413	0.000206334410292576
0.00129665682413923	0.000278771670916419	0.0772503824086061	0.89597836209926	0.0106818951548695	0.00300491208060259	0.00271523004668381	0.00837624169900351	0.000417548015919301
0.000293236448385189	0.000382310218207325	0.07470351227301	0.884944283726426	0.0125554574767204	0.00499395660701165	0.00280790720124336	0.0131848316861813	0.00613450436281478
0.0139275357117651	0.000342138500706371	0.114103848239779	0.824693047008073	0.00937905400303015	0.000115618012720564	0.00724934016930066	0.0301228355311812	6.65828234438294e-05
4.94189025111985e-05	0.00903705408358098	0.0862674828515091	0.890519027124131	0.00693554399602373	0.0011548221953018	0.00371681795922512	0.00206735151656403	0.000252481371152822
0.000201421359597713	0.00182276240902637	0.0880648153323509	0.870911740775488	0.0128857557624738	0.0036550584222701	0.00352601183337854	0.0180496573919794	0.000882776713435078
0.0029120261443442	0.007475493379002	0.0751428221911622	0.892952539122818	0.00491000037320739	0.0136854747443938	0.00180612874530228	0.00062820086911992	0.000487314430650469
0.00624672862743984	0.00562102511035263	0.0714645939908157	0.873498317918082	0.00990091684218224	0.0114705224981984	0.00216930255726098	0.00010167449483148	0.0195269179608365
0.000977354751216055	0.00417481778862025	0.0793723519349889	0.884370875287763	0.0170807934266023	0.00661273188327028	0.00137085327527058	0.00594753155835884	9.26900939100762e-05
0.00151355537436952	0.014286827752925	0.0833042958584849	0.886012827629933	0.00550031435310916	0.00286280770148389	0.00209483193212558	0.00437065275842103	5.38866391479551e-05
0.000650860332539154	0.000282207945053647	0.0908641387286863	0.886070650908785	0.0103133090422259	0.0028566129465314	0.00240557928058704	0.00640327247626344	0.000153368339327794
5.05435930100982e-05	0.011591943023792	0.0734220547176344	0.884300047900971	0.0186469289710326	0.00484401130115361	0.00519000249146242	0.00191785747874568	3.66105221980552e-05
0.0030295561147691	0.000773911263375033	0.0742418170176469	0.865724764056718	0.0273883976088209	0.0119333122774741	0.00301963561140241	0.0137325171655049	0.000156088884288582
0.00230741926185338	0.000264914971722194	0.0821356180673784	0.888389534790227	0.0105578087351086	0.000109929032045562	0.00233930463431422	0.0137848174480177	0.000110653059333077
7.2975828001714e-05	0.0172784164913669	0.0761316327805975	0.889256849793438	0.0127160784529881	0.00105191176184739	0.00280327306168622	0.000563793846791794	0.00012506798328237
0.00318400926196736	0.0110032721577193	0.0808163954506102	0.883312086761208	0.00880805198701831	0.0024102592008027	0.00346420017210478	0.00645337587866763	0.000548349129901861
0.00949472864445703	0.0156347712961857	0.0643054526642602	0.888988799010981	0.0177970456710101	0.000200807528045514	0.00301619789519792	0.000470199015791172	9.19982740714844e-05
0.000430065314886751	0.00083175516492798	0.0914295317298359	0.88314125439633	0.00633435270690225	0.0070753892379133	0.00274999885511452	0.00738090948332214	0.000626743110767237
0.000495015548684939	5.00177706407797e-05	0.0859085082719691	0.892716706276312	0.00568864574703015	0.00010025566398182	0.00327459130757687	0.0117248190519836	4.14403618206425e-05
0.000368472400426592	0.00159209774244004	0.0804605420910872	0.893645373998154	0.00444840323301864	0.0155015605435962	0.00255934432122871	0.00138617356243502	3.80321076132354e-05
0.00326821644980013	0.00201744585245689	0.0839462056824496	0.89157598314767	0.007298881033336	0.00739508364892515	0.00350730075550017	0.000553364016159072	0.000437519413703389
0.00844520393421183	0.000279428789019819	0.0733673549039714	0.883713772465636	0.0131351095273695	0.0175425257569873	0.00246058586426879	0.000685624568526855	0.000370394190008745
0.000383521000277122	0.00209543316752566	0.0754169433795575	0.898573647017076	0.00761068820599662	0.00382967928473204	0.00291767170839545	0.00905411217000118	0.000118304066438675
5.8085499032659e-05	0.00844571677467545	0.0790349945172087	0.888027945282964	0.00493894837311307	0.00121864532708882	0.00308683644227134	0.00911826454079558	0.00607056324285032
0.00407895666933505	0.00450489289915449	0.0795386272098672	0.888187988332637	0.00978698237577165	0.00967727371253697	0.00275676897008338	0.00126796820289069	0.000200541627723525
0.00100817319160041	0.00701117711833997	0.0776110997219165	0.883778953318744	0.016200921459368	0.00124734571378871	0.00346121896695341	0.00936442740762507	0.000316683101663511
0.00270196766037032	0.00101281753637424	0.0823444757475483	0.878267725193538	0.0157238363512312	0.00923665511097944	0.00272976445682284	0.00495748041116261	0.00302527753197282
0.00138868239980938	0.000287882341058801	0.0745805544246942	0.882527646376647	0.0159618331370817	0.00790406973931074	0.00323973101776982	0.0118812871380672	0.00222831342556143
