Bcells	CentralVeinEndothelialcells	Cholangiocytes	Hepatocytes	Kupffercells	LSECs	Mesothelialcells	PortalVeinEndothelialcells	Tcells
0.115642025515956	0.000319850604582725	0.0497271643587845	0.367610620977319	0.115875556882498	0.00102606354102115	0.000497305371271523	0.0015668358959164	0.34773457685265
0.168687554360182	0.00216967612274797	0.000646030380531095	0.349151510749416	0.0809823297171254	0.0101573597480865	0.00119817823212647	0.000321453592079414	0.386685907097705
0.20525988584688	0.00083505466198858	0.000432187148737752	0.269645285676745	0.140720798982271	0.0256170512940128	0.00381838808591801	0.00138452286200161	0.352286825441446
0.202711079775387	0.00184514670448597	0.00239590599659575	0.301592526668167	0.104887245095961	0.00719735757380597	0.00258009029473432	0.00173264043164998	0.375058007459213
0.171171028376038	0.00296529672973008	0.000666447545050219	0.334907953731512	0.0937465495303381	0.0219464021809947	0.000158649507532588	0.00714985420434076	0.367287818194463
0.225568861763494	0.000821936525918298	0.00194842142120706	0.31924149762836	0.0293267407764721	0.0220611366460837	7.00676979920207e-05	0.00222867822693041	0.398732659313542
0.229009631341929	0.00349830873159016	0.00105069916611174	0.336380121410246	0.0633166808919378	0.0137045791404739	0.00093100767673699	0.0082187070076535	0.343890264633322
0.1181554614769	0.00161681913626153	0.0336167182787779	0.353255515599031	0.121509222712527	0.0269984326746645	0.000192743204144534	0.003933577807358	0.340721509110335
0.187967707767168	0.0129090944228717	0.000572118172021514	0.350397859624226	0.0788019911457395	0.0162805207788978	0.000192375995446377	0.000576626927289624	0.35230170516634
0.138029611993292	0.00391316452903325	0.000889294232529319	0.388662726930959	0.0268463913487508	0.0222714528590897	9.34257839972539e-05	0.00118242963370782	0.41811150268864
0.250227991678494	0.0187551130436561	0.000430699927908293	0.267736315533731	0.0967114323703178	0.0161857375080939	0.00387918460673115	0.000696970836755894	0.345376554494311
0.226048403970127	0.00159750602915643	0.000648839004925936	0.33783191745725	0.0743292178430589	0.012829982635199	0.000178619359933092	0.000728344917867598	0.345807168782483
0.218102114933847	0.00675666428229483	0.000376847008796944	0.32432437995991	0.0424088615422511	0.0155385202610402	0.000702544455624982	0.00109179553432821	0.390698272021907
0.171161382328331	0.00565294186504015	0.000334295938710479	0.344179401600146	0.0444182937537219	0.0105050076445583	0.000857944051171357	0.000416810108302823	0.422473922710018
0.162871933180695	0.000798230622363034	0.000281331098582982	0.314636339390145	0.106382431120635	0.0125459089125207	0.000128465085914772	0.0014367161113617	0.400918644477781
0.219264600479108	0.0477677217411271	0.00992994157830039	0.327553030418369	0.0245097428695993	0.0176527776365596	0.00185798820451475	0.00674401373704915	0.344720183335373
0.199885930021225	0.00415803543048967	0.000513137397374588	0.331018577046743	0.0316303332289456	0.0220542508946514	0.000337989542049585	0.00164958506855754	0.408752161369964
0.218745734391411	0.00408087066119824	0.000260219742550889	0.318661234966257	0.0675510906010752	0.010185060676789	0.000108703939514793	0.0022629619638284	0.378144123057375
0.238057250926849	0.000366609830145095	0.00056351650033059	0.336885222549536	0.0995056037415115	0.0133590048996886	0.000792443997143111	0.000320094695391093	0.310150252859405
0.204034675844747	0.0106012257431645	0.000789954148042649	0.306375787044641	0.0795749844861466	0.012187929689315	0.000199199713958404	0.00368639330743151	0.382549850022553
0.233643556702392	0.0128674680997035	0.00139590978317086	0.297272245529329	0.0619957048250162	0.0269442906504088	0.000631636384284337	0.00163319614515634	0.363615991880539
0.214824882094974	0.00110345155104774	0.000412847777923867	0.322636432671329	0.0364365071010315	0.0075082729469622	0.000129158892819034	0.0100387233408966	0.406909723623016
0.241667271405583	0.000482656420150484	0.000552771087191701	0.262069741321434	0.0711052425771073	0.03692481632888	8.08728172676653e-05	0.000779219846935999	0.38633740819545
0.162493055533455	0.00361476189542105	0.00915683534997411	0.353774100864132	0.0577776372080779	0.0113685080989386	0.000613950918308792	0.00935208766582354	0.391849062465869
0.153554405866074	0.00218307170396804	0.000156652633995954	0.330563757359523	0.0970540683919776	0.0138268099981395	0.000142740582180287	0.000756949034477001	0.401761544429664
0.193677806100667	0.022952804854696	0.0015537340577793	0.349452437173283	0.0322151636581851	0.00838264701377341	0.00176861607542302	0.00786430986277781	0.382132481203415
0.198481642551596	0.00166988236861607	0.000545243413665094	0.294305278625534	0.107975059143046	0.00495909450344573	0.00100688055373991	0.000380102931088103	0.390676815909269
0.220528994247967	0.0286872301892249	0.000597284835241594	0.312847515499114	0.037367511496535	0.0165190700234709	0.00116661150637067	0.00154227387911446	0.380743508322961
0.212994788915812	0.011290966950216	0.000310423701837577	0.327339364553458	0.0706433521226137	0.0111236495591398	0.00117253240872737	0.00108035585217649	0.364044565936019
0.147961533690007	0.000649748943436632	0.00445624855854592	0.345520600354012	0.147259404355758	0.00576865606721223	0.00272355923822415	0.00489966108412504	0.340760587708679
0.12787660141265	0.00110511043159659	0.00268759744803369	0.347559558355912	0.0645003157577266	0.0227294401352419	6.29194936545771e-05	0.0017797994971959	0.431698657467989
0.203304735019903	0.000479000175101838	0.000401923205151449	0.299568260721746	0.105951025926093	0.00131167113524086	0.00281520430896447	0.0100838695615053	0.376084309946294
0.141810421453796	0.00159562461413303	0.00682172042677306	0.34436814247961	0.0845020250964703	0.00293056506073738	5.29913376773887e-05	0.00671015335569326	0.41120835617511
0.187853741626926	0.0278200058358563	0.00354329185731115	0.372276448360149	0.0250721642496645	0.0223843396293829	0.00012578727420966	0.000363395422245921	0.360560825744254
0.23577810535334	0.0197766010694058	0.000480597019169692	0.318915221721628	0.0589124861835804	0.00642330863060147	0.0133482624984598	0.00584629262066418	0.34051912490315
0.217646313291805	0.00159410112128026	0.00231981623401378	0.329208812190465	0.0566797413584171	0.0211311983609582	0.00351681444467087	0.00257910704502466	0.365324095953365
0.171872218073196	0.000298394647612245	0.00144963518014089	0.352829476195845	0.0758052256571643	0.0121369100246544	0.000144232728748783	0.00133055055286065	0.384133356939778
0.23865368212021	0.0650553327091608	0.00119686020212083	0.273804573176487	0.0507230074728117	0.0280998260385287	0.0337130036999331	0.000890882642158896	0.307862831938589
0.14675122945258	0.000577234836163328	0.0111557570087144	0.294803900920557	0.183362849082537	0.00427286442043648	0.000306776329696276	0.0183217179465358	0.34044767000278
0.213925764086062	0.0051077756772773	0.000470012245242966	0.347523751360087	0.0473472152109351	0.01076653884764	0.0106608477842592	0.00889407790786696	0.35530401688063
0.181828577182012	0.0182139879509154	0.000532957223222829	0.355403586463943	0.0711185499581101	0.00464699952177176	0.00155417723739787	0.00211912595790588	0.364582038504721
0.233393676422498	0.000716417789119281	0.00149506118130325	0.310510672527696	0.086639554872082	0.0254944863028273	0.000844183979695925	0.00276881658404326	0.338137130340734
0.226867539382405	0.0130309338724449	0.000920290633423829	0.314144173295438	0.0606205739761577	0.00681818719310206	0.0203606487979543	0.00175791465720362	0.355479738191871
0.215635338717521	0.000404139289667806	0.012066017890832	0.305049288566692	0.064766077540594	0.00936094838925123	0.00068636790111081	0.00103023780140595	0.391001583902926
0.15463653578489	0.0116086147094966	0.000471419488280544	0.358025162444187	0.0854926489840136	0.0283462901638537	0.00924211635459971	0.0075211154585314	0.344656096612147
0.218215569142658	0.000680312097663027	0.00183019227737443	0.307745306367884	0.0437531804417951	0.0263610926984116	0.0002314683486458	0.00135494231383145	0.399827936311737
0.202620702283417	0.0150420312121677	0.000533199169757998	0.313559228104288	0.0796034385915592	0.0200886012034311	0.0174038665170332	0.0046797844614212	0.346469148456924
0.222435085951765	0.00163938784640637	0.00146939900994829	0.279918590724169	0.103735764552429	0.00924284938565616	0.00380768885676702	0.00154565897976281	0.376205574693096
0.194420105507347	0.000892975147452654	0.00438317871425962	0.308515382758289	0.112288945673937	0.0177683205658892	0.000787528457756331	0.00264368553537768	0.358299877639692
0.147839281346325	0.000461646113778169	0.000214108483786302	0.339498820797395	0.0547399880891573	0.016842778053198	0.000272981240672346	0.000757976172266554	0.439372419703421
0.192342474593468	0.00270347850864956	0.000235680752866311	0.279572170436817	0.166618349639999	0.0239957200606593	0.000401744842620737	0.00186964931258916	0.332260731852331
0.173010156924244	0.00573816779457507	0.000426819807963715	0.298742903415503	0.123555656933739	0.0206406740445432	0.0020548435936559	0.00120903195042561	0.37462174553535
0.237322254225701	0.000913806485611849	0.000171974623220585	0.324482755670971	0.0616932805274244	0.00545511654894746	0.000640720708544919	0.00526892755363573	0.364051163655943
0.160177589543083	0.000110950490021656	0.00437334111132971	0.379734568734102	0.0617244476723693	0.000541470681202017	4.9750213445332e-05	0.000141339400342908	0.393146542154105
0.151863796062566	0.000404126972157252	0.0194661709926876	0.353810609255735	0.0658895083036303	0.0108930296960847	5.88501898749873e-05	0.0267661856774223	0.370847722849842
0.218116381976627	0.00154980712966248	0.000126767931670589	0.30982859910298	0.0420284819306146	0.0223875922682719	8.82532097377127e-05	0.000319186008496206	0.40555493044194
0.170625808992328	0.00156778050475879	0.00346936718602146	0.319636082402786	0.128338883709823	0.0114121974627409	0.000281143764025919	0.0014698737306419	0.363198862246873
0.137005984550973	0.00198696671034626	0.00288263203482868	0.35778295840853	0.0772332640747907	0.0034407017915405	0.000321486859844527	0.00830248371178795	0.411043521857359
0.18139340734378	0.0170121877298805	0.000327404537540509	0.362037385559027	0.0365374684321656	0.00449618332566535	0.00260240251903	0.00252450408533623	0.393069056467575
0.235525611175253	0.00186755946085616	0.000264531063250716	0.328100563266997	0.0321208446058809	0.00615919789316713	0.00403025572985859	0.000245197454615552	0.391686239350121
0.224012599781814	0.000403908849000943	0.000283974922498808	0.311656876884511	0.0800478991380623	0.0230241596914647	0.000691334573456995	0.000801912728435201	0.359077333430757
0.219065752247625	0.0168311766620051	0.000401618644215457	0.323112470617429	0.0666872188972523	0.0183840735761257	0.0048260107842287	0.00152759774232683	0.349164080828792
0.222645742665839	0.00787634855606155	0.00844249249185308	0.346369144370946	0.0788433534472709	0.0119824411506478	0.00195428537640203	0.000681140774503549	0.321205051166476
0.168022875272222	0.00312285655186028	0.00111142542679844	0.343439552483778	0.0709434192008866	0.0177520210221493	0.0125373918647585	0.000899263226964162	0.382171194950582
0.228675043718739	0.00323930801121584	0.000302496816654991	0.348917316940175	0.0524310481509581	0.0026773509274358	0.000111697759162826	0.000361115687061995	0.363284621988597
0.155833488087611	0.00398384607193705	0.0366108362479879	0.335223040831694	0.0257927598967464	0.020716232891157	0.000212667284740702	0.0336222467571826	0.388004881930943
0.196651698058656	0.00037406063213671	0.00666300476553723	0.330454256589819	0.0320111461327847	0.00589427606998851	0.000130466177740545	0.0641509007727129	0.363670190800625
0.194833504236516	0.0212636948656045	0.000568628553778513	0.30687056983106	0.09484494802491	0.0179890006457314	0.000513454599200467	0.00329322960496157	0.359822969638237
0.239816658345322	0.0279967925343746	0.000953958069838003	0.322171837429582	0.0240545769095061	0.0154275935745237	0.0018736360272338	0.00504716029977959	0.36265778680984
0.194243784227877	0.00571908611654879	0.00710758429117334	0.302899958788206	0.137144406883829	0.0250391385061003	0.000608236602778592	0.000646900367671953	0.326590904215815
0.194066840648299	0.00140325115127997	0.000198625173757601	0.308265033996909	0.125559533423611	0.0158610813290049	6.63290069690421e-05	0.000367353224021233	0.354211952046149
0.200248053024784	0.000825558759147922	0.0988228742621695	0.246422439824778	0.0239448199142719	0.00189967309129631	0.021896579466768	0.0762899433278911	0.329650058328893
0.183096073701387	0.00234973153892009	0.00109361655613962	0.303633140448568	0.133861774591072	0.0081466978065339	0.000252266236832861	0.000465870395385953	0.36710082872516
0.196870612278123	0.00834218351434261	0.000213801370967535	0.326717110972927	0.0618025951960418	0.0269280925555088	7.77512924997715e-05	0.00118331944449591	0.377864533375094
0.23524470686592	0.000737142668200894	0.0488471381909537	0.278813197155573	0.0214628283965951	0.00253480618340781	0.0449954228172584	0.0437534872256804	0.323611270496411
0.203463293185667	0.00231573782214999	0.000775579216617709	0.323601620051072	0.0619668106158264	0.00265623345680027	0.000262424088336409	0.0130212909784691	0.391937010585061
0.207889555323955	0.00533141457652376	0.000297522888090423	0.316283730706858	0.0322170860409274	0.0264877338676154	0.00158769543442528	0.000834856568868675	0.409070404592736
0.14442105358086	0.000558413859406414	0.000750757650474549	0.343741616329294	0.0621705319050097	0.0184637062744455	0.00964480039454293	0.00354761866915361	0.416701501336813
0.204708521002088	0.0123390425152482	0.00685191948867995	0.2903556217493	0.114822655347638	0.0138067526657731	0.00557847092444729	0.00822001006819097	0.343317006238635
0.215308137376169	0.000543996951131096	0.0410601141851673	0.320083408304319	0.0608528589625781	0.00141206949171648	0.00817923875830302	0.0440599888509094	0.308500187119707
0.212041618516138	0.00134751744914207	0.00379950025014504	0.338669245059333	0.0338278869265891	0.0136755538754262	0.0011802705801093	0.00167500211027373	0.393783405232843
0.227686487885195	0.000640654957590639	0.000650278613143715	0.298024474191752	0.0710584117028192	0.0299285701366025	0.000304792414510254	0.00125584524471813	0.370450484853668
0.244307429109701	0.00161812706082874	0.173135603867521	0.19976422764216	0.0304229296260746	0.000547689815258476	0.0575229961846329	0.0312625593816558	0.261418437312168
0.230115738617694	0.00773114959154448	0.00209254874648613	0.341042895718455	0.0561666018221821	0.00785193172784202	6.75024380591151e-05	0.00139176180030795	0.35353986953743
0.222309077269687	0.00224521884941732	0.00319577301320014	0.336745953217417	0.0307249146540733	0.00783727997956273	0.000796853680625298	0.00118449384360097	0.394960435492416
0.203961124881724	0.00457204123395948	0.00111229013247868	0.302138273574006	0.121520891675822	0.012955639961999	0.000801219089798182	0.000520059275922557	0.352418460174291
0.222807966419804	0.000648489879832349	0.00113162822076547	0.304950530667099	0.0826059093865116	0.0464079050493651	0.00301695265204305	0.00127455556502744	0.337156062159552
0.206702265489436	0.0021042254619461	0.00013268988841001	0.320316225867114	0.071942943515059	0.0265108519395599	0.000660196989084579	0.000667843136028659	0.370962757713361
0.239679741480249	0.000384584212362389	0.000446581386622502	0.294552948522815	0.0823904030739237	0.00748221603183514	0.000248086521114235	0.000286875562524458	0.374528563208553
0.234579277422058	0.00373301812026824	0.000309599711586156	0.306443441242465	0.06918540302699	0.0346675121647062	0.000844692242087513	0.000623941017512219	0.349613115052327
0.239817551042357	0.000749976746658995	0.000896042454927829	0.30612508737682	0.0704414117576365	0.0129593623498083	0.000161614806209876	0.000394243664199571	0.368454709801382
0.181666332974918	0.0112221352382131	0.000881611779116219	0.350983941503786	0.0575889701175891	0.0273429804076579	0.00108799592375476	0.000647029912139257	0.368579002142826
0.195135712437016	0.00419213284620015	0.0032852686592519	0.303254670784938	0.0926384144776901	0.0136404643524759	0.00304686261761271	0.00695349909608736	0.377852974728728
0.17526814435448	0.000417341837327466	0.00149474085813397	0.335110445205631	0.0797572036100906	0.0245636970893302	0.000455083696720875	0.000761570377209431	0.382171772971077
0.187078204687529	0.00353226481904487	0.00105872104700271	0.305797061666628	0.107809277680616	0.00949552776210778	0.00478435763278624	0.0114041429961076	0.369040441708177
0.215340034286655	0.0059412772613527	0.000380061749842955	0.316919049103524	0.0719413406367038	0.0312924169693574	0.000774379510951081	0.00559084188442188	0.351820598597191
0.198532127927826	0.00125965546174133	0.00180181977623284	0.311211483101973	0.099803295730619	0.0420141667426731	0.000612268244481388	0.00734128042906754	0.337423902585386
0.196119800381654	0.00323257595073925	0.0184291924193137	0.312435660699442	0.091529534773326	0.00283349831848551	0.018655629692053	0.021066777248363	0.335697330516623
0.230274082027538	0.000576894071836477	0.00013617581816152	0.287756703071448	0.0536333430916088	0.0363912325794368	0.000289881061239227	0.00101084482996955	0.389930843448762
0.21410992805867	0.0113716320073705	0.000692557010967848	0.346348720288058	0.0359496965319439	0.00844675958511661	0.000163448514756226	0.00474340311893914	0.378173854884177
0.221473781836762	0.000537716920199877	0.000953575337231497	0.312323557296236	0.042749760091786	0.00650749559317086	0.000154269112554171	0.000778760818475033	0.414521082993584
0.210996391189119	0.00482244167367723	0.00584993592601895	0.266764408124935	0.10456782134693	0.0188519181191176	0.00688718380514339	0.00122467518845108	0.380035224626608
0.166226645420056	0.0209417463204213	0.00145417738787307	0.306069431657702	0.121951154404552	0.00777047557101993	0.00492578763222481	0.000677867748128134	0.369982713858023
0.167187936869661	0.000497122083661693	0.00124983761848684	0.344070703750218	0.0297788204599209	0.0293795942048524	0.000199374532225891	0.00382350751644935	0.423813102964524
0.192597564288966	0.00747839776319593	0.000740245488899638	0.360269121438563	0.03321056517447	0.0149845097063549	0.000383204873725436	0.00232316657278456	0.38801322469304
0.156840189256268	0.00108664720061531	0.00024601381450675	0.337231036304717	0.0754862294603405	0.0139535498144291	0.00028997339458037	0.000556390446920543	0.414309970307622
0.184068521783727	0.000612630411380169	0.0179445936120673	0.31920730621996	0.0587720019715308	0.0301618652383481	0.00210425382512697	0.015340585424672	0.371788241513188
0.209608446383622	0.0262295031413439	0.000731727609027384	0.268921068738148	0.0557206008333671	0.0318461145938985	0.0207376214661852	0.00138845984883783	0.38481645738557
0.208725673789085	0.00209736363194343	0.0237042064466911	0.337342789646336	0.101932267735156	0.00335660201916221	0.0016288952791884	0.00998890959078218	0.311223291861656
0.165829483421468	0.0227751336794369	0.00110561354528693	0.325371254439098	0.13269173751124	0.0360769923236554	0.00170315941937171	0.00125529005719245	0.313191335603251
0.226274290125385	0.00494796814467395	0.00158774127384644	0.346068217284819	0.0794265968969124	0.0105821399326847	0.000158505064919927	0.000389718617562199	0.330564822659196
0.219859343229003	0.00158618612945843	0.00067915185583568	0.350825024528684	0.0718505994288768	0.0160166757375726	7.92662027373389e-05	0.000257499290440536	0.338846253597391
0.218678644631495	0.00449367811363303	0.000588141262582846	0.310332810202308	0.0784510445579314	0.0328227845081673	0.00394531888850091	0.000555565240468188	0.350132012594913
0.169960479945894	0.0044063419379224	0.000468743374593015	0.302793228549462	0.15100006577956	0.00624398862662143	0.00434195410177441	0.0158034209090395	0.344981776775133
0.173690287921519	0.0191773107167267	0.000226951610799012	0.319301564691382	0.146862277897094	0.00989460842275275	0.000676300829859662	0.000984575896788259	0.329186122013078
0.202359133868627	0.00132431775153074	0.00773092778732373	0.350083370423282	0.114114672564076	0.0204504829134886	0.000276501585707879	0.000963685733329626	0.302696907372634
0.155915070482605	0.00759303984953038	0.0370468759100312	0.301322601959342	0.103473965790476	0.0139246986367855	0.00597841707327561	0.0302219676919804	0.344523362605975
0.235514973742303	0.00506687788954859	0.000283115376512167	0.290868146201422	0.132679490349368	0.007786544948018	0.00141175694942158	0.00201488305326984	0.324374211490137
0.174043466373476	0.00236699565425136	0.014572532752303	0.32495461342339	0.08204300130594	0.0124115165616475	0.00327328529527781	0.00110855808525896	0.385226030548456
0.206072654637592	0.000669568148134268	0.00113851783289985	0.366662291094798	0.03255529202209	0.0175988476700515	0.000188148645343521	0.00781183274623443	0.367302847202856
0.268434012051834	0.00460404263092406	0.000295771437707465	0.300775185674398	0.0859299945883504	0.00482273488078889	0.00375510588583555	0.00155331336529532	0.329829839484866
0.224381601647288	0.0115059020749249	0.00374551092337356	0.300927900043889	0.079333951040113	0.00826171148634187	0.00303815880417484	0.00114626764672597	0.367658996333169
0.180821702709107	0.00695515464173449	0.000340744869688458	0.279902562744386	0.121231580735731	0.0189800974206678	0.00386666725520261	0.000388771882128575	0.387512717741354
0.160684782460214	0.00124808865215774	0.0268530141107074	0.382701856117476	0.0403431933705853	0.0205407434051807	0.000409355941805491	0.00117117128714413	0.366047794654729
0.227102305152107	0.00846589718439703	0.000499141167575163	0.350374061372359	0.0289047723445309	0.01595406806913	0.00190265660570898	0.00377507804678498	0.363022020057406
0.107732553518547	0.00114583593662485	0.00014307272564825	0.346792794741195	0.131632703461899	0.0156468535864181	0.00690275678475681	0.000650830009224165	0.389352599235688
0.200612107293721	0.000198362142772373	0.000202131332988367	0.340595048248529	0.0845472792627026	0.00111772524234273	0.00025163959211789	0.00170451750953633	0.370771189375289
0.197989603935798	0.0076531544396031	0.000245102809753397	0.292230257835797	0.111539828520878	0.00409399871049862	0.000192693742461859	0.00405108465267597	0.382004275352534
0.287459800650785	0.00561988520381021	0.000783733047009382	0.274503578965907	0.0816535955232085	0.0107536381993494	0.000286327012148066	0.00084637438776148	0.338093067010021
0.198311116648985	0.0238054558839664	0.000439084418845317	0.327636573981025	0.0848258668876563	0.00245043746585676	0.00530523513949677	0.00116531730527121	0.356060912268898
0.217972251218775	0.0614361725489545	0.000299372028458775	0.338078000004705	0.0233566488532656	0.00669533608612288	0.00309037917159818	0.000845014524165021	0.348226825563955
0.213046491286677	0.0223833488513667	0.000702015099302705	0.368412896783386	0.0357374582189077	0.00963772654396081	0.000169032015345046	0.000460574298270362	0.349450456902784
0.115052627432225	0.00206391397756182	0.000725476121776528	0.34740193651038	0.0892985411655268	0.0156799648719687	0.00340944329923545	0.000306032908705136	0.426062063712621
0.150031206690641	0.00365496939556673	0.00144518710686566	0.348072352880029	0.0761676113617077	0.0112472810755293	0.00817162386108292	0.000688684077955851	0.400521083550622
0.216907483322949	0.000758080821933958	0.00426502622532374	0.294964351956372	0.0925577608722471	0.0172081736501236	0.00019282229735874	0.000371993286399469	0.372774307567292
0.159037012509822	0.00394299835940657	0.00304973381123189	0.351315466848383	0.074622419288433	0.0067729099757826	0.00763196267856651	0.0179421076134744	0.3756853889149
0.261765083434121	0.00109702699807996	0.000830640170213013	0.307524296105941	0.0527040367868307	0.0169178712587243	0.000251019617493087	0.000677201923319319	0.358232823705278
0.201851327203067	0.000655758934626118	0.000480605552158969	0.307415070436428	0.0656497379357637	0.0116354283595585	0.000120625885658468	0.000577857497162642	0.411613588195577
0.178727635198099	0.00053779340537666	0.00633663262886638	0.362294556423081	0.0621913175530052	0.0145351258264795	9.65193374897793e-05	0.00717467208684384	0.368105747540759
0.190041148392896	0.00259104969265331	0.000740956057802016	0.2899256405727	0.159489951642963	0.029636232466469	0.00223307672520622	0.000836383869806994	0.324505560579503
0.167915997790469	0.000611846241353591	0.000258910507704105	0.390577474256497	0.0232203762146901	0.00146916470534444	0.000630799692002678	0.00044863405807183	0.414866796533867
0.17667991200652	0.00137202125316731	0.0106351262007785	0.314901034799522	0.0977749117116653	0.0212834943343847	0.00014949479308224	0.000636970845739534	0.37656703405514
0.187274972034167	0.000960451920469936	0.00279666785218678	0.361139281397232	0.0248140681828256	0.0170924040978561	0.00010451883616877	0.000279378370762861	0.405538257308331
0.222027092166006	0.0070044750820551	0.00217499460541137	0.372473071781306	0.0165471323748244	0.013333867252073	0.000218467811766776	0.000339233947009117	0.365881664979549
0.224029541451792	0.0228533891948365	0.00110663369023757	0.261491603365682	0.108268252200185	0.0446813104070291	0.0369444927378195	0.00544061420081817	0.2951841627516
0.157635975223941	0.000369182410884518	0.00451937070902516	0.378198837508432	0.0681976995668287	0.000943865092989816	0.000366386283449506	0.0146056765954634	0.375163006608987
0.259414549777839	0.000781411341000871	0.00039106196569194	0.314112347691964	0.0595502031313543	0.0149527226254439	0.000415899266026254	0.000253279936831071	0.350128524263848
0.212016741920547	0.00294030792866555	0.00029302153088624	0.333103108007658	0.0184683287950107	0.0197030013349337	0.000213471290546035	0.000261591996419842	0.413000427195333
0.200057285018493	0.00814682845278871	0.000389848902554967	0.322263555013338	0.0562537388495312	0.00371665754505646	0.00198270425572331	0.0013256403983727	0.405863741564141
0.18696718478688	0.0170569269498645	0.000552279774351355	0.314577273976802	0.141833369425114	0.00858666647476733	0.00914279523568224	0.00202663454185898	0.319256868834681
0.176524010653497	0.0102386241043265	0.000881690279747753	0.337093402275631	0.116882316286223	0.0223373373538839	0.00153379581307999	0.00677907324663697	0.327729749986973
0.221211522038341	0.00469332843390541	0.00198924195260067	0.337348076744646	0.0873255190117861	0.0147084068441714	0.00282245874709629	0.000991801266482308	0.328909644960971
0.218925530836197	0.00194757581603536	0.000486542310909031	0.334207615663684	0.0640465324586088	0.0260978207376498	0.00021441037754892	0.00123272721705352	0.352841244582314
0.175661463322705	0.00107459590337874	0.000323931307962529	0.323397512886438	0.0783726410973876	0.0264074358954403	0.00179089200172416	0.0057617385704402	0.387209789014524
0.195482137241593	0.0246596399734167	0.00121702073072384	0.344395732167095	0.00663696270754334	0.0106436029264748	0.00147662626879288	0.02030590185313	0.39518237613123
0.227160857604249	0.00338005764154065	0.00105262814792581	0.329980414230519	0.0276213886032373	0.0228949971258812	0.000212086350612174	0.00140114526139308	0.386296425034642
0.19398077755725	0.00197969295942937	0.000721715501683687	0.341983751191668	0.0637191591569429	0.00731247849145208	0.000506033263753516	0.000682027515121178	0.389114364362699
0.268971701609238	0.00630004273056483	0.000847169165373502	0.296763539767211	0.0478697940243802	0.0100117097490178	0.0097512779020314	0.00187224190431167	0.357612523147872
0.18814641459366	0.00278284384733765	0.000329738640310177	0.29057783697884	0.132435862717746	0.0210520641299682	0.00190564265518113	0.00032049663421617	0.36244909980274
0.203474689184557	0.00185364643872799	0.00890883104284186	0.337059169695486	0.0339432027723386	0.0229283048314296	0.000323298491930826	0.00105251046188052	0.390456347080808
0.195169821433847	0.000366439498618948	0.00012324017255474	0.340186687663641	0.0653113107356831	0.0123371055680678	0.000256944868467077	0.000231051916288643	0.386017398142833
0.192140151113674	0.00513487661711311	0.000460579904530875	0.324496479464491	0.0915102966045124	0.0080289800138541	0.000527801813140835	0.00320408314217596	0.374496751326508
0.214147411052164	0.00962010952682568	0.000522354836356059	0.318089166521129	0.079169928126982	0.00435007250752903	0.00551666411232884	0.00146348181941322	0.367120811497272
0.173095357459063	0.00173661001632065	0.123847441978507	0.271017815772073	0.046349109005035	0.00347632963081604	0.0254940199870806	0.0612345567362455	0.293748759414858
0.113225121979812	0.000623282988263175	0.000435842480406447	0.335205096606391	0.0967309666393622	0.028212931919271	0.00439877080361974	0.00588685124658614	0.415281135336288
0.206233574279178	0.000968250566970988	0.0709604336726754	0.232710500960969	0.131402292009324	0.00329996975046349	0.0287264895022947	0.0262205848126549	0.29947790444547
0.175186155803127	0.000856450646040517	0.0303166845992587	0.344098971274277	0.0663958313964599	0.00442683271424769	0.000972771687473798	0.000807740852054436	0.376938561027061
0.183213342607247	0.000691232376757342	0.00132551547212078	0.33209579660251	0.125232822236867	0.00641187536793904	5.38514746711381e-05	0.0012228009509167	0.34975276291097
0.222738457191839	0.000830994773440497	0.000790732344634418	0.311885342893593	0.0505978978119765	0.0221757300393834	8.32197769880731e-05	0.00473030120150714	0.386167323966637
0.24109190455711	0.000855171568013437	0.000521277908845387	0.268837251759928	0.121029498286025	0.00785118173512713	7.32706620932201e-05	0.00156194220275824	0.3581785013201
0.146667815433854	0.0086835239439636	0.00372447251309859	0.32489589792637	0.118725281429904	0.0115116518642173	0.000608406473801583	0.0139458494880453	0.371237100926746
0.217800336616302	0.0510598782122192	0.000915596262834246	0.361310025564101	0.0178656652770059	0.00180209426575516	0.0148370480174809	0.000527675571650715	0.333881680212651
0.211875485296287	0.000800819677519902	0.00436739042379815	0.323867379967329	0.151071096750689	0.0112090004444194	9.05278852875992e-05	0.000494554070526046	0.296223745484144
0.214753419384936	0.00200952172084935	0.000313398723709132	0.373512148697466	0.0215999140134148	0.0118697372447937	0.000108052631105638	0.00104071899389282	0.374793088589833
0.264843271797732	0.00955875046413088	0.000645072387908671	0.295099200147924	0.0306452174929439	0.0160912097804725	0.000187366923895526	0.00601203378200334	0.376917877222989
0.206887217903764	0.000665628340320796	0.0606449513660357	0.33283033891258	0.0276791931147136	0.00195147417321333	0.0178971105903425	0.00804302978769947	0.34340105581133
0.181171229675848	0.00248693355252154	0.00300168548743574	0.289700278134739	0.0826191577453413	0.008760272134642	0.00495171216516413	0.0307050689020427	0.396603662202266
0.207326528456075	0.000767136046983913	0.000209746748131065	0.318129720921275	0.096295156601621	0.0144982795219862	0.000215965941937611	0.00152809312508434	0.361029372636906
0.149869819586534	0.000294005856969819	0.00259510766293634	0.337887787044496	0.142516223294889	0.0044830211335311	0.000151081359968352	0.00851112907585768	0.353691824984818
0.242897404549939	0.0328496789239709	0.00122585611431173	0.293899353877652	0.07292074891233	0.0260603177374736	0.00303165400355171	0.000891244442047823	0.326223741438723
0.178180817918455	0.00261541891767715	0.00434791069759305	0.335302876739723	0.0986123390938923	0.0069118938223391	0.00553764243389585	0.00469616733726781	0.363794933039157
0.177267830130366	0.000269681538458372	0.0200478253632664	0.338730363337573	0.0579605633765559	0.0205358295269523	0.00698390267488586	0.00729309752038818	0.370910906531554
0.178825590997653	0.000949806193337786	0.000712530029606534	0.351976195233253	0.0400806090953569	0.00473573010415546	0.000437326783913542	0.000200494300931011	0.422081717261793
0.2291824291204	0.00132250462719322	0.000717041604378756	0.340017908082484	0.0327820733792501	0.0120010127488729	0.00672872909556164	0.00208730860154784	0.375160992740311
0.213455963783427	0.022203305354354	0.000311752138779594	0.328310963250637	0.0348561701489222	0.0127007459061744	0.000244410811494546	0.0011897365969443	0.386726952009267
0.173788121833894	0.00183690616724217	0.00466128283640247	0.327167886432933	0.130329212345207	0.0105620593782214	0.00797240663588808	0.0120308858588887	0.331651238511323
0.14121517446187	0.00103465018251488	0.00014909666981547	0.306083346019551	0.127867326564962	0.0155670444214854	7.9532338423641e-05	0.000657681302237895	0.40734614803914
0.157833748469545	0.00252929771263296	0.00154149251188857	0.339962466829706	0.140239337507161	0.0215390494870071	0.0024711118224143	0.00148388501796955	0.332399610641676
0.183441094822123	0.000535438458055782	0.00169602480337132	0.324135400388121	0.133427963973248	0.0109092472651146	0.000260024017332333	0.00122057769151585	0.344374228581118
0.157981510132413	0.000338230728763259	0.0115082182668769	0.326628159718315	0.108274970601421	0.00388340280813305	0.000184367693588592	0.000391392210435718	0.390809747840053
0.197736883523222	0.0144731912688167	0.000921559577045822	0.308246864877174	0.0573699681900263	0.00856315959849223	0.0069822933590598	0.00478339169459977	0.400922687911563
0.234619869608654	0.044791897991138	0.000700065717069202	0.257941924233536	0.0825239172086134	0.00183568846176839	0.0579747623547982	0.00172794509785585	0.317883929326568
0.172201737463459	0.00132669120183593	0.0214452204911377	0.351218666652431	0.0724129881173202	0.0290162982950831	0.00487546410668589	0.00124055534126944	0.346262378330778
0.20349207695889	0.014081099075192	0.000358186435675115	0.331184807380315	0.0426725338987034	0.018689114463225	0.000930067741673698	0.00342137703025774	0.385170737016068
0.190410204840942	0.00135818701007478	0.000440086963272386	0.319921923107437	0.110192839799463	0.029467246357244	0.000199379382547152	0.000469240983899163	0.347540891555119
0.21032172933002	0.00457509068984348	0.00256129069032431	0.293232092029672	0.0984485551714108	0.0132867507576322	0.0154171171160661	0.00416819397708729	0.357989180237944
0.146618824875925	0.0836495615300235	0.00217231578825319	0.33362095784294	0.051069575804622	0.00555575565587488	0.0281531139347391	0.00935649402026623	0.339803400547356
0.156002703217941	0.00603717743226326	0.000806655599844546	0.335499258479154	0.0954785060102945	0.0225837342114869	0.00032505101518451	0.000684643196994327	0.382582270836836
0.183192386210827	0.000642974427624166	0.00493149343781903	0.35531356318329	0.0734569158382408	0.0127203275945024	0.00198832748654272	0.00154327935758137	0.366210732463572
0.195709737189009	0.000836271749445913	0.000481344059328716	0.321559933169337	0.0827356837016933	0.0177485076433335	0.000318472863435539	0.00552257757571588	0.375087472048701
0.183425104894281	0.000868480441291678	0.178574612016977	0.222050234759007	0.0328889002912938	0.00170317507111933	0.048355805775997	0.0572226084865612	0.274911078263472
0.210732932956457	0.0112557643241158	0.000702245287407825	0.373353994686168	0.0302826258124963	0.0019548937587664	0.00775233155264506	0.00144760527286172	0.362517606349082
0.146747073444801	0.00378749885010161	0.0284911928106995	0.301199105248104	0.103082979137008	0.00617297732067213	0.00346849152576443	0.0375556359260374	0.369495045736813
0.19095947694361	0.00159500395417511	0.000195944975314927	0.320420290185994	0.0272229080250104	0.024759314418334	0.00065930866726225	0.000904937765616412	0.433282815064683
0.239606237453569	0.00154016072273307	0.0004873893190938	0.304742898057006	0.0533405704881106	0.0178185889892315	0.000312450680191682	0.000725146220943935	0.38142655806912
0.235113647425189	0.00500731593476161	0.00055090603983352	0.296541314497138	0.116832673902346	0.0126745475484916	0.000181659735043696	0.00634408669544266	0.326753848221753
0.25037599701557	0.0381819849313229	0.000465845182002732	0.338081987446797	0.0284038451355336	0.00443979599313037	0.00140971553162244	0.00355833860144494	0.335082490162576
0.205188558597362	0.00128679070113234	0.0401650069389515	0.342993712954286	0.0606196405881948	0.00412651885701052	0.000258968764380808	0.00355846360140075	0.341802338997281
0.156141762483976	0.00316763558065718	0.00343591765981757	0.3047599031605	0.138582913655352	0.0183492106441401	0.013576805938909	0.0196990376683265	0.342286813208322
0.171769016401221	0.00082466246318217	0.0024588245286322	0.285283142642193	0.183702855200004	0.0375868374625131	0.00233406320879065	0.0201410910488649	0.2958995070446
0.214296664743584	0.0016294740093347	0.000632291584533922	0.345244059960494	0.077168239208094	0.00152734657829567	0.000445443071138892	0.00660980974077812	0.352446671103747
0.194087262476931	0.0215444879800456	0.00270988231269567	0.339919967782657	0.0926634879348555	0.00605674479645963	0.00633292401623723	0.00115152297668186	0.335533719723437
0.231592448026393	0.00944710799931941	0.000182927756810183	0.336411856419443	0.0412314350418322	0.0129016902483315	0.00129465460371949	0.000513599148899487	0.366424280755252
0.184165747925395	0.00227819671934926	0.000157255737631936	0.305964978881004	0.125558028834805	0.0212872143944021	0.000623581049501781	0.001350913407067	0.358614083050844
0.160781808031249	0.000709380240820755	0.0198432296328633	0.36230749552246	0.0435235984721696	0.00917257162283379	0.007313892149566	0.008385532951059	0.387962491376978
0.208496500970636	0.00024535862255703	0.0185853316328157	0.382011466718826	0.031097665793389	0.00119040977056732	0.000131658727669935	0.00788828963683395	0.350353318126705
0.196620439667253	0.00429823551708769	0.0010321641613864	0.33164407746487	0.0194448891918297	0.0288797854586382	0.00448415750522387	0.00131980481601747	0.412276446217694
0.210373204193173	0.000536344456759183	0.00124741617875585	0.314080639917548	0.0329947139112704	0.0130772609918076	0.000242850033113561	0.000363343442751472	0.427084226874821
0.258178350091794	0.00126462373910266	0.000231413897880612	0.30193993671392	0.0797692577719679	0.0284300122592985	0.00162781362886738	0.000506192500313197	0.328052399396855
0.190679672255249	0.00134836228123613	0.000177507901810995	0.320500378285713	0.0364591459123744	0.0105706702115941	0.000224311008665749	0.0117512032511572	0.4282887488922
0.25109042322824	0.00478285431013804	0.000332365763767098	0.317960258639976	0.0290588593545238	0.0261770602794544	0.00136021939580087	0.000636809472777025	0.368601149555322
0.220524538904576	0.00152517140170531	0.00265283426783325	0.356221350614827	0.0698316425244893	0.0105918038631474	0.000897446918621199	0.00558473812085063	0.33217047338395
0.165203524595515	0.00430516613286727	0.00109607045905245	0.329169102433806	0.111066906495593	0.0138557577024536	0.00379374448962645	0.0056553512462373	0.365854376444849
0.216836255451608	0.00168244758291054	0.0145473951053551	0.317047517962908	0.100448729321678	0.0124986900191123	0.00070621491019276	0.00172909308977373	0.334503656556462
0.161192445577279	0.00298142557782517	0.0156419107076893	0.33505151820969	0.128374499117055	0.0323917072203724	0.00294004486464175	0.00107961366898024	0.320346835056467
0.263753926550775	0.0412675147954742	0.00132557811799863	0.313148621363361	0.0322408996774951	0.00122004356781075	0.012757027874684	0.0087621390976204	0.325524248954781
0.230600559414249	0.00395371738774636	0.000238014049978547	0.324463976453357	0.0889988447139038	0.00521684284614133	0.00700034293231152	0.000730560562438424	0.338797141639874
0.172666186573689	0.00116154923381555	0.00436218318249903	0.34922642104592	0.0892829086803539	0.0183814676487947	0.000123244447986375	0.00670331771869797	0.358092721468244
0.214223225985135	0.000748675639725295	0.00381450341435112	0.339406209219056	0.0611307729815038	0.0112422184696804	0.000610823319446722	0.0138836081067028	0.354939962864399
0.182983144508178	0.0017548451213664	0.000392826650557626	0.355116356058998	0.0660599581530596	0.0200306701713046	0.000341339426148072	0.00108515149794385	0.372235708412444
0.174994285012987	0.0033875207264039	0.000568648538108736	0.347383888863148	0.0525318642307828	0.0205670455246096	0.00514114899325765	0.0014830880634748	0.393942510047228
