Bcells	CentralVeinEndothelialcells	Cholangiocytes	Hepatocytes	Kupffercells	LSECs	Mesothelialcells	PortalVeinEndothelialcells	Tcells
0.00185093854306294	0.0235083227448884	9.46051977466456e-05	0.858105892946697	0.0815855837768292	0.0257347046315653	9.46051977527848e-05	0.00893074176370963	9.46051977484547e-05
0.0147124733953329	0.00933950653744307	9.05100217892235e-05	0.926667936724396	0.0282328571406226	0.0153267266681412	0.00544896946870097	9.05100217874904e-05	9.05100217865673e-05
9.33774753676032e-05	9.33774753501256e-05	0.00971078874601174	0.836783566022389	0.124221180504869	0.020273677451312	9.33774753753285e-05	0.00863727737395808	9.33774753676034e-05
0.00461069339081411	0.00013041921211066	0.00013041921210835	0.893895498273361	0.0484827850684138	0.0343229235075633	0.00245945348812663	0.00411812187355837	0.0118496859739434
0.000660486830466009	0.000134938726793754	0.00104790677303067	0.862462697176003	0.0747471641393894	0.0290099199041934	0.00456860954603729	0.0116797315029613	0.0156885454011255
0.00171945248513167	0.0157124954448438	0.000127938773382752	0.885994407647728	0.0596088531544614	0.00777652142293045	0.00737378036512683	0.00710774548196596	0.0145788052244289
0.049573431247813	8.95309853129685e-05	0.0439430925104118	0.81623754293926	0.0398623726295827	0.0135248134594313	0.0065511491582373	0.0225897695616716	0.00762829750827937
0.0295206726449983	0.00161573047439761	0.00124580239667406	0.860470027595968	0.0577874572052659	0.0320314785627788	9.24571009069259e-05	9.24571009050327e-05	0.0171439169181056
0.0237992757922244	0.019524710476429	0.00721278227655297	0.839479062022657	0.0444948419088902	0.0412296838827392	0.0071904709653811	0.000124707086897479	0.0169444655882285
0.00613429040338448	0.000130113554814486	0.000130113554822802	0.863031600717322	0.082077974892477	0.0451311787355752	0.0011465636938438	0.000751399440284928	0.0014667650074758
0.0159683167711383	0.0039007090364006	0.00335542933148707	0.857692010507598	0.0717209000488717	0.0266873282664378	0.00165789237668065	0.0175150167936228	0.00150239686776294
8.76031351685499e-05	0.0296930232194094	8.76031351888662e-05	0.883786659718307	0.028751226754711	0.0362637133756889	0.00415298746034287	8.76031351712598e-05	0.0170895800660126
9.15502357557381e-05	0.00288275638640173	9.15502357707239e-05	0.932231851431704	0.0270383851938684	0.0244062963071866	9.1550235760658e-05	9.15502357698426e-05	0.0130745097377817
0.0152682841729836	0.032076382503699	0.0947130984714378	0.777595648748269	0.0297366708885983	0.000129044298059994	0.0161285072106364	0.0213587840076036	0.0129935796987128
0.00592757900213788	0.0399311776410077	8.54812142384743e-05	0.895047063629708	0.0278005713121644	0.0124337740202215	0.0145580431691352	0.00413082879714767	8.54812142392326e-05
0.00195162600608998	0.0396332033016653	9.06545730155649e-05	0.901202040583254	0.0343256463929426	0.0121636286027473	0.00921136565887925	9.06545730177021e-05	0.00133118030838774
0.00271975017216439	0.0108310246861403	8.76382792954095e-05	0.917886731079989	0.0357184516905999	0.0198982543082996	8.76382793069936e-05	8.76382793096587e-05	0.0126828732248949
0.000141372019847965	0.00450066966643225	0.00694173493590005	0.909353977363147	0.0453272348361909	0.0211810352775992	0.000141372019884291	0.000141372019844186	0.0122712318611536
8.86199472418328e-05	0.00467618405392307	8.86199472472377e-05	0.874814250709827	0.0403902744035491	0.033562439134242	0.00230512197692119	0.00808248631455765	0.0359920035124909
0.00499361690903093	0.0255518057313166	8.92616531145032e-05	0.925602844957309	0.0181491134392473	0.00726516072614832	0.00823236210062906	0.000151535382270978	0.00996429910093296
0.000132717153558403	0.00525156599720645	0.00100720273699245	0.891544059186312	0.0617403125766067	0.00290595656590971	0.00130776602223562	0.00360143048838892	0.0325089892727895
0.0127013239132212	8.78641050917799e-05	0.0654355005309351	0.841501286033282	0.0407634703619601	0.0264756436439523	0.00795216556434013	0.00300609099319081	0.00207665485402635
0.0071145701493242	0.00796011005318023	0.000137014353559579	0.893867120347303	0.0691418574366457	0.00551327835705678	0.000137014353599011	0.000760949924404978	0.0153680850249268
0.00587897759981127	0.0297995554782967	0.000705699605621113	0.880680080559916	0.0469966664128667	0.0270101892919522	0.00867650864426	0.000126161203642033	0.000126161203633834
0.000589016881242691	0.000343848205208766	0.000138177039904967	0.874555194152117	0.0642604102829368	0.0191073900330242	0.012649776865376	0.0186046729930382	0.00975151354715165
0.00521391784594817	0.00527092235531307	8.79054253621921e-05	0.854461363902347	0.0460609781953878	0.0564004030138012	8.79054253579704e-05	8.790542536206e-05	0.0323286984111207
9.46570860201852e-05	9.4657086025851e-05	9.46570860198181e-05	0.880110346434811	0.0825047463020896	0.0275429247300782	0.00575237580840634	9.4657086026251e-05	0.00371097838052312
0.0114359512440881	0.0169158187195222	0.00013065051885495	0.834239315066768	0.103159085773341	0.0121391127913669	0.00227178371462705	0.000130650518844072	0.0195776316525878
0.00394640256196892	0.0125380438445871	0.0127501319894369	0.824060758100307	0.112230800717209	0.00295088014490173	0.00366027294528006	0.00974566411817905	0.0181170455781305
0.00628753147115071	9.43587871191539e-05	9.43587871185677e-05	0.869323493870287	0.0788009165385524	0.0359356252423008	9.43587871031565e-05	9.43587871151871e-05	0.00927499772925352
0.0061915395678096	0.0114288965957248	9.01692618157751e-05	0.8860907061872	0.0376640255488285	0.0344200263478605	0.0052550998809968	0.00607302006475058	0.0127865165450134
0.00143171456720009	0.00271232424253127	0.000141319747254939	0.889083007268123	0.0602501642009439	0.0297236793846224	0.00156546865928789	0.00253089399928408	0.0125614279307528
0.00553954666113527	0.000139587201762904	0.00330329721915637	0.875581462544096	0.070589414960007	0.0261701462985169	0.00510247599963505	0.0134344819139144	0.000139587201776663
0.0526297142102822	0.0205065213366209	9.06849661337115e-05	0.782764495683885	0.0747135559983093	0.0239994909441128	9.06849661291371e-05	9.06849661340257e-05	0.0451141669283924
0.0193905284515367	9.37056477244189e-05	0.00222309963271277	0.886518238230786	0.0345868942818637	0.0369983584476561	9.37056477120189e-05	9.37056477084445e-05	0.0200017640123
0.00753818593050767	9.28377321047994e-05	9.28377320937622e-05	0.872183063434831	0.0748422954487593	0.0410563290781431	0.000320731927566731	0.003780880983894	9.28377320992055e-05
0.0150215423718784	0.0193278842078103	0.00659848835805104	0.872811741553323	0.0857971525045957	9.47662116029464e-05	0.000158892369536634	9.47662116007383e-05	9.47662116010948e-05
9.03431598247962e-05	0.00728565858466005	0.000976361217232602	0.928794155575405	0.0377070259917829	0.0243185613463542	0.000647207805086099	9.03431598236655e-05	9.03431598302605e-05
0.000134774490018026	0.0118909480822965	0.00106327223440307	0.887286612106035	0.0409148172664734	0.0358772621678803	0.0142168409575209	0.00342534607671767	0.00519012661865535
0.00353859360810439	0.020729827726479	9.02319183362214e-05	0.89537548840911	0.0510394176784111	0.0186850656548499	0.00884408289722528	9.02319183228171e-05	0.00160706018916158
0.00012632940085948	0.000126329400834942	0.0537235718059467	0.820682844032451	0.0540506350790313	0.0170071570611505	0.0089101258675019	0.0373627960937464	0.00801021125847736
0.00715233526271246	0.00354177123313199	0.0011542161772723	0.889962470782193	0.0436768197172064	0.0422873026670523	0.00211014111532065	0.00458929444291072	0.00552564860220043
8.84578189240916e-05	0.00176554188605247	8.84578189273722e-05	0.928416971952244	0.0329460264419862	0.0207943565224474	8.84578189246452e-05	0.00415190170305877	0.0116598280374345
0.00449101356935483	0.00384652234134314	0.000132730311953808	0.854721288566498	0.0936038994568428	0.0201732706764229	0.0138023679296567	0.000132730311917622	0.00909617683601034
0.0242385783130732	0.0168137076380132	9.32130144173186e-05	0.915695449246599	0.0239635597641084	9.32130144048864e-05	0.0128982883417644	9.32130144149233e-05	0.00611077765320508
0.00785366208473968	0.0211076994180908	8.96179650323686e-05	0.906932542981097	0.0414023476364673	0.0223120107390363	0.00012288324547282	8.96179650305542e-05	8.96179650328179e-05
0.0194113961718499	9.25513028877419e-05	0.00245362201640114	0.868862814279087	0.0543793162756514	0.0358350348111388	0.00169553126432032	9.25513028871528e-05	0.0171771825757767
0.0159144241402682	0.00639403594369507	0.00393257957209399	0.87643889855918	0.0663029948520293	0.020084860297817	0.00149123977173939	0.00315891479980036	0.0062820520633765
0.000140898714850712	0.0085049811249107	0.00242239811898608	0.852893228521919	0.0883084205216858	0.0212704754274992	0.000140898714846716	0.01288073836466	0.0134379604906418
0.00853738378726209	0.0222411520008507	0.00298339797603151	0.874898579421822	0.0652961281054855	0.0156171930568363	0.0101685488038948	0.000128808423918531	0.000128808423898623
0.00531280258746169	9.39213094867475e-05	9.39213094947239e-05	0.871182196227372	0.0882588385987329	0.0124726336177905	9.39213095083521e-05	0.00682340056716261	0.0156683644729902
0.00517016529005827	0.0227140589178784	0.00891519641741706	0.9038258125555	0.0453183117579804	0.000130293893082701	0.000130293893125677	0.0136655733818544	0.0001302938931033
0.00166388470548772	0.000604179877902197	0.00686503520314756	0.87827651538928	0.0570980955394016	0.00855575125044781	9.35908705953214e-05	0.0253622453279884	0.0214807018357496
8.88928946125942e-05	0.0186379953193484	8.88928946063986e-05	0.898483088456669	0.049565565710022	0.0220843670758629	0.00079467931874729	8.88928946144733e-05	0.0101676254355171
0.00561695728634561	0.00959491245003026	0.000508720710250731	0.911734163956658	0.0328017100401068	0.020418271315393	0.00193952892192432	0.00723793263028958	0.0101478026890023
0.0106162100028416	0.00689083468469196	0.00586542990292746	0.901277924409912	0.0382161877557956	0.0161198229714704	9.26995955701057e-05	0.00681051334674087	0.01411037733005
0.00730546424852968	0.0087171790733482	8.83011179977791e-05	0.91357849191774	0.0435520977383771	0.0208011382607564	8.83011179760402e-05	8.83011180281157e-05	0.00578072540724717
0.0061894785769454	0.000138218850711263	0.0110659972186785	0.896641002272842	0.0589242550724018	0.0047009344223071	0.00401877318306666	0.0137657098291178	0.0045556305739294
0.0130166840850383	9.34787403657652e-05	9.34787403666337e-05	0.906695660718939	0.0207111240780532	0.0464580123814789	0.000263379690039797	9.3478740357414e-05	0.012574702825361
0.00285835181404846	0.0171310810132676	9.40565204520653e-05	0.908430242367547	0.0414222765538735	0.0140012459818242	0.00269203858720198	9.40565204530389e-05	0.013276650641332
0.00812474620526661	0.00943339838051813	8.81429785241208e-05	0.920502071495377	0.04842915036598	0.0080509430693041	0.00328436084869068	8.81429785086906e-05	0.00199904367783091
8.51285610092614e-05	0.0190106638744304	8.5128561011813e-05	0.883365738336284	0.0377528438486606	0.0440221970884991	0.00550583756812503	0.0100873336009652	8.51285610147979e-05
0.00374564461004817	0.0168315865104521	8.83660026617485e-05	0.910501527603398	0.0268921516377568	0.0244436614866716	0.00949174121511595	0.0051669714712343	0.00283834946266153
0.0081035343523429	9.32057825693616e-05	9.32057825836514e-05	0.929992548585313	0.0351174187071967	0.0263204694421937	9.32057825837862e-05	9.32057826056897e-05	9.32057826108318e-05
0.00825082186453148	9.47104512877861e-05	0.0178505285936941	0.874830635071685	0.0561268891748831	0.0364527318551052	9.47104513171409e-05	9.47104513094907e-05	0.00620426208618651
0.00182375701776493	0.0438414822338235	8.61775215641528e-05	0.89182493006696	0.0327772253191224	0.015236840837001	0.00938155946535556	8.61775215701008e-05	0.00494185001683881
0.00201537812169271	0.014248652402675	9.1146980926701e-05	0.929363743806312	0.033656275763116	0.00964832754881836	0.00204912095906714	9.11469808940376e-05	0.008836207436498
9.1852948140294e-05	0.00394602427975461	9.18529481403039e-05	0.909939388965408	0.0426832788316509	0.00974911590620716	9.18529481242824e-05	0.0148593677550896	0.0185472654174851
0.0174021415730728	0.0273646675872027	0.0325096465502963	0.850395372611636	0.0414057079003564	8.69075319812688e-05	0.00699041957077462	0.0237582291426957	8.69075319834975e-05
0.00699925704375306	0.00377242832178238	8.65949739214486e-05	0.864492848925858	0.0662410756362069	0.0471845992312736	0.00752319341170273	8.65949739172489e-05	0.00361340748158495
0.00226170336328555	0.0100235816252116	8.88272364643683e-05	0.910507862734909	0.0466542369366088	0.0112839503505734	0.00742640062085259	0.0116646098956359	8.88272364591377e-05
9.31588298977089e-05	9.31588298985511e-05	9.31588298931189e-05	0.870697761913234	0.081346482257832	0.036116408020477	9.3158829883143e-05	0.000617006328422182	0.0108497061604617
0.0202212132390009	9.00217687697096e-05	9.00217687687836e-05	0.866720092726167	0.0718535826653274	0.034190222237788	9.00217687652257e-05	9.00217687640712e-05	0.00665480205664879
8.72928698063731e-05	0.0203381192703919	8.72928697788611e-05	0.882024634057741	0.0532334455896257	0.0277771001884134	0.00517848382920707	0.0012427402241507	0.0100308911008849
9.19713073777731e-05	0.0193243456736665	9.19713073711986e-05	0.907893830083836	0.0417966587928178	0.0205539477675822	0.00467477973302334	0.00399337061571781	0.0015791247186073
0.0143623787279392	0.00726916393352807	9.22974468378647e-05	0.897617779499282	0.0573283808461688	0.0189478571012314	0.00411483124292509	0.000175013755266146	9.22974468218984e-05
0.0023101466554753	0.000141936599810707	0.000141936599820344	0.914743935349024	0.0481189296366515	0.0276558388163369	0.000205626762783547	0.00653971298028266	0.000141936599815533
0.0104705530510066	0.0102491895015749	0.00199285344065849	0.858688763486084	0.0657271390206273	0.0492977555335233	9.00027115002026e-05	0.00339374054352395	9.00027115015588e-05
0.000662064968620428	9.25914656944462e-05	9.25914656914795e-05	0.881243691259424	0.0610899998822101	0.0289966788838338	0.00677912043949219	9.2591465704672e-05	0.0209506701693292
0.00265658923751733	0.0684338966742489	8.50368023438544e-05	0.861342236380499	0.0303632435745988	0.0144509434396567	0.0135135245673041	8.5036802349214e-05	0.00906949252148252
0.00776344344174018	9.07274971301409e-05	9.07274971292495e-05	0.879043699784433	0.0355594715473795	0.0320865289353796	0.00338427212741167	9.07274971279069e-05	0.0418904016722684
0.000130207488044649	0.01848253452854	0.000130207488038333	0.891104791671074	0.0474486534065955	0.0305438574639276	0.000615010685039679	0.00504180590436506	0.00650293136437521
0.0348764310864792	0.000128272090537749	0.0224286635284804	0.795662998266928	0.0402403315647023	0.0230513043325104	0.0157885657946153	0.0494062402425907	0.0184171930931556
0.017752821913745	9.52127832935153e-05	9.52127833075674e-05	0.856292707988641	0.0807714958162788	0.0272600136586558	0.00753414708087349	9.52127833031864e-05	0.0101031751919016
0.00356411058038844	9.18049812297631e-05	9.18049812266471e-05	0.839467541167017	0.0950526996780676	0.0366865994350318	0.0042191827913757	0.0038499582197993	0.0169762981658642
0.012999401020986	0.00659333326591991	8.91300482001841e-05	0.868204381507872	0.0702813342608407	0.0257789258152609	0.0119109327978029	0.00316685563929984	0.000975705643817521
0.064539299713478	0.0181131298987139	0.0267778246077549	0.781858642200238	0.0499477842039592	0.0104699071282161	0.0220219434258907	0.00142004495512202	0.0248514238666274
0.00245517409414049	0.0108694634541897	0.000131353026610689	0.866817692279907	0.0965346726963139	0.0189343087576034	0.000131353026578256	0.00257943714495074	0.00154654551970568
0.0353737726130955	9.37096155319121e-05	0.00244446430702881	0.868028573922245	0.0490476188349208	0.021290549653362	9.37096155322844e-05	0.0235338918227555	9.37096155279088e-05
0.0185413412656057	0.0052423156952641	0.00405420555373104	0.90186113949583	0.0445693001934059	0.0192034539279285	0.003297169717777	0.00166890371637295	0.00156217043408507
8.69166938667977e-05	0.0204199760139759	8.6916693864928e-05	0.896737322616351	0.0471338832243707	0.0149044505858203	0.00423874755627413	0.00207550328763476	0.014316283327842
0.00731790253177843	0.0193335439342819	0.00150708273540762	0.884878625316843	0.0270866112175749	0.0310821867425365	0.0123743069493612	0.000127961887493731	0.0162917786847229
0.00191678213536972	0.00170830915338487	9.14642787375397e-05	0.888215024399849	0.0357642934769921	0.0235531477617528	0.00647440813372761	9.14642787238646e-05	0.0421851063814629
9.20814745057279e-05	0.0245148661819983	9.20814744926148e-05	0.894898889359198	0.0385276080601714	0.0210897463960526	0.00592287756015918	0.00188554529769304	0.0129763041957295
0.0122428539262561	9.23030855740096e-05	0.000729108956147832	0.878500591390521	0.0455589052817456	0.0287651603106285	0.00996166713910033	0.00285028186682888	0.0212991280431979
0.00712105245066171	0.0288188819408803	8.82327322004723e-05	0.886406656613205	0.0420300584738099	0.0286310958245771	0.00253346957246495	8.82327322044338e-05	0.00428231965999593
0.00357267023139708	9.08760133526487e-05	0.0057156027124166	0.85002588636435	0.0955722066966655	0.019761200105567	0.0150139814453519	9.08760133504038e-05	0.0101567004175489
0.00203370450329083	0.000134117432024606	0.0158303250182447	0.843959445723691	0.0699797293135498	0.05861461219724	0.00464990607712815	0.000134117432016969	0.00466404230281401
0.000983411544501139	0.023469214766398	8.6318289031213e-05	0.882774597153995	0.0375730940177488	0.0374910250713504	0.0174497025789028	8.6318289038237e-05	8.63182890342376e-05
9.15576426955826e-05	0.000281764915566309	0.00981062384022608	0.905200325323104	0.0447596466841904	0.0285821259333102	9.15576426777205e-05	0.00430591075890983	0.00687648725932008
6.12544844691685e-05	6.12544844692056e-05	0.00149392573873389	0.920089492252001	0.0492845770415688	0.00627701469359743	6.12544844697193e-05	0.014300355644858	0.00837087117583244
0.000135017461884362	0.0125299971222767	0.00013501746188786	0.913241869702634	0.0331773887606126	0.0197224241214178	0.00504632735306185	0.00013501746187761	0.0158769405543474
0.00631903753860637	0.0307006419255073	0.00427702885172335	0.880471551677707	0.0399040146452277	0.0156503218440715	9.47244567257446e-05	0.000495485017381357	0.0220871940430498
0.0101683070865961	0.00192337550291281	0.00584173041010706	0.878744362480938	0.0471636480856478	0.0480295039395708	0.000133905671976645	0.00441268964494776	0.00358247717730255
8.55398678492537e-05	8.55398678395147e-05	8.55398678466056e-05	0.883603351548651	0.0708920896345754	0.0311057878822102	0.0139710715953484	8.55398678356084e-05	8.55398678438861e-05
0.0108812880542108	0.013322249134791	8.6435547752756e-05	0.907798018115673	0.033894242606859	0.0308060815880539	0.00303881385715033	8.6435547761507e-05	8.64355477475964e-05
0.00771879230108308	0.000132445710811464	0.000132445710837282	0.921422901489635	0.0388487538891423	0.0228515935283402	0.00164330564687807	0.000132445710796483	0.00711731601247576
9.04150902292108e-05	0.0135813967863731	0.00163962498934758	0.873583616708977	0.0669136753796922	0.0245653169646327	9.04150902282886e-05	0.00967006926301177	0.00986546972750811
0.00149622528175985	0.124899220954514	0.000124632699104085	0.667311587131187	0.0564713964493727	0.000124632699104084	0.0646559058154156	0.0709999436165449	0.0139164553529975
0.0186841086086422	9.18242684803576e-05	9.18242684834345e-05	0.901628311697473	0.0373197436336334	0.0251267730410741	0.00559940116886362	0.00466032228340873	0.00679769102994106
0.002368554132894	0.0333979341347406	0.00287267316119793	0.886609968468178	0.0292760026799125	0.0252219413481558	0.0149759973378413	0.0044473487925695	0.000829579944509743
0.00124185517115075	0.00843908663008908	9.0240555172779e-05	0.92292278724375	0.0447456406102195	0.0109925463021276	0.00107912907499318	0.00559492615679393	0.00489378825570274
0.00556835533854763	0.0115565666995015	0.000135117430689222	0.903955680219047	0.0441213572613349	0.0192613311173021	0.000135117430693575	0.000135117430663467	0.0151313570722207
0.022372073029827	0.000128782757215687	0.0590875249674023	0.805200900758002	0.0356380110325835	0.0198516817777396	0.0110071382220911	0.0428813710930924	0.00383251636204668
0.00233884048017947	8.98181640237155e-05	0.00131337389921497	0.866505734703639	0.0361678833346464	0.0453573837665008	0.0148939716177022	8.98181640193191e-05	0.0332431758700739
0.0017291021293788	0.0418093789663083	8.5371411768185e-05	0.903753808660007	0.0368001942776746	0.00952524611225058	0.00612615561910045	8.53714117481797e-05	8.53714117639917e-05
0.0261561826790802	0.0192986711530149	0.00125416591441341	0.843291588965889	0.0886579142076612	0.0124000832661805	9.32147493146206e-05	0.00493608234458263	0.00391209671986356
0.00077739898187486	8.97481742257012e-05	0.00137924653658038	0.884246262468783	0.0492912800159708	0.0355776694306563	0.00600443362406662	8.97481742293134e-05	0.0225442125936133
0.0022534573614187	0.00739960833998386	9.38656018710696e-05	0.926570312881386	0.0389681690172247	0.0239656476487243	9.38656018922909e-05	9.38656018759328e-05	0.000561207945622848
0.00638584721089764	0.0044497754090502	8.92150823236437e-05	0.883003291107968	0.0392265688622318	0.0480753122139268	0.000783880662066193	8.92150823243546e-05	0.0178968943692111
9.2001279669089e-05	0.0119851798895853	9.20012796698126e-05	0.902419947936342	0.0481679900349163	0.0276560266445192	9.20012797252414e-05	9.20012796721023e-05	0.00940285037590047
0.0118809939782012	9.61382861089943e-05	9.61382860996539e-05	0.858771157180133	0.0983684291343142	0.0263898358307115	9.61382861028696e-05	9.61382860983901e-05	0.00420503073222996
0.0126636687036927	0.00506613205615231	0.000892560887185275	0.87059069772217	0.0578941291666318	0.0315009968426361	0.00577331894074327	0.00336229979910658	0.0122561958816816
8.94346411202988e-05	0.0035695564639378	8.94346411287644e-05	0.931095379728188	0.0345350236067478	0.0262443349360164	0.00124872824760612	0.00303867309413204	8.94346411233744e-05
0.0138071189458409	0.0120818573736666	0.00433182014275369	0.874133209792337	0.0497436665263267	0.0250987688280048	0.0113076627768293	9.03948418419865e-05	0.00940550077239895
0.00280190370946823	0.0142962261690934	9.19272889922168e-05	0.879172845470105	0.0495731530500764	0.0299281314021527	0.00425105273717577	9.19272889913155e-05	0.0197928328839454
8.53310905062073e-05	0.0491008750691553	0.00088262120703805	0.89308666820479	0.0247541594464413	0.00839305382952827	0.0063793935076266	0.00875738413635755	0.00856051350855722
0.00343725700890889	8.89756600962238e-05	8.89756601043548e-05	0.916482427718213	0.0525060117879354	0.024280196555397	0.000849481150509859	8.89756601010101e-05	0.00217769879873419
0.0147076819217162	8.78798803163419e-05	0.00344227102546427	0.916577474675145	0.0301559661538527	0.0213124804542966	8.78798803178655e-05	0.00229953554287844	0.0113288304660126
0.00447735787221172	0.0238555596152236	9.05322651467689e-05	0.880762111189667	0.0353295231274553	0.0324966218927148	0.00507885732990498	0.00555057242542074	0.0123588642822552
0.00955397891195824	9.39162816078902e-05	9.39162816051028e-05	0.813932966522046	0.0862382943081069	0.0545558238138079	0.00370199252740138	0.0123025660205863	0.0195265453328801
0.00792285887754027	8.92091778044249e-05	0.0437962695197209	0.823121000321317	0.0555498810979295	0.0167462412681375	0.0021300140869262	0.0334634567133226	0.0171810689373022
0.0200408133924962	0.00905241677373734	0.000125896462381006	0.874296376528596	0.039600843089499	0.0289996959695918	0.00527261900627129	0.000125896462395671	0.0224854423150319
8.83825937256685e-05	0.0053117703054227	8.83825937104496e-05	0.904910617732886	0.0281568701017808	0.0359559040834893	8.83825937186321e-05	0.00856109684619412	0.0168385931490729
0.00641343669361426	0.030896792385355	8.74992456793314e-05	0.89117577163158	0.0190371926069371	0.0268077171216869	0.00666166428547891	8.74992456716974e-05	0.0188324267839968
9.32689012040951e-05	9.32689012191003e-05	0.00365257909058274	0.890375940641006	0.0622630616451249	0.0214742113433258	0.0018963235854271	0.00169612649839851	0.0184552193937113
0.0166179683708177	0.00730868539493473	8.89805857347717e-05	0.831600511941987	0.0737389462357141	0.0496565847016228	0.00157566797733362	0.003147505462149	0.0162651493297066
0.00128293001325009	0.0287821464601722	8.64116313940713e-05	0.912029245403822	0.0335599893707038	0.00725729385168288	0.00691696963409871	8.64116313967602e-05	0.00999860200347907
0.00013162435383178	0.0117259291425756	0.000131624353801526	0.915347080584461	0.0325864737915012	0.0281240170291962	0.00529887347717209	0.000131624353818468	0.00652275291364146
0.00535119222332458	9.00338746306033e-05	9.00338746623202e-05	0.914459078846384	0.0560231466187556	0.0101906723318925	0.0057348065755769	0.000974123648281114	0.00708691200649299
9.20542332961372e-05	9.20542332966578e-05	9.20542332916617e-05	0.89433043785848	0.0638428114070137	0.0272835914911304	0.00515053567826584	9.20542332938408e-05	0.00902440663193201
0.00361128947135607	0.0119059520644807	9.16365523174989e-05	0.886223305043394	0.0611333183467045	0.0301458268263021	0.00380819340154954	9.16365523347042e-05	0.00298884174156128
9.26265388539365e-05	0.000986244814317096	9.26265388545007e-05	0.863547746186894	0.101853774867535	0.0255976863722658	0.00410184014206949	0.00363482800035735	9.26265388539367e-05
0.0109532511352631	0.00383959145272733	8.8566070912459e-05	0.895319755683383	0.0556183826443981	0.0272213438997803	0.0067819769717263	8.85660709033757e-05	8.85660709063823e-05
0.00746783280063766	0.0140792359427768	0.0169145336469055	0.874412545087864	0.0483122072711751	0.0210281675050191	0.00787722752006456	0.000135174412219504	0.00977307581333759
0.00807605288245892	0.000139466408291433	0.000139466408367114	0.856948777359831	0.093043327701928	0.0214825399043689	0.00156517605667948	0.0030934115680468	0.0155117817100287
9.0954021007887e-05	9.09540210074223e-05	0.00975636291088335	0.888756489776932	0.0652417566150492	0.02575584926118	0.00269254094012498	9.0954021005156e-05	0.00752413843281055
0.00467304990803321	9.05678245678078e-05	9.05678245757356e-05	0.918638085803143	0.042321536126657	0.0189880390297607	9.05678245626902e-05	9.05678245874314e-05	0.0150170178341129
0.00653950865416851	0.023576430080181	0.000134584636578679	0.844340353482038	0.0525743929985928	0.03745317867541	0.00945546583806319	0.000134584636600091	0.0257915009983681
0.000826016894744512	0.0278404118936872	8.6275129253086e-05	0.894501718365839	0.0531260626344036	0.0123812776576699	0.00400886355202635	8.62751292285085e-05	0.00714309874314751
0.00336579912831918	0.00129418071850003	9.4453704619756e-05	0.897353898691091	0.0513883473646085	0.0196934240959259	9.44537046183912e-05	0.00569689685617155	0.0210185457361453
8.86168947800949e-05	0.0291862506821005	8.86168947718294e-05	0.879711096831074	0.0307900643099681	0.0401040300824131	0.00917404116598231	8.86168947543347e-05	0.0107686662441562
9.35597534804358e-05	9.35597534804338e-05	9.35597534911981e-05	0.905367488461516	0.0608771120983358	0.0181663976945929	0.00543976896207832	9.35597534941742e-05	0.00977499376953029
0.00354709298751912	0.0173535973328571	0.000130414469973621	0.918271064423523	0.0226913834569797	0.0321737088764843	0.00219343355998989	0.000130414469982603	0.00350889042269033
0.00426355290871162	0.000941085957374562	0.000503509155460745	0.90468072429774	0.0462595389831442	0.0314363200277141	0.00382973367686784	8.98919052178109e-05	0.00799564308776939
0.00588071157492594	8.78565520203046e-05	0.0012302029067143	0.817625599944153	0.107526671981864	0.049190448913681	0.000506906242583961	0.0177116908835697	0.000239911000488781
0.00999750111270577	0.0110010815074686	9.2341888801621e-05	0.872566622505627	0.0758127601796769	0.0302526671393146	9.23418888003616e-05	9.23418888045328e-05	9.23418888003616e-05
0.0105250077272369	0.0166231204032122	0.0016360399703952	0.869064023126567	0.0805791836772512	0.0213089176525399	8.79024809288846e-05	8.79024809406155e-05	8.79024809277503e-05
0.0273731490572694	0.000128896297873027	0.000128896297860999	0.878743409951711	0.0566898853582543	0.0222668642833097	0.00606868603215578	0.00373588660457575	0.00486432611699008
0.00372547629642705	9.45811980864559e-05	0.00462557337272973	0.909491454145667	0.0518688009038358	0.0211182005832328	0.00115017948084656	9.45811980924139e-05	0.00783115282108231
0.00904562029592942	0.0148694425663875	9.19686916942974e-05	0.833557884655053	0.0859582687683538	0.0427877196729371	0.00273799599744232	9.19686916951217e-05	0.0108591306605071
0.00483908886835739	0.0182308924371389	0.000132405870584557	0.866329819351417	0.0695442076677468	0.0209638083723851	0.0109865112622175	0.00013240587060257	0.00884086029955004
0.000135631948853761	0.0145487749984014	0.00456992635238991	0.91295125977942	0.0443788212107384	0.0101315176441238	0.000135631948864742	0.00733858814160237	0.00580984797560512
0.00605967220353425	9.40989115441958e-05	9.40989115462818e-05	0.90880652003599	0.0479457855037718	0.0322992129015899	9.40989115517799e-05	0.00450248432177045	0.000104028298701648
0.00214882691781163	8.94892367430455e-05	8.94892367127206e-05	0.927520590507011	0.0544215764166316	0.01244916579555	8.94892367320697e-05	8.94892366952241e-05	0.00310188341611251
0.000863222751401934	9.26833062118445e-05	9.26833062311783e-05	0.860789145282621	0.0861186587033653	0.0352169819274589	0.00319188083642077	9.26833062245962e-05	0.0135420605800645
0.00265180945545739	0.00665879958876774	8.76154593119294e-05	0.885045610129473	0.0321091736657167	0.0261074434376769	0.00198627051294727	0.00527339589887853	0.040079881851771
0.00673390361047378	0.0151742519327038	0.030361532740805	0.872064600705075	0.0587678506230255	0.00671520073844214	0.00184937134943133	0.00324062694049541	0.00509266135954849
0.0110076765260556	0.0060224865579128	8.71584383921514e-05	0.886879440367292	0.0550375841934522	0.025016763842498	0.0120286098442123	8.71584383874936e-05	0.00383312179179739
0.000118112269226013	0.0147212069172772	8.82483894932497e-05	0.886579884560141	0.0404646190261217	0.032576890668174	0.00735354836476786	8.82483894469809e-05	0.018009241415352
0.007939935049788	0.0249465320491332	9.07469931479423e-05	0.868084948687076	0.091735256532509	9.07469931589188e-05	0.00693033970886656	9.07469931623663e-05	9.074699315826e-05
9.20016877094474e-05	0.00498407656499552	9.20016877166088e-05	0.935472277133697	0.0419216499870671	0.0100541389674512	9.20016876894364e-05	0.00221060352646671	0.00508124875720684
0.0106255247968381	0.0118478508725896	8.88891100950231e-05	0.838389745035645	0.0864340412463046	0.0340852283662155	0.00830501211279222	8.88891100973414e-05	0.0101348193494228
0.0315663471958082	0.018370391700076	0.00207270137246341	0.868929960469867	0.07180783015613	0.00288463503904078	0.000643877900209674	0.00359340429398423	0.000130851872420534
0.00958452347985274	0.0383310788358674	8.76793552793153e-05	0.88462666832495	0.0454106950789363	0.0162109085301758	0.00170973944438644	8.76793552673099e-05	0.00395102759528428
0.0120688002303085	8.81641131867843e-05	0.000116684373786945	0.890047781755784	0.0471517866333061	0.0254286355682429	0.0218820641068025	8.81641131866044e-05	0.00312791910539543
0.0120497709973024	8.65953957125986e-05	8.65953957070532e-05	0.885925331850975	0.0617366591428449	0.0218733130717031	0.00194718931802233	8.65953957249823e-05	0.0162079494320074
9.22467557803492e-05	0.019589425400157	0.000883382666557802	0.898075185031472	0.0536084600248277	0.0222699095300464	0.00529689707960469	9.22467557804051e-05	9.22467557740675e-05
0.0053035116150193	9.08954944290954e-05	0.00304564414580195	0.813715893111865	0.123344760319097	0.0498297501917358	0.000439035540540034	9.08954944272572e-05	0.00413961408708382
0.00352829663675133	9.03421667934055e-05	9.03421668247887e-05	0.954980609539397	0.0170168949234862	0.0154709899581619	9.03421667600659e-05	9.03421667780233e-05	0.00864184027504743
0.0101170317379558	0.0245394594082688	8.98532763520547e-05	0.901260635168198	0.0197287077750187	0.0266693115209907	0.00173207720675702	8.98532763527674e-05	0.0157730706301064
0.0132577630091829	0.00703993647033339	8.91601244120353e-05	0.910173280372235	0.0295728703974864	0.0195053326453233	0.0150540166891616	0.00429764420870951	0.0010099960831554
0.00190361196689018	0.0261604471196119	9.01204193866648e-05	0.924944476385814	0.0123665944428402	0.0187322496061373	9.0120419429821e-05	9.01204193871292e-05	0.0156222592205027
0.00579319939240397	0.01528631842956	9.17771526913676e-05	0.909484343297363	0.047891846999133	0.0178295563141377	9.17771526752537e-05	9.17771526936109e-05	0.00343940410934177
0.0100834657155585	0.0199116876246622	0.00460178473976698	0.866652362959461	0.0828285436347931	0.0112158894930173	9.68943123292865e-05	9.68943123557234e-05	0.00451247720805546
0.0156703049520165	9.31745115420139e-05	9.31745115423081e-05	0.860259292250323	0.0583941866879043	0.0330946090534183	0.00421612751614691	0.00598777279615554	0.0221913577209509
0.0314611702565318	0.000994929377364789	9.07670492791525e-05	0.860806596877167	0.0740645302956329	0.0187248564158686	0.00404352791456882	0.00169891103992445	0.00811471077366263
0.00390734050614133	0.00673704734464244	0.000237670556232464	0.899771108422829	0.0351101039224134	0.0288994921645987	9.29840032815213e-05	0.0147434834931913	0.0105007695866701
0.00884009747105744	0.0101267764088496	9.29519333718782e-05	0.875814612112875	0.0595962904716581	0.0129225879024991	0.0059416427568405	0.00753713448867287	0.0191279064541752
9.1383681176032e-05	0.00622306672079516	0.00117278295126834	0.87525502853227	0.0580311927672356	0.0523962541375257	0.00479684285519308	0.0019420646733605	9.1383681175394e-05
0.00584381733508467	0.00615340407917775	0.0555298939382732	0.804018727163283	0.072139145904793	0.0366375484493411	0.0147129281401853	0.00483320023467747	0.000131334755184349
0.00832997733798336	0.0155601517380246	0.00792732027660938	0.868132371209491	0.0688797787897285	0.0194970825391263	9.15370039922009e-05	0.0114902441010528	9.15370039916384e-05
0.0011496537597904	0.00483435640614949	9.11614870960918e-05	0.902414043928704	0.0218888866911056	0.031531901812146	0.00114028664149585	9.11614870886765e-05	0.0368585477864242
0.0204067109831235	9.01264761635536e-05	9.01264761687165e-05	0.859683664279881	0.0662593758010193	0.0395964643952769	9.01264761652799e-05	9.01264761633816e-05	0.0136932786360377
0.0110109663909121	0.00201060168709091	9.37349394191455e-05	0.920253481181069	0.0455588525012641	0.0148538023662623	9.37349394224892e-05	0.00603109105513548	9.37349394245673e-05
0.00761506945748445	0.015741003228558	0.00383308447942573	0.894893392529436	0.0461755885496295	0.00813971496111273	0.00637341975654699	0.00494056300669516	0.0122881640311119
0.016263585153818	8.88195070202973e-05	0.00520504105317632	0.89066966272554	0.0696022892663458	0.0179041437730412	8.88195070196511e-05	8.88195070194327e-05	8.88195070196506e-05
0.00559642065007253	0.031276385580913	0.00143802599253926	0.877101941825172	0.0482394043859943	0.0120640255272082	0.000137317100429664	0.000137317100425079	0.0240091618372458
0.0170961524517498	0.00373079447364184	9.08993402155419e-05	0.913893495676439	0.0204336452539699	0.0351792567808187	0.00676661913293431	9.08993402141531e-05	0.00271823755001671
0.00703859929627527	0.0102901852029098	0.000124795499013893	0.897859574269991	0.0564556863546906	0.0193362134904152	0.00864535488866353	0.000124795499024111	0.000124795499016286
8.75629127675051e-05	0.0227166639175061	0.0023593689564407	0.893406438755868	0.0430166357254244	0.0305725992971314	0.00766560460935225	8.75629127540931e-05	8.75629127553506e-05
0.0101238587238087	0.00675449635604395	0.00013529746027706	0.877240158114776	0.0904479710939379	0.00638520990055061	0.00382077509851968	0.00495693579181268	0.000135297460273327
0.0122518191215929	0.000778109848859133	8.82281971221038e-05	0.857320035532554	0.0352292837935133	0.0275344580657368	0.0144640363616257	0.0168516087833014	0.0354824202956953
0.00994165578926293	8.85685997508212e-05	8.85685997508896e-05	0.903368022793808	0.0426863747630346	0.0223739554899362	0.00216818354511256	0.000606647107103381	0.0186780233122404
0.00826903424616909	0.0294275825107375	8.68833388713754e-05	0.916019657425705	0.0364563249992414	0.000754082201412649	8.68833388859861e-05	0.00881266860010384	8.68833388726535e-05
9.22600429065315e-05	0.0153042144581301	0.000303546917711466	0.901275576992441	0.0397285450906624	0.0324055075201245	0.00336649535775878	0.00292579685398947	0.00459805676627578
0.00292236227652823	9.23286276754963e-05	9.23286277042539e-05	0.907089245419695	0.0482562894696918	0.0236761385429964	0.0052704641072715	9.23286276923969e-05	0.0125085143007443
0.00555716624027125	0.00443256482524179	0.00053327320938366	0.844037702184204	0.110526708786997	0.0274191770119859	0.00398296212733258	0.000128648327877362	0.00338179728670592
0.00652236175083133	0.00536201204434064	8.84354529869339e-05	0.914805886337509	0.0288891607368829	0.0295258802750591	0.00335454605249244	0.00594185788909618	0.00550985946080136
0.00523335620730916	0.0148497626663572	0.000728133603642918	0.885665499534398	0.0604774700306748	0.0202147827990689	9.26084688288907e-05	9.26084688518156e-05	0.0126457782208682
0.000155634708871994	0.00524614038475481	8.99543529541962e-05	0.923159784309765	0.0262303008930849	0.00743076260221702	0.00557236992423331	0.0138458607751945	0.0182691920489246
0.00091831515787909	9.04220012902274e-05	9.04220012693584e-05	0.943419777955032	0.0342082378430038	0.0198270306396994	0.00126495039927143	9.04220012746609e-05	9.04220012801173e-05
0.0158605359163532	0.0169122826647431	0.00139710816464567	0.845208955606688	0.064467284492589	0.0365929426846674	0.0094476308423019	8.9263606867479e-05	0.0100239960211446
0.00357199899787245	0.0255247944757789	8.88517727030803e-05	0.912335625788307	0.0243885823446335	0.0194527224699687	8.88517726949665e-05	0.00487502023027521	0.00967355214776644
0.00246853218259861	9.22557805683158e-05	0.0091526430252341	0.84687207028856	0.119992691391307	0.0130155645190156	9.2255780627518e-05	9.22557805659866e-05	0.0082217312515224
0.00445103761240719	0.00365158970065299	0.00740366445562126	0.892925807050338	0.0581811373439563	0.0190340691098093	0.00321429451572155	0.000136479322909399	0.0110019208885841
0.000668832767886179	0.00614936317834205	0.00224218637011393	0.913464445446515	0.0418650877122153	0.0183882788575936	0.00195334203143622	0.00213260552547271	0.0131358581104249
9.16950784168607e-05	0.00349056499242772	9.16950783981803e-05	0.879528817136804	0.0695208201759115	0.0470013223028041	9.16950784033718e-05	9.16950784155556e-05	9.16950784182428e-05
0.00841087598338097	9.52940485771019e-05	9.52940485542888e-05	0.921254904019662	0.0376674075739204	0.0213603094553518	9.52940485445345e-05	0.00317614360838696	0.00784447721362169
0.0355938163624982	8.27599492502764e-05	0.110242946743766	0.746649857333758	0.0296370779644028	0.0180604262551801	0.0233139257181448	0.0363364297237493	8.2759949250276e-05
0.00966638121559312	0.012737378493291	0.0136475065680677	0.858246623657053	0.0531665647997328	0.0204946489558464	0.00640471516670848	0.0255443095783737	9.18715653338467e-05
0.0255474713560765	0.0672303026111604	8.51029890699892e-05	0.842442361793213	0.0373011316549277	0.010411207536184	0.0135280310256569	0.0033692880446395	8.51029890720106e-05
0.00926749606945254	9.09168470874082e-05	9.09168470907625e-05	0.902345686168721	0.0337922655624145	0.0458075438405506	9.09168470773185e-05	9.09168470913992e-05	0.00842334097051455
8.75221049062555e-05	8.75221048957332e-05	0.00180468169881477	0.939313795540046	0.0337891352480837	0.0185035907625414	0.00281677941899908	8.75221048969323e-05	0.00350945101681604
0.010176580910651	0.0336629007916696	9.54300595707583e-05	0.888639912495922	0.058351006848387	9.54300595684353e-05	0.00619514197936966	0.00268816679529045	9.54300595708385e-05
0.0143289680362636	0.000132333784656385	0.000132333784656953	0.891824504506436	0.0439457357939445	0.0293090787022711	0.00013233378465467	0.00795398345391782	0.0122407281531995
