Bcells	CentralVeinEndothelialcells	Cholangiocytes	Hepatocytes	Kupffercells	LSECs	Mesothelialcells	PortalVeinEndothelialcells	Tcells
0.000355060809148183	0.000135571101868127	0.0183662365257047	0.836245422992965	0.082578190911842	0.00463242193589394	0.00792604841106827	0.0274496475952275	0.0223113997162824
0.000132300606730274	0.0214091198669867	0.000132300606738121	0.851421885256024	0.0725239358711429	0.0166718545946268	0.0164393876633135	0.000132300606730271	0.0211369149277078
0.0394710999949704	8.77594409364952e-05	8.77594409313568e-05	0.741437465182338	0.105810680280408	0.0468932758222066	0.0267369671718481	8.77594409364922e-05	0.0393872332254249
0.032499717763906	0.015174734729765	0.00101202647537707	0.79845190268083	0.0880744286096344	0.014586459313207	0.0215532946849457	0.0121637881065533	0.0164836476357817
0.00985772727840478	0.0126228940077917	8.9033744492073e-05	0.820665219940221	0.0738595147587802	0.0262146961209863	0.000216590919580862	0.0197460515958232	0.0367282716339197
0.0299486173970928	0.00838665308397664	0.00680836704387329	0.840441901903512	0.0394092199813215	0.0395810985247132	9.2172706947378e-05	0.00884621693531842	0.0264857524232447
0.000131202953693975	0.0177521172564678	0.000131202953712632	0.859218131688983	0.0637436573230587	0.0264806266778205	0.00850902068550769	0.00668196462073502	0.0173520758400207
0.00226112631790798	0.00659930564735483	0.0113346435745765	0.815856309522001	0.0939925142956164	0.0348415984722823	0.0104770376772368	0.0085828287222399	0.0160546357707837
0.0155376930178864	0.0245411181772399	8.69419848721896e-05	0.836090156622335	0.0590471313284589	0.0294273363657003	0.0136138512093467	8.69419848708175e-05	0.0215688293092899
0.000131708735856267	0.016859608759415	0.000983513252933161	0.876909959705118	0.0286821085421723	0.0330583965728068	0.00831829510128553	0.00471805496529896	0.0303383543651139
0.0532516248268042	0.0375393723452681	0.00013044226274226	0.773236179074345	0.0861420689006809	0.0197134931747092	0.0197265535401592	0.000130442262735462	0.0101298236125559
0.0397396700584528	0.0175195739481013	8.82600261464867e-05	0.828735766846933	0.0614179099735354	0.0219738222559459	0.00274637572689369	8.82600261521261e-05	0.0276903611378398
0.0259006410450312	0.0291177995420083	0.000127490810705302	0.839748895810086	0.0407728542082406	0.0289907248621613	0.0117951373030366	0.000127490810709738	0.0234189656080213
0.0175991383660436	0.0246698027988535	8.96461536210887e-05	0.861049618405306	0.0393868884028899	0.0214183243266884	0.00793579914965228	8.96461536230031e-05	0.0277611362433226
0.00908350153039067	0.0039818429468233	0.000133234513305345	0.807848341637586	0.0933251816749915	0.0267595150679731	0.00850712279949195	0.0120867479444968	0.0382745118849409
0.00778409999395522	0.0819588189462081	8.656984364671e-05	0.804752908629172	0.0277057451606268	0.0127455418687404	0.0230535908797557	0.006145154108387	0.0357675705695082
0.0253002772096709	0.00190174810799251	9.02094316229045e-05	0.853909516227355	0.0343262237089148	0.0468689036128083	0.0124275825361308	9.02094316287224e-05	0.0250853297338755
0.00584491080462925	0.0228224427856949	0.000132877856888926	0.857765356506953	0.069313214660648	0.0171660478870488	0.00223880581738139	0.0104097749763112	0.0143065687044446
0.0269473861893388	8.70344487837809e-05	8.70344487815667e-05	0.845101051678692	0.0766782915433749	0.0312463903898594	0.0156997148630774	0.00024986218489655	0.00390323425319567
0.0115403162133045	0.031397718210972	0.000133866081596939	0.83084728885494	0.0839660594844557	0.0257863575211879	0.00448341118097859	0.000133866081600824	0.011711116370964
0.0228510230426672	0.0285141291769796	8.89553632409839e-05	0.808254088440688	0.0585210846592255	0.0452863351297509	0.0115645229868356	0.0015622889138605	0.0233575722867512
0.00485593771267482	0.0001290822966168	0.000129082296613607	0.850603981245505	0.0342402088317713	0.0266542979725572	0.00552653380738225	0.0258586355236251	0.0520022403132539
0.030458772091041	0.000128560084612812	0.0008259169474665	0.798373377584849	0.0744673689125777	0.062650114906458	0.00294228239811524	0.00436397610737797	0.0257896309675017
0.0137244814543572	0.0216499341267123	0.000608456416402887	0.831694113902237	0.0481204031220814	0.0139005377910205	0.00282977145856866	0.0189083958735725	0.0485639058550478
8.72232177048523e-05	0.0155559705553475	8.72232177040016e-05	0.841152196174115	0.0914586537346061	0.0250637807316047	0.00829212724067048	8.72232177054031e-05	0.0182156019105424
0.00567333381609291	0.0366984411271299	0.000130886434057132	0.844940239512273	0.0324475974380149	0.0159403089223819	0.0216716832272082	0.0122553203065882	0.0302421892162538
0.0146517329821489	9.13693571616637e-05	9.13693571564058e-05	0.818792487953414	0.0726346157078376	0.0214543395213638	0.0246272088609426	9.1369357157096e-05	0.0475655069028182
0.0010947711058628	0.0396066407829084	0.000130388748637284	0.848884535221272	0.0409228794035342	0.0371139168962703	0.0109954494853383	0.00396670726903	0.0172847110871466
0.016922596015409	0.0141243229305127	9.11640830831068e-05	0.841534328400545	0.0515766105232569	0.0243955360783372	0.0265739772332508	9.1164083078322e-05	0.0246903006525271
0.00676048591112142	0.000135544042537545	0.00342472339921327	0.824667327958149	0.098385598120677	0.0117669455539472	0.00938752645777938	0.0224827033531634	0.0229891452034119
0.0153796026090683	0.00892263046614814	0.00397950652145346	0.842307020885983	0.0485853156582981	0.0314087836070412	0.000128766891899273	0.0248964110673361	0.0243919622927726
0.0253015981488461	0.000134078222091813	0.000134078222083326	0.822334207381014	0.0950983154517548	0.0100085546051165	0.020945300037018	0.0215134773781357	0.00453039055393981
0.00944506100232218	0.0140009114484298	9.47667930637781e-05	0.828150826072325	0.0713510711106695	9.47667930609923e-05	9.47667930609919e-05	0.0312993832776889	0.045468446709379
0.00339166551301409	0.0512109684616451	0.00267728828164344	0.873220980270832	0.0309263501403182	0.0350034171458274	0.00339288763019772	8.82212782612045e-05	8.82212782612046e-05
0.0138359453595184	0.0398034376658266	8.53086406927479e-05	0.796063313624931	0.0476770773278679	0.0136482974306833	0.0341102047584002	0.0146551552702514	0.0401212599218288
0.0335447186482042	0.00247655001060826	0.00465617241279191	0.819952674580945	0.061792772510651	0.0268263126980449	0.0310595880228346	0.0163284555101369	0.00336275560578292
9.30452825311117e-05	0.00709376036590264	9.30452825257271e-05	0.840225851939001	0.0665377397262768	0.0321063548055404	0.00829495659480922	0.00290034307606396	0.0426549029273493
0.046536329673883	0.0802873363763945	8.26820271805175e-05	0.72570494405023	0.0477333792834569	0.037748722426858	0.0533852591932564	8.26820271719645e-05	0.00843866494156917
0.000132654206664692	0.000132654206664693	0.00472521965411408	0.778578078729087	0.128545092833904	0.00387762434626143	0.0123585452455678	0.061489492994626	0.0101606377831095
0.00751612046859293	0.00476069820674877	8.90806007014094e-05	0.845869789451211	0.0416405747742436	0.0144403853686144	0.0315872348060407	0.0267652327605286	0.0273308835633186
0.00259237383602339	0.0262186118908593	9.10055317128331e-05	0.863462756616874	0.0555574162270832	0.0156043109348112	0.00984913584193265	0.0128653821731041	0.0137590069475997
0.019055291620423	9.06088056168643e-05	9.06088056116127e-05	0.809665499489889	0.0795646002565474	0.0537273562527721	0.0152601825562341	9.06088056174315e-05	0.0224552434072884
0.00551992481282899	0.0405646187079254	8.54825985103541e-05	0.81476057078382	0.0556406237465667	0.0154951733175786	0.0420587591136226	0.00249984296824812	0.0233750039508996
0.0279912632311318	9.33839336716446e-05	0.00633257360675001	0.823344812269889	0.05911799888527	0.0251029924187861	0.0171162097186802	9.33839336722287e-05	0.0408073820021488
0.00728217462484461	0.00306577791038932	0.000127177941015966	0.832037048160818	0.0574530922245403	0.0475014017243731	0.0277419827734763	0.0187466181855399	0.00604472645500284
0.00245862290632209	0.00347704543726263	9.26070889186038e-05	0.855736846636845	0.0469525730325173	0.0429393757400088	9.2607088921854e-05	0.0197194024439722	0.0285309196252321
0.00545767955775194	0.0280661790024266	8.78936131332817e-05	0.817567029621801	0.0660092373585581	0.0253913109914869	0.0261839605208004	0.0117173820699587	0.0195193272640835
0.0227809709002362	0.0256076299386706	0.000132879040117951	0.796593256218566	0.099962670989265	0.0169926368493091	0.0172569519233979	0.000132879040126432	0.0205401251003106
0.038272310047624	0.000129781471930311	0.00557471780156212	0.766629343639012	0.079177428540451	0.0350814756656709	0.00846148930580735	0.0179096621878259	0.0487637913401167
0.0070870829276014	9.31275350774642e-05	9.31275350716581e-05	0.852073708693974	0.0536112739520043	0.0416799653537599	0.00798192405442482	0.0035208641299962	0.0338589258180902
0.0155810443095562	0.00829164425574931	8.72446229117348e-05	0.787685638165996	0.126628894684529	0.0410103632445058	0.0106131047063703	8.72446229173363e-05	0.0100148213874643
0.0261493132757243	0.0107061567804328	0.000130848663594923	0.781863416028186	0.0989157457935792	0.0336111483327628	0.0116441013930598	0.00658407815083564	0.0303951915818246
0.0307294889817213	0.00652264498987296	0.000132565627201094	0.850326720277297	0.0622190182632537	0.0220191611114935	0.00992423080056951	0.0104665150687488	0.00765965487984206
0.00493180864937515	9.43047360656076e-05	9.43047360656906e-05	0.901827699381689	0.0683532965980013	0.000826651164801086	9.43047360656175e-05	0.0124756042507597	0.0113020257471773
0.0288601926652379	0.000135431367852302	0.00187682210877661	0.831313033947766	0.0626779515899764	0.0206852037335227	0.000135431367850816	0.0408969519582306	0.0134189812607868
0.0151795174012848	0.0126835318904126	9.32541383364519e-05	0.841707196512763	0.0537141559042781	0.0419634392090643	0.00224889611859234	9.32541383336284e-05	0.0323167546869342
0.0119397159713359	0.00927958875931931	0.00304192816459269	0.812748441531208	0.0889121718009949	0.0170809772885604	0.00773208406567586	0.0135139968626136	0.0357510955556993
0.00308194660021831	0.0103032224739814	0.00297336998295282	0.854580950943675	0.0561484779968099	0.0194552813768959	0.00307810425628622	0.00970112430807379	0.0406775220611069
0.0149695058092411	0.0468968419785898	8.889521065075e-05	0.860764316362794	0.0332150997774891	0.00339222049287909	0.0124178854813641	0.00902915008649986	0.0192260848004924
0.00804619573785807	0.0267528071684772	8.99138238254942e-05	0.855988682066522	0.0301720323165703	0.00761576194821953	0.0304076294778973	8.99138238295927e-05	0.0408370636368004
0.0172994092340114	9.24691216157724e-05	9.24691216064301e-05	0.823346285042632	0.0662359063435405	0.048060761903365	0.0171308706896448	0.00103897824093133	0.0267028503026527
0.00871564047064418	0.0267929249092968	0.000129859501055624	0.850550488619456	0.0606082058183111	0.0257885134311788	0.0140893221967696	0.00661389025838378	0.00671115479490397
0.0113902125538407	0.024888932002586	9.23488687978695e-05	0.840646015914567	0.0743835610428981	0.025406594921048	0.0109521781622014	9.23488688001907e-05	0.0121478076652612
0.00980350130457755	8.94336059680415e-05	0.000191244297456296	0.846223552466163	0.0576483716399321	0.0292926629178538	0.0406502912088957	0.00591123269358536	0.0101897098655679
0.00274920956317504	0.0290346072702835	9.013698821306e-05	0.882969075194113	0.0516096970018913	9.01369882036156e-05	9.01369882195708e-05	9.01369882150963e-05	0.033276863017686
0.000290736867455675	0.0314556835547835	0.0323024024785542	0.801203355280382	0.0377617003077127	0.0365526954192078	0.000704329198607873	0.00544185692222093	0.0542872399710754
0.0242931100367268	0.000131060329059634	0.0046554368573449	0.795856313957555	0.0290953978808861	0.01400098836075	0.00264666311799769	0.0766980905628456	0.0526229388968342
0.00629886085304039	0.0727013130216383	0.000127291331591529	0.80358670968084	0.0773682736085419	0.011646065584601	0.00403864078959879	0.0145024206746831	0.00973042445546501
0.0216259397884412	0.0591951272987017	8.84826005254631e-05	0.831995557612932	0.0312192705899614	0.0255304890907768	0.0143988737251779	0.00270011231378279	0.0132461469797005
0.0216457686013708	0.0127806618595468	0.00714885487715574	0.790900592566505	0.109381401596106	0.0424280678446656	0.0154529509592794	0.000130850847684909	0.000130850847684908
0.0220518546957681	0.00891018225439648	8.76588418952143e-05	0.818253703289842	0.0985058041897214	0.0305360100310064	8.76588418906834e-05	8.76588418912371e-05	0.0214794690135884
0.0508758002817405	8.66885569974816e-05	0.0717023616953116	0.671121972835182	0.0244323222791886	0.00558459207438826	0.0445043704287805	0.116296598467725	0.0153952933806858
0.000127385597922004	0.0116001334147765	0.000127385597916357	0.833363722800427	0.0977723395855549	0.0254564457268815	0.0125055713675405	0.000127385597922798	0.0189196303110587
0.016310788189842	0.0218956891142771	8.89941643129901e-05	0.835499756090448	0.0436756309162709	0.0436077712052468	0.00428278238941354	8.89941643187455e-05	0.0345495937658702
0.0531409283273925	0.00013309105841586	0.0362406588912782	0.748120526858108	0.021716953623332	0.0189637914656453	0.0291184089246303	0.0446853260572096	0.0478803147939889
0.0152036732170366	0.0127587360199805	0.00499512092703628	0.831013373276778	0.0624234491433271	0.0148238057701513	0.00012934050563847	0.0168869292503638	0.0417655718896882
0.00962954628637172	0.0303727642634721	0.000130025942351775	0.838473960609307	0.0408847636694716	0.0349048543286531	0.0151146186573286	0.000130025942374483	0.0303594403006698
0.000136589305264659	0.000422258613183168	0.000736933130876986	0.839317524971727	0.0506898827039018	0.0373145030793346	0.0306163312610937	0.00876390460754055	0.0320020723270773
0.00265668261003684	0.0183155971584501	0.000126086986625249	0.781258219107325	0.102891951783248	0.0304965299269351	0.0423462667742236	0.000468751941119273	0.0214399137120363
0.0140704555620906	8.97104776383704e-05	0.0237210525519051	0.786496832450449	0.0518009859373625	8.97104776383623e-05	0.0196252535949641	0.0757043758818101	0.0284016230661426
0.00517642296861264	0.0207073470176395	8.86180191061886e-05	0.863984636426686	0.0365157698600133	0.0183169364115109	0.0161933577415652	0.00195460291862604	0.0370623086362401
0.026685724726186	9.07200654078413e-05	9.07200654061117e-05	0.829075038443176	0.0728918240365895	0.0509083105672541	0.0104027408794648	0.0035062674000754	0.00634865381644073
0.0863959685028737	8.54743194208134e-05	0.141140521769997	0.613725059078343	0.0414876366873975	8.5474319420814e-05	0.057013284006859	0.0599811069962676	8.54743194208132e-05
0.030126730336866	0.0371225154612946	0.000132339238367249	0.848995615764919	0.0542780414035668	0.0118842832419412	0.000132339238374936	0.01036819230487	0.00695994300979977
0.0143202362979344	0.0106337208988075	9.02298860974243e-05	0.851604725517031	0.0323082609036077	0.015350955465525	0.0180542992713162	0.0169558160117178	0.0406817557479634
0.010084790028839	0.0200101927725108	9.23660092804194e-05	0.810298669500293	0.0934198440636064	0.0259839206489978	0.0211567337852552	9.23660092821723e-05	0.0188611171819349
0.0237163897726972	0.00913451990676684	0.000128702369835523	0.791856340877505	0.0670545485882131	0.0635657264389336	0.0341246655068605	0.00317561743901464	0.00724348910017371
0.0193650855536984	0.0202847143402106	9.27013219702522e-05	0.83667488246612	0.0656928526919826	0.0381417290916893	0.00911283646819462	9.27013219642513e-05	0.0105424967441704
0.0354237992251764	8.96978674602113e-05	8.969786745089e-05	0.82766991809027	0.0708374148898351	0.0250227179145981	0.00737392739494554	0.0134297307809096	0.0200630959693541
0.0270135012925337	0.013869131617728	8.83693164068261e-05	0.806917608686154	0.0677619873082391	0.0507996032073431	0.0259310993623912	8.83693164139086e-05	0.00753032989279013
0.034302650128642	9.00498665976729e-05	0.00207058853057463	0.834943286926771	0.0681382232734785	0.0305451125032939	0.0127226428749357	9.0049866597673e-05	0.0170973960291087
8.73233814731681e-05	0.0275268745365014	8.7323381468103e-05	0.861149609965425	0.0497748601260543	0.0306176933439932	0.0163098586898876	8.73233814737221e-05	0.0143591331937239
0.0195782875169526	0.0130548020643303	0.0001303363145437	0.787935946741799	0.0769696807707438	0.0197308331195487	0.0212344501547737	0.00971784236231983	0.0516478209549886
0.0178782736129645	9.32042046644381e-05	9.32042046626548e-05	0.836066329370559	0.0618948231560672	0.0529278623217479	0.0115472992409845	9.32042046650191e-05	0.0194057996836853
0.0347037569622087	0.00418734206805573	8.82001919783024e-05	0.77089657983882	0.0835208944974231	0.0295218752188746	0.0293959148075889	0.0228084099703968	0.0248770264446539
0.0130058935936054	0.034721932007587	0.000134994392422737	0.815562952451455	0.0599620617875068	0.0432751112191085	0.0127563063051827	0.0065385076161192	0.0140422406270127
0.0103169643932079	0.00501581946348685	8.81529561081023e-05	0.809198757244989	0.0762443921000999	0.0482358115661267	0.00778647576276431	0.0151184537744659	0.0279951727387517
0.0213574010203603	0.0183378124302161	0.00756341933593524	0.792653146601748	0.068343777262665	0.00511627336339324	0.0237614230047757	0.0331836366344714	0.0296831103464352
0.0294242422161692	8.89138987616493e-05	8.89138987607747e-05	0.800180778503803	0.0582014763594727	0.0506868126823502	0.0114908815872445	0.0100518951443687	0.0397860857090694
0.0223292876339184	0.0436179321185072	9.05464746909201e-05	0.854214072721659	0.0413428400408661	0.00589899148340349	0.00127012032133437	0.0228877711038174	0.00834843810180301
0.0108587744046495	0.00632014771239697	0.000135752729308233	0.874865390763764	0.0464053347845104	0.0206204599668017	0.0159372081399525	0.00135871417015239	0.0234982173284641
0.0127668539104741	0.000132379541951739	0.000132379541944013	0.774039721393987	0.0914725933140349	0.044772955068494	0.0390608268910036	0.000132379541960014	0.0374899107961506
0.00147706385152371	0.0371160035726057	0.000130503535246218	0.803822551984578	0.0984206871780304	0.0201507798444965	0.0197361333459577	0.00013050353524647	0.0190157731523148
9.08442029183087e-05	9.08442029183095e-05	9.08442029151468e-05	0.869244037981162	0.036020270817558	0.0508626840205196	0.0121435532582556	0.00874755206475349	0.0227093692489996
0.00819412398924851	0.0170842239819681	8.89816672638632e-05	0.868167685125838	0.0388968469576674	0.0232510610162693	0.00945653839580433	0.0122420870961454	0.022618451769795
0.0312763763968828	0.0101758835562464	0.000134590547192447	0.82154039174132	0.0679108426494216	0.0282871012916908	0.0106803038289552	0.000134590547184419	0.0298599194411059
0.00258939033863491	0.000133790669176758	0.00623600024560885	0.800279295618196	0.0598490656784312	0.04358184112704	0.0118443397233905	0.0405925637884657	0.034893712811056
0.0120477936528648	0.0643642146650927	0.000127225645302455	0.764345994366071	0.0595255289173445	0.0327825377157978	0.0415693199700793	0.00351057513911862	0.0217268099283286
0.0312728806645204	0.01150537506521	0.00826390044111467	0.819572760592453	0.075149972448588	0.00411249823317667	0.019085383883963	0.0309463353574081	9.08933135664889e-05
8.69332818081149e-05	0.0355930703748021	8.69332817993376e-05	0.804645195090415	0.0865753955676939	0.0501979360220187	0.0197893271679751	8.69332818086638e-05	0.00293827593167921
0.0165035357346366	0.0247068702993185	9.22223185916732e-05	0.845426746009652	0.0831219526443372	0.0186997984565538	0.0112644298997304	9.22223185902308e-05	9.22223185896574e-05
0.00479214867325262	0.0147762466051502	9.00439870894129e-05	0.864480561375321	0.0661457369315205	0.0314263230594009	9.00439870946469e-05	9.00439870901851e-05	0.0181088513940811
0.0227887666083986	0.0135553285667257	0.000128490924661965	0.811889077173154	0.0688084359963526	0.0476843428514668	0.025868046851917	0.000128490924654354	0.0091490201026691
0.0148350239001284	0.0220895807534437	0.000134526620385871	0.792394566563545	0.102198628328702	0.0165789735539548	0.0223606151175394	0.0223156886853935	0.00709239647690684
0.022277585146227	0.0412730386250734	8.93022092170998e-05	0.811609837405759	0.0992794190131297	0.00869166494206659	0.0100763058327613	0.00657522036324204	0.000127626462523528
0.0324911958352538	0.0233850211943082	0.0111608619851466	0.823362587071616	0.0816450784229993	0.021827263942546	0.0059526122688749	8.76896396276332e-05	8.7689639627633e-05
0.014946622124144	0.0180847587655702	0.0114541891023245	0.755587692757555	0.0757809913306634	0.0143897800155074	0.027034880324877	0.0383034279730312	0.0444176576063269
0.0331369451055699	0.0452858328624344	8.9517270326502e-05	0.800250760254719	0.0966926922847468	0.000762101834208662	0.0183904571791289	0.00530217593853875	8.95172703274571e-05
0.00881872336119206	0.018626836842376	0.00492358868338572	0.816100672738939	0.0711329815446932	0.0212874342536635	0.0236644096939869	0.000507029927574714	0.0349383229541891
0.0164148790080487	0.000136523542739374	0.000136523542733255	0.873453689383782	0.0340524754671083	0.0232540802475214	0.00254931956748499	0.0368852237646302	0.0131172854759516
0.0289448138831929	0.0252425139844806	8.84771916820577e-05	0.807955635259035	0.0817922263895528	0.00166864517686583	0.025225743754704	0.0176443556489717	0.0114375887115155
0.0180502129293116	0.0314146624352095	0.00211189734879477	0.81126079630164	0.0633023617208732	0.0140886567390774	0.0166861037082491	8.79431111263983e-05	0.0429973657057182
9.0964060644662e-05	0.0113060195233978	9.09640606500845e-05	0.80212334442209	0.0999567153698126	0.041480263725368	0.0149948124344684	9.09640606446617e-05	0.0298659523429239
9.44156226114474e-05	0.0115633954201178	0.0152898719404335	0.857323289735496	0.044559337865308	0.0334280468467336	0.0168503843566367	9.4415622611911e-05	0.020796842590051
0.00184734230116078	0.029718432719782	0.000130166014013296	0.878995111846958	0.0354594134229294	0.0187316899355061	0.0263194039689711	0.00064359165036768	0.008154848140312
9.13386286900133e-05	0.00627361371579455	9.13386287056093e-05	0.804019804983532	0.0903976154117189	0.033147396680508	0.0251636284092768	0.00345470307942755	0.0373605604623463
9.20168883178559e-05	9.20168883178573e-05	9.20168883184255e-05	0.831526393943256	0.0888545074710897	0.00837452589392899	0.0308840876251239	0.0212658484386379	0.0188185859630092
0.0243430193653319	0.0319305239423989	9.08475816165708e-05	0.78178440011044	0.089662459316657	9.08475816185139e-05	9.08475816185138e-05	0.0248477375861856	0.0471593169341329
0.0663723093637656	0.0324863055500064	0.000131201730684248	0.743702953968751	0.0692168315890266	0.0119032878187315	0.00816809171657365	0.0168933860153808	0.0511256322470804
0.00643315824613652	0.0455170660414869	8.76001732354959e-05	0.836437189008643	0.0680573476851179	8.76001732405755e-05	0.0203142340894128	8.76001732411281e-05	0.0229782044094863
0.0274107870488734	0.068647768735862	8.51416460786985e-05	0.814380477557307	0.0295572580174788	0.0211231072314944	0.021258129984633	8.51416460736084e-05	0.0174521881321986
0.0220248945128259	0.0378447908779518	9.03689388957537e-05	0.875037112309861	0.0360857038039537	0.0148233687156508	0.00612978937533953	9.03689388909974e-05	0.00787360252663097
0.000128398821933867	0.00619432192841019	0.000128398821925672	0.854102237518671	0.0606617171482568	0.0326812875113604	0.0228957841948352	0.000128398821933057	0.0230794552326737
0.0075226300103303	0.0233007298105251	0.000125913803404846	0.829231064448427	0.0640751211214726	0.0150158779397393	0.042752485518171	0.000125913803406599	0.0178502635445231
0.0345451381897346	0.00833365780865917	0.000952088595727292	0.783746275068618	0.0755273188066249	0.0365870563340025	0.0101139173398971	0.000134014603706841	0.05006053325303
0.0140409185645402	0.0195495410229621	0.00381257079226492	0.802631697421413	0.0600849208588863	0.0171892904176295	0.0300137334031166	0.0143741597340602	0.0383031677851274
0.0433857062919796	0.0138130021072276	0.000583308416337012	0.826194911014827	0.0555790448763185	0.0308894064412228	0.0158554706977017	0.000866165037246929	0.0128329851171384
0.0187910880147735	0.0102932136412218	9.25931799899786e-05	0.85283272875829	0.0573316453638513	0.0291932042959918	9.25931799919399e-05	0.00367433752856455	0.0276985960373255
0.0144264556823568	9.43749710392163e-05	0.00305889223065098	0.839430418586569	0.049029224543298	0.0279696390565904	9.43749710392167e-05	0.0291721762529743	0.0367244437054818
0.00915295711651857	8.75057813138141e-05	8.75057812984894e-05	0.78845065546807	0.105771493039567	0.0546044449588698	0.0152650406236773	0.00421561287237818	0.0223647843583063
0.0129087099345589	0.0015662415213106	9.22009800134099e-05	0.892532114229497	0.0299632485675996	0.0070139400962353	0.00286733482254537	0.0199260399899261	0.0331301698583139
0.0122700414306528	0.00637832727598354	0.0062125750918984	0.811440343905389	0.0854845914478821	0.0363747167537306	0.000129925106690019	0.00293054308576751	0.0387789359020061
8.98883260571499e-05	0.0218860424871443	0.00369182368847321	0.902819048801406	0.0321046890599454	0.0313108239120145	0.00669640259782775	8.9888326057084e-05	0.00131139280107459
0.00747915667450613	0.0265019992195066	9.09103808345386e-05	0.905049388857177	0.0184047550335628	0.0225985834683542	0.00167640058469166	9.09103808429001e-05	0.0181078954005247
0.0337826189368451	0.032180059954858	8.25670087212103e-05	0.701785050867954	0.0983256261419077	0.0598602324805697	0.0571798322018534	8.25670087240724e-05	0.0167214453985666
0.0125564869460705	9.46126713199213e-05	9.46126713227042e-05	0.850678111745666	0.0597245756660895	9.46126713175357e-05	0.0088337500425772	0.0426452176410363	0.0252780199446009
0.0053852534628714	0.00722978487405302	9.13092459663791e-05	0.831653278959683	0.0632481127579362	0.0331938097785674	0.0164531974165554	9.1309245962673e-05	0.0426539442584042
0.0150785351562118	0.0201626478622317	8.91449263984344e-05	0.873497212714708	0.0227863535342307	0.0257232908619117	0.0177913253270096	8.91449264013542e-05	0.0247823446908967
0.0119835949671491	0.0206520591753772	0.000129835298057191	0.864320088617668	0.0454562701490221	0.0113432386992854	0.0133679560795913	0.000129835298035535	0.0326171217158145
0.0150672965093292	0.0387119017731363	8.81330551981498e-05	0.791432734421027	0.107394763608527	0.00435816834556346	0.0264645800923026	0.0117361242302241	0.00474629796469206
0.00997949593737929	0.0365746145581444	0.000126059191418883	0.815745212352177	0.0793445347058125	0.0265052877322914	0.0113259680682541	0.00529283582613468	0.0151059916283875
0.019763666429063	0.0262044729619452	8.86321155844343e-05	0.826513479497069	0.0729375168412764	0.0207891941560805	0.01745004270168	0.00179019955561277	0.0144627957416887
0.00973539710738205	8.89525427811459e-05	8.89525427754674e-05	0.864361312852763	0.054607967852011	0.0360149902093141	0.0084038582914105	0.0153834748907948	0.0113150937107678
0.0132145606828914	0.00691960043228057	0.000131189776101088	0.810940812044699	0.0667241235143991	0.0384785701698829	0.0105031056799633	0.0149041655113363	0.0381838721884458
0.0121257062311759	0.0211950994961179	8.8546377053035e-05	0.866962674083558	0.0107009319620082	0.0211485839368524	0.0200382048322727	0.0465793874036616	0.00116086567730005
0.0191803032493102	0.016717733506344	8.80785232765214e-05	0.861657150420576	0.027080970592759	0.0437826029461129	0.00547960502033283	8.80785232726605e-05	0.0259254772180157
0.00461515832768611	0.00692117476557814	0.000129706421426324	0.867367868799456	0.051539238053395	0.025878203227918	0.00445258176189386	0.00691353007256433	0.0321825385700823
0.0274729396676031	0.00149272727144999	9.03693704049256e-05	0.805387706857597	0.0491450773960398	0.0382663895845979	0.0452951236685842	8.93044819448417e-05	0.0327603617017783
0.0120563660257959	0.0162191521383152	0.000127344089396168	0.800395448608242	0.102274595871843	0.0361482054166624	0.0171874223757293	0.000127344089407419	0.0154641213846089
0.0207637832046677	0.0122723194307109	0.0112627360089659	0.817259474273009	0.0372119580333045	0.0312860365679991	0.0136807442166501	0.00939492781041399	0.0468680204542789
0.0319717337483444	9.13236060641606e-05	9.13236060728095e-05	0.873259182095769	0.0546112208400841	0.0282543988962858	0.0115381699952458	9.13236060691848e-05	9.13236060641611e-05
0.0125926093948504	0.01494450883725	0.000125790694057463	0.835749820806844	0.0732298337350929	0.01075715389675	0.0113598759118551	0.0238749425445451	0.0173654641787552
0.0128179901059924	0.029862599179044	0.000130978145906809	0.845397504239891	0.0623889422370059	0.00103844446668664	0.0163554458056352	0.017650036281797	0.0143580595380406
0.0307090935536568	0.000120123561718441	0.0851611118016317	0.689459188223105	0.042872913305071	0.0112047087083383	0.0234111180930644	0.0814617344936837	0.0356000082597304
0.00635987648263524	0.00341843858403234	0.000128256456785557	0.808394660574796	0.0787157379924693	0.0384642412714593	0.0249778811745229	0.012317941297986	0.0272229661653138
0.0850608699393902	0.0139726077625575	0.0618450653286612	0.639699797315846	0.0874865155670977	0.00338055835531657	0.0351868263276391	0.0330731544410278	0.0402946049624642
0.016315787820197	0.0155192743499919	0.00679758359821435	0.853049101018028	0.0488633389249592	0.00676091896826435	0.0124833401241602	0.0110534171702796	0.0291572380259057
9.54313884526632e-05	0.00430600030584871	9.54313884470714e-05	0.846634174910251	0.0997499440241461	0.0192618480962569	9.54313884526633e-05	0.00617525629761274	0.0235864822005323
0.0095630220186491	0.00686584034522164	9.06578139437959e-05	0.843129345442765	0.0552419793468326	0.0456745120718661	0.00793445244403706	0.00573539653523557	0.0257647939814489
0.0268544388013658	0.0132381744008895	0.000132925452779162	0.803411324338487	0.106571355402579	0.0207615423707625	0.000132925452769676	0.000132925452770506	0.0287643883275968
0.0162782150558493	0.0349920866882125	0.00354930722955752	0.79059945889883	0.0861743094551269	0.0154881769002778	0.00489690930339327	0.0168523824019254	0.031169154066827
0.00781597348941295	0.0719580604539244	8.80688632376159e-05	0.851978105926874	0.0182702536820942	0.00403365532149746	0.0308389428288614	8.80688632427215e-05	0.0149288705708557
0.0575668467798723	0.00414684227427617	0.00678319007545798	0.804376411506228	0.0951335097638506	0.0299073909592147	9.30436395935978e-05	9.30436395941771e-05	0.0018997213619128
0.00622173952053309	0.00476173232825022	9.25018140254478e-05	0.907806114432592	0.0252310597513131	0.0271377921826681	9.25018140097919e-05	0.00030510993051763	0.0283514482260907
0.0286358404167241	0.0491233796955482	8.94673249613234e-05	0.814068657638891	0.0334356521062918	0.0326236185877588	8.94673249652435e-05	0.00400129813466208	0.0379326187701972
0.0123032940341282	0.00930206107229044	0.0323754137250248	0.822543941133396	0.0306936383250457	0.00184063193919259	0.0457877357334978	0.0353029692412136	0.00985031479621105
0.000132331274791711	0.00671587719032647	0.000132331274799469	0.780379640695996	0.0678050417711603	0.0313193917411889	0.0340303189508007	0.039972930545747	0.03951213655519
0.0184669076015757	8.99360231867956e-05	8.99360232021503e-05	0.820284462193845	0.0857739136112046	0.028475993492189	0.00772050090242141	8.99360231867953e-05	0.0390084141291889
0.0368982442036921	0.000137026593615315	0.00127098438711907	0.815197080412599	0.0861446144533365	0.0106687545763331	0.00620751615450372	0.0234980087302791	0.0199777704885224
0.00972361208129726	0.04446764024531	8.90584868989421e-05	0.808536219258694	0.0715656313578898	0.0358143795974152	0.0105632687132904	8.90584868954037e-05	0.0191511317723086
0.000133232796761478	0.0236862016786922	0.000133232796746104	0.808504967337358	0.0864430103658122	0.00768195860870737	0.024561855845697	0.00889868368353399	0.0399568568866915
0.00522153641304816	0.000132374741054577	0.0142064476039099	0.819255286714551	0.0553167357998923	0.0284452039328228	0.0118160665699249	0.0342874912340997	0.0313188569906964
0.00475420587669636	0.0290319135647019	9.44419222232107e-05	0.866056082852443	0.045369890065679	0.00525164371487625	0.0131845774046063	0.000702804404596392	0.0355544401941779
0.0050474434154785	0.00658300684425848	9.10685162507164e-05	0.869191027483722	0.0377654487725343	0.0254451078371285	0.0272760148847022	0.000462922393914682	0.0281379598520101
0.014330434197579	0.0429444430949402	9.04417088572852e-05	0.846314915539696	0.0413940017689359	0.026194368316251	0.00672230391251416	0.00751623771522165	0.0144928537460049
0.0368743074626135	0.0113212405170486	0.00210678163290361	0.77536664462405	0.0930099805723278	0.0168475650244604	0.0309278118711825	0.0242731227967775	0.0092725454986358
0.020223725328182	0.0199237693750203	9.09124962499946e-05	0.822874391254784	0.0868989726720369	0.0241667606421731	0.00227938069865206	9.09124962497037e-05	0.0234511750366524
0.0107083369718187	0.0102695250289377	8.59028177799127e-05	0.818365637732476	0.098099103042688	0.0312363192059859	0.00535863353694165	0.00882364510050671	0.0170528965628653
0.0158227729887062	0.000135650312739683	0.000135650312737043	0.817117521654429	0.100884689999314	0.0255170547841658	0.00317522269649314	0.00834192589577147	0.0288695113556438
0.012167641812891	0.000139900807405024	0.00141411405513275	0.823656348932905	0.0931978074155975	0.0303379338344164	0.000139900807424774	0.000139900807417551	0.0388064515268099
0.0128927613676131	0.0526504380952696	9.00734359586159e-05	0.794813022343035	0.0582119361716276	0.00967326208371829	0.0328264491409379	0.00845255773193776	0.0303894996299022
0.0389310979711205	0.0524984529402551	0.000123914929087559	0.72190029315874	0.0761716518958386	0.000123914929065823	0.0713235315985085	0.0229719019363645	0.0159552406410195
0.014005113317716	0.000137774905540247	0.0110646386399053	0.817178568323984	0.059873221646495	0.0453933321924091	0.0219303236991328	0.000137774905547999	0.0302792523692698
0.00307596527047182	0.0137805556704938	8.67258786916237e-05	0.849349618744153	0.0457674694979165	0.0393632814101738	0.0135693715540784	8.67258786997529e-05	0.0349202860953215
0.00980333270018065	0.00770226467649094	8.97478254252263e-05	0.822115308507442	0.0875585277234813	0.040595982020777	0.011156848090915	8.9747825436017e-05	0.0208882406298516
0.0301868331114165	8.54554712691824e-05	8.54554712665538e-05	0.774457768591946	0.0808573623269081	0.0292614694851362	0.0464050859584741	0.0132872648882312	0.0253733046953521
0.00829391942608342	0.0781821422754059	0.000126998813740713	0.782737054278921	0.0497350400163518	0.0126538039490624	0.0469687780927194	0.0211752643339711	0.000126998813743852
8.99549028613655e-05	0.0122646189851997	8.9954902866681e-05	0.839311479776204	0.0709914148094655	0.0397380857829304	0.0207620173953693	8.99549028619248e-05	0.0166625185422412
0.0171730819129833	0.000135184177859648	0.000135184177857073	0.842940353973886	0.0634566941583523	0.0241988346060454	0.020587194312257	0.0140244294982566	0.0173490431825031
0.0105836516764311	0.00167091513002308	9.23811325379389e-05	0.818823986672804	0.0673739391083038	0.027347832738397	0.0065843725806963	0.0279119274333467	0.03961099352746
0.0658325670020324	0.000120788696682317	0.142845707354779	0.607744037530509	0.0390016762886688	0.00269479066751757	0.0573237533837801	0.0843158903793487	0.000120788696682317
0.0165239168599161	0.0362929235434656	9.29960591977271e-05	0.870430788133518	0.0296755413648217	0.00396264770411905	0.0236740775492625	9.29960591954291e-05	0.0192541127265035
0.000595517792506391	0.0102387713063668	0.00467594202916332	0.777583272655458	0.082653472547033	0.0121501597851472	0.0340361895514866	0.060871145096174	0.0171955292366644
0.0206971368846258	0.00996416512389074	8.94103101453088e-05	0.849590605496845	0.0254481430218902	0.0349120235819791	0.025563761461754	0.00598319643029102	0.0277515576885794
0.0294519062385624	0.0243948191932779	8.84065049320037e-05	0.817928949243173	0.0509305592418913	0.028278580746314	0.00181279951136741	8.84065049340061e-05	0.0470255728155482
0.0320431938136291	0.00944413780878753	0.000130134053457585	0.802141877658479	0.100915374848683	0.0286938177255448	0.000130134053449805	0.0210554795888246	0.00544585044914396
0.00863202616127723	0.0602844480196906	8.76914490819843e-05	0.851103149500724	0.0297422062570274	8.76914490847356e-05	0.0267462470771565	0.0192271732047663	0.00408936688119126
0.0109154904003954	0.000137859744408475	0.0260633717703858	0.856176484304746	0.0700652724879323	0.00821735587222914	0.00463203742328681	0.0192584595826158	0.00453366841400061
0.00798021256029533	0.0137013876872064	0.00112831341724295	0.765937427962673	0.110593654063461	0.0312443011584779	0.0334585821165834	0.0194260548274423	0.0165300662066177
0.0269478633109762	0.00340215246177628	0.000697530572280766	0.714808194289619	0.136068214556207	0.0616961460742355	0.0132946339172163	0.01642631309513	0.0266589517225582
9.16624686449977e-05	0.0168432251054671	9.16624686410701e-05	0.860844590541301	0.0694822664350252	9.16624686455714e-05	0.0160483895298195	0.0237066274662235	0.0127999135162318
0.00813630647159474	0.0416922894937013	0.000128185643427152	0.8359463080518	0.0695765210493567	0.00208369676652364	0.0244149019414948	0.013770416554231	0.00425137402787021
0.0269310480323827	0.0224578713907132	8.75769350149298e-05	0.842596947171649	0.0374412358678639	0.029642129358429	0.016031593552235	8.75769350225351e-05	0.0247240207566899
0.0417858184528178	0.020457362367248	8.92570424831124e-05	0.769722036962706	0.117766160071872	0.0275823186499285	8.92570424821455e-05	0.0148051162246492	0.00770267318581349
0.00280015783121725	9.28104279203953e-05	0.0165156400210767	0.824724671257746	0.0395475377688491	0.0152032699978706	0.0215496920425243	0.0541126880067984	0.0254535326459977
0.00832573619149351	9.6185030127058e-05	0.00726964326329397	0.878557299173743	0.0352281381001616	0.00314103634541263	9.6185030127058e-05	0.0326193537690952	0.0346664230965462
0.00565737910292911	0.0208520497336105	0.00013301081895433	0.865437596520171	0.0243211799296735	0.0464016853125141	0.0213620407925957	0.000133010818959232	0.0157020469705929
0.0108235068452754	0.000135514288600767	0.00187309421395433	0.871200086070566	0.0366320689008511	0.0297716482927861	0.0173342466866336	0.00501772537679303	0.0272121093245399
0.019708299416035	0.0157734771033879	0.00012887068757833	0.806009063228541	0.0588714447406526	0.0380862791018528	0.0226018455013995	0.000128870687588736	0.0386918495329642
0.0197028988578162	9.01955776818045e-05	9.01955776808581e-05	0.865057021984492	0.0350857045000394	0.0331486958364846	0.00544303511468491	0.0262572736574982	0.0151249788936218
0.00399137748084483	0.00659119360312919	8.83355925040517e-05	0.857188474100602	0.033326123546378	0.0455573241642606	0.0211428669099183	8.83355925188068e-05	0.0320259690098445
0.0122861721919471	0.0193808331977841	8.86718531130831e-05	0.843615878576642	0.0603935588474992	0.0185227342267177	0.0145560620826643	0.00412548353033422	0.0270306054932987
0.00221593037316445	0.0207704548207844	0.00012935900601125	0.792317299181548	0.0922463835984093	0.0154113280097187	0.0198706217987454	0.0103521159918345	0.0466865072197836
0.0326488435084372	0.000133071841610601	0.0149182692960025	0.787438581349643	0.0812749426900232	0.0316693996742167	0.00631063887031764	0.00728405140380514	0.0383222013659443
0.0224612365359747	0.0243622757358291	0.00421993611845052	0.782580426720189	0.0992909025383502	0.0307958735837694	0.00985049547189025	0.0163638863333022	0.0100749669622451
0.0219541543990464	0.0559060855541671	8.8635785730695e-05	0.826563071860322	0.0331525569588228	8.86357857279898e-05	0.0302960394417604	0.0286276491599785	0.00332317105444367
0.032312043815253	0.0281968550509016	8.73905000072228e-05	0.833498867479804	0.0742837349439592	8.73905000142507e-05	0.0313589367100321	8.73905000147932e-05	8.73905000142509e-05
0.0113889787233886	0.000137259354732906	0.000137259354732996	0.830543562886431	0.069466651766285	0.0375801436655492	0.0124793675944196	0.0116392094557166	0.0266275671987439
0.0423312517262158	9.15728585665666e-05	0.00260457091105183	0.804452481299261	0.0532238986466062	0.0281679042600646	0.014170244757855	0.0209088018973575	0.0340492736430214
