Basophils	Bcells	CapsularFibroblasts	cDC1s	cDC2s	CentralVeinEndothelialcells	Cholangiocytes	Fibroblasts	Hepatocytes	HsPCs	ILC1s	Kupffercells	LSECs	LymphaticEndothelialcells	Mesothelialcells	MigcDCs	MonocytesMonocytederivedcells	Neutrophils	NKcells	pDCs	PortalVeinEndothelialcells	Stellatecells	Tcells
0.000123302708015563	3.69572245562374e-05	3.69572245659779e-05	0.0111731919978584	3.69572245659783e-05	0.00551106087097506	0.0147951211265647	0.000198498891954969	0.854838878429897	0.0134199074732491	3.69572245659775e-05	0.060829085965541	0.0150936310231658	0.00178821736068655	0.00939902218548736	3.69572245659774e-05	3.69572245562409e-05	3.69572246038135e-05	3.69572245540109e-05	0.00479808069012996	0.00375119828776726	0.0039481879676081	3.69572245648399e-05
3.57878431501297e-05	0.0006383800352557	0.000582218121949499	0.0175568094785767	3.5787843210547e-05	0.0102976152703523	0.000703393469616577	0.00401580156923861	0.873119024938071	3.5787843210549e-05	3.57878432105517e-05	0.0486361308150629	0.0168525944513524	0.00233228249624367	0.00222162528744759	3.57878432105481e-05	0.000833021440620858	3.57878432809223e-05	3.57878432179063e-05	0.00353250528690895	3.57878432105479e-05	0.0104040171014681	0.00798827749213351
0.00269560089433271	0.00920620757909371	3.47591800775952e-05	0.0167936883164719	3.47591800775922e-05	3.47591800775951e-05	3.47591800771837e-05	3.47591800775952e-05	0.790098742578734	3.47591800775951e-05	3.47591800775998e-05	0.0672152557706066	0.0417676543857723	3.47591800775974e-05	3.47591800775937e-05	0.00786794735348087	0.00833406854252771	0.000493471044778841	0.00197277299981629	3.47591800775951e-05	3.47591800775954e-05	0.0350811401135772	0.0180910994399542
0.00472764090395542	0.00852181012800551	0.00824665399083454	0.0162738549010124	3.650307902711e-05	0.00166707007487132	0.0052200107061788	0.00115172209028695	0.838920480776526	0.00182790573886366	0.00168156456195072	0.0605117299885451	0.0275037740420615	3.65030790273343e-05	0.00670604819200902	3.65030790271072e-05	3.65030790165889e-05	3.65030789848521e-05	3.65030790300388e-05	0.0037272405135399	0.00718860433060096	0.0058683675076165	3.65030790289282e-05
0.0021257672773789	3.50295420214713e-05	3.50295420314935e-05	0.0104856489266702	3.50295420336972e-05	0.00403821444047468	3.50295420318864e-05	0.00671824005957914	0.855691860005893	3.5029542031886e-05	3.50295420318849e-05	0.0561639178171923	0.0404518184436485	3.50295420318858e-05	3.50295420318863e-05	3.50295420318844e-05	0.0107878405785673	3.5029541133695e-05	0.00187224107561455	0.00331177489967015	0.00394170558565954	0.00402564592819201	3.5029542047949e-05
3.56409758362515e-05	3.56409758420434e-05	0.00512041345286328	0.0239081183871703	0.0105277215267214	0.00257087407609442	0.00420400305732885	3.5640975836252e-05	0.852783769216306	3.56409758362514e-05	3.56409758362385e-05	0.0256687039785099	0.0453527017449715	3.56409758361162e-05	3.56409758362521e-05	0.000487609180801719	3.56409758459285e-05	0.000558609390155149	3.56409758362325e-05	0.0143522780982042	3.56409758378591e-05	0.00976587610814532	0.0043429120243489
3.53565406545134e-05	3.53565406697405e-05	0.00876857482275112	0.0127090861624754	3.53565406546848e-05	0.00692204524650944	3.53565406523087e-05	3.53565406602154e-05	0.869270742943919	3.53565406523462e-05	0.000943187873604677	0.0373542959865255	0.0303802902600382	3.53565406544471e-05	3.53565406523445e-05	0.00531227928607652	0.0110134746597947	3.53565406454643e-05	3.5356540641071e-05	0.00525986890612522	3.53565406513656e-05	0.0116418753643374	3.53565406541082e-05
0.00205147385746221	2.46427622739373e-05	2.46427622494392e-05	0.0102991465997855	2.46427622494408e-05	0.00157408692158211	0.0111345080600296	2.4642762249437e-05	0.841168409995029	0.0156607942269435	2.57358306962418e-05	0.0619143265490313	0.0397795800199281	2.46427622494277e-05	2.4642762249438e-05	2.46427622494404e-05	2.46427622490854e-05	2.46427624077388e-05	2.46427622506945e-05	0.00112872219322068	2.46427622494391e-05	0.0149675025991134	2.46427622506705e-05
0.000486578393315797	0.0024398161052059	0.00876142848761408	0.0145319496760971	3.48560982137877e-05	0.017557823685893	0.00124773509734631	0.000646663066292103	0.865238812182585	3.48560982198139e-05	3.48560982198154e-05	0.0495415787636136	0.0274954427001833	3.48560982193206e-05	0.00242044491776002	3.4856098219814e-05	0.000782433262520385	3.48560980658849e-05	0.00167359826185753	0.00148253568114487	3.48560982196148e-05	0.00541431093297129	3.48560982215522e-05
0.000318698815092004	3.52789637800822e-05	0.00632903884238204	0.000554407932420162	3.52789637900369e-05	3.52789637690501e-05	0.00173005217307627	3.52789637690488e-05	0.894745872661315	3.52789637690501e-05	3.52789637690389e-05	0.0187241622371019	0.0459972730434755	3.52789637687351e-05	3.52789637690497e-05	0.00568444348794552	0.00823555803154951	0.000495312606088739	0.000969463847789933	0.0113216845867694	3.52789637690509e-05	0.0045412420972837	3.52789637572261e-05
0.000686061927322195	3.50446956796036e-05	0.0114576129010702	0.0133982413593715	0.0206114503465697	0.0166000377395855	3.50446957051277e-05	0.00691618406539501	0.799882320053218	3.50446957045155e-05	0.00338540174621957	0.05589633279963	0.0409563861981992	3.50446957038336e-05	0.00222382301704559	0.00414190529053427	0.0123431050398013	0.000446808159209904	3.5044695735805e-05	3.50446957045159e-05	3.50446957045149e-05	0.00942365628807	0.00138536019882006
3.51030560820089e-05	0.014358771305356	0.00220185092989618	0.00620931244511605	3.51030560829068e-05	0.00982933698317183	3.51030560829069e-05	3.51030560829069e-05	0.854192693650153	0.000968365128276522	3.51030560829079e-05	0.0466046236804276	0.029748553848442	3.51030560830056e-05	0.00542532174359844	0.00334879408855018	0.0125362598568044	0.00263409064180308	0.00536559447046584	3.5103056082905e-05	3.51030560824703e-05	0.00264878431911779	0.0036468224601595
0.000194518601408081	0.00527992892771266	0.00297759853423765	0.0224448571182318	0.00809025068050656	0.0131733893611469	0.000973149977144566	3.51630015441772e-05	0.853292036465948	3.5163001544177e-05	3.51630015441834e-05	0.0293202749212075	0.0328208679866398	3.51630015434439e-05	0.00119069799878476	3.51630015441776e-05	0.0037220482345253	0.00195541881181725	3.5163001551891e-05	0.00474813919835377	3.51630015442043e-05	0.0115908433138833	0.00797983885763568
3.50420833386283e-05	3.50420833396591e-05	0.0112834102852869	0.036594593915234	3.50420833303451e-05	0.0175109133547991	0.00109011099766866	3.50420833303448e-05	0.861752339238332	0.00473240305910957	3.50420833303543e-05	0.0294575687575559	0.021375975955002	3.50420833303479e-05	3.50420833303458e-05	3.50420833303455e-05	0.00420967108098547	3.50420833391655e-05	3.50420833319876e-05	0.00505423176075573	3.50420833303439e-05	0.00578739679837034	0.00076592188023854
3.58945124391601e-05	0.00275423816431976	0.000559103932088673	6.83544166050065e-05	0.00768199087212081	0.00695621395498832	3.58945124509518e-05	0.00124402018681178	0.837957019434965	0.00330562360524822	3.58945124513539e-05	0.0613751212548476	0.0227075730647534	3.58945124513544e-05	0.00484297643455938	0.00571192786625853	0.00294114578430577	3.58945129407831e-05	3.58945124737448e-05	0.0230309805553533	0.00432809871184652	0.00903583807456973	0.00528440661115018
3.4249933295616e-05	3.42499333005589e-05	0.00355375802363403	0.0122303748496339	3.42499333155026e-05	0.0550570158011888	3.71315603754025e-05	0.00241794725180315	0.823037335180591	0.0133334921199447	3.42499333136963e-05	0.031950992442687	0.0153388249387702	3.42499333136969e-05	0.00990195874517318	0.000747271505391976	0.00772820589706218	0.000671020045842361	0.0102828735715802	0.000294104506103533	0.00613923874770797	0.00632180764590067	0.000785397500070393
3.48070160709513e-05	3.48070160958504e-05	0.00274653272728102	0.0144899014544159	0.00558639197136631	0.00687374268197333	3.48070160731605e-05	3.48070160731617e-05	0.857914445006679	3.48070160731985e-05	3.48070160731614e-05	0.0184709849241432	0.0402794745782913	0.00120133194718123	3.48070160731589e-05	0.00376422868564045	0.00398078905885329	3.48070160670507e-05	3.48070160886229e-05	0.018167941394996	3.48070160720792e-05	0.00985436678740721	0.0163217986210118
3.54512823786178e-05	3.54512823837802e-05	0.00377298768000497	0.0272392320995039	0.00255661285033922	0.00987447766056107	3.54512823697241e-05	3.54512823708623e-05	0.872248168475498	3.54512823691822e-05	3.54512823691932e-05	0.0356354658111446	0.0250253660276073	3.54512823703573e-05	3.54512823691815e-05	0.00260430917769214	0.00274720476845774	3.54512828510462e-05	3.54512823587426e-05	3.54512823691825e-05	3.54512823682907e-05	0.0151634498192836	0.00270731024097937
0.00342231070197373	0.00428744822076265	0.00220071823260555	0.0196168170081827	3.442797543529e-05	3.4427975436102e-05	0.00270949503967757	0.0024926986902299	0.863258204385652	3.44279754361028e-05	3.44279754544388e-05	0.0553084127520379	0.0291933247815321	3.44279754369533e-05	3.75811243344286e-05	3.44279754361027e-05	0.00395055966499237	0.00030775102451621	3.44279754352131e-05	0.00787655562361677	0.000147616612019646	0.00491508233435798	3.44279754378208e-05
3.51133665112473e-05	0.00087281661189189	3.51133665132121e-05	0.00928841409432357	0.0185711521793486	0.0207596112551737	0.00149467224640455	3.51133665132101e-05	0.849515883321974	3.51133665132084e-05	3.51133665132412e-05	0.0454342618854022	0.0332599380106708	3.51133665132372e-05	0.00387404202937918	0.00119036837409025	0.00588231416408804	3.51133665203436e-05	3.51133665016111e-05	3.51133665132093e-05	3.51133665131084e-05	0.00947027879566568	3.51133664612309e-05
0.0029266857726236	3.52680413557912e-05	0.00346853640991985	0.034143449010065	3.52680413481852e-05	0.0113163035107027	3.52680413479156e-05	3.52680413419018e-05	0.836395992247454	0.00262544199851297	3.52680413481821e-05	0.0404502818366156	0.0470503819851863	3.52680413489794e-05	0.00116425363952403	3.52680413481867e-05	3.52680413495231e-05	3.52680419188856e-05	3.52680413454835e-05	0.00106878219723697	3.52680413485093e-05	0.0169327733542278	0.0020691695825294
4.99246316932706e-05	4.99246317255603e-05	0.00400919549957063	4.99246316976887e-05	0.0102487265169564	4.99246316961606e-05	4.99246316961011e-05	0.00305367676321383	0.861647165028608	4.99246316961609e-05	0.00364400667089129	0.0299308156721053	0.0359429853806254	0.00159554190840248	4.99246316961612e-05	0.000667268151742131	0.00277168969602537	4.99246316943078e-05	4.99246316987964e-05	0.0129640152987262	0.00360539935408609	0.00412014186646325	0.0253500505072895
4.98069779664908e-05	0.0102106460579259	0.0016081001549429	0.020648952985378	0.00232554881045392	4.9806977964565e-05	0.000850150882961319	0.00327095554052859	0.81998863091826	0.0046270763865654	4.98069779645639e-05	0.050447652906599	0.0523228356800751	4.9806977967148e-05	4.9806977964565e-05	4.98069779645654e-05	0.00630013672782355	4.98069782147433e-05	4.98069779725896e-05	0.0191190491483228	4.98069779651617e-05	0.00234214187960709	0.00548985911861237
0.00235425661102882	0.0026213407186905	0.00355001685462879	0.00996804616491038	0.00607139995704006	3.64203508505602e-05	0.0051488849627364	0.0069653648731746	0.851080418961757	0.0136498787816838	3.64203508505598e-05	0.0321023813648699	0.0295764192512503	0.00384128429302956	3.64203508505597e-05	0.00419930821230221	0.00854883085917764	0.00117849070237496	3.64203508554058e-05	0.00745325587214239	0.00839330837852657	0.00184665807424014	0.00130477370302896
0.000120621542723789	3.48855623914274e-05	0.00294429190599619	0.0169087241233565	3.4885562384192e-05	0.00545150228924615	3.48855623841245e-05	3.48855623841899e-05	0.860183070356331	3.86080511845608e-05	3.48855623841799e-05	0.0505735077503748	0.0287487236537709	3.48855623836514e-05	3.48855623841907e-05	0.00720585754321914	0.01366692703421	3.48855632684875e-05	3.48855623789046e-05	3.48855623841911e-05	3.48855623842048e-05	0.0137395390000814	3.48855623939056e-05
8.15240473490088e-05	3.58079235664845e-05	0.00630856170797119	0.00973155501121855	3.58079235208713e-05	0.0405341368624469	0.00202842719891258	3.58079235210845e-05	0.868685334331962	3.58079235208788e-05	3.5807923520877e-05	0.0314257158548429	0.0145914566723318	3.58079235219597e-05	0.00153070592931536	0.00492030775932251	0.00198161894799251	3.58079235350126e-05	3.58079235242098e-05	3.58079235208778e-05	3.58079235208784e-05	0.0177867685175386	3.58079235226647e-05
3.55179189459365e-05	0.00185383906039562	0.00482315767203324	0.0195187872608256	0.00137330880652683	0.00579129587313267	0.00189318160961882	0.000365581506902076	0.839420850521676	3.55179189333196e-05	3.5517918933324e-05	0.0529438285987933	0.0216111254282577	3.55179189333177e-05	3.55179189333202e-05	3.55179189333199e-05	0.0155144064797834	3.55179189557566e-05	3.55179189286289e-05	0.00925591787717079	3.55179189332998e-05	0.0181787452137322	0.00713631282072094
0.000158596597979677	3.48761911319834e-05	0.00357367882648193	0.0161638524359807	0.0159776588380051	0.0316413984922319	0.00076021566527224	0.00735578608889822	0.845198476858675	3.48761910947026e-05	3.48761910947166e-05	0.0251601910377976	0.0355787062485636	3.48761910893705e-05	3.48761910947042e-05	0.00300297372034981	0.00450059061054022	3.48761912737025e-05	3.48761911070197e-05	3.48761910947025e-05	3.48761910959594e-05	0.0105791126680669	3.48761910803137e-05
0.000829059752814264	3.54300838290614e-05	0.00237640100801123	0.0211078977120142	3.54300838164894e-05	0.010707942540311	0.00284064028057137	0.000982834106066003	0.862312314850602	0.00402452706075453	3.54300838165013e-05	0.039539639694012	0.0321222551452092	3.5430083830715e-05	3.54300838164907e-05	3.54300838164902e-05	0.0119122471174146	3.54300838141929e-05	3.54300838182777e-05	3.54300838164921e-05	3.54300838165222e-05	0.0097947825262348	0.00109515736779374
3.66731642755381e-05	3.66731642895493e-05	0.00395081654962079	0.00518332471733096	0.00604265249499693	3.66731642597564e-05	0.00422025504636709	0.00142745630935258	0.848663209716451	0.00403625275057932	3.66731642597561e-05	0.0704189675799337	0.0173982582573253	3.66731642597539e-05	3.66731642597563e-05	0.00304267953737538	0.00640030447352079	3.66731641520503e-05	3.66731642610094e-05	3.66731642597558e-05	0.0110151101605852	0.0178339807640294	3.66731642540493e-05
0.00142441613151309	0.00266099803906927	3.59603767108353e-05	0.0167790643265077	3.59603767108367e-05	3.59603767108364e-05	0.00556115720793967	3.59603767108363e-05	0.860825286283448	4.21354124932526e-05	3.59603767108332e-05	0.0369816202125771	0.0453667761283973	3.59603767111968e-05	3.59603767108378e-05	0.00308664496792005	0.00500703233341498	3.59603767052224e-05	3.59603767147913e-05	3.59603767108362e-05	0.00862790120619131	0.0132414036067104	3.59603767108297e-05
3.56133197464039e-05	3.56133197455097e-05	0.00576583027777339	0.0156917305295208	0.0253258911620589	3.56133197333805e-05	3.56133197340056e-05	3.56133197314318e-05	0.834723249892322	3.56133197333809e-05	3.5613319733384e-05	0.0629394243746469	0.0254256039727304	3.56133197321915e-05	0.000380890788525254	3.56133197333791e-05	0.00718532831768767	3.56133197564032e-05	3.56133197269088e-05	3.56133197333773e-05	3.561331973338e-05	0.0220634642083947	3.56133197666157e-05
0.00179871441348313	3.72061923960066e-05	3.72061923881806e-05	0.0169192404426805	3.72061923881808e-05	3.72061923881797e-05	0.00388500426271858	3.72061923881808e-05	0.854468760129125	0.00522713138264909	0.00601818751909317	0.0536192065833045	0.0249213630871564	3.72061923881791e-05	3.72061923881807e-05	0.00262213184551734	0.000411562011662092	3.72061923777862e-05	3.72061923679391e-05	0.00356266161250552	0.00830312021423553	0.0062188641117356	0.0116891966526625
3.52378357826638e-05	3.5237835725728e-05	0.00575103271931917	0.0147292539315025	3.52378357789248e-05	0.0342383910698891	0.0028073125071552	3.523783578341e-05	0.875976306755772	3.52378357834103e-05	3.52378357833968e-05	0.025262479248591	0.033778006085418	3.52378357830682e-05	3.52378357834118e-05	9.21847967924421e-05	0.00314907350403943	3.52378357906916e-05	3.52378358401108e-05	3.52378357834101e-05	3.52378357834107e-05	0.00375786751633397	3.52378357851735e-05
3.46506518812645e-05	0.0019016554425764	0.0114835306948877	0.0195318296312104	3.46506518531759e-05	0.0172909381548329	3.46506518531756e-05	0.0204543125001277	0.818751073462067	3.83810742618067e-05	3.46506518531762e-05	0.0459169384341162	0.0309601863730707	3.46506518531743e-05	0.00269271852556575	0.00232930301793387	0.0101973514023227	3.46506522401148e-05	3.4650651854102e-05	0.00829507561058472	0.00326589234199807	0.00658466484699182	6.35939240643e-05
3.49006519203007e-05	3.49006519137413e-05	0.00566154143704476	0.00583224376302142	0.0171892958283472	3.49006519281966e-05	0.00555695137201828	0.0149991487820515	0.843312133573984	0.00242012211877282	3.49006519281987e-05	0.04047594601593	0.0423080597842449	3.49006519288021e-05	3.71268108467568e-05	0.00362594115169548	0.0121807029935857	3.49006524853462e-05	3.49006519350151e-05	3.49006519281979e-05	3.49006519281982e-05	0.00605177984863131	3.49006519299387e-05
3.608862454714e-05	3.60886246195319e-05	0.00100270831894651	0.00400685861280202	3.60886245729728e-05	3.60886245698359e-05	0.000712109411183991	3.60886245698364e-05	0.878633444848228	0.000826625712683152	3.60886245698424e-05	0.0453212022519221	0.0394046970270358	0.00230489474640453	3.60886245698393e-05	3.608862456984e-05	0.00475332698468158	3.6088624784996e-05	3.6088624558213e-05	0.0195477633290157	3.60886245698358e-05	0.00305330526202352	3.60886245716366e-05
3.30181769750492e-05	0.0025524177445357	0.0321150044773442	0.0206633378254811	0.0162130307925092	0.0492694978284522	3.30181769775888e-05	0.032201450739931	0.746137989666396	3.30181769771224e-05	0.00240402074962647	0.0390709766278199	0.0417797071255787	3.3018176977126e-05	3.30181769771257e-05	3.30181769771235e-05	0.00305039865252342	3.30181770199114e-05	3.30181769847828e-05	0.00465951568867969	3.30181769771335e-05	0.00955247031130618	3.30181769729764e-05
0.00162420053686782	3.58609737360384e-05	3.58609737615769e-05	3.63886433887394e-05	3.58609737636257e-05	3.58609737615834e-05	0.00279660857163178	3.58609737615827e-05	0.815754979277787	0.0149343635634768	3.58609737615829e-05	0.0824929138127749	0.0179717856917129	0.00232663553302217	0.00401513620231376	0.00167849924467863	0.00977010395818206	3.58609744162842e-05	3.5860973786965e-05	0.0064667529532646	0.0224059403641069	0.011755036719701	0.00568376713634209
0.000363783842372572	0.000928671015090579	0.00934529022766278	0.0147933469319738	3.47801013526188e-05	0.0146599639129568	3.47801013540929e-05	3.47801013540921e-05	0.842687795168975	3.47801013540921e-05	0.00264901714977499	0.0412388448389734	0.0221680917032411	3.47801013540872e-05	0.0034742948785162	3.4780101354092e-05	0.00135738825001566	3.47801012913346e-05	3.4780101370752e-05	0.0128714855528816	0.00337976095787246	0.0250389303886924	0.00476509437021527
3.49841769429633e-05	3.49841769037859e-05	0.0085904897174031	0.00790342490943863	3.49841769082935e-05	0.0291607844820124	3.49841769082936e-05	3.49841769101051e-05	0.868802732375755	3.49841769082944e-05	3.49841769082953e-05	0.0490498119372023	0.0101962630654169	3.49841769082937e-05	3.49841769082938e-05	0.0036379518712781	0.0053391499616162	3.49841772925707e-05	3.4984176916421e-05	3.49841769082937e-05	0.000992724921567924	0.0108359279838911	0.0050709286510945
3.50978304560274e-05	3.509783046516e-05	3.50978304524441e-05	0.0176769265227575	0.0104170013449054	3.50978304524388e-05	3.50978304524457e-05	3.50978304519036e-05	0.821990450556018	0.0237133117420297	3.50978304524395e-05	0.0514921822410747	0.0429268591366253	0.00380783483266427	0.00900502301741518	3.50978304524424e-05	0.00805276779387068	3.50978304403254e-05	3.50978304341442e-05	3.50978304524451e-05	3.50978304559335e-05	0.0104613710167661	3.50978304541957e-05
3.43104027054778e-05	3.4310402716621e-05	0.0239126339224901	0.0242133871225549	3.43104027168099e-05	0.0248117981814093	4.18791620482855e-05	0.00650322560517638	0.82385284497612	0.00481217451996743	3.43104027169064e-05	0.0392140191610483	0.0190081616758366	3.43104027169171e-05	3.43104027169162e-05	0.00323354154105759	0.00865751680697281	3.43104032156926e-05	3.43104027145275e-05	3.43104027169182e-05	3.4310402716832e-05	0.00948525957957029	0.0119104537180949
3.59714525851181e-05	0.0113730341860439	0.000872753707387943	0.00460455661895037	0.0369607014188236	3.5971452583834e-05	0.00847452730277058	3.59714525838401e-05	0.848955017820587	0.00592419234136701	3.59714525838381e-05	0.0377309564101805	0.0294677288218882	3.59714525838415e-05	3.59714525838398e-05	3.59714525838398e-05	0.00606244777101881	3.59714525955409e-05	3.59714525736795e-05	3.59714525838397e-05	3.59714525841161e-05	0.00914242616996946	3.59714525869786e-05
0.00241242370865821	3.4762471255864e-05	0.0124082476013801	0.00514819306230501	3.47624712813284e-05	0.017032019463237	3.47624712805829e-05	3.47624712805824e-05	0.841239750312734	3.47624712805827e-05	3.47624712805753e-05	0.0423919447290992	0.0397034214353623	3.47624712805751e-05	3.47624712805825e-05	0.00230654459706478	0.0093972481816254	3.4762471280124e-05	3.47624712779378e-05	0.00449844181911672	3.47624712803298e-05	0.0204542120956589	0.00262516580969909
0.00089972036357281	3.55871128010161e-05	0.00270644966944849	0.0249492062541353	3.55871127598354e-05	3.55871127598353e-05	0.00172471758185409	3.55871127615308e-05	0.847899216704571	0.00402444007011828	0.000896938326071594	0.0337680689690882	0.0414083275085924	3.55871127598357e-05	3.55871127598359e-05	0.00638455150266053	0.00497446159806084	3.55871131891499e-05	3.55871127684386e-05	0.0087767324132692	0.00266206599510739	0.00456184717022798	0.0140785589706624
0.000413840525208015	3.4257145023265e-05	0.0135668335338685	0.0108979751826847	0.00581964809103146	0.0175920663282275	3.42571450281505e-05	3.42571450284464e-05	0.826047798983612	0.00553793215077338	0.00211441482768668	0.0504816789693108	0.0329104476810048	3.42571450284647e-05	3.55632190673684e-05	0.00444241236104673	0.00573711223326718	3.42571454656787e-05	3.42571450286233e-05	0.000276064807133493	0.00244646208541582	0.0181913465432188	0.00328285960684064
3.52941758949541e-05	3.529417590974e-05	0.00718435972124015	0.0158422620053928	0.0138779640997632	0.0112632230800921	3.52941759041587e-05	0.00239225946907814	0.829974717264054	0.00848798244135262	3.52941759087169e-05	0.0552095216514312	0.0222022578935183	3.52941759047124e-05	3.70827803412728e-05	0.00829278653079182	3.5294175901163e-05	3.52941760335754e-05	0.000918975656236354	3.52941759045403e-05	3.52941759045433e-05	0.00957400591945516	0.0144249539039862
0.0035080546400876	0.00559727998058943	3.58536995739232e-05	0.0206822018741047	3.58536995739229e-05	3.58536995739228e-05	0.00800575388037814	0.00665573739971296	0.82789918537212	3.58536995739236e-05	0.00848869246100221	0.0519939529547232	0.0351184287617628	0.000508497254625977	3.58536995739235e-05	0.00183485505206619	0.0114692179778222	3.58537001343685e-05	3.58536995731235e-05	0.00309808635069739	0.000682777622684662	0.014162058446868	4.4244073177531e-05
3.54774625314348e-05	0.00345812938897801	3.54774625188365e-05	0.020683074706447	3.54774625188343e-05	3.54774625188353e-05	3.54774625188355e-05	3.54774625188088e-05	0.862304588515627	0.00672083239355354	0.00916425690576175	0.0318947917024751	0.0453502060737057	3.54774626035964e-05	3.54774625188357e-05	0.00127746998667499	0.00487765243336204	3.54774634025753e-05	0.00303677102747738	0.00650610093664993	3.54774625188357e-05	0.00433532289717355	3.60284059445986e-05
3.46057181357803e-05	3.4605718127818e-05	0.00350504709760933	0.0209821538574475	3.46057181436173e-05	3.46057181401676e-05	3.46057181397274e-05	0.00332394846743447	0.818503829595806	3.46057181401698e-05	3.46057181401683e-05	0.0862352057541198	0.0458304216017714	3.46057181399975e-05	0.000488612373514389	3.46057181401701e-05	0.0134699941339381	3.46057181480081e-05	3.4605718165772e-05	0.00178579306720481	3.46057181406322e-05	0.00202819828956825	0.0034315271438843
0.00231864964900432	0.00158453696092135	3.60887627207406e-05	3.60887627226438e-05	0.0279835804204431	0.000468039649887733	3.60887627207423e-05	7.81326801174495e-05	0.824794069829453	3.60887627207417e-05	3.6088762720734e-05	0.0591788810652266	0.0349704118609481	3.60887627207407e-05	3.60887627207415e-05	3.60887627207422e-05	0.0111817377344448	3.60887627198239e-05	3.60887627188384e-05	3.60887627207349e-05	0.00549566799565598	0.031513227001247	3.60887627225418e-05
3.51475389875391e-05	0.00974297970367821	0.00487456095021438	0.00914986290534705	0.0103214744138918	0.00125775786959499	3.51475389336033e-05	3.51475389357166e-05	0.871075216168874	3.51475389336431e-05	3.51475389336395e-05	0.0439392654442699	0.0250291308330534	3.51475389351908e-05	3.51475389336417e-05	3.51475389336419e-05	3.51475389299231e-05	3.5147538934322e-05	0.00202339757274939	0.00301938162997015	0.00199190470799892	0.0171884448720424	3.51475389244182e-05
0.000732946490552024	3.6587259596769e-05	3.65872595771237e-05	0.00852581175325719	0.00287753544644538	0.000609726692989602	0.00362257989084352	3.65872595838038e-05	0.909892198607837	0.00262676887436852	0.00112715742679405	0.0462540748794135	0.0123759724436596	3.65872595772532e-05	0.000953983165908048	0.00131135251814925	0.000327036748432006	3.65872594111319e-05	3.65872595883284e-05	0.00265741589227183	3.65872595822766e-05	3.6587259576566e-05	0.00581274109258504
3.69049960412591e-05	0.000940321376963412	3.69049960423207e-05	0.0163136040433544	3.69049960444506e-05	3.69049960423188e-05	0.00680069567089743	3.69049960436836e-05	0.859728161877644	0.0108086770458273	3.69049960423188e-05	0.0418275443591371	0.0305141041876237	3.69049960414293e-05	3.69049960423173e-05	0.00266558286734207	0.0057980391921532	0.000689884525424388	3.69049960110361e-05	3.69049960423211e-05	0.0200205998997048	0.00348682999749004	3.69049960441641e-05
0.00290038095156853	3.50183711796452e-05	3.50183711814315e-05	0.0230681532460249	0.0152527860305458	0.00153396625317141	3.50183711820217e-05	3.50183711842049e-05	0.859420859328391	3.501837118143e-05	3.50183711814212e-05	0.0347973929480641	0.0391923697308827	3.50183711813936e-05	3.50183711814334e-05	0.0109576288087362	3.50183711817292e-05	3.50183711876022e-05	3.50183711763986e-05	3.50183711814314e-05	3.50183711789141e-05	0.012386205506074	3.50183711826171e-05
3.5774944865646e-05	0.00505752753143668	0.0010221934070281	0.00629379409094543	0.00357768781269407	3.57749448656266e-05	0.00235293102341337	0.001063702487231	0.850217927046735	0.00375242038504998	0.00483554170351196	0.0669080156545553	0.0342745109842626	0.00839363105232718	0.00294127294862418	3.57749448656257e-05	0.00259587053451333	3.57749448594759e-05	3.57749448682485e-05	0.00108474464117512	3.57749448656262e-05	0.00343601041209807	0.00197756861520794
0.000969382388059482	0.00107953023048683	0.00325681899583689	0.00709119192215497	3.72173240148765e-05	0.0226697595149408	0.00391798410196996	0.00410398638965015	0.88806153619098	3.72173240114927e-05	3.72173240114848e-05	0.037558000196308	0.00857540685974582	3.72173240124924e-05	3.72173240114921e-05	0.0023409228199909	0.00716036390456631	3.72173239863004e-05	3.72173239871315e-05	0.0026394172039355	0.00244664992481207	0.00524070919414	0.0026278188943872
3.4850477788183e-05	3.48504778101789e-05	0.00595732641775792	0.00454749357260088	0.00829978779374876	0.0232253605576346	3.48504777962268e-05	3.48504777965884e-05	0.874630880739254	0.00218214967585871	3.48504777962142e-05	0.0327940623383334	0.0177093899740447	3.48504777953238e-05	3.48504777962133e-05	0.00507364096917691	0.0108988095787222	3.4850477762204e-05	3.48504778278402e-05	3.48504777962135e-05	3.48504777962138e-05	0.011477102845457	0.0028206402816492
0.00072808027351921	3.55133848756022e-05	0.00821898248095242	0.0280183830982642	3.55133848973338e-05	0.00762685722919587	3.55133848891858e-05	3.55133848890021e-05	0.869305290283974	3.55133848884694e-05	3.55133848884651e-05	0.0235670664754951	0.0276015387555155	3.55133848875152e-05	3.55133848884725e-05	3.55133848884701e-05	0.00796542189645251	3.55133849091334e-05	3.55133848855106e-05	0.00772382055298471	3.55133848884716e-05	0.0179981279460588	0.000820270388911995
3.58915276240806e-05	3.58915276256037e-05	0.00305744663349324	0.0109904243004075	0.0211534969317177	3.58915276191126e-05	3.58915276191177e-05	3.58915276191176e-05	0.849498627350491	0.000986616688684826	3.58915276191194e-05	0.0412771913828229	0.0551630549146909	3.58915277080424e-05	3.58915276191175e-05	3.58915276191178e-05	0.00400598114806003	3.5891528544659e-05	3.58915276389381e-05	3.58915276183403e-05	3.58915276191179e-05	0.00675741397316601	0.00664315681637196
0.000102191848400514	3.52694277865484e-05	0.0110578910249703	0.0113732338702455	0.0100576237802561	0.0113333520122913	3.52694277525191e-05	0.000129664212967633	0.851300649044789	3.52694277525412e-05	3.52694277525405e-05	0.0394190685538579	0.0379489084779228	3.5269427754347e-05	3.52694277525411e-05	3.52694277525415e-05	0.0097216844297818	3.52694278384193e-05	3.52694278060703e-05	3.52694277525418e-05	3.52694277545781e-05	0.0138646670719853	0.00330310196707677
3.67155302390624e-05	3.67155302142459e-05	3.67155302451721e-05	0.00904318096540801	3.67155302451665e-05	0.00616365562702796	0.00225685749505942	3.6715530245165e-05	0.857323526148207	3.75938955825409e-05	3.67155302451722e-05	0.0495978541510954	0.0422564576568393	3.67155302414483e-05	0.00271719099940503	3.67155302451667e-05	0.00244337491505942	3.67155302526584e-05	3.67155302536522e-05	0.0136808169875124	3.67155302451603e-05	0.0140389047958789	3.67155302525538e-05
3.4650633031107e-05	0.00279546943871854	0.00870964301541078	0.0123786769134587	3.46506330073768e-05	0.00137404347993583	0.00110736082546069	3.46506330201844e-05	0.8489096181108	3.46506330201847e-05	3.46506330201875e-05	0.0450510950357948	0.034330676275228	3.46506330200254e-05	0.0114867946680286	3.46506330201847e-05	0.00922575524642494	3.4650632874277e-05	3.46506330535686e-05	0.00586377681814118	3.46506330181188e-05	0.0183859332094905	3.46506330219126e-05
0.0019771681077196	3.5113882838696e-05	0.00553141374049595	0.0012098083165227	3.51138828252035e-05	0.00567564901912863	0.00123923510941741	3.51138828535977e-05	0.880641433296986	3.51138828530034e-05	3.51138828529449e-05	0.0463811158432469	0.0181611611064853	3.51138828521698e-05	3.51138828529374e-05	0.00457484627841417	3.5113882856982e-05	3.51138828591186e-05	3.51138828310579e-05	0.00770071629487302	3.51138828528894e-05	0.00141587532456759	0.0251053248508144
0.000348354546883298	3.5425252151516e-05	3.54252521677468e-05	0.0189852965687837	3.54252521677272e-05	0.0210531941674399	0.0216289533226137	0.000880227343675849	0.823454302492891	0.0220046370605551	3.54252521677467e-05	0.0216667939525853	0.032870818474467	0.00526104840133716	0.00823206466635191	3.54252521677467e-05	0.00157241272185471	0.000244112973211997	3.54252521590146e-05	0.00390847521920788	0.00248641876542002	0.00565472914135727	0.00953560866838285
0.000619146446814519	0.00918695201503465	3.63291307152844e-05	0.0169730054789517	3.63291307150553e-05	3.6329130659831e-05	0.00824970496683823	0.00295164888876884	0.846536693498548	0.000432494196246525	3.63291307152832e-05	0.0277353509409905	0.0150313376530358	3.6329130715285e-05	3.63291307152845e-05	3.63291307152843e-05	3.63291307153501e-05	3.63291307223456e-05	3.63291306882034e-05	0.00523738553475068	0.0585641096457617	0.00564673975829318	0.00247213966888833
3.46231302906316e-05	0.0022082506838911	0.00158572305386302	0.0196812948136278	3.46231302925483e-05	0.013760410383435	3.46231302925479e-05	0.00240559092893234	0.842568869648393	3.46231302925876e-05	3.46231302925518e-05	0.0505322015188621	0.0437988657877555	3.46231302930569e-05	3.46231302925483e-05	3.46231302925482e-05	0.008312995908125	3.46231302524951e-05	3.46231302441403e-05	3.46231302925482e-05	0.00403795720774702	0.0106923625019475	3.46231302925515e-05
3.51287441104298e-05	0.00348385648990818	0.0066762805216422	0.0203043853928039	0.007520176679468	0.0373695723290843	0.00164063342133881	0.00585121318168928	0.848208478678792	0.00579706403538282	3.51287441102574e-05	0.0250251340976064	0.0274655309496819	3.51287441102549e-05	3.51287441102603e-05	0.000366532019993498	0.00575091948331539	3.51287446341286e-05	3.51287441119304e-05	3.51287441102601e-05	3.51287441102132e-05	0.00422406402177587	3.5128744109745e-05
0.00218472841714717	3.53429377443627e-05	0.00538365231953416	0.0100266770826846	0.00869203564963142	0.00926282389693345	0.00794959074402395	0.00501068294708358	0.809352070457317	4.10055415535488e-05	3.53429377367522e-05	0.0731808752202029	0.0452718401894557	3.53429377367531e-05	3.75576987794053e-05	0.00813067795561699	3.56395796018921e-05	3.53429377297267e-05	3.53429377371195e-05	3.53429377367672e-05	3.53429377367721e-05	0.0151573987985396	3.53429377367684e-05
3.4667811677477e-05	3.46678116539256e-05	3.46678116627083e-05	0.0265924946900809	3.46678116627043e-05	3.46678116627042e-05	3.46678116627055e-05	3.46678116627029e-05	0.834190185957546	0.00439772399910407	3.46678116627186e-05	0.0684269410178783	0.0333197454733243	3.4667811655934e-05	3.46678116627047e-05	3.46678116626991e-05	0.00979825485294186	0.000551075692633356	3.46678116512503e-05	0.00486582628361009	3.46678116632542e-05	0.0173724026696151	3.46678116626957e-05
0.004713563724319	3.47347890646214e-05	0.0241301476726484	0.0178111467880145	0.015182721489704	3.47347890501378e-05	0.0527443400870064	0.0190689789937671	0.726157883467113	0.000377263185596925	3.4734789050137e-05	0.0245568727399374	0.00194478241201984	0.0341591021010376	4.03021398913337e-05	0.00169919572761134	3.47347890497726e-05	3.47347896094444e-05	3.47347890518355e-05	0.00582057116862775	0.06769353915691	0.00171596187459593	0.00197521853632309
6.12329797623876e-05	3.46528118847026e-05	3.46528118783565e-05	0.0256972482465682	0.000840126728955416	0.0167761864408253	3.46528118782422e-05	3.46528118783578e-05	0.842757464448809	3.46528118783555e-05	3.46528118783644e-05	0.0682731335544641	0.018578648643335	3.4652811878738e-05	0.00314367155689	3.46528118783584e-05	0.00658675589714843	3.46528122196663e-05	3.46528118963357e-05	0.000449328551020253	3.46528118798829e-05	0.0106245825455049	0.00583043947568792
3.4549000751754e-05	3.45490007896899e-05	3.45490007511258e-05	0.00706706606807026	0.00530492182476314	0.0242705830193873	3.45490007511269e-05	3.45490007511266e-05	0.850020218675425	0.000992324700803054	3.45490007511299e-05	0.0319265495316194	0.0321645550415074	3.45490007624636e-05	0.000783663694176247	3.45490007511264e-05	0.0251534047141705	3.45490012067078e-05	3.45490007484666e-05	0.011356303405368	3.45490007509379e-05	0.0085430631281843	0.00203730718775917
3.47147932111883e-05	0.00293820359622402	0.0146430085955802	0.0331284824541524	3.47147931895283e-05	3.47147931895418e-05	0.0140825965202322	0.0548202059955787	0.760730013630528	0.00326680567970316	3.47147931895419e-05	0.018284762240964	0.0134677402511776	0.0521547529416133	4.12952881940797e-05	0.00527744184828195	0.00457599193541521	3.471479280302e-05	3.47147931929111e-05	0.00373635587847463	0.018574624798702	3.47147931895423e-05	3.47147932135812e-05
3.44549118314111e-05	0.0029993361222003	3.44549118198685e-05	0.0231679437167652	0.0090036909916646	0.0290866075543242	0.00170300848153744	3.44549118119653e-05	0.855075852287571	0.00440012294090154	3.44549118198607e-05	0.0420366990267468	0.00834378785761443	3.44549118201698e-05	3.44549118198688e-05	3.44549118198687e-05	0.000594467825987904	3.44549118129158e-05	3.44549118230125e-05	0.00151994080988817	3.44549118203884e-05	0.0185209762478543	0.00320301701874469
0.00188625063214723	3.47968632147139e-05	0.00999827264412702	0.025482966049747	3.47968631984097e-05	0.0217032553959587	3.47968631955392e-05	3.47968631959205e-05	0.850729306140865	0.00287260634262154	3.47968631959359e-05	0.0275353963604269	0.03089058665675	3.47968631975871e-05	3.47968631959216e-05	3.47968631959215e-05	0.000908490213980249	3.47968638623405e-05	3.47968631840766e-05	0.00333208818890215	3.47968631952871e-05	0.0123707417798042	0.0119072740988387
3.58103044135681e-05	3.58103044589864e-05	0.0185347737471366	0.0130917167203974	3.58103044181522e-05	3.58103044181564e-05	0.00270106650964279	0.00171350619150115	0.859984542467382	3.5810304418158e-05	0.00605740874104546	0.0389770008186157	0.0384671310862252	3.58103044150083e-05	3.58103044181545e-05	0.00370435565797929	0.00492484212453298	3.58103044173367e-05	3.58103044242284e-05	3.58103044181564e-05	3.58103044180043e-05	0.0114003522558823	4.93903310213012e-05
0.00224319321567452	0.00119761661603876	0.0133653922343216	0.0108526353347504	0.0123421094028558	0.0311090292458034	0.00331985108265589	3.41471616333356e-05	0.812525773651466	3.41471616333395e-05	3.4147161633337e-05	0.0714126368136747	0.0237245716497576	3.41471616333403e-05	3.41471616333384e-05	3.41471616333397e-05	3.41471616333395e-05	3.41471615707573e-05	3.41471616392824e-05	3.41471616333401e-05	3.41471616333399e-05	0.0174974248134574	3.41471616333405e-05
0.00317873927293683	0.00199304086733067	0.00536076368560336	0.0118368239672682	3.65475785685562e-05	3.65475785685558e-05	0.019528404594021	0.0143016944148065	0.817644734378948	4.42814652760616e-05	3.65475785685551e-05	0.042708869253184	0.000806892680377186	3.65475785685593e-05	0.00270575801975391	3.65475785685556e-05	3.65475785656532e-05	3.65475785637259e-05	3.65475786021365e-05	0.00533725826695695	0.0462005175679419	0.0158215552863314	0.0122382856506895
3.52365499406238e-05	3.52365499580006e-05	3.52365499408018e-05	0.0197549889590204	3.5236549940802e-05	3.52365499408017e-05	0.00134830159855351	0.00266642463500091	0.85647153586164	0.0173517862311857	3.52365499408015e-05	0.0303279013855944	0.0362358778041967	3.52365499405723e-05	0.00394729285850754	3.52365499408026e-05	0.000809222897425813	3.52365499066499e-05	3.52365499286727e-05	3.52365499408021e-05	3.5236549941466e-05	0.0101721254702965	0.0204917036993177
2.47507909160984e-05	2.47507909072035e-05	2.47507909079929e-05	0.0268214380862755	0.0134809998056591	2.47507909079967e-05	2.47507909079925e-05	2.47507909079933e-05	0.840451436234292	0.00486855138770572	2.47507909079922e-05	0.0426874674661551	0.0460132342803193	2.47507910482298e-05	0.000221005376252305	2.47507909079931e-05	2.47507909057082e-05	2.47507904937925e-05	2.47507908991853e-05	0.0100857761808236	2.47507909084073e-05	0.0150235801100833	2.47507909069751e-05
3.27674477285997e-05	0.00208118251688431	0.0215750285743013	0.0682480711920878	3.27674477318306e-05	0.0099737383910375	0.102079821356343	0.0713757663240484	0.648788831577546	3.27674477318309e-05	3.27674477318315e-05	0.0293322814310611	3.27674477318295e-05	0.00228196369908362	0.00744744388162523	0.00313628743168772	0.00229875831704751	3.27674477259014e-05	3.27674477284676e-05	0.00453175078761442	0.0265541674900579	3.27674477318288e-05	3.276744773183e-05
3.54606699055789e-05	0.00507343734783294	0.00477583746469265	3.54606699538786e-05	0.00464447212693359	0.018929885411596	4.04579348296367e-05	0.00164643990779345	0.868353708620022	3.54606699065828e-05	3.54606699065818e-05	0.0439599954930264	0.0263408233740538	3.5460669906585e-05	3.54606699065842e-05	0.00436583849213277	3.54606699084559e-05	3.54606698526389e-05	3.54606698929635e-05	0.0175510152591277	3.54606699065823e-05	0.00392802119900364	3.54606699083526e-05
0.0009206656567521	3.49614710751533e-05	0.00419216335499864	0.014624836653325	3.82127023449388e-05	3.49614710763367e-05	0.00131238419029	3.49614710763775e-05	0.865201348721875	3.49614710768727e-05	3.49614710762321e-05	0.0261718090218465	0.029773759214193	3.49614710763778e-05	0.011899856986461	0.00181897376726221	0.00453636181957095	3.49614710867566e-05	0.00651142372092884	0.00399719823512778	0.00559149463456487	0.00599914712580304	0.0171656338971119
