Bcells	CentralVeinEndothelialcells	Cholangiocytes	Hepatocytes	Kupffercells	LSECs	Mesothelialcells	PortalVeinEndothelialcells	Tcells
9.4757254721958e-05	9.47572546596107e-05	0.0442721175719148	0.912139359896798	0.0303531935690462	9.47572547645023e-05	0.00933454433322854	0.00352175561013474	9.47572547318403e-05
8.9988768238424e-05	0.0058897717561317	0.0184743047761189	0.936857068982474	0.0263405012657893	8.99887682453976e-05	0.011506281715868	8.99887685188515e-05	0.000662105198615133
0.00661548153900628	9.0052242475283e-05	0.0221030206454977	0.894011328586545	0.0381183525874683	0.0124466463968778	0.0156199560748296	0.000193673006520697	0.0108014889207793
0.0049608854487087	0.00046355717601175	0.0344196419302595	0.913024537440492	0.0303335201454235	0.000709429308901045	0.0102645843090486	0.00569262213503382	0.000131222106121296
8.92795817798435e-05	8.9279581760139e-05	0.026981557819557	0.919871821872445	0.029844299085577	0.00635181826132694	0.00970955469845062	0.00658867706645297	0.000473712032650862
0.00081527953706366	0.00204045521955619	0.0268982821647896	0.933983641866753	0.0182072116296603	0.0080212613223324	0.0098531345801426	9.03668398667194e-05	9.03668398356165e-05
0.000520062934173604	0.00689479332524644	0.0228494191178866	0.930073562118813	0.0239543438197974	8.97047963797805e-05	0.0147964901816383	8.97047961251469e-05	0.000731918909939473
9.25374118371194e-05	0.00144534363810199	0.0407665761260631	0.909315716041176	0.0289874277809826	0.00750499766125363	0.0117023265168478	9.25374119128442e-05	9.25374118248793e-05
0.00152824912196461	0.0106341353651972	0.0212734396227563	0.926503422852869	0.0248527398352528	0.000581347863142209	0.0142028519438864	8.83954828633312e-05	0.000335417912067879
8.86947676078587e-05	8.869476754016e-05	0.025634995921216	0.939164399644238	0.0130153640917552	0.00991331534527951	0.00979340379785659	0.00127953799621056	0.00102159366829628
0.00235559377163324	0.0156570509039476	0.0194242543730684	0.90576670115147	0.0361628455133519	0.00276508526272879	0.0133501481519307	8.90467117465279e-05	0.00442927416012293
0.00846601398773456	0.000877546093036459	0.0318811444643304	0.901154604332992	0.0274789215652562	0.010650553916265	0.0125305728084189	0.000128562648436072	0.00683208018353033
0.00423152898013292	0.00775678209763141	0.0322119579161319	0.921830862228248	0.0183140062744691	0.00418028401829674	0.0110536498135869	0.000331230546072869	8.9698125430519e-05
8.85634343487144e-05	0.00830403242652356	0.0201120542550949	0.934796884599774	0.0207486544444897	8.85634343848825e-05	0.0112333497158288	0.00453933425520382	8.85634343515238e-05
0.000891979408272141	0.00266594908680513	0.0236863116069231	0.922273100945983	0.0316453699108548	9.00024534025164e-05	0.0103009740151283	0.00710098127122286	0.00134533130140819
8.94254226376693e-05	0.0257341251678382	0.023249901724841	0.91486001037729	0.0181000090568833	8.94254225560572e-05	0.0103786011824347	0.00198565889587914	0.00551284274964013
0.00233527851770475	0.00855134677948582	0.0251330578745811	0.926019003060875	0.0151142716170973	0.00466905341767041	0.010793035755396	8.80859429157778e-05	0.0072968670342739
8.99124037378765e-05	0.00821389069686585	0.017304509319852	0.939907021408652	0.0227081564391924	0.000457812414947662	0.00934132963281188	0.00188745528019071	8.99124037497249e-05
0.00239336515478761	8.76088788835272e-05	0.0238124196741966	0.924730125135695	0.0321530397380403	0.00264238270960706	0.0107015140269056	0.00339193580293312	8.76088789513693e-05
0.000491708784839271	0.013126234971619	0.0274334288057481	0.925409267636858	0.0258544016027805	8.87143537134133e-05	0.00741881513705539	8.87143536753363e-05	8.871435371096e-05
8.98035507232488e-05	0.0038304123630542	0.0210564045690621	0.92080159746291	0.0237728402755863	0.0155715642450909	0.0120610196276957	0.00178453145458906	0.00103182645128795
8.8664619827841e-05	8.86646197737167e-05	0.0242412639150502	0.927823859837795	0.0182314443569082	0.00674555881675611	0.00813590346174523	0.00342313365399476	0.0112215067181492
0.00520546311400696	8.88531622273811e-05	0.0229404564239261	0.91896347389876	0.0298625879929671	0.0118549475098903	0.00672098335832475	0.00427438137759289	8.88531623042168e-05
0.00223254182316236	9.31445957884417e-05	0.0376981618998394	0.919184202708569	0.0205255726374236	9.31445958176072e-05	0.0073309604583273	0.0114859968394754	0.00135627444159731
8.87313239128607e-05	0.00789979324077742	0.0140536668900025	0.935090283093905	0.0305903641261604	0.000819146818856837	0.0112805518586896	8.87313237828328e-05	8.87313239127054e-05
0.000130562359749459	0.00966083802462072	0.027499228323158	0.922170190603818	0.0163730046214954	0.000130562359829838	0.0185835787241052	0.00532147262345886	0.000130562359764281
0.00080868837425631	0.00332424147948516	0.0264183113155347	0.921421268329157	0.0325905158361841	9.12541012856346e-05	0.0135298228701596	9.12541013331093e-05	0.00172464359260474
8.86039975061266e-05	0.0149581544779806	0.0231119360722613	0.929074541649471	0.0163648901813517	0.00291887889043439	0.0107350340520204	0.00265935668145137	8.86039975230055e-05
9.00539085606271e-05	0.00379001576152549	0.0216667575730179	0.933359841625677	0.0262635144795958	0.00441290498238435	0.010236803852266	9.00539084109567e-05	9.00539085619349e-05
9.48906516857268e-05	9.48906517199772e-05	0.0277955075057158	0.912654104735747	0.0368466734183221	9.48906516116637e-05	0.0127084824625529	0.0096156692709589	9.48906516860434e-05
0.000855373392412608	0.00122523731106672	0.0355968252819307	0.920617234988272	0.0178775140289113	0.00634993490716216	0.00841684711807937	0.0089694412953514	9.1591676813348e-05
9.08375523666372e-05	0.00326244399370929	0.0233205085455716	0.919954837304545	0.0369944818238354	0.00114089308460425	0.0150543225907285	9.08375522711201e-05	9.08375523683394e-05
9.40198373292571e-05	9.40198372434949e-05	0.0390774317362032	0.910110814533661	0.0271412848856899	9.40198372339321e-05	0.00599608592079975	0.0076286878712048	0.00976363554063467
9.06588903768151e-05	0.019173002538827	0.0249468044725424	0.929564748024288	0.0163448072753178	0.00238684762797649	0.00731181338993618	9.06588903664241e-05	9.06588903687363e-05
9.02373197174026e-05	0.00586090787263059	0.0193160153986375	0.912469053733612	0.0326110650633766	9.02373196355027e-05	0.0147755343985197	0.0146967115741547	9.02373197162035e-05
9.11174319779135e-05	9.11174319927303e-05	0.0309711843990028	0.912467312701118	0.0276729392760669	0.0103217679931756	0.0154146841857585	0.00287875914892833	9.11174319797049e-05
9.27085679020778e-05	9.27085678540626e-05	0.0348912342317626	0.921992311506488	0.0247117255752721	0.00738273559161948	0.010119423490324	0.000624443900867092	9.2708567910303e-05
0.00790957992677	0.0353325815961208	0.0242187489206971	0.87675289844144	0.0273306741302669	0.00214548532636797	0.0245243110788803	8.72834686704023e-05	0.00169843711078704
9.27773278784406e-05	9.27773278732857e-05	0.0354991953818594	0.894256601722526	0.0440381599781577	9.27773278531326e-05	0.0115812031017027	0.0128022527605289	0.0015442550716199
0.00125949991523641	0.00565582091355696	0.0224632993208532	0.917147848640267	0.0242233487431522	0.000129260527143966	0.0152150095468394	0.0115571869122396	0.00234872548071179
8.98552338718654e-05	0.0103851753853125	0.0263251677069769	0.922553758353388	0.0251357337672455	8.98552339035051e-05	0.011189118074728	0.00275349909803769	0.00147783714653557
9.16505810503727e-05	9.16505810097201e-05	0.0248999488187218	0.91850152792795	0.0319209578061405	0.0118346930757651	0.0124508568367053	0.000117063791604494	9.16505810525016e-05
8.9720752488655e-05	0.0110230641284926	0.023221543046099	0.915886860773598	0.0246591749436552	0.00102583159180755	0.0210492679841745	0.00104967503101729	0.00199486174866739
0.00695677407220421	9.22400424191836e-05	0.029348082748016	0.92363033538519	0.0237118322607254	0.00605137171966185	0.0100248836867349	9.22400425028554e-05	9.22400425460896e-05
0.000762601474148013	0.0116052780669149	0.0179519441632134	0.921682805161816	0.0251433567402255	0.00428153846065112	0.0145171116847168	0.00275415318757448	0.00130121106073954
9.01559852099011e-05	9.01559852520557e-05	0.0254657665249973	0.926126141968365	0.021273930220352	0.00777057068150701	0.00830949787311214	0.00548446540865337	0.00538931535255167
8.96418517963176e-05	0.00618100682034306	0.0202193297987455	0.91267201797586	0.0301361089210242	0.00289503270855637	0.0141809219069254	0.0101750310170256	0.00345090899972325
9.0616551374909e-05	0.0032772313284012	0.0241794769675672	0.920426697857557	0.0309736174504728	0.00103180084965605	0.014006878609442	0.000680506820823748	0.00533317356470507
0.00507874900789592	0.00141254063747063	0.0329320720690745	0.901712023903498	0.0333670029978082	0.00247626634341078	0.0100881843491221	0.00588684108369392	0.00704631960802553
0.00143267526437711	8.94547863791791e-05	0.0302176398671803	0.925306588712422	0.0192562680088983	0.00700302028729046	0.00970121322755967	0.00201094424668303	0.00498219559920983
8.8030481263244e-05	8.80304812446621e-05	0.0253652890815219	0.902987074578747	0.049775052351261	0.0103751177940452	0.0108030394764342	8.80304812008815e-05	0.000430335274281488
0.000651211060551472	0.00458801394807959	0.022707784496314	0.910289629354322	0.0373588266684399	0.00366478062748226	0.0157365689792664	0.00487076132548641	0.000132423540057689
0.00347212759513285	0.00408835883115431	0.0204415870537339	0.935553791671101	0.0223408220267718	8.70537147596228e-05	0.0138421516780643	8.70537145393532e-05	8.70537147428162e-05
9.10409426151759e-05	9.10409425705037e-05	0.0356937304374767	0.934411851532238	0.0214261128500121	9.10409426402751e-05	0.00660073330029428	9.10409427798496e-05	0.00150340810937257
0.00140240668071058	0.000134039259067396	0.0369507773795892	0.918465053863214	0.022983804264192	0.000134039259127776	0.0060036478371196	0.0136701758552844	0.00025605560169534
8.79462233199229e-05	0.00669887271010146	0.0186189689733641	0.94136220167556	0.0206020854723356	0.00453280386372286	0.00792122863482013	8.79462234516926e-05	8.79462233240497e-05
0.000941631942506613	9.19688227901602e-05	0.0235545931394683	0.921380348979457	0.0349432867038448	0.00628833168433372	0.00902827864885165	0.00201151468288718	0.00176004539586026
0.000457473855749743	0.000129526217807646	0.0323024339425369	0.929247355531477	0.0191176029633973	9.2833562312952e-05	0.0136429696101705	0.00452493467119526	0.000484869645352905
8.93116827218714e-05	0.00818075279078382	0.0218954545961448	0.93205289614886	0.0194987753488802	8.93116827978401e-05	0.0132493097693193	0.00485487629776264	8.93116827291164e-05
0.000478611344315231	0.00764817580105821	0.0205780719649332	0.939415972140659	0.017096972356015	8.93993300945024e-05	0.0145139984027991	8.93993300307594e-05	8.93993300949815e-05
9.10866702700488e-05	9.10866702892175e-05	0.0251369056119587	0.924956812407701	0.022922336568522	0.0122744893752951	0.0117275603599488	0.00270863566574256	9.1086670272192e-05
9.0586108806135e-05	0.00965297515148505	0.0189780947530109	0.926933263384969	0.0255388682353715	0.0024584128857457	0.0108425134757214	0.0041801050930494	0.00132518091184114
9.4061271647536e-05	0.00370201970004278	0.0344391403235992	0.914792020917998	0.0259796988263398	0.0102338129421235	0.0105711234749231	9.40612716872523e-05	9.40612716387529e-05
0.00229453464710339	0.0045998161322082	0.0236604359184803	0.918753492247376	0.0269641226317685	0.00540617624870693	0.0181413109631865	9.0055605562414e-05	9.00556056076866e-05
8.93711952146553e-05	0.00248876584185019	0.0284555256683334	0.932623826660229	0.0214126687511884	8.93711953062703e-05	0.00849430447027185	8.93711955668711e-05	0.00625679502203914
9.21370788366327e-05	9.21370788215482e-05	0.0483114374673197	0.901088105614721	0.0136331738484573	0.00560338076207711	0.0114818384893627	0.0159267185916563	0.0037710710687477
0.00534653166752326	9.34887087833623e-05	0.0349137829761289	0.905180838749501	0.0153199082706196	9.34887088753521e-05	0.0105362267480854	0.0275395280547414	0.000976206115741647
0.000939388767309815	0.0123502227932141	0.0202376769346422	0.919480023668953	0.0286548580546804	0.00378580206778956	0.0108595220477502	0.00360446931757721	8.80363480833859e-05
0.00166978107220586	0.010648113885114	0.0269984747903916	0.919953332733717	0.0169667922841523	9.09784310186627e-05	0.0114719254142802	0.0121096229580828	9.09784310381701e-05
9.17678054983835e-05	0.0071652262836063	0.0338796201625087	0.895539488553501	0.0398879157544037	0.00775479803023954	0.0124921920411119	0.00210777508402076	0.00108121628510999
0.00125790502963188	0.00840927216477175	0.0281608918918059	0.911425414602012	0.0411142933381869	0.000969230878622645	0.00848261972552581	9.01861846750989e-05	9.01861847677613e-05
0.00409431694556278	9.11949966368563e-05	0.0614601066053878	0.857729908299071	0.0172171872207739	9.11949966591212e-05	0.0197367654633011	0.0350926264163908	0.00448669905621699
8.95698436808352e-05	0.0067499396520638	0.0267815058932825	0.917084024092292	0.0363458236731545	8.95698437274711e-05	0.0126804273143751	8.95698437333198e-05	8.95698436907609e-05
0.000532253589828786	0.013027054522667	0.0278161343186002	0.918786695991137	0.0253318134329641	0.00314225899714431	0.00777519502608482	8.8517664084082e-05	0.00350007645748976
0.00900985170517276	9.19283803349543e-05	0.0420071061909	0.880539477532379	0.0160683963071021	9.19283803375948e-05	0.0279535075551463	0.0199884882391608	0.0042493157094661
0.00248771342332416	0.00492237601463271	0.0232191088610377	0.9281912094182	0.0241068270907683	8.75404423218678e-05	0.0116382218761706	0.00525946243116404	8.75404423798574e-05
0.000453872938543798	0.0122563791785494	0.0209806112869023	0.930126831154462	0.0180424556883495	0.00183866139610337	0.0129262678668326	8.88965073126115e-05	0.00328602398294437
9.07433717709787e-05	9.07433717528733e-05	0.0249193761661579	0.925948976722851	0.018687333577411	0.00732099448058518	0.0189903922025541	9.0743371664602e-05	0.00386069673525269
8.83357488586723e-05	0.0180376960811808	0.0236016185662471	0.904377193115952	0.0383397605834881	8.83357488486567e-05	0.0144442909922038	0.000934433414360475	8.83357488607758e-05
0.00168743013080336	9.43941747572766e-05	0.0375626897360095	0.896280178416349	0.0212409862032029	9.43941748617168e-05	0.0160828195166081	0.0195757428608311	0.00738136478657687
9.19391041247364e-05	0.0029602900680463	0.0267088282463396	0.932893099385302	0.0171805063232714	0.00740398785376115	0.0103611273407818	9.19391041633619e-05	0.00230828257421006
9.07701533736349e-05	9.07701533556426e-05	0.0278743683553292	0.923797227006485	0.026335959768549	0.0114783352068124	0.00940915123571948	0.00083264796699939	9.07701533758131e-05
0.0248911548303303	8.85281988490855e-05	0.102099374930949	0.807358779263076	0.0215523965481298	8.85281988485851e-05	0.0282953454671688	0.0155373643637919	8.85281988563611e-05
0.00324286198555956	0.00372519598888593	0.0284123032245942	0.927465734552186	0.0224298618813766	8.80147968453713e-05	0.00754954550613513	0.00681220592855694	0.000274276135860428
8.8235751943182e-05	8.82357518548385e-05	0.02861031357891	0.925691845152827	0.0162613969982918	8.82357519276898e-05	0.0121562631629741	0.0097136916594143	0.00730178219185745
8.96222048900912e-05	0.00710830004120451	0.0317224947931769	0.91447529133426	0.0328693503552838	0.000902917328171949	0.011173662383442	0.00112981349462506	0.000528548064946221
9.12415864446625e-05	9.12415864427149e-05	0.0229599001677231	0.914439439353776	0.0298061746047736	0.0180679977898478	0.0143615217380823	9.12415864632805e-05	9.1241586446333e-05
9.12622414238351e-05	0.00299399252621521	0.0154268528512926	0.935990780572235	0.0255090137489687	0.010022283539279	0.00978329003775346	9.12622414065353e-05	9.12622414252463e-05
0.00245637106870022	8.81292926396447e-05	0.0339596684223825	0.922685308271536	0.0263509780714172	0.00275937374605441	0.0105440690497377	8.81292925965988e-05	0.00106797278493621
9.04092965359566e-05	0.00546289307764591	0.0218785819548098	0.91993854745001	0.0265923354084309	0.0128686771073317	0.0129877371122038	9.04092964897183e-05	9.04092965418058e-05
0.00205301661268579	8.77388264444195e-05	0.0245334441345923	0.929171071125498	0.0258253894907313	0.00398889034978218	0.0117186958218881	8.77388263868898e-05	0.00253401481199065
8.9712772802386e-05	0.00864184642383931	0.0227497482855575	0.92917854433761	0.0202580180582856	0.00627392623295041	0.0126287783431177	8.97127730354454e-05	8.97127728010756e-05
0.00564629610078427	0.00309344893754077	0.0334517126299366	0.90317503813773	0.0296802903904572	9.20346943502832e-05	0.0105366876776043	0.0118228809416467	0.00250161048994998
0.00342974281500361	9.37306037975263e-05	0.0311036159665903	0.916844578553364	0.0261122181654329	0.0022493210537177	0.00872707973224362	0.0113459825059738	9.37306038765588e-05
0.000790127484346616	0.00416643191150086	0.0267678668668146	0.907647714149323	0.0302482230411865	0.0082908223627435	0.0151644875329705	0.00683415791660446	9.01687345099351e-05
9.08714218251532e-05	9.08714218954442e-05	0.0232469592165793	0.924063216027399	0.0231792732050858	0.0122344745131288	0.0147219588169725	0.00228150395529865	9.08714218149855e-05
0.000129482670627833	0.000129482670615524	0.0284386492222117	0.906036814478241	0.0295864477273307	0.0154156515861707	0.00868408770599382	0.00807205097125448	0.00350733296755398
0.000151879645560497	0.00370383379664354	0.0344768279473137	0.900595740714799	0.0300853067175897	0.000133383179053409	0.0187471448299209	0.00826691665802689	0.00383896651109256
0.00927610492614831	9.00186514586419e-05	0.0210664008803651	0.917560886562861	0.0242895805084781	0.0167993251901929	0.0104014798262983	0.000426184802637764	9.00186515601846e-05
0.000333811106956014	0.00869538926595636	0.0260711773356585	0.931822777477247	0.0173334564762999	9.01877619118289e-05	0.00988965910786584	0.00567335370621563	9.01877618887098e-05
9.12381175271039e-05	9.12381176102084e-05	0.0356575389683337	0.931709450628238	0.0198727692107119	9.12381175349214e-05	0.00831108560351359	0.00266375852532624	0.00151168271120466
8.90858821005302e-05	0.00880977009365518	0.0275429963009919	0.913011088290889	0.0321670632362432	0.00310085665319174	0.0118639139326441	8.90858820810563e-05	0.00332613972820322
9.0812721311098e-05	0.00768727306971447	0.0246377804379839	0.911188362882723	0.0369019976069252	9.0812721248287e-05	0.0129122739316189	0.00639987390715579	9.08127213195919e-05
8.90150469481912e-05	8.90150469754783e-05	0.0288617645476182	0.921955370784549	0.0157464108810892	0.0100352098962491	0.0109573003136053	0.00330819507490347	0.00895771840806236
9.03010371651902e-05	0.00837721419207039	0.0198027491817598	0.934557445138836	0.0151218063155853	9.03010370966362e-05	0.0136870470354871	0.00818283502487619	9.03010371236178e-05
0.00581452133816563	9.27361527747656e-05	0.0205451353550521	0.925894372241479	0.0263390572064918	9.27361526715152e-05	0.0143441562034586	0.00676491845032804	0.00011236689957836
9.45406896146074e-05	9.45406895365704e-05	0.0355113786901952	0.911485188550226	0.0207980444903317	0.00790962011718863	0.0104837829405656	0.013528363142703	9.45406896392369e-05
0.00362131107332214	0.0216229224847747	0.0223071359295071	0.904457106473255	0.0271290264880454	0.00384129803279658	0.0168440654099457	8.85670541888666e-05	8.85670541643888e-05
0.00177372933175134	0.00180803535768385	0.0402815250358211	0.911687936594289	0.0280489387457898	9.43388700339105e-05	0.0102420858614162	0.00596907133312896	9.4338870086376e-05
9.18896039294654e-05	0.0158629516899275	0.0251025564304152	0.899691409982173	0.0391063834062415	0.00705970741569612	0.0129013222637405	9.18896039493379e-05	9.18896039269624e-05
0.00106585804604081	9.00642410770937e-05	0.0304054736137772	0.92883242792161	0.0234672953733329	0.00568365595071636	0.00933365861543623	9.00642410681743e-05	0.00103150199694084
9.01041919259366e-05	0.00422241744965549	0.0324052021187638	0.929640159458422	0.0219823482110623	0.00453754966832479	0.00694201051806549	9.0104191846853e-05	9.01041919334091e-05
8.83574857509575e-05	0.00685581516220031	0.0175296750300909	0.924122996399548	0.0242753011729156	0.00834501985318025	0.0154935945068568	0.00320088290369236	8.83574857652394e-05
0.00228478764789088	0.00370838819041457	0.0209928634913246	0.910917420240702	0.0363650705745314	0.00148103457745379	0.0161127233714678	0.00772251950886798	0.000415192397346826
0.000947899195138195	0.0101001223499011	0.0180787263960462	0.916430156985373	0.0423485365335439	8.9777969289096e-05	0.00832600242117237	0.00358900018022484	8.9777969311856e-05
9.00526044296883e-05	9.00526044203401e-05	0.0299332616388819	0.910098517000235	0.0368182318283193	0.0107346358593231	0.00986007570042265	9.00526044328784e-05	0.00228512015953516
0.00100450434928716	0.00609829671451734	0.0458503391367808	0.887923052307391	0.0290579549120496	9.25253201269036e-05	0.013607699801963	0.0162731021377388	9.25253201453896e-05
0.000760061065777936	0.00973860494170712	0.0229283617742714	0.915635749845373	0.0351100385034266	8.89809348788876e-05	0.0147716440607306	0.000877577938895758	8.89809349382348e-05
0.00505948125359407	9.14934765874923e-05	0.0339050086162541	0.911569858705547	0.0265564273230662	9.1493476586933e-05	0.0146493891692338	0.00798535450250555	9.1493476625506e-05
9.33129292502169e-05	9.33129292029054e-05	0.0299767608206708	0.931442815692231	0.0178175954671272	9.33129291035051e-05	0.00977847091941141	0.0106111053837537	9.33129292494675e-05
0.00286599829938344	0.00499997560259004	0.0242775053866009	0.917334880187994	0.030055351393036	8.90732875163387e-05	0.0151886863271274	0.00509945622822367	8.90732875281973e-05
8.86615302306025e-05	0.00695906162199721	0.0246011582567987	0.915259360363552	0.0302273447868156	0.00369306213492191	0.0109470790862646	8.86615302444919e-05	0.00813561068917458
8.9155607474489e-05	0.0167191121253489	0.0168598672915479	0.914986997688489	0.036487549050954	8.91556074690566e-05	0.0145898514137918	8.91556074460036e-05	8.91556074786123e-05
9.08454423370968e-05	0.00112605069067311	0.0426540329477958	0.920326458536222	0.0191139368096638	0.00158995738375556	0.00977737273175138	0.00523050001545648	9.08454423448396e-05
8.89310636393767e-05	0.00400186042822883	0.0189902747783559	0.939869822307092	0.0142437757075733	8.89310637875623e-05	0.0138957735349849	0.00873170005270638	8.89310636312913e-05
0.00167614693827903	0.000386598123979414	0.0192270322466772	0.923711556379293	0.035391044434938	0.00675552757733609	0.0118406948152551	9.1429700996315e-05	0.000919969783246132
6.23329456731494e-05	6.23329456703635e-05	0.023076361068499	0.927392188471148	0.0261225058773938	6.23329456723407e-05	0.018396053741945	0.0024032199163516	0.0024226720876464
8.92895099519223e-05	0.00134403037960458	0.0319870130312413	0.906367121820953	0.0353079528900432	8.92895097720631e-05	0.00985430480367503	0.0127525860392522	0.00220841201550628
0.0177453002111816	0.00480001008203552	0.0276771811714929	0.890233227405071	0.0288027656728998	9.00844770585285e-05	0.00898558674914117	0.00681986372461305	0.0148459805065066
0.000855417664563371	0.0113387431584656	0.0238867426274316	0.917583903543074	0.028682704298213	8.9850121403476e-05	0.0168750721097204	0.000597716355947751	8.98501211814656e-05
0.00072921552214666	0.0213917304055043	0.0182102053076954	0.917902596478416	0.019145117796267	8.86339216907931e-05	0.0130670287227474	0.00741689985955575	0.00204857198597663
9.02890184373706e-05	0.00757917881560123	0.0268983997099988	0.929035424053401	0.0208753421322154	9.02890184437931e-05	0.0133367767639767	0.00200401146948074	9.02890184452435e-05
8.88235590656445e-05	0.00600816584727601	0.0274039536446605	0.930335009701915	0.0220842643376235	0.00259774275498281	0.0112281051089259	8.8823559082085e-05	0.000165111486468579
0.000126898021734153	0.00357370768680492	0.0269357792997622	0.918038659468761	0.0268476262854637	0.000126898021703212	0.0210926260137885	0.00290405126402411	0.000353753937957943
0.00641825342744161	0.000134712308878815	0.0368246200553006	0.9081696234373	0.0321146421787048	0.00560661822058665	0.00843344643047394	0.00216337163231946	0.00013471230899386
0.00208360298576917	0.00337921054178176	0.028217232716251	0.91781853202983	0.0255426196344117	9.22781976969693e-05	0.0157689228628239	0.00676458061133611	0.00033302042009907
0.00374158072522457	0.00389979041008131	0.0202568438674339	0.926124509671509	0.0210645470302961	0.00768861727277078	0.0124255816584667	0.000960901396203963	0.00383762796801318
0.00335167345908068	0.00523976786481564	0.0246791048270733	0.930107598873585	0.0240370580886813	0.00311327187024262	0.00929410099456724	8.87120110472765e-05	8.87120109073184e-05
0.00117176424032073	9.24386046600006e-05	0.0382830114040605	0.917192470080126	0.0232173899550607	0.00297858438530033	0.00806851431860338	0.00890338840716289	9.24386047058325e-05
8.98746591785875e-05	0.00141950111033476	0.0220988117400723	0.895798577730911	0.0470158058501794	0.011533454552098	0.0123775583215715	0.00431306538736657	0.00535335064828811
0.000398462187234748	0.00123657239435058	0.0245763507547738	0.939636849945295	0.0141698245575772	8.9326531803938e-05	0.00818650382179363	0.00264821926016674	0.00905789054700435
9.44161880652338e-05	0.0077131756068341	0.0327850977009457	0.909485339157808	0.0373892856386572	0.00386945319948758	0.00847440013216391	9.44161879703748e-05	9.44161880675523e-05
8.91453984572124e-05	8.91453984127002e-05	0.0280014351722694	0.939599953833816	0.0115426341779842	0.010041051804898	0.0104583434174797	8.91453982443646e-05	8.91453984380248e-05
8.89353934022886e-05	0.00511585625267273	0.029855974523687	0.939772650080044	0.010501610993049	0.0037054944340629	0.0106987664210992	8.89353935814021e-05	0.000171776508401201
8.83893444173602e-05	0.0110207459292207	0.0277824786163036	0.883168822719185	0.0370163228744527	0.0116471157689324	0.0208348384795782	0.00808012725017619	0.000361159017733712
0.000940943984971755	9.45909925336564e-05	0.0263301855965312	0.926894751650439	0.0251345633937471	9.459099255257e-05	0.0138145109137123	0.00660127148297871	9.45909925331129e-05
9.01833781497848e-05	9.01833781053244e-05	0.0247938818343891	0.932260034213941	0.023747762698865	0.00627366851920821	0.00822094423861144	0.00209080310479263	0.00243253863393774
8.65294323500091e-05	0.0117622635823248	0.0222775717305376	0.939437297891141	0.0154050683029345	8.65294323967867e-05	0.0107716807637089	8.6529432248076e-05	8.65294323578251e-05
8.9539551118941e-05	0.00326235414708292	0.0200542487087824	0.939031320759579	0.023320454801154	8.95395510833377e-05	0.00947945502891915	0.00326922018398751	0.00140386726829272
0.000394551066059281	0.00518697745036918	0.0230100934058245	0.904270184949039	0.0402390206305961	8.90592232970612e-05	0.0156635022649411	0.0110575517865107	8.90592233634719e-05
8.79056107738175e-05	0.00754651588465542	0.0236368644118593	0.912846843251806	0.0338874279672042	8.79056107830679e-05	0.0115459332561465	0.0096803452307645	0.000680258776006812
0.00015959970840702	0.00523241649427045	0.0281952535313202	0.921376139592712	0.0287405484086549	0.00400574548395847	0.011782008848935	0.000418099536288988	9.01883954532526e-05
8.97922313086294e-05	0.00100671038809725	0.0290703469600845	0.927255720586008	0.0232064352409977	0.00578033666330629	0.00844974117090818	0.00505112452797976	8.97922313096911e-05
0.00104143143337336	0.000876750626823756	0.0261129371508106	0.918885926116941	0.0269441179807578	0.0115165991968361	0.0117777365849726	0.00102921640289345	0.00181528450659186
0.000337301889780831	0.0164836179048513	0.0339334466503948	0.921701448773742	0.00886052648261434	9.06209961190904e-05	0.0118938509280982	0.00660856537832198	9.0620996077563e-05
0.00226069411417508	0.000646216405945317	0.036367244042582	0.917086299029865	0.0166328337346749	0.0069760765742486	0.00860291523289245	0.00924390075001213	0.00218382011560427
9.06593934958469e-05	9.0659393541966e-05	0.02175447350684	0.933160609641391	0.0255208189022832	0.00145255630281872	0.0095972583642791	0.00575796431576618	0.00257500017958346
0.00262909365566983	0.00338816899513957	0.022838193620172	0.916264033190806	0.0195946655228244	0.000128494871021968	0.01793756199233	0.00794661978937437	0.00927316836266213
0.0011949784490636	0.00444415329188391	0.025044773712813	0.90991476053461	0.0413738910820874	0.00700984556758534	0.0108402263466996	8.86855076604486e-05	8.86855075963901e-05
0.00128428859357883	0.000813147434880838	0.0312678483591055	0.919685390010953	0.018490887744324	0.000294715253895362	0.0104210651262429	0.0127135608567333	0.0050290966202859
0.00419548847269991	0.00522649213567176	0.018374228954987	0.939209407448801	0.0216549628980277	0.000872530318024057	0.0102888980972772	8.89958372258043e-05	8.89958372851492e-05
9.01547915644837e-05	0.00153383971754175	0.0221332502810607	0.925290730442352	0.0322260366394737	0.00303713319861434	0.0130878030703296	0.000525122628946485	0.0020759292301168
8.9944291509684e-05	0.004289535554949	0.0217544890777714	0.924529364395593	0.0267608668866898	8.99442915310834e-05	0.0121264495595903	0.0101808740631038	0.000178531879262353
0.00375876410214903	9.14784972851901e-05	0.0604914546072514	0.851169684053157	0.0189850478238358	9.14784972372441e-05	0.0228144922672362	0.0282228066804849	0.0143747934713637
0.00146204375535555	0.00110130345266248	0.0289143052097219	0.914191314113752	0.0286522842851949	0.00832776684651315	0.0101367478123625	0.00684478527835713	0.000369449246080317
0.00966107487818272	9.16886259274825e-05	0.0569702641278879	0.831762210471456	0.0415337733937615	9.16886258540397e-05	0.0174751531001141	0.022418254129489	0.0199958926473272
0.000572421384269019	9.3166913147449e-05	0.0381273001492441	0.919273878274531	0.0240388476911629	9.31669131180438e-05	0.00961472399228037	0.00809332776911586	9.31669131316141e-05
9.26570493459124e-05	9.26570493089813e-05	0.0348203420669827	0.918474744473873	0.0330357385336791	9.26570493954113e-05	0.00936668089073764	0.00393186583732186	9.26570493555978e-05
0.000150725035985559	0.00148698363167635	0.0260649792822401	0.926191750947132	0.0213276251373856	0.013020761909954	0.00943324352679675	0.00159803472710934	0.000725895801719661
0.00625974681300767	0.000130205940739249	0.0282722869841201	0.909275858359195	0.0431557475053565	0.000130205940662487	0.0065454419391353	0.00610030057711747	0.000130205940666189
0.00150498442327847	0.00962835006736037	0.0289700436439213	0.905082743445211	0.0333242017886707	9.18328941958305e-05	0.00833674547097936	0.00878574937242519	0.00427534889395762
8.97955229079664e-05	0.0165550416901699	0.0293059486470723	0.919588987255245	0.0154006968339992	8.97955228899303e-05	0.0160658065585008	8.97955229110097e-05	0.00281413244630413
0.006966555708849	9.12743769602941e-05	0.0333462098074979	0.905042798369962	0.0411719096357655	0.00095662165356304	0.00860675144125137	0.0037266046291558	9.12743769944825e-05
0.000573862576399985	0.00311961168339547	0.0276421354445967	0.940510089187481	0.0143573449126009	0.00425428191937576	0.00936237989850516	9.01471887408987e-05	9.01471889037042e-05
0.00155177373636202	0.0157115965606978	0.0200907617373446	0.91961413545474	0.0201405325554628	8.77785418834856e-05	0.0101842523169765	0.0040459911243683	0.00857317797216468
9.25951749615108e-05	9.25951749274632e-05	0.0414643411849538	0.91492631403832	0.0143015827938722	9.25951749405105e-05	0.0182701623001532	0.0106672189828868	9.25951749849225e-05
0.0001309798197682	0.00304287706800231	0.0275555871740582	0.909727736063154	0.0257330071923362	0.00167146717934228	0.0187704796901713	0.0125186922878283	0.00084917352533875
8.83973703005427e-05	8.83973702867202e-05	0.0206220624948664	0.927537744445004	0.0331088196539632	0.00397160201877471	0.0120180434155906	0.00247653586090385	8.83973703099799e-05
0.00319174022314003	9.39533088696381e-05	0.0297633937050733	0.911886609739463	0.0391037457725933	9.39533088146679e-05	0.0095097472653731	0.00626290336779136	9.39533088813271e-05
0.0016426715736839	0.0146232997773543	0.0207766431326593	0.906544501799074	0.0321783908939765	0.0120285805476998	0.0120264034373288	8.97544190561468e-05	8.97544191672828e-05
9.29393088312384e-05	0.00239752959128368	0.0306033969987658	0.918025908721627	0.0293677022883271	9.2939308786324e-05	0.0143770336536207	0.00494961081991883	9.29393088394107e-05
0.000916777040184244	9.37758454377314e-05	0.0335166617628233	0.917606703156406	0.0198145008656494	0.00152302077751819	0.0103275210412848	0.015529244253981	0.000671795256715075
9.07724910796046e-05	9.07724910463636e-05	0.0275407582503105	0.933506010563169	0.0168220788050051	9.07724909394043e-05	0.00952010787694379	0.00959691873357269	0.00274180829793345
8.90731221394387e-05	8.9073122157202e-05	0.0301384728117959	0.925760585988749	0.0174608389437713	0.00459866785618183	0.0114229774055434	0.00217520846312993	0.00826510228653237
0.0017122788777066	0.00827589657804071	0.0174192032178438	0.930872482516892	0.0181961147288686	0.00271906370968062	0.0103837353144014	0.0103320853787969	8.9139677768919e-05
0.00241751001568904	9.22200896447383e-05	0.031009345284553	0.901384328755951	0.0352012257241559	9.22200897519622e-05	0.0155437803219474	0.0141671496285729	9.22200897340867e-05
0.000278053459812117	8.97325091666606e-05	0.0245205409699572	0.918333591058874	0.0392089487496544	0.00607792248136794	0.00775844120703121	0.00364303705491631	8.97325092201023e-05
0.00159097607301607	0.00419786308295076	0.0340828169942179	0.902754739710874	0.0392391141222749	0.00787039059764296	0.00675709415393782	0.00202875620840461	0.001478249056681
0.000653989774937123	9.1731533911374e-05	0.0246098436357981	0.917189758225238	0.0405080329846423	9.17315339761532e-05	0.0114514607763878	0.00531172000115618	9.17315339527307e-05
0.000551915308544113	9.44421348319285e-05	0.0389584680133917	0.916522495558235	0.0313787826655027	0.0034904816153862	0.00871591370112037	0.000193058868100799	9.44421348874127e-05
0.000963584025136213	0.0140839262295052	0.0305864729953272	0.920029847899509	0.0192819963177216	9.12845443057418e-05	0.0125930533707443	0.00227855007340172	9.12845443490849e-05
0.00315819143899257	0.0114282371674064	0.0225487462732506	0.880233220775049	0.0370069969387244	8.88833941818169e-05	0.0353927114634771	0.00914303105404997	0.000999981494868209
0.00132128705558351	0.000133789358286406	0.0343980250794583	0.914158595621678	0.0213195030660124	0.00812203631187614	0.0130681029294929	0.00520187658747609	0.002276783990136
8.92528359507644e-05	0.0103720643230017	0.0268899374136469	0.921543452568647	0.0193535329163929	0.00375402950436901	0.0134123495195412	0.00214091034990783	0.00244447056854302
8.99351469696335e-05	0.00498665738855524	0.0245121326668575	0.91542220109893	0.0332721572485914	0.0069894666776975	0.0120232385540378	8.99351468036998e-05	0.00261427607155751
0.00290281077329308	0.00444087084572034	0.0196185930434518	0.908113676896425	0.0340882758272254	0.00244697700079974	0.0186845587952101	0.00690741770939191	0.00279681910848277
0.000573816400342411	0.0283383191557434	0.027296845022733	0.889795152248514	0.0216284894411686	0.000130716427104893	0.0238180842490558	0.00828786062821657	0.000130716427121474
9.05677429566748e-05	0.00699840960318476	0.0218793782442216	0.929286336329108	0.0251080072535164	0.00446402836828929	0.0119921369729727	9.05677427927976e-05	9.05677429579758e-05
0.00184984057728358	0.00013305710859678	0.0312508935411989	0.924537035818046	0.0229028433053028	0.000133057108685649	0.0109807979974181	0.00766714340293848	0.000545331140530015
9.24539936947252e-05	9.245399357216e-05	0.0300170185375193	0.915879577229298	0.0259156989333395	9.24539936150341e-05	0.0115328578479161	0.0138601874472065	0.00251729802383849
0.0114739523017555	9.03524045657157e-05	0.0755476208088409	0.836414816361154	0.0227846862264647	9.03524044199901e-05	0.0258294701702863	0.0276783969179191	9.03524045941474e-05
9.01571440030958e-05	0.00761751718555213	0.026841236717818	0.930889868255439	0.0173993424805252	9.01571439587455e-05	0.016301085139894	0.00068047878880692	9.01571440031094e-05
9.2652500434512e-05	9.26525003977928e-05	0.0366166526484232	0.899315739787779	0.0301700164741252	9.26525003775871e-05	0.014672233019226	0.0183428079368899	0.000604592632346768
0.00163724481098589	0.00317408716925279	0.0168442214846917	0.941130207232789	0.0132353662169072	0.00871865125697372	0.0122878957726219	0.00288416521892749	8.81608368506256e-05
0.00256058878449652	0.00732664254854596	0.0201458816796823	0.907129041469614	0.0253738095452779	0.00659934273719278	0.0118832056431103	8.7924866099751e-05	0.0188935627259801
0.000127421174734164	0.00276802070804141	0.0224977862695469	0.919395548130896	0.0351689940138784	0.00475618475569978	0.00872162378794724	0.00643699998452195	0.000127421174734243
0.00127189650721332	0.0103416883930837	0.0217056634006976	0.928971002063902	0.0146043450179595	9.08316444463563e-05	0.0126784446828597	0.0102452966453343	9.08316445037195e-05
0.000715057711186203	9.39715002713254e-05	0.0514615426854235	0.908134757831737	0.0237619718208542	9.3971500456127e-05	0.00917031006507111	0.00628867643650927	0.000279740448491441
9.19426118458946e-05	0.0118164077759945	0.023237401100179	0.904781152872499	0.037616079485304	0.000140501769926387	0.0173569585325421	0.0048676132398478	9.19426118610738e-05
0.00116637967560708	0.000132718274685099	0.0287380418386607	0.879714530824605	0.0564546053683761	0.00910251254579364	0.0106171714639678	0.0139413217336982	0.000132718274605844
0.00119669586862707	9.0452175682523e-05	0.0308105165331589	0.920591924753247	0.0259385301754781	9.0452175503805e-05	0.0108521195432929	0.0103388565993688	9.04521756407748e-05
8.97402840631128e-05	0.0117657523397957	0.0248039044777405	0.915005070846922	0.0285456700499658	8.97402840592338e-05	0.0149933992392999	0.00461698219408102	8.97402840730116e-05
0.00175212529098854	0.00845793432585258	0.023992079469584	0.918961639841484	0.0234892554655616	0.00181674130447395	0.0157376652224086	0.00570223306447957	9.03260151667482e-05
0.00657055506757979	0.00874696751355535	0.0122828810504181	0.912768060986798	0.0403611926077438	8.90885841835709e-05	0.0130547792358223	0.00603738636972879	8.90885841699416e-05
9.24915469478588e-05	9.24915468173327e-05	0.0406949969702604	0.911376501438469	0.0163571803187192	9.24915470526786e-05	0.0123090457379576	0.016619414447389	0.00236538644638662
0.000453601385318513	9.49007715100403e-05	0.0368037968935712	0.927028455860822	0.0149393294121021	9.49007717439198e-05	0.0140928300010802	0.00639728413230206	9.49007715501703e-05
0.000551561529057899	8.94223766111809e-05	0.0247726900010034	0.934633628678628	0.0121028268313475	0.00986297032812578	0.0117330583452404	0.00616441953325004	8.94223767363944e-05
0.00146519238636312	0.000272732841306485	0.0292580009877175	0.929999022678905	0.0185037894658028	0.00295032195264112	0.0173644133503592	9.32631685104269e-05	9.32631683942515e-05
8.82439456093006e-05	8.82439456012432e-05	0.0186498631026306	0.921986760399966	0.0310136828153711	0.0140835484105387	0.0119293891147018	8.82439455152686e-05	0.00207202432006578
8.88766833015227e-05	8.8876683381589e-05	0.0185865256006096	0.932551001624307	0.0201842951126361	0.00227388793386904	0.0142292968928601	0.011908362785729	8.88766833066887e-05
8.91201408180415e-05	0.00570342916841487	0.0250001700655106	0.928291779351061	0.0146092143624141	8.91201408273097e-05	0.0141034961865658	0.00865958530434678	0.00345408528004131
0.000864935909927128	0.00226597307994642	0.0276179611187056	0.926830701951955	0.0255619409152538	0.000800106452981198	0.011052084004136	0.004915158274633	9.11382924618611e-05
0.00148014019120852	0.00200778376701783	0.0278485608266789	0.910637556311349	0.0352638356879937	9.13610637046505e-05	0.0128954951457023	0.00968390594249581	9.13610638497514e-05
0.00110680094814225	9.29950998660764e-05	0.0399726722180782	0.900009357876602	0.033886552639883	0.00183606093642384	0.0107980893053118	0.00832881897351811	0.00396865200217445
0.00226285625056773	9.39198921478524e-05	0.0319193412573316	0.906284951722903	0.0331412960689456	0.00138858574279607	0.0113988780161282	0.0132153511592925	0.000294819889887055
0.000419620716396618	0.00850067007788088	0.0227631647275315	0.919519700739177	0.0162425471936881	8.98441145112709e-05	0.015696022477807	0.0166785858384943	8.9844114513372e-05
