Bcells	CentralVeinEndothelialcells	Cholangiocytes	Hepatocytes	Kupffercells	LSECs	Mesothelialcells	PortalVeinEndothelialcells	Tcells
0.00020627339131038	9.37324763234961e-05	0.0129533760045378	0.961299218271838	0.019409287867004	9.37377951212521e-05	0.00302267512903118	0.00282796127000926	9.37377948250485e-05
0.000478801707937679	0.00369562672477985	0.000421725546161168	0.971562486380022	0.0153351370508836	0.000604408227920782	0.00529359728930214	0.00122935954673796	0.00137885752625487
0.00571741346762779	0.000130079202886168	0.000130079202699122	0.932028097096861	0.0283682476276113	0.0116641169424095	0.0122468508378512	0.000906598184853152	0.0088085174372004
0.00444415369265945	0.00106603373303593	0.00763144918282359	0.950844303212909	0.0204376076640998	0.00126949853643462	0.00718861911202461	0.00614504300720688	0.000973291858805833
0.000127864081903341	0.000127864081969857	0.000127864081800006	0.961932420617817	0.0194702004499445	0.00630543086693028	0.00198028564338971	0.0065651469904473	0.00336292318579806
0.00252595008335533	0.00245670027356073	0.00622855190471785	0.968602869882101	0.0101470725708966	0.00730461981175015	0.00247498172099756	0.000129626876221388	0.000129626876399195
0.000128216290156832	0.00263847951824461	0.000128216289995929	0.968105011457812	0.0146422462961869	0.00456903739240987	0.00671683363610273	0.00191042437858164	0.00116153474050993
0.000130605554694142	0.00334954105751343	0.0105164069968733	0.953983997334806	0.0203237222840984	0.00671560937598809	0.00471890628655425	0.00013060555477866	0.00013060555469383
0.00132716330980291	0.00635378060549976	0.000483362575944229	0.966079493167882	0.0143641683427351	0.00426573050699619	0.00631127707132456	0.000125190614273874	0.0006898338055417
0.000125982983967327	0.00184759375907434	0.0015149756254903	0.978221450256223	0.00596037817778268	0.00974423519445835	0.00165157003663447	0.000125982984203273	0.000807830982166379
0.00309402092482258	0.00845233161177114	0.000235606908417407	0.94150649700995	0.0251128149246136	0.0089493469985885	0.00803927160757206	0.000127574567618321	0.00448253544664675
0.00778199904201717	8.95541382839627e-05	8.95541382884869e-05	0.955860361375642	0.0174445397402986	0.00970407937839771	0.00422655402962443	8.9554138154987e-05	0.00471380401929223
0.0044822957408128	0.0079163245331465	0.00323055370976862	0.963157647496773	0.0102740145846475	0.00361335207385201	0.00577568521722295	0.00104527308122866	0.000504853562547691
0.00118014168119606	0.00668618607689046	0.000910449954490382	0.971857221415881	0.0110383303040658	0.000705784309636844	0.0045108648557576	0.00298486555608967	0.000126155845992009
0.000877583293306278	0.00187030086591569	0.000130573448714685	0.961157292063642	0.0231270507101251	0.00013057344845167	0.00463282055812149	0.00682380274483098	0.00125000286689171
8.99577319335983e-05	0.0228246623379788	8.99577318848624e-05	0.951972380795082	0.0101015557508653	8.99577321076187e-05	0.00480971981796733	0.00470226522472144	0.00531954287745922
0.002468461182978	0.00549150382938232	0.000125225081238562	0.96545466111885	0.00707753095411519	0.00707230065347176	0.00511263767007525	0.000125225081312142	0.00707245442857708
9.00143211906174e-05	0.00463309374769244	9.00143211660655e-05	0.971352202600406	0.0137381842731373	0.00373077404071115	0.00521815161492882	0.0010575507595697	9.00143211978491e-05
0.00309628446760434	0.000125235654783648	0.00123953619433342	0.963293357260264	0.0213408455934431	0.00405490359010584	0.00353107333711932	0.0031935282473502	0.000125235654995648
0.000670600886841066	0.00804363357450448	0.00270238121336705	0.963153097256769	0.0168386655244335	0.00579636387553588	0.00254145976089722	0.000126898953952164	0.000126898953700215
0.00223494421514766	0.00483844340903609	0.000128024852312491	0.957747385532461	0.0140785644510248	0.0139492279317424	0.0059675330057457	0.00088684572920014	0.000169030873329414
0.000366588557500199	0.000126725519802323	0.000126725519705752	0.966429328752247	0.0089015175313531	0.00535985235897022	0.00320874969410678	0.00460638420254372	0.0108741278637712
0.00494438815727298	0.000843551830704071	0.000476035596236238	0.957196362480026	0.0199451539987362	0.0140081762207877	0.000982375767931897	0.00143668836513959	0.000167267583165311
0.0025636495842486	0.000282949012220555	0.00770376844328145	0.961847376462287	0.0122261113344907	0.00149482876321817	0.00274975042197991	0.00951813121600461	0.00161343476226897
8.94335431629466e-05	0.00329818974755667	8.94335431093618e-05	0.962475085996967	0.0219268537277901	0.00576384426161626	0.00617829209348237	8.94335432002358e-05	8.94335431152864e-05
8.97952206893158e-05	0.0102795858213561	0.00121542217285828	0.968557951583427	0.0069501341878698	8.97952202090601e-05	0.0100012579517764	0.00272626262131647	8.97952204970698e-05
0.00136982744440303	0.00556691458238103	0.00213273868505683	0.956784590980644	0.0224254623827355	0.000219265811456303	0.00918615443999677	0.000130012004732074	0.00218503366859432
0.00012715623964629	0.0116353515789251	0.00218501747440913	0.96315908611795	0.00885317051912333	0.0068414539953714	0.00552300322657814	0.00154860460817481	0.000127156239822172
8.9287879556144e-05	0.00387700034387179	0.00224271181160563	0.968126320790368	0.0162903665206602	0.00499267219163432	0.00399600059863161	8.92882932122669e-05	0.000296351570459786
9.39037569182697e-05	9.39034751811206e-05	0.00540195027175029	0.952769827313318	0.0257002892917254	9.39037569643826e-05	0.00890752113597792	0.00684479724121392	9.39037569505522e-05
0.00169168775850697	0.000130759390203808	0.00544732186573513	0.965212366990256	0.0114030358835362	0.00737638934347213	0.00194172112809046	0.00666595824985163	0.000130759390348182
9.06922632189969e-05	0.00287695185380079	9.06922632040761e-05	0.960519536903028	0.025457939310318	9.06922633745983e-05	0.0087943853067845	0.00198841757307186	9.06922631994067e-05
0.00013519416880382	0.00347339158790002	0.00446134041339611	0.959416427767587	0.0167714775832562	0.000135194168859958	0.000493228630972151	0.00480725447811812	0.0103064912011065
8.96800223464183e-05	0.0168377315654259	0.0020859555745361	0.968250219844645	0.00702926322007545	0.00304977998195938	0.00247800974646382	8.96800221958936e-05	8.96800223520154e-05
0.00238086974872709	0.00664106614737299	9.02394386609989e-05	0.949484306018321	0.0194690276370667	0.00593728752935914	0.0113238866018299	0.00458307744000969	9.02394386523129e-05
0.00111152286190976	0.000129205495852202	0.0049857656768361	0.955684116312419	0.0171660829436278	0.00867769408919747	0.00924412706647019	0.00287228005781174	0.000129205495876204
9.215796445898e-05	9.21560887061665e-05	0.00258506441364466	0.969164149634874	0.0163190628573673	0.00914261197651158	0.0024204811354556	9.2157964579024e-05	9.21579644030405e-05
0.00726043344105439	0.0310240636556096	0.000125037512018527	0.913650295151291	0.014969246597188	0.00649462739224615	0.0247968377806616	0.000125037512082025	0.00155442095784916
9.33631064306697e-05	9.33600147021455e-05	0.00467583143950587	0.941855429976995	0.0326708296190332	9.33631063580787e-05	0.00420023368665562	0.0131784002994781	0.00313918875084147
0.00122442567895035	0.00532100587110361	0.000127819010908167	0.960331922466511	0.0130641411827062	0.00145967059496574	0.00953256997239829	0.00702761697212528	0.00191082825033126
8.88152867619851e-05	0.00867566099370233	8.88152867102808e-05	0.967099571504366	0.013796861709958	8.88152865582287e-05	0.00677890131215987	0.00196982696224814	0.00141273165753509
0.000455345009835779	9.2737008099161e-05	9.27370081317883e-05	0.956699557237053	0.0216163881499542	0.0135497389384938	0.00674801101690692	9.27370080210885e-05	0.000652748623504717
0.000127639699395602	0.00818502543535263	0.000127639699402445	0.955064887557286	0.0134114742859871	0.0047895166249052	0.0158371716439849	0.000127639699469593	0.00232900535421692
0.0068418770145143	9.25289243302569e-05	0.00840898704665161	0.960774749938432	0.0149344146220983	0.00440237551905362	0.00436000908643994	9.25289242151076e-05	9.25289242646899e-05
0.000312880410762979	0.00807185108821263	0.00012578649519278	0.953623415004219	0.0153883836429095	0.00900200438673833	0.0101403424457091	0.00196776610585007	0.00136757042040555
0.000129275302655231	0.000129275302565184	0.0033565245218633	0.963003469570089	0.0122424672332689	0.00887707351701204	0.00246543949700515	0.00366418887172868	0.00613228618381269
8.91097899122082e-05	0.00507096989352194	8.91097898763065e-05	0.952635177247624	0.0180468949083907	0.00521195543922841	0.00995052830109913	0.0059612557889903	0.00294499884135687
0.000130801629094687	0.00397255961242405	0.00118229885507809	0.959036103237474	0.0201500184946574	0.00183065227556358	0.00888568477805371	0.000388943909765451	0.00442293720788887
0.00507608277107922	0.00107656448250253	0.00890669153512207	0.941176834835446	0.0223413344397882	0.00445183772617759	0.00698915451269399	0.00460731973294662	0.00537417996424406
0.0012757239950274	0.000128535811371876	0.000468953377689349	0.966319855760496	0.0114431303435455	0.00805820774259775	0.00259639384962568	0.00282292547376926	0.00688627364587751
8.790470903531e-05	8.79047091270127e-05	8.790470906747e-05	0.946554780119768	0.0364272165586159	0.0123407357585171	0.00245520892945241	8.79047090587038e-05	0.00187043979735795
0.00210329905115526	0.00238327391184709	0.000132017461260161	0.948398997991983	0.0259477217735581	0.00479889836402022	0.0106727920538439	0.00543098193113563	0.000132017461196762
0.0027705536192336	0.00498293614137515	8.81232428227702e-05	0.971531236910213	0.0136650450910616	8.81232427518021e-05	0.00549463883100276	0.00129121967867095	8.81232428682685e-05
6.35826224287119e-05	6.35835395099089e-05	0.00193026884988827	0.984322943745061	0.0121546613975867	6.35835395535645e-05	6.35835395742672e-05	6.35835398059266e-05	0.00127420922659151
0.00182188515881964	0.000134495370404045	0.00671261241563138	0.96220019578046	0.0138082246025518	0.000738971794877844	0.000134495370258719	0.0138730561959525	0.000576063311043817
8.86170254101886e-05	0.00537698828876824	8.86170253985324e-05	0.971339356315094	0.0131136906681734	0.00665663729788534	0.00315885932854917	8.86170253663603e-05	8.86170253542992e-05
0.0022383223144536	0.000130907223397145	0.000982094305538314	0.958510575886665	0.0228373666854841	0.00560565643381198	0.00485482293243303	0.00231834146567618	0.00252191275254033
0.000435169078663423	0.00307556076250116	0.00420670569733032	0.971951343692198	0.0108298292656919	0.000253918145952105	0.0060365013565374	0.00204586829390783	0.00116510370721824
0.000255260151958559	0.00780846390180345	0.000126309228922599	0.971269752980434	0.0103958003202083	0.00265496340672343	0.00708617278488301	0.000240663948810213	0.000162613276256614
9.17416414089808e-05	0.00734531808440385	8.95413182743209e-05	0.973331754377597	0.00950802308202233	8.95413180413173e-05	0.00936499754159236	8.95413183899861e-05	8.95413182702148e-05
0.00109853841130347	9.08671139815119e-05	9.08671139113849e-05	0.962378593494446	0.0140144921783269	0.012420906025354	0.00742375243318475	0.0003077653180602	0.00217421791143167
0.000128974067720808	0.00595691609223361	0.00012897406766334	0.96475283925029	0.0137758266822977	0.00693793137646036	0.00548933554488583	0.00157496948673421	0.00125423343171412
9.37099836093662e-05	0.00306106576618039	0.00667800326023101	0.957788738751398	0.0163649668579964	0.0105007790886209	0.00532531632467644	9.37099836312557e-05	9.37099836561095e-05
0.00221809729228251	0.000994305752838861	0.000847252960543136	0.959608032898633	0.0164677514713525	0.00693590499836966	0.0126739786348872	0.000127337995603881	0.00012733799548873
0.000127605611163557	0.00241689445370812	0.00166425921094593	0.975197496600783	0.0131395894834819	0.00138408778727435	0.000637898420145196	0.000127605610884383	0.00530456282161324
0.000132230453922699	0.00415291534147073	0.0218020045027836	0.946233666465396	0.00701288001764064	0.00639054946981069	0.00224872686321913	0.00813338230639511	0.00389364457936129
0.00483161793530577	9.43060470405167e-05	0.00804533539236883	0.951099080918388	0.00794285968964649	9.43060469880327e-05	0.00236656278763	0.024408067866059	0.00111786331657316
0.00109895538429695	0.00564830245040107	0.000125212472909057	0.955885595700933	0.0186243069449652	0.00864680418463605	0.00512956359253115	0.00471604679636321	0.000125212472964342
0.00172478137616935	0.0114966248583956	0.000686455661673806	0.964438560266709	0.00789392439230282	0.00456007033841275	0.00441358506698935	0.0046565244782753	0.000129473561072574
0.000129514117840397	0.00714778222095235	0.00960186166249262	0.938415658891127	0.0263788208595733	0.00907520979046314	0.00769460992977142	0.000129514117503894	0.0014270284102754
0.000652443906537369	0.00582888368981176	0.00123798234069749	0.953472586594592	0.0284240570995952	0.004649787897547	0.00199080239681637	0.000128308943122188	0.0036151471312803
0.00443006664315364	0.000131612477669644	0.0524918826869165	0.880297807642042	0.00853024135880502	0.000131612478100074	0.019950176509056	0.0307125909597165	0.00332400924454078
8.96174857239448e-05	0.00684406306295731	8.96174857010235e-05	0.960286171690858	0.0249017665262914	8.96174855878409e-05	0.00748095544239611	8.96174857198802e-05	0.000128573334764342
0.00134625788257308	0.0106539479460922	0.000126887124041688	0.95960466919412	0.0149888590305508	0.00615770233814246	0.00187324481657662	0.000126887124045957	0.0051215445438577
0.00820577238800906	0.000131671537665022	0.022214831111458	0.914932246302201	0.00765979071173107	0.000131671537628338	0.024071357343025	0.0197509463895957	0.00290171267868712
0.00226759585891292	0.00638842189400822	0.00199155322465884	0.966596252460758	0.0138170295032075	0.000125395478819419	0.00554090780918789	0.00314744829161577	0.000125395478831288
0.000127258322506207	0.00808205801567319	0.000127258322427825	0.964863207657968	0.00841433785825578	0.00627643337737725	0.00721829176526302	0.000127258322446161	0.00476389635808247
9.0676188607329e-05	9.06761887098927e-05	0.00226840920067192	0.964089131506902	0.0111658128326763	0.00826758187339628	0.00961088587882174	9.06761888099484e-05	0.00432615014140419
0.000757178164759987	0.0167899233626966	0.000823481026788789	0.94323149016408	0.0256891621790005	0.00182845685139439	0.0101980710726992	0.000554847395479221	0.00012738978310086
0.00100625391954344	9.45906616670365e-05	0.0168269474860867	0.936636330657032	0.0123978566084855	9.45906615013017e-05	0.0123417846972881	0.0149661158117333	0.00563552949666245
0.000130504203823454	0.00169487905268748	0.00223555549800459	0.969496464483203	0.00918609755136303	0.00827913246040342	0.00617192514507622	0.00013050420363423	0.00267493740180472
0.00113111638243604	8.98224197036385e-05	0.000158621533432869	0.964170834244229	0.0165732349185399	0.0124400864773469	0.00510146679354425	0.000244994810956522	8.98224198106478e-05
0.0187889494430459	8.89895038364393e-05	0.0996694503092273	0.82477791483038	0.0111746749597196	8.89895038024871e-05	0.0322665248661931	0.0130555170799702	8.89895038248681e-05
0.0030987085638472	0.00746114293850055	0.000127545230507127	0.969969694459071	0.0127216441277365	0.000454343056959097	0.00349606833676528	0.00208202052600943	0.000588832760604375
8.82458142384894e-05	8.82451749816105e-05	0.000438556080894749	0.972025137816119	0.00713461741920464	0.00145151348446934	0.00660931435449504	0.00589857993589424	0.00626578991970308
0.000127819002586306	0.00699113549494705	0.00316111873042156	0.954339754942843	0.0229867914175759	0.00287763252376139	0.00661900321105241	0.00106656612128365	0.0018301785555284
9.1304182033352e-05	9.13041820833863e-05	9.13041820468601e-05	0.954568835159426	0.0199613433181551	0.0164397247216033	0.00772626859985039	0.000938611472701873	9.13041821002677e-05
0.000130667628678249	0.00216648283601252	0.000130667628613758	0.965366140844378	0.0161269753229931	0.0111843857462632	0.00349366680589096	0.000130667628728057	0.00127034555844217
0.00277734729219732	8.88066950762886e-05	0.00230362454771537	0.966276994737913	0.0180893382881397	0.0040369924665975	0.00502687752169205	8.88066947250178e-05	0.00131121175594415
8.98864825398986e-05	0.000494034042423629	8.98864825039043e-05	0.958134552553671	0.0175198546261352	0.0148860165856671	0.00697025821465453	0.00172562452990531	8.98864824996209e-05
0.00375162619507653	8.8335604084846e-05	0.00228794524133135	0.96401075424042	0.0155296700571991	0.00530043839883665	0.00661097679819795	8.833560401443e-05	0.00233191786083864
8.97433386373499e-05	0.00726224977589767	8.974333868309e-05	0.965467333640202	0.011944757173317	0.00843541344932078	0.00653127260661962	8.97433386395368e-05	8.97433386834004e-05
0.00543698223285183	0.00363516908185583	0.00289341449030602	0.950733855266763	0.0199590258919462	0.00422389780788891	0.0072056680106134	0.00401418942301848	0.00189779779475635
0.00245927065572386	0.000134849517491729	0.00149254181363531	0.963919537390099	0.0175745014166821	0.0107885530688097	0.00145673233941862	0.00203916428052558	0.000134849517613857
0.00226998562716372	0.000129042846910886	0.00536766298207604	0.94394580775652	0.0201760234861033	0.0115611593977693	0.0109697991135085	0.00545147594316938	0.00012904284677873
0.000132153510469549	0.000636214267712515	0.000561726762469719	0.962935210167867	0.0142970654306416	0.0134746638461265	0.00679791055539462	0.00103290194887303	0.000132153510444773
0.000152050834665858	0.000129670772937922	0.00388692345489767	0.949142686770829	0.0188837018299764	0.0183534674146137	0.00398619638517966	0.00180756116277589	0.00365774137412373
0.000132650011617625	0.00013265001146866	0.00483479296637593	0.943515091731625	0.0195453841717123	0.000132650011496738	0.0157106991753116	0.0122782455779488	0.00371783634244386
0.00936926850812609	8.98511575298235e-05	8.9851157599264e-05	0.953237738711097	0.0151060540486257	0.0156160479773164	0.00316716314639532	0.00323417413570922	8.98511576010898e-05
0.000484618796149593	0.0101771713445529	8.93732020677686e-05	0.972543193092884	0.00865070226460047	0.000281165310460375	0.00442388673622897	0.0032605160510052	8.93732020511857e-05
0.000128962818881264	0.000449597950894819	0.00538570112573236	0.97651219232273	0.0100240605457727	0.00345864528320174	0.00189033527262006	0.00012896281904266	0.00202154186112437
0.0001293425004809	0.00498650569393169	0.00110770731358565	0.951806684867187	0.0221538332759668	0.00727657351728871	0.00858026762162617	0.000129339252621632	0.00382974595731181
0.000129729133821397	0.00806284225139713	0.0033337873964007	0.949451014737244	0.0238584239480109	0.00486555710216672	0.00910659212449127	0.000129729133671377	0.00106232417279649
8.93088892229904e-05	8.93018304935329e-05	0.00175629647486881	0.961443723117565	0.00778560566383832	0.0104991405005021	0.00462959446281163	0.00413392853603092	0.00957310052466701
0.000127428715874722	0.00676648366138399	0.000346344815323087	0.970751324638461	0.0075018887881005	0.00324327487327775	0.00663075512698185	0.00363072469068429	0.00100177468991293
0.0044323044726125	0.00188739225945192	0.00103790891704176	0.965132105488266	0.0157704644250431	0.00347669378161537	0.00661907333479671	0.0015116700141583	0.000132387307013993
0.000136195786295714	0.000136196066173305	0.00813871178722219	0.953237405050706	0.0126673953236947	0.00870900681577016	0.00366838405160509	0.012333282964966	0.000973422153567184
0.00243780538706887	0.0170795147973452	0.00188395928907941	0.938878127824297	0.0167614308036847	0.00756673192173747	0.0140540529141258	0.00121166630986078	0.000126710752801028
0.00260161573501337	0.00226729826588493	0.010979790004807	0.957006292235134	0.0182935691277793	0.000133867517930783	0.00353035888724933	0.0050533407085344	0.000133867517666796
9.09081859583907e-05	0.0127620776147688	9.09081858477489e-05	0.943572036803377	0.0268503264249852	0.00853259772689855	0.00791932868653458	9.09081857904232e-05	9.09081858396765e-05
0.00148243929905598	9.08722976465977e-05	0.00366095254272943	0.967130351903613	0.0156020202367814	0.00724821358310174	0.00361204055579297	9.08722977864841e-05	0.00108223728349247
0.000128610690022286	0.00243866232431789	0.000723063302290328	0.973970817041953	0.0131100260774981	0.00652166144430554	0.00260559913601254	0.000128606908220046	0.000372953075380116
0.00106140610984138	0.0048525903799984	0.000434190461442373	0.958378981783219	0.0146527613008923	0.0120981473451676	0.00826762186490238	0.000127150377148081	0.000127150377388716
0.0020500254884327	0.00534432539074275	0.000629575980433297	0.947919780325465	0.0261510838334394	0.000130508947872015	0.00977181722661097	0.00711468367550983	0.000888199131494296
0.00188151494731749	0.00989305417097221	0.000668474669527292	0.952990709321723	0.0277349998203135	0.0020925417378911	0.00322025417431195	0.00139177722094454	0.000126673936998933
0.00186970944266081	8.9897773502961e-05	0.00768591519270214	0.95108056886465	0.0230455286250825	0.0104389027899835	0.0033875613104269	8.98977734027936e-05	0.00231201822758864
0.000998698843652723	0.00483111724277824	0.0172626934290193	0.930056187241638	0.020176956588997	0.000133030868364845	0.0105418756113731	0.0158664093059449	0.000133030868232079
0.000658394862406713	0.00943004281198049	0.0029038079427659	0.948488210919106	0.0253677930522358	0.000128386102669728	0.0103443297672763	0.00255064843904438	0.000128386102514876
0.00539408320842763	0.00211099543310724	0.00818911195354999	0.954476627525819	0.0154967178312501	0.00248162164062549	0.0075610646621815	0.00415776731876369	0.000132010426275086
0.000690526495917431	0.000132610712911133	0.00592246174609574	0.971391039481181	0.00824371851569962	0.00270507009807242	0.00404902492464959	0.00673293731256764	0.000132610712905967
0.00325219042554846	0.00442914526871909	9.02946508716669e-05	0.955266775826672	0.0197476738091209	9.02946508993081e-05	0.0116332904229095	0.00540004029443151	9.02946508276889e-05
0.000127200669577363	0.00703582943645047	0.0013638936922288	0.955739578571778	0.0185361906320462	0.00393191510972015	0.0049352704563983	0.000127200669612921	0.00820292076218757
8.91705700146486e-05	0.0118988196644966	8.91705700026956e-05	0.951071471875677	0.0240048029897291	0.00214339003629564	0.0105248331538239	8.91705699560809e-05	8.91705700045168e-05
0.000130733338050306	0.000130736529616325	0.0141232308761633	0.966190519411395	0.00876994628894108	0.00514753486006255	0.00232791641468653	0.00304864894295671	0.000130733338128502
0.000126921340776361	0.00890091307739603	0.00012692133701113	0.976394850287134	0.00644460673809459	0.000966371365685105	0.00545472316633699	0.00145777135039005	0.000126921337175618
0.00298735964426106	9.08327031532992e-05	0.000405658136658076	0.95817226377087	0.0226858132467017	0.00673778657564236	0.0087242803256528	0.000105172893928	9.08327031327757e-05
0.000349918443931998	6.22347847740572e-05	6.22347847732479e-05	0.965919214166753	0.0169358012665528	6.22347847697689e-05	0.00899020970582803	0.0045200147092759	0.003098137353341
9.05199721670406e-05	0.00262971814773116	0.00394701217500727	0.949341952732197	0.0248391619867604	9.05199723288543e-05	0.00700654472263195	0.0100131024316501	0.00204146785952571
0.0143477740922954	0.000131552733747133	0.00440460217698622	0.931763845069754	0.0189405155459258	0.00698083089750429	0.0020667371134298	0.00635196176986304	0.0150121806004945
0.00118588575601452	0.0103002013845868	8.94741927202711e-05	0.962639664511865	0.0166497038640306	8.94741927416173e-05	0.00886664771275918	8.94741925228013e-05	8.94741927589718e-05
0.00349610681161953	0.0263803307064088	8.97736738399183e-05	0.949884231638189	0.00784379903888256	8.97736737656301e-05	0.00962959553521105	8.97736738313798e-05	0.00249661524825209
8.85286812906238e-05	0.00643727057629845	8.85286812546534e-05	0.976680444235567	0.00966085077789225	0.00258107534666482	0.00369742396392408	8.85286809793937e-05	0.000677349056128868
0.000298586205924547	0.00354228174504538	0.000127431106892069	0.969615884814038	0.0140727148864709	0.00485105252968204	0.0068221525711958	0.000127726198681481	0.000542169942070261
8.87557073636103e-05	0.0075037265005459	8.8755707343704e-05	0.960726684271722	0.0166099528499636	8.87557074395713e-05	0.0143011227953568	8.87557072677883e-05	0.000503490752997549
0.00634430653299842	0.00013485158639414	0.010460390640935	0.949960547081379	0.0222762356330895	0.00899710308193969	0.000515810991633429	0.000555588377201557	0.000755166074429142
0.00176036854556196	0.00381484961005989	0.00429087136164962	0.955988526582444	0.0154528842217981	0.000131708064432411	0.0115274096670546	0.00571046127722191	0.00132292066977715
0.0029955842649149	0.00215425173990279	0.00182758309582084	0.962413834579115	0.0108593643534581	0.00947761456794181	0.00662148932532142	0.000127337980115118	0.00352294009340994
0.00243453701261872	0.00407811005692648	0.00137944027641336	0.969612787304042	0.0129053095747854	0.00397846160336282	0.00285858896143611	0.000127258094871281	0.00262550711554338
0.000864851539201097	0.000227032378971008	0.0034271226151013	0.970169631985853	0.0132675782266054	0.0083705769658185	0.000132780108290791	0.00271118085776853	0.000829245322390471
0.000127302359042026	0.00244955987094451	0.000127302359064345	0.9373500743538	0.0351514233690097	0.0118671465720102	0.00673201898475632	0.00326477425292799	0.00293039787844466
0.000875903026673408	0.00235312814517038	8.93023004813397e-05	0.978001334369067	0.00589301308530253	8.9302300442822e-05	0.00244103137654856	0.00192065105936829	0.00833633433694607
0.000135551247614703	0.00357298635385072	0.00817227394221721	0.952223388144879	0.0246144196307889	0.00584947481032856	0.00423568338858452	0.00106066912420481	0.000135553357531122
8.87722759647568e-05	8.87722760103138e-05	0.00238420419923882	0.982374698498322	0.00428251919551107	0.00880893028560302	0.00179455871742811	8.8772275940901e-05	8.87722759807105e-05
0.000127124207305392	0.00399208078777302	0.000598000567368498	0.983311885728319	0.00331770065273194	0.00586471687674853	0.0023443101177384	0.000127124207674662	0.000317056854340753
0.00118483721007911	0.00973008583156311	0.00254379327778063	0.922395990538526	0.0243338132640739	0.0178475393963801	0.021710893604413	0.000126523438612736	0.000126523438571531
0.00159710067271095	9.43563211786964e-05	9.43563211065487e-05	0.973278799354565	0.0140806361633451	9.43563211615388e-05	0.00524566341058605	0.00542037511425724	9.43563210889201e-05
8.99687165655675e-05	0.00119333273079558	8.99687165892904e-05	0.972177505793416	0.0128268604281038	0.00716049513405059	0.00352549779523618	8.99687165932526e-05	0.00284640196865012
0.000125650863779309	0.00759158257995413	0.000124426875043331	0.975230335907527	0.00681950242349102	0.00478324100026667	0.00339349799475835	0.000124426874904661	0.00180733548027546
0.000406399508585163	0.00325896303553758	0.000128310405161287	0.975946854398971	0.0129305048479388	0.00142221049548649	0.00387722582869138	0.00102154863899798	0.00100798284063
0.00080268481640752	0.00707556621183728	0.00012813883900611	0.942199445931463	0.0294637264305738	0.000128138838946142	0.011110897791151	0.00896326230155797	0.000128138839057161
0.00012615765587105	0.00843501732050037	0.00117047383648247	0.951321747516053	0.0234437947563731	0.00401914945284049	0.00665587677391468	0.00265182080783808	0.00217596188012713
0.000660231849302673	0.00173637638768905	0.000600092487829724	0.961848258495708	0.0193434333973723	0.00514219107326744	0.0086146949808807	0.00192667228845121	0.000128049039498623
8.87768376490623e-05	0.000582415564558065	0.000645433256514773	0.96987674521239	0.0140545568731836	0.00693717531971481	0.00158236271243319	0.00614375738589897	8.87768376578278e-05
0.00183216306107277	0.00120447131144146	0.000961113047819676	0.95717595586314	0.0167555168769375	0.00886514323049188	0.00793305800747325	0.00322020631575435	0.00205237228586926
9.10463251026751e-05	0.0151863364849857	0.00848031177074502	0.961029996099193	0.00276550822304642	0.00223956579999735	0.00540539792060403	0.00471079105119108	9.10463251344645e-05
0.00195711808471244	0.0033461518573405	0.00651468221367693	0.963977469259469	0.00843848376406782	0.0104141821984065	0.00322577391732782	0.000129295834580194	0.00199684287041845
0.000129061321267046	0.000129061321279092	0.000129061321154097	0.972463279371488	0.0151644968239776	0.00323791772918518	0.00118988620423845	0.00499598777652481	0.00256124813088532
0.00221396645412192	0.00253833567106975	0.00197312428826953	0.954320875532806	0.0107404631888105	0.00592008768486132	0.0121954225633731	0.000129197786433265	0.0099685268302549
0.00112539681621725	0.00330291259241424	0.00029039427275227	0.94941829118916	0.0305485714259716	0.00928055025787832	0.00577978904993726	0.000127047197840512	0.000127047197828507
0.00130934209279328	0.000821815066982814	0.00688913951450239	0.962973057786689	0.010508153906541	0.00585480320984843	0.00282956133614066	0.00464498155990791	0.00416914552659429
0.00355306900241134	0.000570349265109002	8.85440271921721e-05	0.973374770332423	0.0126306452344444	0.00401190883557947	0.00559362524842457	8.85440272301493e-05	8.8544027185744e-05
0.00128081803755154	0.00340223920473446	0.000819832358530104	0.961702268291884	0.0194707425752958	0.00338524006331219	0.0077606442448844	0.000569135492418803	0.00160907973138853
0.000127977418190483	0.00551670983584178	0.000127977418164823	0.96175597147252	0.0166396786798458	0.002795500343382	0.00906221014067775	0.00252133586044207	0.00145263883093511
0.00260832424591029	0.000130386515715522	0.0521669379827366	0.877049209970266	0.011464766021162	0.000130386515842444	0.021188830837127	0.0256494947224473	0.00961166318879303
0.00122591048754295	0.00359099457232675	0.000130118424057045	0.955331045237347	0.0181668976345755	0.00760574860148676	0.00679602860562426	0.00582230941271613	0.00133094702432385
0.0101334430084993	0.0001326220532577	0.0432711147135592	0.873511406236897	0.0288848738028076	0.0001326220534191	0.0169753420353004	0.0156451864070707	0.0113133896891887
0.00102174111192051	9.35720177824915e-05	0.0095667947127257	0.965358723722798	0.0150736204023966	0.00105959332737927	0.00300699699882882	0.00472538613184169	9.35715743270744e-05
0.000132851129911791	0.0012137111603284	0.00258718115028175	0.967457899626289	0.0217004138436494	0.000324730591254807	0.00192996858385466	0.00452039278449877	0.0001328511299308
0.000499915671159015	0.000125741671279587	0.00285850907388714	0.963520748432541	0.0111983797087902	0.011707462703001	0.00403841416291065	0.00500485223121163	0.00104597634521938
0.00637017206536568	0.000627922287157029	0.000347909911895631	0.955547174436455	0.0293492059466063	0.0021991766781746	0.000877590678822991	0.00454938144107392	0.000131466554448644
0.0017681456116217	0.00869508350025076	0.00488869853600034	0.94574969968518	0.0226765217255901	0.00013266876830405	0.00342927976695132	0.0091673742524631	0.00349252815363853
9.0393962257115e-05	0.0175145787767959	9.03947417837417e-05	0.960594980699013	0.00633423598773278	9.03947417476688e-05	0.0120636122592834	9.03947418332593e-05	0.00313101408955334
0.00744009896621156	0.000916629552384117	0.00757863946838616	0.950652027438278	0.0265230024099206	0.00541378142512478	0.00121335420380811	0.000131233267848794	0.000131233268037573
0.000602332517106918	0.000918916810957349	8.86242968504344e-05	0.986099371189083	0.00572223737362649	0.00606170663574581	0.000329562583024177	8.86242966582985e-05	8.86242969475465e-05
0.00125396735912812	0.0192511120839521	8.82952020754998e-05	0.95423153807877	0.0114562304307438	0.000214167845056138	0.0048433482531976	0.000662739783087315	0.00799860096398989
0.000787179187266817	9.36764804874975e-05	0.0202181846467277	0.950235494241616	0.0062117860198042	9.36764809335296e-05	0.0141565671762816	0.00810975928643817	9.36764804445899e-05
0.000131826981171194	0.0030008524396351	0.000131826981155651	0.949279466686813	0.0167879800467164	0.0021275520490481	0.0151779761913249	0.0115765253112754	0.00178599331285992
0.00114380368976358	8.89619355537209e-05	8.89619355516787e-05	0.962410018972557	0.0229483902378294	0.00414260240885849	0.00534971528135617	0.00373858360298229	8.89619355483073e-05
0.00339072577731962	0.000133351279628305	0.00532160343440046	0.952113636750192	0.0261412872470685	0.000133351279284454	0.00499536455165439	0.00763732840084874	0.000133351279603513
0.00143581097080663	0.0156576968754315	0.00198094283847572	0.943049561939228	0.0203896003149476	0.0105173478461066	0.00671268156638958	0.00012817882434473	0.000128178824269883
0.00116774197635934	0.0058670341276478	0.00463692025234745	0.955068988911319	0.0190945230768565	0.000133882979462908	0.0121970446516482	0.00169998104525677	0.000133882979102118
0.000971465131231781	0.000134741678815076	0.00991426079852	0.958835036863996	0.0118985541490696	0.00389616077364177	0.00300722019352623	0.0104673006576642	0.00087525975353547
9.00154872328025e-05	9.00154872713826e-05	9.0015487222245e-05	0.977204824014662	0.00883312717173286	0.00154711426908648	0.00538690609744003	0.0038231152081692	0.00293486677718277
0.00012646632765067	0.000126466354799042	0.000126466327498171	0.970640488110622	0.00950440246484107	0.00504309038474677	0.0079556879850933	0.000753202564410103	0.00572372948033916
0.00155114358068718	0.00899935247576399	8.88833453485054e-05	0.966001890375598	0.0100464516358957	0.00515557141594003	0.00484713312681012	0.00322069069855353	8.88833454028622e-05
0.00302450196066152	0.00210490951956695	0.00631616650500071	0.94285858941585	0.0232140176631626	0.000132083165406905	0.0107984585266578	0.0106691614991493	0.000882111744544364
0.000362839471847983	8.97192693046198e-05	8.9719269142615e-05	0.962687561229295	0.0256569694701613	0.00727602577032789	0.00277400397613766	0.000973442274644802	8.97192691379371e-05
0.00235329682745629	0.00271496096121283	0.000125741496985854	0.954874371485526	0.02567103653589	0.00969959226495521	0.00273202847513182	0.000125741497111548	0.00170323045573077
0.00117955302864749	0.000131401476906224	0.00129489233156145	0.960190751154765	0.0267628874168205	0.00321257599039997	0.0036706365931008	0.00342590053087249	0.000131401476926492
0.000743535359271283	9.44921264809417e-05	0.00587841024722915	0.965053225633226	0.0209076759365599	0.00496480823372263	0.0019847191014789	9.4498437252431e-05	0.000278634924778386
0.00165118974256006	0.01417579804742	0.00343620188546855	0.958227696238955	0.0118536612520772	9.21639886374931e-05	0.0084088185983958	0.00206230625786723	9.21639886187807e-05
0.00252453937467713	0.0119010401496846	0.000127394386163048	0.914828137879917	0.0242362341946153	0.000127394386109572	0.0385181487753355	0.00549100285391924	0.00224610799957803
0.00134240021644393	0.000133688424133401	0.0103905485408867	0.954615591956129	0.0112250228479129	0.0131713238708607	0.00686555286578924	0.000133688423896878	0.00212218285394725
0.000126527764280652	0.00968545738245491	0.000126527764209709	0.965735999465407	0.0096997042408058	0.00578689224907591	0.00566969941463346	0.000126527764045254	0.0030426639550875
9.03178162942493e-05	0.0016019522876422	9.03115710310494e-05	0.957442181222941	0.0217111175985719	0.0101058872738907	0.00530045847505313	9.03115711037222e-05	0.00356746218347185
0.00286623816357978	0.00432835588405075	0.000127006278423555	0.945469696655076	0.0211631458921678	0.00155679159356841	0.0160114335190258	0.00587905256453658	0.00259827944957116
0.00065769577775181	0.0275832415624118	0.000130500650980756	0.93602703310307	0.0108183178715974	0.000130500651096056	0.020216366255391	0.00430584347677584	0.000130500650925496
9.07077182819828e-05	0.00479179721689481	9.07077182830395e-05	0.965181664873209	0.0168198685499606	0.00653962237678295	0.00630421610996051	9.07077183522935e-05	9.07077182742798e-05
0.00121033320620696	0.000132459141090982	0.00451233775932061	0.967530979422839	0.0127208418457897	0.00231563480412618	0.00600974455684009	0.00436101861389896	0.00120665064988752
0.000749654861041711	0.000131805934007769	0.00185980799047157	0.959309294641086	0.016246876205099	0.00499360547556664	0.00578061787287696	0.00891978167358806	0.00200855534626238
0.00857655863686177	0.000131048559457883	0.0738345307340095	0.854894484052072	0.0137307284636667	0.000131048559329415	0.0248459833918794	0.0237245690433243	0.000131048559398902
8.87547511193833e-05	0.00629590499801106	8.87547512806118e-05	0.973433387313161	0.00750101947112436	0.000904683139631293	0.0102648542499959	8.87547514249451e-05	0.00133388657425156
0.000541851129401277	0.000133051495811021	0.0110857704503886	0.938504750780184	0.0196908714492076	0.00013305149560116	0.010204165988236	0.0183409897209843	0.00136549749018589
0.00271462733341523	0.00238311247091485	8.81634955728377e-05	0.973522268956665	0.00591826262268713	0.00939473692226912	0.00472797898316257	0.00116268571970534	8.81634956080101e-05
0.00273382200332964	0.00321201915893622	8.85179094943439e-05	0.947783769560025	0.0159874718795085	0.00941485648329252	0.00429802671611329	8.85179095245069e-05	0.0163929983797762
0.000127623287758335	0.00347661061802834	0.000856087903430321	0.953623513789326	0.0256773092640293	0.00541491855966823	0.00503038179876017	0.00566593149115548	0.000127623287843302
0.000983876191033312	0.0100366618914361	0.000127709242779446	0.968746667247625	0.00609183764036288	0.00466433667271933	0.00633108934957775	0.00289011252156607	0.000127709242899824
0.000914882160067616	0.000134324567015478	0.0226423420597591	0.953362397302907	0.0144188630271232	0.000134328216139655	0.00300090958045348	0.00472885755588803	0.000663095530646556
0.000131465226313617	0.00821774278191597	0.00119179788919738	0.944184727593335	0.0267779244598146	0.00478091769710652	0.0122535507971716	0.00233040832877606	0.000131465226368991
0.00184103685492703	0.00251733845190427	0.00606645415131015	0.926121930980725	0.0410380223601294	0.0118378224077039	0.00534523814779838	0.00509910712354167	0.000133049521960426
0.00133006584296201	0.000568651111384117	0.00101037778369649	0.966660215911698	0.0159405020134534	9.12962251222145e-05	0.0053397281561504	0.00896786673042419	9.12962251090446e-05
8.93816495459852e-05	0.00766088790333402	8.93816494631422e-05	0.961194399129042	0.017249797172475	8.93816494586567e-05	0.00867965434146013	0.00485773485580305	8.93816494184494e-05
0.00253754545506469	0.00661433782833825	0.000128747512753795	0.961265343924869	0.0129524447913756	0.00706341947213238	0.00918066598973426	0.000128747512984502	0.00012874751274768
0.006345323216821	0.00625781825462818	9.00253560348455e-05	0.941545320649406	0.0290467703257931	0.00331460994194294	0.00681331474388436	0.00649679215545493	9.00253560348466e-05
9.28566371107695e-05	9.28566372224145e-05	0.0153098995837134	0.954193832567485	0.00818399056235835	9.28566370348868e-05	0.00582144052729859	0.0136256320045086	0.00258663484326833
0.000108466038797676	9.4609833651867e-05	0.00849582236204355	0.974801034813066	0.00805338138769318	9.46098341280682e-05	0.00445925510164938	0.0037982107951632	9.46098338068831e-05
0.000617270661651206	8.9563909601031e-05	0.00150639317634651	0.974070646938935	0.00473690559474989	0.0146330502026276	0.00416706590735364	8.95518044406154e-05	8.95518042947317e-05
0.00270418537666134	0.000416590835940797	0.00198255615311443	0.974198640800262	0.00813391944818166	0.00428356435270251	0.00809419449707763	9.31742680296885e-05	9.3174268029853e-05
0.0013408255435106	8.88206714360376e-05	8.88206714992552e-05	0.953874213827902	0.020388109556627	0.0136688319214303	0.00751676608261803	8.88206714771254e-05	0.00294479105350001
8.83110492360882e-05	8.83110492737951e-05	8.83110492543191e-05	0.969663217699335	0.0106705860225413	0.00658067886515684	0.00688364577248318	0.00584862744346848	8.83110492514725e-05
8.95223939676582e-05	0.0062751173412932	8.95223939491553e-05	0.967528088769667	0.00627079405580591	0.00636709065570859	0.00873353997264993	8.95223942219894e-05	0.00455680202273683
0.00102819271463951	0.00479507739850581	0.00450224791150178	0.965534821631128	0.0151812360967442	0.00110873681121681	0.00445030113209313	0.00326943097856392	0.000129955325607099
0.00141483715247376	0.00533208582149826	0.000131190334091167	0.957077062929762	0.0232128224225992	0.000131190333730585	0.00567175138741522	0.00689786928428789	0.000131190334142305
