Basophils	Bcells	CapsularFibroblasts	cDC1s	cDC2s	CentralVeinEndothelialcells	Cholangiocytes	Fibroblasts	Hepatocytes	HsPCs	ILC1s	Kupffercells	LSECs	LymphaticEndothelialcells	Mesothelialcells	MigcDCs	MonocytesMonocytederivedcells	Neutrophils	NKcells	pDCs	PortalVeinEndothelialcells	Stellatecells	Tcells
0.00184382561817755	0.010960195574732	1.9072470936067e-05	0.00434507301860794	0.00127810415837599	0.000790560669169664	0.133993666463904	9.11077751900543e-05	0.694604863213008	0.023422847577737	0.00335744525518869	0.0444797627742054	0.0304994905406848	0.000424510625700829	0.000120107660573184	0.00190895064409128	0.00747986230436137	0.00895237039823787	0.00300115859519274	0.00657913274512294	0.00026597390809245	0.0169663650932216	0.00461555291548851
0.000237676830376632	0.000830031904238656	2.33836409150598e-05	0.0145632405668727	0.00655373988753588	0.00549772557497515	0.132260581438099	8.00551825479598e-05	0.689881365415925	0.00305542308625771	0.000876303956649675	0.0453788237512622	0.0152975530484693	0.000170095084447886	6.53334257794372e-05	0.00245908511430797	0.00267983608688591	0.00319452288682475	0.00116615767561616	0.000658596626695165	0.000901970908911818	0.0273427538858094	0.0468257440205961
0.000535992267940372	0.000574482739373489	4.52644170914068e-05	0.00344535706011499	0.00610145538631857	0.000345687334694564	0.146265019516373	0.00143190137218314	0.704751689706148	0.0480684211900534	0.00363920136475977	0.0467902338713531	0.000862548805062872	0.000128755961269945	0.00453038272644534	0.000358423729358831	0.000520976969862649	0.00245007010460642	0.000972912884584825	0.00231658726419654	0.0142288802231209	0.00675842420991656	0.00487733089517156
0.000275889580983364	0.000541737549513002	6.31063925809395e-05	0.000896286947411411	0.00192235902404213	0.000923786467389857	0.141892522514007	4.38275886812709e-05	0.708574694504864	0.0198533448458335	0.0158616081085454	0.0410377227683646	0.00432653455928792	3.82648415819308e-05	0.00859701134559894	0.00474451843085784	0.00369941592073027	0.0101910999307012	0.0174432748561082	0.00467536940628176	0.00538487682127598	0.0054902589211604	0.00352248867419906
0.00270760377582168	0.000447278702773406	0.00123364139430664	0.00601224545397006	0.00093927352089872	0.000366756907262893	0.11509938835892	0.00215186655897865	0.682148317449234	0.0111295778175851	0.00301937058515998	0.0651519127152629	0.00313134003433355	0.000287252048146366	0.000463143829095756	0.00279150593384338	0.00827388319314838	0.00314246022409479	0.00196430242608083	0.000653433523530697	0.0266558024191176	0.0241820472189933	0.0380475959094414
0.000640409526979281	0.00345925233612674	0.000202326908056831	0.024525086740807	0.00551694246486133	0.00518014092311514	0.121631975463959	0.0319030682319774	0.641692726506272	0.00255577659447109	0.000337589370337983	0.0283391086771414	0.021873596722767	0.000259043659997875	0.000226038750114888	0.000439180580252022	0.00298952380056507	0.000234708746573744	0.000460199425700246	0.000372339620084908	0.00107538106346534	0.0510732877761311	0.0550122961102424
0.000256431902702082	0.0022895901656631	0.000141415501297297	0.0144884795988084	0.000584074942613664	0.00982615212716476	0.131551027391722	0.00265459619417895	0.723327820071375	0.00054124836312927	0.0385926881151532	0.0329481675853836	0.00277653912783371	0.000965835779722029	0.000320285970794724	0.000157894172712257	0.000546896934007638	0.000360105426250868	0.00140326013030006	0.000793875955647296	0.00059589036550816	0.0201062465623435	0.0147714776156877
0.000221655130910719	0.000830701221195156	0.000209972047654267	0.0152038429922343	0.00152767358039948	0.00149999663595009	0.135496901315554	0.00574288667026266	0.695112430692775	0.00114284804568553	0.000209110109406614	0.0219965293641484	0.00386335704908055	0.000223192305189185	0.000847764344800263	0.00109087071138864	0.000410814124574233	0.00101398637110914	0.000243905611476619	0.000380211082257415	0.0179851109016127	0.0401256161949422	0.0546206234973931
0.000419061310504443	0.000581709363040192	0.000484019364888583	0.00504569662152842	0.0037810982699805	0.0151960830149537	0.127609808806093	0.000224235894734214	0.70828324914777	0.0012837792143057	0.0022238181242449	0.0538623831606131	0.00212438850595029	0.000225238633673896	0.00100536435596861	0.0119348778974686	0.0156689549584817	0.00338912302252069	0.00372455918677096	0.0010158414268038	0.00647394916429949	0.0232572194228771	0.0121855411325275
0.00467033198153211	0.00072868726914114	5.52061330865464e-05	0.0278238635362625	0.00086397901171896	0.001067709934918	0.121664996338741	3.51227964005423e-05	0.736392365522109	0.0102467274387847	0.000749308162253387	0.0290678571914718	0.0165382705963065	4.4483745032692e-05	0.00238308034417867	0.00343034761871146	0.000753029154073303	0.000311926747274305	0.00139763887278834	0.00091221578132293	0.00108320432697423	0.0330088169370149	0.0067708305599028
0.000588245850768197	0.00257815915636874	4.82440444015389e-05	0.00251368084751522	0.00369169541570068	9.81746200600461e-05	0.149437478490243	0.0636327244070271	0.607396187979394	0.0723273573482654	0.000975310416412336	0.0136264272299006	0.000188686352850443	0.0148205848329101	0.00662886548013963	0.00119456802746172	0.00430137936346583	0.000323079576862275	0.000404167639968092	0.00103401827266239	0.0191868430908827	0.0346858041290374	0.000318317427702944
0.000475036884985543	0.0777459595027776	0.000107330561811523	0.00690679682353635	0.000425750682980172	0.0371632686735626	0.117859461742483	0.000148624254674224	0.602940981995464	0.0576638706226201	0.00143488357602371	0.0133419357067153	0.00108961337416752	0.00169829883212074	0.000415556293262137	0.0138082804069826	0.000778700187037937	0.00143754592680139	0.0166297751808574	0.00112336670026603	0.00078086403185229	0.0429201892221957	0.00310390881682182
0.00479056383424797	0.0320131464499962	5.42777786046978e-05	0.0077860689827649	0.000351778892841346	0.00042569173448799	0.0976402977856771	0.000902256877805192	0.612705234371045	0.00540212217775658	0.000800490337012427	0.0492381089287602	0.0239880262172498	9.65493246618484e-05	0.00013255199200762	0.00566068947137989	0.00885807344293235	0.00261153951080404	0.00987407399902824	0.000470633009436718	0.00203286330629048	0.0756224315422897	0.0585425300329195
0.00725770297596054	0.0412500120804192	0.00257626128242482	0.00598167977378627	0.00200023240308396	0.00215606071691087	0.139776495570996	0.0068286039354219	0.684064714474355	0.0165640784729542	0.00318115107014132	0.0432757777705496	0.00713625421864652	0.000191038819824327	0.000333679197679288	0.00367309556639141	0.00142103277330343	0.00165926438820073	0.00126972136389328	0.0018390817864887	0.00455790078881533	0.0143311937486009	0.0086749668211522
0.000543957534347474	0.0346313264596846	0.000141779471259316	0.013373673887838	0.000753512309520997	0.000601227898923541	0.131311472270147	5.44802350975712e-05	0.668217210770554	0.0156330407220994	0.000497067815403937	0.0210989115620904	0.0215421438620744	4.31881088349019e-05	0.000165288746822418	0.000158309913758542	0.00275537910148504	0.00140841959980169	0.000484539458245751	0.00012363775697391	0.00821738190476961	0.0222065573233469	0.0560374932869202
0.00255522688813151	0.00097952698451188	8.15598862106495e-05	0.0105866762003567	0.0132523979410041	0.00142153505955376	0.136730072360456	0.000376386746493632	0.688907069799431	0.000469714669743257	0.00036899858328321	0.023517504818892	0.0200727296028925	0.000770385703686981	4.61396534713919e-05	0.00023970983750528	0.000257900257482212	0.000484496745936871	0.000376490135748677	0.0171724413306996	0.00573475513980337	0.0450395482897344	0.0305587333649704
0.000133855916667625	0.00493633124315595	7.06972495776643e-05	0.00362203537506836	0.00123565117709176	0.000563546023489547	0.170734974964939	0.000238190441682167	0.71604559983982	0.00322408029444498	0.00068037086025032	0.00713880381979018	0.0100675906467012	9.23724489690871e-05	0.000152936544118088	0.000456058856118136	0.00374643431830693	0.0127899360268992	0.00455753822468099	0.0010341557669926	0.00295428673012958	0.0176663386290091	0.0378582146020976
0.0070056279400163	0.000521725664566437	0.000243843167738835	0.0134622091908595	0.000995922274466581	0.0170946969945284	0.134627746061237	0.000168596430054255	0.699462817627136	0.00102421966154369	0.000656619507128771	0.0374978906481806	0.00112168926229797	0.000123849994711282	0.000598007618941702	0.00650767477299832	0.00557274730357714	0.00726749354178172	0.000457500124373492	0.0019878137623221	0.00132992197200291	0.0377423318221222	0.0245290546574152
0.000377296391403958	0.0274378646150977	9.84797375448729e-05	0.00505848164307069	0.000453818862182786	0.00852493611232603	0.122521590394518	0.00014496211030713	0.674155384987042	0.00268197618671267	0.0273075433704249	0.0428411437087331	0.00359331052082154	0.000185726302869839	0.00764704906136402	0.00757434407655987	0.000313373684460404	0.0209724819305621	0.00098428141166403	0.00931311003530606	0.00222237902716835	0.0343845915940795	0.00120587423577991
0.00952748992443483	0.0308557596917973	9.90071929910762e-05	0.0135555693429011	0.00093600927958027	0.00162717164519717	0.119673557002284	0.000131918197699967	0.698379597703205	0.0172462654412352	0.000686454007266473	0.0415539548766976	0.0151305976970561	0.000127536107586269	0.000602823662800065	6.82318479916652e-05	0.000412167972683008	0.000388906279583734	0.00799861724832067	0.00165702312961818	0.0002240222441355	0.0221991169817943	0.01691820252314
0.00130043764858198	0.011806014482521	0.000139633681084607	0.00738246883480175	0.00049538828304209	0.000328395900984639	0.13483545314743	6.2657543747676e-05	0.694855474317733	0.0451585839735733	0.000477292705538416	0.0271022512309656	0.0347492699755465	3.07440603525551e-05	0.00154442327444113	0.005860668504264	0.00318123854601482	0.00038106694411386	0.0005801464798217	0.00135211612673492	0.000528145961217586	0.00890787862304645	0.0189402497544425
0.0021342217608046	0.000549630336346373	4.75143679993158e-05	0.00794698782010136	0.00861453181817562	0.00236320760965631	0.121483397126518	9.61425713063072e-05	0.657080539496269	0.0308314170582473	0.00100518483747441	0.0438853994033087	0.00248269488416426	6.6201658096223e-05	0.000674373505106324	0.000260460608139187	0.00450334380033984	0.00491091916812871	0.0199420367631188	0.00309276440728078	0.0177444503257821	0.0279269210938876	0.0423576595797491
0.00428660352205236	0.00181410567597833	2.70456130088774e-05	0.000147171181042087	0.000489695776974253	0.000321825611792582	0.133969149386475	0.000511834418428241	0.69283921880609	0.0234000987780355	0.0114867282505168	0.0423874894314516	0.0170976421071073	0.00392432181208616	0.00144090352930543	0.000151518632914969	0.00943919988603034	0.00438034957393586	0.00028479725509566	0.00245987996219252	0.00184224630800198	0.0467442407473053	0.000553933734179217
0.00143484935674501	0.000830979992384532	3.98960401161478e-05	0.004348546756943	0.000271017636771632	0.00257727879301262	0.142522806605009	0.00107218782990294	0.701804594678979	0.00234133699233594	0.0312991342577531	0.0350927436595906	0.0116000751783764	0.00151751709908883	0.000279442088366394	0.00017846667207976	0.0161721957847483	0.00261423336867129	0.000764996936297455	0.00619030939443857	0.0195995658482423	0.0133062790436737	0.00414154598647356
0.000257692711210197	0.000746703970624937	0.000428462057543044	0.00421571187333868	0.00268756132256959	0.0128770475803732	0.132826313574947	8.7986062999199e-05	0.670739725755365	0.00110767837807169	0.000511450745034425	0.0304122215305615	0.0389441982730783	0.000161888861564283	0.000458202199446402	0.0100638489873275	0.00401578911097874	0.000165018529803378	0.000446441786647673	7.55359355123635e-05	0.00240236053148987	0.0250816788365747	0.0612864813849392
0.000132732980576607	0.00257896108690022	6.78247953445269e-05	0.0164780180113422	0.000787090745753165	0.02669536427041	0.141040670733163	0.00027784608081462	0.714315800598752	0.00135319209622164	0.00201219047865706	0.0219088515523172	0.00363676103750678	0.000149822674297405	4.08075432133449e-05	0.0016099714453841	0.000211677548281174	0.00215244754561547	0.0120312445989387	0.00123443941728642	0.000513768728534136	0.0424845258085446	0.0082859902221452
0.000273780977229877	0.0045312625143098	0.000348557518790676	0.00860057737767848	0.000394380699303699	0.00145299033791869	0.119027460850966	7.68033875716203e-05	0.687081915600845	0.00458495996382914	0.000153898940099682	0.0139483447248343	0.024452502345288	3.06788142937143e-05	0.000167121088597663	0.00106208269511929	0.000200946901773919	0.00244939336817474	0.000281818897072279	0.00525978761864036	0.000249349878502	0.0206522801296282	0.104719105369533
0.00033045128621052	0.0049110121636404	0.000194773587845335	0.00373296348780561	0.00384439922899287	0.0153393080308532	0.144159464546202	0.000196884289751039	0.6972147121411	0.00108049518973495	0.00085850080143167	0.0171639981813125	0.0024932152182168	0.000118801892482277	0.000241968477343079	0.00238645560744932	0.00639885030375255	0.000153344575221076	0.00096609202634293	0.00102365999077385	0.00281690296500956	0.047832968174763	0.046540777833765
0.000257799745271402	0.00222404457100298	0.00158412546164063	0.00308185160748621	0.0209139673436946	0.00187930178809211	0.118681175815271	0.000127948260965855	0.727597683682212	0.00391692940647049	0.0391438844190869	0.0366087677775916	0.00380664946873045	6.67467183297649e-05	0.00118328878288719	0.000552892825181481	0.000324576603582724	0.000239798090115133	0.000873033660828292	0.00304764918803022	0.0124541774450623	0.0170087839575674	0.00442492338089906
0.000107311402000297	0.0342669784193725	2.21219812163232e-05	0.0145740720956214	0.000228457876298068	0.025466034441983	0.119679098627669	2.32060953568462e-05	0.692625668331872	0.00134591780210166	0.00635494748410722	0.0255486172997352	0.00430766069605569	0.000162230797291412	3.62846418587064e-05	7.52220819127297e-05	0.00441436556042329	0.000159518552105301	0.000643936985926482	0.000253227098503445	0.000261754027983262	0.0228671484044741	0.0465762192961319
8.32121027939106e-05	0.000454105591504808	0.000231883386044408	0.0162445111157781	0.000366746920945342	0.0180560949113928	0.118614747014675	9.76106015133632e-05	0.720098988945452	0.00195491869969032	0.000390572287115485	0.0201544115012856	0.0083024902264003	0.000126313346254682	9.49196062779153e-05	0.00291978652710166	0.00532991004374222	0.00448768836808341	0.00177999672489015	0.000682068676581733	0.00179132315128796	0.0103687999983261	0.0673689002528619
0.00148151898774286	0.000730623534326546	0.000439297474449627	0.00839232148092573	0.000747860088391565	0.0371112101151569	0.149589713481074	0.000361974212958994	0.695331923040444	0.00145782329558287	0.000697657066542321	0.0168996604342777	0.0116804239881403	0.000279023451457783	0.000177035804194534	0.0101727479572475	0.000444848366570561	0.000362357371128473	0.000700262161751065	0.000722590365776309	0.00067473606002567	0.0303481327977573	0.0311962584640781
0.000385117250367229	0.00212454678781913	0.00168545881409721	0.00951728675041554	0.000613642849450329	0.00546910126097147	0.148362422242658	0.000490923946962725	0.719901003189504	0.00256678142758916	0.00115711785591306	0.0242924859032041	0.0147642093022643	0.000665835940726117	0.000136866311729183	0.00948180122306061	0.00897456057805806	0.00503673541503	0.00158405589487354	0.00470403449047315	0.00154804874496685	0.0277343706415549	0.00880359317831139
0.00061809699354644	0.000304157277484034	1.88943831650147e-05	0.00069796592951908	0.000245881800575995	0.00136548291455677	0.144481479079374	0.000123835665215543	0.660536777708432	0.0379612747513924	0.0440172629400386	0.0397483322611285	0.0176186801418682	3.64603320209445e-05	6.87002032643488e-05	0.00135601261801284	0.000130375667720883	0.00863159756838335	0.000305170688838133	0.00666326361552008	0.000445568096066421	0.0333855177165105	0.00123921164736681
0.00013652725752066	0.0423444726310694	9.74951489975196e-05	0.000484712895907101	0.00215030503950773	0.00101199821542463	0.122532571463908	7.48235522866842e-05	0.685372760950035	0.00956337309279229	0.000631682029732398	0.0202740500903905	0.0124598757750623	0.00357477087737481	3.62743733450691e-05	0.000155793910295001	0.010231393782965	0.00024631063226287	0.000237420473178675	0.00725955301004968	0.00138881122652394	0.0247313770756049	0.0550036464957653
0.000414850980587239	0.000314764299440815	0.000225501694999836	0.00902256871768068	0.000907157075609074	0.00169239925832512	0.140641389583264	7.46532943285989e-05	0.720317968388553	0.000324226004337518	0.00149196955594716	0.0313512707264575	0.0225715013901461	0.000182392427508639	0.00511862256116668	0.001007915600968	0.00262262348204535	0.00144144416690801	0.000853169142821938	0.00652352584226654	0.000891356490370588	0.0293525440661815	0.0226561852500862
0.000100993673963312	0.000285030640733854	6.99571089364829e-05	0.0130549512104032	0.0128068170502509	0.0200572266324016	0.139286449000797	0.00122556386968466	0.690581808489767	0.000243088123483306	0.000694693608085983	0.0191431657171582	0.000416897569034211	0.000466519417429065	0.000114829107896382	0.000825953637117192	6.41159753383464e-05	7.98209696934157e-05	0.000798631255851685	3.4998460653602e-05	0.00317384766004721	0.0232654012383631	0.0732092395829098
6.47322144972415e-05	0.000530277967501076	4.22003603139848e-05	0.00411201519699092	0.0201393739953245	0.00403358699434905	0.16217453362895	0.000868700444805187	0.722210469437039	0.00272978525516489	0.000761201866177012	0.0244078258640971	0.00276824865361584	0.000114948974426279	0.00443333862418143	0.00191249290693823	0.000646220950280668	0.000206561730724942	0.000434540319636627	0.00624346047431919	0.0133093199969248	0.0247101543857199	0.00314600975802187
0.00786351631129733	0.00344088395722476	5.29449868441431e-05	0.00475886263011208	0.000293113119450681	0.00310988616293833	0.138534337805917	0.000986084200916869	0.726593695282695	0.00440606339157192	0.00407696332641402	0.0371160622679562	0.0182987342226194	6.63043670256989e-05	0.00314048972521699	0.000645380396960367	0.0039501281204381	0.00144696380392617	0.00108907021604838	0.018661964178169	0.000947919782328126	0.0191365050051102	0.00138412673881936
0.000940686123682654	0.000482007212922641	0.000126175012169044	0.0235851762758569	0.00733015510983005	0.000554513048005624	0.13246980288457	0.189731343976088	0.470267343772032	0.0953646046814774	0.00123206771730662	0.0145200446668362	0.000351281186472707	0.0233149905763135	0.00101221033563986	0.00750890935101988	0.0137112765425697	0.0152972093185509	0.000288943572163674	0.000251141611654344	0.000387432166646618	0.000828670255873722	0.000444014602317783
0.00051405700143747	0.00706302506083834	5.44782380605834e-05	0.0143406431556458	0.000609046824278076	0.0238961864777531	0.136292531575004	0.000103692929060836	0.72710801306042	0.000639765757684118	0.0056913443955162	0.0314243044729409	0.00820056505711468	8.02299151022238e-05	0.00473228455611136	0.000111968864628398	0.000906596269214005	0.00238615902850533	0.00259351063852133	0.0057065596000939	0.000134736981009933	0.0210385565071813	0.00637174363387759
0.000999266173101614	0.000413271685641703	0.000231749736536924	0.00100276279971135	0.000959795018200821	0.00303147461713023	0.144582706887453	3.04135742832181e-05	0.751034751614509	0.000790467486703381	0.0102920061528199	0.0207910817800714	0.0191945563941396	0.000128997537531662	0.00459635860540734	0.00943911152899533	0.00411907337482645	0.000571422906367325	0.00743830895074292	0.00520884678668456	0.000871391494309259	0.0128093614623446	0.00146282343248895
0.000445355319868993	0.000254746428824142	0.000332578934345801	0.00420778876045403	0.00063868051620025	0.0066107023122021	0.153869529923605	8.61654712003821e-05	0.741881482061832	0.000343223242431761	0.000716247850066142	0.00642283314397908	0.0199954853410188	0.00121671676425664	0.000152976066062937	0.001650944571299	0.00640016292596846	0.00213628685151029	0.0189622544714458	0.0084318846672378	0.00117458396507523	0.0107326667419983	0.0133367036691175
0.00011667416563801	0.00856761506604759	5.64043355436387e-05	0.00135082504705187	0.0014388510727819	0.00488283517183718	0.152575273458682	6.87699380363207e-05	0.703068825220607	0.00341341961426246	0.00118179530719592	0.018892968656876	0.000497072346694423	0.0129573067267482	0.0010109207301819	0.00469863014255463	0.00618397378570029	0.00296596046631867	0.00336417589423752	0.000518415163101435	0.000609821925578318	0.019949599043056	0.0516298667212693
0.000389729617338884	0.000515976034423304	5.19480447908004e-05	0.000437510510499304	0.0114371577591256	0.0150180425161615	0.138580097344167	0.000451444407228013	0.687128185746161	0.000894201049564562	0.000273856049310431	0.0176851225778117	0.000237008108078889	0.000242598911128863	5.20599997990314e-05	0.00359294529658376	0.00643158864567414	0.00295795708671132	0.000216400458490492	0.000636426475130003	0.000219731426527537	0.0356100297452347	0.0769399821900595
0.000166537785512509	0.0170153421807727	8.79390959273408e-05	0.00253908524921764	0.000285075497001966	0.000197373376173372	0.133480465276011	0.0957573653670125	0.469089880860576	0.147472436676133	0.000539574610987081	0.026914250292324	9.37166715361523e-05	0.000412917364550499	0.000276688415051325	0.00556320186739258	0.000123056960361212	0.0237815704720563	0.000131941715105557	0.000220393310097389	0.0492139798187148	0.0264205194521474	0.000216687685336616
0.00259299045161099	0.00223784502058782	0.00419469522700654	0.0101953652104829	0.0142119634854737	0.0410734226727732	0.110124915680158	0.00945945038035463	0.657318145358818	0.00797184818105498	0.00285356202253227	0.0372329596624791	0.00288351048266608	8.18876142939658e-05	0.000133647126906059	0.00192236702048098	0.0165207496776025	0.00389430822053772	0.00363355899171429	0.00108320388481391	0.00145126861959336	0.0252774773143631	0.0436508576936965
9.26818944512324e-05	0.000646589454788609	0.00631024755607909	0.000413777745662853	0.00555104327904112	0.000576167613134803	0.142666341046103	0.000123715284694992	0.713894454043056	0.0100761479095093	0.0473067022153	0.0271265737170668	0.0110660817652687	0.000134321824855132	7.90055097482989e-05	0.00165663140401795	0.00092846096159624	9.17491777401274e-05	0.00133646881934601	0.00993834816046299	0.00394538789016793	0.0102846289859962	0.00575447374191282
0.00263529030399982	0.00306581415895515	0.00163954571299132	0.000480667200714764	0.0159369182616057	0.0143891175409629	0.149065610295749	0.00559490255559851	0.728069302243541	0.000737902472340143	0.0115224633416901	0.0171590398622303	0.000749791948525021	0.00040541120342337	0.000266483983300556	0.00953984498124365	0.000670506793187686	0.00147183635275532	0.00278083142791574	0.000366458240213511	0.000380183030513085	0.0221041476402598	0.010967930448284
0.000974306348066522	0.000269383082115077	0.000379035385992711	0.019564177629662	0.00158604602551034	0.000273257993284057	0.144609903373043	0.0805492345391084	0.623971499056388	0.0615669370370983	0.000845917385037413	0.0101599139498159	0.00736336998505229	0.00909607124961707	0.00632009942238535	0.000648459893057036	0.00076847178205152	0.00382087370030928	0.00110758920322467	0.00198126321428165	0.020328133198896	0.00313489441978558	0.000681162126218162
0.00024267645799083	0.0409099556802379	0.000113126802188734	0.00118140282849534	0.000662507548890233	0.0135765675945707	0.105995419466088	9.00518446750089e-05	0.669636636588016	0.0187128194552676	0.0132358123138704	0.0276193369553976	0.0088705398741616	6.18752282029969e-05	0.00379444165658869	0.000431587176520628	0.0117940906316907	0.0245785494449123	0.0172141680874799	0.000138493780302123	0.000291597850474776	0.00683824887415908	0.0340100938598178
0.000320551983373785	0.00405034651299842	8.81160930976911e-05	0.000317707550574367	0.013665227011471	0.00021505905188265	0.119466158480975	0.00310277817367094	0.718553169150102	0.0085707445032873	0.000680742396419397	0.0173945233852053	0.0212578663772388	3.69105617851439e-05	0.000473517582793818	0.00876393096296032	0.00677817434275808	0.00915390375548742	0.000668340336038851	0.0127794614235664	0.0148842248518743	0.0318019582193678	0.00697658729307104
0.000641828625943911	0.0160165574875578	0.000210830741217838	0.0118034809567302	0.0027674124305405	0.0204602242606434	0.130446858439706	0.000283446373130702	0.68228495335107	0.00164989568831477	0.000577921244882427	0.0156675192026672	0.00807016193131974	9.63568980631006e-05	0.000151171847445833	0.000307571701303912	0.00139147681345807	0.0133432209979224	0.00109122910989473	0.000703714326250309	0.00103410417933471	0.0248441450973373	0.0661559182952654
0.000135986237618623	0.000313628807276017	0.00232058380069979	0.020475695340901	0.00139743530175288	0.0189790975152057	0.116441066403654	6.88048558775362e-05	0.706894451329115	0.0224420462508438	0.000341603425716905	0.0157000619106107	0.00150489020353033	5.10814826234507e-05	0.000116024377415468	0.000362279770112683	0.00262952392512689	0.0015502173087981	0.000618115846532314	0.000589306527315869	0.000549549629521955	0.0139055674141303	0.072612982335621
7.43091651642823e-05	0.00500755978539146	2.88288475786455e-05	0.0108558428443574	0.000186194917258334	0.000126456770006888	0.114550746213424	0.178795923690449	0.412083100392228	0.11836853175487	7.47584346553633e-05	0.0120983647081147	0.000203290354913963	0.0667259176960455	0.000488020568027165	0.0146256824044922	0.00380050183791192	0.0447958340902282	5.11265487929716e-05	0.000237521068604291	0.0157191447413511	0.000948383238720745	0.000153959927413616
0.000117316777777627	0.00279700983707753	0.000887329775533413	0.00049291138678847	0.000346906850373345	0.000294690240244147	0.1461378261151	0.000115401028108031	0.63950870216341	0.0179274181634708	0.0978549973408573	0.0274466012237854	0.000643467647855739	9.1414354596989e-05	0.00840669037595839	0.00081778638568203	0.00048268060984352	0.00817644267322336	0.00190460807115722	0.00640937505702449	0.016224330604698	0.0215577203275276	0.00135837298990631
0.000144384039080052	0.00548156710400487	0.000126560550847598	0.000257245680402412	0.0199541629166185	0.000907969836360304	0.115153371767733	0.000813968166363618	0.68608298487721	0.00931710579623739	0.000983878288985393	0.0434354932626214	0.00548801632083159	6.88532008215691e-05	0.00112495017966694	0.00178910316246011	0.00136971891523329	0.000106932259029726	0.0119507367959162	0.0134207576700492	0.0118617804969208	0.0225682379279646	0.047592220784642
0.00119046289695591	0.00137255878133969	1.89230398840715e-05	0.00426997544482646	0.00172867871899345	0.000593726176310265	0.130746864195638	5.88454391311563e-05	0.696904417354187	0.00339238846034277	0.00907259083491577	0.0353580521009665	0.0370278843608101	0.000826223050603485	0.000113824174878065	0.00115394595643446	0.00585784074756681	0.000616912191014392	0.000482891180580995	0.00219882964873976	0.00263382569319013	0.0221827910551408	0.0421975484975503
0.00886136311575657	0.000931010212090065	0.000271828710287889	0.00738690294338915	0.00301741112036289	0.000412621164273462	0.136920665989085	0.000437239904965066	0.684733704140082	0.0011805352550148	0.000414331120971729	0.0343030913855745	0.0123423486331787	0.000187177988246566	0.000462917092259533	0.00296335855353183	0.00351216481228353	0.00390801429346542	0.00031959516829955	0.000601808516276813	0.00459331390519559	0.0361674919332722	0.0560711040421369
0.000412116368647903	0.00809317245633165	0.000313555735279823	0.0038472859803745	0.00567915840826411	0.00988467692824483	0.136289958710534	9.11438353690887e-05	0.692271136323573	0.00243723391327549	0.00218523946560424	0.028130228851393	0.047163821275676	6.26919800259771e-05	0.000116170225101894	0.0186771525907381	0.00791840311242253	0.00747421991133735	0.00184178852393868	0.000633913761623499	0.000407480165117464	0.0215788993878612	0.00449055208926483
0.000518717128560766	0.001031917908987	1.59369429234631e-05	0.00153243544916657	0.00213401772642299	0.000660281615186147	0.164445585139104	0.000573420465439093	0.657205993539613	0.0148779157305163	0.0350533832570784	0.0415031150581191	0.0205773166122975	6.63570677298851e-05	4.26699192131076e-05	0.0102819958266259	0.00124831466596737	0.0181513442386575	0.00220280144678537	0.00165958437273818	0.000613774074066052	0.020034511227447	0.00556861058735579
0.000290658746068997	0.000996901257260311	0.000127240698159738	0.00514903670768394	0.00127144308834092	0.000183440106785859	0.14676636364967	2.49553400964331e-05	0.69717954104961	0.00214280424001534	0.000374236098021537	0.0371318721091985	0.010413823100874	0.000293189069822409	0.000277045159952431	0.000204997876269955	0.00690908288392585	0.00289759235521456	0.000710405880451835	0.000173393964626556	0.000355633621167907	0.0273378255980821	0.0587885173987009
0.00101980830498759	0.000349736792360109	0.00022039740953038	0.0001550925613217	0.00026464261324497	0.000145066265987423	0.143078375927035	0.000337731665650298	0.706501389563899	0.00908322645906563	0.0258027754637299	0.025855013536047	0.000187950732980124	7.89897415512306e-05	0.00297674576886907	0.00209004933169183	0.000371096184063196	0.00929688328910051	0.00124517754727203	0.00676260444067019	0.0468124621782551	0.0156843486585946	0.00168043556409287
0.000387446596395336	0.000385624247350529	0.000353216164711761	0.00339151966846744	0.000262589851902344	0.0582874613365801	0.121346398483829	0.00643574557133937	0.633687182904836	0.0712945117052646	0.00179572171685979	0.011062023813914	0.000390351946774137	0.000295980389341993	0.000371632828889155	0.00101059558313324	0.00801897482423925	0.00577492706713224	0.0296101888606203	0.00133016576051808	0.00201245394831557	0.0140106728918698	0.0284846138377161
0.000442400083036425	0.000968453850943762	2.39148237282283e-05	0.0106822205027681	0.00510193381619091	0.0136777710755859	0.12222837766883	0.000219921427117267	0.63823617094308	0.00742503952100232	0.000617655260493075	0.0313109413892688	0.00402941653257379	0.00049539205548669	1.77506225362584e-05	0.000733224153830212	0.00421161257890201	0.00535731775251363	0.00104880961356606	0.00115049633310023	0.00293004235118222	0.0625642134675678	0.0865269241766964
0.000228608209045253	0.00133374146966722	4.97244454061399e-05	0.00363908114628161	0.0118996664803991	0.0054642010585013	0.120995040271109	5.76500159233495e-05	0.699757909082047	0.00301631739353698	0.0006774903735559	0.00750522539007217	0.0212613715135705	0.000145096653854045	4.33105522002005e-05	0.00148281849905246	0.000955699552644116	0.00133164522791537	0.00118898901035879	0.0139338876308195	0.000316517785773076	0.0225606605360778	0.0821553477021886
0.00297995190479904	0.0015515288241171	4.80245302857499e-05	0.00249023130573737	0.019741137190612	0.0336761494804569	0.136660217189925	4.23983836350865e-05	0.710521894168257	0.00880669485733583	0.00135357258699476	0.0223412484123752	0.00631504828019841	4.58159029305675e-05	7.7124159945034e-05	0.00298444472609482	0.00751638850759874	0.00344784386376092	0.000606986342603795	0.00460262283103357	0.00016549993692794	0.0174168725342863	0.016608304080089
0.000864633760776447	0.00151265641180745	3.34901262622371e-05	0.00768144607031243	0.000267379343514714	0.00587322675588088	0.143705803906082	4.80449749313186e-05	0.699323062445206	0.0276966285627493	0.0154103383441016	0.0296037627239961	0.0136954664241494	0.000118793284725558	0.000198452153734403	0.000690800241189628	8.33451936895428e-05	0.000853307574028731	0.0154792079109656	0.00105574595818508	0.000812479957792623	0.0313996437058282	0.00359228417009022
0.000270401831173701	0.000453837505064219	0.00334114572759839	0.00259265444650586	0.0015557054577581	0.00109700661041164	0.139646594449453	0.000899770633879851	0.65327148581736	0.000537163593666746	0.0609962144359196	0.0452500054103247	0.0170541138872328	9.9778694502091e-05	0.000228541728008496	0.000918576426090968	0.000818881114219659	0.00237748865610022	0.0009289610134678	0.000750276404770254	0.000554192647636811	0.0646977402376399	0.00165946327121514
5.65510380261062e-05	0.00150962664814547	0.000425284072686099	0.00479855854000912	0.0170685066427415	0.0047559165842733	0.145956225197088	0.0001201052936341	0.692282018994301	0.00136920124426656	0.000391936416169479	0.0240298532245265	0.00945039042367223	0.000104512928260285	0.00023929520464679	0.000685715972514255	0.00156685349267053	0.00014717030396612	0.000744240700427011	0.000270149506498506	0.000714869164797609	0.0151573106377588	0.0781557077689207
0.000118032985147992	0.0010544295960592	0.000753781120465902	0.00946047951459139	0.000312586913385663	0.0626429418698992	0.119560885286027	0.0112292314831157	0.671850482152532	0.0177182150556074	0.000718761973437934	0.0172845750032864	0.00290664246541686	0.00017053532619833	0.000137066986121148	0.000137077608434877	0.000877441708568059	0.00155836901295191	0.0204119546212051	0.00612584435204955	0.000126600243248634	0.018341317716987	0.0365027470052639
0.000886203649554234	0.000264756264012605	4.83330276888901e-05	0.00406366031788226	0.00113185611962929	0.00218916178853772	0.110295364130481	0.000183445828564757	0.698869187031338	0.00230561245712541	0.000250003490009719	0.0176694449923689	0.00756100302359175	0.000429316932395834	0.000134330328023091	9.48710476711822e-05	0.00860613928802965	0.000126454124603277	0.000295433311998398	0.0166874084911613	0.000583375596690511	0.0494130875159293	0.077911551242712
0.000222356540882139	0.00502597396591913	8.99906508386664e-05	0.011582133554403	0.0126392155195073	0.000477754529926263	0.122680608829366	0.000112525317495368	0.685458838699556	0.00232968425181508	0.00735369114032494	0.0597517745159502	0.00667889874669215	5.32954359018782e-05	0.000760296982951999	0.00474428172771573	0.00878355954674702	0.000331381350981654	0.00156164402440087	0.00760914652608022	0.00326698793470818	0.039042508587892	0.0194434516199437
0.00113565706656931	0.000416400040807168	0.000504104151252446	0.000338270700791997	0.0343696346239312	0.00157440029044638	0.132158285198393	0.000608188388785419	0.664412310799496	0.00142994738285506	0.000251839801629751	0.038991873182993	0.00118292206477065	0.000376821988026653	4.77327246578737e-05	0.000300856463849119	0.000702972050294942	0.0012753283107214	0.000326907195282189	0.000302918389757591	0.00583315266700335	0.035523562946977	0.0779359135707078
0.0009658485772831	0.00702871693111452	0.000302165233151189	0.00481502848800425	0.000396587951049175	0.000905779299423993	0.153222564429052	0.000120032189122132	0.664961994577625	0.0202282264394813	0.00127848502243396	0.0641646850626082	0.00892988866968702	0.000232333399164923	0.000881573074418435	0.00741360789998175	0.00599421366914766	0.0172643119229423	0.000544104153107634	0.00200740038086382	0.00571987195339588	0.0311626927017401	0.00145988797520169
0.000169549223719945	0.000825358029111068	0.000227578976077313	0.00913387736371602	0.00128154416228123	0.0139338678351583	0.122494236848103	0.000411680418589532	0.693469004962673	0.000604151670311061	0.000534973541827914	0.022704672810138	0.00328262078150823	6.84958837408768e-05	2.9131401686516e-05	0.00889326764507342	0.000694571914356763	0.000200316235543613	0.000751915979549499	0.000342176145859516	0.000993803757549029	0.0355565619096109	0.0833966425038161
0.00179656952164891	0.0499015782319472	0.000122231391456595	0.0104171320801649	0.0124913586438395	0.000318726748664809	0.118458205533519	0.00115423505684726	0.66110067431105	0.00136206088810872	0.0026165980451312	0.0465406865045368	0.0129677812902058	0.000390784596783607	0.00356033365744139	0.000888010232966453	0.00161134932092288	0.00812362418713532	0.0125811826963247	0.00031995598444195	0.000641648981306686	0.0297061095004288	0.0229291625951271
0.00934995802656262	0.0284989016100082	7.34511783290476e-05	0.0126000179359169	0.00336827333221665	0.00211500989607779	0.131602208782472	0.00152094676044069	0.71661866969034	0.00172296097589027	0.00154429504943459	0.0417066730495448	0.0105009458428246	4.11363101887741e-05	0.00314294489565287	0.000175456205715855	0.00271915728185014	0.0043130780025698	0.00150081424563131	0.00436448811399957	0.00163823016617271	0.00950207281009928	0.0113803098380609
0.0003294188072473	0.0113671740044627	7.02261499851846e-05	0.000861524353084424	0.00432167710434342	0.00919632244833241	0.151756852720563	6.45395676956671e-05	0.712945513236016	0.0137532457033589	0.00104100077456155	0.0338182196099427	0.0115844135904331	0.000120990968192534	0.000432193959354573	0.000722735447943652	0.0117777966171359	0.000281347776527641	0.000744993356174208	0.00681652574551453	0.00085031334147203	0.02574237219518	0.00140060252247826
6.50879608597944e-05	0.00248349294933971	5.11521142030169e-05	0.00153123506866468	0.0186399869626414	0.033971416145381	0.144171722402041	9.03663434962128e-05	0.678447826402314	0.00353688324643442	0.000266088199380057	0.0312311715513154	0.00198476881789204	0.000811371691022514	0.000573894930113534	0.0018856084049429	0.00359378041238185	0.000132141307063347	0.00026989671919934	8.78087021012145e-05	0.000540781815280504	0.0185494277439861	0.0570840901099456
0.000882363499107814	0.0276458759479265	5.45784505447021e-05	0.000339734121073354	0.0136177227344771	0.00675650279107063	0.143421899165707	7.92594616248981e-05	0.700245169490943	0.00061984510972257	0.00246756221838813	0.0311321698709226	0.0205679418025832	0.000580091199450159	7.23913784761387e-05	0.0101598451377672	0.0008667499757388	0.000557492690026284	0.00105733137467996	0.000467891108877225	0.000218466094168615	0.014216422493622	0.0239726938831027
0.00266048417060739	0.000396093253676625	9.123413816975e-05	0.00490430420096511	0.00166539242782208	0.000242985105606758	0.136004876151856	0.000230839376998927	0.677553375644208	0.00821332312736073	0.00315352126811433	0.0333389068575758	0.0328103200663465	6.76092076597527e-05	0.0025161848009319	0.00391198727657639	0.0187254675779141	0.0012585238571262	0.00241505899272624	0.00115353086398806	0.00114695343321539	0.0640824655211341	0.00345656267941899
3.76570613072843e-05	0.000571500419050101	3.2370195785302e-05	0.0111872879486879	0.000370848709919356	0.000607690239954603	0.167912452711849	0.000126296552038808	0.743109365272076	0.00050119925325182	0.000293417338995237	0.0336343918117488	0.0156523335258347	0.000142582598613091	0.000425097421493375	0.000105770127163944	0.000133268427964377	0.000414832827153289	0.000465208625430231	0.00177011558617139	0.0102086024894227	0.00656740034027253	0.0057303105158161
0.00038442754344414	0.000454759494772648	0.000332915145454423	0.0110293233387349	0.00027055286752003	0.000712434123441751	0.137012543951291	0.000115254514738994	0.713236385484887	0.00711594052300693	0.00481534767189008	0.0185596141552039	0.00768761304777015	0.000442413668470548	0.000143152055924654	0.00055337222942461	0.000266316785687537	0.000403323357128123	0.00268789330415149	0.000777811260811785	0.00433992104086732	0.0430175625001763	0.0456411219352022
0.00581072178617576	0.00761233698173814	6.00398990082663e-05	0.0113239815173474	0.00703162842514674	0.043814841162677	0.120707849502916	0.000102491000668038	0.680785485490015	0.00293672560485125	0.000525511770117561	0.0183714691721381	0.000706260363320554	0.000176806498983823	0.000109506827538493	0.00134989090048375	0.000700939196997383	0.00899237713956712	0.00394199888888906	0.00153290989925269	0.000527094945311139	0.018972690716843	0.0639064423100135
0.000301416524287105	0.000657838316548992	0.000135445700086257	0.00328704070947552	0.013390716311888	0.0124463682983387	0.119262619332115	0.000283438116790347	0.608197976599882	0.00172695907147162	0.00034389547661278	0.0393477190340076	0.000480118596327915	0.000105941107240432	0.000379319612817374	0.00240971195799299	0.00376287393989005	0.0962900951228193	0.00036812013128625	0.000415107206235331	0.000149164290358107	0.0415439723080558	0.0547141422354729
