Bcells	CentralVeinEndothelialcells	Cholangiocytes	Hepatocytes	Kupffercells	LSECs	Mesothelialcells	PortalVeinEndothelialcells	Tcells
0.000112842075767718	0.00955117765377704	0.0705845085817459	0.894768486774654	0.0144310617553327	0.00854188457959418	0.00184832159551194	0.000105195323867594	5.65216597484913e-05
0.000535520876360706	0.000764922967093418	0.077178419635376	0.88037858986469	0.014746403680269	0.00670147081305031	0.0040602000986829	0.015598590545525	3.58815189527791e-05
0.00201169881119004	0.00031654287356705	0.0670601403979176	0.893133103511061	0.00831512846970976	0.0198292732153158	0.00190553045312322	0.000388932031382341	0.00703965023673294
0.00490941841008369	0.00460051905582582	0.0695557232776084	0.899002803770526	0.0115757046288379	0.0042979145588098	0.00151466212759453	0.00350463152891433	0.00103862264179973
0.0024649831261811	0.0240195110437919	0.0753447638877915	0.889343883481602	0.00408485502786477	0.00149721346516571	0.00227656877813827	0.000801346222955855	0.000166874966509332
0.000509439357451607	0.00120554337430399	0.0653933140493639	0.896452635833229	0.0112298359745497	0.018332218020727	0.00202261552570221	0.00102826694543587	0.00382613091923668
0.00378385369709689	0.000297209203998334	0.065088869565085	0.881833582899142	0.0191078176588743	0.0171313533361518	0.00204659821731302	0.00464044192187648	0.00607027350046236
0.0177267063935764	0.00010357003537543	0.10776070748835	0.819928168718017	0.0121590839322307	8.15612178956162e-05	0.00826298253107772	0.033924162613264	5.30570702137624e-05
0.000875876694855221	0.0103270088484566	0.0807104556263385	0.889306919246763	0.0120496122117358	0.000706958366045567	0.00303707388432245	0.00290956824815128	7.65268733317915e-05
0.00186457354204317	0.00650536397293769	0.0732093087324259	0.901512944407767	0.00763534620223006	0.00806297075950145	0.00078574532910485	0.000369844795979627	5.39022580102227e-05
3.12008973551467e-05	0.0101608424867188	0.0679528473647416	0.901088712238256	0.0128412782433152	0.00348314463298807	0.00202667497672848	0.000110331766182952	0.00230496739371334
0.00038675804982668	0.00117911669444528	0.111611373426214	0.862617241082361	0.00522713201617572	0.000305890983627156	0.00269884387771358	0.0159626901545458	1.09537150907825e-05
6.09711018014118e-05	0.00251120333786449	0.0727562450015876	0.895979449868428	0.0143099402232218	0.0119088849952571	0.00186794581502587	0.000580235030511638	2.51246263018043e-05
0.000104209890004541	0.000230497396993198	0.0698707848043169	0.895983364974371	0.00841186625655663	0.017792762019369	0.00109956767705505	0.000329633346349089	0.006177313634984
0.00473395718364051	0.00113740291509493	0.0588077257169875	0.906272668285964	0.00596721165334552	0.020852195905976	0.000762278985995451	6.93389806722208e-05	0.00139722037232351
0.0124897779883817	0.000257575322792235	0.0821293776812451	0.881938320235333	0.00795454311666259	0.0137623352100696	0.00115782067456691	0.00023048755435458	7.97622165942146e-05
6.04808709539972e-05	0.000924022357980633	0.0661423807354597	0.903024775993306	0.0123554146618885	0.0164675392341684	0.000875622320556321	7.94214910624138e-05	7.0342334624337e-05
2.24449170279103e-05	0.0103396031958255	0.0699802118656604	0.904628029471398	0.00800843006986007	0.00412736293751012	0.00174234555079368	0.00105129878501758	0.000100273206907328
0.00014961101058607	0.0244931049679478	0.063359863482846	0.903953673778614	0.0051665052580527	0.00107656733448626	0.000973140093699764	0.000534941549161881	0.000292592524605346
0.000843484660678178	0.0215070174883708	0.0735830638678897	0.891163703492967	0.00557734170360161	0.000747215151886517	0.000733093079128857	0.000875497120008164	0.00496958343546932
0.000559218110569247	0.00460720852889561	0.0730500137029736	0.902747468549368	0.0067541287300232	0.00792912381608564	0.000803922269462718	0.000142024154915715	0.00340689213770555
6.560549171912e-05	0.00067782060317148	0.0637395522691347	0.902192722587174	0.0170416100033197	0.0127983457744134	0.0025132177770882	0.000602465785860443	0.000368659708119371
8.20269442817873e-06	0.0108326790167554	0.0688660532996904	0.901141100328038	0.00659690156717528	0.000659961519072043	0.00224485867237806	0.009586129684594	6.41132178688134e-05
1.91884262638867e-05	0.00155122498666098	0.073699636125003	0.892199540065015	0.00900444473713867	0.0225340631333355	0.000330431575055098	0.000642048588503896	1.94223630239115e-05
0.00037896099965969	0.000831428771243411	0.0719260570427476	0.901794409521849	0.00767138838988609	0.0128126069412804	0.00173485754108386	0.000410410131557331	0.00243988066069332
5.68762798876337e-05	0.0108407538902613	0.0676312676754229	0.897672617103523	0.0130022121673453	0.00277548384799189	0.00152173868624116	0.00578260613107064	0.000716444218256013
0.00048978377111182	0.000401623520062269	0.0720503024930641	0.879749698293985	0.0187873046670196	0.0243479542672767	0.0016990267120626	0.00214294625297016	0.000331360022447346
0.000345438094044391	0.013086179072722	0.0678343617263194	0.904711346770238	0.00785425771572148	0.00345575822831123	0.0015914801862502	0.000701800157890767	0.00041937804850215
0.00686949518040396	0.0138277112936488	0.0617517525632096	0.902155204913308	0.012577971437091	0.000598216969966659	0.00139702368521157	5.60248482607508e-05	0.000766599108899766
6.78092311780999e-05	0.00033493905860469	0.072455767016504	0.888374511568852	0.00863842856987062	0.0108561373528392	0.00228464573305421	0.0169607970951509	2.69643739463812e-05
0.00530365489604863	0.00543220876919458	0.0670179317023298	0.900206752142513	0.00770902761726181	0.00840265777084282	0.00270072111870969	0.00255877656189272	0.0006682694212073
0.00450729670125446	0.000279359686782156	0.0744697192141394	0.878148566943804	0.0243909321676681	0.0158193048072639	0.00118854852413368	0.000752218047402101	0.00044405390755229
0.000377435803743074	0.0142405978813762	0.0603594407056196	0.907888438170658	0.0079952071322996	0.00126124688813728	0.00176153078937903	0.000853590694798163	0.00526251193398859
0.000785975266413272	0.00821028223604742	0.063520786265921	0.911580538616572	0.00729735989988487	0.00130647496767656	0.00170004503034619	0.00328416334720784	0.00231437436993102
0.00140273181194198	0.0117120660633679	0.0723821052693089	0.887388998505169	0.0148325172771742	0.00516419418622446	0.00251641328193017	0.00445061155958702	0.000150362045296527
1.86005603417343e-05	0.00812005616556081	0.0703817604532739	0.907840350982739	0.00895434597646736	0.00260817049494677	0.00194046986637356	0.000100462365585021	3.578313471156e-05
0.00749207196538893	0.000239734560747261	0.0701407390687688	0.881028462921957	0.0163249814364342	0.0161335665419342	0.00135803787329362	0.000976931266140401	0.00630547436533568
0.00350258851679094	0.0014369399146558	0.0637630137879339	0.90082248725108	0.00755903834258974	0.0204249845139191	0.00148202313881116	0.000960475437369748	4.8449096850064e-05
0.000990179627854747	0.00622560205113588	0.0654203017461622	0.903159461888655	0.0131931708641853	0.00737369032871561	0.0016767441953224	0.00177789586783597	0.000182953430132841
0.000750777675751229	0.00246495438288313	0.0629481825472843	0.899929531895029	0.018691969385633	0.0147513710441059	0.000191236286838481	0.000146941104941454	0.000125035677534127
6.76962204916568e-05	0.000380691196013011	0.0723406118532648	0.903645114284533	0.00395805829937961	0.0131898487471246	0.00107118350927282	5.17173623525e-05	0.0052950785275682
0.000201949134734989	0.000380666594018173	0.0665758613194799	0.899111723424567	0.00708741538550442	0.0244710691192037	0.00195365246671913	7.15119648240254e-05	0.000146150590948358
3.60401023883458e-05	0.0113615810989752	0.0709577345319383	0.907226905556072	0.00507778744589315	0.00353184575613266	0.00175918549855089	2.86510874235203e-05	2.02689226258808e-05
0.00881250855266643	0.0121866087540459	0.0679472799783511	0.90177341443905	0.00617467408594263	0.00159383053381422	0.00111967276134818	0.000365414852256733	2.65960425247855e-05
0.00422183278184145	0.00377046515605156	0.0756715277540806	0.884073303754114	0.0108256061786141	0.0101714295254949	0.00347019267871142	0.00702922853456864	0.000766413636523234
0.0185237866740932	0.0123404672547586	0.121335090180033	0.784614111137598	0.0100669995671251	0.000147850832926042	0.0104189202451999	0.0380581574434031	0.00449461666486301
0.00505845688520675	0.0131729565895604	0.0639791201501931	0.903436197464507	0.00990667865657701	0.00053257530185911	0.002505135098586	0.00135886662193533	5.00132315755451e-05
0.00103419274354735	0.0127255467565142	0.064345846630303	0.898731554725171	0.0139097429283235	0.00578609049149434	0.00178969303389957	0.00153884759403085	0.0001384850967165
1.51099348821363e-05	0.000398022445475276	0.0696449884335929	0.894788268359193	0.0162848641658391	0.0156335015343012	0.00218655177937406	0.00100219265409776	4.65006932439349e-05
0.000226777382172768	0.0381305750257034	0.0716621184715402	0.878119168970376	0.00551880376025635	0.000348576611473658	0.00231175023771824	0.00320964112776672	0.00047258841299249
0.00336113193238413	0.00012957645449997	0.09320505907506	0.861372391559852	0.00937502390467829	0.000187783932718477	0.00291467758630042	0.0294269834968692	2.73720576377248e-05
1.87779521521449e-05	0.00497712841922046	0.0747015768092007	0.897207257129597	0.00627301415640121	0.0149355910410013	0.00175221032093046	0.000112979255370959	2.14649161257107e-05
0.000594867648237443	0.00164890935026062	0.0749455769768763	0.894259855947861	0.0094969019405061	0.00805759514884229	0.00295983987009081	0.00489358019131973	0.00314287292600531
0.000252316111806295	0.00720903576622255	0.074918128576834	0.900873813527316	0.00557632803799857	0.0086791877344284	0.000921307673271274	0.000674473495875813	0.000895409076247392
0.0002172628960404	0.000169819571689564	0.0641550442379852	0.9076905586285	0.00992528052861799	0.0163383900493472	0.000951975732220571	0.000532548003322618	1.91203522763543e-05
2.14242260384845e-05	0.0241475091282853	0.0792876271774368	0.885488936040578	0.00501869630162937	0.00162516493193129	0.00205620364126963	0.000288157477851263	0.00206628107498011
0.000840099479460427	0.0249276007248668	0.0749887350850483	0.88643549297868	0.00957510678919444	0.00127555327078763	0.000798774711480608	0.000218553057798446	0.00094008390268378
0.00555568794977598	0.000472860900494084	0.0701739882641264	0.898284428195047	0.00840624898290745	0.0146120210309382	0.00110964217991842	0.000255680847290698	0.00112944164950207
0.000259509894881733	0.0108165644846208	0.0726500430523766	0.904223479222449	0.00632479345054846	0.00120254233847212	0.000801380779848965	0.00358726378237406	0.000134422994427889
3.46781479434351e-05	0.00184646786310685	0.0785938787140887	0.883527530992572	0.0102063974103009	0.0139416492876033	0.00228618420456682	0.00953999650838457	2.32168714328733e-05
0.000112868318164196	0.000598070010759053	0.0707010817991442	0.879678253828147	0.0145093860034601	0.0155164963534629	0.00264184705362665	0.0147299836506529	0.00151201298258256
0.000645022771594148	0.00517602300895983	0.0694741436079041	0.895663464124606	0.014663882689851	0.0104368473820068	0.00108524724931921	0.000678750701896887	0.0021766184638615
0.000248805724310578	0.0232187698223011	0.0713426067976982	0.892610698910349	0.00831498625606137	0.00143903923683855	0.00161524573657463	0.000133558935410819	0.00107628858045599
0.00382070066550386	0.0206439880144011	0.0646927098646302	0.890816035270828	0.00594577000237303	0.0117151100764703	0.00184607641143921	0.000434450701822828	8.51589925310199e-05
1.62778006320981e-05	0.000461578563608809	0.079259964261974	0.888772091687692	0.0155266502341225	0.0129696510461672	0.000971332845067877	0.00199611726537878	2.63362953565421e-05
0.000402759997496088	0.000299748566288956	0.08754906321913	0.886217730385592	0.00578823077775042	0.00559848255085369	0.00225410242581026	0.0118753615479237	1.45205291547982e-05
1.2771867695172e-05	0.0123578633431026	0.0612018457434542	0.88418376352563	0.0130826778718004	0.00737580953729611	0.002867090442905	0.0081053944500753	0.010812783218041
0.0024162586569154	0.000207596798287856	0.0788121972737476	0.886053278087029	0.013171058181999	0.00780649457333435	0.00284609805275779	0.00850174673194226	0.000185271643986435
7.05984131307493e-05	0.0152648788033465	0.0623461650069921	0.906024001295013	0.00895054761695087	0.00183770495710113	0.00265851277002646	0.00277646825114611	7.11228862934492e-05
3.8158846348952e-05	0.00456935181292932	0.0736249216991986	0.90541797594113	0.00780864964501788	0.000605487298388559	0.00248948823987062	0.00543698568787612	8.98082923990244e-06
0.000144511575252179	0.016718687095638	0.0715238085035978	0.882545240893898	0.0154756670950509	0.00190235368739979	0.00188764663364296	0.00169039383541336	0.00811169068010759
6.92232489678557e-05	0.0284249532759161	0.0744430699354193	0.877621486113683	0.00672562133314862	0.00218857985388817	0.00405120046254895	0.00413486716686252	0.00234099860956545
0.00014240077209353	0.00992383977797957	0.074179227265141	0.905749660780156	0.00786427869635556	0.00101217267207957	0.000376548556025538	0.000256139830094745	0.000495731650073979
0.000107367390119249	0.0171003242165584	0.0733957417620836	0.896951814480228	0.00799299304900104	0.000330293842475938	0.00108084820853513	0.000122278755232542	0.00291833829576582
0.00134395722244686	0.0226214044294494	0.0628257331445115	0.899252931532761	0.0058265875960102	0.00451868318380941	0.00246214596042741	0.000167196354200201	0.000981360576384105
0.00322131832871841	0.00247306455606277	0.0677354938326827	0.901213104445199	0.0126808600226201	0.00589245167147877	0.00178093571666982	0.00497172036238861	3.10510641802341e-05
0.00268005030771006	0.00126896296705792	0.0839231519245748	0.901762339017356	0.00579658230240579	0.00133419975296266	0.00138090334159403	0.0014623462342585	0.000391464152080292
0.000783303688919181	0.0014025615683215	0.0876240971337209	0.882792762888715	0.015692527668795	0.00683722182219394	0.00204674538587036	0.00273738431660109	8.33955268632478e-05
5.89688892094793e-05	0.000214134476795608	0.0610046139560458	0.909938928109026	0.0185142602438244	0.00738032262830015	0.00132918599798291	0.0014312675497093	0.00012831814910636
0.00210814362610476	0.00299871403314478	0.0689697311660484	0.889311962375724	0.0119276566914601	0.0154529193883344	0.00140566409029127	0.00176172384114396	0.00606348478774822
0.00984231793982305	0.00472798302014026	0.0687074619865312	0.888118970030663	0.0121611040319323	0.00720541549734284	0.00277033657862313	0.00644805882877831	1.8352086166307e-05
5.82338968467609e-05	0.0175717024673992	0.0713302298887895	0.900262979712533	0.00878879419510693	0.000337513996385953	0.0015491030619649	8.37842730892282e-05	1.76585078844619e-05
4.8359945289118e-05	0.000243814493114314	0.0719542781651765	0.894346737626019	0.00751496140628536	0.00872445250795371	0.000537548679263876	0.00864369331259818	0.00798615386429949
0.00122394823923559	0.00194084042986484	0.0643407328485077	0.906658859191045	0.00884868070271875	0.013941312717148	0.00133771683239945	0.00111991756989957	0.000587991469181338
7.5263468701152e-05	0.00376226984997429	0.0665325210816388	0.900408338553599	0.0139704598063231	0.00781751731478512	0.00130012492550881	0.00609643122083114	3.70737786383674e-05
0.000250096388471297	0.0156231278551385	0.0704380231493888	0.897478847874643	0.0127439310795606	0.000764372575156581	0.00120108348380654	0.000538222937588565	0.000962294656246318
8.67085232409664e-05	0.0101731849381246	0.0659557400767808	0.896617296463065	0.0107980503803347	0.0134535277245146	0.00248551431465122	0.000214876691553942	0.000215100887734352
3.05098504731246e-05	0.00769548484897573	0.0635560861480458	0.898920507143082	0.0133251014409988	0.0101105014503879	0.00297506964665147	0.000978942193078588	0.00240779727830625
0.000936469417574662	0.00504134024347994	0.0696341338648767	0.897185470691909	0.00899518962277371	0.0163842766099952	0.00131777060407402	0.000114262490184302	0.000391086455132853
0.000491496308977342	0.0201532733162015	0.0731239692987787	0.89103042195829	0.00759546122642645	0.000287097693191583	0.00182617649201624	0.00543670210707817	5.54015990402133e-05
0.0135312487636489	0.00601484480505858	0.075647118026409	0.860355871290287	0.0106399207182594	0.000183002056040094	0.00711456788206988	0.0259696728490377	0.000543753609190065
7.96129623745927e-05	0.0078739956369403	0.0618396879958655	0.906784239829336	0.00910066854242538	0.0101753824806731	0.00163000201076048	0.00100076661701488	0.00151564392461041
0.000410008178075577	0.00276020047604943	0.0746933977017379	0.898416313136048	0.0125458882886222	0.00928906188192875	0.00143975001459408	0.000247143817131512	0.000198236505811988
0.00231921708315892	0.000850408909885638	0.0796333765284717	0.887799360722612	0.0103508862024213	0.00343506330631562	0.00145452098646695	0.0141447550652622	1.2411195405608e-05
0.00110062549035379	0.000319439339922681	0.0694888981883183	0.89557755500005	0.0132205845878155	0.00872504649227161	0.00241212596917091	0.00907153559230419	8.41893397932677e-05
0.000207505131814157	0.00353579662090279	0.0716553014349413	0.888680088500498	0.0153301579293235	0.01372030373424	0.00201434270356961	0.00319183444270509	0.00166466950200613
0.0150205139658525	0.00337925798143438	0.0736840800005206	0.87453361859828	0.0083277013765934	0.0226593556994389	0.00194778385325913	6.33849750841123e-05	0.0003843035495374
0.00882395024364934	0.00146190232763129	0.0707853545581977	0.887550459034517	0.0140725317218237	0.0156074470051431	0.000695500862107006	0.000941453448591524	6.14007983395689e-05
0.000239859627113521	0.000168292415218052	0.0756003718169543	0.895328999409736	0.00519522179306029	0.020496503463321	0.00261466305030568	0.000335164373127182	2.09240511640103e-05
0.00120868931272056	0.000251478354926724	0.0650076561024827	0.901311016793242	0.0101927687336169	0.0160874064053505	0.000664281287720903	0.000197176315675158	0.00507952669426466
9.79610314958026e-05	0.00071308628887812	0.0679958791336822	0.904006027800574	0.00880542456809942	0.0117561122100648	0.00160614262834339	0.00489198506356623	0.00012738127529657
5.832702358243e-05	0.0104721984879258	0.0653330848081929	0.905310820185279	0.0121978221167311	0.00387386905042159	0.0022733626920175	0.000158514181908883	0.00032200145394141
0.000151423437311755	0.00663603830156618	0.0656297282623254	0.899858582799337	0.0101497371486129	0.0124709426317447	0.00107942097432473	0.00396549498234505	5.86314624317938e-05
0.0032533093562729	0.00789118885056521	0.0702969938124755	0.90173416419256	0.0076840974007715	0.00329739704736829	0.00139688930516038	0.00306234853198729	0.00138361150283892
0.000901906521402387	0.00667670098823547	0.0664286134656576	0.891556906178244	0.0160742975186744	0.0167818966915783	0.00111959551383421	0.000392675349104166	6.74077732697581e-05
0.000652217783943515	0.0106374608148554	0.0652165287272776	0.908959224167623	0.00651044334630381	0.00549906752842864	0.00185753283841353	0.000115530101474351	0.000551994691679607
2.00441848170032e-05	0.00163122811453356	0.0657661881714805	0.905826325859396	0.0108144154535048	0.0119657037741855	0.0022720288632322	0.00158853367291266	0.000115531905937584
0.00270395062296203	0.0151700317627226	0.0688896643931516	0.900976423792103	0.00974189062515132	0.000689377635494967	0.00165950464967076	4.43822138576395e-05	0.000124774304886047
0.000564572760023985	0.00238322268452665	0.0651697469881044	0.907590982642794	0.0110075627003977	0.00928136592745622	0.00136694450515969	0.000356484658554301	0.0022791171329833
0.0077228675011424	0.0101119430370896	0.0728389616605922	0.886695978539422	0.0122070792951243	0.0089694664032579	0.00136319331190006	7.09595847144014e-05	1.95506667570933e-05
1.74495582836395e-05	0.0130168135219664	0.0573571803401072	0.905618044882043	0.00990895678074099	0.0105254335584805	0.00231721898781793	0.000438630141658543	0.00080027222890187
1.79466005216285e-05	0.000859210875137229	0.070364254407564	0.904149966832398	0.00947064893814773	0.00851407481255973	0.0022411911260709	0.00423678468927033	0.000145921718330219
5.10021974252947e-05	0.00964157568435604	0.0702152135637691	0.901100988803382	0.00917192902967378	0.00606671721842758	0.00193617625783923	0.00152066878307507	0.000295728462051729
0.000318019961630747	0.00420655485804652	0.0741632517849433	0.9032678355958	0.00659975152490823	0.00747209506299743	0.00186584970563211	0.00196348123004757	0.000143160275993577
0.00259271529384813	0.000188596100790235	0.0724919080071714	0.899179667006068	0.00967146641727722	0.014498318905035	0.00114068243685874	0.000113293771430907	0.000123352061519871
0.000541745741367288	0.00930074074527712	0.0640513536533558	0.897731527778069	0.0112867400488294	0.000466740836006845	0.0019155009619686	0.00693452940269617	0.00777112083242954
0.000716082386401567	0.00261567199239097	0.0739898726942566	0.895419454543483	0.0119698025215143	0.0124035377647264	0.00238939382153275	0.00029296932336324	0.000203214952331043
2.30446039150116e-05	0.0156171953871217	0.0631198085073901	0.90633406312871	0.0100965576495458	0.000776183549314717	0.00127538769329283	0.0023715989472105	0.000386160533499168
0.00365698368226837	0.00325365770912378	0.0693737541590702	0.89302481772145	0.00728779226945047	0.017681916717621	0.0024975653318515	0.00292934044145053	0.000294171967713961
1.99935615839065e-05	0.0227841103638257	0.0707503351946515	0.892957088473113	0.0056684875519802	0.00580062521267017	0.00148199375184215	0.00043730717802228	0.000100058712311088
0.00109683970723067	0.000912934663280018	0.0740927248095426	0.891470709267302	0.00908314573260021	0.0106200415777527	0.00322073306894809	0.00595812858924265	0.00354474258410095
0.000438950568027573	0.00016649528606251	0.0722656152737696	0.887370351085257	0.0194651054911896	0.0178729329719556	0.0015911619220816	0.000171037216532218	0.000658350185124817
1.98565179580232e-05	0.00184131256660488	0.0637669148478615	0.901944583142218	0.00899399405213292	0.0217522579582751	0.00118632865563359	0.000224014213506896	0.00027073804580895
3.50416638312182e-05	0.0119030345008152	0.0626969441429343	0.89894877206489	0.00616870637314739	0.0153804216201803	0.00170772092328297	0.000485200775899021	0.00267415793501924
0.000168516915667643	0.0116723780348744	0.067881069153309	0.90712118766472	0.00746709492888274	0.00168529519609789	0.00135355512883282	0.000110943056743535	0.00253995992087219
0.00165135267335794	0.00285910228220149	0.0673160222047877	0.903028740880759	0.00895973311159559	0.0124742509180929	0.00211509066158566	0.00154585666973536	4.98505978843034e-05
2.62044709323375e-05	0.0011842741567897	0.076999441337864	0.891142138329496	0.00554877086143572	0.022258589174881	0.00171836992127615	0.000169886510621693	0.000952325236703696
0.00475518407592787	0.000170485384876887	0.0652518164374903	0.89250400468081	0.0153054343664407	0.0159987304176169	0.000576790230253157	0.00263504080769456	0.00280251359888985
0.00116856585916382	0.00121652531090954	0.0646902232565335	0.896455244223893	0.0166083661437736	0.0177010251569157	0.00139886056508909	0.000570142567863288	0.000191046915858138
3.64642224534683e-05	0.00460837716447452	0.0638317431373915	0.901078285060389	0.0193952175791039	0.00795005515625717	0.00159997015974329	0.00145940997247147	4.04775477154135e-05
7.8632576233508e-05	0.0057386834919781	0.0917732231759847	0.878732700053632	0.00835710476866524	0.000655896412922447	0.00286694872067883	0.0117864135950465	1.03972048589279e-05
7.35734121428758e-05	0.0153500735199771	0.0613886550698191	0.903942414397921	0.0115595085549315	0.000873723450823153	0.00174084293274223	0.000377480711565217	0.00469372795007754
3.03041993913082e-05	0.00345174143313188	0.067249519605767	0.90213003941869	0.0116812503636625	0.00586858279663153	0.00151857709591185	0.00271396487626732	0.00535602021054652
1.37172340462845e-05	0.000360451272440177	0.0703793762488163	0.900377824191873	0.00777579097744623	0.0193889249808399	0.00136964332623594	0.000303605359219032	3.06664090836521e-05
0.000183298099756826	0.0165779614154514	0.0668209617044772	0.905132155838828	0.0091950451410241	0.000503651467385515	0.00138500836169378	0.000168177042275799	3.37409291077968e-05
0.00046581462508763	0.000236236920999021	0.0711969579516964	0.90823318429927	0.0107740105211989	0.00102289214045388	0.00152951427781285	0.00641999876000613	0.000121390503475457
0.0181260547041327	0.000276291312349066	0.061983894346234	0.893294713964007	0.00786815892581399	0.0146943372795102	0.000480711230395033	0.000873210391584231	0.00240262784597385
6.02473002009174e-05	0.000432956657317872	0.0679554251231418	0.907431570141389	0.013032233663657	0.00759131091756027	0.00181421206475437	0.0015932040016873	8.88401302915842e-05
0.0048781544768283	0.00403790855860966	0.0695284316659536	0.897401205154744	0.011482694384605	0.00126265590337905	0.00113106304721798	0.0101939911253614	8.38956833008217e-05
0.000687669998023574	0.00913889814141173	0.110713411206485	0.846946322414547	0.00434092821636159	0.00257390758808197	0.00287999324313149	0.0215884406390833	0.00113042855287432
6.0305318389955e-05	0.000917644463771116	0.0686204259288251	0.901014137832382	0.00986126214295156	0.0147107503745048	0.00328330712263097	0.00151455579539476	1.76110211500152e-05
1.47441611414435e-05	0.0083882905936823	0.0649791870390337	0.912358339668112	0.0129659621309204	0.000967063652930034	0.000291806400066377	1.82466991867018e-05	1.63596549270432e-05
0.00184260837999653	0.00895704232395847	0.068262744238899	0.900609765723658	0.00931173628705999	0.00661616558842732	0.00226318477785691	0.00148903383002377	0.000647718850120139
2.70781345999853e-05	0.00432626780451466	0.0724873925563493	0.890308296674548	0.0187892790813161	0.00295682925797353	0.00196843530284737	0.003661250327381	0.00547517086047037
0.000354631027653811	0.001977906594494	0.0642377416773902	0.892550511242325	0.0145968508030102	0.0121805828965363	0.00235958840432999	0.00912958422351778	0.00261260313074263
0.000310168258008924	0.000835556707294405	0.0701029296393154	0.898481835151955	0.0103171865141429	0.0176984765717451	0.00177892471350997	0.0004084544978658	6.64679461630296e-05
0.000143168273372099	0.000239256511180228	0.0778609477634713	0.887239148244787	0.0112362018528935	0.0126517474535353	0.0013908497939793	0.00920598547831317	3.26946284679297e-05
0.000991907283703516	0.0082907703271629	0.058556838291119	0.904742901232218	0.0126776873172484	0.00787579971716104	0.00110376176090176	0.00103639824581959	0.00472393582466525
0.00608363081658742	0.00551222684761941	0.0679997140975237	0.902431278929633	0.0138724233730494	0.00039040707036028	0.000973655956151956	0.0016604409977184	0.00107622191135645
5.43933921845001e-05	0.0062087851063478	0.0686829836551543	0.893991279262817	0.0158031591685476	0.0102509907243121	0.00146168648106668	0.000162386288490395	0.00338433592107934
0.000995670034089802	0.00412004204982681	0.0715284121457317	0.906835134636388	0.0064576925783967	0.00761653452625948	0.00182760190888205	0.000537511933253089	8.14001871728919e-05
4.77305523570284e-05	0.0107092912189872	0.0660027427189379	0.901158963913654	0.0109932680775489	0.00713023422819021	0.00166704266744161	0.000798560192972921	0.00149216642990999
0.000160994059975434	0.00279995875340717	0.07359511840723	0.898482044793321	0.0111907936525481	0.00346592361417968	0.00201879391725636	0.00685529718830906	0.00143107561377346
3.3985160688389e-05	0.00299079025218023	0.0770182308529144	0.89339355502977	0.00718751425603453	0.00478991252361163	0.00272718173475315	0.00851336242144541	0.00334546776860224
0.000320294883979032	0.00326938487664573	0.0657123477199845	0.909369024625503	0.00767665055428777	0.00648004448726318	0.00203315912129832	0.00378872853932278	0.00135036519171592
0.00117247414803351	0.002225043460394	0.0641037613701287	0.89419407347599	0.0220784223550327	0.00515928525944472	0.0014798709860782	0.00749547498006346	0.00209159396483472
2.79240136766698e-05	0.000556723870426777	0.10771930158289	0.861201036817564	0.0105143185466809	0.00593413337069803	0.00303242332717004	0.0110016839372264	1.2454533666363e-05
3.9753426645523e-05	0.00222436784805798	0.0691275558394069	0.900798627941483	0.0140955114712943	0.00394852013812316	0.0017672014641753	0.0077339011582519	0.000264560712562044
0.00125541994144112	0.00837666179941972	0.0672592932008	0.903980620306068	0.0137715121810316	0.00422199812878087	0.00104671533837036	3.08305489393147e-05	5.6948555148544e-05
0.00530822546215226	0.0158184401033612	0.0660274054283409	0.898908481032152	0.00543032402806129	0.00520677751758821	0.00209199104163348	0.000510970567864036	0.000697384818846201
1.63778559076105e-05	0.00287303093401223	0.0731822247811961	0.89624987225772	0.00961987263444813	0.0123630510190586	0.00193542114670358	0.00356845018924765	0.000191699181706458
0.000248144192673805	0.00889469694791093	0.0736655886892359	0.900860158728654	0.00704313517341427	0.00464944704167421	0.00191746629565593	0.00267973927003188	4.16236607493927e-05
6.87453833416644e-05	0.0191596985345914	0.0639054811147773	0.907041621856427	0.003229334423055	0.000955620200907705	0.00121159185405641	0.00278315847062256	0.00164474816222045
0.00145803485879057	0.000388631405928474	0.0759265562756373	0.89712731111285	0.00818052472448949	0.012700524986449	0.00137949207537135	0.00134732604202484	0.00149159851845846
0.000709774456437226	0.000393573676232137	0.070659819055593	0.892135083845227	0.0149400157554519	0.0176064352455091	0.00197298283245311	0.00152571982717895	5.65953059179299e-05
8.45256645496015e-05	0.0211483496891259	0.0767492545583515	0.885313606805105	0.0108663959934986	0.000424660606421465	0.00421854117085134	0.000167265442043536	0.00102740007005327
0.0111011856137692	0.00252842439860194	0.0659727711065672	0.895981701204662	0.00990728103688287	0.00972420366964945	0.00117438748092514	0.000281554989621814	0.00332849049931978
0.000131495910887897	0.00577821816774851	0.0677936242354554	0.898053671436543	0.00884850961264687	0.0110854637628454	0.00242792843492804	0.00418628470678028	0.00169480373216424
0.00362431642756338	0.000383036615650372	0.0661661477206924	0.901145705679004	0.0087361553429769	0.018296371165442	0.00124205390750968	0.000289978068904759	0.00011623507225644
3.70283914090446e-05	0.0012371786709405	0.0788589140820108	0.895139474599644	0.0119445269768792	0.00307834039229926	0.00212501341902829	0.0072309706101863	0.000348552857602979
8.30983979023085e-05	0.010736649767312	0.0733270036523015	0.902248300294889	0.00478471697245748	0.000449072856346924	0.00190924834781888	0.00608340527527131	0.000378504435700048
0.000125171372280827	0.000701801256828833	0.0674028178715119	0.898728280606149	0.00752260216478574	0.0196912617082806	0.00160024170161605	0.00365077368295169	0.000577049635595473
0.00158341631232335	0.0092163091116525	0.0698176406967531	0.899952464049948	0.00569246284100392	0.0112423307366283	0.00175233910401122	0.000302018985646925	0.000441018162032648
2.42455081834317e-05	0.0078930016300423	0.0721138584284124	0.8990546710293	0.010269778311703	0.00615775058288109	0.00145222988787173	0.00301067019077596	2.37944308306067e-05
0.000170389478501019	0.000994226772790034	0.0681147247065038	0.897354727585048	0.0130530152930734	0.0137731750939041	0.0011844614426629	0.00468790738295493	0.000667372244561662
0.000689585363086669	0.0141476019058863	0.064779642575309	0.901126323842053	0.0100227540348894	0.00658352610587591	0.00229562144022212	5.16414511107539e-05	0.000303303281566862
0.00616436110061593	0.00535490421078292	0.0827470672109125	0.863618617699999	0.00875197807063816	0.000314743179358893	0.0037282605792921	0.0273837621720404	0.00193630577635982
0.000540764736388516	0.00928309852119344	0.072399609345331	0.906806619898605	0.00651943822439368	0.00143328980660456	0.000870384412085214	0.00173529172840303	0.000411503326995401
0.00336095851800406	0.00342207313448686	0.0727983212137074	0.8983243827587	0.00817736867885592	0.00663194456977431	0.00151211866268922	0.00244464106139159	0.00332819140239015
0.000350025206330366	0.0207871067686362	0.068823973026879	0.901905973948256	0.00570506856447508	0.000356865568337328	0.00145272773172943	6.78019335707019e-05	0.0005504572517854
6.64598845861392e-05	0.00208611593620165	0.076051239608631	0.892427949099687	0.012213184268361	0.0113501752447425	0.00146530975185145	0.00170358253684893	0.00263598366909067
0.00076123198648683	0.00252884897252414	0.0752385952554548	0.893774448545213	0.0122887757182517	0.0141417555846995	0.00116065228765861	6.54360527427345e-05	4.02555969679693e-05
9.99254843694038e-06	0.00810469994450652	0.074155819083092	0.90197763132729	0.00926078146001785	0.00233190913840741	0.00149050855888591	0.00180616944778335	0.000862488491580117
4.09504477930531e-05	0.000384158816661327	0.0744764863970848	0.894853014043267	0.00786965654445183	0.016141538997931	0.00220796808113228	0.00286085574203424	0.00116537092964411
0.000130769286192376	0.00431479533882258	0.0661171946715711	0.905438380583905	0.00707710676410958	0.0151919058110341	0.00111307612813277	0.000329717993602528	0.000287053422630527
0.000281907716864836	0.00100530740435037	0.0751202889752631	0.886782769981448	0.0114528326444163	0.0227089214358617	0.00167541187927178	0.000949475122263028	2.30848402602412e-05
0.000209704210822317	0.0042302253925771	0.0751503354834565	0.89756094315302	0.0100593721127971	0.00180459488397001	0.00143887481872927	0.00942842653038001	0.000117523414247818
0.000553881466952072	0.00493916237133951	0.0650023220042088	0.899499963739697	0.0141951923677323	0.00471253618516099	0.00124573662443713	0.00214281222966915	0.00770839301080357
0.000728587133072167	0.00036358004241166	0.0756241382735918	0.890804022004776	0.0141658480110281	0.0120987236750007	0.00198179713390667	0.00232650702087724	0.00190679670533591
0.000105318551014763	8.2222980215287e-05	0.0700397265369987	0.905750395437669	0.00255173175004561	0.0148698658015482	0.000629793604545935	0.00141814662179868	0.0045527987161638
3.41059822486653e-05	0.00106912843335161	0.0786930956501515	0.873051628696983	0.0199830503678639	0.0107484823851565	0.00194392040972794	0.00812429235682029	0.00635229571769664
0.000213372096218572	0.00333518620193789	0.0764055610753732	0.890125932991657	0.012811138576329	0.00278396176209428	0.00159253128426334	0.0125420064167939	0.000190309595332665
0.00698493161377064	0.000258150493114893	0.0617526278848846	0.899377471042194	0.0124585591535281	0.0172484905100819	0.00151902674967808	0.000267549187833704	0.000133193364914103
0.00134153201186604	0.000325751072897711	0.0669941407549734	0.896258898319086	0.0160117156174018	0.0155224089552917	0.000627130951640081	0.00283265423892129	8.5768077921787e-05
0.00103096814755508	0.000520590699410392	0.0689932059838086	0.901226532923735	0.00942043364813069	0.0163286052841226	0.00225270102384138	0.000128882449455024	9.80798399411651e-05
0.00063214387918112	0.000302391414083392	0.0620840214641354	0.904560774649006	0.0139010478625052	0.013330833041688	0.00125001573197712	0.00388045270763656	5.83192497876685e-05
7.56707589502393e-05	0.00577057236786132	0.0674363889146084	0.898891849364311	0.0123426809787852	0.00289436871000492	0.00223816965010433	0.000228047306982664	0.0101222519483922
3.7890524948622e-05	0.000772739171094773	0.0671574437843932	0.897890863212925	0.019982446194296	0.010053057444952	0.00181744288965214	0.00207113279922475	0.00021698397851313
0.000556751450938727	0.00618343673554134	0.0754780399902373	0.904445276703556	0.00892193868256565	0.000909932975127523	0.000949633427132988	0.00248993680305993	6.50532318410267e-05
0.00183535430238705	0.000204145437324269	0.0634925531980106	0.902653428674473	0.00760092088453816	0.020118663061615	0.00116268266725713	0.00172898543359298	0.00120326634080197
0.000496500510697344	0.0135486427872292	0.0672856498032763	0.904372433412521	0.008045296012753	0.00313377763725271	0.00200983716148863	0.00102915777489947	7.87048998821104e-05
0.00100413751305716	0.00432017957172967	0.0670344231586026	0.90344997620918	0.0124159200364589	0.00954497030154273	0.00157239628133168	0.000150394121466915	0.000507602806630569
2.29348183593228e-05	0.000285477631347544	0.0731429313283467	0.898562981577354	0.0090814716265769	0.00607874577969261	0.00277239238332883	0.0100235164119788	2.95484430157613e-05
0.00119833578618017	0.000335116560958995	0.0693164899321266	0.901442569160936	0.00885552646648042	0.0130797336718183	0.00361047424195219	0.00129001529545113	0.000871738884095725
0.000456275636248744	0.00652337876287594	0.0698252704351989	0.904265432154274	0.004456374867555	0.0101901802406758	0.000428489066980154	0.00151344857783657	0.00234115025835438
0.00230907772333378	0.000240359344210505	0.0701619430525229	0.901210712827074	0.0131852557363165	0.008089420314411	0.00121397695045406	0.00263104661104042	0.000958207440637054
0.000542851981167923	0.00160786859222929	0.0692592648080572	0.902419330103463	0.00634817263911119	0.0172665455532888	0.00142004677961163	0.000706796613230734	0.00042912292984023
8.21786738673093e-05	0.012262726120965	0.0710863675846481	0.898302654826621	0.00710167105330235	0.00729652524056226	0.00218000691293081	0.00139377949235821	0.00029409009474537
0.000103657909593902	0.00920406748163299	0.0777607653345595	0.895526388295977	0.00968394455950443	0.00189217627527127	0.00129898288891997	0.00307357728447987	0.0014564399700609
9.62438946156321e-05	0.00137330366081173	0.0728369407183123	0.892977611118148	0.00905017604320929	0.0121770902087206	0.00147590204341524	0.00994086715824364	7.18651545233545e-05
0.000159400081179568	0.00151146768625936	0.0616406751463738	0.913616309336613	0.00945926824236644	0.00159274451482627	0.00164027955528063	0.00999496087159897	0.000384894565502492
0.000104152398922742	0.00888569592888912	0.0673561796477987	0.898912191469537	0.00856703873344803	0.00789931345431368	0.00237109038684228	0.00477260308186039	0.00113173489838805
6.33797247301169e-05	0.000129698312535926	0.0696330554955895	0.891917480137474	0.0171551520046732	0.0136199917963944	0.0018693042015596	0.00512050991526802	0.000491428411774599
0.000237005446061013	0.00259007601768589	0.0655299606486475	0.904308944104428	0.00831472248397967	0.00833721585287142	0.00099404510179306	0.000445410971534107	0.00924261937299876
0.00108336935344882	0.00495031121506032	0.0712468590029051	0.888413119531055	0.0106621745224356	0.00788895254658509	0.00198807653529411	0.0130462395749217	0.000720897718293972
2.10666789080783e-05	0.0139597292856303	0.0659327155503081	0.902391022700739	0.00704880800647459	0.00295547267154057	0.00131254070874959	0.00568106757227851	0.000697576825370964
0.0014573546522738	0.00168535599374076	0.0666249502962407	0.906781887953648	0.00784395675203782	0.0113895592989324	0.000891158729040729	6.28041992707012e-05	0.00326297212481476
0.00395269732534063	0.00191857700280059	0.0701733315272573	0.89734283457981	0.00650854312005189	0.0101635583426817	0.00222219421356303	0.0073800592120861	0.000338204676409333
0.00018253635323878	0.0113840607042178	0.0638085515834344	0.898243860819307	0.0150671662951455	0.00426254511047786	0.00191160884973352	0.000257781250227448	0.00488188903421748
0.000799326125472319	0.00503124916450396	0.0608318211645883	0.907357511248777	0.00940590522775134	0.0118070619875546	0.0016262927894676	0.0012339973370503	0.00190683495483491
0.00149919592628345	0.000269629430615201	0.0713376399142728	0.890713665716525	0.0105000317134933	0.0139658364110755	0.00155683991497203	6.76062763579806e-05	0.0100895546964047
0.00812576663899564	0.00839422577466753	0.0662076723448796	0.898284822032002	0.00834559829701795	0.00705598941240243	0.00111985324333651	0.00175388116003251	0.000712191096665576
0.000437705169048217	0.0190256991330887	0.0573378198778042	0.905893223383684	0.0093453672919338	0.00141131698009676	0.00171721082460237	0.00173680560202414	0.00309485173771745
7.15572310229082e-05	0.00282894343153566	0.0706160486838707	0.905603689518908	0.00541849306666087	0.0115135364803358	0.00095291473059541	0.00209801576323055	0.000896801093840431
0.00169723275978773	0.00022005365816228	0.0667284121642244	0.900884138499309	0.0113583441387674	0.0169513706496856	0.00166065113114949	0.000107196653359659	0.000392600345554983
