Bcells	CentralVeinEndothelialcells	Cholangiocytes	Hepatocytes	Kupffercells	LSECs	Mesothelialcells	PortalVeinEndothelialcells	Tcells
0.219298247802326	0.00413625858485727	0.00218539026321016	0.288122866542197	0.107709234729332	0.0125262881206931	0.00313926797160386	0.00205051999637439	0.360831925989405
0.165710351593832	0.00835448743671883	0.0242950322520669	0.312631381120902	0.110372153815088	0.00706140113412712	0.0364015897306837	0.00164542221339132	0.33352818070319
0.263509645266838	0.000566349747773473	0.00190369717812528	0.300979587358911	0.0416758727918138	0.0257673259818054	0.000281874586826847	0.000466303045990288	0.364849344041917
0.249215333019913	0.00423519956944916	0.00782039126850722	0.30319115386563	0.0745453050279247	0.00758296582199978	0.00430575244956652	0.0019279651460426	0.347175933830966
0.206423058906852	0.0495608218965235	0.000847745758865127	0.331986899431698	0.0169117447625918	0.0039599406005952	0.0155750270005546	0.000937669091261832	0.373797092551058
0.229338490054809	0.00123672110496657	0.000413723782841523	0.311985835530458	0.065633753149854	0.0276127606158582	0.00452614292101437	0.0083769606800751	0.350875612160123
0.20977783466739	0.00146816212045119	0.00242858697114998	0.262286370460732	0.13533278909547	0.0222865385598245	0.00256992612204861	0.00225549855045533	0.361594293452478
0.212290104434388	0.0011107862317101	0.132479495497141	0.191732789617762	0.040626309686394	0.00292873913567267	0.0538872773815161	0.0594705884354492	0.305473909579967
0.154061923299214	0.00483475022307649	0.0499967918265084	0.295893176277397	0.084855474102158	0.00202689359879791	0.0116509082942522	0.0177159495636146	0.378964132814981
0.174722632044522	0.00334145870523054	0.000715927723693681	0.355129748441295	0.0307305124940024	0.0127343159552098	0.000106669600667795	0.00713165119622283	0.415387083839155
0.238573680935153	0.00115135054928102	0.000238247780255002	0.320311407670271	0.0681309280083758	0.0121747657894268	0.000147565308178264	0.00034538194992038	0.358926672009139
0.154500810684396	0.00196160416549755	0.190604816553927	0.276633320401789	0.0273451359042833	0.000903340868161788	0.0126192652800648	0.00923352956658474	0.326198176575296
0.191418991018179	0.0046869771953877	0.00586717872309078	0.326530973582825	0.115353114573229	0.0108024561624188	0.000641337514029787	0.00200275976421904	0.342696211466621
0.212346849966756	0.000779279981681326	0.000831540702838148	0.34699638421099	0.0605738364838995	0.0201224178832618	0.000914685611822033	0.00176309402952313	0.355671911129228
0.278664390770403	0.000954919272091951	0.000287237658205514	0.314853932310469	0.0355293539710022	0.0127262820753326	4.96953387815193e-05	0.000735483345792723	0.356198705257921
0.187815884353856	0.000670193731935367	0.0125968746564576	0.318637459613588	0.0690773810876846	0.0172902484032197	0.000265282500224344	0.00402337294663331	0.389623302706401
0.163066325772906	0.00113069773093582	0.000257853191239521	0.337056756577012	0.0803788299198932	0.0180693037039367	0.000556494538170362	0.00102010221933438	0.398463636346571
0.20357182259313	0.00293102031494573	0.00052964152324876	0.326610966385808	0.0625093094994542	0.0114037853748389	0.000140321364698371	0.0033874721495928	0.388915660794282
0.23270154674156	0.036404480072189	0.000740864817458044	0.322585547726665	0.0168099435197109	0.0060860891502617	0.000512394813245876	0.000322614669838383	0.383836518489071
0.258350347126841	0.0256546670679242	0.000840567678475326	0.336781165183902	0.0221897199390457	0.0036548122703048	0.0004517231188267	0.00320102311043924	0.348875974504241
0.221990503692959	0.0013906552670394	0.000474116491680001	0.341049377247572	0.0380790282367785	0.00485310831162497	0.0001200122607942	0.00594156380666649	0.386101634684886
0.18562623725977	0.00108717767827266	0.0036386221880938	0.308491850763476	0.135885390767265	0.00530012589633078	0.000169627405452582	0.00333547900832021	0.35646548903302
0.215794716556673	0.010857047440766	0.0220367534480916	0.384142854444904	0.0490529573622317	0.00157199815613197	0.00144795311998934	0.021703167671319	0.293392551799893
0.211522700034762	0.00658919885791169	0.00056510360336563	0.326114858190946	0.0589071957922613	0.0223011805042049	0.000213709213114357	0.00476384909818397	0.369022204705251
0.227420140119782	0.00171481227270289	0.000373514162726811	0.31531687028554	0.040553980810533	0.0040350969797707	0.000356285304556851	0.00206712327746399	0.408162176786924
0.246727738215592	0.0127620822260628	0.000373452757730827	0.299823899607522	0.0906591046950733	0.00635519956655484	0.000448550704238577	0.00155144067095917	0.341298531556267
0.167160308736134	0.00105048532496169	0.0010974032436607	0.297011599242866	0.158854970413218	0.0229976000535825	0.000698566259440666	0.00872723266363301	0.342401834062503
0.227664744045549	0.0138125884430533	0.00286880158555351	0.292615444765642	0.0445272017036852	0.00491678027234634	0.00256340670619556	0.00117008808358383	0.409860944394391
0.206821921378777	0.004733203496736	0.00033031295199375	0.331175753007863	0.0922918905710171	0.00217306095047365	0.00016811903196825	0.00125852515504859	0.361047213456123
0.206412089935523	0.00252139541230401	0.0246913932126851	0.324389377031272	0.0543808362212461	0.0169788055973152	0.000667419855186949	0.0245796362901188	0.345379046444349
0.227592965290645	0.00347718663682812	0.000306121332100728	0.316936753567528	0.047471709113994	0.00990390316410138	0.00918729122869239	0.000794996704577614	0.384329072961532
0.174548930948295	0.000606721379853793	0.0033616840451087	0.269825013368293	0.178971882196539	0.0221730294535828	0.000264428437208107	0.000641480497722237	0.349606829673397
0.210103187874523	0.00328989807650383	0.000221451354893468	0.310599232976831	0.0448904693989473	0.0121770946350696	0.000356635859719679	0.0115490201043696	0.406813009719143
0.222741176927536	0.00144845164069809	0.000513374894205959	0.314795214379881	0.0526449523993239	0.00672438135353625	0.000377478650466257	0.00136822326635332	0.399386746487999
0.217018440451449	0.0181950138313044	0.00115778673882465	0.30564715597459	0.10060204261365	0.0110973960015158	0.00294593074790766	0.00161097233331484	0.341725261307443
0.176238181114606	0.000392876881167524	0.00251268472733009	0.346365118527534	0.0756906537422519	0.000950969104121268	0.000370956256557632	0.000339764008234051	0.397138795638198
0.223580441425816	0.000570484675552614	0.00131402339538627	0.271538742670289	0.111086210663184	0.0253210493555833	0.00159941724771262	0.00107998685953878	0.363909643706937
0.193377931263696	0.0048357387070544	0.00245460548279778	0.303516397192019	0.0467771144614355	0.0339045175290424	0.000669718719102765	0.00270065244698713	0.411763324197866
0.195387851400315	0.00129029843209561	0.000370799398647429	0.317358939718185	0.0780773746098484	0.012508070903867	0.000131212318127225	0.0109873468783895	0.383888106340524
0.231988687635224	0.00201030213268568	0.000650135751296774	0.297129638754331	0.118183971250244	0.0241732813902829	0.000117881708775266	0.000642694357491045	0.325103407019669
0.203074251551317	0.00093294072749345	0.00039761384175911	0.340729467498359	0.0162065457729849	0.00196896267702537	9.13939876642414e-05	0.000814068235716499	0.43578475570768
0.188637998087328	0.00327342790601364	0.00162605882105713	0.337997392603737	0.047713951155657	0.0286416180332907	0.00101206843925085	0.00140526907662614	0.38969221587704
0.21318493939951	0.00754361903566363	0.00104362185851935	0.34206549354091	0.0268189626071919	0.00529939796008267	0.0042086676355274	0.000900024577924347	0.39893527338467
0.211309265049834	0.00382713973554895	0.00153829151865776	0.323001073142853	0.0394666710691856	0.0125129901706224	0.000203360300552771	0.00188824269150735	0.406252966321239
0.250465642413376	0.00230696776043845	0.0268312317165424	0.261115131972696	0.0571863413768649	0.0103310555774544	0.0129264852582027	0.0281517149822321	0.350685428942194
0.192597364297461	0.00597418684376559	0.164714821858863	0.168787991477289	0.0554292428661286	0.00227651906674682	0.0707611509229761	0.0990727456121706	0.240385977054599
0.208712581401945	0.0127775496242095	0.000460092446552467	0.306000951100755	0.0674910529559732	0.00475038112580811	0.00125831695629684	0.00282525059512974	0.39572382379333
0.221208537361747	0.00148754587247708	0.00896711080686117	0.305551181936902	0.0916317388473075	0.0238961280468652	0.000662158602136912	0.00351872590085349	0.343076872624849
0.13302787170321	0.00053812424775614	0.00303297596888636	0.337029871808891	0.130311649220762	0.00953498003080776	0.000491692164947046	0.000403553316345969	0.385629281538394
0.163754493925207	0.0848141892821896	0.00351062522500804	0.323521371716402	0.0351466080936913	0.00234336794476665	0.0112983255059108	0.00668933378848616	0.368921684518339
0.17420232034604	0.0020414859717028	0.118586037978862	0.29429020781724	0.0501441379253853	0.00744873383013272	0.000501614997703951	0.0320425820425572	0.320742879090376
0.147570051076645	0.0113763051005106	0.00307435291415781	0.383591551558228	0.0473974819125491	0.0135271053006934	0.000717482201334503	0.00115704178168939	0.391588628154191
0.174353836635576	0.00153224887100831	0.00225739928494173	0.350050427384924	0.0753806937875865	0.00804857451139183	0.0048902615803451	0.00891340788856312	0.374573150055663
0.230033068083729	0.00546175344984933	0.000845628716148416	0.299637158912148	0.0339476323745169	0.00641031203378057	0.000348505194378453	0.00300147958795338	0.420314461647496
0.18559562027867	0.000427653907906485	0.000773743062262583	0.311437518200228	0.0665389590283279	0.020368512957278	0.000124869175709612	0.000514930752716425	0.414218192636902
0.204137351923652	0.0322821720835969	0.00165085085964482	0.328631594857764	0.0320985009122089	0.00639044099545657	0.0204394885600136	0.00753440966715428	0.366835190140509
0.175778552605709	0.0379953950467688	0.00271623238479621	0.335937266912293	0.0752661259473911	0.00803271753635918	0.000301273265552074	0.00223561051508855	0.361736825786042
0.242501232128496	0.000574724919138182	0.000248068572891563	0.290722720768656	0.0482709858651721	0.00932074663499236	0.000134519807511372	0.0021155578264988	0.406111443476643
0.220641245411221	0.012800701564186	0.000385293047085883	0.339539218384804	0.0357596829320126	0.00358890644472818	0.000167704530345665	0.00221011226870815	0.384907135416908
0.237203851257924	0.0015862837929457	0.0343169303589354	0.29114961944827	0.0570519360102123	0.0164589914354147	0.000546951059267481	0.0313580596572916	0.330327376979739
0.185514769884701	0.00382040145084507	0.00177735129003138	0.285303376342302	0.103021984464519	0.0300226139698476	0.00354365176859298	0.016263798869112	0.370732051960049
0.237449673800044	0.0060773230501686	0.000434960781573461	0.293419169601501	0.099475324598535	0.0145521111140589	0.00024107863407942	0.00120100225740937	0.34714935616263
0.262270799889182	0.0264606813135507	0.00382341528014443	0.30148756710595	0.0431656281376077	0.00856060954124089	0.00375940468822749	0.00741952841910849	0.343052365624989
0.239304531901087	0.042962572785403	0.000935709809055691	0.305367281889466	0.031435252657954	0.0245491996393856	0.00560916274201578	0.00133506071222338	0.34850122786341
0.170692122914066	0.0010774721116492	0.0212551755524802	0.326113442120097	0.116155106046087	0.0125094808474117	0.000161395567845169	0.00117678772603446	0.350859017114329
0.203650619769385	0.00589476829169931	0.0816924326665688	0.33837211810075	0.0333924861170825	0.001692974036888	0.000976695236123105	0.0191841247482795	0.315143781033223
0.192933090706118	0.0153924644592187	0.00129052594942236	0.301922674768684	0.117405045553742	0.0173789816351845	0.0127119505828885	0.0139406995836343	0.327024566761107
0.18610280745066	0.00140029714424124	0.0108090905400308	0.310371680403559	0.117584262042313	0.010995004435619	0.00864439978008736	0.00215525538423092	0.351937202819259
0.222793450980339	0.00283034123906548	0.000282283662979999	0.304644093019724	0.0601912582398072	0.0146381645787399	0.00502272918817898	0.0100244239337978	0.379573255157368
0.188776656771199	0.000931016540941243	0.000974748456532809	0.337881427855824	0.053539892279246	0.000831282961198951	0.012025368978175	0.013395345634609	0.391644260522274
0.187369445134219	0.0194881415077374	0.00900014974125185	0.30124231521878	0.110845225252366	0.0104335427883144	0.0057408255431733	0.00115562185741366	0.354724732956744
0.234569627861319	0.0426475103298155	0.00105243912089532	0.306442627428462	0.0405897281980373	0.00931096904300267	0.0305093276764055	0.0114260229535854	0.323451747388477
0.231567265950203	0.00451363799617044	0.000409424749621172	0.304120402269777	0.0402569302208105	0.00196619208410977	5.52273323731475e-05	0.000752318757964462	0.416358600638971
0.194796484321452	0.0211621924237333	0.00137059719896225	0.35734664984393	0.0301079978132778	0.00232723307368059	0.000219011633420495	0.000506656806655094	0.392163176884888
0.272086503825343	0.0387812892253059	0.00029190836249916	0.294489279786111	0.0316289594139748	0.00839841413105818	0.00934832990174108	0.00239824738046116	0.342577067973505
0.222680896523508	0.000981031215756952	0.00126211728378921	0.323017284629439	0.101166394638998	0.0044010577522938	0.000599307841838845	0.00927123680389719	0.336620673310479
0.258527545322802	0.000320563948587708	0.0130542317090045	0.306914098266622	0.030696049759227	0.000467817188423598	8.76292871694374e-05	0.000254050475838717	0.389678014042326
0.187534236755905	0.00228769129735646	0.0542175453566028	0.296939813086005	0.0955216808318367	0.00675465661772316	0.00189487884732353	0.000845001027544077	0.354004496179703
0.223200936984391	0.000362256902059319	0.000202689670613236	0.311408784810474	0.117891418085481	0.00108099437218695	0.000486866941100361	0.000301738294879327	0.345064313938815
0.24475680545516	0.00418342438246056	0.000202861831796239	0.282516011848661	0.0658095951864708	0.0163906720000312	0.00123017297372569	0.00171221133798428	0.38319824498371
0.204704568922146	0.00592665546832538	0.0025484924235579	0.306474020833993	0.0745215873900272	0.0117239132274288	0.00696480086688311	0.0156199956576555	0.371515965209982
0.205255159252485	0.0212943337361667	0.000883132671435189	0.377416651316031	0.0477331406164958	0.0017243200787714	0.00603751349956483	0.00041979594293098	0.339235952886118
0.198179566303186	0.00148703317839717	0.00140446139974933	0.324263541849273	0.0416006139284661	0.0191412587480888	0.000815443718869881	0.00128595100785059	0.411822129866119
0.274403867014176	0.00175635551242718	0.000346818616885922	0.29149635991073	0.0553283873856161	0.0121030975684374	0.000318198587208618	0.00102134865443214	0.363225566750087
0.184804701846014	0.00690999570658455	0.0022938161326405	0.305506004794687	0.0975293958621794	0.0106793412752372	0.000129264901721842	0.0083103288824658	0.383837150598469
0.206040909181547	0.010069771586807	0.000487567487146568	0.321881318939318	0.0899245262663372	0.0172945892268334	0.000170948401537012	0.000491224894775952	0.353639144015698
0.187571894329236	0.0124269327007685	0.000625058988803315	0.32545770727699	0.0706830677411629	0.013448935338359	0.0032982725861015	0.00161017504603856	0.38487795599254
0.195035307322405	0.0146980738646845	0.000957670539455122	0.291536350568211	0.103320559166243	0.00706832178585785	0.00354842907511373	0.00259029524401914	0.381244992434011
0.239265574200415	0.0106876301224737	0.000547974689056203	0.332222365755832	0.0500609897634815	0.00720185710719224	0.00076349561850961	0.00142320681983688	0.357826905923203
0.17895176235473	0.0451465934812321	0.00154586371058365	0.362037916150334	0.0204080844337943	0.00211746326744432	0.0147341220231357	0.00359499973189498	0.37146319484685
0.208086584353562	0.00180721470000487	0.0210813585905536	0.278121721765792	0.0653741487090541	0.00125316915337637	0.058889067865661	0.0763128438630673	0.289073890998928
0.195028870443193	0.00903643569798188	0.000204157687462337	0.360361950314598	0.0634797788590046	0.0259954164999957	0.00200777404963665	0.00081202239830899	0.343073594049819
0.205540910830938	0.00107138879053179	0.000556846979318801	0.316369601774951	0.092647969509629	0.00383141990051729	0.000150959441244612	0.0012058373579183	0.378625065414951
0.206898253585397	0.00189658544705758	0.0377910880439645	0.315089622350919	0.0793504032126073	0.00758771608297444	0.000441729403753748	0.0128619299462946	0.338082671927032
0.216509260597691	0.000902123680307108	0.0125663398427416	0.314566944252415	0.118165575070386	0.0103022654805991	0.000803827494161947	0.0100685545361297	0.316115109045568
0.202612734133471	0.00191913100021851	0.00259540376127583	0.311871601204668	0.102610326348049	0.0327903173178255	0.000848043389256598	0.00296523335797047	0.341787209487266
0.253051985797418	0.00359905391714437	0.00400539608139388	0.28722731888244	0.0483510957137402	0.0277161953778808	0.00138497025820529	0.00498656664664051	0.369677417325137
0.251350328842757	0.000915131134004963	0.00222439845010884	0.280176412596173	0.0941120692298256	0.0203938466090738	0.000161076271397492	0.00431727260874234	0.346349464257917
0.211490012709029	0.00124427257665574	0.0300217134028862	0.357196786160742	0.0380497963948791	0.0150702163812157	0.0060063622566612	0.00239275621938022	0.338528083898551
0.224133126126971	0.000506903691953987	0.000539285191464256	0.295007003455013	0.0657727811700312	0.0234313352511927	9.15923913463003e-05	0.000331764700973776	0.390186208021054
0.18943609709165	0.0013420336618316	0.000507125814417269	0.338443451995287	0.0644008270158044	0.0105158138491185	0.00148970872137409	0.0191876257109963	0.374677316139522
0.229204174976572	0.0101073847115156	0.00102520719124943	0.312667954887722	0.081204443877485	0.00389860171963821	0.00784974377955011	0.0013032106500205	0.352739278206247
0.227067208601609	0.00166958496220148	0.00265990412080656	0.325526251882569	0.0655107830505317	0.02246596616203	0.000209132888259225	0.00754656953310148	0.347344598798892
0.170166204411249	0.00368941723356015	0.00385742345677511	0.340529780218084	0.0399380565133016	0.00967929694346787	0.000413489913135399	0.00521384696373425	0.426512484346693
0.203331680783378	0.00509648004954432	0.000716879265996405	0.284819789676319	0.109577416197326	0.0286167022564114	0.00140928535437355	0.00514466157021095	0.361287104846439
0.16950155778722	0.00656467833473025	0.000166957997513352	0.353385517305243	0.0349827670816261	0.00648285889216523	0.000191105087572447	0.000736697996458287	0.427987859517472
0.198430944336235	0.00805045299055283	0.000272633363371913	0.3246673065672	0.0721183724042509	0.0126261219735244	0.00107459289604857	0.00187781760449454	0.380881757864321
0.222688452153046	0.00689181905721749	0.000820907797567511	0.325167977668997	0.0453496262124576	0.00395754064091945	0.000573686734508849	0.000631225098918512	0.393918764636367
0.233967580845012	0.000808979743736002	0.00103574801659752	0.312496816908462	0.0705070236756775	0.00403331998122963	0.00163326441148027	0.000925179208302617	0.374592087209503
0.249444399390973	0.00642849734167951	0.000661870095346949	0.298370473440089	0.0871336710005531	0.016500546037612	0.000183128939704513	0.000536504411439196	0.340740909342602
0.176607063297596	0.0145395370392567	0.000840598144560747	0.339932346474667	0.0682635354840225	0.0270405677495876	0.00298175644868238	0.00262230210506734	0.367172293256561
0.20547563262733	0.000541874030061245	0.00049021352844474	0.333217279896984	0.0927197611253299	0.00417223826999998	0.000202709489906874	0.0131372497468682	0.350043041285074
0.229233335674333	0.0179127422919238	0.000340381582806151	0.311820814723992	0.0541762441502231	0.00716375260630349	0.0107707250600988	0.00126091751539767	0.367321086394923
0.17359740103099	0.000697518280012959	0.0268042515504284	0.35250682496532	0.033411080003665	0.00325664688116013	0.000176277660372268	0.00162903283694014	0.407920966791111
0.250975881949302	0.0014965047087241	0.0008957870935326	0.323604151654378	0.0480999271415167	0.0254092274644631	0.000514592105821601	0.000474386870384809	0.348529541011877
0.180096440673242	0.00524795872927376	0.000357299059248952	0.307939134392933	0.0692922329031242	0.00562112877467026	0.00178881562887356	0.000770689100172544	0.428886300738462
0.233784514446527	0.00395535517760997	0.00396552926213819	0.304994204956242	0.0775333260372026	0.00800267719899559	0.00242076086600545	0.00155006199030836	0.363793570064971
0.230529339889346	0.0127854570979197	0.00049333555009067	0.325368738986547	0.0763012385668776	0.00573152257948294	0.000448113427877957	0.000925451297266558	0.347416802604592
0.225437359329395	0.010647099507141	0.00256134122189122	0.283005355930722	0.0433530914477365	0.0244719763909223	0.0095313395086025	0.00527216097097798	0.395720275692611
0.187471659390453	0.0313088340277509	0.00143794514074378	0.304157806924961	0.0420592140956854	0.0196010679998715	0.00634903756548962	0.00431648216620737	0.403297952688837
0.181990990420207	0.00531457766041733	0.0024361623683005	0.332856475087258	0.0678177023805108	0.0129416500777158	0.00671385599184926	0.00124096899318456	0.388687617020557
0.195061423861973	0.00122696394295985	0.00936976031408386	0.298911873381595	0.150440512203881	0.00795893686510657	0.000853644677575299	0.00223567522924419	0.333941209523581
0.207623265408173	0.00900093729304624	0.000469401751491679	0.331403233553305	0.0596920358552574	0.0288825683818976	0.00103468208436519	0.00415935852600742	0.357734517146456
0.19886369923788	0.0055941949824637	0.000316638462519333	0.347986690595966	0.0244281190440364	0.0301944856225646	0.00332747061954832	0.00102760550606621	0.388261095928955
0.259515364215483	0.00427465851277379	0.000352429663123135	0.3531910072865	0.0431120356726231	0.00346759721351355	0.000899088233101244	0.000615155254570141	0.334572663948313
0.213990923902087	0.0126194481651929	0.000504918518023576	0.312191261298336	0.055925797898944	0.00875499071116843	0.000340331143189111	0.000472914467962758	0.395199413895096
0.204106893348436	0.00157904232969872	0.00511086921831418	0.315734600008276	0.0361348463067354	0.0298229475639233	0.000718345886974018	0.00216950457334961	0.404622950764293
0.236235371866785	0.000575991917349605	0.000587116990944174	0.295752993263696	0.105120668989368	0.0194698568853102	8.18142676029772e-05	0.0025975505232843	0.33957863529566
0.194857553469419	0.000979056854565556	0.000525234703723498	0.289691318701188	0.147383244308307	0.0222449216896112	0.000970502611047271	0.00830365637889382	0.335044511283245
0.15880736325443	0.00363755432497181	0.000416204086677563	0.300417469115973	0.16602345070305	0.0133949972524857	0.000336678187874318	0.00143412904386452	0.355532154030673
0.145400077716423	0.0018885273924286	0.11472571605623	0.308767100486477	0.0502558302326295	0.00207570453020766	0.00315819359929642	0.0227872013837668	0.35094164860254
0.234499869608952	0.00705902353062032	0.000690503904374798	0.290551069003045	0.0807411266016201	0.00982273301520037	0.001130081388201	0.00225811027875227	0.373247482669234
0.172089608206513	0.00191449291344896	0.000315275699169252	0.322193312672376	0.0582028536712088	0.00984494990680231	0.00144190012274928	0.00402862079045959	0.429968986017273
0.213456806908779	0.00042674152346055	0.00442222389116752	0.340427159935838	0.0523117154530041	0.0115897233620109	0.000285667587127666	0.00338024431313419	0.373699717025478
0.181975618898279	0.00302557095138068	0.00313654026884282	0.344973308259296	0.0506409089684207	0.0112141589007588	0.000132352907883482	0.00043391152553001	0.404467629319608
0.200646868517474	0.000477182394726769	0.00132454348089074	0.335708108948934	0.0721317089655242	0.0017310367700488	0.000376628079390537	0.000653672037129302	0.386950250805881
0.256757430697753	0.00136665510703167	0.000456217138962022	0.274602927677126	0.050017268708936	0.0246032454587164	0.000149228511941497	0.000672931395295023	0.391374095304238
0.182932465515256	0.000382854761481281	0.00253394057678327	0.335425310354828	0.103413908461395	0.00578265649756488	0.000175195650024086	0.000665316967933896	0.368688351214734
0.21859408146659	0.0015909241171359	0.00104450867997549	0.322189254523674	0.0645600922908638	0.015675874929318	0.000990425910138107	0.00167728005464382	0.37367755802766
0.172320142464845	0.00169715020118121	0.180549470758204	0.268885415121465	0.0187091280892726	0.0141721285832616	0.00607603635763471	0.0494297681632784	0.288160760260858
0.23621171641351	0.00500339031516359	0.00738664168476954	0.305209147001296	0.0671747442936262	0.0108612090406438	0.00612184919006047	0.00160649550944669	0.360424806551484
0.141648912730908	0.000211123203420704	0.000244675651467843	0.361315842060888	0.0658311105111434	0.00112258381794148	2.63220064941801e-05	9.91782113199607e-05	0.429500251806417
0.207909751258535	0.00345483637976335	0.000378468620955321	0.314702459661527	0.070000342337578	0.00615709346721938	0.00231629346225371	0.0101517571503889	0.38492899766178
0.187767724227994	0.00153348327844676	0.00480893931641529	0.294961795052572	0.12927447042441	0.00921626379778824	0.000285821082814623	0.00192776236550536	0.370223740454054
0.196955835937719	0.00227087649705329	0.00225657210377286	0.303220244899721	0.106546584293698	0.0278997846182851	0.00152688104530567	0.00534690487316641	0.353976315731278
0.275518065328277	0.00182421792469473	0.0104049067232232	0.320382892248442	0.0667320795146204	0.0203580981655829	0.000300406111042612	0.00101440941713126	0.303464924566987
0.207294810935795	0.0013555512471703	0.00705240927613772	0.335148385279957	0.075415852001934	0.0165586204114758	0.0010433493095182	0.0241680124926559	0.331963009045357
0.227369941838751	0.00528790861470008	0.000668165706398605	0.290821426446494	0.0889618209617203	0.0196638523082769	0.00152178424034537	0.00300755693135093	0.362697542951963
0.216126396806017	0.00137069635431605	0.00480031264065721	0.304023704997448	0.0823840432049535	0.000796262813869955	0.000114128450315538	0.000412420751193671	0.389972033981229
0.207963659906729	0.00319322753463144	0.000579437364760142	0.296012734209817	0.122341784756589	0.0114768153643729	0.0012894381096406	0.000848545289952122	0.356294357463508
0.216373688938436	0.000860469738791795	0.0013716650282568	0.34662472011824	0.0402056186059497	0.00215681977770019	0.000806245879775532	0.000655561421024898	0.390945210491825
0.24928236635711	0.00609165425860366	0.000236254519943213	0.309822223143115	0.0629357761768623	0.011208804265016	0.000178237764973258	0.000683681543244755	0.359561001971132
0.209193829320093	0.00795164979353943	0.00490442127375523	0.317056367818051	0.0897378786660449	0.00514449922269663	0.000318134406999363	0.00256440579357843	0.363128813705242
0.192478117037247	0.00135478036848231	0.0288419273988932	0.312077576751558	0.0499342897774927	0.00481813202086614	0.0203746997783336	0.0180019521770938	0.372118524690033
0.250554297979343	0.0018134551908207	0.000241166425196498	0.300043161250583	0.0452055020303954	0.0130611219653934	0.00104722966372876	0.000643650883919453	0.38739041461062
0.173979892479536	0.00470035385438196	0.00312179469096544	0.278067488820637	0.16277444069062	0.0101632058976433	0.000281842704003248	0.00197312862939669	0.364937852232817
0.188672708821142	0.00243795522470916	0.132930270497646	0.311974100439365	0.0546029450197557	0.00530474026888516	0.00227662674887135	0.0158021443414562	0.28599850863817
0.202550891122245	0.00221255600302586	0.00182555151835269	0.285007703956373	0.093163086718615	0.0110074685891598	0.00139054511674783	0.00207875174876372	0.400763445226718
0.229131914739501	0.00631459853293372	0.000465050338804448	0.281240438618846	0.104680594639318	0.00862372395036977	0.00031645076054289	0.00125016646031039	0.367977061959373
0.231970984167242	0.00326295285951673	0.000342244125261835	0.322476128252257	0.0263031352108338	0.0246041662062052	0.00471599793929904	0.00363083096584683	0.382693560273537
0.1786378235501	0.00524535928102733	0.00396976451376379	0.319494810049873	0.0864213161370929	0.0194817801928754	0.000580510076415429	0.000473203212197891	0.385695432986655
0.220431498751008	0.0131252916051323	0.00134101395868163	0.317422666946339	0.0411023554964201	0.00424418655712236	0.00185590313323257	0.00443551296753789	0.396041570584526
0.216142936048319	0.0226340775864683	0.00139225779237646	0.336819099919318	0.0149465564972854	0.00428475662057975	0.000722427809699595	0.00110555977925295	0.4019523279467
0.262229759260493	0.00128061075544603	0.00158213683888861	0.291124708967033	0.0466685714013734	0.00950255833960087	0.00184494548771297	0.00190483895362923	0.383861869995822
0.21663026486245	0.00149901039367448	0.00240073005673091	0.315949178508832	0.104394396309136	0.0231339368754119	0.00239314282160393	0.00717851528865253	0.326420824883507
0.220559011471929	0.0343702101012551	0.000610863701959855	0.311693166271637	0.0515598946295589	0.00256897276063844	0.0400286436452275	0.00143027962428639	0.337178957793508
0.281359974840883	0.00190892533332127	0.00057103026023105	0.272333418923664	0.051619971164289	0.00908378769425697	0.000133607578357129	0.000746276591205729	0.382243007613792
0.224564847662566	0.003623531532103	0.00219924806942443	0.290711412350674	0.0558159363658733	0.00633060116811347	0.00849259855845431	0.0103178571622074	0.397943967130584
0.2268567160315	0.000711719177308345	0.000597839314364774	0.295574252808021	0.0595260406011104	0.0242188418882029	0.00010937501878882	0.00321157569981338	0.38919363946089
0.198185975731148	0.00157426337659383	0.0244752293835512	0.309939207311707	0.0819887044631593	0.00419535670019134	0.00217900217362267	0.00203749651267074	0.375424764347356
0.222446835137758	0.00278376374687854	0.00232934914112384	0.323507194877544	0.0242261837581553	0.00258302027673545	0.000136217947671918	0.0289676910879213	0.393019744026212
0.217387721005646	0.00152649416051364	0.000826927453930468	0.325497518176684	0.0469394532234768	0.0265873963255292	0.00232256223111258	0.0129336856425909	0.365978241780516
0.249542902904521	0.0163847486806589	0.000443101241292699	0.297039005010513	0.0280145921338861	0.0237519062141738	0.0018644405487886	0.00041264887208858	0.382546654394078
0.17953122868209	0.0133968857251044	0.000508132928849781	0.325830832002474	0.0706077353329598	0.0193950889895479	0.000182259474243703	0.00247938919496853	0.388068447669762
0.209446110674463	0.00169320269426155	0.00191206090434803	0.299172927839806	0.0947098790054466	0.0208690100000291	0.000252853135018996	0.00185840368028468	0.370085552066342
0.250570263955823	0.0234390052868461	0.00214901783540753	0.306693485507624	0.0551924323923868	0.0155493542805334	0.0051781263740445	0.00186289548748764	0.339365418879847
0.21824629906388	0.0030665532764622	0.0458985938979565	0.282302932028665	0.0498839358236008	0.00666468055659772	0.0292632667286184	0.0435768667471247	0.321096871877094
0.258600976259734	0.00315200336355239	0.00141945871564997	0.30251304140397	0.040267247497699	0.00206333398922945	0.00037895135429963	0.00511358503526952	0.386491402380595
0.231177088122591	0.00183464119006307	0.00163201993374812	0.336906633667074	0.0299305581840432	0.00475014631378233	0.00085543309275309	0.00834025615688994	0.384573223339055
0.228689371997311	0.0320719779478722	0.000822985807857471	0.338718875237801	0.0275424500779979	0.00600681877674727	0.000165929025427103	0.000657174939483749	0.365324416189503
0.172468394821762	0.000990410924993255	0.00195678783742764	0.317482221086225	0.0907042907399014	0.0101154050843967	0.00241060120381633	0.0010116344629677	0.40286025383851
0.157767164820177	0.00688968972957258	0.00248700175872658	0.323489783944183	0.0721320883043817	0.00284465347333707	0.00025372628628748	0.00900527446373153	0.425130617219603
0.156881335339782	0.00372687879592189	0.00267127705101521	0.371595285715799	0.0558618100500041	0.00419189673195385	0.00027974712943045	0.00216396007915689	0.402627809106936
0.195392391567963	0.00137158664296664	0.00665184045465899	0.333841999405009	0.0424479387472371	0.0313027449564858	0.00412655342647346	0.00128124727073255	0.383583697528473
0.232814941022103	0.00551269186663052	0.000613213774923659	0.325281221820613	0.0475846496378987	0.0181801380969689	0.000998818487278979	0.000683133209061084	0.368331192084523
0.189743189058796	0.00293442345278506	0.00286989092132921	0.338443459652179	0.0957495846679355	0.0160805954606687	0.00285510275127903	0.0200903614769843	0.331233392558043
0.257625769023565	0.00089035928805588	0.00364098805453965	0.27701099112542	0.0659828171626043	0.00433992537432203	0.00384892585349996	0.00207104287275459	0.384589181245239
0.213165159567814	0.00155845131030512	0.00140521756995239	0.294399174829789	0.0985194854193517	0.00385171368942616	0.00376635069858594	0.000942821364780524	0.382391625549995
0.190603247648872	0.00121041621566757	0.0158429034003652	0.326277647878184	0.118140781029439	0.0122252587878771	0.00075524095564223	0.00372044726705516	0.331224056816898
0.255627669248563	0.000512075764346944	0.000490707836324802	0.320475310071513	0.0124816057566508	0.0140407809063127	6.03086341342884e-05	0.000394470015916018	0.395917071766238
0.226511702778569	0.00795986973879244	0.0263227095223696	0.268914581546104	0.139054746878227	0.00569837814653007	0.0048969967810433	0.0119898827173623	0.308651131891003
0.193506391825821	0.0122319371047628	0.0287483305182519	0.307154082346047	0.0896304259215506	0.00662333768999321	0.000711505186313789	0.00380826203093522	0.357585727376325
0.217366516879383	0.00130397573857463	0.000407332288648234	0.271256912333217	0.0873744857374762	0.02100808832382	0.000503760220429703	0.0012302514466613	0.399548677031789
0.218956419046688	0.0011124105060319	0.000315757267338433	0.296389907421462	0.111435303096623	0.0153738436444988	0.000137151150704915	0.000754628797501515	0.355524579069151
0.168124942663546	0.000420874845082251	0.0151271788179368	0.352953728484471	0.0711621781063746	0.0179623890669782	0.000155473162699011	0.000525845227454477	0.373567389625457
0.188235198263934	0.00164522993004285	0.00106964689642043	0.306181940706003	0.10240196203179	0.0210459178542841	0.00135651744647404	0.000806610527245527	0.377256976343806
0.207373873231287	0.00151631108314755	0.000231989504940185	0.291991437977187	0.0890143477236443	0.00293822027933178	0.000911106278523957	0.000945879704830316	0.405076834217108
0.228533572640118	0.00145942498990484	0.000987920931510983	0.303339332033711	0.142172718550296	0.00646304944900351	0.000988889627819347	0.00255638536402853	0.313498706413608
0.2258146060748	0.00777023083018369	0.00132384813371127	0.312582878370497	0.0414333215682272	0.00365128863494475	0.000669849805656107	0.00130286120916353	0.405451115372817
0.219851078648103	0.00293251217101562	0.000488632712077523	0.299553808448147	0.0483750332156507	0.0262629452143669	0.000152097863547917	0.0127558844725881	0.389628007254504
0.177560288749128	0.00575377250764247	0.00428996414286383	0.330811690569179	0.0618132358254932	0.0236063960060723	0.00389900169876975	0.00104303264220835	0.391222617858642
0.192424028334066	0.000963623752685397	0.000865674852646139	0.3176445203098	0.0885951811063285	0.00861857215526203	0.000166209288129294	0.00572441439241528	0.384997775808668
0.159376117306783	0.00105645136824261	0.00512724238299127	0.345287277553502	0.0683537209749018	0.00353532135849152	0.0182503263946255	0.030065799844363	0.3689477428161
0.165663366600616	0.000953682354563081	0.00904102520751286	0.340048188929947	0.0784159080577314	0.0117636538287665	0.0172070639389856	0.0011283811167802	0.375778729965097
0.209942028737239	0.000842210277259814	0.000330346959772563	0.338252713750965	0.0192500613016873	0.0139724019923805	8.36300898683149e-05	0.00212487865671707	0.41520172823411
0.227818903899831	0.000962422489462176	0.00047473917040589	0.348263844075247	0.104622650940534	0.0051861605644447	4.86671371204028e-05	0.000281384690672737	0.312341227032282
0.235702002418147	0.0108029201577379	0.000396518630826169	0.323348277416527	0.0327286340288377	0.0110739381741909	0.000267967541759884	0.00400681732776882	0.381672924304205
0.262729695095108	0.0184669972799185	0.00150112845480681	0.319623225780455	0.0372929583120737	0.0141666903647285	0.00409512715544842	0.00275241212593503	0.339371765431526
0.213511539947264	0.00962080791622159	0.000381365464485693	0.320795140560878	0.0488259870712876	0.00553788670159174	0.00107562354505045	0.00251768623419445	0.397733962559026
0.227052713086541	0.000776712031524149	0.00795116523812555	0.32641381619591	0.0598356324945084	0.0301063242653312	0.000116987214576822	0.0143415898948443	0.333405059578639
0.158187194329451	0.00127806718087015	0.000683975342315459	0.346791113344284	0.0674494017915045	0.00424146859516571	0.000106574753034405	0.00327204113740536	0.41799016352597
0.221765874896705	0.00283898949890842	0.00105595649983332	0.306186165519308	0.0565809295104338	0.0178416995994034	0.013996111986969	0.0263481171807691	0.353386155307669
0.142405253614565	0.000745417573127674	0.021557711298141	0.315393892909912	0.147060914512849	0.00538682919287837	0.000132196758410686	0.010252204540012	0.357065579600104
0.203394014250006	0.000636441182944013	0.000228230527400364	0.328052032784934	0.0460908915676499	0.0128945785693761	6.68269028237754e-05	0.000271184032238398	0.408365800182627
0.188261913503466	0.00496939569083699	0.00919803549710286	0.328977203727082	0.0804340865151212	0.0203621172342041	0.00382674503372215	0.0333349046178019	0.330635598180663
0.223680068010315	0.00444216300652142	0.000518700479623354	0.321960596808724	0.0369115788938406	0.0202401468564166	0.000707977779074287	0.00353062189347097	0.388008146272013
0.250800834133478	0.000868752476498133	0.000337622166069703	0.311350539074174	0.047821104298615	0.0160938815334169	6.56375384740477e-05	0.000397611503041274	0.372264017276232
0.165320389296498	0.00168290904785773	0.0170324067437892	0.349240195431144	0.0507653216671285	0.0180302191346057	0.000180162060523485	0.0187185520454908	0.379029844572963
0.173255709891167	0.00114504195844215	0.000370505300041401	0.313240496192689	0.11512220113902	0.0162387638448082	0.00863020406551103	0.000790473071278137	0.371206604537043
0.23201439047688	0.0087200139768263	0.000378529533806771	0.29541929825705	0.0591096360994205	0.00567554480768844	0.000255713372942429	0.00219804866292305	0.396228824812462
0.238827636679823	0.000861679656209806	0.00217293465225366	0.284545115353958	0.0627941871816608	0.0169819688685298	0.000504945892374788	0.000471795244844076	0.392839736470346
0.204658300217835	0.0113421545744956	0.00884981463722172	0.327070151095939	0.0632469155829612	0.0167187313293884	0.000173465672247038	0.00359928246470072	0.364341184425212
0.254543458998501	0.0199669819305362	0.000579244638464517	0.30168596067561	0.0532235091169322	0.00505236233182738	0.00170206777993816	0.000658056891892899	0.362588357636297
0.204301551050573	0.0087101998369778	0.000282560602458194	0.340974618722963	0.0316446648793951	0.00642891038822376	0.000127388309826195	0.000717357672364723	0.406812748537218
0.201338010200614	0.000587294301641752	0.000574844531760214	0.30827693164239	0.0809612338177889	0.0224015974186648	0.000332295351583375	0.000679669759157641	0.384848122976399
0.180281461432372	0.0132855456915158	0.000353589291023467	0.334801051396106	0.0682556978150524	0.0154619821463699	0.000453062783686977	0.0245314841822099	0.362576125261664
0.230901777837866	0.0417879697623649	0.0029187283677802	0.302975263324793	0.0385116522628163	0.00495621826852503	0.00298071133825491	0.00115839352198138	0.373809285315618
0.256651214503554	0.0159041889051474	0.000548565844591722	0.319297945704097	0.0341295004836419	0.0044547459111172	0.00088694463707415	0.0013298684687074	0.36679702554207
0.195672718553417	0.00410062690200118	0.00138633587044096	0.32162177520139	0.11201102912923	0.00534367090787392	0.00222746208675113	0.00795087222886794	0.349685509120028
0.260377530829638	0.0259454345813851	0.000282701987880096	0.301350161007855	0.039573225635888	0.0110546021806615	0.00622138513418105	0.00156762202320552	0.353627336619306
0.208539347558894	0.00136517917793261	0.0151938415759401	0.305965343825595	0.0680547214550237	0.013300737293171	0.00531915868544844	0.01279958353128	0.369462086896714
