Basophils	Bcells	CapsularFibroblasts	cDC1s	cDC2s	CentralVeinEndothelialcells	Cholangiocytes	Fibroblasts	Hepatocytes	HsPCs	ILC1s	Kupffercells	LSECs	LymphaticEndothelialcells	Mesothelialcells	MigcDCs	MonocytesMonocytederivedcells	Neutrophils	NKcells	pDCs	PortalVeinEndothelialcells	Stellatecells	Tcells
2.42427413301843e-05	0.00034927121420878	3.90679233189844e-05	0.0086587511216806	0.00940592657317234	0.0147595092254546	0.0391484269057877	0.000165729287963406	0.841705374607622	2.66815012222064e-05	0.000201910293859162	0.0356811939995376	0.0198765180321529	5.91151793511262e-05	3.28547712018296e-05	0.000160758915252589	0.00988499707839871	5.5307333744037e-05	0.000458049737572062	0.000206884106200131	0.000269969388367811	0.0138357776395729	0.00499368242302805
0.000163327349077747	0.00201268661180632	3.35462251564844e-05	0.00531923868964112	0.00158178120635125	0.00110646345210908	0.045340140611207	0.00849451079558387	0.83693344700361	2.01745982681576e-05	0.00380366956071604	0.0447285185747681	0.0170314074683111	0.00127341653222258	0.00306278551863038	9.87469353761355e-05	0.000263562533082194	0.00215217795225945	0.00045393896760848	0.00291644860575867	0.0164448649560883	0.00643786236320998	0.000327283489158228
0.000117065886914121	0.00284893985212884	8.92596051834254e-05	0.0083895207313905	0.00071240759823434	0.000309879179022565	0.030406165191433	1.24224454413729e-05	0.855559633821474	1.27431285111114e-05	0.00217199595317366	0.0208562108390483	0.0361729040729891	2.21388078927928e-05	0.000347514043700193	0.00145910375675427	0.00105135939966303	0.000432648435362475	0.000906867195520826	0.00866429883722046	0.00169986059950646	0.00880995832959617	0.018947102289839
0.000307265522270349	0.0136883034724078	7.74444403776556e-05	0.00392752258029099	0.0109527222565172	0.0103988870057249	0.04394949660327	0.000110625807456085	0.848076910536802	0.000574495053932332	0.000444566659025149	0.0291708795364394	0.0135320843913528	0.000151517284531699	0.000143408932085323	5.98953240865707e-05	0.000254045992908698	0.000298312040242293	0.0101912990403009	0.00188907534229608	0.000566735583661821	0.00996173523039313	0.00127277136362724
4.84798547821749e-05	0.00857434949940672	0.000306155358753763	0.0100302852323287	9.8092364109802e-05	0.0565747238989151	0.0449266411607104	0.00185099152669482	0.847131802188096	0.000114202748590267	0.00128920936870901	0.0102868628459303	0.00121192525400422	0.000216883885593352	0.00313613881145818	0.00456998485929602	6.74140655211514e-05	0.00117196370095484	0.000993841952290342	0.000489841880205167	0.00122910039235953	0.0028258882591733	0.00285522089211721
0.000179104338653099	0.00157147544627213	0.000189511943763859	0.00747181361914774	0.000838558711522945	0.00183081234585779	0.035995231667514	0.000750347717545477	0.843900383815916	6.73488053724645e-06	0.000842569988861151	0.0235099698222783	0.0329075797627946	2.93209560838791e-05	6.37065672114546e-05	0.000835972249467002	0.00683390350105249	0.000168540355587378	0.0228449622852282	0.00436013691604999	0.0028833915697481	0.0114338097524847	0.00055216178642264
2.21262809401759e-05	0.00413968125235478	1.25252793347166e-05	0.00261440584547301	0.000212206885661131	0.000493331064837754	0.0335993963722751	3.04037585810267e-05	0.812502787150083	4.10724415680886e-05	0.00249398760549439	0.0459762254219226	0.0402659155439003	4.05204020786354e-05	0.00178289175890847	0.00159236554980176	0.0276461832422955	0.00796444251229088	0.000229007804151472	0.00171559498632413	0.00171127703558833	0.00421297983987603	0.0107006719662586
0.000303577059346823	8.76961981199785e-05	6.1964698178786e-05	0.0178903173119366	0.00643953412883805	8.2271629555018e-05	0.0879846530592404	0.0586064227446681	0.74487446690946	0.00192789096103278	5.99889259426327e-05	0.0181425537855975	0.000280236208934591	0.0064197619254205	0.000363357268196337	0.00018497326365961	0.0113152788401707	0.000855370463087684	5.40098051194223e-05	0.000780248772292406	0.0414768822169254	0.00174027089737543	6.8272926900776e-05
2.41873188265192e-05	0.00298406868794947	4.25426408269349e-05	0.00212112056489004	0.00626409653170008	0.00551456316773139	0.0545113643640883	0.0118403104639879	0.847903632927886	0.00219748608146011	0.000762363922510475	0.0330746039519154	0.00603896056777948	3.58544718450447e-05	0.000141722915495854	0.00534227656474079	0.00043876201883328	8.4790743599553e-05	0.000142501155889125	0.00060461841639819	0.0107822089584773	0.00871687161219849	0.00043109195097029
2.53239586089752e-05	0.000112161900851172	5.8617438932268e-05	0.0119694692914765	0.00403577698283206	0.00850340484084373	0.0419298277560143	4.03487008746761e-05	0.879267237912273	0.00114624166930113	0.000762216115431563	0.0150346401271845	0.0179458188442756	0.000723120068402621	4.28683777997702e-05	0.00244107613152536	0.000148588976669097	0.000219675082395792	0.0076631737055398	0.000330231312120939	0.00422735786900608	0.00260448726729187	0.000768335670349132
6.87108014364561e-05	0.000123847156227018	8.09134100005296e-05	0.0102913807549366	0.00022294171048885	0.0115425712575944	0.0319940840851826	1.18878265878375e-05	0.854094489957763	4.7183981224366e-05	0.00174033069412215	0.0354374367100373	0.0137928442170868	6.49221609493187e-05	3.7481115638909e-05	6.93568093948367e-05	0.00483749620510653	2.83043350962297e-05	0.000184399748061166	0.000366797426112664	0.000253859782609688	0.00712809771535139	0.0275806621389914
8.30636812439935e-06	0.000105751989300058	0.00113440574038701	0.00207784151505921	0.000539611023068252	0.000312780655537225	0.09905703632869	0.00933507904510801	0.817507931568858	0.0105767136840597	0.000156528496861392	0.0168100786112349	0.00092726983681994	0.00832534618719963	0.000146770360026582	0.00542476276417006	4.54527251223067e-05	0.00181738910330215	6.48163192314098e-05	0.0012571637265761	0.0214578227487827	0.00281209206483669	9.90491376437719e-05
6.9315367401014e-05	0.000145590811074858	0.00010417862845322	0.00489877365781926	0.000223297817983746	0.0044628830620186	0.0450587326193811	6.33276622589772e-05	0.856468577246094	5.47649264136733e-05	0.000132473449646538	0.0328282466825903	0.0231564144297453	9.54671606823587e-05	0.000346055555695122	4.98718787052078e-05	0.0134815351574762	0.000546220448294208	0.000117731327299198	0.0071303156604874	0.00131223996503004	0.00905745078613187	0.000196535699317103
0.0048963470330921	0.00136343611164478	2.82904751338e-05	0.00316839370277907	0.000256966037159175	0.000584595829055911	0.0383468010174264	0.000259932332184756	0.855870361021452	0.000333328632311284	0.0104969481154499	0.017430091269665	0.0373575693353944	5.50549087573608e-05	5.75472142592765e-05	2.79690325280812e-05	0.00394339117054547	5.68010963720682e-05	0.0156422563861984	0.00110156238044724	0.000486719534367072	0.00738668914757336	0.00084894821620276
5.08392638646823e-05	0.0271928970427806	8.78524058164527e-06	0.00619159861081706	0.000548571992046816	0.00134392572951072	0.0280652209885258	6.61705835632891e-05	0.843349085017271	8.72544950190926e-06	0.000279623357393896	0.01868324741314	0.038152852380085	1.99556591754944e-05	9.21955663159012e-06	3.55677399696933e-05	6.60574872934585e-05	7.75384276650282e-05	0.000109882151589882	0.000515246584810806	0.000271781472409195	0.00386760889646491	0.0310855989549079
0.00035754268397219	0.0571232768011009	6.24008783515395e-05	0.00345415200970598	0.000209843437674102	0.000362273604171719	0.0536029586757816	1.10642764200721e-05	0.821461757205357	6.51608229275053e-05	0.00100928438676236	0.0246604104819848	0.0220116707658327	7.57868246072502e-05	0.000211356534540695	2.92496957237059e-05	0.000116547073753236	0.00120833915872834	0.000229111262365505	0.000187635763135105	0.0102349547139827	0.00308947882248628	0.000225744120634831
2.74738276845509e-05	0.000299698051165415	1.58852544084371e-05	0.00949974823258399	0.00293025662241138	0.0023155728600664	0.0350940471991114	6.36704248264683e-05	0.870154744488096	1.47304145281891e-05	0.000205059404116119	0.0283924388930988	0.0290486285692417	9.71824774262161e-06	2.45899006772031e-05	6.85789108704673e-05	0.00730370271996404	5.47294436151936e-05	0.000568612609337646	0.00230933912095568	0.00127260384454313	0.00783405240624809	0.00249211855470675
2.37480039664829e-05	0.000152122271243337	1.90056313905929e-05	0.00770540280863384	0.00715246457514088	0.00305510843892935	0.043265796710461	1.41862546114473e-05	0.866633519788932	2.74594081254302e-05	0.000280255592784175	0.0193577748329095	0.0254680712856988	2.36123905260982e-05	0.000252520238418284	7.67458642436072e-05	0.00125323594736422	0.00567596038205315	0.000145436882270288	0.000192361281903939	0.00302061241509819	0.0125883065490829	0.00361629244621314
4.21195870191246e-05	0.000269146060351202	1.29445069915206e-05	0.00883433724465666	0.00108085156351001	0.0550046696079325	0.0389605447300371	2.89471845445e-05	0.846419066127207	8.38584339746575e-05	0.000185253534676843	0.0145422339206469	0.000672349372973074	3.95575732160261e-05	0.000332420696352274	1.37443351512009e-05	3.50763149127022e-05	3.49052147641787e-05	0.000227255902347849	0.000231083972756591	0.000126141560352692	0.00241776402973135	0.0304057285258941
2.96374466198917e-05	0.00134499558376008	7.48414104599579e-06	0.00517327699878501	0.000558203762786319	0.0458793439846707	0.0420236927275065	0.00170801643305724	0.850143131608085	2.61479174029616e-05	0.00062754081030126	0.0124544883269657	0.00159829117319741	3.96016486837996e-05	1.72831742023488e-05	0.000135754289465714	0.00126484753129842	0.000229994828867909	0.000170403662068853	0.0132529174588933	0.000996210836010352	0.00623688070004564	0.0160818549562795
8.01886420728582e-05	0.000395211242724764	2.30875350802504e-05	0.00570237010288862	0.00481668736260454	0.00587628508260614	0.0402191087805919	0.000216632458246553	0.866077302834556	4.62723242230961e-05	0.000456150873217933	0.0161681872725843	0.0175968550899573	3.32147113904368e-05	2.81394707175871e-05	6.15943410902965e-05	0.000107399437978653	7.06705214858091e-05	0.00529160986390688	0.00527399190685305	0.00159214126407716	0.00674650120443239	0.0231203976767136
3.98328756186109e-05	0.00011767617781372	1.12014460596962e-05	0.00379771966252561	0.000334331739398673	0.000465203875562775	0.0300325495542894	0.000111839849286396	0.861593821411181	0.000425902398797601	0.00334889633882084	0.0431867137436088	0.0205601677370264	1.26417388041799e-05	0.000994415345984879	0.00384061037859026	0.00948283068583538	0.000304952160692049	0.000737419863577518	0.000840936761040379	0.00783429398838192	0.0111821211167379	0.000743921150365827
6.95435627030865e-05	3.79520417884765e-05	0.000705358663927163	0.00125012327611239	5.93401299972138e-05	0.0198064312241594	0.0381545238988539	0.00564102880299143	0.875996611408402	0.000244527677917715	0.000623677793882508	0.0171761903234776	0.000886069061518998	6.14914140984226e-05	9.54009331989279e-05	0.000798675812512158	0.00036527976197341	0.00439271522499288	6.10407991661484e-05	0.00900810561105245	0.0214788609789981	0.00286989927655306	0.000217152321722639
0.000280944991253533	0.000146233879218598	7.3478679443173e-06	0.0118900647089606	0.000923653325670192	0.00709299082564988	0.0401490474461041	6.19805863989112e-05	0.85607797081298	0.000113743707802946	0.000215320790659959	0.0229291142864771	0.0420031742582776	2.68688388015216e-05	3.19382269428031e-05	0.00336853272394205	0.00514901128722351	0.000113970296032662	0.000362628360702188	0.000207339203525902	0.00159575887656098	0.00222650748441088	0.00502585721446025
2.28391246031896e-05	0.000916272185296865	6.15433645653285e-05	0.00326904939683354	0.0251134008749614	0.0016560595827015	0.0394570131600114	4.89303654204686e-05	0.85899757255722	4.15908684542106e-05	0.000111872819584156	0.0206932326937044	0.0233114461109738	1.48848638077075e-05	0.00070213653618417	0.000146531571225832	0.000108640858222257	5.25606577824795e-05	0.000129138229948965	0.000227867768771144	0.00277135306325175	0.00608102268882348	0.0160650406576521
0.000907574953556222	0.000264398408171594	0.000144625245338043	0.0142256794290009	0.000297346754753559	0.026864537054716	0.032505048565394	0.000121389798382811	0.848057412358606	0.000488163271428655	0.000480125987792735	0.0350837521613591	0.00850093674614871	4.27151738998029e-05	0.000141969910906891	0.00124545604089714	0.00545849753460917	0.000250701542415087	0.00232372399577309	0.000246604789901274	0.0025767094632876	0.00806691262525902	0.0117057181884023
9.02979384893761e-05	0.000197309819882818	3.07938989227816e-05	0.000854401380927063	0.00670815841985535	0.000616631739956696	0.0328818152419162	2.92273827321266e-05	0.823576471157379	4.17967524995916e-05	0.00994216279195755	0.0562572136004355	0.03670365212875	5.15593950544172e-05	0.0008176449573554	0.00490166343646634	7.06038415029933e-05	0.00010868120920882	0.000901989446373209	0.00457588644305695	0.0117203193470709	0.00783854735896636	0.00108317231124046
3.25365473828374e-05	0.00129475390609219	2.91434419824271e-05	0.0193927761015869	0.0105943144398172	0.0175825566698087	0.0374549144619986	7.97082908746556e-05	0.855267778256201	0.000187960422272969	0.000341784093669215	0.0170453147134539	0.00576275498775358	1.26030532786824e-05	3.87458744632242e-05	4.2482897712414e-05	0.00010337260087917	5.58892825705325e-05	0.000393771942554289	0.000119929139459553	0.00681090732401114	0.0179221048238235	0.00943389672835241
0.000108941523667792	0.0410641615287812	1.06962404851076e-05	0.00337426091493102	0.000378042180375684	0.0242711531137309	0.0277313229276298	8.85624674850092e-06	0.846152489454646	4.54545382641431e-05	0.00375649828381184	0.034656990381545	0.0016965059011789	1.33238180821145e-05	7.73908177371726e-05	0.000846079940450352	0.00132147291286598	0.00016597683185109	0.0038021509750732	0.00106301011791363	0.000432375050940364	0.00762651831809087	0.00139632798119952
0.00214639571847238	0.000121114053552739	7.26633751887049e-05	0.00275639351229351	0.0014614977150618	0.00062108771191428	0.0482133356777547	0.00351706304369525	0.854636799106694	2.06297958885847e-05	0.000580069438462361	0.0235093999729018	0.0226465157175341	4.51575379189383e-05	0.000917608444949982	0.000397317294419403	0.00292492515519959	0.000294703163833824	0.000264796616256609	0.00140198446372413	0.0313151132419319	0.00181658810651329	0.000318841135838121
3.4199429140333e-05	0.0102503596553297	0.00119034819235833	0.006892206243225	0.0118435073863035	0.0195691648424675	0.0281783168899303	0.000131167898089013	0.859445984250706	0.00071311555433896	0.00030454335076574	0.0206435495085398	0.0121647762133739	5.42065479719304e-05	0.000293553392574201	0.00147408569505631	0.00030282760256439	0.000324874222077191	0.000992016946742561	0.000176629053473378	0.000401584996676854	0.0126303552111488	0.0119886269171461
3.34143271854357e-05	0.00663664652990186	9.2468744297739e-06	0.00192032562507507	0.00085803382894829	0.000298227800945742	0.0370491075962068	2.99284747729255e-05	0.816438266627532	0.000529192971288988	0.00296638014658733	0.0671653391363366	0.0288544138702273	6.43649916622107e-05	0.000121205951720499	0.000193123758880982	0.00841961178343159	0.000333405787986152	0.003709042890006	0.00599847808399217	0.00134299645188359	0.0130671165561283	0.00396212993487106
3.46779788807208e-05	0.000566853563468328	1.88926667548686e-05	0.0064474848011014	0.0050612596357665	0.0276941248449875	0.0264116863493315	2.81449437831697e-05	0.856275555004146	1.0699230976878e-05	0.000233213155550692	0.0128097092872493	0.00431609503889355	0.00121016739004526	5.81456378247822e-05	8.64513481782751e-05	0.0138842778817663	7.96670070611661e-05	0.000134292882025473	0.000111983523903499	0.0015886721161902	0.0115500540563825	0.0313878916557324
0.000197553303851231	0.00256895222669003	0.000139923481752894	0.00241256813104665	0.0116872273931076	0.0106628061930128	0.0302096390962508	6.49224817352485e-05	0.882522891536023	1.152328319131e-05	0.00233938491411351	0.0152474661025066	0.0052092040058011	0.00555792910687909	0.000236218207685831	0.00261179359589373	0.0074484529874578	6.42172630288982e-05	0.000975968023210199	0.00129146063108461	0.00874640460887135	0.00588049636107117	0.00391299706573403
2.39810353638493e-05	0.000130765712866309	3.36836429420986e-05	0.00515820301148341	0.000460877612537193	0.0192445700284331	0.0328055430744163	0.00128765366133919	0.845942706882807	0.00182952087461931	0.00161263274048207	0.032516929721028	0.0132973947278328	1.36438971830757e-05	4.16141345681509e-05	0.000614436601707197	0.0133568560976484	0.00151782533762166	0.00190845891825756	0.00861073493205391	0.00447192680370378	0.0147678684226319	0.000352172128474242
7.58271379452538e-06	0.000142412270189805	2.70345176310653e-05	0.00152204909158186	0.00055175873538552	0.0163859966357972	0.044738660427634	0.000265817249561426	0.882458442833755	1.34249689062661e-05	0.00301448049429677	0.0275797047335017	0.00323779822340226	1.56314338152967e-05	0.00367715929598893	0.0040324577842807	0.000381937241854103	6.58632701601636e-05	0.0037487615705947	0.00202295213964255	0.00154032316148171	0.00260523506640196	0.00196451614034202
3.8144577501215e-05	0.0191009091453406	1.2926641359666e-05	0.00598422305824758	0.0111444718002471	0.000364453984754996	0.0348549858276076	2.2501000281657e-05	0.813450162541357	0.000294680631330142	0.000711442170837869	0.0421099769485807	0.0348982517288731	2.00097757072922e-05	0.000735406329157611	0.00111179286195858	0.00425872306676656	4.78847867585395e-05	0.00154706068959729	0.00065551211945252	0.000572081979216068	0.00708611441032014	0.0209782839247459
1.51963728693369e-05	0.0093452947839201	3.88857444770317e-05	0.00151549386887275	0.000489612974163276	0.00321420384075169	0.0396610293339544	3.71061798149991e-05	0.826801192115815	0.000208006490599551	7.98543992422111e-05	0.0163539077607261	0.03704010282283	0.00012186652466673	0.0014000943754437	0.00180854186870364	0.00334886432798485	0.0212834616203765	0.000145882931477696	0.000100464196784389	0.00222135273888559	0.00925885470749972	0.0255107300201408
3.68012274897499e-05	0.000147893698287961	2.41928258432683e-05	0.000370030447297927	0.0138453943758091	0.013047721455375	0.0336476587394093	0.0035555016891753	0.86511737953031	8.06729601599144e-05	0.00101031272752747	0.033988577832394	0.00906240644555372	1.10859086262444e-05	3.89010384616699e-05	0.00369938347884549	0.000795384229538896	0.000170172564150778	0.00170594513619795	0.000468714314543958	0.010846063559773	0.00307187798847516	0.00525792782675404
8.70540833602585e-05	0.00317608321512081	2.81530595755194e-06	0.0092774617605149	0.000787102015869185	0.00459938512134737	0.0285900717732593	1.89079059901619e-05	0.849425588199466	0.000109225613006667	0.000536420857725322	0.0463580292808017	0.0310942170414983	1.63904938158362e-05	6.04838918400779e-06	0.00236632653913605	0.0108859915176104	0.000107176163736577	0.00510022441729118	0.000284939505892909	0.000485919110904182	0.00553064272678157	0.00115397896172961
6.96586421839165e-05	0.00010581108861771	3.64007946498996e-05	0.00780193036693701	0.000545265520726415	0.000502353818373338	0.0386870168752922	5.21923899733227e-05	0.86749275755465	0.000318889872915989	0.000345183658045084	0.00264977722540625	0.0235776541562036	4.25176152044807e-05	3.93874766223685e-05	0.00315924373001046	0.00434531434652461	0.00028082897396705	0.000539176011334684	0.0108536955850297	0.000405717292103163	0.00470352652448072	0.0334457004807484
9.72210688500029e-05	0.00174724576259055	1.36066289827598e-05	0.00520819247508286	0.00263544832757342	0.00050092996591139	0.0324951909388239	1.37200769020124e-05	0.856443596031336	0.000499892956249807	0.000336771217216226	0.0193245005298583	0.0433484063118848	4.06867590442807e-05	0.00031771028186547	3.88649461924254e-05	0.000540949147889065	8.8817466712801e-05	0.000158921769209414	0.00109212078099038	0.000362881580363822	0.0164830469284448	0.0182112780480255
3.29872254031917e-05	0.000105074754499827	3.90676757450473e-05	0.00906917024498958	0.000230691874987512	0.0183730331257063	0.0484241608382516	0.00297816626458694	0.882155702198633	2.73043919273543e-05	0.000127919914551392	0.00936375279741103	0.0114257916605539	4.319761073726e-05	0.0001048454813313	0.00186431538678527	0.00533897629543778	6.17290873844071e-05	0.000105379673025397	7.46133965909519e-05	0.000396912259108591	0.00925635971441828	0.000400848127934745
8.42667711239837e-06	0.0371904200437248	1.27466993199557e-05	0.000188391035081696	0.0189036579713676	0.0242497975198576	0.0437012187003541	0.000224412445003915	0.844980780358327	5.70224458078927e-06	6.9287648197371e-05	0.0157988800508334	0.00439961934400353	6.68792002673399e-06	2.2237316499806e-05	4.85054073861164e-05	0.000647751441497752	6.14711035955257e-05	5.68201268660673e-05	0.000440825196148143	0.00081457540886205	0.00762116185829104	0.000546623483062375
5.21067703367983e-05	0.00488529101207029	0.00053600408097879	0.0153454487811372	0.00157852706292984	0.000512001417619397	0.0490208439457127	0.0187739699178861	0.834548487991763	0.000112027600343426	0.000284741089872853	0.0240474020569025	0.0242479039865017	0.0125425066463196	0.000324703206438321	0.000708137901303588	0.00193888301597492	0.000312053944148587	0.000835954869958577	0.00130211022588438	0.00575190024327609	0.00127250364522329	0.00106649058741804
0.00023876935640592	4.06088439006441e-05	1.16885589001453e-05	0.0112428297508045	0.000787539254500609	0.000309783108699614	0.0902175771915938	0.0831741907742221	0.680937917294846	0.0169394361875638	0.000306204675506365	0.0240110257174878	0.000453287689262656	3.57026052526001e-05	5.79062957809016e-05	0.0105364752537509	0.000135745345752944	0.00998919033926733	0.00015241835263697	0.000316049058516884	0.0666122750665065	0.000231355128786616	0.00326202415005445
8.93095460526817e-06	0.0234188938188893	1.96816792864178e-05	0.00843293788289505	0.000796177029622954	0.0178291522940144	0.0323495229322472	2.85793753543745e-05	0.852511820153722	9.92461954863544e-05	0.000121352733912282	0.0263483574601247	0.00130162817234648	6.67037655082891e-05	0.000199594625206874	8.23452938089947e-05	0.000958845994767035	3.03889957936783e-05	0.000252127669463887	0.000142738539768425	0.00817670172054533	0.0170173853341282	0.00980688737850233
0.00036811023130454	0.000656380369293509	4.5212271638846e-05	0.000270807593475528	0.010079821951669	0.00485790247204446	0.0381735587141923	1.59167619266751e-05	0.854997636101689	2.37563566607188e-05	0.00252065797566692	0.035339658159114	0.0335945335268252	6.9022755290931e-05	0.00144731309672849	0.00019720698160063	0.00210412992444522	0.000136023825366893	0.000271181083223161	0.00358961815359867	0.000395411258534471	0.00906786748918584	0.00177827294652553
2.51195616818967e-05	0.000118718834344996	0.000187079142806644	0.000596938872339363	0.000184259210537594	0.000630871986662441	0.0450258153451937	0.000434748805995454	0.852090380369461	5.50288812629804e-05	0.00115315888988172	0.0522978042917263	0.0304736494095921	3.0148233752408e-05	8.82981550449956e-05	0.000130530010361014	0.00533857587726987	0.000105852480701334	0.00061292060683392	0.000567537305917389	0.000376553450279288	0.00695442017758666	0.00252159010076698
0.000378486647770649	0.00023917476533418	6.75310847770966e-05	0.0094020464751049	0.000551376395705783	0.0802983858202043	0.0385330233914178	0.00601267879890353	0.829459768127482	0.000980660948031196	0.000299315474302369	0.0151357027630557	0.000593321094200892	9.84683344769563e-05	7.6377820956609e-05	0.00382079505847853	0.000513675125201013	8.76140512094729e-05	0.00109862385088051	0.000546389859264314	0.00414932004441146	0.00696174173536591	0.000695522333465247
0.00435132708149975	0.00635788686949649	0.00255160061793872	0.000363921685338725	0.000340103886035534	0.000164854677796276	0.0750162258148832	0.0132602342825946	0.810596569052057	0.000195386341781642	0.000132611428017246	0.0306645103899587	0.000938633919728394	6.99714316452016e-05	2.61900069752636e-05	0.00291974669993408	0.0013207908099191	0.000234983951791226	0.000148384931365061	0.000154560454342791	0.0497686287046799	0.000309414701146605	0.000113462261074754
4.18360278188468e-05	6.86386111372065e-05	0.000254824121739838	0.00036725372679204	0.000205140613913248	0.0183022778386948	0.042934590735429	0.000285032007387567	0.870593585327445	5.28986446790825e-05	0.0133901006640698	0.0190821366354417	0.0210900824295331	1.25843234594651e-05	0.000136328903723513	9.0218731014102e-05	0.00170133160644617	0.000868807065558525	0.000460573459242026	0.000300615764666171	0.000941190410969275	0.00859429521316712	0.00022565713767286
8.1472086817498e-05	0.00283255790847287	6.99567646459112e-05	0.00618302959531233	0.000308838177662434	0.00981710844279868	0.0436313859159171	1.94880288165088e-05	0.857336450507624	4.9319463203779e-05	0.00538891506675999	0.0299533315308041	0.0136074963490636	0.000579118048936508	0.00400135855998393	0.000736442576350787	0.000384722336148736	0.00327753859425897	0.00496744209315526	0.000477207279414521	0.00436464620554106	0.00780692663410516	0.00412524783420605
0.000160814089915307	0.000162112045914437	3.005129898984e-05	0.0103602680042315	0.00652294917906286	0.00731074704960044	0.0376976124692553	5.08843270255097e-05	0.844985437983595	5.43743408822948e-05	0.000178210215663666	0.00966556041640007	0.0214010249436637	6.11217930405785e-05	3.49699161685333e-05	0.000215797330071845	0.00319101169019303	0.00014835389370267	0.000233059616218757	0.0062807332268263	0.00222067148223238	0.00633629290479759	0.0426979417825483
9.70623875437558e-05	0.00369508799362332	1.41272544240224e-05	0.00883856620409272	0.000384225862529824	0.000252844283683331	0.0396941810083967	1.71391027961582e-05	0.86951503958077	2.00797481518786e-05	0.000179212045976259	0.0255293941932288	0.0305982515805331	1.37299380783495e-05	2.34586815526438e-05	0.0020153800176607	0.00392435267222634	6.03567686941152e-05	0.000155998053720195	0.00157049127409659	0.0043164437420509	0.00520538666778476	0.00387919093838496
5.48443590823091e-05	8.63506429834631e-05	7.17998316535015e-05	0.0101086475427635	0.00020628496606074	0.0456434575714496	0.0487514620279231	0.0130033951883984	0.84147469650563	1.9870050990577e-05	0.00241623583739861	0.0124509759534006	0.00262733467447413	8.48139718685479e-05	6.08923006490192e-05	0.000478455158814753	0.000487290639048589	0.00195752326771461	0.000350813426498704	0.000463153691502793	0.00296872756672464	0.00547376632243365	0.0107592085025358
0.00302114982743652	0.000333601585797094	4.53064778106793e-05	0.00557143979492792	0.000293856986279704	0.0528878198806757	0.0476598953999273	3.38495429825044e-05	0.842544111370114	0.000114546313965936	0.0012164689729821	0.0225559246599072	0.00212925774453664	0.000169408912061849	4.35334480190146e-05	0.00634985433408694	0.00542463562669037	0.000151260591390336	0.000591234419124826	0.000107603119166244	0.000610804159177515	0.00565594350472735	0.00248849332821197
5.76880301962816e-05	0.00841110917870402	2.64342162702373e-05	0.00262797141346353	0.0147542280068551	0.000575511570866908	0.0316212620211	8.23274635163788e-06	0.850816212607309	4.85945016624565e-05	0.00056313026325198	0.0202910083093464	0.0263806612890769	4.05358004166986e-05	6.84104879410697e-05	0.00395230710172822	0.000206402411507233	5.0487302605069e-05	0.000459916132982457	0.00729134556103929	0.00126352964198484	0.00683370994081268	0.0236513114645285
0.000306513263009555	0.0011678569033707	2.74048125876202e-05	0.0159451336788416	0.000652846186970651	0.0162711282681883	0.035256732955231	0.00029363984617469	0.885444012555594	0.000129190211389966	0.000310764440793016	0.0144441068130299	0.00647082184368664	0.00109279601972204	4.0618715143622e-05	0.0001656548868021	0.000111454543900573	0.00056300415113407	0.00119632692457051	0.0038607863625846	0.00576848957686429	0.00781359899702947	0.00266711804338062
8.08031636645031e-05	0.000146560375382811	5.57507965037352e-05	0.00266588075591329	0.000898385012929918	0.000915256815003932	0.0593075310057545	0.00555115005829219	0.831501490477731	0.000166562137118739	0.000397170834814198	0.0207164151967945	0.0153848249208227	5.16776440178327e-05	0.000108248159732566	3.82049024422157e-05	0.00930011890453358	0.000251250046003107	0.000136053146328141	0.00313402834184781	0.0384611397141504	0.0104342127972759	0.000297284792942553
0.000157090894345347	0.000213853285584151	1.92832775107243e-05	0.00657704702273353	0.00041146812361716	0.000785665758744924	0.0341364399964428	1.55864539073333e-05	0.832522111269018	0.000955470623535008	0.00802468090535602	0.03638997940069	0.0314232635856693	0.000430508896415855	0.00144585909841762	0.000432241941268537	0.00599284793944658	0.00118365326516718	0.00238782965448709	0.000143096258706288	0.0236712947735701	0.0113308936253402	0.00134983395002673
0.000139635134403416	0.0004333409028147	0.000266298564206618	0.0152519977022987	0.000872974701741642	0.0122390386634967	0.033940496638575	0.000568937087735125	0.848466271277158	0.000314903441450768	0.000540917029597962	0.0368907646539354	0.0221749077665079	0.00062627440399661	1.997690732443e-05	4.44342581512759e-05	0.00596634302000739	5.27917925364884e-05	0.00130584163934506	0.0016537742954222	0.000658223798504007	0.00565090566232346	0.0119209506584672
8.17904246795988e-05	0.000738229689047063	1.64765650467312e-05	0.0138598466701	0.00555139727413633	0.0378630718840228	0.0431808276725236	7.29590706294299e-05	0.85090074779828	4.0027708755684e-05	0.000330051016224872	0.0159802401980311	0.00742766569044953	0.000283781642722057	8.91035612092059e-05	0.000175037577493543	0.004274785793422	0.00257501200101513	0.0013634510400588	0.000344852930692844	0.00375462424982854	0.00827511301319351	0.0028209065284379
2.13568027408927e-05	0.00487520075130855	0.000100992655218146	0.00994475575820234	0.0070329018225066	0.0480620647192132	0.0313392991313145	0.000372864890723137	0.844378421866379	0.000560978255792587	0.000278116593151715	0.0116729993333944	0.0151013961501551	2.61956158291439e-05	3.99351654259415e-05	0.00191199381222714	0.000249952573083383	0.00177030532946339	0.000242604573764515	7.37353119181025e-05	0.000680838710109712	0.0172144953597263	0.00404859481835284
2.99902977797524e-05	8.95220785323474e-05	1.00714376777643e-05	0.00280171127973639	0.00437399571245586	0.00038635634348538	0.0553327605184415	1.3182387204929e-05	0.848012960326591	0.000106844834923289	0.000495732060822113	0.0455629950369844	0.0288618691951527	0.000678320523101419	9.07733875186167e-05	0.00250936857245832	0.00142515731290491	0.00124876795647151	0.00036639550856715	8.66200486527975e-05	0.00189279736019591	0.00524603549948654	0.000377772320855168
2.88976797776876e-05	0.00180479769041468	0.000105658617934718	0.00145241497926962	0.000534531329519716	0.000515716168283822	0.0706271063686797	8.08046496040643e-05	0.845095333839199	0.00074187575806368	0.000196108747455374	0.0125013567128932	0.00201837383661662	8.2142639859479e-05	0.000438629861600824	0.000541972678486996	0.00573310208809145	0.0103746486461082	8.22463235006541e-05	0.000300158075309093	0.0382429780926902	0.00829446507167131	0.000206680144969848
0.00023755738783547	0.00010107988166662	0.00021766815200051	0.00162244470932295	0.00102376250637599	0.0168568163918995	0.0272084504776566	0.00014969220515666	0.811820562840748	0.00138880207160048	0.0406528231437869	0.0300190742111199	0.0215487109834324	7.104785221615e-05	0.000467129038856059	0.000585909587978659	0.00979117695192709	0.00858883920514287	0.00043807096326174	0.000797485284270692	0.00466860769177658	0.0209235152232905	0.000820773238677866
0.000543319708205006	0.00658847544907038	9.77774999285821e-05	0.00627669094182103	0.000268220075512932	0.000301539518843673	0.0487319851739225	0.000304925990572402	0.838152085024116	2.9838212891907e-05	0.000514200124352085	0.0359405974002828	0.0213579036125235	0.00883317899963274	0.000184661261280017	0.000731260926717823	0.00696415593905426	0.00020205127057538	0.000147336246561517	0.00172772614259016	0.000567292966265872	0.0210420173098556	0.000492760205423726
1.5536564199093e-05	0.000138948582002417	0.000425293250933271	0.00997377287020682	0.0150624528016394	0.0148944411604578	0.0243981164715231	1.53701058475652e-05	0.867332028426311	2.13682965536038e-05	0.000177193504727068	0.014741663345235	0.0195659711398871	7.02595245050046e-05	0.000135413478740782	0.000185260120372607	0.00590314648362173	5.10480524534699e-05	0.000160257215618003	0.000245264248403336	0.00105465416234309	0.0227671588265069	0.00266538136791225
5.26764550278478e-05	7.10732624905955e-05	3.72210071260799e-05	0.00566616121409394	0.0031305095216298	0.000418645129345758	0.0434207040350897	0.000239524921023252	0.878619478983352	2.86771274757971e-05	0.000116950768357681	0.0187264508616543	0.000648770551200657	3.0689041850876e-05	0.00458075254059921	0.00046050631694186	0.000116919448139301	0.000114816730309589	8.91864223748348e-05	0.00733586605936965	0.0273044934137956	0.00863617582434619	0.000153750364404851
0.000826898662389732	0.00272413573210189	0.000115683487278471	0.000168798414729884	0.0011705740914988	0.0221827431995591	0.0411802872050903	3.20254515421414e-05	0.826025108073962	2.90337638982096e-05	0.0028093788726288	0.0318649707202397	0.00748632291718502	3.52759044959233e-05	5.59237387332832e-05	2.99519372717022e-05	0.0190804897476701	0.00023690968366046	0.00407828089220366	0.00167588588795198	0.00546807557593048	0.0126924428366386	0.0200308032033397
5.91442262929817e-05	7.4035793210976e-05	0.0073132873699422	0.0121050041476465	0.000224543336346675	0.0478124900495408	0.0429080189196602	0.00560201801051442	0.814410421206318	1.69735267930048e-05	0.000594793113592455	0.0131589755173919	0.00532304340571909	8.28503041625297e-05	1.94195438312345e-05	0.00730029612831355	7.35040598245636e-05	0.0233127254396876	0.000369279300065528	0.000268242767121887	0.00914482937565166	0.00866396638196976	0.0011621380764027
0.000154526001856613	0.000441774770502614	1.44884065858891e-05	0.0146075260951938	0.0111840546297578	0.0256997530050026	0.0391657076393325	1.33638979274524e-05	0.868071669252194	2.51376707358148e-05	0.000316725235025413	0.016726920107404	0.00144903504747704	0.000187147311388814	8.97544410739002e-06	0.000104797998182646	0.00210208660246022	0.000191156632524156	0.00200779612682427	0.00129085820675694	0.00125334176252476	0.000881227132983738	0.0141019310232513
2.24592738470351e-05	9.24267033336621e-05	3.01386589759083e-05	0.00504470653584305	0.00796008437264346	0.0355994272707761	0.0418565405893436	8.24668619400207e-06	0.857667897448059	0.00191302450722203	0.0163759429936007	0.0160302554600984	0.000698678733001097	3.10395221358445e-05	6.02575901379561e-05	0.00264920367693637	0.000187078602596574	0.00327265447518008	0.00167884579107776	4.35192289770158e-05	0.000250871035228481	0.00734040165161787	0.00118629919317368
4.65726333101781e-05	0.00386340541018228	4.79587110910397e-05	0.0162640246034275	0.00175721768470363	0.0456925166168702	0.026941541009629	0.00164697296987355	0.855982340017561	0.000256982911606625	0.00415967973335456	0.0127020151499433	0.0062265949107689	2.75572368359765e-05	0.00307614684788364	1.75301470643068e-05	0.0009928508884881	4.36492259532435e-05	0.000454935381585505	0.000376625265872064	0.00154310156895383	0.0069917561690476	0.0108880249059947
0.000159866012242326	0.00781503374724526	6.60692680150295e-05	0.00788955352797451	0.00561781606655511	0.00311534973683303	0.0380436164747168	0.000828455826782703	0.865229161570208	5.13393099317835e-05	0.000194265188800589	0.036645968381384	0.00719068333656738	5.42268334442709e-05	0.000276691523658823	4.38622334182405e-05	0.000155996674790641	0.000148437715349805	0.0001208871121506	0.00246174675516933	0.018209464578905	0.00520584036481535	0.000475667761040941
2.32760513371646e-05	0.00656819507238726	5.20974894620873e-05	0.00206809598929185	0.00727770934830942	0.002776764927955	0.0604267304021573	4.21374392171735e-06	0.870817724187745	0.000202739834936042	0.0116238956202369	0.0146981079107736	0.00157715740405401	6.5117432152148e-05	0.000612996521673681	0.0016642894851852	0.00274270108206629	7.1054716534276e-05	0.000361459199919262	0.00201788965399358	0.010354162895767	4.69092674087635e-05	0.00394671176273235
0.000106675208343769	0.000130276466881126	0.000142458180016854	0.0112152808160375	0.000424358599810314	0.00151380876506284	0.0639275446203716	3.54499793162228e-05	0.841431657426079	2.32367331211938e-05	0.000349466899430503	0.0363770420140934	0.0114577042033759	5.45659608061729e-05	0.000446490061135477	0.00257884027879047	0.0093863910236065	0.00104007598169678	0.000302594866219563	0.00239934079298297	0.012281694440788	0.00408263250329085	0.000292414178742599
1.44424013676034e-05	0.000186147411160777	1.3293156066458e-05	0.00508465191239715	0.000148745066012272	0.000320712033055805	0.0304579942244885	5.83872869671925e-06	0.873568374113458	0.000188320835078988	0.00103923406140241	0.0466605041322195	0.0125507702857494	1.8822165361578e-05	0.000952726076933843	0.000234387352553637	0.00407982205109471	9.12384227922628e-05	0.000131948935505673	0.0175060849247525	0.00289575718561947	0.00344132888079265	0.000408855643440502
0.00184985121875324	0.000371269685474144	3.20907801444903e-05	0.00759807127243529	0.0154179342305239	0.00559847631021799	0.0285335105329786	0.00022535321613219	0.851043375174968	5.07138946678684e-05	0.00187952857155785	0.0268798504469465	0.02545448598905	3.00804680269574e-05	0.000252287511099609	0.00110110979817633	0.00128962110728312	0.000112525855700607	0.000855354607348929	0.0022066324413147	0.00929354916889713	0.0108437358142955	0.00908059190400733
2.47466755991127e-05	0.0283895197627584	0.000203465178018511	0.00458169533634121	0.000338883285164595	0.000795926496778473	0.0362415676396411	3.13438144605662e-05	0.831163324804173	7.40112506864352e-05	0.000354623746331484	0.0283215063645993	0.0178818521843651	2.25848275263991e-05	9.19605056234203e-05	0.00242091037674904	0.00682488408522782	0.000123251470018741	0.000221100064663708	0.00485219234115527	0.0164898523770475	0.0203715031285965	0.000179294284474265
8.85114992768356e-05	0.00127445614973732	1.97091401251935e-05	0.0049299501724001	0.000703954945617574	0.0389151368685983	0.0403614974601599	1.18958260503333e-05	0.868522389956476	0.000385307684258919	0.000254645189561262	0.0273728100156276	0.00077304386252321	2.33788386731252e-05	0.000733877267133683	0.000315730138475632	0.000773133859711028	0.00497933019686672	8.08369389640314e-05	0.000103031716751176	7.72967289947648e-05	0.00900939602633718	0.000290679517680475
0.000202085972390737	0.00017324034326512	7.06822743689587e-05	0.00524608919984865	0.00264339020591541	0.00053787929859146	0.0391742869754905	0.000431011876819371	0.847928973844718	4.92454209417529e-05	0.00124136722971459	0.0212610952083745	0.0251255273098302	0.00115854168269845	2.87882163821321e-05	0.0035938370449463	0.00201507755872532	0.000140158419406974	0.00818044748637318	0.000403554251516338	0.00732267251645826	0.00345600367619552	0.0296160439870278
6.06914320209896e-05	0.00108731919899906	9.36837669875286e-05	0.00742853227303754	0.0160547332340466	0.00165527464757567	0.0338442299110368	0.000910276999674287	0.865774458748692	5.51364253493546e-05	0.000263355024553138	0.0194553675795946	0.0330489862606388	2.04707825230993e-05	4.05107640361239e-05	0.000250775472973842	0.00297557551794089	0.000143263532043369	0.00021514172543735	0.00161107540607473	0.000594507688895199	0.00640749862408758	0.00800913498378166
2.5148014025816e-05	0.000152073365622613	6.29520297094859e-05	0.000290354063432109	0.00680325874641668	0.00280513941346122	0.0397388471259808	0.000703091738856407	0.860258129384204	2.82302368460838e-05	0.00036083631038821	0.0328944634571434	0.0126323479796706	2.56089015227401e-05	4.48541166710965e-05	0.000181213389834628	0.0102269047743779	0.00038946830762676	0.000320936121353205	0.00402816193451772	0.0212721130898462	0.00621532223153468	0.000540545266957836
