Bcells	CentralVeinEndothelialcells	Cholangiocytes	Hepatocytes	Kupffercells	LSECs	Mesothelialcells	PortalVeinEndothelialcells	Tcells
0.00018801461367216	0.0150402819245887	0.00383278461448085	0.941014954712385	0.0226097442000525	0.0147154965465613	0.000641847344817069	0.00123867070822826	0.000718205335213722
0.00120122232617249	0.00723189942298012	0.00767473501872459	0.930452279355666	0.0246666613399322	0.0124080537034321	0.00315190730024962	0.013138357977337	7.48835555061455e-05
0.00176015292568967	0.000384327957432428	0.00240464605604984	0.941043567999009	0.0147736942093592	0.028950449327668	0.000516252053051124	0.00233249987464161	0.00783440959709946
0.0060410613280923	0.00944812557826556	0.00676232222331733	0.940854246004633	0.0183488249183834	0.0154479597296351	0.000465506233356435	0.000679604554861546	0.00195234942945551
0.00203687051588399	0.0340474534123492	0.00476349760278907	0.941339556676188	0.00695869660254763	0.00444505131355736	0.00100494419128769	0.00376813984964971	0.00163578983574727
0.000919209715206096	0.00180415475543099	0.00184353752577802	0.941270507144389	0.0176831691306087	0.026144595451518	0.000675765602095781	0.00549324034960562	0.00416582032536801
0.00277977016066809	0.00067279540186001	0.00306333046464556	0.922413829339328	0.032467558385172	0.0314404975242406	0.000397313335678221	0.00178889758087232	0.00497600780753487
0.0118072954822022	0.00067845150673571	0.0313536663916254	0.872612949594802	0.0241898970791127	0.000299353578268243	0.011090540413687	0.0476794868914421	0.000288359062124274
0.00101841405070744	0.0118369897757913	0.0104640717680543	0.940837817342787	0.0188499111415988	0.00600571799157932	0.00171523428205221	0.0088808577991984	0.000390985848230873
0.00238245157608755	0.0050134212382453	0.00362393177685112	0.956064886149315	0.0121760937243502	0.0122253543168847	1.6948220395801e-05	0.00817458591213798	0.000322327085732205
3.24980494920506e-05	0.0138906563477752	0.00190623879944856	0.947467165327694	0.021453091299181	0.00965539770565132	0.000578267230609046	0.000766172834882756	0.00425051240526643
0.00034460688582941	0.00983660685574477	0.031552264432706	0.925175065353524	0.0117009064629968	0.00279188113101627	0.00290704007992969	0.0156547463221978	3.68824760551159e-05
7.90114960677499e-05	0.00285272470030997	0.00525544649025544	0.945539702247809	0.0230027003459723	0.0180075978095503	0.000517728231020697	0.00468338524191661	6.17034370981419e-05
0.000411998902316816	0.00138297967273439	0.00316391329797625	0.945290255003985	0.0131824301453886	0.0296031891726947	0.000378914390400363	0.000495326533410743	0.00609099288109348
0.00647317139499526	0.00213465369121043	0.00129824691566748	0.950023632027827	0.00929621569536638	0.0261586004398596	3.47541970643115e-05	0.000798258500210612	0.00378246713779956
0.0174922480566248	0.000548585931871674	0.0067482870192622	0.936679134046093	0.0115656347086308	0.0190424241389175	4.79101508929259e-05	0.00752359331922197	0.000352182628485671
6.46412304950321e-05	0.00114350575467933	0.00316432460094829	0.950998154887202	0.0184834635114414	0.0245007217882991	5.01856587278833e-05	0.000994868836907301	0.000600133731300204
3.87637956366624e-05	0.00765022042051119	0.00313037216486304	0.952774012120899	0.0136953547541977	0.011542206726432	0.000144413829906674	0.0104425548499787	0.000582101337575529
8.44692114141358e-05	0.0325679832170387	0.00259684287101531	0.947678288565754	0.00836696378160161	0.00672566297604736	7.02997324317165e-06	0.000186311072205073	0.00178644833168106
0.0011410687083413	0.0309863677351801	0.0039737805388094	0.940513850125646	0.00943748043410821	0.00361377832043071	6.10284604553519e-05	0.00284669147187292	0.00742595420515569
0.00102148720379901	0.00631452508041805	0.0046221611400318	0.953035943362679	0.0105558110030783	0.0146287234216644	1.0781440581432e-05	0.00382472103109489	0.0059858463166532
4.67883082550549e-05	0.00371112295871842	0.00226178516215193	0.945288400438823	0.0264435267241728	0.017413257208377	0.00026750557049251	0.00410528388038761	0.000462329748622094
1.27020296267307e-05	0.0112218793139608	0.00375254608668317	0.954219468267729	0.0107674376387714	0.0035369722760284	0.000759524257357204	0.015637398250906	9.20718789376101e-05
2.33999905967676e-05	0.00380964151514031	0.00184218461397731	0.94503446334626	0.0139724253021114	0.0342908415738743	1.74498864058547e-06	0.000952916520226842	7.23821491726004e-05
0.000505711467838397	0.00175846850285839	0.00261725522353542	0.950940381485756	0.0127634381635313	0.019205797858883	0.000143139877680206	0.00520657181866559	0.006859235601252
5.32114533190376e-05	0.0187056209935395	0.0020192856840207	0.942702435730476	0.0209283857716585	0.00798114138681217	0.000274032937726327	0.00579467284551821	0.00154121319692903
0.000508558509705427	0.000710164488079714	0.00310058590325723	0.924723204863932	0.0300136334210054	0.030794654388747	0.000297770161955137	0.00876568638067756	0.00108574188264034
0.000434884628371507	0.0195556749842815	0.00342039585268065	0.94758094222775	0.0130028213114299	0.00529950068265006	0.000464331064077165	0.00634320802226617	0.00389824122649276
0.00822474100933823	0.0223818560057211	0.00117123335576402	0.945534313687815	0.0181614758931412	0.00232090020443686	8.94612699271751e-05	0.000679569243801275	0.00143644933005473
6.65852281485764e-05	0.00122815341204419	0.00667691381781333	0.937696766067352	0.0148378973859985	0.0231149198109067	0.000640494338927931	0.0156955486060751	4.27213327334875e-05
0.005432916707937	0.00800437424691838	0.00142734023768907	0.947634031946066	0.0128558711236041	0.0199753911434107	0.00132202041672056	0.000432971883649615	0.00291508229400441
0.00418515320087194	0.00043999709540516	0.0037489711500032	0.925451054211782	0.0379309318699766	0.0246364524205897	0.000215526643286188	0.00248228594955018	0.000909627458535336
0.00024110310958742	0.0190413225175981	0.000823429770431303	0.948023598574021	0.0127010779199089	0.00709861111070763	0.000312817366865289	0.00133379265874469	0.0104242469721355
0.000749640059855504	0.0120581220822251	0.00101858805317064	0.953793151429147	0.0128345090708413	0.00588984447862541	0.000314752734202544	0.00945453613042344	0.0038868559615089
0.000231526639815011	0.0159409103447414	0.00222163624472882	0.936091319690945	0.0248142985255474	0.0121739689035183	0.00121135683963333	0.00704857951340873	0.000266403297661581
3.52228707795368e-05	0.00515168848159956	0.00444347113128557	0.96202183426206	0.0133828625515666	0.0111211249111637	0.000299965723558981	0.00326967832191641	0.000274151746069571
0.00693164826426499	0.000318658910501641	0.00344294414334186	0.925043530856302	0.0265455766137564	0.0281383327869862	0.000182720077491047	0.00178240110851167	0.00761418723884387
0.00345224176358483	0.00803598753786041	0.003392072418754	0.944416111736919	0.0114622134166405	0.0265475149258421	0.000578257636291412	0.00188728551560321	0.000228315048504757
0.00043050866104161	0.00386913493656865	0.0014957052266139	0.947302729706651	0.0200863084224961	0.0186116197304037	0.000148887536708454	0.00649031290790004	0.00156479287161642
0.00105943635200178	0.00331052268949009	0.00268895316841312	0.940749112977539	0.0278260605257674	0.0235042331692694	1.5657339092784e-05	0.000618607933078508	0.000227415845347828
9.96754974201359e-05	0.00383007812588458	0.00296706865753419	0.955980245680128	0.00627213107075009	0.0198363710005706	4.22076333253508e-05	0.000712352982743512	0.0102598693516437
0.000261678265511988	0.00174343378031604	0.00241293277239489	0.948805107833296	0.0121824117875637	0.0309427827991357	0.000591902059596732	0.00175913031478083	0.00130062038740394
7.60188265629172e-05	0.0150437915224576	0.00453497657534555	0.959606865225357	0.00891543592769845	0.00933376875104255	0.000474480947271392	0.00188611985468715	0.000128542369577331
0.0127624970687743	0.0135836853932546	0.00444447533726699	0.946370669429168	0.0107402340634847	0.0107659127372796	3.34960961147965e-05	0.00111147333309471	0.000187556541562101
0.00584855671109641	0.00432581747743662	0.0089927691826844	0.928330113274505	0.0179832615194801	0.0156200704182028	0.00281873895899107	0.0143593449002665	0.00172132755733712
0.0102808460953712	0.0123850180925988	0.0367108149524231	0.836072157341438	0.0211099706144063	0.000382571883555612	0.0118766607622602	0.0642167177097719	0.00696524254817435
0.00656234428970988	0.0200431556501698	0.00305142218749314	0.946210837672588	0.0152571797042728	0.00135126635014798	0.000573217318054845	0.00676971044955672	0.000180866378006408
0.00133760864344709	0.00986565062195201	0.00312663867308849	0.941041425244303	0.0216531411784417	0.0208386649580429	0.000536663688790994	0.00118143834261298	0.000418768649320609
2.0680745788516e-05	0.00290182969736804	0.00356260750497917	0.940774908911743	0.0266070253840554	0.0250627541002684	0.000673806509807516	0.000277203633459805	0.000119183512529832
0.000339670926208526	0.0535566842511728	0.00354307003639416	0.923649804142016	0.00886105041630026	0.000594024865161677	0.0011243460407814	0.00765781936319945	0.000673529958765642
0.00272427861393557	0.000953784152340365	0.0186353117060264	0.92088693154121	0.0183851813053416	0.00383453242481451	0.00224683799780401	0.0323004772664883	3.26649920389544e-05
1.64945184674568e-05	0.0142342161751466	0.00452469988167739	0.952208266930114	0.0107992299530334	0.0174398025821564	0.000325642650601102	0.000410425725045305	4.12215837585603e-05
0.0013881708862592	0.0108361256224202	0.00493773318644098	0.946070856714731	0.0166742812454582	0.00888433538378018	0.00110451433961931	0.00689212471766211	0.00321185790362879
0.000121230772199215	0.00484857070097049	0.00305381731109675	0.948443794702968	0.00922470311672079	0.0190286090753153	2.15449377584109e-05	0.00586583769470054	0.00939189168827025
0.000533835686251427	0.00033513420663061	0.00241779455819948	0.95390240375565	0.0158823827079104	0.0220649961932319	0.000135931576834429	0.00465658272996945	7.09385853224517e-05
3.08708579971222e-05	0.0245840723818972	0.0049794858023584	0.936048044043063	0.00843857352227597	0.00689616627780271	0.0015450581843931	0.0128097878804632	0.00466794104974886
0.000431690965237189	0.0262844103071395	0.00567360577294678	0.936102397752826	0.0150579721540279	0.0101714164627281	4.84761873792291e-05	0.00416402382876162	0.00206600656895372
0.00049309678475811	0.00062912717705096	0.00221452460517021	0.945554943355263	0.0140258473395482	0.0224344794762048	0.000183172513554767	0.00287570009906105	0.0115891086493893
0.000771543163212254	0.0137764066995962	0.00243088731611511	0.95598669276446	0.0102501725572467	0.00913113855690188	4.59206428899299e-05	0.00662185020786025	0.000985388091717571
3.52269921949836e-05	0.00126294231889726	0.011835438090742	0.930324350947662	0.0168110666487657	0.0174866089606168	0.000905880917487645	0.0212971497416184	4.13353820158805e-05
6.39076168279415e-05	0.00103675762259342	0.00385606359509843	0.925560015788904	0.0233862690280835	0.017514491418006	0.00059634069713942	0.0262315998631782	0.00175455437016901
0.000498256273018873	0.00949060344286205	0.0014399544911252	0.941662041598525	0.0232136634041382	0.0185277223257198	0.000206427949087675	0.000964875317484288	0.00399645519803859
0.000400668663159772	0.0237302022868193	0.00458114979018777	0.940050698038196	0.0133771527088596	0.00964701736168989	0.000299561152351183	0.00507862083534999	0.00283492916338605
0.00418212133083438	0.0261544834663488	0.00191775167081317	0.934520398185126	0.00990632892638636	0.0209554756017135	0.00085466230406492	0.0011670645187375	0.000341713995975457
2.07662665714122e-05	0.000540051785219753	0.00740253533276338	0.938026815976919	0.0247316450253135	0.0226024188319673	7.44787448129383e-05	0.00655634819377784	4.49398426554043e-05
0.000831183704082283	0.000342309872265872	0.0140915313557825	0.940239772390765	0.0103879629483142	0.0109299346298931	0.00125649932084924	0.0218822716176592	3.85341603887594e-05
1.27974667644218e-05	0.0158326615049782	0.00235898050034091	0.926146568469216	0.0205558324012579	0.0170708933926353	0.00123930654632594	0.00659246932505586	0.0101904903934252
0.00255406045850211	0.000694797761208598	0.0089390406515512	0.936518989939862	0.0217607848984311	0.0203575530379686	0.00232291322131521	0.00648858202325337	0.000363278007908007
5.47773339816795e-05	0.0194776231342868	0.00148050749303967	0.949275896558882	0.0132767592404909	0.00730090606712365	0.000922070440020494	0.00763166433495162	0.000579795397223436
5.34829568788307e-05	0.00153523046173917	0.00444735221502697	0.955533925588087	0.0123369209195246	0.000630645577532014	0.00125708534619725	0.0241844818675638	2.0875067450347e-05
0.000636833988054017	0.0165247232244567	0.00486688363141713	0.927906042807751	0.0243652748846038	0.012888940008602	0.000613447530094701	0.003629801204692	0.00856805272032839
4.43144429791713e-05	0.0333915035009666	0.00453530643341603	0.922624024682532	0.0120085528228164	0.00631777972013862	0.00289754910395061	0.0141964053431541	0.00398456395004622
0.000118707424526867	0.00977208018216414	0.00133033151699445	0.957544803370996	0.0131083915358836	0.00594036711652204	2.18278795636422e-06	0.00640482264353836	0.00577831342141783
0.000102867263127069	0.0302921852780561	0.00442979440833552	0.946998336574069	0.0121444699775406	0.000923731868930836	8.46848030184688e-05	0.000286970368211601	0.0047369594587112
0.00151324481524809	0.0193979042847214	0.000793072367684157	0.942695544309371	0.00922480647751995	0.015154170570917	0.00134337669943476	0.00675788283147187	0.00311999764363217
0.00424535256414257	0.0051401943676565	0.00320962745486804	0.94794388914675	0.0203795296612742	0.0126586914144046	0.00050452478146278	0.00582968789284578	8.85027165951254e-05
0.00307754929308804	0.00198607772653396	0.00762715452375359	0.96157073911827	0.0101154737284592	0.0029789937081229	4.09796855441546e-06	0.010072317639581	0.00256759629363673
0.000750044743557528	0.00152152687252723	0.0139795524871008	0.936907367608408	0.025935189818572	0.00820044860976746	0.000102446629510134	0.0122334068975141	0.00037001633304255
0.000198179257590559	0.000267972345107587	0.00151960418226553	0.951640548460006	0.0279291516832196	0.0113457209682643	6.80431413348894e-05	0.00670735145407475	0.000323428508137001
0.00105889976903747	0.00633015571293688	0.00183947100942966	0.934293167259016	0.0195124974769146	0.0187303886682018	0.000394664630315792	0.00923804552925155	0.00860270994489547
0.00948014819957006	0.00185494338844134	0.0047736467714617	0.931306350497732	0.0197001644093272	0.0160878524992919	0.00142233202306342	0.0153339779352523	4.05842758599253e-05
0.000166504865194193	0.0322640841873623	0.0030821581880332	0.948840938081816	0.0142201775995521	0.00106937861471967	0.000228451459045269	9.42868527713505e-05	3.40201515056073e-05
5.23737594603902e-05	0.000638494491613178	0.00287874181451117	0.94438391396224	0.0142077499836892	0.0198060508919091	0.000149593630077505	0.00764115722795607	0.0102419242385434
0.00146934775705734	0.00254080001114547	0.00206898104298171	0.951592402009272	0.0143535723496512	0.0232070276938871	0.000123997316553055	0.0026931189139742	0.00195075290547772
6.72413638783841e-05	0.00221377075701537	0.00330823005117116	0.944812037816057	0.0216730654441122	0.0176185735014057	0.000103284624368434	0.0100974579122279	0.00010633852976431
0.000674046762129578	0.0246759281691984	0.00213669211813717	0.942633362762715	0.0195670439348392	0.00411791422536924	0.000304869759171025	0.00253037624866502	0.00335976601977515
8.70811638239764e-05	0.0172503581930772	0.00178999283478648	0.942529407774737	0.0169217256280481	0.0181228314013303	0.00110668370206382	0.00117089390302953	0.00102102539910322
3.76157328220725e-05	0.0130362599620196	0.00168758851037893	0.940288867159197	0.0197174714157323	0.0181066005987059	0.0010184875427002	0.000996657317552538	0.0051104517608915
0.0021565583657057	0.0124914437679017	0.000948969191617762	0.94604693991816	0.0141390798923242	0.0218915620142959	0.000264734044947902	0.000830519959449374	0.00123019284559677
0.000919412748780012	0.0338149589571283	0.0033483542490437	0.941395845238876	0.0116527326171739	0.000745789968442256	0.00094510142470553	0.00693912341272219	0.000238681383128398
0.00895283356477515	0.00884539608549443	0.00917768687594659	0.904881252135061	0.0196809677379276	0.000342043212323176	0.00778254942682197	0.0389671786025915	0.00137009235905885
6.0708826153402e-05	0.00843195013210565	0.00188742330677162	0.948708618758139	0.0141257615347234	0.0239617708782076	0.000378454565341491	0.000415939298063052	0.00202937270049436
0.000654818882772178	0.00940260156961985	0.00471030021929206	0.949792647500983	0.0199698796383431	0.0127027020235896	0.000147576757504226	0.00171799445853735	0.00090147894935868
0.00262878086920077	0.00563733923374691	0.00999235392101113	0.941205701007401	0.0183066559243667	0.0137805829944359	4.57064779878507e-05	0.00837333129997176	2.95482718776077e-05
0.0015257647388341	0.000554698196292424	0.00342828121873241	0.942776491028719	0.0210317093628511	0.0176975943995912	0.000327975883780014	0.0123519635008095	0.000305521670390773
0.00039054664654869	0.00586063317872618	0.00342867940738364	0.937558278092135	0.0235089477151699	0.0240918371216134	0.000499800932092371	0.00303667767551884	0.00162459923081211
0.0151454257629159	0.0106988755764559	0.00456959954354838	0.923834403993818	0.0137350671354518	0.028392705039478	0.000545615674783891	0.000379086693255383	0.00269922058029221
0.0112888815298619	0.00169955313262117	0.00350907157598567	0.932391049172777	0.0223215734343979	0.0257750681015118	3.27005590884591e-05	0.00275182458751395	0.000230277906241804
0.000559491791150773	0.000341104037937611	0.00767428456042509	0.94949061346318	0.00811945833660243	0.0256757159639618	0.00191864603589811	0.00616450010651695	5.6185704326815e-05
0.00121107032085007	0.000269691223051003	0.00165552071965491	0.945582173288889	0.0158657697018099	0.0258994990313462	1.88929109049022e-05	0.000125532144273086	0.00937185065922046
0.000112738186205457	0.00146319587934493	0.00238752879620622	0.952753387263449	0.0149024260673876	0.013396762139785	0.000524137050542924	0.0141439574403509	0.000315867176727855
4.26506948768451e-05	0.0146724663945779	0.00261891011393221	0.948631843554696	0.0182856643453977	0.00847584849856785	0.00102640075276544	0.00249967026734596	0.00374654537784057
8.09454850026779e-05	0.00623038724054283	0.00218635238746636	0.942060654268313	0.0163059734169818	0.0230162383602717	2.16267558312283e-05	0.00982635012121858	0.00027147196437214
0.00271532434314772	0.00868181027230361	0.005402520042647	0.948601437334129	0.0120508540531504	0.00799729021734139	8.94843032603959e-05	0.0118930141864591	0.00256826524756176
0.000999454771848067	0.00947067991241836	0.00191758092171052	0.936391909673068	0.0241335964086206	0.019683248699226	0.000448421238533432	0.00669060468188898	0.000264503692686495
0.000930274858047105	0.0116105105116738	0.00172354012652901	0.958240316120188	0.0101088887940158	0.0146351391308137	0.000282729629417754	0.00133662170684167	0.00113197912247319
2.44208287459668e-05	0.0062959454880798	0.00169352114236528	0.952706308724689	0.0164914782228797	0.0199470896771602	0.00103022622351926	0.00116596165063628	0.000645048041924324
0.00280669019184268	0.0211339497273014	0.0026073557032168	0.951121993289835	0.0156545058194934	0.0047557113813773	0.000452119765229579	0.000996650262152234	0.000471023859551201
0.000410864806044003	0.000834712377936149	0.00306551822756209	0.953607116180388	0.0170821315265307	0.0224739148001712	0.000221962205207711	0.000828931530549944	0.00147484834561074
0.0108327207213496	0.0146335854608694	0.00270860678081457	0.931895860862071	0.0201891529326836	0.0194496703277551	3.68145160457044e-05	0.000199321869592048	5.42665288196087e-05
2.00919293625404e-05	0.0203987046367956	0.00106511757563538	0.946221692785654	0.0135866833279533	0.0160064218694075	0.000918673870302158	0.000526263282856149	0.00125635072203369
3.1366628449919e-05	0.000937003812531415	0.00409511641827193	0.952940871422394	0.0160635271722439	0.0161370392952927	0.000861637624807122	0.00838686522784623	0.000546572398162211
5.52273380237935e-05	0.0111856104447445	0.00204286524668972	0.950640310868182	0.013411398463202	0.0104224076205375	0.000900355669787026	0.00956775094385428	0.00177407340497916
0.000277197865928537	0.00727149803632811	0.00732910150378716	0.955151044912803	0.0110430038628187	0.0112449101752335	0.000254431814768248	0.00724739813687406	0.000181413691458676
0.00211429573889936	0.00226619971471771	0.00443888353705734	0.951191088802873	0.0150955858231391	0.0229377966774949	1.20700754841954e-05	0.000575260100880158	0.00136881952945424
0.000823701906019049	0.0157090420426526	0.00155836507193571	0.942257803337322	0.018770866598493	0.00834453847056684	0.000748375527900113	0.00152692986612616	0.010260377178985
0.000440350228410802	0.00453953532361697	0.00433371348857119	0.944145458982515	0.0203491752885628	0.0206835518117185	0.00105401940494114	0.00290693015238193	0.0015472653192813
4.36757383451204e-05	0.0206110468271863	0.0017481396775851	0.949424818473975	0.0164463023268013	0.0094033314084885	0.000406546282680342	0.000397932071126483	0.00151820719381149
0.00367256429106046	0.00568439993162571	0.00383933655484369	0.936770372112141	0.0125334900804915	0.0268473157454999	0.00154884594477073	0.00809079704888118	0.00101287829068627
2.09294593645355e-05	0.0299294573050797	0.00278522344310389	0.940969450844917	0.00887658515693626	0.00991477723685477	0.000258399042764897	0.00534245531112154	0.00190272219985767
0.00113153326236766	0.004433265041797	0.00485821782026272	0.944363711215023	0.0153148495619862	0.0202396792506737	0.00137249806537894	0.00431632618718834	0.00396991959532266
0.000905719988155434	0.000337840617649308	0.00489172174066538	0.933780685090986	0.0306260125749017	0.0265891444095443	0.000319177899175166	0.00120529023773041	0.00134440744119235
3.04281759317751e-05	0.00275576403665546	0.0014802605636701	0.950212024411872	0.0136881394234661	0.0237170441459481	9.04859230597091e-06	0.00724795760747967	0.000859333042670518
4.64265161851348e-05	0.00941164424388404	0.00127058332137734	0.943841469937926	0.00858946078996217	0.0294968087076651	0.000567451577152432	0.00273862975024301	0.0040375251556052
0.000144162815331622	0.0128755160549962	0.00226020243524507	0.95653403758151	0.0125562077718673	0.0114347986178463	0.000433841998012611	0.000644459561003209	0.00311677316418796
0.00309174974262221	0.00713924598915707	0.0030232943853179	0.94872501152849	0.0136731013920388	0.0225163858621067	0.000437208469848308	0.000710685284306058	0.00068331734611333
5.32097502653228e-05	0.00170857778416298	0.00395471152729014	0.944746930052383	0.00892571336596375	0.0291651254965184	0.000991570773277332	0.00744780216048293	0.00300635908965547
0.00487588840858866	0.000230822076605494	0.00129199276245647	0.936002492181346	0.0236840830479311	0.0230576156955056	1.93049553750465e-05	0.00614691350497605	0.00469088736721521
0.00176118031793578	0.00076027165348975	0.00186457501150736	0.939084171512551	0.0253551817951225	0.0271071267070495	0.000111979157089689	0.00363171906215228	0.000323794783102306
3.79934577331254e-05	0.0126645176461208	0.00298448354800155	0.939772682813068	0.0303927108940355	0.012291312862328	0.000607455127609629	0.00114336548327008	0.000105478167833248
0.000186230454027516	0.0156755531470809	0.0190519072611871	0.93375568188435	0.0148069848840106	0.00302485740102072	0.0014301253879052	0.0120401924910757	2.84670893421064e-05
7.70160405959115e-05	0.0179574895537102	0.00142733838884924	0.945860868105397	0.0178296513152966	0.00263978583900402	0.000362897268901541	0.00683489701722255	0.00701005647102262
2.65874133217487e-05	0.00161311986918176	0.00258660127088457	0.945728148919142	0.0167975587336958	0.0101141084718129	0.000672884194012391	0.0137954856191207	0.008665505508828
2.35855267960272e-05	0.000273537633922219	0.00442865187431586	0.949316991227455	0.0125067174285592	0.0173343698050063	0.000260453115883768	0.0157255451970292	0.000130148191031936
0.000151378332162433	0.0255537350355183	0.00497966066448571	0.950401156471833	0.0151423878943766	0.00346399989039011	0.000115479438482979	0.00011787401923297	7.43282535183256e-05
0.000833408749902232	0.0002560538518164	0.00334097653919093	0.956803525439426	0.0180643277178014	0.00131218960489227	6.85339286652701e-05	0.0187848770216086	0.000536107146697261
0.0186680851631844	0.000265632737218632	0.00108509039382211	0.934017998405113	0.0123119499223083	0.0258775632521171	6.30857428141182e-05	0.00101327386665479	0.00669732051676748
7.55418494599515e-05	0.00137060887670659	0.00374810637275967	0.958015521818822	0.0200804295115121	0.0120875883602655	0.000187699083099802	0.00430369815677422	0.000130805970599838
0.00641520715984485	0.00932025116189306	0.00316878812312862	0.945869093201707	0.0190018164677154	0.0118431336805276	0.000112347388923526	0.00387021423210944	0.000399148584150882
8.36625048724701e-05	0.0144654074865583	0.0308274165528466	0.901707927104206	0.00945415072101005	0.00483971648659585	0.00257483055384412	0.0345241715017264	0.00152271708834019
7.36433705405722e-05	0.00432841117347564	0.00433288443747584	0.949786542018199	0.0159876098461394	0.0234977678273303	0.00139621604430853	0.000439236736336538	0.000157688546194679
3.31923199635199e-05	0.0118548840931775	0.00315907799369558	0.957043128636937	0.0207564794199192	0.00699667867604568	1.41192229436703e-06	5.33378418695594e-05	0.000101809096097633
0.00195223070278122	0.00604397629268041	0.00281387592359235	0.948924516392433	0.0143454881828692	0.0177296424235191	0.000658779633055208	0.0058839854012139	0.00164750504785537
2.14100728232173e-05	0.00826502649352231	0.00358267496927052	0.936647058514008	0.0284434948302679	0.00849691373927189	0.000172852475642104	0.00745020314243194	0.00692036576276227
0.000159079010193238	0.00260572816240678	0.00169592728976498	0.934875571213026	0.0235836622926772	0.0212978321892657	0.000955760005966105	0.0121368702361701	0.00268956960053009
0.000229488851613895	0.000920455315163399	0.0051577959673487	0.945938880149389	0.0172862251028963	0.0213146188823366	0.000211833446109697	0.00880021456223616	0.00014048772290586
0.000107212834200375	0.000495487151425252	0.00720817491187604	0.93643178416454	0.018437751394559	0.0167197129223557	0.000233404065177266	0.0203196316679396	4.68408879267343e-05
0.000275087508366879	0.00837682023538116	0.00213748223600083	0.945227831414092	0.0196231721277151	0.017454995662554	7.24460458551499e-06	0.00106698305729932	0.00583038315400511
0.00502556509481344	0.0114048980502546	0.00358413396133903	0.950824661897422	0.022058860117655	0.00185293559455565	6.85665782805741e-06	0.00167064453042459	0.00357144409570738
4.8525403451092e-05	0.00865491462463933	0.00303425467501223	0.937842459099058	0.0250073559677153	0.0168147469895651	0.000754129853535145	0.000777106333020388	0.00706650705400331
0.00161391641426423	0.00596229207098359	0.00369208032034208	0.956324293307884	0.0101729614323944	0.0199813583642374	0.000838417577805685	0.000941555155661296	0.000473125356427454
3.89095386383854e-05	0.0200080468000786	0.000412106863108286	0.94081890842474	0.0165593288303441	0.0128124981791491	9.92516140601138e-05	0.000890203424980811	0.00836074632490014
0.000203871727956536	0.00636220034743924	0.00460417186076251	0.949339870308148	0.0204578541791351	0.0164373244422843	0.000471774011475539	0.00121387625565423	0.00090905686714493
2.61326693314909e-05	0.00421938461655076	0.00878717319827132	0.941117202649108	0.0118819012592098	0.00689038425500177	0.00213806264719713	0.0202602855086295	0.00467947319670046
0.00016951328178635	0.00761338359295443	0.00104686076553329	0.952738007569188	0.0131646789230604	0.0159808312221387	0.000665630553600536	0.000401799116589505	0.00821929497514916
0.00218375316743359	0.00136159243258483	0.00292091620001955	0.933760671424133	0.0324987005557134	0.0154275379358639	0.00031577152138751	0.00875125399553779	0.00277980276732626
1.56783861830554e-05	0.000559212278732871	0.0262447921206734	0.920239107805225	0.0170803337978523	0.00528204171550359	0.00144441803792857	0.0291187789499873	1.56369079133996e-05
3.48248670529884e-05	0.00507986140686375	0.00261337401710742	0.948549119395163	0.0232888157584396	0.0165683323646222	0.000634460825656289	0.00137657077073355	0.00185464059436078
0.00265675739459575	0.0096972190264394	0.00225748938500211	0.947215841034044	0.0207678734502995	0.0158333391681424	0.000274392836296367	0.000211910762068773	0.0010851769431121
0.00578222513941204	0.016812035329162	0.0025937553112322	0.944823048736156	0.00849522173756078	0.0146574710860448	0.0007434270610163	0.0039493400474317	0.00214347555198435
3.44943538370598e-05	0.0028032508811131	0.00423409569523169	0.944991726992962	0.015704338688228	0.0260738519824864	0.000418920373172469	0.00465495568244889	0.0010843653505205
0.000374385459234083	0.0142399372512687	0.00250117133582255	0.952846901370422	0.0120399101931072	0.0110353640595435	0.000669952008412432	0.00566347459489943	0.000628903727290579
0.000126642631398543	0.0188382319797378	0.00184937485210945	0.953738254059867	0.00591290670244128	0.00951768344319583	0.00033650913990529	0.00665972837888164	0.0030206688124633
0.00132222095723239	0.000654056039888156	0.00438566169142044	0.948490130993966	0.0146279206596145	0.0164994318827937	0.000461530454639879	0.0102491831007398	0.00330986421970527
0.000390315730116944	0.000526157069243578	0.00366542409815098	0.938355543487494	0.0232620308729997	0.0228747226134719	0.000531300625611629	0.0102011716024672	0.000193333900443777
0.00011555261235076	0.0336694625540061	0.00420844276194408	0.935604891733648	0.0156512826204045	0.00104003711985989	0.0037750743216435	0.00298621807894861	0.00294903819719404
0.0123118047953962	0.00496492718555394	0.00120907028843951	0.939390999324775	0.0152331258607408	0.0182330913459436	0.000207649974794295	0.00132408742227877	0.00712524380207804
0.000126603821715512	0.0100561030612398	0.00381822651833764	0.944461331634785	0.0141763801434837	0.018089631513069	0.00112628008646557	0.00469007706970603	0.00345536615119787
0.00517142501904668	0.0015413230903144	0.0016896486261794	0.946186385199252	0.0141269629320101	0.027139317624627	0.000348826563475738	0.0018788931163038	0.00191721782879101
3.70611178810995e-05	0.00448786423408965	0.00668645050425036	0.94900403786037	0.0194247556401047	0.00873632744646186	0.000528594501425115	0.0098108195578732	0.00128408913754408
6.9595008299242e-05	0.0141904745446107	0.0047344984087816	0.952004297476139	0.00921893242459952	0.005408140864498	0.000299601040766498	0.0123394344301674	0.00173502580213834
0.000108980403118057	0.0033164846073201	0.00378154562660018	0.946638193388784	0.0116778815079375	0.0190434274886316	0.000476732429355974	0.0141892795487123	0.000767474999539994
0.0011161096012184	0.0124524766957025	0.00213441472051875	0.948816940459408	0.00976742897001046	0.0224147013773117	0.000460307380079439	0.000270343086538009	0.00256727770921239
2.12853416215614e-05	0.00413429957531213	0.00415044267588398	0.947420909420703	0.0177894100546516	0.0219123096080316	3.35074036737973e-05	0.00446848985161877	6.9346068503182e-05
0.000122625313885981	0.00447873283501415	0.00203760329536922	0.942554113760305	0.0196667800131416	0.0194087269363569	7.92234970755471e-05	0.00924328099438321	0.002408913354468
0.000338494795171395	0.0204835886918996	0.00205000555585809	0.944682878574494	0.015187891335073	0.0132868747230092	0.00120229920936718	0.00117655854503534	0.0015914085700926
0.00205238514005068	0.0194264725882477	0.0124453337431992	0.912135923301954	0.0175188485932787	0.00088508237287079	0.00359096648579989	0.0294388581317534	0.00250612964284546
0.00187617526834914	0.00786676945055646	0.00431289754923643	0.956747358591531	0.0101322068246668	0.00506792437264863	2.93775720570406e-05	0.0123158634332243	0.00165142693772968
0.00266578838633149	0.00145481295057365	0.00449656920056065	0.944975258841947	0.0130823747609074	0.0114834050841136	0.000124678603298038	0.0165062405069039	0.00521087166536424
0.00014378845622472	0.0344691712336516	0.00250306057995775	0.948212481414796	0.00852439617698158	0.0018274602605998	0.000215251996234631	0.000211872072420886	0.00389251780913331
0.000479101489682107	0.00199494270683414	0.00644577088783725	0.941093096611286	0.0199047241464625	0.0184443588576498	0.000470676130303551	0.00685355078273013	0.00431377838721458
0.00214330348266461	0.00831712936589553	0.00594980837390489	0.944044536127312	0.0191192104204486	0.017164849126422	0.000285937662592262	0.00280399174734334	0.000171233693416593
1.21329281721239e-05	0.0100798511709031	0.00415786358308252	0.954086651215021	0.0149982152990938	0.00779072501930863	4.57155295667207e-05	0.00762385196964884	0.00120499328520345
4.13091031679981e-05	0.00140171856549921	0.00486198289496272	0.94691642875742	0.0131751766435797	0.0299716213281267	0.00085768448599446	0.000762073955219001	0.00201200426602968
0.000112878271907209	0.00543149874030786	0.00261327417672673	0.95061526310814	0.0122867870263863	0.0244709751570711	0.000618908961084952	0.00150569653041555	0.00234471802796019
0.000245083331945644	0.000848606689209237	0.00493638111112919	0.937790667437473	0.0194961431917512	0.0297513282416728	0.00104391017282849	0.00584305926816863	4.48205558221565e-05
0.000219473357694401	0.00913188895564008	0.00556711016804261	0.946902877306928	0.0174851657760299	0.010580285537114	0.000297182355673661	0.00767218008586759	0.00214383645700969
0.000863405207786662	0.00248450312279214	0.00286594022909815	0.938811643309442	0.0220279608980288	0.0154227240685406	0.000603685913552767	0.00653204098128572	0.0103880962694736
0.000295622033634361	0.000252044931129772	0.00601989075640806	0.941476428398536	0.0238857217510462	0.018843558729444	0.000538214047917403	0.00663241886687842	0.00205610048500591
0.000122117850247517	0.000231639514986643	0.00170930759400023	0.951583257943122	0.00466418629682986	0.0290755397886572	2.32965724276592e-06	0.00022576251968249	0.0123858588352314
3.60286918831931e-05	0.00237197336981445	0.00896660114002658	0.922715527213044	0.0317725212364338	0.0167920997848657	0.000855535052554191	0.0116091934462974	0.00488052006508016
0.000449419242612766	0.00232120697952919	0.00799081486803094	0.938607815735828	0.0202729314464743	0.00570395344178249	0.000295499380956838	0.0238049828153386	0.00055337608944698
0.00665603874107115	0.000303446004861343	0.00128636180469049	0.941955338235967	0.0194643839573935	0.0266021823494896	0.000372036592749316	0.00231755888887009	0.00104265342490749
0.00170325731184584	0.000756856826097136	0.00101516981547347	0.941650395734222	0.0255091783594982	0.027073049180729	5.2254309963503e-05	0.0015119890600015	0.000727849402169551
0.00101015876560058	0.00085258449997306	0.00527771730967651	0.952381313594794	0.0155441761668512	0.0219615562959178	0.000242828552945656	0.00261111968760253	0.00011854512663911
0.000995437882849124	0.000436495646570617	0.00257305254494118	0.947201547809406	0.0212272374398495	0.0218950358682193	0.00039894049801336	0.00490756155855942	0.000364690751591742
4.87461412552477e-05	0.00151341418672202	0.00138982994451924	0.942648316295566	0.0202526699860199	0.0148635346798717	0.000829904518710925	0.00304319243929196	0.0154103918080431
3.1910941103877e-05	0.00100206523292452	0.00263531294666358	0.942431858799455	0.0307203804189214	0.0189063841509878	0.000129688825789288	0.00284925487842562	0.0012931438057286
0.00158924005664699	0.0133843903652349	0.00513133549716061	0.95600981881781	0.014427195561208	0.00466889519414224	0.00020173450493619	0.00320736226968078	0.00138002773318072
0.00139859252128675	0.000354967215996592	0.0014322297992294	0.946937108637724	0.011479242690648	0.0251418798883738	0.000154063290516987	0.00869600505541824	0.00440591090080676
0.000447930560387265	0.0192582051430604	0.00485409070677456	0.947216327110631	0.0129558887263891	0.0130252504599287	0.000406671199698556	0.000813736266063681	0.00102189982706661
0.00103473316702443	0.00844800283505132	0.00386483569876373	0.946819430683829	0.0201535442680236	0.0140655076891202	6.3209657695577e-05	0.00300469857741299	0.00254603742307939
2.10285875928211e-05	0.000593550867533235	0.00595214462716529	0.947387683771318	0.0138996165595093	0.00694372762210701	0.00190590820055138	0.0232356395857293	6.07001784933522e-05
0.000972421612392895	0.000308551695440286	0.0042909676311639	0.948732140598552	0.0143892589362044	0.0200440703783423	0.00203444130185427	0.00790331172772557	0.00132483611832425
0.000946225133908776	0.0111147478977569	0.00323383567791513	0.952585202788942	0.00705672270843128	0.0173331109994633	5.03472340759058e-05	0.00292417288045036	0.00475563467905605
0.00486818035817358	0.000791941147290283	0.00433945170244098	0.945152194126092	0.0222516468530703	0.0203668174432185	3.35927609027029e-05	0.000528500060661521	0.00166767554815
0.000327949647819737	0.00641425578531884	0.0017620278266006	0.951875446897748	0.0109765106046741	0.0218519100012183	0.000125633743907923	0.00465068107620606	0.00201558441650655
0.000103563502476155	0.0228737647538083	0.00238694948718865	0.945599530852298	0.0119474742511945	0.00993292256495912	0.000644638217258531	0.005861460213799	0.000649696157017425
9.31707222196626e-05	0.012452172490051	0.00440169219770254	0.944661409169714	0.0152591476407557	0.00838473522688822	0.000306370996673603	0.00822546251299761	0.00621583904299722
4.61317488155861e-05	0.00202758569413048	0.00601444699829068	0.940548536380028	0.0169269798222518	0.023475376770609	0.000551739174310979	0.0101457145275456	0.000263488884018
0.000480658843679278	0.01279378915618	0.0016203281308191	0.959532301820726	0.0160889691961737	0.00694109494120498	0.000116059068864348	0.00131628039781571	0.00111051844453694
8.07321648787541e-05	0.0140967730092395	0.00339240085596481	0.941047989789182	0.0132231555513891	0.012759423124091	0.00184561779561973	0.0112496286662586	0.00230427904337628
5.9511515664575e-05	0.000320574186278733	0.00539519637814306	0.93903877096988	0.0269652804796345	0.0146837008157572	0.000466082810427007	0.0125795372793748	0.000491345564840183
0.000131126588466712	0.00100948438862788	0.00278596931864919	0.94735120106656	0.0131304266509923	0.0229348122313369	6.36890538326304e-05	0.00041911858131023	0.0121741721202245
0.000810822885765694	0.00611232697373632	0.00431847499407578	0.937466013521909	0.0174530401645746	0.0183539153065932	0.000802889434127797	0.0138150512860737	0.00086746543314362
2.10978684822639e-05	0.017605349916846	0.00432318309214069	0.946979937412614	0.0116692495029241	0.01594843673003	0.000583746280027436	0.000712192072461001	0.00215680712447452
0.00304926719579122	0.0023341911618828	0.00079990784325021	0.952601277085307	0.0121979769226201	0.0232198607799604	1.20815858305372e-05	0.000628647420902684	0.00515679000445464
0.00441993839322404	0.00440669365204643	0.00772344418102604	0.945763326229622	0.0108100953519625	0.0104555261083144	0.000522872891822299	0.0155459779350155	0.000352125256967261
0.00012176252491257	0.00658923823149702	0.00238006148168058	0.942479930539928	0.0218565273439435	0.0162606577546139	0.00140511170747834	0.00473447305960511	0.00417223735634089
0.000789730047862045	0.00541383394147657	0.00145627657212165	0.949151887798418	0.015257433010949	0.0161935539904599	0.000752846652105154	0.00686706513946751	0.00411737284714019
0.000434250248019417	0.0030899718359771	0.00442355418968192	0.933812493735041	0.0176237909470834	0.0233157818397979	0.000305445105522716	0.000193827671463314	0.0168008844274133
0.00900791888114462	0.00355519759047075	0.0054518305813545	0.942795791168139	0.013516552207194	0.0217411815495247	0.000111212925815053	0.00341684930787631	0.000403465788481327
0.00122720388464847	0.0299690065267832	0.00153656245786511	0.942615642316593	0.0135218618296906	0.00402560300129958	0.000581175410366634	0.000604465121228731	0.00591847945152447
0.000139182671637081	0.00200176642075105	0.00219286869146724	0.956134076723399	0.00865808918637021	0.0256798791811502	0.000113076038492811	0.00169814665613058	0.00338291443060175
0.00119736781857377	0.000271315973245077	0.00213796351668201	0.947406834778327	0.0175662010966093	0.0281770318478916	0.000386966691865778	0.000532792636938796	0.00232352563986649
