Bcells	CentralVeinEndothelialcells	Cholangiocytes	Hepatocytes	Kupffercells	LSECs	Mesothelialcells	PortalVeinEndothelialcells	Tcells
0.162322599505206	0.0149106018821105	0.000850000722195117	0.330490258857535	0.0897027002511708	0.0185630438219438	0.0135315546641464	0.0141660149854037	0.355463225310289
0.157422665629143	0.00186297103612696	0.00338853172351729	0.299606489320371	0.152309355204892	0.0335853985572478	0.0112614861950602	0.000685512436393707	0.339877589897249
0.172822925018154	0.0085095858707576	0.00315764721647376	0.256733600661196	0.21963125807358	0.00711599180005941	0.0057943405931935	0.00156896967235587	0.324665681094231
0.154591546736621	0.00794609897273092	0.00864135766635177	0.327779948405574	0.106295133785312	0.0363874630537997	0.00046037551773365	0.0169394569040172	0.34095861895786
0.172383966812401	0.000625860206622875	0.00509776590161004	0.356981452219968	0.0720004767993375	0.0132516801227759	0.000197313803910185	0.0367092624820721	0.342752221651302
0.179012167940848	0.000676247191559187	0.0547626324130034	0.297145976051824	0.139688763565314	0.0101113866955116	0.000252873848583092	0.0203921152341342	0.297957837059222
0.149997086040944	0.0223022297965239	0.00353885297266848	0.385477470691751	0.0517788779223986	0.00406767613758028	0.0171387840485079	0.00275015624531833	0.362948866144308
0.166057397783508	0.00541884910229958	0.00531537748083745	0.319464442943831	0.125913702366511	0.0169171456880639	0.00772693996581738	0.00276871443032403	0.350417430238808
0.196086804754349	0.00704439765330101	0.00755264981221909	0.284322093718923	0.135691620997273	0.0378817350599386	0.00228784259988108	0.00160857393792057	0.327524281466195
0.116488210085826	0.0741437943080302	0.00444444231339754	0.355673909447101	0.0912007430255591	0.00843030728923752	0.00238678540867602	0.00677170317731854	0.340460104944854
0.160755253555811	0.0272181420340369	0.00223719567523147	0.31600673044795	0.0955731498452857	0.0146937826193518	0.0123303212532391	0.00738916051922879	0.363796264049864
0.129314199158959	0.0012218227259854	0.00285016885841348	0.348630133705497	0.167071304888785	0.0156380907310876	0.00042275947294462	0.000792188007578595	0.334059332450749
0.136424481308609	0.0101097151052922	0.00115132919350618	0.370386149086216	0.0919712521431957	0.0137472672737232	0.00362892473624874	0.00301408260705722	0.369566798546152
0.147111773161142	0.0315363167584432	0.00168497961479246	0.364379765979996	0.120645278328488	0.00216498001236554	0.000536914302600187	0.000677669849722829	0.331262321992449
0.129390009204003	0.0107494817796876	0.0362694807631064	0.328759998684872	0.127248572461226	0.011572627126443	0.0579298769698573	0.00387127035135398	0.294208682659452
0.165611105250785	0.00698873760173923	0.0172657457691835	0.316612022291582	0.0881734625171025	0.0271261990797184	0.0107299988334245	0.020987030294206	0.346505698362259
0.165938558591658	0.00964363704740743	0.00776540299187858	0.335467678073581	0.122158740439716	0.0338391768522304	0.00110095400719351	0.00340740051176673	0.320678451484568
0.174591086780069	0.0214397286100403	0.00500501800194642	0.342983032165173	0.0571443644675083	0.0242445536243352	0.00261487421752395	0.0168058689635254	0.355171473169879
0.103659487918125	0.0575484510034706	0.00509571334409869	0.364311476830924	0.138884469255911	0.00505159952374713	0.00725090367835385	0.00234181125087932	0.31585608719449
0.182541836252338	0.00196092593621767	0.00566721640518793	0.31547902624327	0.106734861142004	0.0237726897641406	0.00500595165266217	0.00870195250596083	0.350135540098218
0.142151037548797	0.0107129603482747	0.0013375357794145	0.346514245486652	0.0905808630649478	0.0253883533176749	0.00758418350772243	0.0100610765453201	0.365669744401197
0.154413106043028	0.0012965593632711	0.00107151347544781	0.373455668444641	0.0854833524153411	0.0160474967430921	0.00163128941508531	0.000728282844262599	0.365872731255831
0.105380058030485	0.00324626464594534	0.200538958965152	0.225990403297996	0.125703991402055	0.0178345427859267	0.0406995180360346	0.0471915598351746	0.233414703001232
0.24323230061875	0.000778541415261586	0.00600155406736997	0.323919807669151	0.0464891917810727	0.0331107622267902	0.000729967970120809	0.000564118856367571	0.345173755395117
0.173150491855263	0.00869075277975982	0.0129156362407878	0.367692404362149	0.0475192612999764	0.0104090181565956	0.0041587524629406	0.00143580595535257	0.374027876887175
0.183486960461485	0.00217838482018578	0.0147660707036345	0.300962231631297	0.122572588486047	0.0205548021352149	0.00543761675269211	0.0174927398657013	0.332548605143743
0.216431609861925	0.00693738881692351	0.0200389290900055	0.326009049740648	0.0858389456648045	0.00985901317615891	0.00820910548017807	0.00115187229945394	0.325524085869902
0.137785569008602	0.0589784449189942	0.00331282099144748	0.374789246680675	0.0215459151375878	0.00858380549922675	0.0263621923227397	0.00183260069078222	0.366809404749945
0.154020154894863	0.00995844015241003	0.00172380129969884	0.312105222926988	0.127546027151492	0.0187896947686026	0.00763107438541529	0.00477498231211747	0.363450602108412
0.190828436311885	0.0098095290143206	0.00168879217897516	0.315747428216058	0.0779901992854343	0.013192930555665	0.00550922812115462	0.00191564517631336	0.383317811140194
0.179214009866084	0.00212810980907381	0.00201020991427579	0.344468337254402	0.0789607622006565	0.0422541113956329	0.00783248350055027	0.00958824008848471	0.333543735970839
0.186507442100179	0.00559938262049102	0.00400721301738162	0.332576323804476	0.0664900872119786	0.0357381457565839	0.00355313720435913	0.00292327508106174	0.36260499320349
0.136948428601045	0.00147533810928969	0.0221311056279675	0.325794461240579	0.10593505884256	0.00457684004855329	0.00288459745525484	0.0409428127037781	0.359311357370972
0.179729247914902	0.00433227386738836	0.00509503112239632	0.332898863569306	0.0919643739058636	0.0342499990445653	0.002004162735534	0.00184491560565912	0.347881132234386
0.206338546452881	0.00388177509901174	0.0030324058303016	0.350456941966709	0.0647805628557086	0.00818640034641287	0.0224505041785692	0.00145170988750407	0.339421153382902
0.178356151870768	0.00159308976063321	0.00497977688486925	0.28282320943443	0.152878106481899	0.0331335311353633	0.00312196430608744	0.00342842811311733	0.339685742012833
0.101989621486891	0.00108013822586445	0.0289281462690866	0.324480361985717	0.136964154758977	0.0513754422065475	0.0156384698507824	0.00275018033972617	0.336793484876407
0.14074452435102	0.0311857143347144	0.00905059321978728	0.387547400778582	0.0820127966701656	0.0266820924388586	0.000984727513747642	0.00176581581854645	0.320026334874577
0.183545199979642	0.00102813662410576	0.1707745481551	0.182864654134433	0.0416189451484667	0.00433462301234392	0.0769215915594449	0.0771592969416439	0.26175300444482
0.139759062170818	0.0014668118679933	0.00301027537621072	0.356094257767934	0.0986147572385551	0.0268474891242921	0.00522240994094749	0.009533852055113	0.359451084458137
0.132673784619531	0.0663159834624682	0.00285723064668098	0.407710418435367	0.0237326551044831	0.0118362130687608	0.00119616714255545	0.00482281840343292	0.348854729116721
0.117656178488821	0.0129682592054682	0.0316295160740796	0.325467398131979	0.114761651027032	0.0110962262724386	0.0231671549598384	0.0185347096333693	0.344718906206974
0.178370243948603	0.00680284869351815	0.0019236587335935	0.352135043677512	0.0718736709012694	0.0279642088201713	0.000820863746726378	0.00189062378289927	0.358218837695706
0.121493445471245	0.0715544941068262	0.00150537790653649	0.335147933669436	0.0710701444932638	0.00977640916397403	0.00798647458903803	0.00671569799426811	0.374750022605412
0.142328384284199	0.00189530013929454	0.0130869950584956	0.359495017628677	0.0579791144937406	0.0286717301422643	0.0031312761750678	0.00855705682634644	0.384855125251915
0.105574461874033	0.0456920991039199	0.00194304369745924	0.360072699738535	0.0595398152764894	0.0115394429818554	0.0530889994885063	0.00681154297364993	0.355737894865551
0.113373716815487	0.00553412903943977	0.085974198527133	0.304053628990091	0.0963021262332916	0.00245304672453133	0.0226774742443494	0.025008335852753	0.344623343572924
0.127075792817821	0.00560097083108002	0.002272087530243	0.398981827961255	0.0352914606921055	0.0192466591742977	0.000497381676051862	0.00742147182764003	0.403612347489505
0.195188733767039	0.00223145126168993	0.000813154717987777	0.357517751334832	0.0821205185117018	0.0192498482695544	0.000648531555125332	0.000549595536172121	0.341680415045898
0.117401163722909	0.00271880632927611	0.269661847020726	0.276496525143275	0.0267618327192905	0.00106588817602346	0.0160856634666262	0.0143406035646737	0.2754676698572
0.155601204812746	0.0320209783838254	0.00913387496904193	0.367097351398028	0.0402895047875741	0.0301103402039717	0.0172719802802972	0.0211512119807019	0.327323553183813
0.19456439121102	0.0039296871626145	0.00997159464310833	0.2938778620468	0.14948541590612	0.00840607274351875	0.00777146613052106	0.0406086996067731	0.291384810549524
0.170888952899704	0.0378355551212019	0.0046997932595357	0.377050611138903	0.0341399329342097	0.0109782845743305	0.00748561261362784	0.00381518975978697	0.353106067698701
0.172064513809299	0.0403995699025583	0.00116794943822147	0.358394941985778	0.0729691447960543	0.0149123546027462	0.00109512059637083	0.00358820082932611	0.335408204039646
0.146684125344861	0.00132488927668191	0.0316244455362575	0.33083353094651	0.126092510407284	0.0202593946774122	0.00583563304203334	0.00991679037383856	0.327428680395121
0.159911149241521	0.00756306678455466	0.00180119665871864	0.336166727887913	0.0935837474578688	0.0165266876521088	0.00459652361086522	0.00372606647671176	0.376124834229738
0.169995684422761	0.00928783593618801	0.0024931604497693	0.352166391150175	0.0622013076416684	0.026650332090788	0.0183514330137353	0.00316861874491682	0.355685236549998
0.141478364369452	0.00114787485979601	0.0188094134018346	0.354512801283487	0.134594875173354	0.00455235638543706	0.00546452006600141	0.043382918590675	0.296056875869963
0.187248878625168	0.00254704509757558	0.00235937695060351	0.32500815403328	0.122814283181	0.0192697380881508	0.000377594382797674	0.000696176650824333	0.3396787529906
0.137094851130347	0.00452716541257119	0.00214945238627893	0.383576794812168	0.0395838745217633	0.01227200926721	0.00236634679823766	0.00141286450010203	0.417016641171322
0.169739964397341	0.0041751913318615	0.00142127654568881	0.30854590936794	0.0996782838987312	0.0514456013135221	0.000765020015167833	0.00385597451292018	0.360372778616828
0.141167277018188	0.0060323684878956	0.00334712436766797	0.312729934408034	0.116149062270961	0.00850927828094466	0.00533044256299014	0.0159659350135434	0.390768577589776
0.124347492023319	0.00219412497699943	0.00250342207936259	0.340687266405532	0.18113453461186	0.0244120793455539	0.00032274388606624	0.0175180512516445	0.306880285419662
0.159202384858841	0.00567121467137886	0.0255504368095741	0.339822532187949	0.13556860969085	0.0135357106658349	0.00115459648592294	0.00252673803213451	0.316967776597514
0.201737962800993	0.00113485779203964	0.0153208226657833	0.3295287356645	0.0627193897852389	0.0247586009655485	0.00117444157858384	0.0073418950160351	0.356283293731277
0.157338813675037	0.00185450790750067	0.0128589874895627	0.32086832735307	0.135961831747218	0.00842189534484391	0.00135487121420284	0.00367414104933648	0.357666624219229
0.151999258488211	0.00148606124134751	0.00318270459189205	0.39406136600144	0.0729535397678102	0.029907924923936	0.00357405468551823	0.00281389722491007	0.340021193074935
0.126375909646222	0.0631319972013748	0.00625941486977165	0.360894549252326	0.0506797124786307	0.0133603853551397	0.028048011867436	0.0066983631222881	0.344551656206811
0.246098978704487	0.0018938070362902	0.000761455750890629	0.348135477883347	0.0399911587749628	0.0163735527888701	0.000180581983049642	0.00130617823714009	0.345258808840963
0.146450329355716	0.021406707274952	0.00228074839945963	0.342243743641869	0.0913544383593192	0.0286257805117688	0.00951887367546205	0.0014091789060411	0.356710199875412
0.135233809970753	0.000798529929826769	0.00184592045418773	0.376338138364361	0.12430616572819	0.0409747138976871	0.000717057406419386	0.000519919533513975	0.31926574471506
0.163791780234046	0.00154531366085444	0.00178900501954772	0.298838539403325	0.0908533802520777	0.0438377359691422	0.000448811623124677	0.00300194217182705	0.395893491666055
0.155012996442086	0.000831591238477465	0.0276634052083524	0.338168389060989	0.078126547682641	0.0239054228265527	0.000646798165956222	0.00425908782880568	0.371385761546139
0.188788303207282	0.00277502340752693	0.01146200933548	0.323563038999556	0.0857206408919131	0.00930333353475489	0.00141554970502179	0.00319615591789862	0.373775945000567
0.135299025821467	0.00463044797963584	0.00173317723438779	0.335505094829325	0.14956490909365	0.0266463258313487	0.000730352014063908	0.00103059825905527	0.344860068937066
0.184627020641596	0.000506174086819473	0.00151842265489539	0.318594466372112	0.181960885176275	0.00775887632270429	0.000702983947777137	0.0167017193158955	0.287629451481924
0.108591045026658	0.00189544740376595	0.000858196836607961	0.381369865889457	0.0940199573699421	0.0268186527103894	0.00153439339553387	0.00158296943290122	0.383329471934745
0.141842699127753	0.00855270094069081	0.0102436430035412	0.355418674588512	0.172204275897423	0.0160724436039898	0.0020603158134197	0.00196488636150662	0.291640360663164
0.204753019803829	0.00609823942172902	0.070781764890849	0.310574930946266	0.0340337520624089	0.00806282989776264	0.000923266285101537	0.0116784920355692	0.353093704656484
0.149254222394457	0.0144729634059096	0.00219429647619072	0.317748566714984	0.110634825905225	0.0391170865516239	0.0110684319855889	0.00349062215673705	0.352018984409284
0.152577876404027	0.0030474829543603	0.0128544779191824	0.32886398698325	0.092142262297797	0.0315700485290999	0.0170299525970421	0.0196762549551924	0.342237657360048
0.161668466924193	0.0145001886434811	0.00861070690780402	0.379053524778967	0.0943935031176368	0.0156035225284157	0.0149213960748313	0.00149840736941107	0.30975028365526
0.132934730317137	0.00195438817966022	0.0193277817622397	0.323736149518437	0.113138472584845	0.0104012994334116	0.000933615668295227	0.0375834924751176	0.359990070060857
0.195485572768045	0.00780494736067698	0.000569944066326816	0.32749356044424	0.13751619942746	0.0234611451204418	0.000708329789970846	0.0136736203877134	0.293286680635125
0.16992482268515	0.00230126111956724	0.0018244509087482	0.376720612241675	0.0232743326357297	0.0327820857231337	0.0021624595611554	0.00138116674458159	0.389628808380259
0.177078035242869	0.0205707109828188	0.00195358976310612	0.330516870611799	0.0561025513510706	0.0267712106996886	0.00529739259628171	0.00460025412243811	0.377109384629928
0.170708571139863	0.00641623287563662	0.00289634456594934	0.354063128134606	0.0731094534468311	0.0138275652750823	0.000413720143808333	0.00509529091966332	0.37346969349856
0.210191190931589	0.00728682408531773	0.00553404971435746	0.332341085317721	0.0387661833210225	0.00812298767115788	0.0118239993410119	0.00290768406237492	0.383025995555448
0.203115408768951	0.00607229870143425	0.00224228812421741	0.341041911483348	0.0629368174889193	0.0194041046908714	0.00865914080424472	0.00362559782284947	0.352902432115164
0.163480690946546	0.00652238211516016	0.00264595598494114	0.307375221048177	0.104118233649244	0.0165192488372442	0.0225232461281207	0.00764123251584262	0.369173788774724
0.152542272560731	0.011889180891959	0.00105076544417659	0.37052690023419	0.058308960972178	0.0153802532297599	0.000649408093864237	0.00397149418406381	0.385680764389077
0.161117512809163	0.0461043747008018	0.00296380351476507	0.370423903169299	0.0205138337301026	0.0105243598689614	0.00240218114584728	0.000698222572106773	0.385251808488953
0.194089100056653	0.0285123768206238	0.00397200621639997	0.386365184602403	0.0292663287818576	0.0100617389889275	0.00235743574516985	0.00580065325311808	0.339575175534847
0.137915507191349	0.000963072746743236	0.00175038385123643	0.326532753933261	0.13848605888748	0.0206466723230936	0.00163511449577189	0.00312026502719548	0.368950171543869
0.0872446884931899	0.00101074772053527	0.113577094991894	0.333277488535842	0.0660743918694917	0.0162579749136558	0.00778973509925665	0.0684106972629946	0.30635718111314
0.140745451447859	0.00666732581884393	0.00487895705055131	0.342345963943641	0.118608543947593	0.0320234939037009	0.00267519555347987	0.000849072348660838	0.351205995985671
0.187083271769695	0.00156327534763852	0.00364709488167705	0.342775291594654	0.0575279701742108	0.0404504360944702	0.00178518044088007	0.00251946759871194	0.362648012098062
0.131999855548662	0.00525379757300755	0.0190504549430496	0.339259250580458	0.0803601083417438	0.00139016486735987	0.00177062034669632	0.0245685678190848	0.396347179979938
0.228863190266284	0.00627308756684191	0.00238608618636352	0.342576638557392	0.0534337085729639	0.0336392417729667	0.00613908729314683	0.00175386605843094	0.32493509372561
0.178983787210422	0.0101457231844398	0.00253123177999806	0.372200934770223	0.0683873915543021	0.0113313971277783	0.00518067665385301	0.00483370149055424	0.346405156228429
0.0988535499250051	0.0019147274562026	0.0141999503574136	0.417427793349754	0.110927146677685	0.0215246227204421	0.000453735507728355	0.00941944402389105	0.325279029981879
0.175884292006878	0.0151790674054202	0.00105135408247416	0.350376178478347	0.0846126234564169	0.0279059452565945	0.00278746019319431	0.00132545111639011	0.340877628004285
0.186006299889883	0.00210848427210287	0.0141714520361374	0.323565579118421	0.0737771080289933	0.0508314051641615	0.000307155394551035	0.00258283857549406	0.346649677520256
0.170631058001052	0.00295999485980294	0.00231697976093647	0.386849674669723	0.0421791058210251	0.00652942633076314	0.000552672189316955	0.00913036562768534	0.378850722739694
0.238160188988201	0.00303607279105546	0.00820393165134477	0.309599004129936	0.0723880241038626	0.0454900604212948	0.00293554623414916	0.00261181593269297	0.317575355747463
0.14867923216726	0.00106501858495977	0.0112893329173438	0.332137649113974	0.101880111184252	0.0316136868557193	0.000966194360204768	0.00403282777530836	0.368335947040978
0.139842585007747	0.00507448403150541	0.0019775502723283	0.351098390567945	0.0615203322010532	0.0247327169536353	0.01579034296133	0.0126958465697301	0.387267751434726
0.158998674006734	0.00276991198203283	0.00751799762740824	0.34406209954749	0.116247416312347	0.0325745888526914	0.00177885085312434	0.00813778761052691	0.327912673207645
0.15095024678111	0.00179673391376968	0.00580630240137059	0.36562051816225	0.0701601778048489	0.0409998387314676	0.00163168698535919	0.0114699578941674	0.351564537325656
0.191131492786244	0.00107990292159358	0.0281770989067946	0.318954255144106	0.0513550032919455	0.00849073423248864	0.0346002145862065	0.0360379681033375	0.330173330027283
0.158266614398692	0.00862671943454276	0.00149475804076597	0.271345399232851	0.145614437234593	0.0462795394311039	0.00125658971243644	0.0030588218307561	0.36405712068426
0.19770405463742	0.0142755160384288	0.0040727816901837	0.393586641096896	0.0986611397571244	0.0175902310732675	0.00105126458048389	0.000609913918972856	0.272448457207222
0.178450397751757	0.00835673951507985	0.0532114480055927	0.329912426389342	0.0745510577733617	0.0152295192657528	0.00917514641086128	0.00654602358120124	0.324567241307052
0.146623609537953	0.0148091166977225	0.0114578804213096	0.375538223945006	0.0402340282811573	0.0193771084891559	0.00178675261702808	0.00437083661086634	0.385802443399801
0.152956590846857	0.00194427095803801	0.00660152685841609	0.331328127759959	0.160099568990889	0.0109750600229527	0.000603200955144623	0.00403009212539335	0.33146156148235
0.0786014162154828	0.00110292106053205	0.00403527082808302	0.374848681645843	0.134645509594574	0.0118646529255513	0.000339370469497913	0.000800233899305073	0.39376194336113
0.1651219120963	0.0155029168821132	0.0173923419358955	0.29886591230267	0.132556295615149	0.0287870916915948	0.000442477359094918	0.00156605721427857	0.339764994902904
0.190792177447774	0.0157650971366649	0.0372085608157569	0.408817210419056	0.0569030832587001	0.00180126283651438	0.00243687533674445	0.0454858770673677	0.240789855681422
0.164131941845744	0.0054810929358348	0.00279681211016646	0.350076413743406	0.093215484992322	0.0240202828932228	0.00470274680019187	0.00478894869412062	0.350786275984992
0.162294652271797	0.00247258314027472	0.00241210115547557	0.345959056209837	0.0786356282748031	0.0279722929742141	0.000221711520689631	0.000737931524853816	0.379294042928055
0.179762591841193	0.00676118538869071	0.00166122908599516	0.340845152526463	0.0677956712257143	0.038533342476815	0.00467599983056444	0.00680815666792685	0.353156670956638
0.149562096921454	0.000890115484606875	0.00159921156062939	0.362094784715135	0.0603490710112519	0.0323928690034121	0.000765218236432783	0.00880399666881614	0.383542636398261
0.135113191530651	0.00945315461780193	0.00144588519981434	0.371220998311705	0.0504175674247456	0.0145970245606158	0.0305612641235099	0.00804777188986722	0.379143142341289
0.146895713641075	0.00922865183866393	0.00152950706623897	0.372178068739119	0.0652505879144891	0.028613181083717	0.000666451949923621	0.00601772633917777	0.369620111427596
0.0930748502485381	0.0051771130105553	0.000601716078419099	0.324528573514406	0.130362333136524	0.0454424407494878	0.000495552469191933	0.00135090154909785	0.39896651924378
0.226502976717782	0.00183072161037479	0.0359365270999312	0.34614894772715	0.0639188163111909	0.0426688625360093	0.0042864095720351	0.00100760346528303	0.277699134960243
0.145478525032381	0.00922842871053757	0.00129790611347993	0.366569499799153	0.11419755135108	0.0128600178227895	0.00117569260018979	0.000982824866891651	0.348209553703498
0.176463239533408	0.00376120085039553	0.00133361338606068	0.356350872430271	0.0469453283451215	0.00774179570682816	0.00175454502399363	0.00287904206016262	0.402770362663759
0.194410288949233	0.0124383449951261	0.00104644400551401	0.336288494273419	0.107614627097757	0.0106917420343553	0.00154022098151772	0.00199504660466447	0.333974791058413
0.130962534661581	0.00120743636846709	0.00408309677796092	0.312662081948043	0.188155998866318	0.0318753214946826	0.00169111369543959	0.0105683079912733	0.318794108196234
0.141542504215903	0.00404327141894257	0.000727467392770746	0.352660927279977	0.10143460312047	0.0702088080645343	0.00182190574374493	0.00153415886035927	0.326026353903299
0.180413907189962	0.0044393262304683	0.00217951411113536	0.318311940716683	0.077125892920639	0.0235370299938178	0.0235233666077219	0.0017103801288517	0.36875864210072
0.127689552068909	0.0155026626977576	0.00143620684131722	0.350769737463281	0.101663089656856	0.0156133715268149	0.00242035802246978	0.00379972179532776	0.381105299927267
0.224296664494342	0.00339280000553714	0.000612972811070033	0.337320266793459	0.13182334614611	0.00820564673023516	0.00486413720827427	0.00113675334638455	0.288347412464588
0.180814692390139	0.003375833502657	0.00286405113232551	0.340529539932345	0.125304091636109	0.0214753610826394	0.000398761254372174	0.00397115570513836	0.321266513364275
0.125049567677145	0.002748818706434	0.01327716611661	0.340212540832347	0.123385166872833	0.0392553227658978	0.00288417390506037	0.0111721669566355	0.342015076167038
0.130874675871076	0.00138122793989681	0.00133536528587177	0.34927360665085	0.114906211040255	0.0226952014342813	0.00676480743666408	0.0113119176645114	0.361456986676593
0.180741781446987	0.0185949283802787	0.00838552905076029	0.325080459495156	0.0508639709896512	0.0069647204881555	0.00728733507590325	0.00168945018752758	0.40039182488558
0.170345744240391	0.00226008901896721	0.00275484855233561	0.324376614579753	0.100792067617587	0.0228780147846536	0.00639808199419923	0.00341249153633406	0.366782047675779
0.193302383687775	0.0189321867939501	0.000948862037263188	0.296306598856142	0.142203453689513	0.0276807478177096	0.000784232491510339	0.00555473542181048	0.314286799204327
0.170995205398475	0.00122572872355539	0.0477078242162408	0.308317496045608	0.116362193939087	0.0242907241460324	0.00183376847014117	0.0189991540052809	0.31026790505558
0.17087748821255	0.00643966039383483	0.000593297743633796	0.372428097015806	0.0467986742911516	0.0111440469611594	0.00631179826697995	0.000943834400398793	0.384463102714485
0.168734809066263	0.00727833343078705	0.00121107380839685	0.366270967351417	0.112872309143761	0.00345469229257545	0.000486397066573243	0.00183357629014189	0.337857841550085
0.231583421759634	0.00155992699489045	0.00288277061387283	0.305886840453586	0.0983510168939261	0.00525740417013851	0.00134580077832646	0.000965058606702313	0.352167759728923
0.207044412804152	0.018942248429172	0.00576503600673566	0.346000255069365	0.0599562775774242	0.0212370363011791	0.00452552819788256	0.00271684987407522	0.333812355740015
0.177803645482143	0.00168335369729634	0.00777707579485855	0.380390543094694	0.0430385021015223	0.0286658532377726	0.00470383311633872	0.00519295590677912	0.350744237568596
0.187977930104386	0.00120656352982162	0.00833882045001184	0.314822927358618	0.143909088726992	0.0304801773899895	0.00871680618937582	0.00485874222529174	0.299688944025514
0.14329326443201	0.00729188486263281	0.000983750900082992	0.333366665558435	0.0757445092951062	0.0425902786155281	0.0079660784611832	0.0218124375873254	0.366951130287696
0.177749130025932	0.00298104007494998	0.0471295691180414	0.342437900843044	0.0628686937180187	0.0228412838937407	0.00127945119767192	0.0357162272445663	0.306996703884035
0.178302852734453	0.00510473458628448	0.00065156528839443	0.358604981093674	0.0519055119758312	0.0146763370013971	0.0160414580674844	0.00114199759942122	0.37357056165306
0.170140123148958	0.00271356889224464	0.0026699824065883	0.375534071813195	0.0948666621977886	0.00296599178865491	0.000522502935146023	0.000517950012535797	0.350069146804889
0.142996971239712	0.000914060246433317	0.0109065078992824	0.279063364817935	0.213844610238723	0.0297022041459974	0.00062612096662858	0.000630722157406298	0.321315438287882
0.140270615187607	0.0185596927679004	0.016293463547062	0.340493379449214	0.0467909140568254	0.029576426701006	0.0166033022830207	0.0544915972685052	0.33692060873886
0.142946894525598	0.0149308159853217	0.0143253517272939	0.397598607085367	0.0420444642768626	0.0157704409072142	0.00914493426489536	0.00547414905709828	0.357764342170349
0.156236634817499	0.000947738848329823	0.00277972253688116	0.342421732329173	0.152483018234541	0.00504846803788876	0.00152080913489014	0.000741465649827159	0.33782041041097
0.175225718021626	0.0240473541964618	0.00330375824892047	0.357982911103817	0.0920537997545564	0.00600383139499588	0.0097674884197081	0.00269586852853599	0.328919270331378
0.154330815258285	0.0071079374452646	0.000843105955662798	0.352569801666918	0.0503254275862491	0.0191705854614025	0.00150384398157209	0.0105760224951246	0.403572460149521
0.168131411057672	0.0134524702181983	0.00136738578202633	0.324332365780749	0.0663586119096848	0.0275458236419028	0.0133532952837004	0.00448307843921344	0.380975557886853
0.164329742310751	0.0166609514419692	0.00347661548713438	0.313547247590601	0.102675792168594	0.0144471514762928	0.00779922237414099	0.00482012705011207	0.372243150100405
0.179201336748856	0.00293749741121637	0.00140756652352063	0.348723673918485	0.0630414847123387	0.00796029016781532	0.00137717359498895	0.00253135810916962	0.39281961881361
0.165955880842917	0.0178912110931286	0.0154142796325728	0.369581432309132	0.132956376643551	0.00530769865954385	0.000856253908134545	0.00868547894424348	0.283351387966776
0.125242171739908	0.00302716905445383	0.0286092029480172	0.37715667853491	0.0595655765393123	0.0228460097108164	0.00197790578186958	0.00939715628868987	0.372178129402023
0.191920472662244	0.0257298762577639	0.0034430993530225	0.324994932409534	0.120958154200439	0.0158261159916514	0.00594153106460463	0.00276850197964418	0.308417316081096
0.199154570508305	0.00120901847042302	0.00324616300856238	0.38437507707847	0.0581731790185969	0.06678674237284	0.000891799227836152	0.00541050869972222	0.280752941615244
0.218400514792134	0.0105459773109662	0.00107110903297526	0.324894217751042	0.0555111958874261	0.0152069575935087	0.00152715862608453	0.0109909289217135	0.361851940084151
0.155163538174444	0.029412185016786	0.00537718176404872	0.330683911577095	0.115391266844999	0.0260693461740087	0.00860781882005963	0.00264965412680764	0.326645097501751
0.146980591677391	0.0011468769602294	0.00921879986023768	0.375961763468824	0.0909916516219188	0.00199425429688047	0.00148950318929881	0.000589853916619564	0.3716267050086
0.166868175747895	0.0527219807959596	0.00356897988568019	0.357772454163521	0.0357327120929107	0.0066976006249419	0.0218146592572615	0.00276195370489336	0.352061483726937
0.128112450485874	0.00948782501508692	0.00471684032986742	0.391919782274241	0.0419488794375902	0.032400827083765	0.00877061741276315	0.00267342035579434	0.379969357605018
0.183814406561323	0.00532667150203327	0.00792623100157497	0.31627230373115	0.091187768387429	0.0115434631754717	0.00159655472194384	0.00178755532102167	0.380545045598052
0.188341253515006	0.000825091867935522	0.00484563183226777	0.290637749178602	0.128405283060575	0.0326112583029977	0.00372350404642069	0.00129570502996236	0.349314523166233
0.139588328644721	0.00757565792886259	0.00757047300561594	0.339073083198881	0.0533172072245956	0.0440680473075205	0.00185155086131571	0.00396087033406234	0.402994781494425
0.165582657394441	0.0311684688132562	0.00217360944731855	0.377750900697896	0.0778312734329496	0.0227172348246145	0.00387603539469711	0.00620671675710377	0.312693103237723
0.174421944805329	0.00126203515271096	0.00272878273051587	0.347747445476782	0.069759667773613	0.0333206919718436	0.00044846395257742	0.000903795878011684	0.369407172258617
0.16292684654993	0.00153429949672332	0.0265753155702989	0.363588746471288	0.0814447989050252	0.0464855007345276	0.0105734447769648	0.000751519969969456	0.306119527525273
0.157433966031016	0.00165441100810626	0.00139316175548555	0.35632058806173	0.0902789897475137	0.0150398666650473	0.000275075057288726	0.0151815553646184	0.362422386309195
0.212398416084232	0.00148334338008446	0.00329549664406882	0.327733813047898	0.0899659506620374	0.0164053667305234	0.000451178590892825	0.000938857090428335	0.347327577769835
0.21770526148164	0.021619972880425	0.00281452315336307	0.336877983224535	0.045004583306241	0.0251556178586777	0.0243956004303096	0.00180663291210562	0.324619824752703
0.19121076686532	0.00157130803729959	0.00155972356734222	0.33940806307877	0.128895875013776	0.0201495128380463	0.000443002213557262	0.00120375602127685	0.315557992364611
0.148445014648097	0.00133087680994914	0.0012422843481475	0.316733280088741	0.134701448766987	0.0179583213063414	0.00128967037935053	0.000785830754511013	0.377513272897876
0.204835569310995	0.0243994982991001	0.00249663871520653	0.361175158229553	0.0493318989798033	0.00791760164917527	0.0284626699396196	0.00283136796044273	0.318549596916104
0.175199261910703	0.00131849595841823	0.00409570841064291	0.34562539944599	0.062835781269379	0.0135113549413493	0.000430161736421377	0.00075023428617373	0.396233602040922
0.139442012326933	0.0180377985887139	0.00257493509626464	0.369155531072113	0.0815844964191984	0.00945155866920146	0.027756263121884	0.00472465603467526	0.347272748671017
0.176298242986595	0.00309056503512178	0.0017167526367157	0.334100552838637	0.13929785084091	0.030378730385728	0.000444888773736858	0.000972636590441279	0.313699779912114
0.198395406780391	0.00509070355043995	0.00273923042040763	0.31200197263898	0.133571113369467	0.0110826530302503	0.00023704024721375	0.0117788044776401	0.32510307548521
0.156305845063786	0.00640733422169485	0.00447860367126818	0.392091936266182	0.0640612733196126	0.01317491146971	0.00184249340898819	0.010879723826246	0.350757878752512
0.141564406495427	0.00219093762495512	0.00403631744913863	0.338904807221993	0.112269211143592	0.0129950119526243	0.0094878613102887	0.0286568862051812	0.3498945605968
0.120664241098255	0.00315606728197615	0.0185216814629402	0.322600095719459	0.180192356715972	0.0147269715906258	0.00127836160398682	0.00207220377265178	0.336788020754133
0.167794063756341	0.00531983839146121	0.0276193323447112	0.338802748826951	0.0955741973142492	0.0460361637304629	0.000953563019104549	0.00262301672419131	0.315277075892528
0.125375312109284	0.00512894768133118	0.000636041644314969	0.406401284737368	0.094728788716342	0.0186997175162204	0.000261645335445001	0.00315863240478453	0.34560962985491
0.16618010758889	0.0137152795358928	0.0101219124735056	0.323164306671424	0.0941230304022955	0.00729062845246318	0.00071507207272307	0.0018833410775657	0.38280632172524
0.139228451877563	0.00323071054627295	0.00235507840925273	0.390699733166707	0.0204132480115659	0.0048384489841777	0.000537893112192602	0.00176410177856135	0.436932334113708
0.182757406724808	0.00331484734581895	0.00651837467132038	0.394739745958889	0.0597219958056857	0.0217525893134705	0.00609301248201025	0.0119871959044532	0.313114831793543
0.175684067009314	0.0037713618513812	0.0791422944850128	0.301561617062207	0.0703188502645054	0.00762793341958399	0.000852955927292763	0.000620159324946763	0.360420760655756
0.207575953603719	0.0120077615148567	0.00241216497149388	0.337186164964258	0.0875231465572301	0.0169922778464636	0.00112520527614964	0.00440128192500177	0.330776043340827
0.133509693916368	0.00114191214901885	0.0326308038415469	0.384339725798886	0.0853472969798879	0.00184334892655399	0.00225667311082172	0.0218834022335977	0.337047143043319
0.188523780371838	0.00259453520402931	0.000789711702181633	0.327871896652811	0.081363066217969	0.0315063135667221	0.000923624667124304	0.00136231331144538	0.365064758305879
0.187409393100679	0.0218245118186683	0.000887926264227312	0.418274714030349	0.0354680571639978	0.0077490340858152	0.00026462587889934	0.00194273478397395	0.32617900287339
0.188147738838829	0.000940541423167227	0.0135689068760764	0.351160756827542	0.103501753426172	0.00472958075967577	0.000924328279936387	0.0102450777423404	0.326781315826261
0.274318581711844	0.00182752150830345	0.000889675522141377	0.328846196810427	0.037900985339991	0.0229498841605553	0.00274285662315716	0.000991574734980723	0.3295327235886
0.148802511009345	0.00632276744514733	0.00751065179215256	0.371480779569526	0.0541182185194978	0.0370689300613785	0.00202649546493991	0.00211131209861059	0.370558334039403
0.166281906299231	0.00691622332728306	0.000878436358072931	0.370236211884724	0.0569775716129564	0.0153413556271668	0.00435587728164069	0.00146054580012727	0.377551871808797
0.186366340984555	0.00234023184855738	0.00562746767160152	0.38571887409831	0.0637338635510548	0.0178924626303697	0.00136790834000151	0.00323903879038803	0.333713812085162
0.192219482274009	0.00922904665845083	0.00273007235357836	0.360454475527859	0.0750134678843215	0.00526655227953597	0.000673408613096792	0.011224907768811	0.343188586640338
0.141559238139412	0.0126703904782326	0.00326926474855112	0.393690267741471	0.0306267955536196	0.0109086343625128	0.0116119799536226	0.00160854101291358	0.394054888009665
0.173523399481796	0.00147749169955369	0.00200295280340557	0.311426423332259	0.131120102187365	0.023936352270809	0.00193422238806983	0.00113169827674147	0.35344735756
0.219130476725396	0.00241948768309753	0.000970486119550536	0.320203714745262	0.0793019742850544	0.0265569859353376	0.00443343174293889	0.00757054594669275	0.339412896816671
0.169311708733437	0.032548333769637	0.00380678165966298	0.362012846034675	0.0696242584482662	0.0134153784441059	0.0288212940405688	0.011449364992413	0.309010033877234
0.12298876210846	0.0596066467712832	0.00307462959621233	0.35412615799368	0.0467878527198882	0.00977157746965166	0.0139436237273585	0.00326544463288122	0.386435304980585
0.160495542477311	0.00708380937661059	0.00843546709745746	0.361070032721222	0.0460064451134229	0.0176531677379909	0.00073965765513919	0.00251124941473081	0.396004628406115
0.221530934702622	0.00357101571519574	0.0446671559690515	0.271995655864764	0.062528679852345	0.0176011128750255	0.0224077122334756	0.0353655791843736	0.320332153603147
0.114222420107099	0.00644757972015916	0.00559786383687778	0.419887804377394	0.154987771238943	0.00693983630714473	0.00281567096554597	0.0194152497785057	0.269685803668331
0.139550581133392	0.00834130042563624	0.000961928082781158	0.329439553369493	0.0849906002968753	0.0147420902935228	0.0209106928024724	0.00308568459672192	0.397977568999105
0.128187364656092	0.00534822982678802	0.00523710135295854	0.377165394227143	0.112897810537044	0.00436215519405192	0.013036701847066	0.00458459379632075	0.349180648562536
0.124786215730641	0.000607692998144544	0.000374360752655138	0.372146103813005	0.0338766413185367	0.00078981468290164	0.000165618348292026	0.000184799822268475	0.467068752533555
0.148251019283358	0.0149924657705466	0.00390014016807275	0.390726838231699	0.0645420513682366	0.032187762332373	0.00112977996482959	0.0013959415161693	0.342874001364715
0.167501017101366	0.00565909351195999	0.00372224115606782	0.342652836388116	0.0780940795824951	0.00832634426510239	0.00302712173981502	0.00136853829436481	0.389648727960714
0.190524281756688	0.000700934458993238	0.00115225794737679	0.362771033844051	0.0713541151768346	0.0245144995523291	0.00345088386462162	0.00174128827003207	0.343790705129073
0.187788158518936	0.00275897103803196	0.00173171214926972	0.373773812236927	0.071520564857108	0.00941709896716794	0.000611363788642934	0.00353991293792722	0.34885840550599
0.121374618621468	0.00147167624521983	0.00798950405116953	0.35241964983696	0.0558389952530945	0.0293240571605998	0.00120226476225814	0.000876312101952338	0.429502921967278
0.180777655714772	0.00165915880143239	0.027444965327542	0.370319565093638	0.095896772506299	0.00647669747178396	0.00849319350427673	0.03351933747384	0.275412654106416
0.151720957826481	0.0205804176010906	0.00156484170386799	0.348404656955375	0.0568718494808905	0.0870948975804745	0.00548046003579498	0.00150434700622079	0.326777571809804
0.161929442469053	0.00374135165117397	0.00100300317450209	0.352140342269962	0.0613620162386208	0.0343536996856619	0.00791249370725106	0.00161404765173367	0.375943603152041
0.181490762896384	0.00874973294149499	0.00169688584408006	0.358310793580856	0.0811690148014205	0.0365326600815881	0.00187319090822864	0.00254051654941407	0.327636442396534
0.155545138007091	0.00741967560744572	0.20385584233227	0.160571705488988	0.0557264859375446	0.005182514794165	0.0959711029999067	0.119946767099507	0.195780767733082
0.146477714270696	0.0115435691299428	0.00109568697850931	0.394232023576744	0.0239023171955653	0.0179205929185529	0.00207596261838161	0.000648859398268411	0.402103273913339
0.172009470909722	0.0179318064123602	0.001466674966753	0.337119223955991	0.0747444264945068	0.00744145558184102	0.00311259299724629	0.00539939754936155	0.380774951132218
0.196428901071448	0.00293970981895768	0.0176154408334855	0.324522433929669	0.107236704275409	0.0322524316778526	0.0011785258540569	0.00588720035645095	0.31193865218267
0.102094967720705	0.00125362753189074	0.00784280410620959	0.360762739164542	0.154249325766528	0.0162060694338897	0.00105683261611114	0.000752835285692825	0.355780798374431
0.154277098550533	0.00406336733286866	0.000750802888126722	0.382194456413177	0.0438966417386033	0.0337769781205606	0.000823448850632806	0.0010865085578641	0.379130697547634
0.105525208205319	0.101810846607756	0.0059638560204727	0.359574533408566	0.040063917198761	0.00554293015067403	0.0180887461942389	0.00772395254067123	0.355706009673541
0.186596061324222	0.00506030090780056	0.00426696606458167	0.384470776970468	0.0835237249679614	0.0267487005516717	0.00213148468153887	0.00374071788256694	0.303461266649188
0.147364084972482	0.00253730304511301	0.179341063303733	0.298103723855856	0.054364285230407	0.0107233014511984	0.000663407757981654	0.0450440467141267	0.261858783669102
