Bcells	CentralVeinEndothelialcells	Cholangiocytes	Hepatocytes	Kupffercells	LSECs	Mesothelialcells	PortalVeinEndothelialcells	Tcells
0.00593831716548052	0.0332181479531251	0.067310989896082	0.807814931909683	0.0264550839892438	0.0170449660358629	0.00386020732369215	0.0106071851591376	0.0277501705676933
0.000510804922827729	0.00737666923285576	0.0674513623777097	0.782358654607665	0.0437257420670584	0.0377439986988256	0.00453239255301221	0.00584299975831359	0.0504573757817317
0.00549196949558921	0.0179259797656338	0.0661557704783691	0.754296572260589	0.0644905084660433	0.0123555467705671	0.00150906201542395	0.00731940210572822	0.0704551886420565
0.00224810627722789	0.00421821179844305	0.0654208525504644	0.815456809619143	0.0245190885365927	0.035437515028285	0.00122007757801506	0.023060837989734	0.0284185006220946
0.00131611091994334	0.000896260741291713	0.0692979208826528	0.822823223965648	0.0211812902358651	0.0163347530998338	0.000186666611702441	0.0434875736565211	0.0244761998865415
0.0191082000012645	0.00203349305481589	0.0854802280208329	0.779861542519045	0.0389399520878172	0.00790459384555349	0.000742993628430801	0.0409248582175735	0.0250041386246673
0.0011129400086532	0.0358994518440673	0.0839633982321778	0.805870513819137	0.0165192927240185	0.00667659947991804	0.0026150890137119	0.00699989994913328	0.0403428149291828
0.000755704951097191	0.0278971854974114	0.0723949873979294	0.796467899432575	0.0352237787493094	0.0201547120086075	0.00185863796937285	0.00319470268648164	0.0420523913072156
0.00279783447592886	0.0441304960621665	0.0706349476927286	0.755546505539533	0.040189782592651	0.0230075783541871	0.00227611369977247	0.000920921762876113	0.0604958198201565
0.000750614589168633	0.0522510361908353	0.0777438866300252	0.798632344387774	0.032178141479375	0.00202284859437503	0.00112458765928996	0.0278584587690362	0.00743808170012073
0.000195673526083637	0.0389556985153153	0.0667819402059492	0.768964375303536	0.0307473534283436	0.0119742328996458	0.00473670417373494	0.00967363777516052	0.0679703841722309
0.000386992437816426	0.0024357035613758	0.0748849397424003	0.816788995131593	0.0451801855112987	0.0326267176244358	0.000468070502733841	0.00303709574415452	0.0241912997441916
0.00132476848669855	0.0501357881695226	0.0654164724609298	0.822981802732185	0.0277956339863558	0.011096976938468	0.000978069379022979	0.00124484089059138	0.0190256469562257
0.00231321581052165	0.0445873665068171	0.0712241098158159	0.816247060445656	0.0357183376483486	0.00137462264602445	0.00202513376988505	0.000436383319240688	0.026073770037691
0.00437213193978485	0.00673205818277096	0.0802889890878758	0.795652738984692	0.0395507362989789	0.0239067443296813	0.0103865004399663	0.0274353661965162	0.0116747345397335
0.00275199356459999	0.0107762105879243	0.0765830940595539	0.774811034122024	0.0280285232149355	0.0350137096131501	0.00504381616530411	0.0246983817110792	0.042293236961429
0.000213352121518211	0.00396311023135848	0.0751252793486446	0.800038496842392	0.0352795803752566	0.0476056432880381	0.000142860361484724	0.00739418220378577	0.0302374952275212
0.000339116394100174	0.027156323107308	0.0731176078319708	0.821733393229611	0.0195807241804921	0.016613460013924	0.00334636281099536	0.0208966463945468	0.0172163660370516
0.000476124082332027	0.0598441228274955	0.0741157962291618	0.793311257039832	0.0394211504128798	0.0033681749457889	0.00326634607589752	0.0103012818374308	0.0158957465491814
0.000273147021096965	0.00410959148225679	0.0711373200968468	0.801127885342295	0.0275103941296507	0.0428745115421087	0.00254274843212503	0.00633877217623539	0.044085629777385
0.000568368954523097	0.0272954015728142	0.0638015411296907	0.816371701593393	0.0252560096743244	0.0127440818191004	0.00253533788122701	0.0266657225840033	0.0247618347909242
0.000473196752767718	0.00324677704178281	0.0653436214447439	0.833369647498962	0.0284962793088275	0.0309085561784299	0.00138341132511184	0.00579331182535324	0.0309851986240208
0.000216448695494949	0.00644360295218559	0.143629022929208	0.719279639679994	0.045581233094941	0.024614945024402	0.0121854697908757	0.04006447484905	0.00798516298384856
0.0125047782235111	0.00119482434387997	0.0659014957140338	0.800165878863768	0.0187489850806023	0.0467152009360241	0.00168115767493287	0.00310048151231695	0.0499871976509312
0.00443987327329895	0.0359470085711895	0.0821060767185044	0.813254512432021	0.0176993256260345	0.00799307671516696	0.00242737940769832	0.00681179347053267	0.0293209537855538
0.020527824316702	0.00932156882613089	0.0769046910320068	0.764008430830497	0.0391810985166895	0.0392058742310606	0.00373415033961118	0.0177839028069396	0.0293324591003629
0.0173193193879924	0.0211735589577299	0.077635061141572	0.798124365923579	0.0258112494258235	0.0173464591201101	0.00175542848391671	0.00150561724421165	0.039328940315065
0.00700683664402536	0.0598103182711696	0.0862399731055555	0.796083079838465	0.00676161946365612	0.00723705245334335	0.00338469057969541	0.00563019841242828	0.0278462312316613
0.00744252804885035	0.0384110003052151	0.0682188083534577	0.79227009413519	0.0375135241370838	0.0154322896906468	0.00348847405226368	0.00452759740578457	0.0326956838715079
0.00764927087096022	0.0222327892366257	0.060029114207042	0.786443359512283	0.0263863655512221	0.0201701428856261	0.0020640746240525	0.0033789943872659	0.0716458887249223
0.0030395520747166	0.00316214940764533	0.0717104783282802	0.796815992023218	0.0262891577961962	0.0417824566463208	0.0024938117786498	0.0106933703275315	0.044013031617442
0.000339511977763637	0.0076593188358223	0.0727361803804278	0.802179582398872	0.0206937630799426	0.034792744336352	0.00355690599636038	0.00879504600653131	0.0492469469879282
0.000348587570517776	0.00659964079950389	0.0808845921285922	0.81243467567949	0.0306642161993045	0.0136309342028151	0.0030157243164525	0.0257638325919919	0.0266577965113317
0.00863384795546738	0.00643988867745091	0.0797439555273244	0.790030877931707	0.0263592250431308	0.0449495711582483	0.00168324106768465	0.00348967445492357	0.038669718184063
0.000999603286576994	0.0267245132840646	0.0731091947753759	0.811469474514905	0.0204013553746689	0.0127663023592384	0.00441656736635336	0.00405409848821637	0.0460588905506008
0.0098527977037297	0.00204721060376571	0.0655431901233412	0.775418581731873	0.0494100247203543	0.0491102885510771	0.00162913788551037	0.00660948468425713	0.0403792839960919
0.0009154652033103	0.004815978357289	0.0834195028410147	0.804160284429445	0.0368139413626087	0.0373172674218556	0.00342496164584226	0.00772810392316673	0.0214044948154675
0.00207216682616535	0.0181300178673991	0.0805286038396142	0.818592968257361	0.0268857273828374	0.0379825083647739	0.000110226856589519	0.00297291333985242	0.0127248672654072
0.037397621929532	0.000905079391338844	0.142267655709473	0.676853189356959	0.0328725816521847	0.000670782711087304	0.0268363573214022	0.0726752596787658	0.00952147224925679
0.000295443281293794	0.00932758647840488	0.0689332657347202	0.818536399621871	0.0286556336091804	0.0327288083832686	0.0028340536669654	0.0147790647472102	0.0239097444770856
0.00061004338540068	0.0362832276878745	0.077430313644714	0.825541402194999	0.0106826069276827	0.0154280075728757	0.0010481055120095	0.0119144142692319	0.0210618788052119
0.000429259317292461	0.0101080335860367	0.0895674748564458	0.806342892135492	0.0326404695312118	0.0197326661468471	0.0053321038412566	0.027521961312626	0.00832513927279179
0.00280514806094263	0.0131148519033071	0.0638966832149868	0.819044818824069	0.0260756787253106	0.0327424460627614	0.00115595648317036	0.0052953966362286	0.0358690200892236
0.000633222208157113	0.0785767684040205	0.0663267899204785	0.786003868198295	0.0222519485554911	0.00552745333064196	0.00338074215546123	0.00174750429104685	0.0355517029364073
0.00164521087896786	0.00118383907047131	0.0867857993293769	0.822039711187047	0.0164479922689592	0.0348936655490294	0.00337472564984114	0.0216668773028233	0.0119621787634842
0.00344802022885817	0.0500345185910776	0.0860752497940586	0.796400991959734	0.020860379510168	0.0066248087373884	0.00958441407218793	0.0181570324174524	0.00881458468907517
0.00453826651041577	0.0171795442276938	0.0962768401664047	0.80544879284669	0.0300918131920661	0.00442332661881983	0.00597087065740181	0.0205178206541342	0.015552725126374
0.012352694849236	0.0102270091508217	0.0791049334918485	0.823821162666357	0.0148505561742203	0.0163338447493655	0.000266552528480561	0.0153165817411833	0.0277266646484874
0.000391839410378463	0.0212192917215631	0.0666232984129772	0.806629661822551	0.030473621345283	0.0149997442933709	0.00249321796028303	0.00160348202771636	0.0555658430058772
0.00331676593614405	0.0127335558556007	0.161575789808817	0.769280690222617	0.0135726494038639	0.00437609403196321	0.00845159336555586	0.0253843123016678	0.0013085490737709
0.0102661395492713	0.0491682933844573	0.0818878206144456	0.790821658683293	0.0122092696766081	0.014850854721867	0.00423856203568726	0.0151105850575283	0.0214468162768416
0.00165480098666216	0.0245868778146517	0.0718361149268676	0.77020806058935	0.0490813892940454	0.00267474626238023	0.00448731339404001	0.0421762815093779	0.0332944152226249
0.00396821498452658	0.03980421880108	0.0731209342109463	0.826973657211518	0.0102105214421752	0.0130122765679526	0.00151946696566417	0.00406024992276157	0.0273304598933754
0.0161029202300986	0.0318489660195619	0.070196133573727	0.811358026167764	0.0260600707928231	0.017471588279692	0.000984927089755274	0.00860774250976401	0.0173696253368145
0.000359273406976541	0.00246117448137275	0.0786370596706737	0.82339878788803	0.0421484918829458	0.0164585288599385	0.00331648643837239	0.0253500549141269	0.00787014245756409
0.00182539398274421	0.0234804009102361	0.0735289787026952	0.790308813747427	0.0299211652996711	0.0138691362728837	0.00239738772707743	0.00524316541224397	0.0594255579450219
0.000288874326657286	0.038670273382528	0.0685848326481763	0.794279099529267	0.0217786941024627	0.0171603933439303	0.00537052286518248	0.00572723135342798	0.0481400784483683
0.000392868189253106	0.00146749753930872	0.0745671783090931	0.824820907469491	0.0411486180257979	0.00719007655422107	0.0021589431317074	0.0447324182604009	0.00352149252072678
0.00602945635940697	0.00553021660040599	0.0640952546021845	0.81946840183455	0.0305370815186991	0.0349885226758541	0.000298429776592865	0.00161218249494176	0.0374404541373642
0.000860603049781968	0.0371414744832709	0.0767897466456003	0.811102844539767	0.0161049938600044	0.00721587070343618	0.000512884449295702	0.00201187755647528	0.0482597047123682
0.0117045259518315	0.0163728643078347	0.0697143463364147	0.781986666627161	0.0270717453639279	0.0455129515856307	0.000780523545806364	0.00534780998339013	0.0415085662980031
0.000592600154471037	0.0193154718836953	0.0700193593749149	0.793170767563521	0.033262946529362	0.00974868378214622	0.0016194147428919	0.0233238779252966	0.0489468780437008
0.000297799714993247	0.00873484533494726	0.0665161048234278	0.810605387701582	0.0476121959621326	0.0356841252346696	0.000592785622920191	0.00967276338428845	0.0202839922210384
0.00152833391965556	0.0097745474026426	0.0828230676670052	0.821251056026846	0.037927801545221	0.0249892703595675	0.00164009528250698	0.00832713785067536	0.0117386899458797
0.0167420826495027	0.00581357246961895	0.0762807511817786	0.805558491687475	0.0233530432966875	0.0248424736362535	0.00061228676960932	0.0133344601334734	0.0334628381756007
0.0055360790113891	0.0149339870700525	0.0657172921652966	0.780623402091964	0.0402327996227788	0.0206753259354614	0.000855234596260906	0.00453790458783945	0.0668879749189575
0.00102343404592531	0.00418433295890425	0.0757049300096721	0.812625628594238	0.0182481101118597	0.0437948905937385	0.00123326443307757	0.00177175978388586	0.0414136494686987
0.000507586724758636	0.0669194383945869	0.0730357616215172	0.787817404012985	0.0211288324324142	0.0100517492596371	0.00567824371530082	0.00609513500171826	0.0287658488370815
0.0194873726060996	0.00527709173108803	0.0567550989982562	0.815252083555167	0.0125173985397883	0.0415314866212875	8.05930914703359e-05	0.00126009185057962	0.0478387830062632
0.0331508784269023	0.0398608990074941	0.064065373782075	0.795712180858054	0.0279621242041074	0.0292242545775385	0.0033791535172419	0.00231412392480025	0.00433101170178624
0.000251608802035382	0.000818813872530094	0.0746530721155258	0.816019559292885	0.0332418399652575	0.0505292442296959	0.000329553921879689	0.00147644741597346	0.0226798603842165
0.00761541449274842	0.00124600357052236	0.0692039118188345	0.764222424681113	0.0247737399523524	0.0461293025417244	9.09125379659274e-06	0.015432744567982	0.0713673671209267
0.0462294204046778	0.00162406424500313	0.0911119617903513	0.796433860604613	0.0167857669489565	0.0264911132954991	0.000235938442590975	0.0142807079885825	0.00680716627972528
0.000558183453286554	0.00969785163765203	0.0748182711362373	0.798207921998361	0.0247866260204205	0.0196908836949448	0.00285894168923341	0.00520974903431593	0.064171571335549
0.00114469949539309	0.0148758013012033	0.0721969538068922	0.813448080857415	0.0442648476979509	0.0355240473579443	0.000302014621872504	0.00142638277414393	0.0168171720871844
0.00681897102960681	0.000790207741209398	0.0654808041062937	0.808430684512523	0.0531989564882999	0.0235103486806448	0.0018273424151138	0.0252528023783682	0.0146898826479409
0.000417461001032235	0.00350745607837155	0.0718784907319313	0.819891995942237	0.0282357660963988	0.0368081088179021	0.000180012072660134	0.00284918883584198	0.0362315204236247
0.00060636749920486	0.0126181821428785	0.0752878752194251	0.81325193523176	0.0419449963271811	0.0319379263288357	0.00363278945840886	0.00366471184764221	0.0170552159446638
0.00271576750537199	0.00291782475950098	0.0910452798614972	0.803505929041384	0.00908249883284133	0.00948522459336601	0.000845009092033131	0.0316988450619246	0.0487036212520807
0.0155644132834073	0.0197068343732656	0.0795507072930244	0.77826958254808	0.0341181722000637	0.0378883853390006	0.00237028175055898	0.00863667899953309	0.0238949442130663
0.00112732932796019	0.00302199494552247	0.0769755450965223	0.805407374744887	0.0263394947344243	0.0284709898537662	0.00430806624570671	0.0277066475476214	0.0266425575035897
0.00169484244996862	0.0200893074933405	0.0774196391160581	0.826312819175612	0.0312761272415344	0.0149321924571871	0.00327526221475203	0.012489082807252	0.0125107270442954
0.00100707529658974	0.00270345557720841	0.070573206301724	0.814264103999055	0.0344837218735292	0.0123666662057584	0.00165419225561721	0.047023407992808	0.0159241704977099
0.0286186732554914	0.00362919022203346	0.0672085383340688	0.789304460197045	0.0401342149426361	0.0230784404875614	0.00047750547380501	0.0303925020061832	0.0171564750811754
0.0155117513591529	0.0041738512211787	0.0752294310069991	0.812632502399771	0.00962387673182367	0.0476752137235827	0.0009004641610876	0.00300169192215109	0.0312512174742528
0.00368223695868857	0.0321295678965847	0.0696472883942514	0.799137065217012	0.0163957185937158	0.0325222207481135	0.00110460175788174	0.00269135359381986	0.0426899468399322
0.000248254398457098	0.00812902689352941	0.0751274789497608	0.826130035225931	0.0196562690918169	0.0177108498982991	0.000554288722229139	0.0232421402163943	0.0292016566035819
0.00149345814411802	0.0153232448527465	0.0779106636944907	0.791739135598152	0.0137953346682261	0.0150428741912634	0.00280664329178661	0.0159223304927462	0.0659663150664709
0.00335492897407667	0.0292046153656575	0.0684611973376777	0.810218471260942	0.0192498659275275	0.0221085061679308	0.00318164218235955	0.00276048810141436	0.0414602846824136
0.00110965775704942	0.0118078002465256	0.0651471355395694	0.793511346327214	0.0296997933470527	0.0209725919120124	0.00515754795883368	0.0197258754376278	0.0528682514741147
0.00126776073174519	0.0264403918533139	0.0650563712170228	0.81770227260114	0.0182445965963895	0.0144294109128232	0.00124001328471338	0.00323948066552313	0.052379702137329
0.00037649654796243	0.0584457192344821	0.070931964475123	0.80834844072302	0.0082589152471691	0.00669479500592831	0.000141751194736666	0.00050751979842584	0.0462943977731523
0.00454841220494945	0.056389188750331	0.078150610119176	0.796658976632894	0.0114791430078464	0.00430162589936428	0.000471944076491655	0.00480441729869639	0.0431956820102511
0.00199319820617183	0.00342999582046651	0.0650729809592904	0.809913985329159	0.0393861730458757	0.0373330765571004	0.001467030215359	0.0104606873003697	0.0309428725662075
0.000228419930374429	0.0104207684767416	0.097142612765076	0.804253563674377	0.0195320027062254	0.0140997047601116	0.00575570041117243	0.043534439891881	0.00503278738404075
0.00280282277197758	0.0185394975207634	0.0768425310687321	0.810266054053307	0.0316006223383914	0.027271342517818	0.000363945630070914	0.00574369939428825	0.0265694847046518
0.00250539758312938	0.00937898918622994	0.0651998608521997	0.805214201717232	0.0182294303786006	0.0358442154564272	0.000940561349083051	0.00640963909215824	0.0562777043849395
0.0130143307685501	0.0223332884097008	0.0746058134924818	0.81544030915968	0.0284429630637661	0.00182761099296561	0.00475410676751713	0.0247804395798138	0.0148011377655246
0.017907446463551	0.0210339520097848	0.0667590040006002	0.796146560689765	0.0166088423298012	0.0309921453838994	0.00197823432249146	0.00385508495651485	0.0447187298435921
0.00250226398112448	0.0291996385062116	0.0763012364643784	0.813459417266862	0.0207051719701192	0.00863204434381962	0.00182871074244679	0.0142565819195721	0.0331149348054657
8.00574433762985e-05	0.00182517908271574	0.0743593576692285	0.842600892116922	0.0284572704233546	0.0330648696367704	0.00174054625843727	0.0110383188509883	0.00683350851820671
0.00261704546862774	0.0402614749839992	0.0665365045659411	0.808805366631438	0.0228101598655385	0.0235652337030589	0.0015348235351733	0.000679200745621995	0.0331901905006016
0.000297573777325467	0.00304022787501793	0.0732576614265948	0.802527230042535	0.0252950345282713	0.0554448370027631	0.000180608246235214	0.00101871983625874	0.0389381072649981
0.00425849481764899	0.0131443795611001	0.0783297031658342	0.818724377036116	0.0133547350220717	0.0197878168307705	6.06593864969641e-05	0.00451706573524077	0.0478227684447211
0.00183450964063271	0.00120840246495794	0.0706627768488304	0.799851335889558	0.0182988104968051	0.0490732853734731	0.00118438813185975	0.0138917884115043	0.0439947027423782
0.00145068331519911	0.00187553141378563	0.0732335266953596	0.810002155961232	0.0284001890736202	0.0285686195496766	0.000282066008364573	0.0178664824769443	0.0383207455058183
0.0012933796564642	0.0135114354982589	0.0737026439160188	0.776165890416998	0.0221061696558057	0.0292179134579431	0.0028609850075102	0.0118549112826844	0.0692866711083168
0.0112861549250011	0.0105767009451268	0.0746299744184297	0.816469509728192	0.0326567313537746	0.0284649665542498	0.00171450898135208	0.0119369878388532	0.0122644652550209
0.00391583967994358	0.00159373263394171	0.0725267619474455	0.814320703231983	0.0198852875031508	0.0546295899242859	0.00248021427522422	0.00699735355905072	0.0236505172449745
0.00861336991374874	0.00438280263466522	0.0790008068522446	0.796631706420838	0.0165190960032697	0.0245255422893809	0.0105239777579164	0.0328728873897102	0.0269298107382264
0.00469565285328826	0.0102800806346146	0.0553733231443035	0.738274947712925	0.0500596663392185	0.0569481039919696	0.00155012694178357	0.00294431829391344	0.0798737800879841
0.000920433573514362	0.0330176142200871	0.0852539669788391	0.832949796664904	0.0257868125154054	0.0182957304747949	0.00176272009638081	0.000461535055815832	0.00155139042025888
0.0102417996205794	0.00672585193443195	0.0902169072981348	0.795623457569642	0.0303617298652486	0.0134782744135509	0.00322112508367487	0.0371517097251391	0.0129791444895983
0.00127890848159682	0.0149592988594373	0.0660944363849899	0.811743607241847	0.0106251399945613	0.0457931188579968	0.00138625106270381	0.00535542670179377	0.0427638124150728
0.00035204694299607	0.00486201726875933	0.0637834192853289	0.822449125844511	0.0431320506739746	0.0248647567691067	0.00196066278713397	0.0132545378147714	0.0253413826134178
0.00012011825648423	0.00415908620678807	0.0731390467979392	0.836736760948979	0.0367738151766069	0.0153265244215329	0.000546913970482801	0.00978628816843748	0.0234114460527497
0.000351839636689261	0.0077326071543875	0.07649193212627	0.781136268670283	0.0356536415057652	0.0345562863827248	0.000593642737619741	0.0125803855079768	0.0509033962782836
0.000117660897217309	0.0205443640964191	0.0739323786275462	0.844260300719822	0.0159562829601158	0.00385837077843369	0.00258556372406396	0.0344165013644211	0.0043285768319607
0.00475443430446952	0.00521416731907062	0.0685670997002401	0.811561308397392	0.0253869285124854	0.031581081173462	0.000728557483928708	0.015679771613705	0.0365266514952469
0.0122288032541421	0.0079699730846684	0.0712261482927225	0.818284366186131	0.0204138697633572	0.0268895726355134	6.19637237146582e-05	0.0134253146419136	0.029499988417837
0.0060681361878851	0.0131434568355247	0.0752168961459472	0.792248089882504	0.0231723420555943	0.0387429294274843	0.000439311681385343	0.00743440587201799	0.0435344319116575
0.0145633160474421	0.00138025368369342	0.0762143736991383	0.816360812975622	0.0188460749059389	0.0342269342467795	0.000692312032488565	0.0121480467910929	0.0255678756178045
0.000246945326427546	0.00510403702744383	0.0745439886742878	0.810274137522144	0.0192530551922741	0.0330075218139401	0.00373878768680151	0.014184672668709	0.039646854087972
0.000196056959267249	0.00711869298873468	0.079501557870826	0.808352272458204	0.0201135398498934	0.0572840710229675	1.80193194764261e-05	0.0031499144539054	0.0242658750767256
0.00023547892798094	0.0328717869349401	0.0489685403738643	0.808482963049173	0.0329165175857849	0.0286025100840197	0.00160979829786927	0.00547778154881937	0.0408346231975479
0.00157227522031208	0.000657753280397702	0.0766664303057592	0.827552337323444	0.0190769570939887	0.0625824516871053	0.00331336916741533	0.000375605618628451	0.00820282030294903
0.00236707214424608	0.0240243028266362	0.0708426959600924	0.819676558993643	0.030185706193108	0.0194876629380003	0.000840439073165063	0.00128392617516391	0.0312916356959456
0.00322226496271056	0.00352348413218034	0.0756410436835943	0.803797383467379	0.0159327220626564	0.0307138315272003	0.000681464810154037	0.00563274474435877	0.0608550606097664
0.000441906544275108	0.0281526516167407	0.0679043708767115	0.798274994840873	0.0316225020470263	0.0150748867376669	0.00112848029066386	0.0102353245832975	0.0471648824627452
0.00313696686966373	0.00135893234528163	0.0695689487352974	0.781772663689995	0.0480098787962982	0.0488633766682588	0.00134961319587721	0.0173553772001703	0.0285842424991578
0.00409270642258008	0.0102607065362718	0.0615120493804595	0.823439205893185	0.0270298404316315	0.0527891500401552	0.000962591951016585	0.00794040379387563	0.0119733455508243
0.0281595456540718	0.0198623957698593	0.0742386838902622	0.76899380073723	0.0247842990320043	0.0284937685568729	0.00367750833703107	0.00367359942968488	0.0481163985929832
0.00222260888959254	0.0270583904753179	0.081277450084873	0.808788330700318	0.0293556400348548	0.0256409199339965	0.00188735713771095	0.000675262529642694	0.0230940402136938
0.0210915264909983	0.0034184103368203	0.058670252421622	0.814090782503727	0.0388661378349471	0.0269744626621724	0.00194408018118175	0.00776192151410372	0.0271824260544277
0.00882444847168773	0.00983556740396056	0.0736606044855654	0.809232012024238	0.0356007485540108	0.018968946162916	0.000307659845042032	0.0217897172353788	0.0217802958172011
0.000150504009328258	0.00237936725746526	0.0663797628393069	0.808525749036689	0.0301085011533228	0.0334114931173273	0.00330349852524821	0.0259406999651223	0.0298004240961897
0.000279352739914408	0.0128153767890915	0.0756480974657659	0.810681695287423	0.0330942483958692	0.034840207593335	0.00377967995355338	0.00548725178940125	0.0233740899856465
0.00126732360409049	0.0320646523598587	0.0701607707632478	0.795917582807745	0.0170860466486641	0.00737744827631868	0.00153391552211795	0.00916308821254384	0.0654291718054137
0.00415601433059875	0.00362242277306866	0.0746389947667763	0.795606081599421	0.0288917306330658	0.0362035088459401	0.00326949878643616	0.00847820308707798	0.0451335451776157
0.0109205758319252	0.0427119590450411	0.0563505183347144	0.779807363089718	0.0426367637750399	0.013284316879741	0.0014770991904414	0.00959562341983715	0.043215780433542
0.00478256297602448	0.00458349932519412	0.0843853729459286	0.807219497455149	0.0326498289266499	0.0221459672097192	0.00208816804331506	0.0354740686265899	0.0066710344914302
0.00798199107228983	0.0121799858308112	0.0646077426196498	0.832865108587955	0.0138166575814363	0.0247433362989364	0.0015890558477132	0.00265990350577053	0.0395562186554384
0.031367996246448	0.0400294544031547	0.0576440004906011	0.811651531701432	0.0290063963297157	0.00220287547665967	0.00045905081010665	0.00178810240508037	0.0258505921368023
0.00383345251599068	0.0167032965107163	0.0718889675755144	0.796527682887416	0.0300289817622651	0.00843134580916554	0.000458061535860642	0.00345965514693499	0.0686685562561363
0.0164745663924948	0.0193509213424773	0.0687545917413606	0.799375911614095	0.0188831559143775	0.0306186934937554	0.00218969612084832	0.0103856645611254	0.0339667988194662
0.00449243426138047	0.00046419437864394	0.0692914719525045	0.837862676482608	0.0139049968830865	0.0417071206860513	0.0021319502088359	0.00240324630239909	0.027741908844491
0.0108131564657489	0.000760550031590578	0.0809560727702307	0.798225553379074	0.0383541865124287	0.0338167519836868	0.00290480168728566	0.0163974151517585	0.017771512018196
0.00727998945831136	0.0356825645527879	0.0648284554846629	0.790800490041999	0.0295726157114778	0.0171402986676031	0.00418518343412598	0.0201740641547765	0.0303363384942551
0.00143487900342631	0.00230435171138893	0.0800290637488616	0.818456507418527	0.0218763566819829	0.0353214614782262	0.0026013244038421	0.0317149612139731	0.0062610943397717
0.0156369038744682	0.0158493293523893	0.0654704503774182	0.808018619240364	0.0169518712457807	0.0300377722451474	0.00403297731600739	0.00102322719296778	0.0429788491554565
0.00554474050997871	0.00765142431626507	0.0808154353031877	0.834812360385043	0.028674298075282	0.0166610571810196	0.000632848124043306	0.0126587133837552	0.0125491227214251
0.0092796278062356	0.00127499152751469	0.0720640912518465	0.77231359132213	0.0626666253425227	0.0353519363937286	0.00102978861729871	0.00721527579195629	0.0388040719467672
0.00319963679966969	0.0144568374157198	0.0794479076454148	0.795261398555638	0.0189376106134214	0.02132797307595	0.00496112641996053	0.0496843177070093	0.0127231917672162
0.000629893507188523	0.0423745078984261	0.0797974056439116	0.79607303497844	0.01449612647191	0.0133560412385529	0.00314655802605571	0.00759541515869673	0.0425310170768182
0.000305932976546031	0.000811825313965995	0.0804699078216417	0.810873878758283	0.0377005565256918	0.0276700274640968	0.000910957791552812	0.00758639179182726	0.033670521556395
0.00547092833776272	0.032569718180209	0.0729222834254626	0.801453723320226	0.0273729634183597	0.00636918070107435	0.00341974949185202	0.0247675745013565	0.0256538786236967
0.00111787171455973	0.0337977795901422	0.0548220781317616	0.814010469384939	0.0172920312257822	0.0100138271453412	0.00102890776195323	0.00302479213782549	0.0648922429076949
0.000470089164513526	0.0243399381332575	0.0591253904489862	0.791446264885996	0.0193568802939923	0.025381143475461	0.00363054645934301	0.0099480521006452	0.066301695037805
0.00107100343030606	0.0367068401926625	0.0767524993073957	0.782079649052455	0.0310135669820028	0.00615758043370476	0.00185748286639451	0.00719775360597985	0.0571636241290987
0.00215280896677957	0.0226458662445528	0.0589384068550502	0.822740929731298	0.0174102679405043	0.00703823959517051	0.00157181966137433	0.0145367193027697	0.0529649417025007
0.000773632503571309	0.0141294752002795	0.0828190145161369	0.819963277896431	0.0426058516128566	0.00806251794382003	0.00139142416215064	0.0279014944983743	0.0023533116663794
0.00951404109434257	0.0012830013351648	0.0823433021284427	0.833031302780272	0.0203821515779984	0.0363456071139042	0.000634994384938194	0.0141015154432913	0.00236408414164578
0.00245609003143494	0.0316106110643123	0.0725289939544359	0.801297734448221	0.0381376262119084	0.016565366109134	0.00353000635696153	0.012260026268799	0.0216135455547927
0.00998902824652164	0.000306671631803961	0.0688021474263635	0.831670325425193	0.0112342172875467	0.0473456177077749	0.00317494112912831	0.0246350635354198	0.00284198761024844
0.00198285413046042	0.0325416910891559	0.0602982225384495	0.807436245434403	0.0165218474006517	0.0134446533966841	0.00167279714016007	0.00406005069168487	0.0620416381783508
0.00159656052242371	0.0499093805519946	0.0742734644693558	0.780226343057213	0.0394953867694711	0.0178250407517581	0.00226523112543387	0.000976251177622441	0.0334323415747271
0.000258990714062286	0.010412548311572	0.0790809250138659	0.84085545604224	0.0210894316539028	0.0149258842573852	0.000910819558223436	0.00767135564561407	0.0247945888031346
0.00681281400019927	0.0634948135149448	0.0811928007481577	0.796188128226069	0.0130792665255209	0.0029307677570752	0.0031608250614588	0.00499802336294578	0.0281425608036286
0.00184350654667996	0.0406836698868319	0.066172916250571	0.814184296574604	0.0169352100350291	0.016799289284997	0.00147616361630032	0.0024079692583572	0.0394969785466295
0.000456797391438001	0.0077401592198298	0.0683789910499591	0.792677623543765	0.028945911966733	0.0325233615999678	0.000349298840965273	0.00113866669555927	0.0677891896917824
0.0180827930794921	0.00112586951431943	0.066419305230386	0.765536853642024	0.0392881011984131	0.0416390246428662	0.000628492798607431	0.00345692557519058	0.063822634318701
0.00919917578286614	0.0117046985939719	0.0738906595773805	0.809671649303433	0.0168521780939287	0.0427653293688661	0.0018460233775001	0.00577839284796244	0.0282918930540905
0.00479745560092502	0.031279022445337	0.0749012924364027	0.813557769987469	0.0265777333714044	0.0152516670337459	0.00210571882052984	0.00972816991601557	0.021801170388171
0.00632241329018083	0.00307855266344341	0.0665930834832684	0.821955556419597	0.0237719696380226	0.0461539492136359	0.000730491668642359	0.00539306982021962	0.0260009138029898
0.0158684822769141	0.000708684993428031	0.072145123153247	0.810923288616981	0.0247332733445475	0.0536300858360927	0.00552724936431519	0.00158346820579299	0.0148803442086813
0.00556215894322947	0.0102746731095779	0.0694153861766045	0.815959141314713	0.0290308225072093	0.0212864004769271	0.00055445519685782	0.0136007193999144	0.0343162428749669
0.0219933533427924	0.00869453825465407	0.0725505807329629	0.793968975319513	0.0259961895787872	0.0300392276526223	0.00053273281094765	0.00177993526001663	0.044444467047704
0.000851988809667196	0.00966367768506964	0.0869226103496208	0.782267321101021	0.0185705609791315	0.0350704797449292	0.00616443371002609	0.00133115041782423	0.0591577772027106
0.00503662588906399	0.00399468145387068	0.0754382741353154	0.806920221801657	0.0389790443387667	0.0344638269726602	0.000637568076237322	0.00410543519593062	0.0304243221364977
0.00313923333044247	0.00205100811334237	0.0590629046009085	0.8118009451489	0.0402724005256957	0.0260995377681259	4.7744919651127e-05	0.0133418243449215	0.0441844012480125
0.00136399331066924	0.0434473430592018	0.0781049084620534	0.795771915286813	0.0193160717936371	0.00782933396099667	0.00768995867328317	0.00473796595009198	0.0417385095032533
0.00307616200447462	0.00845575651037046	0.0662812924712449	0.80797979248157	0.0200391909210545	0.0291399718449798	0.000288653748589984	0.00132958121432907	0.0634095988033869
0.00072126944847911	0.0343419399812653	0.0727650108435614	0.807669823765469	0.020978021538924	0.0165934454332621	0.00413044785537946	0.00959629183174336	0.0332037493019164
0.00454823587234313	0.0102364669431201	0.0613895500898133	0.805078862329181	0.0462140827421638	0.0364970794178647	0.00012050250711031	0.00153971034274402	0.0343755097556596
0.00653699347734868	0.0091665913445604	0.0675128163401262	0.804253905295778	0.0361641322151458	0.0195234122654236	0.000273975188950112	0.0248224829087797	0.0317456909638876
0.000834616277151699	0.00447169771461391	0.0884258897854523	0.819537791719361	0.0206999664294823	0.0386101122000018	0.00066844699960634	0.00595881921379511	0.0207926596605357
0.000541363236552623	0.00482604037877086	0.0746003392711898	0.814839288461475	0.0315909579230689	0.0204869441703038	0.00198543845689633	0.0285382633349342	0.0225913647668082
0.00200818700210578	0.00731158970961465	0.0772642257282729	0.803292290000553	0.0484134031468979	0.018695883595181	0.00155879035055221	0.014412460956899	0.0270431695099232
0.00743760816085678	0.0261682038803733	0.0857005028140758	0.798042299973376	0.0262335552786733	0.0238015204038404	0.00195472162417057	0.0133287664789284	0.0173328213857053
0.00364620312020305	0.0269286054557784	0.0570797031664056	0.837919119450981	0.020757414946219	0.0189957301576158	0.000457915984330355	0.0137966647920698	0.0204186429263972
0.0108329000620268	0.0295418594433555	0.0787546621336964	0.794162268356331	0.0292927472073595	0.0150437383745066	0.00100652505034885	0.00200569785983685	0.0393596015125385
0.000325243171725352	0.00222821826285021	0.0760390533740362	0.807967418205865	0.00509612889610635	0.0333347737311882	0.000229725030890439	0.00133269760968291	0.0734467417176546
0.0195220549600323	0.000895963091426514	0.0800571156736185	0.823897935266725	0.0222343309258392	0.0371745129477428	0.00159500272569374	0.0117335655525837	0.00288951885633854
0.0010851681826758	0.0340794859529673	0.0938691432521153	0.788594882653315	0.0274015155639259	0.0044289830058349	0.000151084933596308	0.00165931637027745	0.0487304200852921
0.000258949629887218	0.0385685039323341	0.0675674590054895	0.793006479478421	0.0264260265854381	0.00580481415424263	0.00210208465590798	0.00603652295578885	0.0602291596024905
0.000234253496805081	0.00229683180644862	0.0808530784212812	0.844481577568449	0.0275270008386849	0.00274098795689649	0.00185343466460553	0.0347579994053122	0.00525483584151715
0.00650002118504719	0.0112578230656985	0.0594835466144153	0.793342057779118	0.0241826855381233	0.0419216028949864	0.00122301947632229	0.00249853164500325	0.0595907118012861
0.0243389481362789	0.0280537375845285	0.0727966163870735	0.835314527888238	0.0110863952307242	0.0202215764937918	0.000800664142808976	0.00199677696367019	0.00539075717288567
0.000502319047240636	0.00241241927030525	0.0786420468377486	0.809614789559563	0.0321007464513034	0.0188541061504626	0.000628683566828842	0.0218189363693646	0.0354259527471833
0.0209187422146913	0.000856387556539144	0.0731571653160644	0.793932753758105	0.0140543398805567	0.0387817136649503	0.00278477008945774	0.00281040787929982	0.0527037196403356
0.00130541410369354	0.00434064405376732	0.0618011241413084	0.821042788998548	0.0163576610968268	0.0526751575971727	0.00197939375324861	0.00188136087043527	0.0386164553849989
0.0181054342231399	0.0213936381457208	0.0655795403876965	0.818330827389742	0.0196953044456658	0.0223155266745242	0.00282772592250809	0.00200108510204137	0.029750917708961
0.00242159915411343	0.00340944231779673	0.0793053644177377	0.841914261950161	0.0185359846742024	0.0123589715764285	0.000674658422155367	0.0359115823607473	0.00546813512665788
0.00270975680933429	0.00629461165165746	0.0834323223058424	0.815630318314827	0.023515718852885	0.0155594592373748	0.000116429152562679	0.0318939535893925	0.0208474300861237
0.000462226041792162	0.0323460651324457	0.0847391851658897	0.841119937165599	0.0114249210383309	0.0118318724499234	0.00159264171519034	0.00215507684035287	0.0143280744504761
0.000304508651422356	0.00731974279799606	0.065308286291155	0.793255435758963	0.0417179125146509	0.0423445429993953	0.00213617019287357	0.0035940307614143	0.0440193700321299
0.0300242400976611	0.00910065522353833	0.0577884810692004	0.779049477473959	0.0250512133453876	0.0333950792489066	0.00154504732049915	0.0108672268071725	0.0531785794136755
0.0171990579525318	0.0528668296264352	0.0871794753573054	0.779565864008433	0.0228951890258351	0.00669515815538183	0.00538218097406429	0.020283229673909	0.0079330152261047
0.00132003283385972	0.065072181629098	0.0771492807113368	0.782904395532184	0.0168058760795235	0.00359952461828307	0.0021194962246931	0.00105181784943931	0.049977394521582
0.0382112522103674	0.0301119153578148	0.0801502796190386	0.806266518431428	0.0134771661893834	0.00718675121551887	0.000203505025287166	0.0036717067208478	0.0207209052303138
0.020422021752341	0.00674569870844689	0.0829540072919482	0.778431496142084	0.0245929290452062	0.0241010439576226	0.00911799637542364	0.0243298778403434	0.0293049288865838
0.000183820389488728	0.00174874942927092	0.0588952456509721	0.844298652756101	0.0370486512776699	0.0172801113787364	0.00412661037892056	0.0347361014095399	0.00168205732930053
0.0113716132768565	0.0206515107746514	0.0666446002714145	0.79886267689356	0.0240680828329512	0.0182537150867239	0.00529259692533499	0.00498297058648828	0.0498722333520192
0.00151112056022416	0.021542233075675	0.0671171949262003	0.802201629973195	0.0288796881486518	0.00832699660876514	0.00537038997625462	0.0173561979105348	0.0476945488204988
0.00314498613424378	0.0145887927911879	0.0629261253121333	0.825678982237045	0.0128676898105733	0.00862982737362757	7.05474094309093e-05	0.00095510988852786	0.0711379390432307
0.00479762709272159	0.0166818493764856	0.0706551117798395	0.81088645363604	0.0226650348614222	0.0399289725377231	0.00159117522138839	0.00332142216231796	0.0294723533320613
0.00963455747021118	0.00898714339056399	0.0735734537680933	0.821281248796505	0.0225325467572649	0.0144924635368001	0.000582284095402405	0.0156324208490051	0.0332838813361542
0.000366037018663432	0.000661606283249803	0.077152318779088	0.83280541470366	0.0248582359268543	0.0358281352542343	0.00247123038299777	0.0106558926164227	0.01520112903483
0.0122081655172531	0.0144696398045073	0.0777508777306974	0.801434368088429	0.0257080605560596	0.0204172934821366	0.000464465966082433	0.0125478217141283	0.0349993071407063
0.00502661296604648	0.0045922188032071	0.0766543147388723	0.810002815375997	0.0188992307458703	0.039316400762714	0.00108562380212456	0.00103645686414636	0.0433863259410215
0.00238186278269951	0.0032648719195805	0.0922323998445408	0.818730418681695	0.0295066612835388	0.0107518267696158	0.0024703593491417	0.0367089084065416	0.00395269096264578
0.000332313228810746	0.011996444786263	0.0591355033119662	0.809463904974557	0.0180461187165453	0.0612717445065325	0.00209877243076136	0.0129283756614011	0.0247268223831623
0.00291099040157408	0.0195007790682288	0.0667526975031058	0.815029369207674	0.0234783749029838	0.029753577610745	0.00313046075654896	0.00687862083446376	0.0325651297146758
0.0194088600983457	0.0166614845922105	0.0646811916139249	0.807795323618671	0.0240718797585375	0.0371988064428987	0.000533731871217309	0.00430760822807946	0.0253411137761155
0.0351245583081892	0.0137690835385646	0.153081218247667	0.61982475059225	0.025915659045611	0.00107044806902423	0.0314291103855832	0.100654080908189	0.0191310909049216
0.000275798830756615	0.0325464043714763	0.0767566359214359	0.831352275098144	0.00901231870186405	0.00702097369765409	0.0015956216933145	0.0125663236848632	0.0288736480004913
0.0218630343296558	0.0294502667020184	0.0651970078647334	0.814212065786918	0.0217226788661288	0.00194797838097953	0.00200101772915681	0.0127610621929073	0.0308448881475018
0.00324494958468063	0.0200758378653766	0.0675147489059436	0.819232383170133	0.0338433614653169	0.0288036008043724	0.00144903214056521	0.00536149120111875	0.0204745948624929
0.000234432870301138	0.0087850840412176	0.0788219625092255	0.81788356253001	0.0435353349758459	0.0372755742431936	0.00196161070264128	0.00115220766402964	0.0103502304635353
0.000452375754872755	0.00748571324190779	0.067129801111313	0.822483125350066	0.0156382410706998	0.0425801213271665	0.00118482480509368	0.00369879950103799	0.0393469978378429
