Bcells	CentralVeinEndothelialcells	Cholangiocytes	Hepatocytes	Kupffercells	LSECs	Mesothelialcells	PortalVeinEndothelialcells	Tcells
0.00179769661647624	0.00283755514857631	0.026464961270868	0.917437164872986	0.0248395772078699	0.0056391096872572	0.00999622688610852	0.00875571125806662	0.0022319970517916
0.00146980008374093	0.0104481148948777	0.0229723192593895	0.922636370798078	0.0267637973175761	0.00563382937168975	0.00989702222529909	8.9373024619609e-05	8.93730247294722e-05
8.98136976404604e-05	0.000645751811856942	0.0241021720104187	0.948619243069808	0.0169558537328531	0.000578846967391239	0.00672355345390455	0.00219495155848444	8.98136976422222e-05
9.06632114801236e-05	0.00132679132855061	0.0229844097916981	0.929971771832938	0.0260859596130266	0.00355727570437826	0.0123485697948451	0.00169127168359782	0.00194328703948514
9.43613145018035e-05	9.4361314450424e-05	0.0258639747698391	0.922733509378622	0.0362434951015526	9.43613144286061e-05	0.0131600520496753	0.00162152344242617	9.43613145037057e-05
0.000836650747794723	8.87384800563314e-05	0.0231580653625177	0.934552343649812	0.0191935424038487	0.00985743110161794	0.0121357512941842	8.87384800496378e-05	8.87384801183635e-05
0.00646545182449145	0.013755115389381	0.0256479233702326	0.91556961119362	0.0247574561208763	0.00153911280545076	0.0120854103377155	8.99594790879144e-05	8.99594791447491e-05
0.00692848260349608	0.00118182266562577	0.0329557234110131	0.912191841629111	0.0285673706345344	0.00864602742377616	0.00934588443001386	9.14236011629726e-05	9.14236012665064e-05
8.84620433853002e-05	0.00140117017463808	0.0244194823736907	0.913882681535696	0.0294625793636644	0.018038245605448	0.0125304548165859	8.84620434963884e-05	8.84620433953798e-05
8.87021719038233e-05	0.00311335930229857	0.0273027042045522	0.936154869353872	0.0255504194934572	8.87021717741664e-05	0.00599485374354903	8.87021720502921e-05	0.00161768738654269
0.00526007251655692	0.00556526513161731	0.0262834738507178	0.911245803046953	0.032814915188523	8.85725420532678e-05	0.0151185341561253	0.00353479102536282	8.85725420907049e-05
0.00131469081394828	0.0102009840407923	0.0284710694133099	0.933342107458702	0.0159630646345759	9.08629241193275e-05	0.0104354948662254	9.08629241609253e-05	9.08629241660054e-05
0.000295835402580327	0.0129912606496907	0.025310191908528	0.904994081163244	0.0230539954528258	0.00403337531455625	0.0165513966567001	0.0126814601014102	8.84033504642149e-05
0.000367703491641245	0.00114464263095987	0.0363329387904157	0.912073821688677	0.0329104226987659	0.00244124258154669	0.0128066159587414	0.000650576000127764	0.00127203615912415
0.00244092636912402	9.15472855456604e-05	0.0522443747044709	0.908810617455685	0.0164977833372714	9.15472856188173e-05	0.0112191692528021	0.0085124870239008	9.15472855815084e-05
9.25986561188045e-05	9.25986560913696e-05	0.029042456265617	0.921362902449887	0.022888902321277	0.00459273351094779	0.0177916605292251	0.00145642806922178	0.00267971954161421
0.00125922715046931	0.00281658420293591	0.0291379953755492	0.929859115175907	0.0227922239794598	0.00325136759967073	0.0107040075919514	8.97394620640516e-05	8.97394619926574e-05
0.00541013662224833	8.99469109757508e-05	0.0219084671207955	0.916591658421538	0.0354147372750663	8.99469110007942e-05	0.0107544232652886	0.00317817312519534	0.00656251034789188
9.28668767971826e-05	9.28668767879913e-05	0.0379909330528658	0.905374049584719	0.028096419972735	0.00576716502003419	0.00915692927725878	0.013335902461995	9.28668768070361e-05
6.39374151404783e-05	0.00368281658533312	0.0366900536259145	0.91086290589527	0.0326684086016381	6.39374151426881e-05	0.0131022006384648	0.000785084860716053	0.00208065496238
9.00442276555228e-05	9.00442277050628e-05	0.0624983348111129	0.874166054876712	0.0254609361470705	9.00442276423793e-05	0.0114180432404827	0.0260964540139629	9.00442276561882e-05
0.00479532353830247	9.31095324861436e-05	0.0356080229038352	0.894682143227853	0.0375071682745037	0.0103857387584199	0.00589490725765404	0.00948898663247083	0.00154459987447459
0.00368867697656471	9.06350280126222e-05	0.0196029994210409	0.943413562343424	0.0208308620594628	0.00248564893821437	0.00970634517734283	9.06350279566966e-05	9.0635027981728e-05
9.32162249416232e-05	9.32162248916924e-05	0.0332189162671714	0.929502498328771	0.0205737504401483	0.0054963685571173	0.0108356015070051	9.32162250127457e-05	9.32162249404202e-05
0.000511660594433862	0.00782142072398757	0.0216666513198189	0.909794436469091	0.0417898874447234	8.76528069046107e-05	0.0123676555773604	0.00587298225690128	8.76528067791192e-05
0.0103186917329574	0.0107533709135317	0.0289766093250101	0.90195958356222	0.0334444540802951	9.05684296713499e-05	0.0127491473009171	0.0013323259631057	0.000375248692291744
8.93250922419544e-05	0.0177785099975519	0.020036020778171	0.92534933568857	0.0238833938585805	0.000894338216852365	0.0108725369590543	8.93250921265047e-05	0.00100721431685101
0.00439298624626197	0.00143375337589461	0.0190293920377654	0.909892076748804	0.0391783829463958	9.23182321403414e-05	0.0145995605955065	0.0112892115850751	9.23182321560928e-05
0.00146726842288169	9.09820927522396e-05	0.0297214944751102	0.932544773866974	0.0194303423655987	9.09820926705002e-05	0.0105515017127869	0.00601167287842861	9.09820927975917e-05
0.000623118245631821	0.00384418856807993	0.034412752145051	0.915555917759119	0.020296989515158	9.04512123893982e-05	0.0132569844479389	0.0117939782098193	0.000125619896813097
9.1837826260495e-05	9.18378262574941e-05	0.0633770738993159	0.881245763144542	0.0228736412888108	0.000547491894227067	0.017164800021474	0.0145157162728474	9.18378262651324e-05
9.12973446732402e-05	9.12973446482481e-05	0.0352390588397208	0.91826981011027	0.0215522263525493	0.00547993734941946	0.0121661232617663	0.00701895205228568	9.1297344667292e-05
8.93885888800903e-05	0.0206609497463092	0.0260448736092652	0.903648943167124	0.0192240158621823	8.93885889205938e-05	0.0185096725797344	0.011643379268704	8.93885888800163e-05
9.54412648273106e-05	0.00280133569306531	0.0525691146685691	0.912942500282825	0.0203466545346052	9.54412647782116e-05	0.00988358247762431	0.00117048854886941	9.54412648357662e-05
0.000318107777472313	8.96815105001093e-05	0.0316346054993289	0.936638262558584	0.0139339472285007	0.00630871945690511	0.0101221889267465	0.000864805531337357	8.96815106246209e-05
9.2623582635807e-05	0.00306271512881837	0.0317134445443927	0.913559421605507	0.0390010157519768	9.26235826133722e-05	0.0066233218776175	0.00576221034380768	9.26235826309431e-05
0.00122549475932559	0.0088262375359144	0.0282517314841447	0.923695995642891	0.0207781131676415	9.01009589209514e-05	0.0141202191262075	0.00292200636614338	9.01009588109653e-05
0.000740005946565755	0.00394420033588182	0.0306760467056577	0.922921920906759	0.0216799795458432	0.00333730231293165	0.011408386052425	0.00288251391787843	0.00240964427605749
0.00197021482068057	0.00788386165320622	0.0285349299181458	0.925533213579093	0.0263778393652996	9.35439087593296e-05	0.00870939750286977	0.000803455343167469	9.35439087782078e-05
0.00252428366336759	9.1653365091727e-05	0.0200435466855621	0.919645234466166	0.0222283280812415	0.0044800681115371	0.01603775389384	0.0128780285573459	0.00207110317584834
0.00235390447127528	0.00521978621063613	0.0209979819892111	0.928389795489647	0.0285217801647114	0.00180695441328771	0.0117932939672638	8.95025027906062e-05	0.00082700079117693
0.00991923026617065	0.000210608881661579	0.0321437018732584	0.910046283522912	0.0377077067588496	8.99112202705701e-05	0.00520962425719238	8.99112203445149e-05	0.00458302199933982
8.95596547254707e-05	0.00430060050436366	0.0166305006480311	0.922315628298267	0.0297759916136631	0.00790703136789129	0.0104136570249345	0.00390261523042414	0.00466441565769993
0.00252848030583184	9.23432404245667e-05	0.0170228567693005	0.929768432515092	0.0297642018179702	0.00642098986998034	0.00795983083108779	0.00635052140986166	9.2343240451544e-05
9.54320001847079e-05	9.54320002665769e-05	0.036027302233831	0.916770495269029	0.0188747963951367	0.00786329992680186	0.0134530706871261	0.00672473948744594	9.54320001786609e-05
9.33125219603035e-05	9.33125219667121e-05	0.0311063289989007	0.937086585432301	0.0224514874090974	9.33125220052126e-05	0.00682849924617162	9.33125218934266e-05	0.00215384882570369
0.00315895605187373	0.00779578525820677	0.0229566834436498	0.92836418686596	0.0207615263879188	0.00262033503651327	0.0141609792670004	9.07738444429323e-05	9.07738444348534e-05
9.04974318391546e-05	0.00216978107534774	0.0215929108518208	0.921539421540709	0.0297630373268811	9.04974318487352e-05	0.0129615077597703	0.00522335144308195	0.0065689951387007
0.000936337749010297	0.000205631291430119	0.0261501787644392	0.912452267171329	0.029294148507182	0.0101941478338887	0.0099264512906811	0.010748081585451	9.27558065886698e-05
9.26912838444096e-05	9.26912838269916e-05	0.0382496799027193	0.913776652674865	0.0253939403668149	9.26912838289974e-05	0.0123621456588676	0.00984681626138739	9.26912838459843e-05
0.000425300252435419	0.00556009229423091	0.0321001424876389	0.909550640115829	0.0357981564663715	8.92077789071299e-05	0.010876303212067	8.92077787904534e-05	0.00551094961372944
0.0115571278327712	8.7949868124959e-05	0.0631626990604784	0.85109245821381	0.0147131885217322	8.79498681218726e-05	0.0243289918561245	0.0348816849107194	8.79498681176613e-05
9.29297272103681e-05	9.29297272188505e-05	0.031700313534789	0.928330651310193	0.0160748126545254	0.00586862207961535	0.015430863598858	0.00231594764037841	9.29297272121456e-05
9.02702480874039e-05	9.02702480011287e-05	0.0231268504903741	0.93249273235527	0.0179428304668035	9.02702481179569e-05	0.0142788520473622	0.00827955817840223	0.00360836571758152
8.85999755329253e-05	0.00279733665290074	0.0181060866955681	0.930843782991669	0.0356743978015861	0.00122946107953145	0.00999738379068693	8.85999753537921e-05	0.00117435103717094
0.00192038597267307	9.18183982318938e-05	0.0345032061686925	0.909601915250917	0.0297672730192585	0.00220411795319547	0.0138695176845669	0.00282214126937535	0.00521962428308924
0.000424482340170654	0.0229536447913546	0.0193416128749839	0.909592019522135	0.0223239990277488	8.81485058080401e-05	0.0214944457148374	0.00369349871716999	8.81485057916762e-05
9.14413061159881e-05	0.000956386315426388	0.0230959793543243	0.926834098989851	0.0248129826463098	0.00612451613942822	0.0136631427968657	9.14413060391312e-05	0.00433001114563964
9.02651860826315e-05	0.00688849071695281	0.0213820609556039	0.920781065867118	0.0221558231566963	0.00150273716946157	0.013151250716629	0.00332093945915995	0.0107273667722959
9.18522860452766e-05	9.18522860106139e-05	0.034242586005887	0.925448105386892	0.0168110058725023	9.1852286029025e-05	0.0123248766400034	0.00728283890766206	0.00361503032896785
0.00537450281851157	9.40178812264219e-05	0.0459940266146938	0.904993694157261	0.0254802705831589	9.40178812880472e-05	0.00951373866471177	0.00836171351787886	9.40178812697938e-05
0.00127181500036796	9.23630268668716e-05	0.020895833440347	0.919393237363717	0.0412078938494176	9.23630268650279e-05	0.0112268154930339	0.00572731577251295	9.23630268713303e-05
0.000465006648596514	0.0110536757358146	0.0288292569086249	0.916782496184667	0.027838786792692	8.89213380827051e-05	0.0147640137152573	8.89213381342366e-05	8.89213381310173e-05
0.00403405651207787	0.0132094689236212	0.0246309948030244	0.91317521935235	0.0280826739737468	8.94981678669563e-05	0.0139060856647129	0.00117298394098982	0.00169901866160983
0.000442101636253954	9.2966556057136e-05	0.0273097380736183	0.920197357466705	0.0255491652261242	0.00506115045058031	0.0159756187780959	0.00527893525645957	9.29665561055405e-05
9.0788798870572e-05	0.0230939749210062	0.0209856654303282	0.924187576976772	0.0120369310868957	9.07887988023883e-05	0.0193326963895862	9.07887988767171e-05	9.07887988622186e-05
0.00248811715823624	0.0107441058168968	0.0218513750734957	0.929791335208215	0.0154426062297921	9.17103272100477e-05	0.0150452837282323	0.00445375613067472	9.17103272473341e-05
0.000665499267600057	8.94220816502709e-05	0.0314641264804809	0.935228283661388	0.0174353938054781	8.94220815590124e-05	0.0104632366511182	0.00138948415738125	0.003175131813344
0.00181808840947004	0.00366843814029931	0.0269459139249503	0.921733674715481	0.0283094968730734	0.00461821591858858	0.00972273801992494	0.00309205104161174	9.13829566011936e-05
8.8852587751875e-05	0.0166663908471026	0.0245665844905485	0.91998869092838	0.0237665210596348	0.00147843003737966	0.00939484385255403	8.88525878362518e-05	0.00396083360881232
0.00186564200632935	9.33102313701981e-05	0.0256772255003022	0.931312422928449	0.0188257087555399	0.0113054102793794	0.00985609823297201	9.33102314011484e-05	0.000970871834256774
8.85751947600551e-05	0.0169753406378223	0.0217018649356381	0.907999102482165	0.0396473737583345	8.85751947432492e-05	0.0114403308218311	0.00197026177994613	8.85751947596578e-05
0.00086960048087886	0.0073737580490656	0.027379623301978	0.91787717125389	0.0276430947288991	0.00574837368376493	0.0124944732613102	0.000523550533385056	9.03547068283489e-05
9.34125301935936e-05	0.00584960193285787	0.032819380114788	0.930062164512824	0.0140599970345151	9.34125302963015e-05	0.0107818087130403	0.00297334730634715	0.00326687532513776
0.00578223822096961	8.94313072015952e-05	0.0831310654461983	0.831602897602297	0.0242126023272001	8.94313072779801e-05	0.0193184910301268	0.0325941125090946	0.00317973024963432
0.00186801696804732	9.04275935698606e-05	0.0279892276019583	0.93733355208889	0.020637526537885	0.00262414069541603	0.00927625332711624	9.04275935099661e-05	9.04275936077971e-05
0.000991341499703532	0.014125296427746	0.0177498824950143	0.915746741051283	0.0289407157000045	0.00897185857476773	0.0104727226773294	8.85052392876617e-05	0.00291293633486388
0.000997216366388382	0.00380328939773219	0.0318887840984786	0.916433027688415	0.0300852825278459	9.3190028625389e-05	0.0115707592445721	0.00257065052537963	0.00255780012256263
8.91737481519866e-05	8.9173748128205e-05	0.0216949559889013	0.943305134585911	0.0207126035483474	0.00506198605287692	0.00665360409398026	0.00230419448555579	8.91737481470771e-05
9.16406010844163e-05	9.16406010259625e-05	0.0262826687412094	0.934738934823861	0.024288957468048	9.16406010789001e-05	0.0142312359615111	9.16406011046527e-05	9.16406010765111e-05
0.00145606188052932	0.00980946598716643	0.0297480404884159	0.913007521843644	0.0317884159628068	9.14426787987218e-05	0.0126453364663021	0.00136227201352212	9.14426788145972e-05
9.27900494514872e-05	9.27900494353623e-05	0.0257101309536642	0.924226066448796	0.0186260752311956	0.00495636579103698	0.00933830110379291	0.00913787802729236	0.0078196023453346
0.00497773716761325	0.0110267369756325	0.0200102175005251	0.909801524031533	0.0337291093319574	8.78030847360814e-05	0.0201912657383285	8.7803084890764e-05	8.78030847834849e-05
0.000394162821553117	0.00577404486383497	0.0222973971756251	0.930222692069725	0.0171511813506412	0.00448907949936227	0.014539889518421	0.00504441364882765	8.71390520099158e-05
0.0016961933353567	9.30917340868728e-05	0.0373970728174508	0.920704948903512	0.0189669982657798	9.30917341284257e-05	0.0127260876052409	0.00822942387038627	9.30917340578568e-05
8.74709507654464e-05	8.74709507581472e-05	0.0319694464788714	0.926768172217348	0.0132613035065001	0.00288306329657155	0.0105592883561363	0.00313426972390543	0.0112495145191434
0.00217677087592993	9.4166045127201e-05	0.0321841195056956	0.931446089817695	0.0177849023118425	0.00758955987547315	0.00853605947789032	9.41660451853563e-05	9.41660451608131e-05
9.07531215132467e-05	0.00604657273324241	0.0217729023297595	0.914736477034174	0.0207002093711539	9.0753121438987e-05	0.0180178672972215	9.07531214793645e-05	0.0184537118700169
0.00465700163500383	0.0229860485045495	0.0234230784538443	0.907812019847045	0.0270068215221783	8.9552317628437e-05	0.0138463730844933	8.95523176030568e-05	8.9552317653905e-05
0.00174705870728599	9.20288206627795e-05	0.0291826767186779	0.923770048637857	0.0338292117448885	9.20288206544535e-05	0.00786377072906898	0.00333114700023843	9.20288206663885e-05
0.00162249095904561	0.00322371210118423	0.027780736561117	0.92818333536322	0.0268084993549937	9.29291177134022e-05	0.0109340338393162	0.0012613335856783	9.29291177315615e-05
9.12851724763278e-05	0.00667577632495777	0.0234194312556254	0.934899300482623	0.0220656676024055	9.12851724137033e-05	0.0098848660334542	0.00278110278356621	9.12851724776125e-05
0.021948492601241	8.88972403166454e-05	0.114940651330508	0.807548867045767	0.0207182887178351	8.88972402525642e-05	0.0134111805180137	0.0180651714376201	0.00318955386844618
0.00212481242478455	0.00341395756387726	0.0261938549235911	0.908208663564521	0.0318776770342194	0.0004787059165747	0.0136254085771769	8.98048361081714e-05	0.0139871151591472
0.000967242839685849	0.0130938984865491	0.0170721135613422	0.904402397907809	0.0363291415975369	8.85472168274268e-05	0.0190956770354312	0.00827796240108854	0.000673018953729996
0.00302418617032659	0.00496999742958333	0.0349804347919951	0.921350633073191	0.0227325728269179	9.19501902098573e-05	0.0113065167545698	9.19501902793054e-05	0.00145175857292762
9.16448675406708e-05	9.16448674905298e-05	0.0314991211186754	0.923715416269351	0.0288858181177746	0.00831625214882222	0.00721681287531573	9.16448674798364e-05	9.16448675501992e-05
9.12900021552297e-05	9.12900020980241e-05	0.0481020839292443	0.899759758400456	0.0250545700392496	9.12900021503018e-05	0.0106165743912341	0.0161018532312527	9.12900021603463e-05
0.00191148378743594	9.26040227818654e-05	0.031428334914653	0.924771580599438	0.0198205246012263	9.2604022770276e-05	0.0126564928601485	0.00913377116876104	9.26040227852366e-05
9.13662688743171e-05	9.1366268860233e-05	0.0387255897233953	0.899611039979853	0.0284913935247795	0.0166802785177743	0.0107010202393646	0.00551657920821794	9.13662688804755e-05
8.92198137442168e-05	8.92198137315352e-05	0.0330414768184021	0.927575977680715	0.0243573773259343	8.92198137267967e-05	0.0105803890279274	0.00348146526908557	0.000695654436732958
9.39030454599603e-05	9.39030454501225e-05	0.0379886245682223	0.894440113323222	0.0451469435627334	9.3903045441406e-05	0.0117336456221505	0.00955879286145421	0.000850170925866163
0.00195202166597051	0.0024567879852225	0.0260715414984083	0.936647705393498	0.0231223364017329	0.000185651262864181	0.00938486746123536	8.95441655177004e-05	8.95441655507178e-05
8.94882652216854e-05	0.00909282476770106	0.0269460468577244	0.926020846637465	0.0192529009625853	0.00126432908189705	0.0157458003997581	0.0014982747624318	8.94882652159498e-05
0.000108129273027379	8.95650284698258e-05	0.0253355046746275	0.915730754250728	0.0300430250841729	8.95650284663812e-05	0.0138473941099767	0.00646725768462319	0.0082888048659081
9.30745780155534e-05	9.30745780052057e-05	0.0316051789218255	0.925912091482876	0.0155629772996264	0.00914349601505898	0.0118042299725283	0.00569280257404066	9.30745780231197e-05
0.000857731237833951	0.00222521170951527	0.0234149488291728	0.920578489143681	0.0196147158067673	0.0185510794674042	0.0113912113435667	9.06161122745095e-05	0.0032759963497843
9.19790274182577e-05	0.00173977693018183	0.0274914865809236	0.922567494008059	0.0359596246942163	0.00215111556141022	0.00971007909658952	0.000196465073789402	9.19790274121169e-05
8.98757182491741e-05	8.98757182531359e-05	0.0290494172689647	0.921416603320267	0.0310580801207354	0.00721480163044668	0.00622267558639452	0.00476879491842452	8.98757182652453e-05
9.18210979075394e-05	9.18210978942017e-05	0.0297700175983775	0.924423420961181	0.0314080854654678	9.18210978997169e-05	0.0111813714635678	0.00284982011979288	9.18210979116809e-05
9.00923127767693e-05	0.0051054936405581	0.0277548419377556	0.910554223738148	0.0468461599515599	0.0034451837616708	0.00602382003196641	9.00923127844971e-05	9.00923127803322e-05
0.00118483402119892	9.11021393125691e-05	0.036507961052119	0.92263089826447	0.021223402389044	0.0111154419674785	0.00706415588775043	9.11021393013399e-05	9.11021393253445e-05
9.03535543452107e-05	9.03535543416892e-05	0.0173512666329265	0.939247337464533	0.0240433809744869	9.03535543277846e-05	0.0136607066740267	0.00533589403666804	9.03535543446434e-05
9.4254120504387e-05	0.00360715267294974	0.0435034046146783	0.906938247370659	0.0213529249905806	9.42541206028933e-05	0.0109515830435415	0.00433723984178794	0.00912093922469587
9.25067760250478e-05	9.25067760000674e-05	0.0285163681452449	0.925346887375755	0.0177587866042397	9.25067760726947e-05	0.0112528052460562	0.00675198822988072	0.010095644070726
9.28378490121136e-05	9.28378489312865e-05	0.0259886371754949	0.927765254388731	0.0264790481971366	0.00671375903102909	0.00792491808708611	0.00484986957356841	9.28378490108086e-05
0.00355411935829047	0.0122673201193165	0.0243297336835813	0.927787962374086	0.0213892621843825	8.90482638548878e-05	0.0104044574886406	8.90482639687879e-05	8.90482638792736e-05
0.00100943048163288	8.88886637814704e-05	0.0298888469009789	0.922274908484738	0.0287453448086743	8.88886637700269e-05	0.008999753905095	0.00408006383122901	0.00482387426010043
8.83180879813861e-05	0.00369485233053924	0.0213112614856304	0.932381495018264	0.0168313982047578	0.00643527250689428	0.0164874534369479	0.00268163084099959	8.83180879856825e-05
0.000318266980849923	0.00507021909441895	0.0212993770592245	0.921687972946964	0.0385755504780863	0.00350939405757902	0.0074400376024398	0.00200845427358597	9.07275068512662e-05
0.000123417741408391	8.8189162224375e-05	0.0290679715147017	0.925907182092588	0.0238352091749255	8.81891621386254e-05	0.00861120889657414	0.00612286607206719	0.00615576618337196
0.00171518181153813	0.00184541670028761	0.0382093607689165	0.920984271992783	0.0212428028583027	9.44899653850586e-05	0.0101133039163284	0.00570068202105283	9.44899654062694e-05
9.07536656930357e-05	0.00129436927839939	0.0397143455498674	0.918782277659294	0.0200800733493965	9.0753665687265e-05	0.0125850870433115	0.00727158612265818	9.07536656930086e-05
8.9300810751068e-05	8.93008107366273e-05	0.0212319709179655	0.919668994836886	0.0324858886209369	0.0101234438788727	0.0106754946381848	0.00139396163020006	0.00424164385546591
8.97640349660277e-05	0.00495878571819152	0.0225338435626983	0.939062308885564	0.0203978048423069	8.97640349152168e-05	0.0126882008513168	8.97640350705931e-05	8.97640349702368e-05
9.36207054667109e-05	9.36207053640404e-05	0.0283110975987603	0.919955126549323	0.0226804917480564	0.00400630782287702	0.0130603760780913	0.0117057380865928	9.36207054685201e-05
0.00464462390740561	0.00268042358921349	0.0250956027345108	0.942166502776629	0.0128409556876058	0.0021519946889479	0.00796350712358464	8.86677796566326e-05	0.0023677217124458
0.00348281313563376	9.11793338590086e-05	0.0289983554042857	0.916138632755061	0.026205586226915	0.00996130156237825	0.00967845022633475	0.00478085872475961	0.000662822630772737
9.24185468357428e-05	0.00226329678192577	0.0271639701096445	0.92058834204677	0.0299133989342996	0.00786810869540828	0.00904728333530405	0.00297076300297439	9.24185468374691e-05
0.00159150914585587	0.00398547789172735	0.0239586012042045	0.923780664362319	0.0230262183782179	0.00337349285407744	0.0145192856978521	0.00283946266105959	0.00292528780468659
8.94882511482779e-05	8.94882511180015e-05	0.0267404889737599	0.924306941238618	0.0214993105233246	8.94882510455266e-05	0.0141812028708559	0.0129141033889787	8.94882511515291e-05
8.9580979054036e-05	0.0177055372578635	0.0207873636973043	0.933188695775219	0.0174345394481136	8.9580979024096e-05	0.0105255399054107	8.95809789706323e-05	8.95809790405746e-05
0.000145216441375785	0.0121390342528321	0.0483890347278216	0.905467279095936	0.01880419859965	0.00422068883289804	0.0106471226019033	9.37127237683427e-05	9.37127238145025e-05
8.80323460557333e-05	0.0216462838894034	0.00994427123271559	0.919201948517466	0.0247378558410933	8.8032346048178e-05	0.0199622565263574	8.8032346011171e-05	0.00424328695484881
0.000496769205573411	0.00200455538236095	0.0311774623690394	0.936445842268887	0.0162584386824131	8.94802036699256e-05	0.00690337721487912	0.00653459446948082	8.94802036965577e-05
0.00709726022921727	9.03226046368132e-05	0.0516883100147912	0.878627933322511	0.0286728506843728	9.0322604654873e-05	0.0131416035356196	0.0205010743995442	9.03226046516582e-05
8.96791866776878e-05	0.00768074011291399	0.0253715687350826	0.929853283653117	0.021888636112925	0.00186239175291377	0.00665026803395529	0.00438422542449963	0.00221920698791501
9.40935803592516e-05	9.40935803434801e-05	0.0299822491298602	0.92288365058083	0.0358941140662761	9.40935803549962e-05	0.00778334546480615	0.00308026643680725	9.40935803625393e-05
9.05241798037974e-05	9.05241797513636e-05	0.022773066249276	0.933162030861637	0.0320750771393288	9.05241796968464e-05	0.0115372048509524	9.0524179749569e-05	9.05241798045566e-05
9.32632869811063e-05	0.00246117602656075	0.0384647962624524	0.918539280835721	0.0243537663247279	0.0025080778486681	0.0119195353723032	9.32632870197615e-05	0.00156684075556567
0.00243128970118355	8.80106379684081e-05	0.0217308275231849	0.921445202438114	0.0319755068214782	0.00280158114039607	0.0088308474096748	0.009635641644017	0.0010610926839836
8.94535289207903e-05	0.000294179955787881	0.0176286657763675	0.93600682740311	0.0186077923385001	0.00770014899508312	0.0117698633353631	0.00752835793687009	0.000374710729996889
0.00249275883311109	9.13356798485508e-05	0.0260796280828152	0.929052482003423	0.0301376258354889	9.13356798672501e-05	0.0101280940397937	0.00183540416577178	9.13356798808855e-05
0.00198259410167652	9.10566942731953e-05	0.046110249144962	0.917582175083468	0.0137810712716981	9.10566943694589e-05	0.00819778385150532	0.0114715325783577	0.000692480579689736
8.8278957199536e-05	8.82789571627615e-05	0.0264215576416802	0.919074998983268	0.034399534377756	0.0109183043809287	0.00883248878759454	8.82789572112416e-05	8.82789571989136e-05
0.00505411731156944	8.83335959015796e-05	0.0274643510545484	0.909519759865931	0.0345215934364707	0.00157646884545358	0.0138356330630013	0.00785140923119862	8.8333595925711e-05
9.32050485122669e-05	9.32050485003566e-05	0.0266487894178077	0.931719882748515	0.026163179197902	0.00315969388789408	0.00930839877522977	0.00263748000153414	0.000176165874104401
9.14498786405296e-05	0.000451341769870609	0.0225724752328611	0.921181154446396	0.0379954015661332	0.00715172843122763	0.0103735489175975	9.14498786345139e-05	9.14498786394192e-05
0.00739919904100989	9.1983729382603e-05	0.0659869875554716	0.872477423572728	0.0185105796148691	9.19837294132622e-05	0.0149996685512038	0.0157154199064289	0.00472675429949316
0.00256950386216057	0.00369231957498229	0.0260951880697863	0.93480070061594	0.0231343453735909	8.86313360437925e-05	0.00944204849535338	8.86313360475452e-05	8.86313360951852e-05
9.09579768732562e-05	0.00295438466980669	0.027888658964967	0.92495204343362	0.0289796874238546	9.09579768403071e-05	0.0148613936003893	9.09579767715904e-05	9.09579768774052e-05
9.29296997188628e-05	9.2929699697722e-05	0.0253543471369554	0.9225450024681	0.035840145181006	9.29296997106709e-05	0.0102077515667292	0.00568103484836354	9.2929699719097e-05
8.82981356712306e-05	8.82981356995079e-05	0.0244829308835671	0.9196141446384	0.0387756807854387	0.00837614692894543	0.00839790422087964	8.8298135733166e-05	8.82981356652062e-05
8.74421328131586e-05	0.00425633093764315	0.0253528122630072	0.921138462005074	0.0307997819168396	0.00530748980494678	0.0101886666901271	8.74421328049679e-05	0.00278157211674388
8.80733603414887e-05	0.0105359345922213	0.0249042984409645	0.918913815785757	0.0280440781976843	0.00279173041205104	0.00896006500575847	0.00389318675122318	0.0018688174539988
9.06093901232736e-05	0.00865767189759787	0.0307803123764217	0.884542362200663	0.0420500180419349	0.0128200132342773	0.0114631258706706	9.06093901398734e-05	0.00950527759817124
0.00698452781850548	9.10129595686187e-05	0.0337580700837581	0.907246651723479	0.0284712048484202	0.0116955891805698	0.0115709174665087	9.10129595882899e-05	9.10129596021512e-05
9.06051028698845e-05	0.0033555129253793	0.0165132623899365	0.934225567475863	0.0275170426974222	0.00260640066649373	0.00944647524212801	0.00615452839703317	9.06051028739413e-05
9.34936333239268e-05	9.34936333072033e-05	0.0287837836005738	0.929023403708611	0.01724497065784	0.0118719534127201	0.0127019140869149	9.34936333857486e-05	9.34936333232026e-05
0.00870149602371177	0.00841683657886014	0.0195542965732434	0.914446941957986	0.0247229762767822	8.8770855568216e-05	0.0123790746177573	0.00229467617163836	0.00939493094445303
9.09817500942891e-05	0.00282905919315982	0.0345667164837845	0.90509509097575	0.0391401834255936	0.00463276628995743	0.00995485994473747	0.00359936018682858	9.09817500943836e-05
0.00235515516231968	9.21400867550755e-05	0.0495883120675008	0.878928441136549	0.0232875656727189	9.21400867898778e-05	0.0189087715137409	0.021435398302959	0.00531207597066674
0.00133947200586901	0.00629896515561581	0.0270615886498079	0.909464764032889	0.0299707820318895	0.00498826101114503	0.0144968487592804	0.00357748578551375	0.00280183256798968
9.07811506245988e-05	9.07811507438876e-05	0.0266606521307775	0.904995886331253	0.0476951838615239	9.07811506720177e-05	0.00701998155214023	0.0130648489934197	0.000291103678845272
0.00364377008783072	0.0104276178584366	0.0219438475118106	0.915508483797471	0.0365347801147373	8.80752545649151e-05	0.0116772748660016	8.80752545698865e-05	8.80752545769562e-05
0.000465919989691867	9.43484767977881e-05	0.0366113005613135	0.918713027078908	0.0128952632324328	9.43484768370937e-05	0.0154455298466386	0.0144645325943951	0.00121572974298587
8.84104898233292e-05	0.0109392441549704	0.0199728537421184	0.914871147755531	0.0237223739453578	0.00297758898504623	0.0160956713057948	0.000270640281081722	0.0110620693402761
0.00212820625743767	0.00610948813739407	0.0185328812118689	0.928476680529798	0.0267680978685049	8.83705469785946e-05	0.0158555469174959	0.00195235798349316	8.83705470289373e-05
0.000130693623189827	0.00013069362313434	0.0303240117546008	0.899525908541657	0.0499492447524733	0.000130693623198443	0.0104841154200804	0.00570354954906625	0.00362108911260001
0.00248785986655119	8.92523806608922e-05	0.0301365365111108	0.913414526800509	0.0263098899787621	8.92523805215586e-05	0.0116485467351505	0.00854481930484473	0.00727931604188894
8.90899908755789e-05	0.00688969085772314	0.0320172886420562	0.933703826143988	0.0161806971079287	8.90899908147851e-05	0.0108521372849204	8.90899908200841e-05	8.90899908731198e-05
0.00121378947628042	9.24615089731242e-05	0.0355771184349275	0.92068199970475	0.0292308727314165	9.24615088674233e-05	0.00747436263875651	0.00554447248708399	9.24615089445474e-05
9.43508165409195e-05	9.4350816536821e-05	0.0369455274859283	0.925856625487824	0.0158673174838608	0.00960743887939955	0.010497015416729	9.43508165004546e-05	0.000943022796680541
9.32508888643737e-05	9.3250888842447e-05	0.0352087855073351	0.920347145096982	0.030578469099007	9.32508888486218e-05	0.00939442397164844	0.00409817276960511	9.3250888866659e-05
0.00525143950819552	0.004001931513532	0.0201044979101259	0.921926706327178	0.017705530154836	8.94013933241324e-05	0.0148385473981952	0.0159925444012817	8.94013933312707e-05
9.10493349970767e-05	0.00437524960364398	0.036777637395155	0.915046885319775	0.0326539488090694	0.00478117237373834	0.00609195849375045	9.10493348717737e-05	9.10493349994397e-05
0.00207865808225226	0.00855209783895783	0.0263308803756568	0.908201976100571	0.0286304875525058	8.98531246428109e-05	0.0116713115512798	8.98531247094671e-05	0.0143548822494242
8.91946195121946e-05	0.00244576480758706	0.0217572991303843	0.92273339860137	0.0256368546246949	0.0163284332700554	0.00729902225650351	8.91946195341307e-05	0.00362083807035816
9.25433499317609e-05	9.25433498828052e-05	0.0281517360848912	0.921142502122736	0.032086005172716	9.254334986044e-05	0.00807219345689424	0.000854900228320539	0.00941503288476669
9.07286527557082e-05	9.0728652694733e-05	0.0198343624781624	0.946962194718961	0.0163747381703952	9.07286527092473e-05	0.0152215760650776	0.00124421395649365	9.07286527508107e-05
8.94411904311655e-05	0.00743790092026669	0.0236269272165365	0.926266746226239	0.0271183046233712	0.00111397534769736	0.00779442947054434	0.00361422381015449	0.0029380511947599
0.00279583592311315	9.20440016978544e-05	0.0402714960946313	0.916211629144178	0.0162330032394599	9.20440019189051e-05	0.0125450377576786	0.0116668658353604	9.20440019619981e-05
8.83198150638159e-05	0.00313300937382169	0.0239128640634712	0.923461215212676	0.0186017669836233	0.00261889170566934	0.0131658247572367	0.00338919204747943	0.0116289160409581
0.00692254673822906	0.0203975790579414	0.0252015409661791	0.913079219351997	0.0233065362279064	8.88150247874465e-05	0.00636416255816188	0.000444247377824161	0.00419535269697413
0.00246965339291075	9.19539141219202e-05	0.0254107261789852	0.909586829866495	0.0358354255153417	0.00248366828225173	0.0119980623506272	0.00494960725602577	0.00717407324324074
9.09608289242707e-05	0.00301052069729339	0.0267653268183804	0.938772593141734	0.0192702554023191	9.0960828908532e-05	0.00826017594920248	0.00364824550430919	9.0960828928408e-05
0.00164312519187457	0.0065493092319313	0.0196570951377265	0.932497544495906	0.0226899303991958	8.93287342421089e-05	0.00940747415501817	0.00737686391984471	8.932873426069e-05
0.00449638163832712	0.00918756719739897	0.0225030674995907	0.924672892535641	0.0230119715126859	0.00136786065105185	0.012667017156508	0.00200399533009243	8.92464787046057e-05
9.45489173322942e-05	0.00181124964506836	0.0265005352411895	0.930756750938587	0.015967942093349	0.00779943625175136	0.0124690782969044	9.45489172799511e-05	0.00450590969853791
9.38420183737167e-05	9.38420183218816e-05	0.0376808492919822	0.92471297062912	0.0219391490841269	0.00343931916784252	0.00719779626658825	0.00474838950527286	9.38420183715023e-05
9.19638743947275e-05	9.19638743488222e-05	0.0246961255313951	0.922201681277307	0.0305323108557535	0.00297311259449078	0.00926660217901	0.00930420125578403	0.000842038557515801
0.000169252201378005	0.00804831958865607	0.0167820294564746	0.940341886541989	0.0199833323547667	9.0284186816555e-05	0.014404327296291	9.02841867527971e-05	9.02841868754954e-05
0.00071093666335198	9.43435825598667e-05	0.0315874269639977	0.916339074678523	0.0240633812418823	0.00698397479867241	0.0155996613782705	0.000217176167944974	0.0044040245247974
9.0809997213218e-05	9.08099972039909e-05	0.0443243377739911	0.919510167320663	0.0151215452241342	9.08099971337239e-05	0.00975708591934043	0.0109236237731038	9.08099972164676e-05
0.000959519159101675	0.00470986501187777	0.0259966999526698	0.922887713098351	0.0253504927024963	0.00874927779910013	0.0111639465211977	9.12428775947867e-05	9.12428776109029e-05
9.11836190375833e-05	0.00347156303746849	0.020084772271882	0.935928451793877	0.0262386252345967	0.00371937546710215	0.00929806230069108	0.00107678265631372	9.1183619031443e-05
9.1133864133276e-05	0.00645775439825417	0.0210661274032296	0.929574010069629	0.0276054784885682	9.11338640760255e-05	0.00988890708867544	0.00513432095929701	9.11338641377039e-05
0.00243217798097932	0.00025016457866367	0.0289030432987925	0.909773043869177	0.0418797196088343	9.21635817488578e-05	0.0134467326698011	0.00262103507237735	0.000601919339625527
8.98320880566209e-05	0.0112310997490118	0.0283524143009574	0.929935899503128	0.0181434715094385	8.9832088042151e-05	0.0100540633713396	0.00201355530196691	8.9832088058839e-05
8.95120052244649e-05	8.95120052122639e-05	0.0241096480830593	0.942107784107996	0.0197643893460217	8.95120052163148e-05	0.0100300538625521	0.00363007657949785	8.95120052197664e-05
8.99742017505665e-05	0.0102978890044557	0.026071747718649	0.923579846627533	0.0242629537197145	8.9974201621775e-05	0.0135522457387527	0.00196539458577823	8.99742017442195e-05
0.00156652714989207	0.0127539817329009	0.0242705941011276	0.930322092353857	0.0184923355618904	0.00241867145575971	0.00999594297789493	8.9927333361056e-05	8.99273333160532e-05
8.81152018566599e-05	0.00742921673773536	0.01824644637686	0.926333232430348	0.0255471441353797	0.00418554536305514	0.0102823988264815	0.00465109369107254	0.00323680723721113
9.01887851787714e-05	0.00699031714097	0.0260528802127041	0.921260958306432	0.0317544673902246	9.0188785176506e-05	0.0135806218089837	9.01887851435293e-05	9.01887851867945e-05
0.00443753054383032	0.0103772385000157	0.0217072158370413	0.912079576458298	0.0259680140936224	0.00012994640354324	0.0121779858944684	0.0125403811710286	0.00058211109815168
9.17053521716234e-05	9.17053521200895e-05	0.0222707154646753	0.938217958715109	0.0230581775232173	9.17053521970738e-05	0.0123224000979627	0.00376392679037708	9.17053521704148e-05
0.00102687737656806	0.000604881163102394	0.0272846279968314	0.92737934647201	0.0209804462503865	9.24983861881108e-05	0.00891660347763318	0.0136222204910988	9.24983861812384e-05
0.00116327315557989	0.00203492646452301	0.0374714706197861	0.910733868876412	0.0301092342611662	0.000804732588232778	0.0129530119383672	0.00422271684846146	0.000506765247471087
8.97164901494575e-05	0.00639419347894294	0.0235118260483467	0.936999394917921	0.0242907345891578	8.97164901231461e-05	0.00844498500504728	8.9716490163399e-05	8.97164901480865e-05
9.37022691572087e-05	9.37022691181879e-05	0.0305842905130709	0.917105781278959	0.0348411275219031	0.00338638469215229	0.0113838280105125	0.00241748117596472	9.37022691621636e-05
9.09334947346343e-05	9.09334947232645e-05	0.0159696849877508	0.926653666878954	0.035071882233387	0.0108684650229602	0.0110286996306846	9.09334947308049e-05	0.00013480076207455
8.83395051206199e-05	0.000903158675265198	0.0277949210494169	0.920555800831528	0.0345611815646363	0.00638601435276075	0.00871730484435719	0.000904939671790514	8.83395051246077e-05
8.92313546529263e-05	0.0120678864744058	0.024323381938259	0.91263836364513	0.03779809507226	8.92313546355568e-05	0.0082943375775771	0.00461024122842472	8.92313546550984e-05
0.00572123742142421	9.19432182540739e-05	0.0266726557143159	0.918353503144012	0.0284693512586607	9.19432183994868e-05	0.0156461291432932	0.0048612936633552	9.19432182848445e-05
0.0124371964689455	0.0168077069430726	0.0222128749228105	0.913811023319403	0.0141588640595497	8.90956131247974e-05	0.012655651504592	0.00773849155536636	8.90956131354267e-05
9.4030021339853e-05	9.40300213319361e-05	0.0357594962474744	0.922563494841442	0.0191441824833721	0.00601700068037546	0.0100424109571466	0.0061913247261837	9.40300213338872e-05
9.01139720941513e-05	0.00481875287273455	0.0224173614195291	0.931662477003464	0.022236275959309	0.00856813130043133	0.00899003683152914	0.00112673666882165	9.01139720870193e-05
0.00103689126346166	9.15115213588803e-05	0.0306695231066646	0.917131840472932	0.0325040754859712	0.00698744539606306	0.00758550259139585	0.00390169864059299	9.15115215601188e-05
8.88639151764091e-05	0.000691761505864161	0.0206542930328165	0.905215183883754	0.0309762889999699	0.00272949596559451	0.0112366440521335	0.00565624740096774	0.0227512212437227
0.00940084328408376	0.0028279860696071	0.0171622852033608	0.92084776339346	0.0244067910780019	8.92693980877873e-05	0.0104873052615595	0.0121974233705848	0.0025803329412539
8.99697258045145e-05	8.9969725790189e-05	0.0303296681019248	0.929170757337348	0.0204689907478241	0.00191154904346687	0.0111047667919184	0.0067443588001171	8.99697258061814e-05
0.00171526756906081	9.17647506276495e-05	0.0243679216425326	0.926808824387275	0.031225636370214	0.00791016236840017	0.00769689341071658	9.17647505824354e-05	9.17647505907056e-05
0.00349506134269677	9.02568867275338e-05	0.0779941103109397	0.867500167072359	0.0186599825313645	9.02568867217689e-05	0.00821968516748462	0.0238602229149664	9.02568867394604e-05
0.000891498365912119	0.00523466611501141	0.0267940932093074	0.920985884678185	0.0241158648158454	9.24900848612689e-05	0.0130601997969657	0.00873281284903178	9.24900848805449e-05
0.00128298046836698	0.00312661919910375	0.029154223510539	0.936293320297383	0.0196465823129954	0.00194290082586583	0.00418068740140162	0.00428250799007209	9.01779942727714e-05
