Bcells	CentralVeinEndothelialcells	Cholangiocytes	Hepatocytes	Kupffercells	LSECs	Mesothelialcells	PortalVeinEndothelialcells	Tcells
0.0224151711082724	0.0188592331050974	8.74487496728174e-05	0.776792104880072	0.0787705711214335	0.0219554568520886	0.0256185385312648	0.0275397593679421	0.0279617162841566
0.0407823427599586	0.0173553538138052	8.92699955240267e-05	0.796595507651644	0.0829077610838481	0.0336034255721204	0.0157908067756361	0.0103076912827134	0.00256784106475062
0.00228674747417932	0.00827883939506838	9.49001658120553e-05	0.880983584845051	0.0474214798176922	0.0258110129302209	0.0149192124887341	9.49001658293453e-05	0.0201093227174132
0.00708259691296041	0.037747987142373	9.09596357405226e-05	0.783383981458176	0.0875560729504117	0.00923833697212504	0.0185026053265207	0.00518553904759006	0.051211920554102
0.0172696282165636	9.40710106948316e-05	0.00210204094385731	0.749388887135434	0.122709930095512	0.0127401669237478	0.0339520421605859	0.0262746521747305	0.0354685813388738
0.0214120415045287	0.000407988174514975	9.06551544287591e-05	0.807993007475413	0.0612331222072279	0.0534517971385835	0.0373429782252229	0.00334758358287174	0.0147208265372089
0.0469074088601778	0.0118272948071542	8.83991091126364e-05	0.786902123805781	0.0668678776995911	0.0531918256902545	0.0284042318565194	8.83991091136198e-05	0.0057224390622961
0.0547492327826129	0.00964194726396076	9.21555285845505e-05	0.780830488713413	0.0919732009026269	0.0422796324984141	0.00585364210328725	9.2155528587765e-05	0.0144875446785124
0.000126771941502913	0.000126771941502914	0.000126771941502673	0.773275864705984	0.0888573171915177	0.0678396948525596	0.0364415019422555	0.000126771941502912	0.0330785335416718
0.0230803739842669	0.0336349984804967	9.03279046399851e-05	0.857108773399423	0.0760984337057649	9.03279046401191e-05	9.03279046401176e-05	0.00971610881148813	9.03279046401188e-05
0.0263968636446008	0.00547274406189948	8.89512394551923e-05	0.764287038422554	0.0993952490600435	0.0320436802847466	0.0369282776418919	0.00758820911757568	0.0277989865272333
0.017350101842344	0.0239239068928982	8.88405826884086e-05	0.825673965218508	0.0405635617003475	0.0349598812129811	0.0305206381484525	0.00265476875447394	0.0242643356473064
0.0143860140474607	0.0543567787115172	8.31140254729189e-05	0.76194038655363	0.0672683687289442	0.0261163788196918	0.0470336616224349	0.0287321834653793	8.31140254690015e-05
0.0133175747434982	9.28401142409389e-05	9.28401142354872e-05	0.785490427515542	0.0934745978359791	0.0309798186246614	0.0121389935226525	0.0148958203038094	0.0495170872253809
0.0131324575805522	0.000131817611044434	0.0373679420634201	0.793755144845414	0.0383672235568174	0.018698740411159	0.0106711733913138	0.0478137467784081	0.0400617537618709
0.0134494145642626	9.29646176964009e-05	9.29646176953774e-05	0.76076048614765	0.0708470671308339	0.035878155471663	0.0530506054303687	9.29646176964074e-05	0.0657353774021337
0.0288414426948792	9.13467670366365e-05	0.00890848442189965	0.826851778401342	0.0652041683643672	0.0331164425763848	0.0185250425349599	0.00472820970940374	0.0137330845297269
0.0211387883078134	0.000128129652734367	0.00012812965273148	0.791981333860101	0.0925203060131876	0.0114042759261115	0.0118759065624854	0.0158825303053707	0.0549405997194646
9.04604387603234e-05	0.000895488911887566	0.000462337699451345	0.765408972200956	0.0894329524417067	0.0351638926579397	0.0133861693118085	0.0507206974637111	0.0444390288737783
0.0294967843584924	9.01738797367021e-05	0.0155195350693595	0.803955287929269	0.0911539304543597	0.00734232920697735	0.040458674205659	9.01738797367025e-05	0.0118931110164098
8.51565036359255e-05	0.000168465584113225	0.0273974370703344	0.682972183551251	0.0699376414906566	8.51565036359256e-05	0.0483194751197417	0.108070003870254	0.0629644803063774
0.0533961474743935	8.94990238546429e-05	8.94990238524262e-05	0.771970546486788	0.106608585776501	0.0586602987167671	8.94990238546417e-05	0.00307690049757994	0.00601902397640874
0.0479289972957603	0.0120169115628621	9.08693063290895e-05	0.808662378663779	0.0574845157259671	0.0123946936991352	9.086930633011e-05	0.0122406234918353	0.0490901409480022
9.76477676848642e-05	9.76477676848727e-05	9.76477676846295e-05	0.831275801927734	0.0529437070402029	0.0185919948838271	0.0315354661958548	0.0146177371216768	0.0507423495276503
0.0272357715781788	0.0137907033469286	0.000125432988352083	0.755404713481791	0.138208813416029	0.0327644194167946	0.0204023463934107	0.00907996913336811	0.00298783024514685
0.0319676852348406	0.0328369605012548	8.73042051509752e-05	0.762860574344308	0.0947983414160412	0.0223996277673391	0.00648180332250744	0.00541124303796327	0.0431564601705947
0.00757184057720832	0.040103284284494	8.94581779854273e-05	0.803648286963766	0.0745900601800731	0.0291131436762035	0.0364720831700379	8.94581779873893e-05	0.00832238479224431
0.0226268795278026	0.00477889929510756	9.04506374923886e-05	0.736050638040682	0.130863713608456	0.0303279746597887	0.0151347776665113	0.025256942741778	0.0348697238223807
0.0266479577844963	0.00561749318563918	8.6525901597913e-05	0.862684125791681	0.0453282569221929	0.0216044153278631	8.65259015988502e-05	0.0121414474306495	0.0258032517542812
0.00191798488824539	0.0240265624639207	9.38371193483493e-05	0.779908301519923	0.0552750495820652	0.0136705807925401	0.0311422252617724	0.0399599256348107	0.0540055327373747
0.0283693118897142	8.75446053724047e-05	0.0722099360338548	0.717364557733067	0.065489526337677	0.0361288680084622	0.0510237551394787	0.0275239208551202	0.0018025793972541
9.33396606289134e-05	9.33396606289135e-05	0.00283751753250567	0.76352084784148	0.080326414932868	0.0355647983605242	0.0153542501411198	0.0442913002667409	0.0579181916035037
0.0162581354670364	0.0837414000528361	8.48873209792445e-05	0.724445735661842	0.0628110050687152	0.0242443531405403	0.0534276957922953	0.0324738421191337	0.00251294537662159
9.51106236296251e-05	0.00305330937141352	0.016036895629698	0.829511557026596	0.0806120595772675	9.51106236308697e-05	0.00968074322105775	0.0360195095916615	0.0248957043350451
0.0110416053253851	0.0257326032127307	8.99683768845599e-05	0.841410929622637	0.0391369240716197	0.0140542177436539	0.0261076238026938	0.0124180081971033	0.0300081196472916
0.0310061199611552	0.0298500532390181	0.0147867513931647	0.78372555142375	0.10686761767583	0.00970474772446471	9.3310990763905e-05	0.0145393220914514	0.00942652550040224
0.0223846539422155	0.04280678684048	9.05973448498205e-05	0.792911708994624	0.0685036777931016	0.024756483826495	0.0442626321814772	9.05973448529562e-05	0.004192861731904
0.0248515445317816	9.49458372231288e-05	9.49458372220765e-05	0.79225714787171	0.0821074996933892	0.0453751630640181	0.0230005218887795	9.49458372231285e-05	0.032123285438653
9.21171200130103e-05	0.0137233739492053	9.21171200120074e-05	0.796545164055798	0.0913228680951374	0.0267406623580356	9.21171200130101e-05	0.0253382604865115	0.0460533196952746
0.0186782410988432	9.0058897598772e-05	9.00588975985722e-05	0.782725591250067	0.0664655722842596	0.0460659323192039	0.0417507111183643	0.0113524202597118	0.0327814138743531
0.0358288899833806	0.0217145736533926	8.76664413753919e-05	0.789543250517082	0.0816173107776854	0.0194944300805448	0.0319258124644418	8.76664413745925e-05	0.0197003996407229
0.0540628584057587	0.0144033547705741	9.33217046323702e-05	0.780877738753677	0.104377830265921	0.0114621795073299	9.33217046333741e-05	9.33217046339387e-05	0.0345360731828406
0.0124481131025423	0.0183580186761082	8.94645464201249e-05	0.770181231676959	0.0798483282698575	0.0364431566727451	0.0222106394970486	0.0206306293337191	0.0397904182246004
0.0441463604326641	9.02801463427334e-05	9.02801463488216e-05	0.778631046352897	0.0736274537445873	0.0385304284878692	0.00724466596135026	0.0231354380100549	0.0345040467178856
0.00128310375584193	9.05635064567706e-05	0.00106602755015289	0.796023373986003	0.0391391529150684	0.0240990355534526	0.0282198514313465	0.0534740656742894	0.056604825627388
0.000138769131981718	0.000138769131986825	0.000263914403183209	0.818528468645985	0.0759448160823178	0.0143243325057821	0.00315298984112184	0.0225186895413459	0.0649892507162959
0.0358963299176977	0.0192667495227351	9.10759532235618e-05	0.813775302879532	0.0460736307142041	0.0402777311643579	0.044437027941792	9.10759532289792e-05	9.10759532289771e-05
9.05651434869969e-05	0.0242129220681863	9.05651434924933e-05	0.784210689129074	0.0956014835649952	0.000876510684410796	0.0202584307778089	0.0241930364020312	0.050465797086514
0.00725686252046082	9.20519666597561e-05	9.20519666596078e-05	0.746012026394664	0.126141161115225	0.0466110327091715	0.0144771611724314	0.0354170232593836	0.0239006288953435
0.000162440657334934	0.0104772600530654	0.00192788177978399	0.790416472199366	0.090212641911309	0.0206171921938613	0.0258359208524357	0.0321611361396327	0.0281890542132106
0.011683462472085	0.049349342975517	8.88308302883689e-05	0.757465070992295	0.0971151471951834	0.00283233536570905	0.0226638171960239	0.00187733253303165	0.0569246604398663
0.0616598276027311	8.53083405546641e-05	0.0676951747350074	0.638304888657158	0.0350768046308092	0.00838074124262967	0.0715508486008736	0.117147081225122	9.93249651150635e-05
0.0173396031150001	9.23119073196966e-05	0.0072230588342855	0.802143057145974	0.0488601204873657	0.032466140238706	0.0445919184633846	0.0180893406251021	0.0291944491828628
0.0160822539857384	0.0202846396181952	0.000133992397159849	0.820701711483182	0.0458818388037215	0.0205638826052237	0.0390683379853966	0.000133992397173794	0.037149350724209
0.00157023085461705	0.0115479308290472	9.00057259124265e-05	0.781851428826673	0.113866649866868	0.0227470363493482	0.0112315976733391	9.00057259129967e-05	0.0570051141482814
0.0360468690968332	9.09481996246163e-05	9.09481996239297e-05	0.761575113059856	0.0744846070547336	0.0168673414427259	0.0445139486242388	0.00754554897306741	0.0587846753492963
0.00900193082375323	0.0969917317262916	8.43715246199049e-05	0.751475727577164	0.0571673228391984	8.4371524614827e-05	0.0685145751538238	0.0165955973059189	8.43715246148267e-05
9.33296123699578e-05	0.0241455310338733	9.3329612366735e-05	0.791366008662946	0.0827467328660815	0.0176753382344438	0.0201757871231641	9.33296123699571e-05	0.0636106132423844
0.039179367473059	0.0180737592460538	0.000129028230153312	0.76916430593459	0.061694406583611	0.0277184475624053	0.033044015175469	0.00330413909608139	0.0476925306985776
9.46352611246115e-05	9.46352611246098e-05	0.00291955593198208	0.803307489413168	0.0632692418842462	9.46352611246117e-05	0.0293876155959258	0.0489635378034274	0.0518686535878763
0.0317505572436612	0.00081798977835027	0.00347448470890126	0.807196460264199	0.0803822284499838	0.0331618738495347	9.24377075911724e-05	0.00828568380630821	0.0348382841914704
0.0283184393156214	9.09154138729948e-05	9.09154138728594e-05	0.775268710038397	0.108570222341114	0.02745526260792	0.0193667780843499	0.0111973772850193	0.0296413794998323
6.02932813715339e-05	0.0422321391046493	6.02932813708662e-05	0.81413518426867	0.0821238771514746	0.00112722938781727	0.0447174705347684	6.0293281371534e-05	0.0154832197085064
0.0249468402655539	0.037929594583004	8.82806816253271e-05	0.755909078181209	0.0918630420823921	0.0225726395271083	0.0364517945590705	8.82806816284112e-05	0.0301504494384081
0.00950840922388367	9.4332276735381e-05	9.43322767333073e-05	0.766986277419388	0.0943617411035784	0.0382254471649897	0.0338915269667244	0.0132239126611832	0.0436140209067838
8.60891664871919e-05	0.0485224037296426	8.60891664853665e-05	0.768206862472739	0.0341385903108068	0.0330813456855484	0.0822110282589901	8.60891664871922e-05	0.0335815020428138
0.0175503996984667	0.0436985481512947	9.40210156196409e-05	0.807135254147882	0.0320187952684265	0.0160977502754342	0.0484895284210357	9.40210156132317e-05	0.034821682006227
0.00507164096693307	9.40452789304946e-05	9.4045278929459e-05	0.839626474607899	0.0535536557635166	0.0305981443901941	0.00746760312177524	9.4045278930497e-05	0.0634003453128912
0.0084830539761079	9.17422477989267e-05	9.17422478002775e-05	0.786996264865846	0.0946042146387975	0.0284906039760296	0.0262931372117877	0.0136236139492543	0.0413256268865776
0.0048428405851658	0.0693162575119269	0.00190021862461407	0.795990829991253	0.0641894374949685	0.0125833170928	0.0213408393829675	8.80593997966792e-05	0.029748199916508
0.00946257432818984	0.0159899583503085	9.34046782176466e-05	0.792178412610214	0.0619852832651612	0.0446862997658094	0.0185752122361701	9.34046782124551e-05	0.0569354500877174
0.0113247617262465	0.0728074567203708	8.52818713701036e-05	0.746415580564927	0.125413123708065	0.0101220491365088	0.0136777014448442	0.0200687629563017	8.5281871366159e-05
8.80852837679797e-05	0.0385435970855476	8.80852837588004e-05	0.7969645891712	0.0915940983503838	0.0153953163644617	0.0215005813658585	0.0123194912020069	0.0235061558930152
0.00575173981408557	0.0312214069089414	0.015817945813075	0.834890300828745	0.056958826268147	9.33483987128749e-05	9.33483987128751e-05	0.025352510043232	0.0298205735263483
0.0516732247843144	0.0280150523044964	0.114329149307479	0.602054900373443	0.0556823058440098	0.000118781422633624	0.0746131653895304	0.0616117247079076	0.0119016958661851
0.0359948968877113	0.0099216314794807	0.00595790182776503	0.7926075496113	0.0680289879084453	0.0233462107223788	0.00798598136468728	0.000131864718056986	0.0560249754801746
0.0142147925959472	0.031444143883093	8.69163807298554e-05	0.764367156137966	0.0837382835363488	0.0508752404251385	0.0181283476898303	8.69163807246353e-05	0.0370582029702219
0.0305677851589551	0.0213164964053877	9.31737724793159e-05	0.788421288092553	0.106644628550205	0.00496679069440576	0.0137067568844132	0.0285690291966867	0.00571405124491394
0.00987409967265389	0.0060884435396601	0.000385412576730926	0.822854228919007	0.06373760784374	0.0406030596078497	9.2344405318972e-05	9.23444053189731e-05	0.0562724590297201
9.31956020282263e-05	0.00457270783399234	9.31956020238853e-05	0.853996331200173	0.0800698077267823	0.0247539198363161	0.0362307537804262	9.31956020282264e-05	9.68928162299539e-05
0.0211687293678896	0.0305169973287267	0.000133856303803325	0.76372590091139	0.108552210486707	0.00972015370189909	0.0404767778550627	0.0105532553408679	0.0151521187036529
0.00236884321390945	9.50675555175135e-05	9.5067555517284e-05	0.819022791569978	0.0627797677998531	0.0192660843002369	9.50675555175112e-05	0.048898481499214	0.0473788289502558
0.0464110844444233	0.0381062973936812	0.000125639820889241	0.70132405066575	0.0958944936755648	0.0195099211932295	0.0826947205903765	0.000125639820889465	0.0158081523951962
0.0232193876730767	0.0120257138091234	8.86748761053901e-05	0.817664825435703	0.0497699148265316	0.0398714668541824	0.0204792419428968	0.025816632929079	0.0110641416533018
0.00915772518608836	9.5556605579502e-05	0.00345351136939232	0.813944384777449	0.0633341511955172	0.000521370127402517	0.00675585973973878	0.0556460609062113	0.0470913800926213
0.0111143623882811	8.87156437739752e-05	8.87156437709218e-05	0.846364824503236	0.0464964362295467	0.0198863073858515	0.0152735097279254	0.0167746930874688	0.0439124353901459
0.0295933211716877	9.72050181601087e-05	9.72050181609681e-05	0.81703593391477	0.0757379237847964	0.0319603151676179	0.0125847628822529	9.72050181601081e-05	0.0327961280243942
0.00375555985985258	0.017962381129088	8.89068654519499e-05	0.769526327542703	0.0655520700759904	0.0178952908499415	0.0432441167075436	8.89068654506287e-05	0.0818864401039786
0.0263642270457658	0.0636337621905079	0.000127145827698117	0.741846389671791	0.0963389549629588	0.0338734031758642	0.0375618254700179	0.000127145827698369	0.000127145827698369
0.0190719235118318	9.06178029522269e-05	0.0096405871556559	0.785504183816642	0.105366367927747	0.0159737155765064	0.0137383803503025	0.00976809498366559	0.0408461288746962
0.0277722341375015	0.0193196789598483	0.00832562085545648	0.79843553828933	0.0898949672519829	0.013830360038304	0.0159698988523486	0.000769583423156275	0.0256821181920717
0.011389532156153	0.00590056891930124	9.27571516355153e-05	0.831874170215866	0.0776183309082655	0.0147909059076749	0.0056874439318235	0.031765700415747	0.0208805903935336
0.0927040241542805	7.87698628504095e-05	0.229784690667493	0.539125154697946	0.0571852550225112	7.8769862850416e-05	0.032268997220826	0.0486644912840291	0.000109847227213447
0.0301321899263138	8.78780602479286e-05	8.78780602489418e-05	0.78006043861842	0.100970556503707	0.0304554524684843	0.0272194689427857	8.78780602479284e-05	0.0308982593595449
0.0096147327376556	0.0721003243289863	8.56207305194289e-05	0.721154146529333	0.109056715521187	8.56207305195626e-05	0.0731200197859173	0.0100985849935163	0.00468423464236517
0.025994764824599	9.38701544759963e-05	0.0039260846240701	0.78284373555039	0.0668429185237102	0.0290076985097856	0.033956669565801	9.38701544759959e-05	0.0572403880926921
0.00955354610453505	0.000262303449478119	0.00016397788840006	0.808137598683149	0.084254991303074	0.0435578937753571	9.36575812815581e-05	0.0148968452448987	0.0390791859698268
0.028213847559055	8.55285299649985e-05	0.0183328947772108	0.74493438844809	0.0706761708721412	0.0113495031628851	0.0172874086776649	0.0714215468277919	0.0376987111451959
0.039879837624836	9.20942119560286e-05	9.20942119566087e-05	0.803589958337871	0.0733711017126352	0.0344781132977146	0.014298385728412	0.0166177826309658	0.0175806322436522
0.000817759048747677	0.0256260441289028	0.000128049577918128	0.735597122137049	0.089257515511168	0.0406366802721628	0.0275776972819268	0.0223191701971818	0.0580399618449433
0.0161292322593866	8.82606379960417e-05	0.00553377703296912	0.783785286080816	0.0709246312851495	0.0354441896386058	0.0490712554415318	0.00147514205695719	0.0375482255665884
9.01592782799098e-05	9.01592782799081e-05	9.01592782804738e-05	0.749888809451119	0.142533222762498	0.0121643747953231	0.0198042550091515	0.0495766439247707	0.0257622162222978
0.0160453133809838	9.24234343015864e-05	9.24234343050761e-05	0.842721492879604	0.076542500121083	0.0227738395637087	0.0191071694884737	0.000405051122686799	0.0222197865748538
8.67490949621803e-05	0.0231351938420366	8.67490949612475e-05	0.819912710165476	0.0510784617229224	0.0390496971944106	0.0418589847342443	0.00473594313881435	0.0200555110121721
0.0168845999385972	0.000133860138910735	0.00013386013891053	0.755754722321158	0.0859755977882755	0.0189971817255677	0.0302872942106846	0.0301488650369001	0.0616840187009954
9.29861447351383e-05	9.29861447351357e-05	9.29861447365295e-05	0.817581611680291	0.0423846820359603	0.0443018792758186	0.0138045520582692	0.0290639702760204	0.0525843462394336
0.0239189675747139	0.0635356813251621	8.65226802924203e-05	0.757390496407374	0.0552338374918724	0.038388461838618	0.029084357400919	8.6522680291457e-05	0.0322751526007572
0.00606272264393573	9.27608673889862e-05	0.000588157451637046	0.798675619968081	0.119803627082498	0.0329409196999602	0.0156261498662826	9.2760867389553e-05	0.0261172815528265
9.03385922496612e-05	0.00580264814322914	0.00550786216718568	0.789666094555197	0.130137536396941	0.0347488938058959	9.03385922496603e-05	0.00664677288388716	0.0273095148631651
0.00680588165494008	9.36903495127637e-05	9.36903495104793e-05	0.803139207407553	0.096818283848479	0.00710857083878045	0.0321650403461448	0.0249652940394873	0.0288103411655924
0.014903929702208	0.00855014785759599	9.037587515197e-05	0.758172663547015	0.1362654687566	0.0431139796602614	9.03758751522843e-05	9.03758751522844e-05	0.0387226828508632
0.0563723344011209	0.0238899011754817	0.0240236944747547	0.771031578288363	0.0658658503516932	0.0390582102188003	0.0148486115460771	0.00475548106282933	0.000154338480880297
0.0488405446058135	0.0177401646463082	9.05261413287497e-05	0.798306709182767	0.079669839105227	0.0182968622958253	0.0361549297426703	0.000809898138728983	9.05261413309876e-05
0.00587076911543864	9.16886628922525e-05	0.00840080997487122	0.776655677777127	0.0901756583646148	0.035782934464234	0.0370998321725744	0.0112247161477574	0.03469791332049
9.65780819248897e-05	9.65780819248872e-05	0.00626385849952661	0.823415619912538	0.0626906649022841	0.0233836782946575	0.026579265496725	0.00640351670074976	0.0510702400296697
0.0125990992111449	0.000134646194329629	0.000134646194324873	0.765291070919548	0.0864197298575342	0.0478714901150066	0.0245330949084236	0.00557172603356273	0.0574444965661257
0.0294308834226596	0.0527953207577137	9.02361994866462e-05	0.80579066400883	0.0638023065313728	0.0141887356947545	0.0191439067761422	9.02361994824657e-05	0.014667710409558
0.0148404003550807	9.01909744029847e-05	9.01909744005658e-05	0.804569030106011	0.105108012545108	0.019226328391425	0.0119893675428034	0.0159791838848411	0.0281072952259271
0.00862552649883384	0.033053225825831	9.15404116704795e-05	0.802895620188349	0.0589373964963769	0.0412648514593775	0.0384521439967312	9.15404116736395e-05	0.0165881547111564
0.0270896666044968	0.0233630163237769	8.94447663888113e-05	0.804321698919476	0.111043788617336	0.023497514192304	9.52740668233038e-05	8.94447663879205e-05	0.0104101517430095
0.0183732141179383	0.000133813919235678	0.000133813919235505	0.819914644728842	0.0668128108301187	0.0293252948559815	0.0105632187896932	0.0156108992013243	0.0391322896376307
0.0449047468815476	9.31537350264771e-05	9.31537350270512e-05	0.777926385295647	0.0941356106868773	0.0304338205873262	0.0202054816222011	0.00878152088214559	0.0234261265742014
9.05871011791741e-05	9.05871011791741e-05	0.000810678091609352	0.830575116811395	0.0585505029532324	0.0185922755758661	0.0521339037109381	0.017423907813093	0.0217324408415076
8.90234809289369e-05	8.90234809289404e-05	8.90234809338542e-05	0.80597497293682	0.0904564219274571	0.0531438177873665	0.0204783809799604	8.90234809289365e-05	0.0295903124446761
0.00787558233934117	0.0194230399359226	9.13146856902087e-05	0.819963093711137	0.0679889084809637	0.0163409882522703	0.0221566329964939	9.13146856903332e-05	0.0460691249124911
0.00476435072925287	0.00556982082447917	0.000134292882043484	0.770059889700465	0.0777624109340704	0.0475372906916076	0.0269824760913208	0.0326573528281454	0.0345321153186151
0.0409586625146557	0.022761288360229	9.23682324569983e-05	0.824090130410113	0.0353958377391372	0.0270563278502001	0.0233844029793242	9.23682324571146e-05	0.0261686136814268
0.0421887054928251	0.0167045284736295	9.12262040975136e-05	0.782194570436381	0.0795587924362297	0.0597926939448631	0.0144959545557457	9.12262040932904e-05	0.00488230225213554
0.0112743862293431	0.0015962325494975	9.30441941550203e-05	0.806362539858465	0.0924624410727586	0.0249683937594563	9.30441941535958e-05	0.0413904453209779	0.0217594728211932
0.000130483065847334	0.01318732248619	0.00269401480937493	0.799348329554686	0.0636340862487942	0.0458092290643151	0.0457113416426832	0.000759810723587545	0.0287253824045212
9.16126452639189e-05	9.16126452639177e-05	9.16126452637522e-05	0.797905633094273	0.0753790219463372	0.0374726470251692	0.0230098143731154	0.014108649221197	0.0518493964041162
0.00607858096917319	0.0434127268956066	9.00453104546451e-05	0.830783655977857	0.0445525164826371	0.0212404906329617	0.0304715099641951	0.0029392345418537	0.0204312392252614
9.34968792740922e-05	9.34968792740923e-05	9.34968792754996e-05	0.802040493445997	0.0672276549074834	0.0281624369653163	0.0487922686278265	0.053388511249893	0.000108144165660081
0.00186287077271224	0.0580961078611511	8.85670564694962e-05	0.754108543042965	0.0650425051473874	0.02720081370017	0.0539054102801294	8.85670564641878e-05	0.0396066150825509
9.15967980331568e-05	0.0236955619663077	9.15967980329731e-05	0.849328592886805	0.0441256340500706	0.0118834524567195	0.00115704555166524	0.0165707304651137	0.0530557890272527
0.0441623162319222	0.00364400692468508	0.054875599687686	0.716895808208173	0.0777495201316708	0.00648513095538132	0.0192258466036616	0.0552716391492288	0.0216901321075915
9.01892063171507e-05	0.0283510382324462	9.01892063185324e-05	0.81631411999222	0.0539723839705668	0.00901398156664437	9.01892063171501e-05	0.0395594508672642	0.0525184577519053
9.52875366163451e-05	0.0014534661932156	0.00564702718803648	0.818162337254122	0.114000531798618	9.52875366163451e-05	9.52875366163448e-05	0.0338564853868327	0.0265942895693261
9.21095828252008e-05	9.21095828251997e-05	0.00684225336092711	0.813259638297949	0.0949550620839127	0.0165474167866736	0.0227922650741305	9.2109582825157e-05	0.0453270356479312
0.0155909197661989	0.00726224518282908	0.0104545818082382	0.79778509645555	0.0880651449489315	0.0304353316633376	0.0501639947671228	9.31498004465859e-05	0.000149535607345758
0.0161593406066188	9.09588383398157e-05	9.0958838345373e-05	0.781407598923917	0.079242885948821	0.0302625438215511	0.0222401160615596	0.0106849313331083	0.0598206656277395
8.7013818969788e-05	0.0438883759937775	8.70138189667567e-05	0.826380792176338	0.0463804216787311	0.0266890304110502	0.0240631096806931	8.70138189697817e-05	0.032337228602504
0.021087029102141	9.17131780401787e-05	9.1713178040056e-05	0.796691912357982	0.0974251223703426	0.0138419746644207	0.013081881322654	0.0236947642234248	0.0339938896029552
0.0489389635094241	0.0118775976725436	0.000980088810070969	0.817541048494247	0.0462443529040188	0.00221755995937615	0.00702173277189576	0.0520889348400549	0.0130897210383692
0.0101338296130823	0.0213120700702261	8.82252733370325e-05	0.784037970527635	0.104654826279718	0.0417039160850756	0.0222690234606579	8.82252733364779e-05	0.0157119134169318
0.0353226426733911	8.79415024769914e-05	0.00420295272142311	0.761264575849169	0.115350745029429	0.0333224259598841	0.0298843339028868	0.0132592127372808	0.00730516962405877
0.00783661298732819	9.3509408633534e-05	0.00939191203036714	0.788315581174562	0.0740660722810746	0.0278145573299074	0.00598450387006977	0.0101328053030035	0.0763644456150534
0.000134305064116157	0.020185561055546	0.000134305064123573	0.778120901915507	0.125705915087106	0.0240325903291111	0.0342979017562622	0.000134305064116158	0.0172542146641123
0.0515137052728126	9.05536791062384e-05	0.0346305389376478	0.74241616153588	0.0379222036785473	0.017110956478927	0.0350208865432451	0.0331789229061041	0.0481160709677304
0.0511013140371111	0.0240308315560617	0.000136164476607212	0.812603395949767	0.0786636190856401	0.0179801860245752	0.00581063706216774	0.000136164476612843	0.00953768733145735
0.0139115693414866	0.0192311193368258	0.00166982741738951	0.783281406998456	0.0984906671610102	0.00206079380177222	0.0288876824875151	9.38105253141617e-05	0.0523731229302305
0.00858588383989522	0.00752496878635762	9.09190868311298e-05	0.778528769320831	0.118576531945563	0.0347454937722523	0.0129231871045627	0.0108281397437417	0.0281961063999656
0.00318912064940423	0.0329814904956728	9.11705572636578e-05	0.755723076038746	0.117393548925808	0.0329421690871955	0.00296778687373894	9.11705572638474e-05	0.0546204668149076
9.29107165588142e-05	0.00575498603346753	9.29107165568185e-05	0.819684137674849	0.118227211341392	0.0326850329019884	0.0150324247899305	0.00833339541152978	9.6990413726826e-05
8.67525630844117e-05	0.0516998360156845	8.67525630834592e-05	0.803181084374008	0.0864864341717087	0.0292318714367438	0.0134147317807925	0.00121289983207655	0.0145996372628177
0.0181158726519539	0.0160528975135751	8.69437111927336e-05	0.730375302733031	0.127224887245928	0.0493330912164241	0.0133771628098083	0.0159161791312106	0.0295176629868752
0.0320509897197767	0.00714601121375649	8.97390314996275e-05	0.744906979008329	0.099384139405441	0.0556098926213238	0.0414845616846847	8.97390315062747e-05	0.0192379482836825
0.00138370349864015	0.0313464434773078	9.06140601792479e-05	0.817956759149528	0.079064767411437	0.0273219659070665	9.06140601835275e-05	0.0168870368066891	0.0258580956289682
9.2685835010344e-05	0.0332863761892262	0.00552916816680246	0.805080479031936	0.0559861326253695	0.0258784021442258	0.0240669848172214	0.00328440180492089	0.0467953693852877
0.0229837202555396	0.0330034336486727	8.8259806861424e-05	0.778372477207555	0.0631328222970046	0.00992698589203315	0.0377504566684568	8.82598068590796e-05	0.0546535844170174
0.0364390154926172	8.87775272412733e-05	0.0101723526092589	0.7316541483646	0.126189541652321	0.0339350820563002	0.0231103779345111	0.0121127178805523	0.0262979864825973
0.0583252343974685	8.9081569817087e-05	0.0475710584285776	0.687903570735659	0.0597484355064582	8.90815698170868e-05	0.0609002334291227	0.0852842227932625	8.90815698170867e-05
0.0506437283616722	0.02132720403051	0.00402936853446386	0.746264871872882	0.111948727808558	0.0370136377670661	0.0123870776228777	0.0115700450371876	0.00481533896478259
0.000128117577181296	0.0222470164273348	0.000128117577173835	0.742812955600973	0.16532531449724	0.0155685242200869	0.0152078251229719	0.026758147956264	0.011823981020775
0.0193979023427361	0.0404118056432377	8.64497485766109e-05	0.781272603961625	0.111955768937095	0.0208603009794078	8.64497485768449e-05	8.64497485768452e-05	0.0258422688901677
9.25017478256496e-05	9.25017478256488e-05	0.0180184123983769	0.799120009753905	0.049241878831713	0.0243231279527744	0.0440370829246085	0.0317894336641169	0.0332850509788545
0.0125444642562865	0.0440359822490809	0.000127339857947241	0.76213057685809	0.0609725906785321	0.0292399238698701	0.0493854709153048	0.000216031385751425	0.0413476199291369
0.0354906064846733	0.0430784914766459	8.57536082315274e-05	0.793757309350474	0.0626596344672209	0.00919644366981515	0.0416433857537017	0.0140026215810128	8.57536082248447e-05
0.0180112175424472	0.000130864044797894	0.000130864044772135	0.724354660780817	0.160292269432988	0.018514072885778	0.0258142143792924	0.0204935153126519	0.0322583215764553
9.27456632118695e-05	0.00704237669229219	9.27456632128686e-05	0.780152828418046	0.0990989289298762	0.0148485357164113	0.0065980903551354	0.0368050393012649	0.055268709260549
0.0130289802880618	0.0508688385336248	0.000881029127815725	0.847293692146907	0.0560265405470029	0.000999124384133052	0.0151502203070173	9.0764758090818e-05	0.0156608099073463
0.00870335729939716	9.32946651548897e-05	9.32946651490434e-05	0.793760860151507	0.0786490013533654	0.0163852471695978	0.0252312695091177	0.0284443783464671	0.0486392968402439
0.0123033464463155	0.0130070647587129	0.00845194185737797	0.810687813848479	0.0697612940626263	0.0208954995214701	0.0391766424080982	9.2008034230532e-05	0.0256243890626891
9.5437354503258e-05	9.54373545032612e-05	0.00385727353218489	0.815863063861179	0.12301829479882	0.0115010747072442	0.0203527770384621	0.0251212039985998	9.54373545032586e-05
0.0244109498693716	0.0469757483463903	8.81684566485429e-05	0.790556388682619	0.0490597875080206	8.81684566507876e-05	0.0290123267235789	0.0257177688103019	0.0340906931464182
0.0249565025839809	0.00882975916133113	0.00377329144228931	0.77682488806312	0.121828327319066	0.0395125356600072	0.0172272059763779	0.00691384072621653	0.000133649067611344
0.0212433575201955	9.27050075152033e-05	9.27050075162259e-05	0.78412024246332	0.0919858947987117	0.030045728909731	0.0203777599585192	0.00659326739764282	0.0454483389368486
0.00999574922758937	0.0377857943903655	9.08978049610966e-05	0.769703485405702	0.0724494252702012	0.0497688277254165	0.016853105671253	9.08978049612892e-05	0.0432618166995497
9.44642028467432e-05	9.44642028467422e-05	9.4464202842412e-05	0.777064004591202	0.11026773520513	0.00255108577086343	0.0142204925552338	0.0102829443868816	0.085330344882153
0.0206116787178642	9.05718392950682e-05	9.05718392964221e-05	0.80011390005193	0.0570009813876282	0.00319841949865304	0.0442640290811947	0.0163769236874975	0.0582529238966413
9.05146346589803e-05	0.02665592404907	9.0514634651672e-05	0.804796156889744	0.0852367298116342	0.0183849692149148	0.0185155337518819	0.0119634342487783	0.0342662227646663
0.0537730531203442	9.14329088273256e-05	0.00715581431569864	0.767594982518946	0.0314490098927048	0.0248167592346005	0.0359186514047291	0.0421972512455056	0.0370030453586439
9.04737319991082e-05	0.0118473889488649	9.04737320053333e-05	0.804975536489454	0.0607069419754081	0.0326084016315453	0.0412513813194089	9.04737319991072e-05	0.0483389284393151
0.0499137882899843	0.072294328058539	9.09981620685747e-05	0.764677590933051	0.0486762704226868	0.0239333366568614	0.0246161080622468	9.09981620634995e-05	0.0157065812524989
0.0228395217112826	0.00013276067627337	0.000132760676259956	0.753757002361843	0.127359213498489	0.0267979419283994	0.0283094341336403	0.0202746614603684	0.0203967035534437
9.20285523356855e-05	0.0156234672444721	9.20285523371611e-05	0.826113601157307	0.0710638795751885	0.00543597400856919	0.0155500889933223	0.0253985033852187	0.0406304285312491
0.019702046917682	0.0154563212474714	0.00295889983646287	0.817698493626146	0.0692306662466451	0.0309724261488175	0.00631012347952838	0.0253146281782854	0.0123563943189609
0.0365202202197434	0.0311856426326963	8.7450285596056e-05	0.817494056513171	0.0644326322116046	0.0325790801051214	0.0138478773836181	8.74502855919142e-05	0.00376559036285678
0.00492956784267411	0.0281497098840149	0.00105788924335108	0.807637681830953	0.0394711833551189	0.0384869293214509	0.023234460332502	9.43383033933129e-05	0.0569382398865423
0.0146859062532474	9.51987821891048e-05	0.00437423851727421	0.814960011688167	0.0665907288253927	0.0386830930987906	9.51987821891043e-05	0.0103583291390891	0.0501572949136603
0.000131791599926092	0.000131791599925269	0.00013179159992499	0.766305204822309	0.105881369382348	0.0314639537788314	0.0339752245150546	0.03046224159299	0.0315166311086913
0.00696978581920605	0.0118133497357166	9.11241956215207e-05	0.819538529170723	0.0587677767744748	0.0396245263892	0.0430990328608185	9.11241956161399e-05	0.0200047508586233
0.00013726831655133	0.000137268316551332	0.0091962645754723	0.764975354763056	0.0665658630583777	0.0309137520386497	0.041116180676532	0.0231328434057238	0.063825204849086
0.0230255270900968	9.36719034449012e-05	0.0365554209449446	0.801571808252978	0.0400453705334439	9.36719034454816e-05	0.013028822944723	0.0530546412567075	0.0325310651702161
0.000555699366796621	0.0206667144826567	0.00423427002373784	0.785101150458334	0.0678935841836693	0.0341766106594998	0.0359928964267031	8.98738636257e-05	0.0512892005349766
9.36992489083975e-05	9.36992489084075e-05	9.36992489082298e-05	0.809601484025832	0.0959918206823223	0.0416155984769939	0.0169270520856087	0.0115035218906994	0.0240794250918188
0.0267533474740674	0.0215837030422726	8.9610945089286e-05	0.805156675129826	0.0834210545452877	0.0312421586252029	0.0315742283480849	8.9610945084357e-05	8.96109450843573e-05
0.0275556904085652	9.25555448315958e-05	9.2555544835952e-05	0.752734645068781	0.136787162694722	0.0264431793968258	0.022673973195338	9.25555448315961e-05	0.0335276826012689
0.0137899426333939	0.0271975172560804	8.81685134318431e-05	0.816915902606195	0.0508721916332503	0.0271817450168664	0.0246003769915068	8.81685134328166e-05	0.0392659868358422
0.0117672213302976	0.000597259340933525	9.25987181438027e-05	0.852399434400538	0.0349283197924049	0.0135238479276879	0.0233787266656907	0.0164737018322808	0.046838889992023
0.00440218038650659	0.0167392295857814	0.000129636733973802	0.810065085272543	0.065947279027862	0.0212187732599225	0.0368674878912521	0.0164289358389158	0.0282013920032425
0.0304913457376238	0.0665581283610861	8.82531770692695e-05	0.794398333101865	0.0552117343465117	0.00460160214536398	0.0234860954445747	8.82531770643797e-05	0.0250762545088408
0.0236947678352369	8.96982888563189e-05	8.96982888540695e-05	0.759449619968468	0.0820545549095867	0.0378979755933532	0.0373084306502616	0.0266518244903155	0.0327634299750678
0.00152445242283648	9.13301977352219e-05	9.13301977350367e-05	0.799302986651699	0.117817914527072	0.0215273908126927	0.0555545331246644	9.1330197735223e-05	0.00399873186783036
0.041818698651012	0.0439178765457541	8.84714430587717e-05	0.770159257536189	0.0719687698589761	0.0433690933607424	0.016471722422798	8.84714430564154e-05	0.0121176387384136
0.022554825644924	8.9804609389781e-05	8.98046093951319e-05	0.833133401894844	0.0524602916874172	0.0161149336372827	0.0196626811033766	0.0214124494618511	0.0344818073515193
9.2369142399642e-05	0.0344051938148586	9.23691424039926e-05	0.791972473620902	0.0629131488238849	0.0123757440628282	0.00484553953719012	0.0304993546958609	0.0628038071596718
0.0134029767570407	9.18688879400309e-05	9.1868887936846e-05	0.787016565436126	0.0869638415391702	0.0327066424006144	9.18688879400309e-05	0.0354948923827751	0.0441394748204564
0.0258095721638825	0.0212273863137142	9.15315636834517e-05	0.829117556016898	0.081093477555063	0.0210895598039384	0.00561512649787572	0.0036085280882486	0.0123472619966958
0.0112829798633684	0.000137690332756821	0.000137690332756534	0.776956512915035	0.118006752851248	0.0246204186668459	0.0375110697578767	0.0201631774598902	0.0111837078202225
0.0360088066280506	9.01108443555983e-05	9.01108443554346e-05	0.747136015851762	0.0929376341843853	0.0516371234228199	0.0204686669167219	0.00652181357878187	0.045109717728767
0.0447347999625259	0.00868174172372507	8.75654146161099e-05	0.794222583269451	0.0973276329180416	0.018195612502595	0.0178761580064992	0.0187863407879267	8.75654146191499e-05
8.94626927484668e-05	0.0246778458626068	0.00421619212794124	0.780265800212852	0.121682502452686	0.0164081738248692	0.0114307981041928	0.00319716007821836	0.0380320646438849
0.03409488236009	0.00276725009863161	0.000130773445093595	0.754205569151258	0.103465915256273	0.0160139368828117	0.0334250648430123	0.0334698853380068	0.0224267226248221
0.0542376918943781	0.0371516157010433	8.6081398852802e-05	0.783093820614431	0.0304849666519111	0.0249714332996274	0.0346632961627797	0.0301050509726431	0.00520604330433404
0.0139275383501314	9.58525684977951e-05	0.00907911685688789	0.804640013953754	0.0616913284572645	0.0481877043993272	0.0157592055214826	0.0159752911610528	0.0306439487316019
9.05727435831388e-05	0.0394380741174753	9.05727435828862e-05	0.820167270860571	0.0622018537207118	0.0394743109064478	0.014362667621566	9.0572743583139e-05	0.0240841045424793
0.00928960530074679	0.000134227297192324	0.000134227297187716	0.774702715377763	0.110550543949155	0.0394062090305144	0.00802008171260815	0.0193083317720625	0.0384540582627696
0.0144653248576803	0.0162309362509163	8.7463215179748e-05	0.746429579959518	0.0883400586841077	0.0347785327698105	0.0177607136573416	8.74632151904935e-05	0.081819927390256
0.0436257374356944	8.69648127431155e-05	8.69648127413176e-05	0.773256583181945	0.0731365155894809	0.038007388535936	0.0117031756932707	8.69648127431153e-05	0.0600097051254449
0.0124954892706409	0.00525825912280253	8.94389590915514e-05	0.792271750593198	0.0670830948971078	0.0397019031650032	0.0299164349472877	0.0356463708337246	0.0175372582111434
0.0215109400898375	9.26752828967473e-05	9.26752828973071e-05	0.824332145238794	0.094963870385143	0.0505812754955457	0.00676620243635965	9.26752828967521e-05	0.00156754050563001
0.0536836512620134	0.0311409288551609	0.121761770909628	0.665405463057169	0.039984958037333	0.000125443843317334	0.015297584062282	0.0525885373506309	0.0200116626224647
9.14955999214524e-05	0.00844852030350139	9.14955999212879e-05	0.798782876824647	0.0914446686491974	0.00703052957448969	0.0298713507317495	0.0261984830296833	0.0380405796868886
0.0308275528659328	0.031819123874364	0.00425495329887418	0.822614824421999	0.0466716179096738	0.0118873996059435	0.000131595472883182	0.0067644990157002	0.0450284335346292
0.00697764432387111	0.0359277224178584	0.00181366308949094	0.825135449291642	0.0606502398379483	0.0113992505013601	0.0203106396103731	9.42736019376858e-05	0.0376911173255187
0.0109455399673652	0.0539408583150273	9.1878359132045e-05	0.815295410907738	0.0518317322370834	0.00445392121959711	0.0345454298658643	9.18783591342e-05	0.028803350769059
0.00687312068694866	9.4110149242685e-05	9.41101492370973e-05	0.79522728400646	0.0635456154176527	0.0475924154383703	0.0113669006006829	0.010754462932873	0.0644519806185322
0.000126531884860813	0.000126531884860811	0.00125579406628008	0.720998082143	0.157005477873168	0.0279947222628736	0.0316720188661833	0.0288433583006602	0.0319774827181135
