Bcells	CentralVeinEndothelialcells	Cholangiocytes	Hepatocytes	Kupffercells	LSECs	Mesothelialcells	PortalVeinEndothelialcells	Tcells
0.00193234028868089	0.00261912705986551	8.93781202880398e-05	0.956798934043025	0.0151667024035912	0.00865772552104865	0.00612818779292719	0.00527801116037452	0.00332959361019863
0.00160367455570532	0.00686956391687356	0.000127671724944164	0.959719483642738	0.01774245334077	0.0096089366028645	0.00407287276616475	0.00012767172494334	0.000127671724996603
8.92943484508454e-05	0.00308618099576581	8.92937272698729e-05	0.984798749789334	0.00844457091345709	0.00229798780434557	0.00101533496665568	8.92937274253513e-05	8.92937272959935e-05
0.000128578482569394	0.00080444136982709	0.00012857848254156	0.963880322736889	0.0164999428946262	0.00604754215996482	0.00751160903799275	0.00265703147455736	0.00234195336103186
9.36928027221786e-05	9.36928026779435e-05	0.00577854562650861	0.955109872602414	0.0245750254151061	0.00142613984949433	0.00849327285507536	0.00433606524328056	9.36928027206412e-05
0.00173029224332515	8.8026471785469e-05	8.8019088240847e-05	0.968447961275805	0.0102744171665305	0.00957364224406583	0.00962160333377786	8.80190882368399e-05	8.80190882325989e-05
0.00632562817748306	0.00891172991402939	0.00102405808863529	0.9552069186031	0.014183838515916	0.00757183055679426	0.00652146487918875	0.000127265632357888	0.000127265632495311
0.00612018009997294	0.00413327629463702	9.18174504868065e-05	0.956715865919301	0.019726211490448	0.0087830222458049	0.00424599159827989	9.18174506344344e-05	9.18174504347992e-05
0.000126946842092558	0.00113250670713954	0.0029573546608216	0.948970751016072	0.0199986295449947	0.0179280013333134	0.00863191621121988	0.000126946842240028	0.000126946842106629
8.88723642248303e-05	0.00478171724880931	0.00189296264187161	0.975053541780761	0.0166236081346862	8.88723641906675e-05	8.88723642203622e-05	0.000352699315872883	0.00102885378536272
0.0050757042015507	0.00770172314844321	0.00522340162328956	0.947018336980578	0.0226007218598566	0.000126619410168552	0.0107511735933128	0.0013756997726805	0.000126619410120294
0.00137461572088741	0.00945760148923075	8.96222814269381e-05	0.972546279158399	0.00824112702099514	0.00253074741375094	0.00413628066522573	0.000687522646480236	0.000936203603604242
8.77876256956058e-05	0.0093403877031203	8.77876256132784e-05	0.943486838725487	0.0144654042205243	0.0129756152839563	0.013612282446124	0.00585610874377544	8.77876257034445e-05
0.000230154547467078	0.000130772457225903	0.00192820679586223	0.954255981894844	0.0241050991045152	0.00653653766903914	0.00855771438137533	0.00163797307811981	0.00261756007155093
0.00228989083360413	0.000131225057707021	0.0239148753154013	0.947375540554586	0.00818210703309314	0.000619042703092172	0.00500604499834012	0.00913491198342723	0.00334636152074938
0.00152475491457452	9.33059828492337e-05	0.000239392317884841	0.962074731061717	0.0141874802699573	0.00802275434981612	0.0132532624629272	9.3305982809726e-05	0.000511012657464478
0.00127586682394121	0.00345069147483205	0.00298131786347953	0.968730494411086	0.0128514759072398	0.0059721940116436	0.00455887476017672	8.95423737432633e-05	8.95423738574507e-05
0.00505329756042052	8.93366912203309e-05	8.93365343176832e-05	0.9549484139715	0.024030412315683	8.93365344498827e-05	0.00567185366984643	0.00383042263305697	0.00619759008950498
0.000133322144235785	0.000133315813231118	0.0112048484192754	0.944779135195229	0.0185108992580816	0.00787113521658746	0.00465046456635446	0.0125835601905105	0.000133319196494821
0.000912830354357835	0.00387452779012101	0.00776175978279172	0.957189413602772	0.0209204845556606	9.19517107430003e-05	0.00621354742077566	0.000824904322336714	0.00221058046044127
8.9288679258023e-05	8.9288679264976e-05	0.032056793134351	0.91224740588552	0.0161115132280603	8.92886792742333e-05	0.0126877279058224	0.0265394051291815	8.92886792673837e-05
0.0038494821446735	0.000133720394773151	0.00493632289230486	0.944772861518242	0.0259674755476963	0.0123578543206154	0.000726634320692717	0.00595813434150152	0.00129751451950029
0.00409006361268658	9.06677778031415e-05	9.06677778949422e-05	0.976158257266369	0.0123828645395688	0.00359784935974996	0.00223557203999211	0.00126338984800587	9.06677779294521e-05
9.3590357726325e-05	9.35903576324019e-05	0.00168650982009034	0.9702543272504	0.0130190095090648	0.00487078914276505	0.00668822046440847	0.00320037274021848	9.35903576944627e-05
0.000672291539494215	0.00711593636084102	0.000934257404834982	0.946732027073706	0.0296049842381301	0.00344722721032148	0.00845605734999811	0.00237018158810862	0.000667037234565757
0.00873682970885751	0.0103680784386288	8.98769489107769e-05	0.948611733555863	0.0219125887694464	0.00250804300762017	0.00698842217822184	0.00011524088239128	0.000669186510060577
8.87011851232766e-05	0.00802132659660971	8.87011851207289e-05	0.960273975876197	0.0144804648371047	0.0097087470314105	0.00616694266533245	8.87011851221845e-05	0.00108243943797941
0.00459579922660775	0.00153064316794827	9.26323429683103e-05	0.944318991691803	0.0273396758671548	0.0028226549547587	0.00939552048385444	0.00981144992193808	9.26323429668776e-05
0.00221729656917794	0.000444158918634674	8.94452024410194e-05	0.978494524942129	0.00990655211116744	0.00171703548281302	0.00183217582466549	0.00402456494683722	0.00127424600213461
0.000715599871503053	0.00571253873415237	0.00182484073288066	0.958887722309821	0.0122925326582786	0.00139370072123097	0.00809636338292123	0.00817215860620867	0.00290454298300348
0.000131435639288888	0.000131435639341312	0.0509086059209932	0.909458357679711	0.0141272217618807	0.0073583473104737	0.0134946101398012	0.00425855026921522	0.000131435639294939
9.15647029263266e-05	9.15647029428544e-05	0.00202061404677542	0.963291176610647	0.0126045634722769	0.00813653138346422	0.00637993467380266	0.00729248570421509	9.15647029493614e-05
8.98335741289713e-05	0.0253614746134813	8.98335741250697e-05	0.94081147776865	0.0101269241073635	0.000139355592126011	0.0155754346565094	0.00771583253945689	8.98335741583838e-05
9.45929494807402e-05	0.0036717239679619	0.0201485212683275	0.959594960767995	0.0122272194489285	9.4592949507142e-05	0.00326295986454571	0.000810835833770018	9.45929494837682e-05
0.000103603853090902	9.0081041127453e-05	0.00264676632090139	0.976772495234058	0.00660982064782153	0.00704482220426428	0.00241141298005687	0.00375830562720388	0.000562692091476109
9.39598912218865e-05	0.00765682111122002	0.00451223190195964	0.958299106001538	0.0271033693921805	0.00107080686305209	0.00107578505651827	9.39598910842859e-05	9.39598912250074e-05
0.00136985075896103	0.0108158609843058	8.96666725574209e-05	0.965069964697759	0.0112511011839058	0.00232572279302068	0.00889849956434172	8.9666672595587e-05	8.96666725529922e-05
0.000472142442096619	0.00592171572688205	0.00493011414971878	0.962754332141506	0.013151067553033	0.00626804409988236	0.00425181444638506	0.000129563602428825	0.00212120583806744
0.00217273771670501	0.00471300969064094	9.412227080981e-05	0.967265288770019	0.0172202903839935	0.00202240457338449	0.00192359049161263	0.00449443383202918	9.41222708053576e-05
0.00237983857253986	9.24315745039644e-05	9.24315746062477e-05	0.95603605017997	0.0132255088599865	0.0123582727735938	0.00998014532541117	0.00370443630500323	0.00213088483438529
0.00278603800862792	0.00411493179293618	8.91081100596291e-05	0.959616910902405	0.0192906733715478	0.00560859441565643	0.00715152764306027	8.91081102471344e-05	0.00125310764545997
0.0108100135321383	0.00214565096229224	0.00257273987181842	0.951002043239653	0.0250046980517307	9.07845211077683e-05	0.00228234794158924	9.07845209242054e-05	0.00600093735874576
0.000127156858153538	0.00237544038538859	0.000127156858225551	0.952721795103205	0.0191687608396563	0.00955481852148145	0.00497953362314146	0.00613819614388541	0.00480714166686244
0.00330542740038915	9.28926766407866e-05	9.28926766737854e-05	0.960877013181559	0.0201089221453891	0.00989106247472764	0.00122717381668771	0.00431172295126372	9.2892676668588e-05
9.44635386801901e-05	9.44635386348266e-05	0.00978534572753589	0.954276783672739	0.0107498251020692	0.00635611602567837	0.00909330078909924	0.00945523806687797	9.44635386849653e-05
9.32889600002032e-05	9.32918796480979e-05	0.00136955771487021	0.977458333768619	0.0128091170784206	0.00151714223774214	0.00237009811958415	0.000130573120554603	0.00415859712056142
0.00370396929211619	0.00885107092635569	9.01908149711811e-05	0.963493489494961	0.0108096535235989	0.00364077750320062	0.00923046681489274	9.01908149372069e-05	9.01908149666816e-05
8.94737780897831e-05	0.00355842991862299	8.94737780754206e-05	0.957405083318591	0.0200453302030727	8.94737779184018e-05	0.00772202858076473	0.00591113459632606	0.00508957204853884
0.00116867278541654	9.16966290855582e-05	0.00139444860174279	0.949948439273516	0.0197581313088993	0.00960019337960575	0.00547681303689116	0.0124699083557657	9.16966290772235e-05
9.30626376181603e-05	0.00158548383330228	0.00561218720650873	0.959827713852337	0.0162009829733533	9.30626375302208e-05	0.00619253945767638	0.0103019047640755	9.30626375987327e-05
0.00165660386124947	0.00743224024613009	8.8194626546734e-05	0.952613465124675	0.0237931504809454	8.81946265784063e-05	0.00936865057917805	8.81946264905142e-05	0.00487130582820628
0.00875629090742476	0.00122044718086368	0.0537817992436176	0.878269079423085	0.0074446768583822	8.90560734905125e-05	0.0247868826154243	0.0255627116241691	8.90560735430345e-05
9.27114240702174e-05	9.27114241003409e-05	0.00771221950666397	0.96539066421204	0.00994853145258551	0.00604512804864041	0.00825608396004825	0.00236923854778655	9.2711424064424e-05
0.00138710034116829	0.00640772884375998	8.9868983353766e-05	0.970609598538841	0.00835822150821042	8.98689837737517e-05	0.00842764642187416	0.000164893083064918	0.00446507329595325
8.81895068996777e-05	8.8189506849335e-05	0.00076585389836942	0.961262465450771	0.0251737731364762	0.00579281453914965	0.00475583059706186	8.8189507012921e-05	0.00198469385741026
0.00172163706171744	9.23498166555044e-05	0.00264115331357013	0.95782728075075	0.0206745505274867	0.00472329536993903	0.0040152416917696	0.00315027347938327	0.00515421798872824
8.83306312806062e-05	0.0254152064599618	8.83306312679553e-05	0.944746559548607	0.0108292746642878	8.83306312986255e-05	0.018247215145699	0.000408421656329426	8.83306312678077e-05
9.09512200199322e-05	0.00150138042106856	9.09512200214559e-05	0.966008344765261	0.0160583427154773	0.00681696720326641	0.00462639109234772	9.09512201701434e-05	0.0047157201423672
0.00179295161434426	0.00526598686005873	0.000442332544547532	0.957162341347678	0.012816067434488	0.0037819755336456	0.00880233065042531	0.00316268612933134	0.00677332788548144
9.25928029166502e-05	9.25928029185755e-05	0.00603335729814075	0.96477306384053	0.0096076074306389	9.25928029745828e-05	0.00656400667580463	0.0090698176425748	0.00367436870350148
0.00525437759366513	0.000133392694683355	0.0134962783406696	0.956547811200502	0.01622336359362	0.00527275059999305	0.000801671468031435	0.00213696181408367	0.000133392694751889
0.00131570127535246	9.10572083810448e-05	0.000333318063921452	0.954682078797814	0.0287178817309224	0.00428977551724302	0.0073305385143548	0.00314859168355675	9.10572084542598e-05
0.000580336490683392	0.010823698431055	8.84930918213002e-05	0.962710409608534	0.0155108792336464	8.8493091823604e-05	0.00930210653537742	0.000807090425241621	8.84930918167769e-05
0.00375521715769269	0.0151461240330299	0.00347744433885739	0.949831486670745	0.0168247561776483	0.000127880656899133	0.0101152348861819	0.000127880656883514	0.00059397542206199
0.00048812253155867	9.27650286944836e-05	9.27650286670216e-05	0.961217537280133	0.0172847432498836	0.0107176161667878	0.00890162482317926	9.2765028726935e-05	0.00111206086236933
0.00032528605297875	0.0127902842748275	8.95315769899289e-05	0.959230989676769	0.00492149049543627	0.00936643884087751	0.0128312996197456	8.95315769852411e-05	0.000355147885390277
0.00197057994907863	0.0115855077353081	9.1290177360976e-05	0.963600120537262	0.00725640868050085	9.12901773217082e-05	0.0119108320971066	0.000893668901137036	0.0026003017449241
0.000837444030286686	9.05370982476327e-05	9.05370982643977e-05	0.980185118281115	0.00927653991905421	0.003000939642689	0.00182860083142249	0.00152074741067394	0.00316953568824656
0.00176162440428716	0.00237022862417111	0.00386038703693179	0.957649479581735	0.0190993339140803	0.00585890748551899	0.00489017102948321	0.00437993117077306	0.000129936753019653
8.79715295436821e-05	0.0146554615646171	0.00394861594177647	0.956279095918042	0.0127805433170547	0.00390504108018007	0.00410643806614891	8.79715295436412e-05	0.00414886105309375
0.0016167944372588	9.32241240406977e-05	9.32241240155153e-05	0.970152743659988	0.0106707298412558	0.0128259809999123	0.00214747866285474	0.00148965082324018	0.000910173327433798
8.90971279278594e-05	0.0116583887621099	0.000898600491649661	0.945297633265452	0.0279156683459139	0.00641350115250809	0.0054113273550957	0.00222668637139051	8.90971279526949e-05
0.00134589894688255	0.00410129608100392	0.00064455737505534	0.958351507869424	0.0179884840691205	0.00826366121667984	0.00904688637736278	0.000128854032289912	0.000128854032180715
9.35143688300418e-05	0.00558000541918088	0.00770789109112317	0.967182260900414	0.00836727074233629	9.35148647546812e-05	0.00245632670568004	0.00559118074676954	0.00292803516091107
0.00513081291943862	0.00225690321421672	0.0870160556895079	0.842455063754445	0.0160004641668478	9.00437307579113e-05	0.0199667954984397	0.0260533283253335	0.00103053270101294
0.00372101469976639	9.0035629539468e-05	0.00400190792037979	0.971050398680734	0.011511827508982	0.00510545996509071	0.002633070411057	9.00356292607265e-05	0.00179624955519023
0.00142861335759313	0.00781052172849207	8.83874230863706e-05	0.952933662967616	0.0178891344497799	0.0152447599033191	0.00167650422169862	8.83874230691453e-05	0.002840028525346
0.00303973609551807	0.00419447203472077	0.000134483009244561	0.962002701090264	0.0206196869884488	0.00396762021330824	0.00510051870059547	0.000134483009226413	0.000806298858673134
0.000425200355977904	8.99108148296684e-05	0.00184969163145943	0.974453682440798	0.0122164871676958	0.00800700847477134	0.00277819748495349	8.99108147593376e-05	8.99108147547905e-05
9.19363551274015e-05	9.19363549866216e-05	9.19363550338632e-05	0.976842823864445	0.0138303903317131	0.00231227285179091	0.00655483117689955	9.19363549735915e-05	9.19363550302509e-05
0.00222275520365737	0.0056231277882595	0.00147723331662994	0.955246873557688	0.020526143802939	0.00374137318513428	0.00973995025343278	0.00133022281681758	9.23200754418077e-05
9.44148632504459e-05	9.44122493614145e-05	9.4412249400785e-05	0.96808241668117	0.0111669030514997	0.00329373747419824	0.000830140558410215	0.0108937307664354	0.00544983210627372
0.00500874040386308	0.0103052064964769	0.00206898348956773	0.938181060941876	0.0234846702504882	0.00186931724916197	0.0188295813899652	0.000126219889476509	0.000126219889124266
0.0012037260436972	8.70852831276347e-05	8.70852830903233e-05	0.967187237008285	0.00966440767963534	0.00992172793404351	0.00531332995720953	0.00644831552788225	8.70852830288744e-05
0.0015382557210252	9.29972265141496e-05	0.00823540037412424	0.963622211236636	0.00938337916107297	9.29918893869136e-05	0.00711553630787185	0.00982623140035295	9.29966830161703e-05
8.77623914879726e-05	8.77623915037305e-05	0.00148262422184019	0.971691399425139	0.00714000450539384	0.00311775177613872	0.00375848139742419	0.00378461525464276	0.00884959863642966
0.00453087212033408	9.37499740628273e-05	0.00318434877236656	0.972314030782146	0.0086684704137752	0.00810703231019652	0.00291399567900117	9.37499740745683e-05	9.37499740426644e-05
9.04534730917991e-05	0.0068897344171218	9.04534730820928e-05	0.949733951424668	0.0138620755976105	9.04534730625932e-05	0.0127320952026657	0.00134642173705454	0.0151643612016424
0.00408055814855472	0.0183272847254114	0.00217499152002806	0.943694174473368	0.0175713428827613	0.00522010451693612	0.00875350388435426	8.90199242664792e-05	8.9019924319698e-05
0.00168861154572019	9.23817673927989e-05	0.00388653527544552	0.961940861788321	0.0242596192173265	9.23817674051614e-05	0.00278877430830806	0.00515845256265994	9.23817674212239e-05
0.00183962035380699	0.00389313916887486	0.00473238319844571	0.966084280130432	0.0177530718895142	9.29675157685267e-05	0.00357689729387646	0.000753495571968785	0.00127414487731252
9.17518981727852e-05	0.00750032904496657	9.17518982053359e-05	0.972048756430564	0.0125318158250247	9.17518982124027e-05	0.00445909114261366	0.00309299996402024	9.17518982203054e-05
0.0165529665381191	9.04953275150894e-05	0.123481613934799	0.819993573344441	0.0115539007148212	9.0495327459935e-05	0.0111447816599835	0.0155095390766418	0.0015826340762187
0.00427394578946732	0.00101235905056498	8.97507961049328e-05	0.951085774740197	0.0191258864836901	0.00535613757498406	0.00855153230124379	8.97507960981746e-05	0.0104148624676501
0.000763559769271974	0.0163390376807879	8.91188440992328e-05	0.937516878816278	0.0250651307779342	8.91188441842282e-05	0.0158849456631964	0.00330418498213589	0.000948024622111702
0.00307646130484839	0.00364463594026779	0.00217073838938915	0.963896273360752	0.0123711521582549	0.000131571432686226	0.00901861372771532	0.00250103398066073	0.00318951970542554
9.19981922606866e-05	9.19981920701185e-05	0.00449580013068759	0.960814978392186	0.0218235700388492	0.0119990474187897	9.19981921575288e-05	9.19981923364178e-05	0.000498611250663093
9.16055377900325e-05	9.16055377722079e-05	0.01838664443684	0.943578364926676	0.0155921592967972	9.16055377981564e-05	0.00352202239208612	0.0185543867964318	9.16055378084646e-05
0.00303308203907688	9.26931761894556e-05	9.26931762565655e-05	0.968350652197439	0.011009624217412	0.00554122642804898	0.00509049978366037	0.00669683580566185	9.26931762549989e-05
9.1401910663304e-05	9.14019106654075e-05	0.00587708206800765	0.943655427252755	0.0193172740827735	0.0186411581636695	0.00554441208971335	0.00669044061106731	9.1401910684635e-05
8.93401810611077e-05	8.934018098331e-05	0.00457063824450521	0.966194185269376	0.0154263474806772	0.00338036091637294	0.00649478823853283	0.00248777882388339	0.00126722066460766
9.40761789370241e-05	9.40761789311374e-05	0.00132866463183377	0.943448390709797	0.0342067781186107	0.000267084235326344	0.00795075563781156	0.0110008074192852	0.0016093668894672
0.00150608933182573	8.87634261539133e-05	8.87634261700237e-05	0.976833163448262	0.0138390835784056	0.00516704383379436	0.00229956610306575	8.87634261429471e-05	8.87634261801068e-05
8.87542024984196e-05	0.00563804748974434	0.00389867365435895	0.961706490361433	0.0108381311743281	0.00775699483869146	0.0092242573722877	0.00075989670416188	8.87542024964436e-05
9.02005357308003e-05	9.02005357491461e-05	0.00170299055013657	0.950350669788027	0.020201141606676	0.000237809212462941	0.00921074944898709	0.00901667248543988	0.00909956583679045
9.3873489617665e-05	9.38734899730542e-05	9.38734899864238e-05	0.972097620920093	0.00716898063220663	0.0111518990631498	0.00471318283139998	0.00449282259358854	9.38734899848109e-05
0.00105110360401884	0.00299246649206029	8.97125357059306e-05	0.953941114760907	0.0109685876281796	0.0187925902710179	0.00795749788951468	8.97125357038353e-05	0.00411721428289127
0.00125248308040162	9.21939360452619e-05	0.00277074636177996	0.957128630719052	0.025989452621591	0.00365397983773079	0.00285224987627884	0.00427541250910633	0.00198485105801406
9.1226429878755e-05	0.00360228266246915	9.12264298319416e-05	0.96552950549387	0.019847574714925	0.00812078242022376	0.00253494898913847	9.12264298255219e-05	9.12264298379315e-05
9.16473745799858e-05	9.16473746003786e-05	9.16473746064587e-05	0.967470650902764	0.0200120904903135	0.00467284598622242	0.00738617574766692	9.16473746387339e-05	9.16473746077995e-05
0.000128659112625897	0.00243486066479285	0.00522301684114193	0.944307848797806	0.0341152071640406	0.00902537428703216	0.00273793265058036	0.000128659112877175	0.00189844136910339
0.0024954344989345	9.18647168114297e-05	0.00744501001093592	0.963220091925344	0.0137157857204875	0.0127562189771538	9.18647167953774e-05	9.18647167593333e-05	9.18647167779218e-05
0.00225233167227318	0.00367246583141661	0.00251588336094881	0.967927857845427	0.013840867599394	0.000906875498457429	0.00870285495755996	9.04316172731149e-05	9.04316172497243e-05
9.42524731865624e-05	0.00111079450086868	0.00951163056982633	0.95128772564622	0.0142731110345519	0.00188219738265135	0.00691702601719202	0.00718423933847131	0.00773902303703199
9.32476399304467e-05	0.00269252726100748	0.00414320429110035	0.962171275887215	0.0103571659342158	9.32476398637581e-05	0.00603810452211439	0.00536199164138652	0.00904923518316682
9.33806567541757e-05	9.33776006466808e-05	9.33790984570476e-05	0.965314824870038	0.018064841448527	0.00851473665690326	0.00197092522112391	0.00576115534919266	9.33790983569188e-05
0.0038706093153231	0.00994290869944017	0.000926870449478362	0.962711592462494	0.0128652288063095	0.00301979134130751	0.00505893853584154	0.00147731015890341	0.00012675023090257
0.00182419386116132	8.87268592115273e-05	8.87268592003876e-05	0.963558806937825	0.0184565173150708	0.00106631646794476	0.00405063869091125	0.00535844466130147	0.00550762834737344
8.86040469778424e-05	0.00412458373996343	8.86015395162371e-05	0.964003953972874	0.00915532559376507	0.0106068769149792	0.011368189295312	0.000475263357035024	8.86015395771895e-05
0.000428636505065018	0.00639787921024942	9.04344187952959e-05	0.959911411454998	0.0263513408323937	0.00476809897522838	0.00187132976563352	9.04344188461815e-05	9.04344187905584e-05
0.000268692328310335	0.00458387138137672	0.00318459633046051	0.966612791297165	0.0144966079231221	0.00121827905123146	0.000368562174349763	0.00169688469787093	0.00756971481611272
0.00105576358995366	0.00476874068521805	0.000911299589825959	0.968074717840011	0.0133536269148579	9.55992949190585e-05	0.00552413193731358	0.00612052085300148	9.55992948991273e-05
9.14458967037304e-05	0.00152767772123669	0.00428582566487795	0.964410069242496	0.0139446564095642	9.14458966745342e-05	0.00784224823383364	0.00771518503790131	9.14458967123746e-05
8.9209243204875e-05	8.9209243285761e-05	8.92092432152575e-05	0.957169723527701	0.0197437228469203	0.0126859823728277	0.00650240473510277	8.92092431203638e-05	0.00354132954462228
9.10440934738669e-05	0.0054040142867952	0.000478368772935378	0.972712701038731	0.0136178028614404	0.000367063425610166	0.00714691733424928	9.10440933361371e-05	9.10440934282308e-05
0.000134718370093887	0.000282550832596623	0.0017673005324612	0.956167957633407	0.0151915160855278	0.00954763984536194	0.00839290396579947	0.00838069283757406	0.000134719897178522
0.00393884831689758	0.00294988368840574	0.000377435154027519	0.976008347762933	0.00674880500447588	0.00499616665855644	0.00228516609379303	8.90933840377356e-05	0.00260625393687269
0.00217991570232138	0.000212472329323965	0.0033115510192145	0.960660631565847	0.0149022854730776	0.01535389968176	0.00159893414984664	9.10779423544763e-05	0.00168923213625389
9.18775027210957e-05	0.00265974996523037	9.18858243802539e-05	0.961277771722775	0.0186937736124124	0.00645925377153199	0.00387352090552919	0.00565475466299216	0.00119741203242776
0.00126826810389847	0.00351865894219645	0.00186966754170006	0.95773078444397	0.0134599380753688	0.00453246985534122	0.00972961719402946	0.00431888919756828	0.00357170664592747
9.08511711833303e-05	0.000842957168394415	9.08511712107764e-05	0.967700203637866	0.0129781360771787	0.00832077418088386	0.00649566833097276	0.00324598799563744	0.000234570266672938
8.93863213173363e-05	0.0174316211994284	8.93863213285507e-05	0.966879310407202	0.00916517595000596	0.0005887983028506	0.00521146112419818	0.000455474052336908	8.93863213315179e-05
0.000406514112767858	0.00693732511662925	0.00859814746928591	0.955997835609971	0.0112155158115669	0.00762619065680594	0.00864163965561476	0.000358665525139398	0.000218166042219372
8.7845012644158e-05	0.0155400857465181	8.78450125867704e-05	0.9438918023694	0.0153374015288486	0.00544893202438179	0.0154365514247476	8.78450125772596e-05	0.00408169186829582
0.00101433963020633	0.00510679119360966	0.000301123094586119	0.977778889897828	0.00820776792041987	8.98715228631497e-05	0.00158013819807319	0.0058312070194922	8.98715229219632e-05
0.00607417705701758	0.00145991462474868	0.0341741920133011	0.918943991046034	0.0173083875819383	9.08194287614448e-05	0.00861281266324169	0.0132448861562908	9.0819428666139e-05
8.99846565969311e-05	0.0101067595699271	0.000468092086736092	0.965324604143841	0.013803477541118	0.00491092419489727	0.0015690805064709	8.99846565927982e-05	0.00363709264382007
9.51740691043104e-05	0.000783633433442902	0.00742022509427354	0.961494418048037	0.0240818105321917	9.51740691516303e-05	0.00128285551328259	0.00465153517135042	9.51740691661735e-05
8.92867969179324e-05	8.9286796902991e-05	0.00210917731540987	0.968542356626063	0.0207022916263207	0.000813125823881746	0.0070406710510119	8.92867969104503e-05	0.000524517166580859
0.000133458088512861	0.00238734485195056	0.00629672471478268	0.963101244105986	0.0164489147582611	0.00299915805629176	0.00625420236509431	0.000133458088200563	0.00224549497092004
0.00331299707092097	0.0001261137462271	0.00358828665674343	0.951879642117493	0.0211341324486325	0.00779317477347295	0.00341346872598396	0.0064253034435618	0.00232688101696423
8.91029787934053e-05	8.91026661866499e-05	8.91029788655124e-05	0.97228234928363	0.00931567748911265	0.0129119313830513	0.00482771675674687	8.91029790353139e-05	0.00030591348457817
0.002491893428027	9.13124145995488e-05	9.13124145340491e-05	0.969767798737366	0.0187287589053294	0.000695801742072502	0.00413209756259506	0.00314732448825078	0.000853700307225792
0.00374663865928852	0.00208853969166439	0.0106242203140639	0.962319095576907	0.00627624692937591	0.000129944004439656	0.00254705109928621	0.0109748739757249	0.00129338974924968
8.89093639038086e-05	8.89093639215105e-05	8.89093639084182e-05	0.958574612907791	0.0242206660384457	0.0135528886640754	0.00320728557020612	8.89093638435879e-05	8.89093639042608e-05
0.0049112705239485	8.93407061817339e-05	0.00219353080939119	0.947671064704391	0.0234379014699256	0.00834570113766981	0.0102404063517676	0.00302144359054388	8.93407061808371e-05
9.324113445463e-05	9.32411345215202e-05	0.00896634737764704	0.963322663105089	0.0167719199983553	0.00736193307187997	0.00165310741130744	0.000151495466307171	0.00158605130043802
9.22236180968488e-05	9.22166163451416e-05	0.00139328482183971	0.954442689725936	0.0275637252622154	0.00720379176630071	0.00825720272371641	0.00086264184745165	9.22236180979287e-05
0.00720349815273041	0.00146479853169958	0.0329977504591979	0.926197359847383	0.00851042693621522	9.2671711608265e-05	0.0111312257417434	0.00933249486825908	0.00306977375116292
0.0043386805657648	0.00708587726655022	8.94197754248999e-05	0.969835727283904	0.0140224726725174	8.94197754712636e-05	0.00435956310962266	8.94197753239708e-05	8.94197754206592e-05
9.22525032616723e-05	0.0049075139717294	0.00384708865086673	0.959130907854307	0.0196134189700565	9.22525032125413e-05	0.0121320605399103	9.22525033905221e-05	9.22525032650147e-05
9.38491854571782e-05	9.38540212378848e-05	0.00123609917127818	0.959384936249835	0.0265260970689587	0.00159383868912606	0.00461305177270489	0.00636441982023339	9.38540211683033e-05
8.88428519185908e-05	8.88428518519545e-05	0.00118285572671678	0.95237443159717	0.0281539651504654	0.0122554051336044	0.00308019043699025	8.88428518880553e-05	0.00268662339939441
8.81444643955587e-05	0.00359210518336975	0.00167631606269409	0.957190549761856	0.0205629757285738	0.00789362115707488	0.00403012073558095	0.00162997780698337	0.00333618909947193
8.85952736278754e-05	0.00962525204186421	8.85952736264186e-05	0.958972698404519	0.0183317715319584	0.00709196453426798	0.00186640996827738	0.00171897861548407	0.00221573435637489
9.0488530488004e-05	0.00752147486338098	0.00445678264549977	0.928730081013398	0.0301046435052047	0.0135883840938505	0.0059340316863453	0.00155563267522662	0.00801848098660635
0.0064121179348886	9.12159592937459e-05	0.00643433843762565	0.947831311594724	0.0197097953049811	0.0132539154489782	0.00608487340102726	9.12159591861066e-05	9.12159592956537e-05
9.07792821797794e-05	0.00356841944315224	0.00161253311136784	0.968379562801328	0.0163288741673273	0.00733095654961215	0.00142716250555662	0.00117093285728714	9.07792821884226e-05
9.32886084230872e-05	0.00263573597301564	0.00304495461700446	0.969366931666268	0.0104918716949311	0.00997633545413305	0.00338220411682746	9.32886084040215e-05	0.000915389260993163
0.00617014096921183	0.00826312377087069	0.000126231541499896	0.950754015406808	0.0155461233240159	0.000126231541416752	0.00825935467083061	0.00369044018223829	0.00706433859310835
9.13118815284961e-05	0.0013494609099071	0.00591810895179581	0.943222007428811	0.029009692587111	0.00502148002676472	0.00705767914207042	0.00687449010573243	0.00145576896627871
0.00350079941963737	9.28698788195459e-05	0.0274276047961686	0.908129439194799	0.0139844069735126	9.28686661157076e-05	0.0236223303114274	0.0187223603372193	0.00442732042230047
0.00211356579814916	0.00376525138387975	0.0054157664801907	0.94648763331539	0.0201636982479788	0.0119262465064928	0.00758592824949328	0.000458662529163409	0.00208324748926237
0.000129104631531789	0.000129104631374019	0.00185329840893944	0.947536999705984	0.0337726645264042	0.00120319455462471	0.00415262713652371	0.0101485385366573	0.00107446786796019
0.0030779290149884	0.0080893080641332	0.00169609271476502	0.953621059816613	0.0252275043583001	0.00502932690649617	0.00308354230166821	8.76184115417704e-05	8.76184114935793e-05
0.000644099745825228	9.4627274298171e-05	0.00808357900914726	0.953551390033822	0.00636248302361068	9.46335284481587e-05	0.0134396189844368	0.0166454189364552	0.00108414946395612
0.000127058846807588	0.00751735773223919	0.000127058846875305	0.94858072778288	0.0146360440370237	0.00765188505145368	0.0109626161231328	0.000701617675960716	0.00969563390362701
0.00235847280828906	0.00849364311573905	8.78669768438115e-05	0.960595144277502	0.0168710249003711	8.78669768626703e-05	0.00990305246918444	0.00151506149837281	8.78669768352301e-05
0.000130928941058325	0.000332381687914188	0.00453648570435273	0.939273641328661	0.037087787252036	0.000130928940863897	0.00658053292614577	0.00745431903944347	0.00447299417952438
0.00264660179173533	9.10372680799774e-05	0.00549425575619067	0.95637273857365	0.0180125886496912	9.10372681089869e-05	0.00270342554616066	0.0077800208577823	0.00680829428860117
8.85065551588216e-05	0.00834220816045335	0.00248585698943921	0.976705018925638	0.00806873680927824	8.85065551901223e-05	0.00404415289446186	8.85065552738622e-05	8.85065551063292e-05
0.00191228296560636	0.000132019549865438	0.00549323270324411	0.961812308686439	0.0192260981635339	0.000964578251049483	0.00541391711413745	0.00491354301626187	0.000132019549862981
0.000438274665120577	9.39421027604418e-05	0.00775256614864485	0.96702491323377	0.00864596422541406	0.010706525267748	0.00438402643373727	9.39523984186321e-05	0.00085983552438619
9.33629221617487e-05	9.33629222232117e-05	0.00579230855061461	0.965751233195628	0.0206291248188636	9.33629222178354e-05	0.00156635063768109	0.00588753110843677	9.33629221730031e-05
0.00577373305655433	0.00876086705244061	8.90694346069479e-05	0.958194521714464	0.00826745123888256	8.90694345465045e-05	0.00931554124217992	0.00942067739172345	8.90694346021876e-05
9.15602793631814e-05	0.00376875812345004	0.004902423167331	0.957996939152972	0.0232272066198494	0.00763833176001647	0.00219166033813455	9.15602794681715e-05	9.15602794152105e-05
0.00265772935324467	0.00387263355933391	0.00440089332131335	0.946549531128954	0.0194923358925523	0.00725807466336865	0.00301962292515047	0.00134503417821813	0.0114041449778646
8.98448312178171e-05	0.00297583167565839	8.98448312264566e-05	0.956222208821525	0.0164886558974118	0.0170624846727422	0.00284127827619164	8.98448311442498e-05	0.00414000616288212
9.3204903906911e-05	9.3204903904298e-05	9.32049039143392e-05	0.965456389239423	0.0230675940841633	9.32049038629158e-05	0.0019562538492273	0.00195196900810572	0.0071949742034918
9.13972909810842e-05	9.13972909224842e-05	9.1397291019413e-05	0.983037845984115	0.010397840561093	9.13972910100978e-05	0.0032305270785063	0.00287679992133746	9.13972910151813e-05
0.000129233349981567	0.00390310923697506	0.000129233349983411	0.96164664977906	0.0175687480411186	0.00531364736256684	0.00335151553095894	0.00313023596778474	0.00482762738157102
0.00527416574889217	0.000131639588656832	0.0123602440529165	0.955924153153304	0.00736976903730935	0.00673647895825003	0.00599738522391841	0.00607452464797948	0.000131639588773084
8.99855977643081e-05	0.00386303151195598	8.99855977472653e-05	0.963681592969671	0.00901707386986368	0.00740312273019182	0.00541610986120925	8.99855977428385e-05	0.0103491122638541
0.00836122760269071	0.0223909557966907	8.89757866034351e-05	0.954543800921857	0.011946844485062	8.89757865902731e-05	0.000383264830048322	8.89757866116913e-05	0.00210697900384549
0.00211172812685667	0.000132126270289008	0.000132125822643667	0.948215490545224	0.0247469983583719	0.00347448877099777	0.00672778813808038	0.00692345253441307	0.00753580143312399
9.200956663474e-05	0.00397709511083808	9.20095666016672e-05	0.97489246398666	0.0118145527585956	9.20095665241067e-05	0.00377632791613243	0.00517152196141348	9.20095665998645e-05
0.00137224319861668	0.00755496177334213	0.00217612826927606	0.965970171998332	0.0124420967023215	8.87102069139215e-05	0.00358107392366729	0.00672590372062998	8.87102069000405e-05
0.00489950143070891	0.00784724322068287	8.82213451768244e-05	0.963390768830168	0.0129619016022991	0.00544810615399499	0.00516250079805959	8.82213451929463e-05	0.000113535273716784
9.55992868867741e-05	0.00138149154130657	0.00172511936816102	0.973696316295648	0.00778824667602411	0.00854364018230324	0.00377925077550475	9.5599286942391e-05	0.002894736587223
0.000133249078792826	0.000133249078820681	0.00485153447115777	0.967720676957043	0.0131085796506367	0.00647276523160132	0.00153554205876611	0.00406586105825819	0.00197854241492353
0.000132019504739847	0.00013201950489617	0.00249765577142081	0.95603433213438	0.0219049632486088	0.00635123412037927	0.00532704872177797	0.00700217557107247	0.000618551422724526
9.00193683084469e-05	0.0049765422963117	9.00193682700182e-05	0.970183918241839	0.00947738340978253	0.00609147128976905	0.00891060728917776	9.00193682743739e-05	9.00193682671363e-05
0.000728006947812867	0.000134031093186423	0.00471510232314858	0.960272399907036	0.0142382593648378	0.00732453832806491	0.00876409173034554	0.000134031093129771	0.00368953921243852
9.11140742054685e-05	9.11140742230644e-05	0.022556375476945	0.95988468823864	0.00749652084699101	9.11140741054006e-05	0.001282756513026	0.00841520262764535	9.11140742181665e-05
0.00086920311346245	0.0048524027891852	0.00668390017657635	0.955314423587158	0.0160358585116003	0.00904376892903739	0.00701912312928098	9.06598818384712e-05	9.06598818607322e-05
9.05658195035538e-05	0.00172417028343807	9.056581949406e-05	0.966660637948796	0.0176638267845268	0.00610583130265167	0.00400828463633734	0.00301441908712321	0.000641698318129202
9.05322764155841e-05	0.00634085258130928	9.05322764279133e-05	0.966152048349181	0.0152137883169017	0.00657457790887107	0.00535660373806932	9.05322763995674e-05	9.05322764247625e-05
0.00298132112229423	0.00154012941697392	0.000130797111950348	0.948415598505603	0.0308751176646474	0.000975077596153522	0.00921728628834819	0.00436886723273224	0.00149580506129739
0.000959818860435703	0.00841755209664548	8.96699357230049e-05	0.966919792907954	0.00991868744786432	0.00321740112863205	0.00695033766824964	0.00343707001877735	8.9669935718346e-05
8.92498962758523e-05	0.000728962872854553	8.92498963007439e-05	0.977927324671245	0.010109424164073	0.000853095190200821	0.00366630662194075	0.00475914745738217	0.00177723922972753
0.000128422758366321	0.00495327432614458	0.000567374069946127	0.960557135592914	0.0145226784194838	0.00411279623334206	0.0103408604559602	0.00330573393290417	0.00151172421093891
0.00212761842599762	0.0072237070354215	8.83644267829847e-05	0.967745518607447	0.00940971260856357	0.00601617393336054	0.00586879710741854	8.83644267108996e-05	0.00143174342829773
8.8623896764231e-05	0.00115867414161818	0.00130188920960479	0.955762988752183	0.0172853883954165	0.00810062444621953	0.007181218510181	0.00489447820216452	0.0042261144458489
8.9991316797361e-05	0.0030889902731758	0.00202838724634933	0.961545362604743	0.0222957700851599	8.99913167206315e-05	0.00675829672387694	0.00401321911639169	8.99913167857812e-05
0.00369136296022492	0.0129362879159319	0.000282514006897013	0.95094409440879	0.0147036416841664	0.00741795707910907	0.00689961460084602	0.000128312270819027	0.00299621507321592
9.06723453463296e-05	9.06723453510691e-05	9.06723453779738e-05	0.970477962832072	0.0134966738565178	9.06723453180965e-05	0.00590760592347841	0.00705056025021418	0.00270450775632413
0.00185981733352199	0.00344318413848672	0.00103919271319727	0.966121338288504	0.0135513155211475	0.000616300122709659	0.000957670536199785	0.0122800581477033	0.000131123198529709
0.00100133414318643	0.001754992458831	0.00193180432814779	0.9536112769954	0.0213285614048059	0.00470551612584438	0.00997341312408037	0.00402349357285335	0.00166960784685028
9.03480743408468e-05	0.00601667599550112	9.03480743290635e-05	0.971828199734491	0.0160965157757729	0.00194965043516467	0.00374756576166514	9.03480744003488e-05	9.03480743350133e-05
9.38732636150425e-05	9.38732636299304e-05	9.3873263629541e-05	0.962225853405102	0.0244921150698165	0.00250976080660612	0.0058980220280985	0.00449875563588219	9.38732636204228e-05
9.03784182437151e-05	9.03784182311571e-05	9.03784182556781e-05	0.953053786168184	0.023994383899601	0.0121445935863115	0.00822255346227945	0.000562537835141107	0.00175100979375208
0.003959409801569	0.00127625148935108	0.000125720355954389	0.955531298786127	0.024070284464257	0.00672510222495258	0.005434160389225	0.00275205213260816	0.000125720355955849
8.96048528543661e-05	0.0157391499288873	0.00429491717671403	0.947316349390134	0.02666077277073	8.96048528177973e-05	0.00356011718880259	0.00120650742815763	0.00104297641090266
0.00578246227822471	9.19470291285291e-05	9.19470290916768e-05	0.959040985088929	0.0189213232937693	9.19470290003387e-05	0.00772113846358921	0.00816630275918194	9.19470290852323e-05
0.0111696985023344	0.014950321754119	0.000125875209450959	0.949617250524235	0.0070423522935478	0.0048425439881915	0.00656117081276372	0.00556491170592983	0.000125875209427964
9.44490469422722e-05	0.000578595909755155	0.010892318625011	0.961555115914573	0.0110819238993378	0.00922407383190026	0.00204234090551278	0.00443673282004375	9.44490469242702e-05
9.01120579745329e-05	0.00529637095235851	9.01120579866156e-05	0.968228069716223	0.0121110915138981	0.0116686435545302	0.00233537603117684	9.01120578671817e-05	9.01120579854105e-05
0.000959241138828344	0.000131319937668659	0.00724397993202777	0.953751678278379	0.0223622621389155	0.00908164364400997	0.00335194642103099	0.00298660857128225	0.000131319937857768
0.000127181177436041	0.00388901494074677	0.00244550627601735	0.942214945745189	0.0200877713552797	0.0065697650477928	0.0064887763584305	0.000127181177468523	0.0180498579216393
0.0101985958416388	0.00573473691027494	8.92168963265062e-05	0.955429760692803	0.0145994865944048	0.00266014092013278	0.00585300819066511	0.00333632859424261	0.00209872535951128
9.05882735634099e-05	9.05882735559863e-05	0.00340182837201197	0.960066232290703	0.0138000257962198	0.00478685118740152	0.00885070523276473	0.00882259230023034	9.05882735496048e-05
0.00322336244854049	9.19395868492918e-05	0.000452113513500756	0.963787786554786	0.02054811194147	0.0106935274277171	0.0010192793534219	9.19395868546526e-05	9.19395868594109e-05
0.0039345272675075	0.00229250839175569	0.0658693960436998	0.895749501422429	0.0101234394519846	0.000129713080151961	0.00367411209884121	0.0180970891634417	0.000129713080188777
