Basophils	Bcells	CapsularFibroblasts	cDC1s	cDC2s	CentralVeinEndothelialcells	Cholangiocytes	Fibroblasts	Hepatocytes	HsPCs	ILC1s	Kupffercells	LSECs	LymphaticEndothelialcells	Mesothelialcells	MigcDCs	MonocytesMonocytederivedcells	Neutrophils	NKcells	pDCs	PortalVeinEndothelialcells	Stellatecells	Tcells
0.00318156292237113	3.52058574336192e-05	0.00739941014329856	0.0193792015072644	0.0203371230527325	0.0037983938103735	3.52058574330762e-05	3.52058574330753e-05	0.823219542132575	3.52058574330757e-05	3.52058574330761e-05	0.0452300011385745	0.0490459464148509	3.52058571016696e-05	6.22023093651574e-05	3.52058574330761e-05	0.00538233211764239	3.52058579768511e-05	3.52058574407555e-05	0.0105936686163045	0.00130826023379385	0.0107102970263025	3.52058574330755e-05
0.00458069511144756	3.49572653873392e-05	0.00594405309780797	0.0226015547815392	0.00600720138875827	0.0144694052571783	3.49572653854605e-05	3.49572653854658e-05	0.828995479991064	0.00379115576074688	3.49572653854585e-05	0.0376923636439319	0.0403287487805981	3.49572658797472e-05	3.49572653854604e-05	3.49572653854621e-05	0.0177835634262184	3.49572661369136e-05	3.49572653860624e-05	0.00774059037620495	3.49572653853446e-05	0.00968065846401581	3.495726538546e-05
0.00103511362626182	3.61398860814671e-05	0.00104004632175479	0.0616591281479126	0.00244561696961377	0.0106081615349286	0.00177134361915033	3.61398860855648e-05	0.865942890557885	3.61398860855656e-05	3.61398860855716e-05	0.02599780902692	0.0242764977270707	3.61398860086973e-05	3.6139886085565e-05	3.61398860855657e-05	0.00112590883636588	3.61398857294746e-05	3.61398860807632e-05	3.61398860855653e-05	3.61398860859962e-05	0.00366380499955069	3.61398860855663e-05
3.55767110056599e-05	3.55767110119125e-05	0.0165655349859336	0.0312828244641809	0.00650496220273667	0.00793974885688795	5.70141584483165e-05	0.00403792933827473	0.826982566648861	0.00235655241218235	3.55767110048622e-05	0.0426381981337065	0.0313696188410257	3.5576711312463e-05	3.55767110048543e-05	3.55767110048543e-05	0.0180640670992716	3.55767096135643e-05	3.55767110141182e-05	3.5576711004854e-05	0.0011210441505055	0.00306368335335813	0.00769606495664983
0.000822401724397667	3.71817723821971e-05	0.0150871689276357	0.0152606383974148	0.0126941472057987	3.71817723815481e-05	0.00701515097306599	3.71817723815528e-05	0.810915083553718	3.71817723815506e-05	0.00157150756217738	0.0623166882415828	0.0259377842916908	3.71817726643996e-05	3.71817723815501e-05	0.0103871935124141	0.018616603392169	0.00144960799354937	3.71817723833926e-05	0.00555814803867638	0.00346787993453196	0.00860254207183982	3.7181772381551e-05
3.50491366541839e-05	0.00459039749379808	0.0190586907347926	0.0247888068217558	0.0250745541781061	3.50491366519741e-05	3.50491366519751e-05	3.50491366519751e-05	0.832184912158247	3.50491366519758e-05	3.50491366519745e-05	0.0288206019160364	0.0443495203952884	3.5049136902342e-05	3.5049136651974e-05	0.00153569995649769	0.00256073108603774	3.50491372281342e-05	3.50491366471091e-05	0.00305856169072642	3.50491366520732e-05	0.0135569339280664	3.50491366519747e-05
2.42118036493957e-05	0.0101782169791434	0.00440486231998402	0.030299108559031	0.00896689375530249	2.42118036467011e-05	0.000140098627569912	2.42118036467013e-05	0.819368065307145	0.00682332576440626	2.42118036467056e-05	0.0388452049718362	0.0532960706806101	2.42118041197929e-05	2.42118036467006e-05	2.42118036467014e-05	0.00826318652175647	2.4211806585946e-05	2.42118036452138e-05	2.42118036467014e-05	2.42118036466981e-05	0.0191244248660416	2.42118036467009e-05
0.00408605004023233	0.0143552272363924	3.55766824000419e-05	0.0228746366100987	0.00885623422315498	3.5576682400041e-05	0.00124042516238197	3.55766824000477e-05	0.815390676099459	0.000684188439169333	3.55766824000383e-05	0.06076603038353	0.0474129122583221	3.55766825924881e-05	3.55766824000411e-05	3.55766824000414e-05	0.00635978641762169	3.55766824113942e-05	3.55766823954447e-05	8.6301580897555e-05	3.55766824005568e-05	0.0174961880421396	3.55766824000409e-05
0.00447357084878013	3.41656168801985e-05	3.41656169032575e-05	0.0338050400659032	3.41656169032576e-05	3.4165616903261e-05	0.00196075209802156	3.41656169032577e-05	0.798226826067807	3.41656169032563e-05	3.41656169032475e-05	0.0477621663365794	0.0611890321654786	3.41656170620717e-05	0.00313460597915307	0.00136051358102774	0.0195250549142273	0.000605995156271129	3.41656168933652e-05	0.000449874740065231	3.41656169033466e-05	0.0271307462606245	3.4165616903263e-05
0.00198684458001088	3.54489274691871e-05	3.54489274718785e-05	0.0239352070762681	0.0135998301932443	0.0263241785267896	5.48503051712986e-05	3.54489274718789e-05	0.863302432281518	3.54489274718783e-05	3.54489274718796e-05	0.0502750767942066	3.54489274718799e-05	3.54489271282167e-05	3.54489274718772e-05	0.013664062788177	3.544892747188e-05	3.54489274737146e-05	0.0026140080748334	3.54489274718786e-05	0.00127767444629748	0.00254044780416496	3.5448927471884e-05
0.00669405763314403	0.00681893831329849	0.00842759745678736	0.0657198754417958	0.000404490433352747	6.56113008629209e-05	0.0065730483770071	3.43285677715702e-05	0.775275936169611	3.43285677715681e-05	3.43285677715667e-05	0.0500081683943647	0.0319613741469729	3.43285682952396e-05	3.43285677715723e-05	3.43285677715686e-05	0.0170911950540352	3.43285677851621e-05	3.43285677739027e-05	0.000213523259216028	3.43285677720596e-05	0.0304028983412963	3.43285677715672e-05
2.47785824821394e-05	0.00601868563686723	0.0075786669551612	0.0447519197462516	2.47785824755035e-05	0.0286160791335659	0.0024765394044605	2.47785824755019e-05	0.837728927374621	2.47785824755038e-05	2.4778582475504e-05	0.0280905269220482	0.0201717859617006	2.47785829613383e-05	3.51375865624324e-05	0.00254948607571878	0.00199576185127322	2.47785833988709e-05	2.4778582479646e-05	0.00691755685312274	2.47785824755033e-05	0.0128211406724702	2.47785824766649e-05
2.34114305609419e-05	2.34114305506353e-05	0.022069177797303	0.018226466894269	2.34114305583901e-05	0.0374672973873686	5.49881168953106e-05	0.00425662055892573	0.783042186842089	2.34114305583913e-05	2.34114305583776e-05	0.0379669506132898	0.0446171748601293	2.34114309295174e-05	2.3411430558391e-05	0.015531295969707	0.0126964011246285	2.3411431252987e-05	2.34114305608007e-05	0.00514953169999042	0.00164320925979551	0.0170445845689616	2.34114305583914e-05
0.00263405330622856	2.46869104622599e-05	0.00589665821892343	0.032578713703088	2.46869104622638e-05	2.46869104622596e-05	4.54072921291101e-05	2.46869104622586e-05	0.80759367038151	0.0109143917708857	2.46869104622633e-05	0.0654692430394231	0.0380135301584053	2.4686910278708e-05	2.46869104622598e-05	2.46869104622607e-05	0.0142894378397	2.46869085496941e-05	2.46869104622593e-05	3.26287266912209e-05	2.46869104622598e-05	0.0151726874564739	0.00708802209355308
0.00390640831064217	3.5848654621004e-05	0.0142192211156319	0.0315730098271876	3.58486546161388e-05	3.5848654616142e-05	0.0338474690645955	0.000777665382995528	0.812310001502949	3.58486546161389e-05	0.00284650533979676	0.01855092076239	0.0308730330516648	3.58486540187825e-05	3.58486546161382e-05	3.58486546161388e-05	0.0102318002777479	3.58486546228258e-05	3.58486546217699e-05	0.0193146857971257	0.0150912929487178	0.00526101774487475	0.000874330982714938
0.00608795288655509	3.57773314961535e-05	0.00490488939955707	0.0141962661047565	0.0256940390421907	3.57773314932874e-05	0.00359605294792095	3.57773314932846e-05	0.807307079762417	3.5777331493285e-05	3.57773314932839e-05	0.0279449546412633	0.0334315024230053	3.57773313732972e-05	0.0111725944729609	3.57773314932851e-05	0.0186099934550389	3.57773323230135e-05	3.57773314923128e-05	0.00885020704554638	3.57773314932831e-05	0.0378109171716498	3.57773314933278e-05
0.000905125025623821	3.57692603008704e-05	0.00215277640184699	0.019719973571083	0.0289348721306813	3.57692603008693e-05	0.00602940577755446	3.57692603008704e-05	0.840590601656784	3.57692603008695e-05	3.57692603008759e-05	0.03617631124517	0.036679787713665	3.5769260568212e-05	3.57692603008714e-05	3.57692603008702e-05	0.0136574517317039	3.57692582460659e-05	3.57692603066926e-05	3.57692603008702e-05	3.57692603010333e-05	0.0146886943637574	3.57692603008683e-05
3.47827984536688e-05	0.00873247824961314	3.47827984548224e-05	0.0306160175079376	0.00543228046923747	3.47827984548208e-05	3.47827984548224e-05	0.00482137611088608	0.815276657123296	5.91932338826421e-05	3.47827984548221e-05	0.063196139692876	0.0133239576311342	3.47827979942085e-05	3.47827984548225e-05	0.00302827420972026	0.0141043775706273	3.47827984477639e-05	3.47827984582586e-05	0.0127319508262679	0.00672372917115314	0.0155086000182093	0.00613192299953027
0.00533887047324026	3.56712468661244e-05	3.56712468695353e-05	0.030530264102552	3.56712468695355e-05	3.56712468695362e-05	0.0131012392179269	0.00900069846769222	0.796774525392775	3.56712468695355e-05	3.56712468695363e-05	0.0511155655574872	0.0439912026562879	3.56712482340778e-05	3.56712468695347e-05	0.000306469691923888	0.0105387964780085	3.56712461977206e-05	3.56712468685477e-05	0.000465212567760739	0.0186543461936125	0.0197904254844771	3.56712468724209e-05
1.74057856713923e-05	1.74057856713838e-05	1.74057856713921e-05	0.0104730722703177	1.74057856713933e-05	0.0242456524127107	0.0178597533259735	1.74057856713916e-05	0.827442647829075	2.08394485699775e-05	1.74057856713918e-05	0.0619959825268927	0.00300812605915346	1.74057860210847e-05	0.0191378764937759	0.00491590706058137	0.0119907178953933	1.74057856106466e-05	1.74057856756201e-05	0.0105507534740963	1.74057856713904e-05	0.00816720756078228	1.74057856713956e-05
0.0120893493234248	2.36568731648518e-05	0.0113755353741691	0.0271236773326368	2.36568731648823e-05	2.36568731648843e-05	0.0318086817294799	0.0197950813522452	0.728439869783013	0.0155332290365069	2.36568731648827e-05	0.0469673563716557	0.000811897107454026	2.36568730791008e-05	2.73583598169014e-05	2.36568731648849e-05	2.36568731648861e-05	2.36568729761352e-05	2.36568731660096e-05	0.0219604606509039	0.0703538510360839	0.0134770838112339	2.36568731648884e-05
3.62441660614144e-05	0.00529429453929005	0.000396398007336018	0.0369106280875491	3.6244166061415e-05	3.62441660614078e-05	0.00711180981821147	3.62441660614153e-05	0.801890252858314	0.00213732676742953	3.62441660614151e-05	0.0644413867377389	0.0580191318897363	3.6244166465652e-05	3.6244166061412e-05	3.62441660614155e-05	0.0128659295155785	3.62441658509608e-05	3.62441660633182e-05	3.62441660614152e-05	3.62441660614234e-05	0.00838587911822716	0.00211203266765607
0.00218101986950187	0.000777178144169055	0.00693523127964747	0.0210128375083717	0.0157557896246642	3.60579028887566e-05	4.21656790371505e-05	3.60579028887566e-05	0.857474326655825	3.60579028887568e-05	3.60579028887551e-05	0.0357590936506219	0.0259598541453773	3.60579025641636e-05	3.60579028887554e-05	0.0027520956230175	0.00776423818818	3.60579045632184e-05	0.00146415601466248	0.0173092022182648	3.6057902888757e-05	0.00448829027130927	3.60579028905496e-05
0.0045530017070486	2.59663965368877e-05	0.00397165084248277	0.0347503554268813	2.59663965386825e-05	2.59663965386887e-05	2.5966396538684e-05	2.59663965386845e-05	0.848958423871305	0.00124788567948411	2.59663965386813e-05	0.03789835886072	0.0348466665273163	2.59663964950676e-05	0.00344035601078483	2.59663965386839e-05	0.00986547361596169	2.59663959884221e-05	2.59663965355363e-05	0.00726740694139725	2.59663965386193e-05	0.0128888237587523	2.59663965386848e-05
3.41366856774898e-05	3.41366856853749e-05	0.00401707253909386	0.0338737181713107	0.0247825240412836	0.00878016292092259	0.00162792480769778	3.4136685679091e-05	0.781958128941168	3.41366856792248e-05	3.41366856792275e-05	0.0670541959512574	0.0346970763551644	3.4136687245268e-05	3.4136685679225e-05	3.41366856792252e-05	0.014689468686495	3.41366855512406e-05	3.41366856788373e-05	0.00211295421947158	3.4136685679228e-05	0.0241730804176791	0.00185818940454261
0.000866570217655839	0.0194289954236047	0.00848902404606743	0.0439758136155516	3.48098751238928e-05	0.0244373538115401	0.00252060777655499	3.48098751238912e-05	0.790335257895203	0.00344842996719367	3.48098751238936e-05	0.0608728540292222	0.0193706169764014	3.48098748017776e-05	0.000257129187690545	0.0068075723024096	0.0044496163373748	0.00133674345576707	3.48098751286678e-05	3.48098751238926e-05	3.48098751238639e-05	0.0131249359570885	3.48098751238932e-05
0.00022006307085509	2.41250805424943e-05	0.00360112578751902	0.0277821767589244	0.00954963931107258	0.0178993691106741	7.67945085102441e-05	0.000357120721088213	0.816204586756638	0.000902211012427793	2.41250805430481e-05	0.0395694571098178	0.047101315768514	2.412508013585e-05	0.00256665273082782	0.00367634435316367	0.010593610928127	2.41250796203697e-05	5.48665685445276e-05	0.0013444934958082	2.41250805433053e-05	0.0183554215255592	2.41250805429391e-05
2.49775115058774e-05	0.0090619605048924	2.49775115032428e-05	0.0256893876172099	0.000608762864493273	0.00380817957375259	2.49775115032429e-05	2.49775115032434e-05	0.802952088182985	0.00100027491763638	0.00301337089173848	0.075809606370471	0.0331325546809316	2.49775108222592e-05	0.0102083811345044	2.49775115032429e-05	2.49775115032428e-05	2.49775116264161e-05	2.49775115027125e-05	0.00927538992130225	0.00826852549114674	0.0169217427344591	2.49775115032437e-05
2.47562948821341e-05	0.00596231145474912	0.00116592077471488	0.0361944810602919	0.00749304640266409	0.00276974749678037	0.0015807213221933	2.4756294891191e-05	0.865754069195647	2.47562948911912e-05	2.47562948911829e-05	0.0300176104552197	0.0254929905090393	2.47562948450533e-05	2.47562948911878e-05	2.47562948911898e-05	0.00382791674596182	2.47562940717602e-05	2.47562948977879e-05	2.47562948911906e-05	0.00510333190067119	0.00430210581438417	0.0100881839196389
3.49893206271626e-05	3.49893206231171e-05	0.00566702291695049	0.0200438215153364	0.00776315102542218	0.00980080568857177	0.00494711840970823	3.49893206195545e-05	0.809251435748544	0.00202927572542559	3.49893206195546e-05	0.0331318271275048	0.0339310115630187	3.49893200316809e-05	0.00795698358710068	0.000347577070928097	0.0110905324650642	0.00301866828890691	3.49893206277111e-05	0.0105393052136971	0.00905452114193716	0.023723803057634	0.00749320353110053
3.52063512243034e-05	3.52063512233294e-05	0.0113114724620953	0.0353354133608152	3.52063512228489e-05	3.52063512229064e-05	0.0677052712449975	0.0264067317769005	0.75470728141009	0.00239332252978423	3.52063512228519e-05	0.0315454138192696	0.0445172111895309	3.52063511988555e-05	0.00952431154446807	3.52063512228502e-05	0.00954710158071911	3.52063512182248e-05	3.52063512255087e-05	3.52063512228492e-05	3.52063512228501e-05	0.00658399286667913	3.52063512228524e-05
0.0108082752666672	2.52312458434869e-05	2.52312458593139e-05	0.00920918140353135	0.0167675750030358	2.52312458593154e-05	0.00913694477000368	0.00283394495568334	0.82412422115304	2.52312458593142e-05	2.5231245859308e-05	0.0411745869816723	0.0516419414153505	2.52312455341866e-05	2.52312458593124e-05	0.00808648894947933	2.5231245859314e-05	2.52312458294382e-05	2.523124586161e-05	2.52312458593132e-05	0.00841498118253189	0.0174990839690612	2.52312458593203e-05
3.36345667752398e-05	3.36345667776923e-05	0.0171177518673253	0.0486618290139136	3.36345667743378e-05	0.0623730236651871	3.36345667743409e-05	3.36345667743429e-05	0.758222214780518	0.0130065546226581	3.36345667743341e-05	0.0319555340168861	0.0231624911909829	3.3634565869982e-05	3.36345667743407e-05	3.36345667743402e-05	3.3634566778155e-05	3.36345674779646e-05	3.36345667741251e-05	3.36345667743383e-05	0.00439292422968223	0.0406367926781986	3.36345667743404e-05
0.00136945090430264	2.56038228232897e-05	0.0052919912783314	0.013138426406906	2.56038228289686e-05	0.0135539386246345	0.0312482154932259	2.56038228289714e-05	0.845368932263893	3.49261945663901e-05	2.56038228289705e-05	0.048803706002605	0.0188604610906443	2.56038228453509e-05	2.5603822828973e-05	0.0121358459786935	2.5603822828572e-05	2.56038228220014e-05	2.56038228295169e-05	2.56038228289726e-05	2.56038228287914e-05	0.00988685988824591	2.56038228289711e-05
2.47970862901588e-05	2.47970862927614e-05	0.0126774777166254	0.0543052192435349	2.47970862927658e-05	0.00164226082077505	0.000207285786445273	2.47970862927646e-05	0.852397391624375	2.47970862927641e-05	2.47970862927631e-05	0.0207788178316006	0.0423054779331789	2.47970864097987e-05	2.68669013330316e-05	2.4797086292763e-05	2.47970862895708e-05	2.47970863029729e-05	2.47970862934844e-05	0.00868342344690772	2.47970862900969e-05	0.0066534165732982	2.47970862927645e-05
0.00665652218162629	3.64653695070379e-05	3.64653695101971e-05	3.64653695101967e-05	0.0112621602312945	0.00674379196366142	0.0114112629063774	0.00454815077955493	0.822491900846008	0.001164856224878	3.64653695101993e-05	0.0686745190573384	0.0251781985187819	3.64653697874542e-05	3.64653695101988e-05	0.00397570934235136	0.0214467396506216	3.64653695136875e-05	3.64653695123121e-05	3.64653695101963e-05	3.64653695101957e-05	0.0160450692326141	3.64653695101747e-05
2.44814433055266e-05	0.00270725292294413	0.0155071190079971	0.0361956534809673	0.00535153551898877	0.0151155690558577	3.01358244252896e-05	0.0012615308437778	0.818626885321229	2.44814433055265e-05	2.44814433055276e-05	0.034512623820517	0.0313055441384432	2.44814439086416e-05	2.69013407098702e-05	2.44814433055269e-05	0.00595768854796655	2.4481438783189e-05	2.44814433001231e-05	0.00753480213166286	2.44814433067962e-05	0.0256464250586874	2.44814433055267e-05
3.57974986924737e-05	0.00121984851937914	3.57974986817024e-05	0.0199790834263774	0.0278359356527013	3.57974986817015e-05	0.00684336112840921	3.57974986817022e-05	0.821648057742221	0.00156236942204498	3.57974986817007e-05	0.0407839953843963	0.0462635990621974	3.57974986957822e-05	3.57974986817006e-05	0.00101911144266261	3.5797498688723e-05	3.57975003153154e-05	3.57974986746432e-05	3.57974986817024e-05	3.5797498681689e-05	0.0180547039336088	0.0143603643001632
0.00598835426943523	2.57426569034292e-05	0.00166103762166209	0.0168080470142208	2.57426568989945e-05	0.0108985914974381	0.00517452867551258	2.57426568989948e-05	0.842354524319175	3.76225043143257e-05	2.57426568989942e-05	0.0552711577464659	0.0340107420271306	2.57426565875129e-05	2.57426568989938e-05	2.57426568989948e-05	2.57426568978839e-05	0.00252726890326596	2.57426568995046e-05	0.0143042669006076	0.000542276226658613	0.0101641557254312	2.57426568989979e-05
0.00429126258776208	0.00294373522893947	2.48915906785867e-05	0.021532436784489	2.48915906785878e-05	2.48915906785882e-05	2.48915906785891e-05	2.48915906785886e-05	0.813954618905256	2.48915906785852e-05	2.48915906785892e-05	0.0376823659186078	0.0472423447753596	2.48915904915024e-05	0.0186631800264738	2.48915906785873e-05	0.00404798490535944	2.48915899243604e-05	2.48915906806461e-05	0.0174584129730379	2.48915906784993e-05	0.0260063658136831	0.00587859299382752
3.49138319173604e-05	0.00274384072208515	0.00541544166996465	0.032026718204861	0.00655153485652888	0.00684844131239878	3.4913831916444e-05	3.49138319164466e-05	0.830272067791207	0.00379948918631353	3.49138319164442e-05	0.0463227501821886	0.0301743401671078	3.49138320201952e-05	3.49138319164441e-05	0.00167504338033385	0.0118356917327526	0.000952534042326516	3.49138319196907e-05	3.49138319164441e-05	3.49138319169929e-05	0.0189634036837289	0.00210447858084607
3.54225485629124e-05	0.0108099914488178	3.54225485629098e-05	0.00917545311683921	0.0534237917062296	0.00219746996187816	0.00695174587817325	3.54225485629125e-05	0.793405119589015	3.54225485629136e-05	3.5422548562921e-05	0.0602435854304336	0.0200688019718648	3.54225485621273e-05	3.5422548562911e-05	3.54225485629164e-05	0.0139282249316153	3.54225485573033e-05	3.54225485598577e-05	0.00312590160551423	3.54225485629377e-05	0.0112084771779521	0.0150717891474844
0.000621505834622919	3.47028525575599e-05	0.00301007254046093	0.021470089820114	3.47028525575724e-05	0.00961024087168348	3.47028525575725e-05	0.00567493287421854	0.810453382267464	0.00500849295639742	0.00739366527443454	0.039294777660741	0.0388950134851257	3.47028517139473e-05	3.47028525575699e-05	0.00995397465896511	0.0225220482170024	3.470285254684e-05	3.47028525575723e-05	0.00446128891176025	0.00690107371219693	0.0144518180952065	3.47028525575712e-05
3.57653462341357e-05	3.57653462341383e-05	0.00381788646339067	0.0282573971680626	0.00942237920009785	3.5765346234137e-05	3.57653462341351e-05	0.000719758321158828	0.81967088605161	0.0142445535282732	3.57653462341315e-05	0.0490095933838084	0.0465967794125181	3.5765345347937e-05	3.57653462341347e-05	3.57653462341358e-05	0.0100627047622945	3.57653466546899e-05	3.57653462319311e-05	0.0146454341948681	0.00312344335957429	3.57653462359198e-05	3.57653462341331e-05
0.00172573225200709	2.53698784348999e-05	2.53698784309823e-05	0.000481603957731989	2.53698784309822e-05	2.53698784309838e-05	0.00379296034286747	2.53698784309778e-05	0.8180389814779	0.0202031946656369	0.000241525230902926	0.026983482635529	0.0375024699105472	2.53698783725103e-05	0.0108950561559126	0.0112240947606336	0.0169663354679536	2.53698784286968e-05	2.53698784325515e-05	0.0114001104798049	0.0112719575989688	0.0290441661577803	2.53698784309776e-05
3.70535861234452e-05	3.70535861649825e-05	3.70535861195638e-05	0.0224081598640499	0.00549654151496861	3.70535861195605e-05	0.00346585706554038	0.00317393543751175	0.859885669625233	0.00107190819186309	3.7053586119566e-05	0.0381624291939423	0.0289957445321585	3.70535857740088e-05	3.70535861195633e-05	3.70535861195636e-05	0.0207645923160409	3.70535865335247e-05	3.70535861174637e-05	3.70535861195642e-05	3.70535861195056e-05	0.00262455316133961	0.0135059660638015
2.47665912757312e-05	0.00634862848389358	0.00372173964392793	0.056411758381578	2.47665912742192e-05	0.00897545728786023	0.00174843739290397	2.4766591274212e-05	0.824230957328229	2.47665912742219e-05	2.47665912742093e-05	0.0326571772293214	0.0372698823862325	2.4766591252937e-05	2.47665912742212e-05	0.00213862625724662	2.47665912742212e-05	2.47665912723485e-05	2.47665912810821e-05	2.47665912742215e-05	2.4766591274796e-05	0.0261753699222561	2.47665912742161e-05
0.00253251747687997	3.51663499427391e-05	3.51663499395581e-05	0.0417224622987522	3.51663499395587e-05	0.01584211509437	3.51663499395575e-05	3.51663499395589e-05	0.817805522328716	0.000277695850993699	0.00173439987143975	0.0568939306884138	0.00572559850621401	3.5166349601063e-05	0.00774005967464386	0.00155001341606509	0.00700248230365228	3.51663499454911e-05	3.51663499420817e-05	0.00193356833439893	0.0134260501524385	0.0194435558500244	0.00608869735380788
0.00163285734492438	0.00289335844324941	0.000418987672104918	0.0284401408190002	0.0101688339060172	3.57558524264244e-05	3.57558524264312e-05	3.57558524264326e-05	0.802497436877354	0.00832852729622675	3.57558524264438e-05	0.0571463229485592	0.0544689825663405	3.57558521291931e-05	3.57558524264311e-05	0.000858233703983129	0.00382003403107585	0.000330974919268297	3.57558524231247e-05	3.57558524264309e-05	0.00834724759149467	0.0203262592088625	3.57558524278645e-05
3.65941298942736e-05	3.65941299112301e-05	0.00481306923423987	0.0362393262838504	3.65941298923254e-05	0.00242118300420933	0.00961661198939789	0.00215103651285121	0.82753361999616	3.65941298923252e-05	3.65941298923378e-05	0.0490754636753886	0.0330902651644674	3.65941301556015e-05	0.00208169923862027	0.000241051934760039	0.00840172599515408	3.65941298937073e-05	3.65941298963797e-05	7.45638141789971e-05	0.0123862120310402	0.0115448239563591	3.65941298941031e-05
2.36903785912649e-05	0.00195725952148475	0.00251069984177379	0.0387017674326191	2.36903785912822e-05	0.0217549891247362	6.10171904352996e-05	2.36903785912904e-05	0.781663772473466	0.0151592284317543	2.36903785912824e-05	0.0630208476932892	0.0138258395952247	2.369037863821e-05	0.0105203265375936	0.0204850866251431	0.0181252717234305	2.36903785907383e-05	2.36903785912771e-05	2.36903785912827e-05	2.36903785912806e-05	0.0119769900230906	2.36903785912824e-05
0.00336930125145926	3.34167413913236e-05	0.0236601247313866	0.0469726076002837	3.34167413913261e-05	0.00624257405413728	0.056326678941461	0.0446552234378994	0.690552597697631	0.00605325531844339	3.34167413913273e-05	0.0151381368909441	0.0226884401775469	0.00216277839204693	3.34167413913261e-05	3.3416741391326e-05	0.0185828260119004	3.3416741214388e-05	3.3416741392557e-05	3.34167413913239e-05	0.038645777201918	0.0246489276205959	3.34167413913227e-05
0.001015314794908	3.60422111004708e-05	0.0112394241101359	0.0252811533146708	0.00791788063720456	3.60422111029925e-05	0.00946211956621392	0.00421005255020571	0.830033984509792	0.0117722916271808	3.6042211102997e-05	0.0235260909811209	0.03985523959887	3.60422113454446e-05	0.00716016417954394	3.60422111030007e-05	0.0116084501594881	0.00102872727129622	3.60422111071533e-05	0.00767075917771512	3.60422111030004e-05	0.00793000983258603	3.60422111030014e-05
0.000893393480947389	0.0017928828885919	0.013505269586182	0.0504700826376127	0.0235872988835929	0.014129379841234	3.57698786121084e-05	3.57698786127576e-05	0.81804086438105	3.57698786127605e-05	3.57698786127502e-05	0.0276266694841974	0.0199533704345396	3.57698786319312e-05	3.57698786127606e-05	3.57698786127606e-05	3.57698786126218e-05	3.5769878602425e-05	3.57698786150802e-05	3.57698786127544e-05	3.57698786105612e-05	0.0132475858610082	0.0163239639776822
0.00233193174104526	3.4993615725342e-05	3.4993615724274e-05	0.0310318248588719	0.00294850891258285	3.49936157242742e-05	0.00110861692373167	3.49936157242745e-05	0.822566354822773	0.000492617447252104	3.49936157242682e-05	0.0593081873111689	0.02720596963948	3.49936164402784e-05	0.00475557882265689	0.00851036888604837	0.0207207621150799	3.49936170567871e-05	3.49936157227956e-05	3.49936157242731e-05	3.49936157234413e-05	0.0106295071081997	0.00803983525181961
0.00792879723577608	0.00250996020097902	2.82392702889855e-05	0.0150805478520118	0.0102349307126618	2.52619960836845e-05	0.00736173512022504	2.52619960836549e-05	0.823493736595146	2.52619960836611e-05	2.52619960836602e-05	0.0555252251908659	0.0344877440853252	2.52619961099085e-05	0.00217500630111734	2.52619960836595e-05	0.0134377699651439	2.52619962185026e-05	2.52619960836542e-05	0.00884383264397562	2.52619960836604e-05	0.0159591109707569	0.0027060058908123
3.35321742207385e-05	3.35321742205873e-05	0.0367487677405559	0.0263467589597529	0.0210808238101812	0.0753711519275924	6.3098060925556e-05	0.000307629113292512	0.764480270662997	3.35321742205882e-05	3.35321742205889e-05	0.0377409302263502	3.35321742205754e-05	3.35321741782845e-05	3.35321742205822e-05	0.00137227813659027	0.000395195083809671	3.35321742327816e-05	3.35321742191419e-05	0.00404455255952582	3.35321742205907e-05	0.0316796898020314	3.35321742205891e-05
0.00504250742118599	3.59262288877495e-05	0.00423255846499395	0.0404039465474042	3.5926228878139e-05	3.59262288781389e-05	3.59262288781172e-05	3.59262288781399e-05	0.83133068023594	3.59262288781355e-05	0.00724619452668843	0.0507951455703355	0.0424746519970476	3.59262285075433e-05	3.59262288781374e-05	0.00955112637488627	3.59262288780783e-05	3.59262288742591e-05	3.59262288798826e-05	3.59262288781391e-05	3.59262288781243e-05	0.00837428939298062	8.18584934847315e-05
3.53450564770517e-05	3.53450564681746e-05	0.00833778117241761	0.0499387236174804	3.53450564663727e-05	0.00390029673459599	0.002077175767253	0.000391942744407335	0.810644103027694	3.53450564663679e-05	0.00268741963199912	0.0381308010770804	0.0364957156874988	3.5345056432231e-05	3.53450564663713e-05	0.00239630239407506	0.00568128482747894	3.53450564609235e-05	3.53450564680424e-05	3.53450564663689e-05	0.00279406465932885	0.0211778075346157	0.0150284756159026
0.00167618506124656	2.5332189148986e-05	0.00373477641591397	0.0299498573567087	2.53321891608678e-05	2.53321891608652e-05	0.0124340785298959	0.0149012431253697	0.837884634418806	3.32195145870725e-05	0.00128029977403961	0.0380051665921878	0.0127161364482922	2.53321896476366e-05	3.18628823683219e-05	0.00248416370385881	0.000884140768944099	2.53321923246876e-05	2.53321891622995e-05	2.53321891608656e-05	0.0273293016404309	0.00680646244909172	0.00967114599049245
3.69277164130121e-05	0.0079272134252041	0.00373438986310821	0.0354635082562449	3.69277164069431e-05	3.69277164069448e-05	0.0125919850183623	3.69277164069437e-05	0.835815441842692	3.69277164069437e-05	3.69277164069444e-05	0.0452400253836621	0.0367586811139268	3.69277165214125e-05	3.69277164069428e-05	0.00739532873588749	0.0117364472877445	3.69277130223554e-05	3.69277164069898e-05	3.69277164069436e-05	3.69277164069435e-05	0.00285691876313923	3.69277164087883e-05
2.47773957847807e-05	0.00249626963000657	2.47773957847809e-05	0.0142019563277798	0.0259751636027964	2.47773957847851e-05	4.08699236420647e-05	2.47773957847848e-05	0.806728784068741	0.000984834167946397	2.47773957847676e-05	0.0760958578640374	0.0284552111327772	2.477739597001e-05	0.0190037339791651	2.47773957847807e-05	0.00896986186671926	2.47774003053328e-05	2.47773957896583e-05	2.47773957847788e-05	0.00104694756468284	0.0157279585133627	2.47773957847807e-05
0.00245740353643289	2.37940020708333e-05	0.00881039274666412	0.0461669574810751	0.00457938808599061	0.028445674647768	0.00350570679067216	2.37940020708486e-05	0.80675999588619	2.39751715809376e-05	2.37940020708743e-05	0.0506073956661003	0.0131021322639829	2.37940023261209e-05	0.00807745057906243	0.00108820368139956	0.000258747367247432	2.37940006591084e-05	2.37940020708255e-05	0.00975664120199833	2.37940020708507e-05	0.0161695828784249	2.37940020708503e-05
0.000525071029847178	0.00168063408657488	0.00909802229204612	0.0690526492008842	0.00195025695141365	0.0298943495436366	3.44731237400727e-05	0.00544974163405717	0.783649710126952	3.44731237400723e-05	3.44731237400613e-05	0.0464889963445581	0.0194424727820664	3.44731242482104e-05	3.44731237400723e-05	3.44731237400735e-05	3.44731237403422e-05	3.4473123417249e-05	3.44731237484399e-05	0.0118663791580348	3.44731237400723e-05	0.020522512488594	3.44731237400746e-05
3.63488897284884e-05	0.00113612140808282	0.00797854597934868	0.0290360003920126	0.0258867410114183	3.63488897554496e-05	3.79257527328087e-05	3.63488897554481e-05	0.818965863909753	3.63488897554484e-05	3.63488897554471e-05	0.0489181694266057	0.0471751588285356	3.63488894130597e-05	0.00353194584911525	3.63488897554466e-05	3.63488897553633e-05	3.63488897620277e-05	3.6348889745673e-05	3.63488897554499e-05	3.63488897556255e-05	0.0168609918759464	3.63488897554488e-05
0.000399960241744079	2.42574761512228e-05	0.0159493430824583	0.0384343157752523	0.00995366091532734	0.0333138712036174	2.42574761489498e-05	0.00205607703545719	0.809838053941653	2.425747614895e-05	2.42574761489589e-05	0.0179160120652646	0.0376683376422022	2.42574760333268e-05	0.0144431978221537	2.42574761489511e-05	2.42574761481257e-05	2.42574740026243e-05	2.42574761376847e-05	0.000771217438340853	2.4257476148939e-05	0.0189891206011626	2.42574761489503e-05
2.51943261965092e-05	0.0066087989466625	0.0203636288860252	0.0329531425660978	0.0173793188733516	0.0323311945437669	2.51943261952511e-05	2.51943261952539e-05	0.806746088660913	2.5194326195251e-05	2.51943261952553e-05	0.0240068114588773	0.0234187669576465	2.51943267165521e-05	2.51943261952504e-05	2.51943261952558e-05	0.010053411960914	2.5194326310882e-05	2.51943261967681e-05	2.51943261952484e-05	2.51943261952514e-05	0.0206837283410955	0.0051527768896667
0.00453893333923721	3.59443000268342e-05	0.00410530624360664	0.0431700249009277	3.59443000271565e-05	3.59443000271571e-05	3.59443000271572e-05	0.00266391833000225	0.854834813337396	3.59443000271571e-05	3.59443000271619e-05	0.0268924706987174	0.0315073497781715	3.59443002068806e-05	3.59443000271549e-05	0.00187895723238129	0.0088416686241523	3.59443000453749e-05	3.59443000336257e-05	0.0124141229195094	3.59443000271579e-05	0.00106446616824082	0.00769258112715403
2.50401128284761e-05	2.5040112828471e-05	2.50401128284767e-05	0.0203086184163409	2.50401128284759e-05	2.50401128284761e-05	0.0042952198438271	2.50401128284794e-05	0.826715693049109	2.50401128284771e-05	2.50401128284754e-05	0.0450574442061885	0.0428848264008917	2.50401139418611e-05	2.5040112828477e-05	2.50401128284765e-05	0.018228662553732	2.50401112518838e-05	2.5040112830126e-05	0.021571474882525	2.50401128284759e-05	0.02056245895542	2.50401128284747e-05
2.3881226783249e-05	2.38812267839262e-05	2.38812267839261e-05	0.022055634560928	2.38812267839249e-05	0.0338095416673285	0.00463002630365163	0.00209575579859769	0.811896005256311	0.0115403860819419	2.38812267839213e-05	0.0444630311840774	0.0232745471424076	2.38812267466107e-05	2.38812267839256e-05	0.00365413785090168	2.38812267839258e-05	2.38812267793781e-05	2.38812267840452e-05	0.00707159003286837	2.38812267839274e-05	0.0202388926126416	0.0150077580137639
0.00152896839330752	0.00381625404911011	0.00265506994300041	0.0152753755214299	2.57952241487009e-05	2.57952241487045e-05	2.5795224148704e-05	2.57952241487052e-05	0.845191521979514	0.00286899909554938	0.00271925979230481	0.035431078425282	0.0526704330791617	2.57952241348141e-05	0.00311922835317852	0.0123342753771846	2.57952241489351e-05	0.00153475425693502	2.57952241502778e-05	0.0172762302445766	2.5795224148702e-05	0.0033463944721448	2.57952241425914e-05
2.38903399803542e-05	2.38903399815678e-05	0.00945490305188845	0.00919943410050351	0.0328216848474843	0.0432371898028336	0.0022692088361626	0.000962264257329622	0.787529092856197	0.00479428685016919	2.38903399803526e-05	0.0720224194978153	0.0200660824613956	2.38903399203922e-05	2.38903399803542e-05	2.38903399803539e-05	0.00485126536302908	2.3890340062221e-05	2.38903399811496e-05	2.3890339980354e-05	0.00367209285390989	0.00888117182145442	2.38903399803059e-05
0.00245693063747358	0.00402617566125414	3.50921243533604e-05	0.0289849599660852	3.50921243533597e-05	0.0181619587160226	3.50921243533603e-05	0.000423515810448816	0.821123165194472	5.97794915894152e-05	3.50921243533604e-05	0.0523620585923282	0.0308407855036263	3.50921240710429e-05	0.0154588534314682	3.50921243533603e-05	0.00503221815588887	3.50921243551981e-05	3.50921243522206e-05	0.0106627053828946	3.5092124353359e-05	0.0100559722131965	3.5092124353362e-05
0.00465414240452484	2.58085590707699e-05	2.58085590883204e-05	0.00662182510333092	0.0014819296430724	0.0233750496210609	0.014819661452135	2.58085590883206e-05	0.854842638718878	2.58085590883201e-05	2.58085590883201e-05	0.028132652835797	0.0114892771178998	2.58085590654495e-05	2.58085590883193e-05	0.00742634068900942	0.00392438018012004	2.58085580822916e-05	2.58085590898288e-05	0.00858904029104263	0.0147717977216708	0.0123710932510118	0.00726789393969665
0.00445299644815562	2.36141266995472e-05	0.0334748952923485	0.045846761887393	2.36141266995423e-05	0.0306866235870454	0.0925242082789389	0.0306428365371494	0.656852069838775	2.36141266995428e-05	2.36141266995444e-05	0.0356218802231536	2.54571641071653e-05	0.00417119844144392	0.0161782292321385	2.36141266995431e-05	0.00677807541537108	2.36141266979258e-05	2.36141266995576e-05	0.0050807282429014	0.0374515122707843	2.36141266995429e-05	2.36141266995431e-05
0.000910043848309362	3.58620343879139e-05	3.58620343879072e-05	0.0461145995162318	0.00573861816293843	3.58620343879067e-05	0.00684995838848512	3.58620343879072e-05	0.839859552004809	3.58620343879071e-05	3.58620343879051e-05	0.0346808689725166	0.0336927489732727	0.00121117353211701	0.00283777614509211	3.58620343879068e-05	0.00513769301547177	3.58620343831262e-05	3.58620343881268e-05	0.00309829821437799	3.58620343879295e-05	0.0086053104499033	0.0109047384325996
3.44313034317387e-05	0.00231134458359071	0.00515906330626695	0.0242451666126065	3.44313034315122e-05	0.0163784118120785	3.44313034315122e-05	3.44313034315112e-05	0.807126391264476	0.00423528689301577	3.44313034315126e-05	0.0516439420928684	0.0580978715439436	3.44313034173723e-05	3.44313034315121e-05	0.00432555160200077	0.00948527415406023	3.44313034180376e-05	0.00284902703860099	0.00446080443011722	3.44313034315187e-05	0.00933755163208684	3.44313034315113e-05
0.000845062714085414	3.67549828974131e-05	0.00420585087572059	0.0316424108489181	3.67549828974139e-05	0.00776251429010348	0.00263219014900057	3.67549828974138e-05	0.837390878676282	4.13161177941133e-05	0.000270403814934333	0.0666571173366683	0.029131213992071	3.67549838218498e-05	0.0111446442732429	3.67549828974134e-05	3.67549828974132e-05	3.67549823561362e-05	3.67549828980324e-05	0.00198189219812502	3.67549828974114e-05	0.0059269548837042	3.67549828887003e-05
3.61511724739603e-05	2.49826620364079e-05	2.49826620364078e-05	0.0513485266629406	2.49826620364088e-05	2.49826620364107e-05	0.00436110518251189	2.49826620364085e-05	0.843768184682253	2.49826620364081e-05	2.49826620364172e-05	0.0265385485717752	0.0372209525174477	2.498266199621e-05	0.00341177450237357	0.0102847005762225	0.0114445115133611	2.49826620418815e-05	2.49826620356188e-05	2.49826620364102e-05	2.49826620364082e-05	0.0112607700122022	2.49826620364093e-05
2.57319609890503e-05	2.57319610001335e-05	0.0204338314748652	0.0195369918079149	2.57319609851597e-05	2.57319609851609e-05	2.57319609851611e-05	2.5731960985157e-05	0.876768224798571	2.57319609851573e-05	2.57319609851554e-05	0.0423207710247554	0.0242592824448134	2.57319609575951e-05	2.5731960985161e-05	2.57319609851609e-05	0.010110022558022	2.57319613343679e-05	2.57319609847612e-05	2.57319609851605e-05	2.57319609851624e-05	0.00615916451495614	2.57319609850864e-05
3.56031256243529e-05	3.56031256258523e-05	3.56031256258456e-05	0.0500379162337724	3.56031256258463e-05	0.0114927502203481	0.00273821699403199	0.000644813709162594	0.799869226989753	4.53224894680658e-05	3.56031256258474e-05	0.0571669214711174	0.0328644865515002	3.56031256270206e-05	0.00305603355481901	0.000654487853961303	0.0024895913196715	3.56031255985241e-05	3.56031256397925e-05	0.00797363622788442	3.56031256258467e-05	0.0306105651282654	3.56031256254008e-05
0.00477967284678425	2.60854147429872e-05	2.60854147376436e-05	0.0332362834689254	2.60854147376451e-05	2.60854147376428e-05	2.69343425146062e-05	0.00175548275284731	0.846876857727494	0.00258990855982929	2.60854147376462e-05	0.0378216396759403	0.0445486458224142	2.60854146161427e-05	2.60854147376461e-05	2.60854147376459e-05	2.60854147376144e-05	2.60854150659256e-05	2.60854147405983e-05	2.60854147376458e-05	0.0106027483047798	0.00505889590454204	0.0123899056168622
3.41630597372753e-05	0.0103976539513882	0.0336779953939423	0.0461527431359951	0.00218714307811557	0.028137462796964	0.00256497448572605	0.00569358288402849	0.759717239330089	3.41630597389494e-05	3.41630597389628e-05	0.054012307207702	0.0162535780500107	3.41630615812005e-05	3.41630597389479e-05	3.41630597389479e-05	0.0188510886773498	3.41630614830087e-05	3.41630597385808e-05	3.41630597389481e-05	3.41630597389484e-05	0.0219784373479758	3.41630597389486e-05
3.41457056858406e-05	0.001781897816307	0.00522320549529398	0.0274443672926449	0.0175365946464239	3.41457056841759e-05	3.91115085459445e-05	0.000651562352158271	0.823193753686239	3.41457056841742e-05	3.41457056841766e-05	0.0270828267169329	0.0536369629028939	3.41457054857534e-05	3.89668714879784e-05	0.00262864365436565	3.41457056840499e-05	3.4145705674166e-05	3.41457056831936e-05	0.0262528808387709	0.00130477639154747	0.0128771384754384	3.41457056841773e-05
0.00265595915907896	0.00397174218952537	0.00332300388114681	0.0171126758430949	3.65068511772334e-05	3.65068511772329e-05	0.0128221551191484	3.6506851177236e-05	0.829085404911616	0.00144182661077159	3.65068511772355e-05	0.0376052429429459	0.0149159973123156	3.65068511261909e-05	3.6506851177233e-05	0.0104489346980972	0.000722753074926268	3.65068505176431e-05	3.65068511753361e-05	0.0206943059754695	0.0247704494716644	0.0201009871503162	3.65068511772348e-05
0.0014868996485925	3.4812582344076e-05	0.0075830927804679	0.0403321858576972	0.000370335921704296	3.48125823440912e-05	0.000392732368461502	3.4812582344088e-05	0.851119327701404	3.48125823440909e-05	3.48125823440904e-05	0.0234361126265131	0.0314467376406421	3.48125825497325e-05	4.24895725524589e-05	3.4812582344091e-05	0.000887425985775467	3.48125830692598e-05	3.4812582356994e-05	0.0095361284583337	0.000542679800176446	0.00381288208071148	0.0286976563149273
