Bcells	CentralVeinEndothelialcells	Cholangiocytes	Hepatocytes	Kupffercells	LSECs	Mesothelialcells	PortalVeinEndothelialcells	Tcells
0.00724504590737669	0.0372472363432112	0.0027050051579906	0.880738528214553	0.0467186210899818	8.71630502242667e-05	0.0235568823394367	0.00161435484699609	8.71630502294481e-05
0.0134254757306969	0.0155956669026851	8.78786845347189e-05	0.852176580232364	0.0597144506465856	0.0289637241818566	0.0070763849651445	0.00836784445247677	0.0145919942036555
0.021632956592163	0.0135681342409206	8.957460829877e-05	0.863718989186754	0.0634676566523	0.0372117315013398	0.000131808001622463	8.9574608299641e-05	8.95746083018667e-05
9.1544721750333e-05	9.15447217496688e-05	9.1544721750743e-05	0.88637611865734	0.0429894380712847	0.0440956408540895	0.0106117760970347	9.15447217557597e-05	0.0155608474332453
0.0175774431083206	8.86365225533695e-05	8.8636522551312e-05	0.894954998958086	0.0291171286648638	0.0397919163009322	0.00405053563625389	8.86365225553371e-05	0.0142420677638829
0.00545910114472803	0.00310431580708405	9.37989270949652e-05	0.93371685196034	0.0298354608595567	0.0260120943022411	0.00159077914477504	9.3798927084142e-05	9.37989270961654e-05
0.00204151868820239	0.0254263951254683	9.13477703870863e-05	0.857368009827514	0.0680920419515636	0.0151816890533544	0.00571415692046335	0.00120707136714609	0.0248777692959008
0.0353747105115264	0.00011999554453444	0.159282896833444	0.665037283385948	0.0241221634496446	0.0126593851723055	0.0192762203481317	0.0723164934537851	0.0118108513006807
0.015855731567067	0.00476225922082053	8.9464696362895e-05	0.83448914339873	0.0725564001252149	0.0239516386064415	0.00484851587273816	8.94646963604178e-05	0.0433573818162651
8.95418241314385e-05	0.0120983938117477	8.95418241294445e-05	0.870481093438726	0.0636173828562793	0.0243329348985742	0.0120453769586021	8.95418241396889e-05	0.0171561925636697
0.0252295445186021	0.0180889109348588	0.00284994452721869	0.863121048233481	0.0622454264701577	0.0058185113962867	0.00683996782347695	9.09999390098186e-05	0.0157156461569084
0.00890292578014209	9.5349491668964e-05	0.00808289471154928	0.833560917926934	0.0995211086219973	0.0167985952866965	0.00822942302505496	0.0164572996545882	0.00835148550136851
9.65156464090209e-05	9.65156464177381e-05	9.65156464106187e-05	0.880618553373435	0.0705897167441803	0.0246801879854042	9.65156464084085e-05	0.0136830395896826	0.0100424397216525
0.0300382492771107	9.501077928605e-05	9.50107792906422e-05	0.837272712633157	0.0889500977154015	0.0424848600606791	9.50107792854158e-05	9.50107792746151e-05	0.000874037196514877
0.010677176879869	9.03621346871448e-05	9.03621346868384e-05	0.848379088784291	0.0629587037463508	0.0403085045304199	0.00739103632357177	0.00888839876067631	0.0212163667054474
0.00851757004355814	9.08445018250927e-05	9.0844501824931e-05	0.879826040132582	0.0467198639292053	0.0502674103923672	0.0137986704123113	9.0844501826365e-05	0.000597911584499823
0.00133537400274495	0.00305097702554778	0.0211686996256209	0.866838176776957	0.0476797378793691	0.0219671923964859	0.000133538576590165	0.0138521096925306	0.0239741940241535
0.0188314855244284	9.22517446001322e-05	0.00816101163797651	0.844034564338097	0.0586424295263216	0.0347237939369596	0.00842690681973788	0.0228592378060649	0.00422831866581371
0.0221338740881422	0.00909056445552968	9.06748462448889e-05	0.885153496278033	0.0279907062675785	0.0420778858234825	0.00479416222737726	9.06748462446092e-05	0.00857796116736754
0.029256571301525	8.89289140079324e-05	8.89289140056857e-05	0.85628747252688	0.0505000584608981	0.0556675021877869	0.00793267986687764	8.89289140108518e-05	8.89289140079323e-05
0.00909762532672643	0.0323429146261723	8.86443269419939e-05	0.861179398847551	0.0530922873202176	0.0160832996465995	0.0279385412519068	8.86443269390204e-05	8.86443269450659e-05
0.0215347455972544	0.025073239325058	9.28209724879667e-05	0.860382593348838	0.0754040069462721	9.28209724898019e-05	9.28209724875804e-05	0.00685362338339369	0.0104733284817184
0.00789345845488026	0.0104634342640562	8.77981410062099e-05	0.841464756858987	0.0598608553469242	0.0480764581707139	0.0135488989120525	8.77981410052638e-05	0.0185165417103745
8.94987026539665e-05	0.00252674573561923	0.00140382900493147	0.898009225055306	0.029335216856219	0.038498867446058	0.0111904559316371	0.00602517795568357	0.0129209833118914
0.000463596158453111	0.0397124797952054	8.72638716324602e-05	0.853430824392828	0.042211049141285	0.0417034528746081	0.0110910274869819	8.72638716331971e-05	0.0112130424073728
0.0113365663073198	0.00267699798720103	0.00776092772894238	0.848334507943278	0.0868165109693317	0.0256612637668938	9.1944168120771e-05	9.19441681177678e-05	0.017229336960795
0.000133230354438881	0.00204694965091758	0.0079138759925699	0.899053576266546	0.043491735968152	0.0321328202615423	0.000133230354465982	0.00339840351071373	0.0116961776406542
0.00013209593802098	0.00985319784233975	0.000146613521716791	0.894193956237627	0.0594246189074795	0.0094536996374512	0.00723046690128834	0.0017632611829123	0.0178020898311638
0.00463155245438613	0.0208917886144077	8.92075690834095e-05	0.869930657259188	0.0722479705435136	0.0189127218369903	0.00205981537087287	8.92075690846112e-05	0.0111470787824736
0.03168125430872	0.00650414541306531	9.24868451789715e-05	0.853610534170317	0.0685866417171699	0.0392474770100063	9.24868451867139e-05	9.24868451767258e-05	9.24868451790624e-05
0.0154026489608664	0.000135368684916927	0.0101947958892074	0.845670405287946	0.0663815598018076	0.0338508643726389	0.000197753739753926	0.0129312602816677	0.0152353429811948
0.0268947279747222	0.00470620182587177	0.00134255850898808	0.926239580751311	0.0186175277834973	0.0189076785903976	0.00310678058777458	9.24719887145631e-05	9.24719887226908e-05
0.0185933536008587	9.18158906043271e-05	0.00140475706272037	0.871619497363488	0.0667176436186847	0.0348516622045429	0.00343959329075821	9.18158906111534e-05	0.00318986107773198
8.90574699961982e-05	8.90574699977523e-05	8.90574699959528e-05	0.8457182846192	0.0692406638321936	0.0598052598607301	0.0158640731426052	8.90574700013127e-05	0.00901548866528019
0.0116946907851616	0.0308009499492986	8.54773155096242e-05	0.852786453920936	0.0451591980671462	0.0180025399189348	0.035881230829285	0.00550398189821812	8.54773155097886e-05
0.00218100656368501	0.002241196339392	0.000134801659218049	0.818514184940468	0.0901866588038916	0.0510115349011583	0.0127822333653193	0.00244084519624888	0.0205075382306188
9.46638579541669e-05	0.0290424146200099	9.46638579577735e-05	0.861378540835684	0.0719643822066363	0.0276673852144047	0.00630707836394817	9.46638579632537e-05	0.0033562071854421
0.0290167504649515	8.45901172858093e-05	8.4590117270426e-05	0.836315434837332	0.0859418644240891	0.0411470812551868	0.00724050854930892	8.45901172897353e-05	8.45901172858089e-05
0.0146221134807705	0.0253862648374851	0.00512041519565487	0.84964607106814	0.0654120492499621	0.0328070491256475	0.00682771240418494	8.9162319075495e-05	8.91623190799452e-05
0.0122776022697703	9.2784441375626e-05	0.0142859264788729	0.829816157884253	0.0880382807127004	0.0375252351796936	0.00212690672362874	0.0099965409867946	0.00584056532291053
0.00432773963675994	0.0157015130593427	0.0459823001674588	0.823549784915805	0.0465547648442915	0.0125899371218087	0.00897557685547631	0.0307189183394617	0.0115994650595949
0.0260381140719148	0.0115552392073976	0.00534611925491865	0.865677233276786	0.0583936000987025	0.0115128320213108	0.00434398502403502	9.47920069175445e-05	0.0170380850380172
0.0176633882960495	9.28569452107615e-05	0.0136615956041969	0.888169740126885	0.0318136575748737	0.00256020628627104	9.28569452107615e-05	0.0372798856983	0.00866581252300217
0.00436069095448802	0.0127644948585382	0.00250000099026554	0.858227098926509	0.0574410837641942	0.0489998338763901	0.00478036707052135	0.000137833415901205	0.0107885961431923
9.61373322884773e-05	0.000753406429067068	0.0117170477140962	0.884340765698995	0.0298167378836871	0.0240475971922525	9.61373322878279e-05	0.0125040021058613	0.0366281683114649
0.00872104809289572	0.00204431087240163	9.33572044159355e-05	0.878389715470835	0.0585836652869841	0.0407548888395838	0.00327245192518273	9.33572044220551e-05	0.0080472051032788
0.00616924944039896	0.00771359421206662	0.00169577477578584	0.896648499935067	0.0487801506128301	0.0158704249538955	0.00588809991080205	0.000974850317441409	0.0162593558417122
0.00512048087565718	0.00489409752853073	0.106983000333638	0.750173758881184	0.0465894640562365	8.82571403036888e-05	0.0184574303930412	0.0415791130897049	0.0261143977017042
0.00375810571074589	0.0113318249703599	0.00667813105888475	0.830068327870075	0.0881091971388997	0.024909296998856	0.000128583456210708	0.0243763933106866	0.0106401394852815
0.0104841146506821	0.000744287057205897	9.2188447690611e-05	0.872841845901665	0.0726322135075628	0.025269110766485	9.21884476891566e-05	0.00734930228542302	0.0104947489355961
0.0056665594808055	9.03165572115254e-05	0.000716095595972757	0.886921857527122	0.0252883266414495	0.0469250289137204	0.0128306868915038	9.03165571947905e-05	0.0214708118350199
0.00204131537560235	9.07856766542166e-05	9.07856766506321e-05	0.885496731243537	0.0460980035469066	0.0445969859672876	0.0115336024190546	9.07856766519551e-05	0.00996100441765535
0.0114301925692581	0.0273051586592063	8.94216463852043e-05	0.905670073487819	0.0524211828839404	0.0028157058142389	8.94216463778019e-05	8.94216463896559e-05	8.94216463842398e-05
0.0124336265390879	0.0105589616607867	9.06630403873471e-05	0.825612481178868	0.095660652665392	0.0457424387100621	0.00970526281254654	9.06630403687274e-05	0.000105250352500743
0.0202311820762153	0.00151971587545228	8.9708942464385e-05	0.841817601639278	0.08093374452478	0.0359103986019522	0.0151258099040526	8.97089424674863e-05	0.0042821294933375
0.00122843142783753	9.18594051949242e-05	9.1859405221454e-05	0.872938067767946	0.0914309652258796	0.0171187200166376	9.18594052154693e-05	0.00365104586953816	0.0133571914765295
0.0111132281959701	0.0159329551976348	8.89297881022636e-05	0.894786570788783	0.0306752340449194	0.0363180063009097	0.0053944693321675	8.89297880987625e-05	0.00560167656341423
0.0228109857704615	0.0183915728883069	9.12250738219075e-05	0.876466317489491	0.0620743657037575	0.0198818651820963	0.000101217744401488	9.12250738311115e-05	9.12250738325652e-05
0.00573822500265852	0.0136824533984126	8.86994450612749e-05	0.903064761054618	0.0324728675574583	0.0329539183903097	0.0118154646975482	8.86994450629556e-05	9.49110088707688e-05
9.29509063391093e-05	0.011185155913374	0.0288242126562426	0.830795030724274	0.0541292185045836	0.0394758451146281	9.2950906339111e-05	0.0139867457950146	0.021417889479205
0.00453258034757968	0.00654995519433537	0.00079713653331484	0.904455775132371	0.0366187274126088	0.0238755557778063	0.0220058304080027	0.00107759874394982	8.68404500318811e-05
9.23160396317934e-05	0.00841018092767026	9.2316039630944e-05	0.876316146454764	0.0599344228387834	0.0409190563087443	0.00411473672321473	0.00970287552146933	0.000417949146091365
0.0060071302264936	0.0449801845859579	8.99610040607461e-05	0.879807763530888	0.0414590548284648	0.000149983258878929	0.00575088152580547	0.0216650800353859	8.99610040645187e-05
0.0305429766809736	9.10417597584002e-05	0.0369003484395577	0.848913374487077	0.0347991998522148	0.0214966672036175	0.0131891243223494	0.00620571684469027	0.00786155040976097
0.00670913457498466	0.0441758284233833	8.39710741462892e-05	0.835044554097814	0.0507830772227589	0.0314298080936227	0.018961868870473	0.01272778656867	8.39710741471889e-05
0.0332830201827235	0.00138896631617041	0.015507376719025	0.811981759106072	0.0615637454272717	0.024767196300193	0.022673649380017	0.0141782036096199	0.0146560829589071
0.0100707076713192	0.0465644595526519	8.75669289955944e-05	0.820701000581949	0.0558529953805682	0.0129437894386082	0.0327623953103979	0.0137649236393876	0.00725216149612287
0.0189562918362425	9.02440704411334e-05	9.0244070435895e-05	0.867324019474951	0.0504154860932405	0.0628382090990409	9.02440704417343e-05	9.0244070438077e-05	0.000105017214768619
0.0117882210113037	8.95809640123628e-05	8.95809640027291e-05	0.876069501306057	0.0917170433525619	0.0199773295100168	8.95809640154737e-05	8.95809640147045e-05	8.95809640154738e-05
0.0728407886371578	0.0423601024297128	0.0218224821457346	0.578192080583132	0.0831863755921616	0.000126014224867056	0.117193553978773	0.0682779980784438	0.0160006043300177
0.00849966696926935	9.35666080489329e-05	0.00639189367036905	0.82736508653938	0.101636472453656	0.0305783988518188	9.35666080590645e-05	9.35666080774971e-05	0.0252477816913217
0.00719229046425623	9.30455460855637e-05	9.30455460827087e-05	0.860497014126893	0.0743614913365129	0.032864047844954	9.30455460855636e-05	0.00501269378239794	0.0197933258067317
0.00688416510826209	0.000131689894304218	0.0409743094683412	0.860104502304976	0.0271069935944731	0.0238396212308638	0.00200992981522796	0.0250119624704301	0.0139368261131211
0.00815709418321582	9.41390677748061e-05	9.41390677735591e-05	0.845820296752096	0.0575910209590647	0.0346247931813294	0.0222688876582477	9.41390677713508e-05	0.0312554900627263
0.0231311967862215	9.22693280618654e-05	9.22693280632547e-05	0.798254838654006	0.0959322576763584	9.22693280624407e-05	0.0456150500458761	0.0224167094804287	0.014373139372922
0.00243512141851994	0.0111522225152213	0.000135199557973649	0.905829423240296	0.0341107777468038	0.0283552127897587	0.00013519955799041	0.000135199557965807	0.0177116436154706
0.0113024826557371	8.69694906106649e-05	0.103020502650647	0.777620334560662	0.0339817482153962	0.0182527241324156	0.00514870980805124	0.0147169797676791	0.0358695487188008
0.0204746254417877	0.000134811492207945	0.00171455183114175	0.851526111341126	0.0819242747871811	0.02414280545544	0.00872692616316135	0.0112210819957389	0.000134811492214896
0.0110993110053932	9.12502486396076e-05	0.00175018268237807	0.851307806422636	0.0539849366608192	0.0629654797598777	0.0143669426972871	0.0043428402743294	9.12502486396073e-05
0.00185398150916115	9.10180329802048e-05	9.10180329802045e-05	0.884724823971357	0.026419547105111	0.0340055787743502	0.00794873557960802	0.0313451809929626	0.0135201160014898
0.0127388498739289	9.0937883275967e-05	0.00836191921332404	0.892124893615933	0.048622857148818	0.0333317520629724	0.00417042650313371	9.0937883275914e-05	0.000467425815337799
0.00881759659536336	9.48939851033376e-05	9.48939851030155e-05	0.872840695183815	0.0668765853747477	0.0420609577102646	0.00346932193340827	9.48939851070329e-05	0.00565016124708762
0.016218571013208	9.22458776375256e-05	9.22458776411601e-05	0.839658084040962	0.0813959650121842	0.0380854562284017	9.22458776480509e-05	9.22458776585609e-05	0.0242729401946591
9.45014789771102e-05	0.000213005251073584	0.0068614703586286	0.865327350517242	0.0917416252990667	0.0252206262673014	0.000374987658883461	9.45014789754606e-05	0.0100719316898516
0.00650061716567817	0.000858986949053162	0.00666112745487932	0.884522098463875	0.0805666668382515	0.0171180135016087	0.000138050276960684	0.00100470167571767	0.00262973767397612
0.01011441544589	0.000903593055058222	9.0792173659031e-05	0.872660144805523	0.0563835915615765	0.0253534230400502	0.0219065457720353	0.00534017043366439	0.00724732371254308
0.00400665578481293	0.0927908109113761	8.6796887603538e-05	0.860229413542083	0.0199770034159337	8.67968876050374e-05	0.0226489287953764	8.67968876044925e-05	8.6796887604493e-05
0.0115663067523309	8.99496798832689e-05	8.99496799116415e-05	0.900203106590724	0.0411020617141685	0.0185685266104612	8.994967990853e-05	8.99496799046142e-05	0.0282001996127075
8.80644979345981e-05	0.0330697502649375	8.80644979391349e-05	0.914865654470832	0.0261908702974507	0.016779847671899	8.80644979286277e-05	8.80644979343957e-05	0.00874161930314404
0.013029904627216	0.00335313298372831	8.97207918525599e-05	0.860147096058824	0.0746774805569598	0.012057886100641	0.000913427763692879	0.00618816999736924	0.0295431811197165
9.10293816749118e-05	0.00368800886185743	0.00367698425637729	0.840941399294115	0.0702177506761125	0.0411856540298845	9.10293816743945e-05	0.0232507198054422	0.0168574243128622
0.0227278445285134	0.0251876379151908	8.35925405115052e-05	0.884066421748824	0.0475285193707851	0.00594170222708054	0.0102431669396932	0.00189116174108391	0.0023299529883177
0.0310312736728906	0.0145736644230859	9.11998247506489e-05	0.858222853223505	0.045473413049385	0.0299043315085776	0.0205208646483044	9.11998247493347e-05	9.11998247516802e-05
0.0201604888806685	9.01032531420226e-05	0.0172240979906446	0.875007878894524	0.0694666587153313	0.00674150780477269	0.0111290579546329	9.01032531420263e-05	9.01032531420264e-05
0.0105473189758289	0.000339454599423283	0.00281777000528142	0.882507248778044	0.046633114904712	0.0109218633205452	0.0172969490961113	0.0187142271803429	0.0102220531397107
8.7200572331811e-05	0.0191055052333115	0.038574042804239	0.772845014098231	0.0566497181524154	8.72005723318114e-05	0.0136198235680878	0.0670704882446833	0.0319610067543678
0.0197654234884921	0.00167818916773685	9.29848024133664e-05	0.835708090074627	0.0887746343845934	0.0447976833115772	0.00717556795017545	9.29848024005092e-05	0.00191444201798371
0.00587711065260253	9.16925463996267e-05	9.16925463935822e-05	0.856570879858896	0.0856917758457066	0.0278093788969088	0.00594778394465344	0.00258853681822951	0.0153311488902097
0.00779896641562891	0.0187901468960806	9.58055579801065e-05	0.911732161442391	0.0431436837909423	0.0116607987077987	9.58055579715852e-05	0.00504925232756461	0.00163337930364219
0.000564765555294181	0.0211839445730404	0.00217454061075596	0.818927950617601	0.0733788423576905	0.0323197553563158	0.00385600782339344	0.000707636980143683	0.0468865561257647
0.0300427998044261	8.95940186753995e-05	8.95940186609254e-05	0.837985232147828	0.080509342461651	0.0510146554927369	8.95940186750339e-05	8.959401867207e-05	8.95940186750342e-05
0.027878714323367	0.00871325186775138	9.0737832052733e-05	0.880473480540428	0.0446039859272334	0.0176910444729298	9.07378320537334e-05	9.07378320486791e-05	0.0203673093721353
0.00227321118012938	0.00256854144336787	9.17103210991204e-05	0.926862970171526	0.0279772014689829	0.025983768380841	9.17103211008859e-05	0.00418766932330962	0.00996321738964344
8.8393063482371e-05	0.0167394673889241	8.83930634828624e-05	0.842649469169723	0.08068042035863	0.0310885280332192	0.00964118055090981	0.00325566445344928	0.0157684839181791
0.0107903419601387	0.0335323375968352	9.10193746129989e-05	0.885779689349433	0.0266047368070996	0.0177189867168058	0.00744910110219963	9.10193746099796e-05	0.0179427677182653
0.0260627389025832	0.0171535301205904	8.96071829529922e-05	0.826877167644195	0.0713568702567517	0.0281111294093065	0.0154409046623457	0.000373757284417367	0.0145342945368573
9.766438185331e-05	9.76643818538309e-05	9.76643818539809e-05	0.9028040194052	0.0386959353978772	0.0240100455105603	0.0121548297263405	0.00180082658695164	0.0202413502275092
0.0455312419261049	0.100880108801207	7.94794228658502e-05	0.777647212989846	0.028544783298477	0.00156788465799513	0.0411095872149783	7.94794228667013e-05	0.00456022226565917
0.0178805315121558	9.21043192185917e-05	9.21043192153551e-05	0.903394951758799	0.0407505922461864	0.0375134028867707	9.21043192206229e-05	9.21043192150542e-05	9.21043192181749e-05
0.00519672546725389	0.0170685334415904	9.034082701074e-05	0.859623286482881	0.05105306140567	0.0371240708601031	0.017987016148423	0.00914691829024683	0.00271004707682159
0.00947532871879401	0.0270007684225426	8.91061677793732e-05	0.819101897166586	0.0955927887427765	0.0338856776221174	0.00518186272376215	0.00206486354513022	0.00760770689051152
9.04101084616875e-05	9.0410108456391e-05	9.04101084578195e-05	0.825447819828571	0.104644279135604	0.0397280244626901	0.012374044962906	0.00446163589608652	0.0130729653887665
0.0113253177478947	0.00974629347466655	8.83112311736098e-05	0.830264986732679	0.109169015806133	0.0342562599781559	0.00251922562368569	0.00254227817443819	8.83112311738342e-05
0.0115062170399558	8.81863370973673e-05	0.00190310405116358	0.88682714531668	0.0591176473597484	0.0273698348673835	8.81863371118173e-05	0.0057490066887242	0.00735067200213468
0.0236249546168911	0.0260235987602466	8.76429070864574e-05	0.835029442892895	0.074134963878926	0.0216508824627738	8.76429070765736e-05	0.00334253633809005	0.016018335236015
0.0160156135597215	0.014032524094355	9.30078776728367e-05	0.863499113615957	0.0471063116472873	0.0497129760052775	9.30078776771871e-05	9.30078776851285e-05	0.00935443744436618
0.0043001450159663	0.0048385078118083	9.32649937190939e-05	0.872966594569495	0.0614039444110484	0.0360843204407023	0.0201266927698082	9.32649937272469e-05	9.32649937245316e-05
0.0278058382996771	0.0233089173389347	0.000129232456105938	0.832659070474033	0.0604011986083371	0.0391318109272765	0.00667001158857605	0.00976468785095102	0.000129232456108384
0.0646356522822834	9.06067890401373e-05	0.0130496137001766	0.745366489703531	0.0414341642227177	0.0354403950314942	0.0755091656889073	0.0197341968117576	0.0047397157700916
0.00699242775345888	0.0069077308274708	9.06719291863809e-05	0.88347874673401	0.0513149762013434	0.0296609131121445	0.0116011899943609	0.00340804532631005	0.00654529812171538
0.000136516445250906	0.00161541700362885	0.00264685513003957	0.840319281974147	0.108760619317484	0.0196891685028387	0.00060478787699144	0.0124838856931787	0.0137434680564412
0.00930331218480357	8.80981292517102e-05	8.80981292451849e-05	0.915500458707609	0.0315070941251235	0.0300027731378767	0.0109475060301761	8.80981292512252e-05	0.00247456142666354
0.0129471490965766	0.0212548268636183	0.00461836840218883	0.857850459647089	0.0687508652927152	0.0229188001019839	0.011476525002018	9.15027969038422e-05	9.15027969061246e-05
0.0108801121498967	0.0748853052523447	8.97049060527937e-05	0.846924831826568	0.0666961588622928	0.000254772284694057	8.97049060497931e-05	8.97049060516272e-05	8.97049060497926e-05
0.000329787197500366	0.0242831626538935	8.95373487312507e-05	0.872838465019112	0.057112072817323	0.0328612949174638	0.0123066053485158	8.95373487282761e-05	8.95373487314487e-05
0.0151832667490149	0.00595453641681311	9.14428515824508e-05	0.81920356003005	0.108737761037117	0.0316405032013048	9.1442851577448e-05	0.0119277471671233	0.00716973969541637
9.46830830909304e-05	9.46830830910907e-05	0.00300687848588211	0.8927615715415	0.0454780488236134	0.0190662980936898	9.46830830916915e-05	0.0216150884193775	0.017788065386663
0.0142780871244533	0.00429887676794418	8.55712792396839e-05	0.918012767757517	0.0320364703642668	0.022538508242816	8.55712792310888e-05	0.00222548155526572	0.00643866562926564
9.02659371402071e-05	0.0214101347379135	0.00048683204926611	0.863071574652721	0.0424046729240114	0.0241977581923049	0.00964610003005276	0.01592178461408	0.02277087686251
0.00924664905891644	0.00986303718754834	9.06058045347514e-05	0.879218543293113	0.049651999657119	0.0376540188028048	0.00922844761796011	9.06058045345168e-05	0.00495609277346894
0.0150467207290757	8.8585935826007e-05	0.0758644603139438	0.788044936936768	0.0494730826473214	0.0377231799577098	0.0213722166257847	0.012298230917745	8.85859358260071e-05
8.53702243575036e-05	0.00196580729235005	8.53702243704323e-05	0.912438380408692	0.0127967876903762	0.0609368109756839	0.0063736608881286	0.00118536969045428	0.00413244260558665
0.0105558060458344	0.00970872134995611	8.9590503323199e-05	0.860199680813161	0.0777055319899367	0.0363343914671983	8.95905033262109e-05	8.95905033244427e-05	0.00522709682393977
9.40843928374108e-05	0.00628046686737914	0.00848921615781282	0.842295447363408	0.0618636247760108	0.0397727623766151	9.40843928374113e-05	0.0179800374377068	0.0231302762353926
0.0249422120129341	9.34221213891081e-05	0.0025374493162346	0.876074094041899	0.0583698254595552	0.0323738882983714	9.34221213944649e-05	9.34221213802652e-05	0.0054222645068424
0.0273323043064213	0.0346016101345136	9.1343044793009e-05	0.855681936021711	0.042789267355684	0.0182867660250565	0.00830308056384492	9.13430447911585e-05	0.0128223495031841
0.00323171222751445	8.92061633709145e-05	8.92061633699386e-05	0.896035682267765	0.0393273984964913	0.0252133465661297	0.0163774416456617	0.0141571473025441	0.00547885916715297
0.000137452124454134	0.000137452124440265	0.0108869100951657	0.878324972650716	0.06184825426923	0.0177489252978612	0.00903357034730108	0.0158810122004395	0.00600145089039278
0.0127143579000005	0.0187674101824674	8.8328981777615e-05	0.86748261082768	0.0535490449948123	0.0246191888174032	0.00804541627999145	8.83289817809595e-05	0.0146453130340865
0.00649611601969631	0.0698879795539827	8.61331394236118e-05	0.805881084949235	0.0481581121691021	0.0313704756085361	0.0257189970259372	0.0123149683946621	8.6133139425261e-05
0.00509786142193608	0.000130446663500183	0.00530833619108176	0.815261976517561	0.108407651148833	0.026347359276156	0.00329748290317864	0.015160565492391	0.0209883203853617
0.00642216753236281	0.00900258140257929	8.96334091133403e-05	0.880525112907315	0.0547382822238905	0.0246609426597489	0.0221140312306618	0.0021176818498376	0.000329566784490817
9.44923119760709e-05	0.00928360505551044	0.0171235836861348	0.894192841957865	0.0608080281031568	0.00557772931245823	0.000582552197731264	0.0122426750631917	9.44923119760734e-05
8.6408020583774e-05	0.0653391883952588	8.64080205830872e-05	0.895088458914995	0.0259241586648979	0.00136273968853612	8.64080205840411e-05	0.0119398222539772	8.64080205840411e-05
0.0013271549907759	0.0295710388558412	9.03156901608572e-05	0.862053453203954	0.0670909445176818	0.00988237609597904	9.0315690160311e-05	9.03156901606585e-05	0.0298040852652858
0.00269862038769551	0.0156951756924932	8.8133691511962e-05	0.868194100362862	0.0588131576940959	0.0310077215835372	0.00640730894229136	8.81336915269392e-05	0.0170076479539854
0.00849612458022807	0.05600738743931	8.40943003159011e-05	0.868081375019829	0.0226108427413588	0.0231800741812613	0.00962507415521188	0.00278909662368154	0.00912593095880372
9.03964409066181e-05	9.03964409069833e-05	9.03964409004956e-05	0.861260963783038	0.071242833023792	0.0402126971475491	0.0153112387405028	0.00747006829853638	0.0042310096838681
0.00340293846140366	0.0114532227479176	0.0150282291923151	0.87455790206982	0.0589090872246406	0.00901410014035751	0.00809976103882902	0.000138380021472142	0.019396379103244
8.94499449613851e-05	0.0132008128234645	8.94499449533833e-05	0.897180081240023	0.0341820682241923	0.0327426319179602	0.0144363193082722	0.00139602244077166	0.0066831641554011
0.0165135701944582	0.0367957813368001	9.00226524379624e-05	0.847448018527858	0.0467718439977595	0.0209361837689535	0.0139561777968745	9.00226524404986e-05	0.0173983790724173
0.0074410150334246	0.0211220525073305	8.96236972095635e-05	0.907100099984114	0.0277185875886462	0.0185640169466054	0.00877418532111806	0.00123559895999238	0.00795481996155946
0.00865661257631305	0.0125718602460587	9.23873773038533e-05	0.881067692691239	0.0857564176315972	0.00778658071763806	9.23873773039318e-05	0.0038836740052425	9.23873773039318e-05
9.43492744744073e-05	9.43492744692119e-05	9.43492744704069e-05	0.880696285554384	0.0567117881707802	0.0327709168558132	9.43492744499781e-05	0.0171728497732254	0.0122707625479332
0.00543934486133223	0.0345494656598938	8.69390447135095e-05	0.847177143484346	0.0543014800602289	0.0242870017524848	0.0148491566243233	0.00560969770712054	0.0136997708055564
8.63954326980857e-05	0.0667403801472299	8.63954326957128e-05	0.86958301508563	0.0231503409459519	0.0205852532065435	0.0121529917909535	0.00752883252560003	8.63954326975551e-05
0.00286679705704937	0.00342004195944651	9.2134711402679e-05	0.901314266368982	0.0616235146067346	0.0252839977579709	0.0016350899856306	0.0036720228413775	9.21347114059286e-05
0.0072788415803765	0.00816348631500163	9.16383514987181e-05	0.894610019072907	0.0394408712164801	0.0260137156006453	0.00837652883330608	9.16383514932261e-05	0.0159332606782913
0.00313025529188184	0.0021120841224739	9.21149875942874e-05	0.877811020987254	0.0609012519139801	0.0292241418374461	9.21149875996129e-05	9.21149875833011e-05	0.0265449008841866
0.00867623341603174	0.00189804607770197	0.025631767103534	0.867573131721115	0.0301495614415032	0.015734628818483	0.00412831712333416	0.0331414479689172	0.0130668663293798
0.0135796943772458	0.0210699000818453	0.0142271878165898	0.851263871294284	0.0816264404628362	0.0157526334778794	9.3392119242787e-05	0.0022934882508301	9.33921192461576e-05
0.010836820123873	0.028497640239732	9.11650954162217e-05	0.866800549632622	0.0502719277217041	0.0274481004705034	0.0158714665253147	9.11650954176131e-05	9.1165095417215e-05
0.012019421415647	0.0042418528501745	8.7890128546507e-05	0.804206925601858	0.128998490110453	0.0365913733471473	0.00648962175263281	8.78901285472693e-05	0.00727653466499392
0.0130818577561687	9.52583745482511e-05	9.5258374548552e-05	0.869056991747097	0.0652059034971672	0.0420830082105396	9.52583745482527e-05	9.52583745369951e-05	0.0101912052908456
0.0127281323573778	0.00764883230210688	0.00270172021203497	0.861502214596757	0.0969801109758736	0.00978870646086047	0.000133322785088308	0.00433405029048807	0.0041829100194127
9.36619887278347e-05	0.00756909588618063	9.3661988728711e-05	0.887359652296519	0.0448240328040041	0.0200086934748656	0.00688338235108806	0.00938298601500564	0.0237848331948803
9.21460956445766e-05	0.0137602741436018	9.21460956445765e-05	0.867216212186069	0.0712539208803371	0.0335119649211041	9.21460956445696e-05	0.000739236030933317	0.0132419535510212
0.0289740641361006	0.0118140186911603	0.0530034320701243	0.788816649846512	0.0587284979490115	0.035747932335173	0.00191819704853696	0.00408855374160461	0.0169086541817771
0.00511884848653823	0.00766900201622514	0.00054613599698195	0.858965783306238	0.0750053028259023	0.0358869545941784	0.0166277079789387	9.01323974969942e-05	9.01323975001248e-05
9.18229427151663e-05	0.0087144772003471	9.18229427149522e-05	0.852310802036739	0.0619668580152138	0.0472931382317096	0.00672324022056197	0.00742442106435927	0.0153834173456387
0.0112304293659001	9.08099327521065e-05	9.08099327527563e-05	0.861240059189997	0.0508214471619882	0.0430036274201746	0.0153430792722255	0.00614215817426458	0.0120375795499449
0.000577877750371559	0.00238120342337588	0.00229673910883181	0.853433623755269	0.101356306065992	0.0108691622943454	9.16232020456017e-05	0.0111810341646706	0.0178124302350974
0.000133512834062974	0.000133512834065025	0.000133512834060546	0.866127039950438	0.050363380390281	0.0543887004863675	0.00843599923633827	0.00930546169806075	0.0109788797363257
0.00911592662409438	0.0386126572077478	8.43452345473064e-05	0.856692305420377	0.0397882248624192	0.0392711145474064	0.0102802374654203	0.00607084340343725	8.43452345502535e-05
0.00928228132565793	9.55772021313405e-05	0.0179840195050899	0.872226265683203	0.0207238336952362	0.0108911232674419	0.00626238930635531	0.0198285183898214	0.0427059916250635
0.00226870190933275	0.000139889304139203	0.00136332552356254	0.877778363644627	0.0755214475937143	0.0149800881120825	0.000139889304136213	0.00408295725857948	0.0237253373498263
0.012893613701958	0.0168035531737049	9.03029825932827e-05	0.867897481126	0.0511984941175814	0.0268691927294472	9.03029825939464e-05	9.03029825974654e-05	0.0240667562035244
0.0217698420242892	0.0142061094373601	9.17646242830891e-05	0.798084392012858	0.12912233536876	0.0231044905387041	0.00511700096773619	9.1764624293593e-05	0.00841230040171575
0.018860304865667	0.0118415327055768	8.85779046713349e-05	0.871127419075073	0.0759029056614557	0.0108967902440569	0.011105313734144	8.85779046803078e-05	8.85779046743866e-05
0.00628093135935861	0.000139047847388777	0.000139047847406321	0.867586759606655	0.0837771361391346	0.0169798183842132	0.00103556196050886	0.0143631705837813	0.0096985262715534
0.0319954315798945	0.0400180795246912	0.0353970630262877	0.757199556923935	0.0556292622573587	0.0121626812810048	0.0193551683142798	0.048118011653004	0.000124745439544546
0.0116100776963489	0.0327572187026349	8.42168865183223e-05	0.834403878128702	0.0636634887463983	0.0432694764932173	0.0140431721445201	8.42168865091268e-05	8.42543151512639e-05
9.40538733596207e-05	0.00685664574636054	9.40538733582468e-05	0.913692421805501	0.0352645291057216	0.0220161463200145	0.00964935741901946	9.4053873359793e-05	0.0122387379833053
0.000356588801705059	0.012542705329911	0.00261259547572964	0.906181266160677	0.0356889581414993	0.0386064668384359	9.16513374034788e-05	9.16513373907437e-05	0.00382811657724807
0.00220476155440901	0.00776448587575536	0.00230888009929478	0.89945998182941	0.0511019951562032	0.0243902408567481	0.0103852270391663	0.00225252029805507	0.000131907290958068
0.0208025042674389	0.0148510738226693	8.80844708272165e-05	0.86178809493661	0.0633554994313521	0.0212779672103098	0.0102701936028389	8.80844708386448e-05	0.00747849778711543
0.0356605904135086	0.00708451920993355	9.34545968285639e-05	0.847868568444068	0.080767801491304	0.0127840140284463	9.34545968328847e-05	9.34545968241947e-05	0.0155541426222539
0.0129914304133347	0.0106914882337735	9.60287835887508e-05	0.904268653364182	0.0616260139656486	0.00899349318137538	9.60287836138869e-05	9.60287836034875e-05	0.00114083449088006
0.0133378470061848	0.00294698876256216	9.13812908653594e-05	0.869644022101849	0.0868892948369386	0.0235626699264811	9.13812908762144e-05	9.13812908736127e-05	0.00334503349336867
8.92891772485803e-05	0.00549312389662722	8.92891772433094e-05	0.901189537420315	0.0734090086679193	0.0194618841289057	8.92891772485803e-05	8.92891772438028e-05	8.92891772485801e-05
0.0581892540873114	0.0074512300301021	0.0971894597446412	0.726191069507492	0.0730284200541893	0.00451370186155991	0.0172241080058421	0.0161285039424146	8.42527664472078e-05
8.99202423575481e-05	0.0186005381834844	8.99202423551898e-05	0.88217150330532	0.0518664551169431	0.0326941157999055	0.0125255075603909	8.99202423578479e-05	0.0018721193068858
0.0385410990304685	8.83326327641726e-05	8.83326327641719e-05	0.884600385791421	0.0352642577933573	0.0316436314321452	0.00413631147928977	8.8332632769073e-05	0.0055493165750205
0.00755521651027151	0.00146247950565463	9.39782206436278e-05	0.878762113877673	0.0569287277886364	0.0225469894262554	9.39782206400417e-05	9.39782206487151e-05	0.0324625382295769
0.00712440092571252	0.00943982921771843	9.01141653825538e-05	0.843365814318062	0.061803631979784	0.0407760041300848	0.00798725242663655	0.0107450013899548	0.018667951446664
0.0244253895932541	9.41184899949565e-05	9.411848999529e-05	0.854503981476578	0.0681384464196005	0.0524615900605975	9.41184899946599e-05	9.41184899901115e-05	9.41184899949575e-05
0.0271011857470741	0.000878409728633297	9.06843983509245e-05	0.854995067969184	0.0604223622604137	0.040544791137864	0.000463818080570617	0.00777379525308529	0.00772988542482421
0.0156219627689761	0.00654914831648408	9.10152442272681e-05	0.865021697571718	0.0646964699910144	0.0423928412231414	0.000761992868158693	9.10152442242308e-05	0.00477385677205625
0.00027436237288758	0.00281258224888803	9.15111878272135e-05	0.90600879641695	0.0436713823083523	0.0202568699847832	0.0181120347674642	0.00868094952502006	9.1511187827528e-05
0.0163426568536266	0.00295793671153124	9.00574639570196e-05	0.837995235226357	0.0595149575026966	0.0501541079484774	0.00809869140417777	9.00574639627744e-05	0.0247562994252141
0.0133419386702208	0.0087636125869312	0.0513698191281805	0.837056489957869	0.0535165888569122	0.0137831140710449	0.00452312612635978	0.00669190548364276	0.0109534051188387
9.10930797474438e-05	9.10930797474458e-05	0.00671164676789108	0.862790565964914	0.0302771308758793	0.0333782687221272	0.0136563413529197	0.0264024403415823	0.026601419815192
0.00521041098517537	0.0859639534276453	0.00457577894280565	0.817097592496819	0.0585092325168507	0.0200951839797722	0.00837513075423229	8.63584483495e-05	8.63584483494997e-05
0.000138332185699417	0.000138332185696142	0.00133362114857467	0.884674912380556	0.0564618796058332	0.0197945252196976	0.000138332185713897	0.00861654373437372	0.0287035213538552
0.0151145474577616	0.00642939058543418	0.000834099339270228	0.870801393261435	0.0571464704925288	0.0295506012810622	0.000914385643178449	0.0107253542090002	0.008483757730329
0.00448395576209852	0.00704362666954947	8.73784565424241e-05	0.927257660061683	0.0334767918472997	0.00894649716496578	0.000364377142352287	0.0182416374606668	9.8075434842007e-05
0.0193829744955414	0.0103743475330792	9.10292944305923e-05	0.884138020368304	0.0315413818672173	0.0395334153470624	0.0147567725054988	9.1029294430667e-05	9.10292944359831e-05
0.00850079960230919	0.00157107811114764	0.00187432598393614	0.875838719198275	0.0612377285636281	0.0227662474750795	0.0171949522769027	9.53065529848388e-05	0.0109208422357369
0.0106604044492668	0.00223363085808028	8.91173286054568e-05	0.836364995333485	0.0779110903764255	0.0355331321093379	0.0232814609058186	0.0138370513103802	8.91173286005241e-05
8.98582019346875e-05	0.00408117891649152	8.98582019357305e-05	0.879992725363989	0.0790692221061181	0.021216763855188	0.00714253203116728	0.00822800312124098	8.98582019346849e-05
9.37805242237357e-05	9.37805242050414e-05	0.00667099897888568	0.830324772685739	0.0875894409387508	0.0261935461403178	0.00517610457549448	9.3780524204856e-05	0.0437637951081789
0.0215714839205148	0.0030335208990811	0.00141986176148871	0.89645360816586	0.0356384835433527	0.0217532814526439	0.00179773825168226	9.24918991321728e-05	0.018239530106244
0.0242494313997091	8.78355173377382e-05	0.0397663022379253	0.780914161643973	0.0520008626366435	0.010041383787926	0.00475408830715344	0.046253193477026	0.0419327409923057
9.08414227231624e-05	0.019222744390793	9.08414227231183e-05	0.8514273700158	0.0730854967812137	0.0051570780683172	0.0072722299085649	0.0135996312115666	0.0300537667782979
0.0162025092847204	0.00739390004392784	0.00211424981096306	0.889535241804447	0.0374989880378415	0.0206995820446333	0.0253346463012926	8.8452971096804e-05	0.00113242970107768
0.0199534219533294	0.00733491764851501	0.00833056201121763	0.830703811006024	0.0907834583116304	0.036453663702149	9.10500708875764e-05	0.00313124782409725	0.00321786747214994
0.00208888839347782	0.0195232744874593	8.59011107139934e-05	0.888420722317701	0.0521105499296595	0.0142304044112887	0.00654673702635061	0.00664856254574487	0.010344959777604
0.0734094710445137	0.0180612620381347	0.0664223547335785	0.695197261164197	0.0307405402940846	0.0066570318580739	0.046207632634242	0.0532061471713042	0.010098299061871
9.23298034416125e-05	0.0142374836652897	9.23298034377582e-05	0.886419353847194	0.060591999403514	0.0218264750771279	9.23298034378919e-05	9.23298034381559e-05	0.0165553687931194
0.00790018350537029	9.27836121687301e-05	9.27836121578873e-05	0.822000142074288	0.10072261889573	0.0502019453663997	0.00265858495639466	0.016238174365322	9.27836121687334e-05
0.0145119019060624	0.0286181784771936	8.84003795343105e-05	0.872476889032057	0.0444699805461615	0.0395694485203884	8.84003795313241e-05	8.8400379535735e-05	8.84003795357352e-05
0.0118914010032849	0.00525230556487803	8.64836189495306e-05	0.841240520133811	0.0597366825452169	0.0543953310181307	0.00536459218048193	8.64836189387365e-05	0.0219462003163082
0.00485705139699678	0.00341740774047707	0.0232483307680036	0.840908133455192	0.0796017977329324	0.0205109249091742	0.00144762392825146	0.0258728677441961	0.000135862324776418
9.21037121306937e-05	0.0121297356474506	0.00414325614273359	0.864961308055283	0.0693199821527795	0.0249387246780636	0.00962978437020136	0.0132417126099787	0.00154339263137845
0.0118024193621504	0.0132902347393108	8.70980235546437e-05	0.871486979170515	0.0557342430718066	0.0299537925251081	0.00229526972323653	0.00597162998950844	0.00937833339480912
0.00306660816641421	0.0365499005499439	8.94569848383904e-05	0.834256709707883	0.0788317093163485	0.00922422059905984	0.00637273785834304	8.94569848291866e-05	0.0315191998323399
0.00932973374151187	8.87158952056342e-05	8.87158952106463e-05	0.887637594776966	0.0701185725239807	0.0324705194814981	8.8715895215929e-05	8.87158952012257e-05	8.8715895210367e-05
