Bcells	CentralVeinEndothelialcells	Cholangiocytes	Hepatocytes	Kupffercells	LSECs	Mesothelialcells	PortalVeinEndothelialcells	Tcells
0.260544365761175	0.0286498889184207	0.00489798760088065	0.285276922448688	0.066010155102991	0.0014475599306322	0.018337251688562	0.00218688405798874	0.332648984490662
0.240663769958207	0.00349080768356348	0.00092550578994723	0.247399544814544	0.111215241540589	0.00980741616109841	0.00323137837993047	0.00200535192909209	0.381260983743028
0.243934011206468	0.00981890183233831	0.00203880695027865	0.277823835901131	0.0896973577625482	0.0119428970599941	0.00640073311995975	0.00662024924326396	0.351723206924017
0.285955512040382	0.004255987109059	0.00151241749668808	0.274928669576198	0.0322237533889674	0.0213915003416484	0.000587026382636971	0.00172722226095026	0.37741791140347
0.280652236123764	0.00183386837129997	0.003326565939211	0.24466504224378	0.100495814502501	0.00134518136981835	0.000352608835662466	0.00321600694818173	0.364112675665782
0.223615744934518	0.0020906959879285	0.00960674410138143	0.254572133448391	0.144079661919032	0.00703010044833289	0.000369430077874592	0.000556994051448508	0.358078495031092
0.225960339268472	0.00901904862697052	0.000663481550699266	0.261540060186383	0.11112033494184	0.00455526983842177	0.000532282911656857	0.00055602024209635	0.386053162433461
0.269657920622076	0.00109511328054124	0.00220522056003239	0.253816362858999	0.0870213969001692	0.0184847695617527	0.000243690389082652	0.000449655142171047	0.367025870685176
0.194853300965897	0.00784457971271091	0.0597355139963506	0.26228034030869	0.0689320418809025	0.00274407086817617	0.010354152070432	0.0293785682881338	0.363877431908708
0.256089764103042	0.00638462864921464	0.0035652100502717	0.253876145895382	0.0816034446265692	0.00139600534925603	0.000439935419919714	0.00104755917890829	0.395597306727436
0.233083745759818	0.00282042218449443	0.012878149301233	0.283808510926296	0.0533622970354235	0.00975110675284734	0.0013635918827678	0.00487303650832302	0.398059139648797
0.239666396847055	0.00268694234463848	0.00113329977169213	0.27001033762199	0.104954533524087	0.0120702691807292	0.000203471287377696	0.00109246467176803	0.368182284750664
0.230061966700148	0.00308754617299368	0.00371053411564548	0.271501439884278	0.0827246195655376	0.0202204265302026	0.00438478298138786	0.000567275781884572	0.383741408267923
0.264322620448134	0.00618323351356359	0.000591996690149444	0.247354543248208	0.1204866170533	0.0212367527445932	0.0027748327458954	0.00105704729235547	0.335992356263801
0.226839725452647	0.000876420099574717	0.00287311480726474	0.280591280176768	0.13847379883449	0.00251010404568979	0.000161895184309049	0.00264970622054268	0.345023955178714
0.250061289177595	0.0101597479279097	0.00124753067416535	0.277798573091993	0.042603344053352	0.0183201369978192	0.00391506902424197	0.00110823885206635	0.394786070200858
0.203735589919905	0.00386120939416709	0.04368852609384	0.257800631547571	0.0866375630684328	0.0129521439108893	0.000736332222973373	0.0167754653911932	0.373812538451028
0.264051218939907	0.0229733129585642	0.0013241359507409	0.29541537842398	0.0534705222725255	0.00172955655863601	0.00164804948512792	0.00378227613922069	0.355605549271298
0.193358052406996	0.00172326000994494	0.0183065304482498	0.278996968553322	0.110673467405739	0.00871545434598188	0.0232535069996286	0.0156307749056062	0.349341984924531
0.221375197152253	0.000380811563073917	0.000218312483588661	0.237689226724847	0.165814469230872	0.00091357287103689	0.0183427787630662	0.00103725231411412	0.354228378897149
0.260685899960903	0.00963710037119345	0.000896014615432411	0.270890595679443	0.0418314805747999	0.0127844424875611	0.000139299055742738	0.000774219620553096	0.402360947634371
0.227660267037372	0.00125357957765773	0.127428419507241	0.248634728441559	0.0597897978932373	0.00285895279742853	0.00703399623955789	0.0170793741077389	0.308260884398208
0.254489164325028	0.00206291415635982	0.00158926416093879	0.268921539950315	0.0798863761713628	0.0317874083057659	0.0101877170225858	0.00480475612063699	0.346270859787007
0.196061308250237	0.00155124599332464	0.0219087347225473	0.312768549819563	0.044719893941326	0.0172817114819615	0.000753258300406342	0.014749124659793	0.390206172830841
0.223188518901915	0.000588125353361333	0.00207521261383099	0.24535139712407	0.111779259430432	0.0166834763186538	0.00017571417240136	0.000923091408115576	0.39923520467722
0.275515168244583	0.00197772973882764	0.00592259550886368	0.267692315240267	0.0934721388757176	0.00750643327505464	0.00481559604783179	0.00257482008188979	0.340523202986965
0.250577765761847	0.000744680332068654	0.000931521240203439	0.290884588773601	0.0576224732291656	0.00301658226815195	0.000108517746812668	0.000790710162317588	0.395323160485833
0.265495820633007	0.00565534528537313	0.00243433441412565	0.264305984777898	0.0653865491488122	0.0134094977592582	0.0100768328461649	0.000658113497120961	0.37257752163824
0.220702428097795	0.00326150370084004	0.00963832643105615	0.287950764432771	0.0753299070919938	0.00294109672580353	0.00327626415180832	0.00851959791761456	0.388380111450318
0.232453279165106	0.00603061045610337	0.000736198649884713	0.269195806584038	0.134122424310013	0.00524030542011027	0.00108771880742638	0.00413290141414955	0.347000755193169
0.228118218533726	0.00782349642834916	0.0119331884590136	0.296694549566129	0.0614927304439182	0.00273714309949472	0.000171095043567085	0.00109553286149435	0.389934045564309
0.228732441152027	0.00494459569726511	0.00425190678497583	0.236020931782722	0.131449892540813	0.0238103326320699	0.000653484207063397	0.00601095721715438	0.36412545798591
0.24335706822124	0.01478630474142	0.00587594730466859	0.247109964249969	0.120422242155427	0.0093725666885496	0.00643035639595964	0.00165224523750855	0.350993305005257
0.265716558080952	0.10251681229422	0.00203335586279775	0.27513930537752	0.042726261870927	0.00556163440074572	0.0390286378697808	0.00257959496671527	0.264697839276342
0.278691803931209	0.0122525076476453	0.000666379063571301	0.25000558231042	0.0650360331859512	0.0123888739347984	0.00645501274167919	0.0192163087257868	0.355287498458939
0.172113130263195	0.0345056364239156	0.000360070564640461	0.288370624266871	0.154400881485514	0.0102643046243787	0.000480679706106466	0.00623843184194403	0.333266240823435
0.24731425569747	0.00769554297061134	0.00116547720994278	0.221041849853268	0.144239587126606	0.0142893960725974	0.00216260904508463	0.00350416820979255	0.358587113814627
0.242556544987568	0.0503427945176473	0.000624578119102849	0.280189504731397	0.0996979284515314	0.00364804169082004	0.00323554097168181	0.0013798436977786	0.318325222832472
0.236012835648795	0.015832111586298	0.0012849285258694	0.267492547032172	0.0773876167129231	0.0117550872489018	0.00066021035866475	0.00240740208547809	0.387167260800899
0.257191093909231	0.0036451122826058	0.000425518440365284	0.260983423278674	0.118927623705893	0.0134885012116089	0.000524381265820275	0.00136440542109145	0.343449940484711
0.254852056613799	0.024028364407286	0.00176862055404482	0.272190738733137	0.0607478627314662	0.00315981314758134	0.00185975976253242	0.00221670865011947	0.379176075400034
0.209553706866759	0.00508038719801712	0.000977032067994913	0.285305830709239	0.0530410403269365	0.00457772647301343	0.00480887211265855	0.013838593519689	0.422816810725692
0.257329530073028	0.00124868289191616	0.018280540470955	0.244370597651242	0.0846472317123905	0.00367590356393598	0.013747119577478	0.00626348759632137	0.370436906462732
0.260989443543363	0.00940459640721038	0.000680402478102163	0.269969633459916	0.0709839228072935	0.00620030394704737	0.0113067149934357	0.000992474861511826	0.36947250750212
0.236533854700448	0.0114728598095206	0.00169308454300653	0.293256120487724	0.0888936409044874	0.00235285563836455	0.000179316841164018	0.000836047245323369	0.364782219829962
0.203593130971356	0.0553319304582065	0.00440374395437096	0.298520258904578	0.0374197504576375	0.00774118728272294	0.00617072580420944	0.0014491213468663	0.385370150820052
0.249695978942815	0.00289543334120261	0.000510692462475509	0.260758178387741	0.123492460250431	0.00222405556094594	0.000239588106046832	0.00123162097193188	0.35895199197641
0.263284943799748	0.00330873748842417	0.000648061909322069	0.259840717187802	0.0690909238933428	0.0255421448130556	0.000106529160192238	0.00207655126715114	0.376101390480961
0.206678472523025	0.0437881003169498	0.000711047744957081	0.302697594766922	0.0310016905173331	0.0188621498022424	0.00419239332971311	0.00330795519391422	0.388760595804944
0.2552724861471	0.00479987306932562	0.00111512046561396	0.291882911849406	0.0635833603427725	0.00724717077585564	0.00044389440876535	0.00175004298001401	0.373905139961147
0.263767430697309	0.00279631826055601	0.0015485243719713	0.242869377983405	0.0645073828399052	0.00515138328320762	0.000190309608127628	0.00133340897485673	0.417835863980662
0.247112695045798	0.00327371991365311	0.0519612043580695	0.252942169211814	0.0810589102397381	0.012479308462153	0.000448220270552825	0.0195926758818741	0.331131096616348
0.248593215568394	0.0425868741504795	0.0023524610139755	0.269991937161681	0.0641171038648919	0.0223610947374931	0.00553235415907257	0.00626843625168123	0.338196523092331
0.272212429700201	0.0010814719294384	0.0297284109824347	0.284339962038711	0.0324072149412868	0.00277577996118995	0.000455544335792578	0.00792543908636528	0.36907374702458
0.272024098073194	0.00724720669308733	0.000926144102779327	0.262327581609079	0.0599159169512006	0.00579004438707165	0.000338048034431305	0.0083613797429551	0.383069580406202
0.258827419104516	0.0287916731402279	0.000684330313739451	0.256996189829072	0.096450040237364	0.0268062618147669	0.0090222038557404	0.00360501141957369	0.318816870284999
0.254750068419547	0.00938766799339102	0.00187131880410909	0.283036439632219	0.0488827988747698	0.0192030834446402	0.000143908006377381	0.000721021695531496	0.382003693129415
0.226786135417977	0.00291701804426581	0.000325768646829703	0.271849412468279	0.112262607961251	0.00321872333003581	0.000410781817309685	0.000930387260239286	0.381299165053812
0.229745657890858	0.0180144246566055	0.000901973735430287	0.275179822843537	0.0682704446022942	0.0110434398556014	0.00459456069687514	0.00394506448727298	0.388304611231525
0.303410983120193	0.00206677088877495	0.00428258129371615	0.273239138651756	0.0429071332979178	0.00559397640959893	0.000535882742888317	0.000879307448879651	0.367084226146275
0.262171728747598	0.00113227734185206	0.00492383746866735	0.270838944772951	0.113700113081319	0.0181715795616789	0.000165484908791144	0.00143929274264516	0.327456741374498
0.227786025390572	0.00454628782278061	0.00116134801936961	0.262657247954812	0.0889248610747694	0.0167892445604796	0.000238907522913676	0.00128243448022545	0.396613643174077
0.1984254939628	0.00692026940634621	0.00172655584785784	0.265803129400296	0.102275338880195	0.0286118376202738	0.0057058992048415	0.000841105316667739	0.389690370360721
0.253166673824979	0.0135348218295917	0.00169088202707694	0.265333655485491	0.0574559740472115	0.0249679575737764	0.000504592637410256	0.0029875548041972	0.380357887770266
0.242718888860363	0.00376544777268191	0.000468812122786098	0.25533383182224	0.0750611010818447	0.0436904692094623	0.00414228135954927	0.000747228321252937	0.37407193944982
0.247744187313387	0.0070276690975314	0.000729388217527724	0.271592776392226	0.0899039474442082	0.0145287678851002	0.000723783485203868	0.00666316428555702	0.361086315879258
0.20419461077169	0.00245655480646796	0.000577044454504614	0.291481689303433	0.0690003133336913	0.00496010729729831	0.000185848401689257	0.00145003582384464	0.425693795807381
0.226362917264225	0.0162918701876664	0.00215140312088035	0.296549802491152	0.0459629916040449	0.00517407897468868	0.00526812750575753	0.00259253872021192	0.399646270131373
0.194736851239647	0.00271892087508967	0.000687339277591079	0.270460151225509	0.103659674895522	0.0123247038417248	0.00010348624688529	0.000706074620691637	0.414602797777339
0.260558548040422	0.0060556060098907	0.0018639888392576	0.280123090493266	0.0542792636270195	0.0196798994601945	0.00118917329734558	0.00153925971927811	0.374711170513326
0.245565049610981	0.00253970309700066	0.00242637793053264	0.28541323555519	0.0533056780787578	0.00793173694736891	0.000146891899094935	0.000774688236180536	0.401896638644894
0.214894685680438	0.00688738550455263	0.000486805498174771	0.317922927935878	0.0546860591287252	0.00512732747011059	0.000218218647835295	0.00948102043441708	0.390295569699868
0.260655367435197	0.016506297175009	0.00162316045350735	0.27770117651982	0.052439955542081	0.00741849938921479	0.000746620064183387	0.00410787365313637	0.37880104976785
0.22634093472561	0.00916297812077147	0.0101582723990469	0.308207018562386	0.0585187522340007	0.00694436070847339	0.000436959638682364	0.00105127077464052	0.379179452836388
0.239731598533514	0.0488370380061	0.000428558083477978	0.275296499060349	0.0931086023432462	0.0143044642443993	0.00053709149737565	0.0060803333460905	0.321675814885447
0.211490165668555	0.00375069402042973	0.000652065323380214	0.242875302095142	0.126287302096296	0.0185266169642422	0.000186435159590433	0.00156036014989438	0.39467105852247
0.257237632045434	0.00349079671771861	0.000899911266070319	0.263748511460296	0.11085158371087	0.00281177181658941	0.000250392857750444	0.00191742869899591	0.358791971426276
0.224010708337865	0.0198745029300454	0.000742236930987025	0.272065900843795	0.142594793551273	0.00989232019127313	0.00181762339705278	0.00266083319357389	0.326341080624134
0.197400107514385	0.00161152213748113	0.0120383115907652	0.244416784653151	0.156604521685851	0.0122916564701863	0.00273802915162559	0.003705964843717	0.369193101952838
0.277757286367358	0.00127619204102628	0.0013231826054637	0.260834236612796	0.0698063439812772	0.0113753032449403	0.000104437732935946	0.00199842001742594	0.375524597396776
0.208943011750454	0.00240636440952417	0.000203835538774135	0.284119613449098	0.0559477172709421	0.0264520648540902	0.00019368400158957	0.00132236823635427	0.420411340489174
0.239347764880995	0.00561720450119433	0.000771764592903497	0.265816568938322	0.126302584126723	0.00492182933547855	0.0120785969204219	0.00467704768722475	0.340466639016737
0.245702397224243	0.00131933166446227	0.000545091262477256	0.290581311524199	0.0659100192066689	0.000613004850630784	0.00430053879197957	0.000624118059985636	0.390404187415354
0.191827916280632	0.0011173633026509	0.0127191246117688	0.288666546217659	0.120696553266825	0.0045381496330695	0.00315395686660709	0.00598362900783845	0.371296760812949
0.259739621844158	0.00667584242756887	0.000523943428810449	0.287847563483906	0.0409842176961413	0.0272626732716587	0.000234191303068706	0.00666131652133843	0.370070630023349
0.235794079423185	0.00383636906294112	0.00299808434704205	0.249865328224341	0.131980143111136	0.00756369698188853	0.000486487113029914	0.00164413794338495	0.365831673793051
0.233596640336584	0.0292517012751878	0.000513675995395259	0.280816305076666	0.0815185773481794	0.0191091323997472	0.00156834549746915	0.00158095678102011	0.35204466528975
0.210781815200831	0.015265075110059	0.000625026109199314	0.297770521013858	0.108675864567273	0.00978388152304321	0.000197686995211269	0.000813740598020765	0.356086388882505
0.262930941930549	0.00301695535532269	0.000422775354597151	0.283490907748422	0.0409995999453105	0.010411255804042	0.000341340541917631	0.0061668135005638	0.392219409819275
0.242186419900608	0.00500978339123641	0.0451031251923326	0.297485412597496	0.0480868513607403	0.00337038822370853	0.00113376166143915	0.0119103365360255	0.345713921136414
0.238217005225624	0.00272118242227052	0.00145035594419864	0.282831890538441	0.120356988331155	0.00192715478332156	0.00196015306743463	0.000490542616240942	0.350044727071314
0.143663618404565	0.00804308624073548	0.0317229861450817	0.314710114129671	0.0503260172417064	0.00248880988641131	0.00073921864043915	0.0206620422567515	0.427644107054638
0.258988721557085	0.0285008867406991	0.000965423035201275	0.27315991527566	0.0619400383326935	0.00199556670907779	0.000345715328688275	0.00153059103485555	0.372573141986039
0.203317005302759	0.000747346593327948	0.00747901117186688	0.293617667781361	0.0894855570787825	0.0155364544598164	0.000140387120044886	0.0208579057005711	0.368818664791471
0.226002521862047	0.000578936711182148	0.000548332605089485	0.271291435879776	0.0978938613048825	0.0088773993153196	0.000174688858016244	0.000610696132768006	0.394022127330918
0.226924795566541	0.00100252500926514	0.00104439102143813	0.336641971067368	0.0905118950989062	0.00641057270675195	0.00153774404842193	0.00148780239787826	0.33443830308343
0.258594414073139	0.00355108469936233	0.00181380938650501	0.239953602259489	0.129745342334468	0.035632763313156	0.000170427373509737	0.00419682463551985	0.326341731924851
0.282602432798199	0.00100128483598578	0.00547736750551106	0.247925701967591	0.0744440991551464	0.00582837491220932	0.000279192723570562	0.000439592023528688	0.382001954078258
0.223467061110048	0.00120422360228639	0.000343642685762851	0.294289470813186	0.0967018290289454	0.0212411015681238	0.00363829620563273	0.00279934629975812	0.356315028686257
0.20000723480966	0.00785179977813467	0.00167737777829931	0.258305037614804	0.153847036708896	0.010223604505691	0.00131874241165779	0.00148562213061241	0.365283544262245
0.265884881164779	0.0132447907742872	0.00249573883587141	0.276098612964968	0.066909512372653	0.00458192363720746	0.00335482311574727	0.0016988714158185	0.365730845718668
0.246193894021155	0.00268399138263994	0.000594550598672622	0.278773069159345	0.0764639145705616	0.00677769920741169	0.00214535535882521	0.00975746626272732	0.376610059438661
0.261091948236207	0.00238052188443498	0.00295941770975536	0.277563992369975	0.0427737217640289	0.00671314068504263	0.000132133709444625	0.000506944786573266	0.405878178854538
0.258144350205938	0.016111521971446	0.00160098340872392	0.253628504842873	0.0902412251741862	0.0316579913962717	0.00313053940230949	0.001757819912147	0.343727063686105
0.268719571121153	0.00236943332751709	0.00251636546399427	0.261472937358065	0.0525660454663919	0.0274134930130264	0.00331293901430007	0.00241312549620933	0.379216089739343
0.226695632119006	0.00275013875503619	0.000943546575828255	0.305864442374712	0.0573442606594931	0.00603269598846747	0.00176237795258196	0.000875988888665429	0.39773091668621
0.21784644996137	0.00216166711687325	0.00562652320036101	0.304609881810226	0.098129633038389	0.0171816053586543	0.000230579485993731	0.00349792043235937	0.350715739595773
0.271527519157562	0.0129544804459424	0.000964249986876401	0.260169360048905	0.101533810799541	0.00691932003739624	0.000146647373904845	0.000747469816891478	0.345037142332981
0.248159712353474	0.00166909462775536	0.00346747127846303	0.243907466424586	0.123154752154845	0.0137607346313	0.00431692359455695	0.0128434225369002	0.34872042239812
0.262528573017725	0.0639276807730317	0.000873791446723688	0.262202794109019	0.0553812933668761	0.00198972929377371	0.0356567918483207	0.00722164265033652	0.310217703494193
0.279089564313562	0.00104542218460137	0.000392727880138468	0.299039123900098	0.0310092240130985	0.00614856817501337	0.000731773122522156	0.00170184821073547	0.38084174820023
0.221178881565057	0.00203760163688224	0.000351531208056936	0.260336042667274	0.147926103290025	0.00443332621734709	0.000288308416530668	0.00345226541210135	0.359995939586725
0.258030027813776	0.00295217653974949	0.00382720196690003	0.270256073982969	0.0646612120759221	0.00581970826393399	0.000972008166843779	0.000495386403612443	0.392986204786293
0.208091191221763	0.0011031092388493	0.0344387024545106	0.301968686872919	0.065550499191926	0.0022006311066699	0.000167964900854735	0.00557011939334018	0.380909095619167
0.318578423356381	0.00209472996426955	0.000567274000983012	0.244413255007802	0.0791893235911892	0.00880649778486947	0.000192284266257996	0.00106371454190866	0.34509449748634
0.210436117956225	0.00256010638635172	0.0161272181165174	0.267905994959491	0.052600999754803	0.00424061096938076	0.00140758445818583	0.0197860093143707	0.424935358084675
0.245270397255277	0.003518699477863	0.000870724765394039	0.24278704971727	0.149652896526352	0.0075150986586888	0.000735063888403228	0.00202724111213063	0.347622828598621
0.286869153120141	0.00289168883279909	0.000789155757659163	0.28488875918007	0.0482192860170467	0.00707394286470074	0.00465080270787552	0.0031639562131117	0.361453255306597
0.201927675211543	0.00330604228375885	0.00157004338672159	0.234701634876467	0.185606719770459	0.0117235092724453	0.00027426031277712	0.00110342281134015	0.359786692074488
0.272260682295829	0.0104005736836414	0.00103157020226187	0.257647297942735	0.0852329190401048	0.0055910516490925	0.00184299416962583	0.000673127594422786	0.365319783422287
0.20323220648002	0.00195475330047907	0.0130577360025174	0.249333181307642	0.133958496118864	0.0170651802013661	0.000220780030891815	0.0106543860617795	0.37052328049644
0.226019947884343	0.0083985822485314	0.000701271480268418	0.306554016272316	0.0409826068936614	0.0191937187662189	0.00169253710672545	0.00277363012621897	0.393683689221717
0.212055688055977	0.00546852932325102	0.14037408376633	0.240283261476582	0.0313120665557572	0.00129947158061643	0.0137049863288325	0.0117762906970095	0.343725622215645
0.238380024656968	0.00588001360503568	0.000738060794658773	0.300917800929984	0.0581568804081841	0.0121415177543641	0.00628993819327241	0.00108277045725011	0.376412993200283
0.238978949118364	0.0165964554038769	0.0372043375061364	0.249735657101049	0.0568902026338009	0.0135848898471793	0.00882101537146237	0.00807668126442128	0.37011181175371
0.259450300662472	0.0578694705514452	0.00149283161851626	0.228655921167523	0.0559155809936938	0.0213273015892129	0.000684195561241764	0.00437725891949939	0.370227138936396
0.225113427575023	0.00233817694980911	0.0269322891693224	0.265450088719813	0.0886283941960548	0.0178592382209182	0.000165270823862505	0.00887467141110011	0.364638442934096
0.266189196934072	0.0132387760758224	0.00104555052110017	0.281440313643034	0.0292253679320964	0.00685624034275231	0.00127252993126278	0.00540824661797841	0.395323778001882
0.19395826320873	0.0006499707198625	0.00204681396643252	0.26664880020739	0.121313541434659	0.00131394723086492	8.82523766812093e-05	0.00303190368614733	0.410948507169232
0.232357529328586	0.00333185821362409	0.00130411146729813	0.295824816778875	0.0847285818379972	0.00249032892877345	0.000708881706848996	0.00342442712152198	0.375829464616475
0.224603071900388	0.00281084136516899	0.00370264550403896	0.270804725288674	0.130954744087814	0.0114896430114646	0.00208230675141622	0.00181178656766635	0.351740235523369
0.242922823825838	0.00345452254973011	0.000736321686172748	0.280317955423066	0.0708032492683043	0.00792486842927376	0.000973078740423778	0.00442131806451463	0.388445862012676
0.213484401001707	0.00398496489271493	0.00822456035538346	0.303594382528711	0.093183988324918	0.0104955935237627	0.00215629851091461	0.00088860546719152	0.363987205394697
0.201116423516852	0.00370894876531622	0.000647400599790239	0.306588876433887	0.0468388270099184	0.0144239842815578	0.000219774063990352	0.00180478268588094	0.424650982642808
0.232530423266889	0.00186679891033796	0.00068110602700513	0.245025866576911	0.126056738514651	0.0106817645729747	0.000167531371122238	0.000243981267671675	0.382745789492437
0.248166312618682	0.00127378943758063	0.00374208562996265	0.261279268014021	0.134608179132257	0.00600396420530211	0.000194181851851536	0.000516225717955457	0.344215993392388
0.232681847837114	0.0184397382478769	0.00204323822820325	0.297270416611771	0.0546736011280773	0.0251073767640932	0.000262766882264335	0.00204938102588989	0.367471633274709
0.259901024776401	0.00416556058047736	0.000657026855951569	0.275581851748936	0.0716278772844893	0.00216271773825414	0.00057199695336198	0.00188003625858219	0.383451907803547
0.273372811653631	0.00246964105388792	0.00178834816332626	0.271704167514003	0.0880081481896191	0.00922517615471534	0.000149634569674801	0.00269114357639597	0.350590929124747
0.288273852017294	0.0267999880658718	0.00151279667957391	0.25249972178984	0.0786497705059813	0.0042492677744387	0.00072729621380552	0.00312957089496491	0.34415773605823
0.228984437796074	0.00233354456478621	0.00161662358083447	0.280296924430147	0.0834123360231938	0.021345136385216	0.00187134026438637	0.00520572284754491	0.374933934107817
0.209362132042811	0.00324994348154136	0.000206751824000068	0.292904275714418	0.0847214239007053	0.0055403650462794	4.21530263426852e-05	0.00039871392024941	0.403574241043653
0.256349166939166	0.00257761775183182	0.00172323771515943	0.241778929181201	0.133692310282824	0.0214275375599452	0.000311425300716193	0.00258236769584602	0.339557407573311
0.232735674971396	0.00162841923174301	0.00140495865178905	0.215363795196333	0.212024607694869	0.00647479222554652	0.0009524277136606	0.00889687124636309	0.3205184530683
0.209071867750211	0.000226733357335143	0.00231441870091144	0.295211555721123	0.132656799607658	0.000241980623025066	5.19007088864857e-05	0.00010307053126518	0.360121672999585
0.282386168135929	0.0103367081339714	0.0011305975219818	0.288408746075777	0.0523197501040655	0.00182976909661763	0.00125902190754413	0.000573133699136793	0.361756105324976
0.2329788490312	0.000749015538589585	0.00146133484658254	0.265158495700195	0.125993635940034	0.01515778374681	8.18471497880204e-05	0.000724864095521096	0.35769417395128
0.197882648186145	0.000815787366851404	0.0138014274059064	0.27536656739098	0.0957335081367842	0.0188925484716444	0.000113978513161188	0.000491313693486493	0.396902220835041
0.21824686518097	0.00924841255802779	0.000827047635129046	0.287690443406624	0.0790068944058456	0.00135991689999932	0.00730274235996907	0.00134639883152525	0.39497127872191
0.305642044387249	0.00136902473141226	0.000646060077325086	0.278258584592855	0.0513708869804545	0.00535846700504016	8.69090286685582e-05	0.000950977812898756	0.356317045384097
0.2527829820607	0.0162453397507613	0.00118802016861705	0.280502418299439	0.057596130217529	0.0191435922630545	0.000590077970059632	0.000976153701915066	0.370975285567924
0.249647518002084	0.000821685635917209	0.00601556803419524	0.254819564760286	0.0505993568432709	0.0123589665830413	0.00625197367986909	0.00193280039261425	0.417552566068722
0.22563993263422	0.000727364387422027	0.000880870164305015	0.267215681430366	0.0999345515148336	0.022123594492289	0.00161967303314984	0.00613610937004126	0.375722222973373
0.21162629445848	0.0212349114596849	0.0064394642334448	0.256167021023632	0.0784316611107062	0.0157141316056915	0.000325789068850361	0.0084007127525785	0.401660014286932
0.252577639569698	0.0080664995586028	0.00372855973015399	0.248978617431381	0.056296442718964	0.00559008456337702	0.00182800899564816	0.00207455306841809	0.420859594363757
0.244790537195404	0.00187636643086427	0.00147289532317656	0.298283057683131	0.0396204018839299	0.0245207469510713	0.000331160572971368	0.000401400923394554	0.388703433036057
0.220173398258344	0.0114253272871339	0.00193578147681257	0.300307639990837	0.0535028263269702	0.0106658361523337	0.00139448990632455	0.00429494592949037	0.396299754671754
0.287805064987044	0.004486875686791	0.0023240392130341	0.263886584765326	0.112776284253636	0.0173833108239686	0.00132329368755524	0.000674881735836648	0.309339664846809
0.257794901781699	0.0062749630898482	0.00186298234500551	0.278847195098555	0.0267544798648333	0.0269143436380954	0.00224611909764512	0.00066067136652622	0.398644343717792
0.254780992214584	0.0167434735397528	0.00206275978807035	0.266812795724692	0.0915002561826717	0.00327102447599048	0.0075712615355164	0.00880256038703635	0.348454876151686
0.244545758592049	0.00242723813608202	0.00123072800196292	0.24721371424243	0.0880177031874406	0.0124983946484205	0.000221249264618244	0.00426818485895878	0.399577029068039
0.21528099518694	0.00844376488723856	0.000978735170389417	0.306783690962915	0.0319647188811217	0.0241488010854074	0.0184221165556753	0.000896748490449478	0.393080428779862
0.188997607873837	0.00210432027767511	0.00144236860358193	0.272031860258122	0.107533443039954	0.0411946469193008	0.000203310451915587	0.000868489506751882	0.385623953068862
0.186686149599627	0.0148884259820192	0.00129625691816102	0.267736185117547	0.0972090294075968	0.00687753397026592	0.000180227105722445	0.00315467279641843	0.421971519102642
0.204816134852418	0.00732049764707962	0.011771789612783	0.305099847918357	0.0878421752574619	0.0065244198465475	0.000336490446416279	0.0271271733368545	0.349161471082083
0.191114960287567	0.0820614794997326	0.00151399712867784	0.265507064277219	0.104234830122284	0.00495317721148118	0.0232843899486482	0.00610950696351148	0.321220594560879
0.277335352786805	0.00711551078887715	0.000525217914817552	0.249600066787783	0.0872958468085465	0.00658524571527871	0.00133337956960387	0.00656523163924207	0.363644147989047
0.211364189793253	0.00469463871272785	0.00050295851994473	0.290650175692735	0.0764818201147126	0.0100324095140817	9.79895666477658e-05	0.00085951119729712	0.4053163068886
0.257458189495152	0.00205394224123549	0.000867434498485396	0.27858643146904	0.0826563531277282	0.0136631807175364	0.00602898154849606	0.00238805125884443	0.356297435643482
0.277109821877592	0.00997830269600712	0.000591619368771916	0.268091064024583	0.0941388410333593	0.0348990148208167	0.000644119186955385	0.001272051552221	0.313275165439694
0.236255283665321	0.0662202257403431	0.00105522122521171	0.247000792903363	0.0338874359801237	0.0231382147978444	0.0169759974202044	0.00656769585007328	0.368899132417515
0.208655366834977	0.000900717957540459	0.00892397938604319	0.295110040282162	0.0829527279073746	0.00713851599831801	0.000247804705122205	0.00173415860571913	0.394336688322743
0.203891101639669	0.00088847259839657	0.00570585714359727	0.240621400897226	0.13099951807032	0.00382968590602218	0.00857715526919138	0.0144456747915168	0.391041133684061
0.204729370721182	0.00182989705559915	0.0209780406717432	0.279383223137319	0.0803553343971546	0.0137323632272821	0.000914188045199818	0.0167045285704225	0.381373054174097
0.243386838814101	0.0233568117635392	0.000473071929893984	0.285064989861494	0.0320370573159694	0.0022497503260141	0.00873938491866516	0.00110919931595645	0.403582895754366
0.213857890389877	0.00123557398146795	0.0223882761063571	0.322836785511231	0.0577727285198385	0.00264927077438997	0.000371521765315785	0.000888362092123015	0.3779995908594
0.22295296524911	0.00158440452780368	0.00364903945718025	0.277025993580361	0.0585021928965707	0.00649307951206744	0.00149358200526346	0.00231021425170379	0.42598852851994
0.271286786631542	0.00313518824961913	0.00744135458559851	0.234108013796472	0.0997726448438606	0.0133440455006935	0.00304924497172828	0.00781281980635296	0.360049901614134
0.294577279667658	0.00794860300911985	0.00239512735189555	0.286461784091565	0.0672537993496309	0.0024529409527311	0.000610888651517371	0.000495315630995672	0.337804261294887
0.257275497325133	0.0082050279361262	0.00308673502107159	0.292818815323736	0.0751128632748432	0.00699989491106826	0.000587335291811404	0.00377810483902377	0.352135726077187
0.276673380841295	0.00207305120870476	0.00166845270444107	0.253323559357864	0.0634817153911658	0.00453112933993044	0.000756259961614083	0.00145684536198565	0.396035605833
0.291034089108527	0.00140182971816012	0.00471609808853834	0.286859743530169	0.0597724716924326	0.00937317827758451	0.00144162102553794	0.000785147970637446	0.344615820588413
0.218341105427173	0.00457984523262569	0.00179950692325495	0.27574464807929	0.102448528726641	0.00793695888217796	0.00445562975305389	0.0084102642174629	0.37628351275832
0.226289468815015	0.0119324357169633	0.00153084177235307	0.309878214410148	0.0334036494561684	0.014114413189442	0.0096208015368939	0.00649432293877018	0.386735852164246
0.281083020697735	0.0440344168141374	0.00184357281912005	0.270283226311294	0.0500548082183058	0.00868033158474006	0.00100341980485513	0.00464837819483599	0.338368825554977
0.206078253219998	0.000551766543596795	0.00124674955650099	0.283760998163526	0.0828743533153877	0.0109125625289231	0.000238892332526593	0.00793603141285366	0.406400392926687
0.281538606324282	0.0048870836766451	0.000475368391251584	0.277025107038776	0.102534597807965	0.0157509214955449	0.000684199730407708	0.000878152247038362	0.31622596328809
0.231485902831265	0.0238191386736438	0.00151449442228166	0.25935834495883	0.0888674823931378	0.00322346471142663	0.000712637726953852	0.023110880755582	0.36790765352688
0.1780150236571	0.041618622926524	0.00353817518915845	0.287614719551331	0.0989774829721592	0.00222619365722672	0.00797550013333206	0.00171200129428849	0.37832228061888
0.220811555793357	0.00484475991231846	0.0397394743922382	0.288689899249749	0.0640436854951449	0.00959623026084023	0.000125495429376096	0.00452228434834799	0.367626615118628
0.292852697289817	0.00373481875049785	0.00405920701945347	0.276022649764727	0.0314749987325354	0.00865959676166181	0.000663466299427054	0.00472728252945778	0.377805282852422
0.212747199623208	0.0443915212709908	0.00225888558349774	0.286814937012988	0.057992575239807	0.0121267583546871	0.0414073623100061	0.00271525479407301	0.339545505810743
0.222470055801306	0.0165456999438063	0.0041668773582901	0.247230417118411	0.173618651618958	0.0156344615611844	0.00570193913631001	0.00454217257120431	0.310089724890529
0.236246673663928	0.00192883080774474	0.000428492645765643	0.283720009159018	0.0732447038779428	0.00548598679422131	0.00023812648212229	0.00162540049104844	0.397081776078208
0.234284552398373	0.00566378516809004	0.00108884123503008	0.261886993670561	0.121435174560278	0.00426352685223398	0.000644158640091491	0.00127869083375323	0.369454276641589
0.254110901809915	0.00311867935099269	0.00306863052713352	0.277552543376525	0.0573369320972063	0.0187415397526539	0.00763039366623094	0.00187411274151646	0.376566266677827
0.241824502679356	0.00382536777044291	0.0034667691621677	0.260590973884354	0.101774265397967	0.0167195838179754	8.5879338067181e-05	0.00414953873249748	0.367563119217172
0.2320745864471	0.00219222406633898	0.00130830985696281	0.28655109154063	0.0925423943140302	0.0147426379295771	0.00130693981289467	0.00278178287236792	0.366500033160098
0.2447816839564	0.0185341741203356	0.00072751148646433	0.289901007074741	0.0268813647258814	0.00919495993693663	0.0160499396978289	0.00182603164472791	0.392103327356685
0.252959131330511	0.0119427519530885	0.00041090877464732	0.29542425648445	0.0336686428438893	0.0254018283497013	0.000374160293538323	0.000548274123846655	0.379270045846328
0.192927874405747	0.00474945112117951	0.00399406327166265	0.265514590419876	0.108913129024713	0.0116519817310216	0.000699355772950462	0.00227338901179876	0.40927616524105
0.187984977478994	0.00236605952786476	0.0158444060230595	0.290106013260923	0.0690177416195322	0.00231687834161878	0.000435377706448055	0.024296931798815	0.407631614242745
0.225359730590464	0.00468951913476725	0.00762654019497163	0.307990730987618	0.100689616976545	0.0311473656250611	0.00137178096270367	0.00437139383182194	0.316753321696047
0.208818163827008	0.00732137885608755	0.000240648458075974	0.268860929565612	0.0645112366626809	0.012537023705282	0.00106677852860767	0.0011487069035959	0.43549513349305
0.227214412419645	0.0290176856579704	0.000624838352281629	0.271817452576182	0.0675009080242008	0.0155128853538047	0.00827184350217863	0.00346997745725618	0.376569996656481
0.252200313734972	0.027517594475347	0.00400224269729729	0.267741104751462	0.0945712457169782	0.0179867704400271	0.00103259324601717	0.00172999746099034	0.333218137476909
0.228898013149389	0.00466191630224643	0.0211290876358483	0.2325413581771	0.102812456205379	0.0050774367050906	0.00162288691660703	0.00341586956416373	0.399840975344176
0.291733406507449	0.00350354122723328	0.00268471738467885	0.261196018754499	0.0531698081308521	0.0217972347880457	0.000186741032408095	0.00116600626025324	0.364562525914581
0.241486667605304	0.00407619428150607	0.00632799899281328	0.25940528830417	0.110727935541671	0.00422308701014541	0.000305252954380297	0.00299967189939022	0.37044790341062
0.252432280263244	0.00683929435875827	0.000620900988010701	0.245892144055682	0.131730036366956	0.0311553210472536	0.000704994279200093	0.00882808701739924	0.321796941623495
0.204329701920999	0.0200790206036249	0.00076954472666399	0.285150950932913	0.0389558804590111	0.0352770585388524	0.000466492194865693	0.00100832029772709	0.413963030325343
0.325974858373727	0.0303358129719897	0.000491795096004289	0.266054781033563	0.0716003475093696	0.00145957658151924	0.00115360570925386	0.000541416136908711	0.302387806587665
0.242205142352594	0.00855442743147759	0.00173025973637041	0.235404598227472	0.0891695380862898	0.024704914311933	0.00369988572641651	0.00217161312688554	0.392359621000561
0.222145920059475	0.00269599036806422	0.00551543480309755	0.265638498474907	0.147486400624468	0.0160101798575755	0.000479392439773948	0.00261172348355451	0.337416459889085
0.267235559210326	0.0106330967717104	0.000508079038953478	0.283771488439482	0.0471680401941948	0.00867253260124389	0.00144159266407332	0.000679689915040092	0.379889921164975
0.256305793617929	0.00785933935816295	0.00066328090318014	0.248826758688668	0.116054422073993	0.00186617553448261	0.000152637164177517	0.00084635281770234	0.367425239841705
0.259196153600255	0.00175743892417215	0.00533425827954696	0.290986187240191	0.109249850972353	0.00539376697575969	0.00690789339876488	0.00683941264921879	0.314335037959739
0.242306469038314	0.0464059499106853	0.0035686239425894	0.296015283944675	0.047791466477286	0.00643890885225543	0.000864904342398319	0.0025854130306462	0.35402298046115
0.244030719138415	0.0221099599527296	0.00439983305424993	0.287572981160389	0.0585609317970586	0.00661327515193724	0.00142872033907131	0.00160148658205864	0.37368209282409
0.238048310688376	0.0379365663161598	0.00207072614038664	0.253349440872942	0.0958706906739372	0.0104186377155592	0.00839054853292632	0.00146386113182667	0.352451217927886
0.246816223558821	0.000647592108940525	0.00488389266181263	0.251174709582978	0.108924224436364	0.0200032584573004	0.00041437406980102	0.000413862978567137	0.366721862145416
0.203208536949329	0.0107111986025259	0.00850209076648768	0.279532626434489	0.127594634601562	0.0152515932554757	0.000798338704771645	0.00478075847155397	0.349620222213805
0.204682390159181	0.000698438519470809	0.0203395116445811	0.310377360774434	0.0669073941991823	0.0100269658024767	0.000488190681305411	0.003556413161653	0.382923335057715
0.27870182079086	0.00190294333963779	0.00218467878754214	0.274753805375567	0.0606798121304658	0.00249405875593276	0.000172077399115787	0.000470431214922238	0.378640372205956
0.244819649270244	0.0403254659584515	0.00155645034558041	0.249943160292547	0.0769240084852935	0.0160484668718037	0.00725012642038286	0.00282064743623528	0.360312024919462
0.22534947610772	0.00140808335089042	0.00033568319041856	0.263335164414524	0.0743282862782128	0.0143473155277796	9.43703523280648e-05	0.00113731364310521	0.419664307135021
0.23176293063416	0.00307165188733753	0.000870432656684388	0.27267480748947	0.120840179453191	0.00633166385341386	7.33693710719678e-05	0.000340061056971478	0.3640349035977
0.253730213981291	0.018443940348553	0.000622031877182896	0.243194517255212	0.115886243415795	0.00856077022173145	0.00372581342346491	0.00136322013002438	0.354473249346746
0.206443934572276	0.000618745827249175	0.0120997396248429	0.293641985364482	0.0818283296821943	0.00320699178352434	0.000250034355483524	0.000602793232877663	0.40130744555707
0.215669115715435	0.00197769642966997	0.0217458785226506	0.274119569289567	0.123828692665889	0.00172789476182348	0.00389184792575823	0.00216308422152756	0.35487622046768
0.204269748967099	0.0013189652237866	0.000507522015365928	0.276090552869673	0.111784136698313	0.000622761686310925	0.00526992190089509	0.000315482953061052	0.399820907685495
0.149578025006302	0.00224812139736251	0.0636924717451052	0.26862477304062	0.0863763660650327	0.00960845319610438	0.00129928896001043	0.0326923537235737	0.385880146865889
