Basophils	Bcells	CapsularFibroblasts	cDC1s	cDC2s	CentralVeinEndothelialcells	Cholangiocytes	Fibroblasts	Hepatocytes	HsPCs	ILC1s	Kupffercells	LSECs	LymphaticEndothelialcells	Mesothelialcells	MigcDCs	MonocytesMonocytederivedcells	Neutrophils	NKcells	pDCs	PortalVeinEndothelialcells	Stellatecells	Tcells
0.000156009229795869	0.000122374535794132	0.00146127776127849	0.0100589146335113	0.000580718226757434	0.0282896340279959	0.0442516975479322	0.0054136542051053	0.851750228698177	0.000113239526312298	0.00068293049078082	0.0238126234859233	0.000535382921259099	0.000414125712723077	5.38384645500996e-05	0.00348983967501592	0.00259483356748117	0.00131116954510314	0.00398828407455753	0.000864922415976808	0.00670398414948307	0.0129331649828161	0.000417152121670469
3.6148535369086e-05	0.00732969441663221	3.37341019328013e-05	0.0086270658813406	0.00229458223250398	0.00142747085883453	0.0395287253534502	0.000395037505663921	0.803223862012817	1.91914838684298e-05	0.0285515558950188	0.0378809517400132	0.0169084589707114	5.41985546510801e-05	3.4020547046235e-05	0.000436493861545569	0.00288006823280842	0.0179648460873579	0.000391869100040821	0.000434237203023784	0.0120648972569271	0.00960883213561271	0.00987405803282987
0.000110103513755448	0.000127560497320362	0.000648666262758745	0.00905329479379601	0.00683849802781492	0.0230431381914309	0.0364967641537023	0.000631554604641646	0.857503308172277	0.00110881778717001	0.00162000292333303	0.0281888015431883	0.00781996502552564	0.0024213045075994	8.94293443663829e-05	0.000143284622913319	0.00737566712069597	0.000640734458983851	0.000401404387527564	0.00010320734424455	0.002912213797702	0.00932204853047809	0.00340023038877506
0.00257869666469154	0.0223056289579727	0.000120115780464193	0.00529899071515866	0.00639530591475451	0.00189297148778408	0.0395953200843629	0.000119743724519972	0.848326282022467	1.31893928089513e-05	0.000334142600838059	0.0121774603094842	0.029871321085574	0.000105048683686684	0.00047056671673094	0.00293772968241296	0.000109218152475652	0.000118766131565685	0.000314201291921658	0.000551084531259717	0.00204516602006688	0.00553824139174103	0.0187808086572582
8.02412362562493e-05	0.00471989223217129	0.000514300275281483	0.012025271418684	0.0015638020191638	0.000829302070677424	0.0423745758833989	0.00015198102593633	0.849643674225019	0.000730092544362437	0.000231544977943907	0.0333264722296142	0.00978750471379598	7.81723035841902e-05	0.000101736733300175	0.00286042807672945	0.00532016134177527	6.63420459090815e-05	0.000323593452110838	0.00471774619394932	0.0086368072367877	0.012297370975137	0.00961898678841175
0.00183776401925488	0.000390429431726049	0.000140548484918005	0.00973657685796382	0.000850105569993392	0.0088011038721538	0.0435141094660157	0.000938473606254787	0.836235611575173	0.000171004014876174	0.000650395921455371	0.0414177805436039	0.00696000370103766	2.38131989592597e-05	0.000322531804352148	0.00026716670145463	0.0108517967693768	0.000416282113468742	0.000676609790037934	0.000259657595304793	0.0046716934604622	0.0166443594767711	0.0142221820253861
1.46102881500673e-05	0.000218266283140306	1.37232706730664e-05	0.00679261348952365	0.0121831764774636	0.0147832296965525	0.0365772025965555	0.00225640498473003	0.850518711475766	9.13798756611885e-06	0.000454507824019164	0.0351050661837972	0.00669977514029234	4.55259437292754e-05	3.74067844033938e-05	4.84092759237718e-05	0.00473677018890158	9.7658387013739e-05	0.0084849111455282	0.000186505265912566	0.000397012176313352	0.01024126730627	0.0100981078277745
5.95745253733458e-05	0.00089746466853776	0.000187429714277063	0.00692854142928307	0.00708075220786076	0.000649473092053047	0.0404735232823986	9.38107006245913e-05	0.853955666506877	8.70167433200726e-05	0.00030496424723193	0.0231117954679004	0.0339583476085626	2.45415475108692e-05	0.000362982804973483	0.000620864665701953	0.00800738598897844	0.000219395561490123	0.00021124661447611	0.00183695866642183	0.000170453256023886	0.00975946696044755	0.0109983437396753
8.37865510473237e-05	7.57446936405799e-05	0.0028018846237809	0.00676835627241337	0.000407360196496259	0.00422239662580924	0.0624880948264292	0.0036328791369028	0.844217717948074	0.000134814280882156	0.00552579158315304	0.0205343343437039	0.00102259904406457	4.94244956950524e-05	5.34831622620895e-05	0.000700982513831571	0.00145926570387884	0.000940206613404682	0.000397659524499165	0.00349382091254399	0.0302286625401153	0.0105322754881463	0.000228458919225668
0.000109501192489017	0.0186714074446326	3.36115681969372e-05	0.00873168397702285	0.00462290826498929	0.0144593140410077	0.0383650986501255	0.00011760722335743	0.842136076373512	3.40140646554777e-05	0.00121035395291297	0.0305703767363966	0.0017685931487349	0.000286242673572235	0.00109403405859845	0.00301906691498222	0.000371345024296385	0.000198239623464633	0.000312801102486102	0.00142284278684283	0.00402370013630845	0.0102375156670097	0.0182036653744059
0.000590775264612204	0.000137409230471589	5.4564695590398e-05	0.0038847447227122	0.000236870643473302	0.00365528371471129	0.0564430408489819	0.000105705201735675	0.874471384241045	2.27837998231987e-05	0.00103816645905024	0.011168374010347	0.00596135810688729	5.13960555773152e-05	0.00029240949552715	0.00412525618351605	0.0060255136733891	0.000167540468922444	0.0049025823950311	0.00105813429953981	0.0150595539008011	0.00630685977130519	0.00424029281694953
1.35076274584683e-05	0.000260076979764538	8.97322552331877e-05	0.00188694235689354	0.0143783957452819	0.000771978716141638	0.0390050137791806	6.76537908835908e-05	0.855800263823739	3.52111199608813e-05	0.000790032374915339	0.0280776841164201	0.0180882001676883	1.5233000110818e-05	0.000122269320163617	0.000192866927380253	0.00350652274222387	8.63919864496368e-05	0.000520557489598315	0.00509522301781034	0.00925213576125579	0.0129420185077108	0.00900208839373569
0.00048011038229775	0.000165264973024334	3.50222960170857e-05	0.0034665472952859	0.0110368750413073	0.000594144277933535	0.039768983200976	0.000401312475694897	0.850985060535831	0.000947539635613668	0.000459757312057891	0.0221853230488179	0.0256118168543827	0.00295037749639104	2.03882736139841e-05	0.0032152932107629	0.000854930320734877	0.00292793580935686	0.000191963733465489	0.000267500267171536	0.000580051059220631	0.02329218137957	0.00956162112047261
0.000471150096784632	0.000482882867060309	0.00012463114809547	0.014971503830996	0.000417433351637684	0.00281929132719246	0.0375471396844021	0.000270649739610879	0.839383543807091	3.3666606827016e-05	0.000266528144687427	0.0374903164177861	0.0370072639301865	6.75101446255709e-05	0.00100637236222421	9.2610396104251e-05	0.00703277790406978	0.000176686152267575	0.00022168754126781	0.000435466259361514	0.000251903953555917	0.0109327330301734	0.00849625130399201
5.72231412362357e-05	0.00036549002639679	1.35964731878074e-05	0.00756715299703194	0.0107824804848459	0.00201320815889458	0.0354992260876742	2.79711821134109e-05	0.856451164148398	0.00287926029418921	0.000889724900573894	0.04026431816969	0.00335969856531471	4.03044869208304e-05	0.0023825076376626	0.00019322701375252	0.000840091882608059	0.000746093039385293	0.000729705994566426	0.0042002058163254	0.0190103409505363	0.00666372798753146	0.00502328056116448
0.000304856416733786	0.00170291050918382	0.000584418013286211	0.0127345027916846	0.00551405077888951	0.0185286294296247	0.044287204941001	3.32333824306852e-05	0.852670504962847	0.00254678825431356	0.00522761082879262	0.0108050359496421	0.0198006220395106	6.80753737906869e-05	0.000269734910735664	0.000112260122157663	0.000144643066409585	0.000101570414273431	0.000940996528999508	0.000607613851371735	0.000710367584543439	0.0189430825038993	0.00336128734587884
4.28049159846545e-05	0.0021631802560299	8.2037731024063e-05	0.000249889534275364	0.0139299186709389	0.000965201139614769	0.0663042977903513	3.13398646362449e-05	0.837539213977379	8.10742155148339e-05	0.000168506485083792	0.0267784871263582	0.0261998916561231	0.000124161666744553	0.00269506724917524	0.000116566979510755	0.000143960755302436	0.00390367801113615	0.000104944222796805	0.00027273287985007	0.0127728794507253	0.00479642787728824	0.00053373754415613
3.93040262252626e-05	0.00511627256164926	1.52235077747186e-05	0.0103416740769218	0.00229271812923843	0.0229928433871405	0.032107704300253	0.000524487524657363	0.880003909049656	0.00012829360167702	0.00107734762623141	0.016632707416217	0.00354947682897662	0.000669226615378317	0.00162831445816311	0.000780983345229213	0.000100922327177878	0.000122340013861593	0.00136339205876261	0.00600327755863323	0.0036959214098058	0.00985706774752641	0.000956592428842819
0.000221591398362655	8.32816710865773e-05	4.76775288973239e-05	0.000931835485737943	0.0114708363756672	0.00149838488387768	0.0427597381995485	0.0132541258866243	0.853028032711909	3.32335523706336e-05	0.0011648502439246	0.0303652809024461	0.00480096006344717	0.000200566096835728	0.0014135106780513	0.000483855041267543	0.000274629384576506	0.00385854232642843	0.000522459174562177	0.000676523993283972	0.0237995886823632	0.0088672457342141	0.00024324998451771
2.96816700323395e-05	0.000337690866101669	0.000580070427601889	0.00095868498779097	0.000831602284241113	0.000481425223492851	0.022943836233986	0.00401867776293302	0.852823163106058	1.94909380988814e-05	0.0019984141748235	0.0385039759653344	0.00125377033506962	4.01263712335694e-05	0.000520704745270383	0.00116984539001671	0.0204097331423707	0.000115059337209563	0.0108513152060962	0.018792729691121	0.00551313773566536	0.0174477658719211	0.000359098533531163
0.000582203828871546	0.000209720241406953	0.000261914589676393	0.00596564691498722	0.0139621519911759	0.00890529079749413	0.0366444886038394	5.40877264628603e-05	0.849977401948205	2.0409043781082e-05	0.00018393275502364	0.00916005049311061	0.0196781149199543	0.000102569062304467	3.23672865160364e-05	0.000850488478342989	0.00103567119953568	0.000813870621128324	0.000129286307269512	0.000935235112151466	0.000807904226758743	0.00837345403563259	0.0413137398163712
1.31119726816286e-05	4.33258327858099e-05	3.55685791889701e-05	0.00245155256869208	0.000310094388672018	0.000305131887635446	0.0908637108500112	0.0069086788579564	0.814459571678148	2.68424561476678e-05	0.0126598639961739	0.015302414984994	0.00283648719715218	7.31789223393769e-05	0.00125298224592107	0.00480571609724952	0.000341064724007764	0.0104896162820727	6.93390908571343e-05	0.00838639646976107	0.023484347373145	0.00473183387172401	0.000149169672683431
6.34833183810996e-05	0.00502407999375733	0.000106432742703045	0.0028059973074304	0.0111118521507386	0.000952580484039477	0.0437738875107452	0.00396538184227278	0.842645017390755	2.4520798897958e-05	0.000405386306945343	0.0211259107329241	0.0351972286389416	2.73251854126549e-05	0.000145622073484272	0.00111660827307017	0.00695175976845011	0.000248933366645733	0.000316081886892412	0.00215391511154435	0.00364701002344524	0.017287970689453	0.000903014403069737
8.12164055478806e-05	0.00137536306819643	5.19357963805583e-05	0.000157408012704516	0.000224263315951953	0.0170249722416743	0.04941312901293	0.000129822195378245	0.87060313883956	3.77802887089627e-05	0.00216496147418407	0.0112051972414451	0.00541498835840852	4.00662310797407e-05	0.00275465964125395	0.000534568552392423	0.00401102444569152	0.000851345190064424	0.000201671588807928	0.00133570866010897	0.021591591718039	0.00943689993300715	0.0013582877884842
3.15184283685657e-05	0.014047176084342	3.90812014337033e-05	0.00866314828366258	0.00159465868874879	0.00038783056824662	0.0398844537406299	0.000116171413731917	0.827676898939109	3.13741498777037e-05	0.000907774148777781	0.0310350571408785	0.0331638442881979	2.94954427353686e-05	0.000260935656758917	0.00114486722223754	0.0089527844907979	0.00184315728169406	0.00044105997669236	0.00319451463364792	0.000657293559837771	0.00626420985086158	0.0196326948087312
7.30319104264408e-05	0.00197879161283674	0.000804420648802252	0.0122913103281078	0.000425582462993459	0.00687369437592557	0.0416459763804244	0.00120767317582547	0.86385960865812	0.000261986397643979	0.000349627395136961	0.0272619966218913	0.0103196061791647	0.00155530202061284	8.86373210141033e-05	3.82521837957185e-05	0.00844224306729317	0.000263406246016023	0.000853332520654993	0.000156892285994956	0.00244678772350767	0.00666857923210587	0.0121332612517054
0.000321077971131897	0.00425717156809313	5.89498547944848e-05	0.00433530786199582	0.00763688018574305	0.000889773153157783	0.0352800012865703	3.84010228542198e-05	0.882220304508172	9.15862169760768e-06	0.000361083296207486	0.0154972172152692	0.0192746187251376	3.78071344873362e-05	0.00242842557369586	0.000309141822991371	0.0021527874906796	0.000465004241337593	0.00148134487184734	0.00485050334055039	0.00103738556464454	0.00469708117554255	0.0123605735133985
7.21070532142637e-05	0.0344295142723833	3.2120450043466e-05	0.00651231892563333	0.000200403624405151	0.00977493714032983	0.0434111298385265	0.00337264052501013	0.833033844958197	2.24773432964679e-05	0.00035244297049642	0.0195863425801285	0.0184348208548949	0.000145191014340386	6.92641397849761e-05	0.000563714325387169	0.00508037197783973	0.00170213808671811	0.000415114978953554	0.00254210345299313	0.00140211506763945	0.0183250091147721	0.000519877305012534
0.00181259198655423	0.00136359033293956	9.35335816049866e-05	0.00206977662667948	0.0133140311133014	0.00162850007661347	0.0445045721238109	0.000341928879927941	0.861993646435874	2.09526394937243e-05	0.000658993178763117	0.0204317120377425	0.0157003048186825	3.86116022197663e-05	0.000370712208956921	0.00103349256534411	0.000529907868737452	0.000230606305733565	0.000425864800070718	0.00393291665003045	0.00511605635847314	0.0125881694127882	0.0117995283956576
0.00092314193684289	0.00113820435145486	0.000115638938329241	0.0113738108368262	0.00025163834309397	0.0162948096215848	0.0325446654512278	0.000121087504433577	0.845960669104873	0.00011309549588945	0.00837712195826169	0.0349906099375267	0.0112315431045176	3.76888833684154e-05	0.000262416764402049	0.000432534962293601	0.00345007289027104	9.64721888702309e-05	0.00148343693628749	0.00302575233889693	0.00087680633317985	0.0164593803887809	0.010439401728788
3.00805891682573e-05	0.000150133367319334	2.81807842788051e-05	0.00737418364120167	0.00666938035211728	0.00610751285115915	0.0474048534923256	3.00379025035775e-05	0.874305166975591	7.62027013991976e-05	0.000217500881156296	0.0161507957123981	0.00227456770863452	3.48950301402878e-05	8.69271874334833e-05	0.000154587442821981	0.00306554516274362	0.000751128272234491	6.87259259638786e-05	0.000256801642377175	0.0207922334763052	0.013496934619216	0.000473624281511553
4.69460493712676e-05	6.4647601233422e-05	9.82882077268393e-05	0.000808418204809742	0.000304853035452279	0.0052765231982896	0.0357871270720177	8.59302986114146e-05	0.800786240258358	1.75467221435055e-05	0.0297891274926498	0.0319653035804132	0.013235053209594	4.95157484514645e-05	4.50717651615416e-05	0.0131476452182423	0.0158784913092938	0.0162601895011914	0.000422837127110521	0.00133014442248824	0.0205926879289748	0.0134817799383354	0.000525632110079424
0.00015514400519985	0.0114793827002747	0.00011216270915744	0.00757746518762753	0.000454034867313462	0.0104539122336503	0.0419022302995095	0.0041214772054262	0.828621964099242	2.24797590008333e-05	0.000827527583502137	0.0347639259848554	0.0144835890577954	0.000368072459158577	0.000316425272296336	0.000106499421804071	0.0133939720486013	0.000357406094222005	0.000789144205529396	5.91151762262025e-05	0.00298705042299197	0.0146697631167776	0.0119772560898378
0.000123157387545398	0.000517089244984442	0.000635151539214277	0.00264734793791999	0.00722369538022037	0.0683043479964091	0.0400149636291279	0.0179529130177341	0.787975256627065	0.000153534508773759	0.0136528944460805	0.0160012859506292	0.000563355861602842	0.0162268026167405	8.03601341781839e-05	0.00307092497054557	9.8423418463915e-05	0.00629461904623983	0.000150484278217734	0.00251314742353277	0.00042489457527504	0.0152807029196992	9.46470898002243e-05
1.80340781543976e-05	0.00210522249828119	0.000107736589410708	0.0124554420091742	0.000342556690374822	0.02629208566754	0.0376715766829513	0.000484667180396949	0.842012051273115	5.06433200274083e-05	0.000450077524118158	0.0184816252866636	0.0042872032542173	0.000514747525375351	0.000140580247953417	0.000549678681149861	0.00191166986990826	0.00158019774072421	0.00165846482230606	6.49112034297629e-05	0.0133708632003375	0.0153097338413525	0.0201402308130385
0.000142919432736007	0.000108531900578647	1.43160809740148e-05	0.000635509438112844	0.00337777389784896	0.0293797336999253	0.0224657630644576	3.82974412691374e-05	0.845654843149856	0.00565835310693143	0.000877878695551677	0.050022079597936	0.00947767099700528	4.91476760127524e-05	0.00119310417487618	0.000675750100185867	0.00567016661102382	0.00021581498313312	0.00159082651903085	0.000192700321409184	0.00735106661580781	0.0149397462606291	0.000268006234708445
3.16726221345742e-05	0.000199613910425823	2.24881044074331e-05	0.012145482880861	0.00768085726519489	0.00550652773942111	0.0315969331030357	0.00195252560573211	0.83172117416916	0.000118559752926918	0.00250904892879978	0.0385573415093731	0.0207364903765532	9.79761599238904e-05	0.00010367099494917	0.000527272078728415	0.0154860852320846	0.000106273884025759	0.0034664926982687	4.9592889845003e-05	0.00638909863473818	0.0131571119781054	0.00783770948130431
0.000609737771759176	0.00115760415051469	5.58164229022064e-05	0.00319555088571212	0.00747988487245416	0.0572112237538292	0.0376346821696212	0.000689982051743723	0.836617415848321	0.000121087146167348	0.000686725906339724	0.0298595322337534	0.000658193479513673	8.71112625095746e-05	0.000559263889139874	0.00078845380815742	0.000168827081327754	0.00282593179631325	0.000848661635171091	0.000172378577279498	0.00276449123586131	0.0153970831530465	0.000410360868561975
0.000203890444219698	0.000495232311204087	2.13524638349261e-05	0.013947383654545	0.000928050954255408	0.00300579644251221	0.0436205698684687	5.2928559442921e-05	0.849549869112161	5.11656471703093e-05	0.00026151771421156	0.0186204127211208	0.0321532782902844	2.6363329668674e-05	7.73162714242114e-05	0.000141807871059143	0.000665219032032873	0.00414286045472872	0.000406821472184911	0.000214501177452732	0.00110790111976739	0.0206001360692572	0.00970562501899302
2.4825336607083e-05	0.011755976757627	9.6094894619786e-05	0.0105770983249729	0.000460650789467169	0.0005066101849506	0.0337007483484036	2.30927860618875e-05	0.853381201543059	1.54449814317841e-05	0.000176824640470587	0.0358269296208276	0.0326665916100691	2.66461673796248e-05	0.0014732769607288	7.73154795962254e-05	0.00634046308535601	0.00155344585039741	0.000177694900144505	0.00204965972007604	0.000499892722298515	0.00739881148690799	0.00119070380854709
0.00035099974234025	0.00318968000033058	1.83800128982981e-05	0.0056776021929432	0.000139071150541833	0.02264796874335	0.0388309298794209	0.000590112646367722	0.832475570876678	1.89669651823413e-05	0.0026458131542697	0.0229246262181183	0.00251341361328137	0.000133600976281718	6.0176735385809e-05	0.00207484795848354	0.00012056122125494	0.000209592194562758	0.00163302003875599	0.00113767478331304	0.00343992845721144	0.0267960899920448	0.0323713724469835
7.1091228931677e-05	0.00101747097800347	4.51479517526356e-05	0.00456124074000904	0.00263745433805363	0.0112491938624096	0.0446933031184452	0.000864700942517792	0.859554899688375	3.3213892805605e-05	0.000224324742669676	0.0158116601012485	0.00795485204625963	0.000123563975321551	0.000567839898683174	0.00136012894064984	0.00169310823077152	8.78392369991959e-05	0.000192030058043315	9.33849502459712e-05	0.00841801550794013	0.0151671744936923	0.0235783610761711
0.00275513808401912	0.00127756691621177	0.00171571119443041	0.0151354005694742	0.000570825315009097	0.000587567377593087	0.0525906552225783	0.000621006193504853	0.849026327276329	7.53559541654597e-05	0.000541723271928881	0.0225245025389434	0.00560286027152838	0.0014062177348071	0.00102120999931585	7.96053141318103e-05	0.00708738450204091	0.0002099272651723	0.000329342694406413	0.00109164872258886	0.011213516296471	0.0190321596099632	0.00550434767538595
1.64510286193454e-05	0.000135805020376889	0.000113585671415738	0.0146463385178073	0.000509105745935108	0.00726965758271797	0.0296817887055742	0.00389041636696581	0.862471483789757	3.63437675207507e-05	0.000191022718303292	0.0185529050269046	0.0153928988183313	1.34773940177525e-05	7.6709867646079e-05	3.52868357192157e-05	0.00091412468882302	4.94030737775668e-05	0.000662148978939421	0.00333554451067552	0.000839803549368183	0.0267612874200875	0.014404410920717
0.00387767179181541	0.000470719081675178	1.36321819873582e-05	0.00827165961375068	0.00134848294635064	0.0211181242386451	0.0447079284666737	6.22761792221399e-05	0.871219938016864	2.83628901885805e-05	0.00120242051377289	0.0275176310558939	0.00280482655116325	0.00028984264840909	4.09226753210585e-05	0.00013989178016974	0.000189173238886482	0.00193565694442052	0.00170955586530171	0.000886455342098057	0.000432598913817194	0.0112193156823002	0.000512913381272759
1.55971620804117e-05	0.00142848706668907	4.00202574238788e-05	0.00207216076865626	0.000308272190473362	0.0546937650652123	0.0411202324999097	0.00592092273618739	0.840217040362156	0.00022287795147157	0.00943578253875314	0.013945902773258	0.00156989786130723	6.9447368417147e-05	0.00037746344551792	0.00162410818216951	0.000132838949464994	0.000244126821819641	0.00204923012883072	0.00660996518932902	0.00122457804258818	0.0101460911499431	0.00653119148834149
7.69813596786807e-05	0.000135585865769185	3.75157909358907e-05	0.0072490126706091	0.01172618080409	0.0216653654533367	0.0348422095388792	2.9661526335143e-05	0.861722312504057	5.66568111038625e-05	0.000141198015726219	0.0342814100737717	0.00161040511047867	2.25500361337787e-05	3.90871276837952e-05	0.00424302917139703	0.00579474756738508	0.000681725071810802	0.000304629444702469	0.00708884167751876	0.000605035255740872	0.00438181573881076	0.00326404338404605
3.37313276877131e-05	0.000828831150083522	1.64548108355677e-05	0.0046142025559501	0.000519639735492862	0.00354793567673578	0.0352833317433548	4.15586172557771e-05	0.843135385380948	6.6062830396412e-05	0.000578067938571688	0.0166400914932359	0.0230610707195071	0.000115111720755135	2.31493463772449e-05	0.00010382223951979	0.0139841060460931	0.000150056768111983	0.000270742957977003	0.00738803036924484	0.00426270358308662	0.0167587892420461	0.0285771237467332
4.89789438370886e-05	0.00617444729190574	0.000477878974771435	0.00643935392390838	0.000551820875175791	0.0562337380413459	0.031466350447682	0.000579441789974961	0.845787335827979	0.000414160195808843	0.000160291513960564	0.0135166729810334	0.00127969093109983	5.12829467111634e-05	0.000142668499459932	0.000204813581421464	0.000283225829021069	0.000290608199770845	0.000267832673404442	0.000110248966868253	0.00634796493994916	0.0186783137957774	0.010492878829133
5.64450566887626e-05	0.0076386086367918	1.85222663151463e-05	0.00761288862673566	0.000709058013369603	0.00395337837786519	0.0446687920243041	5.26626333510997e-05	0.857388901704427	2.45480994206731e-05	0.00206328367874927	0.0166667705420959	0.02287557598677	4.89504464936319e-05	4.62169582803791e-05	0.000705871999938185	0.00198189562597741	0.000792877710685408	0.00849857842256949	0.00597429385737113	0.000755051464169498	0.0129880114385974	0.00447881642903358
1.58262117902153e-05	0.000177631121691486	1.12829937390052e-05	0.00220811092808666	0.0121843222285999	0.0115490590759876	0.0512408671412616	4.16709555549318e-05	0.835109520777603	5.15910347708882e-05	6.53277511184602e-05	0.0189277063964155	0.00532869714946605	1.77335433294956e-05	0.000177849531455288	0.000214339232087421	0.00430581427935072	4.6350124873471e-05	8.00203487233911e-05	6.98452894019962e-05	0.0108697929266142	0.00889409083026446	0.0384125501278135
7.39914575467034e-05	0.00829021116506288	3.27606256262802e-05	0.000316308400150525	0.00807111207383896	0.000665015713931596	0.0657157182969067	0.00317943233594147	0.825046745225669	0.00337982891931549	0.00115096337238618	0.0251504483745427	0.011934954637329	5.39886520934273e-05	0.000135793171901451	0.000273773097428052	0.00266622594483754	0.00189684075758329	0.000222608300460713	0.00243168511429838	0.0341834552808853	0.00361103424131882	0.00151710484094557
0.000154796073521443	0.00364622621177773	2.58181530708286e-05	0.0037027321604819	0.000244760962491798	0.0448918129897442	0.0452023469620322	0.000756912710866222	0.8146303486183	0.001233119479886	0.000273678503390441	0.0180198823940222	0.0099811652602119	5.63854172161951e-05	0.000111363544458771	0.00139649608493427	0.00554476424253978	0.000324161647442065	0.000100959048759952	0.00014264270345076	0.00744399445152267	0.0195966811735191	0.0225189512063591
5.73889417886809e-05	0.000318470440410529	3.24772145922342e-05	0.00275612406326208	0.00273411355282087	0.000300718431172276	0.0575808432121646	0.000369927877227826	0.862671884606715	0.000129180323489634	0.0207839246451586	0.0104756278369594	0.01020075105873	0.000167089117020336	0.000390825702167807	0.00047751481404431	0.000552134364560662	0.000242608341250535	0.00137736284838268	0.000474949529529741	0.0198569942619862	0.00686589647966439	0.00118319233690117
0.000148739651321952	0.00249066356406329	1.44280465250172e-05	0.0163756098797968	0.00224184098226476	0.0130998522779727	0.0400647647046491	0.000283650458465708	0.84668119514217	2.18404473950304e-05	0.000992288600832388	0.0204954806667983	0.00883575925713027	5.96838075948543e-05	3.13964228547005e-05	0.000390031263073504	5.60123156019205e-05	0.000119072149657829	0.000564680972658488	0.00218788284517997	0.00494000236313523	0.0152125919482106	0.0246925322326473
6.42849615736958e-05	0.00150531255912425	0.00037082883959218	0.0125503079350689	0.000609128048175599	0.0275781946242488	0.0364213458824562	0.00842659101305807	0.827557934525637	0.000429208453796126	0.00138399111394418	0.0302072370971475	0.0237859516443747	0.000102320641025516	0.000252420588745991	0.00362333797174202	0.00233525133379401	0.000801338793190016	0.00175597641944328	0.00315431678475951	0.00662268217216263	0.00993337880628843	0.000528659790651662
0.000144846665439928	0.00266917214380282	1.5681532930471e-05	0.00316125022250911	0.00412059607887574	0.00681997969133117	0.0393684412761717	0.000361598711632381	0.844551878865699	1.75656917418802e-05	0.000212164096045778	0.0147230524823505	0.0303625442330741	3.80156218682796e-05	4.6470403551305e-05	0.000552230673398473	0.00110559234865466	3.09863418916682e-05	0.000284182346768433	0.00238971756138403	0.000155866999753348	0.00646142509818379	0.0424067409129409
1.19614210892814e-05	0.000272898473806181	7.18677561390603e-05	0.00875665544905419	0.00364029272581642	0.0204288613347614	0.0359316789778294	9.67311904044089e-05	0.855673027736821	3.00693201164123e-05	9.87796391492135e-05	0.0290716517762317	0.00386095354222539	6.85052432972775e-05	0.000150553191586531	3.48109038592809e-05	0.00731777160565971	4.43086227131514e-05	0.000126141481063726	0.000421312327481386	0.00043590277732212	0.011910072292674	0.0215451922108985
3.44134734825789e-05	0.00033315142745187	0.000117178762983571	0.00810908993108794	0.0130895780857158	0.0114973205380991	0.0403853526253808	8.38236984383242e-05	0.849909541647781	1.05180087964216e-05	0.00106980909842803	0.0165758276383437	0.0243499656082762	5.05063459013793e-05	9.57808119230014e-05	8.53086487427033e-05	0.00059807561326439	0.00045957845370134	0.00111490543507833	0.00127600921427571	0.00186450952354465	0.0192835372394	0.00960621816990314
6.74792482214528e-05	0.0280696312292122	7.04646218856332e-06	0.0067235400719662	0.00264618469159139	0.000550813362223477	0.0475562747240959	0.000335550975994816	0.850283185030453	3.08294823148503e-05	0.000184577737447448	0.0179051852882532	0.0174699012553174	3.56625123731983e-05	2.09088727043496e-05	3.69114802109782e-05	0.000198044529411368	0.000138769510924532	0.00186992549138535	0.00668548622833133	0.00348138392096957	0.0119246001665813	0.00377810772782806
5.21591044041851e-05	0.000225648378327965	1.4124646043862e-05	0.00876196035779946	0.0014808689857739	0.000294808740748411	0.042742953902219	1.70328044671897e-05	0.858876770899445	8.49031328821538e-05	0.000577851593676461	0.0275575909810379	0.0365155952473026	1.15989797361898e-05	0.000165627829927976	0.000194364330524472	0.000864583899935816	0.000498358371959063	0.000152370201579973	0.0049699811123978	0.000548331758377519	0.0151281499778095	0.000264364763623244
3.62042387461979e-05	0.00940737849697896	4.39450360621285e-05	0.0016541162460688	0.0181326647164855	0.0022875561690737	0.0414406432634182	0.00195155813556341	0.841377162672567	2.36765855523028e-05	0.00142147403552076	0.0204147949745929	0.0267094883083214	5.75024046819103e-05	4.0506414895894e-05	0.000271996848114603	0.00946553757327089	0.000359658004147573	0.00620350533160737	0.00853236547310898	0.00267012155684344	0.0059538018535865	0.00154434166079124
4.43768851277861e-05	0.000967825199876424	2.60201015075818e-05	0.00807885641687054	0.000283411202516183	0.00440552020125401	0.0325336492713121	0.00559554929717943	0.842914605596432	3.06881175402349e-05	0.00140115886728684	0.0252005833241106	0.0350772446204484	1.59010313664626e-05	0.00012039569802779	0.0017861291903859	0.00577620904097359	9.11957653723253e-05	0.000528238585004082	0.000498500397781014	0.0004295126980015	0.0192772083596612	0.014917220131964
1.48650113928654e-05	0.00205288520464523	5.54595420441341e-05	0.00722114376318807	0.000610356909996881	0.0120241346801869	0.0468612770690793	0.00405128850101405	0.842171069196019	4.47024489224816e-05	0.00019264434644369	0.0157288716556747	0.0403564476368317	0.000187768269879883	3.72453607945481e-05	0.000475216898859354	0.00411374263775454	6.30255057807339e-05	0.00313123291708842	0.0107549487624707	0.00064945621428086	0.00763504327158505	0.00156717419606725
0.000202819946883404	0.00157925858562691	0.00146226344258346	0.00811459905517666	0.0011285867428754	0.00647846156721641	0.0259037529004425	0.00115457717563319	0.834747955135633	5.85476684343253e-05	0.00227460003491832	0.0263480291283184	0.0406157605289442	5.1141558809216e-05	4.03397138692853e-05	0.000111713668359986	0.00123974378038455	9.10584974251289e-05	0.00140108100232467	0.000231874969379004	0.000270331414705023	0.009074613582267	0.0374188898997894
0.000281175756898791	0.000429230602199637	8.42368825430272e-05	0.00895742660533164	0.000578602795813504	0.0199751470493723	0.0364841233198822	0.000513569293110738	0.849620700468696	1.49157640153263e-05	0.000355156015553342	0.0275064822488365	0.0138774074344558	0.000831274153150146	0.000134885663979215	0.000757183552471895	0.000465048122629039	0.000759586783260601	0.000855356476379127	0.000524110882483661	0.00342177543558945	0.00948401604790521	0.0240885886454425
7.19769319136928e-05	8.99748835930386e-05	0.000215153845905859	0.00941779319753336	0.0129876456404645	0.00121464612205335	0.0336776110265019	3.63383060536136e-05	0.878285788566238	7.62982050981774e-05	0.000415514184742534	0.0208780381982827	0.0265209453096205	0.000109824303980295	8.75310505477497e-05	0.000594886420182227	0.000198824322253535	0.000205059535581798	0.000462443335228806	0.000564708877818992	0.000771360107132573	0.00803323744155762	0.00508440018771528
3.97313536524254e-05	0.000287517469415653	4.65275528823743e-05	0.0157444804342651	0.00100929444067377	0.0206823840059927	0.0446778260489685	0.000249048888792983	0.868989679200357	0.000117468583705721	0.000158797749406459	0.0132082208759343	0.00297590418528186	2.15695569929734e-05	0.00246546725763456	0.000169231894375511	0.000256309602079399	0.00122293447084879	0.000116880511231773	0.00125189409110138	0.00272471977467554	0.0142828416707198	0.00930127038101161
6.56445059432625e-05	0.000113560267067786	1.27364815040586e-05	0.000469756003021741	0.000284046090072988	0.00269963999698799	0.0322417151409846	3.44469068102298e-05	0.824163535544605	7.77818809254413e-05	0.00105418765483154	0.0277268532752052	0.00967111595889208	1.69138856871418e-05	3.22307105812839e-05	0.00339390361735369	0.00862966221603793	0.0257187711186894	0.000141712161964521	0.00227941284254164	0.0105920893083015	0.0112145559522592	0.0393657284797318
2.34209148901424e-05	0.001169492087559	5.27049825562778e-05	0.00324685587730314	0.0127978005546969	0.0132267272488136	0.0375951683513221	0.00148167559615401	0.860185179388398	5.49736945656302e-05	0.000191146347278424	0.0166494049209828	0.0172552499008198	0.000201413846915408	0.000236363819873201	3.67015848867305e-05	0.000492135606407625	8.36025553338853e-05	0.000318672166738164	0.00036565452939569	0.000766060789991281	0.0124951925584701	0.021074402676648
0.000148528036425448	0.0022150228191029	6.25540128873446e-05	0.00958508090305886	0.012883799668082	0.00662254854032772	0.0395180413256655	6.12354553197208e-05	0.871611820865807	0.000145309826064503	0.000194866027360982	0.0162071518123478	0.0184397529472905	7.36321701175636e-05	7.96803048192035e-05	0.000421549192798794	0.000213008594080467	0.000120353627993165	0.000124698039078267	0.00684131811294194	0.000508068892155732	0.00774017966946767	0.00618179915680691
3.88132762599833e-05	0.000120746585752193	0.000220880211875443	0.00566878246410957	0.000520390974493947	0.0210896608972112	0.0381495833475996	1.70285918198106e-05	0.855539900624717	3.68373421857289e-05	0.00129424420348788	0.0175885720317834	0.00808955665938564	0.000128095326115245	0.000700709356512022	0.000122176443522931	0.000166331294086367	0.00262131395143528	0.0252116595644328	0.00592656843566433	0.0056900814694375	0.006287003209166	0.00477106373894655
3.95392137723513e-05	0.00113288269973317	0.00182767230869583	0.00606853053799722	0.000518618422848867	0.0334669117124921	0.0385237454968514	4.10934899626516e-05	0.844353895387523	1.36253286836453e-05	0.0016190858376022	0.0191725859676855	0.00112610821461141	0.000158960125078506	8.84868289581029e-05	0.000120095982698327	0.000350068882379704	0.00640134941529407	0.000386969162126869	0.000425635503463253	0.000436737112192386	0.0126321216374443	0.0310952807319049
0.000102016804154619	8.54850861482767e-05	0.000120837017023165	0.00606204303775544	0.00300273361399074	0.00908599258412475	0.054312534739342	0.00418226663737502	0.873862870541764	1.76196155209766e-05	0.00122940290560583	0.0169995112098478	0.0163045331230754	7.96874825593258e-05	7.88997106075855e-05	0.00448962447479834	0.000212511347217595	0.00151844549858326	0.00311171781082336	0.000495437705734399	0.000946993614924665	0.00268382897725308	0.00101500646177009
8.01712866598239e-05	0.000197660331726682	0.000116994810893926	0.012662256860831	0.000467864062567402	0.045099476808482	0.0261258146448293	0.000979270168279017	0.845920397406201	3.03983470474218e-05	0.000514808836582722	0.0263942730022531	0.0132310028898612	0.000158003528192165	0.000150931700619424	0.00260561876149085	0.00369861624148109	0.00040460578133871	0.000179196795230851	0.00143740214161197	0.00382340742853263	0.00597427069612058	0.00974755746916677
5.79773410408631e-05	0.000139514947201903	4.39074277906803e-05	0.000487684502333019	0.0310314036899592	0.00356564358968257	0.0306856382612673	9.6547096953708e-05	0.823902704618173	2.11348838160601e-05	0.00131485657372035	0.0360157058325671	0.0258700796373687	2.26753461980864e-05	9.81405558371037e-05	0.00010511765620214	0.00115716644368673	0.000155160364777134	0.000669110788129193	9.21355836227016e-05	0.000248464347870904	0.0264369612405015	0.0177822692712998
0.000417235038156477	9.94197936661572e-05	4.66454378646297e-05	0.00487844221118312	0.00863064063246545	0.0128321106276956	0.0392996457868037	0.000375009429541591	0.860249084344229	2.22547532730714e-05	0.00135506286791747	0.0342323469448183	0.0055999824035839	0.00339531013158484	0.000101674534020555	0.00674063279188614	0.00013636240892084	0.000503400230124804	0.00102747304496191	0.00922332494695882	0.00175492909741176	0.00453980851595615	0.00453920402697579
2.89656044761131e-05	0.000238521390515161	1.6491689489932e-05	0.00967369761454113	0.000191158867756699	0.0259749856272912	0.0291957875653819	0.000600275805322543	0.832824194918791	8.2369398821675e-05	0.000289671729541941	0.0365033353937442	0.00992687078151855	4.03541875089734e-05	4.57415754573468e-05	0.000384534356683281	0.0115375791110969	0.0187777026925568	0.000405679699120737	0.00296101052092391	0.000769618249795451	0.0190545564877354	0.000476896731929738
3.00957513488968e-05	0.000195094171885058	1.39639491286648e-05	0.00802931561691873	0.000428597273310546	0.00045721517160254	0.043368149294998	0.00339747275584214	0.827483535665603	0.000105637854370918	0.000393235355832341	0.0429015892320922	0.0188254325360217	6.12020611972367e-05	3.41758908869982e-05	0.00198913302968368	0.0103170931457103	0.000100397001151713	0.0001938726284948	0.000262402282810216	0.0029901299878505	0.0249169165953399	0.0135053427479201
7.82325755992459e-05	0.00456470806102573	0.000100425111436777	0.00875863529271007	0.00480305446932983	0.000677839249265057	0.0408804193728889	5.48458362024454e-05	0.868534633970494	2.63830730270648e-05	0.000865648005079541	0.0164744600725032	0.018216760733091	3.41144074549371e-05	6.31466513103944e-05	0.000139483060145199	0.000272968553764579	0.000132631774907367	0.000980571671301211	0.00383267202747773	0.0113258373535613	0.0063989089276705	0.0127836197497538
2.55550287996735e-05	0.000111723850792159	2.94486987429678e-05	0.000903720735310655	0.00154408756819542	0.00835932385302053	0.0222854889894029	0.000162471487314743	0.836886575460803	6.49120507596941e-05	0.000274964952080288	0.0144588968828013	0.0358786445586376	0.00109863909646861	5.2055926362685e-05	3.93675804655783e-05	0.00320277707329887	9.3287732448414e-05	0.000132698361402133	0.000370606938217947	0.000366607089402669	0.00793779609370311	0.0657203499915693
5.18376137878538e-05	0.000228690372699985	4.90442948527659e-05	0.00567321168557322	0.00571227392352143	0.00591973407025037	0.0411141867396626	0.000304707188530441	0.85794583996269	1.32366079272648e-05	0.000634110801094368	0.0275756166335891	0.00863766857555035	3.98459385411905e-05	0.0030081677803785	0.00224835347342726	0.00956587542308026	0.00197648732270534	0.000802950941833262	0.000432274765706795	0.000672648726222555	0.025922848272471	0.0014703888859044
0.000466752143585894	0.000239976250027924	4.56654777869097e-05	0.00902115809306782	0.00089336996318359	0.00639970166106447	0.0344158897707136	4.83358076266255e-05	0.881431370147865	0.000201547435020593	0.00020238412200726	0.0204946809793146	0.000896164094678274	5.61868162213704e-05	0.000656652662520366	4.34597131011833e-05	0.00290992539026592	0.000614427691131612	0.000435740902807866	0.0130790452893469	0.00303094443678439	0.0180893644662162	0.00632725668566202
0.000228783064812531	0.00167363969436711	0.00183455111962128	0.000480131024506804	0.000683099698194273	0.00130742427905819	0.0427852997817534	2.36480406960745e-05	0.861528204819693	7.82599899360996e-05	0.000220873297280819	0.0315854862622898	0.00626578868044053	8.71436355489572e-05	0.000164259554956763	0.000326280947125939	0.0180088533094047	0.00724825083687962	0.000229811797440304	0.000758138680713586	0.0159421010483535	0.0080472103787098	0.000492760058217229
9.47095980873833e-05	0.000174489371269076	9.70468057453978e-05	0.0110858328346748	0.00143788971599953	0.000891470542994654	0.0290930268559948	0.000166537638995903	0.873431631903052	0.000979413251129073	0.000332616679070061	0.012413616560569	0.0340542712744686	0.00936961840118157	7.73902116068955e-05	0.000115221579779125	0.00546124488214913	9.56834017562152e-05	0.00040140673444556	5.84990355670388e-05	0.00268856860382346	0.0162019581397433	0.00127785597789774
0.00219821021789726	0.000865961561619692	8.51834571259714e-05	0.00870226004556616	0.00188991116859992	0.00105177922396518	0.0383833873560345	0.000112587830994924	0.85410484023659	1.24803110732973e-05	0.00012339368870314	0.0272316899262116	0.0238730134477146	0.000154879642061861	0.00249762164153389	0.00602434354931754	0.00407518117609812	0.00031366288186551	0.000125457503691789	0.000223232096678056	0.000729227349143368	0.00580897120815745	0.0214127244793566
