Bcells	CentralVeinEndothelialcells	Cholangiocytes	Hepatocytes	Kupffercells	LSECs	Mesothelialcells	PortalVeinEndothelialcells	Tcells
4.41275807317231e-05	0.014990529948626	0.0603585556061357	0.903249670656827	0.0120613368469577	0.000496986891628754	0.00425292181144784	0.00451759492061491	2.82757370305618e-05
0.00353734502698948	0.000868880227110596	0.0544366681138244	0.895789543229669	0.0152300600071112	0.0115981538974262	0.00296358376735203	0.00578663889553631	0.00978912683498037
3.54174813194661e-05	0.0155250681638273	0.0530392215166411	0.908840850992646	0.0151797297467557	0.00213393267985929	0.0029158675989202	0.00145694228057981	0.000872969539451165
0.00793152971533231	0.000546509041857995	0.0519159171491269	0.91266980695704	0.00668503931374285	0.0146788075584963	0.00274620344117609	0.00260253917601078	0.000223647647216934
0.00247533018368911	0.000750012493279083	0.0579595976932453	0.909792619655132	0.0155247688076958	0.00347945002366216	0.00316232668312494	0.00654642052670652	0.000309473933465163
0.000176005189292685	0.0102195324106877	0.0541882421016504	0.906961245989891	0.0189566645227138	0.000982216352557539	0.00405349894119336	0.00160743766390429	0.00285515682810869
0.000158312197999506	0.00991482329290985	0.0521509088532288	0.916461530109942	0.0162723758102336	0.00218280341383313	0.00204771237604161	0.000577373662575672	0.000234160283235909
0.00111419681081452	0.00133690798372486	0.0529824229147727	0.913674153789375	0.0126710303633062	0.0151201459087582	0.00265735714966623	0.000381517432224788	6.22676473576799e-05
0.000323691062078056	0.00332761512420385	0.0672385740956621	0.899619056020032	0.00983415952687434	0.000521712603145288	0.00467296679989442	0.0141637999543564	0.000298424813753028
0.00906200607424757	0.00642498474326974	0.0555758446181488	0.907104016975081	0.0122228800028691	0.0003718118126372	0.00278062747263126	0.00538736826766691	0.00107046003344818
1.95836943658639e-05	0.00109523483499574	0.0640537630275949	0.912766152595475	0.00647297020034554	0.00432920776150125	0.00309827610178821	0.00519453620262844	0.00297027558130533
0.000212394707231984	0.000407543008377493	0.0540046857969005	0.912938540071078	0.0139902613635096	0.0134942592478593	0.00309111616643409	0.00162554526072807	0.000235654377880492
2.40194001527747e-05	0.00359690969789092	0.0561671388745062	0.912612512019998	0.0106291609869542	0.00626295011366823	0.00320187918128386	0.00744609598148076	5.93337440654899e-05
0.000904928004360847	0.00179902889399784	0.0553210263537554	0.900716184512408	0.0185382942421135	0.0182324957475003	0.00429572058950898	7.09970385580667e-05	0.000121324617796797
7.77607338621029e-05	0.00324787026018765	0.0554443620395765	0.911307387434779	0.0174568506037346	0.00173273664455407	0.00347913726741344	0.00681967168912897	0.000434223326764016
6.03602931314283e-05	0.0112803193766795	0.0622030341893031	0.904516703712674	0.00593095123024552	0.0101786064197501	0.00462186062092746	0.00110162362326138	0.000106540534027501
0.000132039448016018	0.000734609300451869	0.0671056203709962	0.899097907592248	0.0108290775356514	0.0152073232417825	0.0035717490395413	0.00329484028813046	2.68331831826199e-05
0.00200354318514421	0.00647004108181246	0.048170100958287	0.922773869032082	0.00822566286901365	0.00256422324010728	0.00263405581287089	0.0069812641495597	0.000177239671122761
0.00153985794278906	0.00521550548150085	0.054296473151171	0.905454108092735	0.0139154553344466	0.00211880715749757	0.00503792318276178	0.011138284392681	0.00128358526441657
0.00602812040991159	0.000363523278951267	0.0481849867575374	0.909180096636972	0.022589728139489	0.000269928317026375	0.00570528519993456	0.00726357574500102	0.000414755515177032
6.62980414617381e-05	0.0074859920820479	0.0527048516192351	0.919964720309173	0.00666652997693805	0.00764961445825117	0.00278017016460924	0.000211673669756594	0.00247014967852682
0.000442225362156611	0.000410499979764378	0.0834061163919434	0.887808585967897	0.00832861022424653	0.00314189477830959	0.00499130521263495	0.00742613548232234	0.0040446266007249
0.00248628997802848	0.00102687326924458	0.0570484494850003	0.902772542208853	0.0119837321913368	0.0178004094103213	0.00414614024173013	0.00259462872262529	0.000140934492860605
0.000270182855393942	0.00852449962201455	0.0590155521990724	0.910905783382287	0.0059685155223834	0.00769292028225728	0.00448892777171136	0.00309967167063925	3.39466942410917e-05
0.00536165937761207	0.000235705394387623	0.0547427826472172	0.900610726841086	0.0154891635348709	0.0159841867639142	0.00254336827804976	0.000603380255748914	0.00442902690711305
0.00218391746451121	0.00316826160603533	0.0530083422130876	0.916023506031177	0.0139067694349409	0.00187948189858783	0.00313004517009362	0.00661184340592126	8.78327756456887e-05
0.00191806589496689	0.000929012231928363	0.0486188773632466	0.924817071286176	0.00862950563581483	0.0102089623166494	0.00413910452180731	0.000518308236993421	0.000221092512417299
0.00935089327335905	0.00723392051032856	0.0553310074682379	0.904525148643634	0.0097575537056808	0.00551357137092831	0.00370440585576052	0.0045398438337929	4.36553382774283e-05
0.000437602499149299	0.00126670562965996	0.0549552300210851	0.915600348644879	0.0104685640485086	0.0101987641670653	0.00332653529771142	0.00168823662383784	0.00205801306810335
0.000811714239636916	0.0134931478083752	0.0487696635783317	0.906114523518399	0.0161222345154261	0.000478886100611366	0.00377746899671801	0.00294374662300461	0.00748861461949727
5.19881472476018e-05	0.00548468246277006	0.054537861544354	0.919820519827509	0.00929873690552598	0.0066679585321171	0.00283743656206038	0.00125079357443385	5.00224439815282e-05
2.18301673602313e-05	0.0036467965445642	0.0514506222302147	0.898553150692514	0.0168796849120965	0.00691637530062767	0.00287715155977564	0.0149297746115559	0.00472461398129098
0.00396984143089678	0.00795827109599744	0.0539048390942147	0.902868666946471	0.0173582788066015	0.00421058001474693	0.00413893276110055	0.00298152913002416	0.0026090607199471
0.00653490675926426	0.0310519002808918	0.0566550061476898	0.872095458844085	0.00845189605353606	0.000198245768097978	0.0056216800069511	0.0165221577689676	0.00286874837051669
0.000225223022383401	0.012461807157969	0.0493463113819672	0.915199791641516	0.0085680292944695	0.00314032815006968	0.00325405712955618	0.00744054081637293	0.000363911405695694
2.99635160110901e-05	0.0175572556449972	0.04137747160123	0.910136204192388	0.0212519160679023	0.00461333970931231	0.00259622421959175	0.00241596394073297	2.16611078342389e-05
5.0106739073688e-05	0.00807388657439788	0.0522733794875144	0.900459107843037	0.0202015200183736	0.00888493164497221	0.0029589949287729	0.000726222610175937	0.00637185015368198
0.000451042938277772	0.0313994443900345	0.0461291537968477	0.904381996900733	0.0128659505622886	0.00039343796064122	0.00345691609381248	0.000671400475854772	0.000250656881509712
7.26568174143372e-05	0.00848824817943958	0.0523271272412048	0.912644073715798	0.00956334103140357	0.0125400926925451	0.00343986186594695	0.000809335544725773	0.000115262911522512
0.00263221643515029	0.000217921209999925	0.0501967141426717	0.912457005984939	0.0153109256236161	0.0156540836430905	0.002823326324281	0.000666405139270467	4.14014969808694e-05
0.00164946106080004	0.0186889729719702	0.0534769970408874	0.905088485942172	0.0097750355300999	0.000558447538380858	0.00326501237214574	0.000745648100244619	0.00675193944329912
3.3891350091538e-05	0.0107917423345424	0.0561465608796234	0.916908437464184	0.00723293486975552	0.00134007971113505	0.00289485749518	0.00457594697349571	7.55489219926754e-05
0.000459920796850112	0.000717419628080509	0.0678045516058401	0.901995678527661	0.0123685016778861	0.00301788486638513	0.00468665069735117	0.00882129354766992	0.000128098652275734
4.23217819454077e-05	0.0076965775517738	0.0484537229771645	0.919923747118398	0.00999545015353257	0.00831549679215162	0.00455278334223465	0.000654755899554233	0.000365144383245008
0.000234000148561953	0.011728893651741	0.056697334210933	0.915566981075929	0.0117010749001137	0.000322594372426426	0.00249670418931668	0.000980077995935534	0.000272339455042666
0.000390697397846478	0.0267570893260376	0.0557654635894896	0.903776795103642	0.00725836089295288	0.00178188212247874	0.00361848295054499	0.000527846900770192	0.000123381716237177
0.00081295093522055	0.00645962799767419	0.054284049713975	0.916161578707625	0.016564750767364	0.00225406733366794	0.00210424357057476	0.00123305726004983	0.000125673713849083
0.000320738717036646	0.00602853759973928	0.0534350046814781	0.913761884214271	0.0124163454655533	0.0111798521376222	0.00178170165630351	0.000686683392258776	0.00038925213573689
0.000119555952265497	0.0278764881342306	0.0490239193414952	0.908545723120104	0.00612239994845248	0.00062104617262184	0.00370488967434552	0.00397297163445196	1.30060220325006e-05
0.00140198347370751	0.00765917694860171	0.0588552988455065	0.912519139070689	0.00874169389925664	0.00500873765116721	0.00249618685361395	0.00165589954098179	0.00166188371647553
5.25074092662656e-05	0.00772042779247265	0.0574284703330362	0.918070545734708	0.00948688653087887	0.00389123031901116	0.00189382531150103	0.00107232769893439	0.000383778870191025
0.00340429144505463	0.000356835227832125	0.0689616084793041	0.890596629527933	0.0112359984008057	0.0138226772362522	0.00310603728809217	0.00813440919507433	0.000381513199651853
0.00119731925693952	0.0237181586130262	0.0566870359818182	0.895807662843302	0.00943845634388223	0.00625878999091453	0.0027366288722948	0.00329658655647329	0.000859361541349195
5.34982871869167e-05	0.000225850640194731	0.0667378389278805	0.908979903786763	0.00490187933253099	0.0105357247391158	0.00314935749881155	0.00512563423299906	0.000290312554517665
0.00236453672755226	0.0136830056344718	0.0569076929244041	0.910292487738626	0.0102350453951555	0.00244738940062254	0.00245717620780357	0.000410860455783636	0.00120180551558074
0.00358616597740598	0.0148488247084771	0.0568894735939067	0.890990076692048	0.0138940549156553	0.0115717201914754	0.00409116985438614	0.00407644561650713	5.20684501381534e-05
0.00103726133865185	0.000380367454411547	0.0562865659237298	0.912464119432416	0.00762043125579525	0.0196639128788358	0.00223966378631786	4.90233950852523e-05	0.000258654534756561
1.94995721541844e-05	0.0112392138943822	0.052257631076138	0.917619346275137	0.014775882638163	0.000899807701745502	0.00282783672010261	0.000289291211001318	7.14909111758121e-05
7.45777798534713e-05	0.0108290959227426	0.0545264358153562	0.91194592969296	0.00929059408737985	0.0097268220390158	0.00268376082170122	0.000805208041439811	0.00011757579955126
0.00853597881853564	0.00197771772266713	0.0557602546788727	0.914313045360331	0.0085595588465222	0.00390102826263334	0.00217130574074365	0.00469970791706304	8.14026526318367e-05
0.000211840757557753	0.000439304446458726	0.0538994055338473	0.911171381150687	0.012451888994165	0.0187344746816719	0.00281410659159283	0.000266931250276547	1.06665937434102e-05
0.00598989000099905	0.0012219426668768	0.0590573115815461	0.902254419922439	0.0134698765384448	0.0140051803303384	0.00211745372804645	0.000213442778309426	0.00167048245300047
0.00105923733913275	0.01557932185219	0.0486704332871751	0.905373401680809	0.0122200587431908	0.00837947198164855	0.00380990377511895	5.28651269903084e-05	0.00485530621374433
0.000315302741497104	0.00392855407293042	0.057551089392592	0.90106298109442	0.00912878808147648	0.0252668599947039	0.00212570904742515	0.000581294701690204	3.94208732648366e-05
0.000393132492730061	0.00309973861702412	0.0447652207594947	0.906382742379424	0.0113526726976758	0.0241622091186636	0.00351086505965645	0.000130714067954273	0.00620270480737661
3.53545568246884e-05	0.0096902157881827	0.0528743709017823	0.911474725448986	0.0112924045355969	0.00759605720700052	0.00292663788521297	0.00325481190860581	0.000855421767808208
3.66145775164219e-05	0.0022115711185003	0.0516456137892765	0.922041621096526	0.0103794958527494	0.0107297600202623	0.00242412997628661	0.000345874879245972	0.000185318689636602
0.000231554609716921	0.0121789727378889	0.0554886246024623	0.9189486912075	0.00705736149020884	0.00103433379490121	0.00384114946849647	0.00109512377980673	0.000124188309018081
0.000133427012098526	0.000472696304451474	0.049750008084215	0.907561740022992	0.0126505539460084	0.0094179563407043	0.00237383433435972	0.00678945372810114	0.0108503302270694
0.000546405926024534	0.00906939197624573	0.052736458048921	0.916978248931411	0.00811889779036029	0.00885510381351905	0.00298903755534772	0.000136034415188177	0.000570421542982395
0.000822479679235521	0.00583727473362819	0.0533095976310433	0.918367792086988	0.0097737454631226	0.00742930615540152	0.00322286021781812	0.000401584764314649	0.000835359268447764
1.57752774513008e-05	0.0107054352626281	0.0547561655475857	0.909588394708097	0.00773335636764161	0.00187409107148995	0.00390001009015512	0.00653196667790779	0.00489480499704355
0.00115823189202206	0.0152758151254739	0.0501261226973934	0.916972226734114	0.00806560125780686	0.000511536814014993	0.00338208595546413	0.00419006873734808	0.000318310786362793
2.01358314715605e-05	0.00239465713977827	0.063384123584387	0.913722525601516	0.00769580184824638	0.00974961847451431	0.00247951727032388	0.000525701698340084	2.7918551422261e-05
0.000235931904203557	0.0197059169281622	0.0462850081469651	0.904560850943921	0.0129376580841352	0.00928177398648913	0.00286062677587796	0.00253176314127834	0.00160047008896708
0.000106301452239397	0.0155554981942536	0.0467285495425558	0.906288532941947	0.0173272091045039	0.0039033299731775	0.0038411985847007	8.86048621629714e-05	0.00616077534445875
1.5808795560071e-05	0.00341380465964452	0.0570461764525864	0.911081166513011	0.014290341320038	0.0013056019766442	0.00218663678678958	0.0105352688648162	0.000125194630910536
0.00130590081475764	0.0151188911417103	0.0444978480923347	0.908604117613455	0.0199013394797244	0.00521736662794076	0.00334612270368254	0.00191785964396801	9.05538824269749e-05
4.41912261084269e-05	0.00106345837310459	0.0564040149019615	0.904144065624852	0.0198605864337439	0.0136387481649649	0.00364939658429369	0.00087118151182584	0.000324357179145061
0.00224093555073307	0.000628140196569463	0.0547643988787206	0.916979004980106	0.00837153772164284	0.0129982629504494	0.00230031568548222	0.00149676720458298	0.000220636831713864
2.04759772336814e-05	0.00742443477579423	0.0437622127861993	0.919844501306794	0.00733088374380069	0.0162908046733446	0.0024552700725965	0.000178026767486745	0.00269338989675032
9.62126270221782e-05	0.00664862909540895	0.0549574381007112	0.916971493055534	0.0145374138587662	0.00108034373855107	0.00477977437339039	0.000752177702978995	0.000176517447636536
0.000689407913804446	0.00858037902726294	0.0513154315341751	0.922331895381926	0.0121534011974668	0.000305411790761122	0.00320185161436845	0.000947118476067953	0.000475103064166979
0.000335536726028286	0.00205844342036046	0.05226615343725	0.916812765096789	0.0169255990782012	0.00279788710886042	0.00403002463373968	0.00471628500176753	5.73054970036983e-05
1.60788807119105e-05	0.0015815370294448	0.0476607673752577	0.916190874411588	0.0068826810873712	0.0136414014384576	0.00368068944236796	0.0103222371929842	2.37331418164861e-05
0.00101255296067665	0.000705445511693937	0.0539413588737247	0.913897944314722	0.0122282874070048	0.00867128479664472	0.00431959001701058	0.00322086535431487	0.0020026707642079
5.14559597375575e-05	0.0174122004164808	0.0480176354488827	0.907692899226125	0.0105906241972451	0.0123068665438413	0.00268397352140265	0.001143907736875	0.000100436949409597
3.38021317961697e-05	0.0133372598588356	0.0572117845328898	0.910660116939506	0.0120340329534457	0.00423839941159675	0.00234554365559936	0.000120714068314238	1.83464480167004e-05
0.000101440635198839	0.00443882722304357	0.0538126812340875	0.918441768886968	0.00734492592842308	0.00848860003155382	0.00272923905096824	0.00146930291000557	0.00317321409975161
9.16363215836779e-05	0.00790514026135495	0.0591733146587722	0.911938273553067	0.00623685776253489	0.00162507460008836	0.00353078000082167	0.00948961344811665	9.30939366021753e-06
0.000757763778103883	0.000427034474756571	0.0455078534400824	0.922517038354302	0.0143949492787301	0.00307249949723486	0.0037600245103288	0.00944194892699121	0.000120887739469994
1.46879584545031e-05	0.00247651255041715	0.0649600819257981	0.908988006207398	0.00727187517016836	0.00289063020033657	0.00322320886579412	0.0101675145483565	7.48257327660422e-06
0.000932620677546915	0.01987607460694	0.0529673349827349	0.913234025954053	0.00923837848650515	0.000266121897303608	0.00301430162526685	0.000367086755704844	0.000104055013944902
0.00141901599418919	7.92719486871504e-05	0.050052280781532	0.914671210383101	0.0100734360923855	0.00471648363720123	0.00259143338361726	0.0163792837985057	1.75839807811569e-05
0.00265601696245933	0.000411342040414898	0.0531588282278403	0.912826373129097	0.0135899740334676	0.00846968400397552	0.00256849232878937	0.00341101054342769	0.00290827873052826
8.61870625617797e-05	0.000102668313848232	0.0515926528244823	0.918176302283396	0.0126061527528256	0.00635777577110342	0.00529024233265964	0.00559703320948962	0.000190985449633364
7.94280330567661e-05	0.000353206475258584	0.053434799465565	0.902298720370293	0.0162674110572412	0.023198772782831	0.00242117363143099	0.00189688041398081	4.9607770342147e-05
0.00587459007568611	0.000914112363664407	0.0562201758155853	0.91187028783888	0.0116826088333617	0.00976313520074253	0.00287956860376009	0.000187911365742996	0.000607609902576894
0.00067684377564441	0.000102019560169063	0.0523500324357551	0.902578559632346	0.0141725476878498	0.0251355939657234	0.00464034758120008	0.000285650491927762	5.84048693842999e-05
0.0010441996028176	0.0114828103795907	0.0512852793873013	0.90963751827226	0.0195992730488901	0.00148455806291236	0.00354375594689792	0.00167722763335411	0.000245377665975982
0.001798688565688	0.0107238072956986	0.0550041638396414	0.912310359534261	0.00982736757368069	0.00624681926269633	0.00360823657248357	0.000428619123359846	5.19382324904863e-05
0.000237544542200066	0.0053275311946816	0.0473451426632529	0.91939858999968	0.00938006817858257	0.00478659230269399	0.00426324469050839	0.00920795316775497	5.33332606452708e-05
0.000516489702837097	0.00295241647504177	0.0629191482772968	0.918604818712355	0.00622234665353094	0.0049072935641461	0.0028866744763285	0.000278842346112871	0.000711969792350903
0.000132869334609514	0.0180598773298512	0.0546284870481469	0.903655108834577	0.0129691758406921	0.00634278848384291	0.00216383062235172	0.000136026120062507	0.00191183638586661
2.96420714265606e-05	0.000664606293375002	0.0509478246389309	0.917070103416427	0.00773931840719547	0.0153037324841346	0.00271814630671496	0.000373230630397761	0.00515339575139722
4.28574584614603e-05	0.00688030587354159	0.0537373195994828	0.925349950246702	0.00844036685071455	0.00315567180788977	0.00208867457489195	0.000171072252781447	0.000133781335533929
1.09193716972471e-05	0.000185825221413792	0.0495194840180439	0.918385614510518	0.0106780752529634	0.0165581216898074	0.00285194515269308	0.00179409876706941	1.59160157931687e-05
0.0023270072127724	0.00575067061931885	0.0554769241401442	0.906646106120595	0.0151212626605688	0.0132468106272856	0.00120825687696409	0.000179258319583432	4.37034227673235e-05
0.000183954695933256	0.000388590506989808	0.0527643011681802	0.910508317178331	0.0155681142666818	0.00652064874969326	0.00399419202763734	0.00992633340226656	0.000145548004286389
0.00512039182100558	0.0226568756802145	0.0577557411423581	0.885212034949125	0.0104205890340244	0.000147581211595705	0.00695101039737968	0.0117128561260462	2.29196382508898e-05
0.00244281295007146	0.000203568023341846	0.0552647330084346	0.920859771686495	0.00554428822063096	0.00218668474701499	0.0026499555948576	0.0101594185364596	0.000688767232694102
1.9121658082587e-05	0.00225706529803991	0.0535866155013292	0.910362029018452	0.0193888196219422	0.00233802016751368	0.00258321731628352	0.00928861098774907	0.000176500430607776
0.0109602518714498	0.000454287218730715	0.0535532051055199	0.910319270020718	0.0110443085715691	0.00877612547331218	0.00286261026299843	0.00168101496541076	0.000348926510291684
0.000114056690189026	0.000423323864171689	0.0593419382096718	0.917197190885966	0.00895992379998185	0.00353147741653786	0.00410066268927201	0.00629242202137693	3.90044228326426e-05
0.00155137937732773	0.00053325360312464	0.0515137807096017	0.9137384768666	0.0123246533790491	0.00604068178114383	0.00217934380173966	0.0101079305592721	0.00201049992214072
0.000250135091419688	0.000391850990633122	0.0646699380467535	0.909197901650167	0.00658962829946351	0.00131792241273322	0.00305534394519246	0.0145040756997441	2.32038638935158e-05
0.000454404310170252	0.00118113057855022	0.0535196839728585	0.905776053947025	0.0175671068851019	0.0148556456372491	0.00330371486029002	0.00091541317004298	0.00242684663871164
7.10425690598989e-05	0.00553158885183682	0.0511760889803584	0.922373435782044	0.00701646377894551	0.00705380607436191	0.0031894180597045	0.00266581146471353	0.000922344438975282
0.00125103661489425	0.000560660905688862	0.0537652993331563	0.90495817994727	0.0221228437845195	0.00759560135059143	0.00221880035720505	0.00241937736205422	0.00510820034462087
0.0129435925511295	0.00908401391980457	0.0538846021157332	0.904723105635233	0.0116638118466883	0.00323668216330027	0.00338209570977432	0.000709865585445584	0.000372230472891691
0.000290235490892222	0.000429142560641741	0.0611399599827186	0.896154936120822	0.0187705819844717	0.0117240226164342	0.00345609183146117	0.00794511480473756	8.99146078205859e-05
0.00101799721881961	0.00938253553695481	0.0470766592813847	0.921414720289142	0.00915614628544727	0.00720396474791815	0.0023868293958768	0.00223285894172848	0.000128288302728795
0.00918053851638934	8.57254913537082e-05	0.0787930291304412	0.874241482466401	0.00778841100087511	3.99252132533004e-05	0.00512030409326926	0.024735808435912	1.47756521053249e-05
0.000602667365925009	0.00898335919474913	0.0477367160529908	0.920605047931255	0.00865058311206732	0.00439061292994675	0.00370558367281353	0.00344485021803989	0.00188057952221252
0.00717929997030593	0.0155928261590202	0.0616724065153551	0.895816368589738	0.00892919281178085	0.00532170751144118	0.00460956549810918	0.000249949321016157	0.0006286836232338
0.000997780834278224	0.0268126792142206	0.0492366309895746	0.896098048206585	0.00880354235128839	0.00424265897634118	0.00345318394169439	0.00403898493981995	0.00631649054619798
0.00092776767073749	0.000915405152705885	0.0530778874054672	0.913863009331205	0.00882184305756093	0.0106551249800223	0.0025223353591138	0.0092060607773963	1.0566265790783e-05
0.000184456678025763	0.00893858379819601	0.0536120955035863	0.91892618684997	0.00697797809395131	0.00785612498640445	0.00164424598164786	0.00141908209396056	0.000441246014257539
9.64073525020445e-05	0.000795145356581581	0.0614453539447189	0.910763273800529	0.0153051115466275	0.00758825377378581	0.00233229030754045	0.00164413055581417	3.00333619008431e-05
0.000125317818214296	0.00531707061451016	0.0590512289498027	0.914888835935725	0.0114074349186992	0.000812562221847282	0.00460026912889006	0.00330610575564289	0.000491174656668661
0.00470034816807752	0.000245704237732751	0.0497091163767345	0.909009147757521	0.0148518894571104	0.0135191824487657	0.00435558487388362	0.00348288202811592	0.000126144652058401
9.67876541984898e-05	0.00634805770875181	0.0593738129206104	0.911866606004419	0.0116845573140826	0.00394107384396956	0.00326078244118605	0.00285877571182706	0.000569546400954742
3.8919347003205e-05	0.00296422438871006	0.0563389463288061	0.913970918366753	0.0129390040870964	0.000760261424786834	0.0035868944424017	0.00914560195870784	0.000255229655734863
1.79116057363653e-05	0.00039360713617779	0.0487244047369101	0.922524004659878	0.00907276115095338	0.0163774887990951	0.00206481336152678	0.000642956146091398	0.000182052403630766
0.000574370346463734	0.00538120124771116	0.0438784027941593	0.925470054099887	0.0159017388717152	0.00426675824216704	0.00259442747578154	0.000395643876859008	0.0015374030452559
6.25324201632624e-05	0.000333164376800111	0.0547863232302885	0.908744160869772	0.0175631978896096	0.0112905218983587	0.0027815328060144	0.00220142563740107	0.00223714087159234
0.000529103826092901	0.000297167218297107	0.0554979848652599	0.912428501067516	0.0065933890421111	0.00978552050742029	0.00282667237591908	0.012001040930684	4.06201666993586e-05
1.54481195800213e-05	0.00328480722229401	0.0511104811598673	0.92388022067279	0.00988526459329591	0.000947566024908137	0.00302044663233352	0.00780987528902258	4.58902859087353e-05
0.00410683860349928	0.00177488994566071	0.05255905034285	0.917516490383976	0.0112280022069283	0.0076181504251919	0.00216042157265442	0.0028584151572496	0.000177741361990008
0.000200027984203978	0.0208365490711654	0.0499721091837114	0.911086879419866	0.0107393262258689	0.000370821312044861	0.00224644775784554	0.00368588574248361	0.000861953302810615
0.00962437858610373	0.000726100060158616	0.0537069554122088	0.901997228638996	0.0100987212322351	0.0175914443187178	0.00404181020314073	0.00195127083540613	0.00026209071303266
1.16749603335522e-05	0.0162493000714032	0.043673103927005	0.926518059371189	0.0104548167986276	0.000273967153667177	0.00137697830279218	9.81541525695648e-06	0.00143228399972552
0.00158040542641847	0.000216920171835551	0.0463691955501602	0.907382959666369	0.0180012297006853	0.0201446612678086	0.0038819895578795	0.00236777408606489	5.486457277837e-05
0.00369632079701242	0.000463325278021706	0.0519429177503397	0.897585489124537	0.0288946740585747	0.0102054747123209	0.00354711899408307	0.0031373052467606	0.000527374038349901
6.97448549823558e-06	0.00127619894799706	0.0547416211080302	0.923966869922084	0.0169858779740133	0.000108221408787888	0.00270683297740158	0.000122223012678323	8.51801635093119e-05
0.000138257054373082	0.00962771304592704	0.0528311921087727	0.923658981354576	0.00920745664692446	0.000352680949054882	0.00353322937292156	0.000619135259080982	3.13542083691581e-05
0.00196705518690918	0.000376061708347309	0.0493028186913189	0.913107494494387	0.0169616915030137	0.0138944496193272	0.00427006895690568	0.000100006837685603	2.03530021058084e-05
0.000307548365417286	0.000141036754260003	0.0591237180171533	0.908863973868441	0.0134767729799454	0.0143637941872065	0.00249945655916222	0.00012998486222069	0.00109371440619414
5.0501463802348e-05	0.00947514930344433	0.0513620443553752	0.918579363765112	0.0131757990181778	0.000198595583816688	0.0042753212030777	0.0028678976957601	1.53276114340245e-05
0.00339246346410571	0.00198709986728717	0.0523699037304985	0.917329905363941	0.00876572578586437	0.00169020064775051	0.00160010464130542	0.0100119304146724	0.00285266608457486
3.04576241154762e-05	0.0128930876057925	0.0528153032795151	0.914763828793477	0.00816765336801613	0.0018703274640509	0.00303740694421671	0.00606148345710392	0.000360451463711913
0.00564239635391836	0.000703816496898422	0.0507359943339514	0.911311585498459	0.00939514008296501	0.0165228061007417	0.0049041060597312	0.000362911884344883	0.000421243188989675
3.36519088587774e-05	0.000328715464470797	0.0597931198778903	0.90517456790519	0.0129044279436764	0.0158073205532034	0.00402887824995162	0.00179860104282319	0.000130717053935122
0.000296642709832471	0.0112334213184519	0.0566344735131843	0.904380272443787	0.0122550041530359	0.00280405502246695	0.00269216800029387	0.00967024134837825	3.37214905692594e-05
0.000497071648956919	0.00540478034322687	0.0571605806898587	0.914220988932815	0.00784373176520617	0.00115691741097919	0.00287123778523865	0.00916735835184274	0.0016773330718762
0.000162475822478918	0.000140141995519008	0.0523687243866771	0.914669748004479	0.00746012066340375	0.0158090036707352	0.00424226459153861	0.00509771220966351	4.98086555050532e-05
0.00199402922002776	0.00292663357616499	0.0543887268420058	0.911661307635145	0.00802819087629086	0.00556719858778483	0.0035721379652189	0.0113261499215895	0.000535625375772506
5.22913828723003e-05	0.00275491072535267	0.0551663905339375	0.906774306074426	0.0161000489352349	0.013010513892289	0.00379328211504127	0.00196609323078812	0.000382163110058314
0.000414010363154458	0.00128897850683446	0.0533273205201604	0.915279651455865	0.003856202465891	0.0205032537430484	0.00286308062739933	0.000474848540289945	0.00199265377735678
6.84311278499504e-05	0.00655465973057076	0.0534864540047392	0.915812561551048	0.0126173389499443	0.00514631561387638	0.00219528779335766	0.00214317490329118	0.00197577632532288
0.00256889489217837	0.000735035142645628	0.047275245191538	0.919286193320662	0.0121695892318228	0.011479308812424	0.0035412483780291	0.00290312042384915	4.13646068509733e-05
4.18505103843876e-05	0.0166538787873498	0.0479394403750252	0.920050463467799	0.00581011240094073	0.00543450695016701	0.00386976662907381	6.25284956287601e-05	0.000137452383631835
7.01454035737106e-05	0.000110022758234718	0.0538826449174888	0.908117025320818	0.0138529829803967	0.02184118440216	0.00195617701991737	0.000115773110818728	5.40440865916204e-05
0.000162326401351913	0.0152865097059402	0.0533206489704029	0.908601337043853	0.0127016845703471	0.000754091033131975	0.00248235605587349	0.000585771429981204	0.00610527478911822
4.70035330201379e-05	0.00123146543687922	0.0578253824173023	0.906424078585622	0.00881976590579813	0.000533345596167814	0.00385271568441998	0.0212265680816521	3.96747591382798e-05
2.31340464717076e-05	0.0259210349029438	0.0549399174077711	0.887858145259953	0.0142677657388319	0.000225441467142905	0.00533799903744884	0.00977712292293955	0.00164943921649681
0.00402636739119847	0.0112998689219654	0.052780772598115	0.911483699698319	0.0116977126165719	0.00220092637120018	0.00320331196797081	0.00247520124891308	0.000832139185746446
9.18793408810164e-05	0.00940946164272727	0.051861792596921	0.920991460395658	0.0105246283223303	0.00453599576335046	0.00192628188300027	0.000453622925050003	0.000204877130082179
0.00126503677945567	0.00490607655551097	0.051648241707353	0.915797351244768	0.0104312894330766	0.0112553844243666	0.00374384340553143	0.000758928888641743	0.0001938475612959
0.000945346070404444	0.0131628378234904	0.0545674669626576	0.90086523355891	0.0131568055405662	0.00974779125225914	0.00301630742316159	8.74569180270106e-05	0.00445075445052367
0.00010615189897802	0.0260860471775733	0.0509818613765703	0.892768129388596	0.00454491563699832	0.000277334027995677	0.00411861555794396	0.0179331359347679	0.00318380900057615
2.57331711566387e-05	0.000177767049444916	0.0525722745607482	0.919401406481808	0.00986891816845444	0.0101284513854788	0.00331598217984384	0.00449888288040866	1.0584122656103e-05
0.00115026696735341	0.000188819042692763	0.0494727346385809	0.912259180168565	0.0147805037838959	0.000253501640583659	0.00401386688860106	0.0160963816902251	0.0017847451795024
1.80290679689784e-05	0.000228503097233239	0.0609826720680177	0.906988494217749	0.0103871457487325	0.00834948717034827	0.00318136230109576	0.00980761992410198	5.66864047530091e-05
0.000221553584121748	0.0174821591827902	0.056178315540315	0.914947604999552	0.00554533320338107	0.000276699133000448	0.00444890190490381	0.000818138630378477	8.12938215574396e-05
3.66339214584646e-05	0.00136180342885607	0.060388348280345	0.919357004922216	0.00723166884166127	0.0035582904278664	0.00527469654826214	0.00152006457198086	0.00127148905735419
3.29990276263199e-05	0.00113488402071946	0.0568946164118659	0.915756597252153	0.00783487254160493	0.00886261284222703	0.00461310019923678	0.00117245255588109	0.00369786514868517
0.00869569260822829	0.00788142277500117	0.0549558514826999	0.896132416415541	0.0132112691032983	0.0122476376777206	0.00380537854254204	0.00254568101063502	0.000524650384333686
3.54197949165729e-05	0.0118555568749786	0.0563189033297413	0.917082833104074	0.0101986868055141	0.000316526524110956	0.00269819646986674	0.000381898633836548	0.00111197846296115
0.00101495021771114	0.00292754995210343	0.058627280831191	0.910559096803203	0.0118632724087743	0.00984858377316067	0.00272948505279673	0.00179579970902588	0.000633981252033875
0.012179995456676	0.00281999719366395	0.0595779632097906	0.90716866667718	0.0111560995271308	0.00116278847677057	0.00217554400653841	0.00352873666700521	0.00023020878524479
0.000262776331908052	0.000393788336508236	0.0540358728063502	0.914446059973225	0.00979011460061757	0.016962415047431	0.0028117168467546	0.000167777436431933	0.00112947862077336
0.000932833095717873	0.0137377923880294	0.0547393273511284	0.910658924507632	0.0122439742048328	0.00323654511262103	0.00348727615297097	0.000939198535487413	2.41286515802881e-05
0.000109643367772089	0.00413218744991031	0.0506034918713823	0.913600209635089	0.00671414617079229	0.0184375310668678	0.00365019601777275	0.000628548161714568	0.00212404625869898
0.000556522303829329	0.0161087366611909	0.0539887694872178	0.904819584310021	0.00759929331536749	0.00194708077104067	0.00333163427085306	0.00776519765972236	0.00388318122075754
2.30364506428893e-05	0.0011729841529839	0.0505541537559718	0.91721126203908	0.0109115308452745	0.0133817324629355	0.00320150763368265	0.00311720734658228	0.000426585312846667
0.00311854881273766	0.0057163056553663	0.0460742031630839	0.914386341698873	0.0138318006837809	0.0127219064262429	0.00252764425168503	0.00153815555687579	8.50937513552009e-05
6.10394918945924e-05	0.0151345942355895	0.048503831026733	0.910138298903625	0.0134205129266617	0.000293136413507521	0.0028185639592037	0.00535406618810946	0.00427595685467529
0.000120647553626877	0.0191728110679068	0.0593876961033954	0.904121035135923	0.0130281630292876	0.000378433160204938	0.00359572314676106	0.00016662269290892	2.88681099850127e-05
0.000214741821825448	0.000177197507051667	0.0642240391761396	0.906374834196417	0.00928777335080781	0.0142697284687087	0.00305675717205375	0.00234157971278681	5.33485942089936e-05
0.00477988440416944	0.00756114342921884	0.0618541314636321	0.909631528249379	0.00499757505500367	0.00180439902243144	0.00236273183337507	0.00692721699117507	8.13895516157183e-05
1.02124662531007e-05	0.030373067547747	0.0560004770454503	0.895893566038501	0.00907220838351358	0.00110826129744492	0.00596917966950523	0.00154344314778941	2.95844037955438e-05
0.0016280831441977	0.00137296597064976	0.0520829024685274	0.900571967731399	0.0198042706951567	0.0144624959663504	0.00341163757852646	0.006425156896322	0.00024051954887019
0.000262753572933754	0.00418454337987195	0.0512167414649152	0.922664370536234	0.0114101398499022	0.00533262448573489	0.00249771724352774	0.00178884548416661	0.000642263982713813
0.00157989735597979	0.00353741064769635	0.0539952937338456	0.913339840089493	0.0167616014023656	0.00502144041202593	0.00295975024029379	0.000213491194950227	0.00259127492335014
0.0010608890258177	0.0112750806267188	0.0528293908213038	0.912580605622798	0.00905662297644999	0.00719695816331179	0.00363758396066431	0.000908092748389815	0.00145477605454602
0.000787527249953493	0.00121756872904164	0.0524499195769378	0.915830930900414	0.0137845842765262	0.0111760932864762	0.00210725167388047	0.00260066845932999	4.54558474398893e-05
0.000683056643896609	0.00628364716596661	0.0502834777854173	0.914117846151971	0.0137090559837746	0.00254234812148341	0.00309375970239307	0.00501893052551868	0.00426787791957876
0.00192568276562596	0.017295141928129	0.0546391162468389	0.911650012718521	0.00709260836089882	0.000524774111816938	0.00405433463191817	0.00277623298130643	4.20962549449522e-05
2.03037122484382e-05	0.00897083433340316	0.0560576984567325	0.903761244860193	0.00476421835870462	0.0142915467487991	0.00299418247639873	0.000885010419374356	0.0082549606341463
2.01322596648118e-05	0.00252352646450998	0.0571241894215427	0.913684035671023	0.0141273587514104	0.00742861434648908	0.00286204534094211	0.00129477450893674	0.000935323235481131
0.00257891289980896	0.00081597095610315	0.0623983704406303	0.904977346469856	0.00845432694977034	0.00379163709771152	0.00308455617671332	0.0138790167014417	1.98623079650729e-05
1.72615210354258e-05	0.000764411935026587	0.0502633779388268	0.912494243173526	0.0135487687463345	0.0126894581785132	0.00303609729869762	0.00716843255566679	1.79486523728302e-05
0.00430223670216125	0.0023011483609955	0.046997319339212	0.917560512921703	0.00910439359039411	0.0122443090487689	0.00327504738122859	0.00364000818689971	0.000575024468636409
0.00441598419963227	0.00768393335301679	0.0477366029682977	0.907885713093877	0.00929397843913484	0.00950013418237411	0.00397026118329949	0.00945189394342289	6.14986369447119e-05
0.00173730176353758	0.0182993519232072	0.0502935732047148	0.901440303371652	0.0137767123515386	0.000986007004645984	0.00190370294171714	0.0107996989775703	0.00076334846141591
0.00700052692711181	0.00665063703388515	0.0687322275655852	0.892517398026941	0.0152972003614476	0.00136159458362694	0.00334290913726162	0.00371803222816028	0.00137947413598065
0.00235164795078418	0.000393899915669718	0.0483528745521264	0.921523761609314	0.00801952865549285	0.0101624797879214	0.00178217579181864	0.00737330904489804	4.0322691974387e-05
0.00286755336587419	0.00434860907455587	0.0538624028816086	0.909718603038454	0.0153762890857414	0.00474094014976582	0.00330889083392817	0.00230644104750192	0.00347027052256992
5.91447154463995e-05	0.003961443162495	0.0530560687438958	0.899542146173197	0.0185300964540367	0.0181627169434401	0.00379453644793006	0.00244523109294712	0.00044861626661222
8.07942652354792e-05	0.00817348327841855	0.0494124120428391	0.911789308782909	0.00674096793429481	0.0206087384598576	0.00301566550408691	0.000120958775025594	5.76709573331074e-05
0.00239443311565026	0.0165046228768534	0.0494017305945251	0.911913788772971	0.0114745498141579	0.000400448483079773	0.00324407688261716	0.000116860308204013	0.00454948915194123
0.000321300455696308	0.0153844398773889	0.0524501649528849	0.90995688681778	0.0133972284807074	0.00364919067483018	0.00292577470935026	0.00184432473970458	7.06892916576707e-05
0.000243870434246455	0.000682916251456083	0.0563589309112215	0.903647205873302	0.0179551838407166	0.0139133468071773	0.00355598646453888	0.000456376911708911	0.00318618250563215
0.000184170577298875	0.0124654825634683	0.0514088357004489	0.920481875250733	0.00805429948009951	0.00447566412558677	0.00270335012554057	7.97380972084257e-05	0.000146584079615685
0.000111244448676382	0.00899176350940596	0.0469630092362099	0.915761256988845	0.0156894213242064	0.000212437243892117	0.00194398668260256	0.00547623861081048	0.00485064195535107
0.000480228539268892	0.000117420352712203	0.0578840295575034	0.907004425129363	0.012650974330916	0.0153192038710932	0.00389454846252824	0.00245269063415489	0.000196479122460555
2.20132815886537e-05	0.014909457300066	0.0503158095741489	0.910483964074224	0.00714208066690347	0.000328283973094707	0.00284344468272963	0.0108453188084369	0.00310962763880684
3.95169462095307e-05	0.00284665650297225	0.0597257264192908	0.908179070080354	0.00874632818360223	0.00652857593985124	0.00264352186901245	0.0111673688631062	0.000123235195601448
7.0337716271855e-05	0.0231725050866261	0.0540456533548852	0.901088028199153	0.0137474179070619	0.00132940780306842	0.00400055598080648	0.00216344944208822	0.000382644510039164
0.00632703583457511	0.000105471805297808	0.0536555856856029	0.907570999177282	0.0148169460664484	0.0144121167221604	0.00267733385829329	0.000337413610793934	9.70972395457091e-05
0.000982484067870273	0.00130972678933516	0.0544985729242796	0.903849324455981	0.0139817035804626	0.0172947492722589	0.00378314839506671	0.00423674515690476	6.35453578403562e-05
4.88555650626548e-05	0.000217397156913414	0.060992660065275	0.912712749101609	0.00834060172219117	0.00620019318744596	0.00300964227631652	0.00744346223354098	0.00103443869164506
6.79615479376061e-05	0.00164173001062322	0.0557116563993598	0.92073871701802	0.00876004700284585	0.00696026041684179	0.00216620181087232	0.000933939108098847	0.00301948668540112
0.000130990177924001	0.0228297910316702	0.0531010279968906	0.905846078142311	0.00999248180625326	0.00124080450284079	0.00399836122602572	0.00279749388122496	6.29712348594829e-05
