Bcells	CentralVeinEndothelialcells	Cholangiocytes	Hepatocytes	Kupffercells	LSECs	Mesothelialcells	PortalVeinEndothelialcells	Tcells
4.60395036384742e-05	0.0165282828135529	0.0050598503679396	0.944393206802575	0.0185349973780905	0.000405303712376621	0.00160009673192717	0.0133987723026269	3.34503872725338e-05
0.00364177468648097	0.000887522834808575	0.00314948942688287	0.932309723457147	0.0264272584791337	0.0173668356760197	0.00051481212121611	0.00648292713799497	0.00921965618031633
3.81537426062733e-05	0.0143853999285164	0.00348868202356977	0.94688790556588	0.0220456510845268	0.00701571481774688	0.000293465082661285	0.00509111142119939	0.000753916333293024
0.0111307372736439	0.00133325210899445	0.002380307344649	0.950442712841584	0.00996378206485413	0.021695880942122	0.000330539578807576	0.00229848058015085	0.000424307265193844
0.00226180843264504	0.00293316383866952	0.00303717557607762	0.949634961563293	0.0250029894303569	0.00642694445160061	0.000497644277029128	0.00893560473952663	0.00126970769080141
9.4902731878025e-05	0.0127954182392275	0.0046362720609192	0.942563126712323	0.0290034914967644	0.00374134353075099	0.000671848708968052	0.00342921743308415	0.00306437908608503
0.000161642000835373	0.00972082786978352	0.0024726551577822	0.951884527781711	0.0247410093598504	0.00955882721557874	0.000243923399379185	0.000379064678491326	0.000837522536588335
0.00133861654552253	0.0025546831850484	0.00355589946198374	0.951451168979458	0.0195348442691777	0.0206520169776964	0.000265176772238533	0.000294680698413848	0.000352913110461237
0.000313749424945845	0.00565597169344023	0.0104981069130065	0.943987439847359	0.014424197365115	0.000461649577664031	0.00146578656546108	0.0227187165003477	0.000474382112660301
0.00909476189019441	0.0124975507590741	0.00301674814489158	0.947539457906155	0.020065435782699	0.00235819148076798	0.000325795494107058	0.00326990822724064	0.00183215031487026
2.68370439245047e-05	0.00428183452253662	0.00715700488939225	0.959523798434554	0.010124381108234	0.00699296869006356	0.000162569182230551	0.00797830097173672	0.00375230515732819
0.00014384825274415	0.000551439445695143	0.00339725299618541	0.951032990343391	0.0218528679566218	0.0181691318430509	0.000447923167800956	0.00372455958141551	0.000679986413095256
3.44233799642192e-05	0.00831468230836108	0.00390305591897057	0.950558221011262	0.0176557070059927	0.0176943761731648	0.00086604965693994	0.000386337924321254	0.000587146621023994
0.000403386529734494	0.00193709416888147	0.00208584419615651	0.938298078160482	0.0295579759889655	0.0260782185319575	0.000903322033970864	0.000243230936692373	0.000492849453159422
7.98115464139479e-05	0.00257665597191602	0.00308831690215034	0.948973444874991	0.0269304248601144	0.00512062688662808	0.000249414358134884	0.0124022639867899	0.000579040612860989
0.000210097955736533	0.0185207367578963	0.00296028360266183	0.951223134853315	0.0105591764979808	0.0141860671812754	0.000950810317923947	0.00073325624516923	0.000656436588040609
0.000390983981011069	0.000775029349109933	0.0112530383368814	0.94440119997909	0.0171580730908219	0.018965021873727	4.70773402415983e-05	0.00697647582757006	3.31002215474013e-05
0.00173102147871891	0.0094276951652151	0.0018361703878192	0.958376499482243	0.0130420693732804	0.00682570443467418	0.000225716420747425	0.00839211783150375	0.000143005425798501
0.00137714120422779	0.00914635224737768	0.00503671698873101	0.941885419190075	0.0210506916491157	0.0027341093799821	0.00242482270118098	0.0152394642083414	0.00110528243096815
0.00573219614463305	0.000744108502728464	0.00015801000857915	0.943475361170464	0.0331796749694524	0.000935692876933349	0.00287556108389796	0.0124420251201466	0.000457370123165163
6.90623632300784e-05	0.00497931152902935	0.0016689508716803	0.956680521204649	0.0104759750147003	0.0166925446197998	0.000281244423536544	0.000874522756010619	0.00827786721736365
0.000345451930182455	0.00061178679538263	0.0226859955193915	0.936491711672643	0.0132497795163809	0.00484284918164593	0.00224256986658987	0.0147677325298575	0.00476212298792615
0.00226112306218459	0.00130250307791489	0.00493367371158275	0.942324132131915	0.0198409932605894	0.0211579446092231	0.00119264996772491	0.00679453787505241	0.000192442303812921
0.000302520425189232	0.0118542903995717	0.00470848762343663	0.955263583801486	0.00967223594236047	0.00543606873820176	0.000305097303336533	0.0124337980475484	2.39177188689871e-05
0.00583416471537326	0.00030091060732561	0.00231527054191117	0.939825269184892	0.0242275431557594	0.0222309554127112	0.000184468288952241	0.00137087067977987	0.00371054741329547
0.00275285168231229	0.00316797088142876	0.00290525511728548	0.954469824887463	0.0212335085638225	0.0095992241559034	0.000557362106518204	0.00503208273650112	0.000281919868765292
0.00217741057910017	0.00109276333874179	0.00224803818795871	0.962950864201105	0.0143799281554033	0.014148393087059	3.05387007934668e-05	0.00253820085435813	0.000433862895480564
0.00889381567004629	0.0144511880025135	0.00428463823634262	0.944174277998787	0.0160306886059667	0.00889062473582561	0.00132536558861861	0.00185708413942508	9.23170224745632e-05
0.00119225899816088	0.00253109699103082	0.00443926017001222	0.955276360561921	0.0160610386994399	0.0130062058155596	0.000799759585236797	0.00454683189026259	0.00214718728837592
0.000771171909815927	0.0150937931104649	0.00154609446025786	0.942387209824838	0.0246960192974727	0.00477295744684869	0.000767412408359707	0.00298899936434664	0.00697634217759592
6.87894607226856e-05	0.00711719671049557	0.00415077481427073	0.959790441449041	0.0145949761184039	0.00284793145894387	3.79829685799986e-05	0.011337123622074	5.47833974682542e-05
2.74199055178335e-05	0.00520534174900874	0.00507866684748324	0.93112062879515	0.0282568804462615	0.0175864283236291	0.000375564014731332	0.00831724565580428	0.00403182426241412
0.00371014933637746	0.00844387819113328	0.00394551956700618	0.938570865041021	0.0261035993095204	0.0119668860452444	0.00152226703939024	0.00287619422786904	0.00286064124243743
0.00528207965378021	0.0583991966435054	0.00682162846936521	0.904880544245408	0.0159926029752824	0.00056732820423212	0.00426490102515854	0.000302245232106531	0.00348947355116181
0.000216567459952626	0.0120241520122148	0.0025278268592128	0.948396754475218	0.013613356371058	0.0090075261354518	0.000842504057847239	0.0122893486141215	0.00108196401492293
1.91107245414338e-05	0.0145741918750897	0.000223031325160061	0.935856327022046	0.0307695551677932	0.0139271869677205	6.387007752288e-05	0.00454763365166699	1.90931884592309e-05
2.78246251562938e-05	0.00822631126791768	0.00126841877071711	0.934072987840656	0.0308419168108445	0.0127012563857016	0.000771155416510006	0.00505993703687479	0.00703019184562137
0.000308536258569335	0.038238332325765	0.00400029712455055	0.935265358239766	0.0192845610279626	0.000718106288083848	0.000216116679262396	0.00174085416190625	0.000227837894133507
6.07736655642379e-05	0.0096857968443981	0.00294714927528789	0.950580480770873	0.0151503021786805	0.0174392364804666	0.000764495262268388	0.00292325817258111	0.00044850734988043
0.00234183291255843	0.000317824154744647	0.0025957189434164	0.949316903532	0.0234109817201802	0.0204432503319662	0.00045220116620022	0.00106720728816331	5.4079950770697e-05
0.00113488347794224	0.0211327522855124	0.00282190551550891	0.945048265291909	0.0154187514453745	0.00274994801670312	0.0010310202640361	0.00222565828420861	0.00843681541880489
5.60271416239784e-05	0.0102628529392659	0.00352189908990905	0.958894984614264	0.0116586416149597	0.00415920793892514	0.000559270917176793	0.0104124095673437	0.000474706176531451
0.00112007723477894	0.00345059663125387	0.00699302521325556	0.949697682057171	0.0205391093346642	0.00399811117960538	0.00183707273171154	0.0119169423343345	0.000447383283224952
9.32485051117877e-05	0.0137807071118625	0.00190372306670646	0.956518329847265	0.0146750647749872	0.00853517457672251	0.00136642155436269	0.00252018775712686	0.000607142805855343
0.000120236962830336	0.0127524236928372	0.00302407588408495	0.958726768992757	0.0190848921857812	0.00435698963802916	0.000226143933793319	0.00126704839516901	0.000441420314718173
0.000455122602271376	0.0313646638570327	0.00405331690412331	0.94457993141567	0.0101887983627383	0.00351452457632742	0.00103878165223473	0.00442137723221905	0.000383483397382763
0.000704452044988034	0.0117681655792725	0.00114786448527368	0.955470243817882	0.025454124872379	0.00343746474449662	2.89324813244302e-05	0.00150255884811986	0.000486193126263304
0.000547737035404619	0.00113990851902408	0.00189369518397777	0.952786659017647	0.0183856452316842	0.0181666573849074	2.99394865552972e-05	0.00600475549332135	0.00104500264747818
0.000380300717990157	0.0314546736729636	0.00288318405055185	0.94537893592272	0.00973840990675597	0.00573065853473525	0.00120213855210984	0.00317684753513636	5.48511070372002e-05
0.00224181844036697	0.0109089144791361	0.00324230594914246	0.953819903882346	0.0137391116055662	0.0099581965545583	0.000624559088457998	0.00156822903344997	0.00389696096697592
3.59468060402179e-05	0.00592375816376374	0.00301255727003676	0.959791052060728	0.0133952428841368	0.00716339179849775	8.13920837736642e-05	0.00861710788347988	0.0019795510495435
0.00440668698071014	0.000291547476224763	0.0107593111700443	0.9341800462995	0.0188147335370145	0.010555157925456	0.000294824969439274	0.0202727989470659	0.000424892694545373
0.000984545148932797	0.0243941495435853	0.00365502617913685	0.934213170512271	0.0142539023955967	0.0137839435233509	0.00112396494345312	0.0062909080450489	0.00130038970862475
0.000150987851274727	0.000365297693896824	0.00843301770448993	0.958962796987076	0.00849770197893067	0.00937757517217235	4.03423030811441e-05	0.0140307629006143	0.000141517408463892
0.00282927662030203	0.0118630664356187	0.00309560556835827	0.951661391165936	0.0158616913561857	0.00705774819621035	0.000170619906419113	0.00537071633675699	0.00208988441421319
0.00380574789512095	0.0168045267480318	0.00282209818666968	0.928377302965767	0.0222857997011044	0.0187975232498476	0.00110265093483205	0.00590918646656686	9.51638520593955e-05
0.00257530093727512	0.00448721176910939	0.00196267023229243	0.95469826530154	0.0106247259889948	0.0240442157360018	9.37628944275602e-05	0.000139724422913977	0.00137412271744463
2.84482297488204e-05	0.0130124116786412	0.00223842837459252	0.955107532106416	0.0226094954242794	0.00531219856869297	0.000336779972019018	0.000577986646789486	0.000776718998820433
9.26995285031816e-05	0.0134413668171519	0.00264060333128007	0.950229357883799	0.0149347098829428	0.0150684877831072	0.000809998200337407	0.00207223432159107	0.000710542251287109
0.0105553971941564	0.00499453427798848	0.00407270796823068	0.954412499732559	0.0135027223112638	0.009491283965101	0.000186237539328463	0.00245037457695827	0.000334242434413879
0.000339363742992276	0.000645504032424436	0.00447842627891909	0.95162793447643	0.0189280118935758	0.0217779242780181	5.29443659818931e-05	0.00212896155998	2.09293716786291e-05
0.00413838046592136	0.00155969233277915	0.00307531827582512	0.94169947657331	0.0209113684948411	0.0217400815550903	0.00042906507574129	0.0015432164610272	0.00490340076546447
0.000269393219633128	0.0114058659212535	0.00233567272252049	0.9403761832333	0.018787112106312	0.0192203611700684	0.00125873936440906	0.000227299381667752	0.00611937288083576
0.000813216092873444	0.0100386214001594	0.00331910908817365	0.943123241710167	0.0142598650435648	0.0257215057974449	0.000453141824064029	0.00216156655837035	0.0001097324851828
0.000206057604280411	0.0034281974621743	0.00133437841893523	0.941146998343204	0.0170090722631169	0.0297262148455146	0.000803350939316423	0.000145112905056846	0.00620061721840111
7.59466848959015e-05	0.0138464226651356	0.00313131375743843	0.948153265354548	0.017404798731947	0.0110234761775764	0.000502736207853428	0.00297446829424866	0.00288757212635656
3.13125606699325e-05	0.000984389690019359	0.00124927947293806	0.963016132406028	0.0158163347620925	0.0149651479601501	0.000235207882385142	0.00309664416441411	0.000605551101302407
0.000277491473082349	0.0152685721746467	0.00326467110157827	0.96226037827807	0.0107498674230681	0.00306963206891461	0.000781196744503807	0.00391904869362301	0.000409142042513632
0.000162485818222933	0.000982130313672774	0.00236626558827783	0.945353209999069	0.0218376359067026	0.0153891544211369	0.000110963762939461	0.00684367808032433	0.00695447610965393
0.000410290877974657	0.00761776132681961	0.00165534288683299	0.956591349561029	0.0129714973149605	0.0168913938777374	0.00061223108684566	0.00124022151512058	0.00200991155267996
0.000918781573404257	0.00413657996051458	0.00368966540193795	0.959885933235486	0.0154768277403033	0.0139168601708677	6.46412508654842e-05	0.000624646542189708	0.00128606412443097
1.66711737215173e-05	0.0126484507237384	0.0016815048133374	0.95404217536882	0.0126585341128122	0.0097316345465282	0.000110030866113615	0.00397104534321126	0.00513995305171723
0.00119025452224416	0.024724146741732	0.00301565689433401	0.954004798378414	0.0120825228980772	0.00188059865745234	0.000640532161258681	0.000645570823384191	0.00181591892310353
2.65633945363344e-05	0.00508020734754137	0.00671632216141362	0.961501841001937	0.0114765758945211	0.0131262028646073	0.000286585424866825	0.00174360502386354	4.20968867125968e-05
0.000199621354018822	0.021179245638682	0.000323019224540763	0.938431832559797	0.0188647338024446	0.0152869001848362	7.95089566626819e-05	0.0028373883051482	0.0027977499738695
0.000106064291472166	0.0216900776410789	0.00176892754940309	0.936709387174162	0.0269087173154998	0.00587763018298901	0.000432076587532037	0.000311619286088744	0.00619549997177424
2.60006373087865e-05	0.0104260874755135	0.00349777795487963	0.953446547417937	0.0231644063187934	0.00658098338769398	0.000202902817206242	0.00174699761919819	0.000908296371469586
0.000576217186101743	0.0185600007356811	0.00131864945086494	0.939252172047408	0.0305983887382463	0.0073627339919902	0.000890293524968229	0.00135929610491697	8.22482198224099e-05
3.57607424744528e-05	0.0011921809732492	0.00500929872194505	0.939325472063652	0.0305830018278527	0.0160185178453422	0.00113364722044383	0.00639242397908102	0.000309696625959754
0.00233665331847659	0.000382642484588689	0.00222915005132688	0.958596254890178	0.0128032452176547	0.0134642070266053	1.90719012846929e-05	0.00982782779089333	0.000340947318991667
3.08590010969635e-05	0.00900366670374455	0.000137839170074636	0.956367849601144	0.0106824140432718	0.0189781437880844	1.41461984886064e-05	0.00216824343369767	0.00261683806039757
9.68724376478002e-05	0.00747188993507567	0.00414502631335429	0.955436332144046	0.0217628213369017	0.00539207155843664	0.00149837034501454	0.00333205950972019	0.00086455641980308
0.000706288784924898	0.00700636866190448	0.00205950743340583	0.962302263092403	0.0199828477021042	0.000981708003801947	0.00123260945130112	0.00536391733373485	0.000364489536419548
0.000196116196870264	0.000858653462029676	0.00429599080543534	0.952568175318813	0.0250113382833746	0.00615574531589236	0.000747110461556435	0.0100084446221244	0.000158425533904265
2.28982674295325e-05	0.0074976091520949	0.00185803136884797	0.954628009055758	0.0115072759921237	0.0213219956571977	0.000667073340704723	0.00241268074573256	8.44264201108742e-05
0.000463653213522969	0.000676103475849348	0.00318648999959443	0.94910956951111	0.0191052841554708	0.0182547964452189	0.000332815521967139	0.000690797406631179	0.0081804902706353
8.47508574876538e-05	0.0184901393228689	0.00167847277367329	0.942126285889337	0.0158108709960661	0.0169273739634731	0.000598731753246366	0.00358858246952622	0.000694791974321447
0.000130576920321009	0.0140401378078394	0.00149830745057471	0.949326779391432	0.0206511096303281	0.0140881760663193	2.89016612079814e-05	0.000184380297513407	5.16307744644302e-05
6.5209053565151e-05	0.00293727727180403	0.0013035963354368	0.958271970800095	0.0112689105834706	0.0131905046628774	0.000147110902382873	0.00714521778216324	0.00567020260820438
0.000150522140087913	0.00648266433858805	0.00811011614453026	0.954681265890498	0.0103167638759393	0.00312142945363815	0.000937991728153338	0.0161870967553597	1.21496732055584e-05
0.00100842619363257	0.00580423269502217	0.00119315799103048	0.958348066770964	0.0223332285233119	0.00699191043669675	0.000785396085686763	0.00344055869302444	9.50226106305266e-05
1.69201980107475e-05	0.000456861936470294	0.00835898906691091	0.953950910914311	0.0119425011411124	0.00424785833066235	0.000654313558249052	0.0203612703721964	1.03744820763634e-05
0.000802838519125192	0.0276993696196939	0.00347592230272778	0.951100476137637	0.0146763583627395	0.000691989915491747	0.000265461280653537	0.000470019260517522	0.000817564601413909
0.002042089156456	0.00011859760798502	0.00450224933686188	0.951778151264978	0.0162508168721167	0.0103289410776006	5.81868049235785e-05	0.014878790261252	4.21776178258343e-05
0.00213978390870414	0.00444548393321239	0.00277313996986744	0.95171649493388	0.0217905997465938	0.00922172695723463	1.28573317541858e-05	0.0045636849627199	0.00333622825603352
4.85405280076814e-05	0.000126059008848066	0.00365131947499967	0.956354213868358	0.0201330968736111	0.0119248476027559	0.00180519656704687	0.00581777634797898	0.000138949728393577
0.00014872853831395	0.000496185785071926	0.00318968217818245	0.938249583987727	0.0247147100619814	0.0299309087788071	2.69666122699841e-05	0.00314739781223524	9.58362454107839e-05
0.00346051883548748	0.00138493479874334	0.003175423785147	0.951820142371473	0.0189466367367308	0.0190245258529137	0.000508737479534005	0.000154615062201874	0.00152446507776846
0.00051221667404599	0.000120243394892752	0.000558159326765723	0.942108145065039	0.0221119937125202	0.0266508839756474	0.00200441506462564	0.00530761491963949	0.000626327866823679
0.00150353400678078	0.0106118223049979	0.00252314686679069	0.9425990326496	0.0293523097155551	0.0106809139622455	0.000862524566149949	0.00141240486596611	0.000454311061914052
0.00232313015697374	0.00638351510023179	0.00236192201970345	0.954721528493748	0.0149914232374504	0.0139673677096993	0.000699651209039933	0.00437875839340235	0.000172703679751018
0.000311707737505139	0.00203712088640695	0.00137829489607565	0.954377532552509	0.0157159273552926	0.0102412169941829	0.00122086340228815	0.0144754572123881	0.000241878963351493
0.000648775417248977	0.000803602276656846	0.00331111404064452	0.9645573708675	0.0093824842636085	0.012556456531139	7.35614553033883e-05	0.00437355014288105	0.00429308500501746
9.80501068312262e-05	0.017374366007241	0.00303896897683096	0.940973839085291	0.0202296731702125	0.014975583233931	0.000118754088838997	0.00047815270174228	0.00271261262908123
5.09564534891093e-05	0.00121022629389947	0.00268539385440187	0.954209800342004	0.0106813725773821	0.0229391532734865	0.000427737666350792	0.000427771444025437	0.00736758809496117
6.97483717094623e-05	0.00251859655150358	0.00264068317411133	0.965622991108186	0.0128328986229315	0.0125988784929246	0.000546309501913797	0.00273144310694765	0.000438451069772247
2.10398600296904e-05	0.000460458926241063	0.00236369117087348	0.955499890327278	0.0162826461447295	0.020001224252044	0.000164819124179935	0.00515195999430625	5.4270200317708e-05
0.00264529519878135	0.00651728442296832	0.00319487344619918	0.946235048442696	0.0227655921763882	0.0178833119761093	1.12952492531078e-05	0.000581682287469352	0.000165616800135069
6.5767633904846e-05	0.000362383782094332	0.00289974880016165	0.947639073267771	0.0241084152907308	0.0114053951657857	0.000580354287370907	0.01278147789569	0.000157383876491241
0.0050519939053399	0.0354384155952625	0.00448965916749035	0.921257521469873	0.0188973090132284	0.000238591422667543	0.00506638581180254	0.00952531120130457	3.4812413030842e-05
0.00377259555347859	0.000202824000748196	0.00284730096288554	0.963182200224578	0.0109177056993039	0.016951591771319	0.000125347128708039	0.00160902152011577	0.00039141313886351
2.61334244484312e-05	0.00721956919012432	0.00205023762433732	0.946953718778337	0.0291528197421636	0.00772010379803682	0.000420820063082727	0.0058510682445789	0.00060552913489131
0.0107370503357784	0.000618528155789338	0.00250302626832061	0.950222485979217	0.0166648982766785	0.0124650479813659	0.000232829590324078	0.00583620800784025	0.00071992540468631
0.000457556005879051	0.000475617927212005	0.00538889604412261	0.963202339201948	0.0143495163773826	0.00526491188676132	0.00030925369375556	0.0104996359578463	5.22729050926156e-05
0.00146637203933226	0.00177721853025657	0.00339953975511539	0.950072818349508	0.0196375453571249	0.0147799885342296	0.000544726263949077	0.00354332635961128	0.0047784648108729
0.000441563721793719	0.000409936607293412	0.00804062811882437	0.955680281362001	0.0108945747140185	0.00463540181165667	0.000756136727980834	0.0190930676097648	4.8409326666583e-05
0.000286361093747775	0.00151832777851145	0.0016899546831451	0.943597776179174	0.0272178469168367	0.0125529257187142	0.000156125565231951	0.0105216704742994	0.00245901159034001
0.000188625339620929	0.00622301579300122	0.00208505180192724	0.962092162006416	0.0103157656979817	0.00727251956914387	0.000999231407174296	0.00948090241269614	0.00134272597203802
0.0024169889742468	0.00162695802905058	0.00324045049725713	0.93709609860335	0.0334966477439757	0.0120137812276792	0.000215139734796455	0.00361712495897601	0.0062768102306678
0.0129149004420294	0.0124324533408842	0.00361910394021171	0.939677933335808	0.0188458879474716	0.00845142420724428	0.000993395981269729	0.000442241162479485	0.00262265964260189
0.000598505166058216	0.000840536856264124	0.00519024821551482	0.93852154333355	0.0279976174506481	0.0142635657492349	0.000360170478799729	0.0120525487539406	0.0001752639959897
0.00145338686031579	0.00548250611693975	0.00152367901162569	0.959317900411028	0.0131903390047436	0.0101405358711214	0.000691235959947831	0.00790058794289484	0.000299828821383213
0.00615404508871583	0.00463800868359348	0.0257044554445242	0.923569363858182	0.0179174690200838	0.00040388702889926	0.00407518281320429	0.0175052686826939	3.23193801036116e-05
0.00059821832089654	0.00756729420036647	0.00045775651545211	0.956116294853819	0.0147092062835712	0.0113635246729639	0.000731501618566737	0.00650340518777798	0.00195279834658662
0.00843872708805003	0.0159001805657393	0.00873996771068243	0.935533244633752	0.013695259736973	0.00981203261996834	0.00179831485018565	0.00470286700036917	0.00137940579428004
0.000978394227340251	0.0288998878825578	0.00126586063154086	0.927417538594765	0.0144537934859883	0.0148024470662727	0.000813660337374966	0.00425187082414307	0.00711654695001753
0.000897803063446815	0.000204397278528202	0.00313833441448707	0.952482137735603	0.0133524648258452	0.0126175670267886	1.12509074349988e-05	0.0172807615771086	1.52831707569988e-05
0.00025074870396361	0.0104848542175376	0.00308131222782534	0.958623860551363	0.0104429512930261	0.0101141572076895	5.8469530816231e-05	0.00591108637296603	0.00103255989481272
0.00014561206806377	0.000361792991746347	0.00280343164523653	0.954210288799548	0.0248936543236782	0.0101726112989013	8.239102074224e-06	0.00734090770169597	6.34620690555686e-05
0.000404149185229991	0.0109452340734625	0.00497757342083103	0.957877403453228	0.0187071058887136	0.00353137695916167	0.000342069027450194	0.00240600539768885	0.000809082594233577
0.00331032215183061	0.000403963668591381	0.00278758808644471	0.947084071995482	0.0229717964083483	0.0183229671566769	0.00122968553667988	0.00378159442975929	0.000108010566187218
0.000598619967521425	0.0102456251973623	0.00244856034791548	0.953993333254174	0.0176711522751181	0.00919768938606629	0.000746672972518305	0.00346909792335251	0.00162924867597146
4.01671411797067e-05	0.0063509763461974	0.00507902973707489	0.953631896256489	0.0212891315495518	0.0124284709407094	0.000528212468764785	0.00032181242906055	0.000330303130972737
1.93628174256221e-05	0.000721067893253907	0.000763475951968769	0.959286184497689	0.0130729684963649	0.0249036113457242	0.00014772888314923	0.000266729157626375	0.000818870956797696
0.000624982603661323	0.00444948033353095	0.000835343287268133	0.955566735676428	0.0222136558439937	0.0129532562541529	0.000259859598789297	0.000129827630602087	0.00296685877157379
9.90726377875327e-05	0.000374039906324941	0.00323491674121543	0.948560908288405	0.0273281497489174	0.0166785477697203	0.000626867356760369	0.0016030903213343	0.00149440722953436
0.000588568904341191	0.000325268031012324	0.0031536294298758	0.953620480389152	0.0113038366783643	0.018175102840333	5.4446528598675e-05	0.0127189214302102	5.97457681121132e-05
2.57097492434307e-05	0.00448044699560704	0.00143458064509221	0.964785966749499	0.0154437846404465	0.00348080378438261	0.000477545220362545	0.00968877000003308	0.000182392215333406
0.00656530347167169	0.00325768885397242	0.00274294719133709	0.954387581633609	0.0172867615980863	0.011236414196038	5.1258332322837e-06	0.00425861409517423	0.000259563126879329
0.000277340767943505	0.0248267879345107	0.00132183217806942	0.947227569874712	0.0162950403805308	0.0010730267565024	0.000407875984825244	0.00709126520202564	0.0014792609208804
0.00943785060993986	0.0028481293878072	0.00245359650621002	0.941848794889671	0.0165185341298822	0.0204710779357319	0.000664038061344534	0.00452622039760704	0.00123175808180656
2.91508008238517e-05	0.021690757724344	0.000587473642965353	0.95994889996629	0.0162709287199518	0.000471258079803983	3.07123387558591e-06	4.38173621279557e-05	0.000954642469818242
0.00197606662747785	0.0013007553463594	0.000900663082046952	0.940656756883833	0.0282579123907968	0.0219851204549556	0.000452009324836287	0.00440352656355964	6.71893261340799e-05
0.00177727974678664	0.000455849281544453	0.00275792223697179	0.929203176436538	0.0432159708954974	0.013996484128682	0.000526824290247647	0.00784465705608129	0.000221835927650912
1.66788218157668e-05	0.00539112479281324	0.00450514712324928	0.964450860553913	0.0249968750296993	9.65328515395572e-05	5.34935973898678e-06	0.000154480681547199	0.000382950785683269
0.000185260643715883	0.0135536735219672	0.00310329341561078	0.964830034560233	0.0138771438644524	0.00199075157798253	0.00145946037388897	0.000882464381853907	0.000117917660294792
0.00291365088840445	0.000213835574492225	0.00170009615571974	0.950356365544931	0.025471093710044	0.0156852939649855	0.000117145830555943	0.0035051521819545	3.73661489126857e-05
0.000299755524062596	0.000229241269866677	0.00488151457369223	0.951935775389826	0.0203563050965641	0.0206305571880233	0.000239079955110683	0.00016586357077522	0.00126190743207977
6.59850413711036e-05	0.0137950223676921	0.00305990308953569	0.95672658489685	0.0202291665964081	0.000528208872359377	0.00104573427086358	0.00449271939442577	5.66754704940951e-05
0.00536406259243187	0.00503487342324926	0.00247137749430539	0.955719573589985	0.0145552389216503	0.0110083841229852	2.15353505675291e-05	0.00162588781160564	0.0041990666932197
4.64668765196669e-05	0.0185327282246297	0.00140712983621091	0.953827458992167	0.0138662962418605	0.00967671430560241	0.00075495662233026	0.0011907764075116	0.000697472493168079
0.00585758648259613	0.000752634473741738	0.00330236529480996	0.948420834145861	0.0150299850950848	0.021884082500582	0.00188639848656446	0.00141758824261553	0.00144852527814374
6.25267123063768e-05	0.000770714524005355	0.00512869288504317	0.947099108877998	0.0198656373964438	0.018065830914456	0.00141956702841646	0.00731524780674735	0.000272673854583273
0.000343680883417116	0.0169499762689034	0.00527714924847473	0.941130428047842	0.0199887778466201	0.00281620975837001	0.000438460266120511	0.0129535523328723	0.000101765347379656
0.000706150527195224	0.0111724752364105	0.00455668961523708	0.952695588114211	0.0134356223657864	0.00811915560877032	0.000685990587417652	0.00400980562958681	0.00461852231538469
0.000337833845686176	0.000333395298281564	0.00360247639233457	0.955008960440292	0.0123167503165314	0.0274653120861447	0.000739958249831244	0.000103128290075928	9.21850808226226e-05
0.00167141663195766	0.012489973522184	0.00259000254419322	0.952298354109062	0.0142367747730313	0.00922756463417513	0.000625804476109131	0.00624238707056382	0.000617722238723383
3.55624777815276e-05	0.00283032321356923	0.00355346540086173	0.942714951863254	0.0254797074526497	0.0193205447555976	0.00133131021465606	0.00445824076826951	0.000275893853360842
0.000243862362945124	0.00270124833531833	0.0034343816843171	0.957752444518741	0.00564925645555108	0.0254548199822049	0.000658044354254876	0.000462278313437736	0.00364366399322978
4.11039079487671e-05	0.00902015185872944	0.00382861576886898	0.951079650714144	0.0178641810298864	0.00223122733551901	0.000624415557875735	0.0114848663837954	0.00382578744323205
0.00305149161543938	0.00073846411863839	0.00142358189381213	0.956498252261469	0.0177508386083444	0.0133952655099383	0.000363765895550748	0.00669918260941225	7.91574873951071e-05
4.11985565184996e-05	0.0137090506459975	0.0014024690633411	0.955380523928211	0.00836475531829839	0.0189841814540331	0.00169591028714403	0.00014234235208553	0.000279568394370681
0.000220837079754045	0.000600917517013991	0.00227383827057319	0.947309260120624	0.0209871862534972	0.0281880720479985	1.81629582418729e-05	0.000314219697152929	8.75060551438635e-05
0.000116932544148632	0.0174247361763645	0.00197992053672852	0.944338180122064	0.0191728506854451	0.00302742433094889	4.10358522665003e-05	0.00289177036533344	0.0110071493867003
3.08808853327222e-05	0.00700144670791406	0.00556531242909981	0.951431741447438	0.016455088321258	0.00431228995630035	0.000731599097083003	0.014418674037812	5.29671177625321e-05
2.08380986137531e-05	0.0419887365852958	0.00404002644620556	0.921909569510139	0.0217884281980333	0.000620717421097232	0.00342788974352021	0.00424731575929328	0.00195647823780186
0.00405294880089849	0.0136538715947078	0.00174736093441281	0.948160242741579	0.0180931382619841	0.00800687392500252	0.000368618991716169	0.00413455110203069	0.00178239364766838
0.000185321837041546	0.0102251967363105	0.00207621271189741	0.961074560037566	0.0155180158826642	0.00961514372793198	2.68747542259759e-05	0.000723768882668001	0.000554905429694283
0.000921426359544524	0.00422413527010828	0.00141127156462337	0.952840149026619	0.01683189325112	0.0162785040446287	0.00100032919467125	0.00605667038182997	0.000435620906854761
0.000920429219477167	0.0131085180228958	0.00176206635594231	0.938951927875961	0.0193760205045814	0.0199158772564358	0.000558133810154859	0.000353137520982921	0.00505388943356882
0.000120788235706887	0.0414949598346441	0.00299058933695743	0.92427965327202	0.009587892632716	0.000921008995701613	0.00254478975804288	0.0147872579363198	0.00327305999789118
4.94062325190728e-05	0.000582240754087342	0.00374458659706822	0.960783378333325	0.0151926076622674	0.0133669614814417	0.000536724983182279	0.00572276963757375	2.13243185352686e-05
0.00220672212789204	0.000292795542953205	0.00211236314152035	0.946080831413006	0.0218288432083241	0.00113297601536251	0.00168512837977453	0.0220839060631236	0.00257643410804388
1.86246096563617e-05	0.000308994246864438	0.00522188561375781	0.949416514264892	0.0166717623156552	0.0115315735221181	0.000453925840701855	0.0162897833482257	8.69362381288815e-05
0.000388508753834288	0.0233128225479057	0.00148136367145734	0.95851366496074	0.00847206347231229	0.000435407532548183	0.00163295300890471	0.00542909567000239	0.000334120382295575
3.85946863105444e-05	0.000574149866247209	0.00635306548156329	0.964255626625998	0.0123832814657734	0.0063152363625839	0.000255946769699724	0.00831421223252844	0.00150988650929617
4.12091188026835e-05	0.00283175569905711	0.00302124964544155	0.957213887892075	0.012417943903383	0.0133522742998334	0.00150541901434544	0.00392674070307458	0.00568951972398742
0.00779989929042039	0.0102264443180951	0.00423008905703062	0.934158332756876	0.0222612744203116	0.015417883337954	0.00117119465575202	0.00377479694245543	0.000960085221105257
4.23315005614894e-05	0.0135837651759078	0.00302564758873871	0.960967905199827	0.0154612336157894	0.00377839301310169	0.000323551939894273	0.000240747478777397	0.00257642448740244
0.0024792835273293	0.00286905143620903	0.00312254233146974	0.953290967192645	0.0185888525773305	0.0167340637345145	0.000455933745669306	0.001616313800997	0.000842991653835951
0.0145183522590116	0.00341996176734443	0.00367435669018903	0.9470074522493	0.0168653794717362	0.00319331528394253	1.7888066832884e-05	0.0106033394527528	0.000699954758890057
0.000699624343370005	0.00168648494041114	0.00490467140232493	0.955291081174901	0.0150151960194021	0.0198176324540719	0.000723481251961235	0.00066539321532586	0.00119643519823139
0.000761743341259859	0.0109311511616244	0.0041196167177922	0.950338956888087	0.0188898441187434	0.00769835406221323	0.000340768317492019	0.00686994066889085	4.96247238969894e-05
9.67733190182571e-05	0.00908369862189184	0.00252876834404104	0.954469148168715	0.0106779843424537	0.01948172131397	0.000622783480969318	0.00153693798778769	0.00150218442115301
0.000377314838779204	0.0250010466136207	0.00301109677730435	0.941482596749583	0.0113582599667064	0.00266809047339158	0.000581149104876024	0.0100797742901736	0.00544067118556527
1.91043227133118e-05	0.00176341599699403	0.00136757488739061	0.953383998657051	0.0188983741209179	0.0122943287864885	0.000131047246236739	0.0116229490601753	0.000519206922032856
0.00374175485174771	0.00995890821638409	0.000923147852485206	0.945871454629271	0.0213950936157726	0.017138630837765	0.000317329496803964	0.000479828801319129	0.000173851698451525
4.86652401821821e-05	0.0170366444222033	0.00267725521065365	0.941609454794616	0.0199359058972778	0.000478816462349385	0.000277062732664698	0.0134511922285346	0.0044850030115179
0.000120335358584068	0.0282825697373153	0.00511637582316967	0.943237237734825	0.0191702478010443	0.000738380768982226	0.00141148491167876	0.0018689922985598	5.43755658406994e-05
6.80110236438722e-05	0.000224324168080366	0.0060478470777237	0.952948826411504	0.0140365657455394	0.0150426639494918	3.80346967858261e-05	0.0114800258979928	0.000113701029238532
0.00759722256865448	0.0117226061592152	0.00539069130621901	0.953140336809763	0.00878956968819542	0.00372780895844005	0.000549692447286688	0.00887965099811314	0.000202421064113018
1.24092316532955e-05	0.0323933689562048	0.00409698965872044	0.936849236770452	0.0140569703600898	0.00859681510778062	0.00372628457361428	0.000222027055641973	4.58982858432018e-05
0.00106095567734794	0.00449932251755299	0.00350125577916832	0.933496103811015	0.0311208226592858	0.0163036163888043	0.000502298087490794	0.00907136698474702	0.000444258094587611
0.000359045362763706	0.00407116923322484	0.00181069637815064	0.961475657360298	0.016906758938475	0.00861570841584365	3.2410949524783e-05	0.00506797171402676	0.00166058164769284
0.000731320387927062	0.00776991511352971	0.00244287874811826	0.949663018854976	0.0246818654546379	0.00845980384388409	0.000316216640025754	0.000266185845062994	0.00566879511183826
0.00104632961973223	0.0165210001987397	0.00307050493441128	0.950894570485786	0.0137913904205019	0.00987079084698917	0.00092298331253741	0.00258092694380983	0.00130150323749248
0.0014929486221564	0.00192770383790624	0.00213863732373641	0.952556051076748	0.0198434457293234	0.0107841021890667	6.22518175243867e-05	0.0110303191080949	0.000164540295443056
0.000875773642444836	0.0127170935211738	0.00203478195609202	0.949493790206677	0.0207831417342583	0.00721492748651662	0.000475496686476442	0.00133546482425161	0.00506952994210963
0.00190924627435273	0.0235603726594931	0.00264157742605004	0.95385608720391	0.0100372055763053	0.00437891609980359	0.00126905030200213	0.00192908221347226	0.000418462244610931
2.74002545309531e-05	0.0104327145669875	0.00146819105051214	0.948230184305494	0.00752289438214133	0.021158781938305	0.000937343635471216	0.000194343344037253	0.0100281465225211
4.37778389061969e-05	0.00582050874447696	0.00278406369618111	0.951878880743993	0.0227358500930919	0.0129891339284022	0.000787241795296292	0.00112956873578615	0.00183097442386599
0.00330206645590705	0.00153494733585376	0.00480056811531003	0.94952297954248	0.0135158338527444	0.00227084135569865	0.000135405200682776	0.0248872250013192	3.01331400046544e-05
3.20502230768454e-05	0.0004172229308746	0.00438825268359244	0.947855693544768	0.0193909129760369	0.0177887785638908	0.00012739612890096	0.00996601023431421	3.36827145450011e-05
0.00518776172886488	0.00402459742253067	0.000873267669584505	0.951133293982062	0.0142240350666484	0.019726802865484	3.93883796657469e-05	0.00262150507742422	0.0021693478077357
0.00525316758830399	0.0131788291965643	0.00243774996690845	0.941209173047579	0.0152091931026084	0.0195406389607916	0.00142397040897963	0.00152233388417618	0.000224943844088888
0.00138977453415146	0.0203678440200091	0.00334257126700998	0.93627128241356	0.0240489346712227	0.00958937229324795	0.000504985096302989	0.00395520489238716	0.000530030812108397
0.00755265720303243	0.00778850824334423	0.00755557935178407	0.934615284148928	0.0239972948362361	0.00363700311430768	0.000759692346150262	0.00931922285765722	0.00477475789855972
0.0040365107646921	0.000784191757687014	0.00252970523666809	0.954114675016523	0.0138782651523425	0.0232544148388264	0.000141117924490693	0.00116201619912079	9.91031096493679e-05
0.00222903069155354	0.00409612412160715	0.00352985876144401	0.946947862803506	0.0238402011624004	0.00697188392853628	0.000130473579545161	0.00789793285047192	0.00435663210093533
5.03337695959864e-05	0.00583317132587564	0.00281682638046808	0.933379301733916	0.027670334015406	0.0210825016947168	0.000577860683412744	0.00708525622664909	0.0015044141699594
0.000164792891350297	0.0145315290775885	0.00155493201857209	0.950131188641548	0.01018233793181	0.0225965724329606	0.000166499741036398	0.000480746822214841	0.000191400442918922
0.00132776431470138	0.0232016276095832	0.000990897079854575	0.949060145810576	0.0174185229705166	0.000680539534019797	0.00056113553551101	0.000501312421631418	0.00625805472360651
0.000206451852723356	0.0188247337934363	0.00292471599282333	0.944491567690621	0.020065257962154	0.0110034494688967	0.00117377458123144	0.000883074970288741	0.00042697368782473
0.000122683628100107	0.000738598335896385	0.00420958356531232	0.941886180136985	0.0266258685487582	0.0199699148129293	0.000215212737409474	0.001503185120755	0.00472877311385421
0.000211796600451278	0.0128552670666942	0.00186053980245306	0.959939564933201	0.0119017279031459	0.0118390445038975	0.000521305416042507	0.000350699197296102	0.000520054576818184
0.000106164644059654	0.0159545620111412	0.00138888542463824	0.949095587550726	0.0243583023711305	0.00292003099785043	2.61431187196885e-05	0.000885822297456401	0.00526450158427823
0.000399998145010724	0.000174915934745176	0.00666890734422541	0.949024398769652	0.020190412601356	0.00993303274226364	0.000847669165440935	0.0122109675057645	0.000549697791540988
2.5616218536295e-05	0.024627392913399	0.00269240116762564	0.947392294008202	0.0123306879741634	0.00134316981262549	0.000551427390791525	0.00833362550927411	0.00270338500538226
8.38373431269663e-05	0.0081621687798768	0.00420852313221002	0.95221891964284	0.0156003542693504	0.01671183183132	0.000441959603134332	0.00204425018902024	0.000528155209120929
5.12517422105462e-05	0.0266513466798668	0.0033515455999974	0.937923479059231	0.0208354503277754	0.0072562244197546	0.00112734756741516	0.00219289900403882	0.00061045559971032
0.00762661885482139	0.000283577589210627	0.0034017238775797	0.944286924834545	0.0219468973474581	0.0216770484404417	0.000280435283035416	0.000253555321781815	0.000243218451126422
0.00101247876773307	0.00112376144094074	0.00383235724316847	0.945083831247283	0.0205548761390264	0.0192203108582719	0.000446404019062348	0.00863196853069561	9.40117538180378e-05
4.66056061259086e-05	0.000258381896382669	0.00545067179702491	0.957999294920414	0.0139809422867956	0.0122549926360756	0.00033768821933056	0.00823309007418999	0.0014383325636607
5.10335655324078e-05	0.0039184535501983	0.00370107969149502	0.961107845291511	0.0133933098784881	0.013758889973742	6.06931093642506e-05	0.000394179891837002	0.0036145150478322
