Bcells	CentralVeinEndothelialcells	Cholangiocytes	Hepatocytes	Kupffercells	LSECs	Mesothelialcells	PortalVeinEndothelialcells	Tcells
0.00011766899853687	0.000368225840106612	0.000100147335054189	0.962273157856062	0.0106391280888346	0.0249336790748109	0.000651329192441731	0.000274037843970444	0.000642625770183174
0.00303953911053536	0.000431845757267668	0.0322689945668048	0.905721582454086	0.0117938544377967	0.00215027818513442	0.00227511359048601	0.0406995767314229	0.00161921516646652
7.63096446568348e-05	0.000557834738947874	2.77835498404333e-05	0.958819076816863	0.0217449981359881	0.0125301946170469	3.69592546072746e-05	0.00548395449028973	0.00072288875175998
0.00506475279804504	0.000125909411702884	1.73569294838113e-05	0.94833756741007	0.0218895359267246	0.0244492601106237	1.45659337030013e-06	8.46094365976822e-05	2.955138338212e-05
1.44396964780792e-05	0.00448130223845639	0.00095382843307734	0.960082227278136	0.0170075555112044	0.0132213068507246	0.000127167511642707	0.00381987073410728	0.00029230174617273
0.000254193892103852	0.00555029147065917	0.000880794217026394	0.949582871071018	0.0183197298407741	0.0143705270664603	0.000111200265582535	0.00834751505150629	0.00258287712486906
0.000198520862182421	0.0173282634452992	0.00100275926348792	0.953767435996715	0.0159034824810386	0.0102869936942006	0.00102855557727363	0.000322143655657485	0.000161845024145098
0.000213686959689688	0.00897609394100809	0.000168805334048502	0.960981007714538	0.00883476343880117	0.0157373360993917	0.000977497878448662	0.00326062252500808	0.000850186109066301
0.000385718213055605	0.0067522968938946	0.000962141246646237	0.963284060128918	0.0182263826262357	0.00825572351301561	0.00027322896311506	0.000203101461151921	0.00165734695396712
6.94817586355172e-05	0.000203640845777316	0.00174813220283808	0.954914914394661	0.0229794427670824	0.0140276944259085	4.90293907944925e-05	0.00598441061871514	2.32535955876039e-05
0.00025163089912604	0.0081255898353803	0.000278682972000526	0.943032868107481	0.02343382075495	0.0200329171781076	0.000356798161068951	0.000960628111040881	0.0035270639808449
5.32801610363058e-05	0.00478210649941629	0.000542998431255126	0.957269936072984	0.0175716592168904	0.0140497690482746	0.000290776810090821	0.00465764745207994	0.000781826307972741
4.54916008844822e-05	0.0080556690455132	0.000446682231420685	0.959883392560651	0.0131092825163981	0.0159196489614721	0.000428415222325897	0.00203486740253446	7.65504588001864e-05
7.60908305650573e-05	0.000606753684334716	0.000530281356146767	0.973948139383639	0.0133608020528989	0.00703648817680012	0.000270149097158865	0.00410226635569265	6.90290627638883e-05
0.00129394942461331	0.00654704428794995	0.000702707577250658	0.955978823883341	0.009544628582685	0.0218939942135504	0.000813581409188751	0.000225359387003478	0.00299991123441733
0.00321696144471188	0.00285611551204896	0.000146892451130455	0.961187476832206	0.0150192978343944	0.0151112902475735	1.91777269756764e-05	0.000153433977800392	0.00228935397315905
0.00026492093361322	0.00111511505836396	7.80326280976892e-05	0.952589889282331	0.0169192383893978	0.028163029177514	0.000287561890766498	0.000511686124246722	7.05265156684835e-05
0.000283314936524553	0.0332237069803781	0.000538348983838468	0.938673536931582	0.0193966533299415	0.00072937599832562	0.00319812137339165	0.0030443839284407	0.000912557537577967
0.0131171173165686	0.0237181585421025	0.00540699560790705	0.840879673833243	0.0361437438222214	7.65761370877331e-05	0.0347190422871696	0.0354606028046466	0.0104780896490532
0.00674146139126263	0.000173315069962963	0.000425233050523755	0.955809638297265	0.0171370834308524	0.015590971197943	0.000188881403954883	0.00391148062737361	2.19355308622306e-05
0.00199267105101382	0.000544223073086721	3.57647417008473e-05	0.955756038079614	0.0167125836262376	0.0228882469279616	2.20424549704725e-05	0.00164041419639054	0.000408015849024322
0.000264316636650348	0.00227490044832218	0.000727588426735956	0.964011094122752	0.023480479796309	0.00370024827704541	0.000315326269306702	0.00520585662283822	2.01894000402507e-05
3.23039229113409e-05	0.0443615312658681	2.86649518189564e-05	0.941051458532832	0.00936064225603079	0.000167458350024674	0.00173723151554382	0.000497027401571048	0.0027636818033996
0.00151262254684119	0.0156347375649887	0.000314488365137302	0.953918706702771	0.0210770306540947	0.00478218883531015	0.00140061469584474	0.00115688356115718	0.000202727073854711
0.00600915217175778	0.000828422494242862	8.98788845680804e-06	0.944901390214282	0.0219526535928654	0.0248979058869276	0.000596860225366015	0.00010826005237734	0.000696367473724452
0.000105986017235528	0.00684437203344039	0.000261537059812966	0.951984462612951	0.0242571843082791	0.0131272383327299	0.000418900083015008	0.00105393760266161	0.00194638194987439
0.00298445270580459	0.0153207939114387	0.000325788709969355	0.956817321196691	0.0113798578882999	0.00846806264431505	0.00014964712850988	0.00324080199770897	0.0013132738172628
0.000150970374039021	0.000180366925712807	0.0013518536928131	0.958232378796857	0.0176434044411005	0.0209507173380998	3.17547137214851e-05	0.000406533673150454	0.00105202004450571
0.00870161773323928	0.0049385032635033	6.52121578117798e-05	0.950946734239427	0.0129885261338632	0.021197904654919	0.000231847468941532	0.000357006931583767	0.000572647416711479
0.0256619308625586	0.00973478067135865	0.00507640872046496	0.906885091276965	0.0182598137415606	0.000522060587520099	0.0160842376445784	0.0171325746742846	0.000643101820708885
5.95023437659092e-05	0.00955567500008351	0.000636877043317397	0.953959000725681	0.0239280859905392	0.00116927790240725	0.0010747207380123	0.00909022624382517	0.000526634012368046
0.000662692275034369	0.000716975551359823	0.000366943150829992	0.959333977937154	0.0199576637408747	0.010374845221404	0.000283316859998941	0.00738813373771719	0.000915451525626997
0.000327581712346345	0.000640765566376242	0.000990605773004278	0.966615711020825	0.0110382318902912	0.0128298533776441	0.000119289863738372	0.00680535363914235	0.000632607156631852
3.99857205819455e-05	0.00168545657013269	0.000245548908235913	0.95724944798334	0.00501505595860714	0.0298099772258406	0.00063693045018769	0.00400469232934008	0.00131290485373427
0.00514012806115403	0.000170254838873775	0.00149883676944957	0.954153078891504	0.0194844151261627	0.0183322547425611	0.000185693620007097	0.000329006372455107	0.000706331577833026
5.1940623802962e-05	0.0137884839163115	0.00178748345185135	0.966368287733837	0.014577591643832	0.0009012838857555	0.0001489361438157	0.000539106736939713	0.00183688586385418
4.39212101206842e-05	0.0109568284650847	0.00119511087439771	0.958703922324915	0.0111584680377271	0.0161968146921859	0.000414476731752624	0.00116800961057746	0.000162448053239124
5.18064972933558e-05	0.00239001915547098	0.000871389345164623	0.96461884961859	0.0181747210020142	0.00879877761685335	0.000447941566699716	0.0045115773230086	0.000134917874905018
4.21311242560944e-05	0.000283562956469492	0.00476448992839554	0.95748181511673	0.00959470187627911	0.00554982729828429	0.00229260342960496	0.0198438501651116	0.000147018104869473
0.000787115962277251	0.0031894929293003	0.000323750953905835	0.96264371405966	0.0266459771676679	0.00578998744724382	0.000274934050296121	0.000288014465379441	5.70129642697652e-05
0.00064397769563314	0.0107716832332092	0.000364315224697292	0.954637154197864	0.0190874276281323	0.0118385996098003	0.00117693741693747	0.00144425680527137	3.56481884545871e-05
8.08699056540637e-05	0.00246433580144614	0.000271136249341491	0.955207222444069	0.0273264813765886	0.00827966081954734	0.000112877938635703	0.00433505296351682	0.00192236250120033
1.30954794561712e-05	0.00047610124507377	9.60832519681159e-05	0.960751714564229	0.0143714994177233	0.0191494373621936	0.00072830236338769	0.00438906602817125	2.47002877971673e-05
0.000364141318814848	0.000810487438085535	0.000216524532927525	0.961260221065044	0.0190525070181683	0.00965614131854264	0.000278877567190081	0.00101402112919883	0.00734707861202848
0.00103120475520613	0.00253145251284739	7.03907115010033e-05	0.958323919061092	0.0252662604664685	0.00284236417907953	0.000424937797935828	0.00942908777363789	8.03827422311796e-05
0.00062452688506516	0.000324435680694386	0.000749012127638231	0.969267692836845	0.0102609679622688	0.0175827759187931	0.00037589322967398	0.000260364441958714	0.000554330917062539
0.000236765921704954	0.00538842400290578	0.000804837732883003	0.969282100163846	0.0119921730381262	0.010715821529778	0.00121613136461733	0.000344949322966913	1.8796923172082e-05
0.000894989277608333	0.00292228098685984	0.000793877886150958	0.96939523938247	0.0167937687496017	0.00641352790339512	0.000273069824354227	0.00248696184647907	2.62841430811448e-05
0.00120371427131517	0.000290630024262685	0.0099273961715223	0.959781086947984	0.013113509776993	0.00597711371542791	0.000667278121233853	0.00894203597219036	9.72349990712711e-05
7.32213640518511e-05	0.0285993028505907	0.000546684550536941	0.933341207398826	0.0234212910771619	0.00850460821688344	0.000472153764650612	0.00420922813268412	0.000832302644614672
0.000151025813588736	0.000345418769725955	0.00119597796485196	0.958804110333837	0.0156687841683118	0.0202525533666863	0.000524418205420517	0.000409994122308642	0.00264771725526933
3.26238303731919e-05	0.000198854116349401	0.00119342362758719	0.946370603014564	0.0220306669822689	0.0132845618724826	0.00132643805522292	0.00131633161213621	0.014246496889016
0.0046421663640108	0.000363603854079136	0.000679432608248176	0.969027461443425	0.00875693026384351	0.0158840365984386	0.000161436861481988	0.000375469510783389	0.000109462495689259
0.00204018675418463	0.00120543783860632	0.000667167370094769	0.951615895070324	0.0217210903010804	0.0190612332853043	0.000104878484905377	0.00161718459559189	0.00196692629990825
3.15697493230245e-05	0.00358301630539219	3.39068639638091e-05	0.96461957708203	0.0145549648827022	0.0150450780681231	1.23282848418007e-05	0.000776582820451796	0.0013429759431717
4.99861338736005e-05	0.000433025991983429	0.00189726290622972	0.955205701446734	0.0210248058156771	0.00827512363588827	0.000575578056406374	0.0125245604610504	1.39555521571072e-05
0.00322470798904938	0.0104026419755644	0.000679561465584048	0.944192239589521	0.0299632444976698	0.00451561693582884	0.000998759679765516	0.000227046372323009	0.00579618149469383
0.000274100997226991	0.0109273893570387	0.00133871662507171	0.956701518484707	0.0115101283857269	0.0122698043456819	0.000229277844665752	0.00670322949912369	4.58344607571095e-05
4.29224729236004e-05	0.000385009722249434	0.00367707725277291	0.962682512123055	0.0111582202837843	0.0126332317469876	2.93986470276568e-05	0.00937330608455347	1.83216666459159e-05
0.000212348688402403	0.0226465542241874	0.000955996473550782	0.950847550621252	0.0080583907287249	0.00655192909207272	0.00109987675125641	0.000528372809792897	0.00909898061076014
2.20335810882882e-05	0.00179893666141628	0.0014582118826186	0.965165433722938	0.0171488534068977	0.00885319890071355	0.000527682282910794	0.00373062589843581	0.00129502366298144
0.00767715591446803	0.00427051324045483	2.05483135675197e-05	0.94790470397295	0.0151381393974047	0.0215031941031935	0.000157220198031781	0.00126437337936628	0.00206415148056379
0.00216495682009225	0.000281842099154494	0.00430162959418384	0.952880793924108	0.00748548085871216	0.0131426306859379	0.00203845134546145	0.0164758026503962	0.00122841202195375
0.00511496062760674	0.0057787219188392	8.08489216432048e-05	0.957096035211606	0.0211298622698988	0.00823751963150912	3.6703515520055e-05	0.00231069171532408	0.000214656188053083
0.000905126090266312	0.00137252726791245	9.67310470422936e-05	0.967950107143433	0.00930115495154705	0.0139990290222196	0.000414945088926522	0.00221680903486637	0.00374357035378617
0.000626990104544622	0.00267153388263192	3.8539000923263e-05	0.950048932613298	0.0169508804397606	0.0146268477446646	0.00105982738022111	0.00633853792637963	0.00763791090757662
0.000158018437059158	0.000107443869283407	7.67348004591757e-05	0.961417134213278	0.0203708188106984	0.0145612516054374	8.82302531037663e-05	0.00250205465307523	0.000718313357606026
2.36594704832896e-05	0.00809337589173073	0.0124848420053582	0.95224229963065	0.0153042367089854	0.00329297347322196	0.00166073349137241	0.00681358151053778	8.42978176600451e-05
9.03075873533828e-05	0.000149853890611889	0.00214841434456338	0.959553350356186	0.0122229594927028	0.0156544656220026	2.29088748022251e-05	0.0100950827163229	6.26571154549387e-05
1.14934371990828e-05	0.00140788177926599	0.0059704488042698	0.954479532297642	0.00662446645356025	0.00168343724126367	0.000782989188563908	0.0290330760257493	6.67477248550429e-06
0.000283235296750857	0.00756471215046382	0.0001510213788015	0.964907015908903	0.0117194617894449	0.0144143950247882	0.000708797686308112	0.00020080858735575	5.05521771841468e-05
0.000503061010288238	0.000227311028503801	0.000170503449056489	0.957677247043179	0.0137050757797039	0.0228122421636849	0.000234785613723926	0.00420883960476577	0.00046093430709387
0.00220838103623791	0.000344492927816222	0.00354294453440267	0.958120827184016	0.00735111499541475	0.010204434731845	0.000967689163297925	0.0159860802272639	0.00127403519970585
0.00506715545086836	0.000305030176876865	0.00794232690903726	0.944988837094667	0.0111488709932596	0.00496456455815918	0.00313427400079313	0.0215721912284764	0.000876749587861981
0.0114355170148204	0.00508097042653291	0.000286683237593101	0.95800944626078	0.0146617627377183	0.00939866477874746	0.000226879956720478	0.000815880812723874	8.41947743632952e-05
3.75807541687988e-05	0.0141071696376882	0.00142490980424637	0.945393319468396	0.0314768947523296	0.00215986461486351	0.00106445487442845	0.000840831389411661	0.00349497470446762
0.00143096216541762	0.00510958426548353	1.32941366818202e-05	0.952604439618157	0.0261796542149382	0.0135898278518562	0.000535166679568299	0.000401605017106097	0.000135466050791368
0.000718374851607319	0.00462688370963385	0.00669741475645681	0.937113808127697	0.0118510161810596	0.00106438685094651	0.00341350082954413	0.0345051283010945	9.48639196015494e-06
1.60976729297378e-05	0.000447639157881517	0.00248476427407177	0.947016855972624	0.0287002662228564	0.0205692610499728	0.000628791932811167	0.000106852233986478	2.94714828660404e-05
3.87494180262167e-05	0.00874106565609173	0.00197514765609216	0.957848671688147	0.0163191880739201	0.0121032373545089	0.000515312520034653	0.00238818284080223	7.04447923767381e-05
0.000132342742869207	0.00248867244614211	0.00951118488247019	0.944747345521405	0.0142979223443774	0.000610033141385733	0.00252205582328098	0.0256772707956651	1.31723024037262e-05
0.00156676947213461	0.0122833390635067	0.000421130772372355	0.961324835069134	0.0140604291712797	0.00955005685757197	9.32031906475086e-05	0.00062865108280194	7.15853205514008e-05
0.000680334469168019	0.00813617631814945	0.000497620546535496	0.963260183469885	0.0114915224882962	0.0133477887720259	0.000253477060509044	0.000657858324132394	0.00167503855129861
0.000838898262077348	0.0106095327651007	0.000292671714696259	0.947086689603553	0.0263167335873653	0.0125152232576445	0.00137287051694687	0.000177641692358321	0.000789738600257693
4.42667939197092e-05	0.00662519864830665	6.90363253926866e-05	0.967678805276951	0.0116543602417937	0.0120686797133777	0.000260697019052636	0.000668735699993968	0.000930220281211496
4.68273974780811e-05	0.000246582971360962	0.000753765058449011	0.963025050828107	0.00681315788023215	0.0115154508204819	0.000136621068430589	0.0161514365343453	0.00131110744111458
3.18739358860177e-05	0.000121653890413283	0.000744299068850328	0.944537430057344	0.0241194307900585	0.0218134250911709	4.06458183757588e-05	0.00766583954995527	0.000925401797945613
1.99620124544425e-05	0.0420980590669553	6.99655189311308e-05	0.935224281804099	0.00971192389920208	0.00977163023939208	0.00283838203745929	0.000222626924091939	4.31684974141584e-05
0.00802521189682109	0.00131599292021318	0.00112675393806695	0.960049945783289	0.0122316619821821	0.0114067010994271	0.00035709561184806	0.00315785813362314	0.00232877863452891
0.105419590958303	0.000893348180588597	0.167478894966933	0.568625642936443	0.0309215761477707	5.0271481894833e-05	0.0278765339454788	0.0319910435430108	0.066743097839578
0.000323406460320206	0.00111960629677167	3.53489705593078e-05	0.955455454157519	0.0145417207878214	0.0204976301421323	0.000734129588825774	0.000787080255324074	0.00650562334072651
0.00063783322580565	0.00864797586208636	0.000176551301998498	0.962505100201121	0.0215455705681391	0.00499243188630317	5.90412664371124e-05	0.00134989659239622	8.55990957129602e-05
0.000546490341212109	0.00187059364935738	0.000210211334556415	0.943826372311012	0.0231768730751876	0.0293537144911598	0.000164951695588644	0.000818756085983746	3.20370159420597e-05
0.00283733065960021	0.0102458321149596	4.08781239257385e-05	0.961585927119785	0.016351150737719	0.00816183323755345	0.000538415592643731	0.00014622541510684	9.24069987062278e-05
0.000327204930057674	0.00262726995285441	0.00518122744061583	0.967804372100461	0.0125609119600537	0.00508900183936507	0.000592442134219193	0.00409817800027198	0.00171939164210074
0.000530327501709529	0.00246163964088568	3.60983668176202e-05	0.955095234175691	0.0146994005762613	0.0199257595860562	0.000656040044024484	0.00034334927073297	0.00625215083782123
0.00146586283106552	0.000100858914643478	0.00332300677963243	0.949171302290462	0.020323374417225	0.0180520063347345	0.000342628903314734	0.00616026617002925	0.00106069335889297
0.000868954450047974	0.0150795787430776	0.00125890141418453	0.963177258611398	0.0113185586914996	0.00106722452982373	0.000649677028326358	0.00611673432534621	0.000463112206296333
4.02045975101137e-05	0.00605268580958088	0.000582410151013951	0.953074191099976	0.0220234622146397	0.0152071784222793	0.000782898547705864	0.002087657483281	0.000149311674012587
5.82406429162453e-05	0.000525401468466607	0.000690160250110464	0.957436436101483	0.0253293695908505	0.00408348923709569	0.000521623322176066	0.0112402410617397	0.000115038325161332
0.000705045155004502	0.00192286624829402	0.00141541763287947	0.959813067150567	0.0128830035618616	0.0087956265907229	0.000593919725746526	0.0115904211911251	0.00228063274379936
0.00142668622364802	0.0073477259410403	0.00324718482057296	0.950537462730401	0.0177537773587136	0.00618297007963725	0.000393889730530495	0.0126792098014801	0.000431093313976578
0.0047142548980502	0.00895609055181027	0.00128485924470373	0.953105333363793	0.0138384034934833	0.00490922178428158	0.00132564285972263	0.00940783136536747	0.00245836243878794
0.00283788445725333	0.00179530627400256	0.000164320841565708	0.963474242336414	0.0113141791894896	0.0196918494125754	2.43447158797498e-06	0.00068519459342691	3.45884236842855e-05
6.24859645699474e-05	0.00772578320783428	2.15022508453805e-05	0.942312397648975	0.0289395507943897	0.0169338368914217	0.000271291981744718	0.00139815408090662	0.00233499717931261
0.00287186999369717	0.00167249601795297	1.38300309415953e-05	0.952682817099552	0.0164209123178199	0.020778934960387	0.000496703285251869	0.000917045214033091	0.00414539108036397
0.000122132253638569	0.000144168848816609	0.000557463800259181	0.974429370748546	0.00590580033163109	0.0173654019900778	4.92832746891559e-05	0.000931516423217721	0.000494862329123445
2.73563092466961e-05	0.00139723699640024	0.0010713184650461	0.975074430224048	0.00919415610115719	0.00487887648201876	5.87235368345768e-05	0.00828502885789577	1.28730273532847e-05
0.000323152140005272	0.00623029272100813	9.98939940192056e-05	0.966993085385033	0.0155265884170539	0.00831048200960978	9.4336753346322e-05	0.000403543006857953	0.00201862557306671
0.000351206760490347	0.0162991356991557	0.000662431616672399	0.958530100540345	0.0140821422766467	0.00659759296681769	0.00109720365617486	0.00208138122699647	0.000298805256700386
3.54496197279913e-05	0.0018712263546861	0.000366105556779064	0.957921061330757	0.0193443022157524	0.0181352879454055	0.000399325989388393	0.00012082366244701	0.00180641732505596
0.00139986312539345	0.000198830903574	4.20423479515072e-05	0.96703960454185	0.0125395387561131	0.0127292965555566	0.000154204299298936	0.00308375600194116	0.00281286346832142
0.0177327144311727	0.000428915377939782	0.000593269614397061	0.946578693497502	0.00797746702712561	0.0255817834747546	0.000633867957706891	0.000293544230493054	0.000179744388907665
0.000219402622492848	0.00117424526547975	0.000586366063824839	0.957722098137353	0.014583920732665	0.0238879661619901	0.00100499228497028	0.000370522121125137	0.000450486610098769
2.74990078427642e-05	0.0173463698234025	0.000157213182111349	0.960524358638969	0.0122345136704155	0.00913227675542015	0.000439596780278846	0.000117047809298995	2.11243322605232e-05
0.000309347928289928	0.0107267856088127	6.65873679191118e-05	0.956100005060405	0.0196153332813874	0.0120498973537652	0.000567034400406967	0.000186194502964674	0.000378814496049081
0.0095296950790956	0.0139050933665266	0.00172109270408145	0.958736072079201	0.0116077284109519	0.00355518871665025	0.000160813629402016	0.000743901688064583	4.04143260265129e-05
2.19719730319761e-05	0.000369865673606599	0.000120985177899475	0.945633207004925	0.0339280532451164	0.0170196130860812	0.00016005720099308	0.000225632237490118	0.00252061440085554
0.000386374960461269	0.00965315801486682	0.000433352143445937	0.955222636388145	0.014650928810177	0.00547392920648678	0.00154034570201191	0.0112947414895552	0.00134453328485066
0.000366313597293442	0.000276397065746045	0.000753634983711098	0.952161679543159	0.0218485843963677	0.0214276085793596	6.782798415764e-05	0.00135301548658827	0.00174493836361706
2.96448531321522e-05	0.000558210694468884	0.00159830926144267	0.953465301570269	0.0226335566944761	0.0118336534869074	0.000758063043807614	0.00907351843366988	4.97419618260176e-05
0.000486526995987869	0.00665390254439892	0.00122252723295863	0.950876951235205	0.0190234712351265	0.0187308993997283	0.00269624319820721	0.000274286926805329	3.5191231581817e-05
2.10208110435502e-05	0.00978353925637763	5.46412194920112e-05	0.958729686022995	0.0219119857665274	0.00807961074808638	2.19086883887016e-06	0.0013756753135182	4.16499931216026e-05
1.64444407502996e-05	0.00868209268075098	0.000125206254210325	0.957346165605706	0.0115829666771049	0.00925869849284945	0.000980747895320615	0.00742253447960023	0.00458514347370673
0.00134096575117144	0.00407927071736321	0.00112609252056725	0.958738467442943	0.0181388228626656	0.0106263527494738	0.000317290252539868	0.00556227484642947	7.04628568460374e-05
0.00771373858789494	9.98230125177845e-05	0.00098952792994698	0.942609079735928	0.0298617502461654	0.00783666042842835	2.88342046327005e-06	0.00906919902453675	0.00181733761411872
4.84137332177622e-05	0.000505753232102286	0.000332242413379938	0.94196899379433	0.0263655458072221	0.0250720342919522	0.000823110464837505	0.00365261836589425	0.00123128789706385
3.49445149906165e-05	0.00291463803127797	0.000158399847153363	0.958838345488652	0.0272470889886212	0.00377331572926491	0.000484263416154267	0.00635258228837364	0.000196421695512067
0.000633121980367861	0.0153351977291832	0.00025650712435175	0.956800758785558	0.0147828329323702	0.0100794197317748	0.000964514094696666	0.00111578487742672	3.18627442711623e-05
6.3643742577177e-05	0.00187060923355519	0.000105519074263862	0.961439365859076	0.0123589634899478	0.0153601784295885	7.40200949122863e-06	0.00784647709439832	0.000947841067102187
0.000701059434082733	0.000388484568212913	0.000854590389514742	0.958049664493272	0.0116040843710619	0.0275187945317848	0.000130262899599549	0.000538773050806416	0.000214286261665091
3.59742585254267e-05	0.000149649310201302	0.00482790401286967	0.964694027674098	0.00693420732236282	0.00326406964692754	0.000632115761363291	0.0175426057358103	0.00191944627784112
0.0014247795007352	0.0106251870054552	0.00034257604736016	0.963609997606978	0.0178988765356912	0.00398383108264204	0.000251876866468731	0.000579002666953807	0.00128387268771592
0.00119428929775101	0.000436953802250399	0.000470020172023508	0.955670478751426	0.0175250408225957	0.0226076227804593	9.70179090209421e-06	0.0020050803385284	8.08122440640536e-05
0.00168412135611808	0.00372329868344342	2.37310086406299e-05	0.953148182188773	0.0285950823476854	0.00715718687021179	0.000351362168006041	0.00312998739283431	0.0021870479842868
0.00222339940684363	0.0075783325174203	3.96312810468117e-05	0.950113357816302	0.0182555140002955	0.0150617927662054	0.000419968319752497	0.00288002387674202	0.003427980015392
8.75425338695559e-05	0.0172770938011992	5.66788862273864e-05	0.956959390013607	0.0131497936462791	0.00874565234550184	0.000111378592008655	0.000126546310041213	0.00348592387126607
0.0052636716913971	0.000456973866465553	0.000162526664912686	0.954504655063863	0.0170986518161062	0.0175845230350541	0.000314921324906592	0.000927724309331064	0.00368635222796433
0.000154280002056282	0.000767686362104406	0.00813024866012507	0.955711878180715	0.0124735938978539	0.011955105993113	0.00111164240641864	0.00968809979352205	7.46470409158703e-06
4.39024771344717e-05	0.000419501751196902	0.000404337563075888	0.952289029639604	0.0125843952467004	0.0271365025863713	0.000649867322920285	0.00441435816243593	0.00205810525056083
0.00109719935308989	0.0021887516273892	0.000180228334579128	0.942764157234543	0.0255054722535961	0.0253776619007491	3.05216718823386e-05	0.00283823602710054	1.77715970712546e-05
2.23471613410496e-05	0.00321905957945458	2.94825299386858e-05	0.954165925819943	0.0156314496253827	0.0173060433822311	7.86750798281143e-05	0.00950393418934371	4.30826325367052e-05
0.00130399319011604	0.00234256804738334	0.00743177262483926	0.961067111961983	0.0144657117622565	0.0103029544873959	1.84780408174775e-05	0.00304275517015708	2.46547150518476e-05
0.00109790879549421	0.000347791709516934	0.000938597555222243	0.964190064260867	0.0115323508780498	0.0103518041715773	8.90046100325019e-05	0.0108537793890624	0.000598698630177405
0.00017220594497853	0.000395473555259659	0.000143330470329001	0.95566829842646	0.0263667331202409	0.00898765970359352	1.39040302227033e-05	0.00694556150710805	0.00130683324180773
0.00128579310982398	0.0116097829299221	7.39652957099004e-05	0.943772360690407	0.0156721890261241	0.0256542649976335	0.000770570177105223	0.000285867022530604	0.000875206750743585
9.28817394442625e-05	0.000160301917905064	2.14247797888315e-05	0.9540299235809	0.0241941715690513	0.00232560628289704	0.000483170127639221	0.017923196534433	0.000769323467941776
7.83613572898602e-05	0.000659537840252693	0.000160596620992523	0.937693145943445	0.0326299856346395	0.0240250337214311	0.000251102686069249	0.00148740336368584	0.00301483283219423
0.0151738704615191	0.000597975407963542	0.000287040192035425	0.924803877561955	0.00937378052639614	0.000156850504541662	0.00871341941920982	0.0408423175360658	5.08683903138485e-05
0.00482838739651305	0.00810658900667185	0.000260014399969489	0.956241690709301	0.0155882551147349	0.0118273206153326	0.000353567768969903	0.00197120336480496	0.000822971623702527
0.0114285671484846	0.000154785205082121	0.00087401056880208	0.95846367553278	0.01225072798963	0.0161123791745825	0.000125001845237634	0.000391030929896341	0.000199821605503982
0.000174122606604968	0.00220006026755512	0.000444218873000954	0.965796074292524	0.0118914188425026	0.0170185831603943	0.000353341394549125	0.0019676468252137	0.00015453373765486
0.00026453996691661	0.00749930735464861	4.4070470864265e-05	0.963428673659137	0.0165877901261417	0.0098013113169688	0.000145787720074626	5.71675035931008e-05	0.00217135188165506
0.00490585047682635	0.0125672477165501	7.62398044933519e-05	0.960333470191286	0.0153355495556426	0.00074232317063201	0.000983495682554916	0.00337742034556941	0.00167840305644559
0.000755545221767688	0.000473904941819457	0.00134666896319339	0.961328620849696	0.00794701965070457	0.00498858708677622	0.000118163649875741	0.0229891324578523	5.23571783147272e-05
0.000227173293784964	0.00024806340983539	0.000221175249738615	0.964294337419222	0.0171502990510457	0.00753547021196556	0.000796428777968203	0.00809626557128979	0.00143078701514961
0.00129950232689493	0.00403721530603606	8.9700245206569e-05	0.96193795821799	0.0192953454079999	0.00801023039832485	0.000285593637295249	0.00488715798333408	0.000157296476918156
7.72049947601106e-05	0.00751408689187044	3.53110268787897e-05	0.960073563932617	0.0192103259477306	0.0102875235447203	0.000626875651912807	0.000356021470899205	0.00181908653861031
0.0028790574541772	0.000168301944586158	0.00169873686227524	0.961103103389333	0.0144483508483856	0.00514180181816189	4.85047929697576e-06	0.0144673724818579	8.84247219264633e-05
4.50964728610978e-05	0.028585511077902	3.27320975601441e-05	0.948391310798589	0.00812506147040735	0.0131708460729485	0.000485096200926577	0.000255091732932646	0.00090925407587271
0.00249980994355859	0.0111141457431654	0.000134860357775242	0.963227436678059	0.0126066783293177	0.00920047144311274	7.95784660756174e-05	0.000153773414573261	0.000983245624362566
0.00127058469825964	0.0145718474515709	0.000128882326824301	0.956680031823605	0.0141545163133855	0.0114118007257183	0.000610052515004867	0.000966308984967153	0.000205975160664168
0.00186561221645689	0.000600736577314341	0.00191528098101531	0.962076781017982	0.0118377648731182	0.0212041364570316	0.000269770801726557	0.000174792615853998	5.51244595012843e-05
0.0033439624346679	0.00126031708603294	0.00210078670730959	0.956527135255415	0.0106638846212561	0.00743651472183955	0.000202157834372709	0.0166894949123597	0.00177574642674642
0.00267217063224315	0.00620346497684988	0.000524871180384145	0.953956031981352	0.017065737378474	0.0164266572703681	4.43217272554795e-06	0.000428697736983813	0.00271793667061865
5.05840920614678e-05	0.0179293660934119	0.000358361148387109	0.959105612340712	0.0111230448297631	0.00665575487156086	0.0011083185526256	0.000422883246455141	0.00324607482502299
1.68480191381702e-05	0.0331988394593891	0.000104239816802288	0.937301237204442	0.0184402699974928	0.00819041604661788	0.00221204405362993	0.000516891341006854	1.92140614804691e-05
4.23924464676622e-05	0.00166220019129632	0.000127168252459161	0.968902422378655	0.00887583598892747	0.0196756087828139	0.000163620828994437	0.000503542198935137	4.72089314511558e-05
0.000180895195895363	0.00245513028324549	6.45544795194844e-05	0.964227747990234	0.0196352537037978	0.0126840164337872	0.000459731491952068	0.000255093515589627	3.75769059789368e-05
0.00160333250514401	0.00239634740018416	0.0105135450030614	0.942380049849218	0.0114131888196016	0.00396484244302745	0.00477496190416085	0.0207256435648932	0.0022280885107092
0.000453729950507904	0.00011290751103318	0.00115176038035663	0.960878172799391	0.0145970983053568	0.0219580476609018	3.3687033345118e-05	0.000805219548463782	9.37681064412212e-06
7.11471551334331e-05	0.00698100246805615	0.000243541858485025	0.966056618808913	0.0125622559060633	0.0126817475387926	0.000213520182975523	0.000453982394744858	0.000736183686836244
0.00172984371189309	0.000302873896551664	0.000190350177562057	0.955215977267396	0.0184925717242199	0.016560108091045	0.000196962956327387	0.00498354962303041	0.00232776255197419
0.00150387858089468	0.000462132672148785	0.00197578926934731	0.955615510927362	0.0192243351239964	0.0191403463212044	0.000405975978409137	0.00160614813920123	6.58829874358739e-05
0.000219357491991249	0.011266606491913	0.000350155579349429	0.956650294602712	0.0250403129556996	0.00376140514966059	0.000181664748851714	0.00247697468599918	5.32282938229761e-05
0.00630551422265262	0.00299533125221005	0.0132000022360281	0.936970271517077	0.0225501275963684	0.000349598729068602	0.000990025734173853	0.0161688193729669	0.000470309339454355
1.47031138846245e-05	0.00514580057777011	0.00148666802679203	0.961216282121117	0.0127529617297376	0.00400967189330884	0.000635463173367839	0.01430963350082	0.00042881586320208
0.00906627735018901	0.00540271763596061	2.67604854162147e-05	0.945183867033932	0.0171361553683534	0.0183326062254436	0.000177522012119725	0.000466313325502112	0.00420778056308371
5.52171236000396e-05	0.0190412611631041	0.00077881698829458	0.958861851784777	0.00937903273581545	0.00961183983014929	0.00149596595748982	0.00053506279255206	0.000240951624217773
0.000522195125254518	0.0147641578768498	0.000265768056504998	0.964225438300127	0.00618143751202396	0.0114596947960176	0.000520992802138663	0.00118825654747418	0.00087205898360987
0.000413337687102367	0.000658744365200932	0.000971351541108677	0.953371292401246	0.0113398911750303	0.021109871449549	1.96334254454104e-05	0.000146301695716711	0.0119695762596011
0.00552280142358183	0.000143238348773596	0.00108308382614684	0.942509770086227	0.0230237843002875	0.0172438990080958	0.00191563116415904	0.00801274880578587	0.000545043036941986
0.000299475397200648	0.000209861083974273	0.000482540844515323	0.943250510676073	0.0348495292432339	0.0194505405804452	0.000625040926378657	0.000800019897519139	3.24813506594819e-05
0.000490680547618616	0.00124379172129071	2.91440058971902e-05	0.977524631245926	0.00753547986433054	0.0122198117066461	0.000143455637186613	0.000682129380964118	0.000130875890140134
8.21195709502795e-05	0.000381594773073269	0.000192838514647864	0.957913583327071	0.0141272097714691	0.0234012107507504	6.45176079312973e-06	0.000362074910058215	0.0035329166211869
0.000473750940103968	0.00106494172827243	0.00175630326357989	0.947520490374974	0.0232152720790747	0.0161308794700414	0.000910794204048768	0.00880051426341023	0.000127053676494929
0.00132544486598354	0.00335377021924035	0.0014540874206073	0.945389842253949	0.0171743376325102	0.0155636639853485	0.000268153100569614	0.0010849312647537	0.0143857692570381
4.27386546995074e-05	0.000436334212616119	0.00109328360206369	0.958598694299127	0.0132043154271535	0.00659905373068195	0.000195853300844607	0.0197892634849848	4.04632878286273e-05
0.00230967198207772	0.0147609798719759	0.000815724676276162	0.956572428174447	0.0139931958762436	0.00967156898773986	0.00130706260075559	0.000257994412049469	0.000311373418434866
0.00251582587677368	0.00727817416619759	0.00436696197323102	0.97433078655481	0.00972944807577577	0.000860042746428342	0.000480723367683943	0.000421264483727579	1.67727553720282e-05
0.00610027647885413	0.00026892291197069	3.40136024587196e-05	0.949609948262871	0.0262105329184669	0.015284684397013	7.05345280155843e-05	0.00194949434784977	0.000471592552499531
9.09628223882404e-05	0.000338970286427412	0.0029532010542144	0.947347332053924	0.0287174939526169	0.00234173272172072	0.000441963415457645	0.0177049433710385	6.34003222124945e-05
4.19764622666891e-05	0.000514687573893804	0.00012612251296605	0.96301136945841	0.0150352475747769	0.000641347288908444	6.74816375438526e-06	0.0201200831479935	0.000502417817030042
0.00193030037355526	0.000121014772707168	0.00490192257768669	0.943405562486715	0.0133767732965884	0.00269784346511177	1.69573878984083e-05	0.0255241594536088	0.0080254661861281
5.87774756696918e-05	0.00369207965303754	0.000122237954196359	0.966247319386331	0.0140832375348452	0.0144533175876094	0.00100388687090216	0.000177058260613264	0.000162085276795614
2.20976421647816e-05	0.0020199807807948	0.00199139960335492	0.952466366613033	0.0160925103515245	0.00498766741522163	0.00103212796609645	0.01992567714133	0.00146217248648001
0.00262195845218992	0.0103434191966492	0.0014597897296788	0.959423644197394	0.0156331707430231	0.00806584992722708	0.000110046980645363	0.00132224948960757	0.00101987128358467
0.000343161081657372	9.15235127435157e-05	0.00157328804623146	0.94620272260348	0.0262984682942221	0.013412304877393	0.00282581477768886	0.00518118617899938	0.00407153062758433
4.20308411913048e-05	0.00632479743109415	0.000195925767332943	0.957762232382947	0.0135181305567775	0.0159152731910127	0.000867586272567802	0.000341938157167083	0.00503208539990973
0.00200781912641068	0.000984083407811439	0.00012588619656235	0.962031237360726	0.00955779038752082	0.020884616912006	0.000805511963998199	0.0025248733581226	0.00107818128684199
1.12583977309606e-05	0.000234128118010931	0.00231844483076652	0.96793931657546	0.0112283681602396	0.00122495094478637	6.04319751343255e-05	0.0169717782378774	1.1322759994306e-05
0.0010773816116703	0.0184081982631519	0.000174956130710058	0.957265718412621	0.00784874652543629	0.0120534490219766	0.000259100509299702	0.000328712534923299	0.00258373699021125
0.00190592161345886	0.012810002874063	1.72364574415216e-05	0.949869941427025	0.0132680200265491	0.0201306911284947	0.000636745126553586	0.00124048550033822	0.00012095584607625
0.00143003554427009	0.00107864559275268	0.00106073251334597	0.963496972076602	0.0115271806593675	0.0172412532740211	0.000509953099755343	0.00360205265702561	5.31745828599123e-05
0.00807509825438603	0.0107074559747506	0.000183255822660808	0.952752518270997	0.0113284287732503	0.0141349874579876	0.000346464596266655	0.00244293226181891	2.88585878823524e-05
8.28994767831485e-05	0.000164452346393609	2.76181190263964e-05	0.95204883036602	0.0286976618097614	0.0152778757638764	1.004856732613e-05	0.00362428945196361	6.63240988490659e-05
5.50141189478115e-05	0.00680100120258138	0.000153436748222763	0.97266692967188	0.0120077808226412	0.00630528016007179	5.02337800472426e-06	0.000201304026828451	0.0018042298708212
0.00709945621753866	0.0013235517898788	0.000262511312858327	0.958711532960559	0.0103286552605501	0.0185368415861064	0.000243941086563438	0.00208101167040506	0.00141249811554027
0.000765917254120659	0.000107362488056531	0.00377963093466074	0.964109756933876	0.0106022344378234	0.0153956612907489	0.000465417453539253	0.00440218629994007	0.000371832907234128
0.000369957287253706	0.00062065460413792	0.000793035676104918	0.966964997228454	0.0146052193413835	0.0150023067148612	0.000267629001878858	0.00132589538471229	5.03047612137604e-05
7.88667799676434e-05	0.00765544789927832	0.000184213573057873	0.963605938187036	0.0114820731194981	0.01590774499683	7.31916825488508e-05	0.000527544101408035	0.000484979660375365
4.47895463650912e-05	0.000177938555437299	9.33562081492399e-06	0.958068802868709	0.0152170949498501	0.0229523793931556	0.000374224767278364	0.000137887565878814	0.00301754673251043
0.00819398183667083	0.000102387178542273	0.000330460760258447	0.957814635213907	0.00969181854321438	0.0230652595038745	4.1034772206721e-05	0.000712212354801156	4.82098365251827e-05
9.45929725158049e-05	0.00182969002807618	0.000879279121608974	0.974328519699498	0.013673272493877	0.00668939508893923	0.000164304799948811	0.00197776466800683	0.000363181127529332
0.000151205007103502	0.000633284400148964	0.00276922040137723	0.955672301895106	0.0222356615293044	0.00690601594075129	0.000280442279633465	0.0113093550704167	4.25134761581108e-05
2.65262096570783e-05	9.43337655312037e-05	0.00782787498780374	0.968060025018846	0.00864936356497236	0.00932167045134122	0.00140005680856216	0.00457790742299858	4.2241770287774e-05
0.00219950018012592	0.00214172070461486	0.000992634081102959	0.936535672951958	0.0273793015176935	0.0202618534350525	0.000265832638121901	0.00515902297351186	0.00506446151781902
0.000122741719740645	0.00853985428561382	0.000192910971429193	0.962781656633991	0.0104400927259578	0.0147433016902804	0.000397824370000486	0.00271192706905211	6.96905339347147e-05
0.00119301682321883	0.00013765113821624	5.32922587575771e-05	0.963755749445163	0.00964046040262488	0.0244454929129678	0.000454012152195791	6.41161270279752e-05	0.000256208739828454
2.20046627540062e-05	0.00692387770638982	0.000387452326199366	0.964712322766591	0.0113519421623267	0.00774729989706909	0.000787363343090043	0.00796568401018402	0.000102053125395989
3.57066875994641e-05	0.0013228902828011	0.00301432804056282	0.954933215189335	0.0196439111598044	0.0176879949549752	0.000219009426311288	0.00308890975630699	5.40345023037512e-05
4.29317068249621e-05	0.00540080499724891	0.00176189108181596	0.964135960631832	0.0140966838327081	0.00496914727564971	0.000333663173088224	0.00901163788722171	0.000247279413609766
