Basophils	Bcells	CapsularFibroblasts	cDC1s	cDC2s	CentralVeinEndothelialcells	Cholangiocytes	Fibroblasts	Hepatocytes	HsPCs	ILC1s	Kupffercells	LSECs	LymphaticEndothelialcells	Mesothelialcells	MigcDCs	MonocytesMonocytederivedcells	Neutrophils	NKcells	pDCs	PortalVeinEndothelialcells	Stellatecells	Tcells
6.55020598924709e-06	0.000386044925600975	1.56013127181791e-05	0.0037417988032331	0.00729472890413297	0.000237885028173826	0.0066179912317058	1.4443339065664e-05	0.884382750977601	7.08029150993485e-06	6.5346420310695e-05	0.0146242544227111	0.0352296045469546	1.5445641995314e-05	1.56573600265024e-05	2.64146553423746e-05	0.000498251978831401	2.55189342524733e-05	6.6027570670196e-05	0.000271610706117742	0.000163022055632864	0.0143425118834016	0.0319514588040228
0.000543693087091231	6.71368911328651e-05	0.000113197712426388	7.84526744152074e-05	0.00797786142828433	8.60238407570164e-05	0.0710074687064926	0.019059887668522	0.813385018547793	0.00645039681246491	0.000615873106673547	0.0137091574916916	0.0012011702843413	0.00381808719906398	0.000128446823189754	0.000232887366935177	0.00116081132377694	0.000183281493502567	7.8610533900846e-05	0.00645793719033177	0.0522414666404264	0.00126400981063052	0.000139123366156434
0.00196032943318384	0.000259970631224074	3.98159591783363e-06	9.98203023544053e-05	0.0162218965376011	0.0022258356742215	0.00764015589192146	3.43341526411517e-06	0.897803345684019	7.63299559933509e-05	0.000728533921208334	0.0304141035387667	0.0134740703978958	9.69727075916547e-06	9.38091738445455e-06	8.67848718539454e-05	0.00443976416544551	0.000219904671974466	0.000250338796071249	0.000189576622158633	0.0119207446806684	0.00704135184154762	0.00492064918256465
4.08470477768208e-05	0.0181715207409138	1.91069102486995e-05	0.00586113843494346	0.00455101722073258	0.000346687514770463	0.00745131064272508	7.90415732374219e-06	0.878979990335872	2.30164338730609e-05	0.000151832662629096	0.0337626871415549	0.0429198534348878	6.52981107148468e-06	9.93831908984514e-05	7.59812438218022e-05	0.00122520069401506	0.00012405729507003	0.000181843304148676	0.00174861373931883	0.000139240984824872	0.00374349581968963	0.000368741238889884
6.34050013571234e-05	5.8483052978157e-05	6.20018339689478e-06	0.00285235937054514	0.00073107240317057	0.0033830110104018	0.0133923596392187	7.06286296914754e-06	0.896597646939706	2.49373092510497e-05	0.00806117500023871	0.0291223438761718	0.0216679266486726	9.80922414932391e-06	2.56828594530455e-05	0.000209595337763479	0.000268715929478789	0.00139297059857696	0.000137116704085038	0.00131166674947467	0.00903168614897126	0.0114280727972789	0.000216700352690249
1.90964243921715e-05	0.00311142710595772	1.3342084171993e-05	0.00172027997172074	0.00116216784688562	0.00742379911809145	0.0105254053672553	0.000103111182665144	0.88201996873079	9.80863746067211e-06	0.000513807949966172	0.0273649704620719	0.0214810219242065	0.000590835783360478	0.000119373131668197	0.000253961262683106	0.00777685972945498	0.000343480244748266	0.00205445573746962	0.00220981056328406	0.0171582705191524	0.00835909583080769	0.0056656503917356
0.000412394077896924	0.000373107148057949	0.000262068086337832	0.0120370564918299	0.00019010933696878	0.0317001293953934	0.011281210284452	1.77632131287779e-05	0.884682458652066	1.62576919958472e-05	0.000149768811947894	0.0272291715041671	0.0109881626272292	1.31006389511231e-05	0.000374011956934688	2.90191138829125e-05	3.23123762077895e-05	0.000237241220609612	0.000169155766548756	0.000300492805089521	0.000202158577170456	0.0164930650420121	0.00280978518112109
0.000598465030630553	0.000242255481427454	3.29357084802146e-05	0.0035415602583263	0.00822874345863114	0.00302150145345582	0.00402233054512832	0.000172996743911888	0.888632806461085	7.62300537291365e-05	0.000199639160011071	0.0109705652974039	0.0286905643378815	5.01693581264634e-05	0.00011913992031149	2.90660612047975e-05	5.0191684400103e-05	0.000195684842942527	0.000296141568678704	0.000250071456045414	0.00759113300295482	0.0162456368129188	0.0267421713023146
4.09977611590503e-05	0.000992407417031709	9.20116114797342e-06	0.000174018540778165	0.00965631942233824	0.0122784377279539	0.0162628721767896	5.32884214223156e-05	0.884429146710442	1.35827509211211e-05	0.00085798894834869	0.0269215501056844	0.00868709087705172	9.90448609401992e-06	0.000125423930852822	0.000270244709922849	0.00535582922503622	8.42224870971286e-05	0.000332767218268659	0.00163011041561376	0.000194963457986297	0.00432331336535402	0.0272963186827057
0.00012094862296348	0.000127753367384726	1.00208331060965e-05	0.000286277393225448	0.000486677516384268	0.000158936102586271	0.0176148971444291	4.07002822288093e-06	0.889517706609099	1.43314489970935e-05	0.000301042474087978	0.0357298945821203	0.0168262707905769	1.91512158605302e-05	4.71507868150204e-05	0.00318660413940808	0.00802882877934919	0.00342235608400903	8.04657541470891e-05	0.00228479883023958	0.0126745421331728	0.0089109415336227	0.000146333830191847
3.38169051188147e-05	0.00476428037282701	3.02368727123618e-05	0.00524482989438586	0.00100809667174751	0.00286058665740786	0.00812274151134076	2.14495358954533e-05	0.847021728139632	1.58372524242534e-05	0.000129875107029374	0.0373484834950246	0.0373728051044857	2.60160199632841e-05	2.18779388893245e-05	0.000317978736380542	0.00389478002704252	0.000311008091924478	0.000476462944092401	0.000989551679226796	0.00113963964849507	0.012656739942049	0.0361911774519055
3.71782811912877e-05	0.000180703212038901	1.80864757084198e-05	0.00329800614376498	0.00210270012566288	0.00624884240992006	0.00935616561416511	9.57484133843521e-06	0.891375655818616	8.99222064444691e-06	0.000137055732493757	0.0220795776797678	0.0275598574990512	0.000188297325030497	0.000104894028891052	0.00190498662726757	0.00844728700751705	3.59338151053701e-05	0.000163528012608649	0.000594996499180227	0.00345974916960571	0.0122331093848467	0.0104548220755837
4.826480437344e-05	0.00030041363550122	1.51649928828285e-05	0.00285189303009714	0.00495786624825256	0.00718831056703809	0.00764524495191249	0.000269373027621915	0.897582861471244	5.58058463292844e-06	0.00017315022456313	0.0234897015552105	0.028706468283599	1.45605737713899e-05	0.000200915495806937	0.000896987542938195	0.000108494187401163	5.3989159258447e-05	0.000417814326087439	0.000153334395545604	0.00316381327463882	0.0146604642511454	0.0070953334164776
3.38540384851944e-05	0.000245940670314052	1.61293538640034e-05	0.00332952733094114	0.000133590632579244	0.000407499853700479	0.01396702089108	6.32373873327129e-06	0.91681936911696	2.10854340348668e-05	0.0137073691461388	0.0236701740015195	0.00899906472392523	9.55057092234688e-06	0.00166159540788622	0.00051799708100178	9.59018842836476e-05	0.000213899576805669	0.000217683891469622	0.0016469062721248	0.00743337491692373	0.00652786543499911	0.000318276031306954
0.000410902907331204	0.00619395916756983	2.83255279370788e-05	0.00384781840530995	0.00161636143769875	0.0070290094639816	0.0128463787885568	4.42861806053827e-05	0.881698101958216	0.000141887933887113	0.00123203571301213	0.0122083243648961	0.0332433423358902	0.00124346140258496	1.68030026471566e-05	0.00128694058203009	0.000490902905344251	0.000328277268653488	0.00155973098145904	0.0019224399478654	0.000433744007686336	0.0144384159731162	0.0177385497437211
2.30467699711824e-05	0.00490863076469147	8.91440553475009e-06	0.00669961726367931	0.00194900470307382	0.00786957973648426	0.00397205963185267	9.39022811177768e-06	0.898971001927735	6.8556502185087e-06	0.000551377719983779	0.0259109563954883	0.0209569779939993	3.69664138418727e-05	3.01375981357994e-05	0.000204742896289781	0.000137323243546906	0.000301621816122897	0.000474522707608248	0.0060664419204696	0.000259393096251671	0.00700779727667293	0.0136436398402361
2.07851295760372e-05	0.0070204344682531	6.36218682470131e-06	0.00618001326597793	0.00169859367229572	0.0012047680023231	0.00429623334556187	1.45396484673801e-05	0.885423602895521	3.02489389460401e-05	9.97062990650805e-05	0.0250520291135642	0.0470077063977283	9.70872035285035e-06	0.000123338427902307	8.34431177194993e-05	0.00251288271289008	0.000726327624474312	9.08490876628698e-05	0.0033550560223168	0.000408837220513672	0.00915716380170257	0.00547736990036073
0.000311063559778475	0.000890530413331379	1.84393276166516e-05	0.00143026308217124	0.000477912569512139	0.0452635376928229	0.011867129958294	0.0183175228643572	0.859874974586711	0.00028726629234435	0.000249454709789863	0.0298015751057029	0.000882145594905681	0.00065146757292521	3.66218794158263e-05	0.00058543005345065	0.00380208831789919	0.00223770013532976	0.000201840092019958	0.0033618506959356	0.000433365378287758	0.0148113949326536	0.00420642518474534
0.000519860392883167	3.03893766496014e-05	0.00431823948859295	0.0160050325819743	7.04240297388364e-05	8.16564462560744e-05	0.013038796041907	0.0961285112159231	0.708599108194917	0.00012966895999858	0.0145945082009333	0.0285631123337062	0.000119897805238934	0.0827005544069882	0.00689920194750394	0.00356861736938107	0.00937475857238936	0.00370372287135831	2.84193792141447e-05	0.000125251481927795	0.0113321051351134	2.67391884654716e-05	4.14245789393265e-05
1.93251342855299e-05	0.0293409152226407	5.96458828868556e-06	0.00218484050791831	0.000729505358959086	0.000348569650164937	0.0118214392400758	1.74467023458106e-05	0.88083188013344	2.83087605162021e-05	0.000424829643639543	0.0311290237679635	0.0267078991721262	1.02724560394682e-05	0.00037178390182529	0.000110269847712212	0.00170694727110818	6.85341497891998e-05	0.00023997379066546	0.00202049344212605	0.00586382739209573	0.00508883652151585	0.000929113344758013
1.30596199740336e-05	0.00255189114769867	6.77907896359779e-06	0.000780106433302282	0.0166852436174518	0.00224282115590971	0.00554685463576723	3.48489798780488e-06	0.894893311228791	3.15347540372116e-05	0.00109651203748162	0.0259000301819208	0.0372501871715956	2.97897982653926e-05	0.000345919014882221	9.18203810833897e-05	0.000630335403628512	0.000126613726656007	0.000459918909920723	0.000106997283275251	0.00322757764368206	0.00443048131851763	0.003548730559208
0.00240694684734044	0.00152064303140659	0.000268956329371002	0.00481601661988768	0.000323177184033047	0.00344750285949325	0.0161325742236786	2.68348332832831e-05	0.900580187586859	1.26591884159489e-05	0.000196350685182423	0.038042508204108	0.00692297961912062	1.59223217283929e-05	0.00026736883510367	0.00061216634169245	0.00988147347182291	0.00316067866748157	0.000153214322371657	0.000128899158018198	0.00501253931501648	0.00583103944824616	0.000239360906339012
2.67646025482711e-05	9.5031415593452e-05	1.1465871712622e-05	0.0104797609247957	0.000115382002550912	0.070366873883018	0.00794949452689499	0.0131685806405313	0.869990507200703	2.17675032317883e-05	0.00182955769888022	0.00877765804907253	0.000221597463278445	0.00119968424326246	0.000372085824442512	0.000131736441581924	0.00256395823712465	0.0046400398813379	0.00510489093738988	8.98188880895838e-05	0.000287400719219684	0.00102098134528976	0.00153496169945061
0.000348837422036774	0.000150088877253021	0.000207382248837441	0.000203051053793807	0.0114029918048323	0.0279198699230694	0.0143768101539824	0.00052260682123646	0.889388719513731	4.89068246632718e-05	0.0011532731522253	0.0321762801325287	0.00479544568838539	7.75393303466904e-05	0.000318323248658947	4.51451195016843e-05	0.00223698302131928	0.000936383694445127	0.000372630393180007	0.00285969100011369	0.00048811060549843	0.00951760441510544	0.000453325555254984
0.000108251612927471	0.044312181253565	2.22941251186311e-05	0.00652984477355089	0.00103509076441832	0.0026587606061619	0.00373031781968192	0.000202139361698584	0.85052687120979	0.000174355687255575	0.000565058090223585	0.0383915075888421	0.0332397919164727	1.52289810509695e-05	3.47202542620636e-05	8.42362538528679e-05	0.000642801945107287	0.000209605682074357	0.0014608342091905	0.00159999136600692	0.000206775802893554	0.0112071226612898	0.00304221803456522
5.15334147919272e-05	0.000238832653702325	1.25540214295721e-05	0.00428963859502753	0.000578826626285976	0.00905773858897946	0.0108109135105103	0.000611597346736179	0.881448671034428	0.000100421453634804	0.000324454394837733	0.0282869015773014	0.0218209760336449	2.36752695552278e-05	4.74202115943236e-05	0.00127549790925502	0.0199819406965777	0.000285961446172667	0.00041922561029475	0.000206825219528267	0.000695275816261322	0.0121026536137265	0.0073284649557244
2.83034109181224e-05	0.00355224033155467	9.19651510611561e-06	0.00771408720228276	0.000919504765534107	0.0333833523479135	0.00514188426556679	6.3789856357472e-05	0.880786417033817	0.000297208654749151	0.000254390370370658	0.0149186372287553	0.00441851161354788	1.93987487534424e-05	6.8396879582679e-05	2.52430896235696e-05	0.00020956901492309	0.000169141645900355	0.00039408341741753	0.00238604318534614	0.000438859236420859	0.0129162631497377	0.0318854780358211
7.55946513148983e-05	0.000304297591872953	7.39437564283773e-06	0.00316682888814371	0.00371995806262266	0.000377931586570507	0.0157947261923156	2.9459644130859e-06	0.879739241023074	5.59152305615968e-06	0.000286123306183833	0.0305204858726389	0.0293627439388296	1.64700849822606e-05	4.71629833841539e-05	6.06207202413799e-05	0.000265896933531676	0.000899783656534763	0.000384187487562071	0.00232815319898376	0.000838467378946373	0.00492511113663177	0.0268702834425236
1.63758759356728e-05	0.0282096223748194	2.02345662264136e-05	9.1519862446624e-05	0.00763494585982831	0.00740552295447385	0.00658334059943344	3.23777565342818e-05	0.872607673255365	8.11876017228148e-06	0.000138497748874053	0.0170510633726836	0.0326306919095447	4.97303757746647e-06	0.000867578348036203	7.22138058545032e-05	0.00121193961415844	0.00317747811382055	9.9768141121811e-05	0.00425483775150193	0.00056359174101037	0.00679637271115615	0.0105212618394253
0.00025471220139476	0.000122597468396098	0.0020832951931982	0.00614349566345963	0.00494343860952528	0.000380013280710789	0.0202178021256877	0.0771729944868551	0.832847982745315	9.18030096308546e-05	0.000370333582150741	0.0138141982068297	0.00807382025865104	0.000344779758016157	4.87321302836572e-05	0.011004922783993	0.00449493974913626	0.00914204928391152	9.11212495010992e-05	0.00383217386670745	0.00436289442123177	4.41352649580589e-05	0.000117764660456321
6.7287536409849e-06	0.00035865151545117	2.12409300840111e-05	0.0019363595198515	0.00618951790677809	0.000717965274836521	0.0109158043364161	1.45799289177172e-05	0.869829573866272	0.000301505343619189	7.69441752352315e-05	0.0404124881500861	0.00981003207089446	9.77986703499301e-05	2.71490587708497e-05	0.00313820384019942	0.000648328526203133	2.50778645932386e-05	9.2251035279545e-05	0.000125375705041077	0.00829115902416937	0.0205306403008387	0.0264326242024717
2.41375979464622e-05	0.00146509047907991	1.33125019895907e-05	0.00500138793134806	0.015320511896201	0.00456902780832648	0.0103744284446599	2.01423221317766e-05	0.891114711809144	1.0126050402252e-05	0.000178129403965958	0.0274340102288518	0.0118976685392602	7.40404353253909e-05	0.00012832802181536	9.27765217101728e-05	0.00539607462418292	7.34173455268542e-05	0.000243112500578648	0.000757939145709046	0.00920157551781699	0.00844045334990148	0.00816959752412514
2.03005293423264e-05	0.00145112006646778	3.27507373188054e-05	0.0040858481117849	0.000145435088531111	0.000973615679441125	0.0138492695019438	0.000309528999522405	0.909044750448086	2.04863140276719e-05	0.00655740992930975	0.0128728498928881	0.0208770753006291	1.32672156870372e-05	0.000131396245439615	2.06076859900939e-05	0.00544686704359446	3.40402986494029e-05	0.000318959390235166	0.00109816919943211	0.00923448476571836	0.00441825933678333	0.00904350821917739
4.36639764053265e-05	0.00444501218028672	0.000298134453543598	0.0020968091284289	0.00137301883196396	0.00274871247181931	0.011350715269758	0.000945993555623351	0.884560276450167	6.84844981194254e-06	0.000186455717762214	0.00738749281998029	0.046491281133959	3.73629047847522e-05	3.69350688788256e-05	0.00360131388916219	3.75715100905675e-05	0.00062571477118776	0.000279430561505306	0.00113181459018868	0.00403040828129665	0.00747218917059402	0.0208128448128023
1.38351062627882e-05	0.0168491534641384	1.3128799067927e-05	0.0002922562974649	0.00441740427640544	0.000277473551366974	0.0130105561668403	2.18693428788825e-05	0.880570125224264	2.69679937848089e-05	0.000792621714570653	0.0308827731562985	0.0263578912562759	1.0436984800878e-05	2.0810858703415e-05	0.00936423282182623	4.7463174132504e-05	6.39731935587664e-05	0.000210491034060994	0.0054124444180542	0.00175151185914294	0.00891148820595545	0.000681091100145832
1.63022303772512e-05	0.0001716713797607	2.97348522962218e-05	0.00430874742430709	0.000172421327354162	0.0239011276894973	0.018897073293392	0.000894160094068469	0.904149944215948	1.90911730773805e-05	0.0111133067374621	0.0230782682625406	0.000991251108687487	1.29556519185718e-05	7.57948317631612e-05	4.18424953957805e-05	3.01470371234864e-05	4.51580320410964e-05	0.000696125086617922	0.00577920573390778	0.000432557462569584	0.00494908768522746	0.000194026194666628
6.38633160095273e-05	0.000442092093846262	2.81387236112711e-05	0.00935998280752886	0.000959178687037241	0.0122824841574642	0.0127293534239923	7.38857034541842e-05	0.888578035805806	4.29425974760269e-05	0.000160818595576281	0.0121375267925387	0.0266881135889163	2.77161428485881e-05	0.00024631142526197	0.000704708651450544	0.00433006747549774	0.00178185951873013	0.000113233391368868	0.000122648424372537	0.00106684117519323	0.0103525926936091	0.0177076048084102
2.34467311716057e-05	0.00028656129706137	0.00017759288295263	0.00567737273897316	0.000290673574952154	0.00322375214914996	0.0132074292581125	3.96960409507123e-05	0.903340695452109	3.25780741426129e-05	0.000356717157064635	0.0298017737193471	0.0141600584031863	8.60089858010085e-06	0.000131782211915748	3.02698182439418e-05	0.0034443698727563	3.3620577922089e-05	0.00241392351155732	0.000175428248093318	0.00345960461112084	0.0136168482654615	0.00606720450517538
1.07901186943221e-05	6.44887918237628e-05	0.000268275605982587	0.00297219283540399	0.000228449394225293	0.000481916642559988	0.0198093428656517	0.0173771582480462	0.896970883074139	0.000474691433118289	0.00777642295321213	0.00914515400678424	0.00199216547421411	0.00016955813407668	3.16912047238217e-05	0.00148908329638106	0.0044438998289274	5.00956059630025e-05	0.000324636295980948	0.00124576256973269	0.0339785127647332	0.000415902441305376	0.000278926414320591
0.00114923988540074	0.00247077344169825	0.000104319642838516	0.00396487204643407	0.000246516447001516	0.00734323754261065	0.0111226692631586	1.12033163791991e-05	0.904138033661035	0.000426193829597111	0.000548697527788909	0.0452999600883346	0.00480102713203332	0.000680260512723663	0.000146010445857683	0.00151956621939455	0.0072310597082751	0.000238810978989234	0.00432366849282996	0.000154673342870599	0.000275829146862331	0.00333628023504588	0.000467097092840243
0.000456255708702273	0.00219486543453123	9.22213089612603e-06	0.00628436005844626	0.00611163014598123	0.00257398686849485	0.00511498124504026	5.21587640789686e-05	0.89067609457942	4.79725529964177e-05	0.000193711838264875	0.0276269576318216	0.0238844030019505	8.98225679889199e-06	1.92762578720639e-05	0.000381049707895231	0.00144781992194955	4.96647691603283e-05	0.000121472201869879	0.0022215230426912	0.00409048568095393	0.0257876115700966	0.000645514630087449
0.000734431973994013	0.000218134619920223	6.33005248463935e-06	0.00147792754706852	0.00922089155000193	0.00185725962774403	0.00596629355316318	2.6120371937944e-05	0.876872557413938	1.00207761865623e-05	0.000177806761333201	0.0374450054221235	0.0141967933774951	3.78252876762882e-05	1.57424823261789e-05	0.000125681057921859	0.0113746931722883	0.00584529040140761	0.000281975798628092	0.00061533292918024	0.00585080968456819	0.00925955175104404	0.0183835243875678
3.22802116075088e-05	7.98200191523274e-05	9.3007688978753e-06	0.0074095308745458	0.000357197078037713	0.000633264460673898	0.0102224883394809	7.40387355988927e-06	0.900670307049902	1.00115963635241e-05	0.000165019760122451	0.0178065424900392	0.0353799155691918	1.42783540956913e-05	1.10925314087093e-05	9.14644997247804e-05	0.00875485698192864	4.95705389022365e-05	9.74338030479045e-05	0.000143271266330143	0.00366440659278532	0.0139889170126235	0.000401626327578718
0.00115736431561842	0.000171067635918398	2.91087537929051e-05	0.000317305476325139	0.00710948468580866	0.000371676010374563	0.00996102098155985	6.49255121475032e-06	0.885480016302208	5.11174043541612e-05	0.031148884103583	0.0293853573810749	0.0152455185802383	6.84590905174135e-06	0.000556572120994591	0.00133971161194276	0.000116684432488489	0.000321146539564597	0.00429000060631079	0.00394491167180523	0.000206401780144046	0.00850340207022213	0.000279909075404913
8.4996673640182e-05	0.000976553173373198	2.02254872159118e-05	0.00144601481622003	0.000407922332471925	0.000346380670234126	0.00835743147825684	0.000246815067316525	0.89245110264058	0.000292356411201642	0.00886018066422587	0.0400056625574115	0.00161700914818764	7.82577530742601e-05	2.66390496246272e-05	0.00101082632608243	0.00547164240414328	0.000959096247251064	0.000156294291165768	0.00396773646651742	0.0197553992217246	0.0131847450078826	0.000276712112197954
0.000157752143556453	0.000237501811510441	0.000108505706949252	0.00179336705115075	0.00038640460571284	0.00171009697560975	0.0120788542631855	2.50118367289482e-05	0.895483381590703	2.03304830095342e-05	0.000191080514009051	0.0177805977983476	0.0231048775892495	1.54880043847888e-05	0.00109338736014036	1.67028385850214e-05	0.000512164096123869	7.44405796483836e-05	0.00019381285455532	0.00450766095842386	0.00084455612608823	0.0023581154286428	0.0373059093836847
1.28411721546621e-05	0.000287169165866395	3.26202885655705e-05	0.00084444994375599	0.0015313458015688	0.00545773906002927	0.0136683152272565	1.9930178814551e-05	0.914218890269194	6.24354506647597e-06	0.000183283911610395	0.0161287490710471	0.0185630835656437	1.5888861801241e-05	4.40551084259044e-05	0.000333736670405087	0.00750221585196747	4.97367314346384e-05	0.000488114149524169	0.00391307075336643	0.000369495480922989	0.0157665620923454	0.000562463099232984
2.53118925784676e-05	0.00296644415101627	4.33608893690214e-05	0.000449026118440302	0.00340921076705528	0.00688227605627227	0.017759472887276	0.000214193005865123	0.909768895489987	4.0570638676453e-05	0.000966058023435859	0.0263340464834901	0.00812484105489354	2.57773835964438e-05	0.000153246211999538	0.000505477127363718	0.00364432556742264	0.000186800775376136	0.000592602633311531	0.000336678813147487	0.000434508819171364	0.0112864093335936	0.00585046587666125
0.00181746025622596	0.00330118457051568	3.70882743855183e-05	0.00315346250650947	0.000290847768467011	0.000288102711501838	0.0355070080311933	8.53007581387893e-05	0.896700453511138	2.6981830426565e-05	0.00160280046742174	0.017873343190689	0.0118735865301945	6.04378878900707e-05	0.00254621122186881	0.0025110948061441	0.00131430899994833	0.000691093822850028	0.000415916639993343	0.00204068432769079	0.0116459657784502	0.00567813697974089	0.000538529128615525
0.0015509109991013	0.000708491091427618	0.000125623285967919	0.0055212390178123	0.000417739564810681	0.0617654168085785	0.00892995649816906	8.31605735718825e-05	0.844817284178517	1.28700529425118e-05	0.000152867997181068	0.0318212899836072	0.00699361741206799	6.43947353558243e-05	1.40713473751302e-05	0.000364985628726847	0.00710131968863257	0.00823838128611714	0.00588630288224332	0.000269483357080516	0.00136287527125379	0.0132307237814566	0.000566994558003921
3.22255750132425e-05	0.000323471830198175	1.33758778301404e-05	0.00277435164603862	0.000553342436747721	0.000189805186148919	0.0115433396586663	2.94762951136732e-05	0.891187799955037	0.000200218478793914	0.000807661969543493	0.0233886530873236	0.0303386582115265	1.38720550071934e-05	4.20970808544453e-05	0.00288238900582762	0.000995616645898992	6.00738700211567e-05	0.00449833854647414	0.00639516061922783	0.000316560810997006	0.0119009300256798	0.0115125811320303
5.64017525025393e-05	0.000315330670328282	0.000165857315677843	0.00398818719225227	0.00432209187602246	0.000100348348262762	0.00713122581494418	6.94074855509797e-05	0.854872406315344	3.6399857409617e-06	6.18408211885579e-05	0.0297691677413042	0.0167145970185589	1.8351967297349e-05	0.000111178248945845	0.000128164726737314	0.0105804769699254	0.000219140045694553	0.000103061326490558	0.000651756208295682	0.000440679698619363	0.0188471074673161	0.0513295810029996
6.77709821784723e-06	0.0183219888541788	6.08879803809451e-06	0.00161375240309804	0.000443177095085994	0.00160249928820729	0.00935827951157899	1.42470572230961e-05	0.886148698770343	1.5565483362859e-05	0.000162498815677925	0.0125920200345118	0.0227773695889321	7.37354429751463e-06	1.63044241415744e-05	0.000203494917338863	0.000228055620660601	0.00559605706617199	0.00024910736354428	0.0048407873307361	0.000265738402087907	0.00829253794221904	0.0272375805903466
0.000501746406241036	0.00783877425613477	0.000101734850721954	0.00219759235533423	0.000503571406617637	0.000897813165062469	0.008684056630625	3.49054353591803e-06	0.88414121585641	7.14667864541784e-05	0.00409545931893668	0.0383172601857754	0.0300638398321457	3.38094980362875e-05	3.14724956714042e-05	0.000780117748408264	0.004119623223707	0.00044172130585914	0.000223259512687451	0.000943204309649504	0.00449624411647677	0.00717361655766204	0.00433890963784685
4.06983194182525e-05	0.000182555210177103	8.2918609734007e-06	0.00331627941112161	0.00766729983840869	0.00349117054512133	0.00940517631018729	8.97794641801266e-06	0.895467429836189	1.03464947466714e-05	8.09226113039119e-05	0.0240862120357221	0.0244267732498682	0.00053643053628633	2.38822991833277e-05	2.63203640337567e-05	0.000203984955747657	6.06277690118298e-05	9.28211887501276e-05	0.000266574203225506	0.000598481111964077	0.00714006210360955	0.0228586817985324
7.25860967979905e-05	0.00160767951253395	8.62202485128619e-05	0.00262394852199273	0.00312090291135079	0.00027119762142485	0.013743688718898	7.4342370838751e-05	0.890088881505472	5.66298513390562e-05	0.000158886833904524	0.0388802566338329	0.0104619504226885	1.79819135464459e-05	0.000134191497725386	3.91383972848625e-05	0.00112915181035205	0.000519344150516642	6.60061966166286e-05	0.000347231366408202	0.024105703040913	0.0120871715572575	0.000306908819792304
5.26185322756422e-05	0.0100025120875666	8.27463416264553e-05	0.000702299178747778	0.00554538346825591	0.000587676099030116	0.0109357030369495	1.17748074101438e-05	0.853295478897835	0.000243794331929996	0.00174866815083102	0.0453423780345141	0.0149182239885584	0.000293192166431196	4.47362859696127e-05	0.000100734617145986	0.00611863544062042	0.00114983550366336	0.0255582820139595	0.000136190689438913	0.000288484859769857	0.0218351484523949	0.00100550301507572
1.52039178603795e-05	0.00171111428594699	1.65362353971406e-05	0.00437651042476756	0.00438716061932149	0.0263212708463567	0.014855147917308	0.00069039898583976	0.886206573544863	2.0692664652278e-05	0.00742756056507356	0.0170102676540296	0.0103227188546903	1.41443527178862e-05	6.53838432580357e-06	6.92268006915796e-05	9.16021640536892e-05	0.00933699657712081	0.00165010475853079	0.000236785292845786	0.00387178977320031	0.0109604016908431	0.000401253689563151
0.000106508283770922	0.000212837907210214	5.6941769072043e-06	0.00196428283665805	0.00727893906412075	0.0011181439934961	0.0189676670914012	4.17139417659282e-05	0.909131422806802	1.86523560093157e-05	0.000154510529065844	0.0142214131215289	0.0144095971295295	2.40269053408612e-05	4.7606599682872e-05	0.00144056278368615	0.000129235433372534	0.000971200420418497	0.000121733758812184	0.00144998762662419	0.0216495054688287	0.00628189797949599	0.00025285978547222
2.9286653191818e-05	0.000188451483575016	0.00327861735745304	0.00426353311248189	8.32658950538975e-05	0.0452004613638023	0.0133593680829503	4.0508411853525e-05	0.860296920343398	1.20224113641592e-05	0.0263086622170942	0.0131877648327008	0.00171973962239366	1.29298190496357e-05	1.56184708508334e-05	0.000191195837398267	4.14516422092726e-05	5.12321635318857e-05	0.000352933230080302	0.00111467668992657	0.000256304776335719	0.0116703991561633	0.0183246564271412
1.14183458139198e-05	0.000100225654429953	0.000177837778433561	0.00338861655164034	0.00323161481783228	0.00176260069057661	0.0199870882981078	0.00142781185800667	0.901005100811829	1.6950168324821e-05	0.0010236231018597	0.032825833332674	0.0134473495552502	7.63411583823724e-06	9.43070119734964e-06	0.000150690037685846	6.18489124165512e-05	0.000121493011773939	0.000399439263088419	0.000153056859819518	0.00603802946894779	0.00566169966710478	0.00899060699734838
1.16027783125148e-05	0.0147509889801276	7.08737791496099e-06	0.000894272495189152	0.0101330658512782	0.00462897178367267	0.007417944894294	0.000114576551784348	0.864128749186204	0.000110212489761173	0.000165477441441356	0.0229153385710271	0.0389767060950552	1.67825421537075e-05	4.86132421362094e-05	0.00105272004499522	0.000973848783561272	0.000310904255685059	0.000164537970396828	0.000964810173945561	0.00120039162553947	0.00696079731034187	0.0240515995551829
0.000797509395093755	0.000291873834912828	3.20605827106319e-05	0.00144634365397145	0.000436630559529269	0.000400814610010188	0.021488052450184	0.0117014794619436	0.889072003311813	0.00161783459007389	0.00260171320949785	0.00975036332113534	0.0246585350501787	0.00717987325784935	0.000160729817798517	0.00149985503869708	0.000511711748261989	0.00100249204844326	0.00191037413752388	0.0114791411955376	0.010383618315042	0.000201650592669528	0.00137533981712267
1.5739965542093e-05	0.0189597599647191	1.10584110684371e-05	0.000307464832901211	0.00189386296718037	0.000459933826767956	0.00811895574039945	6.31774336679165e-06	0.892266676617642	1.41759464711735e-05	0.00071417547578621	0.0320304983428096	0.0188567914674472	4.6997875782324e-05	0.000132532140562066	0.00501708559804317	0.00291291458160625	0.00036823739446243	0.000153183040032149	0.0024852389503056	0.00267466001220522	0.00789040278996914	0.00466333631492953
5.73906552930415e-05	0.000755096228625715	2.23245507614853e-05	0.00159237707679906	0.00287417986405859	0.000407454259075723	0.0086146718096077	4.94363095018959e-05	0.870943940620912	1.17051672550068e-05	9.50407627263606e-05	0.0129133094423225	0.0205510010505532	0.000474552082283707	1.29388632612602e-05	0.000814983649489844	0.00095888161637091	5.97675382754332e-05	0.000115071605735018	0.00412903829994258	0.00291133822130067	0.00741041949331715	0.0642250808325315
4.05770504589823e-05	0.00152692650757184	0.000165529520702513	0.00485613784828055	0.000335422868377205	0.00447841063491369	0.00845546733898935	0.00151767706690321	0.879609286220627	8.62330213905746e-06	0.000911567675934945	0.023941207670078	0.0224707863699818	4.17059002121099e-05	1.28093147715073e-05	3.93945829554415e-05	0.00739156628421661	8.39116987602648e-05	0.000284389089637935	0.00247566493396078	0.00608812577072229	0.0128508471992289	0.0224139651505764
0.00034787674671418	0.00100019655995415	1.20120990381858e-05	0.00523576365172099	0.00403392149079358	0.000173254398427321	0.00942226941464301	7.54061430416919e-06	0.902014204450715	3.50432313272404e-06	0.000425157462763661	0.0328613933891781	0.0211120886335563	2.50219060722036e-05	2.02763197762763e-05	4.31465989881959e-05	0.00596188925762139	0.000601315926345193	0.000224425606035731	0.000475243706016543	0.00554643504874638	0.00695725467417791	0.00349580772127861
0.000133713373068531	9.65239262279095e-05	2.61095798478011e-05	0.00921840978375812	0.000386453259596868	0.000459770968071818	0.0386101153282666	0.00502631464412075	0.881420483001419	0.00197440356117337	0.000164384638528254	0.0239574210018716	0.0130744397328875	3.10398290472686e-05	9.96986288975922e-05	0.000190487207192501	0.00011625818827445	0.00122795153663715	7.70138739667307e-05	0.00206373081449969	0.00450415934215519	0.0165446426600943	0.000596475120396771
0.000270021924975922	0.000301553817369769	6.11156521618593e-06	0.000134313425734474	0.000266290792520127	0.000358419208086248	0.0166158985465817	0.00162520926664345	0.904664962307288	4.28040269220989e-05	0.000251189768795148	0.0205551358293884	0.0275974535032917	0.00241220557662938	1.47614320483717e-05	0.00110129760305362	0.00144038025052263	0.000572540150758981	0.000120637456892251	0.00378044568104295	0.0157100055017979	0.00184192781601923	0.000316434548421794
2.20291057910966e-05	6.55253091165599e-05	0.000163835566579301	5.57941291119144e-05	5.87077367803339e-05	0.000184551775670566	0.0264833549993837	0.00396719679443	0.888870506497471	0.000175877807676671	0.000354693643736406	0.00988687317387466	0.000686943391950645	0.00020398263057747	5.92464202138104e-05	0.00309412594478153	0.00146449450031158	0.000162591507099302	0.000274506402007431	5.25349734406958e-05	0.0570077580747581	0.00660830341193742	9.65662032998793e-05
3.69592374629884e-05	0.00309349237826286	2.75794894036401e-05	0.00312742984659157	0.00469771346520516	0.00396671830396608	0.0125600313865574	0.000430266529302528	0.908156538113318	1.08691514319889e-05	0.000507325607209354	0.0153422439303643	0.026256738111964	0.000325168501684442	0.000469609572750587	0.000681952651889994	0.00288680091502706	0.000450918433621012	0.000406948772386781	0.000109326590111693	0.00083883781669727	0.0122103778056387	0.00340615338915239
0.000109970504113091	0.00357918237480843	1.23104866295716e-05	0.00111668305571757	0.000388865230970214	0.000378984459540496	0.00875230565901126	7.01245451216692e-05	0.89283293225052	8.33179092074283e-06	0.0018794493616753	0.0217033263605626	0.0311691584775628	2.91159543636106e-05	1.17453949905907e-05	0.000470466631553481	0.00356825692537893	0.000148504051469113	0.00661403729148635	0.000451842002100494	0.015061570928269	0.00941263437647506	0.00223020188675994
0.00022129770614424	9.36377413526629e-05	0.000451531156789005	0.00521235346714534	0.000791002394499618	0.000456381911940935	0.0199847052571183	0.00716834402394565	0.898150739115779	1.09498468641625e-05	0.00814982254362655	0.00831698764101932	0.0100308146692983	3.81099588961723e-05	0.000683713761592634	1.19336329033142e-05	0.00171232141466533	0.000578314807491955	0.00547879582784179	3.91437312135289e-05	0.0310476392473943	0.00118278719724783	0.000188672945230593
2.71096271063751e-05	0.000388608313715136	0.000748015865437546	0.00507509921075967	0.0013257591305568	0.000299608020529537	0.0260385282132001	0.0145571343490227	0.878635715570498	0.00194806408117848	0.00131056696820588	0.0149142211597946	0.00759702465809161	0.00347819304129481	0.000562299953082468	0.0033132923022993	4.28435171839021e-05	0.000239059665869624	0.001303835808844	0.00875180307801218	0.0288361611234998	7.29318335806246e-05	0.000534124508237603
1.65064135489313e-05	0.0706597520171888	4.58595213048193e-05	0.00457827202904212	0.000224152608839516	0.00786767892709454	0.0107866164370948	4.76169939943053e-06	0.858078653964471	4.10921719497636e-06	8.6700622676626e-05	0.0279508761791571	0.0105852407474857	4.1791783981673e-05	5.20397723597806e-05	8.57237970290832e-05	0.000416034744657018	5.51703730590761e-05	0.000100893458105697	0.000288724411297162	0.000920896246754621	0.00682070075312007	0.00032884427513686
0.000257210134381886	0.000113132961193544	1.47770923627659e-05	0.00449125790102455	0.00015407749963054	0.00692083527742719	0.00909582416550619	0.000690165173279885	0.8706498660403	2.7957954021386e-05	0.00948867852021846	0.0412609018043781	0.00657102144348871	0.00175148614290144	1.03704749298714e-05	0.000528076936645567	0.0118151555417205	0.0103602651723986	0.000473380962482887	3.83111534549104e-05	0.000405874955567262	0.0230667313277041	0.0018146413649817
7.41828683155218e-05	0.00601945498446666	3.2080260872709e-05	0.00298334209272542	0.00296256880208624	0.00661789116374146	0.00709998827700782	0.00105310740278068	0.885292970327882	4.88347323032363e-05	0.0025448819895243	0.0395916284057048	0.0222467312258881	3.15030201411167e-05	6.27467073698949e-05	0.00108246577163136	0.00979090884829843	0.000199728385134426	0.000606337194783079	0.000383209718077523	0.00026546289183107	0.00995053167229791	0.00105944325713602
1.09263694057199e-05	0.000262601729878109	0.000369947910788017	0.00168979536424884	8.92051510771817e-05	0.000271626529749742	0.0274014229345014	0.0140753951061302	0.854467372342692	9.23064429550811e-05	4.05565002636314e-05	0.0196736777914972	0.00102897702888604	0.00114437740763169	0.000139399989143001	0.00402103532126248	0.000503642936075365	0.000288156980575267	2.38623362526338e-05	0.000973714079342098	0.0596803998058318	0.0137015397798205	5.00601619924806e-05
3.77999190425299e-05	8.51348129531928e-05	3.25909783665945e-05	0.00127396441147858	0.000182041860878418	0.00127283431232264	0.0154225470697355	6.67347450390093e-06	0.879034646738928	0.000349185444182013	0.00166436559949352	0.0522516103205782	0.0316679233717847	1.95966839767391e-05	0.00385780056072432	0.000148184195069157	0.00497813685482996	8.84969092754775e-05	0.000145423487413621	0.000151709394172095	0.000328403283730749	0.00659392171686698	0.000407008599692936
1.82551958090505e-05	0.0002089407043233	0.000204213415733905	0.00188583149216298	0.000475595524238262	0.00363452295049587	0.0139691451028845	0.00147347480446864	0.897469126503604	7.85122860249106e-05	0.00454720743991652	0.0262308296062529	0.0256144975937972	9.65634355999974e-05	0.000153098900670157	0.000204159660487068	0.000396071551030572	0.000136057391951	0.000221804456007938	0.00858226611554348	0.00369796951452296	0.00969542569367482	0.00100643066079975
0.000135541301290498	0.000244642826371258	0.000585716201230215	0.00232215163552718	5.20768437399959e-05	0.000504581310747131	0.0351253017339192	0.010726734167021	0.866876912533393	2.81088630788876e-05	0.000186945347570973	0.0213851492108879	0.00063593055996035	0.000130095502335889	0.000995127482123617	0.000184861122293044	0.00402650493811604	0.00786209569656099	3.32818179563897e-05	1.88372420204261e-05	0.047342380982811	0.000526253136684781	7.07695443602134e-05
0.000161031055919357	0.00729687096262576	1.62391704685464e-05	0.00407001559260386	9.25896770301173e-05	0.0288093668025139	0.0118770501608629	1.67979446946515e-05	0.899783150366521	9.21969558625118e-05	0.000306506294096429	0.027778036085389	0.00577255135329443	0.000409215679559646	0.000225306333475534	0.00103445766347852	0.00059248709303747	0.000182577291291576	0.000740384633139365	0.000221176159393961	0.00197080182062441	0.00692912765472205	0.00162206324939501
5.37632942457975e-06	0.00450492814190515	2.7195111781564e-06	0.0100352953164476	9.19925272513493e-05	0.0249272415444449	0.00978964559612576	2.50089617523884e-05	0.885676088921326	9.52589276315723e-05	0.000176580316923247	0.0176304514003545	0.00965286994415662	2.43059355308523e-05	5.72731230266525e-06	2.8715817115059e-05	0.000187422544175949	1.85533865489664e-05	0.000179591060301499	0.000444141020305583	0.000251440935773474	0.011487103527099	0.0247595410219256
7.60113405065638e-05	0.0102947117747169	1.71382842350526e-05	0.000837039984724473	0.00550863162624739	0.015359775675538	0.0123358544187479	0.00137410047393885	0.865885046982991	5.646219894441e-05	0.000541563671037031	0.0430521193927297	0.0182981334315389	8.87713001810652e-05	0.000432041074025743	0.000599571821218262	0.00317396595604391	0.000555380564881886	0.00725624594801193	0.00107593240542267	0.000231325818740858	0.0114549340004946	0.00149524185508293
5.71165389063893e-05	0.000500794467252657	1.58623540629158e-05	0.00980824343811659	0.00168872386174287	0.0108401818145534	0.00614062780469322	2.17513545047438e-05	0.911742869965973	3.01885716554578e-05	0.00112209767889851	0.0164434753109512	0.02065574302585	8.88860640271997e-06	7.20504130624172e-05	0.00101540064832196	0.00112128649168829	0.000355144037593814	0.000443941257320994	0.000625160108258925	0.000454288079852425	0.00828789049499986	0.00854827367533762
