Bcells	CentralVeinEndothelialcells	Cholangiocytes	Hepatocytes	Kupffercells	LSECs	Mesothelialcells	PortalVeinEndothelialcells	Tcells
0.184945704701593	0.000445428690283991	0.000398723041057314	0.353130614925823	0.0472887434922658	0.0328299607931798	0.000601831779274184	0.000379935561106858	0.379979057015415
0.149681566394125	0.000717234332627578	0.24023571780816	0.250595474882214	0.0177314844288968	0.00512747013576333	0.0143277300145684	0.0690540895143643	0.25252923248928
0.177218083127123	0.00153725066856945	0.00040691906057859	0.349160082602283	0.0836381121364826	0.0061006048865118	0.00014384592335002	0.00288530069173664	0.378909800903365
0.211424028008835	0.000513752347087394	0.000283910881991432	0.311047960217935	0.0974789928901437	0.0208219327494189	6.43575620683797e-05	0.00049015521742226	0.357874910125098
0.126615002616706	0.00346888536952682	0.017076753741608	0.384397128220084	0.0695885788237387	0.0184601148452992	0.000100857944295157	0.00192705772490606	0.378365620713836
0.17468869733319	0.00194356062798564	0.00388557023938133	0.331366615321914	0.0670397133872176	0.0307372014282226	0.00132945400572306	0.00781535099143621	0.38119383666493
0.219909708307294	0.017408378983034	0.000483491223061915	0.33875199043538	0.0531862440601477	0.0106854262482953	0.0133568908996935	0.00171948997748114	0.344498379865612
0.178515538752461	0.00285367919088318	0.00027538862568087	0.362627390540472	0.0354465340585459	0.0293592003658957	0.00204434304774906	0.00244369188274072	0.386434233535571
0.189315960683776	0.00201191519559349	0.000761270268822765	0.336696903271635	0.0848860203880686	0.00175974560709591	0.000715205975371766	0.000650141517866059	0.38320283709177
0.177103505103741	0.000837943199325595	0.0131942402778885	0.347698040273938	0.110900300633281	0.0206740788396023	0.000328238996322426	0.00100961590273694	0.328254036773164
0.26975508818038	0.00186295963396097	0.000290882007984961	0.281156866188936	0.0918431439856224	0.0365016326867563	0.000319073996816639	0.000998187733867149	0.317272165585676
0.17865208093848	0.00823945257778249	0.000598132098230135	0.345742190097106	0.0868817513540902	0.0264378698657694	0.000849486788154774	0.00174884399023713	0.350850192290149
0.163987907535731	0.00482433727345655	0.00067798992133147	0.348069119197856	0.0645513158950151	0.0347930233753199	0.000856476506998355	0.00139643609687809	0.380843394197413
0.158481395881149	0.00113377005524351	0.00241760389538795	0.396304573881481	0.0478719311688799	0.00262490474464236	0.000567617279821569	0.000624026871894021	0.3899741762215
0.235191098788749	0.00385530906084574	0.00135724137185646	0.332935932823685	0.0197227022205718	0.0320859038624636	0.000732161712507615	0.0019540396498739	0.372165610509448
0.239234042477745	0.00526429906329938	0.000235117850195745	0.341049343731974	0.0646907183498949	0.011320397286396	6.79377152001641e-05	0.000457113684609338	0.337681029840685
0.181143538123285	0.00172622425245912	0.000189478730815277	0.343627753117651	0.0708947897237809	0.0341396628254839	0.000256192914657286	0.000605816358352807	0.367416543953515
0.206374660595584	0.0452002266599451	0.00108435957524198	0.331130035328221	0.0635360224035262	0.00942363018119976	0.0298306871226395	0.00732775348073103	0.306092624652912
0.248641631971978	0.0356995305226598	0.0228069937622829	0.168029853833117	0.0796650653959241	0.00156955918446441	0.140996139718683	0.0577345005437678	0.244856725067123
0.171653869339335	0.000508961567282902	0.0028973439099111	0.345429631816102	0.099162643192264	0.0153930559356477	0.000662482008837817	0.000420522052554775	0.363871490178065
0.170084313342449	0.000786217420003933	0.000237508243815498	0.341257459860833	0.0768812810448918	0.035715440981706	7.06009062441231e-05	0.000915574259359238	0.374051603940697
0.187376473192076	0.00120981133066969	0.00364382532557646	0.340444136682514	0.110311221319611	0.00396857462817179	0.000251169392256638	0.00250392340763452	0.35029086472149
0.185392113278213	0.0944740104481419	0.000435874743079147	0.344328058038107	0.0157783925502977	0.00162161465327727	0.0163080555936973	0.00195914709887533	0.339702733596311
0.198211130290546	0.0216381741142945	0.00113618955324415	0.388351658495849	0.0555263276093827	0.00620639490526609	0.00673813818942129	0.000896991813380891	0.321294995028615
0.237364478703895	0.00202595988036264	0.00020768093913692	0.301679603018585	0.101767008169998	0.0287471602703146	0.000511382910017733	0.000662424338318629	0.327034301769371
0.178996438244584	0.0063924135202072	0.000607783891302513	0.320214515351316	0.105772900402567	0.0214469027835498	0.00437313343639697	0.00224107398992042	0.359954838380156
0.243869153039459	0.0121704819873475	0.000387062778454779	0.332964286147195	0.0208099511278929	0.0118126936550095	0.000201184235272995	0.00115815085008569	0.376627036179283
0.144965895912319	0.000324681982876505	0.00115509299719774	0.351433585769075	0.0783400544606305	0.0118197724135306	0.00012877483814434	0.000327091497423712	0.411505050128803
0.248276609936974	0.0118947149209346	0.000443501499864234	0.337082991960126	0.0468241200021917	0.024086606517899	0.000146427294324468	0.000834195198146608	0.330410832669539
0.263095168198638	0.00139358274423296	0.0171117609753253	0.252958454176689	0.04040394276681	0.00796641062794246	0.10766389261477	0.0062678142730582	0.303138973622533
0.21401820622996	0.000576468452275283	0.00218031211815502	0.30432466640412	0.122969711076062	0.00341658948858878	0.000301356130600325	0.0102489135245332	0.341963776575704
0.203263653720442	0.00344734699018074	0.00252966912945409	0.313204103717887	0.0680725820932634	0.0099177586990931	0.000474054287360633	0.00243156322069791	0.396659268141621
0.182433259320278	0.000631266493380642	0.000687190146808802	0.364045184167054	0.045497375059787	0.00635387776076874	5.78449383825755e-05	0.00640192061103717	0.393892081502504
0.181863643965309	0.00215064218170013	0.000621397977670514	0.381030004337956	0.0175884969217938	0.0508994848987256	0.00138464243915623	0.00250802321979692	0.361953664057892
0.224309051161462	0.000802507690350995	0.00230145463596461	0.343007166627025	0.080207195245198	0.0144020628437076	9.17416839234466e-05	0.00125144514724815	0.33362737496512
0.166188757522046	0.000586252470156068	0.017504891418987	0.378587937649203	0.062024707555991	0.0035508118861697	0.000383359196361526	0.000883082669998424	0.370290199631087
0.193859850078585	0.0050468733279226	0.00106132942650482	0.347130069982546	0.0353951716973969	0.0182494392649439	0.00208312956748197	0.00542140814199606	0.391752728512623
0.154663062069904	0.00387959158459431	0.000392901503080396	0.373791599816194	0.0829603466500199	0.00832233826244913	0.000561952381577062	0.000774348062961593	0.374653859669219
0.186420371329895	0.001891811136974	0.0337204357959177	0.357668311315321	0.0273137354171831	0.00431966751410574	0.00745865248540085	0.0201002535046565	0.361106761500546
0.11753688699537	0.000724729606119321	0.000563047081105319	0.348631516446133	0.140957722701608	0.00462761252507133	0.000103100459323419	0.000492826602420456	0.386362557582849
0.204216695862117	0.00501904555758637	0.000809262413522959	0.33878092005665	0.0899315855178953	0.0161102640943337	0.00830771384012239	0.00328364369261118	0.333540868965161
0.203046110981327	0.000524826396971981	0.000459495040843109	0.328740759308811	0.141015396151943	0.00509494734272103	9.2921082619225e-05	0.00564754432571566	0.315377999369048
0.150510780182516	0.000888306930969563	0.000815923987483574	0.350317001099996	0.0614322944490166	0.0420380364607516	0.00171447157295718	0.00146988116350293	0.390813304152806
0.161634101047169	0.000347115387690609	0.000950559488221476	0.355157334976803	0.093358478951028	0.00219319869463456	0.000216870397069362	0.00104668177435837	0.385095659283025
0.182157028726089	0.00108222027145074	0.00052190989520449	0.353041858792148	0.115166252396553	0.00345097035653902	0.00158855581635174	0.00818172329821577	0.334809480447448
0.184186152690662	0.000474553406120241	0.00182152248215173	0.375696209908672	0.0385241123695083	0.0100548685015056	0.00118045094779937	0.000344136012191255	0.387717993681389
0.168242352561933	0.0022357432564219	0.00142347396660412	0.38036434616709	0.0507332403826725	0.0141437950299338	0.00388452485880533	0.000718150764808494	0.378254373011731
0.211014108428609	0.00104287061412045	0.00234783470317092	0.366951827754977	0.0649155819678062	0.00109203540929972	9.85845655743102e-05	0.000577346265525566	0.351959810290917
0.162101888167131	0.00119795222163513	0.0551152136518609	0.330303913063187	0.0520626817834416	0.0087520367372574	0.000601353058056148	0.00365885343599199	0.386206107881439
0.201816212916045	0.074874542351137	0.00105139711196739	0.297775781770033	0.0791667711257441	0.0180145833011239	0.00114831170482791	0.00413718062789434	0.322015219091228
0.186042632056992	0.00114343864641401	0.000697188327855516	0.341115243764318	0.0671608195015191	0.00744275814677084	0.000390264312923996	0.000645181835570679	0.395362473407635
0.21345894445027	0.000431234960009554	0.00335841148729691	0.299797451521777	0.111182319087721	0.00560898513596522	0.00710167911604502	0.000877307941237314	0.358183666299679
0.221128942748902	0.000353587301853267	0.00064704501968019	0.351760479548301	0.031811015900506	0.00311830694373004	0.0001212471392432	0.000250885598082666	0.390808489799702
0.179635089008327	0.00103549893256643	0.00388033675510891	0.342104851754822	0.112697636470824	0.024998054261186	9.01614818338428e-05	0.00321049543479714	0.332347875900536
0.164649404144605	0.00323421456512579	0.000269716605250107	0.360210497255875	0.0535696418934297	0.0138290445320636	0.000130819718031683	0.000547779903279763	0.403558881382339
0.189158620012782	0.000430748220126336	0.0194942703146048	0.335641402953212	0.104292241368406	0.0131865633049078	0.000918661460406997	0.0208628341934965	0.316014658172058
0.201922170882354	0.000721287306604314	0.00467267180907149	0.310676186748474	0.143151764712333	0.00354447336177436	0.00380950603502365	0.00067327805961449	0.330828661084751
0.216461311065058	0.0237772300495226	0.00180675373892564	0.358855676326067	0.0322414602660814	0.00898733208910168	0.00326365634130552	0.00688165043521466	0.347724929688724
0.178163767985405	0.000756580819747553	0.0273131336140192	0.3677824556423	0.0399149699358565	0.0163524827442143	0.000179030675765994	0.0217613330245065	0.347776245558184
0.206176144330292	0.0400394282037538	0.00184566105701822	0.361572699607245	0.0226999134270552	0.00435196362310797	0.000962510202577563	0.000956444687580718	0.361395234861369
0.147011071020704	0.000755569907829731	0.0083767795990443	0.370132143210472	0.0835613719234691	0.0106426394371054	0.000868609263658088	0.000761413511226336	0.377890402126491
0.178576753430678	0.00246149127156911	0.000327273576675284	0.328197407181612	0.0686877708135095	0.0376204088763817	0.00016286620529843	0.00199924117185019	0.381966787472426
0.17978789803648	0.00141470596090182	0.0305057043182448	0.372083706985199	0.0233055782700974	0.012172015685044	0.0187883919294479	0.0174695570116364	0.344472441802949
0.174729965088656	0.00103874601971898	0.00067020460426019	0.357431674641042	0.0788413402674757	0.00938796715099124	0.000209887834921789	0.000723451271126937	0.376966763121807
0.206347246858353	0.000908059401411702	0.00018259505533286	0.326814675278217	0.028299290442805	0.00832213744732501	0.0001641265298012	0.00086321362543707	0.428098655361318
0.199294763082038	0.00995850635297605	0.00076170174841974	0.338811130413556	0.0594500202136148	0.0171971857083888	0.00669322120909109	0.00455492640988278	0.363278544862033
0.140055353497379	0.000407194782888988	0.000453403988638097	0.347035453349581	0.103554878531065	0.0144331820542617	0.000185735686491654	0.00367086607203453	0.390203932037661
0.177982450803116	0.00207756030412313	0.0916436770532825	0.316713251209107	0.0700010875809465	0.0089576456816154	0.00666219281354702	0.00543612263942945	0.320526011914833
0.141783853256294	0.00348234262621672	0.0222370366223172	0.389225069886703	0.0593869730078632	0.0324857900276265	9.15869035661418e-05	0.0107120736611077	0.340595274008305
0.136079824533192	0.000704926900657025	0.0687054021662668	0.38286030520861	0.0175336015961658	0.00488601131243921	0.000155993730294088	0.0651185619872575	0.323955372565118
0.188961728409312	0.00088239571736612	0.000601409683449181	0.369647424690429	0.0376723425229366	0.0197679112562619	0.00525361957410404	0.00128078541627531	0.375932382729865
0.17411169678951	0.00176284445893766	0.000364005914332751	0.375191431851299	0.0684143622129351	0.0332932021035386	0.000384579924971289	0.00604974545048278	0.340428131293993
0.16803033776893	0.000961642044941086	0.0435708147054724	0.370288279250871	0.0188018520049472	0.02035792529344	0.00448347512890417	0.0181624455110926	0.355343228291402
0.201368608850519	0.000564393974695485	0.0576838525969124	0.317806061627029	0.0252525779679525	0.00361453892227697	0.0166767837072495	0.0346008043972424	0.342432377956123
0.169285611407733	0.00128926088708281	0.00079136280715071	0.362540012242763	0.0616805106548416	0.0124532325241587	0.00104280150679744	0.000962249800010293	0.389954958169462
0.142348334917127	0.00300952071993667	0.000686250138588295	0.333650133300704	0.151990770022872	0.0105275932218796	0.0088763635033018	0.00156349088274124	0.34734754329285
0.174077006670643	0.00317201064375531	0.000315894853615103	0.348744606901662	0.106438554108378	0.0135940217696347	0.00124803118526406	0.000830642378032788	0.351579231489016
0.143311828729291	0.0014897328418169	0.0627856699432794	0.327693994887559	0.0382856281929626	0.00503910818800836	0.0249015979422854	0.0997442770456365	0.296748162229161
0.134125337062544	0.00159040319769431	0.0242148210577109	0.344989206537175	0.150376274807489	0.00874342844514793	0.00233112330330206	0.000724519070778617	0.332904886518158
0.153386202127541	0.00216109590003389	0.00446406707239333	0.380882134111212	0.0569006246219427	0.0137767163639585	0.00336704326789619	0.00563408941752545	0.379428027117498
0.147175234747588	0.0032370682842423	0.0697856495968034	0.338973226124748	0.0623043605707277	0.00777317979512787	0.0299703161323983	0.0345549548885757	0.306226009859789
0.202445690296191	0.0160348541365469	0.00035124159505087	0.382941070437833	0.0449038865709677	0.00326784173184415	0.00062767306807131	0.00252265947796955	0.346905082685526
0.244299971066166	0.00125645733536494	0.00024570712332088	0.337780002238805	0.0334304257568245	0.0242160475082802	9.3292148944742e-05	0.000515314963226636	0.358162781859068
0.206143872495088	0.0104123714189214	0.000501634048332121	0.295283205080899	0.133111788568134	0.00679254500289408	0.00577071087173561	0.000877096937619839	0.341106775576376
0.218681372055221	0.0117730207587711	0.000338409417377633	0.352395095862838	0.0404415050577321	0.0101227806715861	0.000165937992132434	0.00372958106292345	0.362352297121418
0.184769609051075	0.000514105244965588	0.00135928306580749	0.345678971773122	0.0125473712527979	0.0226133423778503	7.86470096265961e-05	0.0125636039229025	0.419875066301853
0.128916096227068	0.000488004905993832	0.0019978796275839	0.347977145986668	0.113376174951723	0.0353997266432646	0.000125637644531452	0.0047035809217108	0.367015753091456
0.16758816371514	0.107145969280322	0.000387970546601518	0.321404693177359	0.0404126277137129	0.0139996722625205	0.0223299753831159	0.00129526604821315	0.325435661873016
0.252143952985562	0.000760613197392853	0.000388456985943793	0.331770630278595	0.0384718744010974	0.00590287303402432	0.000133142199354972	0.000903577962668937	0.369524878955361
0.2538784278186	0.000736172027784797	0.336847787718808	0.0292946148787801	0.0243617407869788	0.000536294138996742	0.159421667467497	0.0057340879260345	0.18918920723652
0.20036861654996	0.00112144295780279	0.000343635521134954	0.325350990677946	0.0526731777348112	0.019606526614685	0.0023109387641877	0.00197176297984863	0.396252908199624
0.176290913492369	0.00310757531476404	0.00108856511668698	0.33812355087017	0.0897417884705387	0.00203067785709255	7.16852787718463e-05	0.000291571202995495	0.389253672396611
0.149695133885171	0.000664771307494661	0.000983873453670817	0.322739553449115	0.103558409535168	0.0577237342367479	0.000145718613427339	0.00135687918699646	0.36313192633221
0.179498442303295	0.00840134519932094	0.000174938292735848	0.362704738155733	0.0564805021207979	0.0077392630956906	0.000522558361466791	0.000505464097188438	0.383972748373772
0.207757417158671	0.000793081144304077	0.0449713764025309	0.378308180656953	0.0374734509499301	0.00145885797498938	0.00167315682942568	0.00182671632458444	0.325737762558611
0.229757153559291	0.00582348380377941	0.00029216932730346	0.338071297204642	0.0666713683725664	0.0150265230524122	0.00202362489368337	0.000612319717063127	0.341722060069259
0.198189633375111	0.00059280479007653	0.0229607886054359	0.333533165739341	0.0702815083727978	0.0255898529075463	0.000293725029610177	0.00365737661024003	0.344901144569841
0.238720120724298	0.0134365793193756	0.00064740587143979	0.349730380407629	0.0272737696636608	0.0022257934181835	0.00312802614356659	0.00151482775068681	0.36332309670116
0.221185315867557	0.001499022754009	0.00260400856778121	0.307601242233684	0.101509153213429	0.0231607875336966	0.00176089401788149	0.00125785791926095	0.339421717892701
0.213771349465859	0.000950339326173063	0.00248167171272501	0.325422709327998	0.107776784062597	0.00347196206990427	0.000415024646749603	0.00405524387739609	0.341654915510598
0.169956030348957	0.0017587891809317	0.00227690526023691	0.376098289590226	0.0502913279004878	0.0133622184895989	0.00782777999614386	0.00271796384305904	0.375710695390359
0.1923621984795	0.00454048846489491	0.0199095597890363	0.344543505771439	0.0711738719663117	0.00712778210746369	0.000964478182739156	0.0348277790059694	0.324550336232646
0.215565407818074	0.00326209201912971	0.000595709142820281	0.342628051611957	0.0499742184249908	0.0105720392544022	0.00604900586588973	0.00654427644940935	0.364809199413327
0.192619166334074	0.00180570863615564	0.000479150740269758	0.370992908801522	0.048791284789163	0.0222918614083114	6.27739552202582e-05	0.000407550311723177	0.362549595023561
0.170141404148138	0.00772935931196843	0.000334151944141525	0.315732212611751	0.130282082228191	0.0324801643515967	0.0013281731311813	0.00410717035448559	0.337865281918546
0.274723591244885	0.00191099568328106	0.000287342769553491	0.312987487644962	0.0638730042393869	0.013163928894128	0.000566932477988513	0.00687018239037845	0.325616534655436
0.159220107589818	0.000559453048833366	0.00141577413955846	0.38333445476955	0.014265615565896	0.0195217940461108	0.000300351509156424	0.000713261707770525	0.420669187623307
0.113567470108559	0.0010217056914841	0.0140148347846803	0.431972768948387	0.0324852699936941	0.00284555071513463	9.69361076026718e-05	0.000751362921027688	0.40324410072943
0.221949000340367	0.0036383464543347	0.000459324163060988	0.352821599066137	0.0555693949197948	0.00324452944571742	0.00059430887551279	0.000393310392285027	0.361330186342791
0.196751856587392	0.0187442459001379	0.000776843379384512	0.350393357856973	0.0424289050615154	0.00957928380163864	0.00310736066088697	0.00148060163013917	0.376737545121933
0.188222821642062	0.00115879641349969	0.000924535130312204	0.382280299324533	0.102936717232206	0.0154519337165931	0.000370697584708856	0.00057651352272026	0.308077685433365
0.203722425856978	0.000358877516576023	0.000325052760712144	0.369161536216424	0.0445095082171457	0.0074252753640006	0.000435460486947326	0.00365919515745695	0.370402668423759
0.27721767594778	0.000704612687416862	0.000259701110340022	0.345687435009703	0.0168589986747094	0.0246351623319102	0.000859545761293836	0.000286406094455824	0.333490462382391
0.222796586077859	0.021102567072246	0.000689080350787438	0.328947257371592	0.0522316727747387	0.0097746476592492	0.0036769518706784	0.000985918821810368	0.35979531800104
0.166138942898747	0.0250159163804932	0.000496493049615793	0.399809909476375	0.0571633916331084	0.0108688941094249	0.000522272677263879	0.000895851859017632	0.339088327915954
0.213329956594965	0.00358138047214692	0.000486228605389796	0.333790949116643	0.0897551039364917	0.0216128588679047	0.000611392764538524	0.0022539290257335	0.334578200616187
0.228347142568424	0.00281405126497397	0.00647049115534991	0.347792640466352	0.0472170498904021	0.0114517583296397	0.000206355918370397	0.000899658082592536	0.354800852323896
0.161420534796178	0.000433380142146831	0.000251842224744783	0.327181695755506	0.162497522436818	0.0117605978881455	0.000101707442517926	0.000409336007852305	0.335943383306089
0.171811041954834	0.00119098604678375	0.00274247709640868	0.360619674450998	0.0418801117634388	0.00829560096258668	0.00817670007170093	0.0258640088456816	0.379419398807567
0.217597391038854	0.00055412622552607	0.00743932017972387	0.335459032498312	0.0781239476055272	0.00872614891215818	0.000122184355443118	0.00108290903094406	0.350894940153512
0.127813835860151	0.00149730225435751	0.0242873630160973	0.356057381212835	0.137045133069292	0.0244686196247433	0.00800123858312697	0.00124103716150989	0.319588089217886
0.205914736657691	0.00493471363683763	0.00369338189986117	0.336200709643911	0.0764166999411477	0.0240761700102479	0.0237419576428461	0.00161212845224741	0.32340950211521
0.186090441518782	0.000627242771076857	0.000256756434213195	0.35264389942318	0.106866043445056	0.00893873995730408	5.90398866218873e-05	0.00394445678856996	0.340573379775195
0.185151413500737	0.00163866114498664	0.00100345423745224	0.352180175333251	0.0341042909977007	0.0311488156298388	0.00691868236142552	0.00172045569859655	0.386134051096012
0.20453141109808	0.00835434145444603	0.000857153651745884	0.350055896715932	0.0807886403452713	0.00661953927484794	0.00178773476590114	0.00102500824680733	0.345980274446969
0.182751683271344	0.000331728750457644	0.000557419024194512	0.309224375999032	0.136444626765222	0.00317594247737057	7.76753148532305e-05	0.0113683319900439	0.356068216407481
0.222724377751393	0.00100342931560224	0.000478382458194317	0.287277404534488	0.121898839277872	0.0460575280941485	0.000596927898780744	0.00903150310899297	0.310931607560529
0.191952182395273	0.000494929691013316	0.000148130166705224	0.328775606384666	0.147554054047252	0.00169431298424224	0.000194732933643593	0.000651331983478915	0.328534719413726
0.218662148507118	0.00539222561425603	0.000612749502360706	0.330077277303844	0.0588614419682236	0.0227408582748859	0.0114999747045868	0.000646776139939328	0.351506547984785
0.166991738912759	0.000772068390252792	0.000789690223165174	0.378895707381767	0.046011824581756	0.0307919363744485	0.00013695210488846	0.00875002522371618	0.366860056807246
0.168860212406014	0.00382426430994505	0.00333340799575551	0.368860689094596	0.0443775603451508	0.0292264780074816	0.000193848774682868	0.000733568010887755	0.380589971055487
0.12928991030766	0.00113327484626771	0.0397618361252071	0.383994212066298	0.0216922152567293	0.00800105694352395	0.00665286813346359	0.0094996798128461	0.399974946508004
0.226300379751388	0.00579586003318652	0.00245034203331614	0.314407214035191	0.0773360690071167	0.00335627175692119	0.00012889981506237	0.000734553977661084	0.369490409590157
0.218123557282059	0.000970943691467943	0.00041823603598363	0.349114638671142	0.0707493278106719	0.0349305519701522	0.000119498709976317	0.00313469521393896	0.322438550614608
0.222926792940149	0.00266724040995571	0.000371267648566983	0.309115349216797	0.113848810678007	0.00522061322430161	0.000564829882341291	0.0022526119481616	0.34303248405172
0.13526005415539	0.0126902003272618	0.000322824560819063	0.362343041690575	0.066191058061986	0.0292429657543531	0.000564409872509626	0.00260450306806293	0.390780942509043
0.183077706806277	0.0248157605963877	0.00024541755568214	0.358070301455214	0.0506796293796739	0.0101539343946586	0.000112443531077704	0.000619841415789298	0.37222496486524
0.27512524981713	0.000549812665172789	0.000445315555856516	0.328528859346995	0.0769863783749358	0.00391715004353582	0.000187919342827422	0.00389740303202715	0.310361911821519
0.153757166089316	0.00327278071316246	0.0530282766375582	0.368772974806985	0.0549222903486147	0.0197953688887478	0.000704228541610994	0.0159754571684849	0.32977145680552
0.19000299640547	0.000349359244170327	0.000577221306081276	0.33430471881351	0.0594373795870833	0.0473618470003571	0.000473287485439278	0.00153734974404874	0.36595584041384
0.172659322197536	0.0028544450133425	0.000297197807213561	0.338917653805676	0.104392530926116	0.026960521779759	0.000122232073126909	0.00531765506897526	0.348478441328256
0.148312884954971	0.0146750362983177	0.0015848172629355	0.3804774836399	0.0710597209855944	0.0217303203960515	0.000147205946873352	0.00923088567067841	0.352781644844678
0.157635150895466	0.00258684571537271	0.0559869663767457	0.360964405590309	0.05908564168281	0.0126496826217359	0.000113505159327148	0.00183888887406767	0.349138913084166
0.159164967204605	0.00442771077561952	0.00766645234012012	0.385251898182884	0.0435279701348395	0.00733546123258005	0.000203833917039342	0.00321422755641165	0.389207478655901
0.142124895906408	0.000576386673683109	0.000946501895061676	0.328836512089951	0.144855215963235	0.00467208229887465	0.000300295110238516	0.000709824119052381	0.376978285943496
0.210624748399829	0.0176997547865341	0.000565586443477898	0.292989671924835	0.0540743665052325	0.0580825356942641	0.00128891390425506	0.00169997180315517	0.362974450538418
0.16810009979247	0.00054011883583708	0.00035820793690719	0.328046967259838	0.117199768091811	0.00598731250668816	0.000260307749261604	0.0201588034286266	0.35934841439856
0.18506142755726	0.00201535381576706	0.000540679417236254	0.30409393723555	0.159322563592347	0.037439584455781	0.00211593134116317	0.00194012031799152	0.307470402266905
0.255214932849986	0.00138312100515051	0.000677937856434977	0.300543782173433	0.0195262626899739	0.00384464271394926	0.0370088522381287	0.0589058979183951	0.322894570554549
0.211744598263857	0.00340780627071543	0.000240207053085086	0.330740885355539	0.0539656637326256	0.0149110707538935	0.000163660511691641	0.00274501450235407	0.382081093556239
0.240991655284888	0.000401282490918395	0.000608450697758291	0.339844792388043	0.0468293635121551	0.00896736609740636	6.67925419876836e-05	0.000232475795161185	0.362057821191682
0.203267855886694	0.00146862086027862	0.000886165894341819	0.332924063473766	0.0523725788192076	0.0172410700473135	0.000502787306254356	0.0011364399806234	0.39020041773152
0.153200675166107	0.00262792765748968	0.000827373604240586	0.35602720150217	0.0735146610419396	0.0152926878953311	0.000282320664438279	0.000730006772423354	0.39749714569586
0.251308585224082	0.00386161390480901	0.000551985636232858	0.333395432123327	0.0460431202668643	0.00510882122616889	0.00110926789575635	0.00339575312501253	0.355225420597747
0.141820922730552	0.0010826577178348	0.00224911403240298	0.36550626832193	0.0369246152714099	0.00667597894979139	0.000383497620031764	0.0384233774699496	0.406933567886098
0.187634067541539	0.000269372522967539	0.000185708528828623	0.339415900656888	0.052236378526528	0.000740773782169083	0.00766411303233422	0.000560992167605165	0.41129269324114
0.179206499301948	0.0041318440079009	0.000424994994693902	0.369275315330833	0.0879843822439966	0.00572891635097744	0.000306458662438122	0.00994609028731908	0.342995498819893
0.152494330031088	0.00120767836149446	0.000677359747517677	0.366258052255942	0.0998937648204504	0.00975260794987029	0.00252171219944852	0.000428266585837345	0.366766228048352
0.200757623203407	0.000513699979908439	0.0195727050147754	0.350613924854506	0.0542211713025347	0.00207703316152338	7.93174579949335e-05	0.0207224195687737	0.351442105456576
0.187755942265797	0.0466462622952968	0.00026725977365594	0.341948383629814	0.02338117929682	0.0279792872747806	0.00161538529177555	0.00172049408155373	0.368685806090507
0.239175870297251	0.00375371538394043	0.000444504458094121	0.333776722399887	0.0267804119092876	0.00313110499809964	0.00041298426224108	0.000589960239117701	0.391934726052081
0.182720848988976	0.00544719727914234	0.000911142138310419	0.343483341693647	0.051982979699074	0.0129830793558308	0.00130741956710026	0.00338071956418069	0.397783271713739
0.128529893028377	0.0029685922006413	0.00660507180288629	0.394151550764856	0.0498345337643931	0.0230831934401689	0.000657401978991388	0.000672015674464399	0.393497747345221
0.189522088156194	0.00212731975961112	0.0254451582475539	0.342216219644241	0.0238653257984038	0.00454562302568379	0.000117565713579996	0.0234796993628171	0.388681000291916
0.200758869400152	0.00598688691806128	0.00159932203823992	0.347085235259582	0.0801670646826509	0.00958003100093778	0.000101791211381319	0.00330134573416848	0.351419453754826
0.213574389453602	0.0200787111510077	0.000630687187686251	0.337069740583394	0.0380351981754437	0.00699093999118508	0.00577644011566352	0.000831201675336663	0.377012691666681
0.163863182891514	0.0740562841243806	0.00122207104530844	0.332671596339114	0.0818298575103585	0.0192926990495893	0.0140544627239832	0.00167293382236547	0.311336912493387
0.224877042560041	0.00221102991279812	0.000907215109666743	0.356206029782457	0.0427836382231068	0.0206433145264822	0.000179485064078156	0.00131775537686322	0.350874489444507
0.211367446482985	0.003308794644006	0.000445920699312603	0.369889208246658	0.0952594614847734	0.00894821286046359	0.00140213560560938	0.00126635966610489	0.308112460310087
0.178758639003582	0.000426164839794866	0.0892188796247617	0.310139476862942	0.0182403042733636	0.00404355796824471	0.0299837597465312	0.0377895812008315	0.331399636479948
0.177903396935614	0.00081295916831208	0.0082399201489221	0.374104330980469	0.0732155343534283	0.0309824957957104	0.000161237975567215	0.000598831694390872	0.333981292947585
0.22320296355354	0.00733325194324281	0.000399877491064054	0.355319042198005	0.0522862633411648	0.0144236984153042	0.000170886227876002	0.00129291978826162	0.345571097041541
0.201874658706998	0.00147296149121805	0.000842107101093017	0.325353758701296	0.098955276391757	0.019060913611614	0.000125479474704735	0.00148265763112889	0.35083218689019
0.198513416382659	0.00150014278722392	0.0133297431458232	0.359717196264257	0.0995038919085676	0.0209590533696522	0.000381587043783672	0.000787191358849868	0.305307777739184
0.15168685108211	0.0016396962534403	0.000759408405772709	0.343792740879515	0.106917191107638	0.0111224234786543	0.000523959242606751	0.00917178955013815	0.374385940000125
0.234772229320287	0.00912329023540664	0.112423273234518	0.301684979596446	0.0499163486363552	0.00116253603430328	0.00256767978240584	0.0156852421868533	0.272664420973424
0.154771832612729	0.00125536756961956	0.00755507715385887	0.369171804789523	0.0584163258519094	0.0218123870062694	0.00179127189710834	0.0124417063306259	0.372784226788357
0.23773824099387	0.000871357683325477	0.0002880908642868	0.309595780120066	0.0627523109242344	0.0247882503469006	0.00011162378208445	0.00345258737155022	0.360401757913682
0.200257120971736	0.00720314577214329	0.00105091634836031	0.352480885499723	0.0414796738205824	0.0228605435992122	0.0136936358651264	0.00380382846803861	0.357170249655078
0.20191133084847	0.0131290579099734	0.00106555299041336	0.354361052470114	0.0228704628215118	0.0176724364923022	0.00306082941564269	0.00119350230672135	0.384735774744852
0.223520815045121	0.00128684238214268	0.00188902548824076	0.333287582956215	0.0365135692535737	0.0269341715537814	9.96117671078482e-05	0.000493887979806151	0.375974493574011
0.214121013793589	0.000675275367993537	0.00295098881945394	0.303222298758981	0.0894564592499379	0.02860498250077	0.00542517314397209	0.00249159534972606	0.353052213015576
0.166753701121903	0.000984733319838483	0.00109532730545253	0.30951461121067	0.174779418435924	0.0260342422270098	0.000306218622773665	0.00128633334769461	0.319245414408733
0.230471242532139	0.000702449443897249	0.000290768652201603	0.382990975053996	0.0161218466320588	0.00632928052997867	0.00011023804438292	0.000602051662877204	0.362381147448468
0.266112114463236	0.000645639199459191	0.000386135362504622	0.311023079861835	0.0562239480161322	0.0283882046110824	7.17664901840414e-05	0.000585777665878347	0.336563334329689
0.169635511064165	0.00159792282794198	0.00214601586109724	0.351045878213021	0.122715716444472	0.0166448692937361	0.00022302872827778	0.0169916610129936	0.318999396554296
0.208494743712439	0.00197841369007317	0.0198032219870125	0.310521565959618	0.0625780287864286	0.0197869624399007	0.000532180187240728	0.000695602795760417	0.375609280441527
0.162015618119005	0.000566544226076015	0.0114666614576556	0.412820535280836	0.0372760522737409	0.00627631894374029	0.000212574252575922	0.047616585440941	0.321749110005429
0.191005261435855	0.00499232908799434	0.00044516571117074	0.332995832629846	0.0451505668616717	0.0218979724839977	0.00572557316637593	0.000790125653277133	0.396997172969811
0.179542518228315	0.00165029812233328	0.0388674585466002	0.39583603284141	0.0404768444605179	0.000924889932310572	0.00072310765820467	0.000642999772755693	0.341335850437552
0.207270118922611	0.000346983150508928	0.00018124855857232	0.316587614750597	0.122043839103049	0.0166679854959526	7.36787471979219e-05	0.000388983072669841	0.336439548198841
0.16304653554668	0.000298852962974987	0.0138141705375407	0.332459141375811	0.145340440523633	0.00248998236388936	0.000263940140402732	0.0291636278424648	0.313123308706603
0.168083165573951	0.00106124932248399	0.00101850040900001	0.357219596406159	0.0560257696658407	0.00173340061131968	0.000216931270434646	0.0334389059675142	0.381202480773296
0.119054070434419	0.000443952466468788	0.0407756347174333	0.361937431359255	0.0446046419374726	0.00201353692961871	0.000208521100765399	0.0424108364946663	0.388551374559901
0.214765172502959	0.00428695651899732	0.001104574241086	0.354349800080544	0.0398669194918788	0.0125896142884694	0.00478644898111613	0.000708041752214145	0.367542472142735
0.122435838430298	0.00143050440293928	0.00568235991236644	0.362510300124938	0.0579825176422337	0.00300647572353772	0.00217263002184775	0.0405859628034419	0.404193410938397
0.217269009568906	0.00179520187780055	0.00241259388754097	0.348961145476194	0.0558108510308372	0.00388434209803397	0.000671066451842435	0.0078892703878192	0.361306519221026
0.160554508042586	0.000283759577952552	0.0022156958104156	0.354361489757334	0.0953068218159193	0.00719645845796774	0.0305802560776794	0.00106305892330262	0.348437951536843
0.214946095325662	0.00378558860140565	0.000545464315808982	0.324980805970386	0.044232819085797	0.0220485149594141	0.00171606688849857	0.000550217643241845	0.387194427209785
0.206205658380527	0.000678895871263281	0.000383612930837066	0.368577297833915	0.0221905768178634	0.0214213628554601	0.000893788939235591	0.000587500296315997	0.379061306074583
0.122880543408056	0.000458541201536477	0.0230280483993732	0.393737569859459	0.0454930006902978	0.00230275769622126	0.00014226812325948	0.0123862526952159	0.399571017926581
0.223417469695247	0.03185374000103	0.00131439355939227	0.372278034466516	0.0238034970629424	0.00702646079347338	0.000619552733835418	0.0031746530663881	0.336512198621176
0.222519162118332	0.00694977097195436	0.000389056023534222	0.30792477006032	0.0494810521501522	0.0439363072403394	0.0021918568537295	0.00160982020994649	0.364998204371692
0.199614337253691	0.000628638999457886	0.00239500213222616	0.377082402363979	0.0366867607529915	0.0194653689233441	0.000303999442306534	0.00303633011869644	0.360787160013307
0.263158159167271	0.0208103507763114	0.000360139829690598	0.348909715254793	0.0401138131813245	0.013053817561677	0.000569733246911532	0.00350839890927166	0.30951587207275
0.168029737942526	0.000996628197958256	0.000273045538105	0.327484540523803	0.134953551012497	0.010666422978328	6.42466790086751e-05	0.0027671475225155	0.354764679605258
0.179280203848529	0.000618807785751317	0.000343695435037514	0.356660307557637	0.0404898536353269	0.00243547429928437	6.28787174043853e-05	0.00049442353414596	0.419614355186883
0.277759250217718	0.00252958350571254	0.00026328310375987	0.315950220088307	0.0307915397673869	0.0189178513975362	0.000178272296715176	0.000765134473503731	0.352844865149361
0.155531500468542	0.000438603158145079	0.0263357769616881	0.378024637218806	0.0471882698639119	0.00316447738031157	0.00136144144009107	0.00207988080672962	0.385875412701775
0.179750408049609	0.000831239842345882	0.000973302363834261	0.377305565681626	0.0459157519551627	0.00808649426034072	0.000379145042259882	0.000669182806424582	0.386088909998397
0.236024328178044	0.00481409160638087	0.000856854143100276	0.35971850325256	0.0405886448130305	0.0105548116499248	0.000210618884312622	0.00637795854567026	0.340854188926977
0.152984951047999	0.000625796715421814	0.000204784502304584	0.364282122909946	0.0473228523199697	0.0308800280813615	0.000265244198977585	0.00140979259779787	0.402024427626223
0.162010472736618	0.000850770323323925	0.000260677817749059	0.36029267180536	0.0271661353282429	0.0355612202382638	0.000138274036624554	0.000595510362750482	0.413124267351067
0.140354939518905	0.000403776523445085	0.000802255530105481	0.40140396605375	0.0615224531549669	0.0035794657390747	0.000161730578332141	0.000234583686057467	0.391536829215364
0.147299240903199	0.000647942579945957	0.0325086197377265	0.358042219243982	0.108200454833952	0.0155172626359325	0.000256871660020934	0.0135845801902698	0.323942808214972
0.116035519199992	0.00035954710943763	0.0757017969452013	0.387041959251802	0.0292073319828503	0.00287983884810549	0.00361028881952793	0.0011168162315576	0.384046901611526
0.175447896574149	0.00386889246553729	0.00845287725244441	0.296691528050672	0.146558664273906	0.0290696280204965	0.00202845915744784	0.0084381326639143	0.329443921541433
0.258626486920344	0.00210389111428424	0.000386114610304775	0.347453668383126	0.0260855987632601	0.0258439146848857	0.000460274216851079	0.005400550241808	0.333639501065136
0.149516690474873	0.000430910975597946	0.00122855829377221	0.395409122813502	0.0377441311883437	0.0265005455252167	0.000188807830553418	0.000298924983414454	0.388682307914727
0.172649138550174	0.00631647063119299	0.00106963653696978	0.370635456763314	0.0329480026794587	0.0116271921223464	0.00288095482605004	0.00705979565857361	0.394813352231921
0.160979006231678	0.00354026546129183	0.00672634631302222	0.358213786893656	0.0875731781127972	0.0237053375040852	0.0224661929551785	0.000635963004306661	0.336159923523984
0.187140099482901	0.00183203679078971	0.0119819772242943	0.352387252120989	0.0388111670287232	0.00802440006202773	0.000427517715095844	0.0114514147213555	0.387944134853823
0.169354044843431	0.0186501198405845	0.00250483598915476	0.350809071351939	0.0336992206121764	0.0227841304967504	0.00650249485256675	0.00329150487838142	0.392404577135015
0.254731542997991	0.00145632551125455	0.000620127000658891	0.316688465523614	0.0899111365266172	0.0090235075864945	0.000116738233132725	0.000669957675134119	0.326782198945103
0.322483414461496	0.00664791627923885	0.00623137151165169	0.124003830520878	0.0521975956771871	0.00227166469741069	0.190482619446711	0.124670177786974	0.171011409618453
0.163591611834951	0.000533474110327439	0.000235014002307305	0.389941213242196	0.037759895599186	0.0305216023101284	0.000120637678689721	0.000962243217199753	0.376334308005015
0.181421550908872	0.000343792511575242	0.000333220240044141	0.367159232877156	0.071251350796523	0.00661851136849731	0.000170517468613132	0.000746792860002056	0.371955030968718
0.175447269633069	0.00056945228968169	0.00187131935658909	0.308330434154763	0.157252572935905	0.0159397872116511	6.52883758021192e-05	0.00292877589522719	0.337595100147313
0.239210668287607	0.00417307142420301	0.000766800117753741	0.342360908209393	0.0340880247220296	0.0157881089935767	0.00170394192950278	0.00134942771902617	0.360559048596908
0.205911911893602	0.00742607684905724	0.00113411636428116	0.366979316430616	0.0360637766482011	0.0135442988401854	0.00267236277917041	0.00406642643785915	0.362201713757027
0.259614046361315	0.00708865339612312	0.000641982877200368	0.321640597918972	0.0465108857386645	0.00848359357246649	0.00107717593812901	0.000737199030413352	0.354205865166717
