Bcells	CentralVeinEndothelialcells	Cholangiocytes	Hepatocytes	Kupffercells	LSECs	Mesothelialcells	PortalVeinEndothelialcells	Tcells
0.000188479374112271	0.000510414326616702	0.0363513672799009	0.931043180995653	0.00701481610136957	0.0212363563441979	0.00121779405526879	0.000299465790239874	0.00213812573264133
0.00766622861951366	0.000189820537531674	0.0891569415311113	0.859933124746529	0.00660223075881778	0.000783884941647937	0.00369636963302891	0.0317055340336377	0.000265865198181715
9.01168375565357e-05	0.00342025623674879	0.0363937992444861	0.93176471720271	0.0142438372401062	0.00887421470972872	0.000798345589903909	0.00275034926839237	0.00166436367036703
0.00589393146825355	0.000344581781850953	0.0361525631222373	0.918884793002577	0.0145882690773487	0.0232981064153945	0.000743517068137034	6.64252915201628e-05	2.78127726805833e-05
2.00710663684947e-05	0.00754550888945523	0.0416807851793604	0.925821343660328	0.0108713573550886	0.0074000248712488	0.00172631605135061	0.00451118208433317	0.000423410842466925
0.00113694477327285	0.00275455012199343	0.0401324661417131	0.916512198836686	0.0122533585466853	0.0162833003809645	0.00145103338878787	0.00602287846775388	0.00345326934214334
0.000180505873886719	0.0160061663184171	0.0410824725904761	0.921587884625318	0.0115217700899828	0.007288399534074	0.00185424741673067	0.000393332981352625	8.52205697619852e-05
0.000190585520721403	0.00735984846623987	0.0321096380564963	0.931976742371833	0.00597881217583988	0.0136445411104621	0.00196928704377819	0.0050964231406651	0.0016741221139647
0.000260733786137862	0.00357288925942623	0.0461134068650694	0.925813285430599	0.0122888004721957	0.00792966597890421	0.000991824460594031	7.96776020431585e-05	0.00294971614503033
0.000253906584406042	0.000239152847661804	0.0476065441934699	0.919271140069432	0.0160718662034223	0.0108221246404733	0.000876234850693042	0.00480796947967623	5.10611307653852e-05
0.00118899047815554	0.00948840049916728	0.0365710078574563	0.917254215966035	0.0156971646058373	0.0132593440589252	0.000950556883693034	0.00195912177876289	0.00363119787196789
8.99656695824801e-05	0.00688850753478372	0.0409772253199174	0.923513875169807	0.0121984321775687	0.0103075298061175	0.00138658212339922	0.00352217817480257	0.00111570402402116
9.98475251138902e-05	0.0101886572357686	0.0345540699302702	0.931050448042404	0.00914243132835763	0.0119173102336073	0.0013431966477907	0.00162331710138961	8.07219552982244e-05
7.75222064877776e-05	0.000473476596911031	0.0437715033705266	0.936222847298423	0.00841659743220271	0.00679768484146119	0.00190400448719608	0.00220012067925551	0.00013624308753649
0.00148631264816263	0.00786731748714801	0.0441645931500609	0.921172048316246	0.00558957082057645	0.0114539087099426	0.00132516072096063	0.00414549809726454	0.0027955900496381
0.00331183366899302	0.00518916250662362	0.0356887081739304	0.930292819844235	0.011020465073799	0.0113038492763506	0.000741865586239346	0.000453065947330277	0.00199822992249858
0.000286211263632538	0.00128049068214318	0.0405671613517368	0.919994260010696	0.0109486412831308	0.0248691558293626	0.00137813930347677	0.000615976259679049	5.99640161419755e-05
0.000726566767986291	0.0289150878635246	0.0416674360809085	0.908239891517284	0.0126035297899788	0.00031306580013024	0.00346294554893211	0.00304488787201175	0.00102658875924339
0.0267721734283085	0.000234247446180083	0.0514590602581011	0.809578777833665	0.0189287568488508	3.80314441829357e-05	0.0236814441216907	0.056792479167998	0.0125150294510227
0.00752022149218597	0.000183987204392138	0.0408449428383371	0.922402891546698	0.011465666222568	0.0138301811791487	0.00113749825830786	0.00258546912610219	2.91421322601022e-05
0.00245726470168345	0.00192635788053593	0.0364999795608134	0.923704769723425	0.0107824560849067	0.0228779650287933	0.00103813043907284	0.000254553378330987	0.000458523202437899
0.000410163504489219	0.00207882919078583	0.0443438863904504	0.929060970449269	0.0171003027081248	0.00313432924662533	0.00172061578278475	0.00210797564643693	4.29270810333369e-05
8.77462592759762e-05	0.0338147749761167	0.0411406563390055	0.911409136436254	0.0067806464818959	0.000136123402947562	0.00231159095224256	0.00179023625377551	0.00252908889848618
0.00249818749279253	0.0145996991587505	0.0507047407752137	0.911952750037727	0.0141778208599916	0.00362109762752287	0.00200512043444008	0.000280322842642068	0.000160260770919891
0.00922039679914347	0.00196815153579397	0.0321057370432753	0.917771357708842	0.0152016682385393	0.0215410449602248	0.00125582861638529	7.85882538086619e-05	0.000857226843987079
0.000173605975350777	0.0089388213281022	0.039300761693956	0.924116883902458	0.01653819164997	0.00674690228293924	0.00191005914526839	0.00124214259183139	0.00103263143012381
0.00722579943637402	0.0220963874526069	0.0358405772599124	0.922114932617293	0.00743298691587469	0.000851948083099386	0.000776262654776441	0.00182507275076516	0.00183603282929775
0.000263299144107494	0.000324331493625653	0.0461842528962303	0.923234434582885	0.0113152109355709	0.0164055120109996	0.000762475782893887	0.000212016204496304	0.00129846694919062
0.00815464786036434	0.00619156976691291	0.0384408848762279	0.920811042884624	0.008431960645102	0.0163540605331105	0.00115400434296731	0.000249088436450354	0.000212740654240374
0.0272365531160034	0.000804764585524544	0.0526976586559314	0.8703478777345	0.0112581764759728	0.000323376523365764	0.0112033351817484	0.025865622136704	0.000262635590250044
0.000227643226943833	0.0107835970069432	0.0407920599295997	0.925003926934629	0.0161387046067339	0.000746892307185896	0.00185169716900133	0.00393545192956588	0.000520026889397361
0.00191329051329777	0.000967996578212439	0.0402276027180199	0.927354681787124	0.0136870133939658	0.00895834336960129	0.00106813812145866	0.00445966937259253	0.00136326414572735
0.00010061293633728	0.00240655324958067	0.0456637306342666	0.930671065997349	0.00771123153903392	0.0107165515573656	0.000891347528444834	0.00109859344624407	0.000740313111378084
3.81163119353047e-05	0.00506601141495796	0.0457823217117175	0.918474099093475	0.00329102949752787	0.0229343936990776	0.00124637932334356	0.00216635689241161	0.00100129205555409
0.00588391546763185	0.00026248116858558	0.041895397038172	0.921512911907518	0.0126118287672674	0.00851648014344623	0.00105125093773651	0.00794290609915833	0.00032282847048393
4.13635879027253e-05	0.0101344073879685	0.0497415529879372	0.92666189749979	0.00927020419157738	0.00113768941391086	0.000888362971083211	0.000274588585773216	0.00184993337405677
8.93657156999945e-05	0.00946412786805103	0.0464529841797553	0.92203498163356	0.00693667285667861	0.0123446145654225	0.00170377248255021	0.000875209309290345	9.82713889916724e-05
4.93071941834798e-05	0.00768850482524877	0.0420616448980489	0.932094821178798	0.0127510574190649	0.00196784746085341	0.00153094891902183	0.00179279929666395	6.30688081160342e-05
4.99647682770061e-05	0.000410711961179377	0.0520266559251156	0.918681842749872	0.00592212787022126	0.00223713017783705	0.00274540029373056	0.0178522998623592	7.3866391407913e-05
0.00158112077538373	0.00472972144876024	0.0402495079846196	0.932117696646294	0.0185577543155392	0.00114025437658832	0.0012767895324937	0.000169288818654808	0.000177866101666225
0.0012467093822538	0.0156175327264981	0.0344307880308135	0.927400882538935	0.012935257534942	0.00574458296926904	0.00190251300382603	0.000678792502259223	4.29413112029254e-05
0.000138518433377647	0.00596245183590965	0.0397413711211355	0.922657853832574	0.018626837501975	0.00811801334755249	0.000590035856189668	0.00115041330055533	0.00301450477073042
1.48038857118631e-05	0.000416029351162919	0.0384592195006526	0.929125548977236	0.00933772213711852	0.0152573771709061	0.00175951663220479	0.00561400939281721	1.57729521904867e-05
0.00101857932740982	0.00089400910757123	0.0421492289196236	0.926883619223069	0.0126304195558157	0.0053551878382645	0.00153703001099998	0.0011027768270284	0.0084291491902183
0.000905652176594319	0.00176368267404676	0.0436032414990627	0.924128435998132	0.0170976239304449	0.00108974578797291	0.00140934418124827	0.00987901925963634	0.00012325449286191
0.000654789899223121	0.000425457619012208	0.0429104803379114	0.932848119070059	0.00660085092596166	0.0124837470297224	0.00134717721877559	0.00227783618260292	0.00045154171673146
0.000161619281936323	0.00353451832632366	0.0460206607461062	0.928732697320057	0.00842500893758964	0.0107845325532792	0.00220267231940222	0.000125783675456979	1.25068398488099e-05
0.000643030220093388	0.00784380772153137	0.0502258951371742	0.928033066312928	0.0106859670208492	0.000860478046570587	0.00128283627484822	0.000399317245262809	2.56020207424056e-05
0.00122320969333979	0.000407171556550957	0.057803192666489	0.918872877463576	0.00855524154298442	0.00432256025538772	0.00163470752377321	0.00706164459517698	0.000119394702721734
0.000215778729121147	0.0311870211521989	0.0365611558278986	0.907590373468481	0.0147794941111496	0.00259135344272671	0.00156406988105543	0.00409993533892163	0.00141081804844687
0.000171773008973198	0.000324972710299324	0.0399080701295039	0.927969790739391	0.00982742158882072	0.0168716462246076	0.00129689748949426	0.000303131689775711	0.0033262964191341
7.8046098767424e-05	0.000191289754430655	0.0353809195566616	0.917007635872053	0.0151363513941228	0.0119952139090071	0.00228081318390642	0.00012708999798015	0.0178026402330705
0.00568937148861931	0.00299104060049186	0.0396870101835887	0.935458554863063	0.00556235318256247	0.00945016952685465	0.000693541712895785	7.97687799827855e-05	0.000388189661941561
0.00303927510616025	0.00135900811763975	0.0365692039320015	0.921061811789132	0.0154850570147295	0.0191196164364288	0.00099095298867101	0.000795037299877157	0.00158003731536049
4.53211228353713e-05	0.00551909829947933	0.038505981938511	0.933081258689356	0.00986834100126394	0.0100258277529034	0.00103558547623023	0.000989776802085784	0.000928808917334815
0.000103454359620413	0.000247851873317076	0.0406489785455176	0.923427844379504	0.0145684414214089	0.00433909018512683	0.00210722849336218	0.0145404768136797	1.66339284628918e-05
0.00402565424770143	0.0107694774934736	0.0410911174600947	0.914169181496951	0.0197658320114002	0.00176297790235783	0.00188693793928747	0.000409966773956732	0.00611885467477695
0.00012275637677959	0.0177006486222078	0.0431118697490479	0.92379871642838	0.00739016099575633	0.0052089637772544	0.000570184434161013	0.00199177385720936	0.000104925759204163
6.87994203156418e-05	0.000345345258297833	0.0457740497041659	0.926498125490024	0.00684498817271785	0.0140831942623418	0.000800803999395771	0.0055658446194905	1.8849073250616e-05
0.000298056979709206	0.0217723846005904	0.0464192732442256	0.910505013386337	0.00511729767220808	0.00413126468284529	0.00164055319071156	0.000344802759346641	0.00977135348402644
2.87682299074476e-05	0.0035558551935759	0.0476801504358768	0.92670013809616	0.0116630874457106	0.0075456222768509	0.00119068013419076	0.000390628330414742	0.00124506985731259
0.00814709274552263	0.00162172395726123	0.0347484653831622	0.918759070854902	0.0100244741194746	0.0223975951654749	0.000794789607092966	0.00114736807891224	0.0023594200881967
0.00141607105542907	0.000366675269621552	0.0533166062723826	0.910529208168306	0.00539501976752753	0.0173616545663664	0.00215861213281802	0.0075022865090893	0.00195386625845947
0.00761217459324939	0.0024453445686606	0.0382794552132779	0.926586320570156	0.0134848671465538	0.00856954273051188	0.000839756576542774	0.00187079509687255	0.000311743504174956
0.000539192729125744	0.000499277864372519	0.0397965130616337	0.931825539373419	0.00600366919455235	0.0125064572074918	0.000975250805280812	0.00328714811987015	0.00456695164425425
0.000979223488575698	0.00376195056103173	0.0387812212656805	0.918358854935328	0.0115746532846093	0.0106158653333261	0.00201368965802105	0.00587708940296363	0.00803745207046338
0.000223989953980437	0.000272774666100603	0.0398759632033347	0.929459201438463	0.0146137809948337	0.00884449503591825	0.000790063883515205	0.00569812514538522	0.000221605678468375
3.6044193621951e-05	0.00710833763860053	0.0592169170047113	0.914444564672799	0.00977986732413223	0.00206587635916185	0.00294302361774229	0.00434752912583611	5.78400633942666e-05
0.00022440128080999	0.000183815875101441	0.0437762668490826	0.92350579091442	0.00822931009990218	0.0192505455530485	0.000694363540978324	0.00406780636333725	6.76995233190725e-05
2.6479033471586e-05	0.000869269819967284	0.0509302409777453	0.915009258291695	0.00397861336026969	0.00205824945370283	0.00153412487106004	0.0255858637147052	7.90047738341182e-06
0.000316077165287662	0.0104693841682388	0.041202570117063	0.93027809840362	0.00743562050065427	0.00513398829542926	0.00162171365153491	0.0035086617735866	3.38859245859595e-05
0.000694697529455999	0.000351270162458447	0.0362560955094926	0.927525474353464	0.0091910434246589	0.0199422475767379	0.000736544588009264	0.00445984562736977	0.000842781228353342
0.0037478735639832	0.000404250147941358	0.0454170143789567	0.921326009970225	0.00436424588491569	0.0104163965354917	0.00221387627290209	0.0110561133619561	0.00105421988362868
0.00484592629847144	0.000414373517527894	0.0578147330969473	0.903536191091564	0.00672379017537992	0.00328538243263045	0.00391847127219439	0.0184913029769506	0.000969829138333979
0.0124867054568654	0.00678444354022592	0.0392165208093949	0.923918457937889	0.0120377058384287	0.00409697395378448	0.000796247602911945	0.000618595298167915	4.43495623316085e-05
9.91309973802649e-05	0.00855946182586892	0.0390429390608367	0.916420787961113	0.0205001550228838	0.000330447351612875	0.00200991777264292	0.00737784198892836	0.00565931801873336
0.00145046413782116	0.00789998334527982	0.0371972210252301	0.923383105276778	0.0175233757888671	0.0106788732625383	0.00133718361052196	0.000209631866726974	0.000320161686237098
0.00139748282489682	0.0027517094082357	0.0540098519801948	0.89796494789085	0.00685941338171268	0.000527934619869619	0.00419634688286711	0.0322808408944832	1.14721168902416e-05
2.76219024228709e-05	0.000533937533953691	0.0440911821083816	0.915771419354496	0.0189408616309943	0.0173131360272016	0.00201962581208135	0.00123124277354409	7.09728569245223e-05
6.74234403609885e-05	0.00517602308037833	0.0457573501637836	0.920338755835451	0.0102435083749945	0.0155546444670266	0.00135405545783852	0.00146844299189363	3.97961882732227e-05
0.000452473491894664	0.000418830974604582	0.0570666549843924	0.904907101809907	0.00859770275436659	0.000423603536603932	0.00300319876173213	0.0251105964589298	1.98372275690832e-05
0.00123884142161579	0.00953792039056831	0.0429876973392755	0.927245446503224	0.00902472146135348	0.00135927821411759	0.000744463382717873	0.00782665381836909	3.4977468758387e-05
0.000647437804363711	0.0129049775132172	0.04067686793789	0.927631999790835	0.00764338384600937	0.00740569875341656	0.000698429998340876	8.85426903287522e-05	0.00230266166559859
0.00239610761253021	0.00973830271184728	0.0415316769015946	0.916028944518148	0.0171358243539899	0.00978780908509123	0.00186016549690302	0.000195074139850024	0.00132609518004556
4.99274256616098e-05	0.00927105368867905	0.0357203669046722	0.937006849155732	0.00846646899391611	0.00691405400712156	0.00103396708175195	0.000614931598367178	0.000922381144097804
4.29067260989758e-05	0.000758623130969941	0.0456151889828221	0.925145494580065	0.00421210318129063	0.0113131650563577	0.00086736817579073	0.0102129817021919	0.00183216846441342
0.000132040002002572	0.00012565949542422	0.045455161246546	0.909965129031635	0.0160716006306166	0.0205613976418126	0.00081453694091749	0.00618680017126836	0.000687674839776761
4.5217354476486e-05	0.0402836740739902	0.0371037462430169	0.90680580817194	0.00635030636282732	0.00100070570743887	0.00319115653099052	0.00517070681292292	4.86787423971597e-05
0.00916023796525658	0.00504631837796304	0.0411463246714775	0.926608197750151	0.00804591474947641	0.00717427368054702	0.000959738818935698	0.000820782424996007	0.00103821156119658
0.125785163225148	0.000252296072883916	0.228949501516068	0.531080885396142	0.0138372367928971	3.08941784493741e-05	0.0171557361411643	0.0159438714042478	0.0669644152730002
0.0026658651657581	0.00102228197927226	0.0332745457759079	0.927972727715826	0.00969787371608979	0.0176602939023726	0.00186687963223165	0.00145181080687166	0.00438772130566961
0.000688129899045256	0.0116977090832173	0.0400227108860375	0.931069215085796	0.0143065011891135	0.00106264197938534	0.000406035533421641	0.000425141663148952	0.000321914680834553
0.00052403802788911	0.000266458063380466	0.0407236597375514	0.911928728093249	0.0160681982476466	0.0259903243384344	0.000710503093907743	0.00375489864030894	3.31917576326304e-05
0.00530493747261051	0.00936600341901856	0.0346559843045402	0.932233889486469	0.0111091755354753	0.00362659438632839	0.00165101266575304	0.00187199773556522	0.000180404994239767
0.000422973680025696	0.00270064376312125	0.0502202459120391	0.926319284248499	0.00804155031866514	0.00746755771843313	0.00147454314476842	0.000588247883615568	0.00276495333083256
0.000647753182495893	0.00357818923541811	0.0341528465403663	0.925239257615867	0.00994368453539643	0.0177578539891183	0.00148183363714552	7.97646043967387e-05	0.00711881665979555
0.00139387216998825	0.000120068358006182	0.0500903470301182	0.912517258051429	0.0121091369621667	0.0132024100665569	0.00129463881962698	0.00762256879279486	0.00164969974931335
0.000917499195564853	0.0168059675677944	0.0468761595420044	0.925192221701905	0.00687472390541296	0.000382566910945839	0.00152656266082649	0.000414668163943969	0.00100963035160191
6.41382837645372e-05	0.00364536022460227	0.0397477448526396	0.922970700587972	0.0141354166633171	0.0164276964769766	0.00207071389450225	0.000878318742584816	5.99102736407417e-05
0.000110434887168672	0.00312891076923029	0.0385632883346032	0.92945487193688	0.0158967266234528	0.00154216983667605	0.00147076408231295	0.0093621218911914	0.000470711638484207
0.000916283761036402	0.0080912082050328	0.0435582935947949	0.922085808590401	0.00817798142880425	0.00399364401962587	0.00229369947090091	0.00598631663463302	0.00489676429477106
0.00150628484718463	0.00709616982696061	0.0484233967193121	0.912873424694048	0.0107992066373076	0.00162882782943874	0.00148955388923295	0.0154496087907364	0.000733526765778591
0.00720561310879386	0.00987150300892366	0.04307600254491	0.917811696245967	0.00841120017039333	0.00505193864979802	0.00243588448551098	0.00438351675752917	0.00175264502817437
0.00243400183610086	0.00213855032254462	0.038447371709354	0.930588204143004	0.00773353052429637	0.0182170495525947	0.000180652609530744	0.000241023635049644	1.96156675249348e-05
0.000186497258305743	0.00980724724337671	0.0358677597571631	0.914484216921786	0.0205291427436115	0.0138418080954748	0.00134243188729794	0.000750925756591874	0.00318997033639259
0.00479451677538922	0.00234303384211655	0.0341519868518162	0.92319653104129	0.0107001212803249	0.016767361740894	0.00156993956539241	0.00103027392294073	0.00544623497983664
0.000146051523979329	0.000147641964433388	0.0401896013914159	0.938500591929361	0.00456481564435699	0.0139808881627839	0.000807740798683855	0.00141829199266672	0.000244376592318629
2.84781701987047e-05	0.00462133769775592	0.044168772408539	0.936852099477519	0.00645859550551098	0.00235057980043924	0.00128522932581014	0.00421557803516315	1.93295790637028e-05
0.00182520080168634	0.00663093243624409	0.0406731618015607	0.933909067553956	0.00973664264122896	0.00462082596991024	0.0010108732324269	0.000263448777425836	0.00132984678556128
0.000347264235852812	0.0139494541609789	0.040358393064942	0.924136614123399	0.00949055488628608	0.0040725921730349	0.00244799039067913	0.00474417938230157	0.000452957582525979
6.6512495362125e-05	0.000873817482865885	0.0366259749197556	0.928706592030961	0.0119919260042084	0.0141772706708071	0.00158627092149254	0.00437614751513637	0.00159548795941095
0.00289482170658431	0.000397803966090483	0.0343910695032558	0.937286514091224	0.00857902158392243	0.0121585442083706	0.00112684757288815	0.00217177264453686	0.000993604723127409
0.0168866288285602	0.000957180036024469	0.0370932934135264	0.915952791540166	0.00503697694949543	0.0212988611146599	0.00209159849678879	0.000598010807397722	8.46588133814702e-05
0.000362204472928044	0.00223626186572247	0.0402573224163118	0.924410697622783	0.00967773681217605	0.0212262292745244	0.00149564850519237	0.000210611433732487	0.000123287596629637
4.4608147378293e-05	0.0153693333634648	0.0396744127181944	0.927042454735281	0.00875360532210239	0.00743569439046965	0.00157642799035266	6.47515375283639e-05	3.87117952286867e-05
0.000399974515423373	0.0105194145854277	0.0376048637465392	0.924876672947865	0.0136662189899938	0.0113083364150862	0.00118999153993541	0.000142757997454343	0.000291769262274824
0.00740064487082863	0.0109611625983416	0.0423209384118756	0.927868740124065	0.00784727245460909	0.00182168397480153	0.000585040544627639	0.00113237832638019	6.21386944710844e-05
5.1079669327426e-05	0.000245943303542868	0.0355952152688273	0.91884464499875	0.0228238168211681	0.0137615226131381	0.000727451072693069	0.00166668331276159	0.00628364293979114
0.000392112188702065	0.0118273562539209	0.0380953195110237	0.923107678197777	0.0094650621626899	0.00364277443476694	0.00226240117216037	0.00860723137709408	0.00260006470186573
0.000649974183726987	0.00025038192741379	0.0409145662469064	0.918658406668792	0.0143527852851927	0.0196896467609818	0.00108185393414781	0.000331689983793645	0.00407069500904512
4.6892909771445e-05	0.010263725403412	0.0436773774699417	0.923341164475445	0.0149261113807317	0.000629057826610964	0.00112850967184942	0.00591115614815521	7.6004714082957e-05
0.000835352787856143	0.00821063562840547	0.0417851997689339	0.919832232915068	0.0133366493061909	0.0118373401765973	0.0033943889881964	0.000687236226866517	8.09642018853149e-05
4.35369806263844e-05	0.0108826189557002	0.043965651155196	0.925026328230539	0.014091595523609	0.00462826581407404	0.000396176091400593	0.000842122048645798	0.000123705200209146
3.73077545817637e-05	0.014432395654612	0.0361018608009923	0.926635088975427	0.00783911896153444	0.00449237723226352	0.00214148871734174	0.0025880072501125	0.00573235465313493
0.0022935421327729	0.00436502341985845	0.0387768550257568	0.929132331952441	0.0116090983606674	0.00474750739463267	0.00115921801511261	0.00774661153402699	0.000169812164730975
0.00862780068427704	0.000691069724546234	0.0472342046185484	0.907883569051059	0.0193721200502131	0.00366535462105515	0.000537128724009207	0.00675414100205858	0.00523461152423365
0.000260922294844966	0.000293801411889227	0.0357758195064814	0.91575244740193	0.0184169850816283	0.0227445737134603	0.00196575953226215	0.00416557997348867	0.000624111084015154
0.000101911442253467	0.000900565313169391	0.0349565309554462	0.930369859514813	0.0186137807318627	0.00670278868939644	0.00171175128917537	0.00641849678350269	0.000224315280380634
0.000549829417658052	0.0129498728336497	0.037535052680758	0.928441709516625	0.00967615109968285	0.0072046720497645	0.00274430025031378	0.000864022189437588	3.4389962110645e-05
0.000203785565388366	0.00177411718167729	0.0424560695598888	0.925215397183463	0.00845321359895866	0.0159084382042578	0.000564241444159296	0.0042261185412498	0.00119861872095664
0.000573053862039968	0.000741219873765622	0.0436320294599594	0.918900630691986	0.00779330935222469	0.0270351032222862	0.000984990035262046	0.000250261590981774	8.94019114937477e-05
4.70527683566196e-05	0.000498300365539533	0.0516037644910187	0.922754935388913	0.00386721331517433	0.00303867061301986	0.00173093551247086	0.0138788901107434	0.00258023743476371
0.00101965766258187	0.00622429492415638	0.0464266322685859	0.926552550410626	0.011800570098617	0.000828762516360181	0.0012174076385357	0.00500499382028384	0.000925130660252766
0.00172133768485162	0.000460503844500205	0.0403807604992694	0.923573884796982	0.0110293900860446	0.0199912150550116	0.000933143947784398	0.00182360552770216	8.61585578539546e-05
0.00225894238794511	0.00451579558111295	0.039032786448461	0.923394074448699	0.0199332432252781	0.00549374228761397	0.0010965643790977	0.00209068124377559	0.00218416999801617
0.00314545831565889	0.00860448039263774	0.0356360548403031	0.920280894925067	0.0127735465601646	0.0145194541601257	0.00122761637422142	0.000926652269077898	0.00288584216274347
6.27122469005834e-05	0.0174905316073387	0.0351939061483951	0.925766765987559	0.00868980941560018	0.00136429103760322	0.000674606673282031	0.00855587186979634	0.0022015050135251
0.00528300341879038	0.00022449499186795	0.0413947055094371	0.922158688974176	0.010862462351051	0.0127734846820325	0.00117926025158398	0.00216010480655817	0.00396379501450374
0.000204308573229031	0.00134700346820776	0.0561436413778459	0.914326752835717	0.00818613280948635	0.0131527977336881	0.00193706245565261	0.0046934517986808	8.84894749234233e-06
8.98416947815095e-05	0.00021652343752689	0.0372581101186618	0.921934650791839	0.00836881519691737	0.0273049174152928	0.0013927180471869	0.00216905248471856	0.00126537081307482
0.00271415974993826	0.0018511476471888	0.0349137681369416	0.916947207111872	0.0164079089716694	0.0165895677274263	0.00116446332976885	0.0093832637662294	2.85135589652313e-05
5.12032619407244e-05	0.00462253886460251	0.0431968357109454	0.920402415117712	0.0101793618850273	0.0131795127442961	0.000871132572900624	0.00732001674652014	0.000176983096054759
0.00138790985482363	0.00237453463667973	0.0528316205239299	0.923940318414958	0.00872939091104488	0.00755220979365775	0.000534105870170756	0.00260830281913203	4.16071756034875e-05
0.00212781401129957	0.00128164491481911	0.0381744504380384	0.929218124238994	0.0079006279751601	0.0116405865857785	0.00115128223393001	0.00720128761781945	0.00130418198416032
0.000177270771645541	0.000577078172861667	0.0407061695797767	0.923842121013486	0.0179342489504616	0.00727014611942367	0.000769602880770807	0.0058910057211913	0.0028323567903831
0.00443694503803909	0.0141576181682372	0.032471480758194	0.917915191218861	0.0100846033214409	0.0164992628489271	0.00155778801656074	0.00218230969557052	0.000694800934169305
0.000244577544090584	0.000428759261232627	0.0351694867069348	0.926959457699031	0.0158440444838247	0.003203905964831	0.00153928854328858	0.0152896406907437	0.00132083910602256
0.000251503039227546	0.000696679268629519	0.0360879219262985	0.913037508731281	0.0219265017148206	0.0211900204071701	0.000965492025133418	0.000967053292834355	0.00487731959460472
0.0168068962179848	0.00134385736394398	0.0415885528198074	0.899595950926941	0.00391719210758772	0.000231770219289048	0.00517085539583176	0.0312763149397361	6.86100088781372e-05
0.00725883151548818	0.0127266119477987	0.0401515030002666	0.923059483359752	0.0107798799524627	0.00319479108208459	0.0010989748665462	0.00119316340477846	0.000536760870822574
0.0102567052804077	0.00108707126610985	0.0397896676946401	0.928283441804783	0.00813198976157137	0.00883010467608101	0.000735216603217999	0.0025513556517681	0.00033444726142076
0.000281580370843656	0.00319917229189568	0.0415888621497705	0.930292076290113	0.00856826584257169	0.0149090034642586	0.000893971780658945	0.000214862326734277	5.22054831531334e-05
0.000187818239046941	0.00983156512649744	0.0393177353005955	0.930466423953603	0.0115773451728647	0.00561685867320215	0.000792767834221281	5.52852848165375e-05	0.00215420041515286
0.00512506673549906	0.012058632002774	0.0403100281338373	0.926620175298345	0.0105425878826925	0.000301718123235509	0.0024127908602626	0.000379499938932762	0.00224950102442136
0.000535245380819564	0.00126290405835395	0.0472886163603862	0.924077343012015	0.00569308857481649	0.00507391510705266	0.000770334251942841	0.0152258415699436	7.27116846700175e-05
0.000179731039699638	0.000316755177527399	0.0385993900813713	0.931934573681941	0.010389222037745	0.00290140842303247	0.00147911946716139	0.0123956371431177	0.0018041629484042
0.0010669383012449	0.00765349340623659	0.0374725622867213	0.932026531474217	0.013477152391183	0.0031092919098628	0.00125060248545958	0.00380131178003502	0.000142115965039753
0.000119730711798731	0.0113356219621499	0.0359968314776783	0.931104774829323	0.0130395120883832	0.00491918594001724	0.00125316581711498	0.00025278348618215	0.0019783936873523
0.00351542752362434	0.000331664077450015	0.0502588739747726	0.920568298376921	0.00849355425175676	0.00470321070881825	0.000635416644506261	0.0113354674300817	0.0001580870120692
5.9874809468755e-05	0.0302457489194638	0.0335776308683948	0.918728436137873	0.00499333449311245	0.00886134846268339	0.00147816842963394	0.000139724988312257	0.00191573289105733
0.00177069863900829	0.0105497212087013	0.0457509298839002	0.927871474311492	0.00840528950783896	0.00321549694598915	0.00109171497183137	6.1712704887832e-05	0.00128296182635116
0.000749772631809209	0.0145790501265178	0.0397656537682679	0.925611127934642	0.00944151502111617	0.00594485177789033	0.00128530890784781	0.00145633500637682	0.00116638482553218
0.00160482575114052	0.000280354657189951	0.0437433090626231	0.92298415842036	0.00816077661507182	0.0210715049162756	0.0018213672173531	0.00029346747488881	4.02358850973364e-05
0.00498197937895482	0.00162444390814131	0.0410747785157539	0.920558365713423	0.00567718775094203	0.00221080398590888	0.00127787322590483	0.020245674722701	0.00234889279827025
0.00346309135588524	0.0101400502421717	0.0436110944558504	0.917123767507728	0.0114868250757541	0.00980965933052877	0.000373037203535885	0.00016469341181319	0.00382778141673273
0.0001233591228031	0.0203335399048056	0.0377884205109152	0.925538286658542	0.00778246900223052	0.0021188289239786	0.00175486828115132	0.000294492014093811	0.00426573558147937
2.50915023351601e-05	0.0357410162188858	0.0398751725553004	0.905345740945535	0.0128879371979541	0.00267562557855629	0.00318335351285493	0.000234702153185356	3.13603353924719e-05
4.38884327434633e-05	0.0043099201552897	0.0393149421064973	0.934410274771827	0.00613454523988345	0.0148724612235828	0.00076635341954867	0.000112420866942859	3.51937836851642e-05
0.000168307042797854	0.00157601904662909	0.0395873554853839	0.930715909826578	0.013418757389071	0.0110026475835902	0.00144394866937258	0.00206423168088752	2.28232756894502e-05
0.00270653742857609	0.000520000850136599	0.057920446835375	0.904318937130759	0.00650861667715586	0.00148745644730345	0.00463107102336221	0.0209038548441349	0.00100307876319693
0.000460301734458293	0.000136334056521225	0.0426688946735318	0.924437724139396	0.00957675637130645	0.0199358755684444	0.00114364324350729	0.00162653276236617	1.39374504683441e-05
0.000207505144480242	0.0123723136368829	0.0310984563107715	0.939082168182882	0.00888416695129907	0.00621671676766538	0.000924595873131389	0.000790119127827294	0.000423958005060072
0.00301623884894605	0.000404572054206356	0.0343260965260004	0.926524870923252	0.0130514624690179	0.0169499391554418	0.000709036288579182	0.00329339174879349	0.0017243919857627
0.00196450700817662	0.000351840073404813	0.0407604669866585	0.923246956272638	0.0134547589420749	0.0168772747146999	0.00139242200890004	0.00190570386887866	4.60701245693303e-05
0.00110629795177677	0.0134775735106162	0.0372452247504542	0.926566439300829	0.0174169193757352	0.00166035125261354	0.00132541973134538	0.00113053121007066	7.12429165588016e-05
0.00936112278691522	7.54174921983616e-05	0.0607942102267526	0.892107501412688	0.011429813367709	8.76372029061347e-05	0.00171860177619273	0.0238289294807375	0.000596766253900214
1.42305805412914e-05	0.0023217003078279	0.04707674985788	0.924887822475114	0.00836467069355561	0.0036313455888157	0.00148345913756079	0.0116518560811816	0.000568165277522966
0.0131828087300832	0.0104680372088787	0.0325682918418359	0.915792382578743	0.0107943467432527	0.0115842480834339	0.00117796886485786	0.00142237042999371	0.00300954551892088
6.26147105828277e-05	0.0217305404449827	0.040076278428714	0.925935179546761	0.00657265772206738	0.00124002737437389	0.00179585201246271	0.00247775045103418	0.000109099309021012
0.000868533245823524	0.0195433700917495	0.0397816840228952	0.928785638861343	0.00448428467397014	0.00375287711916257	0.00126190230389441	0.000756506810963512	0.000765202870197782
0.000587441162390537	0.00116312080816765	0.0374893415404567	0.921520223893149	0.00819545947979296	0.0168084586054978	0.000423590342240597	6.20260943519193e-05	0.0137503380739528
0.0105976973396115	0.000127924317777968	0.041958319151658	0.909859521516683	0.0134886688463496	0.015121782776207	0.00276925956519205	0.00528479415112319	0.000792032335397014
0.000706377234754171	0.000210589313311046	0.0429667024708049	0.912658796176261	0.0241235913641713	0.01613368229965	0.00107495444190442	0.00185783211958377	0.000267474579559978
0.000393607363983402	0.00108418546620768	0.0391184169182718	0.93983258661471	0.00559235068430628	0.0128327221005055	0.000992875866290485	9.7708756280206e-05	5.55462294448037e-05
0.000148727962756818	0.000734453821991027	0.0346493992588444	0.926857056681297	0.00963164154400526	0.0222793499121734	0.00081729831930411	0.000257606583204471	0.00462446591642307
0.000805179272007552	0.00246247653881001	0.0424095802264018	0.916868473690639	0.0148694787743366	0.0115230524339878	0.00193250904577457	0.00897858294596785	0.000150667072075278
0.00153727464544814	0.00230129035190243	0.0447571012630885	0.908279498555382	0.011155923153609	0.0139613805096551	0.000746825467860499	0.000769003480214239	0.0164917025728402
0.000155572052468044	0.000415127788183394	0.0445798909655011	0.918692902723324	0.006706715665982	0.000912741480078629	0.00161338906195373	0.0268617672993137	6.18929631948414e-05
0.00323121109390196	0.015991366702901	0.039969763251733	0.923650063894316	0.00924062348420967	0.00444703849977578	0.00205465007688104	0.00130629372673109	0.000108989269550139
0.00243479389278016	0.00534065593757931	0.0488934014903442	0.932985157931107	0.00662491905037477	0.00159794870196876	0.00194352246288621	0.000161012437163768	1.85880957958309e-05
0.00693907055180632	0.000660111724052768	0.0342345454545014	0.922684740656068	0.0174914658253231	0.0133094748342051	0.000537318126670037	0.00255079483125034	0.00159247799612361
0.000222734868115568	0.00108389627543861	0.0453861531843798	0.915656601883164	0.0199801851518963	0.00186083060976351	0.00175834766242214	0.0139819325400795	6.93178247403332e-05
4.20709814795639e-05	0.000127611095507185	0.041298327393661	0.927562091927253	0.00846656793714813	0.000132477852956163	0.00039480314891914	0.0216118459743643	0.000364203688711962
0.00139256613935647	0.000233516790777198	0.052011875821119	0.905045904778392	0.00819006626335482	0.00442491781367183	0.000944981119607113	0.0192151321023387	0.00854103917138275
0.00018642342954767	0.00375628711022483	0.040977292835968	0.929810532690048	0.00951391675283898	0.00900808320415518	0.00198793299727622	0.00455166158155354	0.00020786939838757
3.71345954657512e-05	0.0017493025741765	0.0430718462970021	0.918422017804022	0.0096897877205257	0.00516376246372021	0.00203943984307218	0.0179449960330751	0.00188171266894072
0.00282554976179846	0.0101562172719084	0.0435850224689657	0.924445516635106	0.009535428631807	0.00205896407969763	0.000947715371017548	0.00397362826385027	0.00247195751584921
0.00282754320014254	5.74407967367682e-05	0.0482459633386586	0.908535546775735	0.015536529088488	0.0159508379910743	0.00231684576429883	0.00167949000762047	0.00484980303724513
0.000116500094805475	0.00402552546660111	0.0373840440845146	0.928023665851649	0.00720552633499323	0.00630104021228509	0.00149778857468897	0.0094925869256281	0.00595332245483409
0.00239587255957105	0.000679041367224388	0.042372103167594	0.924364577908585	0.00601182058953825	0.0142643687535855	0.00124197823219342	0.0080573115874033	0.000612925834305353
1.57011850305963e-05	0.000325280956628921	0.0486059821355574	0.92756925149762	0.00752563352587334	0.00172474106806988	0.00132124966632128	0.012895280524462	1.68794404362555e-05
0.00144366706869097	0.0173778603225777	0.0382463479509599	0.925698849634798	0.00497552470309232	0.00363167269844395	0.000935569024907019	0.00493232498809504	0.00275818360843511
0.00261346801077128	0.0132517063163777	0.0346121911560873	0.921163706687866	0.00906375394615317	0.0176814710294156	0.00135030356033482	0.000133199507125185	0.000130199785868662
0.00141751317768577	0.000591544174846612	0.0422102552934482	0.92868636603741	0.00734876430764056	0.0149224114150647	0.00171619181650976	0.00306682793168372	4.01258457102715e-05
0.00842895461088356	0.0100911712435075	0.04136303780291	0.919249635755367	0.00790071909060898	0.00752037136387761	0.00081759507307626	0.0046072904634463	2.12245963226044e-05
0.000237385486520251	0.000305461444893022	0.0417965011583578	0.921303750404593	0.0187107839812224	0.015557657179695	0.000365925011765071	0.00166075363310312	6.17816998506426e-05
7.87725096531415e-05	0.00552603334560098	0.0458817502288275	0.935657173366936	0.00786445108525338	0.00433377167723255	0.000241921674210652	0.000227492573952067	0.000188633538333919
0.00698838159658208	0.00645089420409228	0.0379389133785982	0.927945345609334	0.00676175508531302	0.0126136783152216	0.000773550732040257	0.000123452360349642	0.000404028718469249
0.000931475017125707	0.000146131101024728	0.0482164586942376	0.92426139959371	0.00698368753647673	0.0164287551318096	0.00146141567300209	0.00143180049083259	0.000138876761780419
0.000476682780417661	0.00121760169181878	0.0436342932886359	0.930241531880369	0.00931522058793477	0.0137557423789728	0.00109431672619047	0.000221577275982714	4.30333896778615e-05
0.000130369770018942	0.00473008714913014	0.0391488493844694	0.930841357565519	0.00741471000871665	0.0151622209480341	0.00121228546555867	0.000777825238422104	0.000582294470130667
0.000101886493844715	0.000187381679122327	0.0387797498651837	0.928679540609429	0.0100880095740817	0.0174175291058431	0.00148158248089839	0.00230519849762182	0.000959121693974977
0.00796695147425899	0.000270598024179302	0.0393792879197787	0.927114301069939	0.00604569140322083	0.0177761183899642	0.00049772635557785	0.000911346719358154	3.79786437226257e-05
0.000210393680356783	0.0014223759759254	0.0394721808957279	0.941214024140813	0.00997088212184954	0.0062891190154934	0.000632718634678027	0.000175986645075512	0.000612318890080872
0.000202727797948114	0.000727596462269945	0.0463625088319891	0.920508037310197	0.0147819878104101	0.0104315070168422	0.000921587709735016	0.00603143724641371	3.26098141949086e-05
3.93201379456494e-05	7.5521286203427e-05	0.0515355342812269	0.927808748412186	0.00416948500534847	0.00344223606885609	0.00207294049258973	0.0107836178503255	7.25964653181264e-05
0.00267276749898344	0.00218120449846374	0.0424475276930862	0.906588149093531	0.0176932563230409	0.0142391062367264	0.00112294732439799	0.00607606504989534	0.00697897628187474
0.000268466890429732	0.00980243299043583	0.0334095990272177	0.933773404596185	0.00737685413887503	0.0108222535561286	0.00133187314872228	0.00313314407053702	8.19715814687548e-05
0.000959868347011154	0.000109135097012357	0.0414294207751727	0.927233074197278	0.00637900990911363	0.0218101954931843	0.0017396762220595	8.08001137913847e-05	0.000258819845376468
3.43664681503704e-05	0.0101323898350255	0.0405955322942164	0.929381386756204	0.00739080654922321	0.00454980933171517	0.00198843866270267	0.00583198329594793	9.5286806814382e-05
0.000221120264694596	0.00261704826724621	0.050137662356584	0.916815863169118	0.0126589295381235	0.0158899279900887	0.000929949168471546	0.000665559913842305	6.39393318307544e-05
7.8476147706844e-05	0.00291423815594204	0.0410800370481233	0.930421990116556	0.00869674106474041	0.00305699788943412	0.0015656171226796	0.0118952176148276	0.000290684839990567
5.17416042935669e-05	0.0178113369440188	0.0425756470228131	0.914916654834002	0.00766776680003475	0.00530656959435788	0.00248201060136967	0.00318574109647114	0.0060025315026391
0.00442262416774594	0.000862444834056718	0.0401573997200342	0.923683869906118	0.0150927402662069	0.0131597618813152	0.000663901638118635	0.00127391216256972	0.000683345423835094
0.136378824417338	6.07825504969366e-05	0.0664518734393509	0.671252107250065	0.0201332044115248	2.4633120139615e-05	0.0220162502941638	0.0697105074246483	0.0139718170922719
