Basophils	Bcells	CapsularFibroblasts	cDC1s	cDC2s	CentralVeinEndothelialcells	Cholangiocytes	Fibroblasts	Hepatocytes	HsPCs	ILC1s	Kupffercells	LSECs	LymphaticEndothelialcells	Mesothelialcells	MigcDCs	MonocytesMonocytederivedcells	Neutrophils	NKcells	pDCs	PortalVeinEndothelialcells	Stellatecells	Tcells
3.65770532375099e-05	3.65770532551483e-05	3.65770532436434e-05	0.0116913800426412	3.65770532507654e-05	3.65770532467848e-05	0.00505413472844165	3.65770532474324e-05	0.870122543844736	0.00664056495782277	3.65770532423243e-05	0.0604563342068852	0.0188417236927922	3.65770532645952e-05	0.00431361214865061	0.00318051049439885	0.00526100820317769	0.000526962193621735	3.65770532474172e-05	0.00482525979154382	0.00420029208096472	0.00451990308178017	3.65770533075709e-05
3.55902582782239e-05	3.55902582888302e-05	3.55902582774655e-05	0.015729633791898	3.55902582774658e-05	0.0173395170830255	3.55902582774651e-05	0.0011693529823363	0.834245342034593	0.00139165103722728	3.55902582774686e-05	0.0695404375965311	0.0249003267080398	3.55902582762065e-05	0.00485158356953846	0.00879231790335526	0.0108592027579759	3.55902582895028e-05	3.55902582840731e-05	3.55902582774656e-05	0.00126225962910782	0.00952688206528267	3.5590258284599e-05
3.44942053273291e-05	0.0150426594187243	0.00182366984630222	0.0296833546850521	3.44942053238702e-05	3.44942053251126e-05	0.00496178735239814	3.44942053251073e-05	0.840596248470629	3.64919116825143e-05	3.44942053251166e-05	0.0393519725285075	0.0405562200726054	3.4494205323127e-05	0.000646809914371074	3.44942053251073e-05	0.00364560544615467	3.44942053350557e-05	3.4494205332147e-05	3.44942053251052e-05	0.00700668565806898	0.0124723856634908	0.00383116697874636
3.44316610860535e-05	3.44316610828693e-05	0.00582626518941309	0.0312849363693756	3.44316610975962e-05	0.0173708204264152	3.44316610861372e-05	3.4431661087868e-05	0.852971798450194	3.44316610861371e-05	3.44316610861387e-05	0.0513513905524885	0.0142319068850793	3.44316610864698e-05	3.44316610861371e-05	0.000892093207775421	0.00817585170094617	3.44316610997053e-05	3.44316611180862e-05	0.00212451771485346	3.44316610860034e-05	0.0153228079092622	3.44316611074084e-05
3.65246720835341e-05	0.0108227168661818	0.00313203186921761	0.0179001838712422	3.65246720592695e-05	0.0119806231681809	0.00370913777797447	3.65246720676843e-05	0.840252305012717	0.00471036690088603	0.00574290191223353	0.0619480875292572	0.0149633896502125	3.65246720604908e-05	0.00162476273565681	3.65246720592662e-05	3.65246720598513e-05	3.65246720508966e-05	3.65246720597075e-05	0.00880152291899632	0.000429111150555073	0.0136541365880611	3.65246721265857e-05
3.41908732842866e-05	3.41908732910767e-05	0.00736307563187673	0.015189287941728	3.4190873283241e-05	0.0318878292791164	0.00494990089616635	3.41908732877906e-05	0.838511722878754	3.41908732832409e-05	3.4190873283243e-05	0.0311529105310627	0.0395337872754044	3.41908732824993e-05	3.41908732832418e-05	0.0093480924911428	0.00119089610249843	3.41908734779913e-05	3.41908732912974e-05	3.41908732832419e-05	3.41908732832408e-05	0.0134961141094662	0.00696609238316969
3.62989172716799e-05	3.62989172652801e-05	3.62989172703302e-05	0.0167283412437986	3.62989172702095e-05	3.62989172703301e-05	3.62989172703297e-05	3.62989172844064e-05	0.87122633729564	3.62989172703294e-05	3.62989172703304e-05	0.0459885971001617	0.0394932325564947	3.62989172690789e-05	0.00195986061900441	3.62989172703302e-05	0.00214967504594702	3.62989172728268e-05	3.62989172949185e-05	0.00934692064769861	3.62989172767704e-05	0.0117083170540817	0.000890533595345945
0.00154734299657514	0.00129140413173467	0.0391152552562177	0.0547751882385523	3.30681664053722e-05	0.0114708816068048	0.0644456123276504	0.0738400384630908	0.661489045734886	3.30681664053726e-05	0.00303164690576262	0.0314247970748049	0.00683371191100959	0.019442032296552	0.000189919410267713	0.00431590636861875	0.0219701614977994	3.30681664000911e-05	3.30681664050854e-05	0.00378010062724315	0.000838546154003829	3.3068166405372e-05	3.30681664053729e-05
0.00182288108431475	3.61581474934529e-05	0.00382901643086384	0.0035782617831879	3.61581474853435e-05	0.00568301574892899	0.0043929203653931	3.6158147487345e-05	0.88230547570838	3.68763698260901e-05	3.61581474853379e-05	0.0339796735035532	0.0327900302484495	3.61581474873655e-05	0.00177099012631928	0.00762161750002787	0.00473114752167586	3.61581472867976e-05	0.00258761694792727	0.00918936712114096	3.61581474843229e-05	0.00539184436026602	3.61581475357647e-05
0.00262538307293634	0.00492453001422489	0.0101917901451789	0.00485370820420435	0.012744156034906	0.0305035987434389	4.96124393893049e-05	0.0025501672577444	0.881528995443579	4.96124393893055e-05	4.96124393893095e-05	0.0305714141559707	0.00727970002485177	4.96124393861536e-05	4.96124393893076e-05	0.00392380208668453	0.000626696404800354	4.96124394008087e-05	4.96124393825064e-05	8.43706936792999e-05	4.96124393909083e-05	0.00714434902934047	5.04391733429699e-05
0.000741743522781675	0.00461033687083085	0.0046848759232372	0.034186735484627	0.00471409352237229	3.71639228363576e-05	0.0407597796108689	0.0825506038336229	0.619277735852578	0.0213145565643086	3.1955320940976e-05	0.0291845094254509	0.0208611618034992	0.0708029654942044	0.0155660615548006	0.0134740934884906	0.0153947240009768	3.1955320939257e-05	3.19553209428443e-05	0.00314092286296503	0.0185381596568436	3.19553209409913e-05	3.19553209409915e-05
3.65716279778805e-05	0.0003564537239424	3.65716279768984e-05	0.0110651571638214	3.65716279768904e-05	3.65716279768954e-05	3.65716279768962e-05	3.6571627998055e-05	0.830318290449019	0.00376220742164166	3.65716279768956e-05	0.0570248153137709	0.0551314025927489	3.65716279727837e-05	0.00332831917708528	3.65716279768957e-05	0.00393547359000209	3.65716279825591e-05	3.65716279781273e-05	0.00154378670999751	3.65716279768959e-05	0.00928267565074947	0.0238125586714741
5.04040809311933e-05	0.00311418079146827	5.04040809267005e-05	0.01565707079398	0.0030913241992352	5.04040809267016e-05	5.04040809260711e-05	5.04040809215667e-05	0.839399218133885	5.04040809266992e-05	5.04040809266988e-05	0.0446241662866162	0.0676252592741524	5.04040809414033e-05	5.04040809267e-05	0.00634555383131038	0.00915880121724041	0.000255650771475882	5.04040809543141e-05	5.04040809267002e-05	5.0404080926748e-05	0.0100735216485477	5.0404080926703e-05
0.00158042798259877	3.46902851884817e-05	3.469028516444e-05	0.0136049910306514	0.00432181751658407	0.0184934670232522	0.00224943961498597	3.46902851730772e-05	0.855915042575881	0.00390204083032688	3.46902851657086e-05	0.0391756832720299	0.0329679716413911	3.46902851651669e-05	3.46902851657081e-05	0.00241089955171704	0.0113856023014378	3.46902851572856e-05	3.46902851620798e-05	0.00576618811974433	3.46902851657065e-05	0.00737758408783414	0.000536631885057755
3.64815820707951e-05	3.64815820670218e-05	0.0064043248345814	0.0103057405105622	3.6481582065218e-05	0.00972306669979404	0.0104897371333928	0.00270048341409357	0.82309677902866	3.6481582065217e-05	0.00738684674265782	0.0598084843929643	0.0300654782241101	3.64815820947596e-05	3.6481582065217e-05	0.00286441794549962	3.64815820678631e-05	3.64815820533363e-05	0.0116813602416986	3.64815820652172e-05	3.64815820652234e-05	0.025066242566235	4.22224450700881e-05
3.40227769847217e-05	3.40227769842407e-05	0.0144768818127636	0.0224848002736081	3.4022776985042e-05	0.0306831697659152	3.4022776984251e-05	0.00660553708485804	0.820927883457499	3.418487906689e-05	3.40227769842674e-05	0.0348024067433347	0.0466924246803363	3.40227771414493e-05	3.40227769842401e-05	3.40227769842414e-05	0.00124102690734834	3.40227767481117e-05	0.00106572349349452	3.402277698424e-05	3.40227769842153e-05	0.00545020087352743	0.0151615094814992
0.000147947454956869	0.00196101440657883	3.70198294748839e-05	0.0114152416884344	3.70198294491335e-05	0.00991019072578573	0.00420028528825169	3.70198294798604e-05	0.836280492451326	6.50546848263425e-05	3.70198294775476e-05	0.0780779970102448	0.0259219100375856	3.70198294242107e-05	0.00167885703439607	0.00305716065036864	0.0107585616429626	3.70198290279835e-05	3.70198294910242e-05	0.00380503680143188	3.70198294768813e-05	0.012387071658072	3.7019829476732e-05
0.000560863094515637	2.43397703747733e-05	0.00245145862269135	0.0229322071482719	0.00576998617115619	0.0165008801920477	0.00274501735210122	2.43397703794987e-05	0.881758643478051	2.87869483422699e-05	2.43397703795016e-05	0.0130042855706239	0.0267924614331831	2.43397704368965e-05	0.00181867805133207	2.43397703794989e-05	0.00265265104929579	2.43397705406637e-05	2.43397703925484e-05	0.00904952500040621	2.43397703804239e-05	0.0083519058544429	0.00538793187027512
5.28396401574683e-05	5.28396401007834e-05	5.28396401078263e-05	0.0176273783480546	5.28396401078262e-05	5.28396401078252e-05	0.00660043102668823	0.0010500704077114	0.883714699007423	5.28396401078255e-05	5.28396401251466e-05	0.0490379752251725	0.022027928934707	0.00308395702436394	0.00281265366588453	5.28396401078252e-05	0.00681810202472964	5.2839640128472e-05	5.28396401100875e-05	0.00192927750235984	5.28396401081963e-05	0.00235350563375793	0.00236278515787769
8.57144800819107e-05	0.00177468674917708	3.5978214546571e-05	0.0148809038582493	3.59782145461675e-05	3.59782145465711e-05	0.00327074003445782	0.00132305148234207	0.844797390725227	3.59782145465708e-05	3.59782145465688e-05	0.0579646020275607	0.0333399462942567	3.59782145420856e-05	0.00957403220901067	3.59782145465718e-05	0.0130596042079639	3.59782145413859e-05	0.00147748931167258	0.00579060604799339	3.59782145465704e-05	0.012301450426572	3.59782145257971e-05
0.00115785409782237	3.41643681143175e-05	3.41643681218999e-05	0.0152605845816873	0.0219033608532364	0.00503971689733729	3.41643681218997e-05	0.00320517675303898	0.821852452566208	0.00337021501732499	3.41643681218999e-05	0.0313403609643588	0.064079380245376	0.00582666582747467	3.41643681219015e-05	0.00239849400315083	0.00236286929703886	3.41643683961339e-05	3.41643681090825e-05	0.00217265577022678	3.41643681224797e-05	0.0197227338123689	3.41643681201474e-05
0.00107744902759299	3.62262800685565e-05	0.0034220794648232	0.0119348464619321	3.6226280135808e-05	0.0130207493213869	3.62262801358076e-05	3.62262801410182e-05	0.843213397835265	3.62262801358078e-05	3.62262801358086e-05	0.0365808117482318	0.0609242762829592	3.62262801351829e-05	3.62262801358028e-05	3.62262801358077e-05	0.00644372060922992	3.62262801378309e-05	3.62262800562925e-05	0.00270340415104375	3.62262801358063e-05	0.0202083234558822	3.62262801637175e-05
0.00170942011760686	2.33093380661614e-05	0.0109667801482293	0.0146463505519388	2.33093380656587e-05	0.044300783808603	0.00256613881175153	0.0104753298175031	0.808871029787037	0.0100593608469917	2.33093380657083e-05	0.0256326597976986	0.0210454611407461	2.33093382033284e-05	2.33093380657064e-05	2.33093380657041e-05	0.0145821033682674	2.33093380619643e-05	2.33093380665898e-05	2.33093380657059e-05	2.33093380657061e-05	0.0158192146713847	0.0190922737514499
3.51545217073094e-05	0.0091469411554849	3.51545217078226e-05	0.0133859838584292	3.5154521707396e-05	0.0193231061154664	0.00235463205103287	0.00513289991210022	0.865066446076717	3.51545217078225e-05	3.51545217078205e-05	0.0295296466482962	0.0234462532252218	0.00145275575103595	3.51545217078252e-05	0.005131670243703	0.00385115341665931	3.51545217121601e-05	0.00495558750355732	0.00841129364370653	3.51545217064822e-05	0.00849523970321461	3.51545217095764e-05
0.00076236519051683	5.1508113259745e-05	0.00711653481144623	0.0112957180295335	0.0152992751721098	5.15081132706091e-05	0.00693064066356118	0.00524992826280051	0.832880100414433	5.1508113270609e-05	5.15081132704023e-05	0.0492488504794829	0.0393482536026833	5.15081132709895e-05	5.1508113270609e-05	5.15081132706091e-05	0.00863344922350163	5.15081132601667e-05	5.15081133215386e-05	0.00101587074860792	0.00865965114613027	0.0130442811224543	5.15081132731655e-05
3.64677829868097e-05	0.000617091850418191	3.64677829888448e-05	0.00905508587895364	3.64677829928512e-05	0.00484326506244604	0.00672109226801545	3.64677829884266e-05	0.854140319269585	3.64677829888454e-05	0.00936781285516766	0.0539652426944271	0.0244737226673381	0.00345981741006859	0.00613728856627579	0.00248134043425089	0.0115325945407144	3.64677829885463e-05	0.00740561975753904	3.64677829888448e-05	3.64677829888224e-05	0.00547149669789704	3.64677829906664e-05
3.51496979325824e-05	0.00441767753498513	0.00851318482580052	0.0117529498504637	3.51496979531239e-05	0.0124469469320147	0.0018103180423512	3.51496979427216e-05	0.858579611103641	3.51496979473531e-05	3.51496979473516e-05	0.0428665312846213	0.0273889435091066	3.51496979486221e-05	3.51496979473516e-05	0.00220248774722298	0.00547876100168575	3.51496979131665e-05	3.51496979428788e-05	0.00672064676291468	3.51496979473504e-05	0.0127362085158784	0.00473423590989139
3.51591277519371e-05	3.51591277526765e-05	0.00475784378824025	0.0162727667064351	0.0116603492377211	3.515912775261e-05	3.51591277530945e-05	0.00579434543136411	0.856229833012328	0.00156495338718428	3.51591277534955e-05	0.0330650544646065	0.0402276884346535	3.51591277543075e-05	3.51591277534675e-05	0.00169675519893324	0.00609753045226593	3.51591273911915e-05	3.51591277472545e-05	0.00338973342764878	3.51591277541831e-05	0.00816112040686337	0.0107304347745915
3.48486905039321e-05	3.48486904890164e-05	3.48486904903601e-05	0.0264293925418276	3.48486904903595e-05	0.00283995269931764	3.48486904905071e-05	3.48486904888859e-05	0.868240313468023	3.48486904903603e-05	3.48486904903512e-05	0.0376041566217902	0.0340978013781396	3.48486905728253e-05	3.48486904903638e-05	3.48486904903592e-05	0.00326436339555041	3.48486903217976e-05	3.48486904908595e-05	3.48486904903599e-05	3.48486904903563e-05	0.00785791610957414	0.0191433734284967
0.000620928690130364	0.013704504820691	3.50226939607623e-05	0.0169019735306417	0.000411276386884987	0.000151601466857603	0.00194170359119355	3.50226939607601e-05	0.824208389650062	5.99930227530205e-05	3.50226939648194e-05	0.0736574853196865	0.0351844807542888	3.50226939595483e-05	0.00233900818738622	3.50226939607606e-05	0.0150525327248419	0.00124252474416501	3.50226939934884e-05	3.50226939607605e-05	3.50226939608316e-05	0.0142083928647347	3.50226939607498e-05
3.60493677057136e-05	0.0121676295008731	0.00556738092361235	0.0073865652120816	3.60493676950111e-05	0.0179525929753603	0.0165505639913033	0.000147324706879748	0.838353589440422	3.60493676905396e-05	3.60493676905529e-05	0.0455512355279907	0.0311054637991328	3.60493676887709e-05	0.000252809711003342	3.60493676905396e-05	0.0141983256702515	3.60493676874009e-05	3.60493676994229e-05	0.000473226357845918	3.6049367690568e-05	0.00993279850631208	3.60493676923382e-05
0.000107822064661097	3.74053731906853e-05	0.00672076911193457	0.00242203838174594	0.000392552881832553	3.74053732219027e-05	0.0075315145443701	0.000509023777958623	0.864882838356063	3.74053732219022e-05	3.74053732211134e-05	0.0578023086351678	0.0253381081315509	3.7405373223663e-05	3.74053732219017e-05	0.00472881214123847	0.00582961856034004	3.74053732224736e-05	3.74053732093762e-05	0.00381924648990956	0.0122214132172186	0.00735728534705234	3.74053732237686e-05
2.17977284787001e-05	0.00913813552968817	0.0458752010805754	0.0232153163113365	0.00201571291866939	0.0653272099417126	2.71182204540662e-05	0.110840353455305	0.671790700833449	2.17977284797255e-05	2.17977284797256e-05	0.031376279747033	2.17977284797258e-05	0.000680069254069817	2.17977284797325e-05	0.00020085614036092	0.01872323362229	2.17977284801226e-05	2.17977284800474e-05	2.17977284797244e-05	0.0205718356602586	2.17977284797252e-05	2.1797728479736e-05
3.54214160556478e-05	3.54214160481613e-05	0.00323277871865808	0.0175292728374387	3.54214160441142e-05	0.00645459042701241	3.54214160442262e-05	3.54214160496087e-05	0.863665431242738	3.54214160442256e-05	3.54214160442249e-05	0.0286387924000535	0.0533676779144482	3.54214160455661e-05	3.54214160442266e-05	3.54214160442256e-05	0.0019789233495685	3.54214160163107e-05	3.54214160690704e-05	3.54214160442257e-05	3.54214160442258e-05	0.0111426266750334	0.0134940066104114
3.47982651953421e-05	3.47982652027089e-05	3.47982651926202e-05	0.0109391685088985	3.47982651926246e-05	3.47982651926207e-05	3.47982651926199e-05	3.47982651983056e-05	0.850995522187644	3.47982651926223e-05	0.0114801477661068	0.0378056111553139	0.053500064325676	3.47982651992645e-05	0.00219960409333609	0.00230589198057435	0.0113147088218363	3.47982651883594e-05	0.00302013064889892	0.00559544124690596	3.47982651925689e-05	0.0061887958371158	0.00427213251055428
3.52169138781188e-05	3.52169138687227e-05	3.52169138857862e-05	0.0298136726165146	0.00073973759512407	3.5216913885786e-05	3.5216913885786e-05	3.52169138874301e-05	0.857531878145548	3.52169138857847e-05	3.52169138857564e-05	0.0525246774238317	0.0348744733346497	0.00286926994757262	3.52169138857882e-05	0.000399817287586369	0.00641712779997931	3.52169138977373e-05	3.5216913888514e-05	3.52169138857858e-05	3.5216913884543e-05	0.00600673007855274	0.00836479589013493
3.3694074153998e-05	3.36940741690348e-05	0.0150756669692523	0.00679627587096943	0.0452431013787099	0.0602996687676805	5.12750160678594e-05	0.0399451716463982	0.766642779182123	3.36940741657472e-05	3.36940741657308e-05	0.0520171500370211	3.36940741657469e-05	3.36940741662955e-05	0.000394679261181518	0.0017931197449658	0.00446638297428556	0.00108492842784124	3.36940741639594e-05	3.36940741657462e-05	3.36940741657469e-05	0.00585285998185394	3.36940741674297e-05
3.6983128911551e-05	3.6983128938057e-05	3.69831289132141e-05	0.00801502034821155	3.69831289543401e-05	3.69831289132134e-05	0.00431503618870591	0.00454328431301624	0.863473341372499	8.38905498206606e-05	3.69831289132132e-05	0.0389723707294276	0.0327096465800509	0.00291344305036918	0.00323657639749311	3.69831289132143e-05	0.0241778827702848	3.69831289213569e-05	3.69831288322754e-05	0.0103677228470094	3.69831289132113e-05	0.00472053290445907	0.00210142065952872
3.51533963217063e-05	0.00556126717203684	3.51533963321671e-05	0.0130710797577348	0.013506573801524	3.51533963321689e-05	0.000993116080891921	3.51533963348497e-05	0.86883388080083	3.54056107817859e-05	3.51533963321667e-05	0.0452044114484782	0.0180707496790548	3.51533963227364e-05	3.51533963321679e-05	3.51533963321669e-05	0.0128621098973695	3.5153396324894e-05	3.51533963365226e-05	0.00211528012623551	0.00410995228853763	0.00721502465225693	0.00806961472096608
0.000448149290943897	3.35339204690913e-05	0.00724951023040171	0.0276318598697896	0.0136980590975381	3.35339204690911e-05	0.000215446651610436	0.00026052892796211	0.821519607414546	3.35339204690908e-05	3.35339204690861e-05	0.0494551957900483	0.02868932743006	3.35339204690156e-05	0.00880819409007257	3.35339204690911e-05	0.00177014576048283	3.35339202784839e-05	3.35339204726095e-05	0.0133397494642502	3.35339204690904e-05	0.0170658898361244	0.00954653086213467
0.00183322415954532	3.5168907882937e-05	0.00244824433832998	0.00908248600655557	3.51689078708056e-05	3.51689078696823e-05	3.51689078715876e-05	0.000145551474351606	0.870087929335956	3.51689078701723e-05	3.51689078701797e-05	0.0298721060563629	0.0490800212882214	3.51689080320171e-05	3.51689078701727e-05	0.00526443455058748	0.00450087878983193	3.51689082238682e-05	3.51689078592151e-05	0.0135060429322556	3.51689078708023e-05	0.0137570541730388	3.51689078719275e-05
0.000177206914875014	0.0102423404199878	0.000310304765969833	0.00321646385034235	0.0279444517646323	3.46191883964616e-05	0.0271039102179923	0.0167672917738474	0.786227641688607	0.0171953601770113	3.46191883964562e-05	0.0298034683190684	0.0263651076774683	0.00249026676470512	0.0177367830210556	0.00411814997512304	0.00458362554807391	0.000626531149437456	3.46191883867507e-05	3.46191883964607e-05	0.0212007571223553	0.00371724290747315	3.46191883981882e-05
3.41669141760443e-05	3.4166914189182e-05	0.0242430159177705	0.00961043528641213	3.41669141815917e-05	0.0892828641190507	0.00135915829699285	0.0178103091456887	0.801653645994911	3.41669141767005e-05	3.41669141767001e-05	0.0227580026784331	3.41669141766979e-05	3.4166914259072e-05	3.55569571744614e-05	0.00468491779073716	0.00325686508985796	3.41669142865675e-05	3.41669141957751e-05	0.00133349192900833	3.41669141766983e-05	0.0135440491469366	0.0100860185050314
0.000888842051469153	3.50356208576479e-05	3.50356208770079e-05	0.013869707141064	0.0100564802931146	0.0128360369822918	5.80972030582061e-05	3.50356208719605e-05	0.853951869647127	3.50356208711144e-05	3.5035620871128e-05	0.0473125067881287	0.0394655811885188	3.50356208684456e-05	3.50356208711118e-05	0.00177206056995857	0.0145718555965476	3.5035620888038e-05	3.50356208705768e-05	3.50356208711122e-05	3.50356208694072e-05	0.00479653508826197	3.50356208720892e-05
3.45574740317111e-05	3.45574740416993e-05	0.0131991537613083	0.0142688477825384	3.45574740390904e-05	0.0335223780523512	3.45574740391357e-05	3.45574740373585e-05	0.830335239770888	0.00215736857445786	3.45574740391403e-05	0.0483592476746227	0.0162210813128521	3.45574741180246e-05	3.45574740391352e-05	3.45574740391355e-05	0.0171290505517394	3.45574734819804e-05	3.45574740331205e-05	0.00456217557875362	0.00136182527329053	0.0126856368373134	0.00581786261594527
0.00163063346540474	0.00197954952203976	0.0330381551951598	0.0138819746985538	0.03501619854509	0.0133909258146147	0.0144408506866745	0.0284987832649654	0.794326636129139	3.48949828361013e-05	3.48949828361038e-05	0.0277980118042981	0.0137092579090003	0.00455439298660108	0.00831985567392635	3.48949828361012e-05	0.0091007194591891	3.48949826503187e-05	3.48949828380003e-05	3.48949828361004e-05	3.4894982836136e-05	3.48949828361003e-05	3.4894982837842e-05
3.46042562225116e-05	3.46042562225171e-05	0.0112761811051379	0.0064988291885025	0.00399415383120583	0.015882916858348	0.00184082760188761	0.00384847313106478	0.823345967249794	3.46042562251786e-05	3.46042562251742e-05	0.0305510781237063	0.0559432928057823	3.46042560317103e-05	3.46042562251775e-05	0.00398712579002633	0.0170859202129489	3.46042562827656e-05	3.46042562803343e-05	3.46042562251787e-05	3.46042562251782e-05	0.0253645872831571	3.46042562721877e-05
0.00646979558574015	3.39782963837998e-05	3.39782963842962e-05	0.0209982605806493	3.39782963838118e-05	3.3978296383803e-05	6.42181799443843e-05	0.00418118772857862	0.804237741435989	0.00464921147702854	3.39782963838198e-05	0.0735359447736354	0.040718801306922	0.0106178215411644	3.39782963838128e-05	0.00334537159028516	0.00340194608269679	3.39782963847783e-05	3.3978296392326e-05	3.39782963838125e-05	3.39782963838109e-05	0.0109379789049334	0.0165019378485842
3.61212617678523e-05	3.61212617658813e-05	0.00666646191382827	0.0133425523243092	3.61212617737802e-05	0.0105915596828036	0.000289185687421662	3.61212617704003e-05	0.855161062808018	0.000764355335103256	3.61212617737972e-05	0.0604518010751459	0.0288001976375545	3.61212617813333e-05	3.61212617737785e-05	0.00428481221224433	0.00170673657295168	3.61212617697104e-05	3.61212617735745e-05	0.00920908973247999	3.61212617761747e-05	0.00833485113863778	3.61212617755814e-05
3.45640831239381e-05	0.00436862982157854	3.45640831238931e-05	0.00253611943521508	0.00905171731618998	0.0056290924884917	3.45640831238923e-05	3.45640831239271e-05	0.841323987860009	0.0102586517846109	3.45640831235567e-05	0.0606209569630215	0.025018512420467	3.45640831226103e-05	3.45640831238929e-05	3.45640831238912e-05	0.0248927950094699	3.45640831279789e-05	3.45640831304854e-05	3.45640831238981e-05	3.4564083123896e-05	0.0158502038203267	3.4564083123915e-05
0.00422573582549202	3.53640820752904e-05	3.53640820944978e-05	0.00970110012991061	0.00347302201767612	3.53640820940866e-05	3.53640820944977e-05	3.5364082099608e-05	0.865030383854989	3.53640820944973e-05	0.0033290825122326	0.0460044659797465	0.0314406768454825	3.53640820032261e-05	3.53640820945015e-05	0.00404869742768789	0.00107737254047	3.53640820850972e-05	0.00355363400511153	3.53640820944971e-05	3.53640820945513e-05	0.0163471372893368	0.0113796866689403
0.000454014424214469	3.71156127246162e-05	3.7115612719947e-05	0.0186543464805879	0.0106005028595707	3.71156127199698e-05	0.00878785792068279	3.71156127199676e-05	0.828209882231525	3.71156127199675e-05	3.71156127199673e-05	0.0779093739747794	0.0342692220838057	3.71156127206253e-05	3.71156127199673e-05	3.71156127199671e-05	0.00851186368862713	3.71156127264937e-05	3.71156127106383e-05	3.71156127199671e-05	0.00801868070585272	0.00410175266498985	3.71156127218192e-05
0.000398276828359641	3.80027843718959e-05	7.83333937667505e-05	0.00388107030145272	3.80027843946004e-05	3.80027843946001e-05	0.0201623393695401	0.00206431187737971	0.872445534595164	3.80027843945996e-05	0.0121780401020952	0.0413531035783761	0.020385189868283	3.80027843890473e-05	0.00523066920250269	3.80027843945997e-05	0.00409581188767306	3.80027844033919e-05	3.80027844071887e-05	0.00597079602279304	0.00321556656080744	0.00819893135228731	3.80027843695351e-05
0.00611678380443448	3.57872418394921e-05	3.57872418398183e-05	0.0165621519820651	0.0137594122779716	0.00274955102624296	0.00356973835510511	3.57872418394946e-05	0.844122050323224	3.57872418394962e-05	3.57872418394937e-05	0.0384501842377091	0.042049043356778	3.57872418363018e-05	3.5787241839496e-05	3.57872418394955e-05	0.00651578845418655	3.57872418433247e-05	3.57872418326882e-05	0.00229362363851634	0.0182880700121376	0.00255860467673401	0.00260712543650574
3.84314518881117e-05	0.0142818929157274	0.00135041162713311	0.0221886407648163	3.47615623816415e-05	0.017688066304474	3.47615623876369e-05	3.4761562389454e-05	0.879321664078696	3.47615623876369e-05	3.47615623876295e-05	0.0228299781868155	0.020426027835843	0.00218336882715395	3.47615623876369e-05	3.47615623876352e-05	0.00555171077525518	3.47615620086753e-05	3.47615624181315e-05	0.00693258726969756	3.47615623885717e-05	0.00682484277662362	3.47615623512582e-05
0.00124824275939381	3.61152893696683e-05	0.0035008980378959	0.00745662938330486	0.00443223569231365	0.0119271634790703	0.0037804762606926	0.00322002370349437	0.872529769082465	3.6115289375917e-05	3.61152893759171e-05	0.0243240574638547	0.0171692722920307	3.61152893766697e-05	3.61152893759155e-05	0.00269871267504095	0.00990604325448314	3.61152891595678e-05	3.61152893947612e-05	0.0102198468921964	0.0217981134989319	0.00549959321002537	3.61152893777184e-05
5.32827492928275e-05	0.0024916425057994	5.32827492953743e-05	0.00971141042088672	5.32827493030108e-05	5.32827492953748e-05	0.00513762507468029	5.32827493091103e-05	0.831910205772222	5.32827492953731e-05	5.32827492953654e-05	0.0573785205729962	0.0517741576472971	5.3282749294924e-05	5.32827492953714e-05	0.00479743040912061	0.00577226615554288	5.32827492994139e-05	5.32827492929128e-05	0.0048789216832309	0.00136921634160466	0.0241392104250526	5.32827492980328e-05
5.09297615561474e-05	5.09297615592603e-05	5.09297615346333e-05	0.0120521035798731	5.09297615381346e-05	5.09297615346344e-05	5.09297615337126e-05	5.09297615470141e-05	0.848391209538385	5.09297615346337e-05	5.09297615364587e-05	0.0427069677566956	0.0542046971914811	5.09297615266965e-05	0.00881541540271046	0.00202657022468904	0.00826084862136178	5.09297621237109e-05	5.09297615079471e-05	0.000740809436707279	5.09297615347431e-05	0.0220883615859923	5.09297615371752e-05
5.30222339508718e-05	0.0123358191809654	0.0024660471795935	0.0197902683524665	5.30222339223753e-05	5.3022233892739e-05	0.00610979405150395	5.30222339003053e-05	0.873020890915347	0.00709462491503243	5.30222338927356e-05	0.028429561635092	0.0370853428762492	0.00146192502473318	5.30222338927408e-05	0.00799118165551589	5.30222338774918e-05	5.30222341061244e-05	5.30222339199106e-05	5.3022233891599e-05	5.3022233893614e-05	0.00357827740659006	5.30222337706463e-05
3.61918313042877e-05	3.61918313127822e-05	0.0020705118906998	0.0134155275141664	3.61918313123727e-05	3.61918313042836e-05	0.00350696869667858	3.61918312948227e-05	0.825014688890453	3.61918313042886e-05	0.00110178708951147	0.065431152239207	0.0342238912138157	3.61918312535817e-05	0.00356665358424121	0.00225172525412964	0.00343880231937975	3.61918313031518e-05	0.00444548428466497	0.00524693518560781	3.61918313033855e-05	0.0258069131027941	0.0101532322529576
3.36808736575463e-05	3.36808736577067e-05	0.00858037505592283	0.00190498356813226	0.000356436701898962	0.0429408663804735	3.36808736551922e-05	3.36808736551829e-05	0.851745591229506	3.36808736551918e-05	3.36808736542429e-05	0.0299814491870718	0.019050242025996	3.36808736564898e-05	0.00135151300361766	0.00418557610046591	0.00882019354048081	0.000614189807710437	3.36808736358045e-05	3.3680873655192e-05	3.36808736552198e-05	0.0140741052637558	0.01605766939843
0.00109165293537172	3.61223976815027e-05	0.00965823515903338	0.0207713022790369	3.61223976746943e-05	3.61223976746953e-05	0.00827419204811073	0.00448760590026402	0.857739685572776	3.61223976746954e-05	0.00262458785262751	0.0402116030875255	0.042180521616626	3.61223976708903e-05	3.61223976746944e-05	0.00141230544779074	0.00739865982398019	3.61223979681352e-05	3.61223976765657e-05	3.61223976746944e-05	3.61223976746955e-05	0.00375230190215703	3.61223976549742e-05
3.48820907734718e-05	3.48820907921204e-05	0.0187450073348334	0.0257126093701929	3.48820907819967e-05	3.48820907775802e-05	0.00296548688199222	3.48820907928242e-05	0.833035959157719	0.00123655037207562	0.0046267928365256	0.0463793029839358	0.0450625298530264	3.48820908614009e-05	3.48820907775799e-05	0.000230808471554422	0.00641068799273499	3.48820904993647e-05	0.00146581839440605	3.48820907775802e-05	3.48820907778703e-05	0.0137447433526124	3.48820907792736e-05
3.45090471178051e-05	3.45090471019313e-05	3.45090471081966e-05	0.022769191481512	3.45090471081984e-05	3.45090471081993e-05	0.00446446297561389	3.45090470945793e-05	0.852136546604441	3.45090471082002e-05	3.45090471077993e-05	0.0550154461467855	0.0447688021753806	3.45090471106115e-05	0.00417965728396725	0.00321435808935571	3.4509047124289e-05	3.45090471190296e-05	3.45090471488429e-05	3.4509047108198e-05	3.45090471074456e-05	0.0129338995362836	3.45090470869733e-05
3.63050720973426e-05	3.63050720775041e-05	0.00601574977869946	0.0159727317688758	0.00220229613342117	0.00712123892734459	0.00877587841367361	3.6305072099343e-05	0.858935693123734	0.00995176458282012	3.63050720993435e-05	0.0366631254589833	0.0228508785599935	0.000296771162841381	0.000846973547042335	3.63050720993425e-05	0.0111240726561076	3.63050721003247e-05	3.63050720874577e-05	0.00180239128664544	0.00738977656246025	0.00437504644436092	0.0054214760883357
0.000164399153470722	3.55976408197567e-05	3.55976408087237e-05	0.0193918259189574	3.5597640809839e-05	3.55976408087232e-05	0.0037028077511413	3.55976408236796e-05	0.831501915668006	0.000959174487265245	3.55976408087288e-05	0.0854904973611591	0.0426978597410968	3.55976409731898e-05	3.55976408087239e-05	3.55976408087238e-05	0.00256671533841453	3.55976413158403e-05	3.55976408011338e-05	3.5597640808723e-05	0.00523353725216682	0.00782849799711546	3.55976408104731e-05
3.70852048732665e-05	0.00137352920879111	3.70852048556209e-05	0.0102525754931508	3.70852048558222e-05	3.70852048556223e-05	0.00882880495586972	3.70852048503816e-05	0.840202579811528	3.70852048556212e-05	3.70852048556208e-05	0.0566840974154173	0.0568877316927028	0.00255162603802406	0.00315013204743598	3.70852048556213e-05	0.0102040943946923	3.70852048502262e-05	3.70852048558161e-05	0.00248637833846789	3.70852048556207e-05	0.00693342814572308	3.7085204777623e-05
0.000259287098137316	3.60887533877563e-05	3.60887533738597e-05	0.00763329920812598	3.60887534021003e-05	3.60887533837196e-05	0.00329600400395052	0.000205530280445695	0.862913370053643	3.60887533837147e-05	3.60887533837092e-05	0.0597110626322134	0.0270955760032082	3.60887534020365e-05	0.000366794511425321	3.60887533837135e-05	0.013314836115944	9.19361220076338e-05	3.60887533811454e-05	3.60887533837144e-05	3.60887533837151e-05	0.0162584826811124	0.00845684500253745
0.00110043310157856	0.00074698232279565	0.00230307964397055	0.0123673145015129	3.5577762916069e-05	3.55777629160784e-05	3.55777629160785e-05	0.00100258087334553	0.883459241205776	3.55777629160796e-05	0.00111115284285747	0.030822935172495	0.0360203672917204	3.55777629187766e-05	3.55777629160785e-05	3.55777629160781e-05	0.00446552931842165	4.8618477643796e-05	0.00213669259317777	0.00393865968974189	3.5577762915476e-05	0.00571411499628953	0.0144776758653427
3.37757559457184e-05	3.37757559497072e-05	0.0211495663155842	0.0237306043082903	3.37757559359275e-05	0.0547732681103864	0.00236527317385808	0.0146327792132581	0.83038563433093	0.00216461177318105	3.37757559359189e-05	0.0314132092620578	0.00837397897245518	3.37757559379971e-05	3.37757559359269e-05	3.37757559359256e-05	0.0018567798003767	3.37757559425405e-05	3.37757559123068e-05	3.37757559359262e-05	3.37757559359277e-05	0.00874898566838204	3.37757559359264e-05
3.6428038876698e-05	0.00243221255457259	0.010476712445463	0.00641495696578408	3.64280388902566e-05	3.64280388908178e-05	0.0178138172560067	0.00949205694329804	0.830409024014704	3.64280388908194e-05	3.64280388908197e-05	0.0253249788149226	0.0412443159803946	0.00116489998997538	3.64280388908206e-05	0.0100582338980834	0.013039315736641	3.64280391157569e-05	3.64280388764508e-05	0.000754987945506155	0.0145890593204574	0.00805053348475991	0.00844347033810936
0.000643561067131941	5.02165675052672e-05	0.00557442022728712	0.0156789094312895	0.00407745560407025	5.0216567517838e-05	0.00278952939024782	0.00226879096979438	0.852673720282665	5.02165675178375e-05	5.02165675178046e-05	0.0481213984380117	0.0331100728345351	5.02165675158754e-05	5.02165675178381e-05	0.00236261454219323	0.0148285552174695	5.02165678956273e-05	5.02165675244204e-05	0.00307412863554381	5.0216567516565e-05	0.0109833773369914	0.00336151691474018
3.38918752037094e-05	3.3891875203563e-05	0.00603269122662338	0.00640801174117416	0.0284105960543946	0.00585163982996142	0.00240500538518052	3.3891875199459e-05	0.830696458889137	0.00457624888494454	3.38918752038491e-05	0.0280973603753483	0.05158820937324	3.38918753622452e-05	3.38918752038455e-05	3.38918752038441e-05	0.000618645768240827	3.3891875201723e-05	3.38918752077982e-05	0.0120031251446212	3.38918752038452e-05	0.0180343783918938	0.00493871018304695
0.000204394118856942	0.00698388105577677	3.35693011207491e-05	0.0105912704938279	0.00859972317303207	0.0446776776071599	3.356930112075e-05	3.35693011131419e-05	0.829201771220283	3.35693011207503e-05	3.35693011207528e-05	0.0261406515743461	0.024939299161655	3.35693011187528e-05	0.00520007613877415	0.00240780075973303	0.00780135953966448	3.35693011189329e-05	3.35693011263487e-05	0.0033474246985656	3.35693011200523e-05	0.0295597093936042	4.28373546400879e-05
3.56808459516049e-05	3.56808459434048e-05	3.56808459523397e-05	0.0170369615212893	3.56808459516515e-05	0.0162854877121212	0.0222280687468492	3.56808459523405e-05	0.824617875115627	0.0115166963246831	3.56808459523404e-05	0.0382551842384626	0.018749997921059	3.56808459510133e-05	3.56808459523407e-05	3.56808459523398e-05	0.0103821915036725	3.56808459382347e-05	0.00266591810228527	3.56808459523407e-05	0.0217812913328004	0.0160436318317961	4.42063439041061e-05
0.00289542035234786	3.62768882543318e-05	0.00709780242204597	0.00614865582217556	3.62768882399447e-05	0.00487112512850486	0.00475357659983446	3.62768882328369e-05	0.84638733413554	3.62768882399437e-05	3.62768882399415e-05	0.0649062712746533	0.0236338651064942	3.62768882441071e-05	3.6276888239944e-05	0.00579970811214468	0.0170855083031733	3.62768882623709e-05	0.00465444319117768	0.00101750237149989	3.62768882399051e-05	0.0101563133187561	0.000265981867458279
3.5872272129238e-05	0.00975867834328938	0.00846073334813365	0.00997156638309313	0.0189905938890756	3.58722721220975e-05	0.0045133243623458	0.00162395224127168	0.844373804981112	0.00454599350292168	3.58722721221007e-05	0.0247746426709996	0.0518453271368795	0.000355800920022905	0.00279594327577284	0.00336623014364015	3.58722721217712e-05	0.00118399280417194	3.58722721439078e-05	3.58722721225974e-05	0.0050831404964212	0.00810516959598293	3.58722721042154e-05
3.51037603161189e-05	3.51037603183185e-05	3.51037603180356e-05	0.0234211139806138	0.00781101588803132	0.000421486854986076	0.0052029374908625	3.51037603176514e-05	0.789110954073778	0.0210298313112199	0.00308800276969477	0.0888933043286597	0.0230696908794119	3.51037603184197e-05	0.001556359251233	3.51037603180375e-05	0.0295189967979027	3.51037603373534e-05	3.51037603175716e-05	3.51037603180369e-05	0.00251228830423374	0.00401298046617544	3.51037603180371e-05
0.00384912129964565	0.00101299900975364	0.00663917014974721	0.00108346708512658	5.32781046458054e-05	0.000376941330608157	0.0107657048564073	0.00151218239128127	0.823410952990531	5.327810463805e-05	5.32781046380529e-05	0.0562449743404472	0.0606682624908541	5.32781045714472e-05	5.32781046380505e-05	0.00275759553823229	0.0131917281135147	5.32781046282151e-05	5.32781045875027e-05	0.00250274502759235	5.32781046380407e-05	0.0152913705968341	0.000266559942439853
0.00302123960394367	3.55980433974131e-05	0.0153082566508645	0.00439722628973266	0.0039632976094652	3.55980434119749e-05	0.044137823730819	0.0101784547366635	0.815016816896915	0.00658353897935562	3.55980434119758e-05	0.0304427631629681	0.0105179019318236	3.55980434017965e-05	0.000549379492613384	0.00288213115339176	3.55980434074749e-05	3.5598043403145e-05	0.00557495936828241	0.00609535825615671	0.026048646951028	0.00237294679889193	0.0126956701266517
3.33475838075064e-05	3.33475838169763e-05	3.33475838090921e-05	0.0110821029920352	3.33475838024871e-05	0.00698616668931926	3.33475838090921e-05	3.33475838175198e-05	0.85281360383334	0.0146416378332207	3.33475838084046e-05	0.0672753050345811	0.0298165373363459	3.33475838118434e-05	3.33475838090852e-05	0.000332541320422287	0.00571201514883603	3.33475838127098e-05	3.33475837666996e-05	3.33475838090911e-05	3.33475838090801e-05	0.0108732236386	3.33475838107565e-05
0.0019880634076286	0.00435884459782509	3.42025596151245e-05	0.0261198307799203	0.00450729763287498	3.42025596151263e-05	3.42025596151248e-05	0.00261495985240529	0.847328687670891	0.00680387247036088	3.42025596151147e-05	0.0413741998437351	0.0406222782643348	3.42025596471774e-05	3.42025596151239e-05	3.42025596151243e-05	0.00344710394100956	3.42025596174291e-05	0.00170078326280137	0.00162939757415158	3.42025596151224e-05	0.0169706152802659	0.000226242385224874
0.000985284114303395	0.00146993763369604	0.00173568279417913	3.54518978691476e-05	0.0152273764435917	0.0228150767107848	3.65344895551641e-05	0.00199206216031826	0.83272055684655	0.00389454127768969	3.5451897884317e-05	0.06321046397426	0.0156429159011282	3.54518978839368e-05	0.00337977810386434	0.00629986206183947	0.00928777404056475	0.00205641638921048	3.54518978747521e-05	0.00858923941080112	3.54518978843385e-05	0.00765714378772493	0.00282209437054229
3.13885180719199e-05	0.014951591668582	0.0721533152687512	0.0668902001453603	0.0059093654824082	0.0207809240305429	0.0438286586210149	0.0835905101667929	0.578557053681421	3.13885180708711e-05	0.0148826454868198	0.048750236149125	0.0014584892388006	0.0196980472097146	3.13885180708709e-05	0.00333818224101762	0.0127640956143527	0.00216068692032984	3.13885180708717e-05	0.000440878036943704	0.00965678892959635	3.13885180708712e-05	3.13885180708707e-05
0.00186818509769965	0.00268525157814793	0.0108133404744594	0.00201415605130076	0.00167072740623005	3.45625202315016e-05	0.00166414146202828	3.45625202280218e-05	0.853199540186911	3.45625202315012e-05	3.45625202315667e-05	0.0309851017538108	0.0450992737052729	3.45625202255733e-05	3.45625202315015e-05	0.00616223882005377	0.0152759843431714	3.45625202280151e-05	3.45625202341643e-05	0.000819086294677055	3.4562520231504e-05	0.0202050684656714	0.00722684167849187
