Bcells	CentralVeinEndothelialcells	Cholangiocytes	Hepatocytes	Kupffercells	LSECs	Mesothelialcells	PortalVeinEndothelialcells	Tcells
0.00348590035370477	0.01570033215952	0.00127134869715431	0.846963214865112	0.0709365109607891	0.00346603740044741	0.000133149623728049	0.0174008210182356	0.0406426849213088
0.00932144911706277	0.015750908795636	0.000130184518922495	0.816591951602367	0.0944449607896729	0.0179792565175412	0.0146918080303184	0.0182795623585061	0.0128099182699729
0.0225718781732139	0.0162741083665958	8.89509365268745e-05	0.83484436827826	0.0458522611019533	0.0310916878846391	0.003992623473474	0.0193436316482377	0.0259404901370994
0.00549558447978815	0.0180097018256576	8.85681416864725e-05	0.845571904980931	0.0710000379909474	0.0156761927815175	0.0201612494198118	8.85681416818224e-05	0.0239081922379785
0.0255288988277057	0.0334437722519993	0.000376123254929318	0.825813659881214	0.080654315498518	0.00013472174242408	0.00565972138929137	0.00536938872939519	0.0230193984245235
0.0069111347228725	0.0439089650556023	8.79935423894166e-05	0.837786670000918	0.0352496105602828	0.0393487328577514	0.0248531143637798	8.79935423930215e-05	0.011765785354011
0.00013277124470015	0.0238176086776769	0.000132771244695657	0.851606329906196	0.0632877708475072	0.0273716627778035	0.0120617884348656	0.00124973110706358	0.0203395657594915
0.119121813478926	0.000118848462484442	0.0817153832263559	0.622947729800687	0.0514364730065432	0.00194461161630473	0.0622278709205514	0.0406914009067666	0.0197958685813816
0.000130179039445703	0.0196805272279656	0.000130179039442448	0.876879667063202	0.0424273376945368	0.020551462902263	0.0101932322650743	0.0113988133253995	0.0186086014426709
0.00570523988917261	0.0316803864168135	8.84619907915831e-05	0.891597018421008	0.0342523780736902	0.00399621123647609	0.0165538310973942	8.8461990797301e-05	0.0160380108838564
0.0962267341030623	0.0409164603854298	0.0603138538143684	0.588199881390829	0.047952529856399	0.000115388247248793	0.0693915246832673	0.0850824843759029	0.0118011431434924
0.000133836274976209	0.00648792842900998	0.000133836274948415	0.801008719144157	0.0704899221331584	0.057686151892496	0.0108638318045671	0.000133836274970056	0.0530619377717173
0.0325893692145127	0.0203770244333958	0.000128074705170365	0.812835419104751	0.0546497954604865	0.0629143102483968	0.00733159774618647	0.000128074705181576	0.00904633438191862
0.0185949654239494	0.0381997461532171	8.71688723282009e-05	0.868478193732249	0.039531871011617	0.0234752847292462	8.71688723370036e-05	8.71688723340529e-05	0.0114584323327221
0.0125330821946685	0.0213719135107662	0.00385160654763695	0.781179452200248	0.0896154994581782	0.0251068153437483	0.0253627154769364	0.000135173844398887	0.0408437414234184
0.00385133790517924	0.0535611462094027	8.72252640784898e-05	0.817932080074856	0.0518425584270672	0.0413916228836315	0.0128082775758212	8.72252640806494e-05	0.0184385263958829
0.0113135015089556	0.00370602526142795	0.000136449534778855	0.81745247196922	0.110034495108704	0.0197004624667554	0.00154665197082355	0.0205965519676252	0.0155133902117099
0.0121648591204179	0.0316882077639996	8.87012000924396e-05	0.902087802012784	0.00300001006427897	0.0120470838583342	0.0241390571239936	8.87012000905241e-05	0.0146955776560084
0.0109363686592056	0.00222243682020378	0.00232012064356518	0.875244474256662	0.0586439922789924	0.0189364441372963	0.00234998740289588	0.00014002027547339	0.0292061555257056
0.0217604604485567	0.00497795527240761	0.000132703420496947	0.832493802427432	0.0744023775325251	0.022652519229754	0.0109034987172973	0.0116087418300968	0.021067941121434
0.0234334923860168	0.0262253085686299	0.00104304843687721	0.819559882707315	0.0392487502222126	0.0430065013964743	0.022051276280256	0.0119336298007158	0.0134981102015024
0.000131772674316446	0.0243326438886392	0.000131772674289668	0.822740676940512	0.0439424575190954	0.0552202582946137	0.017009809866963	0.00686803471939667	0.0296225734221738
8.26740154001513e-05	0.084659982009661	8.26740153980667e-05	0.810322332095222	0.0373541705140411	0.00741399340120019	0.0331231653538409	8.26740153996441e-05	0.0268783345798371
0.0200378512634302	0.0446486931603848	9.14757245854661e-05	0.847688738964832	0.0393373395422085	0.00944536174760362	0.00921254695516344	9.14757245783422e-05	0.029446516917214
0.0195777667068512	0.000134408969631391	0.000134408969628818	0.828546557126774	0.0658247452760633	0.0416889076301661	0.0199207603233619	0.0240380360278913	0.000134408969631391
0.0193153497886911	9.44794716911628e-05	0.00548807535687641	0.818842866797	0.0724338931023974	0.0203815476986408	0.0120154766641934	9.4479471686509e-05	0.0513338316488235
0.00961672167599667	8.82805005244626e-05	8.82805005227638e-05	0.86053803527665	0.0502513188325656	0.0289002771107802	0.0124444742430106	0.0177450220166224	0.0203275898433279
0.00674912751716316	9.32316717358028e-05	9.32316717283169e-05	0.862191994774791	0.0485813454611196	0.0263589683483003	0.0167372863224954	0.0137711106612357	0.0254237035714303
0.0001283552366699	0.0119340265423126	8.95262869083067e-05	0.85927948545001	0.0463101371686927	0.0178662250809364	0.0121718257708869	0.00460504803122343	0.0476153704323594
0.0290905170746979	0.0164042353739604	8.72916670673082e-05	0.787955094933394	0.112463208436386	0.024029640237771	8.72916670674618e-05	0.0104682064996908	0.0194145141099649
0.0248744688037067	0.0372269302245313	0.0114845769708844	0.818303465561792	0.0651287526201825	0.0193680679178239	0.0135217264909804	0.000131386378183125	0.00996062503191549
0.00827770460999444	0.00385478094371647	0.00217306631246403	0.827622061488922	0.0756255891426476	0.0238104416265191	0.00578446682713347	0.0181456082407888	0.0347062808078137
0.0450831565787066	0.0792171251843216	0.00128349461532684	0.658340672675818	0.0429992861852742	7.68946132110358e-05	0.10387801218431	0.0679821968865409	0.00113916107649132
0.00151943527461113	0.00928191956510999	0.00012872914202882	0.865552232857119	0.0312233275617053	0.0387296757470414	0.0212729682242503	0.0107097706484365	0.0215819409796978
0.00437200061147542	0.0142932376508943	8.70443404258607e-05	0.841864282598268	0.0558573816103724	0.0512977175926587	8.70443404267217e-05	8.70443404272644e-05	0.0320542469150515
0.00724250535501925	0.0167558833719387	9.18074451616481e-05	0.853560877679007	0.0688333221878753	0.0231168072404546	9.18074451670017e-05	9.18074451674095e-05	0.030215181830209
0.0656186762096129	0.0686285097398825	8.32368183242835e-05	0.738232890306213	0.0602976094528278	8.32368183096636e-05	0.0501751803817879	0.0118876435378578	0.00499301673518421
0.0173282384375928	0.000133099877246925	0.00219185425818259	0.847285748760932	0.0585839896046895	0.0190810863785887	0.00343540566133628	0.017471518729343	0.0344890582920881
0.0242295295115961	9.15574886383527e-05	9.1557488642581e-05	0.857678904803789	0.0648143779340678	0.0120850480695331	0.00543051650635023	0.00805003714179925	0.027528471055584
0.0197302918826903	0.00813889853001856	8.5168221306447e-05	0.81380137668295	0.0612983854638845	0.0261127247608521	0.0326996587591717	8.51682213099436e-05	0.0380483274778164
0.0141665698279596	0.000128118152105693	0.000128118152093342	0.862436667005761	0.0313717082041198	0.028882107237533	0.0134705742247716	0.0133543282245875	0.0360618089710689
0.0491505145231201	0.0166045448484716	0.0290881912311621	0.76765093442306	0.0392069123654168	0.00434448922488944	0.0270951875733805	0.0489451837416638	0.0179140420688363
0.00878652228415511	0.0986233937863882	8.69623857354956e-05	0.80438899936835	0.0192854393066206	8.69623857405752e-05	0.0509423113539872	0.00731272621750686	0.0104866829115168
0.0147338197067448	0.0279887222454029	0.000128229446562447	0.852712068018064	0.0685632351307001	0.0263450931800787	0.000543596326672194	0.000128229446546879	0.0088570064992278
8.91802711828846e-05	0.0412121858404133	8.91802711829244e-05	0.820950466400245	0.0652322018992762	0.0098925114076465	0.028769950052934	0.00679902205686198	0.026965301800257
0.0601613814119275	0.0331283641649294	0.000130021747661768	0.784716708809694	0.0375384991532228	0.00840638799687355	0.0515526173705836	0.0118581072768645	0.0125079120682423
0.0243828230355415	0.0302527125375145	0.000123367547337106	0.81679207711182	0.0470807263334037	0.0453536131132642	0.0216963091180188	0.00736619071473337	0.00695218048836671
0.0110767173895702	0.0128042149181318	8.51740673844127e-05	0.806603074350197	0.0894592947562647	0.0330961346967779	0.00816518524620874	0.0128378044741591	0.0258724001013059
0.00819525372541151	0.0268604942333388	0.000131465963098331	0.848255818873691	0.0795187771256294	0.0255795730659322	0.000293206954713706	0.000131465963126351	0.011033944095059
0.00126681186262876	8.89102714691404e-05	8.89102714620654e-05	0.841534489804917	0.084526828129479	0.0298835229558784	0.0149910645730885	8.89102714697029e-05	0.0275305518596073
0.00119954563819227	0.0139250810020966	6.41176446828819e-05	0.861404935021008	0.0686060029412115	0.0204856137436765	6.41176446881265e-05	0.00369015415778557	0.0305604322066587
0.0334788342150028	0.00219699432925428	0.00784235516297979	0.785512591811693	0.116722512226743	0.024757082172043	0.000135413206500781	0.0195485169654122	0.00980569991037195
0.00774315256166621	0.00013726382641248	0.0131236501480489	0.853717322937505	0.0397731007503233	0.00129305925090085	0.0166553950710658	0.0225545904642197	0.045002464989858
9.08854878431204e-05	0.02626570761409	9.08854878367398e-05	0.818134903711363	0.0489928078172029	0.0286325223415251	9.08854878425097e-05	0.0174745647257016	0.0602268373265945
0.0273662363508605	0.00785917360948759	8.7704091927594e-05	0.877524728411191	0.0272460184406094	0.0170689074436319	0.00637979667262199	0.0161405339539235	0.020326901025746
0.00770440903936779	0.0215112445206806	9.14824893899694e-05	0.852073546320411	0.0345923957386316	0.00425793517375005	0.00776381853504762	0.033303124519288	0.0387020436634338
0.0175508893544187	0.0046347599487206	0.000197887354619644	0.810252419214268	0.0729568211041325	0.0336454556611838	0.00854610561581648	0.0193089360570511	0.0329067256897889
0.0118707980061695	0.0105684115355123	0.000130387331831254	0.845882678720572	0.0461083458401063	0.0417065835060397	0.0103321810119015	0.00668987471261442	0.026710739335253
0.0249044176200993	0.0198091212086591	0.00702078138923983	0.852267836703002	0.0272083648411997	0.0177756387261422	0.000533239160120364	0.000136466001759509	0.0503441343497775
0.0122422560530806	0.00013061628415396	0.000130616284149984	0.800580888892431	0.0914558235827644	0.0368638858441025	0.0282929883827963	0.000130616284153965	0.0301723083923678
8.89596237876686e-05	0.0425337307511582	8.8959623779162e-05	0.853414374777271	0.0403658666114482	0.0160316777987838	0.0172973226368068	0.00600655815509774	0.0241725500218678
0.00172554266483643	0.000135909833554887	0.000135909833547023	0.84733086471261	0.0604520232138728	0.042788583498086	0.0103410049229183	0.000551818682601774	0.036538342637973
0.0205606843336544	0.0246158221463499	0.000128050644287621	0.813698176740512	0.0457916072643914	0.0338430713259372	0.0374827187575208	0.0013407202822592	0.0225391485050874
0.0172611507471192	8.79831643959974e-05	0.000415272767549282	0.841721144206969	0.0710879281866452	0.0486994567202455	0.0131950151936192	8.7983164396546e-05	0.0074440658490605
9.30330254660337e-05	0.00737044068405713	0.00101168872890143	0.847807892449727	0.0508138455413878	0.0107674456678899	0.0107842416159069	0.0182630666919473	0.0530883455947169
0.00826636109078715	9.0806206659135e-05	9.080620666339e-05	0.794670027113114	0.109006166131938	0.0234941889009231	9.08062066591348e-05	0.0407225018385159	0.0235683363047407
0.0179641182925739	0.0144218061747534	0.00542408307509407	0.80164008846565	0.0778952829181791	0.0378034680168955	0.00401372983378022	0.0207502291840783	0.0200871940389953
0.0028417521405691	0.000129905769479372	0.000332348592487236	0.848091772560421	0.0724671893392588	0.0257449236000125	0.0100078275095974	0.00781464393446594	0.0325696365537088
0.0100208951209381	0.0135365255015369	0.000131116373424345	0.863286872680209	0.0315320511375505	0.0332314823510737	0.00306769527007722	0.00182921307191426	0.0433641484932755
0.00190421870513248	0.0703407599723453	8.59675009413472e-05	0.841980800592388	0.0321839832197568	0.000224053136798298	0.0422782289937028	0.00573677089515917	0.0052652169837762
0.0065604826480185	0.000132264399475563	0.0031304056550465	0.803218170621867	0.0364635205332152	0.0302905080215023	0.010217852994972	0.0494885798514685	0.0604982152744341
0.00800566814047342	0.0116663868732075	0.000133036581581232	0.84422618665736	0.073327069824982	0.0350173640217107	0.0121280675240693	0.000133036581581433	0.0153631837950348
0.0252679994297974	0.023851829675033	0.000121713885187838	0.816801915908533	0.0340472089221153	0.0282975985579348	0.0166144496294704	0.0150922768490523	0.0399050071428761
0.00469633658073372	0.0734418925876507	8.68318108980878e-05	0.835510245796927	0.0313091441640312	0.00786181938117456	0.0254607051766465	0.00415340030527998	0.0174796241966583
0.012064269841965	0.0137307359487477	0.0400140361965345	0.792857011786288	0.0547486934151117	0.0103074887615831	0.000132068021009307	0.051291179464898	0.0248545165638623
0.00013077386378419	0.00971255264034103	0.000130773863781688	0.817025535214856	0.0854595914283929	0.0220573376728609	0.00013077386378419	0.000130773863790227	0.0652218875884092
0.0360534122580859	0.00763034065504307	0.00184087168429171	0.81488731743651	0.0413028053003352	0.0381506922297127	0.0287158595857706	0.021388034574654	0.0100306662755974
0.0442376510459462	0.000131003780698637	0.00694036762746927	0.759089330518546	0.143003072649152	0.0149977221906769	0.000131003780698637	0.0114615636420175	0.0200082847647949
0.0102540033698382	0.0178773307091161	0.00864956632206988	0.788893848789133	0.0725224750249505	0.0469791609548314	0.0203991494569341	0.00988721676571019	0.0245372486074166
0.000719415235914531	9.06694891073721e-05	0.0523037872936721	0.783099870443883	0.0360687689305991	9.06694891021088e-05	0.0145169247495287	0.0589868610727743	0.0541230332954186
0.0038674145540863	0.01624332946568	8.46076261225619e-05	0.85746876133697	0.092004352241933	0.0197239544233566	8.4607626117591e-05	0.00688651806533133	0.0036364546604029
0.015760947874365	0.00534745461601314	8.80841365542279e-05	0.861374027552617	0.0422653858037507	0.0394223806032686	0.0160515192047954	8.80841365496312e-05	0.0196021160720863
0.0137411776539003	0.0252988563403762	0.000132753612369047	0.819143545832176	0.0871691288744482	0.00856215614134645	0.00815836206363155	0.00574839754404831	0.0320456219377044
0.156836360290136	0.0180306880168368	0.0511775039874668	0.52614479405812	0.0608448924664323	0.00570604005514014	0.121435186204532	0.0265915621484842	0.0332329727728514
0.0175772381220148	0.0103787240606019	0.000126841880533236	0.835446523474521	0.0354303577512802	0.0374151530324353	0.0401800880058037	0.00012684188053771	0.0233182317922726
0.100995988364883	0.0437088178066051	0.138308806830745	0.357380918753954	0.0615224723122086	0.000236955318775777	0.160362651110892	0.0978557111189753	0.0396276783829616
0.00162953862699059	0.00849823893233665	8.52679423174822e-05	0.848184509143964	0.0565564697795738	0.0217420242360174	0.0154450485328026	8.52679423188472e-05	0.0477736348636787
0.00013344753945406	0.0120821018077392	0.0122887614466186	0.829512566945827	0.0564266927689968	0.0170001876687069	0.000133447539453199	0.0438775030619222	0.0285452912212821
0.000131937599469191	0.000131937599469316	0.00299565398665025	0.807321014364968	0.0814882480264568	0.0193499781780349	0.0174075774692314	0.0430332993846956	0.0281403533910249
0.0186272100697216	0.0252658041890621	0.000134694853899758	0.814866056539634	0.0667039721518283	0.0229053876600177	0.0162858687541827	0.0131747037307559	0.022036302050898
0.0106706887813245	0.0236018498131963	0.000124621026715433	0.777834219426345	0.0868978195720374	0.0522175118870495	0.0369695761915462	0.000124621026719241	0.0115590922750669
0.00013689576349969	0.00583736577611456	0.00619154761284515	0.863550197434738	0.0656019404380089	0.00809502275412378	0.000136895763504385	0.0280887566238636	0.0223613778333022
0.0133687865293476	0.0293838658769827	9.00480267654141e-05	0.834075313242187	0.0537147160603985	0.0324396356798716	0.0135195314760519	9.00480267685484e-05	0.0233180550816274
0.0486880393423849	0.0186605654578659	0.0192043117449745	0.797171971932725	0.0314762676829614	0.00539844170078037	0.0468347078375429	0.0130441081360957	0.0195215861646694
0.0171157296437359	0.0103778835191505	0.000125261265126025	0.796740848859951	0.0786650398432551	0.0446906418388772	0.0208206485393637	0.000125261265129134	0.0313386852254108
0.00609029965675248	0.005465394935701	0.000129866598789012	0.858283789883832	0.0463022723911635	0.0224301564408905	0.0149022319192413	0.010974081919271	0.0354219062543593
0.0157920664449623	0.0067119120494374	8.80926681808567e-05	0.882818371736989	0.0293630433349858	0.0250378769635703	0.00751931399215937	8.80926681907618e-05	0.0325812301415245
0.0159589957601996	9.05556056587457e-05	9.05556056555768e-05	0.835799021721799	0.0526489986754365	0.022317987556468	0.0185743323990274	0.0254900576462077	0.0290294950295475
0.0110694541722574	0.0179324433740368	0.000129228530127648	0.805345452056798	0.113982113485134	0.0167171988590067	0.00954736463088348	0.0114506631587662	0.0138260817329899
0.00345100465912766	0.0267953137583114	9.40958483316234e-05	0.825826402186095	0.0495710197779592	0.020867622306809	0.0201622118316871	0.0152563420204707	0.0379759876112087
0.0263385828228788	0.0211097024023554	0.000134950144881814	0.861289033457249	0.0546009900802657	0.0203963187074811	0.00626511249876567	0.000134950144880129	0.00973035974124202
0.015379169157399	0.0123052149041897	0.00322144027861491	0.833578159536037	0.0429550964953591	0.0294075062712264	0.0259956502998856	0.0132311019369186	0.0239266611203699
0.0252998830153342	0.0212888769915054	0.05845296136668	0.740059773874253	0.0480895770786946	0.000129014818283383	0.0350803603535421	0.0373616987349655	0.034237853766742
0.0268450880522712	0.00555719797138503	0.000126455022703232	0.77376824666362	0.102116797490686	0.0431401456246033	0.00691204170224696	0.0124891123380317	0.0290449151344531
0.00392629052316073	0.0213465910980191	0.000126400354690977	0.847506606946328	0.0613619994560846	0.0206285265951036	0.0255621899586509	0.00177519693633377	0.0177661981316287
0.0211781831177711	0.0176636792489679	0.000132978839278176	0.809685787994375	0.0755672681167621	0.0352304693170444	0.0165210713753186	0.000132978839263159	0.0238875831512199
0.0147189115675005	0.0229000117016857	9.48613882364494e-05	0.817715013062321	0.0859108529046607	0.0277147718945451	9.48613882330347e-05	0.00985507136936673	0.0209956447234504
0.0175568786585386	0.0208257287024257	0.0279982229571079	0.830180919189551	0.0351887806115812	0.000131643113581774	0.0189501795214425	0.0256146176535596	0.0235530295922122
0.0252818908762691	0.0231573912298892	9.0286620417411e-05	0.8473724041784	0.0642524606494938	0.0256900822067318	9.02866204017474e-05	0.000232961426102232	0.0138322361922944
8.98877939351083e-05	8.98877939345673e-05	8.98877939353256e-05	0.847299471677708	0.0546297094387816	0.0415916959851667	0.00131071784212025	0.0144340356123182	0.0404647060621
0.0840748832075482	0.0247194941919305	0.176906755279386	0.363011836940354	0.0655712692911518	0.000104704320770962	0.0705067436098318	0.193754674631994	0.0213496385270324
0.000122937341931647	0.0317107144468133	0.000122937341916426	0.843532859400259	0.0451662401075167	0.0362053266506056	0.0230968240290344	0.000122937341926776	0.0199192233399958
0.00391791054449	0.0241971112630042	0.000131042304441638	0.830942795598343	0.0596414030473274	0.0245254447180665	0.0145495431878301	0.021824475728557	0.0202702736079403
0.0202975760250371	0.00859179410605432	0.0301622216515799	0.825304437508047	0.0360904943680589	0.000128459783097532	0.00776472015115146	0.0379553798973166	0.0337049165096574
0.00153178671717234	0.0153692055199808	0.00593362603003545	0.832802279914573	0.030637697308497	0.000136733380450658	0.0236463892111337	0.0446843404681311	0.0452579414500254
0.0216673759577073	0.0347619248996677	0.00230878175008219	0.811777428280193	0.0619648659494432	9.26347340199631e-05	0.0021166215677884	0.0299333742250922	0.0353769926360062
0.000138910231786925	0.0130457428158118	0.00720757869178527	0.857081920423136	0.044063604924761	0.00217393052482837	0.0259026863025245	0.0347511956237091	0.0156344304616569
0.00635419888475821	0.00191552496831351	8.78194848377366e-05	0.894528381773526	0.038509385869797	0.0443910882291362	0.007821884713539	0.00123468634020799	0.00515702973588473
0.00445475034965206	0.00940143177388061	0.00012875647101386	0.862651611914576	0.0362543393920362	0.0112387182717358	0.0250971811654319	0.00830591252909333	0.0424672981325802
0.028564461240991	0.0164942426054893	0.013185366266395	0.80872648920522	0.0803612959341015	0.00808044008736318	0.00554120019964071	0.0389128995868026	0.000133604873997102
0.0238625830927624	0.000140362003638855	0.000171417679120641	0.821717220251141	0.091658762849634	0.0133394827810631	0.00178470957168072	0.0225806551852477	0.0247448065857116
0.00840345431311025	0.0261643739136486	0.00113626161434462	0.824444784135912	0.0890689411467755	0.0155920239529791	0.000129979595236302	0.00621918945598551	0.0288409918720075
9.3504241663343e-05	0.0274091380816208	0.00200804566631664	0.827469564969215	0.0531192893947328	9.35042416632197e-05	0.0248799788166434	0.0215243427369558	0.0434026318511889
0.0172853925703248	0.0756691622865764	8.34429879509923e-05	0.850327436979978	0.0244899302916262	0.00215320146554871	0.00482884115876527	0.0132144860190597	0.0119481062401693
0.00914361504697733	0.00891492154551065	0.0308730498819995	0.799048171192023	0.0322801432793613	0.000786383125638063	0.0163842155363578	0.0577494006876856	0.0448200997044469
0.000138485275432796	0.0147950047975325	0.00983705561104728	0.817116584931336	0.094506822848647	0.00975954006465385	0.00519075505900235	0.0147877362793969	0.0338680151329514
0.0541051197730372	0.0274612245206506	9.06772840213736e-05	0.725225416509032	0.134206938051701	0.0206732607140957	9.06772840267627e-05	9.06772840267607e-05	0.038056008579409
0.00718922368867443	0.0102600860331968	0.000127707473338168	0.820698724740737	0.102839656580351	0.0109640987293141	0.00281049577731361	0.0175684914383276	0.0275415155387467
0.00526443920893629	0.0263342277227766	0.000874946610665565	0.824437064311914	0.0864682915271884	0.0204085107457509	0.00152391808333737	0.0111263708674062	0.0235622309220247
0.0389794595553247	0.020706853683834	0.00540045887565263	0.746505593574765	0.0747083160582322	0.0211559014134035	0.042984079169248	0.000129437565530838	0.0494299001040094
0.0262018068762776	0.00259105618791563	0.000142390939612018	0.833053552508591	0.0470803516754159	0.0276426055235715	0.0170507435488131	0.0256275727038885	0.0206099200359144
0.0030765254436139	0.0234728979311145	0.000132713067471375	0.838940053503159	0.0714672634091569	0.0301085175402864	0.000132713067480064	0.000132713067480868	0.0325366029702369
0.0121820881049376	0.011690737039964	8.44558536699911e-05	0.812728916699505	0.0500357606982585	0.0362427395192035	0.0236777534684289	0.0238763599408333	0.0294811886751991
0.0206721249406064	0.0133074807532295	9.28086923823376e-05	0.872441419209301	0.0322700815351637	0.0387160915562179	0.00109381560770393	0.00128645496390652	0.0201197227414884
0.0056630220702731	0.000134379316270628	0.00463991023190008	0.828557825884509	0.0590590233010134	0.0363640223239838	0.0110109866714904	0.00743869782944925	0.04713213237111
0.0106502012510834	0.0126596853302464	0.000126852352510214	0.833954420320965	0.0601554847137177	0.0170665072338762	0.00678347610396116	0.0214610084506495	0.0371423642429903
0.00580864254306256	0.00988787011571364	9.09203488305009e-05	0.867754870822474	0.0440463080305044	0.0362245485071855	0.00844299137788408	9.0920348839949e-05	0.0276529279055053
0.000126216259460665	0.00012621625946494	0.000126216259462527	0.832873975786157	0.0490388424544549	0.0548674882537446	0.0154048003438554	0.00777869465588024	0.0396575497275201
0.00786580603797358	0.0355723521691582	0.000126148928487239	0.833124134440472	0.0693516541611782	0.0224796305552478	0.0220463055319445	0.000126148928477976	0.00930781924706078
0.0318866949862687	0.0498754194077003	0.00152517540049498	0.821319511008737	0.0532617093712191	0.00800651248692773	0.00790114753858983	0.000133604980875741	0.0260902248191865
0.0212621661389269	0.0660036035933087	8.7952297786487e-05	0.843278046524497	0.0335061364611474	8.79522977949228e-05	0.0119428327055259	8.79522977954676e-05	0.0237433576832173
0.019563599564187	0.0165613117662341	8.99442167923354e-05	0.837611311458634	0.0337808621030483	0.0246839958985472	0.0152004658000919	0.0116655500534744	0.0408429591389903
0.00570784594892788	0.00257981314152809	8.71181077874313e-05	0.848948156514346	0.0296795673368294	0.031974541315256	0.0210738505363361	0.0158384287882891	0.0441106783107
0.0164946508785996	0.040578579857192	0.000125019512731811	0.804616449506808	0.0974258894508116	0.0191404735185758	0.00142625803578292	0.00012501951273824	0.0200676597267595
0.0227608499461086	0.00013322963244941	0.000133229632446851	0.857332594847782	0.0509170852262449	0.020324374487705	0.00166662526720745	0.0159866836489389	0.030745327311117
0.0209304598076167	9.42626016458221e-05	0.00781516370857018	0.81396980723735	0.0396401340595341	0.0169785881859374	0.00849254030609064	0.0436389930727066	0.0484400510205487
0.0182993072192572	0.0172009369575506	0.00671632080526148	0.821817267939415	0.0714733520704071	0.00680091671433134	0.00798651414299072	0.0201269319467097	0.029578452204077
0.0969627027183975	0.0130606478186553	0.066562175973196	0.602154214895958	0.0535701215090794	8.11182741991926e-05	0.0291276316898923	0.0815738195083246	0.0569075676122978
0.0111471860882099	0.0205272367100356	8.79655854315831e-05	0.873551653524214	0.0349393392890942	0.0379787424200158	0.00406406814516665	8.79655854366803e-05	0.0176158426523958
0.0005976372122891	9.30833366093717e-05	9.3083336606145e-05	0.842016353397443	0.0926748796714202	0.0396921475108285	9.30833366093747e-05	0.0129941970971334	0.0117455351010613
0.00686292474926501	0.0221655514392783	0.000132814030260301	0.803847103919124	0.121539831046731	0.00249839126876479	0.000132814030271886	0.0139503426882791	0.0288702268280247
0.0216468804688916	0.000132111551444553	0.000885735301862268	0.816426841210618	0.0706016437874198	0.0233705361640005	0.0341141685238006	0.0133619435990753	0.019460139392887
0.0101486818055403	9.69481454738485e-05	9.6948145472602e-05	0.835348915045193	0.0587061188151659	0.0071702885677226	9.69481454745911e-05	0.0456614113519643	0.0426737399779931
0.000695224215738694	9.1469329002538e-05	9.14693289993287e-05	0.873586653284421	0.0459614441613162	0.0360552019429672	9.14693290025384e-05	9.14693290036735e-05	0.0433355990795488
0.000129691506127176	0.000129691506126485	0.00301928589915731	0.813387416149546	0.0608369033024537	0.0215273428592687	0.0105191407916088	0.0320343519717121	0.0584161760139997
0.00419544082921013	0.0251809256273168	8.77678595057014e-05	0.850815264261592	0.0594315490570677	0.00923792650414964	0.00422016226669493	0.00620640056467269	0.0406245630297901
0.0237347880588493	0.000131800066972309	0.0198680987932041	0.82010091187541	0.0491211128407589	0.00618721526647981	0.00404230111892214	0.0608057866737229	0.0160079853056808
0.0163935422535376	8.52090474055939e-05	0.00236373364635699	0.826315225072085	0.02506186283388	0.0306758724950613	0.04293655215431	0.0408899796113742	0.0152780228859888
0.0161024147912807	0.0289182485435575	0.00420402039302493	0.85577563960163	0.027381849299731	0.00602266992156188	0.0105801384084609	0.0286837444452811	0.0223312745954719
0.000139884673463876	0.00504219249324621	0.000139884673461246	0.86997217772283	0.0650192188274101	0.0050871779099045	0.00999324741111296	0.0102207052381203	0.0343855110504512
0.0320834422121377	0.0163761996212133	8.65341799887368e-05	0.840300249155127	0.0763754605627117	0.0121591314666646	0.0201511561866867	0.00237959922173857	8.82273937313135e-05
0.0161905259193967	0.0256423103590056	9.00429880915306e-05	0.841585615258472	0.0515651822816624	0.0151781512828377	0.00454618272795747	0.0115008767277974	0.0337011124547792
0.000241536883944353	0.00457522239169134	0.000130970454831349	0.812598323180798	0.0590058723156021	0.0455332886654291	0.0224322360003883	0.0149585471364746	0.0405240029708405
8.83402202740518e-05	0.0176736650453803	8.83402202786825e-05	0.888533238574618	0.0384291780239836	0.0332519539671239	0.00274696832606784	8.83402202740972e-05	0.0190999754019998
0.000136555475397727	0.0190292708990652	0.0103420576873723	0.848774356432835	0.0543958255698813	0.00902796360408649	0.00372431364968631	0.0305921625418998	0.0239774941397753
0.0108338684860851	0.0213211395436322	0.000706929119992154	0.842537309468883	0.0768009305940905	0.0100672332451286	0.00503571101413057	0.000132697589147605	0.0325641809389108
0.0253257201351472	0.044849313727706	0.00129070694311302	0.795711865712796	0.0835672821896713	0.0168392059661083	0.00781039207849859	0.00425175064262645	0.020353762604333
0.000141890012023209	0.000141890012024929	0.000141890012021507	0.867752519137857	0.0550634691031762	0.00733942722306156	0.0208520307277381	0.0270912095171188	0.0214756742549792
0.0235843950651444	0.000134079600540844	0.00343754294898642	0.828798275555249	0.0493324083751884	0.0277964011052047	0.0306536277487845	0.0295732182680365	0.0066900513328651
0.0101542353218156	0.0509610627638045	8.73772562825896e-05	0.847440380048708	0.0444022154890636	0.0139422789001375	0.0102864657203196	8.73772562833501e-05	0.0226386072435855
0.00928454121975453	0.0224840461772816	0.00365476558807889	0.83790446443889	0.0500538677531858	0.0134818383741129	0.0215437934633948	0.0139490369777451	0.0276436460075559
0.0356209268193217	0.0170240768834856	0.0512236626986622	0.790918347968417	0.0343748469681875	0.000132374158639488	0.0295493528056298	0.023199342062362	0.0179570696352941
8.76965464663529e-05	0.0123229360534062	8.76965464612399e-05	0.851437615650014	0.0462886369617712	0.0351904744168412	0.00943630964075149	0.0114888165359577	0.0336598176483305
0.00328985991746936	0.0204236510190688	0.000136016213448825	0.82923911584523	0.0834876301194017	0.0209646067052636	0.00127820538815387	0.00677786899230073	0.0344030457996632
0.0171444531163351	0.0198080389379489	0.000130931542938828	0.847943111550251	0.0578067319628681	0.0272181462162674	0.0111683371038778	0.000130931542911349	0.0186493180266015
0.0211357090331874	0.00498735547528472	0.00533111844931488	0.794230957029787	0.0522381628430588	0.0306131379516854	0.0348191812969296	0.0154436360596286	0.0412007418611241
0.000128913606309526	0.0118961039757158	0.000128913606278934	0.861585765593078	0.0591686829713697	0.0349025805384768	0.00572615591104176	0.000128913606304335	0.0263339701914247
0.00580254855028239	0.00582454077436875	0.000129512434663908	0.841682359637149	0.0596837061461569	0.0309620143086435	0.00666810004442226	0.0298359159761389	0.0194113021281745
9.21419582745691e-05	0.0253574342487303	9.21419582726557e-05	0.868288741875993	0.046715475069957	0.0097468982243037	0.0192703122794038	0.00907878992918139	0.0213580644558837
0.040246780770635	0.0091793267111831	0.0047922917285754	0.790702731561635	0.0505280598885874	0.000134663038251897	0.00388411790487123	0.046657964356313	0.0538740640399479
0.0124871218085637	0.0224805575202201	0.00328862341889476	0.857142111367658	0.0305594017774119	0.0237873128781964	0.00741666758040718	0.0001279894782719	0.0427102141703756
0.0168510618361299	9.25460944271699e-05	9.25460944275328e-05	0.867431497363754	0.0523982185832692	0.0371891120634864	9.25460944271698e-05	0.00956594789797399	0.0162865239721043
0.0143389140596377	0.00762764793370193	0.000134368474276337	0.823183762274754	0.106536271037298	0.019365841018235	0.00945075359759483	0.000134368474269977	0.0192280731302318
0.00646721754534609	0.0816713542236639	0.000128392152230831	0.83765096360653	0.0275745499880846	0.00777716588663728	0.0194355427609996	0.00012839215222329	0.0191664216842847
0.00846187305801655	0.0080885118618753	0.0120326208766104	0.844491430688575	0.0517821194250222	0.0136997226760412	0.00639206750504652	0.0292847266968272	0.0257669272119855
0.0064688315413354	0.0344382127076194	8.73505281839213e-05	0.872411317395634	0.0346840032801589	0.0175924943005345	0.0114441852512216	8.73505281786518e-05	0.0227862544671336
0.00310844756508224	0.0343375281291264	0.000127185870650414	0.829399106407895	0.0585149250924312	0.0136124990172903	0.0167802211954353	0.00912621595945946	0.0349938707626298
0.0177360607014882	0.0114988595181518	0.000135040825914358	0.868919174036043	0.0348380622445046	0.0375873369891725	0.00780780051500888	0.000135040825899718	0.0213426243438169
0.00348133525378672	0.0118955066110208	8.82516993808014e-05	0.833024454740465	0.039902596831377	0.0481160794786707	0.0149857224064696	0.00518961425968545	0.043316438719144
0.00239132985807934	0.0133001973069216	0.0125253399442226	0.834637892298657	0.07205837796157	0.000139841893947668	0.00290034971748374	0.0408761409395498	0.0211705300795685
0.0254744425195736	0.0275485741254727	0.000128984071525922	0.830858270799696	0.0602585047496547	0.0117851028300406	0.0100978631808796	0.00265429127242629	0.0311939664507308
0.0111558683021054	0.00387544941189553	0.000133227854177527	0.883982499000999	0.0517476037429719	0.0379654754073249	0.00264803054168496	0.000133227854171809	0.00835861788466894
0.0203976068259487	0.000135950432433403	0.0057371850236322	0.821209243662838	0.0368278470288707	0.0197073780033248	0.010947098235027	0.0639272850834559	0.0211104057044691
0.022841209425813	0.0164028488393047	0.000127739343114835	0.802865748903103	0.129584229467873	0.0202971694407161	0.0064536124895407	0.000127739343078433	0.00129970274745612
0.00207871116607512	0.0263498003851262	9.50618944956024e-05	0.870682195068646	0.0268959331577861	0.0187491334711443	0.0054243777253234	9.50618944964141e-05	0.0496297252369065
0.00683823465738064	9.23608913325189e-05	9.23608913271339e-05	0.825466062263027	0.0638791462525383	0.0435923031708322	0.0128869815287554	9.23608913331142e-05	0.0470601894534739
0.000129369808001493	0.0300665827859795	0.00012936980800781	0.844223368231853	0.059553597337711	0.025315211522432	0.0123740520846895	0.000129369808008607	0.0280790786133175
0.0099643316910676	0.000141902576434083	0.00586471837108398	0.809042917199066	0.108540464367508	0.0199187003479675	0.00918393679905003	0.0162145567638138	0.0211284718840093
0.0223270460674675	0.010686934649253	8.95578574522759e-05	0.842454165977833	0.0694080427874654	0.0290738789667591	0.00737864353562808	8.9557857438635e-05	0.0184921723007029
0.0122422988880677	0.00186827582024206	0.000273827087918678	0.874661972098864	0.0445453129832145	0.0308345744515584	0.0122520569741115	0.0132694262301487	0.0100522554658747
0.000134890080994333	0.0104800601181507	0.000134890080982855	0.819351047123181	0.11317127154392	0.0181261647627671	0.015004883803958	0.000134890080992934	0.0234619024050533
0.0219994977714866	0.000142446068607373	0.0129015004494078	0.847361416261238	0.0574005371006157	0.016229106001109	0.0103530101735552	0.00863124063104007	0.0249812455429408
0.00809065675677856	0.0276510035342315	0.0131093162377562	0.810341348620486	0.0327954309574124	0.00445621173843967	0.0172804854037159	0.0342958570760247	0.0519796896751555
0.0154061823325996	0.011668263809177	9.08237587823231e-05	0.864403331885843	0.0405959646305236	0.0320184565287161	0.0150000463195638	9.08237587843827e-05	0.0207261069760107
0.0140521830141874	0.0467588440028331	0.000130868087220245	0.807733443137877	0.0762615961278056	0.0332433641820661	0.00743711134107587	0.00207498833112319	0.0123076017758117
0.0309851059176932	0.00298623469909389	0.000128882598933608	0.777454829445662	0.112706514813398	0.0137696773077651	0.0207153347991574	0.0315013545122489	0.00975206590604727
0.0296799202385612	0.0435241130193436	8.56977737622997e-05	0.836566057707316	0.0361746796386064	0.0169274446884684	0.0368425288973699	8.56977737647697e-05	0.000113860262807726
0.101481949301429	0.00939166327452966	0.0153847923946752	0.689353348199284	0.0338611172900278	0.000123624919899255	0.0818495792152299	0.0311071602988205	0.0374467651061048
0.0174344354786517	0.0130150246065512	0.00230778893491992	0.815394433286216	0.0652911340714439	0.0407385905600216	0.00021183064212754	0.00603754051309718	0.0395692219069712
0.0132454996374101	0.0574449808547516	8.61507027927833e-05	0.814147219102832	0.0684594060459956	0.0125003818865774	0.00947438346977545	0.0123690157626409	0.0122729625372242
0.0155833678841099	0.0147427207105081	0.000129204168960944	0.832567255301143	0.0540335309358517	0.0321770909429399	0.00316866510568697	0.00264191452810545	0.044956250422694
0.00429093226443609	0.000136577953918567	0.000136577953926572	0.847808084946144	0.0734264391785844	0.03939727225489	0.0162995440677766	0.000136577953913944	0.0183679934264098
0.0236077474800418	0.00426074941874764	0.000129409215428768	0.84491362149362	0.0445041172804523	0.0588253309013178	0.00333942001992121	0.00012940921541463	0.020290194975056
0.00750464729978069	0.00616988005001219	9.00963053022688e-05	0.838703497457657	0.0505434154901466	0.0354695419658252	0.0057251222700438	0.0169653053278545	0.0388284938333775
0.00897388907113931	0.0211597471780005	0.000136791889972865	0.815382231966621	0.063376997151861	0.047884757801803	0.0165564352506875	0.00747642023167544	0.0190527294582396
8.82113699699253e-05	0.028020865619827	8.82113699651334e-05	0.875767361001573	0.0313890297306299	8.82113699658321e-05	0.027601221192613	0.0119689578205645	0.0249879305248913
0.0206033998059658	0.000132225404594405	0.000132225404591886	0.802800926172689	0.105022655953688	0.0236880931504956	0.0111491026910612	0.0219059474098764	0.0145654240070379
0.0130825792727382	0.0195975268627808	0.00013446330613502	0.862683731272103	0.0479637468102661	0.0245408225397303	0.000134463306151814	0.00362943715461514	0.0282332294754801
0.0214579474146209	0.0164961324798029	0.00186635775295289	0.859399299223496	0.0303299198500533	0.0326084372525108	0.0182635086878454	0.00354163085634298	0.0160367664823743
0.00690852961169006	8.69443533964729e-05	8.69443533943004e-05	0.834160324218547	0.0480602716125053	0.0462023930166366	0.0228229281209022	8.69443533934992e-05	0.0415847203595348
0.0302829578664197	0.0224368424664016	0.000130581128768417	0.87468266085485	0.047348817204191	0.0020212415298542	0.00554416816435647	0.00013058112878292	0.0174221496563758
0.00308383096084554	0.00224658491848303	0.00191182992265825	0.821552273126178	0.0811109274543387	0.044775200793496	0.0141172908352509	0.00237697507909596	0.0288250869096539
0.0160536396756539	9.65446428271861e-05	0.0132417277095235	0.831321738881846	0.0347371799631206	9.65446428247609e-05	9.65446428271858e-05	0.0633231374223912	0.0410329424189855
0.000133045602922272	0.0240466329555866	0.000133045602944747	0.87915005999428	0.0302247476081324	0.0203598761182168	0.00200449216968551	0.00234095691394094	0.0416071430342912
0.0308553492361468	0.0156749489702999	8.78920394926243e-05	0.83057350425783	0.0465759318917149	0.0249643706966286	0.0217238645876872	0.0114326657022558	0.0181114726179443
0.00271543970719898	0.0270600373096435	8.83308868938439e-05	0.852672654689367	0.0480192099074173	0.030293406393774	8.83308868971337e-05	8.83308868976957e-05	0.0389742593319109
0.00267702971992887	0.0367745137413116	8.62369111901678e-05	0.852016217568249	0.0811452546746112	0.00677832012010175	0.0127430943173603	8.6236911206572e-05	0.00769309603604003
0.0128180031059485	8.84101832455393e-05	8.84101832446413e-05	0.823574362315358	0.0925368959957314	0.0397180913808648	8.84101832455396e-05	0.00456326376283336	0.0265241528895281
0.0440709584954341	0.0496410382076865	0.000117305547353735	0.506525126392104	0.0757305989413073	0.000117305547356298	0.168790781107318	0.14076924139258	0.0142376443688598
