Bcells	CentralVeinEndothelialcells	Cholangiocytes	Hepatocytes	Kupffercells	LSECs	Mesothelialcells	PortalVeinEndothelialcells	Tcells
9.29034219414321e-05	9.29075844016277e-05	0.00374122725889383	0.971070296858052	0.0186517401425931	9.29034221992345e-05	0.0024622933929735	0.00370282449681127	9.29034221342904e-05
9.12610438330415e-05	0.00597183928495616	9.12610437969869e-05	0.955927601803403	0.0261579450774405	0.00158983427587818	0.00367954306667862	0.00639945336018056	9.12610438333272e-05
0.00383826325899187	0.000415872440893036	0.00144514180011864	0.963397461436889	0.0121027615399124	0.00970386522101213	0.00322834734016068	0.00574356159001296	0.000124725372008658
0.00012564739039689	0.00611689020218688	0.000125647390399763	0.964857613789361	0.0180354678447028	0.000125647390245931	0.00810539158081425	0.00190631852900048	0.000601375882891472
0.00588823610568972	0.0046040124849058	0.00277115049352246	0.955658396231044	0.0205432652598522	0.000133563477822045	0.00400722023444581	0.00316593976956659	0.00322821594315176
0.000179102944074395	0.00686293774319634	0.00362814345713041	0.958295988482458	0.00799134482708989	0.0157250377332635	0.0061177065772279	0.000179114715791	0.0010206235197682
9.15129794307447e-05	9.15120387784645e-05	9.15127301249972e-05	0.968954848840878	0.0147431599174581	0.00911277901418863	0.00472680144461491	0.000505538084985999	0.00168233494954058
0.0220772842174355	0.00223102966511774	0.0577891228783351	0.845731834958248	0.020332515280237	0.000129733834760019	0.0398274601582055	0.0082835195326889	0.0035974994749726
0.000574753056772881	0.00138756145343262	0.00362697650257516	0.970923356543174	0.0111821905362893	0.00766101633362497	0.00303310121444056	0.000132349751098517	0.00147869460859251
0.000941186311447286	0.00961161070869432	8.81665868445116e-05	0.973735277158807	0.00827193666776597	8.81665866987965e-05	0.00708732280588752	8.81665869636725e-05	8.816658689073e-05
0.0248719109630812	0.00824090020104822	0.0430230474658621	0.838248887709809	0.017004050148457	0.000129737478773623	0.0374877465736912	0.0273063956140737	0.00368732384520392
0.000363904187200273	0.000131529091522062	0.000131529091598539	0.955812910319827	0.0172522375351707	0.0146336190306986	0.00267669611216151	0.00239867131161505	0.0065989033202061
0.00256270870023929	0.000128204384843607	0.000128205844773013	0.955325593345586	0.0162828062006727	0.02213014515584	0.00209739273670899	0.000128205844690317	0.00121673778664638
0.00209790563275851	0.0104997801393907	0.000598059481114263	0.964357697949927	0.0151564014327503	0.00450520790853401	0.00239717070122917	0.000126911256377127	0.000260865497919425
0.00013341620739155	0.00783384429730546	0.00545086574903437	0.944903466531968	0.0202814180815114	0.00360162827765317	0.00961921835367247	0.000133416207398087	0.00804272629406552
8.797661038971e-05	0.00737628910637568	8.79766104378329e-05	0.952380918383633	0.01057066492449	0.0168634187355181	0.00771252104645313	8.79766104303475e-05	0.00483225797227173
0.00184837906074197	0.00385691667630832	0.00560888329807586	0.950817882401542	0.0298404874453196	0.0014526073238637	0.00356997780668462	0.00286891654551016	0.000135949441953551
0.000657581884153711	0.00952689138210123	0.000149538503689389	0.982289230770944	0.00369059320452018	8.77244958087845e-05	0.0026434340957441	8.77244958565973e-05	0.000867281167181448
9.28405433171417e-05	9.28416960099108e-05	0.00256769036834915	0.978266830898782	0.0152631816202937	0.00168429132789057	0.00144771580596204	9.28405434985448e-05	0.000491767195897181
0.00141821591656566	0.000585664314372692	0.00036767815575234	0.961338383485912	0.0211880604079522	0.00381493368926804	0.00698435834844426	0.00220361561131373	0.0020990900704186
0.00144082343735695	0.00671182458103984	0.00111930683576593	0.955335534973554	0.0111558624841929	0.0156170354970582	0.00729474684739062	0.000126019225075165	0.001198846118567
0.000777639700792077	0.00971952573984734	0.000133407293556924	0.954762716771407	0.0111113361411802	0.0121761375926792	0.00914434236199856	0.00204148710485964	0.000133407293679409
0.000124158413897845	0.0170909258099226	0.00522534631110643	0.943567428391191	0.010602864210713	0.00471239150930447	0.0109599496670029	0.0015287182689758	0.00618821741788592
0.00345941742854409	0.00526975282388393	0.000127513389244956	0.970783388067085	0.00913798165329167	0.00549989934022889	0.00247297094290932	0.000127513389353911	0.00312156296545801
0.000129523935422435	0.000129517955391591	0.00147726219127637	0.957473898215951	0.0187852237244805	0.00844014951364329	0.00841553765582883	0.00501936885249589	0.000129517955510401
0.000134038503195557	0.00277454004382082	0.00371789845373134	0.960755071729625	0.0182622740912297	0.00185282303977006	0.00308817204902666	0.000508395417030939	0.00890678667257038
0.00269311095453113	0.00231520871510293	0.000491917415543789	0.963332578659483	0.0140282828525358	0.00494173209219346	0.00749406540584036	0.00271406481072859	0.00198903909404068
8.88317763408619e-05	8.88332511802114e-05	8.88317762956685e-05	0.97302846607314	0.0123566757727491	0.00684220754178528	0.00407641250027575	0.00334090953198194	8.88317762515561e-05
8.8690811379455e-05	0.0031947007940964	8.86908113795031e-05	0.974377309387124	0.0136950419224552	0.00296517802377947	0.00213731450984273	0.00302369673156951	0.000429377008373453
0.00671576112261304	0.000874550165718803	0.000264089512064097	0.947555201442901	0.0304371482673202	0.00833477688747489	0.00277237609477943	0.000531857766067858	0.00251423874106015
0.00396917748975846	0.00801392275995982	0.0106044525308451	0.951554384772759	0.0164613394187674	0.00528345182228694	0.00385085719944005	0.000131207003089161	0.000131207003093802
0.000135415036369267	0.000135411344628501	0.00242773014177084	0.968051508433181	0.0164864577523221	0.00190051489710632	0.00394889409205238	0.00677865326627888	0.000135415036291014
0.0120156083329244	0.0259825757478141	0.00250089989806283	0.877148839846255	0.0182579874065179	8.68230349774505e-05	0.0486551514731035	0.0152652912253948	8.68230349495794e-05
0.000127594576856059	0.0018614310834072	0.000127597019823409	0.969891737627481	0.00747139024105965	0.0123547947159064	0.00426697474576461	0.00218155569607215	0.0017169242936299
0.00012711494789665	0.00237575148857902	0.000127114947795828	0.959309259124896	0.0136386407950243	0.0135374968420603	0.00186710917057457	0.000127114947853521	0.00889039773531955
8.86429177083962e-05	0.000849536331420908	8.86429177374326e-05	0.96927823502786	0.0177194547326765	0.00791737775614509	0.00102732120865086	8.86429177049866e-05	0.00294214619009602
0.0010510279864092	0.019364938651543	0.00132360111708746	0.933249821473119	0.022987085513691	0.000127224341288119	0.0179982327058314	0.002728706914828	0.00116936129620246
0.00114369496310708	0.000135385304340863	0.00433413770581534	0.965133266607436	0.0168390981283273	0.0052020391896911	0.00379424164953806	0.0023484840748526	0.00106965237689191
0.00327291934440132	8.87799680153788e-05	0.000754726931635492	0.971318725011041	0.0175940834827823	8.87799679840004e-05	0.00250725315713578	0.00284160017686872	0.00153313196013631
0.0030585172819603	8.72563513590281e-05	8.72563513797683e-05	0.956787628731736	0.0190838358793917	0.00509286078062572	0.0108687822218971	8.72563513878734e-05	0.00484660605026291
0.000128215761320719	0.00305796322931956	0.000128216591423838	0.971196565998152	0.0099613300073845	0.0072703917581927	0.00472585484069619	0.00340324522203498	0.000128216591475429
0.00840685248424329	9.23759860761047e-05	0.0191652740965987	0.936507524312673	0.0102315398391402	9.23759862583567e-05	0.00880422849206608	0.0166074528169661	9.23759859782507e-05
8.9609353149463e-05	0.0241536235082727	0.00281907045292623	0.94500838919587	0.00537507598570753	8.96093533458889e-05	0.016996175656735	0.00301970682772323	0.00244873966627026
0.000128440405786926	0.00553948582574091	0.00012844040574249	0.963838724093976	0.0178737565588287	0.00913562574692987	0.00161937973035506	0.000128440405768146	0.00160770682687148
0.000467639024928537	0.0113851742054442	0.000126115603130874	0.958386843767254	0.0182740607399169	0.0014391170438214	0.00799030201246815	0.00180463199985647	0.00012611560317939
0.00853971767131395	0.00488251249187582	0.0124426140166598	0.937493825110888	0.0120214988473302	9.15766348054679e-05	0.0232126324242601	0.00122404616810896	9.15766347579736e-05
0.000126948733196276	0.00865277194177866	0.0011448319099337	0.947780366972244	0.0125393303420339	0.0132346348124126	0.0115568649524954	0.0038911377217419	0.00107311261416407
8.77074542257862e-05	8.77074541921499e-05	8.77074542089965e-05	0.941663313785502	0.0281362867021513	0.00994592465055313	0.00509125323004078	0.00415145598019522	0.0107486432889309
0.00103839413447041	0.00778712126136669	0.0015072134071597	0.962382388416815	0.0190467510807619	0.00227790660068686	0.00569936482191896	0.000130430138391736	0.000130430138428219
0.001951792064628	0.00761570858044539	0.000516367181905044	0.957684617308989	0.0264851615780668	8.94069298491059e-05	0.00547813249634887	8.9406929847825e-05	8.94069299200564e-05
0.000129499124761022	0.0021373912856094	0.000129499124701389	0.968309386511186	0.0145235715411231	0.00404759610997713	0.003786797956451	0.000812907269083132	0.00612335107710766
9.37318496633528e-05	9.37318497821011e-05	0.00598070636585802	0.950369376842953	0.0308285330688518	0.00535938881959932	9.37318496241606e-05	0.00708706750390974	9.37318497580736e-05
0.000640450803788665	0.000137760215178987	0.00914308754159656	0.970264897965698	0.0112441175968015	0.000137760215332415	0.00216224997402649	0.0019523478569363	0.00431732783064146
0.00153745673938411	9.07463936388651e-05	0.0032390540164146	0.962311841775472	0.0140642392012019	0.00817699301184586	9.07463937324525e-05	0.0103981760745186	9.07463937913935e-05
0.00626182833351173	0.00485011764415815	0.000124775750835313	0.973499366048552	0.00663482823435538	0.00194451269085114	0.0030531601777762	0.0018289792046283	0.00180243191533213
0.00124109383694334	9.22772856334449e-05	0.00250720821475107	0.96950407473716	0.00752880836297205	9.22772857311218e-05	0.00422896377598367	0.0140970536287309	0.000708242872094378
0.000949126692091783	0.000134998112813336	0.00240034255834956	0.954728062736635	0.0195453233463182	0.00848191790300566	0.00553212790804834	0.00809310263020922	0.000134998112529282
0.000129663572289347	0.00372058426218793	0.000129663572156549	0.960574778060905	0.0142395699959886	0.0116261030613762	0.00679225280993459	0.00265772109318946	0.000129663571972263
0.0051245253579761	9.46266040210625e-05	0.00366633830603056	0.975599484460214	0.00701573667500465	0.0064189866948957	0.00189104729671441	9.46273027909747e-05	9.46273023526365e-05
0.0012184348530963	0.00273139768848657	0.0020967887239078	0.943392169801454	0.0243235038828064	0.00630155571106606	0.0105311925167051	0.00143230156691939	0.00797265525555809
0.000123124143186928	0.0136324263950969	0.000304047809077515	0.965655233917461	0.00845944785807469	0.00236667878860927	0.0077401527908431	0.000788301307308679	0.000930586990341614
0.000131318393766947	0.000131318393482515	0.00232679891518864	0.967904866201775	0.0133199885928707	0.00797988721769328	0.00499299194866141	0.00151764047413815	0.00169518986242373
0.000127933018457064	0.00270452729716657	0.000127933018115779	0.95882513897123	0.0154422835497808	0.00906543927058049	0.00964857353739279	0.000127933018063855	0.00393023831921275
0.000125131545862023	0.00138384436928614	0.00228167594428706	0.960531526745385	0.0190725713852973	0.0105337470150607	0.0058212399032279	0.00012513154576307	0.000125131545830391
9.21460179772469e-05	9.21460180839873e-05	0.00395204120761135	0.96760977949124	0.0111478673540059	0.000228485742929494	0.00558401782916851	0.0079625266275154	0.00333098971146826
0.000130512387493021	0.000130517073533856	0.0017029770114414	0.950995496775212	0.0302488544296801	0.00881848749558141	0.00163698864023731	0.00620565379920892	0.000130512387611513
0.00157519192988791	0.00033393007084136	0.00632315200175272	0.951477559816384	0.0198297347272268	0.0148945218209816	0.0033553046426193	0.00207599907833743	0.000134605911968246
0.000131279769891125	0.00333057397790751	0.00168527049477257	0.963063231023215	0.0217437249140691	0.00298572991186425	0.00484357976225687	0.000131282272461427	0.0020853278735621
0.000581221332688297	8.91957052296348e-05	8.91957051867353e-05	0.976226896524572	0.00833889108888911	0.00729851918368542	0.00202548271072449	0.000273792490954477	0.00507680525806946
8.78168613892077e-05	0.0186848196667685	8.78168613706315e-05	0.962831520788418	0.0073144743780924	8.78168615273566e-05	0.0096270908743327	0.00119082684647475	8.78168616262709e-05
0.00113125143160837	0.000134200434366213	0.0124161144375036	0.953104425155456	0.00726402420717018	0.00610571224281484	0.00643499633071493	0.00958115005401688	0.00382812570634862
8.89260390070913e-05	8.89260638993233e-05	0.00213106851080238	0.964185556540149	0.0191023102790905	0.00764957561771886	0.00534269008282495	8.8926038833967e-05	0.00132202082767361
0.00396714491548056	0.00656162072879179	0.00176982261051348	0.958331206576566	0.0100771941311112	0.011811393648708	0.0053225235243616	0.000927579066786221	0.00123151479768174
0.00171395199487621	0.0212957842104777	8.66156307623257e-05	0.956079154081584	0.00952370841964688	0.000345219551556972	0.00943968707964219	0.00142926340069095	8.66156307621914e-05
0.000131216477915921	0.00471438016798318	0.014069329500517	0.94905854930105	0.0129772081001696	0.000131216477806006	0.00547142255635071	0.0123068616866605	0.00113981573154694
0.000439164211138452	0.0028908852160465	0.00177650938795545	0.958184720159123	0.0230555451578438	0.00299469266208379	0.00564578638258672	0.000130692222441183	0.00488200460078132
0.00612203753499947	0.00128909706044181	0.00210347050420058	0.959556666219988	0.00777145959551465	0.00869494023613536	0.00592767227419612	0.00840436472333872	0.00013029185118572
0.000723560327996237	0.000131001186191278	0.00603028052082005	0.937831879200548	0.045006935671396	0.00231512325334324	0.00089315284834417	0.00313820704328672	0.00392985994807407
0.000491707998462167	0.00183307263817647	0.00681846073726395	0.945971974944268	0.0209224559680905	0.0172096036462345	0.00526793427991678	0.000824865170578855	0.000659924617008492
9.16873036568274e-05	9.16863778065609e-05	0.0296516689113374	0.938308992323002	0.00833772320654081	9.16863777868113e-05	0.00900917513913597	0.0085321840398532	0.0058851963208806
8.70977229763277e-05	0.00274259527218929	8.70977228981785e-05	0.965778349905653	0.0223181487410782	0.00582435004130991	0.0029881651476801	8.70977232485837e-05	8.70977229668009e-05
0.00271465609746332	8.81963645679586e-05	8.81963647088917e-05	0.966166148920675	0.0137091884915322	0.0103383185800354	0.00557602397991864	8.81963646262565e-05	0.00123107483647218
0.000639749229845577	0.00845573609504605	9.01273782387365e-05	0.956889993997104	0.0252626036869972	9.01273782042278e-05	0.00263821640446729	0.00234935971089255	0.00358408611920435
0.0406521598443052	0.00529288398694096	0.0567692445222207	0.785154394126457	0.0243158366062986	8.79964437472586e-05	0.0607663092128485	0.0124297216853543	0.0145314535718273
0.0011062544829223	0.00160366835871801	0.000650997806618961	0.96353195128873	0.010065614176662	0.011838803982598	0.00996044364218155	0.000125854374805772	0.00111641188676337
0.0390358659872787	0.012367134258086	0.185096402979395	0.560919207725977	0.0270616765611945	0.000120411619631181	0.137750065642228	0.00821524367219451	0.029433991554015
0.000126087700941147	0.00551830586226518	0.00281278390779987	0.961484741879019	0.0167394843233992	0.0033034125549131	0.0077126247742078	0.000126095143994334	0.00217646385346053
0.000431385914182883	0.003167990482406	0.0102666212847795	0.956329659563812	0.0133827733040933	0.000131187182975608	0.00463705457032874	0.0102989383028736	0.00135438939454801
0.000133441252791311	0.00331194580807789	0.00537954990227614	0.947207351129668	0.0194879330875684	0.000358353417441777	0.00658960823039274	0.0114197789048635	0.00611203826691967
0.0017250007440976	0.00181706620807018	0.00167873333995944	0.958506496357518	0.0165836549489504	0.0119903150605954	0.00677452869150213	0.000788094615322008	0.000136110033985152
0.000129127143258841	0.0118021157083957	0.00273319851853253	0.934486909750566	0.0244087563560061	0.0138562790509268	0.0123253591849159	0.000129127143966453	0.000129127143432125
0.00100877241251977	0.000208865598290656	0.00717398287261703	0.966123951004563	0.0168227168060956	0.000137026544453619	0.0020263012278792	0.00636135698815513	0.000137026545425835
0.000871134493971449	8.98981950322045e-05	8.98981951146302e-05	0.966479117151568	0.0128844774512138	0.0134148542929412	0.00441082062983089	0.000293217114869896	0.00146658247545803
0.00771977826158258	0.00389221765405893	0.0162725496677548	0.946004784135936	0.00641292575950673	9.22973152480421e-05	0.0121366107879869	0.00331352417942446	0.00415531223850121
0.00333213263509667	0.00519011488315078	0.00151910782837724	0.948420270080384	0.0210350455056356	0.012018308791373	0.00787348551696214	0.000482216689951984	0.000129318069068577
0.00012572629631896	0.000187855745388182	0.000125726296295389	0.973055643463563	0.0135051819918658	0.00493756871248421	0.00419670092746225	0.00206797175861031	0.00179762480801184
0.00387244993772309	0.00169616881373985	8.6648968658646e-05	0.977088246129368	0.00693683857980308	0.00354308536950771	0.00644305414250868	8.66489686669939e-05	0.000246859090024387
0.00170703279816883	0.000133685029145796	0.000133685029140696	0.963830292660035	0.0162551585094164	0.00605564475943221	0.0067578494040228	0.00404560489547517	0.00108104691516326
0.000169494865166621	0.00967619554217307	8.79990117937351e-05	0.954915666087613	0.0269226994619822	8.79990119200626e-05	0.00796394799574782	8.79990118119307e-05	8.79990117912764e-05
0.00123046445130697	0.00013172903488424	0.000131729034966953	0.962207536561774	0.0153004410241209	0.00853900350001503	0.00624562994821912	0.00376417114062141	0.00244929530409161
0.00535678567120298	0.00673071735234164	0.000129072376463812	0.966945466102457	0.011653046655759	0.00420823869965252	0.00471852838886629	0.000129072376528268	0.000129072376728168
0.00214652213630143	0.00716472051449024	0.00506978222938854	0.958797148059291	0.0108634099603629	0.00450205316205347	0.00865411539383613	0.00219830313842086	0.000603945405854891
0.00146245385336718	0.00268598877231264	0.0418117619379839	0.91114751745553	0.0147840373642091	0.000133317696482986	0.013240431774756	0.0111249646085056	0.00360952653685267
0.00412243396183701	0.000132155663091625	0.000132163812026408	0.945396642633627	0.0312534609767378	0.0131996797852195	0.00178298713149976	0.00384831222387239	0.000132163812087929
9.00199852668496e-05	0.00546749899983224	9.00199852983826e-05	0.963351942457889	0.0172495669019608	0.00614983578600976	0.00742107591266025	9.00199855758188e-05	9.00199855065173e-05
0.00186160362194413	0.000301176554642053	0.00112884751314578	0.949149011640205	0.0208578719274355	0.0138955057842227	0.00721896339705284	0.000129333438327632	0.00545768612302446
0.000736669338743724	9.17390366370972e-05	9.17390367353383e-05	0.957537178193441	0.0199177669885027	0.00425721074543464	0.00785774550607351	0.00819818225657687	0.00131176889785557
0.00210094653913271	0.00201204561777069	0.0154548953608742	0.951520587913853	0.0112646325015147	0.000134977323501411	0.00585630316211864	0.00907935714886652	0.00257625443236818
0.00213862306918592	0.00771036311766437	8.95593690214753e-05	0.969407871745696	0.0153134316481374	0.00268756869952677	0.00223008352740474	8.95593690230685e-05	0.000332939454340114
8.70381906385276e-05	8.70381906536405e-05	0.00110773555891045	0.967819102088925	0.0132943393796019	0.010226585415101	0.00176757207537234	0.00274784363897659	0.00286274546182106
0.0269404528220807	8.63768019500496e-05	0.160224494977202	0.643165114980424	0.0245736051061142	8.63768019457962e-05	0.0537025444989324	0.0755038937273807	0.0157171402839705
8.70814578706402e-05	0.0143415878500275	8.70814578601151e-05	0.959812902133244	0.0114689702060212	0.0061933567577182	0.00751471501420045	8.70814578887786e-05	0.000407223665169313
0.0013532374879448	0.00545752070455858	0.00100977582131064	0.95950958729891	0.0153152209814193	0.0100527784531508	0.00405081006411423	0.000362265140386876	0.0028888040482043
0.0052243365675888	0.0001330782032652	0.0212109812733534	0.945644031941028	0.0114704650014062	0.000133077926015137	0.00559405938521975	0.0104568917759439	0.000133077926180208
0.000134712613662888	0.000772398935073512	0.00952475728571719	0.960448164427603	0.00462846729533532	0.000134712613927647	0.0134518190375137	0.00807641389901986	0.00282855389214643
0.00402022046296521	0.00818947718125743	0.00247638835764482	0.955299628187081	0.016935524324497	0.00012984424601076	0.00432347803542893	0.00504902292017925	0.00357641628493504
0.000204533908645471	0.00163113257829224	0.00560260384659235	0.970465134935787	0.00810807541597214	0.000138533384451764	0.00553707587775891	0.00817437666714623	0.000138533385354016
0.00191305143036369	8.81077588484582e-05	0.000732454488417546	0.97417095501947	0.00785655971337183	0.00954405586749836	0.00551854950793536	8.8133107038813e-05	8.81331070557561e-05
0.00127289654971871	0.000879949514206627	0.000126568652729997	0.974724312340116	0.0101414964339999	0.000363535935760264	0.00469486637219282	0.00357503554031238	0.00422133866096318
0.000198950156792517	0.00605205726626237	0.00816731843113629	0.948158869529883	0.0203601859960961	0.000134773095807041	0.00657088461086908	0.0102221878166972	0.000134773096456107
0.00131025554247668	0.000136736067517788	0.00275267139791885	0.96085380796921	0.0242324673076077	0.000136736067426126	0.00349354379326188	0.0055341816098753	0.00154960024470588
0.00269406585643391	0.00777421275447359	0.00593074568742165	0.954515227511774	0.0251540431679395	0.000132751356792775	0.00122827868865904	0.000132751356361	0.00243792362014467
0.00012972021698069	0.00159013084141521	0.00644258039376902	0.960994324197555	0.012949773790587	0.000341072013801267	0.00842379024823074	0.00542187934021121	0.0037067289574498
0.00163020114697238	0.0207341730351779	0.00193899492600738	0.954308886395522	0.00912157349467657	8.71562166307639e-05	0.00818829016027507	0.000146588682505763	0.00384413594223277
0.00117326569205445	0.00013309057226097	0.0210927284549238	0.93834744473736	0.0120741580836522	0.000133093856474207	0.00734708676363506	0.0145654189631936	0.00513371287644554
0.000460720241847839	0.000136956358936684	0.00553987175310497	0.964646054711482	0.022160727400143	0.000136956358881334	0.00160057438913641	0.0046715810283379	0.000646557758130352
0.00465429485621815	0.000128309927550442	0.00557073635697254	0.91961151001619	0.0431500379255474	0.00716908173663647	0.00322967901015378	0.00024954924345031	0.016236800927281
0.00114960955375683	0.00230070514270932	0.000481977385757939	0.956640593419704	0.0319881802047281	0.000947829593818528	0.00358889961667714	0.00277284988483578	0.000129355198012104
0.0012588152669197	0.00346329651802958	0.00145667851417469	0.964680208118307	0.0205960196333259	0.00668686211612831	0.00142161328033572	0.000132232473429953	0.000304274079349487
0.00331197687414641	0.0100778557951264	0.0118167726520663	0.923011921229687	0.0245306185211092	8.99981910628608e-05	0.0218582810175619	8.99981910861014e-05	0.00521257752815435
0.0035902037611159	0.000131341455569838	0.00344884431821342	0.957803262914054	0.0107473560921309	0.00719511523301263	0.00545199847346722	0.00708337667726107	0.00454850107517499
0.000127990207316834	0.00306693356362472	0.00339741113216149	0.964237340669588	0.0172780904965196	0.00828886467029488	0.00214817851160681	0.0013271991164558	0.000127991632431749
0.00104102756687826	0.00826437270723776	0.00171173187581435	0.952292623997199	0.0130526404552393	0.00671840766740285	0.0104113922045521	0.00359894607281811	0.00290885745285807
0.00382890908044777	0.00306513984762962	0.00118952038927933	0.972265890745666	0.00468425352736035	0.0108214006529187	0.00209925867201019	8.87310506163192e-05	0.00195689603407189
0.00172590560763882	0.00013251331972666	0.00616527257889021	0.967107044766081	0.0148032440340474	0.00588538575284754	0.00256961672488693	0.00147850389585156	0.00013251332002933
0.000594850938451625	0.00449304541809888	0.00136105069280609	0.961651138681899	0.0150839210004775	0.001253209760305	0.00404383394248841	0.00426075876560406	0.00725819079986951
0.00121153387615415	0.00021708436919928	8.72210933498456e-05	0.973212572466527	0.0120672247610304	0.0094342531890385	0.00359566805797245	8.72210933778796e-05	8.72210933498568e-05
9.06340090178358e-05	9.06340090758697e-05	0.00187301461302816	0.958508390870253	0.0139955392220694	0.017980117710652	0.00715084027752931	0.000220195279343868	9.06340090306033e-05
0.000324897833198161	0.013692187128824	0.000421238372372459	0.956015043584954	0.0160976009330202	0.00240033087280573	0.00945445635046132	0.000126741459317603	0.00146750346504676
0.00506276610080043	0.0122165938341347	0.000131857705033374	0.957201724810685	0.0153291019144409	0.000131856760394898	0.00703171852284144	0.000131857705016384	0.00276252264665281
0.00241942083110889	0.0179282822946917	8.84452468820988e-05	0.960306626732386	0.00887818049039679	8.84452468901095e-05	0.00442884397953967	8.84452470075789e-05	0.00577330993109732
0.00470644531318352	0.000383883022935177	0.000697189760457656	0.959504631344235	0.00999213395902183	0.005897782690607	0.00626995737047491	0.00786912368765867	0.00467885285142652
8.77625302342049e-05	8.77625302693433e-05	0.00171673944856458	0.963795255518767	0.00764197708798666	0.0118163426290323	0.00518797999760476	0.00233935725781271	0.0073268229997283
0.000524508602472041	0.00115912783430992	0.00012353827583776	0.95334943420971	0.0329792949541711	0.0093101927023542	0.00230682686984597	0.000123538276045629	0.000123538275253211
0.00393933232100218	0.000131508483235338	0.00287393283553422	0.968019088628588	0.0126489424714094	0.000828794728389743	0.00486136129299489	0.00572396102584531	0.000973078213000866
0.00312924183926984	9.21856208102287e-05	0.00926267442821461	0.943185855382462	0.0133280883100242	9.21856207710502e-05	0.0119623415629631	0.0118329370916564	0.00711449014382863
0.00106904774899908	0.00305601575480922	0.00554409072046231	0.954782039949459	0.0163184780220594	0.000132369375489144	0.00727631797819296	0.00716029210011375	0.00466134835041478
0.0129628524265346	0.000733366535161315	0.0520356132425347	0.830755164430183	0.0279372126564002	0.000129690237962418	0.0253698002708262	0.0256661825565803	0.0244101176438173
8.87238254815782e-05	8.8723825509047e-05	8.87238254572213e-05	0.971975433769223	0.00957626814206304	0.0159802274650102	0.00202445149625136	8.87238256198003e-05	8.87238253849959e-05
0.000965004031448845	0.000129197231831969	0.000129197231882238	0.961489334956087	0.0200655785598203	0.0123216999755137	0.00242927460997366	0.000925807405065153	0.00154490599837748
0.00101926596422666	0.00122816764113264	0.000128829353067905	0.956980380051537	0.0289235325126398	0.000881853641699279	0.00530581140047428	0.00386375359737673	0.00166840583784627
0.00254724606152796	0.000132016881927827	0.00616610872210822	0.957578514428997	0.0198719387748632	0.00439029083420899	0.00674634605262913	0.00243552136210299	0.000132016881634931
0.00134993496726287	0.000133532933161459	0.00114298597303261	0.970021126624448	0.0150073257114524	0.000133532932616719	0.00133030841156613	0.00841645417903075	0.00246479826742886
8.95020424711301e-05	8.95092187616514e-05	8.9502042460778e-05	0.978394124585699	0.00905896209853604	0.0072071419670401	0.00167928901686684	8.95020427575536e-05	0.00330246698540676
0.000132968679760705	0.000132968679980688	0.0039098757965107	0.956313329878923	0.0144063965423613	0.00148154603921208	0.00359160850278321	0.0112912757548025	0.00874003012566592
0.00127707827527982	0.00617025398898492	8.80904668490973e-05	0.966600627667708	0.01512807580934	8.80904667132302e-05	0.00467791692519863	0.00114617131411355	0.0048236950858126
0.000990500598399121	0.00013348639891137	0.0152668004026233	0.951685855264535	0.0110206960162301	0.00255522894686719	0.00364170107334291	0.0126188301701875	0.00208690112890388
0.000879338822686439	0.000589968519267794	0.00315988768805225	0.950452404381314	0.00956640986733321	0.00632584226602639	0.0155802910050803	0.0114802401421023	0.00196561730813764
9.40195253403764e-05	0.000944705013371782	0.0042252492818629	0.971073733412099	0.00957997829566695	9.40195255356851e-05	0.00331825769845459	0.0105760177225682	9.40195251000086e-05
0.000138603989494485	0.000481158274327145	0.00709724651956074	0.969939880767368	0.0135604732467836	0.000138603989334925	0.00464456511798905	0.00282687764303963	0.00117259045210237
0.00394875837198189	0.00310780743794779	0.000125512771010582	0.963322769801746	0.0204995276846017	0.000263603194991321	0.00526308579663582	0.000615392529876778	0.00285354241120821
0.00150542470144916	0.00563556821260282	0.00140308695584337	0.963366405020694	0.0146735832655117	0.000131205931863113	0.00335436027888476	0.00448483326033586	0.00544553237281499
0.000606553928002466	0.00405463372219831	0.000996820713811338	0.954889140950488	0.0157768226918665	0.00509336954218915	0.00720272694978318	0.00817961263768797	0.00320031886397344
8.68901170868802e-05	0.0038335333969229	8.68901170456495e-05	0.975948829905042	0.00892539440165536	0.0068327152628846	0.00362435342218446	8.68901169915415e-05	0.000574503260186853
0.000132673612359524	0.00467455797890932	0.00400445517817236	0.970517895276767	0.0119701159850679	0.00180810398711318	0.00144429129309651	0.00531523307610011	0.000132673612413817
0.00132318534738224	0.0048324184138205	8.93580673182161e-05	0.969416022574901	0.0179308351897747	8.93580674912601e-05	0.00352913021947227	8.93580672717245e-05	0.00270033405256772
0.000129411200643465	0.0124731727755785	0.0021004438136358	0.94066110130773	0.0241710402280085	0.000923255820358261	0.00985048361059654	0.00442334492676157	0.00526774631668767
0.000279154407239743	0.00129261511455452	0.00331452187471587	0.969272913555733	0.0132165430137904	0.000136977803658637	0.00706604601489322	0.00528425041117843	0.000136977804236579
0.00277857420169888	0.00092997671658794	0.00112590172284423	0.958035583731496	0.0138376329164195	0.00732225441960427	0.00736980229284398	0.00846190079165745	0.000138373206847666
0.000124394882816438	0.0063952609880208	0.000124394882794433	0.969292255516188	0.0116606460285875	0.00557532546495579	0.00484041635824742	0.00155903076825936	0.000428275110130222
0.000126048967950078	0.0085835013192858	0.00575927299336846	0.958890681002668	0.0162095720851036	0.000651286429102144	0.00875025631011482	0.00090333192477212	0.000126048967635
0.00221968192741208	0.00186655671033997	0.0280623603427948	0.941374897715148	0.00939143883888201	0.000134532982726133	0.0092026209865809	0.00761337751350929	0.000134532982606872
0.000124521987181965	0.00871339499911651	0.00119691825959919	0.96265239092363	0.0128436205876834	0.00608271420591609	0.00570207115348973	0.000124521987075657	0.00255984589630765
0.000132359935062124	0.00798534232896249	0.000132359935016923	0.96033298466152	0.0234402254810396	0.000132359934846348	0.00241164595540185	0.00317241627615426	0.00226030549199629
0.00414995743693147	0.0045075492296932	0.000491841646208337	0.963419432091323	0.0166618162207665	0.00604875664540329	0.00446300655375395	0.000128820088353027	0.000128820087566746
0.00273224666132349	0.000130743749682481	0.00567528166760158	0.940327243218375	0.0185946233748726	0.0100055367102176	0.00721561611255537	0.0106705578292141	0.00464815067615826
0.00146976356447528	0.000126250646512221	0.000126250646534235	0.96956684764678	0.0147581365435533	0.00999033462288519	0.00363699086911075	0.000126250646294888	0.000199174813854455
0.000362433048276106	0.000131170033394452	0.00265546222446753	0.96253729207348	0.0141738559013442	0.0126255741794122	0.00366785874842218	0.00323300498275101	0.000613348808452561
0.000126253970831073	0.00256577684787596	0.000126253970866569	0.969421504548958	0.0121913541694046	0.00348177879594388	0.00388377150426904	0.00425987433938937	0.00394343185246092
0.00481796323867826	0.000133848365994357	0.00682840645438025	0.952241435645282	0.0155670960461881	0.000133845363049423	0.00434931721863827	0.010380689337107	0.00554739833068196
0.00110281215143478	0.00821913515445375	0.000162560143408575	0.967265880327491	0.00920408577890124	0.00213019155542826	0.00499898259183747	0.000126396033937812	0.00678995626310709
0.00298623415289545	8.91257960625752e-05	8.91055103187507e-05	0.976843637782358	0.00989932991511123	0.00871984396303375	0.000399743339972252	0.000883874029856757	8.91055103911525e-05
0.00137711203920349	0.000527475014101324	0.00179714775976926	0.958777394600307	0.0281914181910808	0.00351311658287539	0.0043463956621984	0.000129119087750676	0.00134082106271374
8.90740233447044e-05	0.0229230176922826	8.9074023233014e-05	0.962650879543067	0.00727451783431531	0.00054124058023672	0.00434842266837708	8.90740231853315e-05	0.00199469961195783
9.31080162766321e-05	9.31080163597885e-05	0.011397425624206	0.96191886560107	0.0106425466279814	9.31080163220636e-05	0.00439381015531229	0.010209938323577	0.00115808961889515
8.72399354473305e-05	0.0027602875315144	0.00013563670118587	0.972702326511277	0.0100995058171075	0.00649219731938764	0.0075483263133003	8.72399353802391e-05	8.72399353992844e-05
0.000125228634231901	0.00565383065957398	0.000125228634180951	0.966715391217746	0.0158377944117441	0.00108464165528549	0.00630099093582347	0.00154472080294579	0.00261217304846801
0.000706037406337079	0.00244329890454319	0.000131867571260033	0.973735853005381	0.00995902162386151	0.00970621390571241	0.00305397244106342	0.000131867570683334	0.000131867571157882
0.00181690618006902	8.80372226422614e-05	0.000815935490907797	0.966669975636243	0.00810935360118957	0.0148139372203115	0.00493976334371257	8.80372225257412e-05	0.00265805408239884
0.000449671216842771	0.00111311992434437	0.00927809848397488	0.954513686618726	0.0181422374683408	0.000141776747173916	0.00590386501155937	0.0103157683690613	0.000141776159976963
0.00596159302502558	0.0068575994753327	0.00012509153248257	0.964625043186914	0.0158798759914241	0.00153322579643691	0.00419730948242966	0.000695169977407218	0.000125091532546894
0.000513621176649776	0.00012851751718068	0.00336381963372118	0.973245508875869	0.0125272056898091	0.00614939956803903	0.0038148925041549	0.000128517517201171	0.000128517517375541
0.000135506044982761	0.000135506045139313	0.00757743847591013	0.958998524750002	0.00823311428029572	0.000727532941950404	0.00449092532236727	0.0174603765924754	0.00224107554687756
0.00013003555601794	0.00703674312703562	0.000247472579246644	0.952000667225538	0.0369022780558336	0.00146135451138133	0.00196137783340789	0.000130035555678396	0.0001300355558608
0.000127583945253274	0.00742786889779929	0.00277146393074196	0.97742652965224	0.00820362458955768	0.000795171934276547	0.00202710422697157	0.000127585069669859	0.00109306775348945
9.23123045178594e-05	9.23123044797704e-05	9.23123044520806e-05	0.963249547646946	0.017353668293078	0.0145912008073139	0.00372192107454323	9.231230435735e-05	0.000714412960311741
0.000181244284936207	0.00447689058141215	0.00221405402896125	0.965424836467571	0.0137700873810537	0.00791855119560767	0.0033455823460717	0.000181259898297925	0.00248749381608852
0.000405282998476752	0.000253064976069045	0.00305628704772006	0.950785945125434	0.0302054973206231	0.00124520132039762	0.0056016176853543	0.00756792563702447	0.000879177888901042
0.00031763292198508	0.00411340514349577	0.000317831433452353	0.965889188438597	0.0177920006725608	0.00635980655623763	0.00294834781626937	0.000609702900089665	0.0016520841173127
9.23700045708426e-05	0.00397042635436673	9.23705808783489e-05	0.96896438097631	0.0123915526410905	0.00343581637587616	0.00575954076407233	0.00520117172149322	9.23705813413068e-05
9.36429836134616e-05	9.36429835927023e-05	0.00155444233338682	0.959052792092955	0.0276901911545148	0.00396606069099601	0.00513111140047784	9.36429836779406e-05	0.00232447337678522
0.00189601436764295	0.000136412649462158	0.00525422465689557	0.969501791184419	0.0147844843050891	0.000606790118867246	0.00411549607189108	0.00356837207131994	0.000136414574412972
0.000190125182572884	0.00273181084281996	0.0159410929754985	0.951808127745914	0.00694810819405807	0.000190125182492145	0.00759438044252217	0.0103339167690263	0.00426231266509638
0.00221989775639746	0.0063515875245885	0.00287761987049269	0.966014925237546	0.0107353325481216	0.00350086622187197	0.00688913005189534	0.000125424620605384	0.00128521616848104
0.00031840836922337	0.0089941926996176	0.000127947661832019	0.951800824894184	0.0212051358736742	0.00996555659298374	0.00522378303941363	0.000127947662030396	0.00223620320704136
0.00407583520261887	0.00151568601823587	0.000471801107468624	0.947383925221863	0.030858070298962	0.00100392245412507	0.00846292742293518	0.00609806045886771	0.000129771814923639
8.73422171846411e-05	0.00922446096105862	8.73422171562676e-05	0.956334166789058	0.0124350894476419	0.00766682604136694	0.0100846475747527	8.73422171639394e-05	0.00399278253461678
0.0186090629577291	0.00182754101680382	0.0160574607130505	0.895159296210417	0.0103157067918726	0.00012985003986654	0.0322393034911199	0.00915841039036928	0.0165033683887712
0.00012896815034263	0.00270875924426416	0.00502007800747699	0.94675591190434	0.0162956165191679	0.00906995767082192	0.00431942476941139	0.00278528228797961	0.0129160014461954
0.000124817166105119	0.00556470220119292	0.000271243326925629	0.955545804702162	0.0190288456771977	0.00861729559024522	0.00434434765418379	0.00345820201351386	0.00304474166847422
0.000125964241489623	0.00366622924982078	0.000125964241382733	0.958783625620985	0.0175402472865437	0.00639944497848128	0.00464782017563611	0.000593971657222776	0.00811673254843817
0.000131157130229553	0.00081517298462935	0.000883119683211936	0.966275513662958	0.0173892106345235	0.00602041786643919	0.00772651670824919	0.000131157130703216	0.000627734199056087
0.00167762628422656	0.0038378747582641	0.00200890678728181	0.961527198613965	0.0131762355319662	0.0157527168515547	0.00176710137427782	0.000126169899105391	0.000126169899358319
0.0010558953689212	0.00382284683522661	0.00309441561574009	0.965659230340936	0.0144615482299469	0.00706140770345683	0.00393373431608609	0.000781159467986295	0.000129762121699953
0.00212235584602676	0.00589650687752932	0.000134152341416983	0.95163570056211	0.0167173399342636	0.0148118712580925	0.00841376849762628	0.000134152341431181	0.000134152341503529
8.84118289714021e-05	0.00298452939742122	8.84118289421094e-05	0.976325084857576	0.00786989897767039	8.84118287628834e-05	0.00832167040113799	0.00307316334039791	0.00116041753911971
0.00450138920952757	8.97815931889718e-05	8.97815931992191e-05	0.957326892617076	0.025939159659877	0.00568306779226965	0.00472431910960284	0.000366883025892561	0.0012787253993658
0.000131579353517965	0.00281654829232706	0.000131579353541458	0.97487626925257	0.01282923447022	0.00718173843690936	0.001693256655104	0.000131579352922376	0.000208214832888254
0.00486681692065988	0.000129405227751328	0.00122638459634938	0.972452448584291	0.00851263852486141	0.00959589832655542	0.00205380439092315	0.00103319820094613	0.000129405227661841
0.000126283988739248	0.00601019743055852	0.000126283988834423	0.96028180562981	0.0127768907014288	0.00766311658193876	0.00702106616893233	0.000126283988463698	0.00586807152129424
0.00423028704766641	0.00246031523955214	0.000126118881204018	0.974512933251275	0.014316445048838	0.000126118881679624	0.00307592054762783	0.000126118880906971	0.00102574222125018
0.000676789546648643	0.000136078390158554	0.0021614858001082	0.953898619246837	0.0208689748736414	0.0133579402444716	0.00862793745639401	0.000136087220665287	0.000136087221075129
9.34202571198281e-05	9.34172695641139e-05	0.0068080503683718	0.963959600455532	0.00659467485203221	9.34202571841188e-05	0.00343658663234334	0.0127712587234447	0.00614957118440756
