Bcells	CentralVeinEndothelialcells	Cholangiocytes	Hepatocytes	Kupffercells	LSECs	Mesothelialcells	PortalVeinEndothelialcells	Tcells
9.29170828353093e-05	9.29170829251148e-05	0.0216006249310666	0.935924181399765	0.0308074475662173	9.2917082935432e-05	0.00866281298433296	0.00263326478708324	9.2917082839123e-05
9.00970980745804e-05	0.00747487382275291	0.0155145806591999	0.925785856968361	0.0383054311020706	9.00970981087524e-05	0.00767254295965007	0.00497642319370525	9.00970980771581e-05
0.00518601127765046	0.000692139552715961	0.018056822531932	0.931670778416968	0.021362653856016	0.00779693333346092	0.00749845692312736	0.00764923631339677	8.6967794733004e-05
8.77139213174453e-05	0.00562996554276229	0.0143486144033423	0.933988065932937	0.03061385446103	8.7713921440553e-05	0.0113613127868263	0.00379504510902213	8.77139213215475e-05
0.008036265250748	0.00353659924549391	0.0221010152852966	0.914274051672281	0.0340849340639553	0.000135433873406875	0.0110079891069399	0.00460812392613693	0.00221558757574171
8.74489489589519e-05	0.00721895912285207	0.0194798875541611	0.927976936052191	0.0169736792945379	0.0144085861479839	0.0107105474946671	0.00305650643568644	8.74489489608641e-05
0.000133173779732615	0.00130454101264573	0.0231880002966993	0.926352073459547	0.0263868205456086	0.00872301377594378	0.0116003830920679	0.00121025362428776	0.00110174041346721
0.0174346165681993	0.00356186462122681	0.0522531224100277	0.842429811403089	0.0326829494753671	0.000128682293300516	0.0344740714862448	0.0109900706365729	0.00604481110597172
0.000295634186004626	0.00174742371675415	0.0241065406041365	0.93550094251965	0.0204363032718911	0.00788401698323207	0.00935058203920346	9.32309904059319e-05	0.000585325688722557
0.000445558936307939	0.0109150680477289	0.0156487096910457	0.941864514274094	0.0184382656196414	8.74512278233472e-05	0.0122494914610474	0.000263489514624078	8.74512276876457e-05
0.0320852408924684	0.00745202431945277	0.0408813668651357	0.822332085246199	0.0282309426219142	0.000127622886699116	0.0298438473626176	0.0357303617287497	0.00331650807676357
0.000131756034867653	0.000131756034680794	0.0172669023432295	0.920414006849122	0.030068183565537	0.0114215187058958	0.00697123245379682	0.00691232740663184	0.00668231660623825
0.00200549385355002	8.90117004097905e-05	0.0174138906119017	0.922584133992695	0.0275609675157289	0.0225410490277528	0.00756070021304417	8.90117002134919e-05	0.000155741384704345
0.00187737372394739	0.0126277953554556	0.0193400060793606	0.927230319168266	0.0267103073183449	0.00330953938537244	0.00872610080090925	8.92790842088199e-05	8.92790841347668e-05
9.39107179816345e-05	0.0112763586653754	0.0203763078069941	0.910430355656368	0.0317789138543712	9.39107178811357e-05	0.0160196377290431	9.39107179481095e-05	0.00983669413403708
8.72339877727841e-05	0.0116223072094731	0.0127317344561313	0.925971486922743	0.0193031433218334	0.0151229709412914	0.0118461095796501	8.72339877874491e-05	0.00322777959331786
0.000805437050883308	9.61928884356887e-05	0.0234252928990705	0.911444303823049	0.0430907861614043	9.6192888709797e-05	0.011718757097034	0.00922684430281112	9.61928886024895e-05
0.00102511083040928	0.0125575566373064	0.0210818257875402	0.941871485553562	0.0132054059508995	8.89229752317009e-05	0.00999184631468717	8.8922975163427e-05	8.89229752005305e-05
9.34596991727187e-05	9.34596991875493e-05	0.0236805364583356	0.939792305581259	0.0262866630520253	0.000783524106424613	0.00908313200518745	9.34596992272178e-05	9.34596991800073e-05
0.0019301017644044	0.000131600347937251	0.0241267622396673	0.916854023044517	0.0352349444607576	0.00348219030352521	0.0133198501367797	0.00375387780830734	0.00116664989410403
0.00125641762485237	0.00992175952002293	0.0156478857340307	0.924569157848851	0.0225834511961244	0.0140597579988664	0.0114203422213116	8.83412633649043e-05	0.000452886592576235
0.00083928348587732	0.0158450143642564	0.0193875235054188	0.914884870008398	0.0202300565540054	0.00733785745159816	0.0159507764357645	0.00538946702692948	0.000135151167751454
8.74189596466915e-05	0.0151674715730011	0.0184437503209488	0.915367485057473	0.0203908306897479	8.74189595585778e-05	0.0141086947931749	0.0111538005653098	0.00519312908113898
0.00404082859215967	0.00893265253006465	0.0201235737921509	0.931461909914142	0.0195553316808034	0.00138800612210608	0.0105151746169777	9.00086726084373e-05	0.00389251407898721
9.17803623244449e-05	9.17803624497231e-05	0.0214028841369033	0.919545644158439	0.0294762194083415	0.00600142903056935	0.0135164530042004	0.00978202917444979	9.17803623222055e-05
0.000107031703111053	0.00270472237919233	0.0206598548130551	0.924860585726679	0.0295654296702361	9.26156851650841e-05	0.00988129981339182	0.00225307070351368	0.0098753895056557
0.00293745101523905	0.00501411828218732	0.017822703230283	0.926663671336159	0.0256736754350109	0.000860189775826014	0.0127322413923812	0.00632837818730377	0.0019675713456095
8.74803907166412e-05	8.74803909416753e-05	0.0137025394001226	0.944376573833147	0.0214728729997365	0.00248217243814248	0.00857735506104803	0.00912604509542689	8.74803907177385e-05
8.81917892777516e-05	0.00236503402493412	0.0103778659901451	0.947381538306419	0.0238637135389606	0.00315065920848037	0.00858721840018103	0.0040975869523259	8.81917892762186e-05
0.00718120737446851	8.78900459454221e-05	0.0130420138922513	0.920206385174443	0.0418462285318371	0.00543622731125413	0.00744753454837057	0.0046646230755179	8.7890045911742e-05
0.00479285470953017	0.00940427725100849	0.02932174740928	0.916933267572614	0.0277518959889915	0.00404547027885233	0.00756923147990599	9.06276550079572e-05	9.06276548096927e-05
9.5483065596904e-05	9.5483065631748e-05	0.0224137350278172	0.926950727414517	0.0286018147192676	9.5483065729299e-05	0.0109097094059971	0.0107420811698389	9.54830656039729e-05
0.0151311123859614	0.0232725178400389	0.0102651033313039	0.860745811286497	0.0321996376373606	8.62769341022784e-05	0.0333133932856074	0.0248998703650213	8.62769341073181e-05
9.01374697261252e-05	0.00219512131410816	0.0170446472377381	0.935332836005812	0.0178193013864843	0.0101694773289769	0.00977738261712328	0.00660424231551602	0.000966854324515592
0.000126037668663648	0.00404256006280656	0.0107983703834716	0.930292092974863	0.0234834209343151	0.0135406826964362	0.00818940500474488	0.000126037668813055	0.00940139260588632
8.7926523989524e-05	0.000812036410955871	0.0194088267020213	0.934536353096834	0.0289650539744097	0.00693332834101133	0.00757950273624199	8.79265240037847e-05	0.00158904569053256
8.91287329089165e-05	0.0201760835011625	0.0161093816352967	0.902810917817823	0.0361140369901105	8.91287329461182e-05	0.0201085342640183	0.00441365959282414	8.91287329102371e-05
0.000777365727328718	9.34744177554034e-05	0.0255556770507072	0.92867109167507	0.0272739650059887	0.00883826093621933	0.00801890003900111	9.34744175711262e-05	0.000677790730358673
0.00365313736745789	8.8123312763878e-05	0.0119495843704193	0.943675097301406	0.0288105417432864	8.81233128783085e-05	0.0086776378037563	0.00227610795402596	0.000781646834005966
0.00313484613169555	8.60512354401225e-05	0.0151983674146175	0.929076378833126	0.030460778555633	0.00505901269803139	0.0137722992995433	8.60512354857293e-05	0.00312621459642767
9.03238411665307e-05	0.0037047695418682	0.0159390270856355	0.936909177255888	0.0205171922938762	0.00804265667328056	0.00995415661357424	0.0047523728535467	9.03238411642541e-05
0.010674079616579	9.07218757520212e-05	0.0352398798288843	0.902639627831811	0.0191510714588501	9.07218757943522e-05	0.0127257619085764	0.0192974137279122	9.07218758403926e-05
8.99826651471945e-05	0.025409821699928	0.018102486213435	0.910930390355177	0.0151402165978613	8.99826650868869e-05	0.0222660072230797	0.0062493242369013	0.0017217883433843
8.860559573495e-05	0.00562872659193811	0.0118975201025681	0.937441281038953	0.0297423830922239	0.00770440932409553	0.00731986306289422	8.8605595863059e-05	8.86055957290113e-05
0.000116289943649372	0.0103018923282955	0.0107743649557069	0.932274543008406	0.0299136008960443	8.71944148822911e-05	0.0122374504343324	0.00420746960375982	8.71944149236027e-05
0.0112628397549076	0.00483165674026409	0.0248461270892238	0.90932232748708	0.0240028939328599	9.08330139338053e-05	0.0238141607553548	0.00173832821230379	9.08330140721666e-05
0.000127928249683133	0.0117061551098079	0.0190668204960008	0.911100186879462	0.0233432749992105	0.00833835586541138	0.0173008947365371	0.00827426771438569	0.000742115949501063
8.76875241229915e-05	8.76875241046279e-05	0.0153926992382798	0.909496598486804	0.0420783101568768	0.0101756604788017	0.0101850463467053	0.00433149606867882	0.00816481417562619
0.00112464664507532	0.0101792381226903	0.0155084915149038	0.92845933526154	0.0316450165303351	0.00109263970168063	0.0113763201100275	0.000482467997862148	0.00013184411588543
0.000287606783404268	0.00696939614107839	0.0171075717180936	0.928660199339704	0.0380121985874003	8.90476275335695e-05	0.00869588454769486	8.90476275069364e-05	8.90476275841783e-05
8.93215265849191e-05	9.37705800932195e-05	0.0180153315051374	0.935052938179314	0.0250517460964165	8.93215265486768e-05	0.00902969178882742	0.00783610595770808	0.00474177283937017
9.39073482269317e-05	9.39073482830005e-05	0.0212606276633777	0.911255873665285	0.0451919942895782	9.39073482725121e-05	0.00785230665247422	0.0140635683362704	9.39073482320143e-05
0.000131511079486977	9.79010248700924e-05	0.0314759737301951	0.928613967683691	0.0231778634942446	9.79025315272048e-05	0.00818768101040174	0.00327477431147614	0.0049424251341075
0.00118879911914187	8.9322422493526e-05	0.0201264617478203	0.929378197270393	0.0234125092344305	0.00535862834385717	0.00615403460296128	0.0142027248364039	8.93224224980574e-05
0.00629073760405529	0.0091262687142239	0.0178973988020211	0.936945181170346	0.0191012877630417	8.81798207812335e-05	0.00995378046923479	0.000508985835651404	8.81798206445092e-05
0.0011621626137257	9.20156884371591e-05	0.0260342418380854	0.930776315174281	0.0164965920484835	9.20156883906037e-05	0.0103891650010867	0.0148654762591126	9.20156883971012e-05
0.00118833968011559	0.00013686935625202	0.0221162684842005	0.911319484886668	0.0314344942330563	0.00625775967696254	0.0139544982510276	0.013455416075413	0.000136869356304256
0.000129816762883072	0.00301780626223212	0.0150381741044383	0.928630699175035	0.0236895381855359	0.0133646504186597	0.0118727595520786	0.00412673877605025	0.000129816763086467
0.00504259845583106	9.33323010523664e-05	0.027029592490398	0.937473106520111	0.0164744494858175	0.00618613505190913	0.00737955100264425	0.00022790239117287	9.33323010640473e-05
0.000988398182883219	0.00354029247869762	0.0228754455279879	0.902584856573719	0.0385720810918908	0.000131888794534341	0.0155756054685097	0.0078733206828438	0.0078581111989338
8.61230124542256e-05	0.0165972765151511	0.00876384361130677	0.939105086225657	0.0175415241500314	8.61230125003108e-05	0.0125290419112419	0.00409737686823518	0.00119360469342182
9.16854916164147e-05	9.1685491555709e-05	0.0231175983232274	0.931686682140743	0.0229102416503417	0.00924294441772824	0.0109031022662767	0.000484379422162628	0.00147168079634843
0.000128736258078544	0.00203519384291064	0.0232330174213898	0.91940339816026	0.0271136925463451	0.00558803386549843	0.0160983557129649	0.00427914221931634	0.00212042997323615
8.73600810223953e-05	0.000579887291713189	0.0184749465857494	0.927987344611918	0.030458117463602	0.0103599229359049	0.00966845247507138	0.00229660847397561	8.73600810429607e-05
9.15705220052121e-05	9.1570521960989e-05	0.024331887973815	0.930484722157668	0.0218555918768181	9.15705221194753e-05	0.0114770475064821	0.00884647902716395	0.00272955989196725
9.04961062950708e-05	9.04961062476167e-05	0.01853299742412	0.913145815844326	0.0448560697622657	0.00596627734962501	0.00775704476237468	0.00947030653844876	9.04961062970125e-05
0.00104181600044011	0.000134282160986016	0.0228452988084289	0.91463010438789	0.0325588383107526	0.0104643129798626	0.00926198681534853	0.00892907837537073	0.000134282160920392
9.22020141067685e-05	0.00369558914498255	0.0157527195133574	0.932446249361849	0.033687682156836	0.00063574907851442	0.0107248911050995	0.00174012324629131	0.00122479437896297
8.83390347642767e-05	8.83390348945808e-05	0.0144274085209348	0.945814481155618	0.018412261460131	0.00611739642808786	0.00827222001065558	0.000213176399795594	0.00656637795511778
8.88287270412665e-05	0.0102665869241606	0.0189446502887445	0.925376101173967	0.0178648953762338	8.88287270081604e-05	0.0133026629368461	0.0139786171189595	8.8828727039315e-05
0.00162455581333498	0.000132731849795416	0.0329049623226222	0.914568904466287	0.0159084668650834	0.00551109668105277	0.0118108105114885	0.0139982970574632	0.00354017443287244
8.82226955394992e-05	8.82226955034034e-05	0.0171576560384711	0.934417946402527	0.0309177345462776	0.00487891678603461	0.0104790297986753	0.00188404834141538	8.82226955558322e-05
0.00488648730212311	0.00834581442870098	0.0196413126735856	0.921014488832205	0.0207854469733696	0.0056626127090805	0.00959593083477942	0.00998116124584635	8.67450003095328e-05
0.00170923769482043	0.0198629433948066	0.0117628203839242	0.931396992638675	0.0182311407265084	8.55829860898481e-05	0.0124244321492914	0.00444126703978706	8.55829860968321e-05
9.03878476236651e-05	0.00564309164597678	0.0274993899219232	0.92421586192901	0.0228059464804377	9.03878477302757e-05	0.00847630964826487	0.0106024898254301	0.000576134853602905
9.1641671598251e-05	0.0050488774179393	0.021744706903848	0.92174216043803	0.0342434677233166	9.16416716559905e-05	0.0118181579182382	9.16416715385596e-05	0.00512770458383558
0.00570163180154439	8.97683638554088e-05	0.0148315595643782	0.932768119607239	0.015676744671865	0.0114941995770205	0.0116117754193043	0.0077364326309237	8.97683638695008e-05
8.98529288775703e-05	0.000924106747650697	0.0208272465467339	0.90712148304637	0.0606247726938946	0.000964235946974542	0.00587562807775867	0.00124419290643581	0.00232848110530471
0.000632355722006236	0.000460869369578202	0.025086791101207	0.905307317771104	0.0333767103116096	0.0181068180706262	0.0116389304483687	0.00525099968918819	0.000139207516311869
9.20051494965279e-05	9.20051496254773e-05	0.0422992349777646	0.907630801466933	0.0177362477072975	9.2005149378854e-05	0.0139694288600653	0.0109216982574231	0.00716657328201534
8.75272389560428e-05	0.00732317639009852	0.0155044515981492	0.93037560341302	0.0343016426072426	0.00316485441841326	0.00893229525660792	0.000222921838544166	8.75272389679128e-05
0.00188673643024233	8.80399994390826e-05	0.0145359039226629	0.934368959025466	0.0250285142732078	0.00842391363487897	0.0108392918822657	0.00460481448480895	0.000223826347028213
8.92011399380639e-05	0.00109719000528654	0.0184638031087391	0.923162522836526	0.0368798711704816	8.92011399742743e-05	0.00811578152901299	0.0108650140870412	0.00123741498300036
0.0611357357226823	0.0117908673514653	0.052327110650853	0.771419830268193	0.0358728772483718	8.59985595300646e-05	0.0475195564616233	0.00666241200684603	0.0131856117304355
0.000873158289430421	0.000429244962779854	0.0154215977661687	0.932966661556927	0.0202957944921443	0.0098209163406965	0.0153453437775422	0.00337294270392489	0.00147434011038661
0.0721094465102466	0.0105186832069959	0.105012942735176	0.611919896094876	0.0388675146516632	8.34559909995772e-05	0.100971448619363	0.0177483866677503	0.0427682255229296
8.88218576501947e-05	0.00819578913616092	0.0147759962552831	0.932089206785852	0.0283854000277317	0.000251037051997894	0.0129246859100847	0.00214888740179094	0.00114017557344853
0.000152925921249695	0.0055782370399641	0.0285786907643653	0.923934287212781	0.0224839056401383	9.15510387683701e-05	0.00950933475952324	0.00875221327050664	0.000918854352702932
0.000132232589236862	0.00406231952187926	0.0236702568136433	0.911618303080275	0.0314546208617912	0.000132232589304831	0.0125936969972624	0.0103579235063802	0.00597841404022717
0.00167728417270698	0.00448672667225102	0.0244003451646425	0.912240538608043	0.0294058841752949	0.00948914649221593	0.0144323880484378	0.00372803945998813	0.000139647206419295
9.19208297490082e-05	0.0183921154845707	0.0186880727203664	0.895482944927589	0.0379382332717864	0.008807496882893	0.0165301600455097	0.00397713500778498	9.19208297511984e-05
0.000278000419416574	9.7064737622663e-05	0.0231710418404138	0.92941167200368	0.029658546023865	9.70647378046471e-05	0.00779325632549602	0.00939628917411097	9.7064737589774e-05
0.000968042746086926	8.91934761140309e-05	0.0184898485341766	0.937280771558778	0.0212453710709902	0.0125403813956509	0.0089198208971554	8.91934761125575e-05	0.000377376844935872
0.00671479606687385	0.00137350831851933	0.0361189543714141	0.912880996968415	0.0172379764239308	9.17754100344077e-05	0.0161551291088837	0.00651679235978648	0.00291007097214221
0.00413756870591236	0.00770938195558731	0.0202526862834303	0.907756884558192	0.0344591816095004	0.0117022783135466	0.0137205794404704	0.000130719566704162	0.000130719566656899
8.71753771513654e-05	8.71753772809335e-05	0.0138805370218288	0.943959711829	0.0237159503658693	0.000807665630173374	0.00958349922884132	0.00779110979267879	8.71753771756911e-05
0.00457974522534789	0.0070056689378595	0.0136075615446436	0.948164278013258	0.0162029207634946	8.60865118249959e-05	0.0101815659795956	8.60865119197445e-05	8.60865120555773e-05
0.00164575473872813	9.27794165514504e-05	0.0200255715086918	0.92386445452303	0.0281300716055767	9.27794162628005e-05	0.0116789400256199	0.0140055574063219	0.000464091359217184
0.000467509462951856	0.0104371086912509	0.0110890865121142	0.928226039478362	0.0378649326212184	8.73738737313126e-05	0.0115979543715985	0.000142621115033902	8.73738737393769e-05
0.00170938797821818	9.06049523885076e-05	0.0189053800594435	0.931370568543643	0.0238259381421111	0.00611089673342256	0.0106329196278373	0.00694633914882744	0.000407964814108615
0.00549498164665775	0.00582277929461717	0.018965756804327	0.930682815144287	0.0232214141730754	0.00475530702980004	0.0106474589793009	0.000278699552209664	0.000130787375725396
0.00183229706647909	0.0115063834892396	0.0291823751090974	0.914559471423915	0.0211459703590725	0.00327451015492356	0.0159937999581071	0.00228540945592056	0.000219782983244878
0.00202957886524669	0.00013394849382721	0.0510980704326447	0.880708422863573	0.0265181708858605	0.000133948493890185	0.0174106200525136	0.0179782316125884	0.00398900829985582
0.00474942644887638	0.000130703864829137	0.015748069616587	0.908964990775697	0.0434936466005749	0.0141304231635166	0.00812546212333677	0.00452657354168744	0.000130703864894336
0.000103296921643974	0.00828145389070479	0.014276603073632	0.927465865918769	0.0290671641007537	0.00654087121555588	0.0140808331185028	9.1955880236192e-05	9.1955880202165e-05
0.00301731574452595	0.000768268600033195	0.01835664728385	0.911693173838935	0.0334318039716095	0.0143778339227634	0.0129125790842145	0.00117350108269619	0.00426887647137243
0.000341617541424766	9.12190574613247e-05	0.0165155062533405	0.921757956743741	0.0323743104022546	9.12190574650821e-05	0.0128240088860834	0.0148700942196105	0.00113406783861873
0.00161409820693414	0.00226702543753316	0.0357670069801968	0.913600451493312	0.0213389540860272	0.000133802139490072	0.011785283062191	0.011221386340692	0.00227199225362319
0.00294670879220237	0.00693263157756421	0.0145563774939634	0.938159992939246	0.0268956333806985	0.00362988108470095	0.00670073520002304	8.90197658612207e-05	8.90197657401512e-05
0.000237576631746443	8.71998464400292e-05	0.0191798015232011	0.934490417389164	0.0234953342683388	0.00797943024251625	0.00613726098568725	0.00652486745480416	0.00186811165810184
0.0545979241488625	8.41475245361571e-05	0.10210829952478	0.658167479895524	0.0326738531211157	8.4147524538379e-05	0.0504164614561556	0.0852275753757406	0.0166401114287476
8.72677680496516e-05	0.0148154465743663	0.014156113600458	0.929921416623102	0.021541878129623	0.00607643951684651	0.0132269022514414	8.72677680641008e-05	8.72677680493499e-05
0.00140635269399917	0.00994620324971395	0.0196419124429912	0.91683736923733	0.0269753394968707	0.00974033909098502	0.0132799823945257	0.000135110762566679	0.00203739063101769
0.00670984874357798	9.26626168902057e-05	0.0366188907294479	0.91211114721294	0.0199585840323032	9.26626167406274e-05	0.0107862545300198	0.013537286901283	9.26626167977081e-05
0.000134503469065527	0.000134503468958989	0.0305330347917123	0.925296164013143	0.0144402218615554	0.000134503469213268	0.0180206375785145	0.00993097785586903	0.0013754534919683
0.00515026845122864	0.00636723289413904	0.0151546535613531	0.925149497982839	0.0279658714652445	8.90762796541165e-05	0.0113702785036941	0.00713564779640142	0.00161747306544596
0.000572504619889245	0.000140396792463223	0.0312014245702598	0.920402677968109	0.0169599438387362	0.000140396792768187	0.0143361215757431	0.0161061370495508	0.000140396792480602
0.00194484539734181	0.000297645864557837	0.0192114143831011	0.943014037794446	0.0174422243223237	0.00854974240602982	0.00936488086867522	8.76044817229776e-05	8.76044818017437e-05
0.00190583184558304	0.000735013566678603	0.018224283607574	0.937628488481883	0.0207998967190907	0.000168913484365274	0.0118670182184053	0.00598768160794115	0.00268287246847936
9.43439731185491e-05	0.00430332493786785	0.0281740455861	0.907302229335327	0.03210583329638	9.43439731761398e-05	0.0122295076576716	0.0156020272672246	9.43439731345348e-05
0.000905636583763666	0.000136851671231703	0.022187380002593	0.920695456172897	0.0367831614056624	0.000136851670872684	0.0107494100541496	0.00694897601170796	0.00145627642712213
0.00126508436695886	0.00843861604297108	0.0235900233674303	0.920017318961564	0.0372473781828048	9.16310106835841e-05	0.00654739002635469	9.16310107285814e-05	0.00271092703050451
8.93392298033537e-05	8.93392297334565e-05	0.0247857802551845	0.928927327241537	0.0222316274792117	8.93392298573186e-05	0.011826358448274	0.00849905398723847	0.00346183489915992
6.1463490657136e-05	0.0195110311311789	0.0178334524625723	0.926143670073227	0.0191918823243171	6.14634906451696e-05	0.0120509896479081	0.00508458388883602	6.14634906581541e-05
0.00154461937855606	0.000133015402383557	0.0387030540349656	0.904770342646364	0.023175927824325	0.000133015402652926	0.0138342295412579	0.0144998975662243	0.00320589820327074
9.59652002536725e-05	9.59652003021043e-05	0.0296019255460791	0.922055717631633	0.0339321782506369	9.59652003565482e-05	0.00951084180423869	0.00451547596622176	9.59652002779989e-05
0.00048926872216982	8.88155220100578e-05	0.0202172148756655	0.885438911633977	0.0588965642150313	0.00569112856748601	0.00956500941863841	0.00130141932265955	0.0183116677223622
0.000420558615813332	0.00284509004494889	0.0131485455896328	0.925403099911282	0.0443711872517644	8.98127891685524e-05	0.0101650026321053	0.00346689037612112	8.98127891636122e-05
0.00141432386245384	0.00820571152299053	0.0175921664375914	0.92972535262231	0.0318416706254658	0.00184534013168509	0.00858599749601583	0.000697421115850532	9.20161856366789e-05
0.00491236954153805	0.0111894245691738	0.0255176870295821	0.897185088328027	0.0362027713461422	8.91619470157852e-05	0.0200342792959871	8.91619470120548e-05	0.00478005599552202
0.00497868192009752	0.000133506998598219	0.023144121358855	0.920282320236957	0.0209011598304134	0.0101978871441069	0.0119760753808521	0.00531699239953096	0.00306925473058879
8.94677200788273e-05	8.94677200307156e-05	0.021561791713935	0.927301968955212	0.0297419332542279	0.00556789548028484	0.00637399809294172	0.00918400934319646	8.94677200928257e-05
0.00134963864741418	0.0158126099644517	0.0148494101689093	0.917727486439465	0.0257512889214214	0.00178215288387248	0.0146111958375432	0.00534669614396974	0.00276952099295282
0.0041398045487554	0.00334189590259269	0.0181576626571403	0.941829190473008	0.0125280718746073	0.0100038776471181	0.00853940224273369	0.000274288069138327	0.0011858065849059
0.000800605568451186	9.27065523166302e-05	0.0251523799900637	0.934680618862313	0.0251761543353609	0.00393736662628268	0.00796869321390782	0.00209876829889888	9.27065524053292e-05
0.00064065234814326	0.00461956335417008	0.0123206149778508	0.935903293022261	0.0251916552604983	8.74350110115104e-05	0.00979159799648598	0.00510145916478482	0.00634372886479365
0.00115405288217094	0.00199798072697367	0.0160776596591017	0.942369165335585	0.0222803454953569	0.00633067362345867	0.00961463584052084	8.77432183963544e-05	8.77432184362007e-05
9.18814331519496e-05	9.18822121532037e-05	0.0215815699525951	0.916699951524556	0.0248636976964959	0.0149872278852135	0.0120756608131764	0.00951624704949998	9.18814331583581e-05
0.000602506418189509	0.017273564932946	0.0155358487906341	0.91934905696221	0.029995509832745	0.00171023298050472	0.0151104343989052	0.000332510344252497	9.03353396126811e-05
0.00590287233946307	0.0136745064383838	0.0196643341011488	0.91302532797324	0.0279160091145331	0.000133104898189916	0.0137703768311475	0.00190190429809596	0.00401156400579832
0.00251575651617917	0.0186318651309626	0.0147811427625097	0.933972223803292	0.0196259907795954	8.74414220851237e-05	0.00817423201107471	8.74414218988684e-05	0.002123906152402
0.00633109056526945	8.6760271798541e-05	0.0132792271351995	0.934362990670312	0.0206004863244773	0.00390346424540578	0.00930364585442476	0.0120455746613567	8.67602717562843e-05
8.76719794132496e-05	8.76719793921757e-05	0.016351200948504	0.934672557257088	0.0171264484187812	0.0132173329521083	0.00974556514261208	0.00277940935773352	0.00593214196436756
8.68656359821048e-05	0.00522436670931531	0.0120369629176291	0.923211034931429	0.0464868538050956	0.00542243532814863	0.00735875777511227	8.63614486230904e-05	8.6361448665146e-05
0.00363516154909863	9.21025952721111e-05	0.0203094806141213	0.930847965426703	0.0243523713101683	9.21025952154915e-05	0.0113714207741388	0.0087243668914176	0.000575028243865214
0.00310027171301053	9.05046258144012e-05	0.0239683897175641	0.912201781535721	0.0241157382154374	9.05046257880165e-05	0.0163376238987176	0.0148473231793348	0.00524786248861219
0.00119239743115886	0.00183753612774793	0.0206468827083787	0.923374153943946	0.0265443417092519	9.16765001458333e-05	0.0122485096593601	0.0101692550181756	0.00389524690183548
0.00876333369529041	8.93802302241097e-05	0.0483480656857205	0.816230856291477	0.0395344195404356	8.93802302327612e-05	0.0253717055758059	0.0323705778373103	0.0292022809135036
8.94989580232745e-05	8.94989579926866e-05	0.0138348492340176	0.938174372196429	0.0202381215564634	0.0199629462290049	0.00743171495204728	8.94989579933244e-05	8.94989580281285e-05
0.000750154398135223	8.89550214952904e-05	0.0175836784257864	0.929634816367101	0.0302823160713466	0.0073269102647147	0.00506055382542706	0.0083352371392651	0.000937378486729048
0.00127356700964146	0.00074101582011164	0.0205413443410793	0.916900043224297	0.0429977384812487	0.00148037562974732	0.0115926349486468	0.00434277087634734	0.000130509668880674
0.0019360894109159	9.1302270702227e-05	0.0195431282779743	0.92845364249052	0.0304616138152143	9.13022708325362e-05	0.0108525758552014	0.00847904333764497	9.1302270994629e-05
0.00182961589756287	9.16366709274457e-05	0.0188760558000223	0.938666209309126	0.0248882490524523	9.16366709088517e-05	0.00557735866603735	0.0098876012619949	9.16366709678626e-05
8.8738416095412e-05	8.87384161396006e-05	0.0105140650331146	0.952498133405051	0.01988577460821	0.00735244971282554	0.00624105087106582	8.87384158722215e-05	0.00324231112162632
9.22908734903055e-05	9.22908735197305e-05	0.0200282337229741	0.925415054059884	0.0243282947390033	0.00211550362211634	0.00730191606007088	0.0115611012026126	0.00906531484632889
0.00190559896106793	0.00525685283579497	0.0191499962154785	0.9330153287378	0.0251324579434083	8.70052381227405e-05	0.00930533183217538	0.00169901310292809	0.00444841513322432
9.33331430810325e-05	9.33331430778877e-05	0.0380833048219983	0.9122560982498	0.0216258219703785	0.0027579342783436	0.0091378782946119	0.0149057353004621	0.00104656079824675
0.00100813420052562	0.00197740669260524	0.0176804444938259	0.921508485733564	0.0201786384606634	0.00318419819061039	0.0178433896623647	0.0165325154415876	8.67871242528618e-05
0.000133335856740657	0.00404350023418699	0.0262325840517577	0.931849282734315	0.0182001697139569	0.000133335856782973	0.010968009410406	0.00830644628507873	0.000133335856774886
9.79200982741054e-05	9.79200982845982e-05	0.0278492870225916	0.928581747781379	0.0279715318953065	9.79200986965253e-05	0.0107684413000515	0.00343229919452756	0.00110293251088837
0.00385843770879171	0.00310055771624365	0.0192023489106607	0.928753974619299	0.0314878810510634	8.68026343656943e-05	0.0112360490839948	0.00110394255890841	0.00117000571667299
0.00125607227898545	0.00370990307747191	0.0160201262550765	0.930290604558017	0.0266345343779402	0.000131052121166336	0.00895119884624396	0.00849986176343815	0.00450664672166062
8.798848093362e-05	0.00867664487824146	0.0159992747565373	0.921410582890263	0.0266987109445492	8.79884809771861e-05	0.013432061209027	0.0111525075167742	0.00245424084269732
8.70322549843405e-05	0.0038740691549685	0.0112628595277328	0.949510181833732	0.0189685216538641	0.0076436241756907	0.0084796468892074	8.70322548323425e-05	8.70322549879494e-05
9.28910527578348e-05	0.00716140571629252	0.0234528079924118	0.933716564092118	0.0220479412877633	9.28910528959881e-05	0.00636912121878516	0.00697348653421412	9.28910527616615e-05
0.000649829261599962	0.00704955698890452	0.011087594851777	0.940963722753052	0.030105780629048	8.82128506459996e-05	0.00779966805292891	8.82128505591806e-05	0.00216742176148473
0.000131121607503115	0.0152635079143896	0.0209126297956268	0.904485209702652	0.036916608290014	0.000131121607580264	0.0156610680458778	0.00154423637029579	0.00495449666606053
9.67387775328764e-05	9.67387776538798e-05	0.0249868174578787	0.927115295878556	0.0245641647425942	9.67387775591092e-05	0.0137499801602478	0.00919678665042509	9.67387775522264e-05
0.00262176918427462	0.000141872454409332	0.0294971993330481	0.905020121807005	0.0257008269869396	0.00468758486162157	0.014853478593098	0.0173352683228613	0.000141878456742303
8.66562028093184e-05	0.0130225419149359	0.0143171758607036	0.941687391609361	0.0210865292987052	0.00122125347752306	0.00840513923024859	8.66562029041944e-05	8.66562028093846e-05
8.8835663521621e-05	0.0101250582570291	0.0243636201460136	0.924750132662365	0.0270232730904532	8.88356636533878e-05	0.0133825731899607	8.88356634742596e-05	8.88356635295763e-05
0.00204188815489021	9.36987763317644e-05	0.0390796737770238	0.911050924287646	0.0190193634256888	9.36987763806619e-05	0.0147342966200668	0.0137927574056536	9.36987763187581e-05
8.68904688127663e-05	0.0163765386345496	0.0163022157457784	0.927588951089011	0.0230615203615527	0.00192886123939525	0.012237879405696	8.6890468830019e-05	0.00233025258637385
9.28288693019467e-05	0.00640236786518484	0.0227856898193325	0.920033312228155	0.0363340389324274	9.28288693531755e-05	0.00823240993928132	0.00576499610773046	0.000261527369233777
0.00487813034070831	0.00586231752899489	0.0196886030831303	0.921782948151384	0.0284601606874595	0.00707383408607826	0.0119927717815504	0.00013061717038271	0.000130617170312196
0.00240836711296498	9.05104067915754e-05	0.020170164618893	0.909410348477081	0.0283200188385607	0.00670649659292498	0.0131840422269548	0.0149605314175578	0.00474952030827156
0.00141506805612998	8.74158511788822e-05	0.0143111037100362	0.941721708228412	0.025368625328284	0.00845695434811078	0.00846429277561189	8.74158510724678e-05	8.74158511632837e-05
0.000133777428723338	0.00068802742522488	0.0248150568108315	0.920019374874239	0.0268084627388968	0.0145880426908573	0.00947992821266104	0.0031557812461993	0.000311548572366539
8.78471084177852e-05	0.00516215730101339	0.0129435669648638	0.9403436451107	0.0224733259577769	0.00203227172769078	0.010020013202797	0.00349206424107391	0.00344510838566623
0.00711002707629201	9.22077594594917e-05	0.027436133910665	0.915974192033926	0.025825050960326	9.22077593107027e-05	0.00992374172390717	0.0108822468265281	0.00266419194958536
8.85930104734228e-05	0.00925370230134595	0.0126474220631774	0.938438021012748	0.0199223085719004	0.001575794613128	0.0109393618176634	8.85930103903221e-05	0.00704620359917323
0.00335945037353816	8.83571780807543e-05	0.013701857504555	0.946377479400264	0.0206075651412321	0.00802365223080373	0.0055490204212162	0.00220425794479296	8.83598055168891e-05
0.00133870860309602	8.90265006633325e-05	0.0209807443712477	0.925754720394378	0.0394783956063078	0.0035416863522565	0.00756394441926165	8.90265003109199e-05	0.00116374725247842
9.05118854128257e-05	0.0232708951342012	0.0216119658489951	0.922727464390505	0.0173969270171135	9.05118854277173e-05	0.0113238122665418	0.00339739968641902	9.05118853835364e-05
9.13098275032595e-05	9.13098274561832e-05	0.0262851795341499	0.933569516768288	0.0196476647273887	9.13098275142925e-05	0.00894870142044677	0.0111836982397461	9.13098275072059e-05
8.63531606144945e-05	0.00770431696481272	0.0101312672252574	0.948023317223707	0.0204044500494367	0.00227907734148862	0.0111985117136758	8.63531603927882e-05	8.63531606147933e-05
8.92178850922054e-05	0.00751732349417878	0.0107871432674008	0.938207513880782	0.028999398910568	8.92178851223735e-05	0.0117802458209728	0.00132102225876973	0.00120891659711299
0.000529317623088656	0.000133396931492631	0.0190193677640921	0.932911292864295	0.0212204395361601	0.0121840932828559	0.0115144342974177	0.00235426076905329	0.000133396931544669
0.0015095029578849	8.6315463241717e-05	0.0148066151150722	0.937096897852659	0.0180973853715581	0.0140193507121427	0.010135206037614	0.00180760261245726	0.00244112387737014
0.000646953342293243	0.000737402016288096	0.0324358303956109	0.906180659938194	0.0327429967168773	0.000145159680624674	0.0138072889764301	0.0131585492528463	0.000145159680835381
0.005029571310557	0.00883919171143291	0.0153257681093902	0.93254160159648	0.027980174618812	0.000124342223772034	0.00823795638633624	0.00179705181945009	0.000124342223769966
0.000386527239284351	9.10425794117334e-05	0.0223476497715755	0.935025466901652	0.023537276633814	0.00806680922027896	0.0103631424949483	9.10425795857784e-05	9.10425794496341e-05
9.34087297393582e-05	9.34087299730181e-05	0.0288327770727489	0.926421749657542	0.0174911488294517	0.000957342444835993	0.00783481296603896	0.018181942839927	9.34087297425501e-05
9.29217228093847e-05	0.00859303677423944	0.0177738992767768	0.911841975872374	0.0535824256443737	9.29217228393778e-05	0.0078369755409033	9.29217228543316e-05	9.29217228293978e-05
9.02613695815711e-05	0.00845183970327418	0.0188798381486474	0.945627907765145	0.0184933443647698	9.02613696911587e-05	0.0081860245396509	9.02613696535634e-05	9.02613695864886e-05
9.20849156572368e-05	9.20849156111554e-05	0.0180595965303901	0.929163353564637	0.0287497784191511	0.0152364034858384	0.00842252833738958	9.20849156688186e-05	9.20849156569376e-05
8.8546563152107e-05	0.00782015089567184	0.0126349255477391	0.941967847862018	0.0243543115271462	0.00424840844046743	0.00788428205144328	8.85465629719311e-05	0.000912980549390099
0.000395838669242338	0.00067459583866995	0.0259857928871904	0.905056397820971	0.0448912203935513	0.000141701665294861	0.0128931137780609	0.00981964456037355	0.000141694386645328
8.69613402538662e-05	0.00430521162564436	0.0112729473073908	0.938448775431972	0.0291448332232106	0.00581358597654539	0.00834654840012784	0.0014533712085718	0.00112776548628342
0.000135952746695784	0.00650681597394706	0.0168474494909926	0.932141796931347	0.0226977487262271	0.00180390006005132	0.012720679549922	0.00700970377398935	0.000135952746827766
9.19514541218338e-05	9.19514540889702e-05	0.0228477167854651	0.922779542061428	0.0395839319837623	0.00241421582633613	0.00994102782964255	9.19514540786451e-05	0.00215771115107612
0.00274797995857035	0.000138153054579977	0.0251065884501234	0.93192352268508	0.0259177622251312	0.000138153054830689	0.0105369261296707	0.00335276138753632	0.000138153054477815
0.000131911197623166	0.00248040979922437	0.0304604008182619	0.920199787519922	0.0165533180337799	0.000131911197882703	0.013942653079064	0.0123421453116676	0.0037574630425746
0.0021561057947066	0.0102358251305817	0.0167364360761696	0.938047039874081	0.0192676769985513	8.78897482727308e-05	0.0132932468811526	8.78897482291643e-05	8.78897482551643e-05
8.85942958791791e-05	0.0130812465322028	0.017660855877085	0.919873919929337	0.0325611194466644	0.00721973776511116	0.00933733756191671	8.8594295920238e-05	8.85942958838498e-05
0.00527793192814989	0.00296459375492097	0.0156704775646184	0.909316148480925	0.0458578387000435	9.12255189612924e-05	0.0134572949435504	0.00727326358984547	9.12255189851959e-05
8.77052768993537e-05	0.0174744353418848	0.0117976835371049	0.926915068413615	0.0232442918982046	0.00260237309766902	0.0135084029158709	8.77052768397733e-05	0.00428233424191149
0.0234139990122192	0.00299569998486565	0.0280572873930659	0.866307362193849	0.0206357271736773	8.99252431937152e-05	0.0312675000336458	0.0104876090080197	0.0167448899574635
8.84770444466979e-05	8.84770444010717e-05	0.0187789516167284	0.919350648104738	0.0261394680788104	0.0102840760349464	0.00881746084491483	0.00295528574275951	0.0134971554882544
8.62136719418435e-05	0.00680091605305361	0.0139700319643264	0.924297580893523	0.0294352288989704	0.00638421339643862	0.00950252168973415	0.00768635199818417	0.00183694143382823
8.74532314918728e-05	0.00313093785632277	0.0140885920487771	0.932844270841829	0.0276139220193676	0.00678609963145418	0.00902626620686769	0.000826549572812101	0.005595908591078
0.000132687183597063	0.00298141587681748	0.0227739441261653	0.926109572525915	0.0295276588930748	0.00390272162328701	0.0140070317180084	0.000404735911324415	0.000160232141810455
0.000948063023156623	0.00555643207584894	0.0136606163516837	0.930982730754738	0.0242790022696949	0.0121492497674217	0.00675808125974371	0.00557733405308819	8.84904446242376e-05
9.02530098194538e-05	0.00726413184456909	0.0199759412035019	0.932385960781877	0.0243413444894936	0.00488687326956358	0.0108749893815379	9.02530098163812e-05	9.02530098212431e-05
0.00216978308484574	0.00311206590393979	0.0273414231440468	0.901699418624339	0.0296845738670718	0.0161718998282498	0.0145334962681289	0.00514960425656283	0.000137735022815373
8.84588345341622e-05	0.0054256773391093	0.0191673712868661	0.938970135444686	0.0182173157030224	8.84588345757538e-05	0.0145563948534587	0.00322926171725425	0.000256925986493488
0.00501659321331986	8.85142219271959e-05	0.0138314301564176	0.923752141524678	0.0385894024834203	8.85142218637952e-05	0.0114868917161707	0.0066195386127514	0.000526973849451477
9.27206255749817e-05	0.00723068889552891	0.0159870204699535	0.937320017754288	0.024145077705869	0.00525056310305094	0.00941859605661295	0.000462594763524736	9.27206255965577e-05
0.00486185431127976	8.96124631772223e-05	0.0172710181547789	0.938298435035778	0.0179618515645485	0.00903359293799337	0.00961694507873862	0.00277707799047722	8.96124632286734e-05
8.84567359807533e-05	0.0112781785177314	0.0137683271299729	0.931098862201075	0.0232453641081129	0.00432349910913418	0.0108470635665098	8.84567360261722e-05	0.00526179189545735
0.00430612219934194	0.00180035558213534	0.0138787078100082	0.944547233655722	0.0263006184617453	8.82672503637522e-05	0.00864693217819014	8.82672504102991e-05	0.000343495612082713
0.000353255297749392	0.000138991103185381	0.0252417528906143	0.910187058110854	0.0341350282491579	0.0140783599856197	0.0155875721571062	0.00013899110279245	0.00013899110292028
9.29975727717398e-05	9.29975728778298e-05	0.0233680571689257	0.930486539196346	0.016454566344217	9.29975730416765e-05	0.0104981842251139	0.0138889958764247	0.00502466447028095
8.8843315436863e-05	8.88433154014103e-05	0.0175616485998004	0.941761668409176	0.0169167797295575	0.0101574654075101	0.00945982567539246	0.00158299417972397	0.00238193136800089
0.00358599768800736	0.00347419197189814	0.0156273079792513	0.92774397496224	0.0220141044846908	0.00774788358585459	0.0143338323105318	0.00538380597393133	8.89010435948033e-05
8.83490034358903e-05	0.0015703564260666	0.0113364079095414	0.93774479492044	0.0264190182883056	0.0119820895158479	0.00837966045628677	8.8349003436719e-05	0.00239097447663935
