Bcells	CentralVeinEndothelialcells	Cholangiocytes	Hepatocytes	Kupffercells	LSECs	Mesothelialcells	PortalVeinEndothelialcells	Tcells
0.000922875035668879	0.00629096962900878	0.00012947411320561	0.961268112888807	0.0225509870742487	0.00559380843776249	0.0023146321018791	0.000129474113823092	0.000799666605596335
0.000497947121235162	0.00171618203388012	0.00744857575529696	0.946658806271804	0.0174985260776466	0.0121613045168655	0.0109732188864133	0.00228520374550669	0.000760235591351392
9.1346112603022e-05	9.13461126748247e-05	9.13461126449871e-05	0.96543316927055	0.012606299863621	0.004671090104029	0.00899601493291251	0.00792804137832444	9.13461126405056e-05
0.000317928568948018	0.00292059465970397	0.000129204222896328	0.962790502280876	0.0138804272842595	0.00491952966468997	0.00773202401208137	0.00718058508365489	0.000129204222889458
0.00204715490658526	0.001677580999778	0.00503063243020839	0.977975303861527	0.00674262222662755	0.00193043009765553	0.00198661305375075	0.00230416053813871	0.000305501885729142
0.000129160202575411	0.00239565340376603	0.000129160202601872	0.953377279580282	0.0229303816051273	0.00229385708553752	0.00344160541749831	0.0101244070802174	0.00517849542239445
8.97443799099552e-05	0.0129808515362005	0.00114461384915748	0.964089044371342	0.0122903915874226	0.00234752485507033	0.00568431161240939	8.97443799782854e-05	0.0012837734285097
0.000993842025801012	0.00661525311685194	0.0012575318167124	0.970601219898283	0.0101172750895353	8.84578303598687e-05	0.00748923424901846	0.00274872814332794	8.84578301105163e-05
0.00458833382017482	0.00553332866900404	8.96954488816097e-05	0.964590142917109	0.0139774369201136	0.00678994594535367	0.00425172538157253	8.96954489032256e-05	8.96954488874497e-05
0.000125264475760304	0.00289627827374664	0.000597254489700577	0.974132418190556	0.0101693850847238	0.00489347819873802	0.00112184625012699	0.00276390536692738	0.00330016966972032
0.000757820595048679	0.0070429507426403	9.16403116675283e-05	0.965067776106991	0.0101853809163034	0.00296472539701467	0.00792804763352786	0.00233262884593898	0.0036290294508674
0.00116837904608389	0.00571209422197649	0.0029369432629291	0.963990318952105	0.0128850283756069	0.00070283538215287	0.0111529927160549	0.00089501867774623	0.000556389365344284
8.90279766236315e-05	0.00940657000008299	0.00260994967696489	0.968913008539369	0.0120966673871076	8.90279766314977e-05	0.00661769248993632	8.90279766400416e-05	8.90279766436098e-05
0.000594567923081981	9.26014999464605e-05	0.0265108263961934	0.926744594685869	0.0112526321039861	0.00253792264404929	0.0161682628314709	0.0160059904154845	9.26014999187101e-05
8.85494976350211e-05	8.85494975049571e-05	0.00461281865120361	0.958741654163621	0.0177427531290851	0.00405261223472379	0.0104196027218955	0.00337330075102296	0.000880159353308551
0.000494646776953196	0.0106335865413687	0.00263671887791533	0.950809214364954	0.0179333815686181	0.0032502492918376	0.00705177581681389	0.000655865137732553	0.00653456162380635
8.973144406622e-05	0.00264724047495865	0.00280717779942856	0.966281012662118	0.0128444436632611	0.000622774678385981	0.00790467563148383	0.00400685214867887	0.00279609149761838
0.00246063621898987	0.000133796245999309	0.0037376031487435	0.949834019321941	0.0292357840037757	0.00136469220307523	0.00834962859270184	0.00475004401856714	0.000133796246206748
0.000126290310932873	0.000379782674560009	0.00314168231482682	0.960459013588345	0.017467287912657	0.000126290311318082	0.0096875849080517	0.00547637985022267	0.0031356881290861
0.00644246251154579	0.00012923951767304	0.000129239517512349	0.950529916946201	0.0225681144472079	0.0037776083931575	0.00641645891909531	0.00290274335354359	0.00710421639406357
0.00286706396643001	0.00178249383483655	0.000127984258693781	0.959933441659148	0.0149473022283453	0.0111618017756868	0.00451419170905476	0.000747550691420537	0.00391816987638388
9.16961068499891e-05	0.00342535301132754	0.00579291026523022	0.965542238724934	0.0161760148332432	0.00572461663655652	9.1696106854604e-05	0.00306377820814868	9.169610685516e-05
0.00323328896811662	0.0145098747725985	0.000128661268914913	0.954732719852992	0.0124093932347324	0.00407478626090682	0.00680501931162754	0.00144682562911738	0.00265943070099341
8.98546090589497e-05	0.00849357716318595	0.0117555894026064	0.945168038849754	0.0245869565169778	8.98546091672474e-05	0.00688237886129132	8.98546089588068e-05	0.00284389537899937
0.00118708089241878	0.00559934075784876	0.000126316708694737	0.966386280472616	0.0209813521903809	0.00162374594352761	0.00384324961699395	0.000126316708830301	0.000126316708688521
0.00306693189166202	0.00675531118164047	0.00370380102196606	0.947731167115457	0.0197455598756023	0.0128087135802591	0.0047292445146602	0.000131311968565315	0.00132795885018781
0.00258275986937861	8.90096140548502e-05	0.002441495136317	0.965421219149243	0.0200011120630988	0.00117319863519152	0.00573010114556058	0.00247209477308586	8.90096140694962e-05
0.00328266154072066	0.00676131512955579	0.0020683457542032	0.970866431421758	0.00744879665818452	0.00250586715086579	0.00349387471904484	0.000402587889207759	0.0031701197364598
0.00136383445919933	0.000128244506040784	0.00123396763905859	0.952454115249269	0.0211854272628165	0.00552168411373865	0.0110989911624148	0.00688549110149997	0.000128244505961957
0.000128503500147709	0.011787828199161	0.000128503499980915	0.957023514725518	0.0200209319521231	0.000128503499505757	0.00473911068406789	0.003810516661594	0.0022325872779011
0.000132062582264572	0.000132059154059681	0.00686978381474562	0.942916185397674	0.0237316754916551	0.00734089619500415	0.00439247772107805	0.00880360764175392	0.00568125200176495
0.0015622352359455	0.000131601206481785	0.00660501072993413	0.933568421499117	0.0278635355048891	0.0146560932667793	0.00716913818650795	0.00775276778948631	0.00069119658085858
0.000131203049417561	0.00320665602571236	0.00824075311089431	0.956204280957547	0.0208755506391238	0.00394096244831216	0.00328012785591524	0.000131203049654437	0.00398926286342343
0.0049354450954116	0.00012945939595818	0.00211290631840609	0.957679586912547	0.0127110973152393	0.0147398837776401	0.00743270239256014	0.000129459396214008	0.00012945939602317
8.87442274351828e-05	8.87442274157348e-05	8.8744227461851e-05	0.978776212602744	0.00785522293324973	0.00439047707717643	0.0010769531971133	0.0046482540065981	0.00298664750080563
9.08019816221587e-05	9.08019816195688e-05	0.00765579099070435	0.957124544890553	0.0248646907977847	9.08019816374274e-05	0.00155783575708625	0.0067002046969976	0.00182452692199507
0.00013026063565734	0.0109589242758752	0.00413201946437548	0.949082981952109	0.0190096888907716	0.000130260635736939	0.00812496817578112	0.000130260636082013	0.00830063533361122
0.00187967490306203	0.0063480689317416	0.000129712727033527	0.950507814330168	0.0244367659094278	0.000129712727087918	0.0045174798455974	0.00926895872650478	0.00278181189937662
9.41471509764518e-05	9.41471509873197e-05	0.00490374114661689	0.949555569145881	0.0287963442043413	9.41471510250996e-05	0.00499664004269845	0.0113711168564906	9.41471509832993e-05
0.000100015590269584	0.00131525009777936	8.95802049981011e-05	0.96484091282768	0.0127145894386666	0.00793685196919391	0.00666534218769425	8.95802048516373e-05	0.006247877478867
8.97945783748057e-05	8.97945783990999e-05	8.9794578378482e-05	0.967055919686458	0.0246534586364003	0.00670707959806081	8.97945783814545e-05	0.000929014542518428	0.00029534922302852
8.91363555125865e-05	0.0095875703739236	8.91363554711516e-05	0.960194030423191	0.0160455406948533	0.00485839181557692	0.00611814365481174	8.91363555246089e-05	0.00292891397113551
8.98807839382559e-05	0.00887956989069257	8.98807839100266e-05	0.963412979698712	0.0110820478094825	0.00765883942249935	0.00536775882312015	8.98807838925821e-05	0.00332916200375236
0.00415735021797263	0.000575461991582036	0.00844614007220686	0.961329582214496	0.0175215776837624	0.000131162523934234	0.00135623844452405	0.00635132432752369	0.0001311625239983
0.000655514810062746	0.00665874765337413	0.000126585966118263	0.973472143645458	0.00961103971863221	0.00146225906722536	0.00532838862944323	0.00124601676484756	0.00143930374483871
0.000858715247658538	0.00345058897473096	0.00273173304333845	0.974956953940336	0.0107294826480764	0.00116650388600319	0.00146132740084644	0.000480530926534888	0.00416416393247516
9.41723810823569e-05	0.0141774558956727	0.00830406605899475	0.962039587550995	0.014384473611937	9.41723810403112e-05	0.000717727358162936	9.41723810357169e-05	9.41723810795911e-05
0.00165717162158965	0.0095749544305971	8.92589890446491e-05	0.946957070554593	0.0186408462719263	0.00335120925842329	0.00929652561825044	0.00320959879187815	0.00722336446369787
9.14041943209911e-05	9.14041943092565e-05	0.0038293278382275	0.968681808984176	0.0183753098247701	0.00434102790809214	0.00421971265165498	0.000278600210153351	9.14041942954505e-05
0.000132098160368082	0.000132098160412956	0.00369067271360827	0.956260043899084	0.0271883892836143	0.00826254552082135	0.00216303035696331	0.00121525398317615	0.00095586792195158
0.00201851838120479	0.00427263094867808	8.99233766582929e-05	0.956196676679101	0.0174398607791312	8.99233766621912e-05	0.00992965867433319	8.99233766233622e-05	0.00987288440760764
9.18620013631193e-05	9.18620013821681e-05	0.00896723994821808	0.958502587929333	0.0148346267633343	0.0111897903702722	0.00470103350493914	0.0013341613111361	0.000286836170021603
9.16470799000065e-05	0.000910813394265943	9.16470798292577e-05	0.971808690515808	0.0102631908816772	0.00787316087989543	0.00877755600892197	9.16470798369451e-05	9.16470798655248e-05
9.15645726099106e-05	9.15645725878707e-05	9.15645726311174e-05	0.939159029453939	0.0349717357775741	0.0071635711532788	0.00953817355779091	0.00104195814029426	0.00785083819929428
0.00490102443395501	0.000130648808623898	0.00686727341911483	0.94177773197727	0.0209993199317892	0.000324141555093709	0.00554320848168198	0.00870551503186221	0.0107511363606095
0.000985826483992358	0.00308548721263161	0.00643556909785877	0.954987079552574	0.0264355615546263	0.00184025319158497	0.00391087959908142	0.00218960495252566	0.000129738355124328
0.00134253348625595	0.00431235815195991	0.00179930771243127	0.955636944014035	0.0240167729445652	0.00163402119649303	0.00962699070535031	0.00150072794743948	0.000130343841470033
0.00392549163021261	0.0130728853147889	0.000128652600272131	0.945739408726526	0.017582572682804	0.00211920190765154	0.0136620976011429	0.000128652600008671	0.00364103693659373
0.00159978048308967	0.00640217536137067	0.00559047709174921	0.950427688601272	0.0158083216081367	0.0170006272964844	0.00191449517462164	0.000130451901593655	0.00112598248168222
9.01212401485056e-05	0.00636027001926756	0.00431809198357167	0.968438205173259	0.00939924880739409	0.00845981761519598	0.00275400268104533	9.01212399721585e-05	9.01212401457021e-05
8.93555805970776e-05	0.0202522193733245	8.93555806179188e-05	0.952548263098712	0.0120988970940371	0.00765653857322572	0.00658998911739461	0.00058602600145435	8.93555806368628e-05
0.00406873481572038	0.000933079116646683	0.00324593290549378	0.953548081710796	0.01803655501619	0.0040486196681073	0.00699839888987748	0.00860187630537289	0.000518721571796127
0.000310342256212394	0.0162407728637666	8.9933367031952e-05	0.964211508052441	0.0102678904434489	0.000721349149863656	0.00797833713315191	8.99333670159468e-05	8.99333670675892e-05
0.000130986780844805	0.00564331564375954	0.00147752816368976	0.962308125336954	0.00830937340114135	0.00867700741998151	0.0083271284459159	0.00142340489608984	0.00370312991162276
0.00925622466270056	0.00157845363146868	0.00723476310761318	0.946366566258916	0.0172644600754844	0.00923773959776547	0.00880408038663375	0.000128856139722178	0.000128856139696151
9.24696348085737e-05	0.00793908455685763	0.000161871206268793	0.956118847012455	0.0234560954794436	9.2469634814904e-05	0.00895239001550662	0.00309430282502122	9.24696348234123e-05
0.000133203283538599	0.000133203283251035	0.00157848567914116	0.955941988240801	0.0222521716545213	0.0131468758660827	0.00309021002792192	0.00359065868128035	0.000133203283461559
0.00124539934193325	0.00932657895804159	0.00105401854669249	0.942586223427555	0.0299460188527766	0.000126408741043432	0.0123918642699165	0.00319707912099807	0.00012640874104276
9.03754098803632e-05	0.0383171580140381	9.03754098843784e-05	0.914593668616365	0.0217634519987342	9.03754098775956e-05	0.013051213314264	0.00952462403880817	0.00247875778814844
8.81977523119258e-05	0.00728386734803033	0.00699408651396931	0.961283339373449	0.00998249923557994	0.00133153697234222	0.0108720474455223	0.00207622760638949	8.81977524055169e-05
0.00124674992085205	0.00427466397970203	0.000127512387847222	0.969271250624166	0.0106922411799298	0.0081836557362679	0.00552498996562479	0.000127512387641849	0.000551423817968753
0.00315326343413985	0.00977473577914627	0.000127327702833614	0.956458336112776	0.0129188800976402	0.00443451685894189	0.00905537586249049	0.0039502364492613	0.000127327702770067
9.00721395662563e-05	9.0072139532307e-05	0.0046441779492767	0.970744281582537	0.00881431942775595	0.00801354946485236	0.00493176175214999	9.00721395760873e-05	0.00258169340475286
0.000126678085447003	0.00199832278130308	0.00277703172103731	0.953481151104247	0.026649655395922	0.0053599234911275	0.00726169780341074	0.000126678085486993	0.00221886153201846
0.000127388913434796	0.00281243500494603	0.00202847117049269	0.947704188159342	0.0164371646154781	0.0217398682348609	0.00802304066912997	0.000127388913377576	0.00100005431893828
0.00178246105644179	0.0176764840843912	8.87176252909526e-05	0.960066543392745	0.0113377155171605	8.87176253020849e-05	0.00878192544805144	8.87176253165294e-05	8.8717625300856e-05
0.00322254470388221	0.000609499929309394	9.10791002775003e-05	0.964044047165464	0.0176178177071295	9.1079100184455e-05	0.000843820679132944	0.0133890325143428	9.10791002775014e-05
0.00142430269453589	0.0154848149182781	0.000394337151403059	0.940587781671797	0.0178826788823116	0.0116631493640429	0.0107954654233104	0.00167753883387498	8.99310604466806e-05
9.03001996313954e-05	0.00866702426448726	0.00557045484282246	0.956045542534609	0.0219695488205928	9.03001995645133e-05	9.03001996695381e-05	0.00738622873896565	9.03001996570594e-05
9.03049769107093e-05	9.03049769016511e-05	9.03049769096466e-05	0.957223308359738	0.0119762874708388	0.0124454342784066	0.00600137205426519	0.000383777893725529	0.0116989050123035
0.000125500146049825	0.0140107154441412	0.000125500146092623	0.958777750316329	0.00986409466794044	0.00757751836707977	0.00322889891770457	0.00291638434946947	0.00337363764519311
0.00309026993729714	0.000132424961330177	0.000267629671819806	0.95454351109191	0.0168139299663602	0.0169219609779485	0.00653009929919976	0.000132424961399967	0.00156774913273488
8.91673887639164e-05	8.91673886997252e-05	0.00184483053838399	0.967195637240432	0.00568377650504067	0.010657339867137	0.00414592638515253	8.91673888933293e-05	0.0102049872974966
0.0015268968702542	0.0120948062855946	0.000126205799718872	0.965670740882041	0.00818666414493607	0.00392285371662323	0.00539638972205421	0.000721570926914561	0.00235387165186284
9.42046114256686e-05	0.00712844061051222	9.42046114331351e-05	0.979213657543989	0.00630446875076045	0.00396403672013156	0.00301257792891374	9.42046114012016e-05	9.42046114331346e-05
0.000170061675084877	0.00181083836554097	0.00719765774438981	0.943945946739025	0.0243372918444952	0.000664926375711495	0.0129409435895135	0.00883860488586318	9.37287803761224e-05
0.000334500301260832	0.000132146243498184	0.00166672000382405	0.94837615365622	0.0277202695346983	0.00345241775011088	0.00719737333313361	0.00754216852275265	0.00357825065450103
0.00291867172367807	0.00013210165885211	0.0253499255336639	0.923095935488924	0.0133255666694533	0.00110415306177752	0.0174471355728896	0.0139637707251104	0.0026627395656511
9.03322990414088e-05	0.00351094994368333	0.00228142792426236	0.959031150480446	0.0232448714336885	0.00455493971574256	0.00621263996306287	0.000983355941011928	9.03322990612067e-05
0.00258303600617857	0.00687224000651466	0.0088320946352329	0.956892527529542	0.00776104622697545	0.0106249520284222	0.00625009037948463	9.20065938156938e-05	9.20065938342594e-05
9.23559350280091e-05	9.23559349326425e-05	0.00616417280272024	0.952237149209298	0.0272559267301398	0.00763274631224143	0.00318601240558936	0.00324692473511481	9.23559349360258e-05
8.82537580376481e-05	0.00541928876663067	8.82537580061849e-05	0.951743260099057	0.0216787609321274	0.00519045309447324	0.0137329303640989	0.00197054546957177	8.82537579977797e-05
0.00361360894318051	8.97343158600387e-05	0.00335436665794245	0.946640950369963	0.0232825591747435	0.0114038587428817	0.00859435359703371	8.97343160142528e-05	0.0029308338823812
0.00357764336520493	9.03762100372112e-05	9.03762100562611e-05	0.966129043488112	0.0171511911616994	0.00582580304846761	0.00695481409626138	9.03762101048961e-05	9.03762100562604e-05
9.18455030233782e-05	9.18455030094966e-05	9.18455030026702e-05	0.955294012213897	0.0178573376765615	0.0121863771275618	0.00912282731946736	0.00232066518467167	0.00294324396880541
0.000828849540337758	0.00012925252186316	0.00012925252187443	0.961555578473764	0.0190219379400422	0.00690084208212375	0.00629059070046621	0.00369368547375515	0.00145001074577361
0.00862218131238952	0.00276920556022971	0.00379629638118415	0.940050151045255	0.0269510830003462	0.00371340252184483	0.0117235500129338	9.10616553403744e-05	0.00228306851047625
0.000129781418673675	0.00263632113030936	0.0013163798747283	0.958454931822877	0.0218297949413174	0.0101187251983913	0.0023265896468148	0.00305769454815804	0.000129781418730522
0.00347430870298597	0.00596386273365434	0.00190725321799071	0.954497230042124	0.0165051303115119	0.0114316406645283	0.00451826487271998	0.00012817840614972	0.00157413104833564
0.00334766509772543	0.00269370051938256	0.000832161865342808	0.962217560699524	0.0128383811430199	0.000129358164029438	0.0150664127064545	0.00274540164055671	0.000129358163964613
0.000126624067429571	0.00188258872526931	0.00872559678865474	0.969273115593697	0.00771488942235105	9.28453340197866e-05	0.00268035559961137	0.0094111391346344	9.28453343326329e-05
9.0459159827205e-05	9.04591599567625e-05	0.00556998301977442	0.958623038873104	0.0141761280742463	0.0124170802166285	0.00885193317661391	9.04591599897028e-05	9.04591598590888e-05
0.00143965811846745	9.08017630788359e-05	9.08017630035328e-05	0.96614975548611	0.0130204022597489	0.0109084094950743	0.00555281213562244	0.00156283105668948	0.00118452792220464
0.00100190644632845	0.00347349938874435	0.0053772601714078	0.951522367402973	0.0186929955091811	0.0067956497650845	0.00244541897681406	0.000129329840069695	0.0105615724993972
0.000985724186015946	0.0137902539934588	0.000128697441071728	0.948619070032649	0.0221056272117509	0.000128697441054386	0.00657944667060986	0.00479642298119629	0.00286606004219304
0.00495065504255872	9.0809777059208e-05	0.0598438896163841	0.8875811264138	0.00807697443593615	9.08097770497956e-05	0.0208573022455037	0.018417622914606	9.08097771020673e-05
8.93109704844312e-05	0.00194139788289	0.00146365367401402	0.968025238449385	0.00893389360518628	0.0119187020669925	0.00744918141010739	8.93109705064641e-05	8.93109704335806e-05
0.00013069763677115	0.00112224643513289	0.00369982651866938	0.963444124900908	0.0184835084865348	0.0112100446525488	0.00164815609627826	0.000130697636475899	0.000130697636680556
9.10548267337471e-05	9.10548268639644e-05	0.00325053032610074	0.971651669965857	0.0125011644239838	0.00404662130194305	0.00698642658215884	9.10548267716812e-05	0.00129042291958725
0.0044407102188804	9.51264026431603e-05	0.00343731233679042	0.968211068361391	0.0107085623259515	9.51264022416251e-05	0.00316702276959357	0.00974994477994668	9.51264025612761e-05
0.00238428343962467	0.00105907973273868	0.00246656796657561	0.966622940186438	0.0173526631535567	0.00502950871593171	9.28981255014866e-05	0.00489916055413577	9.2898125497644e-05
0.00247975441536107	0.000131841524364289	0.0142644121329599	0.931220826842516	0.017349455965135	0.00843552219964315	0.0111912941444064	0.0104582625006813	0.00446863027493339
9.13753254451897e-05	9.13753254321254e-05	9.13753254773535e-05	0.950186111827137	0.0247291391602338	0.00395662345630427	0.00891986900425713	0.00786078184281837	0.00407334873289458
0.00105811601407268	0.00285679588031334	0.00824295745521753	0.957655531358795	0.0196787528722566	0.00123792941802194	0.00550784198606105	0.00367322146726175	8.8853548000086e-05
0.0011611853805667	0.00255411574845354	8.85685188624674e-05	0.955352092307354	0.0196552399746803	0.011395680521122	0.00961598051125719	8.85685188428501e-05	8.8568518861459e-05
0.00116337739884778	0.0216899162508126	9.05366697076856e-05	0.950416520209436	0.0115524093994872	9.05366698392451e-05	0.00942016815019276	0.00454612807738143	0.00103040717429487
0.000350488373547414	0.00927566711688438	0.000131601162608246	0.957144710746052	0.0172872912097276	0.00762880965290887	0.00437461751642287	0.000316843604154835	0.00348997061769405
0.00154475479094461	0.00323538873692567	0.0053104282607628	0.968790407485948	0.0139366303069435	0.00354702507621319	0.000600063267670651	0.00190676397738718	0.00112853809720474
0.000929489345768519	0.000131929736511495	0.00204066111257265	0.958583631654064	0.0207071022641046	0.00418887508966453	0.00581460649168073	0.00747177456906128	0.000131929736572248
0.000131503426967402	0.0101971524074312	0.00109512004054294	0.953615378270182	0.0243461120655998	0.00633502460846648	0.00241366474796736	0.000913115132328577	0.000952929300514616
0.00313787578155809	9.22267778875424e-05	0.00423788848762523	0.947157497727601	0.0222620908461168	0.0124784789677148	0.00158688729936109	0.00126146964188596	0.00778558447024971
0.00220907475793239	0.00657481270046792	0.00868215753652425	0.945236073846364	0.0174877133260745	0.000131259531538965	0.00980603025533185	0.00651188952021369	0.00336098852555296
0.0026669934864854	8.98912754640119e-05	0.0024427642190799	0.955001687290569	0.0259471110338348	0.0061238102898505	0.00530562691297611	8.98912754598873e-05	0.00233222421628053
0.00401002577202613	9.26766495676135e-05	0.00653786990536928	0.956876304672382	0.0208525587133947	9.26766494251475e-05	0.00292461644892451	0.00749201838842785	0.00112125280048217
0.00879883120879067	0.00868162523855529	8.90142043582863e-05	0.956476389861373	0.00800365040660524	0.00557023975084501	0.0107823629057736	8.90142041131378e-05	0.00150887221958573
9.23023413765644e-05	9.23029803277738e-05	0.00424515273098863	0.969028121914123	0.0145419177682621	0.00641799907821713	0.001943022460574	0.00354687816412733	9.2302562003831e-05
0.0018641530659523	0.00285375707544712	0.0272525382923264	0.934769054587531	0.00619063872031474	0.000134032106473845	0.0144180800152147	0.0123837140301318	0.000134032106608595
8.91482199755629e-05	0.00872335314342476	0.00211044900348833	0.965245452697468	0.0103409882906935	0.00507041661971605	0.00824189558540414	8.91482198499579e-05	8.91482199800558e-05
0.00338299035415412	0.00773590273735284	8.69001732112601e-05	0.939016723826668	0.0354214568584505	0.00974069822030711	0.00365436253238294	0.000874065124261688	8.69001732112598e-05
0.00349136948001503	0.00262709791626897	0.000128711237079234	0.952916047812512	0.0220302044943507	0.0122257296995559	0.00632341688590015	0.000128711237127876	0.000128711237189785
0.00441275380118632	0.00187129562792578	0.00012955678579564	0.945566065583387	0.0171553203527332	0.0146087482763775	0.0117041543904304	0.000129556785603569	0.00442254839656091
0.00333926891979968	9.33325524303411e-05	9.33325524913681e-05	0.971573272654628	0.0156733565109026	0.00713678106992825	0.00187531444745105	0.000122008739879851	9.33325524892784e-05
0.000132679108789889	0.000132679108904825	0.0124750517101402	0.954388073702264	0.0171415631830757	0.00646615009879155	0.00451583991747944	0.00461528406169894	0.000132679108855344
0.00366723868378616	0.0004804098306175	8.92947257055747e-05	0.958963233060451	0.0129300582393183	0.0132578063946661	0.00773809734734816	8.92947256711417e-05	0.00278456699243591
9.16101062484558e-05	0.000483261875341943	9.16101062462202e-05	0.95159566505106	0.0205681440368502	0.011454456864679	0.00627138077063875	0.0030247113525274	0.00641915983640845
8.98182102580889e-05	0.00593415620040325	0.00018022415158677	0.960705074676437	0.0201713073221184	0.00603555575067112	0.00670422726795208	8.98182103582787e-05	8.98182102149065e-05
9.14699314027304e-05	9.6960499243637e-05	0.00301671556489996	0.956862451261458	0.0282354075426193	0.00658634409120221	0.0049277112462541	9.14699315337536e-05	9.14699313865431e-05
0.000125829720092988	0.0137652219545631	0.000970530533690943	0.946435350740943	0.0124974405703844	0.0130880134962675	0.0120397360097049	0.000125829720268539	0.000952047254084921
0.0035203875318884	0.00168072051277672	9.07659326978172e-05	0.953645471171261	0.0244901875603963	9.07659326265724e-05	0.001648565161818	0.0116178997788944	0.00321523641764072
0.000179626822865684	0.0113872289659954	0.00825863533793881	0.957200875120858	0.0103030856591513	8.80765751930442e-05	0.0124063183676152	8.80765751735084e-05	8.80765752093287e-05
8.92313726727555e-05	0.00572714629478798	8.92313726821053e-05	0.947738077248553	0.0150262341602326	8.92313726976893e-05	0.0181545190539248	0.0122703494963343	0.000815979628114822
8.97464229543183e-05	8.97464229625066e-05	0.00190261056009802	0.966655054237633	0.0131703101053471	0.0094366921116069	0.00797091587614453	0.00059517784029414	8.97464229600702e-05
0.000953336777497726	0.00852267701634911	0.00507266205724966	0.964962229883901	0.0143709815115682	0.000565597475196158	0.00370863025561848	0.00125437758000217	0.000589507442617388
9.12379987115699e-05	9.12379986861163e-05	0.00561083727664751	0.95771121914076	0.0223417280081109	0.00490657344617331	0.00327128833844676	0.00588463979375927	9.12379987047349e-05
9.06722088221975e-05	9.0672208740734e-05	0.00429581275665736	0.955293907545299	0.0173393746718434	0.0159091126078053	0.00476572593710115	0.00108666194833526	0.00112806011539585
0.000668090685286586	0.010295537370696	9.07106550367609e-05	0.950636350477836	0.0220425777371202	0.0120257659923864	0.00405954577157904	9.07106550208526e-05	9.07106550385002e-05
0.00554920767328714	0.000113251417476682	0.000708393536346844	0.946137740826793	0.0272016170139083	9.13242803767274e-05	0.0114043934496252	0.00870274752178639	9.13242803999109e-05
9.18624716551724e-05	0.0099748574215122	9.18624716566858e-05	0.951124783879111	0.0218598284051105	0.000465620748841709	0.00821548883935723	9.18624715913554e-05	0.00808383329116446
9.20321528075007e-05	0.00760254923792631	0.00552725573560055	0.957282158183953	0.0188289859552003	0.00242268827657413	0.0031618085906736	0.00300685307945555	0.00207566878780904
9.0080287406344e-05	0.0135505784262331	9.0080287349107e-05	0.96254521185632	0.0140557200267453	0.00277082944682596	0.00568248558910236	9.00802872725531e-05	0.00112493379274528
0.0016621765420527	0.0128412937990808	0.00174277891427492	0.94196893441161	0.0202083002643596	0.00265476697271928	0.0123893249134752	0.0022743397773129	0.00425808440511477
0.00650576256900498	0.00873350151234885	0.00272734061129511	0.955477398848877	0.0158492782576931	0.00489337232829463	0.00518672884052767	0.000130582301619692	0.000496034730339001
0.00242196909221162	0.0144609639964755	0.000125345514931715	0.950485126305239	0.01938640266841	0.00390817204613175	0.00706705714878248	0.00012534551498318	0.00201961771283531
0.00238301058624639	0.00270095352526597	0.0103245322764005	0.941821073697662	0.0203363910561485	0.0051160058653137	0.00822131281589415	0.00896259690110537	0.000134123275963458
0.00224962264374192	0.000541794612978046	0.0318030297090647	0.919365152276515	0.0134927928372337	9.08091433914095e-05	0.0154408328836665	0.0169251567500176	9.08091433911103e-05
0.000126520986206584	0.0059896025473675	0.00012652098620681	0.964850226152249	0.00742693367298182	0.0106204340701181	0.00725901055499897	0.00247536945444061	0.0011253815754302
0.00237280678670803	0.000135494789848867	0.01557408670257	0.953750703785084	0.0123081050273069	0.00268626835241174	0.00352991440630971	0.009507122091252	0.000135498058509248
0.00628705973880125	9.19504193535725e-05	9.19504193859797e-05	0.954504941986619	0.0222758468020285	0.00635256211061198	0.00598446271823085	9.19504192935223e-05	0.004319275385675
0.00778110077410905	8.68031877392129e-05	8.68031877791824e-05	0.93147501391095	0.0249250777923084	0.0118622700977754	0.00844070966318738	0.00052441672367915	0.0148178046624728
0.000173981885915579	0.003183803474883	0.00314809000635672	0.960096659416912	0.0175693822208557	0.00599846702436546	0.00542560515357005	0.00268003188249903	0.00172397893464227
0.00118533862711606	9.42887892961401e-05	0.0359257823499032	0.924911451626761	0.0135403196045079	9.42887892670032e-05	0.00100731365482071	0.0154142044084138	0.00782701214991366
8.88043542396254e-05	0.00745812925744513	8.88043542221897e-05	0.967331074193815	0.00887546132522954	0.0114212207387982	0.00455889706779598	8.88043542683931e-05	8.88043541861948e-05
0.00815204704077853	0.00538936177399608	0.0018085011115426	0.960735467960785	0.0136611941455891	0.0010533963237273	0.00428758196858577	0.00478418038534807	0.000128269289647233
9.088248725938e-05	0.000476114502226164	9.00065494732779e-05	0.957849939772498	0.0196783067086393	0.0113973575187936	0.00658717054318589	0.000835147932763008	0.00299507398516172
0.00245682576831664	0.00710977896545506	8.80515684046247e-05	0.964557116650417	0.00735951507099146	0.013039173700799	0.0052134351387103	8.80515684666299e-05	8.805156843984e-05
9.49016291413691e-05	9.49016290278274e-05	0.00912529936395093	0.961757618079573	0.00742932128393983	9.49016292793793e-05	0.00741985490327054	0.0138882998527218	9.49016290958367e-05
0.000700938270067494	0.0167593066707178	8.94698053446743e-05	0.951856657915544	0.0139511881007391	8.94698052066962e-05	0.00765333477771957	0.00881016484913706	8.94698055235768e-05
0.000643040439566989	8.97610371505897e-05	8.97610372039306e-05	0.952537201816126	0.0176086252663069	0.0144865392312204	0.00960456493155079	8.97610371605773e-05	0.0048507452037138
9.30656673767087e-05	9.30656673231653e-05	0.0135883974498408	0.945862199696061	0.0146202749398138	9.30656674213633e-05	0.0107422163614982	0.0148146488833685	9.30656672964147e-05
0.00242857737856537	0.000204049393357256	0.00493533414908251	0.967059682706198	0.00977886628943033	0.00769020140140406	0.00506251659596732	0.00207816804177155	0.000762604044223704
0.000741875187545667	0.000136158257577827	0.00284966522100082	0.964514384497126	0.0144072741507447	0.00268411349582791	0.00112616821801595	0.0134042027148155	0.000136158257346055
9.06827900968407e-05	0.00180603877174281	0.000521450989330506	0.965370443488372	0.0153431716992948	0.00402288780805419	0.0103848036175922	0.00228745156338481	0.000173069272131244
9.29318148447548e-05	9.29321863402888e-05	0.00338728286173095	0.959276641043955	0.0203028462359005	9.29321861755136e-05	0.00211737565540135	0.0126748215702087	0.00196223644544256
9.09262250435308e-05	0.0246896092686679	0.00410001111102718	0.923514595077006	0.0161160911880398	9.09262249433041e-05	0.0260457324242003	0.00367010414197244	0.00168200433909961
0.00304284034898249	0.000131576866876826	0.00539075743083883	0.949919207122025	0.0250768519597195	0.00996308635390305	0.00297668133100015	0.00336742171985337	0.000131576866800305
9.22246104637887e-05	0.00169005557607838	0.00273592886176901	0.968739066775904	0.0160450286223931	9.22246104140125e-05	0.000777995778242738	0.00775658304240939	0.0020708921223259
0.00385255002400885	9.00235301632357e-05	0.00017366900407683	0.958130335054464	0.0233385091341533	9.00235300365319e-05	0.00525152119671717	0.00898334499630248	9.00235300779276e-05
0.00220531570418572	0.0121791347501989	8.79508700179338e-05	0.944055770152406	0.0201108033828753	0.00823464620335716	0.00776032356243667	8.79508699973601e-05	0.00527810450452499
0.00260695635348763	0.000134804332256096	0.00615333673289057	0.960498096516751	0.0151910494609368	0.000272988107005435	0.00474030798394919	0.0102676561806129	0.000134804332110826
0.001741383632454	0.00583052977127309	0.00102278159057192	0.958226891041137	0.0174597410787637	0.00430853294454263	0.00442446739055631	0.000126653951563428	0.00685901859913761
9.11190097278684e-05	0.0176956936436096	9.11190097287923e-05	0.948722051975276	0.020211586776265	9.11190096138451e-05	0.0127608889778359	9.11190097239352e-05	0.000245302588218906
0.000127037741070214	0.00391818913003164	0.000603644192650637	0.972069468089107	0.0150382683999205	0.00389830585716348	0.00330037000404496	0.000127037740961869	0.000917678845049909
0.00300856930083738	8.93706035381322e-05	8.93706034187455e-05	0.970934347719851	0.0120406228445437	0.00528582327548876	0.00500581195797742	0.000367072416406023	0.00317901127793909
0.00615443641707211	0.00664785311295321	9.12962217599263e-05	0.949824090351863	0.0222395395953443	0.00496399815751425	0.00731044035524121	9.12962217330923e-05	0.00267704956651931
0.0010072293406948	0.000127860503446594	0.00134793854775207	0.968337448133001	0.0148718306185007	0.000127860503528418	0.0089973362450414	0.00473705111969654	0.000445444988338117
0.00286016659976182	0.00300528912658337	9.29825422908854e-05	0.950826017711517	0.0306096027189214	0.00478963878965799	0.00763033742675682	9.29825422292524e-05	9.29825422818638e-05
9.40585677714216e-05	9.40585677135921e-05	0.00809014273328326	0.940795215242259	0.0362900108959166	9.40585677720803e-05	0.00754000957497232	0.00690838728252205	9.40585677892972e-05
0.000197718265424027	8.86261149198896e-05	0.00273990737206031	0.959328611611375	0.0125154299519855	0.0184061491559881	0.00654630529837787	8.86261148969615e-05	8.86261149719741e-05
9.52972153809365e-05	9.52972153434177e-05	0.0146059204307845	0.95389337590109	0.0138920924955076	0.0010669685116442	0.00620592034262793	0.0100498306722282	9.52972153930741e-05
8.92601900092875e-05	0.00894787701347521	0.000759822763437123	0.970668517941054	0.00936280180351533	0.00540076698200286	0.00459243292657233	8.92601899659781e-05	8.92601899679943e-05
8.95507186745001e-05	0.0206502338029248	8.95507186369526e-05	0.955917111052706	0.00984287160225197	8.95507186497696e-05	0.0105265290459464	8.95507187317948e-05	0.00270505162147756
0.00247206623902023	9.05709400928996e-05	0.0165919519102851	0.92916602740546	0.023971798645027	9.05709400530178e-05	0.0121624376116335	0.0100622889010374	0.00539228740739083
0.00596026928909336	0.00340982138390331	0.000129026665633694	0.946223696426112	0.0234570985609642	0.00628692602845852	0.00720665727625736	0.00338468657415827	0.00394181779541874
0.00192358415365595	0.0100015360286313	0.00197901275698394	0.962158026198851	0.012821567118392	8.98456637165124e-05	0.0096390506236177	8.98456636305093e-05	0.0012975317925206
9.30256330991064e-05	0.00535571301912263	0.00437638644787524	0.964287456155589	0.0174903974015554	0.000221355031564962	0.00406639188588947	9.30256330453287e-05	0.00401624879225908
0.000127558557197357	0.000615056069819606	0.000127567871277158	0.955290907062709	0.0167871394770513	0.0156060090491729	0.00872813676139786	0.0001275678712055	0.00259005728016895
0.000164677086908106	0.0083367345797612	0.00012632463143483	0.942735809477873	0.0329954182621079	0.00703565567938782	0.0058049718084199	0.000126324631375238	0.00267408384273158
0.00610535860875952	0.00312587367651231	0.00400164015677489	0.959342949320201	0.0123406370876416	0.000560660094893098	0.00815673599140198	0.000131295761424622	0.00623484930239055
0.000793651007894982	0.000960756457358534	0.0300226511415957	0.938175888224773	0.00979713315325206	0.000131808529410423	0.0100360786410015	0.0099502243151252	0.000131808529588282
0.0055961781882896	0.00712227990101296	8.88019142282961e-05	0.96332039745141	0.0133885047790476	8.88019141462494e-05	0.00647836047276092	0.00243137901461261	0.00148529636449217
9.05609501064922e-05	9.05609501298884e-05	0.00129749443277892	0.961846112314403	0.019625381010947	0.0126711228970068	0.00419764554437902	9.05609501408401e-05	9.05609501079996e-05
0.00195731462072416	0.000136008177732529	0.00314535376110002	0.954583526251975	0.0218015863915919	0.00819879935081571	0.00442690283028339	0.00358758008412881	0.00216292853164796
9.04879979332015e-05	0.00513967561475691	9.04879979315622e-05	0.961750518289226	0.0146048343133231	0.0111387824888544	0.00700423730212956	9.04879979139098e-05	9.04879979309523e-05
0.00061026368623529	0.0392122676282992	0.00168881736275815	0.913972346647834	0.0214272801065755	0.000126578432190987	0.0148720903522224	0.00680692819917369	0.0012834275847105
9.24179664521918e-05	9.24179664245737e-05	9.24179664571846e-05	0.949733601771258	0.020642174647204	0.00994193452198831	0.0162798713714814	9.24179665023541e-05	0.00303274582223187
0.0030879603389606	0.000858427128745825	0.000856341719230524	0.957541176268466	0.0152727537641349	0.0150446903671033	0.00707191621227583	0.000133367100623723	0.000133367100459064
0.000608541619995955	0.000129763146592081	0.00155851303862265	0.955604411704546	0.0311410439185143	0.00447281330609258	0.00374807094885921	0.000467154913642011	0.00226968740313508
0.00207361059939273	9.05846336843828e-05	9.05846337663941e-05	0.962560681287278	0.0067789273808417	0.020355734205869	0.00661895526911499	9.05846337467525e-05	0.00134033735630568
9.25746017766904e-05	9.2574601792386e-05	9.25746017737261e-05	0.96148405218966	0.0227551457185732	0.0107971259986741	9.25746017654145e-05	0.0045008030842106	9.2574601773726e-05
0.00148121610558367	0.000375562660256192	0.00197310338718774	0.964776328225542	0.00975956645107263	0.00160349910300644	0.00710645113472559	0.0124717184126	0.000452554520025784
0.00179740934914295	0.00917166390523203	0.00930617256306939	0.943927792237765	0.010505459312347	0.00519764724845686	0.010425431898976	0.000127530873928956	0.00954089261108181
0.00155370249409643	0.00838857259768862	9.03937035109697e-05	0.959362616801682	0.0130597682416413	0.00257054502988173	0.013017017246677	0.00175079048832602	0.000206593396495478
0.00183278300399286	0.00053653966284213	0.00088628694555053	0.98104995854621	0.00658266446710606	0.00189764686555486	0.00360997776728768	0.00274396443917445	0.000860178302280957
0.000715076644011972	0.000128026039447508	0.00112672998638732	0.960532004599224	0.017607669851281	0.00940227075453405	0.00828942208297072	0.00155668137107082	0.000642118671072533
9.34358310890181e-05	0.00413526619374365	9.3435831090478e-05	0.954865690677237	0.025558582241541	0.00654907963769422	0.0038168137338868	0.0047942600226273	9.34358310904775e-05
0.00450029651197973	0.0012055830691065	0.00180829697040427	0.950256145070159	0.0239867052896474	0.005634179791247	0.0064218093875333	0.00380171563131703	0.00238526827860588
9.01148753493237e-05	0.000146145710744161	0.00635798373242071	0.947991498273005	0.0261487325103005	9.01148753096579e-05	0.010052855794686	0.00704473176894253	0.00207782245924207
0.00376028745180167	0.000913241560402472	0.000360152968420175	0.973632633334773	0.00957350106709357	0.00366091441711983	0.00478632221062998	0.000129182459170494	0.0031837645305889
9.135131320715e-05	9.13513132162877e-05	9.13513132089636e-05	0.962475179490575	0.0174201569529331	0.00995430060032191	0.00734036294334706	0.00244459475998528	9.13513132047461e-05
0.000128505480547152	0.00331310545373835	0.000128506226412504	0.955333937275563	0.0196836084743155	0.00808017761747838	0.008159243536824	0.000245282694630662	0.00492763324048996
0.00100744698252142	0.00797758645862184	8.92261792037518e-05	0.949231810015909	0.0293578706258702	8.92261793343764e-05	0.0106604186914441	8.92261792793324e-05	0.00149718868781568
9.12507729045711e-05	9.12507729505752e-05	9.1250772936108e-05	0.973250561350593	0.0136717754208154	0.00711825116975962	0.00277883957650969	9.12507730013082e-05	0.00281556939052946
0.00658247360727597	9.07467626676044e-05	0.00360881104825723	0.949627087178103	0.0239301431133873	0.00198852917492624	0.00799593619156223	0.00608552616102046	9.07467628002424e-05
