Bcells	CentralVeinEndothelialcells	Cholangiocytes	Hepatocytes	Kupffercells	LSECs	Mesothelialcells	PortalVeinEndothelialcells	Tcells
0.0063094188711412	0.0173419291285313	8.99480820234639e-05	0.797880689777616	0.095697302562678	0.0284065349315308	8.99480820252062e-05	8.99480820252068e-05	0.0540942804824286
0.0166366439233477	0.000141078713580262	0.00528981183571431	0.770817126564059	0.0756966004070592	0.0443533392039107	0.0318640478230709	0.0122634465921331	0.0429379049371246
0.0192656524711968	0.0163943677059734	0.000133234478276529	0.809229236530112	0.0590913400362894	0.0176593995122342	0.024355432225962	0.0210185372401854	0.0328527997997706
0.000131729028479793	0.00711801321722981	0.00013172902848807	0.807920415146124	0.0756338737488795	0.0297428363058742	0.0041507927631183	0.0334109645161306	0.0417596462456759
0.0171597079799634	0.0056432042630448	0.00859878043177027	0.862577801957802	0.0362779073500129	0.0200744802186468	0.00268313622332252	0.000136710392697432	0.0468482711827397
0.000129868501473281	0.00708927771906628	0.000129868501477998	0.774224075785563	0.0954309393829374	0.0271113929637365	0.00556211933295957	0.0190318285658827	0.0712906292469029
0.00633880263131273	0.0196097670716304	0.0121498538953607	0.827833664494585	0.0609324975857312	0.034704847368238	0.0164767299662886	9.02780482295601e-05	0.0218635589386241
8.85454657693197e-05	0.0231202820438762	0.00423537150617764	0.856997479866448	0.0543694312250183	0.0128618083810049	0.0176142232080284	0.0172826933943813	0.0134301649092959
0.0036647307432472	9.0349751791961e-05	9.03497517888135e-05	0.826335878331241	0.0581695440107006	0.0444475850460561	0.0153530288370259	0.00397741161053126	0.0478711219176171
0.00353259922763342	0.0205791800644836	0.00013082818515228	0.858766532992256	0.0458147467277355	0.0174609569312575	0.00386865879857875	0.0227458846291963	0.0271006124437066
0.0292258121290017	0.0321017729727689	0.00698141184576911	0.791317734460547	0.0810247827565645	0.00318608445252291	0.0104425137018008	0.0130044167500596	0.032715470930966
0.00912789643480177	0.0192027064907219	9.18494900659388e-05	0.827590249272502	0.0489794132254127	0.000635164072765573	0.0244376374342907	0.0231799869720788	0.0467550966073609
0.00444775661276878	0.0567799720217673	9.01475419221439e-05	0.846203685354933	0.0624609829664801	9.01475419223685e-05	0.0281383777347899	9.01475419223688e-05	0.0016987826834944
0.0460149518290131	8.7076296392762e-05	0.0407326399851483	0.733871067273578	0.0380904564288982	0.0310240122645495	0.0392056907120013	0.062104094119291	0.00887001109112838
0.00706159017128168	0.00846479177857023	8.9461357871457e-05	0.814509537554405	0.0790873586883572	0.0235453065480784	0.0214090261056667	0.0172479330049455	0.0285849947908241
0.00388082801950229	0.0267554505122625	0.000128389701578619	0.798224123597082	0.0824405428530275	0.0167966355444373	0.0207325031496496	0.0018147913730112	0.0492267352494492
0.00935371299431889	9.0676665225672e-05	9.06766652225845e-05	0.838298720568109	0.0656824290376363	0.0292313237755055	0.0136409489955605	0.00721285028471719	0.0363986610137039
0.0147733604770851	0.000139007742089042	0.000139007742072825	0.768152778992513	0.123184991526826	0.0243848102911166	0.0109221117980278	0.0140638856147994	0.0442400458154708
0.000128532207918135	0.000128532207918135	0.000128532207924042	0.835145858588067	0.0777524156538664	0.0096377110951806	0.0145880190395051	0.0214587026786767	0.0410316963209436
0.0242413534627179	0.000130337196725649	0.000130337196733395	0.781060299004681	0.0927508124867674	0.0274675945067777	0.0290745808524818	0.00546222250867099	0.039682462784444
0.0238213067355998	0.016007393122915	9.09922474801071e-05	0.794704342105079	0.0661278146459586	0.0365532854175721	9.09922474747119e-05	0.0180527591986124	0.0445511142793086
9.44559374602961e-05	0.0274786943254146	0.0022973098896992	0.810282048830407	0.0619668449226385	0.0353146296593851	9.44559374603007e-05	9.44559374602984e-05	0.0623771045600748
0.0463854771341433	0.060028101723109	8.86490738171808e-05	0.771084696995104	0.0374901354784483	0.0215917810522487	0.0135612256535764	8.86490738202764e-05	0.0496812838157331
0.0188524030674126	0.0432577329262037	0.000496273058089073	0.768314347731371	0.105942954050579	0.00572263645482629	0.00575181370635516	0.00343472038346439	0.0482271186216985
0.0179009857727909	0.0271277420679851	8.75379019324712e-05	0.826948447591704	0.0738655592624274	0.0087357744102134	0.0111227945903387	8.75379019253493e-05	0.0341236205006827
0.0297250317035121	0.0183417614733157	0.00152970618513352	0.780985109172251	0.0710950921931133	0.0531071381601876	0.014667297572681	0.00013026720722701	0.0304185963325786
0.0167639211489649	9.28433257693764e-05	9.28433257707853e-05	0.81170365364504	0.112725845070021	0.0116074428387299	0.0145460655615417	0.014506453798141	0.0179609312860208
0.0149638967416626	0.0383427124085175	0.000129080053321378	0.858502332899673	0.0377866535781454	0.0168014316615383	0.01660489910458	0.00255106827238684	0.0143179252801749
0.00814821133135176	8.96535660266166e-05	8.96535660264255e-05	0.785974677574825	0.108139978848111	0.027635097353167	0.0148172471235447	0.0357724319964365	0.0193330486405111
9.17188705629635e-05	0.0344461675233841	9.17188705685827e-05	0.817294893499309	0.0712666530512657	0.0163375953756437	0.00633127575804612	0.0187447635099332	0.0353952135412862
0.0211320410720899	0.000129312161895956	0.000322292951147304	0.754239342389699	0.0925849202707755	0.0280158092314188	0.00724190517872965	0.0418964799484256	0.0544378967958179
0.0234857099894683	0.00584796641285289	0.00807160089723167	0.754406131271825	0.118471419386834	0.0354526649034012	8.54625244298203e-05	0.0300080383861557	0.024171006227801
9.66403729026291e-05	0.00918936367266386	0.00722267047920506	0.797701334909949	0.105888437569743	0.0312561210923823	9.66403729026293e-05	9.66403729032484e-05	0.0484521511573486
0.0300063552427741	0.000131123094341038	0.000131123094340769	0.797182891480013	0.0450728127327416	0.0571179666997413	0.0159878813130626	0.0152026302322468	0.0391672161107391
0.00782888686678981	9.12647236706229e-05	9.12647236703501e-05	0.86825828953224	0.0455138463879717	0.015847820966484	0.00152129775932068	0.0285574024215527	0.0322899266183004
0.0167880933929996	9.21807051262037e-05	0.00309577720392294	0.787006487567553	0.108308209724227	0.0119283453371102	9.21807051262036e-05	0.0228106165953399	0.049878108768595
0.000128168209724192	0.0334289610452117	0.000358749659309131	0.79114421313552	0.0879422669276039	0.0126403847900837	0.0174719459493861	0.000128168209724193	0.0567571420734372
0.0236735096758272	0.0281100778949712	0.000127310453559546	0.773975953491711	0.100492484145789	0.00576925756759202	0.00819315936394041	0.0329404951612876	0.0267177522453223
0.00127116133545719	0.000134337222947909	0.00268478093956632	0.799409807830831	0.112808469802276	0.011166419537462	0.000134337222947909	0.0273198309913668	0.0450708551171443
0.0215101982120929	0.00515941524824622	8.8751449537594e-05	0.837765267115801	0.0373006169759214	0.0369789267914964	0.0131674626642599	0.00209220758937997	0.0459371539532646
9.42959054598737e-05	9.4295905459877e-05	9.42959054632639e-05	0.816035735616645	0.0941550622641352	0.0363641479534518	9.42959054598737e-05	9.42959054598739e-05	0.0529735746384651
8.7832413015537e-05	0.0173324311761386	8.78324130133328e-05	0.845917423642976	0.0687950862267833	0.0332710092046157	0.00408807345323305	8.78324130155289e-05	0.0303324790572094
0.00294172037839863	0.033442144560907	9.11292394353954e-05	0.815362696086247	0.0589330111224295	0.0247819861608679	0.00827385098013763	9.11292394377054e-05	0.0560823322321394
0.0314485077067292	0.00678049485731316	0.00897096916425622	0.81538585769365	0.0718766336272247	9.35833620445796e-05	0.00633069799232	0.0329861134075284	0.0261271421889338
9.21275745055843e-05	9.21275745049928e-05	9.21275745073689e-05	0.861840489428837	0.0478792786791053	0.0146325951970991	0.0174235532326084	0.0336427895883588	0.0243049111504735
0.0147939983040534	0.000141840823795703	0.000141840823803668	0.828044414925707	0.0561188273861761	0.0217120066948258	0.000141840823795704	0.0026115323596523	0.0762936978581901
9.32664142679492e-05	0.00529628592912985	0.0144312782725705	0.806397657357167	0.0729985292131216	0.02877797299423	0.00188496715691293	0.00981257942897714	0.0603074632336231
0.0279181788250785	0.00414783353127243	9.16170769941679e-05	0.797972107368182	0.0759536805111669	0.0240667353431595	0.0282168609081968	0.0240845721991598	0.0175484142367895
9.32518111660578e-05	9.32518111654763e-05	9.32518111621905e-05	0.837787938091407	0.0806367700733873	0.0282132342902544	0.0134308033610774	9.32518111654715e-05	0.0395582469392148
0.00957910355241438	0.000133065340144373	0.00220235818855733	0.798318291181765	0.124744047538709	0.0152451898044154	0.0113856454444942	0.0208888364470052	0.0175034625024953
0.0197476462854745	0.0228970562718014	9.01608765166065e-05	0.78297082926712	0.0839236011619226	0.00189321750639267	0.0260088501278377	0.000802296625750109	0.0616663418771845
0.0109984187644198	8.80150441138289e-05	0.0105743380149744	0.772318527012344	0.069204388068753	0.0494799421673409	0.00923020851691166	0.00767022652569427	0.0704359358854485
0.010879752652637	0.00829723342626094	0.00013636869920182	0.834282800332829	0.0430667524039171	0.0299490341016169	0.0268717775018018	0.00663272661479331	0.0398835542669423
0.00746822435348807	0.00855227650555748	9.13979613553498e-05	0.7479295267	0.128490566286899	0.022758902540226	0.0286548025176935	0.012225513973675	0.0438287891611062
0.0374419024675898	0.000131018498669274	0.00659309666488399	0.747936435391064	0.0849117324629048	0.00526549674116686	0.016932530244697	0.0311177387869047	0.0696700487421192
0.00462317668148104	0.0174090950739822	0.00788242500501821	0.795447985510611	0.124809999959971	0.0150647653552802	0.0125270494950561	0.00709830979760702	0.0151371931209931
0.0278341999329596	9.24498028885043e-05	9.24498028898378e-05	0.774982847990801	0.0994809346157078	0.0269689881075739	0.0179334351634062	9.2449802888504e-05	0.0525222447808847
0.0300314040123952	0.0342069828130431	0.000128863528778605	0.780597400189873	0.0708282779110594	0.0151894913778403	0.0343081375418725	0.0106821502244691	0.0240272924006686
0.0216255856199267	0.0271102766964136	0.000130435718289046	0.775463361378261	0.0651805860115066	0.0621866743044852	0.000130435718289412	0.000130435718289412	0.0480422088345385
0.00290898404427323	0.0314607719138592	0.000828183186460609	0.845836794718794	0.0517333693428614	0.036098128469053	0.00159199560182378	0.000131460002906021	0.0294103127199685
0.0205389411692171	0.0711344472242087	8.94785219174584e-05	0.788482985538051	0.0590242679048745	0.0305813224123351	0.0211575315357615	0.00890154717171656	8.94785219184362e-05
0.0285956950497046	0.00574468022626921	0.00535309588407973	0.785633783381176	0.0801894706554616	0.0224768443467782	0.000187511974145069	0.0259560150759836	0.0458629034064023
0.0274493745224422	0.0250688074557017	0.000130866838245126	0.807087094879118	0.0499742214457458	0.0321565262915937	0.0419932955560094	0.00193461457837267	0.0142051984327717
0.00611963727796576	0.0543935075021317	8.69382220799687e-05	0.82869609998689	0.0347788473239599	0.0146111351817729	0.023633496355219	0.00834564268498943	0.0293346954649916
0.0342439399481171	9.02197320519368e-05	9.02197320535505e-05	0.799992972372783	0.0705153442238072	0.0368070976756846	0.018965406008146	9.02197320519356e-05	0.0392045805753048
0.00742472929365061	0.00899186944982996	9.35248887830039e-05	0.819953720217412	0.0919739406109115	0.0253154378443632	0.020288369958512	0.00700021665632028	0.0189581910802172
0.000135219888644617	0.000135219888644618	0.000135219888644303	0.785022730654881	0.115562760994833	0.0423624312172362	0.000135219888644617	0.014258882351336	0.0422523152271352
0.0172713763059592	0.0446599809500483	8.87500801811895e-05	0.741531572201913	0.111811499243691	8.8750080181971e-05	0.0335925218619749	0.00851109663083987	0.04244445264521
0.0128828431253621	0.0679639592554966	8.37791854233755e-05	0.688196292802409	0.0920389616752184	0.0395733964970238	0.0276149034676236	0.0628702626081882	0.00877560138325515
0.00987750448444169	0.0308498233080824	0.00804618810115342	0.822262653055997	0.0494273169925117	0.0211516678898731	0.0235566526607498	8.98806207123252e-05	0.0347383128864786
0.00626414890697377	0.0512507170913665	8.86326051802375e-05	0.856277684507874	0.0435435091351145	0.0222324774306209	8.86326051905984e-05	8.8632605191157e-05	0.0201655651124883
0.0157802554595933	0.00757171673554293	8.74810521559102e-05	0.799561680856793	0.0707545820546258	0.0269114399353929	0.0354077930336646	0.0275977617474339	0.0163272891247977
9.10867773393664e-05	0.00176507268959793	0.00647977892000254	0.823776132885329	0.0396212188656374	0.0407392499546031	0.031428926258885	9.10867773393662e-05	0.0560074468712665
0.0089412849354992	0.00238456796625252	0.0011096689503047	0.813998345993316	0.114508043162775	0.0298911216961054	0.0289834731575045	9.1747069121228e-05	9.17470691212301e-05
0.000125891709865095	0.0222870918922011	0.000125891709860772	0.756038161171977	0.0785279655072365	0.0725723461841905	0.0186314177435233	0.000125891709865096	0.0515653423712811
8.69342903317431e-05	0.039835093602148	8.69342903287994e-05	0.824372152992716	0.061089880878441	0.0238248615209969	0.0190329019120083	0.0103789754608749	0.0212922650521547
0.0316475875497945	0.0209386837430154	9.13635209229643e-05	0.791354850797997	0.0753467041562451	9.13635209251982e-05	9.13635209251984e-05	0.048761115538169	0.0316769676520062
0.0152251047872067	0.0806272608003377	8.49648545734756e-05	0.778325861764138	0.0636528240566971	0.0254220289387454	0.0230564509755709	0.00704242344824639	0.00656308037448492
0.0135416469901229	0.0443342100071659	0.00124045847315934	0.81381365108104	0.0862778680556128	8.67433472923062e-05	8.67433472923063e-05	0.0237071988754031	0.0169114798229115
0.0231037628055486	9.31839462277536e-05	0.00907637274754321	0.782248930716964	0.0562430660269535	0.0509443853213147	0.0110142543945953	0.00710742265932053	0.0601686213815324
0.00495671046737212	0.0598169689181592	8.67243338911453e-05	0.825586593384991	0.0401128823035315	0.0255235810835511	0.00281376043198317	8.67243338858964e-05	0.0410160547426349
0.0152909723167681	0.0229074275303342	0.00013542419122593	0.781863209868256	0.0802090301850817	0.0341499391665855	0.0199559486336156	0.00443098469517718	0.0410570634129558
0.00102058966490647	9.48149234683123e-05	0.00856369286899539	0.831469858361322	0.0385434560661058	0.047284259404868	0.0131654143825227	0.000560556262372219	0.0592973580654394
0.0114546217074718	0.0368295843921461	0.000129683750276761	0.826465998963243	0.0345236995817849	0.0241116890073441	0.0172759692985529	0.00450518187639148	0.0447035714227893
9.30024270835667e-05	0.00561429797234102	9.30024270850106e-05	0.824733815821022	0.0423649538639166	0.0365470634579589	0.01996218879673	9.30024270835698e-05	0.0704986728067797
0.0275206538730426	9.24208656179509e-05	0.000742048236710921	0.789810283095509	0.0989434174817944	0.0224397533930792	0.0222644916495102	0.0361901749190892	0.00199675648564648
0.0226065565669943	0.000133068546372643	0.000133068546372644	0.767365103462089	0.11199310476241	0.0237384344156822	0.02376624008719	0.0268453044115437	0.023419119201346
0.0380304621174376	0.000125104993681357	0.0370820497518988	0.733125195479318	0.0501691414220062	0.0219326073020329	0.0286487691208057	0.0414076042811691	0.0494790655316505
0.0119728425207465	0.0230471964337266	0.000130258017205664	0.823368793707252	0.0877568327314791	0.0297019769499397	0.007457481053906	0.00837095863382582	0.0081936599519182
0.0185040941965301	9.38037329328839e-05	0.0147275041610521	0.761515734548756	0.044711979021355	0.0697004354592124	0.0285849447268499	0.00193549122454038	0.0602260129287718
0.0326084854726196	9.09669121015816e-05	0.00610854613048505	0.772375304266215	0.100644413953028	0.0343040683115482	9.09669121015819e-05	0.0278357078478241	0.025941540194076
0.0127463464201823	8.75366799426641e-05	8.75366799406371e-05	0.798148377474149	0.0944500056271716	0.0421533766734459	0.0280877708367904	0.0159226873151474	0.0083163622932299
0.0212198969822829	8.96048704900539e-05	0.00052959705173091	0.787974763235473	0.110795716784962	0.0508919407954607	0.00938384440111037	8.96048704900538e-05	0.0190250310080001
0.0263571509334626	9.29975433065385e-05	9.29975433078344e-05	0.80636469498915	0.0767327245862702	0.0239408129460085	0.0202355242135344	0.00294470426703128	0.0432383929779289
9.2030146165813e-05	0.0163591913726686	9.20301461603895e-05	0.789925195384511	0.0650764206432744	0.0289576422921084	0.0247709809459347	0.0207264664570274	0.0540000426121496
0.00401327967227307	9.18446082110938e-05	9.18446082056123e-05	0.825334363157916	0.0796591363788187	0.0283201229474453	0.0164674107877833	0.018407404989821	0.0276145928495257
0.0612697073154085	0.0156082328982473	9.09019555737522e-05	0.767189923953055	0.109036164977726	0.0196806561208031	0.0269426088680407	9.09019555729706e-05	9.09019555729689e-05
0.00933902972479283	9.07640396224088e-05	9.07640396222789e-05	0.811079506119989	0.0965893480157725	0.0462961158640474	9.07640396224094e-05	0.0198893423374274	0.0165343658191035
0.0142537666186062	0.0138643162592874	8.84983595632932e-05	0.820845074411007	0.0716620488177191	0.0491385838769973	0.0107580330648662	8.84983595639732e-05	0.0193011802323896
0.0297557045161157	0.0050539869313841	8.92808000613037e-05	0.813404589930966	0.055768756650404	0.0128877378963232	0.0423498523501219	0.0107998827139485	0.029890208210675
0.0190484506276621	0.00494079203969204	0.00850453090253615	0.830057685558482	0.0461685228554619	9.42953788420771e-05	0.00460482618672501	0.0592753896969917	0.0273055067536071
0.0198337736840348	9.30720613977914e-05	0.00282460294066773	0.803728382191323	0.0748393172319935	0.04800346610528	0.0282721497713154	9.30720613983689e-05	0.0223121639525897
0.0116416004776243	9.08348984652566e-05	9.08348984702273e-05	0.824555706479677	0.0654098078178779	0.0511570615806071	0.000329989584999737	9.08348984652548e-05	0.0466333293638135
0.0146912039088087	0.00504290703342524	9.39933966006232e-05	0.808370139918607	0.0823974507994508	0.0401101804747838	9.39933966038362e-05	9.39933966044163e-05	0.0491061376751163
0.00147232403719594	0.0376931787426862	8.85513047898332e-05	0.801470094995314	0.0918176682005621	0.00592767672587878	0.00535763361146113	0.0226041602812482	0.0335687121008636
0.0451170191266908	8.34134492740474e-05	0.0940936482890824	0.684550702358633	0.0341349431974987	0.0073318451061177	0.0399750853134141	0.0900242089644674	0.00468913419482232
0.0146268606245836	0.0204907450501808	0.0019572153966961	0.822274011355293	0.0452527557858314	0.0448313625494972	0.0179579267795957	9.01822545455598e-05	0.0325189402037764
9.01034258621073e-05	0.00954902576159811	9.01034258619494e-05	0.822624518846967	0.0873489421834761	0.0454615813198237	0.0123012804998485	9.0103425862683e-05	0.0224443411106995
0.00486921180975054	9.29292039158985e-05	0.00299951581673579	0.870750130274726	0.0579421845257726	0.0356167569407097	0.00340458677222241	0.00157419696373165	0.0227504876924351
0.0275438371243957	9.49397505838822e-05	9.49397505828434e-05	0.8139903019723	0.0473531781940062	0.000598384077643492	0.01292002086104	0.039646160332566	0.0577582379368822
0.00763663441327292	0.000465088768475247	0.00174220527453986	0.824812061405677	0.0881478187280352	0.0353576802449603	9.51495024592376e-05	0.00919586588339461	0.0325474957791854
0.0269907172932829	8.79922167181221e-05	0.0166992360308909	0.76048456075659	0.0580299157718062	0.043896559158644	0.0286520733218192	0.0170623031450635	0.0480966423051849
0.0100391468781874	0.0117062451061071	8.92029899243734e-05	0.791563959840861	0.0908477667326523	0.0183327793365029	0.0172655018139463	0.0242358661743946	0.035919531127424
0.016971362459685	0.0183542695588326	0.00258476968445398	0.815486954642149	0.0815152032625992	0.0174538918012105	0.0225610072346289	0.00203482050861903	0.023037720847822
0.0118720894768467	8.77359850980583e-05	8.77359850986355e-05	0.809431204005302	0.0883248647863218	0.0641974430719771	8.77359850980584e-05	0.000370403496473664	0.0255407872077836
8.54571088799036e-05	0.075698659378304	8.54571088769272e-05	0.79966589948983	0.0657232994697981	0.0115692520261177	0.0256111148442159	0.0214754034650975	8.54571088799037e-05
0.00654161942143472	0.0183179984154628	0.000132717592826219	0.801309963532028	0.0736369787213572	0.0410900721790288	0.00703674314401538	0.000132717592818909	0.0518011894010276
0.00668339322563992	0.0241039706502894	9.54438567548379e-05	0.83313102520526	0.0620065543197062	0.0205265612716102	9.54438567566114e-05	0.00386652605134769	0.049491081562635
0.0111636469976457	0.000137606704436651	0.000137606704428521	0.814597752014364	0.0952793648446179	0.0264313663421162	0.0211990838821021	0.0309154758001261	0.000138096710162734
0.0278406076170222	0.0513233808405	8.91853623344552e-05	0.778701416025139	0.0810870018878513	0.0194750137858316	8.91853623290551e-05	8.91853623290547e-05	0.0413050237566633
0.0205831282261759	8.93246802522995e-05	0.00783657334811901	0.773243524200437	0.0843125981513443	0.0238535182365549	8.93246802522987e-05	0.0381320643650181	0.0518599441118461
0.0364868291889455	0.018009681330362	0.00792400387698563	0.778891078025673	0.07350036517372	0.0149011912224233	0.0154950566956851	0.0285244744307306	0.026267320055475
0.0150728363148819	9.39734831577155e-05	9.39734831585996e-05	0.816360294678997	0.117194861661966	0.0261435827211504	0.0138376015059325	0.00389771455357441	0.00730516159718133
0.0402502080064992	9.23656689140033e-05	9.23656689138836e-05	0.803088370031323	0.0827239124547637	0.0144907717761851	9.23656689140046e-05	0.0226723199739118	0.0364973207505752
0.0559942151668356	0.0224567021632751	8.78991735914084e-05	0.782952533634818	0.0423449460306133	0.0257888949595458	0.0314193207668536	0.0164250913946719	0.0225303967097953
0.00352823539324932	0.0136076488376935	0.00471315915242827	0.825333853735011	0.0657336094800266	0.00871924772487926	0.00165771579257107	0.0351095783185981	0.0415969515655424
0.0241141928413965	0.00847706366524374	0.0272084443280092	0.780182602572496	0.0426462717876589	0.0118348508796324	0.0205002267220176	0.0590401993912003	0.025996147812345
0.0139371889338586	0.0315502790084237	9.10805302300996e-05	0.839290656283132	0.0428202509931576	0.0259297741175958	0.0212168415600734	9.10805302245467e-05	0.0250728480433039
0.0474907073151895	0.0271338980813374	8.78301966796689e-05	0.746819385474691	0.121231806949662	0.0305174578262243	0.00658278683972366	0.000407727945153456	0.0197283993713391
0.0287611999438504	0.0199330039702213	0.00013021426767901	0.786375505299828	0.0763267111719321	0.0388637947178709	0.000130214267686547	0.0122376797684917	0.0372416765924396
0.034501008750792	8.97878563495624e-05	8.97878563549394e-05	0.779407202612851	0.0637682597438028	0.065857858593176	0.022668020685356	0.000233756545283856	0.033384317356034
0.0307300442116394	9.34667951396639e-05	9.34667951287675e-05	0.835388798615938	0.0680983201402485	0.0306241414839046	9.34667951396642e-05	9.3466795139664e-05	0.0347848283677217
0.00229094813991874	0.000134828364168354	0.00876643364225053	0.826051664957877	0.086147047372306	0.0304217945784087	0.0155142696692805	0.0175764454851686	0.0130965677906218
0.0262393573236094	0.00279740821392735	9.10739007129169e-05	0.817212826075124	0.0543341315402981	0.0585946884598121	0.0231475091037926	9.10739007123767e-05	0.0174919314820115
0.00167206528523881	9.27363944248881e-05	9.27363944254764e-05	0.797571398858779	0.0882969789988615	0.0418353901522089	0.0113618610107179	0.0204762579120297	0.0386005749933133
0.00911359896098475	0.0169278501962238	0.00169289113745648	0.809829648484888	0.0697972707979143	0.0264241498525566	0.0197188381808297	0.0113776493596954	0.0351181030294507
9.3076879752089e-05	9.3076879752096e-05	9.3076879751094e-05	0.79459217754468	0.141587061691619	0.0386280962569355	0.00288521098833455	9.30768797526635e-05	0.0219351459994228
8.68283960400135e-05	0.0691539312353997	8.68283960370018e-05	0.757488112453002	0.0591399719670741	0.0466494992854875	0.0442210356055167	8.68283960400135e-05	0.0230869642654032
0.0338957969933591	8.96164286141611e-05	8.96164286151887e-05	0.80382420425288	0.100757686981017	0.0115840399594309	8.96164286141607e-05	0.0495574253128607	0.000111997214608766
0.00532512326069866	8.57832165470373e-05	8.57832165461226e-05	0.843817354235999	0.0545550200554218	0.0277399995945273	0.0360932975421963	8.57832165470375e-05	0.0322118556615166
8.94644339670519e-05	0.0226801015379831	8.94644339678301e-05	0.805026395603305	0.0724456926275009	0.0177272413563802	0.0326735045588957	0.0127468892052393	0.0365212462427606
9.3436500878688e-05	0.0122479026236418	9.34365008754406e-05	0.846162949518269	0.0747586975539602	0.0228294962003783	0.0150523963887926	9.34365008786885e-05	0.028668248212325
0.00752632142016628	0.0268155736669826	9.30638720935831e-05	0.843617019501909	0.0618670658484983	0.0218523111805071	9.30638720946027e-05	0.00256251716622418	0.0355730634715247
0.00390519259840928	0.006213294047499	0.0141359700305699	0.80372702393167	0.0745322594520938	0.0290236540550264	8.88824658273862e-05	0.00712216697756976	0.0612515564413345
0.0083596065676662	8.9624997784116e-05	0.00537460529760854	0.791288954345473	0.0767021939697056	0.056829185371215	0.0151570510077403	0.0137181553572302	0.032480623085577
0.0397529474207352	0.0417382920563924	8.97059534831135e-05	0.770135445507542	0.0965077297698796	0.0364146651021599	0.0143350635071257	8.97059534821641e-05	0.000936444729200172
0.0353467486039626	0.0148629174608123	0.0001317956631968	0.745821896323366	0.123267876652323	0.00884358745456452	0.0219890932692703	0.0199685270649745	0.0297675575075296
0.0201614813296152	0.0271251015230586	0.000133415706886301	0.777129708930704	0.100308212782902	0.0146943385199223	0.0226762161870636	0.00013341570690193	0.0376381093129468
0.00212758944463322	0.0328965373719583	0.00459980781349281	0.805209874274612	0.0793329177947245	0.0189203872664539	0.00958659751843194	9.04497143007366e-05	0.0472358388013925
0.0142640387006703	0.0363405382683368	8.98556615506632e-05	0.808520521891906	0.0687599203414885	0.0317057771231351	0.0185164104821168	8.98556615537691e-05	0.0217130818692423
0.0166714833135153	0.0361274448623205	0.000123137857631391	0.772070764117503	0.086751961463847	0.0246164057260087	0.0298069764189226	0.00781144118505806	0.0260203850551937
0.0252809362546147	0.0314330632048534	0.00481973052190977	0.780663894422395	0.0764236758196771	0.0244376683262562	0.0122099281612341	0.00013326794852648	0.0445978353405332
0.0452768100482978	0.0527985434365617	8.68960765751288e-05	0.775343220685011	0.0775683097763341	0.0340922281872774	0.0146601996367866	8.68960765781358e-05	8.6896076578136e-05
0.0239640538791134	0.0354791624635975	0.00814225791049497	0.780869822639784	0.0630291058043782	9.09808552069409e-05	0.020094008605204	0.0301937067958938	0.0381369010463274
0.0269666416162484	8.72910830652569e-05	0.0481065389402998	0.754154453672558	0.0691832599899033	8.7291083065257e-05	0.0153523519853793	0.0859496286004156	0.000112543029065333
0.00879660445164463	0.0294195927107108	8.82864157749051e-05	0.801177197177464	0.0335523425210827	0.051547081312894	0.022128631277385	0.0116751431563021	0.0416151209767421
0.0241010268027236	0.0056032628416237	0.0228046309067965	0.777539900363216	0.0597924693017082	0.0342031026699142	0.000135152625692414	0.0261445495886494	0.0496759048996759
0.029716444368132	0.000132757069225955	0.000132757069224497	0.781609956631943	0.0900368663490035	0.0316294271615603	0.021865330922615	0.000132757069225954	0.0447437033590695
0.0389401881354293	8.87126589462991e-05	8.87126589471969e-05	0.75281091385661	0.100027590041266	0.0401633526776413	0.00316806728897815	0.0144522162601041	0.0502602464220775
0.0224583242996946	0.0108446012975308	9.25508196165025e-05	0.802920465975952	0.0739260846552964	0.038074848466822	0.00866812697908329	0.010102953548094	0.0329120439579103
0.0075966943193247	8.96989615202312e-05	0.0574878099183169	0.765031543384094	0.0636924336079857	0.00125634496709609	8.96989615202269e-05	0.0652898701150727	0.0394659057650694
0.000623411961577671	0.0214603688121567	9.14692989184616e-05	0.820201817016569	0.0494655328346517	0.0501476983839845	0.00838209338416253	9.14692989129738e-05	0.049536139009066
0.0322737968883796	0.0395029182274455	8.87082195513907e-05	0.815354391235364	0.055511313170269	0.00316774439748486	0.00821688621673295	0.0124852776515845	0.0333989639931886
0.0111747641580825	0.0121927027188086	8.83541968169276e-05	0.803985584341989	0.0840265388760184	0.0319235225709868	0.0178948900882366	0.00425413999362549	0.0344595030554355
0.0308135289194469	0.0553815987928557	8.91714125264621e-05	0.816612328309524	0.0206494072674253	0.0398739226231957	0.0190403372709365	8.91714125325296e-05	0.017450533991557
0.00723727367810811	0.00139473895478793	0.00356892501073469	0.844365685731094	0.050196003350718	0.0199829011335456	0.0105311052253656	0.036081589243741	0.0266417776719047
0.0167080667075493	0.0597651965865424	8.47098457433558e-05	0.795248852338407	0.0604377077173599	8.47098457389831e-05	0.0182095252810554	0.0353628846749165	0.0140983470026876
0.00800973992203461	8.91439308253316e-05	8.91439308306018e-05	0.802822870488695	0.0887729034987038	0.0461807405616537	0.0235355415615697	8.91439308253318e-05	0.0304107721748616
9.10697059639326e-05	9.10697059639318e-05	0.028262538407341	0.795807523827727	0.0532856857347065	9.10697059639344e-05	0.0155344636834162	0.0578366703434493	0.0489999088854681
0.0252488050326989	0.00342764884754436	9.04869294739105e-05	0.821737790900001	0.0472463354357248	0.0371909213453592	0.0140105922058064	0.00981272193784387	0.0412346973655477
0.000135267095577064	0.000135267095577069	0.00013526709558451	0.805421828570506	0.0634639950047714	0.0309187501437814	0.0100288450217834	0.0377773887661276	0.0519833912062918
0.00615548617528708	0.00249459501456976	9.0387840263473e-05	0.817145908010394	0.0735866081446612	0.0167712418031505	0.0245450368315344	0.0162686667257407	0.042942069454399
0.012849016189807	0.012202858619929	9.27190983202925e-05	0.784094530763614	0.105787060694977	0.000237070742549816	9.27190983224335e-05	0.0453994916077033	0.0392445331847774
0.0088133991555519	0.0853060517520659	8.58444952453164e-05	0.73446515513405	0.0662497134186713	8.58444952412693e-05	0.0592549794442235	0.037726973363461	0.00801203874149001
0.0269473332598398	0.000617766646606951	0.00553856817985795	0.760232441497545	0.104660575300123	0.0323362970657615	0.00383473757443471	0.0221347644958071	0.0436975159800232
0.0105432833920106	0.0155130091062743	9.51124918665846e-05	0.842250386961103	0.0627703024096115	0.00757129741609074	9.51124918668011e-05	0.0144947434686857	0.046666752262491
0.0208289154195851	0.00676813204975149	0.000129363051320089	0.80095650684609	0.104460060963915	0.0111631479746481	0.00418927153469353	0.0233094625692987	0.0281951395906974
0.0102890220010197	0.0243751042298086	9.03112477153345e-05	0.775592879203018	0.0786059851709806	0.0555613926012885	0.0125847335862696	9.03112477176001e-05	0.0428102607121824
0.0161939851763814	0.00445885874744328	9.23325691429963e-05	0.808793841916744	0.0743642829405486	0.0228816398706338	9.23325691413584e-05	0.0331580552561542	0.0399646709538101
0.0191569462747056	0.0310505784185501	0.000127320058465804	0.81216885045985	0.0873637249262363	0.00430292150122724	0.010795014008267	0.0107281849698897	0.0243064593828085
0.0247466237788268	0.0558039899813841	8.54874472927381e-05	0.792686736321935	0.0797424016278332	8.54874472922129e-05	0.0202220441760984	0.0140920493470594	0.0125351798722781
0.0142994440972426	0.00626754039287769	9.11386824668898e-05	0.8361353657788	0.0594458594313669	0.0271535964256891	0.00478245855116254	0.0190059399946974	0.0328186566456964
0.0290093805455982	8.96005430157933e-05	8.96005430212563e-05	0.817842224731772	0.0537690866931738	0.0236974429692667	0.0205028971060569	0.00474363529948374	0.0502561315686118
0.0228731860272876	0.0194217953205387	8.98599918718883e-05	0.759078597694564	0.0918733096723678	0.0313203468610326	0.01568958081556	8.98599918713035e-05	0.0595634636249063
0.00605244716311338	0.0105544445850423	0.000127177738741861	0.827899392005147	0.0627153325451746	0.00985723355597695	0.0346203332576796	0.01609221661177	0.0320814225373546
0.0169270594038083	0.00112949923105303	9.04486517662334e-05	0.792763087161991	0.12239966985976	0.0205498065566098	0.0224720593481707	0.0125137823904848	0.0111545873963564
0.016853886144448	9.21556674742619e-05	9.2155667474813e-05	0.778447542624326	0.122483745997502	9.21556674742627e-05	0.0228016538102571	0.03284949279962	0.026287211621424
0.0120070113072373	9.35408163255301e-05	9.35408163191165e-05	0.816148034895701	0.0618049225761454	0.0546074072216163	0.0116104290408885	9.35408163255248e-05	0.0435415725094418
0.000139485928581858	0.00401137067244421	0.0200606909212263	0.811952738265655	0.059092093123378	0.0246666452967982	0.0120126473537933	0.0107357050746396	0.0573286233634832
0.00157030986414494	0.0336219825391252	9.25388602930526e-05	0.838783015577627	0.0567422935087552	0.0316815696971254	0.0105353639132339	9.25388602991267e-05	0.0268803871793962
0.00366337592958649	0.080137387003708	8.87273224261784e-05	0.822162354322884	0.0455704408373948	8.87273224278762e-05	0.0197395910745114	8.87273224278763e-05	0.0284606688646336
0.0432216584375894	9.02465404069082e-05	0.0158083014043393	0.751482149935446	0.0946931776052152	0.00713245118144294	0.0268820517703308	0.0401072972105043	0.0205826659147252
0.0551987964346352	0.00356887888674067	0.000128541498544253	0.7843959665058	0.0799530073168384	0.0303661079732241	0.00947063280170346	0.0134168326220257	0.0235012359604883
0.0162442204481819	0.0476339141257237	8.99951271271485e-05	0.848553003075733	0.0529589129345904	0.00227341027329551	0.0277810583897627	8.99951271155892e-05	0.00437549049846996
0.00265797458321075	9.60120100455591e-05	0.00519015292626644	0.840699484579868	0.09160401851932	0.0270448418928991	0.00750220805861207	9.60120100455584e-05	0.0251092954197326
0.0105746113986735	0.0255965628381666	8.9017500004257e-05	0.781476824942883	0.0741309723189008	0.045052125638925	0.0255849656696119	8.90174999895559e-05	0.0374059021928452
0.0108658999997728	0.0154644521359687	8.87525353077173e-05	0.777691867197041	0.131987052439504	0.0317675042723342	0.00762664063761134	8.87525353101576e-05	0.0244190782471506
0.0357687154776288	0.0173375985873833	0.000834500479889792	0.816531579376289	0.0524766677598662	0.0117366135280585	0.00176948544861727	0.000137030840866107	0.0634078085014014
0.0194472557669086	0.00166939436334131	0.0529192522278119	0.78826574388101	0.0491419479243951	0.000130543141099074	0.0223468508386787	0.0516527467053041	0.0144262651514513
0.0294717157582674	0.0421033411555233	8.66515194167274e-05	0.813580708820702	0.0579716865852082	0.00222730335289933	0.0111510030155763	0.0138475475590079	0.0295600422333988
0.0231617102219798	0.0226080465127501	9.03055700302481e-05	0.811291176063813	0.0750417739696899	0.0331187372442131	0.0170479936064168	9.03055700252647e-05	0.0175499512410815
0.00526926545668022	0.00589797635437192	0.000134764514971181	0.779962276905976	0.103442029785893	0.0309631821468888	0.00757066193730497	0.0116561277145667	0.0551037151833477
0.00472716198805064	0.0187808562361004	8.93606655247556e-05	0.829700770247744	0.0658153268549586	0.0498700304402292	0.0102287647220571	0.00657582872713778	0.0142119001181978
0.0161532398714572	0.140168179129401	8.22950535246129e-05	0.685315789654354	0.0885127616612776	8.2295053510489e-05	0.0330522294612039	0.0362145400326827	0.000418670082588169
0.0312983282341519	9.19840849616366e-05	9.19840849593339e-05	0.771625702425608	0.10643977710178	0.0334467376373283	0.0567314133325537	9.19840849616314e-05	0.000182089013694819
0.0308755612597485	0.000133460331625188	0.000133460331624934	0.800388108241572	0.0694960530746091	0.0471773199759918	0.00984902133893431	0.00521987903229633	0.0367271364135981
0.0197087489567182	0.000132257488910682	0.000132257488918015	0.79318445030283	0.120096844121273	0.0199201291639541	0.000758479726560368	0.0223273512729214	0.0237394814779139
0.0206609951689436	0.0329274465602489	9.05498897969067e-05	0.825763365491158	0.046281298330249	0.045185536557823	0.0134387415969952	9.05498898011189e-05	0.0155615165149845
9.1628682152543e-05	9.16286821525513e-05	9.16286821502511e-05	0.784840391186607	0.0901630584761656	0.0571037553786548	9.16286821525432e-05	0.00356297277739116	0.0639633074525733
0.0196003688258336	0.00529623355179262	9.14133607841739e-05	0.826446796940084	0.0446074022748987	0.0109956778739169	0.0184972854954262	0.0438795637753728	0.0305852579018907
0.00428276014109924	0.0228118044900344	0.00826102287496929	0.802009841799721	0.0550695046100232	0.0282877724423022	0.0178602202359525	0.000127413688181012	0.0612896597177175
0.0100085041327494	0.0143209078438753	9.00383442864657e-05	0.81895407466944	0.063532177552801	0.0260214382368144	0.0153196163841426	0.0115480627338526	0.0402051801020384
0.0127252582817904	9.39303911729898e-05	0.00136631459846533	0.862164456534416	0.035026103595688	0.0254427279721615	0.0088721767988031	0.0136999803077182	0.0406090515197848
0.0312281093966997	0.00215798307062555	0.000450894106256562	0.809684558254683	0.0622190591487751	0.0351297848562528	0.0173372077636052	8.75986798801001e-05	0.0417048047232219
9.42863868237967e-05	0.0439481266521572	9.42863868214323e-05	0.766459615167622	0.104902454844999	0.0215194801962019	0.00999164436937232	0.00921410958118879	0.0437759964148138
0.0356476458554785	0.0163037579642038	0.000161827534061852	0.791376923472645	0.102663770464722	0.0222797485510697	0.00571471110869639	0.0113097841984692	0.0145418308506534
0.00763726736586348	8.98482534754494e-05	8.98482534752609e-05	0.773742937392528	0.104322190617116	0.0190502964013524	0.0100738295719037	0.0255459508050064	0.0594478313392799
0.0310019224568434	0.0299756436657885	9.27873898410593e-05	0.840132667362499	0.0360479131609854	0.00989383442556096	9.27873898353755e-05	9.27873898359966e-05	0.0526696567588103
0.00567833097435881	9.31790939802499e-05	9.31790939800649e-05	0.793881614673493	0.0951887197078662	0.0473894998272347	0.0120998480216392	0.00605331936312362	0.0395223092443237
0.0385402925661469	0.0240759206571471	8.865516306051e-05	0.799726342281852	0.0692516974360706	0.023336891483839	0.0131167185264981	8.86551630552925e-05	0.0317748267223302
0.009731041852542	0.0307532098367585	8.95717712297453e-05	0.800433810926601	0.106761301979019	0.0138689469645299	0.0157380927270942	0.00264799210903035	0.0199760318331948
0.0312718424458414	9.22964997286452e-05	9.22964997254806e-05	0.834414750793542	0.0499981810379517	0.0304769503528375	0.0149203453786104	9.22964997286413e-05	0.0386410404920345
0.0489706557271652	0.00231356893083256	9.35059633494056e-05	0.78107615552708	0.122450392440091	0.0159930775839411	0.00644580873288523	0.0152367155212425	0.00742011957341284
0.023433528994989	9.06616567958694e-05	9.06616568008425e-05	0.734503040857362	0.109132053726507	0.0255056463703526	0.0323353069217625	0.0217020115257033	0.0532070882897272
0.0461632522084379	0.0167776253829151	0.0829488188927883	0.686895638367345	0.0472962165253605	0.000122939408931289	0.0458841315291905	0.0737884382761002	0.000122939408931289
0.00602431098190412	0.0779448433378822	8.940975783165e-05	0.846433042020233	0.0492925058061971	0.00123459138375684	0.00957625262666853	0.00290268580624089	0.00650235827928595
9.59298479627002e-05	0.000823616631575929	9.59298479625252e-05	0.837694222454194	0.079456771859965	0.0164137734557032	9.59298479627002e-05	0.0200272475099789	0.0452965785446949
9.13381924267297e-05	0.00845944953402468	9.13381924265314e-05	0.827788321972462	0.0540744437452093	0.0368795321838132	9.13381924267319e-05	0.00863909876284841	0.0638851392243626
9.46074377914391e-05	9.46074377914394e-05	0.00908703664400174	0.803679269537612	0.0654042216243187	0.0444769708993506	0.009344782020238	0.0188848962755624	0.0489336081233339
