Basophils	Bcells	CapsularFibroblasts	cDC1s	cDC2s	CentralVeinEndothelialcells	Cholangiocytes	Fibroblasts	Hepatocytes	HsPCs	ILC1s	Kupffercells	LSECs	LymphaticEndothelialcells	Mesothelialcells	MigcDCs	MonocytesMonocytederivedcells	Neutrophils	NKcells	pDCs	PortalVeinEndothelialcells	Stellatecells	Tcells
3.54412499250005e-05	3.54412499179273e-05	0.00109627308468104	0.0199263988967104	0.00627645954506599	0.0104944500493534	3.5441249927791e-05	3.54412499277794e-05	0.843525101674995	3.54412499277908e-05	3.54412499277942e-05	0.0640143051323648	0.0346190177015587	3.54412499301165e-05	3.54412499277904e-05	0.00103330750584902	0.00419611171490372	3.54412502154662e-05	3.54412499496031e-05	3.54412499277909e-05	3.54412499265753e-05	0.00994917837232337	0.00444410132276244
3.49037496629447e-05	3.49037496506615e-05	0.0106171895827101	0.0439390505266181	0.00173159132708086	0.000485681239933739	0.00290086297415033	0.0117051531617336	0.808741963565094	3.49037496642143e-05	3.49037496642147e-05	0.0416114045440647	0.0481363098789551	3.49037496637842e-05	3.49037496642143e-05	3.49037496642142e-05	0.008595343799307	3.49037514253923e-05	3.49037496743125e-05	3.49037496642145e-05	3.49037496642433e-05	0.0211166044026238	3.49037496662049e-05
0.00175314086012427	3.59107282680416e-05	0.00928204208190135	0.0299677014562424	0.00160570918251006	0.00198658660737525	4.73993871090332e-05	0.00128577577963559	0.853994832559974	3.59107282428347e-05	3.59107282428335e-05	0.036492184468784	0.0357956897938697	3.59107282428341e-05	0.00195553083059653	0.00283713318305079	0.0006202938527601	3.59107282404772e-05	3.59107282543595e-05	3.5910728242834e-05	0.00469903911510166	0.0164601524635676	0.00096541327966303
0.000178586456310747	3.58413848391552e-05	3.58413847925486e-05	0.0253258081614147	0.00312474243165257	3.58413847925504e-05	3.58413847925485e-05	0.000590898021739162	0.842249372834859	3.58413847925449e-05	3.5841384792552e-05	0.0390944794455614	0.0417886178490734	3.58413848753077e-05	3.5841384792548e-05	3.58413847925485e-05	3.58413847875047e-05	3.58413850775711e-05	3.58413847903982e-05	0.021503144080156	0.00569198082322965	0.0199864318933088	3.58413847769098e-05
3.67270839743037e-05	0.00347378104105988	0.00202996042897775	0.014397335812216	6.30063075612495e-05	0.00304480347680644	0.00536442715911506	3.67270839731199e-05	0.88259447483367	0.00507561462720143	3.67270839731237e-05	0.0222141066067063	0.0293280466317702	3.67270839728812e-05	3.67270839731236e-05	0.00400379694224971	0.0101088981833452	3.67270839723417e-05	3.6727083989758e-05	0.00502213627162153	3.67270839720058e-05	0.00862416434799562	0.00436163065790309
0.000429420762405724	3.53897569147258e-05	3.5389756915353e-05	0.0198448440266621	3.53897569218017e-05	3.53897569153575e-05	3.53897569153513e-05	3.53897569153745e-05	0.829769750824016	0.00513959518207955	3.53897569153428e-05	0.0628690837226958	0.0306500242851286	3.53897569155809e-05	0.00171732129039673	3.53897569153514e-05	0.0120199714416814	3.53897568957841e-05	3.53897569305478e-05	0.00616559834540368	0.014371009574582	0.0114182954466817	0.00521579777219631
3.54377119142164e-05	3.54377119408724e-05	3.54377119355178e-05	0.0208371936334679	3.54377119355157e-05	0.0185293005736253	0.00265319626653494	3.54377119355148e-05	0.857883678912327	3.54377119355152e-05	3.54377119355173e-05	0.0372968280408691	0.029310552103276	3.54377119352008e-05	3.54377119355121e-05	0.007467042475939	3.5437711947785e-05	3.54377119255186e-05	3.54377119475225e-05	0.00519522536314061	3.54377118830134e-05	0.0203308546637724	3.54377119404593e-05
3.46639126096124e-05	0.00192188550255172	3.46639126149642e-05	0.0133151935720111	3.46639126153521e-05	0.00882656713521769	0.00359259438991984	3.46639126282708e-05	0.871171752012611	3.46639126149659e-05	3.4663912614963e-05	0.0342401200304785	0.0264672891698656	3.46639127024175e-05	0.00313723416893864	0.00248254660182428	0.00728051037194568	3.46639128293862e-05	3.46639126237075e-05	3.46639126149659e-05	0.00577517392282293	0.0214078300827292	3.46639126149683e-05
3.55604353865123e-05	0.0156491063069485	0.000886485084850344	0.0179102636033376	3.55604353583661e-05	0.0169763779812944	3.55604353606084e-05	3.55604353606054e-05	0.856427539239357	0.00263708828044185	3.55604353606095e-05	0.0404014646825829	0.032079010050297	3.55604353624193e-05	0.000105553769742332	3.5560435360609e-05	0.00686761946772146	3.5560433364377e-05	3.55604353697758e-05	3.55604353606086e-05	3.55604353610438e-05	0.0096327663110656	3.55604353552768e-05
3.49785856247308e-05	3.4978585605955e-05	0.00352756189278914	0.0279088708793337	3.49785856277744e-05	0.00946655135636125	3.49785856277757e-05	3.49785856265081e-05	0.865477896700564	3.49785856277758e-05	3.49785856277696e-05	0.0336918231473129	0.0369558877889119	3.49785856277748e-05	3.49785856277758e-05	0.00605163717384832	0.00480168031254639	0.000433068065323972	0.00492928719985158	0.000640235927085637	0.00104533631708173	0.00472037738272806	3.49785856373545e-05
2.52876762881967e-05	2.52876762881934e-05	0.00429992140272302	0.0190513142615146	0.027119504816273	0.0247624712213543	2.52876762881942e-05	0.00404170214794795	0.836458779678252	2.52876762881928e-05	2.52876762881955e-05	0.0333696214572354	0.0213087997110381	2.52876762952665e-05	2.52876762881951e-05	2.52876762881937e-05	2.52876762876952e-05	2.5287675934998e-05	2.52876762881938e-05	2.5287676288196e-05	2.52876762881941e-05	0.0162498519256048	0.013009293586657
3.59103260436063e-05	0.00232775436532054	0.0104296382016274	0.0134381934101229	3.5910326027164e-05	0.0209600263266519	0.00296926584097682	3.59103260281482e-05	0.852946956246786	3.59103260281476e-05	3.59103260281469e-05	0.035364329566129	0.0164160707077702	0.00192902141704363	0.0055518272617092	0.000952950986984185	0.0181483853933346	3.59103266495312e-05	3.59103260450003e-05	0.0012345478100921	3.59103260281959e-05	0.010401181298138	0.0066425685584349
3.5114382087639e-05	3.51143821071779e-05	0.00956866675158443	3.51143821055151e-05	0.0246525842952323	0.034078792803408	3.51143821056638e-05	0.00457137683485913	0.862531941806418	3.51143821056637e-05	3.51143821056644e-05	0.0303205045903738	3.51143821056634e-05	0.000398512382827999	3.51143821056626e-05	0.00351568397192325	0.014720139574757	0.000638232108369797	3.51143821067766e-05	3.51143821056637e-05	3.51143821052556e-05	0.0145773268747486	3.99798023511139e-05
3.47346593119021e-05	3.47346593426636e-05	0.0189798239688915	0.0289833426386203	3.47346593075366e-05	3.47346593075368e-05	0.0248718275614399	0.0327602195419973	0.783523939433554	0.00818580045882562	3.4734659307532e-05	0.027560212212899	0.0268525849237297	0.0161654031433727	0.00198933805644967	0.000796607078330175	0.00644182598526055	3.4734659306188e-05	3.47346593158058e-05	3.47346593075363e-05	0.0225417284035078	3.47346593075366e-05	3.47346593074031e-05
0.00642010827927138	3.47666072180478e-05	0.0151295096357791	0.0146418409953145	0.00999298653002332	3.47666072496211e-05	0.00508089112165679	3.4766607249621e-05	0.836225871249921	3.47666072496215e-05	3.47666072496225e-05	0.0521137834912956	0.0346505072109795	3.47666072496224e-05	3.47666072496201e-05	0.00340784683919809	0.00491133635919344	3.47666072488522e-05	3.47666072424529e-05	3.47666072496208e-05	0.000420839844367346	0.0120182359306032	0.00463857643994006
3.45339762980772e-05	3.45339763025743e-05	3.45339763009753e-05	0.0132111626488278	0.0129844634343529	0.0147102381461218	3.45339763009753e-05	0.00205341903423525	0.817433122638572	0.00631620918230524	3.45339763009757e-05	0.046440158808742	0.0262096022851843	0.00115351540012144	3.4533976300973e-05	3.45339763009761e-05	0.00900583279183981	3.45339762959363e-05	0.00122338134084156	0.00452045853910117	3.45339763012007e-05	0.0291438645397115	0.0152837654233404
2.4807930305908e-05	2.48079303072972e-05	2.48079303055991e-05	0.0149091851653366	0.0035494193822984	0.001095425497822	2.56217391444921e-05	0.00273930653636611	0.851645652597455	2.48079303055987e-05	2.48079303056082e-05	0.0318626855961301	0.0295489414187181	2.4807930315171e-05	0.00226107976264205	2.4807930305597e-05	0.0113334671341727	2.48079301048133e-05	2.48079303070595e-05	0.0144391714927959	2.48079303056002e-05	0.0234295229497123	0.012912441424538
3.65698154648322e-05	0.00098829247937086	0.00553793852682151	0.0323162519365757	3.6569815439079e-05	3.65698154394425e-05	3.65698154390786e-05	3.65698154361888e-05	0.822321263467855	4.33689334235472e-05	3.65698154390771e-05	0.0755210663939573	0.0246918992645572	3.65698154388566e-05	0.000350699259395689	0.00560861053115677	0.00911212743189299	3.65698156659781e-05	3.6569815433801e-05	0.00277891377171195	0.00474529089252838	0.015618578956126	3.65698154303947e-05
4.92767582020885e-05	4.92767582088341e-05	0.011299923374081	4.92767582010181e-05	0.0357891747418985	0.00209412323331096	0.0013478853742846	0.000671214736655275	0.843409771786351	4.92767581991346e-05	4.92767581991374e-05	0.0563357724388039	0.0196174146705711	4.92767582014896e-05	4.9276758199133e-05	4.92767581991341e-05	0.00011957735530655	4.92767595848055e-05	4.92767582036522e-05	4.92767581991352e-05	0.00342824046576327	0.0155539107241626	0.00979094675721397
0.00371508123093743	0.0146702886307518	3.52046688923268e-05	0.0266714456048994	3.52046688921807e-05	3.52046688923234e-05	3.52046688923266e-05	0.00190256521950587	0.822596614671651	3.52046688923268e-05	0.00685425318172095	0.0636746706552455	0.0298273774734044	3.52046688945358e-05	0.0065435057931626	3.52046688923268e-05	0.00337899055698957	3.52046689006235e-05	3.52046688949402e-05	0.00539534600665137	3.52046688931736e-05	0.0143826096172494	3.52046688940803e-05
3.55172479947672e-05	0.00642954710979253	3.5517247989886e-05	0.00473312529255626	0.0178241986890585	0.00673800773589365	3.55172479894741e-05	3.55172479899068e-05	0.852244697443839	3.55172479898862e-05	0.00322984044588117	0.0449020806421218	0.0473325591884214	3.55172479902066e-05	3.55172479898869e-05	0.00645819847889974	0.00201335773304995	3.5517248350305e-05	3.55172479863544e-05	3.55172479898853e-05	3.5517247990594e-05	0.00766481604029426	3.88814719405954e-05
2.53721936873423e-05	2.5372193667844e-05	2.53721936873405e-05	0.0151704161049777	2.53721936872507e-05	0.00908485052260333	0.0120315098780013	0.00297932222652316	0.859637895829171	3.11464446237738e-05	2.53721936873423e-05	0.0586610076842746	0.036916029104372	2.53721936893867e-05	2.53721936873421e-05	2.53721936873393e-05	2.53721936873377e-05	2.53721940603034e-05	2.53721936873406e-05	2.53721936873406e-05	0.00240817715749205	0.00274980652967014	2.53721936873404e-05
0.00413481523894515	3.54217342604273e-05	0.00502550334355259	0.0204539152250513	0.0196493244843828	0.0409371487060259	4.40085602147286e-05	3.54217342592519e-05	0.826941257287138	0.00534210904974959	3.54217342592516e-05	0.0352008808698166	0.0230592132499057	3.54217342592509e-05	3.54217342592512e-05	0.00136290871747396	0.00409164872546239	3.54217342567229e-05	3.5421734263499e-05	0.00347546859464538	3.54217342592512e-05	0.00631118675920706	0.00368723731435223
3.45366599333823e-05	3.45366599097726e-05	0.00111244266901256	0.0143683019417244	0.0109263392066503	0.0206993721118616	0.00664047841858742	0.00277018288815405	0.813924833564365	3.75362391183596e-05	3.45366599334205e-05	0.0566568062355203	0.0141799856037504	3.45366599315098e-05	3.45366599333823e-05	0.00218213199654214	0.00989596318759813	0.0183510417042481	3.45366599381201e-05	0.00466155225506798	3.45366599336879e-05	0.0219010943760544	0.00145018098223172
3.47695342567067e-05	0.00331287327111927	0.000771698072944256	0.016422495581584	3.47695342545579e-05	0.0191972404425122	3.47695342545545e-05	3.47695342491833e-05	0.856268985412155	3.47695342545546e-05	3.47695342545543e-05	0.0682199424748159	0.0148715529447183	0.000945669321161056	0.00494603284018886	0.00578760022922671	3.47695342559942e-05	3.47695342476989e-05	3.47695342612827e-05	4.27899714833166e-05	3.47695342548755e-05	0.00883065456129045	3.47695342562899e-05
0.00357055315149599	0.0059489878967279	0.00344996752717498	0.0288721901265553	3.57112124896861e-05	0.0106304166424939	3.57112124873917e-05	3.57112124873916e-05	0.818293573395092	3.57112124873916e-05	3.57112124873905e-05	0.0514351381601524	0.053705007607297	3.57112122904404e-05	0.00412309622511712	3.57112124873897e-05	0.00647570853773287	3.5711210604953e-05	3.57112124878456e-05	0.000852572101828428	3.57112124873917e-05	0.0122499652930475	3.57112124873913e-05
2.47772214886142e-05	0.00654011719686164	2.47772214886136e-05	2.47772214888878e-05	0.0194624902738026	2.47772214886154e-05	0.00145023392260194	2.47772214886146e-05	0.86585940956499	2.47772214886146e-05	2.47772214897519e-05	0.0642057723534794	0.0250513310929721	2.47772214886139e-05	2.47772214886142e-05	0.00478362552170551	2.47772214886155e-05	0.00085704865955112	2.47772214886104e-05	2.47772214886145e-05	0.0025198006188466	0.00894806691583562	2.47772214885734e-05
3.47948469483609e-05	0.0105371504216847	0.00217707841751459	0.0260434425209808	0.00129788214296276	0.0141076943217557	3.47948469326018e-05	3.47948469326025e-05	0.870581225449827	0.00350654960009432	3.47948469326061e-05	0.0219736081354376	0.0249689015491197	3.47948469317917e-05	0.000430302791322601	0.000288561635720672	0.00763079201807626	3.47948471378853e-05	0.00144595349786436	3.47948469326016e-05	3.47948469326008e-05	0.0121646868824677	0.00256781183949019
0.00155587513775722	0.00216985864012121	0.00723447539084243	0.0208898299695798	3.50026857888939e-05	3.50026857888919e-05	3.50026857888907e-05	0.00208814591346164	0.82722070798011	0.00120226703980382	3.50026857888856e-05	0.059652507719235	0.0313342320377877	3.50026857888918e-05	3.50026857888907e-05	0.00980073384129084	0.00174255397587762	3.50026879630393e-05	3.50026857909885e-05	3.5002685788891e-05	0.0113926064231935	0.0233661790708721	3.50026857906386e-05
3.52765506492194e-05	3.52765506236649e-05	3.52765506288915e-05	0.0298950814208156	3.52765506286858e-05	0.0386555460305265	3.52765506284426e-05	0.00458687601516079	0.825592232316855	3.52765506288921e-05	3.52765506288927e-05	0.0553279780727522	0.0152864367906098	3.52765506288865e-05	3.52765506288909e-05	0.00304667005719567	0.00750071175857451	3.52765508632531e-05	0.00399889105822089	3.52765506288909e-05	0.00513106402555207	0.0105551938459469	3.52765506235582e-05
3.58943605038206e-05	3.58943604917686e-05	3.58943604839059e-05	0.0328775778488581	0.00246719109629967	3.58943604839072e-05	0.00563325230498151	3.58943604839048e-05	0.821051815867505	3.58943604839049e-05	0.00362443086680562	0.0643724224204743	0.0391874334679812	3.58943604989183e-05	8.61468264677531e-05	0.00345810399349363	0.00111105955619286	0.000818159171084657	3.58943604881095e-05	3.58943604839056e-05	0.0115725193268827	0.0133809436480881	3.58943604827556e-05
3.52528965636917e-05	0.000987667194617614	3.52528965636927e-05	3.52528965675094e-05	0.0109484558550108	3.52528965636923e-05	0.00575363008114452	3.52528965636896e-05	0.8031952012638	0.0179688489778818	3.52528965636938e-05	0.0728220876225523	0.0537066291764993	0.00176584710056191	0.000174356262189458	3.52528965636901e-05	0.00698477226685632	3.52528971473004e-05	3.52528965654417e-05	3.52528965636933e-05	0.00533228382264792	0.0181545106622659	0.00185318074774565
3.57834466403681e-05	3.57834466446492e-05	0.00455777278893574	0.0141649471265896	3.57834466262031e-05	0.0119122075066493	0.00933552840951606	3.57834466302929e-05	0.833200360115223	0.00786187128098776	3.57834466302902e-05	0.0615612934008576	0.025229229302514	3.57834466278674e-05	3.57834466302907e-05	0.00583483042762913	0.0106523877623451	3.57834466300518e-05	3.57834466119482e-05	6.3180783557318e-05	3.57834466293696e-05	0.00409199498095194	0.011176561647942
0.00117102984987577	0.0120346406256349	3.54128258837692e-05	0.0233232368163333	3.54128258760701e-05	3.54128258837687e-05	0.0028724693901038	3.54128258837694e-05	0.839663050485343	0.00194805449228895	3.54128258837725e-05	0.0341576895553351	0.0544738034497722	3.54128258858764e-05	0.00315097727053078	0.00320188487231263	0.00752482446362153	3.54128261219891e-05	3.54128258868601e-05	3.54128258837709e-05	3.54128258827452e-05	0.0160887976438924	3.54128258837711e-05
2.45222504972762e-05	2.45222505033562e-05	0.00291032919473984	0.0208445267599393	2.45222504996743e-05	2.45222504996716e-05	2.45222504996736e-05	2.4522250499673e-05	0.882349944923349	8.12451948984217e-05	2.4522250499672e-05	0.0331595503804654	0.0378945314499152	2.45222505000094e-05	2.45222504996731e-05	0.00575739813141408	2.45222505005857e-05	2.4522250491556e-05	0.00491855634780856	2.45222504996748e-05	2.45222505000562e-05	0.00533456191926626	0.00643056644171341
0.00277598281269999	3.60745835793102e-05	3.60745835846082e-05	3.60745835899644e-05	0.0263096586368767	3.60745835846081e-05	0.0064093426934938	3.60745835846036e-05	0.842413255102242	3.60745835846076e-05	3.60745835846097e-05	0.0685971420885191	0.0246163606284524	0.00250486132199485	3.60745835846084e-05	3.60745835846081e-05	0.00531163500088325	3.60745836002317e-05	0.00260243953977826	3.60745835846082e-05	0.0107347376061475	0.00515895050417313	0.00216881364529229
0.00144084810939698	3.51909665273656e-05	0.00558889986736967	0.0112034228727567	3.51909665783223e-05	0.0234009755465273	0.00411151702451269	0.00255392356069183	0.829593933455649	3.51909665733989e-05	3.51909665733978e-05	0.0536032747379821	0.0172395715113734	3.51909665726851e-05	3.51909665733985e-05	3.5190966573399e-05	0.00813706331782066	3.51909665817058e-05	3.51909665673024e-05	3.51909665733987e-05	3.51909665738371e-05	0.0180096275931387	0.024729841770513
3.57244107614359e-05	0.00268762136917096	3.57244107654163e-05	0.0109016572933305	3.57244107654197e-05	0.0127952176923015	3.57244107654168e-05	0.00112787078352836	0.838715648263822	3.82140473586514e-05	0.00957283408790002	0.0709153831159564	0.0198537106322694	3.57244107807373e-05	0.00520618322836784	3.57244107654168e-05	0.00354191910180907	3.57244107552739e-05	3.57244107678671e-05	3.57244107654173e-05	0.0150849969309983	0.00920149934552757	3.57244107671896e-05
0.00709510566435318	3.67580750314364e-05	0.00188695387224969	3.69538934497972e-05	0.0110716589635772	3.67580750247109e-05	0.00505958078198324	0.000627829149695719	0.830498090856947	3.67580750247155e-05	3.6758075024716e-05	0.0758496747943201	0.0142359916438706	3.67580750238736e-05	3.6758075024717e-05	0.00392813707354976	0.00261487650404517	3.675807498159e-05	3.67580750276881e-05	0.00347248618558074	0.020848334316701	0.0224435036244677	3.67580750454831e-05
0.000987172171399926	3.51130943053641e-05	0.00917614926820929	0.0120479526744128	0.00200824969700708	3.51130943097713e-05	3.51130943097711e-05	3.51130943097707e-05	0.860165329302436	3.51130943097713e-05	3.51130943097697e-05	0.0333446267938953	0.0395087178254414	3.51130943097733e-05	3.5113094309772e-05	3.51130943097708e-05	0.0135305774532431	0.00607051302191172	0.00244640236279295	0.00344293615131074	3.51130943097716e-05	0.012226381519414	0.00469386081543228
0.00211095620140113	2.51522565426056e-05	2.51690690652923e-05	0.009737289785692	0.0103340731815388	2.51522565425846e-05	0.000122775195341277	2.51522565738937e-05	0.863370233712777	2.84149133826499e-05	2.51522565426038e-05	0.0650405116398256	0.0289844526828385	2.51522565426012e-05	2.51522565425973e-05	2.51522565426008e-05	0.0064237056432493	2.51522570365845e-05	2.51522565426032e-05	0.00903795051898552	2.51522565426014e-05	0.00450779263340917	2.51522565426012e-05
3.53359589949939e-05	3.53359589873804e-05	0.00625306940787548	0.00414052515860769	3.5335958983957e-05	0.0165474363104081	3.53359589882616e-05	0.000576498076014613	0.854895901984447	3.53359589882617e-05	3.53359589882604e-05	0.0525331264147638	0.0320402116217533	3.53359590031619e-05	3.53359589882606e-05	0.00725155843087797	0.00699624573093667	3.53359589974664e-05	0.0020192967309832	0.00115674790572781	3.53359589882639e-05	0.0117246731316237	0.00351134950607211
0.00141884184087597	2.43543212573314e-05	2.43543212573738e-05	0.0429117000127645	2.43543212573738e-05	0.0100629076964209	4.7400729939041e-05	0.0016359931559417	0.844888747754746	2.43543212572669e-05	2.43543212573796e-05	0.0334340856675981	0.0445674300309903	2.43543212573738e-05	0.00190266231523281	2.43543212573737e-05	2.43543212573739e-05	2.43543210459831e-05	2.43543212608534e-05	2.43543212573741e-05	2.43543212573732e-05	0.0116074000396699	0.00723057890094055
3.59357192247779e-05	0.00803549497104263	3.59357192276534e-05	0.0118667461648353	0.00127433474305745	0.000449730012437404	0.010239522643702	0.00397625575012338	0.84936355658155	0.00940324565387028	3.59357192247804e-05	0.0436356946389638	0.02023330939859	3.5935719224736e-05	0.00262776920915123	3.59357192247778e-05	0.017737639827381	0.00126052610879089	3.59357192262118e-05	3.59357192247781e-05	0.0164454003394922	0.00316328820320846	3.59357192265718e-05
0.000866737420783331	0.00146667741496556	0.00277107999206496	0.0180305577383864	0.0126750663584548	0.0188265194767915	3.48571154213314e-05	3.48571154213311e-05	0.859923295548309	3.48571154213318e-05	3.48571154229266e-05	0.0313527135406914	0.0226192090023802	3.4857115421904e-05	0.00880865957097853	3.48571154213315e-05	0.000968043199583974	3.48571156166156e-05	3.48571154382398e-05	0.00843012412804128	3.48571154206407e-05	0.00598934545428141	0.00695825711528167
0.00328928259303694	0.00209954304084865	3.70770721125662e-05	0.0156783280078166	3.70770721125624e-05	3.7077072112559e-05	0.00238057773810857	3.70770721125274e-05	0.861158595624727	4.48607963548385e-05	3.70770721125789e-05	0.0369960239285562	0.0282399102346028	0.00373206871835884	3.70770721125624e-05	3.70770721125626e-05	0.00723784731138855	3.70770721185817e-05	3.70770721100637e-05	0.00405217179204788	3.70770721125621e-05	0.0107803509093798	0.0239396685836439
0.00655727587222332	2.55819007874128e-05	2.55819007862561e-05	0.00298188714525641	2.55819007862558e-05	0.0305522295098433	0.0146850114891739	2.55819007862522e-05	0.858993140322686	0.00495435010634531	2.55819007862575e-05	0.0501378426588674	0.0183607431372031	2.55819008093114e-05	0.00199093455873075	2.55819007862578e-05	2.55819007862576e-05	2.55819007806935e-05	2.55819007860174e-05	2.73311544716726e-05	2.55819007862542e-05	0.0104398474873135	3.80056492183258e-05
2.42986062030157e-05	0.00556756688922103	0.014549607509072	0.0012388440788926	0.0113873531510383	0.00921304485369575	2.42986062030156e-05	0.00554654479214925	0.817938565826565	2.42986062030155e-05	2.42986062030218e-05	0.0478405956563002	0.0339975214695866	2.42986062634958e-05	2.71746538851318e-05	0.00165630218921767	0.0119291010057882	2.42986090533223e-05	0.000624231934852853	2.42986062030154e-05	2.42986062030155e-05	0.0128117490462414	0.0254774080909593
0.00065514039869894	3.59864986642297e-05	0.00944344235980182	0.0160722042447196	3.5986498668684e-05	3.59864986686879e-05	0.00181450694570686	0.00103265371089575	0.86189446461254	3.59864986686861e-05	3.5986498668687e-05	0.0549660432511665	0.031373400412227	3.59864986681911e-05	3.59864986686864e-05	3.59864986686864e-05	0.00563119722425506	3.59864989597959e-05	3.59864986582073e-05	0.00901889694162944	3.59864986686867e-05	0.0061307051948244	0.00157149321790368
3.62786599488266e-05	3.62786599534926e-05	3.6278659948681e-05	0.00495132047561761	0.0185359893220503	3.62786599488276e-05	0.00417941378204034	0.000965487117929183	0.83773398465386	4.28937589839939e-05	3.62786599488163e-05	0.0662733308552318	0.0330226984715645	0.0042985787549987	3.62786599488266e-05	0.00101058688533081	0.0179725806533029	0.00129931765048994	3.62786599340292e-05	3.62786599488267e-05	0.00380695206349539	0.00558035761557382	3.6278659950635e-05
2.41485605525186e-05	0.000943571049879322	0.000469383657328714	0.0146036717512021	2.41485605522226e-05	2.41485605522229e-05	0.0008683583530702	0.00496446022690306	0.82792609883997	3.39314695106075e-05	0.0225110121169449	0.046653126517139	0.0176744856493178	0.00111849067124953	0.0208389923058528	0.000989056595598169	0.0143143612810447	0.000353253730857877	2.41485605522277e-05	0.015198256772342	2.41485605522233e-05	0.010394597648475	2.41485605526692e-05
2.49851830973404e-05	2.49851830973507e-05	2.49851830973405e-05	0.0108128596107739	2.49851830973405e-05	2.49851830973418e-05	0.0094296998566492	2.49851830973364e-05	0.846981062638192	3.28371962567619e-05	2.49851830973428e-05	0.0450888176881054	0.0543662091913598	2.49851830311761e-05	0.0142453003162139	2.49851830973425e-05	2.49851830973407e-05	2.49851829325416e-05	2.49851830972169e-05	0.014340755611772	2.49851830973404e-05	0.00435266532754412	2.49851830984713e-05
0.00108462693534981	3.61697710699058e-05	3.61697710600198e-05	0.0229433280604923	0.00712321777419835	0.00067313826759664	3.61697710600199e-05	3.61697710600203e-05	0.872698905335296	3.61697710600198e-05	3.61697710600133e-05	0.0278730977390773	0.0374541741951959	3.61697710607714e-05	0.00441623078283197	3.61697710600258e-05	0.0106704747898822	3.6169771313806e-05	3.61697710548922e-05	3.61697710600165e-05	3.61697710607351e-05	0.0145925990960621	3.61697710369171e-05
0.00617808840260912	2.48331195010044e-05	2.48331195010116e-05	2.48331195010105e-05	0.0313274808203175	2.48331195010098e-05	2.483311950101e-05	2.4833119501011e-05	0.800233842022364	2.483311950101e-05	2.48331195010117e-05	0.0827689632962135	0.0378860585770059	2.48331195010104e-05	0.00619448309241819	0.0119155819077262	0.00972123649441785	2.48331194705597e-05	2.48331195025165e-05	2.4833119501008e-05	2.48331195010099e-05	0.0134266017139424	2.48331195010097e-05
0.00116963617581079	0.00759774869546916	3.55745012656718e-05	0.0351891791583205	3.55745012656731e-05	3.55745012656746e-05	0.00479923312560595	3.55745012642088e-05	0.810470343244528	3.55745012656718e-05	0.0103168151921451	0.0570464584723408	0.025231509699314	3.5574501351758e-05	3.5574501265672e-05	3.55745012656718e-05	0.00313032409425179	3.55745022431481e-05	3.5574501270169e-05	0.0126171195669464	0.016378834270386	0.0155893972613998	0.000107656029758017
0.00410559322906418	0.00190386003523935	0.00396948352486892	0.011438982481891	0.00534573332793692	0.0106345275374469	0.00603704511507326	0.00222170002707152	0.834941867939183	0.00400733778866188	3.52258132791144e-05	0.0759388027054884	0.0231508586002967	0.000298152735017311	0.00295649379825412	3.52258132791162e-05	0.00075408896677264	3.52258132834146e-05	3.52258132696057e-05	0.00243423797254748	3.52258132791132e-05	0.00586686634443948	0.0038182388043567
3.57089467022819e-05	0.0018005016856555	0.00217221643639026	0.0274119914443435	3.5708946702282e-05	3.57089467022819e-05	0.00294336606600709	0.00271336594935264	0.831241797160831	0.00700239371443638	3.57089467022813e-05	0.0590276437172535	0.0265572924012834	3.57089467027906e-05	3.5708946702281e-05	3.57089467022819e-05	0.0128533336869124	3.57089469424446e-05	3.57089467036066e-05	3.57089467022813e-05	3.57089467022822e-05	0.0258475903768632	3.57089467040636e-05
3.48145791917612e-05	0.00783835310108939	0.0157304198103943	0.0151946892866369	0.00885541068327668	0.0240314090903253	7.42121826509611e-05	3.48145791921937e-05	0.809634850120776	3.48145791921538e-05	3.48145791921543e-05	0.0506890812636532	0.0271841083169338	3.48145791937261e-05	3.4814579192156e-05	3.48145791921549e-05	0.00396036623633748	3.48145791152494e-05	3.48145792014089e-05	0.00467150791230871	3.48145791926481e-05	0.0233082890587509	0.00847915714501053
0.00419308954848462	3.55906166245681e-05	3.55906166215148e-05	0.0193459547111841	0.0122166189818585	0.00572612376388307	0.00398411402539092	3.55906166215146e-05	0.81916888640374	3.55906166215127e-05	3.55906166215154e-05	0.0368135144926359	0.0645628861366101	3.55906166215037e-05	3.55906166215153e-05	0.00265405563838266	0.0105909846818002	3.55906167206882e-05	3.55906166210805e-05	3.55906166215143e-05	3.55906166215144e-05	0.014315695604707	0.00603657922838455
2.46196330180625e-05	2.46196330814179e-05	0.0043010917702727	0.0201961377619878	0.0047180335247198	0.0202487440527842	0.00309023497040727	2.46196330140955e-05	0.85596055731396	2.46196330139547e-05	2.46196330139526e-05	0.0305625260414545	0.0387072770818961	2.4619632989252e-05	2.46196330139546e-05	0.00524403426947616	0.000733941023916694	2.46196333197036e-05	2.46196330056554e-05	0.00529501606115365	2.46196330139611e-05	0.0106715901644732	2.46196330139485e-05
3.50595705036613e-05	3.50595705065026e-05	0.00270543623687307	0.0407720894511711	3.50595705050133e-05	0.0447578570724242	3.50595705050143e-05	3.50595705050146e-05	0.820547089466242	3.50595705050146e-05	3.50595705050136e-05	0.0358823594053102	0.0368516946182919	3.50595704592275e-05	3.50595705050141e-05	3.50595705050114e-05	3.50595705043087e-05	3.50595699524442e-05	3.50595705056006e-05	3.50595705050151e-05	3.50595705050131e-05	0.017922520622205	3.5059570505015e-05
0.00115089841959131	3.64134517555562e-05	0.00824870031922848	0.0120059649318648	0.007976426535828	0.0043015959734629	0.00335147070518805	3.64134517555557e-05	0.841808443232337	0.0055724055610746	0.00209214063834417	0.0538975382101616	0.0272281010688919	3.64134517555566e-05	3.64134517555565e-05	3.64134517555563e-05	0.00459230331433196	3.6413451998779e-05	3.64134517609219e-05	0.0040107973998228	0.01381619349521	0.00964981144105442	4.23145910697016e-05
3.54902089250083e-05	3.54902089285122e-05	3.54902089196301e-05	0.0413660489577448	3.54902089196313e-05	0.0288530380028569	4.1614768447109e-05	3.5490208919628e-05	0.836472322966743	4.02199865738215e-05	3.54902089196309e-05	0.030954980457193	0.0273735593657515	3.54902089373212e-05	0.0061960346211754	0.00274940389304742	3.54902089234684e-05	3.54902091802039e-05	3.5490208928542e-05	3.549020891963e-05	3.54902089192664e-05	0.0254914042642055	3.54902089213225e-05
2.42744817989638e-05	2.42744818097904e-05	2.42744818156833e-05	0.0285941056762136	2.42744818156836e-05	0.0188554011309609	0.000100728553427136	0.00938856490151837	0.843911901194011	0.00632827234694696	0.000395400997019658	0.0302311213079846	0.0386480957910972	2.42744818160316e-05	0.000284228269953554	0.00245978102516575	0.000876273272164458	0.000568193152378001	0.00391263335762274	2.42744818156838e-05	2.42744818156829e-05	0.0152511031690223	2.42744818261262e-05
0.00336540981401343	0.018112564016797	0.00786782113280924	0.00990163708000419	0.00745889793615444	3.49298045425254e-05	0.00298645667710653	3.4929804542526e-05	0.81417725914037	0.00784106580177213	3.49298045425271e-05	0.0498236443512127	0.0416810149658602	3.49298045426111e-05	0.00740941700739517	0.00523609205818684	0.0123111399437756	3.49298045689336e-05	3.49298045377486e-05	3.49298045425255e-05	3.49298045429485e-05	0.0115132118336376	3.49298045425267e-05
3.54295523107465e-05	3.54295522946836e-05	0.00640791298129828	0.0200013205682721	0.00400540104813956	0.0172164087395722	3.54295523107466e-05	0.0033457750651147	0.827553078134012	0.00579059456392341	3.54295523107506e-05	0.0585256272520837	0.0224791598692234	3.54295523107474e-05	0.00308011923251212	0.00209034269813679	0.0100134462698359	3.54295525514794e-05	3.54295523071777e-05	0.00412685058978671	3.54295523107465e-05	0.0150450970170695	3.54295523123958e-05
0.002724003520757	3.59641124207288e-05	0.00152050262565142	0.0323741619136648	0.00123359062250817	3.59641124247861e-05	0.00187738702673023	0.00297892915073804	0.830182927487623	0.00352424818878387	3.59641124247842e-05	0.0609288518282939	0.0539560415830281	3.59641123707509e-05	3.59641124247844e-05	0.00135397097206354	3.59641124310892e-05	3.59641125022645e-05	3.59641124212374e-05	3.59641124247859e-05	3.59641124247564e-05	0.00694977984345091	3.59641124372996e-05
2.40376470468049e-05	0.00386237006296779	0.013278980376701	0.0250923531595575	0.0102219154782948	0.0394037965549331	0.00137992482953559	0.00455137578885934	0.797562777251577	0.000567265450500543	2.40376470359305e-05	0.0835223467887854	0.00152831598092628	2.40376470960174e-05	2.40376470359323e-05	2.40376470359323e-05	8.92509460049096e-05	2.40376471759163e-05	2.40376470386326e-05	0.00406080803899948	0.00140223274123004	0.013283985374626	2.40376470359324e-05
2.38782534150825e-05	2.38782534150824e-05	3.45089197946887e-05	0.0216658303700888	2.38782534150843e-05	0.0802163455919236	0.00119432711492083	0.0110880694978204	0.745608178491452	2.3878253415085e-05	2.38782534150799e-05	0.0487964529171748	0.0139434285880554	2.38782534725555e-05	2.52936874953865e-05	0.00178485432415093	0.0178521158834825	2.3878254682733e-05	2.38782534150774e-05	2.3878253415086e-05	0.0198486002772093	0.0327143948136935	0.00501269524067682
0.00373072193720395	3.46909940012181e-05	0.00604020930147665	0.0326198059671329	3.46909940031383e-05	0.0157010697931935	0.00812777147929034	3.46909940031369e-05	0.841894902488727	3.46909940031371e-05	3.46909940031382e-05	0.0341470835235671	0.0237862535485246	3.46909940031514e-05	3.46909940031369e-05	0.00396513866741338	0.00105477927322974	3.4690994229669e-05	3.46909940146764e-05	3.46909940031368e-05	3.46909940031367e-05	0.0285159720919645	3.46909940051229e-05
0.00385961981240531	0.00397195069153618	0.00866904914676989	0.0166865699900336	3.48811450344547e-05	0.0103618336715413	3.48811450348706e-05	3.48811450349831e-05	0.851856168106755	0.00617976756353189	3.48811450348777e-05	0.0382784002641306	0.0405535335372517	3.48811450358566e-05	3.48811450348716e-05	0.00638115752331609	0.0069994658575875	3.48811452116437e-05	3.48811450366219e-05	3.48811450348713e-05	3.48811450338009e-05	0.00581879123956722	3.48811450466179e-05
0.00176859514135102	0.00934677373241785	0.00557742927907185	0.0209010934094744	3.47733302790279e-05	0.0235117658505311	3.47733302763012e-05	0.00444031806101774	0.837341235717612	0.00152923714474847	3.47733302762985e-05	0.042488957148588	0.0330053076542902	3.4773330276301e-05	0.000413730127118726	3.4773330276301e-05	3.47733302778017e-05	3.47733303734053e-05	3.47733302723787e-05	3.47733302763012e-05	0.00222910392748003	0.0170987195034366	3.47733302780361e-05
2.48526911097816e-05	2.48526911097678e-05	0.00843421439093094	0.0127952881645296	0.0202054305394439	2.48526911097863e-05	0.00656564638440243	2.48526911097802e-05	0.856135402668869	0.00135506666228715	2.48526911097607e-05	0.0272446088428541	0.0426423922603389	2.48526909942099e-05	3.92855821621261e-05	2.48526911097824e-05	2.48526911097823e-05	2.48526917848674e-05	2.48526911097907e-05	2.48526911097826e-05	2.48526911097858e-05	0.00370754689477101	0.0205768853155335
0.000413364481957047	3.48679366243419e-05	0.000932242781313527	0.0280992374449559	3.48679366260741e-05	0.00156313845579522	0.00217656564773395	3.48679366260756e-05	0.829014368111923	3.48679366260762e-05	3.48679366260759e-05	0.0668913029483791	0.0331305687017642	3.48679366260813e-05	3.48679366260758e-05	3.48679366260746e-05	0.0117424265788014	3.48679366104948e-05	0.00075075764385096	3.48679366260744e-05	3.4867936625789e-05	0.0195707101215184	0.00533176977913839
0.00166379337328228	3.50256879043324e-05	3.50256878976067e-05	0.0288439729833279	3.50256878976181e-05	3.50256878976067e-05	0.00255297341787507	3.50256879003483e-05	0.814761672862284	3.50256878976076e-05	3.50256878976114e-05	0.0483636198896727	0.0701039466534058	3.50256878970073e-05	0.00652123007579824	0.00136841567103944	0.00139407040823898	3.50256881207324e-05	3.50256878962238e-05	3.50256878976068e-05	3.50256878974812e-05	0.0167428742102012	0.00726312219987229
0.00245197835370993	0.00698988860800506	0.00623174996568791	0.00188663906159109	0.0126845603302824	0.0400274480329881	3.55690171039835e-05	0.00338226412721494	0.848517725960392	2.43983069850217e-05	2.43983069850217e-05	0.0372624302658458	0.0129556666525328	2.43983069850205e-05	2.43983069850205e-05	0.000870736084037888	0.0075110949698554	2.43983069386277e-05	2.43983069845479e-05	2.43983069850227e-05	2.43983069850209e-05	0.018967197436417	2.98646785024845e-05
2.51290447224453e-05	2.51290447224456e-05	2.51290447224455e-05	0.0130987674902761	2.51290447224455e-05	0.0206488677076699	7.28906878922774e-05	0.00397729392381028	0.855685624272881	2.51290447224444e-05	2.51290447224375e-05	0.0530625844794818	0.00815578981263111	2.51290446387027e-05	2.51290447224452e-05	0.00367913284994924	0.00944830390571447	2.51290446395088e-05	2.51290447223856e-05	0.00879734497017096	0.0226835118917917	0.000413468515949046	2.51290447241319e-05
0.00110698062124659	2.39505253715527e-05	0.0149020118480652	0.0188533219036133	2.39505253735428e-05	0.0463496699400742	2.39505253735408e-05	2.39505253735404e-05	0.797324453435131	0.002851821594679	2.39505253735411e-05	0.0496844477394387	0.034136679192329	2.39505254313635e-05	0.00687674538060535	8.84668885466805e-05	2.39505253739304e-05	2.39505256607199e-05	2.39505253746728e-05	0.0118603823446681	2.39505253735412e-05	0.0157015633321439	2.39505253788035e-05
0.00183037174386487	3.47518936454118e-05	3.47518936143002e-05	0.0240911493007726	3.47518936142968e-05	0.0361404762449991	3.47518936143008e-05	3.47518936143001e-05	0.839058804406709	0.0118783129327727	3.47518936142998e-05	0.0611612166623442	0.00448149783704111	0.000684202492814454	3.47518936143004e-05	3.47518936143009e-05	3.47518936143138e-05	3.47518935786284e-05	3.47518936430659e-05	3.47518936143005e-05	0.0112472506651169	0.00897494309654562	3.4751893623788e-05
0.0054032943082467	2.44648912565185e-05	2.66384166192604e-05	0.0286593862521033	2.44648912565097e-05	2.44648912565131e-05	2.97488275497274e-05	0.00785879721095647	0.831571640837852	2.44648912565111e-05	0.00179576135664095	0.0367046960678622	0.0386842223183961	2.44648911745719e-05	3.09627981532791e-05	2.44648912565127e-05	2.44648912565104e-05	2.44648918435022e-05	2.44648912565096e-05	0.0168243506638962	2.44648912565098e-05	0.0144940228815569	0.0176718291470967
7.69442034553443e-05	3.45855470827061e-05	3.45855471202206e-05	0.0213547116912885	3.4585547123422e-05	0.0273447863818787	3.45855471198444e-05	3.45855471202245e-05	0.851213397782084	3.45855471202203e-05	3.45855471202267e-05	0.031467745922601	0.0450153123447325	3.45855471202107e-05	3.45855471202175e-05	3.45855471202208e-05	3.45855471196587e-05	0.0037206276613527	0.00668678756483098	3.45855471202205e-05	3.45855471202206e-05	0.0113387482710661	0.00133132606418253
3.63441812345138e-05	0.00446681460693578	0.00763714059820691	0.0174292700809311	0.0159111541308449	3.63441812220145e-05	3.63441812220148e-05	3.634418122235e-05	0.830356711123616	0.00274505983331617	3.63441812220143e-05	0.0497401231524293	0.0575770018893064	3.63441812220139e-05	3.63441812220145e-05	3.63441812220145e-05	3.63441812221144e-05	3.63441810641407e-05	3.63441812304582e-05	0.00541175705582313	3.63441812220533e-05	0.00825249317283859	3.63441812238272e-05
3.56204651565017e-05	3.5620465163745e-05	3.56204651622669e-05	0.013670339793318	0.0043700725955652	3.56204651622674e-05	0.00446230655984794	3.56204651622661e-05	0.857479402672784	3.56204651622655e-05	3.56204651622679e-05	0.0238369758283045	0.0436133368780052	3.56204651622668e-05	0.00166970081419686	0.00687108464042895	0.00223395583911238	3.56204651612359e-05	3.5620465165235e-05	5.72917133661232e-05	3.56204651622657e-05	0.0133697970090299	0.0279739105392581
0.00676121493323854	0.00510971568974626	0.00128793063821786	0.0316022835586542	3.4802447180966e-05	0.0241718034987927	3.48024471761868e-05	3.48024471796609e-05	0.845510521725868	3.48024471809609e-05	3.48024471809614e-05	0.0285932531550866	0.029823356784406	3.4802447180792e-05	0.00472973643393828	3.48024471809608e-05	3.48024471813383e-05	3.48024471590394e-05	3.4802447192497e-05	0.000925743780600135	3.48024471809627e-05	0.0128186692627572	0.00828294361971921
0.0229720709215839	2.58232326214398e-05	2.58232326214426e-05	0.00326921737775592	2.58232326214643e-05	0.00938660064468024	2.58232326214424e-05	2.58232326214391e-05	0.883631755183285	3.35099051598158e-05	2.58232326214398e-05	0.0242294040802573	0.0360511563540036	2.58232326219493e-05	0.00706682173966058	0.00704066789003147	2.58232326214434e-05	2.5823232621498e-05	2.58232326214446e-05	0.00253116681961213	2.58232326214109e-05	0.00347399038086225	2.95831442712277e-05
