Bcells	CentralVeinEndothelialcells	Cholangiocytes	Hepatocytes	Kupffercells	LSECs	Mesothelialcells	PortalVeinEndothelialcells	Tcells
0.000177899380799619	0.00671377174828029	0.0327612173825287	0.909405790962374	0.0365397148652482	0.00396003300965309	0.00860963968234638	0.00120877057781257	0.000623162390957436
0.000691822520691173	0.00394386104740116	0.0365074474445388	0.902340341329002	0.0273975942660877	0.00950235409182085	0.0156148776802747	0.00387162952301801	0.00013007209716562
9.24971648554253e-05	9.24971648021992e-05	0.0385492713194274	0.913022580265719	0.0222705408260461	9.249716489162e-05	0.0134272657826839	0.0123603531467152	9.24971648596003e-05
0.000449032436959073	0.00466692562613311	0.0276129422904865	0.919103550277068	0.0249327528142553	0.00234528381673538	0.0121297759053213	0.00863115625534043	0.000128580577700743
0.00144533609829133	0.00286543698496434	0.0489019604793752	0.923287325969403	0.0142046739775133	9.24133882188503e-05	0.00754645569388324	0.00120415811809166	0.000452239290258843
9.12288842993683e-05	9.12288843672636e-05	0.0267037861172593	0.911272213702893	0.0361651551606781	9.12288843552867e-05	0.0111361094045424	0.0130483203738386	0.001400728587767
8.99017156246892e-05	0.0143046218944808	0.0267526320781595	0.923419607628674	0.0209203927193767	0.000638096892793383	0.0121408664977478	8.99017156474483e-05	0.00164397885749551
0.0010077948541121	0.00826815204466011	0.0276675165199217	0.928388585769255	0.01874882719595	8.87679022767974e-05	0.0145610924240707	0.00118049538747753	8.8767902276023e-05
0.00459980281356078	0.00921762038424487	0.0248451689209131	0.925556789198056	0.0236482670667351	0.000794017799791802	0.00786623285186951	0.00338287991034922	8.92210544800439e-05
8.85261452038524e-05	0.00486377527268088	0.0354103240497414	0.922493033417119	0.0194699373532985	0.0028330794481855	0.00850184641118084	0.00312323662697072	0.00321624127561984
9.2422820761347e-05	0.0130835501288287	0.01981317503019	0.927800855440617	0.0209178518075224	9.24228207780384e-05	0.0131181700138938	0.0011614603302283	0.00392009160718077
9.09031259697958e-05	0.00411820986744002	0.03967346043355	0.915469203460894	0.0225552963889245	9.09031259729833e-05	0.0131890051139964	0.00472211535728423	9.09031259685354e-05
8.89362896617526e-05	0.00895669575026191	0.0341915972694228	0.923787608555981	0.0208073653588116	8.89362897038925e-05	0.0119009879068055	8.89362896840983e-05	8.89362896671326e-05
9.25741856379802e-05	9.25741856258663e-05	0.0470796063788752	0.889272569121548	0.0216025398599924	0.000400635762711891	0.0212981396973003	0.0200687866226632	9.25741856448515e-05
8.85762276920421e-05	0.000611357069734764	0.0327099208575729	0.915601667835806	0.0300694603068596	0.00182039877298365	0.0150491030197298	0.00396093968193048	8.85762276906558e-05
0.000101825283678011	0.00928873152028526	0.0277153281621112	0.910985055106405	0.0302552289625284	8.88012396579297e-05	0.0106431002037099	0.00402266561550242	0.00689926390612229
9.02944912912222e-05	9.02944912856148e-05	0.0348129249045861	0.914520907078688	0.0226146083815919	9.02944913327316e-05	0.015401838590345	0.0112713631995912	0.00110747437128846
9.29081686822236e-05	9.29081686562066e-05	0.0329803814025765	0.906758722141946	0.0439362172041976	9.29081686288112e-05	0.0106912711172895	0.00526177545932268	9.29081687000833e-05
8.81593698190456e-05	0.000179037401871245	0.0335445278143616	0.915799143726232	0.0275462131416026	8.81593698400584e-05	0.0143877507270136	0.00541569888514499	0.00295130956411441
0.00748436293713446	0.000128876893326757	0.0309153895837914	0.902015764775449	0.0342778189384742	0.00528760066329196	0.0130645705924314	0.00183556356329145	0.00499005205280972
0.00294740246290728	0.00425083761739041	0.027157721180443	0.91450152767085	0.0259960727167868	0.00675665835697105	0.0121234383561099	0.00252763555648954	0.00373870608205173
9.12021029257871e-05	0.000217082529527367	0.0509214702399324	0.901824402579094	0.0272284189705538	0.00116158661182862	0.00825047556220082	0.0102141593010127	9.12021029244022e-05
0.00367103901447468	0.0176079431187221	0.0273404677625247	0.908352497992601	0.0231352527362316	8.94243086425559e-05	0.0122292694582048	0.00429381998466556	0.00328028562393275
8.91441586827747e-05	0.00723768034122183	0.0391127811529103	0.903213133784943	0.0360470758124097	8.91441586359516e-05	0.0127669178712176	8.91441586608544e-05	0.00135497856131848
0.00104732689648512	0.00765089463108734	0.0296643442720235	0.918635448785242	0.0324311701831871	8.8207371249706e-05	0.0103061931183007	8.82073712124474e-05	8.82073712117033e-05
0.00295914088799671	0.00773419462215924	0.031093445670897	0.898066623218593	0.0314026663267389	0.00735262900499111	0.0126237518590905	0.00867593114256896	9.16172669642549e-05
0.00252671458113603	8.91599977008826e-05	0.035370406433262	0.914885209120652	0.0323128139202865	0.00288643115074036	0.0117509448008483	8.91599976481262e-05	8.91599977254158e-05
0.00374589906370544	0.00272292085600956	0.0334514782701506	0.923679325655993	0.0162320558937117	8.79932599104318e-05	0.00884391025771699	0.0100375022797095	0.00119891446309297
8.97064589018364e-05	8.97064588749618e-05	0.0268714912585756	0.911041865345182	0.0311156330016947	0.00251256697894341	0.0150604938227231	0.0131288302162082	8.97064588959061e-05
8.88171807204312e-05	0.0127801534691011	0.0334660049471139	0.90961463669533	0.0308842701078049	8.88171807178727e-05	0.00784237567378852	0.00346705528869192	0.00176786945673149
0.00013160610730516	0.000131606107291948	0.0442176678099709	0.891027804273749	0.0347822086202846	0.00563624682752452	0.011164302036442	0.00928057433226699	0.00362798388516514
9.18818063494736e-05	0.00055809580438207	0.0329423268812358	0.891715391961629	0.0400125348637046	0.0166917845507301	0.0119793461169387	0.00591675620868047	9.18818063495975e-05
9.11786816344996e-05	0.00102212989673583	0.0392461217210836	0.912145047522349	0.0323583051776703	0.00377214381826995	0.00780109725570018	9.11786816179882e-05	0.00347279724493804
0.00492086795019583	8.95588292333656e-05	0.0283358873050725	0.916316196061812	0.02119968841283	0.0149552336720477	0.0140034501103969	8.95588291650996e-05	8.95588292464968e-05
8.86486861787561e-05	8.864868617021e-05	0.0320819999732316	0.92929891187752	0.018156911887243	0.00334101054415384	0.00766676084153858	0.00577579580470921	0.00350131169925475
9.06450152825179e-05	9.0645015222375e-05	0.0343967756815345	0.91231202955349	0.0377101309672453	9.06450152714648e-05	0.0077850147049567	0.00683378935158881	0.000690324695407928
9.0208664755088e-05	0.0115302441723114	0.0248529375494151	0.910070369901793	0.0304351076102644	9.02086647968462e-05	0.0133589828189355	9.02086647511977e-05	0.00948173195297773
0.00190782613540735	0.00441884369326154	0.0299661821329625	0.903762174957137	0.0357983902223004	8.94062872050365e-05	0.00798492184104628	0.014537019734191	0.0015352349964886
9.40184303091474e-05	9.40184302799402e-05	0.036742016922481	0.903430079348988	0.0396940506423992	9.40184303444903e-05	0.00868331459593583	0.011074464768952	9.40184303106809e-05
0.000486778433606656	0.00176164239041212	0.0276857491577652	0.920033777693263	0.022678122199199	0.00471967502285951	0.0137328089689718	0.00296793686739294	0.0059335092665303
8.9578123863633e-05	8.95781238553401e-05	0.0344820144978638	0.914860114986916	0.0341930347474693	0.00412812748058526	0.01146372930732	0.000604244608262818	8.95781238638686e-05
9.00934285904485e-05	0.0123043550104593	0.0277679174145337	0.915688037122554	0.0292002823079827	9.00934285827244e-05	0.0125068432948273	9.00934286667816e-05	0.00226228456380318
9.04691882754212e-05	0.0122810347371443	0.0340486695160748	0.913523511793399	0.0216925898159481	0.0054611229588754	0.0117343759298266	0.00107775687218203	9.04691882748527e-05
0.0046452309823825	0.000157060690047466	0.0391888593533539	0.914615838992119	0.0277993142197335	9.01137164538655e-05	0.00697046111205972	0.00644300721728404	9.01137165657737e-05
8.87746913420015e-05	0.00452889633452298	0.0323291939849743	0.925594410144487	0.0193092244847087	8.87746911901443e-05	0.0118533644655267	0.00536127162119016	0.000846089582058436
0.000634004054741465	0.0023281430119877	0.0291010839088781	0.93322515124673	0.0209715045935161	0.000936269366210255	0.00841227858962134	0.00136510001705004	0.00302646521126518
9.37938908788552e-05	0.00623116208010409	0.0419151705791026	0.90758191825502	0.0247258604436471	9.37938908770168e-05	0.0104180943623692	0.00884641260712141	9.37938908801402e-05
0.00211001350721981	0.00505893279513822	0.023998331195335	0.909109791671345	0.026718311733334	0.00442213876076745	0.014730894910411	0.00517201196391152	0.00867957346253835
9.1732469278513e-05	9.1732469332599e-05	0.0348094471071279	0.918706036356486	0.0299240044162745	0.0010513367472802	0.0116894502928837	0.00354452767205994	9.17324692768673e-05
0.00020248162406765	9.24502302150675e-05	0.0266696479170196	0.913117214551305	0.0410639116840317	0.00130027098913461	0.00908202994817522	0.00837954282579503	9.2450230256221e-05
0.00124675222565661	8.9790377129027e-05	0.0381978868395061	0.900754746659292	0.0287849643157683	8.97903770989562e-05	0.0171268878061259	8.97903771459066e-05	0.0136193910222775
9.11138159682302e-05	9.11138159623348e-05	0.0388205385571043	0.909454344038695	0.0242972990258568	0.0124492482369327	0.0131665356219116	0.00153869307160176	9.11138159676812e-05
9.14499297845182e-05	0.00145586408835625	0.030737251551017	0.929973286391121	0.018108807339578	0.00129823106414321	0.0129010999432368	0.00534255976297761	9.14499297856623e-05
9.0088713556963e-05	9.00887135434121e-05	0.0269252175230772	0.895036666513248	0.0472455060199974	0.00438801472415549	0.0141260445054333	0.00418564415682795	0.00791272913016077
0.00515795468461776	9.03871466487758e-05	0.0321035118220222	0.901467785095402	0.0310697976414168	9.03871466505488e-05	0.0130802266747489	0.008062604909168	0.00887734487932472
0.000334889655263326	0.00402015308630844	0.0376892598252484	0.90673108626945	0.0391402233953513	0.000129829319245294	0.00967291475752903	0.00215181437239649	0.00012982931920759
0.00114957463612634	0.00715798561466718	0.0314840169685288	0.912385775948629	0.0338731874857936	9.08100743001643e-05	0.0136770291235145	9.08100741703222e-05	9.08100742701047e-05
0.00461372124498573	0.0155560593183536	0.0246453752876075	0.902116398692899	0.0278330392223406	8.96998153679307e-05	0.0201542400044819	0.00116575394618441	0.00382571246777914
8.98285091698271e-05	0.010172207436628	0.0315047723153852	0.908218906386223	0.0253058912031335	0.0146456250000161	0.00781870863948189	8.98285092056796e-05	0.00215423200075706
8.99159695046306e-05	0.00594013008783223	0.0321485081388517	0.923481781392839	0.0182029391967632	0.00913737220418306	0.0108195210710038	8.99159695172162e-05	8.99159695055095e-05
8.8980623812411e-05	0.0248735458578791	0.0239169323938339	0.913446705109931	0.0215389664449658	0.00193572808159633	0.0107793233516605	0.00333083751250647	8.89806238140573e-05
0.00338865458816716	0.00155118473341377	0.0354200315452179	0.903080853919674	0.0286625995611045	0.00227987573588984	0.0168284151122991	0.00865615778103818	0.000132227023195669
0.000582598642522302	0.0185589744600621	0.0247557492053161	0.920510970455146	0.0204252525606441	9.11533633006059e-05	0.0148929945865848	9.11533631628714e-05	9.11533632615381e-05
9.12477548464633e-05	0.00582527148181157	0.032110414095847	0.914381979875956	0.0180277459199043	0.0105759090592382	0.0128162616026074	0.00142569641699528	0.00474547379279357
0.00936067236722442	8.86952576833207e-05	0.0340061915592827	0.905190605177142	0.0272224815033744	0.00926280072434096	0.014691162895492	8.8695257745406e-05	8.86952577147379e-05
9.18220744505385e-05	0.0080009261027621	0.0266293481337082	0.911830748527763	0.0331528166991898	9.18220744380518e-05	0.0172536897548487	0.0028570045583884	9.18220744513734e-05
9.25398097290679e-05	9.25398097378966e-05	0.026231928789004	0.913662973865018	0.0337327314479076	0.0105725845216413	0.00826347155171676	0.00725869039550824	9.25398097370285e-05
0.00160106213273893	0.0103315022596083	0.0243616988455491	0.901647402996716	0.0446937962333476	8.87004350687005e-05	0.0151487855349865	0.00203835112686405	8.87004351212485e-05
8.98279392055266e-05	0.0276849139359334	0.0319044396077222	0.861764115170112	0.0350077653682498	8.98279391819796e-05	0.0149572597333726	0.026270934081734	0.00223091622448893
8.89084544778261e-05	0.00320881716123661	0.0349188126470551	0.911966621471425	0.0209370525378407	8.89084545295603e-05	0.0166181070587744	0.0120838637601803	8.89084544804799e-05
0.00106331433102378	0.0103509628321961	0.0318247805285278	0.919773418907304	0.0213206997204064	0.00262719964664755	0.0096998124251719	0.00324986535942824	8.99462492946652e-05
0.00299712766949788	0.0082070511351994	0.0234371923907851	0.909912782324117	0.0236180828045503	0.00092159921208371	0.0176847942317008	0.0131313833905596	8.99868415062225e-05
9.05796905337407e-05	9.05796905155365e-05	0.0350629616372538	0.921745980136594	0.0155037966733625	0.00796804502474159	0.0145813305532175	0.00134124473267375	0.00361548186110767
8.81777050667076e-05	0.0020485079618587	0.0263694394288056	0.912837413241736	0.0384206802746447	0.00578372011204098	0.0126728702631392	8.81777049704261e-05	0.00169101330773745
8.96019851688013e-05	0.00215855097490623	0.0277941944843993	0.907213566415451	0.0261479366763751	0.0235283465966718	0.0128885988967439	8.96019851059178e-05	8.96019851776362e-05
0.000105799605477178	0.017247462333101	0.0337260093920987	0.913247977140829	0.023039952251707	9.01107860026835e-05	0.0123624669187151	9.01107860571989e-05	9.01107860128403e-05
0.000266997069871526	0.000366180566003466	0.0220577420062955	0.919446460062898	0.0314318174831553	9.09395910362779e-05	0.0123630949493122	0.0138858286803862	9.09395910415639e-05
0.00111883828706745	0.0270655173375498	0.0265029011046395	0.891949257964959	0.0282551122564979	0.00609978202250222	0.0185560081803373	0.000362634588927261	8.99482575194909e-05
9.11644951282043e-05	0.00921732860289474	0.0293569646367532	0.911094280295695	0.0333887543189477	9.11644951120806e-05	0.00864090747988162	0.00802827118046055	9.11644951274876e-05
9.00115653096892e-05	0.00241685220757444	0.0266881088170937	0.916939478344463	0.0203094213687372	0.00927634716500784	0.0141505014474861	9.00115653098165e-05	0.0100392675190184
8.88045269482834e-05	0.0176326386774572	0.0306238019618586	0.907844450587658	0.0191325858864256	0.00454920662242149	0.0114176303716889	0.00558391858596672	0.00312696277957495
0.00244122404089756	0.000131165970646611	0.0273560750148686	0.913745774073854	0.0273831638375863	0.0140646972327376	0.0120023823843913	0.00274435147441364	0.000131165970604331
8.85054160331754e-05	8.8505416091789e-05	0.0363070467205765	0.916630748842444	0.0130929113945749	0.00989109112769419	0.0131925078106271	0.000623502474175197	0.0100851807977829
0.00162691096070885	0.0134188367473826	0.0255315461648806	0.923430998866709	0.0171183388805218	8.89702405769409e-05	0.0111352811342667	0.00507551997389275	0.00257359703106105
9.3988659013708e-05	0.00755006887296479	0.0337016188403295	0.931055670318052	0.0129756338474561	0.00243962376712102	0.0102587528366208	0.00183065419942815	9.39886590137892e-05
0.000301299563319454	0.00171630764617613	0.0364726637477203	0.896322771102679	0.0359411984416311	9.3484059073809e-05	0.0181709912866665	0.0108878000936431	9.34840590909878e-05
9.14804361266456e-05	0.00136814765651037	0.0342288577925782	0.897083446350976	0.0396578688258836	0.00213291321156544	0.0152244345589496	0.00604519109703183	0.00416766007037809
0.000651422505539928	9.14525196004218e-05	0.0571404388564913	0.873130162555208	0.0251398308672143	9.14525196267788e-05	0.0194490297372001	0.0203382041293179	0.00396800630980143
8.91632742612007e-05	0.00687162428134333	0.0224905466340074	0.92178543565622	0.0327585446236294	0.00071088638421831	0.013218147400931	0.00198648847112801	8.9163274261595e-05
0.00350958613923896	0.00455165514037242	0.0434723968448618	0.904961217265771	0.0171503891607444	0.0132726924558744	0.0128986821381335	9.1690427520497e-05	9.1690427483626e-05
9.17681774554876e-05	9.17681774467271e-05	0.0393823230795772	0.904072718315813	0.0386255118259637	0.00600499741031528	0.00832997601567259	0.00330916882029644	9.17681774596771e-05
8.91195277431109e-05	0.00858881402026764	0.021066690790843	0.911110580121035	0.0351174269200982	0.000334006618599014	0.0194060190012268	0.00419822347244172	8.91195277452176e-05
0.00236970046812241	8.88077692118259e-05	0.0344091753246908	0.903623931424132	0.0354479751875687	0.0119147381874659	0.0114646057961379	8.8807769212221e-05	0.000592258073458195
0.00239063878135671	9.0372021926601e-05	0.0237646553277369	0.933572930046758	0.0253353341563472	0.00254148685687234	0.0121238387651087	9.03720219425768e-05	9.03720219509811e-05
9.10105725799292e-05	0.00162430981315836	0.028206695140882	0.911631682764671	0.0274374704391574	0.00954434321481575	0.0158004924241431	0.00329196229564619	0.00237203333494617
9.04252937909442e-05	9.04252937568907e-05	0.025262449615243	0.922502008383584	0.0315187763835582	0.00366308769406951	0.0118432326824772	0.00493916935973017	9.04252937897637e-05
0.00983085982243372	0.00649865703616557	0.0335877940947564	0.890576034894698	0.0391732019054414	0.00120557865639977	0.0173240708329274	9.13853738466128e-05	0.00171241738333102
9.05187676621404e-05	9.05187676675331e-05	0.0270796090978689	0.913867883724189	0.0334021221719146	0.0119643974768796	0.0102683447854828	0.00314608644066858	9.0518767666865e-05
0.00361361520505636	0.00886527571204093	0.0246684128379487	0.915697094095082	0.028514896804729	0.00713954103237961	0.0111402036882787	9.00884632821853e-05	0.000270872161202294
0.00314553215314606	0.00178467585954652	0.0363411128841212	0.911862187402069	0.0243053052859806	9.10351803408491e-05	0.019456652146397	0.00292246390796339	9.10351804352897e-05
0.000434239949967384	0.00237858622615844	0.048282201328671	0.915029145318583	0.0157190056395165	9.23709714422238e-05	0.00983649150081663	0.00813558809338486	9.23709714597928e-05
9.06328072793553e-05	9.06328073223118e-05	0.0407961084152417	0.911381849229223	0.0238837948094518	0.0111428117448283	0.0124329045720244	9.06328073309213e-05	9.06328072985004e-05
0.00181419040601216	9.09329361264827e-05	0.0239675072625221	0.92771139379172	0.0220268403241463	0.0111962904915202	0.0123469066665442	0.000755005185262816	9.09329361461322e-05
0.00118206685228355	8.95566367551867e-05	0.034462622318975	0.901892904373362	0.0305816543726882	0.00975599555741837	0.0100411718800089	8.95566367590275e-05	0.0119044713717495
8.97017388498977e-05	0.00842895662357728	0.023099342947061	0.904946814630872	0.0341815554477818	8.97017388468718e-05	0.0147734044530623	0.0115426620208469	0.00284786039910225
0.00455962491501971	9.10741569798777e-05	0.0787563755370328	0.854307465100501	0.0171975655970945	9.10741569404179e-05	0.0241298917252287	0.0207758546542259	9.10741569771858e-05
8.88832771312542e-05	0.00311488495794112	0.0323954885971302	0.922983234225468	0.018609530931588	0.00959759073283239	0.0130326207235762	8.88832771999631e-05	8.88832771326617e-05
9.18146230908857e-05	0.0023081797587927	0.0342958805421851	0.914827921241712	0.0294606955196114	0.00849610321611674	0.0103357758523452	9.18146230517804e-05	9.18146230940612e-05
9.22354809357193e-05	9.22354809095763e-05	0.0367620988195581	0.924466313620183	0.0209499576489493	0.00187348941835513	0.0142138631224508	9.22354808795414e-05	0.00145757092777901
0.00532316079559307	9.4003782490229e-05	0.0390806413345856	0.917167110697745	0.0201071007453472	9.40037825637198e-05	0.00938249954492718	0.00865747553421431	9.4003782533479e-05
0.00205116471978441	0.00263779346937795	0.0353445416241766	0.919616423574892	0.0283345086340906	0.00225528058420941	0.00386716299094073	0.00580070879484062	9.24156076873393e-05
0.00238069082480363	9.16882703513617e-05	0.0459012504124426	0.88693255602017	0.0270222858844822	0.00499341315722448	0.0139080442759845	0.0130032869674066	0.00576678418713474
9.20052759058748e-05	9.20052759065859e-05	0.0276154328367508	0.905102946427199	0.0374207579827938	0.00362456499484369	0.013921909803492	0.0074711482029654	0.00465922920014292
0.00121857991862524	8.84506083436257e-05	0.04005272275253	0.909291457142846	0.031895633650531	8.8450608332525e-05	0.0102723714105664	0.00700388329982883	8.84506083966496e-05
0.00198026679805881	0.00428666503494008	0.0254825186179635	0.911828859074603	0.030871621589389	0.0118763469068383	0.0134954639658578	8.91290061776241e-05	8.91290061719898e-05
0.000101332895842991	0.0197854018808359	0.0348942393961855	0.901782110707895	0.0217686792761064	9.07432315203784e-05	0.0138259171539726	0.00766083222610462	9.07432315366837e-05
9.19025694807406e-05	0.00883544299565019	0.0287188356056941	0.911089631200479	0.0278070699568521	0.0064255899220765	0.0108527637319907	0.00422114214285582	0.00195762187492057
0.00116122873544796	0.00626767393702796	0.0402534436602752	0.920859468314109	0.0229384940180665	0.00127981573841884	0.00610044049090061	0.00104802934565313	9.14057601006915e-05
0.000349267202129189	9.11673298366216e-05	0.0365759742671764	0.909294754913831	0.0302780001076007	0.00318885960308755	0.0116008309114778	0.00852997833502055	9.1167329840201e-05
9.1753621962714e-05	0.0164175433118498	0.0277761316300995	0.906639120400514	0.0352097083482725	0.0017225465417938	0.0102681385866749	0.001783303936864	9.17536219688517e-05
0.00290670612644241	9.15512245369404e-05	0.0364522416746884	0.892318012820478	0.032671783554794	0.00465293691219783	0.0136547261544942	0.00815800400435823	0.00909403752800979
0.00117150571865748	0.00793297070074314	0.0361444648929822	0.902009746276923	0.0288637444245305	9.084062296774e-05	0.0135147208015334	0.00705332859201708	0.00321867796964544
0.00296614070803175	8.92236550798107e-05	0.0333810693871742	0.909550212609105	0.0370106472730117	0.0039516063086922	0.0128726527486686	8.92236551130923e-05	8.92236551234506e-05
0.00417379391676282	9.12274965739953e-05	0.0397234288042867	0.910806303137388	0.030949269771643	9.1227496612537e-05	0.00794860243849955	0.00612491944160834	9.12274966251268e-05
0.00954930499090664	0.0149321575769009	0.0247754563625172	0.914772991211396	0.0187655611375025	8.99767068322175e-05	0.0169345986001729	8.99767068999668e-05	8.99767068718834e-05
9.2614426015963e-05	9.26144259916212e-05	0.0318387460700903	0.924625753700735	0.0256168133255525	0.00645586977029824	0.00727447318316141	0.0039105006721364	9.26144260183791e-05
0.00214677934746778	9.35917523239254e-05	0.0586959723560192	0.886999467496028	0.0152254082937926	9.35917523039009e-05	0.0170437410961122	0.0196078561536407	9.35917523115451e-05
8.97929291835579e-05	0.0134226994769287	0.0264040069476989	0.925613434770053	0.018857460544421	0.00237751361605382	0.0130555058572776	8.97929291894994e-05	8.97929291942936e-05
0.000874080633989571	0.00943527222712534	0.0218265043248656	0.899873824068027	0.0484167378924512	0.00647450631318915	0.0110562498213881	0.00195499874292113	8.78259760427025e-05
0.00298766429105797	0.00659292983068691	0.0233354407446637	0.91079133451159	0.0344719746405818	0.00907839004857745	0.0125619928131027	9.01365598351536e-05	9.01365599044922e-05
0.0049324007585053	0.00544333254065393	0.018711035390024	0.907203805862583	0.0283600405549236	0.0144818960538751	0.0158126767890687	0.000131380641537435	0.00492343140882941
9.25201618588582e-05	9.2520161835102e-05	0.031537590459549	0.923352318412484	0.0271447198694376	0.00389905611437395	0.0102231252538479	0.00356562940475291	9.25201618606177e-05
9.22730169481086e-05	9.22730169666217e-05	0.0419682752541341	0.908557412627864	0.0268605350393247	0.00240676754655357	0.0124003597691024	0.00752983071213929	9.22730169676552e-05
0.00485322798858403	0.00208127836257826	0.0293721288725936	0.91240265984875	0.0201562573191199	0.0104726152899599	0.0152832029479465	0.00336788367616984	0.00201074569429844
9.07077122321222e-05	0.00148539006905677	0.022539722912981	0.912226728403841	0.0324163717261501	0.0100637619241094	0.0144957544831389	0.00169854001389802	0.00498302275459255
9.01411252928106e-05	0.00736321880985837	0.0202688478432522	0.921151370354601	0.032174536307622	0.00269149802504191	0.0142756742624173	0.00189457214660697	9.0141125307076e-05
9.12623688805956e-05	9.12623688951226e-05	0.0378546853078428	0.906396136506591	0.0406539477116446	0.00528761492893848	0.00944256606954872	9.12623687780604e-05	9.12623688809893e-05
8.84304559643797e-05	0.0233565637926541	0.0215552307690003	0.906132803649112	0.0236485478792334	0.00830103901794078	0.0167405235241603	8.84304559664773e-05	8.84304559678747e-05
0.00266021106146444	9.07069627180844e-05	0.0208206044866192	0.914952576375901	0.0375188694315697	9.07069627362499e-05	0.0112094211396274	0.00988997988319156	0.00276692369617262
8.9219480103994e-05	0.0137183144622246	0.0444453595513758	0.905393215680778	0.0198519832274645	8.92194801333854e-05	0.0161820578378902	0.000141410799932108	8.92194800970437e-05
0.000169130530159405	0.00161134280096976	0.0233766957989875	0.904000065008081	0.0261183069743038	8.96218545507159e-05	0.0243599940155569	0.0185203632229385	0.0017544797944527
8.97724354916215e-05	8.97724354503166e-05	0.027024028569702	0.925361400117976	0.0242229680679084	0.00841425016539264	0.0136847515477622	0.00102328422481646	8.97724355003492e-05
0.0011953411939868	0.00550665417776327	0.03663774212959	0.920452400183061	0.0242431083036489	9.17948879230214e-05	0.00965769263555231	0.00212347160052844	9.17948879457896e-05
9.14526501026858e-05	9.1452650098534e-05	0.0330927698059816	0.914080175672165	0.0335845003634546	0.00344781694062685	0.010092248397104	0.00542813087036468	9.14526501021188e-05
9.06030313844781e-05	9.06030313726935e-05	0.0368179288387619	0.908886667338019	0.0272439513914221	0.0154270054559095	0.0112620348502018	9.06030315431922e-05	9.06030313851693e-05
9.01051569029011e-05	0.000655509891231938	0.0164994427011783	0.913916006320771	0.0340172758281033	0.0149763198144039	0.0139214002022769	0.00583383492822938	9.01051569024031e-05
0.00620802983785852	0.00101814710741149	0.0280151141340936	0.902824874509943	0.0409286605360726	0.000130236470671132	0.0121708242106636	0.00857387672253565	0.000130236470750897
9.17722650802997e-05	0.0078233673403193	0.0307078713699467	0.903283020037686	0.0346126066151488	9.17722650340885e-05	0.0151783959427899	9.17722649922629e-05	0.00811942189900256
9.27074935009965e-05	0.00996883654349982	0.0325185372591274	0.90834162434115	0.0283859498588649	0.000109941046111765	0.013047631583949	0.00297984375295632	0.00455492812083983
8.92296864784833e-05	0.0167931807150736	0.0262066057292852	0.917359949259481	0.024597514055828	8.92296865076811e-05	0.0127774667796858	0.00199759440120217	8.92296864579637e-05
0.00160038942487161	0.0117462696357183	0.0233515856248785	0.900412482234572	0.0324656558650842	0.000127001147630914	0.0196369337611752	0.00634631417807988	0.00431336812798902
0.00760533164241895	0.00658911139730246	0.0258027467041554	0.915317512131807	0.0260387786570642	0.000887237818489341	0.010492039021712	0.0065638542570125	0.000703388370038508
0.00308913362420832	0.0207863725289525	0.0279601565211093	0.901397748889002	0.0326410292527788	8.78722063514787e-05	0.0133193119763809	8.78722063547906e-05	0.000630502794861387
0.00277675385715952	0.00491364541479796	0.0470648444467588	0.886925245130597	0.0303483798201674	0.00344773615112072	0.0142714308797104	0.00935647208504052	0.000895492214647265
9.06275453196616e-05	0.00755717983751699	0.0631957802367824	0.87463324625957	0.0234305769217225	9.06275453890554e-05	0.0198275977790659	0.0110837363293142	9.0627545319032e-05
8.83195907609947e-05	0.00808954492258631	0.023520909208181	0.927017426441853	0.0161727730657924	0.00483482318038329	0.0126067833009147	0.0075811006987681	8.83195907595318e-05
0.00294403203150509	0.00294155611453355	0.0484283543174253	0.900913806644741	0.0214322728952947	0.000135300978334121	0.0122753531660548	0.0107940228739542	0.000135300978157031
0.00653269875950653	9.13837669667478e-05	0.031280608584643	0.907885571141327	0.0339349138973446	0.00371983490060762	0.0110570206336138	0.00145321941179853	0.00404474890419233
0.00767079345379952	8.63404802867117e-05	0.0223010045617503	0.891103592236666	0.0372558422128724	0.0103769918160839	0.012484878736157	0.00117891389510389	0.0175416426072803
0.000625828974447262	9.25699002538421e-05	0.0348733929583291	0.912229124508751	0.0263723334109343	0.00671135889066886	0.0125194374964459	0.00524775295890057	0.00132820090126942
0.00110405355085464	9.16439281577385e-05	0.0633224669804068	0.878785775825275	0.020897432081991	9.16439281571969e-05	0.0110215684147093	0.0146832847256602	0.0100021305647878
8.91843198260905e-05	0.0082360847579293	0.0229031519079757	0.928438268997546	0.0179638347738378	0.010980889987031	0.0112102166162094	8.91843198243379e-05	8.91843198204379e-05
0.0111214625965768	0.00741406785750169	0.0256655990190335	0.916080902467795	0.0239586625072855	9.03203551163966e-05	0.0138666302801174	0.00171203456147476	9.03203550992224e-05
0.000911073892616425	0.00213515238551161	0.0269422140026742	0.915402270345066	0.0330702783586745	0.00849107641874125	0.0106671539810316	0.00229005870424906	9.07219114354045e-05
0.00279440071869593	0.00995794094889519	0.0292349591988531	0.916439688386463	0.0156546133756176	0.0123286815933445	0.0134135452521219	8.80852630103274e-05	8.8085262998432e-05
9.42056910242038e-05	9.42056910064942e-05	0.0472434561181269	0.908603502262451	0.0150730371574322	9.4205691077977e-05	0.0137253542012139	0.0149778274966328	9.4205691034651e-05
9.05037021355509e-05	0.0163702590271074	0.0300531561990726	0.900326303222514	0.0238134446651752	9.05037022157054e-05	0.0158948913301158	0.0132704344495181	9.05037021458903e-05
0.000919206971152647	9.03455314366154e-05	0.0224862201168305	0.912073616525163	0.0301008598126905	0.0155861546704182	0.0148285506928542	9.03455314161367e-05	0.00382470014803853
9.31031207391329e-05	9.31031206911446e-05	0.0512263120467999	0.89175092735043	0.0238620380293877	9.310312074067e-05	0.0170026299256106	0.0157856801648623	9.31031207385459e-05
0.00262711977446837	0.00128130094992567	0.038922768857025	0.920804207889282	0.0177265835823763	0.00380575238524282	0.0116830512971848	0.00305807914908824	9.1136115406998e-05
0.000430401387707549	9.38602420197494e-05	0.0351002453397613	0.913523261070793	0.025513994097677	9.38602420364175e-05	0.00903957068338618	0.016110946694572	9.38602420465707e-05
9.07616921392594e-05	0.00623126026343181	0.0350323672790031	0.917183095390285	0.0259325698103745	9.80441264646763e-05	0.0149294657088578	0.000411674037302297	9.07616921416226e-05
9.18191913591198e-05	9.18191913190928e-05	0.0380946444959375	0.903093036735158	0.0325230471856999	9.18191914309192e-05	0.00994543022040509	0.0138361355483329	0.00223224824035732
0.000401641540856501	0.0240590446236159	0.0348647075989813	0.876033919546751	0.0278556618163625	8.9710304817441e-05	0.0266722437382125	0.00808079291965858	0.00194227791074428
0.00256858535183742	9.16024070572995e-05	0.0271150679901203	0.907669104969425	0.0386179372836269	0.00388770795153741	0.00996495932437661	0.00999343231486385	9.16024071554489e-05
9.21336294741016e-05	0.00347596018731399	0.0363923661243444	0.917961536971582	0.0250799816991854	9.21336294735108e-05	0.00730050647424367	0.00712770340654954	0.0024776778778334
0.00337117843113211	9.06043678669495e-05	0.0346400167903262	0.906132489256184	0.0354300310402659	9.06043679369749e-05	0.0106931988909824	0.00946127248731231	9.06043679927565e-05
0.00249027288511557	0.0176067289114287	0.0324085442694741	0.894395530866218	0.0330781393299641	0.00295202296771664	0.0131449244070899	8.8969331331163e-05	0.00383486703166136
0.00147805090747133	9.43406401168582e-05	0.0383054086484227	0.914062848903136	0.0260598530066821	9.43406401057939e-05	0.0111025883048694	0.00870822830906429	9.43406401309611e-05
0.00152452285348914	0.00841404619474523	0.0259296360275328	0.909367060873095	0.0308313772753196	0.00226304575745876	0.0136936188721942	8.94128282491153e-05	0.00788727931791632
9.18386407514911e-05	0.0190819204550547	0.0333652566521564	0.895804008609453	0.0329875582486865	9.18386407409294e-05	0.0183191667003628	9.18386407011593e-05	0.000166573412093043
8.90515166637141e-05	0.000563306253976184	0.0274360573741533	0.928275920360053	0.024640289571025	0.00269757011951295	0.0108023618332231	0.0054063914547431	8.90515166494034e-05
0.00237260768209404	8.85651894256311e-05	0.0331952186865822	0.919760947956029	0.0220236621072848	0.0046728958447535	0.0114940786834381	8.85651894297857e-05	0.00630345866096277
0.00719641416892034	0.00905984471116352	0.0368273030868754	0.896745090165856	0.0329200069558279	0.00322852507282157	0.0123841249781425	8.97336809298358e-05	0.00154895717946317
0.00121648499532654	9.01559339648203e-05	0.0291375023000323	0.920894804960486	0.0278468014980674	9.01559339629631e-05	0.0148090535397533	0.00582488490448288	9.01559339242134e-05
0.00104231537119936	0.000680508082860843	0.0306911764061176	0.9036373247771	0.0449476156349	0.00121637972687849	0.0120447651693335	0.0056475431821391	9.23716494707394e-05
9.3359288201667e-05	9.33592882182131e-05	0.0345358565443944	0.894984927162186	0.0481306844583072	9.33592881989845e-05	0.0131729643229578	0.00880213035933425	9.33592882012585e-05
8.81643834256287e-05	8.81643833916072e-05	0.0269699374648029	0.915113567736528	0.0248967961900475	0.0144669528726132	0.0139564522390215	0.00433180034673937	8.8164383429781e-05
9.53369826649262e-05	9.53369826440945e-05	0.0408251531854119	0.908124078568884	0.0245421044282864	9.53369826539984e-05	0.0140129877274902	0.0121143281593008	9.53369826636387e-05
9.05699021400287e-05	0.0129086358303967	0.0248016596461667	0.930062660451062	0.0194552322068119	0.00251659970624691	0.00998350245284529	9.05699021914948e-05	9.05699021391962e-05
8.96282209118533e-05	0.0177635397873677	0.0262860790064863	0.910889002549136	0.0207710754557415	8.96282209172658e-05	0.0174698787809858	0.00361170336335318	0.0030294646151006
0.00206075169400928	9.01590125480319e-05	0.0403486590167918	0.88872183799295	0.0368083187624734	9.01590125411302e-05	0.0175515814514882	0.0083056190328326	0.00602291402436587
0.00603613430873019	0.00512042950576952	0.0288951897018724	0.901705211165189	0.0349013298062067	0.00572008837517808	0.0138787881567476	0.000128861599516513	0.00361396738079014
0.00136759017467941	0.0103914552855884	0.0323176249538124	0.913184827759907	0.0256470869611637	9.01587412315402e-05	0.0144754723798836	0.00243562500247936	9.01587412541758e-05
9.26361008273463e-05	0.00365879490236778	0.0282800393794507	0.922641067382341	0.0284781039958945	9.26361008242248e-05	0.0114790006240785	9.26361008068599e-05	0.00518508541340927
8.85272670999251e-05	8.85272670549176e-05	0.0198968365110531	0.920254369302978	0.0269485320271263	0.00968813127136675	0.0135638287489493	0.00789102577980734	0.00158022182456434
0.00037381715617551	0.0122414907311722	0.0217665930567187	0.899880390107368	0.047130295981493	0.00581334688490814	0.0115175860050234	8.86011650300044e-05	0.00118787891211058
0.00594597951730503	0.00305544559070026	0.0310055678153669	0.913820304185752	0.0234234331075127	9.16172952651227e-05	0.0145288870008444	0.000229672961257735	0.00789909252599584
0.000891845112402808	9.1406769041673e-05	0.0528270937310969	0.898123724197783	0.0181261532504056	9.14067691006713e-05	0.0172938061553617	0.0124631572457012	9.14067691062283e-05
0.00718973515104339	0.00757282329626935	0.0247412883310068	0.918632095873507	0.0244473722770868	8.9023731452231e-05	0.0139779750481609	0.00157126521267609	0.00177842107879771
8.99587279819232e-05	8.99587279554437e-05	0.0270421252846238	0.921193391917171	0.0280453905132374	0.0118375305197982	0.0115217268533643	8.99587278793408e-05	8.99587279887768e-05
0.00198380063094164	0.000135876811698051	0.0350727819020838	0.90498869350712	0.0323890379573888	0.00676252917719172	0.012147442520812	0.00469367234376692	0.00182616514899666
9.0777303577922e-05	9.07773035902307e-05	0.0316810642889863	0.917602966484186	0.0247111123434914	0.0156696390615133	0.00997210860747097	9.07773036060639e-05	9.07773035782217e-05
0.000314430772407567	0.0332297424761599	0.0209749396825782	0.868261377318923	0.0339128982363279	0.000126910424935901	0.0199282563976009	0.0217682960122646	0.00148314867880213
9.11030407590317e-05	9.11030407540823e-05	0.0245832859106874	0.908726375472714	0.0312125229557351	0.0127513934727688	0.0193431569346963	0.00132737538451085	0.00187368378737418
0.00351323579692229	0.00165344738938439	0.0210500822181723	0.918813776245663	0.0267932580414994	0.0146196588440701	0.0132913017554165	0.000132619854462081	0.000132619854410371
9.12607397763719e-05	9.12607397295854e-05	0.0255823524403805	0.914863712606002	0.0448246871626729	9.12607397474526e-05	0.00984717131826127	0.0034156161739132	0.0011926780795167
0.000533411305944342	9.01623458075829e-05	0.0273891660270912	0.919264641788053	0.0160327490667258	0.0209062729737698	0.0138874501146458	9.01623459247968e-05	0.00180598403203779
9.23366376080892e-05	9.23366375830699e-05	0.022762310696327	0.917987553791609	0.0347120252796014	0.0102308208312008	0.00743131488668668	0.00659896460177622	9.23366376076823e-05
0.00189791749126186	0.00108572960161743	0.0275265116725235	0.92058051027298	0.0196062492992629	9.16187553072878e-05	0.0135755479063603	0.0155442962454032	9.16187552834139e-05
0.00148265835365397	0.0118357701698637	0.0336865320944472	0.905463525232314	0.0193465125622235	0.00236581447076041	0.0151019643113804	8.85907230446006e-05	0.010628632082312
0.000988221957253541	0.0116500623838401	0.0256899692048497	0.919802396877023	0.0220798660740666	0.00216480452080914	0.0163631468754821	0.00107155157296843	0.000189980533707459
0.00212459461887346	9.20123389042084e-05	0.0280905531256336	0.935613057676648	0.0167607413510774	9.20123389885303e-05	0.0120057442269157	0.00468326868516047	0.000538015637798436
0.0014576655249823	0.00189906657882084	0.0318112230858752	0.91198190735853	0.0285249542635442	0.00819261787519836	0.0150047113784816	0.00103719752790457	9.06564066629363e-05
9.40227699817695e-05	0.00262880613734142	0.026349788189577	0.909540194775658	0.0359181664607695	0.00617630535954596	0.0113909803396295	0.00780771319751801	9.40227699784848e-05
0.00481601858593224	0.00336236573291869	0.0252071395745242	0.906203778224218	0.0357397770163528	0.00263943576128841	0.0146086277745231	0.00583339118039825	0.00158946614984448
8.92808931963327e-05	8.9280893229946e-05	0.0341920960720974	0.902010040705463	0.0384804236191446	8.92808929901447e-05	0.0151495026979535	0.00981081333273071	8.92808931941518e-05
0.00417629742556745	0.00262016197616178	0.0241808347380881	0.933570793927925	0.0185784463945505	0.00213551863356757	0.0111880834333489	8.98168327817428e-05	0.00346004663800913
9.04123114966015e-05	9.04123114816018e-05	0.0302339246767634	0.913876439735144	0.0284428871107976	0.0066867650319271	0.0154962989481454	0.00499244756274636	9.0412311498385e-05
0.00012848283382222	0.0051060247960565	0.0261200516994781	0.914022493336097	0.0315669963786933	0.00673700858829781	0.0133432961462221	0.000128482833822724	0.00284716338750968
0.00106826638862901	0.00779924066157645	0.0215336472564857	0.909464123520105	0.0433585787497272	9.0353017891205e-05	0.0152830651916159	9.03530178773209e-05	0.00131237219609211
9.15418749840572e-05	9.15418749710307e-05	0.0327489428325648	0.921673514766055	0.0251363479465912	0.00673201548731847	0.0100122637162512	9.15418749543043e-05	0.00342228962630982
0.00668327343121809	8.95549547014231e-05	0.037151650213295	0.902701164642013	0.0354905666982259	8.95549547733292e-05	0.0122619935255553	0.00544268662554069	8.9554954677196e-05
0.00264445173561812	9.06561752955907e-05	0.0379291905691458	0.884423345366195	0.0420323854917774	0.00264731504863218	0.0204737988061954	0.00727446075474717	0.00248439605239331
0.00876127450693232	0.000283845638334789	0.0711092949893513	0.856376050527738	0.0209447043030922	9.02678213873522e-05	0.0215564372718488	0.0207878571199909	9.02678213248287e-05
0.00027767440185117	0.0228153718036412	0.0181016262972609	0.925218821365948	0.0180918911333794	9.02869791488658e-05	0.0135764691093725	0.00173757193018251	9.02869792155981e-05
