Bcells	CentralVeinEndothelialcells	Cholangiocytes	Hepatocytes	Kupffercells	LSECs	Mesothelialcells	PortalVeinEndothelialcells	Tcells
9.00063652801128e-05	0.0115458982061492	0.0072172887051554	0.949718090803679	0.022890470080031	9.00063652944783e-05	0.00760947078108819	0.000748762327991769	9.00063653309335e-05
0.00214310129150655	0.00387110763732346	0.00466479942163197	0.949854572578903	0.0216380276713859	0.00758388600802252	0.00460453381686915	0.00463429021209582	0.00100568136226117
0.00127487157822739	0.00925319605481349	0.00452563742079747	0.950610085529335	0.0233660617123277	0.00642495308615204	0.00436585027133496	8.96721734001898e-05	8.96721736115386e-05
9.04439506014363e-05	9.04439506532367e-05	0.00416047878979496	0.965801583224117	0.015610763574673	0.0087537351016477	0.00531166350737638	9.04439505375956e-05	9.0443950598383e-05
0.00052216948518925	9.02812719488063e-05	0.00553675611248674	0.955989423816126	0.0154513643602351	0.00741740123498147	0.00491420788445817	0.00379863639899936	0.00627975943557506
0.000180327167017055	0.00180731099257012	0.00478636672773957	0.974804928129592	0.0151112670180959	0.00130483995406938	0.00182515690876846	8.99015510445028e-05	8.99015511033974e-05
9.09545489998612e-05	0.00248463399137192	0.00423244508985448	0.959452646163807	0.0235135225302452	0.00321270609496515	0.00589183402787363	0.00093355295816077	0.000187704594722455
0.00416826053679494	9.25237072600407e-05	0.0552326722071624	0.887246961412189	0.0188465216891026	0.00241313212642746	0.010782965565097	0.0202423104280577	0.00097465232790923
0.00371192601543678	0.00306082897824227	0.00718564292473351	0.940097243966679	0.0259251694440469	0.00479503579289202	0.00291397374592631	0.000796049842264221	0.0115141292897795
9.05014302223855e-05	0.0122171282110132	0.00595591688540576	0.950415957305332	0.0249722469121147	9.05014301440347e-05	0.00440873107813708	9.05014302289234e-05	0.00175851531740183
0.00187172898088319	0.00315185532751328	0.00653886318845381	0.961183464453981	0.0217366243335804	8.76863910002062e-05	0.00525440454269747	8.76863908923313e-05	8.76863909980641e-05
9.46494111203859e-05	9.46494110523405e-05	0.00633825496777647	0.952494464804568	0.0319588857371055	0.00171230598335662	0.00692944856059055	0.000282691713307153	9.46494111230281e-05
9.14662934682939e-05	0.000643410789224386	0.00456911238040607	0.960600900706127	0.0266511575793925	0.00258107925522276	0.00243153301185521	0.0022635170647611	0.000167822919543086
0.00289356578696335	9.12489786006067e-05	0.00634057629399614	0.952745996089896	0.0275452703849672	0.00793798856044916	0.00226285594805498	9.12489784981835e-05	9.12489785743204e-05
0.000523046548369024	9.39844045801476e-05	0.0117525467530247	0.948109487265705	0.0226589312711349	0.0110341867831561	0.00454870194979614	0.00118513061957769	9.39844046562395e-05
0.000688992363756452	8.89273273725552e-05	0.00325817415070253	0.962777804794721	0.0167983535626602	0.0101235675507302	0.00608632559547666	8.89273272327437e-05	8.89273273473831e-05
9.36794166552565e-05	0.00534894647913713	0.00932371447399049	0.953579325259477	0.0207867481202669	9.36794166982091e-05	0.00515408023430926	0.00509220961756816	0.000527616981897182
9.27351054633946e-05	0.00142152110185561	0.00840444186655149	0.943970076712237	0.0243850023267409	0.00600726939779523	0.00516370241510755	0.00738997132561975	0.0031652797486289
0.00370921933317563	8.93194443581046e-05	0.00643717490460092	0.961083213035529	0.0143388013591244	0.00998696547804896	0.00369957884534417	0.000566408155403026	8.93194444161286e-05
0.00551930893284078	0.0135807267296468	0.00595898111941522	0.945988893823638	0.0216408210334915	0.00178585669955925	0.00534488095715168	9.02653520670701e-05	9.0265352189544e-05
8.98350566285635e-05	0.0137679090146565	0.00477162036414436	0.949213167976108	0.0229731474244161	0.000197521286034072	0.00880712876460216	8.98350567806509e-05	8.98350566299881e-05
0.00328065961526852	8.96073906503781e-05	0.00684963413520419	0.955543928008979	0.0260253239837997	8.96073906146623e-05	0.00379948929859524	0.00423214278630623	8.96073905822233e-05
8.96895624546672e-05	0.00546565647847243	0.00537558583143406	0.946034653392908	0.0240461709022769	0.0103005623213005	0.00850830238630016	8.96895623949179e-05	8.9689562458742e-05
8.84313807293526e-05	0.00717886244822883	0.00248305472145094	0.963827339840721	0.0134305824822912	0.00468487772857029	0.00670672932466224	0.00151169069259631	8.8431380749917e-05
8.75439148561216e-05	0.0184955317883066	0.00324299240289378	0.945703894575548	0.0205022219869621	0.00403449645214887	0.00619774653327645	8.75439148571207e-05	0.00164802843115067
9.20870901815361e-05	0.00550435099666459	0.00869651320206145	0.942026884243667	0.034138304496722	9.2087090142768e-05	0.00681829370081106	0.000214487782693172	0.00241699139705659
8.85610040463536e-05	0.00203918296846671	0.0095608504133185	0.967462268222395	0.0135058310365211	8.85610042198854e-05	0.00308821217453147	0.00407797217240828	8.85610040929988e-05
8.87418614498939e-05	0.00170163261406718	0.00765610358616748	0.963093391864193	0.0212694426488599	8.87418615909754e-05	0.00474759187461777	8.87418613070919e-05	0.00126561182774679
8.97255950929566e-05	0.00579711924081582	0.00314230694513648	0.960202045675711	0.027759892265464	8.97255950691499e-05	0.00273973349222748	8.97255953665669e-05	8.9725595116573e-05
0.0058053793200205	0.00193897127864699	0.00733565588679448	0.946581841128453	0.0252274065034342	0.00878791332640035	0.00413926384993354	9.1784353069337e-05	9.17843532477694e-05
9.41019615942876e-05	9.41019616250016e-05	0.0135872441239314	0.949166454907965	0.0287178539953267	0.00149167476267884	0.00398101093352295	0.00277345539174794	9.41019616080357e-05
0.00301549368478361	8.87515229062697e-05	0.00449880029059779	0.976540555236264	0.0115587639355487	8.87510236966315e-05	0.00403138225919788	8.8751023391135e-05	8.87510236141304e-05
8.86032194760544e-05	8.86056341040044e-05	0.00663127321322023	0.957576075945126	0.0231020800317252	0.00811397788571182	0.00422217763154977	8.86032195750511e-05	8.86032195121842e-05
8.88360820790456e-05	0.00402205605804832	0.00505652656324362	0.943878773152474	0.0257426121892413	0.0150688942898819	0.00596462950097008	8.8836081971449e-05	8.883608209048e-05
0.00101325522127323	0.0131728587096211	0.00414983440007667	0.944562447589329	0.0177298808358796	8.87637405483097e-05	0.0113555696914289	0.00444109740807146	0.00348629240377132
8.82821348277362e-05	0.0106632622847821	0.00410149916223668	0.949240269033247	0.0298265087558917	8.82821348684062e-05	0.00475176873089227	0.000881016197321118	0.000359111565933089
9.11188576199756e-05	0.00568211000974811	0.00514160518366693	0.953675846796023	0.0247043101531147	0.00290810839201441	0.00476122680945727	0.0026198261627538	0.000415847635601479
8.78892397041166e-05	0.00744602249205091	0.0024750883262161	0.949430370789143	0.032800339202529	0.00444038690099186	0.00314412456998745	8.78892396588099e-05	8.78892397182382e-05
0.00259120402447912	0.0086959627511185	0.00737736795462809	0.947968927724946	0.0247789830450594	0.00240234211696478	0.00597560541494842	8.82111188463303e-05	0.000121395849008856
9.30562393595855e-05	9.30562394328263e-05	0.00833168737533456	0.942246766097438	0.0322707016952127	0.00979480402723583	0.00625310458679422	0.000128569505369496	0.000788254233822974
0.000507536139449084	9.25226256931577e-05	0.0215217469185719	0.938136832725197	0.0183220834284452	9.25226256877797e-05	0.00808657384439979	0.0122810183015842	0.000959163390971523
0.00718614832699989	0.00528913051665579	0.00596546892045823	0.955777035486491	0.0220976694251767	9.16916877078406e-05	0.00340947226088805	9.16916877964345e-05	9.16916878259672e-05
9.11333853112237e-05	9.11333852395887e-05	0.0153873473127237	0.955816180788658	0.0150221707661646	9.11333852910731e-05	0.00267527795854964	0.00786653210527533	0.00295909091278645
9.21369089081469e-05	0.0106791582990655	0.0054756669032708	0.959723479494219	0.0180146001906272	9.21369090400428e-05	0.00573854747720429	9.21369087057862e-05	9.21369089588402e-05
9.40610795568604e-05	0.0031168727689638	0.0139545189372318	0.958185319548367	0.0129240460382956	9.40610795029296e-05	0.0033688005765883	0.00275940044381689	0.00550291952767714
0.00131599598531082	9.18753969641952e-05	0.00531238829973643	0.953031027673014	0.0226239060265359	0.0111307878564991	0.00555503394561768	0.000847109419244835	9.18753970765823e-05
9.37307954022601e-05	9.37307954127785e-05	0.0102541175168313	0.966324421011127	0.0165786277527752	9.37307953160046e-05	0.00610090537782808	0.000367005159916965	9.37307953903682e-05
0.000139345188620417	0.00115202480891159	0.0371276156959311	0.906587709769698	0.0209544495897492	9.3459601390237e-05	0.0114917613512263	0.0123455864184354	0.0101080475760375
9.46983233324156e-05	0.00118342074129142	0.0120927255402359	0.93994071662897	0.0304188013079243	0.0011785973021191	0.00365871159571656	0.011337630237067	9.46983233429358e-05
9.08620937749222e-05	9.08620938202541e-05	0.00691363781293399	0.958616971490398	0.0245880148011813	0.00269736391621661	0.00488782957853558	0.00202359611935485	9.08620937838864e-05
0.00128097343094685	0.00181874475319378	0.00526648060307836	0.956641502749974	0.0135810520617625	0.0052481305959898	0.00773961673752121	0.00442748438284796	0.00399601468468521
8.98470327602468e-05	8.98470327231454e-05	0.00581854735651747	0.957947312102811	0.0206425616471575	0.00717436698172689	0.00580849673682906	0.00233917407670667	8.98470327679881e-05
8.87913400137741e-05	0.00368117832769823	0.00670275273820505	0.965312935337931	0.0225886150786377	8.87913399704531e-05	0.000565277036498629	8.87913400522724e-05	0.000882867460992983
9.01825696483492e-05	0.00312531162319965	0.00629674637981008	0.946566367077291	0.0311006921902854	0.00683175191215847	0.00580858310834598	9.01825696132052e-05	9.0182569647639e-05
0.004792637451494	0.00878077913961337	0.00636791404758969	0.943050352580841	0.0291921019996995	8.90165378462807e-05	0.00754916516715164	8.90165378478101e-05	8.90165379163265e-05
9.2817594084636e-05	0.000580513804214746	0.00746427073783826	0.954966503870436	0.030502187347331	9.28175942589681e-05	0.00445420589559894	0.00129283859018257	0.000553844566055213
0.00120166619906416	0.0101952091894539	0.00710386624137743	0.962866172854594	0.0141455559547991	9.10751213446905e-05	0.00421430419705326	9.10751210884343e-05	9.10751212250677e-05
8.85747473069777e-05	0.00322943451100723	0.00352510213303755	0.963610034499831	0.0211945379871852	0.00149510798711555	0.00439511432715788	8.85747473303911e-05	0.0023735190600281
8.95392383705313e-05	0.0110167980099529	0.00430787511286804	0.963548329107288	0.0124417808506273	8.95392385287817e-05	0.00832705996581852	8.95392381671683e-05	8.95392383790313e-05
9.24927000699289e-05	0.00264061057663501	0.0238207566077474	0.94146053665618	0.0202606348386827	0.00880143807400506	0.00273854514653656	9.24927000675724e-05	9.24927000754432e-05
8.93635844126819e-05	0.00282908322565881	0.00969689888155867	0.955969447016374	0.0179546492086993	8.9363584542788e-05	0.0092258468946006	0.00405598401974321	8.93635844104654e-05
0.000161969178760557	0.00261720038635218	0.0024542351363985	0.956892226811538	0.021493818177001	0.0112573567765146	0.00493785875132659	9.26673910092052e-05	9.26673910988347e-05
0.00275227252231077	0.0100867694948189	0.00447580031618627	0.960947354695311	0.0154967403364534	8.98135655752484e-05	0.00451374375180563	0.00154769175194865	8.98135655902369e-05
0.0031904624040951	9.15409699278209e-05	0.0193602296411154	0.94798011608171	0.0172019486978518	9.1540969923169e-05	0.00820065582223825	0.00337870889417809	0.000504796518960862
0.000216214069501483	0.0159319514927515	0.00501895072837403	0.937920685907223	0.0204402487854378	0.00476659364583504	0.00882656305144917	0.00678990408482957	8.88882345981891e-05
0.0020242027810011	0.00207231108005769	0.0111974455776866	0.937866224783984	0.0251413862768251	0.000783988615475494	0.00814224656288572	0.00923211467523447	0.00354007964685008
0.000307559450856492	0.0149516098869116	0.00680160317442819	0.936303058080437	0.0248889776231063	8.9944707326136e-05	0.0125267547646728	0.00312352772467948	0.0010069645875819
0.000171394260023843	8.85341440269437e-05	0.00437679070801399	0.958401955798955	0.0185894828306029	0.00959755514186768	0.00468195125346288	0.00400380171900844	8.85341440382023e-05
6.28533433785348e-05	6.28533432858817e-05	0.00417567135903327	0.957198482128176	0.0304479828348355	6.28533433520619e-05	0.00786359696124275	6.28533433147741e-05	6.2853343380831e-05
0.00744856391347841	0.0144443236552417	0.0170470803327956	0.837817245041833	0.0323724608519376	8.8556552328204e-05	0.0444750826664648	0.0228949080381014	0.0234117789478193
8.95750374085833e-05	8.95750264092571e-05	0.00782363259278001	0.943083572346242	0.0379576308496086	0.00459323459321857	0.00245709696348784	0.000611078122559401	0.00329460446828549
0.000850905017497634	0.00392653933864694	0.00967410264368936	0.947734261194507	0.0295360150733523	0.00155539606183893	0.00645603863037643	9.14473035240259e-05	0.000175294736566894
0.00199963580249479	9.20755877938719e-05	0.0196944782635252	0.947394772069721	0.0151179673239932	0.00270943273962159	0.0054480425289625	0.00580842898342155	0.00173516670046674
9.29584325686248e-05	0.00269896299076853	0.00716169533443388	0.954721900259992	0.0203456952712279	0.00422697557678665	0.00949162189276344	9.29584325720073e-05	0.00116723180888711
0.00595494093218076	0.000913226262200321	0.00220970931393801	0.938920722087956	0.0383416527431859	9.05443788542595e-05	0.0123432676942043	0.0011353922086084	9.05443788724845e-05
9.11225892794164e-05	0.00263217946317537	0.00325906418145818	0.973136706442182	0.0123739098345748	0.00308851434414591	0.00445694846853283	9.11225894344458e-05	0.00087043208721731
0.00107868619340904	9.17487538399653e-05	0.0332660109866272	0.923388729167015	0.0171756686945935	0.00163283753621378	0.00832799225854934	0.00546705621287956	0.00957127019687306
0.00583344886005208	9.23648162898972e-05	0.00895414479281668	0.95388183938342	0.0219434313165446	0.00214956295501303	0.00434123779054895	0.00271160526905571	9.23648162592271e-05
0.00323891450070488	9.19378206755238e-05	0.00846266017617813	0.94416936049957	0.0218966245390717	0.0124064890359779	0.00714869086839114	0.00249338473870528	9.19378207250216e-05
0.000980360965640218	0.00380152656075405	0.0101053117854015	0.955818651170229	0.0119317318952085	0.00756570910133779	0.00545295788501705	0.00425039026570032	9.33603707120338e-05
0.00095959808903683	0.00312385836804311	0.00765771449459858	0.960818380491417	0.0200973220151963	0.00299140600545879	0.00417185801419539	8.99312609324873e-05	8.99312611211234e-05
0.00171431790216866	9.13946951385168e-05	0.00315691081969329	0.960010842216619	0.0211352746172777	0.00965451166001544	0.00405395869895257	9.13946950691968e-05	9.13946950651351e-05
0.00364156672332043	9.00839448910385e-05	0.00668578020069902	0.951548740729076	0.0263780587320291	0.00634731811041873	0.00262835834901449	0.000226083547517468	0.00245400966303326
9.17343701808192e-05	0.00395886227590252	0.008330485490092	0.951350831502806	0.0317211948786678	9.17343701271688e-05	0.0038833145773952	0.000480108164642043	9.1734370186772e-05
0.000547589314354668	9.26733755242439e-05	0.0100934503204702	0.954861770866228	0.0286119660272799	9.26733754344355e-05	0.00551452996962755	9.26733755422027e-05	9.26733755388905e-05
0.00201487281518706	8.93333517490192e-05	0.00703985235532467	0.956952396004087	0.0243595579727313	8.93330087265258e-05	0.00522964997065781	0.004135671512845	8.93330086915702e-05
8.99774267482344e-05	0.0263733128794389	0.00486489711003607	0.94377244980446	0.014752064285827	8.99774267522766e-05	0.00828323896545944	8.99774267718466e-05	0.00168410467450608
0.00215217987062764	0.00146746850774437	0.00525664263362613	0.96634652558692	0.0177366704885785	0.000947114887043678	0.00591524536271861	8.9076331297005e-05	8.90763314439061e-05
8.92123271084127e-05	0.0143215023621415	0.0025231383490772	0.963815024833914	0.0135665496779608	8.92123271720993e-05	0.00497855511187188	8.9212326980126e-05	0.000527592683773495
0.00532263726339194	0.000175185853047376	0.00320252117528575	0.948379175640028	0.0318839676925279	9.02813141575009e-05	0.00481285445768952	0.00309984572511356	0.00303353087875828
9.33873012357318e-05	0.00116071278741785	0.0105530548370411	0.942076444035777	0.0251755017328565	0.00928877876328085	0.00406448957500337	0.00749424366614601	9.33873012412264e-05
0.000181704421238971	0.00703718723775786	0.00778243369294378	0.947349605758258	0.0290567509971624	9.19101405575113e-05	0.00831658747108391	9.1910140547669e-05	9.19101404495414e-05
0.0078318345985272	0.000897805441832069	0.00648663273166308	0.955545942940888	0.0179090424957174	0.00192447722949966	0.00697445768458092	0.00233981953455528	8.99873427364586e-05
0.00193278663758569	0.00468270068615619	0.0123918990479589	0.945181631723526	0.0289532494438924	6.42119835027486e-05	0.00666509651036722	6.42119835008372e-05	6.42119835094403e-05
0.000741589333949262	0.00580214897443026	0.00845814353519939	0.957973270628095	0.0181296057148438	0.00132515025486605	0.00674065551629541	8.98736009865526e-05	0.000739562441334733
9.10186816687948e-05	9.1018681615332e-05	0.0234594398466419	0.921275385336617	0.0237410828666132	9.10186816500739e-05	0.00640431434250979	0.0247557028810159	9.10186816686429e-05
0.00232448826662171	0.00210626201364492	0.000824646205753991	0.954642739046626	0.0280596111266881	0.00559469090240527	0.005849284036444	8.87742264049029e-05	0.000509504175410886
0.00169651788764351	0.0058686765736694	0.00260121323874072	0.946592868937725	0.0278851462959292	9.03892295158955e-05	0.00582629454785504	0.00109186159992948	0.00834703168899176
9.45730201477859e-05	0.00690092003428134	0.00982275780738363	0.960593299591626	0.0181681243045905	9.45730201893266e-05	0.0041366061814746	9.45730201493849e-05	9.45730201572516e-05
9.02523683814234e-05	0.00854993817528113	0.00764531819340459	0.933308904772473	0.0315157861741583	0.000621455207955757	0.00431301527464445	0.00593453922219521	0.00802079061150589
0.00436215712606601	9.36892429565302e-05	0.00977884978148728	0.930834108896884	0.0333056407558701	0.0134055397324707	0.00203583700500166	0.0053344706180781	0.000849706841185893
0.00307787737508199	0.00122360606615285	0.00364462596160751	0.968647015675227	0.0181261779752262	0.00176109372261559	0.00333823483732775	9.06841932292444e-05	9.06841935314477e-05
9.1619595458916e-05	0.00241003080982114	0.00610933278561465	0.973407204610425	0.0137560618606521	0.000256533405230028	0.00378597774177753	9.16195955537057e-05	9.16195954669575e-05
8.84673757821794e-05	0.00639713256472333	0.00530688167172433	0.94882420173147	0.0300396733626386	8.846737592423e-05	0.00767439930669832	0.00149230923524939	8.84673757895541e-05
0.000928476401400697	0.0139901322135962	0.00445059141457303	0.959064956876655	0.0184316237830011	6.11640383502578e-05	0.00295072719569188	6.1164038335339e-05	6.11640383959755e-05
0.00427515903216261	0.00853608218301263	0.00582307325265507	0.939291317959419	0.0300590102716366	0.000396080034781522	0.00804175878181443	8.99868092570082e-05	0.00348753167526127
9.34008935414011e-05	9.34008934721677e-05	0.00909873295666942	0.960967309914764	0.0183475748726239	0.00625576026684415	0.00495701841509521	9.34008934438158e-05	9.34008935454601e-05
0.00729231669905191	0.0328882050549424	0.00786716604746253	0.916530739522819	0.01676674474924	8.49009985534631e-05	0.0111229498806259	8.49009984375077e-05	0.00736207604886793
9.11334287115232e-05	9.11334285980344e-05	0.00654537720489613	0.968641273601883	0.0166350071988887	0.00663310278204651	0.000949671183175889	9.11334287467798e-05	0.000322167743053777
0.000123624766135952	0.0136599891244366	0.00163037893144888	0.959098528732689	0.0174365571356334	0.00128045311008398	0.00537461372116328	0.00130638610895684	8.94683694524682e-05
9.17544179477987e-05	0.0126870025363302	0.00352977992080351	0.942453779906546	0.0355473695795989	0.00243814155164141	0.00306866325124387	9.17544179453553e-05	9.17544179426553e-05
8.8051384451043e-05	0.00199628567604737	0.00447365498729824	0.937169309245613	0.0332758689831482	0.00734689158384743	0.00627338351991859	8.8051384462199e-05	0.00928850323521394
0.000259658169891621	0.0102411982688272	0.00343598916636795	0.940852244861973	0.0366965644044123	8.80262691317774e-05	0.0058584523119363	0.00247984027834929	8.80262691103649e-05
8.99249086619305e-05	8.99249824373869e-05	0.00663831162258009	0.958447218713306	0.0220169689511716	0.00503225810949177	0.00471376139175028	0.00158169521914344	0.00138993610145754
0.00949837268292016	0.0112051651569255	0.0061649171180285	0.936700035648613	0.0294075389519255	9.09597417843643e-05	0.00619388202409758	0.000648168933855559	9.09597418503426e-05
0.00399210362566212	0.00568920067450565	0.00536456149267765	0.955641405335717	0.0168774743158746	0.00450216991456294	0.00687634281145953	9.110968142023e-05	0.000965632148120194
9.36741354380713e-05	9.36741354746814e-05	0.00545774266212117	0.961022473429951	0.0200417427864935	0.00651472758059814	0.00658861699920017	9.36741352844707e-05	9.36741354390544e-05
0.00263673387007242	0.0116311488703176	0.00664028117872227	0.946773166256871	0.0221821562330117	0.000979319726598722	0.00587441870870492	0.00319234030770182	9.04348479996293e-05
0.0177873442354447	0.00298880946489712	0.0154190586035814	0.897639955117139	0.0267815324858662	8.81229048125917e-05	0.0251242971114319	0.00651416264261481	0.00765671743421184
0.000240141799509819	0.00928519533614102	0.00581997133002203	0.958797514430458	0.0191573595288345	0.000188866814707951	0.00633224176203612	8.93544991662228e-05	8.93544991244202e-05
9.0273642509316e-05	0.00445191113479011	0.00720233874641708	0.947809907051272	0.0298070409323051	9.02736424940254e-05	0.00555622284435252	0.00490175836334381	9.02736425159058e-05
9.14213704804948e-05	0.000389831935590879	0.00776657923544225	0.961458248934664	0.0171346742904253	9.14213704420203e-05	0.00707517761567934	0.00590122387677598	9.14213704998557e-05
8.81071580055866e-05	8.81071580467594e-05	0.0045893668742164	0.959309686291132	0.02707640291806	0.0015571455682686	0.00450965290041158	0.00254874548760213	0.000232785644256659
0.00180299959760362	0.0218620120943883	0.00518238078314207	0.939078170315148	0.024200356346555	9.10587007715818e-05	0.00760090476083681	9.10587008285713e-05	9.10587007263075e-05
8.95280913136494e-05	0.0166080121784832	0.00212956338006736	0.953831207756822	0.0209193349874533	0.00102286887564329	0.00481126588504799	8.95280913543205e-05	0.000498690753815261
0.00370879209916278	0.00424948002974176	0.00306505968320247	0.939693680193253	0.0342759638271579	0.00109522679789331	0.00769161692611063	0.00612750430426785	9.26761392103419e-05
9.18953281789309e-05	0.00352755377681126	0.00778233725797373	0.965864860574275	0.0173448046303263	0.00105789521452103	0.00366291644343309	9.18953280315617e-05	0.000575841446449344
0.000991350483768346	0.00072420830360952	0.00756252417712853	0.964092455269563	0.0175516750527045	9.11566608243478e-05	0.00401408391312273	0.00488138947841261	9.11566608666543e-05
0.00044015927274135	0.00721366022195833	0.0083809726439063	0.951839798113579	0.018675472684915	9.07214222835369e-05	0.00627951532511686	0.00698897889316209	9.07214223378567e-05
9.07546175470153e-05	0.0119585796826554	0.00386508238585044	0.957276245841807	0.0183770519027367	0.00258274234067273	0.00566803399359829	9.07546175671525e-05	9.07546175653201e-05
9.28802060715097e-05	9.28802061084893e-05	0.0290644437101919	0.924458426242337	0.0209103048585553	0.00408718679711866	0.0102935347829684	0.0109074629905728	9.28802060762621e-05
8.75873548898555e-05	0.00430119600297745	0.0059368690721834	0.960369286326841	0.00936843266909426	0.0127494086619197	0.0052724469917084	8.75873549809465e-05	0.00182718556540466
0.00280451905382876	9.00986515830302e-05	0.00580898581906915	0.950797325422829	0.0270643452990901	0.00796122502447638	0.00529330342606137	9.00986514896629e-05	9.00986515728117e-05
9.16191171387872e-05	0.000849088969061378	0.0087766360659523	0.95286722548849	0.0194264131900746	0.00752795633258368	0.00604280738063767	0.00432663433892053	9.16191171408229e-05
0.00568411589339567	9.28878232802393e-05	0.00705669629026722	0.951266014965125	0.0259350309501215	9.28878231798637e-05	0.00291315160152506	0.00630209713275785	0.000657117520347812
0.00155305800710987	0.0121088720121926	0.00578322426177323	0.94432954340617	0.0194416300856941	9.09187948028483e-05	0.00606308677108761	9.09187946943912e-05	0.0105387478664755
8.88775110473786e-05	0.0068323493028145	0.00585711839631237	0.964340639102239	0.014684587022455	8.88775110948582e-05	0.00580599157068264	0.00221268207230362	8.88775110508235e-05
0.000415703894660466	0.00227452143755029	0.0102190090850877	0.952896207454517	0.0243199686227427	9.15172068174417e-05	0.00564101988420398	0.00405053520775639	9.15172066641583e-05
0.00158310017231886	0.00534716537721498	0.00292198862428242	0.95851352587875	0.024117583090852	0.00234407138948963	0.00499584420974225	8.83606286810686e-05	8.83606286682124e-05
8.99188038208953e-05	0.0237083585735603	0.0047695254793353	0.937679148048983	0.0168174765211104	8.99188037839356e-05	0.0100334844376241	0.00672225052795731	8.99188038243226e-05
9.20169157043655e-05	9.20169156434211e-05	0.00842530550616317	0.939902282968266	0.0346658490423409	0.0012491116474409	0.00450641544349275	0.00912601690994895	0.00194098465100007
8.92097552550289e-05	0.00795140154227254	0.00337801812957479	0.960276292309228	0.0184726508064536	8.92097554034459e-05	0.00956479819135039	8.92097551910062e-05	8.92097552711945e-05
9.59658648672414e-05	0.00556369024867177	0.0185053707448023	0.952883366942546	0.0186168582904912	9.59658648499132e-05	0.00404685031411467	9.59658647915485e-05	9.59658648656485e-05
9.04754773301756e-05	0.0214502220746605	0.00624203535592023	0.950560084459611	0.0139261733186208	9.04754772776501e-05	0.00719026301360175	0.000359795345651479	9.04754773267206e-05
9.19121402990984e-05	0.00722076707465421	0.00695437350680315	0.959863018269181	0.0212446290402615	9.19121402231198e-05	0.00290946573027727	9.19121402234419e-05	0.00153200995807759
8.75270093552725e-05	0.00522213193109808	0.00631870483820986	0.954024551710557	0.0195491959713081	0.00677632096922165	0.00650281075874819	8.7527009211099e-05	0.00143122980229071
0.000691527755892587	0.0200111520091396	0.00551238162977968	0.951136013026098	0.0143454230300965	8.97048520300507e-05	0.00747964357197732	0.000644449272882613	8.97048521036926e-05
9.02031242134536e-05	9.02031243608088e-05	0.00517727416935331	0.950524582431817	0.0263298522626693	9.02031242078348e-05	0.00701709168488424	0.0105903869542631	9.02031242308238e-05
9.36353114169587e-05	9.36353113633224e-05	0.0129204994421611	0.95792509560283	0.0199807359862198	9.36353114253867e-05	0.00468875949337983	9.36353113493724e-05	0.00411036822985428
8.8278032256569e-05	0.0109347765215983	0.00664988065973764	0.960030388508126	0.0148059703621718	8.82780324315103e-05	0.00658323597260984	0.000730913878802882	8.82780322650125e-05
9.20780987040597e-05	0.0158451703549234	0.00526941390109463	0.94417450772326	0.024688388089591	8.85556738279426e-05	0.00751745896070977	0.000547335609941311	0.00177709158794779
0.000236110329164814	8.98592226574461e-05	0.00774191131643494	0.967484786573664	0.0122296097428859	0.00751500731632238	0.00434460819974135	8.98592226929803e-05	0.00026824807643584
0.00082476096458962	0.00409981896997251	0.00385206130052129	0.959981406834632	0.0287282701882457	9.01020715826192e-05	0.0022433755272275	9.01020716048573e-05	9.01020716243387e-05
0.000583797647093072	0.00578857685888714	0.00512220593222208	0.958562385846391	0.0233926533397655	0.00394402774224552	0.00220125115223403	0.000314684541892621	9.04169392689847e-05
0.00059111903464868	0.0161029697507839	0.00542503134809539	0.941498753355126	0.0245165984221813	8.83544298492616e-05	0.00672919724873028	0.00495962198065954	8.83544299255559e-05
8.99710147390569e-05	0.0192352305083433	0.0045674020111807	0.950769792552851	0.0134052363448179	8.99710146675519e-05	0.00787779221495014	0.00387463332371532	8.99710147348877e-05
9.01283166749455e-05	0.00348502751855135	0.00566600740080005	0.959601646237328	0.0237997136346163	9.01283167861293e-05	0.00693780688060238	0.000239413377945221	9.01283166951454e-05
0.001225597212456	0.00923622065025977	0.00554287947422281	0.956744488567203	0.0184499892359541	8.99114365496839e-05	0.00440984464966979	8.99114365678903e-05	0.00421115733711746
0.00296207008004803	0.00139818018631895	0.00544730389145945	0.958562900932104	0.0214129002669749	0.00526388651962214	0.0024031212016898	9.0032321298895e-05	0.00245960460048427
9.3240777145388e-05	0.00144764791955167	0.0143694513118618	0.95263132001352	0.0131978703079824	0.000660298060021298	0.00930399491329043	0.0082029359194803	9.32407771468203e-05
9.29506741040907e-05	0.00670080551154967	0.008564887169704	0.946174498765867	0.0347160049841217	9.295067404804e-05	0.00182732340033652	0.00173762814615987	9.29506741091031e-05
0.00163559009027415	0.0117300702088104	0.00611730952565847	0.955268486238657	0.0182500863043804	9.04190424814386e-05	0.00672720050461105	9.04190424876593e-05	9.04190426395343e-05
0.00439239109036514	0.00637315656871864	0.00598707121072753	0.92780194731617	0.0442927582347653	0.00390149593273194	0.00566780176308291	8.90881073548256e-05	0.00149428977608402
0.000618095750341013	0.00708286845131275	0.00823626891813918	0.95530731881243	0.0194193778023393	0.00313615856279545	0.00494285400035855	9.09587051517297e-05	0.00116609899713185
0.000982035887514754	9.14016618284449e-05	0.00693293958675771	0.952785299624903	0.0339363605017995	9.14016618699913e-05	0.00499775775170436	9.1401661736881e-05	9.14016618855978e-05
8.84802896644316e-05	0.00711923229935968	0.00665064055462529	0.963597300381164	0.0163839645547217	8.84802896108845e-05	0.00276457437807019	0.00140249294391479	0.00190483430886933
0.00163850821627059	0.00820782794819163	0.00790755702984469	0.95546363167986	0.0231368890156112	9.37481363415565e-05	0.00336434170118282	9.3748136339835e-05	9.37481363580884e-05
0.00571823955995113	9.29737816068907e-05	0.0229608424786275	0.929541748502148	0.0227492813535485	0.00930700964152645	0.0028642916006292	0.00576520175655556	0.00100041132540648
0.000705459375004522	0.00941006357871511	0.00500755407143349	0.951880636734001	0.0252903003463986	9.05144318866851e-05	0.0074344425990653	9.0514431695983e-05	9.05144317996192e-05
9.17962339731923e-05	0.0165519308278059	0.00521417528966501	0.948155861125676	0.0179430593140802	0.000496796288320582	0.00796199036719489	9.17962339360857e-05	0.00349259431934857
0.00213038090410928	9.19564529904601e-05	0.00257368162005726	0.949972117972258	0.0198429630625615	0.00686431153478831	0.00884867495608624	0.0083186054129732	0.00135730808417635
9.31217236188758e-05	0.00464405869373611	0.00615031141554337	0.948139318576455	0.0372348982047308	9.31217235762885e-05	0.00252166114047109	9.31217236189401e-05	0.00103038679825005
8.99879851946808e-05	8.99879852972132e-05	0.00710294823285079	0.953225914497037	0.020605988044084	0.00914117241525045	0.00642330958029019	0.00323070327475782	8.99879852381884e-05
0.00172022082132276	0.018860785415528	0.00702924039715387	0.943162008080841	0.0169024441301716	0.00272322416567722	0.00590830817341253	0.00360492855839493	8.88402574984514e-05
9.57808683215826e-05	9.57808682585287e-05	0.0150755534917433	0.960516442361749	0.0113995408071282	0.00370087270637246	0.0037315001961064	0.00528874783199584	9.57808683249667e-05
9.44485270811894e-05	9.44485272139658e-05	0.00952185114936859	0.95163671862869	0.0238140444947158	9.44485272132197e-05	0.00558008593163992	0.000549653603048819	0.00861430061102863
0.00305957154455886	0.00894008374450468	0.00409552496815796	0.960825845516813	0.0196127783332581	8.79335335922031e-05	0.00299454970210058	8.79335335019674e-05	0.000295779123512753
9.12085721120488e-05	0.00414849857875164	0.00523859404460145	0.947561993317669	0.0400132725412423	9.12085721593651e-05	0.00267280722930202	9.12085720438967e-05	9.12085721185966e-05
0.00492823465832361	0.00456996545897162	0.00428880861388911	0.948469189498438	0.0299013446111828	8.84313290168326e-05	0.00658441148342452	8.84313291457536e-05	0.00108118301760781
0.00107217360121835	9.496904480391e-05	0.00524353587948889	0.953669433480631	0.0303879107626834	9.49690445982036e-05	0.0058905131128085	0.003451526029157	9.49690446109574e-05
0.00458303224644254	0.0124802089773615	0.0189685326712572	0.90223851763547	0.0243538161778053	9.07286283087584e-05	0.0176507261364548	0.0195437088984799	9.07286284197956e-05
0.00295436668676116	0.0103850970437345	0.00362577856957732	0.9423629467967	0.0257999918118216	0.00476313795850167	0.00676688117492621	0.00325299053035032	8.88094276274758e-05
0.00107217449276346	9.265843441995e-05	0.00980579396157922	0.969559986320233	0.0137692989537937	9.26584343996385e-05	0.00542211253392943	9.26584344195026e-05	9.26584344625211e-05
9.00282179481014e-05	9.002821806571e-05	0.00677668174615441	0.963337308969243	0.0152055168295766	0.00980182027503819	0.00390855945422093	9.00282179127228e-05	0.000700028071840095
9.25563954265043e-05	0.00531418833813074	0.00844129580882044	0.960947307344494	0.0173634329252173	9.25563955674271e-05	0.00756355000158961	9.25563953118412e-05	9.2556395442125e-05
0.00220228724095765	0.00564540111346733	0.00399096787907157	0.955495608459087	0.0248721690259963	0.00154156311395985	0.00564536764001139	8.97349018855065e-05	0.000516900625563092
0.008845176661026	0.00048540927514523	0.00876869514239314	0.944145261911649	0.0332534969375011	9.03656470072941e-05	0.00181963938569595	9.03656470814566e-05	0.00250158939250114
0.000728340216666655	0.00123476527633985	0.0118376281644773	0.959980478045819	0.0213147533644807	9.26009166017962e-05	0.00462623218260813	9.26009165293499e-05	9.26009164774795e-05
0.000753502766303714	0.00275022382692632	0.00329170642871433	0.95924138305877	0.0283984073822071	0.00105606314482534	0.00414304660740155	0.000275113063989028	9.05537208628942e-05
6.32343149456286e-05	0.00610851922708604	0.00565251889535618	0.956664264329	0.0253423824913999	6.32343149145463e-05	0.00597937779742279	6.3234314928755e-05	6.32343149459599e-05
0.00899382298362624	9.2145588908533e-05	0.0372413010133892	0.909030737096696	0.030230051472206	9.21455889229246e-05	0.00931501963992796	0.00491263102736993	9.21455889533367e-05
9.04603439493634e-05	0.00792400279575369	0.00566983061187096	0.95675757995213	0.0181094279849346	0.00476144573504562	0.0065063318885464	9.04603438099462e-05	9.0460343959472e-05
0.00506658089073085	8.94712231269639e-05	0.0109995545447532	0.957061297522726	0.0185974242161894	0.00413326015782529	0.00304703981908452	0.000915900402424391	8.94712231398055e-05
0.00115206261679799	0.00355056152342089	0.00616641144044534	0.961924628071195	0.0236205005864566	9.02441489372419e-05	0.00327650723519806	9.02441488285777e-05	0.000128840228720669
8.98230428911644e-05	0.00591324811506862	0.00197584934508494	0.949738843950297	0.0258462774544816	0.00766552887112125	0.00438727369460746	0.00152565511802844	0.00285750040841941
0.000182231927006805	0.000340122294393063	0.00925306021813402	0.951714798311256	0.0222772321448668	0.0123950773636533	0.00365066796058633	9.3404889962018e-05	9.34048901411721e-05
0.00191206196474131	9.24166900462548e-05	0.00260057038912404	0.955536013068787	0.0259394768359109	0.00865126924893208	0.00251306400821105	0.00266271110433392	9.24166899135757e-05
0.00436412494114551	0.00203597375702642	0.00766999127427825	0.950923030146386	0.0246239148187229	0.00579205361927401	0.00441219325560597	8.93590937528111e-05	8.9359093808693e-05
9.19356171399307e-05	0.000916325271688804	0.00686090769488358	0.966228253968823	0.0160949972546728	9.19356172378701e-05	0.00808020515848442	0.0013158718219357	0.000319567595134364
0.000337528921180993	0.0119080844757344	0.00636933561622882	0.935161406128929	0.0211964842442075	0.00637716175347598	0.00706773216727267	0.000130006149457592	0.011452260543513
0.00207273868392365	9.31359914787225e-05	0.0264110707517404	0.944962429627833	0.0175973223737113	9.31359915787608e-05	0.00550402064403533	0.00317300994415782	9.31359915405064e-05
9.59081442678543e-05	9.59081442982093e-05	0.010951794386282	0.950633912640791	0.0168082566193675	0.010513474587169	0.00708497042498858	0.00371986690856657	9.59081442690126e-05
8.91238483101813e-05	0.0243476724763369	0.00321251320274807	0.928724177694797	0.0310130298514939	8.91238482342735e-05	0.00740697943007888	0.00337200382633731	0.00174537582166396
9.34443172265747e-05	9.34443171899278e-05	0.00679601387027951	0.967489763108365	0.019810544595812	0.00109101653727638	0.0029077489698434	9.34443172040449e-05	0.00162457996680265
0.002269463727182	0.00266460997635828	0.00380053085574656	0.957287581227365	0.0242470279349479	0.00492068858661711	0.00253766365008019	0.000682121119997024	0.00159031292170623
0.000585425697482395	9.06199781706237e-05	0.00660318018447031	0.970432930492894	0.0137146474544729	9.06152650642681e-05	0.00178668856414351	0.00589201505129354	0.000803877312008523
0.00283034612958581	0.00706741794155023	0.00354808761930522	0.957944473634128	0.01812030481474	0.00332717635192805	0.00698041756863017	9.08879702199598e-05	9.08879699120106e-05
9.0150503865211e-05	9.01505038926367e-05	0.00504755876162528	0.962022983371566	0.019660121079122	0.00371119077095871	0.00638341446949951	9.01505039253206e-05	0.00290428003554561
0.00092796178185883	0.00293279698028147	0.00275548704519818	0.947803512975124	0.0273754739554147	0.00743797357449743	0.0105875270731533	8.96333072293433e-05	8.96333072429385e-05
9.01680168318508e-05	0.00634389139476682	0.00510423044270737	0.953116551780894	0.0280091175033408	9.0168016778242e-05	0.00605006699634564	0.00110563783149785	9.01680168371057e-05
9.12490583970653e-05	9.12490584037915e-05	0.00804627127515469	0.945880379493676	0.0273212895339896	9.12490584439143e-05	0.00810382006408776	9.12490583834391e-05	0.0102832433994643
0.00322728152333867	8.90599984052909e-05	0.00712884631743166	0.975151677611793	0.0110622477452403	8.90599985491632e-05	0.00307370680856487	8.90599982656703e-05	8.90599984114095e-05
9.09855625730343e-05	9.09855625585663e-05	0.0184540814160505	0.919125156386353	0.0234129470406096	9.09855625552908e-05	0.0074237495211615	0.0166171319024725	0.0146939770456657
9.08239492382601e-05	0.00333064637983099	0.00287739066867887	0.952488063562682	0.0266960246606045	9.08239492501355e-05	0.00652944353663527	0.00353319406152202	0.00436358923155792
8.80506279020114e-05	0.00194055711055508	0.00433924346388864	0.959927151500326	0.0172036286160923	0.00436812360393756	0.0100868698046284	8.80506279100214e-05	0.00195832464475932
0.00324543806904669	9.2050006717332e-05	0.00877477386445039	0.944940327815707	0.0281355660077749	0.00771861560503217	0.00428046027393928	9.20500066343586e-05	0.0027207183506973
8.95771534262307e-05	8.95771533146318e-05	0.004224854442144	0.957982710779307	0.0191977370209679	8.95771534339616e-05	0.00642347848273528	0.0115660481593107	0.000336439655360124
0.0114525814333127	0.00449524140094175	0.0290656327934668	0.891046058352324	0.0253103315145518	8.98738695782655e-05	0.0146457085509718	0.0223685542840766	0.00152601780077577
8.98378584026742e-05	0.00652684853219555	0.00433444753053971	0.964708820900968	0.0193531505493	8.98378584552766e-05	0.00447075322390011	0.000254131516354558	0.000172172029884478
0.000713269744350297	0.0030423306978245	0.00592446179043969	0.943438177707839	0.0258204294970521	0.0107926611140922	0.00373328216980391	0.00644231647433613	9.30708042617937e-05
0.000850974730513374	0.00237221882302994	0.00767233314556399	0.952892441033399	0.0167645745548236	0.0159060414746474	0.00336414591230613	8.86351628209717e-05	8.86351628951876e-05
0.000930619598171839	0.00125727491537004	0.00376836302832244	0.949644014142008	0.0198894103226675	0.0141823382705244	0.00553179771522352	8.7839649400271e-05	0.00470834235831236
0.00015314382776905	9.41844981389273e-05	0.00878151027279145	0.950877528661256	0.0247531068103142	9.41844981360132e-05	0.00652227507496885	0.00862988185853127	9.41844980938214e-05
