Astro	CR	Endo	L23IT	L4	L5IT	L5PT	L6b	L6CT	L6IT	Lamp5	Macrophage	Meis2	NP	Oligo	Peri	Pvalb	Serpinf1	SMC	Sncg	Sst	Vip	VLMC
9.01396960323232e-05	0.000284367532948154	4.18596316296345e-05	0.204494415628183	0.00459047308949046	0.00163336905242116	0.00199947408845	0.119343010950553	0.000833808822118125	0.00101368351242726	0.00159059673142219	8.51621166095518e-06	9.53874290068054e-05	0.181030034089737	6.36118148648916e-05	0.00510292082680356	0.000314407226743981	0.0736219217090835	0.169862210207747	0.000223601182181813	0.233171160267368	0.000577659995887498	1.33703032380305e-05
6.01526843689492e-05	0.000109569296040605	2.95169582351888e-06	0.0951810694416571	0.00062733777824718	0.00117809927659981	0.000533173497093584	0.000693254553453577	0.00030839022874101	0.000341524711401098	0.0257150101838123	0.1643610570177	0.436414993525012	0.000399581478737139	1.06204282905041e-05	0.134291662564897	0.00285876810871958	0.136611511745295	1.12309973725805e-05	6.18964165330598e-05	7.70113468577723e-05	0.00014583769504733	5.29532830092093e-06
0.000379240583623545	2.50055959240879e-05	1.26827087419286e-05	0.000187900172147464	0.023834474380947	0.000242047328695983	0.266684742193193	3.21322726940297e-05	0.000140543939627879	0.000147974684735922	0.000134849557470349	9.87071995845158e-07	3.78570270051099e-05	0.476225685002009	2.68082811928437e-06	7.7074687716285e-05	4.52643008288178e-05	4.85224158004292e-05	2.33425749750302e-06	4.97853732350927e-05	2.2858406300341e-05	0.231664213202056	1.14400963420365e-06
7.28197188829912e-05	0.285466896915047	6.83923906168404e-07	7.67465637966844e-05	8.01394204278983e-05	2.89145340123329e-05	1.80793995015186e-05	1.6786791925703e-05	3.85330757021419e-05	4.46886166245496e-05	0.0299224609494557	3.69240511723908e-05	0.434970510034666	4.75218422874669e-05	6.14290816165929e-07	2.65186182240546e-06	0.0155522470596271	0.00702905507233774	3.40653679151703e-07	5.9010178028254e-05	4.27313438884217e-05	0.22649090140699	7.42295401760968e-07
2.18565402493142e-07	9.94479060812695e-08	5.3143620178559e-08	3.13218771961914e-07	5.57416884496081e-07	3.72145766241959e-07	1.57480175993021e-07	2.52585401986742e-07	3.70777715990907e-07	3.5091480232113e-07	2.05886093081581e-07	0.999995105021768	1.60793021256822e-07	3.46189839380855e-07	4.36531113424568e-08	1.80838506202143e-07	1.65359014113786e-07	1.86314786130051e-07	3.81594767877839e-08	2.14354691155695e-07	1.70513049209411e-07	3.63549825830567e-07	7.36703695989159e-08
0.120228956690737	0.000435242334090385	1.06843828138024e-05	0.0890456375071148	0.120860975154071	0.000370374554522017	0.000885396606293579	0.000165310810788431	0.0883046350970412	0.000926570244511762	0.155420465350169	4.20314068248032e-06	0.00151534321153918	0.000522401030938229	8.86764090221274e-06	5.20808030744082e-05	0.000133407019200255	0.000648785319406799	2.11716088704948e-05	0.110607443140009	0.000364837112075735	0.0369915656467011	0.272475645594447
0.27078667480975	2.23594669657898e-05	2.04330289754704e-06	0.000302463870826312	0.0223876070349157	0.000415996938121494	0.000360853696360475	8.15482994374303e-05	0.000320040923279843	0.304989274956234	0.017930749804463	0.269829535217466	4.67971155840285e-05	0.000137804894666166	0.000112298414291561	7.25860872325854e-06	0.0158927837437775	0.00111236314852865	9.49051347902176e-07	0.0949858521750693	4.57863998277549e-05	0.000217738181254292	1.12199462116217e-05
0.00013126665910397	7.70596371291571e-05	0.0964910460596099	0.0047174570396469	0.0884761595137566	0.00647771725514978	0.000695422480623022	0.000462936849483643	0.000990286044975835	0.0887685865138273	0.00146108247679711	6.12621059203223e-06	0.136110335093194	0.000242258852613623	1.53023063451083e-05	0.000145628028148207	0.000546085273888626	0.0838402133497412	0.122270074860271	0.00149721042855938	0.23600827186475	0.00301576102605444	0.12755371217574
6.62372364277558e-05	0.000110486211241955	0.137207365935976	0.0075862331121482	0.166169497359707	0.00132778015744774	0.000345760454448744	0.000203049947062199	0.000602106494179103	0.365312123096727	0.17657884768625	2.75640115376887e-06	0.000119364420205913	0.00231908078181057	7.25358407278736e-05	0.000313137941009622	0.000201830387025061	0.00012592953150189	3.72621424311389e-06	0.000112963310198878	5.74581325644412e-05	0.000196115355672868	0.14096561399227
1.86706526058448e-05	2.47459489397497e-05	2.64451931294335e-06	0.0466800131316214	0.151565330228022	0.259869242201487	8.16877940368765e-05	5.64902539329074e-05	5.62290511831723e-05	0.00112955987021706	1.59696869672832e-05	7.24766289499475e-07	2.90980691488334e-05	4.14779143801469e-05	0.00386065139406645	0.536490915603222	1.75575277093261e-05	9.71123653010289e-06	1.86006111245963e-06	1.52877208779058e-05	1.36224682222016e-05	1.34744544191172e-05	5.03544569644664e-06
0.126692057509282	5.13492453420442e-05	0.0118902222295264	0.000851247288110485	0.000478741555786363	0.103765974134848	0.00109159972286891	0.000252036749628585	0.205140765876668	0.00470232260305045	0.000448625310074544	0.00396235025211482	0.000111367893506158	0.000234750426749541	0.193702569295699	6.97589366818574e-05	0.000239097409198744	0.00366862282594704	7.05642418784922e-06	0.188660681346867	6.93346090292874e-05	0.00169460672911541	0.152214861625717
3.46994219032098e-07	1.17759748181133e-07	0.71161381632359	3.97388521377363e-07	6.128598287545e-07	2.61102422963923e-07	1.66011466383742e-07	8.805724338761e-08	2.23163055987503e-07	3.97842469944324e-07	2.27664850733559e-07	5.81056769847125e-08	1.67303821044534e-07	2.11362085093297e-07	6.02165213136159e-08	0.288378968071255	1.48671265821037e-07	1.85968821186388e-07	2.15366738309478e-07	1.83054322347666e-07	2.76772213001512e-06	1.77462602307348e-07	2.01527343359391e-07
0.307703540656457	2.18439567752788e-05	2.07808240314805e-06	0.000271860121925504	0.00047163662789028	0.0218762413625506	0.00281498522422733	0.294299867882171	0.000826245556356698	0.000444268900001207	7.01795547585131e-05	1.29524925096795e-06	0.000660766703034436	0.109440817893511	4.25655054294006e-06	2.50461797745607e-05	0.00387300268906473	0.000168640625589982	1.527467798662e-06	0.000111075338045662	3.66471934999887e-05	0.256863142340105	1.10338442656197e-05
0.0883766771037598	9.36272091539737e-05	6.32833310536053e-06	0.00188902415127407	0.25464781557928	0.110447647441837	0.000991266585161876	0.000209402686127112	0.000359942631823045	0.000400242394740962	0.000323412708337934	6.28030370343955e-06	0.000109078958361725	0.112310741569438	0.000103444172416169	3.82800595821793e-05	0.0177350713464055	0.18176228106976	1.12551813766608e-05	0.000649255995494024	0.220543373625107	0.00897330721005843	1.22436836965023e-05
7.36678234234956e-06	7.51577808313198e-05	5.41793316432833e-07	0.416157700526818	0.000125318803273893	9.52523671594361e-05	0.000208502544674946	8.10668940871596e-05	0.582748457916761	0.000237695568452546	1.02148290928102e-05	3.96938428812549e-07	0.000102521205034648	0.000105227700630662	1.07818429547511e-06	1.38399002028057e-06	9.83774928085466e-06	1.14859536976621e-05	2.79364260195436e-07	7.84330024738136e-06	6.09477509652117e-06	6.22774758792721e-06	3.47284610500835e-07
3.67781638630539e-05	0.055719820252663	8.11012759321895e-06	0.116554055969483	0.0216057958269903	0.0012112371174662	0.000257199957321224	0.137406263793701	0.108963439916372	0.0193349800063548	0.00462292644618337	0.29697741512242	6.62036403557204e-05	0.00033828259786521	3.51447600940698e-06	1.0731199650512e-05	0.000105202445845942	0.000348080043730169	2.71453266904223e-06	0.124360621228605	8.31617139513628e-05	0.11197655760657	6.90781433725503e-06
