Bcells	CentralVeinEndothelialcells	Cholangiocytes	Hepatocytes	Kupffercells	LSECs	Mesothelialcells	PortalVeinEndothelialcells	Tcells
8.96951899970912e-05	8.96951899474565e-05	8.96951899828944e-05	0.966365433771779	0.00909149148740253	0.0121838206078564	0.00523461527800461	8.96951899446327e-05	0.00676585809508525
0.00359331282060088	0.0041040065194555	0.00150618690843725	0.968324005290688	0.0151204915347464	0.000125736200021609	0.00697478832627573	0.000125736200079245	0.000125736199695683
0.000719990893977722	0.000135044004638152	0.00381279785888831	0.958176366701	0.0172847954013462	0.0126983308877927	0.00455720534871775	0.00142467140930559	0.00119079749433353
8.97130519348665e-05	0.00432075380737585	8.97130519382933e-05	0.952805672872792	0.018110535055438	0.0115941182713107	0.0128100677853683	8.97130519067831e-05	8.97130519347565e-05
8.72179263347208e-05	0.0143509302903414	8.72179263125643e-05	0.952511718140793	0.0143396906349087	0.00905593692506405	0.00854624231126257	8.72179264072732e-05	0.000933827918575334
0.000128355846865264	0.000128355846878224	0.00659479093533792	0.973371996427946	0.00900772538717015	0.000427162198116411	0.00215517144981315	0.00788595820917473	0.00030048369869803
0.00435121368703591	0.000117797073366338	0.000611423605740063	0.983810275148015	0.00523673590677145	0.00216940969348611	0.00352367876472433	8.97330605561596e-05	8.97330603046202e-05
0.00103381910598485	0.00594864666430224	0.000125685331958442	0.95044484162828	0.0113440066322866	0.0046514299966867	0.0182516967524715	0.00456094074408477	0.00363893314394541
0.000307516158383487	0.00253491477200315	8.88672892023658e-05	0.952401304619785	0.0282739833215684	0.0109734691400216	0.00524221012063749	8.88672891955323e-05	8.88672892026686e-05
0.00137547023762008	0.00696975894749578	0.00381124133256817	0.954098415804589	0.019387822461368	0.00627032834156533	0.00711424891089772	0.00012714675712208	0.00084556720677417
0.000133053705114118	0.000133053705068235	0.00696180941212477	0.945200449856756	0.0247274576138185	0.010218455613793	0.00808457920433783	0.00241682369614746	0.00212431719284009
0.0026685209110219	9.29379036515443e-05	0.0123069607171016	0.962034060972957	0.00758063478626053	9.294057893354e-05	0.00375803894882459	0.00723974997096192	0.00422615521028734
0.0017395323290665	0.000660187951202896	0.000132475078796484	0.960949428173167	0.0159561279942897	0.0125639781279405	0.00526479370545615	0.00013247507869347	0.00260100156138682
0.00136510947573314	0.000911430469281883	0.0564640919718458	0.893419188827848	0.0118813746478632	0.000132731853205808	0.0177209841488153	0.00904558051165151	0.00905950809375501
0.000612215665929207	0.000135210205507501	0.00538333972499798	0.951669691146591	0.0239672825672104	0.00309449131050586	0.00277575590332278	0.0114978692256643	0.000864144250271308
8.89948333557754e-05	0.00254362510045509	0.00418496543614884	0.965519051096369	0.010172965296812	0.00292262998624338	0.0125201540439858	0.00195861937328172	8.89948333486988e-05
0.00412627722473095	9.21706237822162e-05	0.0200530649345045	0.946928862781318	0.0100130154414649	0.00144403512459025	0.0122843906860173	0.00404698604409702	0.001011197139495
9.03071155492192e-05	9.03071155089864e-05	9.03071155466312e-05	0.963130108404674	0.0124029350825685	0.0155427254540197	0.00606303466641306	9.03071155634849e-05	0.0024999679301566
9.04743267575563e-05	9.04743267114047e-05	9.04743267604271e-05	0.962927926658286	0.0247210971182034	0.0018699846503132	0.0100286199394511	9.04743267589156e-05	9.04743267583785e-05
0.000128533468933263	0.000128533468864089	0.0042925065368183	0.946939120486407	0.0320432814646426	0.00815887560457876	0.000959558036312544	0.000265494815761573	0.00708409611768233
9.21342869412436e-05	9.21342868762261e-05	0.00357944814161114	0.962556346442419	0.0242465671588271	0.00528102647221137	0.00271378513938746	9.21342868356788e-05	0.00134642378489128
0.000651120538634043	0.0120428470233575	8.7963147893018e-05	0.9736515937087	0.00662551853841163	8.79631480126872e-05	0.00513177109497713	8.79631479729194e-05	0.00163325965204083
9.20507804712486e-05	0.00404774357230405	9.20507804928509e-05	0.981682525796233	0.00849188294057186	0.00175356718407162	0.0028872378309663	0.000860890334405142	9.20507804838949e-05
0.00144472767683094	9.13035722111575e-05	9.13035722736228e-05	0.977938840353536	0.0106115706602135	0.00833840502004714	0.00130124200038614	9.13035722276816e-05	9.13035722736243e-05
9.44621581132224e-05	9.44621580753703e-05	9.44621581210576e-05	0.966800031427975	0.0139698489544495	0.00902585427231721	0.00865344793956336	9.44621581877702e-05	0.00117296877319778
0.00434412621329346	0.00873793325011664	0.000129700210995381	0.953359377363404	0.0162537316085607	0.00503155040305134	0.00910975713835159	0.00290412360117924	0.000129700211047178
0.000463321098389161	0.00582914221982739	0.000127721026992387	0.967591441999663	0.013640054628841	0.00317821152558312	0.00780427990925558	0.00123810656439651	0.000127721027052088
0.000129945994919813	0.00182748065060572	0.000129945995016648	0.976306154073746	0.01001289364027	0.00364611961158077	0.00613465041785991	0.00109735385505665	0.000715455760944048
0.00161590204164693	0.00330442317696878	0.000126165843612021	0.964611360456262	0.0177166316520929	0.00552350440638213	0.00684968073577778	0.000126165843700542	0.000126165843557
0.000133552950566005	0.000133552950502497	0.00474354329198666	0.948381222177115	0.0290303260186017	0.00216271695924115	0.00371449232688619	0.0101957081008871	0.00150488522421339
9.0284279504611e-05	0.0223599967833477	9.02842795175502e-05	0.95862886022231	0.00784224077955056	9.02842794277189e-05	0.00800131508262402	0.00280645001420546	9.02842795128359e-05
0.00199216597706674	0.00328028438844451	0.000750278047317507	0.959584089837612	0.013353034379297	0.00896772705709872	0.00876143166614248	0.000124885560350441	0.00318610308667102
0.000129636257438732	0.00012963625765583	0.00127599632310331	0.956629980720647	0.0191773880189673	0.00520208151472966	0.0117798434488675	0.00416554121559576	0.00150989624299475
0.00243155738715971	0.0114661712958944	0.00121997965718845	0.948894739398733	0.0164994384974111	0.000545291978960241	0.0117557203089575	0.0038497929100664	0.00333730856562891
0.00107908420182734	0.0166016809995911	0.00185965958283335	0.948146732927133	0.0176538165920069	0.00155492646644179	0.010449362781226	0.00209042835856338	0.000564308090376959
0.00253125788603964	0.00276829102103745	0.000130241054383712	0.964626487904678	0.0147602776313522	0.0069294411919655	0.00189643483051335	0.000130241054239656	0.00622732742579068
0.0051726530463593	0.00480554134342974	0.000126758193220812	0.93260045129911	0.037632206552981	0.00689760658197942	0.00920061243535492	0.000126758193167497	0.00343741235439677
0.0001319001341715	0.0122605133791513	0.000997868265102341	0.953704996295614	0.0117359643905259	0.00482112100867948	0.00920984949703408	0.00264377143027652	0.00449401559944502
0.000308730884276196	0.00562585523650355	0.000943059002547634	0.951835429135374	0.0353717674662181	0.0023819389738377	0.00262282909484696	9.1722020362112e-05	0.000818668186033735
0.00548071762728106	0.00535099708684965	8.83819845063298e-05	0.953670833848571	0.0231329202227494	8.83819845258772e-05	0.0095003529563856	8.83819843949324e-05	0.00259903230473648
0.00509670722983731	0.00824320690372362	0.0197880114024532	0.895885971811721	0.0164080709471096	0.000129522367179471	0.0350588374414344	0.0192601495292845	0.000129522367257027
0.00184898826798901	0.00454606962594589	9.09449270470966e-05	0.965381133041307	0.0233816183785728	0.00107804428954353	0.00349131161548905	9.09449270881349e-05	9.09449270176921e-05
0.0108939309314023	0.00108939398357223	0.0566474446855467	0.891276537005866	0.0236378345736763	0.000131235458032964	0.0115513768191464	0.00464101108453688	0.000131235458220249
0.00109415973490845	0.00330300508345893	0.000129750258947604	0.970103099783537	0.0169262915442665	0.000518858902217592	0.0033978322775846	0.001752352665631	0.00277464974944814
9.13739124391528e-05	0.0001828849682438	0.00303873652908591	0.971705231064793	0.0109417919555652	9.13739126335731e-05	0.00869851167610161	0.00446510189083953	0.00078499409029839
0.00288129760166282	0.0023283691369538	0.000598142172778224	0.961900112705793	0.0178303970864789	0.00551512415010583	0.00291126700245493	0.00200351765910101	0.00403177248467176
0.00123979346258721	9.01959429087714e-05	9.01959429982002e-05	0.982507566045481	0.00651129927284351	0.00176029990233997	9.01959430124224e-05	0.00447352366532889	0.00323692982250056
0.00153880156257975	0.00214727910921108	0.000127446024849682	0.946842156241681	0.0221238223362461	0.00789791906192365	0.0163484625715481	0.0018057171707546	0.00116839592120565
8.94564333100345e-05	0.00531013404133178	0.00127221299290448	0.963070349604792	0.0216547266944584	8.94564332157105e-05	0.00684827408444996	0.0015759332822393	8.94564332981962e-05
0.00228845839093818	9.17543497551563e-05	0.026700022644325	0.910447162298124	0.015824078569464	9.17543498371098e-05	0.0129086247553356	0.0165316554474237	0.0151164891947974
8.7814471847014e-05	0.00167459849004641	0.00173094364751736	0.963834871568207	0.00996164080040915	0.00520934572622934	0.0143659798929214	8.78144718673723e-05	0.00304699093095475
0.000129114163867169	0.000129114163712563	0.000129114163853832	0.967814665534166	0.0132944649461894	0.00506498739703471	0.00653611771453583	0.00537369556145836	0.00152872635518187
0.0113712945464804	0.00327892071226024	0.0383313852058902	0.883729562985215	0.0164045371785878	8.97684015588879e-05	0.0265845130655458	0.018259347942667	0.00195066996179444
8.98922272921936e-05	8.98922273228588e-05	8.98922273011484e-05	0.970520366915409	0.0197691670029675	0.00713771043431751	0.00212329451075317	8.98922273376357e-05	8.98922272992084e-05
9.1096546961217e-05	0.00703564597559609	9.10965469710067e-05	0.967563061248187	0.00364375331869829	0.00697948556698961	0.00949584094766166	9.10965469771145e-05	0.00500892330195811
9.33537985153737e-05	0.00218547081760326	0.00752380798898509	0.965645893957826	0.0166509306831436	0.00250589167873838	0.00393197713571928	9.33550492363979e-05	0.00136931889023293
0.00351041975878458	0.00840871576509093	0.00491317679667574	0.958262515861231	0.0179616171069904	0.000804262965496092	0.00404129220765518	0.000129644818458103	0.00196835471961827
0.00120130675538561	0.00285786747418265	0.0127991352690426	0.953374947903753	0.0190035276607981	0.000131705537505455	0.00589159447869035	0.00460820938330214	0.00013170553733996
0.00013383658155347	0.0100968543471887	0.00281941219804846	0.952979066639712	0.0207630000792464	0.000133836581593595	0.00771137508713852	0.00182414493793295	0.00353847354758567
8.88931379876506e-05	0.000709321338471096	8.88931380008655e-05	0.975467211210861	0.0071684902336899	0.00613044318017519	0.00772824395918517	0.00252961066359281	8.88931380360827e-05
0.00367923708055524	0.0117674845552187	0.000132647608565383	0.960870629213862	0.0109403964278637	0.0028195531714772	0.00756279801539745	0.000132647608804177	0.00209460631825597
0.00664995263197179	9.27572824453071e-05	0.00479509377003633	0.952284313078466	0.018246083412956	0.00884057939178589	0.00257368123036528	9.27589030418645e-05	0.00642478029893142
0.00233206001301954	0.0030372143902661	0.00189146880096773	0.955377988919733	0.0237136078764781	0.000337441221919739	0.0033623544301193	0.00805480853891219	0.00189305580858409
9.02560281858691e-05	9.02560281361048e-05	0.00173051733333087	0.967770374480437	0.0086749285740582	0.0103130667534731	0.00919183246142451	9.02560283333832e-05	0.0020485123126208
0.00150397793294072	0.000132844517508995	0.000132844517549112	0.963099343089259	0.0155189715673499	0.00342098228988544	0.00503179821980417	0.0091662473491319	0.00199299051657109
9.08302157152213e-05	0.00674877402315798	9.08302157010571e-05	0.965399424100953	0.0156031838111906	9.08302156800817e-05	0.00827059300227434	9.08302158855901e-05	0.00361470419944242
8.84226619402607e-05	0.0126832054189648	8.84226619532066e-05	0.970559582438198	0.00561239628860411	8.84226619457415e-05	0.00733490128543204	0.000231872108930578	0.00331277447403104
0.00186441196232618	0.00529080122681837	8.71352502150147e-05	0.961035094595951	0.0141914167030123	8.71352502424572e-05	0.00635666860802326	0.00219952642904676	0.00888780997436516
0.00162336925356645	0.000135518317581362	0.00803794474295554	0.959681447357558	0.0133563870107297	0.00493889982062896	0.00773830524694292	0.00315735766966968	0.00133077058036705
8.94190446689909e-05	0.00361589987372494	8.94190446719675e-05	0.972685826347788	0.0123865984757661	0.00330512840957938	0.00612211793543069	0.00161617182370286	8.94190446675889e-05
0.00139351104390467	0.00581300337941067	0.00177122722876419	0.968146812195565	0.0127616613215857	0.00177588019897503	0.00261984577727841	0.00342107155018848	0.00229698730432774
8.80419762908241e-05	0.00191095429208631	8.80419763254628e-05	0.982112366150993	0.0116773081893034	8.80419764927459e-05	0.00174723531980611	8.80419764089513e-05	0.00219996814229338
0.00012695458516655	0.00338867482235157	0.000773986592477975	0.965530903688859	0.0184617193811593	0.000176123508202786	0.00753547532433135	0.00326346642570483	0.00074269567174712
9.33441415547492e-05	9.33441416753413e-05	0.00692992076996934	0.963939796788772	0.0186954056947402	9.33441415781388e-05	0.00255252035824233	0.00570817787645899	0.00189414608700909
0.00108195770387397	0.00189416857749853	8.82876554787816e-05	0.970815200786483	0.00643486088210146	0.00900439113050058	0.0105045579528903	8.82876556582254e-05	8.82876555149635e-05
0.000129877235820839	0.00473342494069003	0.00309465241007777	0.954742694880838	0.0137284060839972	0.00575076258591421	0.00739497245679988	0.010295332170049	0.000129877235813238
0.0268391170150372	0.0100940616226671	0.0821862642803049	0.783294413123981	0.0267817053067888	0.000129256669677973	0.0418041380069375	0.0263202980451414	0.00255074592946376
0.0011124134494348	0.00333358078298954	0.00120502248464478	0.975160897959148	0.0137178590829839	0.00191924746382427	0.00192485022926166	9.17506214544732e-05	0.00153437792625866
0.00232122279216282	9.24069312529956e-05	0.00861224106833081	0.944071191050671	0.0250524717398878	9.24069311688627e-05	0.00168029796271159	0.0114854398922579	0.00659232163155592
8.88455701552149e-05	0.0028116967872437	8.88455701635204e-05	0.962478421062181	0.021249624796947	0.00182801822811355	0.00851376405119127	0.000598488545362355	0.00234229538864259
9.10972348088477e-05	9.10972347571218e-05	9.10972348065652e-05	0.95999500010813	0.0197078708627244	0.00466661088113564	0.0138818570227015	9.1097234854027e-05	0.00138427218608151
6.21904889799146e-05	0.0101825962947649	6.21904889829745e-05	0.978404195861848	0.00820113745906298	6.21904889898498e-05	0.00290111793941645	6.21904889719446e-05	6.21904889829746e-05
0.00194052733246803	0.00402200888836186	0.000128236919331291	0.9627851896408	0.010493955992177	0.0115135459366659	0.00742555153083065	0.000128236919386408	0.00156274683997869
0.00225033296636165	0.0037654776721867	9.12356238333795e-05	0.964343200111902	0.0120412474127166	0.00335105450005372	0.00841055917175503	0.0056556569173562	9.12356238343795e-05
0.00304416990182802	0.00041364979032165	0.00052180408823945	0.975583518425943	0.0114948427389179	0.00136986874474713	0.00157783394760815	0.00119216298951117	0.00480214937288375
0.00013423390540394	0.00235106241751233	0.00198972257759561	0.97024029493199	0.0100179335571791	0.0033482645493781	0.00534490026897704	0.00358642925017691	0.00298715854178691
0.00013101720918355	0.00517931104262605	0.00245566156333189	0.954813050008853	0.0145171767255256	0.0122512989077913	0.00640734497940401	0.00205720356829967	0.00218793599498505
0.00154947076986371	0.00727802692975004	8.89839372582275e-05	0.973367715290523	0.00222524485967697	0.00521579771088708	0.00781556266223721	0.00237021390250528	8.898393729888e-05
0.00228482955098401	0.00740249799193535	0.00280413812668818	0.950708353088254	0.0224916686291484	0.00197448367661558	0.00841829314222369	0.0026291422565897	0.00128659353756105
0.000127472581571514	0.00495684464737982	0.000127472581555412	0.949159738014841	0.0253913371403108	0.0047651530217092	0.00951838162213784	0.00017148027877856	0.00578212011171624
8.78610195301674e-05	0.00172978047130094	8.78610194721916e-05	0.972547749861241	0.00848703301076565	0.00133533220937935	0.00322677661976282	0.00300246868295687	0.00949513710559106
0.000707639540602942	0.000133170180829818	0.0115927607392632	0.971145032413016	0.00729398416184739	0.00394325996953832	0.000930322321209837	0.00384343647811423	0.000410394195578574
0.000780819184005329	0.0204715121365585	0.000439803329842945	0.963731568468249	0.00771521639564798	8.92398527762361e-05	0.00575431368747441	0.000928287092654716	8.92398527909774e-05
0.00298150947287263	0.00701609195847025	0.00175095984059632	0.948263213594266	0.0256140392253636	0.0001317535026623	0.00565067218884865	0.00561521103861941	0.00297654917830062
0.000641314400565595	0.00430567193311463	0.00190763649916964	0.965443446117489	0.00703224294432427	0.000478023364724259	0.0126666541205255	0.000129406553105907	0.00739560406698147
0.00172187392649993	9.21545486458184e-05	0.00856462560487018	0.955697248962249	0.025675297557619	0.000325339192186553	9.21545485083734e-05	9.21545482709988e-05	0.00773915111115003
0.003080590993285	9.42417153258895e-05	0.00558576801268255	0.960980498839242	0.0170982814773285	0.0052160099607639	0.00689528891334971	9.42417154474164e-05	0.000955078372575296
8.97309928187609e-05	0.0101688226818532	0.00407406806828246	0.966552405055394	0.00841201667337746	8.9730992814668e-05	0.00341711441610909	0.00146432795632411	0.00573178316302596
0.000133172775332975	0.00547651571362139	0.00148294375502614	0.958912292618733	0.0214448824445158	0.000152597129157028	0.00777074866513946	0.00380559028758396	0.000821256610890357
0.0034367415281189	0.00393364130941391	0.000130197882010594	0.967014970039936	0.0109614212477088	0.00554627806692055	0.00537535891832954	0.00229997647596342	0.00130141453159846
8.7599464448728e-05	8.7599464476414e-05	8.75994644270454e-05	0.964171941723429	0.0227946824418998	0.00381624510963228	0.00398836110263631	8.75994646329683e-05	0.00487837176441766
0.00120170095099496	0.00682403603781904	0.000582044126008329	0.983275997083412	0.00416762978415152	0.00122078669101696	0.00254674364798367	9.05308392491084e-05	9.05308393645991e-05
0.00214119384321309	0.00448850007937077	0.00013161835671071	0.953015924361699	0.026243623623386	0.00370421485193377	0.00946839537447305	0.000131618356891017	0.000674911152323014
8.98956915195166e-05	8.98956914948365e-05	8.98956914853607e-05	0.985128783845148	0.00442668532883221	0.00575364497159893	0.00145386547401	8.98956915349806e-05	0.00287743761437647
8.97689869144723e-05	8.97689869565878e-05	8.97689869341389e-05	0.974884426790149	0.00781288801626863	0.0130308011825917	0.00382303907589578	8.97689873211085e-05	8.97689869689396e-05
0.00155944869682575	0.00432692852445009	0.00488406772179996	0.960376982797308	0.0212951012714783	0.00176455897850111	0.00249772702986184	0.00316569267942306	0.000129492300351789
8.99515858286266e-05	0.00866210779760155	8.99515857457818e-05	0.958305402866689	0.00678881703498249	0.0123533483920351	0.0128602100441984	8.99515856663356e-05	0.000760259107252623
0.00223282532979983	0.000132574831250453	0.00137585560028845	0.946678009964972	0.0211895582547236	0.000132574831659886	0.0109802423669767	0.0103272817485741	0.00695107707175485
0.00120493972788757	0.00263567301501458	0.00302218900864241	0.972320077422344	0.0111065474059799	9.14793915744823e-05	0.0017988738748792	0.0030920776419656	0.00472814251171188
0.00772738079612806	0.008526223206724	9.55035169701665e-05	0.948319762382452	0.034495043783061	0.000149906888438485	0.000495172392389921	9.55035168934239e-05	9.5503516942966e-05
0.00635889568196726	0.00968123827663126	8.72226825819078e-05	0.957348003206127	0.0115078426769103	8.72226827090998e-05	0.00912339570652669	0.00571895640396848	8.72226825775358e-05
0.00168786423087819	0.00407923874494289	0.00262893312402249	0.961360146885972	0.0158309386244977	0.00013282429435992	0.0060778891466265	0.00806934065420493	0.000132824294495702
0.00476213240886984	0.0144675151049245	8.87758786671957e-05	0.959507129273062	0.0140337526875449	8.87758784251904e-05	0.00358019006811017	0.000277865851489192	0.00319386284890727
0.00365207643051092	0.000404153871105057	0.00904753331964801	0.961594886772393	0.0121881664950621	0.000132866367137151	0.00599035541799173	0.006857094959043	0.000132866367108753
0.000128385847414097	0.00012838584716724	0.000566900976878064	0.96536487392613	0.0141871282351982	0.012938732557913	0.00425531665841013	0.00230189010353584	0.000128385847353602
0.00299745839088053	8.95214330394478e-05	0.00168605422987329	0.973582498223117	0.00978474546218775	0.00364888238797548	0.00803179700659594	8.95214332016002e-05	8.95214331293083e-05
0.00159354453814492	0.00479793780461271	0.00779618973672478	0.952516946588723	0.0299864447408867	9.31744651772764e-05	0.00302941319536697	9.31744651318337e-05	9.3174465231989e-05
0.000132084041548848	0.0017573137684307	0.00137222057333111	0.945488269612792	0.0327302698511939	0.00275889219674155	0.0061380594602554	0.00949080645415307	0.000132084041553862
8.96168948879312e-05	0.000303054086881745	0.00212322140905913	0.96941299393031	0.00835808252931586	0.0067627743873813	0.0127710229723226	8.96168949116598e-05	8.96168949295923e-05
0.000677308766408985	0.00699629059034299	8.80696715434395e-05	0.970632113980284	0.0176975686575101	0.00229155323043881	0.00144095576058906	8.80696713147629e-05	8.80696715679497e-05
0.00214017671233975	9.05766545332354e-05	9.05766544768259e-05	0.972074806162199	0.0094577368358407	0.011130048786579	0.00483492488508928	9.05766544693568e-05	9.05766544726247e-05
0.000134407067061912	0.00627396104351094	0.00227232767771595	0.953401207781671	0.0255399284800432	0.00195362275678374	0.00517585421321202	0.00307321128407997	0.00217547969592148
9.00790816799924e-05	9.0079081648607e-05	9.00790816788042e-05	0.972105338330509	0.0168057893237582	9.0079081698145e-05	0.00700233768737621	0.00363613924996869	9.0079081681988e-05
0.00235444600420459	0.00252858022618417	8.79986401281002e-05	0.968220656486039	0.0129892571430801	0.000834038094669306	0.0039615842732234	0.00299983541104803	0.0060236037214238
0.00156488889264295	0.0214105830074869	0.00102096449862219	0.939973314573375	0.00709808519657743	8.76856985677026e-05	0.02677684251437	0.0012418092884629	0.000825826329895079
8.85831822580756e-05	8.85831823419665e-05	0.00471900664942356	0.974504172519561	0.00375615066322571	0.00940861871685464	0.00725771872189879	8.8583182393193e-05	8.85831820433969e-05
9.06534591111841e-05	0.00284599849222694	0.0029243814939182	0.961594268392406	0.0179370348005645	0.00204245880885919	0.00648248564171659	0.0059920654520711	9.06534591267688e-05
8.89602144850438e-05	0.0109888711912605	0.0010546040100221	0.958029140087941	0.0162342520684879	0.000378515050666314	0.0130477369481157	8.89602145339062e-05	8.89602144872294e-05
0.000721303355712123	0.00109226214868367	0.00203163972471447	0.965628312953316	0.00983764231932076	0.0101908932358047	0.0036034553767585	0.00676426533073643	0.000130225554953181
0.00213910174396499	0.000305202044135454	8.81830811204355e-05	0.971215751262991	0.0117730136832296	0.0081692691426604	0.00613311287918071	8.81830813199639e-05	8.81830813976648e-05
9.3533461389592e-05	9.35385992261741e-05	0.00367667851501737	0.958675359478623	0.017754947780229	9.35334614599703e-05	0.00788005152179177	0.00401414579781937	0.00771821138444365
9.82763243590351e-05	0.00638764391929355	0.00385605798677771	0.969411518986793	0.0129627559678901	9.49349239130796e-05	0.00692144966612913	0.000172427300973151	9.49349238707764e-05
0.00306879197235449	0.000133385104702855	0.00625980685361286	0.939773120043247	0.0369042857039773	0.00452076419665655	0.00834175923991003	0.00021796751533328	0.000780119370205268
0.00341601490534916	0.000134039456346518	0.00756243286050804	0.958654559194552	0.00966507189325464	0.000134039456791588	0.00531238823442239	0.0139442561822028	0.00117719781657264
0.0114276192306711	0.00993510240263688	8.93615009207004e-05	0.953297292515474	0.0176463612724562	8.93615010025783e-05	0.00581671600398676	8.93615009672992e-05	0.00160882407188436
0.00240636462432549	9.30297529029791e-05	0.00359840449837038	0.954697892757883	0.0221139132996287	0.00772607724130506	0.00497167760751802	0.00429961046521243	9.30297528537631e-05
0.000133048955455744	0.000133048955299232	0.00389561281727649	0.960471108494919	0.0204100587714018	0.00229886045453014	0.00366673357494658	0.00617587210695012	0.00281565586922056
9.36992799774424e-05	9.36992799872059e-05	0.0196036192213208	0.93230376223793	0.00735532800836971	9.36992798985225e-05	0.0161404394845721	0.0215774440895318	0.00273830911841206
0.00216617524960285	0.00940938533415096	8.94558920826039e-05	0.964112997615568	0.0120712947039869	8.94558922102331e-05	0.0116998261021806	8.94558920885057e-05	0.000271953318129445
0.000135480928470504	0.000818652778812943	0.00671118491311511	0.966704074587625	0.0142037165730078	0.00154105283016871	0.00590119736419615	0.00384915909608306	0.000135480928521049
9.29318945398833e-05	9.29322898092303e-05	0.00575859489748133	0.960815139702106	0.0136672867746555	0.00731225730184098	0.00532021997028703	0.00593080350595434	0.00100983366332579
0.000301913288770273	0.00920386382877655	0.000128114179200563	0.976170655170501	0.0065287859210116	0.000257616631614182	0.00620363936405434	0.00107729743680958	0.00012811417926146
0.00506622091859864	0.00550494102848723	0.00114556501601259	0.966617734765175	0.0102729407648261	0.00347087987639969	0.00774534762874211	8.81850008681679e-05	8.81850008908141e-05
0.00223146756143803	8.88533434364289e-05	0.000612816152445207	0.987707353659718	0.00612748053769866	0.00224304487407587	0.00046639202963126	8.88533433245962e-05	0.000433738498232267
0.00138190867048478	0.000133747798134117	0.000133753084805966	0.955288714315046	0.0185703428934239	0.00860680830943895	0.0035269651743097	0.0112999981909824	0.00105776156337465
0.00644838742377039	0.00013441819791385	0.00130184051507004	0.942903930059996	0.026156701046542	0.000292381559303648	0.0038419322114996	0.0102954917223934	0.00862491726351077
0.00287604070129227	0.00173093983398377	0.00252589035126395	0.974445054356537	0.01026054253886	0.00462643836729641	0.00279962497501708	0.000646353918395305	8.91149573542862e-05
9.09329306258535e-05	0.000118689935186047	0.00197597668396101	0.977371861993854	0.0115455482959915	9.09329305821705e-05	0.00410734429135594	0.00460778000779283	9.09329306506996e-05
0.00977167556303005	0.0040652197854846	0.00231027778012376	0.965047548266173	0.00999962131567696	0.00197818772626988	0.00664587580019832	9.07968814706611e-05	9.07968815732711e-05
0.0029444507899085	0.00280557892386112	0.00902946286380941	0.953778530497843	0.0194640537955582	0.0001338491081925	0.00384965604112077	0.00535071795072381	0.00264370002898232
0.00410893343637534	9.35544049816765e-05	0.0177952399798568	0.952939491769318	0.0148560552533421	9.3551051479929e-05	0.00763026256286812	0.00238936049050161	9.35510512763421e-05
0.000127337844868776	0.00104982729126664	0.000127337844853458	0.97015345489814	0.0119966992271386	0.00603044821871975	0.00646314224196595	0.000626713713535733	0.00342503871951152
0.000515712994923466	0.00667551291356026	8.9265945126808e-05	0.970434209981636	0.00754782513414322	8.92659451553629e-05	0.0134545102245325	0.00110443091578052	8.92659451416728e-05
0.00191939259951844	0.0034085332329192	9.04849392262913e-05	0.966821657058233	0.0126907516558011	0.00715346699552106	0.00773474364029226	9.04849392648164e-05	9.04849392240143e-05
0.000102748470356139	9.21767182472944e-05	0.00549582935967774	0.973084222456209	0.0109120802462073	0.00453111696071142	0.00251483833701467	0.00317481073331421	9.21767182622568e-05
0.00107092919352399	0.000360612684450761	0.00712759868859355	0.958012670181272	0.0129305387204681	0.000789766965768122	0.00303773204641855	0.00982585903723584	0.00684429248226915
0.000125679972417405	0.00861913849278864	0.000125679972398171	0.970437156638066	0.0100238050278662	0.00587886040808251	0.00116783507956469	0.000939047836690547	0.00268279657212535
0.00316987991533888	0.0054429949773876	0.0575042427788679	0.907965151346925	0.0142492218824781	9.22213658224025e-05	0.00737333786020592	0.00285753338619869	0.00134541648677599
0.00012438167904898	0.00424832323579893	0.00154577169989925	0.964899253344413	0.00896150618149576	0.00644920646429542	0.00625031904435025	0.00583914647182864	0.00168209187887021
9.29323376611389e-05	9.29323377810999e-05	0.0154047565472244	0.961542110665041	0.012945775285604	9.29323376810313e-05	0.00495989409412034	0.00477573405721744	9.29323376699419e-05
0.00261603555372489	0.000647079828984136	8.98241436726113e-05	0.961584098797135	0.0201712204101818	0.00624922916208889	0.00692691707173786	0.00162577088874529	8.98241437292708e-05
0.00282020439907054	0.00559212191343761	0.00116433353783663	0.962227972173504	0.0173005529255577	0.00205338448798182	0.0032309511619322	0.00112965026053378	0.00448082914014614
0.00589306917888995	0.00262856385387078	0.00810632562500386	0.958672587186223	0.0118407122897987	0.00193979890363335	0.00495020407242164	0.000134826297389866	0.0058339125927693
0.0111280144239985	0.00241026357707075	0.00141375551012752	0.961820729584542	0.0112505233943377	0.00535540053144072	0.00459380898821329	0.00189671112283022	0.000130792867439718
9.09157786880837e-05	0.00640093612871047	9.09157787248183e-05	0.970021289313658	0.0156320326146384	9.09157786941289e-05	0.00749116304922414	9.09157789394546e-05	9.09157787226104e-05
0.000134015365412984	0.00337308818800741	0.000134015365418572	0.952282310473341	0.0185792704864091	0.00317258800810122	0.0107337346890938	0.00680501510278697	0.00478596232142909
0.000470867690195339	9.07652954094711e-05	0.00324969376286261	0.967095317380738	0.0103378353445983	0.00925782746333896	0.00777390048594297	9.07872477467544e-05	0.00163300532916818
9.04494633745193e-05	0.00152438214695217	0.000904308034091703	0.969030522890915	0.0145206945537114	0.00599052213222517	0.00775822185179286	9.04494635733681e-05	9.04494633639529e-05
8.9477745903337e-05	0.00265530468838106	8.94777459146823e-05	0.967252055962849	0.0188224380476878	0.00657184239617484	0.00434044792128892	8.94777458796145e-05	8.94777459208019e-05
0.00162881617604759	0.0076484193557325	0.00353522086556558	0.959947809466403	0.00808638116052995	0.0001400579209517	0.0123016226716139	0.000129509574543456	0.00658216280861201
0.00373157066023246	0.00164866586644755	0.00522158533974764	0.944466438067864	0.0219171482930655	0.0093098770025732	0.00694394524926872	0.000132079490818772	0.00662869002998205
0.00123602788374764	0.000125911372661682	0.000199304303356157	0.968765710157974	0.00748011659596458	0.0119053041907996	0.00997165712449596	0.000125924268219285	0.000190044102780953
9.32829555750871e-05	0.0121185046949577	0.00253454241889467	0.958372704056866	0.0189886853125555	9.32829555461381e-05	0.00761243169454252	9.32829555049153e-05	9.32829555574572e-05
0.00013192951322913	0.000454325250651764	0.00065233087459318	0.956448955299823	0.0210032632018801	0.00818083385649715	0.00520180834750209	0.00664231574943685	0.00128423790638716
0.000880570070234636	9.19913058050059e-05	9.19913056865909e-05	0.978006493008634	0.00929592569183463	0.00337480293799227	0.00369176659244921	9.19913056133374e-05	0.00447446778175049
9.04905240882344e-05	9.04905240118331e-05	9.04905240697874e-05	0.960311801176026	0.0234059656921842	0.00149194576688522	0.00447668601644946	9.04905241194198e-05	0.0099516392521658
0.000687269427296717	9.57579936064351e-05	0.00311767199001361	0.966010580365435	0.0139106256491309	9.56734468010846e-05	0.00837155063305223	0.0076151125012836	9.57579933805931e-05
0.000127183657901358	0.00346587009367611	0.000127183657856924	0.955916218283402	0.0262776451988033	0.00412299941713361	0.004582836686547	0.000127183657940791	0.00525287934673889
9.1120827533222e-05	9.1120827449192e-05	9.11208275272285e-05	0.973208602201852	0.0133711879068196	0.000166660035810002	0.00381235161605998	9.11208276160529e-05	0.00907671492933217
0.00479788358348943	9.22836510356998e-05	9.22836510158847e-05	0.967214624759651	0.0138021312400247	0.00921462320707466	0.00146395839745874	0.00322992785923901	9.2283651011157e-05
0.00404998693365326	0.000118214319134694	8.98071390591886e-05	0.946094839634662	0.0206484582209401	0.00661826964765929	0.00269400930840604	0.00661461439553824	0.0130718004009471
0.00051097875572492	8.94040263421005e-05	0.00267382733510245	0.974043482537338	0.0121762642718391	0.00921408452675949	0.000338807206218511	8.94040264243928e-05	0.000863747314251205
8.94713798758558e-05	0.00676095327214365	0.00674802301491947	0.949654979488524	0.0183219582727642	0.00468425549424825	0.00875263681495337	0.0018631429553952	0.00312457930717611
9.00035809766426e-05	0.00238285195486489	9.0003581004112e-05	0.982080705528071	0.00743279516989682	0.00246708807209653	0.00435970093413186	9.00035809130862e-05	0.00100684759804537
0.00237919869235202	0.0138767542153462	8.77886907903179e-05	0.949821886109443	0.0124902324857152	8.7788690971102e-05	0.0210807737338296	8.77886907621033e-05	8.77886907902401e-05
0.000809265603803095	0.0182637265222595	9.03794023180408e-05	0.969441880820733	0.0101860239229101	9.03794023623793e-05	0.000937585520998388	9.03794023405106e-05	9.03794022747592e-05
8.96403043128211e-05	0.000246158342139944	0.000726308071275828	0.979600303807952	0.00837114781308219	0.00554017912227054	0.0025073072213162	8.96403041665916e-05	0.00282931501348376
8.84850467331977e-05	0.00190035162052551	8.8485046740943e-05	0.96248350987501	0.00400389352546009	0.00741380308188581	0.00980049294771712	0.00337934606854351	0.0108416327873838
0.000546686533068739	0.000128833034078026	0.00708897567696865	0.970245440569693	0.0082003617528121	0.00850779722805102	0.00288967068576343	0.00226340148560521	0.000128833033960444
0.00147935005216612	9.20532141543843e-05	0.00235154924300998	0.963542303597598	0.026604441157584	9.20532141598088e-05	0.00241441225417742	0.00299165338665682	0.000432183880493295
0.00692564936989078	0.000135350686089531	0.00872270063476096	0.947018858906701	0.0202544771815799	0.00263757176957667	0.00862148476533394	0.00491485756914438	0.000769049116922736
9.07619970938861e-05	0.00668895498830475	0.00355332076786106	0.964543005159829	0.00921308874013665	0.0115252400010175	0.00420410435170297	9.07619970064913e-05	9.07619970472187e-05
0.00281010516332412	8.90482766902617e-05	0.000893596286250054	0.966749892116987	0.0127860458312938	0.0053773014606627	0.00652244144374361	0.00468252114434542	8.90482767033567e-05
0.00290187015531579	0.0026157228158303	0.0031968944680241	0.934980594337059	0.0389065563353557	0.000133387657272617	0.00843652438564801	0.00493257852717449	0.00389587131832013
0.000544871251181023	0.0120963346215662	8.9328916362785e-05	0.964429405059519	0.00748529444820562	0.00144463015090245	0.0137314777195579	8.93289163464296e-05	8.93289163582634e-05
8.88956385846471e-05	0.00421756585590236	8.88956386068755e-05	0.971078579647108	0.0167034855658325	8.88956385526327e-05	0.0062757973905269	0.00136898898628018	8.8895638605637e-05
0.000136525461810746	0.00255840191743088	0.010707297031259	0.946792010335069	0.0216157641822584	0.000136525461729576	0.00847644497657992	0.00944050517206179	0.000136525461800538
8.95105019081397e-05	0.0247008742765014	8.95105019541194e-05	0.953658316912396	0.00797843300462014	8.95105019401879e-05	0.00333610339360944	0.000730819676199189	0.00932692123087167
8.78974155459833e-05	0.00669125814729588	8.78974155725647e-05	0.956862931329996	0.0199811131879623	0.00662280029240987	0.00553681932178134	0.00153185347491461	0.00259742941452142
9.15960270637706e-05	9.15960269659939e-05	9.15960270829824e-05	0.970433330853601	0.0223450895329869	9.15960269530931e-05	0.00278139676522065	0.00398220271305161	9.15960270740051e-05
0.000437642284348045	9.23129216344945e-05	0.00136173817922207	0.974072421660233	0.00562489081881563	0.00641605445970708	0.00481616254608278	9.23129216729883e-05	0.00708646420828405
0.00396506038527972	0.0062885303736641	9.02171109853611e-05	0.969339326742873	0.00818890783433804	0.000449505528921822	0.00687155679617209	9.02171108866321e-05	0.00471667811687882
8.83506231814695e-05	0.0089867381218095	8.83506231714705e-05	0.958412172030526	0.0179240524795534	8.83506231886967e-05	0.011315505974004	8.83506231912288e-05	0.00300812890137401
9.46497729898237e-05	9.46497728765054e-05	0.007649599555302	0.959739092892774	0.0137012427448268	0.000703818101393306	0.00577800803929181	0.0121442893476291	9.46497729160249e-05
0.00189505470386442	0.00184520879004989	8.90917652642772e-05	0.962419071143533	0.00797450955669252	8.90917653372003e-05	0.0167301065258023	0.00886877398419655	8.90917652593801e-05
0.00142221861759653	0.00560271115621542	9.01023943423518e-05	0.96243883807857	0.0135939308266416	9.01023943033256e-05	0.0108898562965954	0.00347574463403031	0.00239649560170485
9.3250433024084e-05	0.000716451379895976	9.32504330164799e-05	0.956462920147519	0.0156178445837547	0.0108772273357916	0.00999092986387446	0.00279850459711076	0.00334962122601308
0.00207954606558721	0.00973714268057174	0.00198350445031003	0.965430445178585	0.00783838225102747	8.94323317939422e-05	0.00529599020262193	0.000316839460063282	0.00722871737943925
9.45586215532843e-05	9.45559083726825e-05	0.000267248428145338	0.989976981689596	0.00616937040865016	9.45586211667828e-05	0.00100385822147437	9.45586213000044e-05	0.00220430947974092
0.00231295454585758	0.000740017540999048	0.0432741375148478	0.911474573562928	0.0133093132866126	0.000132143666469067	0.0154011850172675	0.012009683850916	0.00134599101410241
0.000128990664326367	0.00434924543268824	0.000128990664249851	0.970379670372784	0.00783208706771343	0.0104527253641611	0.00478246430957462	0.000128990664133558	0.00181683546036933
0.00204866908733966	8.87237256244796e-05	8.87226422520301e-05	0.966744947755248	0.00537186425406817	0.01059292925146	0.00660763975352128	8.87226421609964e-05	0.00836778088832597
0.00247998371933124	9.02351417072308e-05	9.02351417928304e-05	0.983019257301012	0.00767383636632056	0.00170411155382228	0.0015897388195085	0.00326236681471419	9.02351417914799e-05
0.00126106940411398	8.82336304590169e-05	8.82336304640932e-05	0.982716505476999	0.0125545467625785	0.00302671020381234	8.82336304439336e-05	8.8233630628122e-05	8.82336305007932e-05
0.000175730523157738	9.5413993400158e-05	0.00823621849237598	0.962549289652677	0.0183233698827751	9.54139934009167e-05	0.00634493559122389	0.00327327559188204	0.000906352279107453
9.42417555898441e-05	0.000941949984614563	0.0016616014184323	0.966778606969711	0.015072393411245	9.42417556105483e-05	0.00510716378476518	0.00813013307335501	0.00211966784667643
0.00116889265504764	0.000643580870720556	0.00185980146309766	0.968531874071355	0.00840369694349196	0.000700545151268957	0.00761833570173426	0.0109375628974085	0.000135710245875928
0.000648617658092071	9.29310034535255e-05	9.29310034947186e-05	0.975619167313441	0.0114363093723058	0.00701558983022405	0.00464282078542667	0.000358702030082993	9.29310034793095e-05
0.000127879938882816	0.00346548707756304	0.000285877834156426	0.967459828870471	0.00433511986501058	0.0107232524918556	0.00328746745106967	0.000128841863216003	0.0101862446077751
0.000671867510889568	0.00682085365208785	0.00215464882334061	0.970687835905976	0.0101516826565475	9.29196463419495e-05	0.00229751864494385	0.00702975351351818	9.29196463541645e-05
0.000136917704329459	0.000157301442687516	0.000136917704377749	0.958053454592021	0.0191989094832016	0.00172702553085402	0.00657969448204739	0.0111445001796462	0.00286527888083516
0.000592038150878074	0.0170817490509693	0.00156425101872557	0.946525155504284	0.00963768232456499	8.74517689764199e-05	0.0136709433547038	8.74517690795644e-05	0.010753277057818
9.17436472257564e-05	0.00167267503568264	9.17436472252904e-05	0.970411158355143	0.0138209708532139	0.00339607100525309	0.0103321501619289	9.17436471006642e-05	9.17436472270457e-05
