Bcells	CentralVeinEndothelialcells	Cholangiocytes	Hepatocytes	Kupffercells	LSECs	Mesothelialcells	PortalVeinEndothelialcells	Tcells
9.06374866870134e-05	9.06374866424801e-05	0.0188423067898404	0.932658566991724	0.0173799209278925	0.00734675814144225	0.0115327521123247	0.00478483828948338	0.00727358177396365
0.00261320189408286	0.00201810591848619	0.0220104842355068	0.936388142559673	0.0242006944918752	8.80540832925529e-05	0.0125052086505103	8.80540832772371e-05	8.80540832962761e-05
0.00070030451373091	9.41856110031464e-05	0.029857124660271	0.920573725002518	0.0250772360869632	0.0110449477504138	0.0108874052450974	0.00167088551898025	9.41856110219495e-05
8.99196177289021e-05	0.00494261886984661	0.0221736993807221	0.918572307937301	0.0269071466811726	0.0112120015919574	0.0159224666858744	8.99196176632941e-05	8.99196177329454e-05
8.79362415069786e-05	0.0181974158951504	0.0155996884812923	0.923039620582434	0.0234059593661767	0.0056199911922571	0.0138220115009369	8.79362415349877e-05	0.000139440498710669
8.89812576933584e-05	0.000957484148484842	0.0267904642903317	0.94304193325236	0.0149528992284949	8.89812578331319e-05	0.00896732162459911	0.00502295368249765	8.89812577051498e-05
0.00392877530540812	8.92974469187633e-05	0.0169543210891712	0.955426469502284	0.0129019149691893	8.92974469645203e-05	0.0104313293463372	8.92974468424878e-05	8.92974468847634e-05
0.00128905249172569	0.0110388008068838	0.0173405349645907	0.918322089586069	0.0198913415138258	8.89057087956368e-05	0.0203687383156822	0.00610901759310595	0.00555151901932076
8.83093181322065e-05	0.00388673645167771	0.0134955686822949	0.927642571539492	0.0373595071647175	0.00806520375949828	0.00928548444792333	8.83093181327041e-05	8.83093181315253e-05
0.00195737272619764	0.0062940481491613	0.0228207206830859	0.923087668879139	0.0279689268514865	0.00473559136989195	0.0127039947869313	8.84354352718688e-05	0.000343241118834428
9.31833332078913e-05	9.3183333200681e-05	0.0244069613287639	0.914815050281913	0.035911993034506	0.00937694593228413	0.013406149779151	0.000236498732032247	0.00166003424494081
9.12840681963051e-05	9.12840680861241e-05	0.0386045515253058	0.925558549757066	0.0159630345460891	9.12840681751358e-05	0.00857239769560099	0.00720101981723843	0.0038265944542426
0.00153442375646352	0.000131779138223455	0.0182023019210001	0.929090737638601	0.0252954092140123	0.0113470482898456	0.0126298103385521	0.00129360294522416	0.000474886758077582
0.000168266013004169	9.28748941789472e-05	0.0677559209755765	0.865418902828508	0.0226296317332283	9.28748940007434e-05	0.0199834742591325	0.0118208139854051	0.0120372404169653
0.000107561349547956	9.48072159452694e-05	0.0299308218043531	0.911792857174216	0.0340085601189831	0.000957405536269126	0.00932896396731591	0.0135031520421823	0.000275870791187307
8.95965451748211e-05	0.00145198073044013	0.0285698146659221	0.92790991738636	0.019880343435436	8.95965451309427e-05	0.016915088274242	0.00500406587211016	8.9596545183412e-05
0.00390728250252689	9.14944318999222e-05	0.0413415980411639	0.917582049746188	0.0186404445739008	9.14944319221132e-05	0.0148034830773051	0.0027725975025421	0.000769555692551377
0.00032659553028195	8.89116560049789e-05	0.0173600066757123	0.935422165750441	0.0211011126680911	0.00970471193010021	0.0109817922341309	0.0048425732467132	0.000172130308524593
9.0167289155467e-05	9.016728911502e-05	0.0167011658198801	0.932955801612449	0.0339234987020125	9.0167289180623e-05	0.0159686974198385	9.01672892165834e-05	9.01672891525075e-05
0.000128352510731884	0.00012835251067119	0.0231676555230328	0.916039808737319	0.0421066052440694	0.00421616288278835	0.00813027520306272	0.000978211033499408	0.00510457635482532
9.19804550604857e-05	0.00345038169556437	0.0239697607396524	0.925936464361662	0.0357376266680013	9.19804550236323e-05	0.0101442156602144	0.000485609509756935	9.19804550646572e-05
8.97416777336093e-05	0.0143925553730461	0.0143561870407674	0.941810555445663	0.0151347369973839	8.97416778155315e-05	0.01300701485666	8.97416777006687e-05	0.00102972525322975
9.21157264835586e-05	0.000719011503279619	0.0212583039773583	0.950804132011991	0.0151965537831657	0.00149551077525412	0.0102501407697132	9.21157262560717e-05	9.21157264986747e-05
9.15843502975859e-05	9.1584350256867e-05	0.0213822244699892	0.946523582745642	0.0188651276776262	0.00701753473719609	0.00538483601274881	9.15843502892351e-05	0.000551941305953573
9.40062626964141e-05	9.400626267394e-05	0.0206454832983551	0.936844132981271	0.0224178333296394	0.00636959228165513	0.0133469330583191	9.40062626915764e-05	9.40062626980434e-05
0.00346945509714094	0.0101976535595507	0.0210027900236688	0.920897405151134	0.02462380464242	0.00192207831814541	0.0138207140686036	0.00393644345415654	0.000129655685180048
0.00037006541359334	0.00709771761462294	0.0218186859960925	0.932720663786598	0.0216421307517859	0.0022297705457732	0.0138643750606414	0.000128295415250056	0.000128295415642508
9.18047601410475e-05	9.18047602854997e-05	0.0243046862463529	0.935273641043897	0.018941582873437	9.18047602469692e-05	0.0150474015055674	0.00596335546102113	0.00019391858905053
0.00209320170846554	0.00443463235245228	0.0150947079248335	0.936236790024021	0.0272595375773	0.00353968197250984	0.0110877269171775	0.000126860761670827	0.00012686076156994
9.21790249611357e-05	9.21790249671579e-05	0.0260605535937493	0.913445740499601	0.0387299431577262	0.000465482851156295	0.0107400886607399	0.0102816541621337	9.21790249652255e-05
9.07812990089087e-05	0.0211085918769478	0.0215079009526447	0.924762263843539	0.015730784497768	9.07812990011761e-05	0.0154213121347119	0.00119680279737041	9.07812990081165e-05
8.7804548621256e-05	0.00423158287136181	0.0201586986015664	0.929074384334065	0.0215381066467358	0.00798340176512459	0.014073191176512	8.78045486535608e-05	0.00276502550735909
9.04983780045612e-05	9.0498377955417e-05	0.0195137405203262	0.925005686109882	0.0295807955961724	9.04983779790082e-05	0.0143141478523238	0.0112236364093403	9.04983780161986e-05
0.000711336245108113	0.0148390718722762	0.0188417269269577	0.917006350846275	0.0274857831950086	8.87283075602801e-05	0.0153036243303423	0.00129822628131743	0.00442515199515474
0.000762144496235143	0.0151581229652573	0.0211570206655664	0.914208740974545	0.0274836271120985	8.86028545770483e-05	0.0146036326939394	0.00644950538318324	8.8602854598143e-05
0.0032613155827067	0.000330680982709762	0.0189732791847691	0.935711209550792	0.0238229984970735	0.00658112400903347	0.00716365236092525	9.03713020568525e-05	0.00406536852993314
0.00537663237075363	0.00479529723346032	0.0195412140051216	0.899805207384077	0.0491689981576843	0.00518095448508733	0.0133358276538977	8.91657349797411e-05	0.00270670297493834
9.20470042352018e-05	0.014420310660381	0.0181604320479826	0.92239805705324	0.0199231653463119	0.00255646734454109	0.0168383862005854	0.000429323729233731	0.00518181061348946
9.1496223527666e-05	0.00440694697236892	0.0200930355979363	0.922554620729342	0.0449981955168722	9.14962234826958e-05	0.00758121628938459	9.14962235632713e-05	9.14962235221386e-05
0.0059045948647546	0.0042676504314458	0.0170271465351872	0.923914247793654	0.033460844795714	8.86893874722844e-05	0.0132435727573524	8.86893873657925e-05	0.00200456404705351
0.00539478327889874	0.00859756353049026	0.0410316733741369	0.866181208474005	0.0264558285645443	9.01664631800042e-05	0.0286999725299379	0.0234586373216397	9.01664631671433e-05
0.00116288202514466	0.00255110199894654	0.0161469209948411	0.936451188979952	0.0318850655678643	0.00136751557794224	0.010213938762067	0.000130444156974356	9.09419362675178e-05
0.0101144347820233	9.16944363175266e-05	0.0637997739802501	0.870935899389978	0.0330441118467591	9.1694436274159e-05	0.0170198579050781	0.00481083878695893	9.16944363608174e-05
0.0013330311869046	0.00298129108517396	0.0217755114483511	0.937072023047833	0.0262096994047908	9.06670024551207e-05	0.00937501374889617	9.0667002641027e-05	0.00107209607295395
9.23167038381115e-05	0.000154570804871064	0.0221142081951898	0.941537192722012	0.017587189510075	9.23167039482217e-05	0.0160084534627452	0.00182887864081843	0.000584873256501857
0.00259297372205936	0.00174116506613176	0.0138398135007252	0.936355754207885	0.027281832460656	0.00614540980616307	0.00730971557574286	0.00151563228361925	0.00321770337701706
0.000803126064146195	9.11667404537431e-05	0.0236249145506152	0.944450985408579	0.0147917332824839	9.11667406411209e-05	0.00790132353440496	0.00612216776442387	0.00212341591425203
0.00132634209782449	0.00115132781992882	0.0145255834412609	0.923304643331861	0.0309158889145465	0.00885665259827333	0.0194859311960384	8.98510348258807e-05	0.000343779565440346
9.04492381336423e-05	0.00539934778519795	0.0188144936171831	0.929338372186923	0.0316530351050127	9.04492380843476e-05	0.0131373344916007	0.00138606909973128	9.04492381330151e-05
9.06680377605528e-05	9.06680377475458e-05	0.0381330010776354	0.886427692881035	0.0254213084554877	9.06680378835167e-05	0.0140225173072792	0.0168444397532377	0.0188790364119332
8.84134935354097e-05	0.00101452280549005	0.0173783538683013	0.934847914698492	0.0191802756786119	0.0051341574777743	0.019355012240154	8.84134934801231e-05	0.00291293624416071
8.99507043993976e-05	8.99507046746681e-05	0.0175373428234559	0.933786595962898	0.021732624841217	8.99507043986592e-05	0.0130111678753684	0.0129857370638657	0.000676679319721875
0.0121681800329522	8.91540401257311e-05	0.0584992251800487	0.848574030382146	0.0272277462223337	8.91540402167431e-05	0.0246216255317521	0.0258783410943458	0.0028525434760792
8.93941774075175e-05	8.93941773401433e-05	0.0221703458216205	0.935508153670839	0.0293270734178229	0.00703441626420325	0.00560243411583375	8.93941775240291e-05	8.93941774094434e-05
9.14335941746588e-05	0.00559654512542518	0.0171034657136907	0.938075331779702	0.0109600971721438	0.00647306898925814	0.0147268833467144	0.00263608665999023	0.00433708761890034
9.26752372163703e-05	9.26752371558556e-05	0.0328146247170998	0.929444068165223	0.0266127081455024	0.00138515955542355	0.00937273846793294	9.26752372272532e-05	9.26752372186225e-05
0.000859337548140926	0.0075440951918927	0.0224608473714935	0.929315761998256	0.0278112569258986	9.13838927941156e-05	0.00984478445353709	9.13838928065321e-05	0.00198114872518044
0.00129875861776483	0.00146123013103037	0.0325876542064561	0.922696607865924	0.0268832658561751	9.26739980657147e-05	0.00957149103360582	0.00531564429285081	9.26739981272362e-05
9.29829158409386e-05	9.29829158098068e-05	0.0214270206617881	0.920779782836632	0.0300980955143418	9.29829157894576e-05	0.0122716525128152	0.0132271215757003	0.00191737815128276
8.89448133363279e-05	0.00178327783901905	0.0204193532987339	0.943549468841678	0.0150775495784732	0.00501589653082883	0.0127802085348649	0.00119635574970591	8.89448133601117e-05
0.00359501501994184	0.0135608909980669	0.0181294565586178	0.92802251752939	0.0201171134020856	9.18726596367842e-05	0.0141954705982363	9.18726596949181e-05	0.0021957905743293
0.00611325324157721	9.16564206879114e-05	0.0215433145024212	0.91916136186152	0.0306836633225559	0.00655793014705672	0.0082559165053865	0.000277504781759593	0.00731539921703483
0.0020304396912326	9.1078409512569e-05	0.0248556643309465	0.922152148375601	0.033132750682133	9.10784096372853e-05	0.0081610067174854	0.00906731005576249	0.000418523327688829
8.89231174435471e-05	8.89231174053559e-05	0.0143941555217	0.942748246873611	0.0163429494896418	0.00671551373394067	0.0150833205144214	0.00370536016166028	0.000832607470175636
9.24613577473227e-05	9.24613577467096e-05	0.0172792283602996	0.932328986024193	0.0250842895719379	9.24613577215261e-05	0.0118983630238941	0.0120139749786692	0.00111777396779036
9.1561259467499e-05	0.00417325493492772	0.00981740648377216	0.94536430134281	0.0263971868107619	9.15612594162428e-05	0.0136211776844898	9.1561259406297e-05	0.000351988964948229
8.88759468446123e-05	0.0129329479610589	0.0256577962837418	0.929661978308154	0.0141645399977302	8.88759468781795e-05	0.0138003875084104	8.88759468005865e-05	0.00351572210038159
0.00204202235593286	0.004388974068015	0.0133127727631918	0.933962421538517	0.025147958982904	8.81658688444152e-05	0.0127381896725563	0.000501893857718667	0.00781760089232038
0.000910267224283743	9.44314744476142e-05	0.0291324511018321	0.923889101325889	0.0239378271813359	9.44314745830591e-05	0.013983975251502	0.00786308349158412	9.44314745425379e-05
8.8858418487565e-05	0.00424311848496459	0.0200701157069252	0.939904957959428	0.0204861262903294	8.88584184773914e-05	0.0121664630825486	0.00286264322035081	8.88584184885677e-05
0.00233140502496878	9.1946083337501e-05	0.0185320207788452	0.940690515264066	0.0208901121703204	0.00523920826103193	0.0084039110671485	0.00287475553299722	0.000946125817284637
0.00112913034990506	8.92176222282484e-05	0.0151170297113819	0.947443410096597	0.0225704943394978	8.92176222662726e-05	0.0125483642105494	0.000184080149824609	0.000829055897749153
8.83430384737068e-05	0.00195495511475365	0.014760494285794	0.940318697098777	0.0287015094982274	8.8343038636732e-05	0.0113728802852303	0.00262643460161001	8.83430384971235e-05
9.35130055964775e-05	9.35130056085129e-05	0.032182683899397	0.925278427025277	0.0275771019226779	9.35130055888027e-05	0.00883180730792637	0.00496259831429261	0.000886842513635042
0.001240649817695	0.00180793487636747	0.0225792968844114	0.938082223235249	0.0143886234518502	0.00651605035300921	0.0152070360799863	8.90926506993366e-05	8.90926507325176e-05
9.05148654815348e-05	0.00439882636961431	0.021332206246781	0.923797254476191	0.0222937206623756	0.00570076925137362	0.013367611734672	0.00892858152802755	9.05148654837941e-05
0.0366889273001386	0.0198543790259809	0.0684671230512836	0.786814448645782	0.0416100162845951	8.93798667082388e-05	0.0332919943525663	0.00939311455575632	0.00379061691718855
8.9924770756536e-05	0.00279022361281989	0.0236684746641861	0.94065948850493	0.0230583295514137	8.99247706954351e-05	0.00750690946405091	0.000567962813767243	0.00156876184738056
0.0018539404929201	9.02039354882167e-05	0.0348206725682584	0.90135638315824	0.0350730341767427	0.000155051001974725	0.00886104802032565	0.0100226327362157	0.0077670339098343
8.83232042960593e-05	0.00216621468695235	0.0202139026201421	0.932838698544669	0.0309111362226046	0.000239343925834995	0.0133657343868187	8.83232043839484e-05	8.83232042977424e-05
9.02017918026497e-05	9.02017918419503e-05	0.0183100559743282	0.931778668086116	0.0282292725780441	0.000623627061500219	0.0186314652064494	0.00215630571810009	9.02017918172865e-05
8.89612393704141e-05	0.00956922414290162	0.0171180678845348	0.948822723490735	0.015592424525916	8.89612393619763e-05	0.00854171499850113	8.8961239312381e-05	8.89612393666115e-05
0.00202341721292531	0.00658740817795176	0.0175095283989484	0.931381956169988	0.0180682722705196	0.0102593659878354	0.0121890087869295	9.02472911138541e-05	0.00189079570378774
0.00140528989568734	0.000596147558343709	0.017793348166941	0.934466101443469	0.0188789232887473	0.00579661666022165	0.0153412681578453	0.00563102882500971	9.12760037351795e-05
0.00442569778447031	8.79144495731554e-05	0.0179904061390784	0.943190876132327	0.0205111411778528	0.000998712278712925	0.00919829912253779	8.79144496460706e-05	0.00350903846580219
9.26641832248942e-05	9.26641831746795e-05	0.0206730136926257	0.942890735771191	0.0184331266937511	0.00354539315487852	0.00930890611904629	0.00487083201887817	9.2664183229408e-05
9.0658040622563e-05	0.00364729702605936	0.0195068106769499	0.925193635591905	0.0226883463318334	0.0145192810521171	0.0114940351012564	0.000326409360435977	0.00253352681882015
0.00100125123176924	0.0101548332619325	0.0267222851102156	0.931934549290705	0.00996674401015554	0.00675561578403122	0.0127267622077816	0.000648284133025641	8.96749703837053e-05
0.0019887936076457	0.00721865614153284	0.0193434517979883	0.925792427732047	0.0313651506009262	0.00194647078493389	0.0109958915377803	0.00079962868095427	0.000549529116191969
8.89020214216723e-05	0.00518447521051712	0.0171785619399859	0.925010064437164	0.0338839314809088	0.00184085808847704	0.0128528352521874	8.89020214577924e-05	0.00387146954788061
8.73818703783442e-05	8.73818703385787e-05	0.0206443593665197	0.935379483768934	0.0158042136025244	8.73818702566917e-05	0.0108552453953777	0.00563079490919274	0.0114237573464785
0.000831920653198339	9.20236160222891e-05	0.0404969154733349	0.930515142663159	0.0147072862931756	0.00418639528010433	0.007087101734278	0.00199119067064534	9.20236160825458e-05
8.91653547412388e-05	0.0199675502031475	0.0197645348497461	0.930007808618723	0.0161382234480901	8.91653547016633e-05	0.0113860850772463	0.00246830173886069	8.91653547431956e-05
0.00196123332703153	0.00524774441634495	0.0228733511224766	0.913087076330031	0.0366327985037732	0.000131514193497765	0.0112895826319122	0.00668563681214172	0.0020910626627914
0.000335701871669691	0.00338673813158149	0.0182994959740259	0.937883961229942	0.0143217248499576	9.09036811965996e-05	0.0171453588272399	9.09036812556022e-05	0.00844521175313107
0.00168493404025557	9.25172330267093e-05	0.0271726953935805	0.922882800246447	0.0368379021856783	9.25172330101388e-05	0.0058836884879257	9.25172328428268e-05	0.0052604279472337
0.00276200799673492	9.36073669837456e-05	0.025126508549079	0.927997801889153	0.0265755464816264	0.00163801757568851	0.0130213695909636	0.00226700656595652	0.000518133983814306
9.06550902255257e-05	0.0104526324786843	0.021830736696771	0.928996720260438	0.0181214031475101	9.06550902189121e-05	0.0126833157157017	0.00242973117422374	0.00530415034622617
9.24376818846658e-05	0.00556008175052372	0.0232198171636274	0.925064007591427	0.0298320087457643	0.000277058229706858	0.013157170460334	0.00168362929030845	0.00111378908642377
0.00216092370029559	0.00029547861886111	0.0185044626286135	0.941040844181538	0.0186988425576529	0.00597428816446071	0.00975689152334272	0.00347753112256287	9.07375026726513e-05
8.63211460429197e-05	8.63211460426246e-05	0.0264103421817651	0.927711628433831	0.0327871168376079	0.000984926844159154	0.00792025122809176	8.63211460598441e-05	0.00392677103639932
0.000606487999804667	0.00689962413691204	0.0191719475090944	0.950615370081077	0.0110970074856478	0.00249702887678856	0.00893005619112224	9.1238859783626e-05	9.1238859769984e-05
0.00141502384346297	0.00396147047532055	0.0203997187896306	0.921897963111323	0.0363192799089474	0.00114138633668013	0.014263910369987	0.000130262332967088	0.000470984831681884
9.10474424293116e-05	9.1047442460409e-05	0.0166701738868345	0.956614026015259	0.0121795526083976	0.00535379981949507	0.00881825790025714	9.10474424399984e-05	9.10474424265941e-05
8.97466477132004e-05	8.97466478363431e-05	0.0157740102645696	0.947577718286481	0.0137470131295643	0.0117192283106931	0.0108230434177326	8.97466476869595e-05	8.97466477228367e-05
9.00266900541868e-05	0.00574937779385577	0.023839195842241	0.930394200915687	0.0308080888478857	9.0026689968343e-05	0.00884902984021259	9.00266900490595e-05	9.00266900458732e-05
9.05393786578367e-05	0.0120272756340066	0.013767907040365	0.930549602055044	0.0134244415632661	0.0106453667432709	0.0191981730392074	0.000206155167518799	9.05393786637308e-05
0.00220331393944891	0.000604381139141518	0.0234662230504822	0.913689856640143	0.0309529807694787	9.14210112317896e-05	0.0123574848201601	0.0104814581606261	0.0061528804692874
0.00129037625245992	9.14166554144442e-05	0.0224449483665308	0.937578689280851	0.0179916528161458	9.14166553144149e-05	0.00991119151340893	0.00420013326573435	0.00640017519414086
0.00854093763903541	0.00315178626160583	0.0215568033937904	0.914629063326144	0.0425843639730064	9.52085515189544e-05	0.00925141975183729	9.5208551532731e-05	9.52085515293544e-05
0.00294684961229327	0.00714604390224897	0.0214402441253768	0.927144564694659	0.0223171802470767	8.75590923193497e-05	0.0133767320075442	0.00545326722610468	8.75590923768489e-05
9.25935792855412e-05	0.000281373779047772	0.0237328838080274	0.928290523540266	0.0247247419882807	9.25935792593892e-05	0.0116582614406855	0.0110344347058674	9.25935792798221e-05
0.00779927673044777	0.0145655478187257	0.0200058061004796	0.922401898427449	0.0221258246446774	8.85866156431797e-05	0.0101675049292357	8.85866158645644e-05	0.00275696811747677
0.00270995210510339	0.000944663696099684	0.0305057399132014	0.929386709847503	0.0201640363996304	9.27934675559524e-05	0.011756561832091	0.00434674927120794	9.27934676071215e-05
8.99592455578146e-05	8.99592456236064e-05	0.0177587208721221	0.933344777448824	0.0224254458040127	0.0141691786024673	0.0105276868315169	0.00150431270429583	8.99592455800232e-05
0.00278174116731846	8.91921945610578e-05	0.027485736725515	0.938627054972887	0.0165411549232138	0.00266018100180426	0.0116365546256512	8.91921945693899e-05	8.91921944794346e-05
0.0024366852685788	0.00143341102696227	0.0320125719526649	0.913811388958242	0.0385052091883838	9.26656129762061e-05	0.011522736766204	9.26656129998945e-05	9.26656129885722e-05
9.24959375701011e-05	9.24959375298469e-05	0.0206613410472126	0.912240348833094	0.0439692638517865	0.00280347057034068	0.011685860468406	0.00836222741648457	9.24959375759173e-05
8.98242407742563e-05	0.00269925170426317	0.0201084855104478	0.942648486435308	0.0155505756474178	0.0030904945469807	0.0156332334332963	8.9824240744187e-05	8.98242407681951e-05
0.00050148878069425	0.00429604724144401	0.0219607239257356	0.931116064611493	0.0291961681180499	8.99797249241583e-05	0.00715316251313659	0.00559638535968547	8.99797248367317e-05
9.10701410767207e-05	9.10701410150823e-05	0.0198902139100172	0.939927778631071	0.0190224845771484	0.00941321811281326	0.0113820242048932	9.10701408940461e-05	9.10701410708451e-05
9.26333441319215e-05	0.00563546961462508	0.0258682024848834	0.913516496573064	0.0343725965802265	0.00792033132932339	0.0101254075156077	9.26333440786658e-05	0.00237622921405951
9.06224864454752e-05	9.06224864983206e-05	0.0237757548384895	0.937382410606122	0.0247401773450706	9.06224863308362e-05	0.0107765799629893	0.00296258730160619	9.06224864472814e-05
0.00204380737126472	8.78924452639663e-05	0.0165121145508144	0.940016369871274	0.0227255455954803	8.78924453421266e-05	0.0074975962667752	0.00607701639160093	0.00495176506218396
0.00126026460507201	0.0214578921047353	0.015861601554874	0.91610985783228	0.0156007378542664	8.81947149439202e-05	0.0285087336589032	0.000988962505541693	0.000123755169383331
8.88202159870041e-05	8.88202160455288e-05	0.0310885648677807	0.935913949021767	0.010637787201819	0.0084864541813739	0.0135179638631623	8.88202160406099e-05	8.88202160242655e-05
9.08113188650298e-05	0.000970961256495046	0.0198387777537168	0.931088272201898	0.0266517366307258	9.08113187980519e-05	0.0141184853113191	0.00705933288931483	9.0811318867065e-05
8.98992749727659e-05	0.00970832048909654	0.01600114003779	0.928489484147393	0.0278499585177811	8.98992749030291e-05	0.0175914997082015	8.98992748880333e-05	8.98992749744006e-05
9.06922906774007e-05	9.0692290628411e-05	0.0203961065400283	0.935934381194727	0.0172729134213657	9.0692290651928e-05	0.0093994813179127	0.016634348363328	9.06922906805916e-05
0.00228496587768572	8.82761559874391e-05	0.0131333448384413	0.946446631923205	0.0196161026748043	0.00637411637621327	0.0118800098417143	8.82761559270388e-05	8.82761560217036e-05
9.26150538980479e-05	9.26150538448298e-05	0.023153278743458	0.929522570933901	0.0252230643243735	9.26150538329221e-05	0.0114752691508883	0.00225839918387186	0.00808957250193167
9.41552915351359e-05	0.00624425106509202	0.0229561163062224	0.936415431529553	0.0216820043978871	9.4155291509228e-05	0.0123255755351388	9.41552915277591e-05	9.41552915346311e-05
9.29850721463512e-05	9.2985072084318e-05	0.0282961567277165	0.907808777585804	0.0494997896320596	0.00247365256567058	0.0115496832002296	9.29850721396573e-05	9.29850721489556e-05
0.00203554878011896	9.31492174669953e-05	0.0333621027051466	0.920546316033328	0.0181318587844838	9.31492171947386e-05	0.0107122843828246	0.0140803373328391	0.000945253546596624
0.0128940016483011	0.00767158262243521	0.0181613133354667	0.924941459930666	0.0250062942249988	8.84933625389803e-05	0.0104155834141083	8.84933627931299e-05	0.000732778098691607
0.0020256269562021	9.31181552046948e-05	0.0238175223242107	0.920685612978288	0.0320336341188915	0.0046611221547311	0.011153471584097	0.00543677357321967	9.31181551553269e-05
9.3548315859424e-05	9.35483158041526e-05	0.0198900849110023	0.929875602084897	0.0312442657354835	9.35483158070879e-05	0.0108861956832252	0.00710212282511687	0.000721083812804875
9.31038019604623e-05	9.3103801896287e-05	0.0377392152843888	0.897797325846205	0.0151532814783534	9.31038019560134e-05	0.0191540989097558	0.026577748916049	0.0032990181594355
0.00146000271855055	0.00989082494450549	0.0156738886259106	0.935098963169022	0.0201762465430055	8.98707137553634e-05	0.0174304618575241	8.98707139139171e-05	8.98707138124428e-05
9.36950625667352e-05	9.36950625351261e-05	0.0272042297446335	0.933559822640447	0.0227148540913365	9.36950626045098e-05	0.0117998178189259	0.00434649545437578	9.36950625749291e-05
9.21065474412044e-05	9.21065474603518e-05	0.0284108707219907	0.927092295876951	0.0199331563193074	0.00812617642421675	0.0124680714243956	0.00311733965146546	0.000667876486771354
8.99957916958512e-05	0.00874547471728358	0.013392405454201	0.947474424069296	0.014610344477096	8.99957917700061e-05	0.0136872473530901	0.00182011655384703	8.99957917207825e-05
0.00379088915047695	0.00738770986721861	0.0205697332850861	0.932082405149752	0.0196042588336099	0.000567090670467797	0.0158201509605114	8.88810414396872e-05	8.88810414370633e-05
0.00167585347915223	8.92726803936408e-05	0.0252044578323769	0.948205962037458	0.0146778628755583	0.00125163977931848	0.00871640595500172	8.92726803801499e-05	8.92726803602988e-05
0.000975503037531229	9.31535116554777e-05	0.0255086975317182	0.915682792933264	0.0267456897144514	0.0106702884718369	0.0101337674321398	0.00969743538467866	0.000492671982724189
0.00572734223598794	9.44307617856859e-05	0.0278541167615727	0.901383837801256	0.0360775136368302	9.44307618696586e-05	0.0109538911506566	0.00799859891694651	0.00981583797309453
0.00321391673558699	8.94333266347421e-05	0.0204258144568367	0.942568576086575	0.0190408225283376	0.00650516608729995	0.00729851319185786	0.00076832426017841	8.94333266932756e-05
9.15591841486304e-05	9.15591840950106e-05	0.0279466211790172	0.939080962781048	0.020059163676947	9.15591840939373e-05	0.00997093115757341	0.0025760844689277	9.15591841494039e-05
0.00998886947695423	0.00186227158587575	0.0242885287796672	0.933235381869982	0.0169564118971145	9.03004533798881e-05	0.013397635030149	9.03004533999531e-05	9.03004534774521e-05
0.00324960829417133	9.29124146196483e-05	0.0287427385501261	0.914978105153431	0.030692511307759	9.29124147188413e-05	0.0119345427829609	0.00771621903475542	0.00250045004745773
0.00243753036019469	9.28671125119335e-05	0.0367396077478201	0.92108604241835	0.0246051759693353	9.28671125043485e-05	0.0113583154333036	0.00349472673344709	9.28671125332722e-05
8.97052217042001e-05	8.97052217437591e-05	0.0246854990802551	0.935886308104116	0.0202379418348009	0.00321048123911308	0.0107899887792812	0.00106607554183532	0.00394429497715073
0.000450134584266927	0.00628974116538104	0.0202426898667495	0.941530593205867	0.016143075038299	8.93054531004493e-05	0.015075849780033	8.93054531485161e-05	8.9305453154695e-05
0.000197403957506497	0.00319958423506761	0.0167843012296129	0.94308905481281	0.0200370679083723	0.0045779375632984	0.0119346838085948	8.99832423153082e-05	8.99832424222757e-05
0.000668148357485476	9.22107240593475e-05	0.0236749342862024	0.940943355988689	0.0202416199553583	0.00254691826137984	0.00890037394439429	0.0028402277583775	9.22107240540345e-05
0.00107233282074689	9.42938385812012e-05	0.0225913024143847	0.928073887936342	0.0203420458912509	0.00106737493612675	0.0131146379493326	0.00643657216403261	0.0072075520492023
8.83771321632455e-05	0.00892311824340296	0.0173083825189513	0.937417801363537	0.0170568391973728	0.00763289709583749	0.0097878498535863	8.83771321858801e-05	0.00169635746296282
0.00314926010109023	0.00411162573708419	0.0613798320013855	0.890025281550707	0.0227228202799899	9.11547582678796e-05	0.012302798792413	0.00529931456301988	0.000917912216042393
8.67866654400771e-05	0.00209955472646157	0.0199543323975528	0.934175625157665	0.0166168192592266	0.00253726227115098	0.0113648026730524	0.0120378973340222	0.00112691951542826
9.31478258795333e-05	9.31478258518542e-05	0.037388455015056	0.927755022794307	0.0198607818991264	9.31478258286782e-05	0.0123444194535123	0.00227872953455765	9.31478258799657e-05
0.00186041304281489	0.000969440867684724	0.0157951856390654	0.934646492051645	0.0288576901641433	0.00623049498048294	0.0114590673733429	9.06079404100744e-05	9.06079404107762e-05
0.00161189037497905	0.0060508072808114	0.0191204381242219	0.932729536564357	0.0275245623505841	0.000128301242113847	0.00781959686785069	0.000932129615006507	0.00408273758007538
0.00564672474532076	0.00031824539078109	0.0288521483539204	0.924398288430705	0.0199852139515055	9.41637198385204e-05	0.0116156093650279	0.00235702438336688	0.00673258165953358
0.0114257835420369	0.00250447575499595	0.0179738366962487	0.930874558940054	0.0190709695566962	0.00184566961453816	0.0104494069450151	0.00576375717076179	9.15417796531159e-05
9.07306292484699e-05	0.00618155242767693	0.0165625870438068	0.937784352172466	0.0257302008905358	9.07306292685748e-05	0.0133783849484946	9.0730629253494e-05	9.07306292492514e-05
9.32669704272614e-05	0.00312890087296147	0.0151976414505386	0.924912299933293	0.0269877577495536	0.00058124806483733	0.0165203816755695	0.0080240358277942	0.00455446745502481
9.04159620837724e-05	9.041596203915e-05	0.0188694874336721	0.942384671924232	0.019057824976813	0.00681718964336788	0.01250916217363	9.04159620762701e-05	9.04159620860574e-05
9.12013941360571e-05	0.000804432151950035	0.0202267537893742	0.936447242111719	0.0221010992941719	0.00629653649104663	0.0138503319792867	9.12013941646386e-05	9.12013941504833e-05
8.95525508729868e-05	0.00348786066438805	0.0130774894880797	0.939947411171107	0.0287853573107534	0.00502967301862456	0.00940355069430638	8.95525509799167e-05	8.95525508876658e-05
0.00187541819936185	0.0080856574546456	0.0234839347201111	0.922692324539203	0.0165058359305762	0.000130441258777207	0.0172074725325147	0.00106641625102019	0.00895249911378994
0.00351199538485762	9.08866423354425e-05	0.0235856623682204	0.916720603417681	0.0304010275071211	0.00928043588884536	0.00966993038944361	9.08866423044084e-05	0.00664857175919102
0.000819513120789712	8.84608888694081e-05	0.0142924116502434	0.943016175960898	0.0149964422009143	0.00845619201171596	0.0144695536475423	0.00377278963016206	8.84608888645947e-05
9.29585369623533e-05	0.00890921248235902	0.0205199922038333	0.927975150396055	0.0287041839990374	9.29585369616823e-05	0.0135196267708688	9.29585369548807e-05	9.295853696782e-05
9.21055290439877e-05	9.2105528961822e-05	0.0156583013660511	0.930188245983755	0.0301114668248632	0.00573548834582665	0.00949647080611877	0.00802889195781385	0.000596923657565441
0.000929444472039093	9.20406488674034e-05	0.020822741388976	0.947396764128013	0.0177416016165004	0.000510698285956375	0.0101154892740384	9.20406489479185e-05	0.00229917953666112
8.96964730873872e-05	8.96964731268469e-05	0.0240547103141431	0.925779933449342	0.0313068313415283	8.96964730656516e-05	0.0101925178655315	8.96964732345596e-05	0.00830722113694084
9.46311251603567e-05	9.46311251118255e-05	0.0254850910179245	0.931228578492639	0.0214482263082597	9.46311251459763e-05	0.0129957971032831	0.00846378257731437	9.46311251615867e-05
8.84803567193085e-05	0.00585735569980082	0.0203627016197436	0.922860394141413	0.0362516081681531	8.8480356801605e-05	0.0101305218188748	8.84803566789373e-05	0.00427197748181446
9.21490865748576e-05	9.21490865309005e-05	0.0151671457594982	0.94562602436788	0.0222835627085337	9.21490864920861e-05	0.0091659002583289	9.21490865184202e-05	0.00738877055964277
0.00421726838879921	9.21702245953984e-05	0.0241313841445297	0.927058208703608	0.023409272623486	0.00755667108093032	0.0101785311118987	0.00326432349758096	9.2170224571279e-05
0.00408683699317751	8.97442445766518e-05	0.00992748335008524	0.919518508806764	0.0303464292691486	0.00473903443241655	0.00983500246312901	0.00642990401010451	0.0150270564305979
8.95221048989259e-05	8.95221048289204e-05	0.0183709829525777	0.941510221228286	0.0213955979327418	0.00866451389053598	0.00898623978280441	8.95221048173575e-05	0.000803877898509063
8.85983918090567e-05	0.00961404692063961	0.02472922198114	0.923606028582593	0.0284200954102946	0.000107195952662946	0.0114455105660445	8.85983917693523e-05	0.00190070380304681
9.01270844879111e-05	0.00291314834722672	0.024575425509437	0.945358674655778	0.0161197696549777	9.01270844398366e-05	0.0096992601977897	9.01270845409385e-05	0.00106334038132228
8.85213226525741e-05	0.0151556506092698	0.0235272020604293	0.915713508190201	0.0215398541930475	8.85213226860291e-05	0.0237096996564443	8.85213226154751e-05	8.85213226537343e-05
0.000431241329965461	0.0181696828244412	0.0161023318772128	0.937801525642658	0.017994626469782	9.07681766013072e-05	0.00838916255923744	0.000929892943428732	9.07681766732499e-05
9.10149701255859e-05	9.10149701143578e-05	0.0124350737371426	0.953565446640642	0.0161993726870221	0.00583965971798644	0.0106831703168395	9.10149699711364e-05	0.00100423199015669
8.82672763320433e-05	0.00142701849134546	0.0146984676537887	0.934400429412266	0.0110525256403083	0.00843385320351287	0.0142837344720623	0.00287760432121949	0.0127380995291652
8.95145516304981e-05	8.95145516075301e-05	0.0222970799346575	0.943437724773324	0.0148262667692508	0.00692538692673174	0.00994198438743028	0.00230301355374144	8.9514551625616e-05
9.1901612392589e-05	9.1901612406857e-05	0.0246173957748537	0.926146160211388	0.0383006030178431	9.19016123397124e-05	0.00919857694057598	0.00136965760580827	9.19016123921035e-05
0.00710505093460633	9.37629886761103e-05	0.0307937128427367	0.912675197811893	0.0294994933534483	9.37629886393052e-05	0.0136651686248048	0.00570154378760809	0.000372306667587702
8.98289898129181e-05	0.00651998100041997	0.0252408622250801	0.932913630681496	0.0152379540529466	0.0106870186093675	0.00913106646120989	8.98289898514557e-05	8.9828989815413e-05
0.00370029530601051	8.86727930064898e-05	0.0177958189301732	0.936660703801588	0.0196202532393536	0.0051916705149064	0.0130608420672324	0.00379307055468438	8.86727930447993e-05
0.00264461832734305	0.00268594723502668	0.0276435388985065	0.896165715359776	0.0513808983382962	0.000133050705571754	0.0111185578491114	0.0043234942848245	0.00390417900154352
0.000232608978972795	0.0171540603462737	0.0154348585528167	0.935815399772902	0.0164331122503726	8.9321075552942e-05	0.014661996872008	8.93210755391257e-05	8.93210755624229e-05
8.88932253720602e-05	0.00132639261775835	0.0206602348289458	0.932970658916797	0.0269301996710028	8.88932253016319e-05	0.0150798738998115	0.00276596038964409	8.88932253669443e-05
9.53015014378488e-05	0.00460673833743926	0.0309577291082029	0.913113987668071	0.0323920787268169	9.53015015114341e-05	0.0141821035682596	0.0044614580868039	9.53015014572042e-05
8.98980044903476e-05	0.0227939770151968	0.0161378535167947	0.923377507686172	0.0153945613172765	8.98980044535102e-05	0.0100072312836319	0.002011827736595	0.010097245435389
8.72180059956847e-05	0.00793971989008808	0.0164092219875991	0.931227385259325	0.0289042981184142	0.00374050524268817	0.00937214898684932	8.7218005957059e-05	0.00223228450308278
9.20066525247608e-05	9.20066524637383e-05	0.0231699273836402	0.933315528581825	0.0304681551079322	9.20066525152015e-05	0.00866077903474484	0.00401758328182946	9.20066525244475e-05
0.00177563697689556	9.13546671832695e-05	0.0270885827098648	0.93590747289289	0.0122291743611394	0.00414878078965653	0.0101485210485471	9.13546671436736e-05	0.00851912188667936
0.00371233218316237	0.00354245998819334	0.0188359895363347	0.940640212762314	0.0164110036364072	9.06191193461656e-05	0.0140571558893171	9.0619119184896e-05	0.00261960776574053
8.86530081916156e-05	0.0095916155356469	0.0167256486464514	0.929128154129748	0.0276361432276164	8.86530082232797e-05	0.013823525017828	8.86530081840758e-05	0.00282895441810984
9.48981076241723e-05	9.48981075925284e-05	0.0287994748839281	0.926770909284913	0.0206445900427975	0.00334607322394372	0.0124352647938345	0.00771899344773838	9.48981076278816e-05
0.00283416645870678	0.00104786236204661	0.0204302097094914	0.933426495168223	0.0158763913926074	9.01663149243169e-05	0.0200757846112859	0.00612875766776479	9.01663149500754e-05
0.00192086956934178	0.0056814738525914	0.0143094324738514	0.932294006387446	0.0225355701930615	8.99091677731026e-05	0.0180078484496956	0.00304532798771721	0.00211556191852251
9.28623754803451e-05	9.28623754827732e-05	0.0234318735164197	0.919888990034595	0.0240575437778619	0.00933302063942387	0.0148636749807838	0.00405266981483217	0.00418650248512024
0.00225772806483901	0.00656040366735457	0.0298762987563251	0.921354665019942	0.0169411653494385	0.000130090117149315	0.0123241732095852	0.00238528607672308	0.00817018973864351
9.50047752208885e-05	9.50047752100115e-05	0.0266514245202558	0.953206993931987	0.0120135587061098	9.50047752484536e-05	0.00765299896549956	9.50047752365831e-05	9.50047752322079e-05
0.00267827981404329	9.15923499964253e-05	0.0612500898212991	0.882207646796381	0.0201946230660492	9.15923499647989e-05	0.0173047700810231	0.015749238786817	0.000432166934426249
9.02040477818447e-05	0.00394344871720257	0.0152270734886814	0.941983356604937	0.0147302139626346	0.0107522278618909	0.0122257015239134	9.02040475762481e-05	0.000957569745381892
0.000805152595601623	8.9193937614615e-05	0.0183124328967834	0.935473600227305	0.0128918651283147	0.010504146661421	0.0102887514479693	8.91939376184248e-05	0.0115456631673721
9.03449421804172e-05	9.03449423897057e-05	0.02352483464349	0.943825296151931	0.0160316527979871	9.03449421271407e-05	0.0100658232440739	0.00619101339364116	9.03449421794444e-05
0.00069254140688194	8.97316486382156e-05	0.0205081467810599	0.948958418253094	0.0223148094442747	8.97316487621093e-05	0.0062768161196054	0.000980073049041554	8.97316486419377e-05
9.50921871890255e-05	9.50921871507405e-05	0.0289613773145368	0.928002052851012	0.0264268317713276	9.50921871547701e-05	0.0125085175239655	0.00372085179045894	9.50921872041431e-05
9.29637278910394e-05	9.29637278274308e-05	0.0204618704208592	0.933208809113931	0.0232590022400605	9.29637280857494e-05	0.0123918498304307	0.00871875444914154	0.00168082276177251
0.000607737557168039	9.50510987727497e-05	0.0230370569684936	0.932365005550014	0.0160460810520244	9.50510988670573e-05	0.0134779182400666	0.014181047335764	9.50510988303255e-05
0.000252218887248617	9.38550151843377e-05	0.0171780362343766	0.947897069820268	0.0186137851421595	0.00202513836109643	0.0100517377473992	0.00379430377706886	9.38550151981979e-05
0.000126974228083016	0.00448466108694676	0.015598091018865	0.938778415637432	0.00981501127539916	0.00980047477301273	0.00984412534763251	0.00012697422808376	0.0114252724045447
0.000615327375629837	0.00776613821954855	0.0215027692692181	0.936252903841733	0.0179947951401022	9.29486054118918e-05	0.0109677725058372	0.00471439643699319	9.2948605525851e-05
9.45496969881254e-05	9.45496969885008e-05	0.0271951026566372	0.921807635732012	0.0263149500007437	0.00175440937476872	0.0109576864197996	0.00955765854356863	0.00222345787849331
8.75458628449894e-05	0.0160956456999391	0.0184922525545845	0.91420290700248	0.0191768295996555	8.75458628835543e-05	0.0175710449869721	8.75458628335983e-05	0.0141986825678064
9.0593162769834e-05	0.00061751876572348	0.022676947151816	0.935466548057931	0.0240204119855937	0.00156304381941811	0.0153837507312197	9.05931627566357e-05	9.05931627712244e-05
8.98293342809222e-05	0.000677508919027092	0.0233543765279124	0.935543292147814	0.0256238017285167	0.00435962077880132	0.00680515501477051	8.98293339908226e-05	0.00345658621488665
0.00201563016542077	9.04010368152982e-05	0.0210413195078113	0.922385016395242	0.0344634895164832	9.0401036848709e-05	0.0122921358881666	9.04010368426996e-05	0.00753120541636945
