Basophils	Bcells	CapsularFibroblasts	cDC1s	cDC2s	CentralVeinEndothelialcells	Cholangiocytes	Fibroblasts	Hepatocytes	HsPCs	ILC1s	Kupffercells	LSECs	LymphaticEndothelialcells	Mesothelialcells	MigcDCs	MonocytesMonocytederivedcells	Neutrophils	NKcells	pDCs	PortalVeinEndothelialcells	Stellatecells	Tcells
0.00563204026281678	3.56905560193395e-05	0.00867161549745847	0.0230668952680044	3.56905560202031e-05	0.00299338617922103	3.56905560202042e-05	3.56905560202085e-05	0.858347845995231	3.56905560202047e-05	3.56905560202036e-05	0.0222311059035518	0.0451989210961878	3.56905559627447e-05	0.00235768513693927	3.5690556020204e-05	0.0272572261865812	3.56905560176248e-05	3.56905560185278e-05	0.00377930124580648	3.5690556020205e-05	3.5690556021767e-05	3.56905560202039e-05
3.45198969559333e-05	0.000918119548285411	3.45198969559332e-05	0.0363573394561186	0.0179752185852715	0.0205322333141844	0.00348343732509462	3.45198969559336e-05	0.837640948526962	3.45966750383467e-05	3.45198969559272e-05	0.0414365754428811	0.00232833902182477	0.00194692911660659	0.0109102245405697	3.4519896955934e-05	0.00917500251892269	3.45198970855939e-05	3.45198969523646e-05	0.00705018736565038	3.4519896956425e-05	0.00990016948985947	3.45198969559324e-05
0.000591004372227791	0.00137560024313434	3.64866076341514e-05	0.0224645202266007	3.64866076341538e-05	3.64866076341515e-05	0.00935075474301153	3.64866076341523e-05	0.828789766153497	0.00544880056299085	3.64866076341532e-05	0.051230469764068	0.0529738060647791	3.6486607634172e-05	0.0103540386192686	3.64866076341534e-05	0.00747143385293671	3.64866076275032e-05	3.64866076336653e-05	3.64866076341532e-05	3.6486607634153e-05	0.00587212617608726	0.00367632653742938
0.00251750950499731	3.48262973475618e-05	0.00876227839480515	0.032351266094536	3.48262973412857e-05	3.48262973412851e-05	3.48262973412851e-05	0.00464410550995072	0.800411043018585	0.00348721550719199	3.48262973412848e-05	0.0409356975463172	0.0483849143176352	3.48262973420271e-05	3.48262973412845e-05	0.00749392509630074	0.0261486655885372	3.48262973488632e-05	3.48262973325557e-05	3.48262973412846e-05	3.48262973418315e-05	0.0244454638530414	3.48262973412874e-05
3.41624720155064e-05	3.41624720059213e-05	0.00706629913866113	0.0325196103587311	0.00942624713833266	0.0332129333561886	3.41624720091821e-05	3.41624720091827e-05	0.808192957488035	3.41624720084307e-05	3.41624720091851e-05	0.0395040430040652	0.0356068316779709	3.41624720109477e-05	3.41624720091844e-05	0.00293741841256588	0.00465311648068773	0.00122348030598251	3.41624720027637e-05	3.41624720091826e-05	3.41624720091802e-05	0.0201779030327809	0.00510337241389905
3.55795267847039e-05	3.55795267877546e-05	3.55795267847037e-05	0.0139251195692217	0.026655380502766	0.00479284007019831	0.00743955748891468	0.00305471722755892	0.863391592359513	3.55795267847037e-05	3.55795267846963e-05	0.0295590385826206	0.0293876463851969	3.55795267847174e-05	3.55795267847039e-05	0.00242166979437805	0.00627700455953813	3.55795266061915e-05	3.55795267854158e-05	3.55795267847057e-05	0.00764170383058684	0.00506235483504894	3.55795267847049e-05
0.00119064893408897	0.00897579595418468	0.00221461929163974	0.0319105069865658	3.63652494234882e-05	3.58699887411163e-05	0.00271999268337179	3.58699887392646e-05	0.884247757682345	3.58699887411145e-05	3.58699887411042e-05	0.0132399933580852	0.0246304907467135	3.58699888179758e-05	3.58699887411148e-05	0.00310450370934288	0.0183206821703373	3.58699887394875e-05	3.58699887350192e-05	0.00245059668976625	3.58699887406908e-05	0.00659934665665573	3.58699887427673e-05
3.40793424282104e-05	0.00193840896689145	0.0262671302545369	0.00577301565796872	0.00901549129711461	0.0321394718751088	0.000125836956324734	0.0226052360902984	0.807843191786791	3.40793424309286e-05	3.40793424309272e-05	0.034407199198016	0.0158492707053728	3.40793424308189e-05	3.40793424309288e-05	0.000413428449219043	0.0142499647875398	3.40793424308705e-05	3.40793424430161e-05	0.00616424956900289	3.40793424296503e-05	0.0113137740506882	0.0116216956156714
3.42661491476709e-05	3.42661491463048e-05	3.42661491476711e-05	0.0154115406660639	0.0224471676293689	0.00979144140132337	3.42661491476712e-05	0.00978738495629976	0.811184156428518	3.42661491476701e-05	3.4266149147665e-05	0.0677703057361058	0.036398645147281	3.42661491451309e-05	5.75354884951574e-05	0.0018333476396705	0.0117502340295913	3.42661491487274e-05	3.42661491470129e-05	3.42661491476713e-05	3.42661491477106e-05	0.0131570470875133	3.42661491476704e-05
0.00204446075103173	0.00258999174650123	0.00375076492396652	0.0142360989060096	0.0191393566385418	0.015484469396414	0.00385932358380114	3.48282710062987e-05	0.818576691661227	3.48282710063054e-05	3.48282710062971e-05	0.0503861675344694	0.0342894795394606	3.48282710063026e-05	3.48282710063058e-05	0.00597309911664502	0.0109831444651869	3.48282710007582e-05	0.00224249704951734	4.66980952085885e-05	3.48282710063043e-05	0.0161191304239742	3.48282710063063e-05
3.59742405778695e-05	3.59742406039874e-05	3.59742405747354e-05	0.0273463126796255	3.59742405747357e-05	3.59742405747314e-05	0.00989558642742762	0.00923554947309014	0.811063556425847	3.59742405747385e-05	0.00582619452515803	0.0618345358022283	0.0445096281956002	3.59742405745492e-05	3.6995824760171e-05	3.59742405747354e-05	0.0169572984241602	3.59742407420075e-05	3.59742405747938e-05	3.59742405747363e-05	0.00155207699547798	0.0113105743395284	3.59742405747351e-05
2.54318962709081e-05	2.54318962667711e-05	0.00558651527880496	0.00734991272262881	0.0273104240325845	2.54318962655359e-05	0.0190448119332928	0.00632426940915622	0.830453269281413	0.00376027795371478	2.54318962655371e-05	0.0219578369044024	0.0166508591833361	2.54318962655342e-05	2.54318962655288e-05	0.00333936955872571	0.00242446671131615	2.54318962634991e-05	2.54318962429105e-05	0.033532545594264	0.017023614526464	0.00501293984352429	2.54318962655349e-05
0.00480121477919311	3.60378707796743e-05	0.000897117744611592	0.00972034080603654	0.0213429063581743	3.6037870774619e-05	0.000546631571467503	0.00228053185650791	0.835156832225922	3.60378707746183e-05	3.60378707746186e-05	0.0410876018778126	0.0468460956047579	3.60378707903633e-05	3.6037870774618e-05	3.60378707746185e-05	0.0193315497570629	0.000818238888560295	3.60378707808731e-05	3.60378707746198e-05	3.6037870774785e-05	0.0167745219513278	3.60378707922147e-05
3.44673262914628e-05	0.000805841395680874	0.00930953296743918	0.0162650822626753	3.44673262796058e-05	0.0125059924513409	0.0692636380331063	0.0312453922507364	0.724747659057793	0.0213131946706877	3.44673262796061e-05	0.0408772221799022	3.44673262796059e-05	0.00722349023295908	0.0130996815020307	0.00663623368672555	0.00448385017643936	3.44673262778798e-05	0.00306911940368353	0.00650161776783974	0.0221839101975785	0.00446753259818283	0.0058286725337908
0.000254027367914936	3.63146029580779e-05	3.63146029799345e-05	0.00889292651418863	3.63146029799364e-05	0.00893285421158111	0.0103010175003118	3.63146029799348e-05	0.826599655972137	0.00603956809423914	3.63146029799359e-05	0.0646768690380838	0.030281763464706	3.63146029791116e-05	3.63146029799346e-05	3.63146029799341e-05	0.0191284391116646	3.63146029909568e-05	0.000774250118192876	0.00810095873043106	0.00845710079093336	0.00719742305582639	3.63146029817464e-05
2.43493556894641e-05	2.43493556878881e-05	0.023229371883837	0.0425023862285919	2.43493556910041e-05	0.0136766001369168	0.00788444141876339	2.43493556910058e-05	0.830470579025775	0.00518687332890413	2.43493556910088e-05	0.0372142278274374	0.0200359852531937	2.43493556909969e-05	0.000981873509594999	2.4349355691005e-05	0.00463956207823768	0.00103963721779116	2.43493556937312e-05	2.43493556910061e-05	2.43493556910057e-05	0.012870619178358	2.43493556910059e-05
0.00188731190176971	0.00232938000188907	0.0121779405652844	0.00736659439500582	0.0262609455078719	2.50587529162857e-05	0.0336243266587172	0.0215361188543206	0.816786210604597	2.71480307735724e-05	2.50587529162816e-05	0.0322396871117781	0.0291729674767053	2.50587529162797e-05	2.50587529162822e-05	0.00933350436017902	0.00183087393890642	2.50587529216645e-05	2.50587529168109e-05	2.50587529162795e-05	0.000921063857906746	0.00231897787587931	0.00201153758799553
3.5487636556533e-05	3.5487636545178e-05	0.00458237682656052	0.0151902509535337	0.00528478369007912	3.54876365479189e-05	3.54876365479185e-05	3.54876365479163e-05	0.843942833024006	3.54876365479188e-05	3.54876365479194e-05	0.0325969991375513	0.0560723838866004	3.54876365479159e-05	0.000639781642733904	0.00395728532701473	0.0246874543882275	3.54876365462417e-05	0.00181660373612135	3.54876365479185e-05	3.54876364934774e-05	0.00632357544779326	0.00451530793780161
3.51412596067547e-05	3.51412596056653e-05	0.0191226612791772	0.0212315298471906	0.00710996133026191	3.51412596056628e-05	3.51412596056624e-05	3.51412596056721e-05	0.824274139434827	3.51412596056626e-05	3.51412596056618e-05	0.0691607788633843	0.0207843152793696	3.51412596056633e-05	3.51412596056612e-05	0.0020416273943699	0.0156170973110583	3.51412596032478e-05	3.51412596085525e-05	0.00630508791063783	3.51412596056654e-05	0.0138959649748482	3.51412596056623e-05
0.00160568218043432	3.53194154099503e-05	3.53194154113935e-05	0.035071803040962	3.53194154096612e-05	3.53194154096614e-05	0.00874698595235715	3.53194154096633e-05	0.792963836898735	0.00127641451882568	3.53194154096572e-05	0.0766606638643535	0.0345256250267594	3.53194154078717e-05	3.53194154096609e-05	0.0102196853218974	0.0194010309979742	3.53194155074846e-05	3.53194154176895e-05	3.53194154096606e-05	3.53194154096617e-05	0.00393525321178403	0.0151691860008955
3.62344247773218e-05	3.6234424780395e-05	3.62344247811621e-05	0.031404657427519	3.62344247811669e-05	0.00129336004268868	0.00714629179679567	0.0010161818052361	0.828370022982606	0.00429000181444007	3.62344247811663e-05	0.0606242057259317	0.0286431684050441	3.62344247811616e-05	3.62344247811596e-05	3.62344247811651e-05	0.0210891519387234	3.62344247749434e-05	0.00305589715561885	3.62344247811624e-05	3.62344247811332e-05	0.0126322478080334	3.62344247811397e-05
3.47850515372378e-05	0.00153350497239187	0.00357696695266971	0.0249229621531592	0.00535377569762168	0.045155231077081	3.47850515547798e-05	3.47850515557332e-05	0.852225718394406	0.002379108866984	3.47850515547404e-05	0.02385132250451	0.00862915134910657	3.47850515577053e-05	3.47850515547384e-05	0.00551886406241014	0.0119280913274899	3.47850515556387e-05	0.00122905668681456	3.47850515547369e-05	3.47850515555637e-05	0.0133483954398215	3.47850515528287e-05
0.000220127844802196	3.637432604189e-05	3.63743260236492e-05	0.0346506566512987	3.63743260236493e-05	0.00990556620200463	3.63743260236502e-05	3.637432602365e-05	0.881169070285983	3.63743260236515e-05	3.63743260236437e-05	0.0223653073603003	0.0247387178400336	3.63743260241312e-05	3.63743260236499e-05	3.63743260236509e-05	0.0120669928238229	3.63743266264055e-05	3.63743260307468e-05	0.00488544145426674	3.63743260241359e-05	0.00948887897252778	3.63743260236452e-05
0.00270090091994482	3.60531215106994e-05	3.60531215073047e-05	0.0140346501811394	0.0400077276062027	3.60531215073367e-05	0.00131683149968924	3.60531215073174e-05	0.858205929156827	3.60531215073196e-05	3.60531215073731e-05	0.0323182342111316	0.0381467091995171	3.60531215076075e-05	3.60531215073194e-05	3.60531215073206e-05	0.00458509904166899	3.60531215015664e-05	3.6053121506111e-05	3.60531215073195e-05	3.60531215051837e-05	0.00817917448278164	3.60531215073203e-05
3.69871059592635e-05	3.69871059224949e-05	0.0149853692796943	0.0088111777600945	0.0149497824947351	3.69871059407013e-05	3.69871059407014e-05	3.69871059407011e-05	0.853540756897974	3.69871059407016e-05	3.69871059406986e-05	0.0450811735836269	0.0372382481773254	3.69871059404871e-05	3.69871059407021e-05	3.69871059407005e-05	3.6987105940701e-05	3.69871059410743e-05	3.69871059334888e-05	0.00566457680635373	3.69871059367659e-05	0.0165556304815185	0.00265546503551851
0.00135317921236069	0.00668959273448951	0.00816616319733839	0.0273876453932911	0.00827781905604057	0.0201116498219532	3.49788358818177e-05	3.49788358818177e-05	0.808798229372902	0.0102482072607561	3.49788358818231e-05	0.0419217630172925	0.0362191687771335	3.49788358934838e-05	3.49788358818172e-05	0.00198133215367772	0.0106254694677952	3.49788360474339e-05	3.49788358828083e-05	0.0014928910543464	3.49788358818179e-05	0.0164120799575374	3.49788358533181e-05
4.96376517293593e-05	0.000785836555044937	0.00543943806989972	0.0362340660691386	4.96376517391875e-05	0.00907897655956533	0.00062269713180816	0.00901307633554391	0.836597923093671	4.9637651739188e-05	4.96376517399849e-05	0.0396672016289643	0.030268509264255	4.96376517388264e-05	4.96376517391879e-05	4.9637651739188e-05	0.0111281375990409	0.000668347916759414	4.96376517417683e-05	0.00372807882551072	4.96376517416473e-05	0.0162713344334039	4.9637651746058e-05
3.57315710525821e-05	3.57315710245453e-05	3.57315710206259e-05	0.0304060216249919	3.57315710206267e-05	3.57315710206273e-05	0.00137886808323428	3.57315710206227e-05	0.863608587893334	3.73434191030601e-05	3.57315710206221e-05	0.0332109399473587	0.0307465396259229	3.57315710203785e-05	0.0129398585230901	0.00289293142680282	0.00680531947885309	3.57315710933739e-05	0.00192462418991479	3.57315710206259e-05	3.57315710206268e-05	0.0156201869350682	3.57315709905555e-05
0.00294186835918013	0.00609607755651972	0.00617146163855033	0.0236653770494169	0.0146524014219782	0.00813040626937816	4.96094305659671e-05	4.96094305786545e-05	0.83119189889377	4.9609430567417e-05	4.96094305674123e-05	0.0442138897405768	0.0320013958733737	4.96094305719082e-05	0.00195118574093557	4.96094305674171e-05	0.0190365644230857	0.00059208009655444	4.96094305679742e-05	4.96094305674168e-05	4.96094305675909e-05	0.00885929863099037	4.96094305680671e-05
0.00183238387721687	3.61563076162328e-05	3.61563076117864e-05	0.0266996001722642	3.61563076117834e-05	3.61563076117843e-05	0.00740702166951502	0.00911706574360188	0.805362641406524	3.61563076117866e-05	3.61563076117887e-05	0.0662838968083775	0.0283978596041436	3.61563075575384e-05	0.00634415462880366	3.61563076117845e-05	0.0242494437219667	3.61563076056682e-05	3.61563076240692e-05	3.61563076117879e-05	0.0166193051424095	0.00725275153387821	3.6156307612428e-05
0.00325252858109144	2.44886817285267e-05	0.0175709639929472	0.0381292327681111	2.44886817296671e-05	0.0661470457870297	0.000722316121486926	2.44886817296662e-05	0.821664514372937	0.0117847869418486	2.44886817296618e-05	0.0284089217988206	2.44886817296692e-05	2.44886817296581e-05	2.44886817296689e-05	2.44886817296649e-05	2.44886817296658e-05	2.44886821686177e-05	2.44886817308369e-05	2.44886817296654e-05	0.00602198527070027	0.00597935150210268	2.44886817296661e-05
0.0010336640193594	3.43380880023842e-05	0.00494925944823409	0.0290779470317418	0.00705381198094175	0.00039809350028441	0.00349675561186633	3.43380880031472e-05	0.819161696657945	3.43380880031459e-05	3.43380880031469e-05	0.0365015258662327	0.0474675613314195	3.43380880032425e-05	3.43380880031455e-05	0.0025591821902853	0.0136897317315953	3.43380878065406e-05	0.00362157752175785	0.00502188780554393	3.43380880639005e-05	0.0207416505039862	0.00495095009491729
0.000159932660361992	3.47440314982699e-05	0.0105928590311572	0.0296799850375291	0.00280230088966134	3.47440314969473e-05	0.00156085297673845	3.47440314969524e-05	0.802129867069846	0.0148999036761741	3.47440314969521e-05	0.0503862683189723	0.0370989906407375	0.00270293781265978	3.57286865396711e-05	0.00117847427035694	0.016977691898778	0.00216182693333881	3.47440315003718e-05	3.47440314969513e-05	0.00189321165705732	0.0161424124290071	0.00938829182209846
3.46304398895627e-05	3.46304399006771e-05	0.0126405553551377	0.0287542698904638	3.46304399013984e-05	0.0244692463836342	0.00335036627795139	0.00158695048243998	0.792377444706705	3.46304399013967e-05	3.46304399013934e-05	0.0227742268215684	0.0282330597144595	3.46304399013966e-05	3.62568081105121e-05	3.46304399013966e-05	0.0505439930378294	3.46304398943264e-05	3.46304399113263e-05	0.00892602355472101	3.46304399015065e-05	0.0170920781470164	0.00886922442095855
5.45611545439967e-05	0.00303150993571307	0.0192768503317869	0.0210056705220776	2.40105839320155e-05	0.0506383073872305	0.00263957389666583	2.40105839320178e-05	0.786955325483551	2.40105839320184e-05	2.40105839320192e-05	0.0425687361128596	0.0149269972087805	2.40105839898377e-05	2.40105839320187e-05	0.00867978691938544	0.0282003429289008	2.40105831149115e-05	2.40105839318086e-05	0.00810962548027572	2.40105839320221e-05	0.0136726067996683	2.4010583932018e-05
3.59726271886225e-05	0.00563492215643881	3.59726272036011e-05	0.0373515100888364	3.59726272036026e-05	3.59726272036047e-05	3.59726272036046e-05	3.59726272035997e-05	0.842279005189004	3.59726272036037e-05	3.59726272036041e-05	0.0365552526185649	0.0366881943278348	3.59726272034929e-05	3.59726272036048e-05	0.00166399438959244	0.011703250436285	0.00409069861054828	3.59726272034734e-05	0.00704319919669222	3.59726272064083e-05	0.00988446098642769	0.0066738404733447
0.000948315722198654	0.00926299322536834	0.0107591251033218	0.0299121990257037	0.00405290814578021	0.0119727364675029	3.41840763412525e-05	0.00681428922740498	0.769145679481108	0.00951014432851	3.40596377545322e-05	0.088278682078615	0.0273916101589814	3.4059637754545e-05	3.40596377545464e-05	0.00867557005898407	0.0171752724355196	3.40596377094622e-05	3.4059637757121e-05	3.40596377545464e-05	3.40596377545276e-05	0.00369037246647043	0.00213750053395062
3.64312116990724e-05	3.64312116999553e-05	3.64312117045846e-05	0.0250689115410019	3.64312117045863e-05	0.0137351473510323	0.00400604743409266	3.6431211704585e-05	0.817284153014547	3.64312117045846e-05	0.0009825435591753	0.0344321377472966	0.0414774673325017	3.64312117046676e-05	0.00228766434023174	3.6431211704586e-05	0.0194270808115827	0.000877746434792545	3.64312116970271e-05	0.000480436934855097	3.64312117045706e-05	0.0257650831875115	0.0138112681943504
3.58122584685608e-05	3.58122584761652e-05	0.0018406594333977	0.0265742117048648	0.0361561440583191	0.00971261834248791	0.00226306880669041	3.58122584713183e-05	0.797676169001666	0.00823251984903219	3.58122584713213e-05	0.0785709826672798	0.0253649679132914	3.58122584900059e-05	0.000162528563851493	3.58122584713192e-05	0.0053983035030056	0.000906433315448022	3.58122584703077e-05	0.00224538880938449	3.58122584715894e-05	0.00457369370501865	3.58122584713152e-05
3.45481142824662e-05	0.0146001602637929	0.00584430487339647	0.0355442948989905	3.45481143040172e-05	0.016294462688864	3.45481143040187e-05	3.45481143040186e-05	0.818337290876399	0.000506734047168117	3.4548114304019e-05	0.0509783934114319	0.00349715474419359	3.45481143047353e-05	0.00265121636751402	0.00277212407118153	0.0268743106262339	3.45481145927122e-05	3.45481143124e-05	3.45481143040197e-05	3.45481143040263e-05	0.0211027912527723	0.000651280734745222
3.33760445406138e-05	0.00260656709241884	0.0236673896139867	0.0123744368272802	3.33760445406132e-05	0.00155037629197645	0.0227879983989602	0.0367336449364112	0.703192899549	0.0190707214813596	3.33760445406138e-05	0.0400888187000129	0.0135753924731753	0.0861297238905076	3.82242852630394e-05	3.33760445406134e-05	0.0178548559379033	3.33760445388611e-05	3.33760445327523e-05	0.00292842976624316	0.0171335123991848	3.33760445406138e-05	3.337604454229e-05
9.62270237088922e-05	0.00716248040946175	2.49194354397241e-05	0.0305602744961505	2.66716585625114e-05	0.00168249340724695	2.49194354397239e-05	2.49194354397241e-05	0.844530602509024	2.49194354397243e-05	2.49194354397119e-05	0.0624625700601756	0.0227609061590159	0.00881448855613442	0.000150957065042002	2.49194354397249e-05	0.0116040751693442	2.49194354386006e-05	2.49194354404908e-05	2.4919435439724e-05	2.49194354397243e-05	0.00987413969629673	2.49194354397247e-05
0.00469407930809702	0.00107983511671179	0.00804148955428054	0.0520008377899053	3.38453987153589e-05	0.00548230833920257	0.0692856979191369	0.0133770634737395	0.714756621050755	0.0255541648092697	3.3845398715362e-05	0.0568836971875177	0.00586211998068857	0.00412164248640199	0.0246997741292944	3.38453987153623e-05	0.00410587527420231	3.38453987143452e-05	3.38453987097542e-05	3.38453987153623e-05	0.00978403039108176	3.38453987129106e-05	3.3845398717052e-05
0.000666144318011253	0.00120287957099556	0.00127699490807202	0.044632913265278	5.11607961225736e-05	5.30028606898166e-05	5.11607961217564e-05	5.11607961225727e-05	0.836543187480577	5.11607961225724e-05	0.0004749151613361	0.042399215539695	0.0280962827540822	0.00231432666509777	5.11607961225728e-05	5.11607961225733e-05	0.0208997490436876	5.1160796125955e-05	5.1160796118026e-05	0.00551676390078521	5.11607961142433e-05	0.010933913635717	0.00452926373088269
0.00055524396498207	3.60739766742488e-05	0.00202263256914789	0.0223585022295867	3.60739766109234e-05	0.00383458207700506	0.00529658589980371	0.00251230495666242	0.853365407569594	3.60739766109234e-05	3.60739766109292e-05	0.0351643599184846	0.0211515233766464	3.60739766103851e-05	0.0114307564070858	0.0063374397889075	0.0107166978391498	3.60739766080647e-05	3.60739766229243e-05	0.00150437563961388	0.00824477870036554	0.0116315522395528	0.00362073898706298
0.00332908376472242	0.00474613987395251	0.00330393428171018	0.010801202422327	0.0151100875454355	0.00323200837267061	0.00234887793597263	0.00192667587078876	0.837465446072446	0.000823822500322742	3.54331289951378e-05	0.0456369374480798	0.0351354483316082	3.54331289950506e-05	3.54331289951375e-05	0.00194517514323663	0.00931130427585962	3.54331289944807e-05	3.54331290020961e-05	0.0114440415747064	3.5433128995137e-05	0.00676144435584845	0.00646577145633579
0.00114794245389474	0.00265981953099428	3.5161285666494e-05	0.0439218254481434	0.00454181224850352	0.00599153774074244	3.51612856664953e-05	0.000421015392966248	0.863686590660882	3.51612856664953e-05	3.51612856664941e-05	0.0240438618446129	0.0286431228694893	3.51612856923929e-05	0.00414724495113169	0.00544222215491046	3.51612856692541e-05	3.51612852239963e-05	3.51612856662234e-05	3.51612856664958e-05	0.00098976292817815	3.51612856630406e-05	0.0140116289193037
3.47079040152045e-05	3.47079040135457e-05	0.0253159645492441	0.0200736877986676	0.0135324516101535	0.00832777088052367	3.47079040152047e-05	0.000424795730403714	0.799838441063938	0.00236940319577932	3.47079040152042e-05	0.0489892555375219	0.0356507940662041	3.47079040961527e-05	3.47079040152047e-05	3.4707904015205e-05	0.0190255623901825	3.47079041617309e-05	3.4707904017747e-05	0.00821420908881844	3.47079040152049e-05	0.0178558771441732	3.47079040095698e-05
2.43633106765703e-05	2.43633106729283e-05	0.0118873994883655	0.037239686717885	2.4363310673507e-05	0.0208682376030975	0.0028353160789959	2.43633106735075e-05	0.82594466624137	0.00227147725908112	2.43633106735058e-05	0.0539163765914087	0.00883644647853835	2.43633104598228e-05	2.43633106735081e-05	2.43633106735071e-05	0.0221694030602121	2.43633106540555e-05	2.43633106739398e-05	2.4363310673508e-05	2.43633106735078e-05	0.0137142674425209	2.43633106735084e-05
0.000782277085757281	3.45373567899941e-05	0.0118024321808571	0.0323633311720027	0.00495129223141261	3.453735678825e-05	0.0299463848744782	0.0268185579346801	0.754655341489815	4.6684862297719e-05	3.45373567882494e-05	0.047339830018154	0.00901126331336353	0.0151464272274055	0.00605083131907491	0.0076190287919658	0.00166944726957855	3.45373567882812e-05	0.00685074948130904	4.96701942930252e-05	0.0335944138432009	0.00234619896837998	0.00881768831481905
2.39571171958518e-05	2.39571171957669e-05	0.0354827572290749	0.0438736728508406	2.39571171958471e-05	0.000355032433354748	0.00472198771002513	2.39571171958541e-05	0.815899586886623	0.00154283639743393	2.39571171958686e-05	0.0218553421933824	0.0346489717052577	2.39571172005792e-05	2.39571171958495e-05	0.000250287558827596	0.025183186619683	2.39571171971064e-05	0.00278325002615843	0.0052347021991229	2.3957117195853e-05	0.00792881501825129	2.39571171958518e-05
3.49136401081504e-05	3.49136401226181e-05	3.49136401049002e-05	0.0338523476552295	3.49136401049013e-05	0.00222346785350889	3.49136401049009e-05	3.49136401049047e-05	0.847803602808843	3.88740741484909e-05	3.49136401048698e-05	0.0386744555903081	0.0295006007054422	3.49136401053821e-05	0.0108225559894896	0.00351778775567377	0.00814167349147311	3.49136401197817e-05	3.49136401067763e-05	3.74594110947931e-05	0.00846380089484349	0.0129956637007633	0.00357857366809489
0.00291790028632503	3.32865641895509e-05	0.00360002240067369	0.0524784426561466	3.32865641895517e-05	0.014355825306476	0.0419730369352026	0.0699208382803661	0.685644835620829	3.3940049565148e-05	3.32865641895516e-05	0.0191799842896202	0.00131521274926715	0.0267209245867509	0.0189630942433668	0.000376954176381299	0.0294993848391945	3.32865641870871e-05	3.3286564190571e-05	0.00435820460809401	0.027404867523944	0.00105681206266139	3.32865641895509e-05
0.000450911567339347	3.50600455293416e-05	0.0011464933250404	0.0451792162539361	3.5060045516651e-05	3.50600455166537e-05	0.00504636474486832	3.50600455166516e-05	0.846710776196304	0.00150657415949654	3.50600455166582e-05	0.0505126422433274	0.0349772921842173	3.50600455166005e-05	0.000771538515070337	3.5060045516652e-05	0.00813289364050387	3.50600455343067e-05	3.50600455187554e-05	0.00298438325798062	3.50600455165812e-05	0.00219525341119979	3.50600455173337e-05
2.4756483841356e-05	2.47564838352265e-05	0.00622662241596642	0.0360682621555789	0.00517905424254104	0.0139536769429686	4.84776188533357e-05	2.47564838373133e-05	0.828552527705445	0.000812496811424947	2.47564838373144e-05	0.0179755367907082	0.0395168365133541	2.4756483837243e-05	2.47564838373135e-05	0.0160804747989573	2.4756483837161e-05	2.4756483834691e-05	2.47564838358331e-05	0.00585019302730361	2.47564838386187e-05	0.0192026171982709	0.0102856589402555
2.55854618413643e-05	2.55854618402729e-05	2.55854618413644e-05	0.00516381670706492	0.0129085597363691	2.55854618413655e-05	0.0176722160187138	2.55854618413647e-05	0.848772429110385	2.72289070469423e-05	2.55854618413647e-05	0.0488302115581913	0.034769993733716	2.55854618190703e-05	2.55854618413673e-05	2.55854618413641e-05	0.0151530460062993	0.00676569048204164	2.55854618412109e-05	2.55854618413636e-05	2.55854618413652e-05	0.00960419673625615	2.55854618426433e-05
0.00364204264949286	3.48800204779697e-05	3.48800204779694e-05	0.0234063151070938	3.48800204779694e-05	0.0199883311750073	0.00506898414546763	0.00321969826244284	0.827879165793913	0.00782249776679931	3.48800204779653e-05	0.0386612153729316	0.0177172021658077	3.48800205592247e-05	3.48800204779714e-05	0.00319448258610583	0.0295625270526006	3.48800204775704e-05	3.48800204799742e-05	0.00257987241123044	3.48800204779696e-05	0.0104015575079134	0.00654218781880849
0.00355122602489177	0.00313377963845919	0.000459424883775871	0.0178352228127359	3.58741076269362e-05	0.0164507927017178	0.0194567250443728	3.58741076269332e-05	0.824704439927912	3.58741076269334e-05	3.5874107626946e-05	0.0527487992421933	0.0102857559480383	3.58741076269089e-05	0.0033449499105753	0.0118842199784864	0.0011996984262381	3.58741075634721e-05	3.58741076285489e-05	0.0101582896326944	0.0105559646221164	0.0139437183448368	3.58741076287228e-05
0.00486255572404661	3.64486816827158e-05	3.64486816796378e-05	0.0165906072619535	3.64486816796393e-05	0.0199327625580406	0.00560173417908818	3.64486816796366e-05	0.822285480611345	0.00665397433949864	3.64486816796414e-05	0.0538135705143596	0.0213898828881049	3.64486816796097e-05	0.0103494457188581	0.000850510398860668	0.012911524143635	3.64486816816124e-05	3.64486816814098e-05	0.00115074859872019	0.0038262543107566	0.0158944876726611	0.00359487162662698
3.49458920687973e-05	3.49458920448962e-05	0.011431130050828	0.0167595497404598	0.0367561229521766	0.00693717105668007	3.49458920560246e-05	3.49458920560245e-05	0.850625907843109	3.49458920565215e-05	3.4945892056017e-05	0.0245510603624383	0.0361804036375746	3.49458920569445e-05	3.49458920560238e-05	0.000180589475778059	0.00257778986504894	3.49458918261696e-05	3.49458920571962e-05	0.00329548921465869	3.49458920560243e-05	0.0102854350968007	3.49458920560243e-05
3.55081707874545e-05	0.00403785921983707	3.55081707884936e-05	0.0398902833395568	0.00546583676544979	0.0211420928922199	3.55081707881968e-05	0.0044194819668983	0.817657011816762	0.010093817940497	3.55081707884977e-05	0.0264062202756649	0.0253329026555684	3.55081707888654e-05	3.55081707884936e-05	3.55081707884937e-05	0.012405353662454	3.55081707808378e-05	0.00378515139632766	0.00367236253984747	3.55081708046414e-05	0.0253365438210246	3.5508170788494e-05
3.63553949317554e-05	0.00685817863891653	0.00257639669554211	0.0204147133344634	0.00677836806109369	3.63553949349287e-05	0.00867543213405799	0.00447466958272849	0.821541268842155	0.000910069060151727	0.00673169197334677	0.0466125579038425	0.0395543655936133	3.6355394934921e-05	3.63553949349279e-05	0.00459067991546751	0.0222017899684564	3.63553949365937e-05	3.63553949368926e-05	0.00573852504225867	3.63553949349746e-05	0.00205045009442567	3.63553949355174e-05
0.00460915568744893	3.60672076570477e-05	0.000754922541582921	0.0247799881560285	3.60672076530814e-05	0.0111895728361216	0.00878585157575222	3.60672076530825e-05	0.825737017245837	3.60672076530822e-05	3.60672076530841e-05	0.0524574477289008	0.0206888809054898	3.6067207653082e-05	3.60672076530834e-05	3.60672076530823e-05	0.0228231697376935	0.0008156075611304	3.6067207653596e-05	0.00543529053324188	0.00755359098063448	0.0131343180438661	0.000910581597389477
3.52178126122814e-05	3.52178126108218e-05	0.0112802362289269	0.035369996123403	3.52178126143055e-05	3.52178126143009e-05	0.00329135903633495	3.52178126143036e-05	0.854567412941335	3.52178126143031e-05	0.00251694865318648	0.0285543378295541	0.0409897972678555	3.52178126138465e-05	3.52178126143034e-05	0.00183723328994882	0.00364676804815437	3.52178126193703e-05	3.52178126142998e-05	3.52178126143028e-05	3.52178126140019e-05	0.0162340831957851	0.0012892136341451
0.000927713109657691	0.00121574312145373	3.63374046017554e-05	0.0262608750361673	0.000860348599755286	3.6337404601755e-05	4.70071838747098e-05	0.00250117830584372	0.841636307876693	5.3295416190469e-05	0.00117864500355051	0.0485134264147717	0.0346316383038741	3.63374046017355e-05	0.00748063946916073	3.63374046017551e-05	3.63374046017552e-05	3.63374046201379e-05	0.00240304898581296	0.0131245502924083	0.0100406535709481	0.00887056747760021	3.63374046083409e-05
0.00062560233647427	2.48858004539088e-05	0.00917300820214345	0.0521060544882219	0.00233780722815165	0.0126284809417718	2.48858004496434e-05	2.48858004496431e-05	0.840192431840414	2.48858004496458e-05	2.48858004496435e-05	0.030909689569987	0.0209981576716834	2.48858004242443e-05	0.0049417798503698	2.48858004496469e-05	0.0141113061831357	2.48858001484453e-05	2.48858004530737e-05	2.48858004496448e-05	2.48858004495104e-05	0.0116770520825706	2.4885800449645e-05
2.4208788993338e-05	2.42087889918393e-05	0.0154456620379726	0.0416177298097501	2.42087889940207e-05	0.0398624781501458	0.00379036441539316	0.010914963171005	0.835040461683297	2.42087889940222e-05	0.00536222571189165	0.0226773088974372	0.0107868741990502	2.4208788915702e-05	2.42087889940223e-05	2.42087889940226e-05	0.00440210824601238	2.42087888181988e-05	2.42087890032565e-05	2.42087889940217e-05	2.42087889940214e-05	0.00835600108164483	0.00147752591771344
0.00451206349412833	3.48186807419441e-05	0.00477777825829156	0.0349240481979102	3.48186807419423e-05	0.0190720557300106	3.48186807419431e-05	3.48186807419489e-05	0.833429797379044	3.48186807419416e-05	0.0032425203729634	0.0308370847657728	0.0143791025688502	3.48186807419473e-05	3.4818680741944e-05	3.48186807419441e-05	0.0240860779613638	3.48186807394719e-05	3.48186807429787e-05	0.0143693543511874	3.48186807419569e-05	0.00862423228144401	0.00736287915087369
3.68745595503132e-05	3.68745595596091e-05	0.00664616799296066	0.0284706270222734	0.0184101945864771	3.68745595658877e-05	0.014818185032309	0.00470611515825263	0.823836018130927	3.68745595658879e-05	3.6874559565891e-05	0.0354253352862237	0.0342412611798183	3.68745595590377e-05	0.00855822606409276	3.68745595658882e-05	0.0068035733320344	3.6874560319404e-05	3.68745595704321e-05	0.00609243993114007	3.68745595655079e-05	0.0115862361275355	3.68745595677279e-05
2.44558423390201e-05	2.44558423233323e-05	0.00587214614015495	0.0365069304284309	2.44558423279423e-05	0.00516426528585874	8.15880918306873e-05	0.00419513652174704	0.852838197197736	2.44558423279458e-05	2.44558423279533e-05	0.0393573072114326	0.0312297112042003	2.44558423035355e-05	2.44558423279455e-05	2.44558423279478e-05	0.00925981662009577	0.00100133683016635	2.44558423273701e-05	2.44558423279477e-05	2.44558423272883e-05	0.0142000943604308	2.4455842327944e-05
3.62127672121429e-05	3.62127672095829e-05	3.62127672093889e-05	0.0352306022488562	3.62127672093817e-05	0.00957736432953294	0.00458054833433123	3.62127672093849e-05	0.84676553508068	3.62127672093863e-05	0.00652299477318041	0.0333818644822087	0.024132833885692	3.62127672093506e-05	3.62127672093849e-05	3.62127672093862e-05	0.00375059602942406	0.00155278510946673	3.62127672085881e-05	0.0130934797226664	0.00596953545671889	0.0114986686336643	0.00358106424148171
3.51006960799523e-05	0.00239152255917709	3.51006960780238e-05	0.0290549533647468	3.51006960780214e-05	0.00785660412614686	3.51006960780239e-05	3.51006960780189e-05	0.87317965330645	3.51006960780242e-05	0.000129071123785958	0.042578528821255	0.011617593869135	3.51006960782967e-05	0.00965383797655568	3.51006960780242e-05	0.00522593085190382	3.51006960695453e-05	3.51006960705499e-05	0.00254340829783833	3.51006960792105e-05	0.00243225887126875	0.0129505291748908
5.0479044707043e-05	5.04790447200418e-05	0.00645417310965969	0.0289577050520192	5.04790447123277e-05	0.00500495407264416	0.0027119077816054	0.000941549043261295	0.841345562648432	5.04790447123242e-05	5.04790447123246e-05	0.0482210573889336	0.0214587740081985	5.04790447077317e-05	5.04790447123241e-05	0.00770079483842367	0.020659779371483	5.04790447113163e-05	5.04790447176624e-05	0.000728204995916355	0.00107847007114986	0.014232277171138	5.04790447222813e-05
3.6749323810198e-05	3.67493237985665e-05	0.00388513247843789	0.0182464570948263	3.67493237921608e-05	3.67493237921644e-05	0.0168986045168995	0.00531303882532407	0.844242300572891	0.00330225357553429	3.67493237921535e-05	0.0476249554110236	0.0248810371506972	3.67493237921603e-05	3.67493237921616e-05	3.67493237921607e-05	0.0195583421063769	0.00138891209670827	3.67493237878729e-05	3.67493237921622e-05	0.00663709969571555	0.00507760590804323	0.00257676732958002
3.46239585565167e-05	3.46239585507764e-05	0.00809576856911903	0.0352173044354916	3.46239585631688e-05	3.46239585599002e-05	0.000199331392899246	3.4623958559901e-05	0.857788514568584	3.46239585598996e-05	3.4623958559903e-05	0.0192133942987327	0.0443388011833039	3.46239585071154e-05	3.4623958559902e-05	0.00112430090648703	0.0084703129130737	3.4623958551557e-05	3.46239585571266e-05	0.0103439418599567	3.46239585599008e-05	0.0143233484012233	0.000469493968482975
3.54418769952195e-05	3.54418770151055e-05	0.00725071227155433	0.0340939603878368	3.54418770158811e-05	0.00461397660857122	3.54418770158824e-05	3.54418770158822e-05	0.819322282018265	0.00235640202428505	3.54418770158917e-05	0.0369108841578502	0.0471761103483752	3.54418770159574e-05	3.54418770158803e-05	3.54418770158831e-05	0.00997970800734301	3.54418770051042e-05	3.54418770370493e-05	0.00963595253438696	0.00721351174429204	0.0210211973730565	3.54418770194234e-05
2.15892474996015e-05	2.15892474995886e-05	4.11944975497329e-05	0.0534411592147563	2.15892474996032e-05	0.00364962956750252	0.0687757988082997	0.133124390083537	0.563402291639321	0.0142674048451607	0.00168259485863356	0.0627563941197479	2.15892474996037e-05	0.0453604137561763	0.0156059858861769	2.15892474996039e-05	2.15892474996036e-05	2.15892474996032e-05	2.15892474995968e-05	2.15892474996029e-05	0.0376552610006423	2.15892474996027e-05	2.15892474996054e-05
2.49680093796109e-05	0.00209230072783396	0.00911289291108594	0.0340368370517678	2.49680093622764e-05	0.00939667141345377	0.0020124924178699	2.49680093622777e-05	0.854914461678455	0.00225452514242224	2.49680093622804e-05	0.0492216971448524	0.0221570373426727	2.49680093622834e-05	2.49680093622747e-05	2.49680093622778e-05	2.49680093622778e-05	2.49680093611557e-05	2.49680093636635e-05	0.00195135210261995	2.49680093622772e-05	0.00249288624668311	0.0100821977172804
2.4910086899689e-05	2.49100868874032e-05	2.49100868902118e-05	0.0205102582379834	2.49100868902117e-05	2.49100868902152e-05	0.0120179963977252	0.00101925584602015	0.813516377481372	0.0038179064332501	2.49100868902118e-05	0.0677700365089373	0.0240126393709456	2.49100870076812e-05	0.00908677990861979	2.49100868902122e-05	0.0151957555472351	2.49100868150701e-05	2.49100868913442e-05	2.49100868902118e-05	0.0201482801194476	2.49100868914693e-05	0.0126057931057297
2.40943781983987e-05	2.40943781977551e-05	0.0122009911780833	0.026544897528797	0.0280920948437331	2.40943782108453e-05	3.40778744261498e-05	0.00202693207068674	0.808925628582371	0.00636287511107881	2.40943781983971e-05	0.0494948953850654	0.0251494290207122	2.40943781983983e-05	0.00229685532691315	0.0083149424523232	0.0115649093912895	2.40943781942785e-05	2.40943781983764e-05	0.00403884613597092	2.40943781982628e-05	0.0147357756947566	2.40943781983975e-05
3.51089553273666e-05	3.51089553528834e-05	0.00390778407230432	0.0355237505695217	0.000898854926380313	3.51089553279606e-05	3.51089553279566e-05	0.00297918180215648	0.82578122661331	3.5108955327956e-05	3.5108955327954e-05	0.0525493086342602	0.0279742363168539	3.51089554910157e-05	0.0162702719115795	3.51089553279564e-05	0.0103527481134453	0.00329707057213025	3.51089553352573e-05	3.51089553279554e-05	3.51089553273619e-05	0.0200442590039064	3.51089553496237e-05
2.4264224022798e-05	2.42642240217746e-05	2.4264224023965e-05	0.00900729920792238	2.42642240239653e-05	0.0319196210241013	2.42642240239647e-05	2.42642240239498e-05	0.872609904137613	0.00935188255078063	2.42642240239617e-05	0.0295085457966746	0.00588686731451029	2.4264224088364e-05	2.81788055209867e-05	0.00122365223707921	0.0107900634974073	2.4264224199637e-05	2.42642240267124e-05	0.0171274577444748	2.42642240243608e-05	0.0122553569953876	2.42642240239667e-05
0.00257919971080523	0.00140900062876844	0.00628406376119336	0.0243599798878865	0.00754542443492973	0.0152726378979483	0.00143890652007538	0.0078166115752067	0.84202201963216	5.45749792818354e-05	3.51364667291576e-05	0.0269398659163949	0.0389224565989338	3.51364667291575e-05	3.51364667291575e-05	3.51364667291572e-05	0.00749415836067238	3.51364667284605e-05	0.00387879750272428	3.51364667291574e-05	3.51364667294219e-05	0.0126844236715898	0.00105192365432533
0.006666350789625	0.00577068582680086	2.48007475278141e-05	0.0073635731253787	0.0317679983593285	2.48007475278146e-05	2.48007475278145e-05	2.48007475278169e-05	0.832202716924698	2.48007475278145e-05	2.48007475278107e-05	0.0316706970043387	0.0419270879507718	2.48007475278114e-05	0.0245874256963699	2.48007475278143e-05	2.48007475278158e-05	2.48007475259684e-05	2.48007475275519e-05	2.66648378779684e-05	0.00302869321797184	0.0146874256727548	2.78723712796019e-05
3.52779122919177e-05	0.00931966971193597	3.52779122867562e-05	0.0480489125929483	0.0075030954488301	0.000511387911329516	0.00176981157330626	3.52779122869414e-05	0.844514926918456	3.52779122867573e-05	3.52779122867561e-05	0.0389933757316165	0.0277192179040129	3.52779122879321e-05	3.52779122867561e-05	0.00508965127519315	0.00429711291663464	3.52779122910517e-05	3.52779122798252e-05	3.52779122867543e-05	3.52779122873543e-05	0.00352028989603947	0.00832449108453786
3.65823410589886e-05	3.65823410623404e-05	3.658234104725e-05	0.017740422868412	0.0222767362718392	3.65823410472511e-05	0.00522816148540416	0.00631462826240423	0.844494579702625	0.00444123147363514	3.65823410472527e-05	0.0321037744669566	0.0347214177512332	3.65823411353533e-05	3.65823410472499e-05	3.65823410472501e-05	0.013933772304196	3.6582340845206e-05	3.65823410464975e-05	0.00233841679482717	3.65823410474366e-05	0.0129148020644798	0.00308965080255556
