Bcells	CentralVeinEndothelialcells	Cholangiocytes	Hepatocytes	Kupffercells	LSECs	Mesothelialcells	PortalVeinEndothelialcells	Tcells
0.0269131499967039	0.0125650476254038	8.9581354526023e-05	0.826070042020312	0.0393726836236153	0.0380994902596975	0.0173402956107425	8.9581354525079e-05	0.0394601281544741
0.0419638671080499	0.0304356103016722	0.000839190063426954	0.782224544468252	0.0819980541984748	9.13583368277226e-05	0.0236322894851813	9.13583368307064e-05	0.0387237277012844
0.0196229672876869	9.0321257268667e-05	9.03212572676657e-05	0.760865763229188	0.080274372498387	0.042209730076278	0.018517459084497	0.0168371723824113	0.0614918929270155
0.0153258536130513	0.0178928367499905	8.77623902713864e-05	0.758168491066792	0.0781551762229203	0.0522666385735	0.0307168138595596	8.77623902732979e-05	0.0472986651336415
0.00718389960540022	0.0677637228944007	8.7737367491121e-05	0.779934644110642	0.0575162072056707	0.0373346151046617	0.0304267089138972	8.77373674962584e-05	0.0196647274303405
0.000948236031160924	0.0017606125381115	0.00631491619129418	0.8315471029623	0.0613756751389563	0.0347297767870891	0.00238403440441366	0.0123491557309152	0.048590490215759
0.042683277408556	0.0094847488283777	0.000473893689865803	0.8630865989567	0.0273260528571006	0.0199403688597906	0.0185049410689671	9.41056326656053e-05	0.0184060126979763
0.0203979678786955	0.053357052940351	8.59074669221406e-05	0.775693625893597	0.062708639706594	0.00748899944072482	0.0577216312273811	0.0140029884025565	0.00854318704317773
0.0538139348482838	0.00937062864901039	8.47134332328507e-05	0.755240209659036	0.113456408697676	0.0410139245421152	0.0234757670925784	0.00148889609044768	0.00205551698762019
0.022095848287953	0.0351059380832151	0.00469118360709481	0.783745044617202	0.0921912454328905	0.0296248117613416	0.0183800459153869	0.0140759864662693	8.98958286464803e-05
0.0216264726617187	0.000132743195914068	0.0126286727966824	0.747752102789742	0.11409021833375	0.0371495426347951	0.0138633666499537	0.0215457432665888	0.0312111376708561
0.028251551867146	9.35074584145805e-05	0.0139599770516366	0.81581038050352	0.044622692225533	9.35074584145798e-05	0.00243533700457182	0.0595328053692056	0.0352002410615582
0.0112048307070196	0.00676225506474738	0.000134723026345372	0.808193109367623	0.0798910122055462	0.0445336905076658	0.0109727310649708	0.0010622810427611	0.0372453670133207
0.0107463710452649	8.75646064588834e-05	0.106296350721324	0.668003568807467	0.0604942274480335	8.75646064545161e-05	0.0350927866304672	0.0622971009826628	0.0568944651518666
0.00931906876885576	0.017595952765655	0.00584445263307911	0.752110468671592	0.114002312845069	0.0143650597999786	0.000128734135682986	0.053546031882458	0.0330879184976294
0.0091164990038601	0.00975429055659766	8.78578399744923e-05	0.834882376706017	0.0515218648099736	0.0227488793099396	0.0461037350656905	0.00831603261057144	0.0174684640973757
0.0484880225484865	9.17689183224616e-05	0.0378741970966683	0.777495107572566	0.0481633670489128	0.0191884126685848	0.026744023482159	0.0204294923179134	0.0215256083463867
0.0266552276424675	9.07343712251385e-05	9.07343712249483e-05	0.792241144382265	0.064570409971778	0.0740209712012182	0.00635581432844614	9.07343712251372e-05	0.0358842293601502
0.0215740944766207	9.05546330065806e-05	9.05546330012054e-05	0.803876907182228	0.12320809870249	0.021298284012559	0.0114641199423403	0.00276123919242718	0.0156361472253271
0.0159525921471012	0.00148070734152777	0.00603237790742837	0.746232304521456	0.13195715837945	0.0354641037638223	0.00013421650773729	0.00013421650773729	0.0626123229237397
0.000136247962785959	0.00432747488998295	0.00591012927773262	0.796480149287019	0.121352171828325	0.0251112364177654	0.0116157476912799	0.00378618313613995	0.0312806595089695
8.97419860287241e-05	0.0473847383662844	8.97419860279291e-05	0.852254965810347	0.0384375914754451	0.00913158664962492	0.00810509533060762	0.0128270347536564	0.0316795036419779
0.00444350241454866	0.0052789654455552	9.34412607020726e-05	0.86969902507339	0.0374479864309459	0.0270698180882802	9.34412607041773e-05	0.0123346929406906	0.0435391270851831
0.0350482212353855	9.39037144171098e-05	9.39037144222595e-05	0.840500303031607	0.0609898573929944	0.0477944264814195	9.39037144171115e-05	9.39037144171102e-05	0.0152915770009202
0.00876415859390756	0.0157860072612241	9.37707677784069e-05	0.80110425541993	0.0856234199671224	0.0345297543124831	0.0393465450172893	9.37707677732599e-05	0.014658317892492
0.0442830336250148	0.0318549554977958	0.000128733102670614	0.744842195783231	0.0789035497919946	0.0320011889043212	0.0217949908654519	0.0299926481069821	0.0161987043225378
0.0131300936097197	0.0148209581413415	0.000130503417300014	0.807250590035434	0.0690637566591842	0.0276914892198424	0.0301308111681487	0.00884070294285243	0.028941094806177
0.0187903441975738	8.94204719505041e-05	8.94204719487954e-05	0.847444715686318	0.0433390985460237	0.0359591271985338	0.0262742302361088	8.94204719510618e-05	0.0279242227195913
0.0239822377496145	0.0324985725273877	0.000127364128856847	0.791867460404361	0.0730964314931586	0.0219827163749198	0.0203661061721701	0.000127364128842172	0.0359517470206899
0.00904836643261921	0.000129935251991895	0.00236382311742749	0.735747317781596	0.137918092389531	0.0219146811671429	0.0129071772991348	0.0336460575340011	0.0463245490265564
0.00370641231086178	0.0677652643646078	8.74980041253376e-05	0.826861274635405	0.0383253721004966	8.7498004126286e-05	0.0158255586090074	0.0346089493982446	0.0127321725731248
0.00578412228688667	0.0262765904011656	8.85908106534935e-05	0.791028441369714	0.076488582887518	0.0303248782578966	0.0182897307385806	8.85908106544788e-05	0.0516304724369303
9.06836113877174e-05	9.06836113877181e-05	9.06836113874921e-05	0.781933112327945	0.0894795361279844	0.038460893918668	0.0344315268587223	0.0213358716181157	0.0340870083144014
0.0232155172774949	0.0515318614228356	0.000128768205166522	0.764977356543883	0.0638139553354601	0.0137313126122516	0.0345142227000839	0.00772208617871804	0.0403649197241063
0.0119002498537542	0.0536460805971874	8.73108649741596e-05	0.766139864707814	0.07325037015332	0.0165124307064924	0.0336237734295136	0.0151976657799631	0.0296422539069805
0.00544972341136199	0.00707721863047184	9.32358322165164e-05	0.810636347390211	0.0837133880206945	0.0313075003960578	9.32358322261796e-05	9.32358322261797e-05	0.061536114654534
0.0216339309170456	0.0192825157445443	0.000125528063584873	0.723650478547311	0.162258917752455	0.0326541534065286	0.0173440276019637	0.000125528063578977	0.0229249199029881
9.20973358672585e-05	0.015550138308423	9.20973358683574e-05	0.775139097399316	0.0843119435067323	0.0439230055168568	0.0236884157093025	0.021573477161113	0.0356297277265212
0.0404231091133918	0.0243664479428606	0.000130201643279516	0.711762492292949	0.160054500116489	0.0205735750290537	0.0193250727278238	0.000130201643280541	0.0232343994908731
0.0317475092766808	0.0216516627117494	8.94374898013714e-05	0.799037562425022	0.0992815814714916	0.00630655976877103	0.0250851614831811	0.00297351959037206	0.0138270057829304
0.0499885010897721	0.0442814385563813	0.0317926601738842	0.673950261909558	0.0735568930453601	0.000412968517753273	0.0336768997667222	0.0899957680830343	0.00234460885753413
0.0226992487479455	0.00670160610676283	9.22316380774467e-05	0.801059516974138	0.114199745446253	0.0252650441994511	0.00660554694148442	9.22316380719322e-05	0.0232848283078154
0.0790226557443592	0.00665859225842102	0.0906346616255852	0.641969935722067	0.0914736041338243	0.00135964611401546	0.0353621198834253	0.0317778497084366	0.0217409348098658
0.0165925188879029	0.00543372612513904	0.000135306492457614	0.802936206221713	0.074896505454226	0.0217471779653108	0.0102689901959355	0.003067186452314	0.0649223822050009
0.00202568287049064	0.00305392397250473	9.26396804885987e-05	0.83436555386652	0.0588937903334133	0.0202349851108984	0.0401854226241496	0.0155387120727817	0.0256092894687533
0.0263729208219963	0.014465949966434	0.000129470312437583	0.805016638088193	0.0782869480271957	0.0252442221993417	0.00548488825713419	0.0241137456338354	0.0208852166934321
0.0106677276176041	0.00881590086069397	8.88466717604246e-05	0.857349921136123	0.0452991494011185	0.00100356782885284	0.00600646523502191	0.039276778900948	0.0314916423478772
0.0224727785613825	0.00492732089065682	8.91566810439117e-05	0.759765081063854	0.104076300675639	0.0277160161683338	0.0421437740337908	0.0387204152442601	8.91566810389953e-05
9.09693895312124e-05	0.00207972416674029	9.09693895257766e-05	0.815336942094658	0.111269676346649	0.0180206312089498	0.0185649575816267	0.0303412483524854	0.00420488146983411
0.0374398419195422	8.71403725780444e-05	0.0389138807519982	0.697656983162549	0.0677413198310721	0.00246573182308621	0.0112475516028552	0.0778442067761292	0.0666033437601899
0.0277393827652724	0.0118937209577866	8.90657784949928e-05	0.811809945551166	0.0494708241055301	0.0215996677144839	0.0490589517743262	8.90657784936015e-05	0.0282493755744463
0.00881173791882971	0.0293623668171082	8.68585449404706e-05	0.818039899756382	0.0714372353732986	0.00945705103199296	0.0173861961928082	0.0157413674236967	0.0296772869409434
0.0974128344783119	0.0158171834529919	0.0537245711360454	0.601293273278985	0.0377839658374972	0.00178641960100854	0.0789299676766063	0.0840932018241659	0.0291585827143881
0.0203013413761207	9.02917286359919e-05	9.02917286346464e-05	0.82523220547676	0.099244677868569	0.0404490928863076	9.02917286359954e-05	9.02917286365618e-05	0.0144115154776995
9.0455583009626e-05	0.0293714176150106	9.04555830064853e-05	0.819945584628297	0.0274608268465297	0.0324144344105808	0.0302440284670711	0.00452676505953993	0.0558560318069544
0.00636025903233685	0.0178257567091475	0.0120585665514329	0.813935370380673	0.0842078364509088	0.026151400655064	9.35416097521229e-05	9.35416097521231e-05	0.0392737270009332
0.030784403706912	0.0662005013002771	0.000328099336262144	0.807612996094843	0.0779650516479889	8.86872822568968e-05	8.86872822568967e-05	8.86872822568968e-05	0.0168428860669463
0.0186767691252743	0.0229956319472388	0.00839698979713044	0.769287907802313	0.0953358625262633	0.000132891092744289	0.0315709531911341	0.0310087719238034	0.0225942225940983
9.34695696625209e-05	0.00660521403997742	9.34695696601495e-05	0.780532762347031	0.106799047960681	0.026871607806918	0.0248603260313613	0.0265126037754226	0.0276314988992866
0.000133487868039176	0.00643173140121454	0.000133487868030588	0.83662976803557	0.0463129531812679	0.0386023031209227	0.0344814793721262	0.021153807361781	0.0161209817910475
0.0374436119780546	0.0530104906043342	8.77148424003846e-05	0.787460021358901	0.0594280199447513	0.0208822802407274	0.016609603769464	8.7714842395197e-05	0.0249905424189719
0.0483201896555213	0.00705187319996439	0.00902536779758967	0.759090350094602	0.0845975627453905	0.031179178609341	0.000134155590573282	0.000134155590574107	0.0604671667164437
0.0169669945426981	0.00783572640135807	0.000585872620672399	0.766438350526642	0.11809630778349	0.0162727667726018	0.000130825193294334	0.034831832608207	0.0388413235510362
9.32711076291715e-05	9.32711076291701e-05	9.32711076289951e-05	0.845548813453783	0.0561681502407464	0.0550629030995609	0.0320505937388784	0.00129923513630117	0.00959049100784316
0.0170832199252482	9.26600074081146e-05	9.26600074090651e-05	0.780623287069999	0.0894100888496032	0.0262600434492367	0.0215130026528691	0.0206360702426373	0.044288967795589
0.0263767657949638	0.028079888158662	9.34546436462911e-05	0.815630369789402	0.0635696287975608	0.0114826241402972	0.0400406702437939	9.34546436464816e-05	0.014633143788028
0.00285409927274462	0.0507357220521614	8.68524656953388e-05	0.831397367499474	0.0362505501135895	0.0053226826765914	0.0286836583207209	0.0129341822937211	0.0317348853053022
0.0268903489059358	0.0299899046182784	8.93903620776651e-05	0.807031250333776	0.0610570645775571	0.00960195516309559	0.0180377635478884	0.0184997549426156	0.0288025675487754
0.0103661089481242	0.00496735035520877	0.00998026496893384	0.784836420136751	0.0656447389354104	0.0306251124573725	0.0338785404790733	0.0174039394401425	0.0422975242789834
8.93596130823437e-05	0.0353300886883379	8.93596130821208e-05	0.835950583915148	0.0767248321258666	0.00515274578603485	0.0160543287057643	0.0155736645885547	0.0150350369641294
0.0138632232579538	0.0309987616673831	9.36424307300757e-05	0.79736386023625	0.0694424374804374	0.00980311156614016	0.00604233242644946	0.0158340193186917	0.0565586116159639
0.00211999731623391	0.0160961042621394	9.05327432040078e-05	0.872909898456506	0.0613600580704196	0.00483061708331999	0.00668264509375953	9.05327432072866e-05	0.0358196142312101
0.000129761397884927	0.0012414237348845	0.000129761397882121	0.807960061558409	0.0953987372224627	0.0215262348913141	0.0277692636394741	0.0112503943212577	0.0345943618364304
0.00422201311484533	0.00706816691953559	0.0286458621081309	0.79618563597832	0.0886987916458487	9.30022454006424e-05	0.00219158964952122	0.0372184236881417	0.0356765146502555
0.00264068247692726	8.86529447435821e-05	8.86529447418768e-05	0.835514752879851	0.0356165538397103	0.0522976927524378	0.0395117160785305	8.86529447466223e-05	0.0341526431383107
0.0169117729834348	0.0158157417423521	0.000131711582493428	0.774031255721076	0.0696238399295816	0.0311204665078059	0.0253474558965332	0.0493829985950275	0.0176347570416957
0.150236898388015	0.0933654321239033	0.101733228154475	0.491798605027189	0.0915781594880022	0.000107961170480347	0.0598991737868115	0.000559438229548677	0.010721103631575
0.0031254515042125	0.0125579903495238	9.34820302525649e-05	0.813651527066182	0.0832594594365644	0.020843618019225	0.0106671617090629	9.34820302535869e-05	0.0557078278547233
0.0139532290382747	8.73476237285752e-05	8.73476237284405e-05	0.744770875965018	0.108851809431176	0.00867128282493761	0.00762119107477193	0.0562956994053573	0.0596612170130073
0.016139246436856	8.97687245918805e-05	8.97687245971478e-05	0.777886636195551	0.0969586787948443	0.0358636413908065	0.0205701387394453	8.97687245918801e-05	0.0523123522687163
0.00627065816282608	9.14459425642572e-05	9.1445942554782e-05	0.781292835645516	0.095489092661984	0.0394285760057229	0.0372980875795534	9.14459425642574e-05	0.0399464121167144
6.16429819802412e-05	0.0552934835273723	6.16429819809159e-05	0.874202575898448	0.0480199977877269	0.00354570619992638	0.00897507790611936	6.16429819802376e-05	0.00977822973446613
0.028639439548937	0.0213867061737452	8.75401713894865e-05	0.80522607745773	0.0509144863921552	0.0246295901226828	0.0180885795396295	0.0436375053445716	0.00739007524915949
0.0200080848277857	8.82749186395517e-05	8.82749186409018e-05	0.796723266176699	0.0458848982702898	0.0295574524111703	0.028048925309909	0.0386199324404394	0.0409808907264263
0.0545865820180709	0.0327855124390882	9.27358270858952e-05	0.83165196568526	0.0655376631256343	0.00105396973613164	9.27358270861276e-05	0.00786328101343297	0.00633555432820948
0.00590529934734606	0.0175601460534479	0.00514507409040367	0.786722362488643	0.074723600010399	0.0157958879066666	0.029042003117915	0.0126978062083097	0.0524078207768695
8.86299886386471e-05	0.0181366657702394	8.86299886384779e-05	0.790352279757782	0.0632963089708117	0.0557935741011971	0.0272926256660917	0.00460786741420402	0.0403434183423975
0.0198322126775356	0.0689417827258274	8.57531014721365e-05	0.843828846358693	0.0217030591507283	8.57531014771133e-05	0.0209648841358238	0.0148481845087317	0.00970952423971059
0.0213948403302789	0.0155942122418184	0.000127724726202134	0.782692656265169	0.102663783532606	0.0299168756571409	0.0181358938034324	0.0123341494095417	0.0171398640338107
0.0190882425040555	0.00166283475607591	0.000127716115540696	0.770575393882283	0.100269581762239	0.0411767701778488	0.0288228748970626	0.000127716115546048	0.0381488697893488
9.18417425339897e-05	0.0142123130086205	9.18417425247049e-05	0.845143298251346	0.0497969552111804	0.00120820167632377	0.00778635536700907	0.0309122073137641	0.0507569856866978
0.0155134590066415	0.00791038472052792	0.0168482495592441	0.804557219636516	0.0379842270225794	0.0253084893146638	0.000134005001263351	0.0184131509698118	0.0733308147687517
0.013822102216985	0.0974626870820588	8.52905885964627e-05	0.806548150637979	0.0370948562902367	8.5290588597415e-05	0.0277186969777765	0.0107325887980742	0.00645033681969642
0.0317724171106244	0.0412931712694859	0.000131941013546636	0.738161584914062	0.116626253035138	0.00155510082915852	0.0129634495581072	0.0262984249410622	0.0311976573288152
0.00289517377765321	0.0454114022726537	9.17030325164387e-05	0.83227010729751	0.0358932548914224	0.0176935579308777	0.0250510989625108	9.17030325196139e-05	0.0406019988023358
0.0061865147927348	0.0112006954360284	0.00560009252950617	0.764603170491672	0.133438705043718	0.00650173000132558	0.000722448047060516	0.000133421725198714	0.0716132219327556
0.0364174232676825	9.37601861913987e-05	0.00590813869761355	0.775080607353773	0.101894891701691	0.0335937401851119	0.0237434028438315	0.0049772143917725	0.0182908213723319
0.0091263882824913	0.0435363070547985	0.00298770734846398	0.834478971883888	0.0417794678975887	8.81998203623873e-05	0.0188670643248476	0.0252052895789629	0.0239306038085968
0.00180973557904374	0.0229425520231982	0.000130739293384202	0.755885633479717	0.098861471838086	0.0181549114290367	0.0241214808780377	0.0181287972203269	0.0599646782591697
0.0229899825416117	0.0179966214257931	9.14786773567161e-05	0.833131845613151	0.0689305911671591	0.0268697925918053	0.00549812475192407	0.00739303600079763	0.0170985272304018
0.0252202258151712	8.96477705645381e-05	8.96477705593319e-05	0.794731555029222	0.109247004923988	0.0352046912855514	8.96477705645396e-05	8.96477705701199e-05	0.0352379318638088
0.00844188478040568	0.0504167763822513	0.00285157344133971	0.855389244395715	0.0370346289369789	0.0115041426540546	0.00995853058379511	9.2197743188558e-05	0.0243110210822707
0.0355806975100816	0.00663196091181912	0.000128631689079601	0.760037504069288	0.123262945002243	0.0316327999637272	0.0129826639168312	0.0221200434680151	0.00762275346891474
0.00500968598688581	0.0443369692627072	9.20399507919332e-05	0.871065024500033	0.0331288394507996	0.00179610802355792	0.00379418358099993	0.000324781796302285	0.0404523674479224
0.00509504797654729	0.00612972169106149	9.30827830461678e-05	0.833850966555208	0.0473337572933449	0.0622395838007281	0.0213489654514029	9.30827830482199e-05	0.0238157916656125
9.2373263627364e-05	0.0244462657874323	0.00230193495523698	0.79247493256195	0.0890244588835714	0.0156791604348049	0.00643411557891833	0.00869195076325937	0.0608548077711996
0.00567454986280645	0.0474105208460138	8.75381649301325e-05	0.791248227023225	0.0499994650492705	0.0477199122298216	0.0380816915918135	0.00538815167335454	0.0143899435587642
0.0110414624793217	0.00827750160666223	0.000130379371061024	0.759106160383048	0.112280449849195	0.0120393115198776	0.0168380156056155	0.0451658414890915	0.0351208776961281
0.0218938754687801	0.0281397079227574	0.00557118885829795	0.797429972447963	0.0531879639383448	9.39855450355748e-05	0.011996160232829	0.0159837700528134	0.0657033755331786
0.0333394053509532	0.00312036903128683	9.20385472202608e-05	0.764437993550379	0.141809637503938	0.0338922711441527	9.20385472193052e-05	9.20385472193045e-05	0.023124207777632
0.0491998876325543	0.00822582791346268	0.000126462216688686	0.78089645502987	0.0679929653678562	0.0131358832550009	0.0350311414670483	0.0452649149008257	0.000126462216693076
0.0298096203460272	0.0415348816088345	0.00203424875811066	0.792253748855039	0.0840911851836556	0.00770298473673156	0.0108759591135379	0.0142999257668326	0.0173974456312309
0.0252706184078657	0.0654102745594204	8.70108559076155e-05	0.802347118632938	0.0711713600896965	8.70108559062861e-05	8.70108559106226e-05	0.0182039427615094	0.0173356529808455
0.0313981296996957	0.00366705104200675	0.0104738684850777	0.808576387195409	0.0764948856256856	0.00873110494747242	0.0172320901707416	0.0295926205998169	0.0138338622340939
0.000129136749581087	0.000129136749581087	0.000129136749580781	0.815374760756249	0.0797130373583485	0.0556902915112048	0.0124992145773419	0.00952962356855303	0.0268056619795596
0.00214448983013864	9.28338643308921e-05	9.2833864329887e-05	0.809604359411778	0.067416182345679	0.0294986813038175	0.0336694925766467	9.28338643308912e-05	0.0573882929389485
0.0478167389810772	0.0111803018191532	0.0197357245276447	0.761332657815934	0.132717405738205	0.0139990993148596	0.00837513487715538	0.00474976936606483	9.31675599061199e-05
0.00814898952395109	0.00815662005738073	0.000129940011049946	0.726683730959239	0.152853703924222	0.0171425813823755	0.00945245929885698	0.0435680913133845	0.0338638835295399
9.05224120027503e-05	0.00224282818508223	9.05224120010367e-05	0.805333834898512	0.0575419129687343	0.0362624052838845	0.0576418282101036	9.052241200275e-05	0.040705623217677
0.0248004820246707	0.036609681179718	8.96097851553151e-05	0.820267519687054	0.080871041328974	0.0154355680308845	0.00981498952703955	8.9609785157585e-05	0.0120214986513466
0.0338581064606385	9.00757550408897e-05	9.00757550419641e-05	0.813336032837765	0.0481994863664316	0.0558331455086499	0.0156713375662192	9.00757550408896e-05	0.0328316639951721
0.0186912214980025	0.0089463868772771	0.00151319847945235	0.766842252731125	0.103166794052447	0.039325139160769	0.0182720861070265	0.0157156319812516	0.0275272891126489
9.08739624354976e-05	9.08739624355013e-05	9.08739624440326e-05	0.817504786892287	0.086121277962726	0.0070217041428633	0.0138399035900864	0.0479042767806847	0.0273354287440378
0.0189140256988676	0.00636680918079712	0.000129132657482377	0.812509193835174	0.0742018258146357	0.0190003726361861	0.000129132657489894	0.0186816846574134	0.0500678228619536
0.0129932713737245	0.0792711407992982	8.13468117396087e-05	0.741254061695077	0.0468644570985707	8.13468117411737e-05	0.0763224009231287	0.0316172118689926	0.0115147626177274
0.000132148885449537	0.0122582579972026	0.00013214888544806	0.84434343354366	0.021884305691576	0.0442156445897145	0.0394421705808084	0.000132148885450362	0.0374597409406905
0.0192430456652988	0.000445542421288689	8.87211914368228e-05	0.773324066212933	0.0793889916034869	0.0238436330872392	0.0244949783270082	0.0248820797917227	0.0542889416995853
0.0114395954920188	0.0354321223466347	8.46433566045832e-05	0.778404027039481	0.0748529897862528	0.0274763347706122	0.0599288727138663	8.46433566067211e-05	0.0122967711379226
0.00561660275737956	0.00942052484460438	9.2222663204977e-05	0.805636176629912	0.0526090731890905	0.0261872601920804	0.0207493769723332	0.0460404276435952	0.0336483351077998
0.020143730331054	0.0167957428976787	9.02286695770308e-05	0.831733493629408	0.061343063874432	0.041385455004696	0.0140044521401486	9.02286695779993e-05	0.0144136047834277
0.00256927845248076	0.012450761082085	0.00556154337109444	0.766222791348523	0.10442530224627	9.3861541654331e-05	0.0257510460322024	0.0213731395973257	0.061552276328364
0.03553503785334	0.0141078806525864	9.52472456371053e-05	0.823103122435403	0.06286147199077	0.0135202614636074	0.0132550598360285	9.52472456359495e-05	0.0374266712769923
0.050383325805217	0.000126672742424612	0.00652506524221349	0.7309376897135	0.126868447828094	0.0251277438061552	0.0325845095980919	0.0176922810432961	0.00975426422100767
0.0449970115862313	0.000135943061603567	0.00651340501123301	0.79567854138773	0.0462104295034344	0.00640555465411797	0.0124505579184503	0.0699360033463666	0.0176725535308323
0.0553066992010452	0.020558798921397	0.000129412969923816	0.786612189683482	0.0813158397101824	0.027119415721949	0.0126681960436856	0.000129412969928336	0.016160034778407
0.0216394648949024	0.000133337755431416	0.00531948921740975	0.747802277647679	0.101380910463408	0.0304550943507672	0.0138032193560778	0.0273313457241519	0.0521348605901727
0.0268833218615621	9.14707249400364e-05	0.00313109111219229	0.783059301779371	0.0885062384575814	0.0137590697330974	0.0146792409911325	0.0310981041475785	0.0387921611925446
0.0101658081589288	8.84480567767893e-05	0.0444800503614259	0.744832831482008	0.0494043325455467	8.844805677679e-05	0.0315187533871586	0.0961269220453713	0.0232944059060069
0.0290107046457773	0.0497258591175969	8.77696660006694e-05	0.786946590360593	0.0623865016450593	8.77696659950329e-05	0.0271297562952989	0.00906226451447569	0.0355627840892032
0.0106274029534925	0.000140317185480037	0.00807992293720514	0.80797117787358	0.0743081356707452	0.023195412479503	0.0113615008620079	0.0195468093434941	0.0447693206944923
0.00764976297794747	0.023011687724771	0.00820512517088143	0.776399456272938	0.0784721736840497	0.0294877631706126	0.0207399111657579	0.0160919807780647	0.0399421390549768
0.000380022044214156	0.024912860640769	0.00013077483331669	0.851435816161838	0.0378772151962228	0.0184100507486278	0.0218381717025005	0.0160632135769724	0.0289518750955388
0.0262463658800456	0.0276851613164247	8.9072199860842e-05	0.82161092410449	0.0522130018080169	0.0232443434287492	0.0224656956688089	0.00753836304063258	0.0189070725529717
0.0118682276640868	9.00324755213938e-05	9.00324755297252e-05	0.880844168953691	0.0405774536814795	0.0239251408697046	0.00446459448492125	9.00324755213944e-05	0.0380503169195441
0.0111626797573945	0.000128368177256137	0.000128368177251651	0.754560299363783	0.0888956106566859	0.0452099019731364	0.000128368177256138	0.0574077312020867	0.0423786725151491
0.064564372380412	0.000132069097826233	0.000132069097821672	0.747643870425159	0.105344364580477	0.0116759901095538	0.000132069097826232	0.0357799054551237	0.0345952897558002
0.0169760451863041	9.10386480543303e-05	0.00228636570278125	0.834157049419352	0.0581685281416505	0.0341019914944292	0.00675390789174141	0.00765540421921344	0.0398096692964737
9.57511712353019e-05	9.57511712353015e-05	9.57511712342786e-05	0.855634169994922	0.0616688108283073	0.0127004528692826	0.00613069564516539	0.027506764300392	0.0360718528482261
0.0269287110897656	0.018189541389	8.88604926263978e-05	0.80146469852494	0.0621903356178557	0.024435004381986	0.00790016995257176	8.88604926285546e-05	0.0587138180586262
0.0141516534239761	0.0224977563460411	0.0112267070010329	0.780354403506799	0.078390885902594	0.0154859412498162	0.00454872879397339	0.0072368392748299	0.066107084500937
0.0389161752083643	9.04818770103304e-05	0.0445333184997466	0.780724559299687	0.0954372212798913	0.00852162054718436	0.0251520365783762	0.00653410483272916	9.04818770103297e-05
0.0101990451231698	8.91577497516954e-05	8.91577497465078e-05	0.826047579224995	0.052954461602294	0.0254754137538797	0.0263344142964314	0.0121270308401048	0.0466837396596273
0.0184765621241999	0.0319639852841497	8.72807044749011e-05	0.81457577104163	0.0264165673847028	0.0119151448978733	0.0479221141447973	0.0157573603012995	0.0328852141168727
0.0403757143571805	0.0387864943586743	9.15244378936195e-05	0.795837798826689	0.052632984886117	0.0147557043104518	0.027913546676976	9.15244378951861e-05	0.0295147077081226
0.00388505983750142	9.39097434291726e-05	9.39097434297847e-05	0.840250075492352	0.0739769404256895	0.0333470098306238	0.00594096486310237	0.00937611979946748	0.0330360102644047
0.0127617225362172	0.0139427460794893	0.00398608373634953	0.78739183740325	0.0692539230972368	0.00858541747878939	9.17857287743777e-05	0.0509570607808944	0.0530294231589996
0.00671609682309324	0.0298579004086077	0.000131711709049404	0.84669044163252	0.0477472008625975	0.0379642402261837	0.000131711709057071	0.000131711709057071	0.0306289849198342
0.0373320685537721	0.0296236646787542	0.126118202054505	0.704289003829109	0.0625416516930768	8.67792821540339e-05	0.00359107144019923	0.0363241584816528	9.33999867772421e-05
0.0201212241608817	0.019163890925938	8.77057028541825e-05	0.806004588283889	0.0399324643041708	0.0283736490172294	0.0165881759902916	0.0434379962334385	0.0262903053813067
0.0158243822776567	9.33574025533709e-05	0.0203319315046366	0.80119560678836	0.0683559578696367	0.0168724153188678	0.000147147001638591	0.0221013458158494	0.0550778560208004
0.0302653483088681	0.000128322489103784	0.000128322489088851	0.808045789606414	0.101230572952141	0.0305999417138005	0.0134079758664041	0.0160654040850762	0.000128322489103795
0.0329111266082726	0.0162462584504867	0.000130715929411658	0.809608392024991	0.0932129120490125	0.0219550224946461	0.00542984087848518	0.010412183818029	0.0100935477466651
0.0240514379162952	0.000133996445212605	0.00705896191452165	0.767809354647512	0.0823895587064565	0.009665928552668	0.0215383862509585	0.0205239625927147	0.0668284129736613
0.0626297078989272	9.17316485670065e-05	9.17316485720708e-05	0.768495102775509	0.0587194016539709	0.0461883353187514	0.0185675140286139	0.00534887394526864	0.0398676010818203
0.00471461356826458	0.04110767802122	8.96339416282151e-05	0.826520029482428	0.0877159594248426	8.96339416313737e-05	0.0249203793780228	8.9633941631374e-05	0.0147524383003308
0.0331271930876334	0.000135161454042246	0.000135161454050402	0.770129815553714	0.0978640289015777	0.0326158130307329	0.00739837668538395	0.0358839498850481	0.0227104999478173
0.0181028138652986	9.00577641798082e-05	9.00577641774742e-05	0.794987476290208	0.0750866839170812	0.0479709522175605	0.0220257743193101	9.00577641798096e-05	0.041556126098005
0.00538501091365761	0.0125795490688903	9.11242294771467e-05	0.832647000458995	0.0629450444034799	0.0358472366422441	0.0164242879911471	9.11242294779429e-05	0.0339896220626312
0.00744511338671602	0.0201972596580394	0.000131806664838462	0.797764923857374	0.0811083872025316	0.0348586806044811	0.00401854982341849	0.00894319017285212	0.0455320886297492
0.0131368493166296	0.0190227380775803	0.000713698139124407	0.800964817850987	0.0420476296350623	0.0281734250064377	0.0345231767855701	8.94076538233249e-05	0.061328257534785
0.018833771562211	0.0118808338796704	0.000129831666739559	0.73081986651122	0.115418708845911	0.0479088375081119	0.0217585312497202	0.00209330971233594	0.0511563090640798
0.0100987638586721	0.000131124966548377	0.00013112496654382	0.799628999514201	0.0393200586833868	0.0494220296688275	0.0471238295050345	0.0171324298511173	0.0370116389856683
0.00213333233843595	0.0554033435086813	9.14056322870689e-05	0.805800065055008	0.0867740318954037	0.0115740079142618	0.0173856411755069	9.14056322860314e-05	0.020746766848129
0.000137369662452927	0.000137369662452928	0.000137369662444783	0.787694386177966	0.114170558930685	0.0445335099230331	0.00263754277834426	0.0200096545298904	0.030542238672731
0.0116121878604281	0.014887796128531	9.45402648942747e-05	0.834913538510125	0.0559498788735841	0.0205665251685431	0.00763295535921141	9.45402649019938e-05	0.0542480375697807
9.0932209190073e-05	9.0932209190073e-05	9.09322091890796e-05	0.800007666823378	0.118384000946893	0.0175733383089666	0.00430529115177431	0.012651788208733	0.0468051179326857
0.0096300690319293	0.000139628422344108	0.00317239104103263	0.819172279175161	0.0640009179316979	0.0248651510575609	0.0208434243231539	0.0154326987970149	0.042743440220105
0.0191397971066846	0.0134612861026628	0.000131226433855363	0.767406768339847	0.132715801931599	0.0214603032550896	0.00723738242598873	0.000131226433841419	0.0383162079704315
0.0159042751234879	0.000590082361336048	9.48659653232119e-05	0.83925627556401	0.0628716833329208	0.0261835873081871	9.48659653175557e-05	9.48659653175561e-05	0.0549094984141
0.0288173915761702	9.13718256973335e-05	9.13718256941614e-05	0.8112993610406	0.0591061710048313	0.044014067295119	9.13718256973334e-05	0.0172303165452457	0.0392585770609446
0.044877474349602	8.59966661691755e-05	8.59966661743788e-05	0.764946870207888	0.0923014892391	0.0359432633945332	8.59966661691737e-05	0.0186578440036818	0.0430150688066826
0.017555549186326	0.0111716581571892	9.12504641152648e-05	0.814321691230247	0.0647196563569552	0.02736000057913	9.12504641148723e-05	0.0273782839219889	0.0373106596399341
0.00609190842067389	0.00331170532493045	0.00431771709160326	0.768191199185261	0.0870843473902244	0.0291483338345876	0.0145727265032749	0.0403722121684705	0.0469098500809742
0.0153080341283356	0.0126042469195408	0.00173939145811908	0.854396006437983	0.044675794868641	0.0261973270338056	0.0184389436940224	0.00013647521271475	0.0265037802468376
0.0332330821539526	0.0382640402648287	8.651393119945e-05	0.784559768022393	0.0525892254938676	0.0205721214412057	0.0705222208301484	8.65139312024339e-05	8.65139312024337e-05
0.012792573351907	0.0868243060078375	8.7769516208735e-05	0.815491502120587	0.0626769079700473	0.00705788511218497	0.00341512227683581	0.00224820995741665	0.00940572368697521
0.0169466425183742	0.0116989543537125	9.28050741040396e-05	0.857391496991766	0.0468341798240978	0.0297748735482683	0.013710734401992	0.000590127040230693	0.0229601862474548
8.76147480690479e-05	0.0267034209604921	9.78039420753707e-05	0.823674307711702	0.0223930129880865	0.0249991483360876	0.0225595005269211	0.0229106846462027	0.0565745061403635
0.00195228351517087	0.00322919891977459	0.00180412913084739	0.840541517936312	0.0370785950737322	0.0487733967928756	0.00180728437966662	9.0710218045818e-05	0.0647228840335751
0.00847745845547182	9.46079569645081e-05	0.00103686440491665	0.785163555906581	0.126381249669065	9.46079569645083e-05	0.000100465038082204	0.024233612840953	0.0544175777710015
0.0507005179497082	0.000134456947601008	0.000134456947599521	0.768803647077975	0.0963632806440514	0.0276930544338064	0.0108808002151549	0.0170654785841106	0.0282243071999935
0.017171608914582	0.00606825008929817	9.21967716823423e-05	0.798409552346603	0.04463103569014	0.0644757379173863	0.0169599094765501	0.0130994594011556	0.039092249392602
0.024762567616772	9.0645065775364e-05	9.06450657751333e-05	0.794125779404964	0.0653814242693111	0.0348053409583548	0.0301500222276843	0.02200160400421	0.0285919713871532
0.0372708970373004	0.018121947291052	0.000128536342419762	0.713597720811938	0.154092350573141	0.00325107053729405	0.0329858826197413	0.0211102227017217	0.0194413720853919
0.0113308416674732	0.0748668512426277	8.64765467702143e-05	0.825735967032425	0.0392109445343922	0.0116235349225463	0.0350386562903423	8.64765467694333e-05	0.00202025121665395
0.0113860903732361	0.0374881422380946	8.93051100705133e-05	0.801022194440535	0.0780573667278112	0.00110849937110559	0.0226434312902362	0.00654358981467451	0.041661380634236
0.0230100904669445	0.00013790091324082	0.0159435120423015	0.732887762105419	0.104513483909105	0.00904656423389415	0.0210981621665552	0.049763720361746	0.0435988038007931
8.75203738198346e-05	0.104190644518745	8.75203738250212e-05	0.778848685558565	0.042190682659065	8.75203738198332e-05	0.0170026685515743	8.75203738198328e-05	0.0574172372167656
0.0296800152440593	0.0209213672418994	0.000129325367045466	0.785269920675844	0.0936658654951222	0.0335705510457079	0.000129325367037768	0.00377063356559425	0.0328629959976896
0.0236427609284162	9.27816719585926e-05	9.2781671959393e-05	0.817729339722017	0.112090904945325	0.00993809018817474	0.00882238784665316	0.0141128490743002	0.013478103951196
0.00576958247817143	9.30413426252029e-05	0.00316600659237704	0.84693496294451	0.0322950188628462	0.0388951916938231	0.00447018269014309	0.00854057400796923	0.0598354393875343
0.0138766701706888	0.0111357965557526	9.1960497943758e-05	0.834833907856201	0.0419561656296005	0.0241525798980257	0.0239089022436555	9.19604979284717e-05	0.0499520566502038
0.00932227603858736	0.0356765626607451	8.54000783982294e-05	0.831468717981288	0.0661512023767655	0.0185240495451065	0.0386009911623089	8.54000784003696e-05	8.54000784003713e-05
0.00102771146826178	0.00195312051364774	0.00837774912283613	0.783437719236338	0.089602303629915	0.0200793087730935	0.0179791981687296	0.0430010577947497	0.0345418312924284
0.00286693803602318	0.0111792683106276	8.60289522426314e-05	0.812729619610987	0.0320437596138339	0.00884358584247289	0.0454698399619209	0.0430421170880309	0.0437388425838614
0.0199639446558896	9.08717110527093e-05	9.08717110580824e-05	0.798541136036935	0.0761134925428047	0.0162420239744542	0.0377091605907943	0.0477618546561673	0.00348664412084379
0.0134122376963977	0.000526948719531765	8.90412235426371e-05	0.788201261065092	0.0599147876817978	0.0278909484707021	0.026223027411036	0.0400905783482309	0.0436511693836693
0.0259539851457171	0.050415572857057	9.2360197360932e-05	0.814227279745133	0.0553098380203468	0.00133468358926506	0.00987367386193522	0.00576097075927286	0.0370316358239116
0.000141969737931813	0.00407122705497235	0.000141969737931955	0.867941706519184	0.0480857337821167	0.00586634084172723	0.00393691357065917	0.000141969737932805	0.0696721690175441
0.0275264720794289	8.81141098350429e-05	0.0666860405288097	0.734482030307617	0.0602889127538359	0.0179938358290895	0.0335746208266097	0.0451954670708043	0.0141645064939696
0.0176021210197029	0.0170160171052309	9.14926296928896e-05	0.805728623091376	0.0373273606462944	0.053267596372073	0.0115028529771684	0.00693279974633102	0.05053113641213
0.03774021696486	0.005757417518107	8.9574639531416e-05	0.817925073879188	0.0298082489004088	0.0447962549367252	0.0252051247378805	0.00145132070600749	0.0372267677172921
0.0101070694196045	9.29538944569949e-05	9.29538944591725e-05	0.849034314070206	0.0512446076362814	0.0173116180973765	0.0181921886057003	0.0133738128940193	0.0405504814878961
0.0184650072410003	0.00672732521750092	8.96329977604099e-05	0.854441675084714	0.0604651457151266	0.0262158275436115	8.96329977676919e-05	0.00016811747832923	0.0333376357241889
9.31247038850164e-05	9.31247038850144e-05	0.00457500672732825	0.80792453936664	0.10739423484513	0.00838788628304547	0.0194986445142062	0.0272565654846817	0.0247768733711978
9.32993208823889e-05	0.0127269148355688	9.32993208829627e-05	0.792470209058453	0.0738052771757865	0.00482725159745243	0.0280209223115333	0.0262283606978941	0.061734465681547
0.00933799452692536	0.000133621166533269	0.00731646719392897	0.816920006620271	0.0368034846958073	0.0186684524959136	0.00277190259324124	0.0492117892487517	0.058836281458628
9.3960412204615e-05	0.00805599237363841	9.396041220995e-05	0.848208654815411	0.0636213903695532	0.0279891019145494	0.00799211341956436	0.012353884805332	0.0315909414775374
0.000130849868808668	0.0291207954628721	0.000285044654853468	0.821232283455828	0.0391903221785349	0.044189687758717	0.00853358743260597	0.00553596639461302	0.0517814627931665
9.38521263546118e-05	0.0327425177683249	0.000321766688145877	0.846394994697873	0.0527169252790649	0.0209930938772093	9.3852126354611e-05	0.0084570092278463	0.0381859882088262
0.0107661622426919	0.000135079260386618	0.000135079260385132	0.787539736187745	0.10330643060125	0.0231320194630748	0.0176275757978245	0.0534492677617231	0.00390864942491832
0.0381145696312459	0.0413444141437806	0.00501538452154908	0.797457946171605	0.0521369674489839	0.00870378814337175	0.0169752015941588	0.0366447754927446	0.0036069528525604
0.0122537268098573	0.0139218018640924	9.12037389763898e-05	0.81168628380941	0.0876141441558824	0.0135269104110502	0.042796997456111	9.12037389786435e-05	0.0180177280156412
0.0164324902413299	0.00258870444103775	0.00154450391472867	0.836240210419747	0.0798456549306353	0.0291481781140947	0.00915018064370472	8.77819681128644e-05	0.0249622953266089
0.0230601722606074	0.0184692612513401	9.2630601060474e-05	0.748355278019479	0.111525852977102	0.00691234586228852	0.0127018165551006	9.26306010595733e-05	0.0787900118719626
0.0297002835931606	0.0103707177362796	8.71262392935284e-05	0.869815124221684	0.0415366899872052	0.00505654431210716	8.7126239294482e-05	0.00878315999180349	0.0345632276791722
0.00360622273333833	0.0728643679407275	9.23048747076287e-05	0.842885695549346	0.0413280930354353	9.23048747237522e-05	0.0271395146836272	9.23048747230302e-05	0.0118991914333712
0.00404250329970821	0.0042068285466893	0.0119547642142125	0.779694045863277	0.0789002139695233	0.0131489776338271	0.0101298321800483	0.0709165539837483	0.0270062803089664
0.000127724090007702	0.0291579761267855	0.0101522995567424	0.740131848576001	0.131886449290318	0.0341479098924931	0.0140100640596098	9.08524848910939e-05	0.0402948759231519
