Bcells	CentralVeinEndothelialcells	Cholangiocytes	Hepatocytes	Kupffercells	LSECs	Mesothelialcells	PortalVeinEndothelialcells	Tcells
0.0905794219909634	0.00178887706763006	0.00455034051000805	0.444618864767899	0.13975348862577	0.0491679435112091	0.00100338906620759	0.000585261093455081	0.267952413366858
0.143094877652017	0.0198244604813925	0.00246259964173692	0.380763961050284	0.127029369703537	0.0233574818184952	0.000463398478426275	0.000674539700947467	0.302329311473164
0.0584932055479075	0.00197436407426695	0.0692345467139423	0.440864471584583	0.126049379307454	0.0025749188273064	0.000949893951978529	0.0065736967284671	0.293285523264095
0.0945122763065576	0.00106955966317388	0.00313210717904048	0.42959549884367	0.108235724263906	0.00887559571289863	0.000266071220464349	0.0011722935307462	0.353140873279543
0.105870052647206	0.00124489080697007	0.0076353453258222	0.378226604326465	0.167762761719488	0.0149082188541717	0.00561473203222622	0.0208085108521037	0.297928883435548
0.177784011598916	0.00422637878940598	0.0100631392609376	0.327398233188559	0.0795908732224352	0.0394793281104673	0.0114536837697018	0.00544249792635968	0.344561854133218
0.0807437015503764	0.00448652545450403	0.00133640142078378	0.428106138583033	0.0941580374728275	0.0133090333617359	0.00310442329058948	0.000999802166961889	0.373755936699188
0.10546122042583	0.00372527691564732	0.0142104570603708	0.424825027608524	0.0599213755306588	0.0115971864772076	0.0143751384535868	0.0131049512639507	0.352779366264224
0.0901777861927525	0.00305123440888082	0.00100250782593274	0.383252586312805	0.169004165735891	0.014437334822877	0.00219104776766405	0.0132002054087365	0.323683131524461
0.0855199928086862	0.00390323484082368	0.00052762324343712	0.468798096149211	0.0921208132926207	0.0193073629722305	0.00133320643511607	0.00100072480950068	0.327488945448374
0.118245474492011	0.0102175629370197	0.12543988253224	0.380343815852071	0.0482848800075236	0.00361701433227258	0.0536100819696075	0.0558117742013516	0.204429513675902
0.180587552997444	0.0393744544852776	0.0055505908590331	0.353869614833367	0.0391768377108328	0.0255701687537381	0.0157795094776933	0.00258523007041138	0.337506040812203
0.148279917841391	0.00133340567657807	0.0015210464613298	0.323801492587915	0.153549788387047	0.0395960893876497	0.00544669203099798	0.00310673994102878	0.323364827686062
0.128384168750077	0.00284543847956985	0.00566902258995395	0.371093646384694	0.113665374353515	0.0142495684983912	0.00754383363092077	0.00383082963321652	0.352718117679663
0.189643879678417	0.00202071562328429	0.00195612389117817	0.394356859941954	0.0598573913177531	0.0226011188724234	0.000719936515209181	0.0171526470090055	0.311691327150775
0.106533718561247	0.00500685894255421	0.0025816447381413	0.410649058609322	0.0763714431045153	0.0209317346414062	0.000662494268259583	0.024121116538981	0.353141930595574
0.109934700491189	0.00125048551724125	0.0297022853718082	0.458192267360908	0.0280332824231228	0.0182081397514226	0.000167391158711967	0.00213607004478489	0.352375377880812
0.122854426616987	0.0145590647846133	0.00118784372223458	0.390580651525864	0.107020791444541	0.0103956960635292	0.00375634530907188	0.00146622534615272	0.348178955187007
0.160340675597112	0.0129721109742077	0.012478453800012	0.378038472132823	0.114628232846887	0.00643713164558923	0.000859669156285044	0.00467637801518263	0.309568875831902
0.105899081324333	0.00201495132712896	0.000818290735374	0.424607059354237	0.118756576050473	0.0217716625593257	0.000846530731556813	0.00053280330701552	0.324753044610555
0.105195232013721	0.00301250369135437	0.0161762973974908	0.460428790426229	0.0991514643329555	0.0728027895777515	0.000507881745531221	0.001908658872096	0.240816381942871
0.107912389979035	0.00246517126603379	0.000603256831487908	0.373089967002434	0.12048758630404	0.0150248126868141	0.00145303090354893	0.00950769256679866	0.369456092459807
0.0644265832166907	0.00115061621145706	0.00744707111342588	0.481532423664463	0.145416500180652	0.0417453543969993	0.0156796095601673	0.00614867554139381	0.236453166114751
0.0860731088940237	0.00504465090598691	0.00192542982233632	0.410070056652395	0.103235602327128	0.038679413049568	0.000464367302009417	0.00895008659953016	0.345557284447022
0.128300255066449	0.01319282288895	0.00390398484217068	0.359595077893461	0.0869209346579436	0.0760424787377818	0.00118533893012729	0.00553554157497262	0.325323565408143
0.154554759772075	0.0124409177541989	0.011489398031787	0.446732696260442	0.0613369823237489	0.035533980481722	0.000561756545394734	0.00585071741151908	0.271498791419113
0.146643084572153	0.00236757997528114	0.00420350853628626	0.406102888789455	0.0361072177986052	0.0375037832175474	0.000150946821344263	0.00436361096299329	0.362557379326335
0.0987310613060622	0.0128398586712802	0.0144657590444137	0.44788830806394	0.0543991631904763	0.0197485848813086	0.000987389389948815	0.00163981347579104	0.349300061976779
0.0855492132572365	0.00190638765473257	0.00673086929120526	0.458965995192148	0.110385364994833	0.0155641915705657	0.000293121914770895	0.0041608556674849	0.316444000457023
0.10543306173265	0.011303557938721	0.00224569973410314	0.402769626356008	0.0759571221517225	0.0256181530517617	0.000400010723540662	0.00246476442520947	0.373808003886283
0.110100028603083	0.0104100431050768	0.000628321061336081	0.439213323050592	0.0547452998698473	0.0168112224443374	0.000341557684974792	0.00493348816334797	0.362816716017405
0.123438390380874	0.0262453125759257	0.0105573691364795	0.399011390410984	0.0383215674193245	0.0457659910698132	0.00918153081871718	0.00194867667584205	0.34552977151204
0.146069924036255	0.00628701202898799	0.0028337890666737	0.420606902099371	0.075135914642991	0.0239498178610063	0.00178317150071356	0.0123822690405688	0.310951199723432
0.0597230184939791	0.00339187521150421	0.0504213835768	0.423363539174396	0.130047078350038	0.043399732287342	0.000463761876442875	0.00379060386762755	0.28539900716187
0.141016271603875	0.00371551047921419	0.00161539071301954	0.412459341182868	0.0622615898862632	0.0276958401987152	0.000305202807876342	0.00106273438793293	0.349868118740236
0.0824599451696602	0.00246991810842878	0.00242870895677487	0.425483150984619	0.0899877061480008	0.0329056052166916	0.00403507595194601	0.00170378038413278	0.358526109079746
0.140632507583238	0.0139699391553982	0.00756909673770678	0.415266452659223	0.0713349576195239	0.00538248241548772	0.00280779618927666	0.00515079871244616	0.3378859689277
0.123824909684501	0.00412365362868747	0.0607614486518071	0.424226861434295	0.0603262637520029	0.0118398917124013	0.00956691777929887	0.00804496412168786	0.297285089235318
0.0990244710723887	0.00207259547063954	0.000518237607316539	0.443246492395989	0.108798288549104	0.0323540107723448	0.00484418878697051	0.00365639348261624	0.30548532186263
0.206616335395131	0.00292631437504278	0.123136110671724	0.239662661941574	0.0583444121477267	0.00280815831621578	0.0949952064788984	0.029735406174463	0.241775394499224
0.112242813912167	0.0185347458689509	0.00147449722518591	0.426355116471937	0.0840836597749787	0.0287213558015551	0.000528017012790085	0.000931571506870247	0.327128222425566
0.0736063654960376	0.00225445277477759	0.00457028948055435	0.491177872497156	0.0681674099244333	0.0301782948476659	0.000569003036689194	0.00150433868057762	0.327971973262109
0.0469584711419253	0.0030641296591517	0.00292404601693537	0.479538408594656	0.0291018979390877	0.0413020727620091	0.000229450777384452	0.00317586701171742	0.393705656097133
0.127176559389956	0.003782687635729	0.00848496227726282	0.464395622853749	0.0630212817657879	0.00493233608682873	0.00269979947915641	0.0100719252495682	0.315434825261963
0.0925089823573781	0.0200303368844248	0.000616929071609424	0.439632836997114	0.0689994190759698	0.00376000491296627	0.00280927483861364	0.00356264279404023	0.368079573067883
0.141879588710072	0.0201453989103261	0.175709687367792	0.285456866693644	0.0749021802494937	0.0038688962158183	0.0299025484655168	0.0897135670382427	0.178421266349094
0.188809899932877	0.0253604395137131	0.00193330387231892	0.324512046831745	0.106222639752267	0.0279351494479587	0.0061390152281294	0.00106885277049337	0.318018652650498
0.0909441786416031	0.00102465881844996	0.0158292658302011	0.433971242506113	0.081923030920465	0.0171623964348421	0.000985115622258215	0.00614415522875077	0.352015955997317
0.0872867756307018	0.0178234610945041	0.00183807520773559	0.462504993124073	0.0421615178629975	0.00932708173906432	0.00491994984678808	0.00115561134815457	0.372982534145981
0.146604617241043	0.00173723620309431	0.0912051900548482	0.369419803929204	0.023216302641049	0.0232307870040375	0.0431185752286556	0.0432934118602589	0.258174075837809
0.164886549692436	0.00522270724836095	0.0017498318561482	0.407420612290421	0.0839139922884736	0.0173771659574431	0.00036948821307604	0.0017139662271303	0.317345686226511
0.0937352203457434	0.000771452580531381	0.000546862549033379	0.468471405296321	0.0687492401445312	0.0646038304996038	0.00117345106858993	0.00872326100072198	0.293225276514924
0.142336480741976	0.014821021178291	0.000929828622829609	0.404357754289998	0.0480264673451297	0.0222484604815752	0.00124747691488544	0.00179812759563381	0.364234382829681
0.0865341739233623	0.0062184265234951	0.00103817762675825	0.432982456763526	0.0492042065525143	0.0171549596045065	0.00170529880085399	0.00076216912685991	0.404400131078124
0.191050328711565	0.0232061446129376	0.135398941656066	0.229757591937817	0.0498438898826253	0.00642219317434753	0.0851335913780779	0.0995719074750845	0.179615411171479
0.106718063364222	0.00162710153951451	0.0857417902656796	0.389199872795078	0.079285673999609	0.0125725438652577	0.0072659868693979	0.00714509953113707	0.310443867770103
0.0870328548168197	0.00216145953797346	0.000723077548148887	0.392754189327532	0.123922105684108	0.0213656765235995	0.000745086224257407	0.00418376133181271	0.367111789005749
0.0767551178512552	0.000842789692951851	0.0020370388614952	0.398701384337967	0.100625767397212	0.0653765138272936	0.000682392829827482	0.00199798945471656	0.352981005747281
0.112777518794992	0.00149802779327731	0.00789085684719951	0.417638813392862	0.102694212256969	0.0240058485939854	0.00740287961046248	0.00526907981595212	0.3208227628943
0.137214641149881	0.0117422820051567	0.00084784401185718	0.375505610269116	0.0725769378297863	0.0818997207151007	0.000572779993230768	0.00158167994658376	0.318058504079288
0.113672730356004	0.00704912502984595	0.0407506277968153	0.38957565111466	0.11210897056139	0.0271011061222412	0.000329354210140364	0.0023953362399634	0.30701709856894
0.112818699582169	0.000514616441696455	0.0120063105003544	0.427878711531355	0.122011911554095	0.0124479522429147	0.000492152328026442	0.000848217442503419	0.310981428376885
0.0284937141573027	0.000659132439685009	0.0298633087923384	0.467700962761054	0.0611548778507938	0.00700878868634206	0.000499337021929019	0.0796726117369573	0.324947266553598
0.129422412067831	0.0722655683622393	0.0132422496803085	0.39331143638607	0.0248157129996914	0.0301681436398827	0.00312325521865029	0.00698119865242993	0.326670022992896
0.109667650184882	0.0160895006852248	0.00395797249768392	0.368880168942884	0.0913968902228649	0.0120688854485885	0.00243983766414924	0.00771034602194301	0.38778874833178
0.120507358617442	0.00552455038156042	0.00166117746742484	0.404735733413131	0.0364348591089506	0.0351675688953865	0.000744026977643237	0.00375630952636865	0.391468415612093
0.15207183650673	0.0181806630379123	0.00135391479708244	0.4030489416486	0.0509548232475885	0.0321501758875481	0.0001717658341604	0.000892772888078266	0.3411751061523
0.0853004357284832	0.0040727630072733	0.00301032611132476	0.476938987227255	0.0721742467360292	0.0309797622618722	0.00740106518618402	0.00131610797349356	0.318806305768085
0.0885132099066085	0.00284706856059624	0.0172148346751699	0.372267812881349	0.122544395678764	0.0262265157828707	0.0102431559793862	0.00313190671565597	0.3570110998196
0.110526346330252	0.00194984906400877	0.00101424910980011	0.410061667140542	0.0769675701104273	0.022314091294736	0.00169995398516309	0.00167642438535284	0.373789848579718
0.134105015217453	0.0316762584816129	0.0011257678473148	0.383637246059949	0.0501141779904673	0.061307820149494	0.00468247408253335	0.000541888118426858	0.332809352052748
0.0671767627058744	0.00146958670042408	0.000679287025951376	0.433109818477585	0.0696616808746331	0.0233547781567263	0.00242822334045425	0.00189477270206822	0.400225090016283
0.0815784986344794	0.000618686720187316	0.00175867678387257	0.367120504285941	0.170736518949686	0.0217869030730121	0.00706218641119076	0.000892627602499696	0.348445397539132
0.163111203338585	0.00195673206299025	0.00157127255416062	0.37608490775415	0.105480313577226	0.00330675035495983	0.00245031587048413	0.00720245708850934	0.338836047398934
0.142009704582374	0.00241964170606761	0.0110710811380261	0.368266946064276	0.166370439140101	0.0169174277169239	0.000471155971903731	0.0076015336797908	0.284872070000537
0.137699389490707	0.00539807972559038	0.000942184717002403	0.401216896699255	0.0811655443867977	0.0194878603274534	0.000292744106527794	0.00362504388909696	0.35017225665757
0.130704639047516	0.000832599983767098	0.00164702936621829	0.375470984132091	0.134561630960625	0.0172705199167955	0.0102435916276438	0.0072704400612628	0.32199856490408
0.156339387032839	0.000550434855105307	0.00143738263818986	0.429390434685968	0.116291463986611	0.0223738851847832	0.00261139827432733	0.000586968227412966	0.270418645114764
0.137132930672418	0.0043636096439263	0.00650708971877309	0.437255762156468	0.105144055159999	0.025553688183506	0.000239941165355017	0.00118375159994841	0.282619171699606
0.125181231160749	0.0130097230336391	0.00156627400476042	0.379959808358598	0.0883445570743495	0.0251728290157343	0.000977243509249208	0.00550673448275474	0.360281599360166
0.129571894687466	0.0258834281629661	0.000564472226665258	0.413631670113454	0.0753110705969849	0.0254086690489033	0.000287623941542885	0.00299776018105629	0.326343411040961
0.128374304038352	0.00196219769910937	0.0218739466067011	0.406052877863568	0.118364663543107	0.0477724960347715	0.00634614373609614	0.00424462695751106	0.265008743520783
0.0672789657740707	0.00313474025607008	0.013846123072583	0.489599631987417	0.0758470060159123	0.0431145370696655	0.000270991295339071	0.0022003744299786	0.304707630098964
0.112365877284881	0.000805191849206517	0.000903924172002678	0.448697406986774	0.0463930881341102	0.0120441984256395	0.00710438157977629	0.00901119429666138	0.362674737270949
0.189047460156898	0.0386950860450945	0.000923890885341684	0.356353892140658	0.046126778088705	0.0194744887091548	0.000568612874410273	0.00104812345131613	0.347761667648421
0.143631511741136	0.0102586827064183	0.0120894368236901	0.358759543865098	0.124363325710872	0.0123193360676855	0.000715724347270622	0.000820046107433114	0.337042392630396
0.127979376619558	0.000673651807764151	0.00308528226596681	0.337145954656603	0.159291021760445	0.0192038207016389	0.00129309964580624	0.00854006164037648	0.342787730901841
0.127026030597236	0.0169788691620737	0.046704884593959	0.364061491917492	0.0479900936851883	0.0185927962824656	0.0512030506647858	0.0448560043917662	0.282586778705033
0.160697915660521	0.0181793907455553	0.00339944992917734	0.367401317415882	0.066884325741676	0.0443051931185368	0.0020906485505664	0.00313787486445122	0.333903883973634
0.134799944522221	0.0121832755514574	0.00922413910634163	0.496405988551713	0.00899628956624391	0.0175552489839765	0.0021733245732224	0.000596213179287653	0.318065575965537
0.12717560005764	0.00206731180417697	0.0011654876722456	0.400113218528973	0.0379718378009845	0.0151558406098454	0.000262873730872402	0.0146733753844342	0.401414454410829
0.176032127605672	0.000705827446394215	0.00121303867288456	0.322887993711551	0.0813108905241781	0.0545743210576168	0.000165011159056407	0.00108396536686954	0.362026824455777
0.14270545422689	0.0017326987795914	0.00486744052999517	0.410521045996982	0.106776345396078	0.0118044623839717	0.000536488638170343	0.0214756345715237	0.299580429476798
0.0960291788261338	0.00538516805338826	0.000477053706488067	0.44320524146352	0.111139929466813	0.0180183089961317	0.000451516539291484	0.00100294622605529	0.324290656722178
0.0921773885201706	0.00627681098137287	0.0152248027151005	0.433446878201468	0.0624201354101478	0.0209064202880544	0.00194845932595605	0.0135570802334801	0.354042024324249
0.0755989468424748	0.0039635555578858	0.000523745220920863	0.414192607775082	0.111991092108485	0.0251706332959303	0.000374234567203457	0.00192671885542155	0.366258465776597
0.0870161138954745	0.000887858890406711	0.0115252237744032	0.443021514327898	0.0903758290017492	0.011094196037098	0.00030683276028419	0.00118354948487956	0.354588881827807
0.145738467081483	0.00173695911318607	0.00505041029001935	0.398861804255852	0.117196725188936	0.0218912516526047	0.00132841920463968	0.00678868931190922	0.301407273901369
0.108284817807821	0.0380028300177007	0.00291036696104104	0.419951196056244	0.0346884198901346	0.0147507414314142	0.00414655820244568	0.00973450400489062	0.367530565628309
0.190851492135011	0.0110720470048837	0.00173501438377636	0.351563274690854	0.0886007935618346	0.0515432542567452	0.000956430052720905	0.000579286720580259	0.303098407193594
0.0796538182217676	0.00112074229964477	0.0339733315236131	0.533508162442937	0.0711741590744513	0.0151746278392015	0.000371341120327685	0.0154906001709335	0.249533217307124
0.124965864518295	0.00166670328985607	0.00305864871334978	0.422815798299221	0.0534725674326533	0.0428503463606276	0.0142533681148533	0.000510588388721249	0.336406114882423
0.124990810310085	0.00298036871829847	0.0021848053788089	0.366155815764352	0.126733183040567	0.00887609141636028	0.00308608295581346	0.000888727503366256	0.364104114912348
0.12516763776207	0.00914670721080112	0.00431247941792021	0.391367961637083	0.0528492149424325	0.0792952708475449	0.00490795417483479	0.0068417671719918	0.326111006835322
0.0802107167769976	0.000859844639408131	0.00281013635676438	0.501906067467448	0.0522466820294163	0.0553510046872187	0.000127071240982178	0.000473374156004865	0.30601510264576
0.135546339061265	0.0380658224650622	0.00148049451857446	0.38937513280832	0.0391302529092729	0.0304178855040008	0.00189754289946815	0.00420278188206201	0.359883747951974
0.0687119859128933	0.00171445811964279	0.00308312225475374	0.460481586151416	0.112087714681261	0.00906143279386331	0.000554156652648629	0.00114303041090204	0.34316251302262
0.118431642838984	0.000655346220707761	0.00159912270239216	0.434236736262802	0.136395119633254	0.00803518409132618	0.00241897542396298	0.00224167924478635	0.295986193581785
0.118368193324832	0.01670150825137	0.000989064821111008	0.405263476373356	0.0791103648139513	0.0198171928083794	0.00278427569137428	0.00253085247103606	0.354435071444589
0.171914685428146	0.0183383788710567	0.00277527332182889	0.428413729848733	0.0389008776306555	0.0121735758168143	0.00045876790544862	0.00167169633202111	0.325353014845296
0.0729562207788579	0.00128072504092535	0.00771624579207671	0.431506010484442	0.170871560160329	0.00950681978220222	0.00571751650741829	0.00723706518952704	0.293207836264222
0.0766736034265046	0.00147971833355651	0.0056100011326213	0.444723941300378	0.150621131933217	0.0444256798474346	0.00194405967681505	0.00661876850684042	0.267903095842633
0.101374590439097	0.00101421582428873	0.000883756178558207	0.390671634813386	0.132109027667953	0.029240960758091	0.00378695500249178	0.0135293220553148	0.32738953726082
0.0578299322362843	0.00953478052127881	0.0012095938808406	0.421131140201247	0.0694160551027942	0.0738095051672868	0.00698588510498074	0.00898870969953987	0.351094398085747
0.142671564088685	0.00153304489185654	0.0495317406696569	0.39554015706343	0.14651534468954	0.0161795050057929	0.000322127189509657	0.0369660087894224	0.210740507612107
0.0918519766696794	0.0455708373935852	0.000918740814293626	0.398242916006475	0.110162604548792	0.00761413585473029	0.000349077629980665	0.00478116321099069	0.340508547871473
0.107071952820029	0.0596777289281788	0.0152920637561566	0.400884100092476	0.053366850446513	0.0285122367499154	0.0249277012891649	0.00141872531936851	0.308848640598198
0.13931873492566	0.020548251484858	0.0104371652814929	0.409693185141622	0.0451686871312953	0.0186104285810383	0.000876725831028805	0.00106735941694036	0.354279462206065
0.136614762842318	0.00380408934382652	0.00949629899244338	0.353911547121856	0.0951121991732982	0.0309500821358416	0.011343841923601	0.0157771782102007	0.342990000256615
0.173188513324585	0.0752563395126056	0.00334984373451464	0.380326538479865	0.054300150911937	0.00896138332365884	0.000972541101456729	0.00245025408164243	0.301194435529735
0.0881827978404256	0.000737435408380673	0.0582597990594171	0.421376624068551	0.0669952773492974	0.0379493885777811	0.00038145569126283	0.00139594135895955	0.324721280645924
0.127675517600976	0.00117995855217867	0.0108119204065602	0.418164613964889	0.102203870216337	0.0135507198118112	0.000329211157945557	0.00151941558510839	0.324564772704194
0.110382564571592	0.00423752200175207	0.00421367982910175	0.419106018530883	0.0886326851015338	0.0294629222334809	0.00652196995197744	0.0061903022911616	0.331252335488517
0.0649886593511081	0.00267918219688608	0.0052665599669993	0.430936379285477	0.067546848233021	0.0336096736178128	0.00013375261849574	0.00549069736689127	0.389348247363309
0.125698512250143	0.00104066664668818	0.0015202148030481	0.420872199064171	0.0541453823573187	0.0246246770239925	0.00174005338263824	0.00170727465742998	0.368651019814571
0.0872928578510486	0.00237187916440563	0.00126289596983943	0.448150800657487	0.0852629587959934	0.0145996684957505	0.00155612763405615	0.00614450537841699	0.353358306053002
0.101893386239239	0.0211272957818939	0.00128871252286062	0.43882603758381	0.105293845510372	0.00580870242409206	0.000151927186444671	0.00136971004148543	0.324240382709802
0.111473463564727	0.00256572543277622	0.00968317852703292	0.362118371257761	0.121139867813579	0.0421619807000094	0.000760061701035098	0.00353570036408251	0.346561650638997
0.130083654546981	0.00104859588164382	0.001128734079192	0.364848645665142	0.123203576643432	0.00311083171620802	0.00582047930803929	0.0140401117132161	0.356715370446146
0.100948545452023	0.00283145684823112	0.0147818116306488	0.393543439686325	0.169727599918279	0.0588481442032617	0.000315961544260522	0.00798987575848422	0.251013164958486
0.117063566526062	0.0208738247116741	0.00166085815201273	0.382070043996902	0.126124212618988	0.0315247138841848	0.000703418900218912	0.000914916713665898	0.319064444496292
0.094394588653126	0.00197584151469629	0.0316159268805274	0.362092526559665	0.115203346037241	0.0192379644918638	0.000187527278848921	0.000730636450769165	0.374561642133262
0.084071227171574	0.00251124778768352	0.0145038833572437	0.421331772548165	0.0943847895179221	0.00649053731872143	0.000131896095715137	0.0109630037032239	0.365611642499751
0.0706552498804503	0.00576273710263702	0.0234107324176524	0.400800803952726	0.0866026608860765	0.00572681364296873	0.000679584928924959	0.0561255399343373	0.350235877254227
0.169486801457381	0.00222439163597154	0.000615267534065869	0.414109234568297	0.0590117671135342	0.0203891065206069	0.000256863050591002	0.00442292858073524	0.329483639538818
0.143418681463098	0.00180775514475117	0.00105495029116835	0.365742218283051	0.17429673254302	0.0312401845259886	0.000172814290123731	0.00132906209724284	0.280937601361556
0.102030687891174	0.0386558294402257	0.009035954937024	0.456707499826859	0.0258901287496521	0.0360385467519863	0.000219027509655036	0.000632512142845936	0.330789812750577
0.155658683536698	0.022121730767305	0.00157976345404478	0.382702913294035	0.0701478642244021	0.0131125218808911	0.0173478884841067	0.0143110156577543	0.323017618700763
0.132088841804351	0.00957374080424733	0.037644670382628	0.37591307066423	0.0852218188167814	0.028452962876941	0.00349362539823738	0.00426523210447393	0.32334603714811
0.143161930686557	0.00144193758615074	0.0044418911033717	0.400357295700565	0.0635652182790881	0.0646737943408835	0.000609066842246667	0.00185979478631737	0.319889070674819
0.0799142693542665	0.000537422985055332	0.00108890369203448	0.476713896038904	0.0460119557517558	0.0251057695336275	0.000223667415825421	0.0108587870138899	0.359545328214641
0.142885848994357	0.00316049592306576	0.00614840044606718	0.392787126891504	0.0622459339905	0.0314851716933712	0.00499768975711731	0.00375697466615177	0.352532357637865
0.0889131187668345	0.00262933463062551	0.0115303135172026	0.422168071829794	0.116990519114733	0.021117103717989	0.000992575833150828	0.0095105611156103	0.32614840147406
0.12718386455658	0.00139044752930263	0.00408299969209482	0.37015332734198	0.141925700400204	0.00931297299555376	0.000330261781291736	0.00221678982743223	0.343403635875561
0.102557277744504	0.0214899034681032	0.00174846968172631	0.390887136495515	0.11582164680402	0.0165999328348561	0.0020557792084389	0.000820892240254076	0.348018961522583
0.160292981196318	0.109318755556991	0.00342711432613211	0.303377206009521	0.0524429786833335	0.015596762232563	0.112821072433376	0.0260306199098966	0.216692509651869
0.11049997885368	0.0125211329082161	0.00220544882371702	0.41133943707299	0.151576872629731	0.0129179866211055	0.00345598600056143	0.0142665885643634	0.281216568525636
0.0941602739204045	0.000609616989733886	0.00411819665707924	0.44489707271711	0.0874137468244646	0.0211959902208919	0.00036616009192164	0.00327822689703975	0.343960715681355
0.0942386472213948	0.00129260867173832	0.00541720860424211	0.416383385179765	0.168202435183733	0.0148677539725712	0.000342112960826356	0.0153123783459787	0.283943469859751
0.0875439902438507	0.00361697881257409	0.00218651395829479	0.421588619700839	0.0389234499938338	0.0487423860282174	0.00288237306118885	0.0187994799330899	0.375716208268112
0.136443510760698	0.00150099394414014	0.000663925878481381	0.417762756668388	0.0746312246270035	0.058059697598528	0.000378016905920522	0.000677830594130447	0.30988204302271
0.0841340694278181	0.00233961207792343	0.00141463742363987	0.405537813935001	0.0975260856983934	0.0170517515205427	0.000196699440436594	0.00136189140279431	0.39043743907345
0.139392378904071	0.00181515944597975	0.000585847080056462	0.444858957073658	0.0557408120690419	0.0284723601892138	0.00154910075036937	0.000716568159863594	0.326868816327746
0.157076467809521	0.00201685497298073	0.00066649191552254	0.380839346490343	0.0917288530113908	0.060198467333096	0.000116380023428739	0.000675633414339607	0.306681505029378
0.0818500408094426	0.000564111095972045	0.000953531954805739	0.45585190079567	0.134861596719518	0.0206138500610901	0.000106105717744874	0.000610881890247302	0.304587980955509
0.112993977336074	0.00141830889840553	0.000541457415250216	0.415764097009092	0.121899761266209	0.0414967036625124	0.000543581332920155	0.00105846094932726	0.304283652130209
0.0792853249333707	0.000860719110156692	0.00066106841317348	0.482618520611542	0.111686934063755	0.0180952064033685	0.00239701461680318	0.00213241280125448	0.302262799046576
0.0719381139067008	0.00805569243382764	0.000678990593480884	0.474731662695386	0.0912965216692963	0.0415251256045112	0.000875985400263546	0.00126919856854579	0.309628709127988
0.165821713785014	0.089024142718364	0.00283773055372057	0.322391626557348	0.0516099860117317	0.0446908893256694	0.041191193596208	0.00135218857444488	0.2810805288775
0.114231577236064	0.0124291993140925	0.000753682628935568	0.417653819974172	0.0590354829282343	0.0284284225297154	0.000880052311116641	0.00139114277482305	0.365196620302846
0.084672721601128	0.0023395316528347	0.00131916939345396	0.39312999539333	0.081870547619672	0.0354696648289261	0.000684464131892214	0.00484509108113481	0.395668814297628
0.0750907660059433	0.00114731190432822	0.0203548630129875	0.359848380649951	0.2039921719447	0.0106421427621105	0.000668022343333027	0.0253545959540012	0.302901745422645
0.121602060731111	0.000749637854128483	0.00114208729726188	0.445545265185654	0.107241044883519	0.0471689278068298	0.000430386194698543	0.000499483741942788	0.275621106304855
0.154937462497581	0.0565813092424409	0.00280332396861391	0.337244841810404	0.0935887883899858	0.00667243948235083	0.0471500541311668	0.00831123170803753	0.292710548769419
0.0663156161909379	0.00306482571240306	0.00231247174018312	0.45255298698851	0.0621372206960622	0.0111826577323727	0.00300797365890494	0.00247782192127114	0.396948425359355
0.137995618583313	0.00922896419938459	0.00124374460459644	0.418419271189593	0.0508922370083195	0.0202988001029891	0.0177148278458151	0.0100550103310453	0.334151526134943
0.120062615457377	0.00455150175819859	0.00248911577184422	0.458399168388114	0.107696090899815	0.0234245410350084	0.000440820818023763	0.00258937249293551	0.280346773378684
0.155064336274495	0.00208773958284147	0.0177665429151877	0.411312639287887	0.0920355028345988	0.00414909224550722	0.000549656283116743	0.0203243302065003	0.296710160369866
0.0991124966572733	0.00459309726978899	0.015199711578025	0.418960723507392	0.112096368436562	0.00677749992565666	0.00216816797718717	0.00239149261545705	0.338700442032658
0.0492992447265469	0.0128458214674788	0.00429120515999153	0.468196110437696	0.0872837049554818	0.0591938215158734	0.00026937195529207	0.000861129599114554	0.317759590182525
0.143660344584707	0.00578384936122293	0.00148452257212112	0.402158697228782	0.0540697395004675	0.0094359173150199	0.00115253840436858	0.00973675891465018	0.372517632118662
0.0794289825825833	0.000845537823372816	0.00177285542593589	0.350217478432873	0.226796767065904	0.0191847151220766	0.000239490866375776	0.000854599999381515	0.320659572681497
0.123670250453944	0.00224249348747029	0.00123097605652354	0.370059225445237	0.114953864913389	0.0206267154289496	0.00665892016589228	0.00130435825817765	0.359253195790416
0.120349525118514	0.000409417995227758	0.0009553519541872	0.409955504604244	0.0558933980837744	0.0090533999452646	0.000119221680030301	0.00108115577352536	0.402183024845232
0.0988818955583652	0.00156824044230847	0.0120944688022199	0.435141297491868	0.0871327634487033	0.00812066516919869	0.00199981645020799	0.0111750615529976	0.343885791084131
0.089854687618318	0.0026710725732543	0.0278807258491445	0.421177753066784	0.157629387508088	0.0146012346441228	0.00312527236506647	0.0228274038169664	0.260232462558255
0.0534623303621472	0.00194337232713232	0.0251374539043501	0.490227965502193	0.0974040236247422	0.0171852587283085	0.00057590320784182	0.00196061441133438	0.31210307793195
0.111044278506159	0.000403068179738619	0.00099681386065424	0.438774937963173	0.106338469405071	0.00740471072198709	0.000298185734677753	0.000787758961904575	0.333951776666635
0.153874905694878	0.00118287423460515	0.00628851774090253	0.416837777853355	0.0771186187571166	0.0231923688852635	0.000168875597521343	0.00293515422069779	0.31840090701566
0.110485868225725	0.0141882919475132	0.000780950503122225	0.385891604152359	0.101683477584814	0.0108895358104736	0.00407514097911554	0.0012622156598668	0.370742915137011
0.078292411185738	0.00211127721743651	0.0118556754449524	0.468071758117626	0.145919017805321	0.0231903995508358	0.00788652261793493	0.00418243958464799	0.258490498475508
0.161231251548664	0.00284154806126734	0.0013252010289047	0.411606826481488	0.0933670690341008	0.0514383207018939	0.00611532279277032	0.00227544139019653	0.269799018960715
0.158691864895062	0.000785262020334988	0.00978168447931266	0.378273105164628	0.0851137365278459	0.0148284097564244	0.0110494859329448	0.000820304546586533	0.340656146676861
0.0767943848281717	0.000560049120943513	0.00250043080430318	0.428932539737238	0.1248777179538	0.0119426007767628	0.00076710920304021	0.000529156433108722	0.353096011142631
0.106451271161882	0.000937982090402748	0.004570341479652	0.383255810367702	0.175324200869988	0.0190605818329172	0.00098415132476377	0.00356522918637918	0.305850431686313
0.0962527884008626	0.0235097532529151	0.001538657231203	0.43091651904348	0.0799321633883214	0.0105660938251154	0.00278643480302696	0.0051287105037752	0.3493688795513
0.141269059141249	0.00110113040755983	0.00468222516064083	0.384677544402149	0.102260519899421	0.0430779288249288	0.000939125329878306	0.00448747848472255	0.31750498834945
0.111238998100576	0.00513546747329954	0.000645703690874397	0.447668763120703	0.0407326563176124	0.0269015262797184	0.0019742390117956	0.00628467288200132	0.359417973123419
0.186429740446159	0.00255687707463628	0.00441922015651263	0.342779125425587	0.113246690037975	0.0399520445288743	0.00702959850901371	0.00383866059045751	0.299748043230785
0.147484377912471	0.00113763851567155	0.0790904064785625	0.358319869794826	0.0420625154090454	0.00915990459982383	0.00930822228521185	0.0419894089589217	0.311447656045466
0.102348131274299	0.0039595016397986	0.00139583697465017	0.385941155631195	0.143801008703989	0.00698038718944405	0.0185803783660899	0.00154038589988277	0.335453214320652
0.117413745834464	0.0104170631086177	0.000730831274100279	0.402215248843119	0.114228552029425	0.0342368007118862	0.00626753720362658	0.000891914435377828	0.313598306559384
0.0714726613790934	0.123269331432691	0.00338849499038085	0.399026372961966	0.018143156071304	0.00271968826493531	0.0442927134969692	0.00334388940116996	0.33434369200149
0.0955964705684721	0.00143570469843319	0.00407363073903796	0.434923073025721	0.0611532883212206	0.016001737359291	0.000456813457964263	0.0123968035481763	0.373962478281683
0.144881872224449	0.0217625246007588	0.00229697628324575	0.384927393077982	0.064978857409138	0.0125678871421506	0.0292746716536832	0.00272949296108655	0.336580324647505
0.0402436879196833	0.00432605910744482	0.00921786622420499	0.46229762001682	0.104868386457748	0.0327090725206328	0.000876572967548799	0.000913085348248274	0.34454764943767
0.132192846503036	0.004075189470361	0.000739733258011931	0.411586983949005	0.158405196210194	0.0442475194912345	0.000436556847304823	0.00108564944487658	0.247230324825977
0.140275597098654	0.000641211357999292	0.0228853006523583	0.385250926630716	0.0736970218351242	0.0171203288820706	0.0021914894788728	0.0014633415231173	0.356474782541087
0.128833297861744	0.00725592027730125	0.000566597777639229	0.398740104944489	0.0900609301628404	0.0396557587705287	0.00019331190899477	0.000942698454849306	0.333751379841614
0.0976215931217679	0.00180274406695063	0.00207834710318013	0.444748889492658	0.0525767836657368	0.0340496022396921	0.00474414829990378	0.000911485716507806	0.361466406293603
0.111914364350488	0.00777766589001253	0.000556057387687202	0.46735082497919	0.0833217400595137	0.00688405299775395	0.000118327468005079	0.0064000391813301	0.315676927686019
0.103291670850033	0.0216774101939286	0.00288298458480524	0.371119456894504	0.099555048010932	0.0170881650260335	0.00265873900567084	0.00821042753500558	0.373516097899088
0.0756410924467861	0.0330330058341076	0.0143567636643956	0.436300015690937	0.143128217481721	0.00646664796572228	0.000208220646683597	0.0200665389234937	0.270799497346153
0.155530796323377	0.00400071255083811	0.0455002797709947	0.365218910125409	0.0371062573635708	0.0101602655960648	0.0764484187134638	0.00907768057625949	0.296956678980022
0.0793125554122506	0.0209228461042039	0.0015553535563876	0.428482018361177	0.0933887263116878	0.0425693397575496	0.0115767618292387	0.00987039631173569	0.312322002355768
0.107511506559174	0.0167302449040124	0.0059112758353724	0.403000959079957	0.0628981954682656	0.0584165277974495	0.0142711643789658	0.00704997549811337	0.324210150478691
0.0952293865091539	0.0081183331960736	0.0112490488622252	0.36746104052557	0.160084662415415	0.0251960771966749	0.000822754405107552	0.0013085707467502	0.33053012614303
0.136641083305072	0.00171543442828333	0.0049362730228572	0.383785295074993	0.0478534795047129	0.0435105752339323	0.000436388972657907	0.0030348637475515	0.378086606709939
0.118981285280633	0.00210258497070194	0.00117423753840695	0.332979025048501	0.170732841937829	0.0109506654758777	0.00588895317643666	0.00725191362711888	0.349938492944496
0.153845464876686	0.000662865139744376	0.000489443995265348	0.403148498123529	0.0841845668537372	0.0523084258599496	0.000183710589904307	0.00100253441533009	0.304174490145854
0.116724111553423	0.0226546947062705	0.00133158002074868	0.375991232675489	0.0851267614349271	0.0316884952130809	0.0221574711367063	0.00893191754997779	0.335393735709377
0.131513772187543	0.0187664401726977	0.00219208641083264	0.380160152627865	0.135278796844743	0.0208673295002784	0.00271150714131168	0.00961050773029161	0.298899407384437
0.0916862762789356	0.00120325766393451	0.014823071526265	0.4636569793249	0.0954169498803589	0.0208428557127968	0.00137405405810845	0.00837541035885028	0.30262114519585
0.07769772107344	0.0012237682669519	0.00485728616853472	0.531086693325668	0.0863440489016273	0.0232761013913402	0.0123048960255828	0.0018816405098641	0.261327844336991
0.0689028934509642	0.0103607082993866	0.00128908272502167	0.427767147979398	0.131639838551743	0.0275851254010607	0.000472797428329259	0.00155924791390531	0.330423158250192
0.14394921530941	0.00373174619594019	0.00418512772897011	0.34397889836115	0.114098503908221	0.0141483818181286	0.00526574868596242	0.00611697639169454	0.364525401600523
0.138853945570024	0.00103009810918994	0.0138165746373436	0.363436431564377	0.118980647285159	0.00867279704890704	0.000940479252831319	0.0104836336344825	0.343785392897685
0.130864944289633	0.00190542716584532	0.00887887035929751	0.374209092730027	0.126902766747602	0.0316609022653385	0.00182878049211733	0.00479256909648403	0.318956646853656
0.0643134513363681	0.000848938012018242	0.000585859603174441	0.430051907618644	0.0592938320275112	0.0319905877239489	0.000769972847360079	0.00208573993393022	0.410059710897045
0.0775390790993874	0.0045731842853723	0.000945377485777122	0.418614822126728	0.14865223818782	0.018330048549261	0.000843697476190295	0.000879639418276881	0.329621913371187
0.119538875663364	0.00450030491341859	0.000938503928431422	0.339039788857338	0.188361573774728	0.0345582952954631	0.000613753199972032	0.00302272845454276	0.309426175912742
0.0782185849895377	0.00209913593332338	0.0138280055686997	0.375675555370034	0.183065030383688	0.0118418718268728	0.00456245960944229	0.00375760637774839	0.326951749940654
0.130954957605674	0.00166474422715991	0.00241925115314797	0.41127851527743	0.150762536660965	0.0174162997976603	0.00370312288111713	0.00107616017606058	0.280724412220785
0.140711624066629	0.0460071291582362	0.00674505211267175	0.421532523548843	0.0367666271562236	0.00660395279152526	0.0025811087730066	0.00133163615499225	0.337720346237872
0.10537977192559	0.00757051059328982	0.00106634237046895	0.364857264946705	0.141206518742871	0.0325831742860655	0.00248408468569011	0.00232178373263755	0.342530548716681
0.0904579011814684	0.00283031015736475	0.00113262062246034	0.432520410250316	0.109953508248651	0.0151551384659927	0.000151099891177193	0.00219566960666696	0.345603341575902
0.171549508146155	0.0018364073733966	0.00051908308363558	0.408567236048071	0.0678062135482132	0.0104170072090963	0.00104766827711338	0.0100248433753177	0.328232032939002
0.0897059472042961	0.000261326440642539	0.00891767773680282	0.467933117147501	0.0692903872082751	0.00101540143596015	0.000156004799741312	0.000280087859175837	0.362440050167606
0.119043925542022	0.0216564666728178	0.00378333380952715	0.359864051698611	0.0828064931891902	0.0230311646675677	0.0199901810436884	0.00232279251958569	0.36750159085699
0.130490115243883	0.00144278388966642	0.02346203915605	0.376340337689236	0.172176763855122	0.0203429521573741	0.000862119097373329	0.0103614124738065	0.264521476437488
0.0908159702006125	0.000927843679150513	0.0310161924369959	0.428558033301775	0.0697831332025771	0.0166385291861929	0.000142839263601268	0.0387476523225339	0.323369806406561
0.121419612826454	0.00661114566865507	0.000909972914527906	0.365362451773382	0.0822508324829468	0.0824846439866511	8.19082612630029e-05	0.000719241417940841	0.340160190668179
