Bcells	CentralVeinEndothelialcells	Cholangiocytes	Hepatocytes	Kupffercells	LSECs	Mesothelialcells	PortalVeinEndothelialcells	Tcells
0.000134315438660443	0.000636871605101877	0.000134315438620446	0.966634702491744	0.0196078818540421	0.00815616943308664	0.00102771063874065	0.00267175241317814	0.000996280686825826
0.00362827395753876	0.00223472987301415	8.81599437862996e-05	0.985327324645787	0.00660791981495871	8.81599437019648e-05	0.00184911193345936	8.81599437929863e-05	8.81599439606476e-05
0.000132783096741358	0.000132783096903103	0.00399304031497119	0.957522526155459	0.0308563134574775	0.00342447885652669	0.00179686694697943	0.00157186262783569	0.0005693454471062
0.000450701853248695	0.00291684366035849	9.01924357533614e-05	0.977977428999441	0.0121838194910218	0.00473526126219106	0.000927798709489232	0.000600131457758568	0.000117822130738138
9.34999043949243e-05	0.000373314201244771	0.00219297977944913	0.970880818033666	0.0149114555363104	0.00149055823097419	0.0026108111097007	0.00735306300605779	9.35001982019919e-05
0.000647050479135356	0.00384533968859107	0.000445874980110222	0.971116186424495	0.0155980592207096	0.000127063411261483	0.0027109653222911	0.00178063952075165	0.00372882095265471
0.00713643067471504	0.0038207741456353	0.0214919622482353	0.932719822671463	0.0158514561721823	0.000134162118372283	0.00882797028320239	0.00675942647612756	0.00325799521006676
0.00472686915259618	0.00394998046762561	0.00155194005449197	0.965662068141292	0.0146424793109552	0.00475432947579172	0.00155738612096375	0.000379325177212502	0.002775622099071
0.0063685699107595	0.00377087503317269	0.00588634253618311	0.95145759706531	0.0130868060610716	0.0147101682528432	0.00229164394679428	0.000242261878179674	0.0021857353156856
0.00142251103407628	0.00891605871785418	9.07977750155237e-05	0.961308818721979	0.019298999001584	0.00522805120955381	0.00307418137397421	0.000569784390907587	9.07977750559703e-05
0.00212113354484013	0.000134856761261078	0.00205577972768918	0.965620585023391	0.015945635304093	0.0065788134366935	0.000600879649422182	0.00680746434199686	0.000134852210613228
9.02138867458748e-05	0.01150758084719	9.02076135567515e-05	0.969856983297276	0.00864872313257505	0.0055560050398274	0.00154318054879881	9.02076132586912e-05	0.00261689802077135
0.000661179653845612	0.00183148756554536	9.03209893645025e-05	0.989593664556127	0.0057017675199597	0.00165291645505878	9.03209891796931e-05	9.03209895845061e-05	0.000288021281334945
0.000766513996651502	0.0065455708472403	0.0487430130413923	0.91546306570402	0.00805726234325041	0.000132297515448268	0.0104499264417134	0.0078285384706769	0.00201381163960717
0.000535622091784154	0.00912139923098308	8.68325612289043e-05	0.973881932005404	0.00508923707828849	0.00140417847473109	0.00464994724013879	0.00514401875610893	8.68325613326643e-05
0.00134313064144092	0.0106462276690634	8.93653000169413e-05	0.977221250329419	0.0063564825085011	8.93652996874933e-05	0.00259941949953923	0.00156539345237589	8.93652999555242e-05
8.86800147504697e-05	0.00308392102703445	8.86829159492414e-05	0.977994630353047	0.0101349456977997	0.00247039904814481	0.00191754640721442	8.86829157717671e-05	0.0041325116202881
0.000905626205805785	0.000656206699510766	0.000499094156929218	0.983829438954183	0.0107991841700399	0.00288031966460216	0.00024407230397478	9.30289224111964e-05	9.30289225435273e-05
0.00110092638912316	0.000618258659669512	0.000126841993462571	0.966115259691592	0.0128001502228079	0.0072645899664917	0.00120025797443846	0.00333840846057759	0.00743530664183731
8.77049747977246e-05	0.00488460647432064	8.77072507062355e-05	0.985025406504027	0.00581165540736848	8.77072508861232e-05	0.0035558753057429	8.77072505770341e-05	0.000371629581573643
9.26743991603666e-05	0.000487391692507122	0.00076433474867041	0.976079371887585	0.0165081450406187	9.26743993507665e-05	0.00188549195792719	0.00069713984434653	0.00339277602983437
0.000763249251860557	9.30456791881177e-05	0.0309557557174072	0.950240456863559	0.0101413070392184	0.00512666918654529	0.00249336093937803	9.30776614241149e-05	9.30776614197239e-05
0.000312632429786395	0.0016732490446174	0.00052978153698282	0.978501738050982	0.0159677977844125	9.55167114486949e-05	0.00066237525103957	9.55167116613845e-05	0.00216139247906933
9.07859689270459e-05	0.00600609036333141	0.000582799796857455	0.969495782591581	0.0135873665264687	0.00793724038188315	0.00211836243297306	9.07859689233982e-05	9.0785969054919e-05
9.36465721611575e-05	9.37507245127198e-05	0.000408629378525646	0.97160743585088	0.0122557308083515	9.36465720191288e-05	0.00544276751168724	0.00709219139726536	0.00291220118459743
8.91836289274694e-05	8.91836288125318e-05	0.000843498719278743	0.963441010904933	0.0117276632761239	0.0180086046081411	0.00144345229682348	0.000740164043113794	0.00361723889384615
0.000131192822117765	0.00242881096508655	0.00146545382929541	0.969406893546916	0.017884705218324	0.00292651818024437	0.00286243720196968	0.000131192822327073	0.00276279541371954
9.03488594027649e-05	0.00142498969125162	9.03488593946328e-05	0.959223850200406	0.0301439162533509	0.00297503786394427	0.00326505053096479	9.03488594846419e-05	0.00269610888179983
0.00142988228545136	0.000132164617995007	0.00574798738035441	0.957471990434272	0.0262349120451764	0.000132167913210402	0.0029898054368846	0.00492793763588378	0.000933152250771884
9.53845169788486e-05	9.53860966851288e-05	0.00168987297250687	0.973238963608122	0.0162165526717411	0.00689468160747151	0.00157838949248925	9.53845170021158e-05	9.53845170030914e-05
0.000617592898857275	0.00507468928869399	9.05658762232544e-05	0.976596095087298	0.0075080957046582	0.00515021869773926	0.00478161069384292	9.05658763820761e-05	9.05658763049341e-05
0.000261599866273944	9.60088341728467e-05	9.59942484402644e-05	0.980953403410382	0.0125912025469774	0.00341508671236943	0.00143362624624493	0.00105708388742108	9.59942477184885e-05
9.48842319633032e-05	9.48878745058139e-05	0.00103935895305032	0.97258657330766	0.0164361341417197	0.00514910270441803	0.00238247699706262	0.000872103134012485	0.00134447865560813
0.00425841874338382	0.00953440546796808	0.000129371203828365	0.925454660940867	0.0276960218141574	0.00608208006362491	0.00459026646566224	0.000840613670435419	0.0214141616300729
0.00207253777836191	0.0009161845473495	0.000278078857218063	0.982367791604464	0.0107026653430698	0.00338954414105503	9.10659094308192e-05	9.10659096967262e-05	9.10659093537874e-05
0.000617867949651926	9.0218257385317e-05	9.02287861660778e-05	0.971716760163536	0.0171786190339181	0.00885007965338661	0.000510269147799191	0.000855728222034527	9.02287861223552e-05
0.00163289103826333	0.00278129677648763	0.00468906119634447	0.973873036055148	0.0154738593734684	9.34390942315408e-05	0.000710513624605814	0.000595232872996709	0.000150669968454186
9.03023820535566e-05	0.00482265085252173	0.00156674944492732	0.980502427104821	0.0063134536245236	0.00441004734348522	0.000858467514692618	0.000798103249608588	0.000637798483366585
9.1609201327744e-05	0.00134603811799571	0.000456755203326922	0.97460564007067	0.00678679803276136	0.0104809314258182	0.00428312285728442	0.00185749847656512	9.16066142508118e-05
8.91269016273215e-05	0.00150001520676739	8.91269016306796e-05	0.976273306601955	0.0106057679440108	0.00758209674110257	0.00368230589934863	8.91269017791681e-05	8.91269017786549e-05
0.000285888789107536	0.000400632096090108	0.0247633114844165	0.942898359899325	0.0124334109014968	0.000131281430949137	0.00530957104461389	0.0132016741631653	0.000575870190835781
9.04110960970891e-05	0.00581493190956002	9.04110961372897e-05	0.975553595354266	0.0109248424882981	0.00518836194537327	0.00170540526442306	0.000541629749719925	9.04110961257713e-05
8.87530293018007e-05	0.00494830229972012	0.00117752708859554	0.983784145885977	0.00664853503256762	8.87588975077802e-05	0.001575702442305	8.87530295506563e-05	0.0015995222944746
0.00137188536418576	0.00256857394290898	0.000841784175157458	0.962298154198933	0.0243279235793436	0.00188015659696627	0.00645068014586472	0.000130420998280721	0.000130420998359041
0.00729750280118692	0.00037912364794289	9.1082947643454e-05	0.980888959448532	0.00839221403626057	9.10829476546147e-05	0.00267786827548048	9.1082947653986e-05	9.10829476452926e-05
0.00156265672580447	0.00525353458240005	0.000472014889414404	0.977188227974082	0.0109079928894177	0.00180528480825614	0.00216019922138593	0.000522751482671766	0.000127337426567639
0.0042996032962377	9.28988711669851e-05	0.00086095778266327	0.966661251756573	0.0135137558223583	0.00820713986212592	0.000547320016646607	9.28988711942596e-05	0.00572417372103426
0.00141974224660064	0.000132144656514764	0.00264910507937096	0.968830801615876	0.018755203490712	0.00374160410221611	0.0007623363129441	0.00149504474336139	0.00221401775240444
9.41040992640865e-05	0.0047741646612711	0.00286812852816567	0.966470205698384	0.0174758603997854	9.41040995247281e-05	9.41040991755662e-05	0.00649619436719175	0.0016331340472373
0.00121610689730266	0.00768081288443588	0.00162737975601355	0.969033016222107	0.0144556070694774	0.00266879591174021	0.00305962466994946	0.000129328294592067	0.000129328294381746
0.00141458985067065	0.00182371120810324	9.30645255499068e-05	0.972792739899952	0.0189713833376813	9.30645257294745e-05	0.000234810800227689	0.00274225362810574	0.00183438222397976
9.39544965245967e-05	9.39343246459423e-05	0.00270932604556604	0.979492271386077	0.0115472168898188	9.39364271589815e-05	9.39177760267683e-05	0.0049834555355793	0.00089198711860287
0.000772189801525876	9.36898931491012e-05	0.00455816473385762	0.971254205570908	0.0146694256209337	9.36898933169884e-05	0.00221115877008978	0.0057738593304507	0.000573616385768254
9.01857829533815e-05	0.00862820114745903	0.00184843354905359	0.971540067017004	0.0153244698162071	9.01857828897472e-05	0.000567986686433927	9.01857828727026e-05	0.00182028443512643
9.10692312607237e-05	0.00198152646636292	0.00117850905260592	0.980845783897139	0.0078490852794976	0.00345840560835678	0.00210990565656227	0.000708428806920565	0.00177728600129457
0.000543534913487392	0.00139534334453961	0.00254521854956047	0.980202644309551	0.0103967050145404	9.38178408657104e-05	0.00092421161146248	0.00380470657513528	9.38178408581089e-05
8.83590406791717e-05	0.0014938656072226	8.83590406432585e-05	0.981798764129252	0.0123034961232117	0.00288104933433254	0.000296613951078947	8.83590406870797e-05	0.000961133732892699
0.000231488950607515	9.58971662567561e-05	0.00411914375568934	0.980261851528524	0.0123473922384291	9.58204341183571e-05	0.00157110493979148	0.00118148055261597	9.58204339672431e-05
0.000962343180108044	9.05035027858588e-05	9.05032312601925e-05	0.980112677893672	0.0053379459986257	0.011447469352265	0.00177151033035655	9.65432796725289e-05	9.05032312540438e-05
0.00123261535756133	0.000873927831234285	0.00332472576277675	0.980213217615739	0.0109191594116356	0.00116025020754797	0.00105599608075998	9.13058900127836e-05	0.00112880184273256
0.00129401057109462	0.00299735805988203	8.84921481480356e-05	0.983022400241306	0.0111975926608108	8.84921481628076e-05	0.00113466987455695	8.84921478929335e-05	8.8492148146209e-05
0.00079846919045225	0.00319182458561255	0.000232688126093352	0.967759953672247	0.00787231761268645	0.0118324143388725	0.00347873074819675	0.00385157633081545	0.000982025395024111
0.00062855322636254	0.0148271676322848	9.00498362637102e-05	0.97102800423184	0.00673806818650087	9.00498362997489e-05	0.0040354792688476	9.0049836184876e-05	0.00247257794541628
0.000362380168122648	8.93383641068629e-05	8.93306616493059e-05	0.986117240964226	0.00877766832734097	0.00414661608201194	0.000238764108455205	8.93306622097627e-05	8.93306618772123e-05
0.000584939473797173	9.43396152327759e-05	0.00347626270184451	0.975554010464936	0.0136450298895604	0.00600949781231293	0.000447262680507555	9.43286808850739e-05	9.43286809236334e-05
8.71143822539511e-05	0.0111251123307075	8.71143823050475e-05	0.975040226773703	0.00847034745495218	8.71143822774534e-05	0.00443601790595576	8.71143825148757e-05	0.000579838005330947
9.10999115624738e-05	0.00205751226613576	9.1025911447887e-05	0.987706630378977	0.00709095382645539	0.00024190016730544	0.0020751224248098	9.10259117119557e-05	0.00055472920159422
0.000563069561618023	0.00159357731875744	0.000935080988122845	0.979705330369805	0.0113932971183373	9.28060071625615e-05	0.000590747466423257	0.00503328516274379	9.28060070292513e-05
0.00203030441388229	0.00553616323215619	0.0232351234389814	0.944027009217421	0.00947614522127483	0.00013260326291129	0.00916762898447377	0.00626241896606578	0.000132603262833448
0.00148243072757166	0.00329386913864208	8.8687924960112e-05	0.961723160937945	0.0180432837363238	0.0107413891977386	0.00444980248704738	8.86879247808896e-05	8.86879249912238e-05
8.82605884533503e-05	0.00559718945878766	0.000690187931764316	0.977829841369729	0.00767126621071261	8.82605886601228e-05	0.00573632636396363	0.00221040689942958	8.82605884995021e-05
0.000987510219521714	9.22788436389175e-05	9.22657308404131e-05	0.972202889368299	0.0194604935676455	0.00610476706201894	9.22657310329249e-05	0.000869699883107397	9.78295938950337e-05
0.00340544721192045	9.06408073722112e-05	9.06408074185466e-05	0.965031301897263	0.0214165092218359	0.00845735542651171	0.00132682301304206	9.0640807219635e-05	9.06408074166293e-05
8.82847986802884e-05	0.00394497500718291	8.82819999825703e-05	0.975228567896304	0.0122348452529554	0.00490571799918444	0.00314584210208895	8.8281999901449e-05	0.000275202943719713
0.000219844802963914	9.02774789264102e-05	9.0150804522535e-05	0.98027688614973	0.00924493495911428	0.00391978854835155	0.0017956455541762	0.00392319030817562	0.000439281394039389
0.00380417519691905	0.00612294774751817	9.09434151739554e-05	0.971287432980798	0.0154342572336745	9.0943415250937e-05	0.00176870111719957	0.000609762342414075	0.000790836551052221
0.000252455230371131	9.37687171540688e-05	0.000486359940521546	0.984952154117911	0.00919692645323258	0.00167477905215447	0.00204127831386857	0.00120850818830369	9.37699864829384e-05
0.000130772483908858	0.00317366752878702	0.00353569536292936	0.956204214732869	0.0167309493536966	0.0118820166657989	0.00229246803524335	0.00518675737794	0.000863458458826825
0.000627307051301511	0.00119225059298528	9.31039749887716e-05	0.975696463923611	0.0139565343368779	0.00205783251934153	0.0023968255880403	0.00388657803790649	9.31039749473715e-05
0.000542600648495199	0.0198598213581628	8.73225274985826e-05	0.963807669108993	0.00863479762017326	8.73225275279728e-05	0.0051214230789333	0.00110367880483961	0.000755364325376533
9.0581741705299e-05	0.00172251496806442	9.05817417357783e-05	0.970675311385876	0.014400963787826	0.00615719252501422	0.00219446227153454	9.05817416974827e-05	0.00457780983654654
0.000352910776503887	0.00742261026717594	8.96714321374734e-05	0.974382514761158	0.00944248161469755	0.00342673064784487	0.00131639051000575	0.00347701855827852	8.96714321978309e-05
0.00630154535702278	0.000606993714177414	0.0117572305516874	0.933262325519927	0.0113438245806312	0.000128458061899258	0.0129574910853549	0.0149961798973764	0.00864595123192329
0.00294309996032819	9.3995793642122e-05	9.39957936119133e-05	0.970844301986435	0.018117187832148	0.00381144309369135	0.00314144411238801	0.000860535634093485	9.39957936624006e-05
0.000856062532779321	9.43483694688091e-05	9.43489571430581e-05	0.958545955883829	0.0243260413969156	0.00846236240105124	0.00309100892630294	0.00111250475252079	0.00341736677998942
0.00166228151097594	0.00436748980499808	9.0583898484464e-05	0.967362706551491	0.0180012385265308	0.006522898219434	0.00181163369110131	9.05838983823969e-05	9.05838986022735e-05
0.0125145677903788	0.00347839265706439	0.01617469750994	0.929437321587866	0.0210788931178621	9.19011748494443e-05	0.00971435119694977	0.00321330261099009	0.00429657235409992
0.000432213307359027	9.02038951747664e-05	9.01991027000138e-05	0.966925606280908	0.0253672865651674	0.00312732199245501	0.00124002750156348	0.0017213039424964	0.00100583741217605
0.00472640581767147	9.53092279609348e-05	9.53086342917128e-05	0.975035386226937	0.00984634712479545	9.53086345198242e-05	0.000720144833126802	0.00882199130482819	0.000563798195868379
0.00353566496945621	0.00285672480426969	0.00296076756751935	0.975920733087883	0.0101484149781101	0.000131398250160287	0.00264070812656862	0.00143394855892279	0.000371639657110246
8.74103242188911e-05	0.00131395309106267	0.00102759182841078	0.976957149027442	0.0128013793908654	0.00379984663240731	0.00341702300257446	0.000502501168416344	9.31455346017873e-05
0.000128277665158738	0.00496540061543165	0.00174652164962224	0.976233760136571	0.00785261593527704	0.00506969676936206	0.00315376451001207	0.000128277665174173	0.000721685053391349
9.11902458047341e-05	9.11945848668686e-05	9.11902458944128e-05	0.974418896214217	0.0119999749024563	0.00451885579343919	0.0027780004720905	9.11902458035866e-05	0.00591950729542738
0.000254815369809007	0.0115294590013859	8.99248186278203e-05	0.976410157397878	0.00626361912598019	8.99248186391547e-05	0.0024549076562861	0.00090997803448524	0.00199721377690832
0.00490878236495529	9.40354084702866e-05	0.000304953632909891	0.971385648716509	0.0109846862361267	0.00866501858871986	0.00221170151492825	9.40354084109336e-05	0.00135113812897022
0.0010424682183288	0.00533704435104978	8.89804083948078e-05	0.975562047331513	0.00777385910432696	0.0061840816243708	0.00239308753366161	0.00123088778552121	0.00038754364283278
0.00200179697504487	0.00300274661017605	0.00337033195387072	0.958160971888763	0.0262403088752883	0.00135517282889361	0.00517458374971603	0.000602928610028663	9.11585082182903e-05
9.52385242448124e-05	9.52380665245691e-05	0.00562757158858146	0.960203096389502	0.015510502383702	0.0160017725088697	0.00227610400219926	9.52382682154249e-05	9.52382681605321e-05
8.89743204009411e-05	0.00955829095316824	0.00108691595059573	0.968389099691729	0.0102610002067711	0.00545733913996676	0.00498043982353559	8.89699568831712e-05	8.89699569494032e-05
9.23095557131133e-05	0.00214026854886303	0.00272242417415076	0.976283194274205	0.00939014721359488	0.00241091232608438	0.00188623864045054	0.00209896642453244	0.00297553884240547
0.000779094609009542	0.00536044267504933	0.00144099447633831	0.976149309181668	0.0126505526986847	8.89788658977877e-05	0.000638065258291197	0.000978965561140064	0.00191359667392136
0.000872029630789396	0.00607685829902203	8.89766128363189e-05	0.982940889309657	0.00573654501819451	0.00283763166949114	0.00126911623436004	8.89766127745775e-05	8.89766128749891e-05
0.000499940711422011	0.00337935953870614	0.00212327615134398	0.975028569383063	0.0101057843607682	0.00582993383255839	0.000892986399083356	0.002004890217662	0.000135259405393263
0.000148373053823559	0.0049258397892452	0.00190026966261622	0.968877135995071	0.0117454039504176	0.00627081934910431	0.00109532203651706	0.0035647000930718	0.00147213607013317
8.78526259924209e-05	0.00572126966808612	8.78526258615921e-05	0.966586640153606	0.0200839377058178	0.00143495593549139	0.0055937795148621	8.78526260127704e-05	0.000315859144269952
0.00277446494306589	0.00379950545555056	9.09781338724291e-05	0.974950454956834	0.0088403248650848	0.0060171107104953	0.00334520466701045	9.09781341609411e-05	9.09781339253033e-05
0.000231956298330274	9.03921912205224e-05	9.037206637453e-05	0.986148333293524	0.0093270930600805	0.00151150954773008	0.00183707416609952	9.03720663858684e-05	0.000672897310255133
0.000153580859198485	0.00608836970004848	0.000698798747776665	0.967962471301983	0.0204105600492625	9.28720157445374e-05	0.00254605195051145	0.00195442335998876	9.28720154855193e-05
6.16321753539408e-05	0.0440602898547215	0.00480890499916508	0.873445314096496	0.014636079120105	6.16321753499091e-05	0.0328722551953387	0.0174059649200685	0.0126479274634009
0.00394499373240362	9.22369599203276e-05	9.22369600852807e-05	0.982632937326055	0.00722133923216852	0.00222387741647851	0.00129600423825953	0.00240413717438209	9.22369602474745e-05
8.8078761707998e-05	0.0153028834780439	0.000255817191234749	0.971864379496028	0.00805343635059418	8.80787615650977e-05	0.00312390968518223	0.00113533751399263	8.80787616515855e-05
8.88138437766874e-05	0.00119402263926907	8.88432590707045e-05	0.987295833743035	0.00946446390070548	8.88383479332725e-05	0.000457922911787491	0.00113630667581202	0.0001849546786108
0.000536003935048613	9.28282195136649e-05	9.27472812666109e-05	0.981864628554021	0.0105112068664148	0.00380553176831803	0.000845014545931862	0.001142872796794	0.001109166032691
0.00336943684957186	9.17230926727889e-05	0.0281811295074187	0.937549398161531	0.00871350765187575	9.1720108177724e-05	0.00650681132563062	0.0154045521788411	9.17211242799103e-05
9.22192195685742e-05	9.22192194748393e-05	0.00056300438565076	0.971173259263979	0.00903170186033696	0.00963714782495559	0.00191411961800929	0.00188864056413447	0.00560768804389011
0.000434208223174282	0.0116256599403415	0.00134511294427404	0.973018668486779	0.00987657526545365	0.000446898670822475	0.00250931739864575	0.000384427169706592	0.000359131900802734
0.00652675445392474	0.00697968288051011	0.00030856677776966	0.959234446677205	0.0226007934720081	9.00330533668753e-05	0.00195075192238754	0.00221893770957575	9.0033053251782e-05
0.000864914931551638	0.000945876973214459	0.000781822128258017	0.976013125739286	0.012944312111373	0.00713408813771312	0.000881397384772051	8.91293294551763e-05	0.000345333264376699
0.000319890632527631	0.00322276105681971	9.26465454659878e-05	0.98408256022946	0.0107972216478376	0.000252256541582422	0.00104737025560984	9.26465450963568e-05	9.26465456003206e-05
0.000911888620455218	8.9070144508512e-05	8.90659315935408e-05	0.970319591096087	0.0124944008588452	0.0135033709274956	0.00126445029294412	8.90659316244539e-05	0.00123909619644629
8.83414573060264e-05	0.00137054917604745	8.83414572999237e-05	0.979241020467769	0.0094355393920564	0.00444276840596421	0.000865236948383443	8.83414571003888e-05	0.0043798612380735
0.000646942832285849	0.00579768606917636	9.16410070250414e-05	0.970245565665359	0.0207644273044319	9.16410071231852e-05	0.00217881410060617	9.16410069524188e-05	9.16410070399661e-05
0.00291980261832279	0.00924247159154681	0.00127687073703173	0.965632979064934	0.0161728508508228	0.000250265065060134	0.00166278685280236	0.0014540235424359	0.00138794967704354
9.02404851338298e-05	0.00589734137692202	9.02404851590545e-05	0.98480777078593	0.00834385606406015	9.02404850590983e-05	0.000499829347537098	9.02404849812668e-05	9.02404852177652e-05
0.00386434108151066	0.000129500405972591	0.00523925648517029	0.963651489976554	0.011374670297113	0.00596366112273249	0.00382113853832136	0.000529166465332759	0.0054267756272932
8.99307832284471e-05	0.00648373791716219	0.00160781931052083	0.969894022942921	0.0138054090028076	0.00351658507269814	0.00212274872014096	8.99307831566748e-05	0.00238981546736382
8.74414924914485e-05	0.0163540861493101	0.00127057605538415	0.97168783126424	0.0067497934349293	8.74414924623912e-05	0.0034838501937736	0.000191538425209174	8.74414921997103e-05
0.00101154921384327	0.000125628196717554	0.000125675189008796	0.982108463765154	0.012366063809012	0.00292690384579036	0.000892983354621502	0.000125675188892696	0.000317057436959991
0.00354368438865546	8.85285205840706e-05	0.00135426179707834	0.979898908107843	0.00652166674949344	0.00193101701808191	0.000773675591188359	0.00100702654755786	0.00488123127951738
9.04477560336357e-05	9.04658020881608e-05	9.04477560493373e-05	0.972048009839904	0.00775281624402688	0.0157816495894166	0.00271753636517441	0.00133817889126088	9.04477560460052e-05
0.00155432308463657	0.00122792363696395	9.26499386651869e-05	0.952569815172057	0.0241717701178566	0.0135810087101032	0.00160079113728795	0.00510906826383772	9.26499385914338e-05
9.06895352728332e-05	0.000220654786516081	0.0166429790299334	0.953235924001514	0.0136921687008665	9.0689535098641e-05	0.00120255700521926	0.0113116033371273	0.00351273406845147
0.00171166841885618	0.00126280307309742	8.89686996087384e-05	0.972549727493991	0.0120913279440145	0.00679745494281302	0.00238607369780488	8.89686996591839e-05	0.00302300703015487
8.91278212950065e-05	8.91475602129585e-05	8.9127821214989e-05	0.977770408115678	0.00684486494556513	0.00769676558915927	0.00254795998249676	0.00238725351019056	0.00248534465418759
8.66778073366332e-05	0.00467925862580993	0.000313642687784036	0.972960611860392	0.00449478109899285	0.0076939831866636	0.00340982237839917	8.66778074463721e-05	0.00627454454717537
0.000573595933881601	9.30358291077913e-05	0.00193890776555531	0.977909782868072	0.0123301077933107	0.00240755360445711	0.000132727086894264	0.0045213291691613	9.29599495600549e-05
0.00348019728216585	0.00498886779402002	8.99541080025685e-05	0.957153071030615	0.0193481934230419	0.0126829270155516	0.00207688113077976	8.99541077425706e-05	8.99541080806764e-05
9.08795222134448e-05	0.00909357013653418	9.08758021018383e-05	0.977458285932302	0.00801713570065433	9.08758020574923e-05	0.00337005259791327	9.08758021793369e-05	0.00169744870404406
8.97033100520911e-05	0.0059731894224495	8.96637607749491e-05	0.983046330471558	0.00694101822122788	0.00217143390259986	0.00150933338971192	8.96637607465728e-05	8.96637608790296e-05
6.21327363746847e-05	6.21327362346763e-05	6.213273632406e-05	0.985786392257937	0.0125904610393066	6.21327363820616e-05	0.00125035028489616	6.21327363983833e-05	6.21327361462803e-05
8.91065524600975e-05	8.91151620427118e-05	8.91065524637343e-05	0.974954183468455	0.015354137861784	0.00462134166658206	0.0010096047341267	0.00211725484608608	0.00167614915599997
9.08833034501326e-05	9.08838696696702e-05	9.08833033903546e-05	0.974848133158176	0.0165067997373845	0.00649825181281018	0.00169239820800154	9.088330352362e-05	9.08833035941054e-05
9.40567333293822e-05	0.00195445770707689	0.00133241321844657	0.965716045328347	0.0279738612036614	0.00114994181121662	0.00159111212074051	9.40559385476457e-05	9.40559386338636e-05
0.00086978143123051	0.00205569656157626	9.45953707980581e-05	0.971444959504432	0.015409440301797	0.00651607409368491	0.00209983363000489	9.02307210411624e-05	0.00141938838543557
0.000508021943612889	0.00286816177548948	0.00879809371951011	0.969367199898728	0.0104835378999836	0.00434813932714409	0.0033617267630063	0.00013255933602099	0.000132559336504232
9.21979237971483e-05	0.00506169991395034	0.00119898372212046	0.968345199841273	0.0214127501339634	9.21979235958741e-05	0.00185797869320212	0.00184679392435561	9.21979237417264e-05
9.24926437493073e-05	9.24900798333405e-05	0.00561192296610894	0.976046828422649	0.0129455797180954	0.00291226981581993	0.00167148967757793	9.24926438542811e-05	0.000534434032312141
0.00048125816568994	0.00152557497560702	0.000195073097246521	0.982219304130321	0.0114173054451715	0.000984909554784742	0.00199795695613604	9.05275059248836e-05	0.00108809016911879
0.00240165014090895	0.00992871942229433	8.90044628776983e-05	0.963011781603814	0.0139581374519887	0.00701684120971904	0.00171955536022548	8.9004462934643e-05	0.00178530588523699
0.00101302102708025	0.0082706056559368	8.85403397988378e-05	0.9730743452213	0.01313184663215	8.85403398771944e-05	0.00333302163254091	0.000911538811539073	8.85403397766557e-05
0.00120301473035035	0.00109375919655948	0.00260327611624755	0.97548762688268	0.0119690622429939	0.00374636750260367	0.000235882876527088	0.00356518024581826	9.58302062197182e-05
8.90866971118604e-05	0.00727465424020373	8.90872372489427e-05	0.972439190156966	0.00634411823763675	0.0115988211662387	0.00165209370322575	8.90872372085536e-05	0.000423861324159992
0.000541879250533178	0.00116946420197497	0.00147800362771106	0.982003208105156	0.0108235491400693	0.00120223187824039	0.00208524377832495	8.94051841819288e-05	0.000607014833807884
0.000416581465256473	0.00585505515413396	8.81193060939211e-05	0.981765837432797	0.00523469275204504	0.00417308048486718	0.00110099157357442	8.81193060705116e-05	0.00127752252516194
0.000451484709544441	0.000125678123219924	0.000632329059872796	0.97942867340371	0.0101826128209139	0.00575907264315236	0.00241741389057429	0.000125532014547418	0.000877203334465138
9.01365653607749e-05	9.01373777022117e-05	0.00124715993858814	0.951070279249919	0.0280882057112945	0.0120679865976828	0.00276113618740904	0.00449482180672504	9.01365653186636e-05
0.000774540587334229	0.00339629084590777	9.10441231744596e-05	0.972545445969685	0.0183593727834324	0.00390692370457262	0.000744293739486368	9.10441232299121e-05	9.10441231771799e-05
0.000632354646348293	0.00520618940938224	0.00275104191114112	0.963856383142653	0.0217736429466931	0.00551315790451016	8.90766798065771e-05	8.90766797061597e-05	8.90766797595562e-05
0.00205453865678551	8.98384666570365e-05	8.98384665870338e-05	0.974706789043868	0.0153644293605313	0.00145554644314283	0.00217132933175129	0.00294105359960345	0.00112663663107361
9.32449085555664e-05	0.00437899109402907	9.32449085603351e-05	0.981250770509639	0.0109106517309611	0.00150957471804211	0.000128053428846599	0.00154222379275117	9.32449086147174e-05
9.29747786826739e-05	0.00483701923398618	9.2974778696546e-05	0.958676008025428	0.0208215803922454	0.00828490130700887	0.00287864369667016	9.29747787317555e-05	0.00422292300854993
0.000127738305719577	0.00492571818561517	0.000127746952239962	0.969995538364574	0.0166744806337039	0.00100504759764745	0.00453281233222533	0.000127746952241401	0.00248317067603321
9.24191923313744e-05	0.00150940248603883	0.00175880658170441	0.981009625191388	0.0101972445377081	9.24191925743819e-05	0.00164948069576804	0.00146023649989698	0.00223036562259
9.05550993649481e-05	9.05453684656665e-05	9.05550994024753e-05	0.980228626433671	0.0101543143044773	0.00614816062994305	0.00075956623749274	0.00115880538370694	0.00127887144347578
8.98607745621486e-05	0.000672248424047891	8.98607746181409e-05	0.984018745130765	0.014347775181841	8.98607750445546e-05	0.000511927389712445	8.98607748605292e-05	8.98607745482177e-05
9.07882325353733e-05	9.07689416688057e-05	9.07882994834378e-05	0.968793785561613	0.0221705467913565	0.00705125732020196	0.00153048825412625	9.07882992577374e-05	9.07882997572787e-05
0.00146931327455147	0.00452385111588698	0.000261787403230548	0.963563193608611	0.0106185477977534	0.00624277125152891	0.00109455290301329	8.92674881417099e-05	0.0121367151572829
0.00107565174267763	0.00201584525345678	0.0107985388146321	0.969514115587046	0.0131976858717627	0.000135437848235555	0.00230854021705935	0.000818751738809903	0.000135432926320224
0.00129731407685323	0.00615627212013154	8.96007149353634e-05	0.967746524628583	0.0165034733654607	0.00209349825652172	0.00505934809132787	8.96007149321718e-05	0.000964368031253872
0.000127426247699623	0.00669975533864996	0.000127426247785284	0.967679507959761	0.0114174619986722	0.00601263898587676	0.00315367372096982	0.000127426247855614	0.00465468325272941
9.18558144232093e-05	0.00131934951402502	9.1855814498835e-05	0.965471331970996	0.0291679693331927	9.1855814481006e-05	0.00358207010942285	9.18558145045973e-05	9.18558144556534e-05
0.000285766072705626	0.00112094997844022	9.11983867951115e-05	0.987833430459533	0.00905108615117984	9.11983870566687e-05	0.00134397379081654	9.11983865938345e-05	9.11983868786379e-05
0.00152988021074296	0.00372840081367913	0.00046612338831244	0.955144587113011	0.026261011414421	0.0078137113743463	0.00416505231969419	0.000126205919788194	0.000765027446004875
0.000886107045323419	0.00227185482952352	0.00205056448805517	0.967173200471299	0.0228214093142105	0.00013458689713974	0.00143464448638513	0.00178641952320339	0.00144121294485991
9.0973443124962e-05	0.00761985772132795	9.09734429694503e-05	0.969262621735102	0.0163203060515475	0.00224312762204285	0.00194751546876298	9.09734429224792e-05	0.00233365107219984
0.00176036105096648	0.00365337875174723	8.96919370539169e-05	0.97223240260577	0.0122671367313505	0.00142100392442372	0.00700292731008408	8.9691937053652e-05	0.00148340575155073
0.00215785221245551	9.05430957829099e-05	9.05458213986408e-05	0.972403094687723	0.0185419742661867	0.00247746196066746	0.00254122351366983	9.05458213832427e-05	0.00160675862073316
0.000564381807546577	0.00437087905724995	0.000747514526837429	0.978875754913446	0.00924445176290607	0.00210192705481628	0.00335359576767332	0.000128977084467494	0.000612518025057265
0.00356811192251643	0.00194433052003763	0.000592842913234671	0.946999685666975	0.034109873473485	0.00999762165026846	0.00207001000372562	0.000132913187345678	0.000584610662411544
9.00249035756207e-05	0.000526097770770682	8.99648981326497e-05	0.992570134941547	0.00487900737349546	0.000571265226452409	0.00107763072104661	8.99648983479974e-05	0.000105909266631586
0.000891850775339523	0.0110810763559901	8.95614073225366e-05	0.975107339819075	0.0078954708493572	0.00341097726186306	0.00134460071620332	8.95614075793121e-05	8.95614072704915e-05
0.000669644730234051	0.00195827559575676	0.00178045648821112	0.983018959774858	0.00591141707284143	0.00259062200741387	0.00302142086603072	0.000959708765023481	8.9494699630754e-05
0.000221186389483645	0.00722490571106579	9.16703927998341e-05	0.981902458715668	0.00448927649104361	0.000935025239792885	0.000265573083140217	9.16703926619353e-05	0.0047782335843443
0.00168614507889133	0.000174700670143458	9.21612789338586e-05	0.982718438669933	0.00996482426783173	0.00403943916995453	9.21612789393892e-05	9.21612788994714e-05	0.00113996830647355
9.3559177948392e-05	0.00454973288293534	0.00106139999517032	0.969486375352573	0.0224404599633208	0.00125442036385577	0.000820438952592326	0.000200054133640335	9.35591779632736e-05
9.40216171351432e-05	9.40220092682295e-05	9.40215846137234e-05	0.96971198307349	0.0164065917722671	0.00123810290949896	0.00117979544687361	0.00952530719063589	0.00165615439621723
0.00366097794436826	0.00131303552017785	9.25139982396763e-05	0.969004842482493	0.0197122623581279	0.00259748453915268	0.00190068791373932	0.000895511204734706	0.000822684038967086
9.33547957878796e-05	9.33947773838997e-05	0.000480747999219364	0.97739567955986	0.008979958841393	0.00425895792601743	0.00110160986064705	0.00439225975921618	0.00320403648047568
0.00226532734694654	0.00130966690968189	9.17703856677664e-05	0.974041183249086	0.0134747544724979	9.17703856658903e-05	0.00269567575827635	0.00313967300611465	0.00289017848606338
0.000811476055087392	9.10116028735048e-05	9.10171493331435e-05	0.969162326053089	0.0130035931670862	0.0119490346570556	0.00396530068560638	9.10171491774154e-05	0.000835223480691101
0.000132887589658782	0.00530982046839681	0.0291478908400488	0.932792200542422	0.0195635961953459	0.00349388106782814	0.00644448380615466	0.00298231857817323	0.000132920911971304
9.29558240095494e-05	0.00155108267318559	0.00517643182198964	0.965893924032569	0.0158218716746356	0.00787489205046505	0.000688835858614017	0.00280704896517899	9.29570993528302e-05
9.10488202903216e-05	0.00317483196072635	9.10481540179777e-05	0.980474869859614	0.00493985699744529	0.00784913102168247	0.000618133378818401	9.10481540817219e-05	0.00267003165332347
0.00252305940012884	9.06886021157665e-05	9.06871000408733e-05	0.964833543281308	0.0169183085490882	0.00688031033654412	9.06870999864957e-05	9.06871000336298e-05	0.00848202853075451
0.00240884213028709	0.00103295338288096	9.02207098210718e-05	0.980201073003449	0.010261776573117	9.02207100143679e-05	0.00093157516623899	0.00375239548427517	0.00123094283991643
0.00220046021898694	0.0064330698644135	0.0017365157897706	0.970536740071728	0.0134598752902201	0.000127726335204796	0.00300636540271151	0.000678517190086748	0.00182072983687767
0.00251402448956399	0.000628451206960325	0.00531606455612177	0.972843004583328	0.0159125950626529	0.00193697302679582	0.00066534014405228	9.17734652497128e-05	9.17734652748732e-05
0.000649444602195737	0.00202785134337281	0.00100456651626609	0.974778594695354	0.00898195438926666	0.00366353876733782	9.49874085467513e-05	0.00440279433395464	0.004396267943705
0.0041404804886319	8.97747213185006e-05	8.97920458490199e-05	0.980601282606902	0.00376798008559477	0.00764084518508279	0.00258328350899656	8.9792045867187e-05	0.000996769311757275
8.92754839934565e-05	0.00266118300464698	0.00163622080594595	0.97665225486027	0.014051413919212	0.00232225688640026	0.00240884407162155	8.9275483913472e-05	8.92754839960472e-05
0.000128383680095925	0.00421542686962955	0.00334873183416111	0.974045603184866	0.00849024763872791	0.00588347725358759	0.00363136217890061	0.000128383680173177	0.000128383679857858
0.00123024280914842	0.000822723068967002	9.43744048760581e-05	0.969024540759044	0.0238563738576603	9.43748290842509e-05	0.0032496197389062	0.0015333761272606	9.43744050528301e-05
9.17771916598781e-05	9.17775783616996e-05	9.17771916606125e-05	0.955623114770112	0.0109188348306741	0.00646920096427458	0.00361555587651474	0.00447467557381712	0.0186232860229249
0.000450460781509115	9.00105063746852e-05	9.00178782468238e-05	0.976260390578548	0.0121282746052915	0.00236356590417789	0.00183035355194437	9.00178784974686e-05	0.00669690831540975
0.000739238906675196	0.00302981926228979	9.08570768840657e-05	0.982273002386254	0.00998537296001669	9.08570768248532e-05	0.00104566025322044	0.00265433500095014	9.08570768849652e-05
9.19348446866873e-05	0.00111219025874801	0.00259337677922584	0.974030222969795	0.0093571413608668	0.00715563950642516	0.00193681928471205	0.00363074015090592	9.19348446348785e-05
9.13767181466169e-05	0.00268716620755456	9.13767182443237e-05	0.980578667101532	0.0100535425052448	0.00161109934570065	0.00378511778840076	9.13767181213141e-05	0.00101027689705488
9.11522999121559e-05	0.00458484906270079	0.00179541959558355	0.956968572888656	0.0317410536564681	0.00331773738232947	0.00131891051467944	9.11522997590219e-05	9.1152299910983e-05
8.72331050928557e-05	8.72815532625099e-05	8.72331049418197e-05	0.981526822028399	0.00797053179026999	0.00689578737464789	0.00250604243223432	8.7233104978831e-05	0.000751835506172646
0.000925509257835454	0.0021466385304297	0.000408004049979202	0.975929853384663	0.0149229712517601	0.00235253055682276	9.09796551546186e-05	0.00313253365833763	9.0979655017875e-05
0.000277500703266486	0.00160778330573199	8.83874915911419e-05	0.985665335292288	0.00616379527852098	0.00168419639090626	0.00222900502819316	0.000590169470710033	0.00169382703879207
0.00126313094372214	8.77133345053521e-05	8.77181661512514e-05	0.982405061315858	0.00888506870422297	0.00223290571420014	0.00136069273356713	8.77181656717932e-05	0.00358999092210075
0.0021324099577919	0.000321295961017973	0.00126347498328453	0.959874699419127	0.0184519107869912	0.0116864818029928	0.00449704236683774	0.000879101923036399	0.000893582798920294
0.00012714203711764	0.00546346959948226	0.000127142037079629	0.978100249223684	0.00586388111909825	0.00370625031038277	0.00154537067175319	0.00347675322276085	0.00158974177864107
9.26636692150367e-05	0.000451525757541088	0.00314793881106472	0.965095884523661	0.0298636220972403	0.000603698732448291	9.40666395626494e-05	9.26636692778327e-05	0.000557936099989063
9.31177627569332e-05	0.00217811762452097	0.00480600711164124	0.975139738125497	0.0124836994106636	0.0017404337733028	0.00231550048500123	0.000357143527530075	0.000886242179086352
0.000722827897883511	0.002652288057594	0.000580071829435612	0.978187646713773	0.0110912534206587	0.00327651027258685	0.000718612730404618	0.000735088204844043	0.00203570087281992
8.98049600937183e-05	0.0032054623616212	0.00230777302136907	0.969088644305695	0.0148855801535386	0.00893239765989255	0.00131072761763138	8.98049600564701e-05	8.98049601020342e-05
0.00238252510915523	9.22786537981184e-05	0.000234563376271211	0.984473985546821	0.00708037551752629	0.0033375368736579	0.000440842295652176	0.000264067404192293	0.00169382522292584
0.00887637999595148	9.12521980509903e-05	0.0546697536913151	0.896315348350764	0.00478538104615288	9.12521979705783e-05	0.0176573635241206	0.0174220167976286	9.12521980459814e-05
9.30875592589293e-05	0.00686405403713532	0.00242132758436391	0.965237363978991	0.0132302718205097	0.00324171831903164	0.00414908679990622	0.00466999972209157	9.3090178712085e-05
0.00353598294723844	0.0174867675717876	0.00112225865728984	0.955280100045467	0.0121553042013224	0.00180949123867093	0.00405241475134042	0.0044703707954025	8.73097914808282e-05
