Bcells	CentralVeinEndothelialcells	Cholangiocytes	Hepatocytes	Kupffercells	LSECs	Mesothelialcells	PortalVeinEndothelialcells	Tcells
0.125908218150658	0.0104977514495333	0.00217132795320747	0.318960711542231	0.150605556826918	0.0327375026791171	0.000768366733200336	0.00640251994747441	0.351948044717659
0.20646481129487	0.00601987588513272	0.00375831667580932	0.376418341120658	0.0329951282463109	0.00732292972795502	0.00328415430659027	0.000446532404981055	0.363289910337693
0.171275984398567	0.00120003425525876	0.0376214109222693	0.28221502642076	0.21793585712347	0.0147268470484145	0.00100661748365271	0.00232827087659885	0.271689951471008
0.165055728891065	0.00293425450279241	0.000861933893809647	0.346584753442986	0.0811437768012389	0.0331893008367655	0.00147519591768033	0.00553139253395002	0.363223663179712
0.198692210850669	0.0026699566221708	0.00661499636708163	0.299765554857311	0.10238767869754	0.0231919370745223	0.00148405827691694	0.0123466132970152	0.352846993956773
0.199570038469731	0.0169260632361175	0.009836834439176	0.325020597753577	0.100940867659349	0.0055616143412003	0.00165627254220844	0.00426233871151359	0.336225372847127
0.211730518175736	0.00148488948985578	0.0961074622046947	0.274130152174784	0.0750320369889652	0.00739152531802309	0.0272116788939581	0.0349605070456906	0.271951229708293
0.163522183081556	0.00197912865612236	0.00883628841101031	0.337022294850463	0.108422823821932	0.0363669902288724	0.0011663697256434	0.00231139709829468	0.340372524126105
0.191045509189646	0.00560109233856551	0.0277159740446073	0.303411257858918	0.0652539393506808	0.0675953643978792	0.0115817448110851	0.00359878616443406	0.324196331844184
0.185262944059646	0.0099631641330816	0.00180699683723123	0.288074179887293	0.110269149552277	0.0429555339761752	0.0137355766943335	0.00262903121142595	0.345303423648537
0.217471883223386	0.00150093600386224	0.0184246253045156	0.322590187899743	0.12241905661762	0.0235272953032138	0.00047084320498788	0.0352557312620655	0.258339441180606
0.134776579714289	0.0465946035120779	0.00100731208550951	0.377620819276712	0.0469119634766244	0.0358757023250059	0.00491699370396432	0.00666635479214213	0.345629671113674
0.134148438355024	0.00144702622604561	0.00106388641621541	0.411826812200429	0.0281895213510193	0.0243586700632139	0.000558802283112661	0.000801170838086102	0.397605672266854
0.190203560330815	0.00243111647783651	0.193175145199315	0.242448394892985	0.0298372805552669	0.00165250712446821	0.0324758537529989	0.064087965088541	0.243688176577774
0.175320511970567	0.0427362021156552	0.00220778214752004	0.386788219982048	0.0309096812139817	0.0180686476016229	0.02684950563642	0.0182564505438005	0.298862998788385
0.152414951123185	0.0338191760732686	0.00156161373134655	0.356695260100441	0.0420671811239399	0.0175152342491557	0.00715011549046006	0.00188036440964294	0.386896103698561
0.144443016348872	0.00572597016070719	0.00138548354121698	0.37643715750016	0.0609512251609506	0.0200581736469731	0.00213750194127445	0.00709868597610008	0.381762785723745
0.203204535196959	0.00265468963060127	0.0209962545855085	0.344052323255187	0.0689681632364651	0.0180386855376905	0.000366063934819274	0.00110474980128262	0.340614534821487
0.211097331202138	0.00155965801390931	0.0108043846130852	0.313328785931874	0.0559849564522511	0.048831209148918	0.00158756550852123	0.00658068804620776	0.350225421083096
0.175424144303435	0.0111430719183369	0.00372577930444355	0.386515244361277	0.0246334789879808	0.00533884844978732	0.00803933822605221	0.00625034869756506	0.378929745751122
0.188345693679165	0.000982733124797288	0.00513178569628165	0.321341593455097	0.114531957546231	0.00344705145427085	0.000600364229229472	0.00261462272213651	0.363004198092792
0.144226217953917	0.00217099094909375	0.151454565820734	0.300443272042398	0.0553197436394754	0.0269103381298387	0.0144704512709397	0.00348092353324823	0.301523496660355
0.133303606589967	0.00445221610761225	0.00603241832009152	0.393086578904261	0.120659218228386	0.0064590255118304	0.000155198701346387	0.000852106473481829	0.334999631163023
0.179055406634774	0.0261719735200301	0.0077614871547366	0.365539560863111	0.0749230904910296	0.0410708490967613	0.0107058175964086	0.00191964714588201	0.292852167497266
0.11578693656246	0.00112562234919327	0.00337989515087125	0.358009015575151	0.115179948153833	0.0167061762018107	0.017481408960948	0.0243031894159995	0.348027807629733
0.180584638467349	0.00490374235143444	0.00219715366085856	0.336128364425323	0.0736625694932945	0.0838873717413836	0.000471670098080174	0.00172589049869774	0.316438599263579
0.140613384125077	0.00348490188164427	0.00344427940583477	0.325016239512946	0.137073345630308	0.0123382485701513	0.0110014100903186	0.0044526136226198	0.3625755771611
0.205049730028963	0.00566380220264376	0.00225502605071367	0.27635862038871	0.171801926310673	0.00978148077479093	0.0019349578449492	0.00471098463367862	0.322443471764877
0.163655253400716	0.00501889934273067	0.0172764138388116	0.283418601606147	0.177916308337764	0.00282385392768476	0.00681245949885578	0.00861026164428005	0.33446794840301
0.189066118829899	0.000746653087784226	0.0186612716469598	0.340263855678171	0.120120842252001	0.0346522917967351	0.000927459261199772	0.00365809283922442	0.291903414608026
0.19965299019565	0.0206452604185417	0.00713789635501033	0.36293921037481	0.0511095623154712	0.0334299745104197	0.00511439889219218	0.00469246129371005	0.315278245644195
0.211143962863547	0.0019379088790432	0.00137532359979474	0.332324846721283	0.0723349504480061	0.0262939597033395	0.00203185484189039	0.000921508080040538	0.351635684863055
0.126240881593887	0.0014896440264015	0.0200786918194177	0.318903242409853	0.130656117660318	0.0268985485746625	0.00603381035362345	0.00531866943654651	0.36438039412529
0.180663031111939	0.0166492767843759	0.00210948968788124	0.252908148347167	0.134221575216568	0.0397047094283224	0.0121457084741216	0.00777138057469106	0.353826680374934
0.263662397170088	0.00294076151152821	0.00997343544293113	0.330043159631161	0.0454642285558467	0.0262848953997589	0.00107058890936115	0.000912857662012152	0.319647675717313
0.16761949438848	0.0018225101378167	0.00410729893900872	0.324005255172908	0.111357371288934	0.0426390999153092	0.00201792278020021	0.0128632843439149	0.333567763033428
0.216027456105805	0.00467027553868459	0.0410302781427726	0.330066602657657	0.135267333019022	0.00303402832740495	0.00196577926564388	0.0173119163660767	0.250626330576933
0.161856440093666	0.0224372932662417	0.00394025384952849	0.387990838647749	0.0389721126529275	0.0126643869938507	0.000826874000507363	0.0131088142390668	0.358202986256462
0.19153093787636	0.00844642427709714	0.00239866514063256	0.316025669160436	0.0444970740324464	0.041998533981869	0.0146283562933923	0.00755104792386383	0.372923291313903
0.121880051304833	0.00743103256381524	0.00304672834554315	0.359908514214008	0.0878049189858209	0.0194673610142535	0.00906010629772616	0.00583366713725261	0.385567620136748
0.114320742323834	0.00140120368687876	0.154868306570005	0.30139268059423	0.0808727312776518	0.00484993188456039	0.0155582346827475	0.0650754987751271	0.261660670204965
0.162698566551368	0.00270137521480855	0.006382407228524	0.348025984284543	0.0617830193162774	0.0531444595848358	0.00185977970243331	0.0047403699986419	0.358664038118567
0.17300853363899	0.00571791954152392	0.00451250118527744	0.42001641740877	0.0471490156791219	0.0117587252902085	0.00182941607305205	0.00584810164207535	0.330159369540981
0.1902403823393	0.00432306054228539	0.00319986248505476	0.311863205519312	0.152898154532691	0.0107145443013144	0.0134485472910038	0.00405722442963483	0.309255018559404
0.174410512112095	0.0022774372211208	0.000683266164692367	0.410439838491539	0.0302597875263082	0.00247579421056338	0.0129384354882905	0.000937054034235174	0.365577874751155
0.181972679256169	0.0197055416558199	0.00195965215104214	0.373302317561818	0.0599641096031199	0.0209174032896797	0.00215831193639119	0.00123114188546748	0.338788842660493
0.223194605023748	0.000710448872074643	0.01007272411935	0.326013122859882	0.0825753696648934	0.0466057275012078	0.000408514260497619	0.00102486796294548	0.3093946197354
0.12172631447696	0.0018007239371354	0.0351628608950206	0.35492905389757	0.139020352381148	0.0219626223899422	0.000764321627813926	0.00441761076092058	0.320216139633488
0.228225530468748	0.00561466693127691	0.00464409985787593	0.289592655406982	0.106432888516985	0.011315183493832	0.000378175670587642	0.0264917224062965	0.327305077247416
0.169895942670068	0.0270901423166735	0.00737924926553804	0.349601519039632	0.101929538328912	0.0162066346412002	0.0145504850508512	0.00159252130959855	0.311753967377526
0.195213484599772	0.00108785215358937	0.0015009705591519	0.290007278008705	0.153148979735955	0.00590501633323343	0.000517087983196518	0.00389852471538306	0.348720805911014
0.117561323859346	0.0128464044578485	0.0492753412985142	0.402959079326838	0.0968379756353249	0.00189979894510177	0.000487172659330567	0.0147135169563322	0.303419386861364
0.170246107600466	0.00138059297635204	0.024744970016972	0.322951633451693	0.0995872330801212	0.00293662533854443	0.000534956669129747	0.0332313548869843	0.344386525979736
0.157513960384993	0.0147576102900272	0.00517464936743938	0.354493393604525	0.10611998387503	0.0229606930459456	0.000737582374155159	0.00190683483156763	0.336335292226317
0.198127893875162	0.00435009317064883	0.00732022043930603	0.401497845962484	0.0395502949448748	0.0210298401491395	0.00613544441525497	0.00103787565034149	0.320950491392788
0.202087132086745	0.00328203794672257	0.00517090450198279	0.374253987061076	0.0509679246726184	0.0125637635592354	0.00085299049983718	0.00698183244622718	0.343839427225556
0.172776935921465	0.00295712423517872	0.00134434779138785	0.384093541197086	0.0704986621290171	0.0218596175726325	0.000460641747656513	0.00252726144894337	0.343481867956632
0.187688819618771	0.00126394187049441	0.0247638351211043	0.361030678259551	0.0790695755722536	0.00259917600425471	0.00240795138832995	0.00622994479397589	0.334946077371266
0.22890417694989	0.00261821119843844	0.00100254442749696	0.36622332607064	0.0280793002569793	0.050600594893765	0.000271209691337595	0.0009646426481711	0.321335993863282
0.138563319258335	0.00276692407643233	0.00476399202993947	0.382731418761843	0.0661716298249646	0.0209254621642009	0.00047112145535327	0.000567199271730423	0.383038933157201
0.196303272811827	0.00452389688955315	0.0017244240945521	0.369575568103945	0.0674738593775567	0.00447526020054136	0.00197724709153537	0.000692836567108433	0.353253634863381
0.230050921549239	0.0140625454913067	0.00285604537141172	0.330762320094545	0.0477471588786299	0.0550081676940152	0.00541595299871922	0.0131093568117977	0.300987531110336
0.126855684726645	0.0313909195968013	0.00486513276253507	0.435249992466683	0.0487812698972269	0.0220050931914768	0.0246508222814693	0.00585429566297986	0.300346789414182
0.158127792673498	0.000967526552014004	0.000609866237938346	0.426592131402454	0.0620540367283743	0.0314653867003113	0.000162643491902055	0.000861092556743806	0.319159523656765
0.144320009525989	0.000456346062769189	0.064471449520206	0.326417787194447	0.086735489760181	0.0424051762195965	0.000267428289137283	0.00058471495439545	0.334341598473279
0.176786360486698	0.0256230588631972	0.00287772639645756	0.391032891789489	0.0500340093170384	0.0283681603648559	0.0233250577738827	0.00122935240066669	0.300723382607715
0.174470088186316	0.00985579030497129	0.0057848622694303	0.410604033304021	0.0500583479285465	0.00725948839561787	0.00477816758550918	0.00261831129693111	0.334570910728657
0.181614949554921	0.00326780015360719	0.0124700066098643	0.368975266486859	0.073129161513313	0.00456070171821129	0.000357312188961485	0.0238553492176715	0.331769452556591
0.115289329891569	0.0103363054169661	0.129133395649543	0.336864516433639	0.0582820776382509	0.00476378225132211	0.0459343057105272	0.0430002933751371	0.256395993633047
0.180624650874335	0.0049094433758006	0.00138516188373211	0.33684542605739	0.105255650776966	0.0563940836994967	0.0126146967858351	0.00132443250002048	0.300646454046424
0.16700868708727	0.00419440025141354	0.00384347778792422	0.371651255231791	0.0517257207551669	0.0151763301773011	0.00639706017209733	0.0148298095289917	0.365173259008044
0.232632190001496	0.000575158136714723	0.0041444200854314	0.281641702293504	0.109865085613072	0.0366739273480947	0.000226795118485362	0.000587668781873025	0.333653052621328
0.237894856989378	0.00215801069710185	0.00113851087743912	0.311575335431333	0.118700315749099	0.0386517625768452	0.00326059682649971	0.00100160802872461	0.285619002823579
0.144340267094811	0.0194746364679169	0.000599927005498625	0.358174606013886	0.101696870566471	0.0370455020099038	0.00469379718212389	0.00266488288343704	0.331309510775951
0.165345601423465	0.00283211028980002	0.00296040014047712	0.347309556304695	0.0532663359323599	0.0252439172556436	0.00358182172859894	0.013829465504267	0.385630791420693
0.174069095112282	0.0211704989733297	0.000641528911730472	0.356780094166769	0.111453689646315	0.00726849012365266	0.000848967418121312	0.0032141060084512	0.324553529639349
0.173812823523025	0.00165258407580784	0.00245109591125361	0.355390806029182	0.073396092819911	0.0169014011565461	0.00204921399592569	0.00685194097237948	0.367494041515969
0.184607633815652	0.0035682403043964	0.00754902918142116	0.326618511562471	0.0920476923308228	0.0518323428094127	0.000473099142988773	0.0167630218894114	0.316540428963424
0.167242871349577	0.000933931244994136	0.00362886589280615	0.357497011315286	0.0980857333299842	0.0329273524930735	0.00913087525928751	0.0011964078294625	0.32935695128553
0.122694600875893	0.0863279377758076	0.00157891836506483	0.353111372386754	0.045234403660072	0.030216476979853	0.0173920377770686	0.0049294523612678	0.338514799818218
0.191494329577123	0.00164879030317883	0.00106583091684813	0.34592495250146	0.0624283243796172	0.0252018653348853	0.0017446734801549	0.000372526701905851	0.370118706804827
0.13898355972282	0.0153537931951212	0.00649643588066584	0.369275979263964	0.0594204568800212	0.0385030078861357	0.00201043314898176	0.0178459489962464	0.352110385026043
0.223732435354028	0.00332164924230138	0.0728600605928519	0.261810486215611	0.055256057279681	0.00851938355257749	0.0458111966158005	0.0613185595311495	0.267370171615999
0.207829065393964	0.0014204427168014	0.0040371404324395	0.30139106934653	0.127283372358191	0.0260958364651161	0.00991859249416747	0.000791231349428285	0.321233249443362
0.121854200356262	0.00146466899041123	0.00205061931427869	0.312747348829044	0.174155997547353	0.0309062601652408	0.00111652864023304	0.0147207978317141	0.340983578325464
0.178036314534789	0.00962144953464719	0.000972776326557612	0.340454772035497	0.129078092754502	0.0237901074046711	0.00726128517197263	0.0069255386035902	0.303859663633773
0.297526687830339	0.00673816746152158	0.0674034367162462	0.235023048810732	0.0558368063733717	0.00694660785803479	0.0626155689013047	0.00552292620251687	0.262386749845934
0.177667522081764	0.00487742325751874	0.00403533382948092	0.280025387566457	0.164110384058855	0.0154303787988096	0.000589509418249831	0.0023978221627366	0.350866238826128
0.209076910201458	0.00140133414544413	0.0222613883665087	0.341975267377992	0.0750449234638261	0.0165831224583135	0.000382313421922792	0.0250970756560021	0.308177664908532
0.233181206656619	0.00254824299793235	0.0400876869227244	0.309655066886578	0.0574797952243359	0.00949311634502212	0.00170169583610741	0.000680132095292301	0.345173057035389
0.122079996636491	0.00935389880056241	0.00533511910196875	0.367699376725482	0.0737082322507808	0.0190203268360265	0.0109022849222315	0.00679819784174237	0.385102566884714
0.199275543463185	0.00867723727655904	0.00846905197275183	0.337696480932502	0.0389342172046393	0.0380368463470088	0.0206334022307427	0.00147879458049954	0.346798425992111
0.168501865993533	0.00180978290765743	0.000934558813565987	0.3445929884579	0.0673461142523749	0.0235308948394222	0.00855241558777189	0.000567115997085102	0.38416426315069
0.173908427853382	0.0322956315937114	0.00123927626236753	0.33943224440919	0.0541865027942473	0.010227628152904	0.0022083569053229	0.00373153341833067	0.382770398610545
0.150611413938237	0.00142151005265271	0.00680843218463647	0.354318590901956	0.0683954380158109	0.0406316568956243	0.00485750236194945	0.00154458828600452	0.371410867363128
0.162045670770471	0.0338243201507932	0.00638229605780447	0.371458337848813	0.049829174984443	0.0272147786805208	0.00282980324278999	0.00809405034241736	0.338321567921947
0.147157709574458	0.00138497215222659	0.0103357588664295	0.302398645949383	0.170030539220067	0.0143334288144524	0.0130235052405681	0.00228460095083174	0.339050839231584
0.188349011331997	0.000801761910102176	0.01756584861664	0.342686839825161	0.122452661888216	0.0885608147565449	0.00423786407389486	0.00109841779891834	0.234246779798525
0.142767347952259	0.0278377988923957	0.00632537825350828	0.381246834087524	0.0675244626247258	0.056792221846298	0.0279719624784874	0.00228591248365615	0.287248081381146
0.112269407913295	0.00197013140895157	0.0528559999652513	0.360935203171444	0.0547160338368417	0.0340983209610798	0.000811441524147901	0.0023610568023111	0.379982404416678
0.168646738155714	0.00314366069335337	0.00319808341508973	0.38331710613466	0.0841932764891955	0.00631286177482721	0.000633463121670027	0.00465362413646235	0.345901186079027
0.239094667651015	0.00186514119758949	0.00101415813949716	0.301425488609414	0.0361511792960224	0.0173749546665093	0.00146683722033147	0.0130518547248655	0.388555718494756
0.202196447028512	0.0122276068786735	0.0108896868301023	0.356104821785235	0.0600343000074761	0.0311937887938312	0.000513099497894237	0.0122784827098882	0.314561766468387
0.158893073525678	0.00349347722223955	0.00924231662901378	0.325123390594481	0.0675108264839866	0.0516539882064623	0.0022048942980136	0.0155276836517756	0.366350349388349
0.157200941591923	0.00376433879976437	0.001970717881251	0.32952676951829	0.126548699603463	0.0283329372963322	0.0221656866408656	0.00147175249460904	0.329018156173501
0.184663039705499	0.010722243138541	0.00705316375022606	0.376287596733281	0.0492668993734824	0.0314260084858489	0.00339746294703906	0.0017682365518181	0.335415349314264
0.168885035304487	0.00127760881654335	0.000802417076700318	0.397880716880103	0.0718157826526338	0.0192707678825396	0.00046337408617011	0.000532733145761222	0.339071564155062
0.143701129960869	0.0126599275710698	0.0070257393195195	0.344864305675674	0.120221687864459	0.0171866182147754	0.00198111331644953	0.0193874211542043	0.332972056922979
0.120265506779166	0.150056593901904	0.00320850515908017	0.228599148726728	0.0607372224070205	0.00607404627524035	0.117267882408251	0.0389468495892406	0.27484424475337
0.234525440597219	0.000894773202392058	0.000682083661268266	0.35132736055216	0.0353200926753639	0.0236771216975273	0.0044031645457136	0.000645425155296377	0.348524537913059
0.145069946344432	0.0400372267265093	0.00655774246550516	0.40990139035886	0.040145613116606	0.0326660764580565	0.0258844072875887	0.0110286158687703	0.288708981373672
0.192394281460724	0.00316268574603964	0.00115151655801993	0.380501422835447	0.0673390158472306	0.00638765594013973	0.00048198284642411	0.00928195454014496	0.33929948422583
0.182728120623108	0.00134847516855046	0.00248865333628509	0.354442493458326	0.0617030033192361	0.0262557738426504	0.000194611227884724	0.00395193988497013	0.366886929138989
0.183481406536247	0.00513968477715403	0.143114329479041	0.282958252522871	0.036632845267881	0.0118011298909619	0.0260779814344891	0.0710292442915631	0.239765125799792
0.211599146620886	0.000764371390033694	0.00602967396543022	0.334809208624367	0.0512248537740852	0.0578331948472909	0.0125004469974101	0.00179883932029608	0.323440264460201
0.165539230001789	0.0357288339905197	0.00342463050682134	0.356893229482101	0.0576649496335432	0.0152162186256287	0.00730683477513477	0.00184486317933883	0.356381209805123
0.224517408114739	0.00751720770277727	0.00339009466784948	0.273385870936091	0.145667094027191	0.0115394603535834	0.000308653155412862	0.00713152620490779	0.326542684837448
0.180323934296578	0.0040854037232219	0.00408003508233071	0.333436658741683	0.0740712007310928	0.0282099270959883	0.00440786939710149	0.000622575538181451	0.370762395393822
0.220544567021666	0.0067776315519192	0.00353442847429762	0.36628129070484	0.0672811004711237	0.015836592871259	0.000374404151933116	0.00132983982385509	0.318040144929107
0.181717574106314	0.00156132480393218	0.00307692614512491	0.330185669698693	0.06054081402043	0.0580803190813725	0.0011237122613647	0.00625897254135706	0.357454687341412
0.220740020323024	0.0183364897718823	0.0012966989087968	0.307989677401901	0.0500322568641674	0.0144212708857971	0.000478359417704239	0.00100179756852125	0.385703428858206
0.214587739507904	0.00536586766682949	0.0020516666432969	0.286128506498665	0.145678109681709	0.00510726067651939	0.00312826759831567	0.00799507417393027	0.329957507552832
0.245079780834185	0.00583811034678582	0.0136465745495573	0.324489267040007	0.072796767391386	0.0378411553664374	0.00140648372530773	0.00633974777850868	0.292562112967824
0.16841149313536	0.0135219296580192	0.00104238454040045	0.428146353765075	0.0469002348857134	0.0141108762647115	0.00132113835021295	0.00104612557443208	0.325499463826075
0.200911686333413	0.00353395398494671	0.0129522014381259	0.327099362883774	0.08004938853885	0.0264489109954302	0.0130687452845923	0.00336259303936172	0.332573157501506
0.160828333229811	0.0187972327624786	0.0043539821404721	0.342890560922985	0.0960396304351858	0.026345005806105	0.00125289148246252	0.00541208272390079	0.344080280496598
0.140419058991355	0.0488429087977422	0.0109943761075774	0.373800678973743	0.0402403236544177	0.0110817772506458	0.0157791031244214	0.0215567511299404	0.337285021970157
0.163575897467859	0.00199758425612376	0.00135783120396992	0.349576748183441	0.0888834996852678	0.022263352054869	0.00121246893203683	0.00125243055556393	0.369880187660868
0.182605844837614	0.00187442925029158	0.00487034925988028	0.391425620969092	0.037165511340998	0.0175298864459801	0.00338216378942166	0.00151121260193428	0.359634981504788
0.239126438136934	0.0169005432489973	0.00360665148674304	0.332550505003178	0.0461463577131014	0.0378475580763043	0.00279293923626433	0.00318613907796097	0.317842868020517
0.205797819588725	0.00407398510942567	0.00435878684307129	0.241951761280118	0.160340480051862	0.0586182307338585	0.00166934490977024	0.00965374415663465	0.313535847326534
0.128549952669137	0.00201771657586958	0.0901479294484819	0.310651648355792	0.072534997817969	0.0123430095138546	0.00598878669273571	0.0480139834325753	0.329751975493584
0.190150618651954	0.00605374010156044	0.00779967388237785	0.327143216986088	0.0533654265047145	0.0364913313464453	0.00336286557542165	0.000791079838060807	0.374842047113377
0.160437222970638	0.00863329748561599	0.00230850143738867	0.376698676457815	0.0486458415598319	0.0368706923522684	0.000727603430100037	0.00642822850826805	0.359249935798074
0.203837609009625	0.0211987971237503	0.00190489611759746	0.359106384958119	0.0245234325857704	0.0247991613193492	0.00695246100773631	0.0147954846768276	0.342881773201225
0.192599615436473	0.000819355023369129	0.00778142164728169	0.32406233432235	0.089879142720076	0.0152747600203012	0.000854687230712678	0.00912286037176035	0.359605823227676
0.21821650288681	0.0091239705735334	0.000890189147492312	0.288440587170187	0.110537250750596	0.0495549924257396	0.00149242085910989	0.011388687595413	0.310355398591119
0.176497640748499	0.0283550959130247	0.00407366233753857	0.395445500531263	0.0480079144335831	0.0122591247908181	0.00693191343738624	0.00108694741022596	0.327342200397661
0.157567314443032	0.0210170559889237	0.00109446904169168	0.373240554337432	0.0485857557847649	0.0210915543663452	0.00289033552068048	0.0021420840322986	0.372370876484832
0.201475536955395	0.000640893663336172	0.00134606779355912	0.365096400022906	0.105618311456664	0.00299137526274681	0.000746471383841978	0.000692940674031234	0.32139200278752
0.22714591643862	0.00159258629214146	0.00275465635672791	0.331914932997744	0.0891919368583109	0.0213236225869863	0.00194660613959113	0.00169308180181433	0.322436660528064
0.185474471572552	0.00522221646439618	0.000818736735947841	0.347448310316332	0.106952343501067	0.0261669419628239	0.00447980773520528	0.00126640589225373	0.322170765819423
0.160946739373012	0.00203661167627391	0.00256089669885846	0.317709871250604	0.216688879725162	0.019734799724775	0.00486535539820396	0.00303607628855645	0.272420769864555
0.189928776898918	0.00654322108653894	0.00218633454378394	0.361688320285877	0.0993273804578439	0.0271416676574734	0.00518682403987524	0.00424113825914056	0.303756336770549
0.190867265208417	0.0129839155782447	0.0629099332885071	0.311029083590118	0.0536225022396032	0.0117297733802562	0.010818297891819	0.00360692407729943	0.342432304745735
0.239323957729426	0.00108876455890329	0.00522929751452561	0.267137428862956	0.142356904836333	0.00654150399318141	0.000542091490447353	0.00662297898616611	0.33115707202806
0.148969905765236	0.000948880973503626	0.0197013598298974	0.380977746583321	0.0920198501224727	0.0216610469469799	0.00304238304685773	0.000518223915867805	0.332160602815864
0.144088114001436	0.00213627164826564	0.00125676073542557	0.372370682652454	0.068617490884896	0.00757601568776085	0.00121222695366954	0.000514375969199703	0.402228061466892
0.225715544884398	0.00775840508867461	0.00125305225589399	0.274215007589879	0.0724956338938018	0.0401191697089434	0.00565570286110232	0.00452585137936247	0.368261632337945
0.161077059737334	0.0345894298029192	0.00143379512399714	0.375955747908866	0.080439947976275	0.0174165119073527	0.00421957522703748	0.00198167195822419	0.322886260357994
0.120099451772569	0.00293434092951871	0.0212703204441265	0.379511480251179	0.0687113147405665	0.0363988339045854	0.000445473369115919	0.00448377193366997	0.366145012654669
0.168313333822584	0.0296934474191628	0.00249635292151358	0.335889965571693	0.0339844928967526	0.0502881820232027	0.00577043444273522	0.00161646977664176	0.371947321125714
0.172605658682452	0.000921946302308038	0.00290046020876139	0.361221874956901	0.0775932519138101	0.00807166158810494	0.002591387433042	0.00101066226053618	0.373083096654084
0.2037907831465	0.0140176451988663	0.000671583931258143	0.339787588558916	0.0239621101566335	0.0357656373310714	0.000967263710374946	0.000787394811119838	0.38024999315526
0.197434130530142	0.00347966307957269	0.0188347675663931	0.329541126777789	0.0628470364527793	0.0252599304481932	0.00287183064670891	0.00203247719246133	0.357699037305961
0.149927807048456	0.00124560273472514	0.00441619271858373	0.299425860046826	0.199473528752962	0.0527198214079707	0.00302601647372383	0.0182995928181996	0.271465577998553
0.271970273754703	0.00709048254357178	0.00293213497228685	0.33482355334945	0.105779145333843	0.0257486408362444	0.00083213020799334	0.00118945421798697	0.249634184783921
0.169418850594713	0.00479287703442031	0.00266853578831902	0.311966605034098	0.124197768833132	0.0356287713739288	0.000530764907852706	0.00232392194032033	0.348471904493216
0.172808429989063	0.00117558620841515	0.00138552132360481	0.367840104634549	0.101040222671856	0.0245485998663501	0.00641977625219663	0.000971059992049131	0.323810699061916
0.194220848631795	0.00163373600893022	0.00793236956989635	0.377568113491941	0.0623062328386047	0.0186105435417242	0.000451358630590589	0.00104965172044547	0.336227145566072
0.206004433872473	0.0139221057495696	0.00651730908370891	0.304888804473612	0.111881731157264	0.0606348451829379	0.00413594461372775	0.00202834964752575	0.289986476219181
0.151050135022027	0.0218436859399613	0.00174732769415867	0.321438473804687	0.11557312102267	0.0124599762796292	0.0112123254674421	0.00162318457722063	0.363051770192204
0.187069969336234	0.00464716795198831	0.0134742644368386	0.338076978133107	0.073725844255849	0.00967523016689763	0.00142924394574981	0.00814775339297426	0.363753548380361
0.184450855603643	0.0012403403532436	0.00237187732044193	0.330948988707127	0.0606000451006944	0.0342033036856038	0.000825856514165742	0.000538080575705063	0.384820652139376
0.138977199718818	0.000539571478765563	0.00166044671522308	0.373364901393414	0.0999067732052579	0.00305033757688026	0.000206081355465099	0.00130124762022421	0.380993440935952
0.142686941257833	0.00707488542327231	0.00158491505838749	0.317140312296247	0.158003313646072	0.0277704523438713	0.00570774799452411	0.00239478177341138	0.337636650206382
0.170028952327485	0.00826865297044858	0.00318439596659351	0.347894932891644	0.0540662856164512	0.0251367992585942	0.00200993678907874	0.0054247446214761	0.383985299558229
0.182045013483065	0.00615056781304537	0.0573753169461457	0.328201761508455	0.0918073456153175	0.00489649928447528	0.0019473976210318	0.00081502307591924	0.326761074652545
0.144130579272106	0.00579869403390226	0.00432542453392079	0.362257761709888	0.108761586960282	0.0279947968243035	0.0143208306988666	0.00318628071227946	0.329224045254452
0.159809853113252	0.017908799652661	0.00115444218210816	0.353807922372939	0.0730482157268542	0.0423092987276237	0.00744899076434376	0.00145393111946009	0.343058546340758
0.153674663139758	0.0143999013511942	0.00119119012048469	0.333718978019771	0.183731285947818	0.00284862315800758	0.00603298337875812	0.000578207760200071	0.303824167124009
0.252100699658003	0.00181171218649965	0.00267238235934357	0.358286607333103	0.0538604827121137	0.00406752112060956	0.000676316473068734	0.00127290220728108	0.325251375949978
0.178463631847286	0.00345925743016966	0.00266349998103403	0.281185446024453	0.163813675500027	0.0326077132570581	0.00374798499039151	0.0016475912565456	0.332411199713035
0.199338161259541	0.0075588243109908	0.0173416710750699	0.326710367119773	0.138730055135738	0.00557941130751908	0.00063831278450403	0.00217870973373345	0.301924487273131
0.173531721472956	0.0413461002941953	0.00119929860803277	0.384017333172014	0.0839521688771994	0.0179384726974167	0.00363021005649661	0.00206863510015675	0.292316059721533
0.143206412661267	0.00433804259034556	0.0110994766191138	0.377046355897901	0.0739765365290244	0.0186562364750573	0.0244487546900253	0.0024779397373814	0.344750244799884
0.170402652870814	0.00235344643694247	0.00312146385295941	0.394113992161092	0.114745809503424	0.0124251865271927	0.00112732291606711	0.00157229358660524	0.300137832144903
0.157302878218614	0.0161379884868769	0.00691044772692066	0.346959936458476	0.0773866879991808	0.0204330723915425	0.0122010698216041	0.00128411604921927	0.361383802847566
0.146889336029117	0.00186383949354438	0.00583681155189044	0.289314569404422	0.223065885427681	0.0502180297558792	0.00069753821023696	0.00124689571194902	0.28086709441528
0.138449840768103	0.00159864963373935	0.000709745189874472	0.402724846604402	0.0189188518478085	0.010714317609454	0.00106267407874098	0.000578762589359775	0.425242311678518
0.197402984555741	0.0196604521724773	0.00232563593299657	0.343102786870298	0.0386821796975592	0.0367861749647334	0.000688604789397503	0.00126735000504944	0.360083831011747
0.181411465544663	0.00658245173767018	0.00314707936457393	0.391087966693523	0.0310198430838547	0.0177158970653329	0.0152934388802373	0.00586536992731809	0.347876487702827
0.125459595815614	0.0350766323668267	0.00224380984022754	0.414593534219312	0.0173019203673822	0.0233984764415444	0.00144656586245058	0.000750468139423942	0.379728996947219
0.23993803655165	0.00195434225451518	0.00122303600698738	0.36508790186451	0.0561944710082041	0.0198664669364666	0.00178330748369541	0.00116104395453411	0.312791393939437
0.212040206652567	0.00565706810566093	0.0204076939396257	0.31008742499649	0.113085133258741	0.0152181159134838	0.00059421039680781	0.00390859286939481	0.319001553867229
0.166711350273047	0.00571009267046038	0.00720865256360282	0.34746950287781	0.0750104477105942	0.0302319684297971	0.00300395125331193	0.00244453222496479	0.362209501996411
0.22706529544627	0.00109700946769453	0.00359082141384687	0.344349162161207	0.141951738157947	0.0117133449741079	0.00238960801822289	0.00188802750236269	0.265954992858342
0.143909852949671	0.00137920407643411	0.00396813301763915	0.378571385994319	0.0442769372575957	0.0229755415023766	0.000862862021843714	0.0278430601190059	0.376213023061115
0.214106709253558	0.000861717260582259	0.00437663341490502	0.320151384507117	0.0789792818700883	0.0091653232694219	0.00897604885924801	0.0077748043369798	0.3556080972281
0.20049440772701	0.00791977423527249	0.00328388868001243	0.321662551998585	0.057878104149706	0.0472980286697499	0.00671598648890483	0.0150629900203428	0.339684268030416
0.13368568739147	0.00713164449055181	0.111131226238251	0.277594461223501	0.0937866210852893	0.0404333128843784	0.034680035404221	0.00242903220528297	0.299127979077054
0.156406032594401	0.00602450789723752	0.047988387422067	0.333083453297458	0.111775993589634	0.0327098101081509	0.000995742476896564	0.00868210535834923	0.302333967255806
0.122457184161333	0.0058332020339591	0.00214795005579635	0.343361994484274	0.0303703321279003	0.0476966607858636	0.00858886811347535	0.00218789206321534	0.437355916174183
0.195054593920048	0.000978993912600017	0.00100626096303878	0.338551447373943	0.105889238233218	0.0373273538549208	0.000415055131683469	0.00110376141799896	0.319673295192549
0.187127090157408	0.00205440582253663	0.00252549314467768	0.342209460435763	0.0614278462909157	0.0101718200381576	0.000550960978148749	0.000982735545758375	0.392950187586634
0.183722919276495	0.00709500533062095	0.0110595550762092	0.372948807912635	0.0751045869469237	0.00866176298587017	0.00821735964248326	0.0149946640248805	0.318195338803882
0.170830918792426	0.00120118136760559	0.0281360933895997	0.363981710062433	0.108262643855898	0.0149117269682928	0.00173957497842562	0.00116880910182375	0.309767341483496
0.228906056183692	0.0125553105082257	0.0198318112895436	0.316066095030104	0.0664681496035744	0.0094259222393993	0.000329842278782555	0.0221298581099369	0.324286954756742
0.159296673957042	0.00463178109113662	0.00227283078956652	0.373381278570636	0.027009302310328	0.0381087842932591	0.00760623900365148	0.00104888991662626	0.386644220067754
0.177596639370087	0.00438688075630047	0.0047798492775726	0.352023483778637	0.0885551032478169	0.021037451937939	0.0101169166888711	0.00249287824892636	0.33901079669385
0.169760094689385	0.0212727338706995	0.00933251335200793	0.369340594969857	0.0610793717348451	0.0341571200059692	0.00929169982831016	0.00202135519198833	0.323744516356937
0.149994083487441	0.00154550924457244	0.00627511411309339	0.319652784946477	0.155286870450325	0.00350583999313705	0.00576460665840396	0.00538404139546497	0.352591149711085
0.214567891892776	0.00487997334785693	0.00212566724995049	0.31652841632315	0.0617474802069168	0.0252757044804388	0.0138269128911349	0.0200059610625519	0.341041992545225
0.154746276327991	0.0016411532560727	0.00061525679301064	0.386944438708279	0.0607327993421524	0.0212414718236263	0.000779901432531088	0.0034237008380264	0.369875001478311
0.115910133652798	0.0160264184485768	0.00405022864477988	0.425323969684815	0.0623771854165716	0.00637925696661094	0.00202495245286741	0.00728725264920922	0.360620602083771
0.178173170740623	0.00554811528233363	0.00250938916737645	0.35786027002807	0.0496805719125816	0.0361267261550124	0.00148229771021614	0.00594460644934269	0.362674852554444
0.166341908741234	0.00170564117348745	0.00123564011771445	0.358038160965038	0.05895644648515	0.0192232622419082	0.00951987943924285	0.00104557755172266	0.383933483284503
0.144047016085258	0.00181372593425631	0.0201869251678179	0.294715966140645	0.196173102497976	0.0292112996964197	0.0010459512981734	0.00253880564334392	0.310267207536109
0.17756718371217	0.00667080004142492	0.00190538189692147	0.358557776000833	0.0343471714575818	0.0255316422347233	0.00959565732787464	0.00443086360191398	0.381393523726556
0.211767389102286	0.0133450108942107	0.00467305629620384	0.346477149612365	0.106484597795457	0.0164142167228391	0.000465275757028507	0.00410874106776819	0.296264562751841
0.162840611157096	0.00937982214234189	0.00477408924886194	0.385974878130092	0.0324913387566227	0.00702135765600164	0.012306070471179	0.00341854656796074	0.381793285869844
0.139359923607751	0.00087321070855985	0.00104379219399352	0.406542010930277	0.0565948611303298	0.0170911311797178	0.00131346932616917	0.000817892154036179	0.376363708769166
0.17928951459142	0.00173846905492384	0.0088400754921054	0.284214923733829	0.104257070710593	0.0482457731974307	0.0196890021803402	0.00529488747232413	0.348430283567034
0.163924797975938	0.0302281805170536	0.00266336742156502	0.364010028042518	0.0313940866435914	0.0209056604731904	0.00229146018359417	0.00687763706747076	0.377704781675079
0.168705013181787	0.000766398582230844	0.0218970744623206	0.287722547610091	0.196366833672941	0.00361344189560524	0.001667165887757	0.000622817076448242	0.318638707630819
0.198114535071434	0.00190180450679919	0.0188187943432836	0.355370883648325	0.0751753724090077	0.0119593444323924	0.0055127127743303	0.0113134304602124	0.321833122354215
0.20547557059513	0.00259295732954061	0.00372004776251807	0.376732312001715	0.0584856719087154	0.0217427118779335	0.000563636055867173	0.000841648539589917	0.329845443928991
0.144207792484037	0.00226109192033954	0.00149683242709019	0.35370036124061	0.112209517225153	0.0583918667194521	0.000497036496812674	0.00131119996780696	0.325924301518699
0.271566645756347	0.00086544375552514	0.00193701722016356	0.341396437730392	0.0577932868869405	0.0169750231103476	0.000466423799280255	0.00521629957918287	0.303783422161821
0.168940092200005	0.0102591140799545	0.212527515692697	0.249053036614584	0.0246503223606756	0.00550574817665457	0.0887098529382181	0.0557724790143497	0.184581838922861
0.160325696184553	0.00897843909726288	0.0340584071444066	0.322661853933527	0.0876216423533535	0.0293794925962204	0.00593407835969109	0.0244782362407923	0.326562154090193
0.157546631088902	0.0733773676849546	0.00231897848854198	0.341544819404711	0.0571958106214924	0.0298559599699115	0.0236747237603795	0.00524017923498203	0.309245529746124
0.188969957157942	0.00403325789759664	0.0120649523217432	0.358890876102989	0.0479087172347271	0.0480878933306317	0.000433967826122832	0.00174080908408746	0.337869569044159
0.150878562928646	0.00113723675665804	0.00579555268999418	0.482889314999527	0.0701093059767745	0.0193947399451523	0.00299548326491824	0.000988186465643482	0.265811616972687
0.27301212008819	0.0192152340117489	0.00560241927890136	0.329629037771763	0.0612221011889531	0.00389848082878672	0.00324830240856843	0.00307982942903495	0.301092474994053
0.25271647533585	0.000702893212939406	0.00310217113007813	0.327924316592548	0.0533368966595343	0.0215445758199672	0.00144253943119905	0.00434306313539117	0.334887068682492
0.1447855241713	0.00316466737338082	0.0221134456521526	0.362085048157442	0.144333647542606	0.00535327522235273	0.00102122574114674	0.0383649803077955	0.278778185831823
0.146735553302284	0.032825319113566	0.00748503713680342	0.333028159654674	0.0553849984566889	0.0265763010048475	0.00756213050697023	0.00532580375749323	0.385076697066673
0.171251807279041	0.00328416798744998	0.00319118396579368	0.338392410258989	0.0712201625003024	0.0487371684330568	0.00741282234313253	0.00680431917505003	0.349705958057185
0.164655670498874	0.0125718979483496	0.0835144003327483	0.333008044907459	0.0568953533863647	0.039325369048893	0.0124143120133569	0.0272196595632888	0.270395292300666
0.234654080720548	0.00249837735607629	0.000850746207662668	0.256887820703432	0.116110146223693	0.0443115940438305	0.00111370701018323	0.0024991525912793	0.341074375143295
0.194035029736637	0.00207870710894498	0.00309497748974787	0.328715153833538	0.121772691035889	0.0172422860219147	0.00121285127778576	0.00151471498752709	0.330333588508015
0.150981779514884	0.00319655730507081	0.00217614403939009	0.360884829474837	0.0375980400478362	0.034641170517511	0.00148221463635844	0.00178739172493439	0.407251872739178
