Bcells	CentralVeinEndothelialcells	Cholangiocytes	Hepatocytes	Kupffercells	LSECs	Mesothelialcells	PortalVeinEndothelialcells	Tcells
0.0018481709643066	0.00301276002132963	0.0265610553189015	0.917394853044701	0.0247627790348131	0.00533903396517438	0.00999521661620945	0.00885995934913073	0.00222617168543392
0.00150710977809098	0.0105535546450584	0.0230442843251187	0.922561899420091	0.0267598893011811	0.00548331908523214	0.00991122471171556	8.93593667425407e-05	8.93593667689107e-05
8.98320839040502e-05	0.000674106505879922	0.0240851700766175	0.94875444357891	0.0168816705343838	0.000438462846544743	0.00672608877067848	0.00226039351917359	8.9832083907652e-05
9.06410238692707e-05	0.00142427000991598	0.023128925964468	0.929714171365355	0.0261691699647949	0.0034415229845997	0.0123687881894021	0.00170875419997374	0.00195375629762196
9.4406721004671e-05	9.44067209609876e-05	0.0258661748758073	0.922984688831971	0.0360285984670833	9.44067209657454e-05	0.0131575719480727	0.00158533899313598	9.44067209981896e-05
0.000864333330722232	8.87244046230536e-05	0.0232592750818501	0.934437297303426	0.0192097865302113	0.00981205972719034	0.0121510748127539	8.87244046071148e-05	8.87244046158864e-05
0.00651875437693195	0.0138354077085616	0.0256650241782552	0.915635828527878	0.0247264850856382	0.00134198901499625	0.0120966010720801	8.99550178436027e-05	8.99550178156623e-05
0.00697130613790797	0.00125672918577061	0.0330697041252933	0.912110727032483	0.0285412087225931	0.00851272759486087	0.0093547542008062	9.14215001593983e-05	9.1421500125574e-05
8.84688123370198e-05	0.00148752356288399	0.0244403658694278	0.914036092489157	0.0294085196559002	0.0178274712253796	0.0125346207602406	8.84688123244081e-05	8.84688123491839e-05
8.87021598437108e-05	0.00309749131055647	0.0273977595989189	0.936052706659293	0.0255558958172157	8.87021597382436e-05	0.00600966438869044	8.87021597684442e-05	0.00162037574597518
0.0053203595301796	0.00544766003282997	0.0262901003474115	0.911295423853157	0.032759703443509	8.85670500051948e-05	0.0151352690536892	0.00357434963923821	8.85670499804376e-05
0.00133234922413654	0.0101236450412869	0.028462729124388	0.933447223401122	0.0159170242357742	9.08726463290148e-05	0.0104444110342565	9.08726463321753e-05	9.08726463750679e-05
0.000321452340183226	0.0130488803357783	0.0253257971479226	0.905093754041096	0.0230194713018103	0.00381116694726277	0.0165604035511962	0.0127306742943682	8.84000403820686e-05
0.000457523848005147	0.00125657745318223	0.0363648395197977	0.91223033061296	0.0328107881293284	0.00225970209373816	0.0128086115188417	0.000640270148749344	0.00117135667539751
0.00245980897263501	9.15343276292036e-05	0.052359372404059	0.908683041142248	0.0165170688178985	9.15343274928514e-05	0.0112264378736458	0.00847966780686908	9.15343275228403e-05
9.26099170464346e-05	9.26099170180823e-05	0.0290292707546837	0.921471646514869	0.0228053419998938	0.00440943734535344	0.0177926241693791	0.00157431676362894	0.00273214261812692
0.00123709007271786	0.00287481919386062	0.0292395595104627	0.929740937201278	0.0228562400203479	0.00315616766792212	0.0107157342496337	8.97260418790695e-05	8.9726041898096e-05
0.00545526416775841	8.9967899638309e-05	0.021905430910995	0.916722494767319	0.0352328889330341	8.99678996830131e-05	0.010752432453812	0.00314807766548139	0.00660347530227916
9.28413573658616e-05	9.28413573565201e-05	0.0382038387758158	0.905042518402488	0.0281888027045596	0.00565594747580595	0.00916443200663448	0.0134659365626001	9.28413573739196e-05
6.3933367336621e-05	0.003603361301811	0.0367036594066416	0.910849000223694	0.0325830573578651	6.39333673253877e-05	0.0131149022958272	0.000807875825152662	0.00221027685434642
9.00449108516433e-05	9.00449108455663e-05	0.0625146774957604	0.874266307333119	0.0254465168372056	9.00449108677969e-05	0.0114296936800436	0.0259826250104541	9.00449108523033e-05
0.00483544272134728	9.31221921094274e-05	0.0356980015187518	0.894663342135818	0.037403455456701	0.0102422175073242	0.00590152568566377	0.00959326926374247	0.00156962351854237
0.00369424918532505	9.06460637728053e-05	0.019601861668167	0.943534060933741	0.0207959374257729	0.00238872009569595	0.0097132325001916	9.06460636278085e-05	9.06460637063086e-05
9.32133819495564e-05	9.32133819002621e-05	0.0332356552316272	0.929576081288103	0.0205770785756215	0.00539702485925336	0.0108413065176656	9.3213381931586e-05	9.32133819484574e-05
0.000574580850128071	0.00770216450107578	0.0216756954479257	0.909950177351651	0.0416224386913897	8.76665232099629e-05	0.0123806360381886	0.00591897407318309	8.76665232476696e-05
0.0103862522852658	0.0106752640784984	0.0289843030265562	0.902037926695687	0.0333967470536037	9.05643055475497e-05	0.0127592788450943	0.00133366809654388	0.000335995613202553
8.93334914857012e-05	0.0178763960461166	0.0200505255600157	0.925490456164707	0.0237885489937664	0.000706621059891203	0.0108785095921433	8.93334915040956e-05	0.0010302756003701
0.00442324328090164	0.00134996291291224	0.0190447892253438	0.909968009179316	0.0391390617409047	9.23147218993776e-05	0.0145995830572784	0.0112907211595358	9.23147219081714e-05
0.00147012226087491	9.09796650140242e-05	0.0297163304024403	0.932605552774297	0.0194190287883496	9.09796650996531e-05	0.0105530496975157	0.00596297708134105	9.09796650674327e-05
0.000604190943493689	0.00382337080740929	0.0345851728775323	0.91531139782934	0.020342894721389	9.04312339130768e-05	0.0132722803290121	0.0118330437672721	0.000137217490638803
9.18516496825901e-05	9.18516496801148e-05	0.0633609940188539	0.881407589380918	0.0228085430982454	0.000418496330909854	0.0171722291707735	0.0145565930512496	9.18516496872355e-05
9.1295839975309e-05	9.12958399475024e-05	0.0352355111875349	0.918357731454176	0.0215681280403547	0.00534971333839734	0.0121720652615103	0.00704296319813512	9.12958399690949e-05
8.93814470346348e-05	0.020632477064259	0.0261786259659911	0.903475708352119	0.0192346264710614	8.9381447035564e-05	0.0185264120444502	0.0116840057610073	8.93814470423168e-05
9.5438836380926e-05	0.00276582892982222	0.0525621932052679	0.91301118343892	0.0203382617504355	9.54388363669586e-05	0.00989219214172338	0.00114402402469399	9.54388363891585e-05
0.000330614047130378	8.96672678520537e-05	0.0317566375081141	0.93649227148424	0.0139656715447731	0.00621012080422003	0.0101388090966192	0.00092654097914004	8.96672679107321e-05
9.26204221597712e-05	0.00292928089013647	0.0317095866272507	0.913638137532934	0.0389835438225339	9.26204221529088e-05	0.00663133748102876	0.00583025237963805	9.26204221659045e-05
0.001245793872779	0.00871861083540373	0.0282436907729207	0.923807484553204	0.0207220522007213	9.01100350190528e-05	0.0141265129319002	0.00295563476294111	9.01100351108511e-05
0.000761523402539405	0.00393837000572661	0.0307790828348441	0.922786777313026	0.0216963009446933	0.00322302016611107	0.0114245276275648	0.00298791497208374	0.00240248273341126
0.00198932298587782	0.00784865160641478	0.0286404252456919	0.925352124804336	0.0264343871036226	9.35272743466584e-05	0.00872311449162903	0.000824919213712302	9.35272743688003e-05
0.002538569429436	9.16509419059754e-05	0.020052581337106	0.919735998495768	0.0222110811179652	0.00433758249203489	0.0160446699107501	0.0129198882976772	0.00206797797735624
0.00237377298187818	0.00525710083578941	0.0211004944060027	0.928259728530359	0.0285313691435738	0.00173656540153243	0.0118116334758838	8.94862156764635e-05	0.000839849009303982
0.0101022273004773	0.000170977987573398	0.0321068412553738	0.910221707698145	0.0374415274272653	8.99487155683356e-05	0.00521339748661686	8.99487155571131e-05	0.00456342341342257
8.9572207224778e-05	0.00440581723733347	0.0166398653129377	0.922481161498773	0.0297179745183934	0.00769557615446342	0.0104180712853925	0.00391002409681929	0.00464193768866219
0.00255739662024819	9.2326581752702e-05	0.0170979228514479	0.929615332040193	0.029817437228266	0.00632021183286142	0.00797403686290466	0.00643300940055981	9.23265817662326e-05
9.54486163053508e-05	9.54486162870021e-05	0.0360416412170836	0.916927166559251	0.0188094448495187	0.00773380360888881	0.0134561547082774	0.0067454432080888	9.54486162992289e-05
9.33229802023119e-05	9.33229801638994e-05	0.031079359500794	0.937162144657485	0.0223898871963752	9.33229801807532e-05	0.00682657879275626	9.33229802696894e-05	0.00216873793177268
0.00317021260870943	0.00788658122254019	0.0230584096809948	0.928226951939198	0.0208030998013353	0.00249723841830002	0.014175988525585	9.07589016640612e-05	9.07589016733142e-05
9.04929311433103e-05	0.00212596158155964	0.0216030034786419	0.921587704692822	0.0297183894539666	9.04929310971786e-05	0.0129687771720515	0.00519781073716831	0.00661736702154929
0.00096385693965993	0.000321908793377216	0.0261719174867631	0.912604459886378	0.0292058928699082	0.009955745554812	0.00993316184051139	0.0107502875103494	9.27691182412751e-05
9.27220101009305e-05	9.27220100934912e-05	0.0382408093820843	0.913973121147091	0.0252768131334708	9.2722010081271e-05	0.0123641633169752	0.00977420498000127	9.27220101023137e-05
0.000428900688274675	0.00554809347179464	0.0322589789037718	0.909408717412204	0.035766831115363	8.92063730779485e-05	0.0108942234061828	8.92063730691695e-05	0.00551584225626226
0.0116589996386965	8.7968378555914e-05	0.063143195534994	0.851243585989879	0.0145993148937699	8.79683785544257e-05	0.0243249345530387	0.0347660642539517	8.79683785596199e-05
9.29584193494244e-05	9.29584192942221e-05	0.0316930330537097	0.928514308657919	0.0159876956307464	0.00574952500840603	0.0154344180009344	0.00234214439029004	9.29584193509642e-05
9.02669683345152e-05	9.02669682836376e-05	0.0231314437634672	0.932561218484459	0.0179069410872872	9.02669682759622e-05	0.0142862261915952	0.0082335994795296	0.00360977008876815
8.85987846500906e-05	0.00286478776532607	0.0181675146878088	0.930812352743877	0.0356735177473134	0.00113317227456201	0.0100028181502569	8.85987846194359e-05	0.00116863906158624
0.00194481079788592	9.18148910817763e-05	0.0345463884974498	0.9096513505134	0.029723207055804	0.00208235141512448	0.0138873061131458	0.00285809473587295	0.00521467598023484
0.000445264745084636	0.0228846628341022	0.0194091578524022	0.90950376915636	0.0223443408614814	8.81366973229057e-05	0.0215147176986394	0.00372181345729089	8.81366973163539e-05
9.14512606075187e-05	0.00100644458169	0.0231004308398717	0.926961718100959	0.0247494345966819	0.00597516751685938	0.0136752442196172	9.14512606248886e-05	0.00434865762308825
9.02650695527853e-05	0.00695152212742037	0.0214541235717909	0.920756996318031	0.022154093851246	0.00135382936985662	0.0131636215982654	0.00336768648623166	0.0107078616076051
9.18243334364762e-05	9.18243333998563e-05	0.0345026868609678	0.925045784980478	0.0169030032644864	9.18243334057422e-05	0.0123404440628132	0.00734350785211761	0.00358909997889467
0.00539090962152741	9.40011671481747e-05	0.0461291351004509	0.904801662903237	0.0254863779969719	9.40011670033293e-05	0.00952371766211891	0.00838619321438332	9.40011671592093e-05
0.00129686489575829	9.23470051134598e-05	0.0210982232353233	0.919046954529168	0.0412513131847938	9.23470050940779e-05	0.0112513975926973	0.00577820554693065	9.23470051215002e-05
0.000485501676364835	0.0109862114358877	0.0288263930209318	0.916913307826988	0.0277509152146268	8.89326134135494e-05	0.0147708729850275	8.89326133780607e-05	8.89326133813736e-05
0.0040567102494712	0.0131198078494743	0.0246993930718657	0.913046357253021	0.0280786058762407	8.94835310752658e-05	0.0139211203714258	0.00124527079703335	0.0017432510003926
0.000463825509339143	9.29623704380709e-05	0.0273219644829256	0.92027197181826	0.0255191027666876	0.00491615204801039	0.0159816536304552	0.00533940500341756	9.29623704664945e-05
9.07874066211334e-05	0.0229850229380913	0.0209973117331599	0.924271036986114	0.0120391182389671	9.07874065749805e-05	0.0193443604773145	9.07874065285456e-05	9.07874066288503e-05
0.00250480542294976	0.0107047649078744	0.0219570031240985	0.929639545699525	0.0154512394141686	9.16955213206286e-05	0.0150650828294859	0.0044941675592365	9.16955213406183e-05
0.000689208485993166	8.94328760237136e-05	0.0314519390803238	0.935324197941079	0.017359462862872	8.94328759382015e-05	0.0104660176646247	0.00135518179746043	0.00317512641568439
0.00183239143843022	0.0036911180001023	0.0269521739550803	0.921812733318719	0.0283092640450392	0.00449116225515327	0.0097278394753078	0.00309193699104529	9.13805211228615e-05
8.88406440054125e-05	0.0167570460652095	0.0246539396378868	0.919916672894072	0.0238180718048508	0.00134282573442851	0.00941188619720998	8.8840643979421e-05	0.00392187637835726
0.00187340668309093	9.32942086820127e-05	0.025779566812748	0.931145791672204	0.0188738019012235	0.0112808309748596	0.00987439893752755	9.32942087004608e-05	0.000985614600963414
8.85726437966526e-05	0.0168750239740941	0.0217140046560016	0.908100731652933	0.0396318447269917	8.85726437797239e-05	0.0114467953693813	0.00196588168922606	8.85726437962638e-05
0.000879947386680991	0.00747568940178919	0.0273775253821275	0.918014895265789	0.027600377626954	0.00547973362903075	0.0124922450771919	0.00058922165543597	9.03645750007895e-05
9.34275468957521e-05	0.00580223371815926	0.0328165510001711	0.930171576512836	0.0140082944168309	9.34275467898675e-05	0.0107855629308708	0.00295032214642998	0.00327860418101671
0.00597187435377371	8.94265717986088e-05	0.0831094496636335	0.831609661061677	0.0240668196477859	8.94265717790431e-05	0.0193298820032707	0.0325039231508345	0.00322953697544684
0.00193062337400848	9.04365633516242e-05	0.0279843166759958	0.937428569722568	0.0205618568431315	0.00254485382787245	0.00927846986622604	9.04365634626712e-05	9.04365633838434e-05
0.000955867796181924	0.0142188288731538	0.0177722179767802	0.915847389835889	0.0289133157909427	0.00875822529859078	0.0104774814906475	8.85019710256619e-05	0.00296817096678801
0.00102600275921975	0.00379560071575848	0.0320281535223693	0.916287334355897	0.030072842930469	9.31902083630851e-05	0.0115833198757436	0.00259400267924928	0.00251955295293007
8.91699641644776e-05	8.91699641433976e-05	0.021711176991411	0.943384680409863	0.0206710796000756	0.00493470250763957	0.00666310310280676	0.00236774749573689	8.91699641597179e-05
9.16537800554093e-05	9.16537800146706e-05	0.0262863430510062	0.934841464102684	0.0241836843448292	9.1653779975565e-05	0.0142302396013714	9.16537800112165e-05	9.16537800524739e-05
0.00146860686636085	0.00975710042793049	0.029836823223659	0.912871827739175	0.0318577340934277	9.14281240217278e-05	0.0126529228369836	0.00137212856440056	9.14281240414126e-05
9.27875863198706e-05	9.27875862890505e-05	0.0257168402050238	0.92430996434592	0.0186363124412179	0.00480546949421025	0.0093510458030905	0.0091652459098328	0.00782954662809601
0.00501661609207926	0.0109722924988095	0.0200744860817882	0.909752258125879	0.0337085848338768	8.7801764453702e-05	0.0202123570738988	8.78017647129538e-05	8.78017645016137e-05
0.000407998390702014	0.00586127358293711	0.0223066209749442	0.930353852144481	0.0170876755054631	0.00431265862406104	0.0145472270892181	0.0050355441752982	8.7149512895586e-05
0.00171456557505798	9.31137944764702e-05	0.0373922551129616	0.920843794089764	0.0188731216896017	9.31137944222746e-05	0.0127237935299435	0.00817312861932797	9.31137944449652e-05
8.74917840059852e-05	8.74917839196971e-05	0.0319601068925205	0.926921325191386	0.0132116347527657	0.00278249443101831	0.0105593740628756	0.00314745318597688	0.0112426279155313
0.00227066264141455	9.42130393108171e-05	0.0321669716071278	0.931659133947333	0.017590908622068	0.00748731310782126	0.00854237095619004	9.42130394079329e-05	9.42130393264095e-05
9.07693103795088e-05	0.00598705350890007	0.0217684616251101	0.914869870709951	0.0206130560262176	9.07693103705494e-05	0.0180159880134329	9.07693103550207e-05	0.0184732621852835
0.00468884206698394	0.0228840339863281	0.0234361959481747	0.907932107270541	0.0269399448150145	8.95610948124981e-05	0.0138501926283652	8.95610948961857e-05	8.95610948834547e-05
0.00177131496241385	9.20093905521911e-05	0.0292937234362097	0.9235393183517	0.0339058968046644	9.20093905488867e-05	0.00786777074482153	0.00334594752852791	9.20093905616228e-05
0.00163648348837053	0.00320701646773329	0.0279011011607619	0.928034828166817	0.0268030108698188	9.29287318103577e-05	0.0109420310755847	0.00128967130726741	9.29287318363611e-05
9.12821758563203e-05	0.00658199988249079	0.023432032607927	0.934975431450345	0.0220344727172119	9.12821758536218e-05	0.00990851789716902	0.00279369891728861	9.12821758578718e-05
0.0220310627545777	8.88955217477981e-05	0.115122244474471	0.807405328894094	0.0206648206146597	8.88955217957293e-05	0.0134165180006815	0.0180115137863572	0.0031707204316156
0.00218743590376823	0.00343702084713474	0.0262062749501263	0.908262005768605	0.031801112669967	0.000381277006009545	0.0136407071334344	8.97990628773376e-05	0.0139943666580771
0.000979619376173127	0.0129686416323578	0.0170899465082594	0.904496750491076	0.0362863078555599	8.85443783246653e-05	0.0191086994531964	0.00831558062421048	0.000665909680842591
0.00303720581320119	0.00493317215751213	0.0350779224242497	0.921206578151451	0.0227947312890845	9.19367672722403e-05	0.0113132989164641	9.19367673260527e-05	0.00145321771343866
9.16700897579142e-05	9.16700897224202e-05	0.0315825727954354	0.923771564544867	0.0287977334141846	0.0082571832137061	0.00722426567284679	9.16700897127422e-05	9.16700897674997e-05
9.13052227197e-05	9.13052227539448e-05	0.0482052656116753	0.89973581607499	0.0249886170157801	9.13052227176792e-05	0.0106292199699032	0.0160758604367365	9.1305222723478e-05
0.00192883092703013	9.26009593085377e-05	0.0314496575327677	0.924826589728747	0.0197697178538339	9.26009592945933e-05	0.0126661039293805	0.009081297150318	9.26009593193288e-05
9.13903421771849e-05	9.1390342179355e-05	0.0387154344891037	0.899836705754356	0.0283884521183858	0.01652142056248	0.0107107019653355	0.00555311408379687	9.13903421852929e-05
8.92141701571113e-05	8.92141701553969e-05	0.0330509088103557	0.92757642142664	0.0242794755525828	8.92141701327749e-05	0.010582498949386	0.00344329586121713	0.000799756889373486
9.39187026648466e-05	9.39187026588868e-05	0.0379862753632016	0.894596895983051	0.0450088113204841	9.39187026458236e-05	0.0117457446635248	0.00950347666607413	0.000877039895694361
0.00197548672619734	0.0024858185506728	0.0260734398211518	0.936712426042218	0.0230912395411127	8.95397753428952e-05	0.0093929699924717	8.95397754080565e-05	8.9539775424508e-05
8.94995988057836e-05	0.00917715927935885	0.026952215794581	0.926147283185911	0.0191998909458735	0.00107158778916474	0.0157452867559745	0.0015275770515235	8.94995988067458e-05
0.000137979616472057	8.95740745752352e-05	0.0253370730422072	0.915839149221453	0.0299473467868233	8.95740745504472e-05	0.013852387477585	0.00642165217399231	0.00828526353234118
9.3111669275356e-05	9.31116692785664e-05	0.0316027929437628	0.926127337135667	0.0154543508411327	0.00900190155805672	0.0118027465168626	0.00573153599668842	9.31116692760942e-05
0.000924829942458766	0.00227762683341521	0.0234297961221539	0.92065382395718	0.0196007665669689	0.0183685509432795	0.0114016842992092	9.06143793773997e-05	0.00325230695595701
9.19905197098164e-05	0.00176633235379935	0.0275835934985002	0.922553948101802	0.0359008072143917	0.00198422776065882	0.00972285326556132	0.000304256765872623	9.19905197037369e-05
8.98721878044772e-05	8.98721877842593e-05	0.0290697028449634	0.921508540695402	0.031020388371823	0.00705471110791016	0.00623505255607299	0.00484198786043485	8.98721878051492e-05
9.18181005092312e-05	9.18181004945315e-05	0.0297844002298268	0.924487000908746	0.0313549421897007	9.18181004932728e-05	0.0111926134237531	0.00281377084596587	9.18181005110362e-05
9.00877506075867e-05	0.00511324909277821	0.0277613877521586	0.910666162359633	0.0468037475754392	0.00335187906527589	0.00603331090282169	9.00877506738215e-05	9.00877506119836e-05
0.0012060758238204	9.10998892500699e-05	0.0365253163435178	0.922711145203941	0.0211855226576117	0.0110178216053772	0.00708081869799363	9.1099889219261e-05	9.10998892686216e-05
9.03506882431457e-05	9.03506883752458e-05	0.0173636480696637	0.93930744203289	0.0239990264948068	9.03506882280493e-05	0.0136670917064699	0.00530138894308064	9.03506882425095e-05
9.42704745998269e-05	0.00356965921273031	0.04349785743662	0.907068745210978	0.0212582824693306	9.42704745604319e-05	0.0109599224523475	0.00430884232042876	0.00914814994840468
9.25220487502311e-05	9.25220487302185e-05	0.0285109067942424	0.925472028589785	0.0176901016436595	9.25220486674487e-05	0.0112515959835572	0.00670024068175992	0.010097560160848
9.28483136475286e-05	9.28483135044535e-05	0.0259894321218609	0.927899453650604	0.0264324498466715	0.0066041420166021	0.00793668709768853	0.00485929032577414	9.2848313646527e-05
0.00358874264020288	0.0122313057193837	0.0244004252220944	0.927727400118473	0.0213683473754945	8.90473246661474e-05	0.0104166369505013	8.90473245341681e-05	8.90473246498901e-05
0.00105279077296234	8.88947610845021e-05	0.0298964872167626	0.922364445204085	0.0286450313789201	8.88947611070129e-05	0.00900347614299915	0.00402441439763539	0.00483556536444391
8.83147422618639e-05	0.00372269670846564	0.0213218702584565	0.932468536882689	0.0168079254944818	0.00631510201083725	0.0164984002807355	0.00268883887980787	8.83147422648296e-05
0.000352690291390917	0.00509391259326169	0.0213701709540802	0.921598503994312	0.0385574568479905	0.00332819563453066	0.0074463809948696	0.00216196292370027	9.07257658638204e-05
0.000146760770964681	8.81854491313565e-05	0.0290598193883883	0.925962918658887	0.0237903047080566	8.81854489499043e-05	0.00861864192225531	0.00608834312172296	0.00615684053164383
0.00175405911513366	0.001794001628721	0.0382394516281058	0.921029761659919	0.0211806616778543	9.4485682455648e-05	0.010123164962938	0.00568992796239733	9.44856824755658e-05
9.07688358345017e-05	0.00122003007872289	0.0397083202037199	0.91891996542129	0.0199944347325037	9.07688358245659e-05	0.0125852936177587	0.00729964943851096	9.07688358351081e-05
8.9310303699514e-05	8.93103036718837e-05	0.0212436639202013	0.919798103182089	0.0323680365893512	0.00993881283106353	0.0106840885759911	0.00152207477776607	0.00426659951616594
8.9749514653356e-05	0.00494787208256093	0.0226376348483939	0.93891023183645	0.0204397093241233	8.97495145974711e-05	0.0127055538499117	8.97495146521691e-05	8.97495146576804e-05
9.36053722280935e-05	9.36053722608068e-05	0.0284153174255729	0.919839720016323	0.0227013389745136	0.00391988395766691	0.0130776910149843	0.0117652324942143	9.36053722360222e-05
0.00467221353177648	0.00275464892880321	0.025102693092911	0.942234968787249	0.0128139973312062	0.00199699600734601	0.00797505506065198	8.86635648415039e-05	0.00236076369521432
0.00352315181871081	9.11781518680207e-05	0.0291013772431442	0.916048440357045	0.0261606176531601	0.00981897748053366	0.00969441046333169	0.00491734999782035	0.00064449683438569
9.24158021362124e-05	0.00231402574546971	0.0271761425222306	0.920671241502415	0.029899331056602	0.00763781056943906	0.00905660984527605	0.00306000715429334	9.24158021378349e-05
0.00161403379941497	0.00410350126034262	0.0240170190621422	0.923827239464243	0.0229531522140738	0.00320686339533388	0.0145250803372102	0.00284481771874023	0.00290829274849869
8.94738505337101e-05	8.94738505057838e-05	0.0268600049550487	0.924151513861852	0.0215051462420809	8.94738505266739e-05	0.0141920264461149	0.0129334130927948	8.94738505424369e-05
8.9554813386393e-05	0.0177788648893684	0.0209717930292448	0.932785867853419	0.0175600710400272	8.95548133576974e-05	0.0105451839343663	8.95548134471228e-05	8.95548133829348e-05
0.000157894071610239	0.0122545006107511	0.0483799428376351	0.905617913658558	0.0187600602039427	0.00399346731196504	0.0106487611560433	9.37300747303282e-05	9.37300747645052e-05
8.80345837245973e-05	0.0216187586566746	0.00998634782328271	0.919186925476708	0.0247490237093736	8.80345836816354e-05	0.0199734966989872	8.8034583819243e-05	0.00422134388374822
0.000505715152860623	0.00195356909142912	0.0311711599095136	0.93651459389498	0.0162541335538702	8.94778125988424e-05	0.00690984404956101	0.00651202872257472	8.94778126117787e-05
0.00713896925639315	9.03214935342496e-05	0.0518118573538714	0.87849116817239	0.0286060324893163	9.03214935507206e-05	0.0131476744396118	0.0205333338077809	9.03214935512283e-05
8.96749298724374e-05	0.00772509203560168	0.0253934925525542	0.929921579514564	0.0218355594050636	0.00167737414683426	0.00666614628966438	0.0044365602292731	0.00225452089657262
9.40915153865214e-05	9.40915153709702e-05	0.0299654909984167	0.92293982287331	0.0358744364958744	9.4091515378926e-05	0.0077881133314286	0.00305577023944743	9.40915153860776e-05
9.05345158624818e-05	9.05345158343353e-05	0.0227675053566555	0.933267722533639	0.0319780246771291	9.05345158210942e-05	0.0115340748533865	9.05345158101633e-05	9.05345158622321e-05
9.32600072171734e-05	0.00248407391768778	0.038466121938133	0.9186263401333	0.0243460867149742	0.00240242276868175	0.0119237126429331	9.32600071177954e-05	0.00156472186995469
0.00244736305014432	8.80054517455999e-05	0.0217420347344184	0.921509877338268	0.0319274846619577	0.00266706743541803	0.00884299865101625	0.00967905997362765	0.00109610870340421
8.94667727592007e-05	0.000477120932476956	0.0176913584246654	0.93596057535304	0.0185546042513884	0.00736720016571033	0.0117811414233853	0.00769467804958247	0.000383854626991468
0.00254351799096907	9.13469889833555e-05	0.0260911269028013	0.929144761746702	0.0300137300433793	9.13469889589266e-05	0.0101288711803266	0.00180395116890859	9.13469889711767e-05
0.00199985617075563	9.10564812178751e-05	0.0462198894481108	0.917488957027775	0.0137695505466827	9.10564812139098e-05	0.00820049840688894	0.0114435154743746	0.000695619962980467
8.8263266650231e-05	8.82632666242322e-05	0.0265384494257584	0.918923059617274	0.0344568938250115	0.0108798610434295	0.00884868302191455	8.82632666852861e-05	8.826326665224e-05
0.0051179995484391	8.83434947155723e-05	0.0274735833692937	0.909646307135973	0.0343917135659207	0.00145782127787901	0.0138444230875195	0.00789146502552283	8.83434947360906e-05
9.31865508950007e-05	9.31865508852955e-05	0.0267997275885064	0.931517043876532	0.0262570165761262	0.00307982767695237	0.00932717665396193	0.00271718284190257	0.00011565168423813
9.147402966279e-05	0.000519345766602299	0.0225940954662309	0.921380247928075	0.0378713337026268	0.00698532368847115	0.0103752313591197	9.14740295495532e-05	9.14740296617453e-05
0.00744523751588764	9.20028777823423e-05	0.0659658384105281	0.872624034771256	0.0184136695450054	9.20028777767203e-05	0.0150025128059585	0.0156491109697661	0.00471559022603882
0.00266915412718817	0.00364282479040967	0.0260904895733729	0.934816796145795	0.0230677797849685	8.86251964809442e-05	0.00944707998890998	8.86251963551299e-05	8.86251965197254e-05
9.09534033065371e-05	0.00292014998980619	0.0278989872579247	0.925028943467494	0.0289233541543743	9.0953403247702e-05	0.0148647515172255	9.09534033102104e-05	9.09534033104691e-05
9.29634196043238e-05	9.29634195795357e-05	0.0253636192439421	0.92276885710121	0.0356383715586945	9.29634195844931e-05	0.0102130130514075	0.00564428536637325	9.29634196041672e-05
8.83095557629419e-05	8.83095557219487e-05	0.0244960722991437	0.919768469819869	0.0387007412149215	0.00827544355875182	0.00840603488433831	8.83095557290411e-05	8.83095557621256e-05
8.74379881399571e-05	0.00433576281041385	0.0253656259983948	0.921222045578962	0.0307605268801679	0.00514654018725103	0.0101976383317981	8.74379880858375e-05	0.00279698423678691
8.80730763786702e-05	0.0106050006724063	0.0249921178862182	0.918847660405738	0.0280169127150902	0.00262770571688395	0.00897278333853096	0.00396781871396847	0.00188192747478526
9.06069187649195e-05	0.00867977125179793	0.0307857619715829	0.884621186412422	0.0420308002458581	0.0126555124126429	0.011471617591744	9.06069187430806e-05	0.00957413627644384
0.00701060753930155	9.10120942243766e-05	0.0338468786416069	0.907194188975356	0.0284580449174526	0.0116308420378173	0.0115864016057125	9.10120942738578e-05	9.10120942549036e-05
9.05868005084032e-05	0.00338256735995396	0.0166091061190504	0.93404607559916	0.0275458362150613	0.00250528605741371	0.00946889412769671	0.00626106092064325	9.05868005123663e-05
9.34759730835454e-05	9.34759730608913e-05	0.0289302193080116	0.928843011420878	0.0172793348602371	0.0118473379066606	0.0127261926120189	9.34759729650416e-05	9.34759730839504e-05
0.00874983767167208	0.00837022958699207	0.0196333049269353	0.914389751230234	0.0246893363710218	8.87699737903754e-05	0.012392972890637	0.00232458265620388	0.00936121469251311
9.09793674769681e-05	0.00285593659353209	0.034566018704449	0.905202952242147	0.039122405676306	0.00447832451512272	0.00997155445514687	0.00362084907834235	9.09793674770884e-05
0.0023242554910433	9.21035876812196e-05	0.0499137559826039	0.878428159295371	0.0233937097648897	9.21035875469017e-05	0.0189196455003097	0.0215498823831799	0.00528638440737377
0.00138650542297409	0.00634354039233999	0.0270606924415102	0.909547082068052	0.0299412542503669	0.00481471646842546	0.014506204194678	0.00360613563098514	0.00279386913066854
9.0797810879172e-05	9.07978109707478e-05	0.026672911671721	0.905183865513368	0.0475226225503388	9.07978108921785e-05	0.00702168322595865	0.0130362551481423	0.00029026845772913
0.00368013668419871	0.0103431410227852	0.0219510570480305	0.915580572334891	0.0364943572218294	8.80708069739791e-05	0.0116865232671767	8.80708070625818e-05	8.80708070518232e-05
0.000472725326788523	9.43806999525786e-05	0.0365940306008495	0.918882039562329	0.0128243285821354	9.43806998848459e-05	0.0154467804389655	0.0143664710343939	0.00122486305470126
8.84207460129588e-05	0.0110565582795691	0.0200353931453139	0.914896987486578	0.0236602754544147	0.00277463751047582	0.0161058326584576	0.000320878422026313	0.0110610162971511
0.00218491560110731	0.00602273684415103	0.0185268499489912	0.928667018815394	0.0265686978407919	8.84056394658035e-05	0.015854765529356	0.00199820414121063	8.84056395320207e-05
0.000130711228116747	0.000130711228131748	0.0303362133248742	0.899671302211901	0.0498111214230308	0.000130711228182706	0.0104899756066162	0.00565243796409886	0.00364681578504799
0.00250310837102187	8.92692045105198e-05	0.0302322789664739	0.913349584440071	0.0262471446075429	8.92692044958721e-05	0.0116501888140952	0.00856499832953591	0.00727415806225254
8.9086490097555e-05	0.00682212625298016	0.0320251213448231	0.933772934745121	0.0161648228014269	8.90864901325816e-05	0.010858648895183	8.90864901392619e-05	8.9086490096853e-05
0.00123904510349994	9.24826754437445e-05	0.0355565377219564	0.920832842663266	0.0290932820819136	9.24826753461547e-05	0.0074783513095638	0.00552249309368473	9.24826753252342e-05
9.43682800621998e-05	9.43682800324429e-05	0.0370808636044757	0.925788401119055	0.0158388881727256	0.00955463169776454	0.0105041233805513	9.4368279979059e-05	0.000949987185353531
9.32515501769884e-05	9.32515501732961e-05	0.035300486209894	0.920235476957899	0.0306055285168986	9.3251550161909e-05	0.00939621014430659	0.00408929197030994	9.3251550179463e-05
0.00528166165215975	0.00395929621908966	0.020119705526826	0.921991356798479	0.0176624195515843	8.9399186259931e-05	0.014850017444985	0.0159567444343214	8.9399186294419e-05
9.10591363823614e-05	0.00444950642685206	0.0368048560927471	0.915189682938285	0.0325733186197468	0.00460988589985929	0.0060995726134529	9.10591362896242e-05	9.10591363847139e-05
0.00211358751062453	0.00846653031069165	0.0263393843286229	0.908333899995344	0.0285320352274489	8.98655514049035e-05	0.0116772070086252	8.98655513861034e-05	0.0143576245158517
8.91912702229372e-05	0.00253409211158429	0.0217796662894802	0.92282135624951	0.025590717643008	0.0161264815315876	0.00731533869696056	8.91912702221591e-05	0.00365396493742457
9.25437932328266e-05	9.25437931756327e-05	0.0282566211906398	0.921027531437619	0.0320992546890946	9.25437931766919e-05	0.00807850338109467	0.000864510826273073	0.00939594709569389
9.07266185229266e-05	9.07266184573034e-05	0.0198311423290281	0.947015260041837	0.0163657965614257	9.07266184441826e-05	0.0152226830065652	0.00120221158720227	9.07266185177203e-05
8.94518183655086e-05	0.00748815950245909	0.0236973524346963	0.926265353088615	0.0270751613166796	0.000985923982258554	0.00780054121064231	0.0036483480182777	0.00294970862800583
0.00283972872206058	9.20547574764856e-05	0.0402630820347512	0.91631991852662	0.0161587758206006	9.2054757491404e-05	0.0125489402451644	0.0115933903783599	9.20547574758257e-05
8.83162828837635e-05	0.00322583679672151	0.0239228527651816	0.923542845896643	0.0185657255115081	0.00239713979974918	0.013167965388504	0.00344877611876949	0.011640541440039
0.00701958201949349	0.0202811748667097	0.0252022888776231	0.9132022137118	0.0232078383877386	8.88253500632786e-05	0.00638343205705635	0.000464388845698932	0.00415025588381687
0.00249594394642773	9.19396325398353e-05	0.0254836747931879	0.909502397254256	0.0358526783813234	0.00240544608354931	0.0120137452071189	0.00498121355411068	0.00717296114748633
9.09584613403441e-05	0.00296708478373788	0.0267767513844269	0.93883423131537	0.0192507698511515	9.09584613287129e-05	0.00826731668272094	0.003630970598579	9.09584613445007e-05
0.00165510821592625	0.00653543406443151	0.0197492112697384	0.932352988946249	0.0227117904288791	8.93135810134888e-05	0.00942409772265202	0.00739274219008035	8.93135810297599e-05
0.00453020966347112	0.00923305878103202	0.0225079552676439	0.924744798588567	0.0229769373456113	0.00119019654731936	0.0126721104273063	0.00205549164414581	8.92417349030613e-05
9.45463224100745e-05	0.0018535370706397	0.0265148038875233	0.930817598303262	0.015958041801019	0.00765879329002269	0.0124732479435473	9.45463224421629e-05	0.00453488505913378
9.38255124157868e-05	9.38255123582445e-05	0.0378222724854054	0.924551152658384	0.0219576940569686	0.00335023496711534	0.00721098311248609	0.00482618618245338	9.38255124134275e-05
9.19490187189636e-05	9.19490186514892e-05	0.0247831380013078	0.922106343962571	0.0305481709735265	0.00287730491227478	0.00927756705380965	0.0093666988367338	0.000856878222406664
0.000189196466655432	0.00798536000914199	0.0167827312141427	0.940453651355429	0.0199084552283901	9.02951950220984e-05	0.0144097201410759	9.0295195063343e-05	9.02951950799464e-05
0.000686824011522486	9.43425249489414e-05	0.0317009738908461	0.916248513476638	0.0240442701516799	0.0068536126913439	0.0156141264342053	0.000329051536440604	0.00442828528237512
9.08084638492556e-05	9.08084637725328e-05	0.044321795752967	0.919575062935203	0.0150952059988343	9.08084637877147e-05	0.00976262431072025	0.0108820771470203	9.08084638456963e-05
0.000976669248724378	0.00476195301494368	0.0260233803312533	0.922968485179385	0.0253286300725558	0.00858300481807024	0.0111753972477383	9.12400436190535e-05	9.1240043710344e-05
9.11670615727956e-05	0.0035404271373357	0.0201831109611047	0.935769610693522	0.0263005143385286	0.00362268995397965	0.00931279378802805	0.0010885190043616	9.11670615665244e-05
9.11315787786394e-05	0.00643920900463428	0.0210831393835446	0.929686167558026	0.0275724056428501	9.11315787777148e-05	0.00989705103964563	0.00504863263495984	9.11315787828546e-05
0.00246898785158346	0.000222287135709879	0.0289890790146373	0.909747373384863	0.0417915159239421	9.2173296189144e-05	0.0134576885118633	0.00260777270601265	0.000623122175199134
8.98299841212814e-05	0.0111548375829546	0.0283605803094554	0.93001347124265	0.0181351714515198	8.98299841060907e-05	0.0100635342438487	0.00200291521722035	8.98299841235159e-05
8.94987300068571e-05	8.94987299955822e-05	0.0243345251493411	0.941713649515797	0.0198346807041602	8.94987300025482e-05	0.0100533639905367	0.00370578572015663	8.9498730003162e-05
8.99715810651243e-05	0.0102187066219397	0.0260852341166074	0.923660957643639	0.0242485293545473	8.99715809476002e-05	0.0135663134283519	0.00195034409184327	8.997158105908e-05
0.00159994670665615	0.0128866240053071	0.0242764440116295	0.930487480908298	0.0183749812614964	0.00219559496438426	0.00999902180366185	8.99531692636978e-05	8.99531693027067e-05
8.81268709919741e-05	0.00749121520099617	0.0182609184588031	0.926472483540468	0.0254635001977891	0.00404341922110401	0.0102892456267836	0.00462831400432126	0.00326277687874311
9.02014520108677e-05	0.00692597165705047	0.026074855532082	0.92139194602046	0.0316672686913409	9.02014519822197e-05	0.0135791522910334	9.02014520341293e-05	9.02014520061491e-05
0.00447819379728794	0.0102522358818396	0.0216984087283473	0.912325276843746	0.0258919332738075	9.09136575045521e-05	0.0121783804192824	0.0125732079047953	0.000511449493389453
9.1730153314738e-05	9.17301531880414e-05	0.0222593781681084	0.938369680054953	0.022968536289477	9.17301533731006e-05	0.0123226263915134	0.00371285848273789	9.17301533343223e-05
0.00103969069366205	0.00057578298719406	0.0273935032088135	0.927247505934997	0.0209888612718928	9.24839093042265e-05	0.00892927826614031	0.0136404098185977	9.24839093985601e-05
0.00121271879549071	0.00212094973358703	0.0374763115906846	0.910841056830693	0.030028000567072	0.000625894775229322	0.0129615780290018	0.00422734058743846	0.000506149090803385
8.97134032590296e-05	0.00633558474546209	0.0235290721632543	0.937066522782661	0.0242513914844405	8.97134032368524e-05	0.00845857521117646	8.97134032517026e-05	8.97134032576796e-05
9.3698723028296e-05	9.3698722978273e-05	0.0305799572823002	0.917195329560243	0.034838646213465	0.00327436470358777	0.011386784362252	0.00244382170911259	9.36987230327744e-05
9.09437328906707e-05	9.09437328999428e-05	0.0159825366027965	0.926801638467868	0.0349747854588325	0.0107611222839205	0.0110392146205834	9.09437327571465e-05	0.000167871367451289
8.83380101103483e-05	0.000955362198098763	0.0278743201526188	0.920526563826695	0.0345360470237934	0.00627347248736575	0.00873400125943519	0.000923557031768792	8.83380101143981e-05
8.92435033368759e-05	0.0119143584227412	0.024337145057702	0.912786581428795	0.0377006866993195	8.92435033429129e-05	0.00830881324183929	0.00468468463958452	8.92435033383228e-05
0.00579735610383539	9.19385831697761e-05	0.0266753372763203	0.918384420824194	0.0284093669504864	9.19385831311139e-05	0.015649651113494	0.00480805198219954	9.19385831693234e-05
0.0124827496532442	0.0167201654445545	0.0222239144727164	0.913883407515636	0.0141277525684279	8.9092215404546e-05	0.012670644019526	0.0077131818951094	8.90922153807326e-05
9.40124566541656e-05	9.40124566397873e-05	0.0358995599454039	0.922385763580549	0.019190207082875	0.00591071165715249	0.0100566474906058	0.00627507287347092	9.4012456648836e-05
9.01103765771332e-05	0.00484293426474846	0.0224233457905379	0.931760014013193	0.0222121948589822	0.00836798542021311	0.00899985140817857	0.0012134534909938	9.01103765756901e-05
0.00104237261228268	9.14883051806058e-05	0.0308504032554049	0.916858952259444	0.0325933488786894	0.00691695090164556	0.00760138748157492	0.00395360800049964	9.14883052779319e-05
8.88808170925591e-05	0.000691392015974109	0.020662490734857	0.905372860892046	0.0308014682328821	0.00256841167379777	0.0112478054794445	0.00577304161422368	0.0227936485396825
0.00944527379647658	0.00275722236325612	0.0172299200517098	0.920785867788552	0.024367765019638	8.92690820601965e-05	0.0105058211456682	0.0122730521682514	0.00254580858438824
8.99528218928716e-05	8.9952821867321e-05	0.0304627757501543	0.928998906809559	0.0205027393058908	0.00184466546022938	0.0111206397016922	0.00680041450681987	8.99528218943441e-05
0.00174899406330153	9.17616700254113e-05	0.0243931353921583	0.92686980266387	0.0311820004651206	0.00782113869633389	0.0077096437091981	9.17616699958442e-05	9.17616699968078e-05
0.00366356199773958	9.02694035062754e-05	0.0779600213460339	0.867598256298004	0.018510396590293	9.0269403527619e-05	0.00822935030750502	0.0237676052498691	9.02694035215116e-05
0.000905249396962417	0.0051414220832384	0.0268048799237876	0.921065860802242	0.0240778168489229	9.24874073012719e-05	0.0130785407266125	0.00874125540361812	9.24874073149978e-05
0.00129347780031338	0.00314817461719291	0.0291555903272768	0.936371508785197	0.0196279552523264	0.00181011912883503	0.00419339169253204	0.00430960842196231	9.01739743640446e-05
