Bcells	CentralVeinEndothelialcells	Cholangiocytes	Hepatocytes	Kupffercells	LSECs	Mesothelialcells	PortalVeinEndothelialcells	Tcells
0.00192255857881679	0.00255260183156917	8.94146605064977e-05	0.956842491539504	0.0151941699037096	0.00841182530161848	0.00618525260013476	0.00552373790179313	0.00327794768234769
0.00165524007898728	0.00620069120555354	0.000127762568876724	0.959747244741974	0.0176409501740201	0.0102280790157717	0.0041445070770755	0.000127762568924231	0.00012776256881693
8.92526080730588e-05	0.00293906933285255	8.92583712111147e-05	0.984492401934729	0.00841192432683152	0.00273311401314168	0.00106646267052829	8.92583714159062e-05	8.92583712166421e-05
0.000128262468606258	0.000916056754466887	0.000128262468572079	0.964024643533269	0.0165709288137211	0.00573096159170424	0.00757313768909173	0.00274830263559905	0.00217944404497006
9.37677133264147e-05	9.37677132999557e-05	0.00618271429774212	0.954533129071008	0.0247475952945555	0.00131822241617893	0.00858405801924992	0.00435297776131693	9.37677133226103e-05
0.00172429317265302	8.7975215305282e-05	8.79525921405347e-05	0.968342222753759	0.0103456249740193	0.00955607404064012	0.00967995206728018	8.79525920425226e-05	8.79525921600777e-05
0.00618258134043832	0.00906217727337179	0.000986224472843346	0.95550476389891	0.0141201000203537	0.00734259485384486	0.00654778079789715	0.000126888671223486	0.000126888671116893
0.00621694995197505	0.00419987334513483	9.18963016360453e-05	0.956635930796177	0.0198711711321426	0.00859352445108625	0.00420686141840515	9.18963018577088e-05	9.18963015849131e-05
0.000126849368693234	0.00135530410814596	0.00302526052202959	0.948929475177179	0.019971921887529	0.0177025579066696	0.0086349322922641	0.000126849368769005	0.000126849368720103
8.87447712103144e-05	0.00470599659366536	0.00194521231754144	0.975206172778414	0.0166427918004794	8.8744771102068e-05	8.87447711760682e-05	0.000318487520374393	0.00091510467603742
0.00497105169374468	0.0075123519577876	0.00519999846007418	0.94712618136586	0.022651487348132	0.000126571709045436	0.0107471612145048	0.00153862454189259	0.000126571708959065
0.00143371968589116	0.00926838753172275	8.95610347945606e-05	0.972574369903636	0.00826997779878679	0.00274137967919785	0.00419311725952264	0.000721124908859253	0.000708362197589415
8.75048322076907e-05	0.00903108603914724	8.75048321601164e-05	0.943747897933931	0.0143202265255034	0.0129574754343929	0.0136919542161588	0.00598884535423458	8.7504832263812e-05
0.000265713398080851	0.000130799185053859	0.00225302144738623	0.953813078812939	0.0242949595060457	0.00649189131465948	0.00855931178539209	0.00167758520691197	0.00251363934353107
0.00226613662929172	0.000131394799355101	0.0244461823567565	0.946553539251541	0.0082630197535379	0.000670926299389838	0.00519634317208144	0.00919812189644131	0.00327433584160502
0.00153819811464498	9.357303035157e-05	0.000456830232602494	0.961384731557664	0.0142513391248709	0.00832846054582547	0.0134046442873956	9.35730304165485e-05	0.000448650076227912
0.00135217200595244	0.00335984114027939	0.00335935767523883	0.968344559854477	0.0128678062204019	0.0059873516207396	0.00454988930420342	8.95110894035894e-05	8.95110893040488e-05
0.00502709432214399	8.90867293149679e-05	8.90867294071104e-05	0.955294808940975	0.0240094601887251	8.90867294826467e-05	0.00567527411976355	0.00376607528990139	0.00596002695028648
0.000133350580578193	0.000133349737698533	0.0115803805065651	0.944356247434834	0.0185387070120452	0.00763736233011523	0.00471108836390383	0.0127761632957451	0.000133350738515024
0.000837677254524717	0.00398421076945696	0.0080964394870201	0.956409251412511	0.021151637267877	9.20685585176513e-05	0.00649678161147973	0.000701114639532648	0.00223081899908063
8.94092200161049e-05	8.94092199791721e-05	0.0330847665737435	0.91086661665556	0.0162456533129158	8.94092199836795e-05	0.0127817214450898	0.0266636051327106	8.94092200015183e-05
0.00390890768223662	0.000134252707781438	0.00532431794396535	0.943552443077078	0.0261423339063583	0.0121453151522154	0.000818603621701049	0.00656052450066979	0.00141330140799396
0.00399257074136782	9.06130390769091e-05	9.06130390186479e-05	0.976233233108805	0.0124400442220871	0.00344772533334734	0.00231415245621932	0.00130043502106376	9.06130390141031e-05
9.3905544078374e-05	9.39055440129479e-05	0.0018441844587953	0.970068001763455	0.0130856539024573	0.00501292948398585	0.0067266511684022	0.00298086259072295	9.39055440902532e-05
0.00065570059463722	0.00668409818839196	0.000947983256118032	0.946704277249088	0.0295639322443678	0.00400897757313084	0.00854533357437115	0.0022363915403771	0.000653305779518366
0.00856377682202871	0.0106836910891276	8.97221110803609e-05	0.949258892515914	0.0218303804549731	0.00188878276941878	0.0069338732855715	8.97221112048337e-05	0.000661158840680655
8.85803080425687e-05	0.00794576872302933	8.8580308079809e-05	0.960488477897794	0.0144891366993434	0.00959949113499401	0.00627063268733368	8.85803079617532e-05	0.000940751933421232
0.00456215983994829	0.00153440149265722	9.27495547396913e-05	0.944053577303962	0.0275526026367465	0.00269985724988403	0.0094916629614609	0.00992023940585238	9.27495547494146e-05
0.00221390386456271	0.000489355933911027	8.94492001359355e-05	0.978408111441053	0.00987557705045677	0.00174861099041332	0.00188113048506609	0.00395579976500263	0.00133806126939862
0.000671927942738569	0.00569677512402382	0.00207353946304143	0.958761580073339	0.0123745927838353	0.00113236705825915	0.00812772719644709	0.00840483289622192	0.00275665746209355
0.000131479543146719	0.00013147954321242	0.0517340286200373	0.90828802422717	0.0141506381230999	0.00727342931893409	0.013661378782394	0.00449806229885006	0.000131479543155086
9.17764782921409e-05	9.17764783141211e-05	0.00264586180758491	0.962392624868623	0.0127466729720617	0.00820042113800708	0.00639389853935773	0.00734519123942345	9.17764783360494e-05
8.95854654198106e-05	0.0250773529373152	8.9585465462681e-05	0.941264515024648	0.0100173346680669	8.9585465534281e-05	0.0155306209219627	0.00775183458613342	8.95854654568555e-05
9.49275400608883e-05	0.00371774888968349	0.0206628953203191	0.959110684633058	0.0121813889579044	9.49275400842661e-05	0.00330117329311871	0.000741326285708771	9.49275400623369e-05
8.98622222871116e-05	8.98622223070321e-05	0.0025051994250542	0.976752590936921	0.00654728111892146	0.00697259942584268	0.00245242532149039	0.00379589788130988	0.000794281445866361
9.4208975348582e-05	0.0078077299154066	0.0047575193731004	0.957951875454517	0.0273893256895584	0.000803616984127847	0.00100730565709608	9.42089754820034e-05	9.4208975363158e-05
0.00134509723815975	0.0109168623896053	8.93576353143521e-05	0.965137079113886	0.0112058346527528	0.00218519458379057	0.00894185911588982	8.93576353312478e-05	8.93576352706755e-05
0.000425642270953559	0.00575965542464524	0.00495019095443253	0.962876626274392	0.0131872239465861	0.00644019368175593	0.00429016260983772	0.000129663807461634	0.00194064102993543
0.00217106750816535	0.00467490370085315	9.43284583411129e-05	0.967135432384873	0.0173211533810737	0.0017453100136031	0.00189627167628828	0.004867204418466	9.43284583364317e-05
0.00231033085287556	9.25420989525192e-05	9.25420989261351e-05	0.956197047246199	0.0131915659976189	0.0123487229237776	0.0101288387381994	0.00366070365042598	0.00197770639302499
0.00277675743682228	0.00408753029680161	8.88563456865127e-05	0.95996053745454	0.0192630594737749	0.0054721586835709	0.00709351624695934	8.88563457236515e-05	0.00116872771612101
0.0106377935269415	0.0020945504743571	0.00286683003480324	0.950933307149138	0.0250949275831836	9.04733019886452e-05	0.00228911186696625	9.04733020900546e-05	0.00590253276053185
0.000127135656835604	0.00207009083338132	0.000127135656859522	0.952982455959563	0.0191343996684961	0.00947563952287521	0.00505210395520292	0.00625098093851346	0.00478005780827342
0.00326221776890864	9.28329083418564e-05	9.28329083660196e-05	0.961062356988735	0.0201801308443955	0.00934444843498923	0.00134063460482866	0.00453171263307448	9.28329083611957e-05
9.4485156481134e-05	9.44851565154614e-05	0.0101472912604978	0.954061710402426	0.0106716173781556	0.00620876875352048	0.00905568561071203	0.00957147112521841	9.4485156472575e-05
9.32722627446986e-05	9.3271836577997e-05	0.00144527676777266	0.977246661053031	0.0128967799955398	0.0012630995080662	0.0023779512890004	0.000512936393642213	0.00407075089362504
0.00366145030488964	0.00888831444462244	9.02134204913044e-05	0.963908269018473	0.0107121838178524	0.00332426007152755	0.00923488208113089	9.0213420526282e-05	9.02134204869127e-05
8.9260197335673e-05	0.00354224580289609	8.92601973762565e-05	0.957573288364446	0.0201484607845126	8.92601973218957e-05	0.00774971395730161	0.00581591047040365	0.00490260002840586
0.0011418261246747	0.000131608550072599	0.00160107345657189	0.949680356145592	0.0198252328955663	0.00934896703867157	0.00548366168568346	0.0126556655530092	0.000131608550158733
9.31350025707368e-05	0.00171707238733121	0.00579260520298246	0.95957044502444	0.016263682882499	9.31350025205378e-05	0.00626495402078616	0.010111835474285	9.31350025851793e-05
0.00166274890396001	0.00738889718275058	8.82429654449684e-05	0.952551430466167	0.023827152715771	8.82429654288932e-05	0.00950851239020832	8.82429654783666e-05	0.00479652944479065
0.00862644185956817	0.000780436999653854	0.054488037799001	0.877099774899616	0.00754252060639379	8.91456284711278e-05	0.0251592113391665	0.0261252852395363	8.9145628593619e-05
9.29222520738489e-05	9.29222520824389e-05	0.00799972673770291	0.965122911524725	0.00995166016377284	0.00585728661266474	0.0083439189112376	0.00244572929371987	9.29222520207392e-05
0.00139183864285469	0.00634914682252804	8.98252892453101e-05	0.970746868944734	0.00830260243558177	8.98252892758953e-05	0.00844165697693614	9.22604723487924e-05	0.00449597512649534
8.81290509288958e-05	8.81290509547803e-05	0.000791645911273047	0.961240483055827	0.0252237864074432	0.00574157479618127	0.00482669582373984	8.81290509562914e-05	0.00191142685269499
0.0018270714379295	9.2535512308971e-05	0.0027479151052	0.957927654059828	0.0206729916031368	0.00460970591316046	0.00396505983034226	0.00324070421514999	0.00491636232294351
8.8193221077253e-05	0.0252925419330391	8.81932210622092e-05	0.944954348234673	0.0107779093420529	8.81932210586747e-05	0.0182528620721023	0.000369565533872398	8.81932210620852e-05
9.11240992005986e-05	0.00120311530892882	9.11240992167047e-05	0.965675955740087	0.0161191903610749	0.0074255995251452	0.00470175259331201	9.11240991452702e-05	0.00460101417388963
0.00171181053582033	0.00550632262353086	0.00042847055422416	0.957500918284496	0.0127303173246081	0.00353491302127577	0.00892643708126507	0.00315225782932283	0.00650855274545669
9.27700064123237e-05	9.27700064432689e-05	0.00639538608703126	0.964195409821192	0.00971689709740255	9.27700064000231e-05	0.00661509918117923	0.00914029135122087	0.00365860644271801
0.0052534169971455	0.000133783030376895	0.0140958442533942	0.955858035644992	0.0163727289766262	0.00517549765276626	0.000835777132685638	0.00214113328177438	0.000133783030238519
0.00129158351215034	9.12233759318637e-05	0.000420154159043764	0.954614674051682	0.0287701570013678	0.00417774262253979	0.00733929324914882	0.00320394865218712	9.1223375948912e-05
0.000577511568035387	0.0111163059663828	8.81623970404633e-05	0.96248375828389	0.0154483529761227	8.81623969509413e-05	0.00943737168124367	0.000672212333316789	8.81623970169391e-05
0.00373468649383221	0.0151192099706201	0.00361726632532067	0.949986250317209	0.0168207477610343	8.91520812490527e-05	0.010175380352631	8.91520811504068e-05	0.000368154616953656
0.000564633162083726	9.31004776752184e-05	9.31004777812547e-05	0.961045402539725	0.0173047270047976	0.0108097132321297	0.00901253578624218	9.31004777925977e-05	0.000983686841772511
0.000298862444307288	0.0125090015798604	8.93073922203367e-05	0.958946926181313	0.00483489846637848	0.00989865658953315	0.0130114961104276	8.93073921673905e-05	0.000321543843792695
0.00199509829888641	0.0113180179728134	9.10748775155935e-05	0.963933986032909	0.00715296608920819	9.10748775090379e-05	0.0118365645005208	0.00106433637477249	0.00251688097586551
0.000809707068549572	9.0516820366833e-05	9.05168202502701e-05	0.980467794018386	0.00927348915518183	0.00275867508528997	0.00186614881741291	0.00155030131055934	0.00309285090400334
0.00180997522016946	0.00251157662572091	0.00397498933519026	0.957189352120953	0.0192068316839105	0.00602202469973308	0.00490525709883673	0.00425002547874695	0.000129967736738616
8.80545995414291e-05	0.0148474583592016	0.00398279422244595	0.956277319012022	0.0126348008269274	0.00368544124349109	0.00415386675542042	8.80545995468652e-05	0.00424221038140402
0.0016206057991032	9.35368463929316e-05	9.35368464103284e-05	0.970003472159068	0.010777919976961	0.0127308709773739	0.00220779371350881	0.0016367779023423	0.000835485778839285
8.88686191983987e-05	0.0115870758360251	0.000884604809101757	0.945363308969701	0.027877456471303	0.00627950516382915	0.00550445605540421	0.00232585545623614	8.88686192010359e-05
0.00130323502368243	0.00449316298206722	0.000727747795274498	0.958321929969911	0.0179876251513796	0.00780378975272308	0.00910530947138157	0.000128599926745349	0.000128599926835255
9.37784292298509e-05	0.00566616949678517	0.0081148881580808	0.966406178946154	0.008363860405242	9.37789010186174e-05	0.00252624660396652	0.00580738462035186	0.00292771443917151
0.00520087525641309	0.00239010154394111	0.0884026852800306	0.841106937036176	0.0160037947916667	9.02718250035313e-05	0.0199176099411032	0.0257802225351911	0.00110750179047501
0.0036626148229989	9.00353464819865e-05	0.00409411779353804	0.971213907428653	0.0115452036062889	0.00491465156439072	0.00262848962247739	9.00353464964154e-05	0.00176094446867479
0.00143126849033811	0.00796170393986032	8.83305096797361e-05	0.953284047626596	0.0178870852983642	0.0147605999408306	0.00169111851968513	8.8330509694057e-05	0.00280751516495229
0.00301301538774897	0.00435122650073082	0.000135007315722731	0.961311536949344	0.0209081450911472	0.0040389977762654	0.00522220851641256	0.000135007315597037	0.000884855147031674
0.000200683508301088	8.98871645286266e-05	0.00198087540664823	0.974504290866186	0.0123113397666202	0.00796360684979162	0.00276954210871954	8.9887164581976e-05	8.98871646230138e-05
9.18787642870604e-05	9.1878764180889e-05	9.18787642597625e-05	0.976519512470595	0.0139179197865863	0.00247987780862585	0.00662329611282726	9.18787643879663e-05	9.18787642502179e-05
0.00218335954803275	0.00550975735233624	0.00163351290478843	0.954867166951932	0.0206796438514977	0.00403438991234777	0.00975256976556918	0.00124737973873277	9.22199747636336e-05
9.45951463563278e-05	9.45984411758486e-05	9.45984410918717e-05	0.967658243623137	0.0112361334873019	0.00289377562989094	0.000983854545764906	0.0114534214643375	0.0054907792209438
0.00493465212996107	0.00988582345374565	0.00209868726017082	0.937734870775566	0.0234431280870153	0.00253378791130157	0.0191170520034065	0.000125999189393352	0.000125999189439545
0.00121335777916434	8.71068406777569e-05	8.71068406549287e-05	0.966935909112834	0.00957115674005128	0.0104783777690901	0.00543331383342362	0.00610656424345725	8.71068406464336e-05
0.00154254184161982	9.31571532919273e-05	0.00858784745514983	0.963137465311254	0.00944069345658154	9.31569521180632e-05	0.00712663254956891	0.00988534812707404	9.315715334233e-05
8.75304428931797e-05	8.75304428793415e-05	0.00155740217257445	0.97168745408933	0.00714265423340161	0.00288546012147074	0.0038178129541999	0.0039986990737738	0.00873545646947741
0.00451303808799431	9.38204893513739e-05	0.00349049397817915	0.972063672719382	0.00861310938627536	0.00806620895802427	0.00297201540207579	9.38204893391548e-05	9.38204893782439e-05
9.0431893996043e-05	0.00682566785587435	9.04318939950839e-05	0.949806161109883	0.013891818875528	9.04318940191095e-05	0.0128003002671449	0.00122972022393603	0.0151750359856239
0.004123052596981	0.0183657512934052	0.00225417860406585	0.943522814689204	0.0176048395191456	0.00512454875949579	0.00875123176420963	0.000126791386749235	0.000126791386743984
0.00164166476855275	9.25535290238071e-05	0.00401867456973943	0.96168555909807	0.024277316451377	9.25535291502582e-05	0.00288969600992099	0.00520942851508028	9.25535290855515e-05
0.00178232589440394	0.00287961540689063	0.00486913490745122	0.965755772877098	0.0179260835249805	9.30854111613724e-05	0.00354494800148035	0.00192554416271466	0.00122348981381976
9.19003454292053e-05	0.00706575413879795	9.19003454321258e-05	0.972214412496227	0.0124798361124682	9.19003453789797e-05	0.00462032533007309	0.00325207054076199	9.19003454312656e-05
0.0164300465079465	9.06396774368971e-05	0.125379330628648	0.817901755058876	0.0116590155134354	9.06396773922268e-05	0.0112844923760096	0.0156106595008186	0.00155342105943608
0.00434137486605474	0.00102043589021877	8.97332285828473e-05	0.950898670200205	0.0191152868226881	0.00528426182928273	0.00870439268478424	8.97332285759741e-05	0.0104561112496072
0.000744992754262363	0.0165015795067888	8.89792660258842e-05	0.937521286543124	0.0250174708615217	8.89792661058387e-05	0.0160617842182216	0.00318579114237427	0.000789136441575171
0.00304424021658969	0.00361610072739201	0.00249532133485712	0.963559944786256	0.0124884460326287	0.000131733817396198	0.00906566024770313	0.00244951382536189	0.00314903901181505
9.19090585988319e-05	9.19090585755288e-05	0.00458016829464295	0.960826198596658	0.0218620646142616	0.0119141278157099	9.19090585783275e-05	0.000112522610719823	0.000429190892254855
9.16881447947037e-05	9.16881448008991e-05	0.0188994235377846	0.943028105414451	0.0156870451704173	9.16881448171933e-05	0.003534515210044	0.0184841580880948	9.16881447957903e-05
0.00302126882300834	9.29229223357672e-05	9.29229223458719e-05	0.968333047221499	0.0110640103025306	0.00559506868021511	0.00503445005893274	0.00667338614678778	9.29229223443867e-05
9.15730693660588e-05	9.15730694757028e-05	0.00615882329429692	0.942971354535965	0.0194371568625333	0.0186757597660182	0.0056397967143351	0.00684238961865681	9.15730693527088e-05
8.90379357301485e-05	8.90379357391173e-05	0.00466652326269661	0.966262192822089	0.0154494091315971	0.00321926202067299	0.00647493526219303	0.00253225020515587	0.00121735142412654
9.41153376805638e-05	9.41153376143839e-05	0.00143914709822352	0.942960352520491	0.0343881205933666	0.000163244768539667	0.00808984877013634	0.0111909141799198	0.00158014139402788
0.00146426341440491	8.86137545749814e-05	8.86137545737528e-05	0.976898867112769	0.0138520839939676	0.00508894719931338	0.0023413832612418	8.86137545710258e-05	8.86137545835811e-05
8.86182641656047e-05	0.00569225778488259	0.00398846934244048	0.961870656591295	0.0107929921229992	0.00747870099403669	0.00916311466431642	0.000836571971691355	8.86182641731179e-05
9.02280298054135e-05	9.02280298055022e-05	0.00175137543164135	0.950126542098244	0.0202683728673644	9.0228029789222e-05	0.00934484869149178	0.00915028820221254	0.00908788861964563
9.40063542083857e-05	9.40063545376865e-05	9.40063545570744e-05	0.971815436019747	0.00715632578628733	0.0111805990062138	0.00484019168376768	0.00463142208612584	9.40063545556256e-05
0.000977603665049089	0.00353901596196376	8.94928681988941e-05	0.953974491938541	0.0108890827334882	0.0182514726578552	0.00808585329103531	8.94928682915183e-05	0.00410349401557739
0.00123313604967688	0.00013189710333187	0.00290711903094188	0.956406970889933	0.0262896290207575	0.00356786024409867	0.00294986717900105	0.00457120333172295	0.00194231715053685
9.13943993155529e-05	0.00362796861863023	9.13943993337939e-05	0.965304590008308	0.0199014118321625	0.00832113000652041	0.00247932193705789	9.13943993387816e-05	9.13943993322995e-05
9.17169957861101e-05	9.17169957038595e-05	9.17169957742065e-05	0.967327881350675	0.0201644260902604	0.00454238249489047	0.00750672508539002	9.17169957463804e-05	9.17169957735059e-05
0.000128717503411477	0.00246194828416359	0.00544187954459345	0.944396748947497	0.0340954599366032	0.00886606502551061	0.00265311018177151	0.000128717503526609	0.00182735307292214
0.00257113801216994	9.21125263727705e-05	0.00757433104741579	0.963140914347639	0.0136656449182608	0.012679521569139	9.21125263461044e-05	9.21125263041208e-05	9.21125263520929e-05
0.00222615573407745	0.00317659396474701	0.00259824972384892	0.967692241878339	0.0138842052033802	0.00106232292257787	0.00877266043773001	0.000497203420414268	9.03667148847764e-05
9.44826074693782e-05	0.00110097966884369	0.00992748025405669	0.95052331955373	0.0143925507060225	0.00183675324585022	0.00696384063451844	0.00741045217752253	0.00775014115198674
9.34438732453035e-05	0.00257456188260234	0.00432079796972731	0.961999105993741	0.0103995221447103	9.34438732730749e-05	0.00603389886182549	0.00543314022429019	0.00905208517658516
9.35824853592232e-05	9.35808179944363e-05	9.35789067963496e-05	0.965308323151562	0.0180894252672469	0.00845288921999976	0.00194155015737579	0.00583349108687442	9.35789067913906e-05
0.00385278913908434	0.0101797496720588	0.000986548182019348	0.962633175857162	0.0129277488335139	0.00281386200061148	0.0050915833723649	0.0013880068161282	0.00012653612705683
0.00180823727066628	8.86205758392013e-05	8.86205759670045e-05	0.963506492346242	0.0185033927469662	0.00108227703507276	0.00411671668956849	0.00541053299580975	0.00539510976386857
8.84504383974354e-05	0.00414884233735349	8.84480457004034e-05	0.964099247356732	0.00910221766429667	0.0104228537603556	0.0114083868511212	0.000553105500437349	8.84480456057622e-05
0.000425376230856993	0.00675937264704746	9.04464177859141e-05	0.959498111272562	0.0266462123507551	0.00448990354980535	0.00190968469559688	9.04464178095965e-05	9.04464177809189e-05
0.000273894843604379	0.00425108149397454	0.00331613569009478	0.966639605127453	0.0145429164872524	0.00146727792172426	0.000399931257141342	0.00178769864031206	0.00732145853844325
0.000987687083438776	0.00480779045444547	0.00122625757915316	0.967578265190992	0.0133401365570254	9.57440836198538e-05	0.00568383654755275	0.00618453842009655	9.57440836762424e-05
9.14841296039718e-05	0.0017030340536777	0.00432568887664369	0.96452444545953	0.0140297762237891	9.14841296200073e-05	0.00782731456932512	0.00731528842822065	9.14841295898691e-05
8.92067574259846e-05	8.92067574827166e-05	8.92067574242136e-05	0.95693327551976	0.0197994537418583	0.0127576421475573	0.00660665839971718	8.92067574631594e-05	0.00354614316131089
9.09117622574715e-05	0.00536678031757574	0.000414438347027673	0.972757773249557	0.0135281423409857	0.00045720490497954	0.0072029255530888	9.09117622506159e-05	9.09117622770706e-05
0.000135037525203948	0.000331563955652672	0.0018255150002545	0.9560985194813	0.0151737822417097	0.00935806109327634	0.00840734064185868	0.00853514252036077	0.000135037540383825
0.0038985004211997	0.00283969994793475	0.000490253003674164	0.976051568065829	0.00679032996944897	0.00496337693876851	0.00239765374427917	8.91694059277129e-05	0.00247944850293766
0.00221141555509001	0.00017293460860473	0.00342739411058222	0.960870826877466	0.0148405940373707	0.0152560205619469	0.00158052874328263	9.09980923254891e-05	0.00154928741333187
9.20970009793967e-05	0.00272951666350413	9.20970010108477e-05	0.96089011608417	0.018938017858509	0.00633990761026574	0.00395724536323185	0.00582171196487708	0.00113929045345248
0.00125575199592349	0.00359196167490639	0.00186946194117466	0.957779293904726	0.0134265880340002	0.00430444726244571	0.0097931499418636	0.00439709590888991	0.00358224933606949
9.07369906046259e-05	0.00103767720152809	9.07369906181319e-05	0.967599697377422	0.0130871047939201	0.00795515033059633	0.00660257164918974	0.00335683381993175	0.000179490846189179
8.90681038549262e-05	0.0174683077197929	8.90681038479294e-05	0.966871746307882	0.00909034194413227	0.00062425611404085	0.00525356233436136	0.000424581268244063	8.90681038439141e-05
0.000415986098166933	0.00727462018422497	0.00919877881403135	0.955085276084203	0.0113272082586399	0.00745530824822185	0.00878869249812571	0.000360014607072625	9.41152073138497e-05
8.77113040049254e-05	0.0162484353163103	8.77113039725356e-05	0.943819908126844	0.0154165703769726	0.00477711669526964	0.0155000428479228	8.77113039656726e-05	0.00397479272473756
0.00100872123339151	0.00501717533463765	0.000582051609747641	0.977551410700768	0.00810510567482971	8.96186743644952e-05	0.00160474349934421	0.00595155459843371	8.96186744827081e-05
0.00599969096058501	0.00163615199884497	0.0349567168636764	0.917836912032443	0.0174744066360487	9.07572108684776e-05	0.00870435879143943	0.0132102482951009	9.07572109933201e-05
8.99079502148809e-05	0.00923903389961687	0.000824253148841877	0.964660318920271	0.0139882230898404	0.00613845930531264	0.00163877872322151	8.99079502383934e-05	0.00333111701244188
9.54887759383037e-05	0.000625790525844351	0.00759913572568423	0.96113934187155	0.0242481480291264	9.54887759112259e-05	0.00130900936277609	0.00479210815725101	9.54887759186232e-05
8.93419951273016e-05	8.93419950606575e-05	0.00215453625119702	0.96845980671101	0.0208006742289065	0.000654347460352132	0.00721355205696507	8.93419950316506e-05	0.000449057306349533
0.000133695425268756	0.00239601215415352	0.0065658681000869	0.962632969594155	0.0165115748693972	0.00303911581560538	0.00637983469167792	0.000133695425027558	0.00220723392462825
0.00329563074606615	0.000126061359338497	0.00369960065703815	0.951963669366422	0.0211666091434269	0.00783127861445609	0.00352644612140509	0.00634335778052371	0.00204734621132353
8.89875832852996e-05	8.89875832706205e-05	8.89875832197134e-05	0.972379007696743	0.00937997367687719	0.0127606470620348	0.00488933348502104	8.89875832022735e-05	0.000235087746345906
0.00250329279625181	9.14273607940133e-05	9.14273607967987e-05	0.969416602228486	0.0189188287746419	0.000656893358414552	0.00421263254508344	0.00329785491922884	0.000811040656302349
0.00376048981772777	0.00213060362994513	0.0110000785180362	0.961877377174758	0.00623614775187694	0.000130216904531519	0.00260103184882143	0.01102074383472	0.00124331051958337
8.89170791649606e-05	8.89170791723299e-05	8.89170791881091e-05	0.958563200499215	0.0242793661386496	0.0134534287928054	0.00325941917344378	8.8917079176758e-05	8.89170791841231e-05
0.00492540844761384	8.92973455826805e-05	0.00219336104555519	0.947876121154259	0.0233350537650523	0.00802721299489255	0.0102437831046295	0.00322046479681602	8.92973455986614e-05
9.32894399563558e-05	9.32894399605893e-05	0.0091846589299551	0.963031435212646	0.0167518359757464	0.00694041935020549	0.0017484534982397	0.000479063412219025	0.00167755474107143
9.22700432093937e-05	9.22700432201551e-05	0.00145581979721378	0.954116541124286	0.0274464466391924	0.00804499533547035	0.00842679502814112	0.000232591946041853	9.22700432247378e-05
0.00718657269422103	0.00157126589319937	0.0337186719191352	0.925128215079933	0.00857174141102212	9.28014559876794e-05	0.011419505559008	0.00932979120354063	0.00298143478395269
0.00426117559254607	0.00694952762692354	8.91573066869389e-05	0.97008964893959	0.0139965882412382	8.91573067401414e-05	0.00434643037291919	8.91573066726589e-05	8.91573066831065e-05
9.22653456855655e-05	0.00482297755982	0.00404577379214378	0.95899896000151	0.0196653773459879	9.22653454751611e-05	0.0120978499179627	9.2265345733873e-05	9.22653456811766e-05
9.42415417351819e-05	9.42353136186604e-05	0.00142723903761427	0.958927596862162	0.026743788629074	0.00131848510934713	0.00465043262429709	0.00664974556857435	9.42353135771951e-05
8.90251138773418e-05	8.90251138122522e-05	0.00125972342990779	0.95213477007086	0.02841091597746	0.0122965459958448	0.00322308608327934	8.90251138145501e-05	0.00240788310114414
8.81365449835778e-05	0.00368706800810249	0.0017842526354624	0.957033558353747	0.0205099521678959	0.00759391740413075	0.00420124272581852	0.00183358742829324	0.00326828473156643
8.84132024744353e-05	0.00939683899613429	8.84132024870577e-05	0.959186226398025	0.0182061033196648	0.00656233468912303	0.00184037784858398	0.00249644619418394	0.0021348461493237
0.000129393126762158	0.00755659711788117	0.00481753389974621	0.928442302518211	0.0302610928849777	0.0133219315119955	0.00593168782552489	0.0016834298242868	0.00785603129061441
0.00645021866634148	9.14196489132492e-05	0.00677585625196347	0.947470178778624	0.0197012522365074	0.0132313354725908	0.0060968996467481	9.14196491646601e-05	9.14196491467507e-05
9.07250336986031e-05	0.00337445550793913	0.00166554118368437	0.968012325984019	0.0164048224522804	0.0081460112938047	0.00155097913825603	0.000664414372616184	9.07250337014734e-05
9.33377456261502e-05	0.00289741579019319	0.00327250174284029	0.96927492950411	0.0105990303702476	0.00954744429380255	0.00332717357950212	9.33377455698483e-05	0.000894829228108392
0.00602335581831589	0.00818560978506539	0.000126151091289511	0.951315019043319	0.0155834225128863	0.000126151091222539	0.00829790031575741	0.00354425595914486	0.00679813438299884
9.14510448186581e-05	0.00151547074899373	0.00620839301489919	0.942730156091636	0.029120770761619	0.00469768725151806	0.00718875421026062	0.00700539021302522	0.00144192666322934
0.00346962765247207	9.29401810801565e-05	0.0282549783279726	0.906967961429875	0.0140996146536451	9.29429122191471e-05	0.0238019987027428	0.0188015487794268	0.0044183873605666
0.00212163352888319	0.00374825155853826	0.0057261468848805	0.946049833466048	0.0202933548172369	0.0119329758543587	0.0075336216930547	0.000523122093441683	0.00207106010355776
0.000129309622125836	0.000129303168232847	0.00176516546495769	0.947641210250782	0.0339241810010501	0.00102495527115831	0.00420685570848227	0.0103181131242005	0.000860906389010403
0.00307791216780048	0.00827631758489258	0.00171713824133159	0.953803054094322	0.0251159355814484	0.00470914834125578	0.00312546360829625	8.75151903841842e-05	8.75151902685012e-05
0.000614722001665631	9.49298887416042e-05	0.00828588963946118	0.953459865443605	0.00634617967976315	9.4929692448025e-05	0.013599150087233	0.0165153804328206	0.000988953134261368
0.000126963959775059	0.00761543014630355	0.00012696395973967	0.948752369592777	0.0145987762025768	0.00740846687591126	0.0110143006969354	0.000790881601932116	0.00956584696404871
0.00211145182977791	0.0081277449162256	8.76336389152858e-05	0.961206348746148	0.0168301570814618	8.76336388087577e-05	0.00986682007371533	0.00159457643609018	8.76336388573858e-05
0.000131096254181051	0.000262405576597739	0.00474543928638443	0.938741558259787	0.0372776191226174	0.000131096253967231	0.00671691185792093	0.00755788219174011	0.00443599119680384
0.00265620582584796	9.11146329510521e-05	0.00609395935611563	0.955577326969204	0.0182154240323319	9.11146329607062e-05	0.00271491330686391	0.00784253540538641	0.00671740583833896
8.83959096813852e-05	0.00829706465784348	0.00256851883864387	0.976674439771518	0.00801238237947449	8.83959098614073e-05	0.00409401071354083	8.83959097321189e-05	8.8395909704725e-05
0.00184578066391967	0.000131856210864011	0.0057405898766522	0.961369626509461	0.0193048224167482	0.000958666331592046	0.0055184566355643	0.00499834514471191	0.000131856210486458
0.000451061854548824	9.41895562858956e-05	0.00784809235940198	0.967073612655786	0.00859938176339732	0.0105958041355391	0.00450346790316506	9.4189556223542e-05	0.000740200215652133
9.33789309471622e-05	9.33789308882258e-05	0.00606860190543103	0.965294532260145	0.0207929789421672	9.33789309222358e-05	0.00157003439285789	0.00590033677568815	9.33789309529763e-05
0.0056939793720709	0.00852229633113214	8.88724430751736e-05	0.958394634076752	0.00834818163258484	8.88724430096253e-05	0.00931496734797858	0.00945932391032615	8.88724430710565e-05
9.1719239236038e-05	0.00369142555177357	0.00513327386041902	0.957353366101228	0.0232990653798864	0.00790548996259714	0.0023422214262931	9.17192393419703e-05	9.17192392243854e-05
0.00263330256010503	0.00397966619109136	0.00475169354857605	0.946303743531209	0.0196120077747551	0.00708042984798632	0.00299534902538619	0.00140059823897113	0.0112432092819194
8.97811433254043e-05	0.0031044203196357	8.97811432960075e-05	0.956267535131684	0.0165401884806744	0.0169277300661856	0.00284697478995529	8.97811433985458e-05	0.00404380778184474
9.33615574365436e-05	9.33615574241283e-05	9.33615574449135e-05	0.965356738606999	0.0232442865557896	9.33615573369485e-05	0.00193460937966405	0.00190975607747864	0.00718116315042628
9.12967645705934e-05	9.12967645397231e-05	9.12967645594182e-05	0.982853008544647	0.0103726483668302	9.12967644910711e-05	0.00328767696611465	0.00303018229969248	9.12967645549508e-05
0.000129032515294074	0.00392933376535056	0.00012903251525725	0.961417044566615	0.0176735008077185	0.00533935571982006	0.00344946053895488	0.0032375126344905	0.00469572693649878
0.00524324890406943	0.000131896169973684	0.0130199100310373	0.955210648589116	0.00744162031643543	0.00655026962407987	0.00602310877876157	0.00624740141651312	0.000131896170014166
9.00570087961503e-05	0.003472953672801	9.00570088415091e-05	0.963620838277978	0.00917223265649328	0.00772426176616136	0.00544845054650526	9.00570088211431e-05	0.0102910920536028
0.00830188084621941	0.0223023407435756	8.8840724268031e-05	0.954764786695704	0.011947910928643	8.88407242897509e-05	0.000374127533554931	8.88407242997075e-05	0.00204243107944596
0.00212320023724068	0.000132252244762664	0.000132252244729433	0.94768602392741	0.0250083269514436	0.00335742443179054	0.00689788520919279	0.00721513894220444	0.00744749581122631
9.22600298206238e-05	0.00352276458895675	9.2260029801608e-05	0.974407822432102	0.0118457710018415	0.0011881101173365	0.00389418611124501	0.00486456565908817	9.22600298076102e-05
0.00132741298689042	0.00741033193310997	0.00227861746461896	0.966337738584789	0.0124559979070908	8.84761562791421e-05	0.00347487621623711	0.00653807259478309	8.84761562011279e-05
0.00490469507430937	0.00811458180022824	8.83293570402847e-05	0.963440291303014	0.013012484205646	0.00507046965603226	0.00512790722522195	8.83293569366258e-05	0.000152912021571469
9.59432450825105e-05	0.00132131839178382	0.00179971342337911	0.973461933181743	0.00788681540398902	0.00867388890585704	0.00377404374134595	9.5943244991508e-05	0.00289040046182797
0.000133443184548631	0.000133443184509514	0.00513945267196778	0.967213032895864	0.013242494988066	0.00657273227464366	0.0015591480286494	0.00407937992343537	0.0019268728483154
0.000132080762061514	0.000132080762192874	0.00259103018865834	0.956067531659664	0.0218841242352991	0.00608881610729436	0.00523840081670351	0.0071449684383911	0.000720967029735208
8.97360914767078e-05	0.00497733606184004	8.97360915360013e-05	0.970343058664888	0.00945066510441196	0.00605180494748003	0.00881819085517065	8.97360916655317e-05	8.9736091531005e-05
0.000673088399664821	0.000134351864731164	0.00498063669197079	0.959690098917171	0.014377189825402	0.0073319120104758	0.00900563325400896	0.000134351864804673	0.00367273717177085
9.12862739969865e-05	9.12862739983711e-05	0.0231459130685775	0.959189941714319	0.0075159592549592	9.12862740807697e-05	0.00138866645711102	0.00839437440896239	9.12862739953057e-05
0.000859275448736427	0.00520257280424321	0.00686684701277227	0.955280359773404	0.0160730626748083	0.00848063047904118	0.00705589059516989	9.06806059188598e-05	9.06806059058041e-05
9.04817500505954e-05	0.00187086648056987	9.04817500557376e-05	0.966578427655331	0.0177273808961163	0.00590334623163022	0.00404525491830216	0.0030864038610338	0.000607356456910356
9.02559451125754e-05	0.00642101312556641	9.02559451009563e-05	0.966033895885378	0.0153435111842316	0.0064789272889529	0.00536162873548752	9.02559450677517e-05	9.02559451019072e-05
0.00301606493674469	0.00172308401515736	0.000131018072962236	0.948017912439267	0.0310777359308762	0.000819599518096807	0.00941638434844752	0.00438672303888105	0.00141147769956683
0.000880293359666409	0.00862848116352038	8.9571696240572e-05	0.966850528685135	0.00995718099896674	0.00310592518949443	0.00696257538655145	0.00343587182418842	8.95716962363723e-05
8.90877363862323e-05	0.000985085023561352	8.90877363763043e-05	0.977912792778244	0.0100392047425791	0.000702187053532063	0.00375559827053567	0.0047002935704231	0.00172666308836175
0.000127807646715618	0.00449111588687706	0.000591166555542347	0.960977635430648	0.0144494616132296	0.00410425668854106	0.0102988068944696	0.00346152757765153	0.00149822170632574
0.00211020622367158	0.0070140523260362	8.81173400620852e-05	0.967941364722684	0.00927865205059793	0.00618424896647178	0.00585034285958131	8.81173400278933e-05	0.00144489817086731
8.85353874646733e-05	0.00127613776476054	0.00134516147960027	0.955719263857252	0.0172298901933986	0.00797841941518346	0.00725763081640371	0.00484132499303376	0.00426363609290295
8.99598494821511e-05	0.00331946281322772	0.00221418734275922	0.961440161288077	0.0222952020697353	8.99598493986199e-05	0.00679654365018782	0.0036645632876615	8.99598494712349e-05
0.00366222570856813	0.0132657225809626	0.000323259876607055	0.951003821937938	0.0145871544447456	0.00701653199459551	0.0069906545432492	0.000127990102894164	0.0030226388104401
9.06407908012823e-05	9.06407908012553e-05	9.06407908257902e-05	0.970466210623702	0.01348740981183	9.06407907407302e-05	0.00593467678934021	0.00709748803233245	0.00265165157962637
0.00184106004873586	0.00324780210845705	0.00156281555018753	0.965629382652378	0.0135941347200483	0.000494564909355708	0.000955017350289148	0.0125438767358853	0.000131345924663187
0.00106908703909997	0.002067497649838	0.00242045221509151	0.953216451875005	0.0214707790833132	0.00428568076442612	0.00990919984253414	0.00402795063317987	0.00153290089751191
9.00363844548449e-05	0.00607168590727014	9.00363845207474e-05	0.972129880840871	0.016148122148555	0.00162015764661322	0.0036700079185709	9.00363846237958e-05	9.0036384520693e-05
9.39857797865687e-05	9.39857796993416e-05	9.39857797796829e-05	0.961700950809839	0.024745967774699	0.00242883022263948	0.00606963496851883	0.0046786731052127	9.39857798253721e-05
9.04717192821729e-05	9.0471719288885e-05	9.04717192890985e-05	0.952769398437012	0.0240714467937115	0.0125944174366168	0.00833695587844234	0.000350513495658999	0.00160585280069796
0.00394524754143891	0.00123679760829271	0.000125519703422961	0.955699919659126	0.0239754445442134	0.00653160324328777	0.00551942221087329	0.00284052578592397	0.000125519703420712
8.95401881516524e-05	0.015770122130356	0.00459937859902453	0.946905644137937	0.0268473343386044	8.95401881931351e-05	0.00363911060351422	0.00119126023320458	0.000868069581014683
0.00582405067281872	9.20477442465714e-05	9.20477442274794e-05	0.958594319764528	0.0189646356706794	9.20477442481997e-05	0.00794408429642027	0.00830471861861079	9.20477442202523e-05
0.0110476078151603	0.0143474799632164	0.000125614873398627	0.949752981948005	0.0070006464571074	0.00554295491871624	0.00664647998478182	0.00541061916628908	0.000125614873325269
9.47448570310158e-05	0.000469204197947974	0.0113861361872209	0.960936923713372	0.0110836768952368	0.0092732896062734	0.00210591641576998	0.00455536327007976	9.47448570684148e-05
8.98183304281633e-05	0.00560068931953144	8.98183304325769e-05	0.968156164866956	0.0121065801906012	0.0114229472819018	0.00235434501920306	8.98183305147042e-05	8.9818330431169e-05
0.00100128560027699	0.000131400363979338	0.00760392843999497	0.953427142600509	0.0223276496314196	0.00901954123540957	0.00334020330287002	0.00301744846134441	0.000131400364196448
0.000127430617867564	0.00390476586491591	0.00270479293394315	0.941445553359797	0.0201052634069681	0.00686699966487094	0.00662658063818598	0.000127430617696549	0.0180911828957552
0.0101190121619119	0.00542394237911567	8.90968454225398e-05	0.955847286796273	0.0145446098951543	0.00258268491012476	0.00583549523947538	0.00353807365850444	0.0020197981140182
9.05882088286863e-05	9.05882088661061e-05	0.00349778852514179	0.960158861373204	0.0137427231765353	0.00446392795212484	0.00882746190304819	0.00903747244341367	9.05882088374556e-05
0.00325244905739569	9.20812213224843e-05	0.000823095325756226	0.963337638668027	0.0205897464238027	0.0107458155001136	0.000975011360967738	9.20812213057299e-05	9.20812213088922e-05
0.00389692546418316	0.00253126242755235	0.0668043446918817	0.894673839898215	0.0102524628410161	0.000129997265762904	0.00377888616324213	0.0178022839824161	0.000129997265730516
