Basophils	Bcells	CapsularFibroblasts	cDC1s	cDC2s	CentralVeinEndothelialcells	Cholangiocytes	Fibroblasts	Hepatocytes	HsPCs	ILC1s	Kupffercells	LSECs	LymphaticEndothelialcells	Mesothelialcells	MigcDCs	MonocytesMonocytederivedcells	Neutrophils	NKcells	pDCs	PortalVeinEndothelialcells	Stellatecells	Tcells
0.00318076015274397	3.52282079395861e-05	0.00735468624209519	0.0199221227671882	0.021086308494543	0.00377961856146178	3.52282079395881e-05	3.52282079395888e-05	0.82255262971816	3.52282079395888e-05	3.52282079395882e-05	0.0454589899600863	0.0490999263944411	3.52282087042207e-05	6.02817826703275e-05	3.52282079395883e-05	0.00463582157169026	3.52282041747836e-05	3.52282079391618e-05	0.0105037262032003	0.00129972412377418	0.0107131219515503	3.52282079395881e-05
0.00456231833431917	3.4929390319698e-05	0.00582171603166124	0.023623774280189	0.00621077540767331	0.0144230255497057	3.49293903133339e-05	3.49293903133346e-05	0.828419829250893	0.00368295087156213	3.49293903133335e-05	0.0383628640962128	0.0402524332564147	3.49293908218612e-05	3.49293903133338e-05	3.49293903133343e-05	0.0168774818157805	3.49293916782912e-05	3.4929390325491e-05	0.007697781255346	3.49293903132458e-05	0.00968082655490357	3.49293903133341e-05
0.000984360771279091	3.60939812890545e-05	0.000947087158894321	0.0636090473678665	0.00181983876639958	0.0106285068861484	0.00143896326483723	3.60939812773002e-05	0.865181320107607	3.60939812776315e-05	3.60939812776179e-05	0.0264821127685329	0.024028025637664	3.60939808321944e-05	3.60939812776317e-05	3.60939812776321e-05	0.000707629935413216	3.60939807646452e-05	3.60939812840283e-05	3.60939812776317e-05	3.60939812773409e-05	0.00373997956096739	3.60939812776319e-05
3.5571680373674e-05	3.5571680374139e-05	0.0166485678554268	0.0325449701125671	0.00643310813684997	0.0077010903356272	4.5438036129895e-05	0.00368636918985603	0.826900981428061	0.00237688553012152	3.55716803740967e-05	0.0429184313177556	0.0312637758481973	3.55716808976104e-05	3.55716803740971e-05	3.55716803740971e-05	0.0171310304822768	3.55716791661877e-05	3.55716803778369e-05	3.55716803740981e-05	0.00148955116764504	0.00309985390076305	0.00743980153603656
0.000875673422598452	3.70801486637384e-05	0.0149977726013639	0.0166835949474421	0.0120764834919437	3.70801486602522e-05	0.00665713594993746	3.70801486602515e-05	0.811231964729017	3.70801486602509e-05	0.00162317092819162	0.0626099544023867	0.0260352476624785	3.70801483285709e-05	3.70801486602494e-05	0.0100244839206985	0.0176594815241786	0.00146542188112095	3.70801486620922e-05	0.00601915202327042	0.00319982948369556	0.00854399184272067	3.70801486602502e-05
3.51058940300763e-05	0.00462465719070453	0.0189900233289161	0.0261599581507525	0.0253221353194705	3.51058940275282e-05	3.51058940275283e-05	3.51058940275287e-05	0.83095218579277	3.51058940275286e-05	3.51058940275166e-05	0.0292423715861526	0.0446873709225591	3.51058945317074e-05	3.51058940275269e-05	0.00124180692169528	0.00180827568300059	3.51058964623074e-05	3.5105894031024e-05	0.00286102601774652	3.51058940272561e-05	0.013688918354957	3.51058940275284e-05
2.42140349648999e-05	0.0102671950786093	0.0043751620002413	0.0319413523643819	0.00827983472007691	2.42140349680764e-05	2.99723956111083e-05	2.42140349680761e-05	0.819061370793268	0.00676250550851885	2.42140349680732e-05	0.0393110517104771	0.0531013554079824	2.4214034633064e-05	2.42140349680806e-05	2.4214034968076e-05	0.00746015993640667	2.42140378594191e-05	2.42140349627502e-05	2.42140349680761e-05	2.42140349680761e-05	0.0191194716622622	2.42140349680754e-05
0.0041294043222631	0.0144783471674707	3.55800366328099e-05	0.0238826554426424	0.00880630841407758	3.55800366328085e-05	0.000780537884389558	3.55800366328053e-05	0.814330257784733	0.00144573268806411	3.55800366328138e-05	0.0615905335014231	0.0471968730839638	3.55800373261715e-05	3.55800366328101e-05	3.55800366328095e-05	0.00542978272143428	3.55800366525763e-05	3.55800366402655e-05	0.000113299463167165	3.55800366331848e-05	0.0174248871226862	3.55800366353432e-05
0.00461922183123222	3.41649033463315e-05	3.41649033515444e-05	0.0351122166402228	3.41649033515432e-05	3.41649033515443e-05	0.00186584152842455	3.41649033515444e-05	0.797902363434081	3.4164903351547e-05	3.41649033515433e-05	0.0482747946839855	0.0610057675902845	3.41649035329503e-05	0.00311731484662423	0.00145584476506672	0.0182050104395348	0.000596206967662385	3.41649033452346e-05	0.000318994917080571	3.41649033516408e-05	0.0271506084187639	3.41649033515458e-05
0.00178631358376522	3.54545189426088e-05	3.54545189458952e-05	0.0249749165251229	0.0132369188161607	0.0261087082762644	5.64486057637037e-05	3.54545189458996e-05	0.862636223549879	3.54545189458973e-05	3.54545189458942e-05	0.0506099002373382	3.54545189458948e-05	3.54545186216063e-05	3.54545189458928e-05	0.0137581007361703	3.54545189458945e-05	3.5454518942455e-05	0.00255156900523715	3.54545189458948e-05	0.00115946680114352	0.00269597963613466	3.54545189458964e-05
0.00661597212469344	0.00687354010314891	0.00838891874306367	0.0674511455623781	6.51346050487347e-05	3.43392531236898e-05	0.00641765914661416	3.43392531236901e-05	0.774511182048741	3.43392531236905e-05	3.43392531236945e-05	0.0509777786727366	0.0318973181949893	3.4339253786976e-05	3.43392531236885e-05	3.433925312369e-05	0.0157999740575821	3.43392531436812e-05	3.43392531316344e-05	0.000123030079500642	3.43392531242283e-05	0.0305006148764506	3.43392531236892e-05
2.4786286577869e-05	0.00605969132875203	0.00766810227726584	0.0458005719199322	2.47862865658429e-05	0.0289277414259718	0.00207350626496926	2.47862865658418e-05	0.837228161215195	2.47862865658434e-05	2.47862865658404e-05	0.0284445732596472	0.0197573429180418	2.47862881425506e-05	3.39586441367883e-05	0.00234438827243558	0.00163632460591675	2.47862871376066e-05	2.47862865686637e-05	0.00693008836987739	2.47862865658421e-05	0.0128476866300373	2.4786286564974e-05
2.34287186470528e-05	2.34287186597541e-05	0.0229026740666514	0.019059254082237	2.34287186489715e-05	0.0376942224763274	5.58044639999224e-05	0.00171233639336175	0.783145254979787	2.34287186489725e-05	2.34287186489773e-05	0.0383963048632808	0.0444317000237103	2.34287181242578e-05	2.3428718648971e-05	0.0154587256264979	0.0117450822167478	2.34287186910714e-05	2.34287186485395e-05	0.00526898099121616	0.001745843289931	0.0181495293402365	2.34287186489759e-05
0.00257135473644892	2.4703416166384e-05	0.0058413950166505	0.0336455536308151	2.47034161663819e-05	2.47034161663838e-05	4.64286862929e-05	2.47034161663843e-05	0.807149112548675	0.010949155419876	2.47034161663839e-05	0.0658140962291004	0.0379867413584647	2.47034158267285e-05	2.47034161663847e-05	2.47034161663845e-05	0.0133323977536493	2.47034157271215e-05	2.4703416166386e-05	3.08995318931663e-05	2.47034161663838e-05	0.0151068167342713	0.00725431077681127
0.00404881394735679	3.58783584535845e-05	0.0145064491700969	0.0322504499895231	3.58783584937117e-05	3.58783584937082e-05	0.0332143080563923	3.58783584937115e-05	0.812231547010583	3.58783584937116e-05	0.00235385029216516	0.0188860898285767	0.0310096076590976	3.58783584474166e-05	3.58783584937129e-05	3.58783584937115e-05	0.00956671716200802	3.58783584874146e-05	3.58783584851466e-05	0.0192341255095708	0.01514637155566	0.00564392687238691	0.00154895936174643
0.00608613747087969	3.5787460504724e-05	0.00533230505326152	0.0153329035216841	0.0254994628890346	3.57874605041991e-05	0.00298947784741684	3.57874605041992e-05	0.807396459821117	3.57874605041993e-05	3.57874605042009e-05	0.0283937914334295	0.0333542919732235	3.57874605217504e-05	0.0108883671490251	3.57874605042e-05	0.0178786094758712	3.57874617750819e-05	3.57874605042123e-05	0.00860841564990316	3.57874605041891e-05	0.0378461156483185	3.57874605042208e-05
0.000925614954480819	3.57841406882794e-05	0.00211906306825883	0.0206924072047678	0.0292285721381377	3.57841406882776e-05	0.00563539443679776	3.57841406882781e-05	0.840087379992643	3.57841406882782e-05	3.57841406882781e-05	0.0368089514988993	0.0365945850809466	3.57841409281734e-05	3.57841406882784e-05	3.5784140688278e-05	0.0127030708496243	3.57841429590937e-05	3.57841406871029e-05	3.57841406882782e-05	3.57841406885683e-05	0.0147397669439867	3.57841406882783e-05
3.48042984602275e-05	0.00879593765097736	3.48042984676165e-05	0.0314561891227183	0.00625591581173047	3.48042984676155e-05	3.48042984676165e-05	0.00368164503306408	0.814500994448192	6.09149783643809e-05	3.48042984676175e-05	0.0640639433299805	0.0134111125657733	3.48042983244411e-05	3.48042984676159e-05	0.00287454914524547	0.0130166948115326	3.48042984684538e-05	3.48042984671326e-05	0.0126285273861923	0.00686704379274787	0.0160672999704522	0.00600599326697051
0.00531307380097911	3.56635902440028e-05	3.56635902562072e-05	0.0313715262425291	3.56635902562071e-05	3.56635902562058e-05	0.0127224839424158	0.00770795301930864	0.797326426828013	3.56635902562053e-05	3.56635902562035e-05	0.0514910327728677	0.0441284839626708	3.56635910463624e-05	3.56635902562067e-05	0.000276187960914959	0.00988416393479373	3.56635907423508e-05	3.56635902576246e-05	0.000471744707109877	0.0184856798356159	0.0204289434986948	3.56635902586811e-05
1.73821161615117e-05	1.7382116161498e-05	1.73821161615118e-05	0.0112600231274704	1.73821161615114e-05	0.024167387262438	0.0175383480054979	1.73821161615114e-05	0.828140114192766	2.0985902366211e-05	1.7382116161512e-05	0.0623650532972171	0.00278831942034852	1.73821159333189e-05	0.0189210315491759	0.00470099144097079	0.0109900366525697	1.73821161217307e-05	1.73821161615034e-05	0.0107115572734065	1.73821161615114e-05	0.00820494859826447	1.73821161615024e-05
0.0118864559291298	2.36072132094512e-05	0.0122034286927896	0.0276169305337502	2.36072132089917e-05	2.3607213208996e-05	0.0314332754082094	0.0169189375083388	0.729100794864015	0.0157353099587612	2.36072132089959e-05	0.0474752524453872	0.00131718208025416	2.36072131033988e-05	2.6186970509723e-05	2.36072132089961e-05	2.36072132090192e-05	2.36072135006379e-05	2.36072132080335e-05	0.0219781226185384	0.0696783073204494	0.0143937435375916	2.36072132089947e-05
3.62704898776641e-05	0.00536879680743266	0.000496959244628818	0.0378314128408825	3.6270489877665e-05	3.6270489877666e-05	0.00678974906535891	3.62704898776636e-05	0.801256242592283	0.00255065133094505	3.62704898776621e-05	0.065161067921651	0.0578922678769066	3.62704915275335e-05	3.62704898776646e-05	3.6270489877664e-05	0.0117988454688068	3.62704902324965e-05	3.6270489881831e-05	3.62704898776631e-05	3.62704898776632e-05	0.00835146366436727	0.00206729730619663
0.00216013643619208	0.000840434287431756	0.00695051079848032	0.0223897040628503	0.0152593792149135	3.60287666397215e-05	3.87979696286673e-05	3.60287666397209e-05	0.856509643275395	3.60287666397209e-05	3.60287666397195e-05	0.0364616303027788	0.025783671125047	3.60287663346621e-05	3.60287666397219e-05	0.00276230236671069	0.00732094047129218	3.60287659799664e-05	0.00131188252548621	0.0174002569809299	3.60287666397202e-05	0.00448645128407211	3.60287666389715e-05
0.00458167270109077	2.59769004700859e-05	0.0041912283801519	0.0355332000647173	2.59769004613564e-05	2.59769004613528e-05	2.59769004613552e-05	2.59769004613524e-05	0.848863320930851	0.00151282103814001	2.59769004613552e-05	0.037726956915263	0.0347737777525065	2.5976900611568e-05	0.00321421651797236	2.59769004613552e-05	0.00932158150403281	2.59768997163724e-05	2.59769004551452e-05	0.00712274588193789	2.59769004611697e-05	0.0128467555083926	2.59769004613558e-05
3.41532773417423e-05	3.41532773400809e-05	0.00400920939915129	0.0346254360138224	0.0254062510163935	0.00853231976968628	0.00156465414383513	3.41532773356203e-05	0.781348289752365	3.41532773357698e-05	3.41532773357637e-05	0.0673568947143928	0.0351217888151408	3.41532779755236e-05	3.41532773357694e-05	3.41532773357693e-05	0.0135712057908542	3.4153277861526e-05	3.41532773418732e-05	0.00208617962396637	3.41532773357664e-05	0.02417913707502	0.00182294783349718
0.000623828372231399	0.0195199612057255	0.00837149991139198	0.0454636095694892	3.47940514096058e-05	0.023925544184545	0.00220787621798779	3.47940514096017e-05	0.789551341703187	0.00363046950081956	3.4794051409606e-05	0.0616460902113975	0.0198360526542863	3.47940510947496e-05	0.000453231175582623	0.00660765073948905	0.00337294351738724	0.00133469276471015	3.47940514152291e-05	3.47940514096053e-05	3.47940514093696e-05	0.0131768558608018	3.47940514096054e-05
0.000137797197888729	2.41048407597252e-05	0.00366256493352975	0.0290038486953836	0.00942315572664919	0.0175560963895043	7.77357641099681e-05	2.41048407601549e-05	0.815879718073233	0.00100432721490152	2.41048407601548e-05	0.0399031307571426	0.0472325690319683	2.41048407237268e-05	0.0023998755700271	0.00373646219410143	0.00991623481392391	2.41048416878231e-05	2.41048407540751e-05	0.00132418050439858	2.41048407600487e-05	0.0185494644062718	2.41048407601547e-05
2.49883980907015e-05	0.00905533562000407	2.49883980895637e-05	0.0260649835903065	0.000892126113138768	0.00373966019388549	2.49883980895637e-05	2.49883980895592e-05	0.802224226583835	0.000998456889565991	0.00295884193965089	0.0756321352472164	0.0333138326188951	2.49883980198481e-05	0.0103996865938331	2.49883980895637e-05	2.49883980895655e-05	2.4988398394025e-05	2.49883980910005e-05	0.00931140761135665	0.00822052843404009	0.0169388945831389	2.49883980895643e-05
2.47709369537364e-05	0.00603147280030797	0.00122574205445923	0.0373274848205918	0.00713937738670021	0.00264778788756746	0.00120192121529731	2.4770936949264e-05	0.865094927969531	2.47709369492643e-05	2.47709369492669e-05	0.0304501476965111	0.0254071903687366	2.47709368695325e-05	2.47709369492601e-05	2.47709369492642e-05	0.00319517953232984	2.47709388811402e-05	2.47709369486938e-05	2.47709369492645e-05	0.00536105281348236	0.00432545635317711	0.0103445497299595
3.49492040790047e-05	3.49492040449173e-05	0.00547958230625785	0.0209397982268043	0.00845344621028209	0.00968952779809084	0.00431129179593228	3.49492040502368e-05	0.80955387797664	0.0022835113617456	3.49492040502358e-05	0.0332812595680137	0.0343578805287503	3.49492037035404e-05	0.00814525530134219	0.000141891087195453	0.0101777390517125	0.00297045958108907	3.49492040458475e-05	0.0104497365621817	0.00870337698914105	0.0237045973868816	0.00714707304396515
3.52401837345956e-05	3.52401836908418e-05	0.0119742124464172	0.0362239223366559	3.5240183717816e-05	3.52401837178178e-05	0.0669454382198506	0.0237741767048252	0.755255624133051	0.0028177575086004	3.52401837178111e-05	0.0316715684174819	0.0447133515969288	3.52401836768024e-05	0.0098005361758495	3.5240183717818e-05	0.00885115358063615	3.524018371526e-05	3.52401837096335e-05	3.52401837178161e-05	3.52401837178174e-05	0.00754937667515124	3.52401837178165e-05
0.0105746213972126	2.52453690390904e-05	2.52453690382503e-05	0.0101086824064343	0.0167731715861279	2.52453690382425e-05	0.0087045109809697	0.00194893114349761	0.823572748681594	2.52453690382503e-05	2.52453690382557e-05	0.0418469243153562	0.0517183063973817	2.52453686941074e-05	2.52453690382483e-05	0.00804611739481714	2.52453690382499e-05	2.52453690023955e-05	2.52453690390988e-05	2.52453690382491e-05	0.00838411483941391	0.0180189264291137	2.52453690382478e-05
3.3679079746693e-05	3.36790797380521e-05	0.0171168002034547	0.0494420869216855	3.36790797359716e-05	0.0617644231900772	3.36790797359672e-05	3.36790797359683e-05	0.757609641946293	0.0129987317293389	3.36790797359711e-05	0.0317929363576353	0.0238834646567614	3.36790798620065e-05	3.36790797359673e-05	3.36790797359666e-05	3.36790797409265e-05	3.36790810202252e-05	3.36790797262125e-05	3.36790797359672e-05	0.00413290780257589	0.0407875000744564	3.36790797359665e-05
0.00141638319549087	2.55990314747814e-05	0.00520401668430553	0.0137068735478716	2.55990314730324e-05	0.0136988316206797	0.0308303880102962	2.55990314730354e-05	0.844868652640593	3.49522957521309e-05	2.55990314730365e-05	0.0493398061686077	0.0185754154773059	2.5599031471135e-05	2.55990314730338e-05	0.0121048661466876	2.55990314734994e-05	2.55990314688594e-05	2.55990314759378e-05	2.55990314730335e-05	2.55990314723322e-05	0.00991262583473494	2.55990314730355e-05
2.47933999214371e-05	2.47933999240174e-05	0.0125893181360356	0.0553512378657075	2.4793399920679e-05	0.00197503439669939	2.94255840375006e-05	2.47933999206807e-05	0.851859838289499	2.47933999206798e-05	2.47933999206886e-05	0.0208373470574702	0.0417011537642378	2.47933999099738e-05	2.65304120269995e-05	2.47933999206777e-05	2.47933999235212e-05	2.47933999205409e-05	2.47933999238291e-05	0.008678085575313	2.4793399921063e-05	0.00662971472000487	2.47933999206797e-05
0.00680212239415572	3.6496533916667e-05	3.64965339169614e-05	4.41020654025682e-05	0.0122166183985931	0.00709376930917738	0.011121600388428	0.00329508348337948	0.82213951020193	0.00157876876492032	3.64965339169562e-05	0.0696333319742779	0.0248032348471042	3.64965341377829e-05	3.64965339169596e-05	0.0042705540725465	0.0199145611807729	3.64965339093406e-05	3.64965339166389e-05	3.64965339169608e-05	3.64965339169615e-05	0.0167217775799301	3.64965339169442e-05
2.44808680005339e-05	0.00273522811018252	0.016003067354008	0.0369251430490434	0.00573765757271141	0.0151659912827441	3.97658590533045e-05	2.4480868000532e-05	0.818404969840416	2.4480868000532e-05	2.44808680005265e-05	0.0347079972929588	0.0311194266326096	2.44808694001377e-05	2.59036549194931e-05	2.44808680005309e-05	0.00517586301401172	2.44808661346382e-05	2.44808680013354e-05	0.00753811033215349	2.44808680008682e-05	0.0261760673256475	2.44808680005324e-05
3.58126710657045e-05	0.00110021494176602	3.58126710597877e-05	0.0214557003104837	0.0274448616371336	3.58126710597869e-05	0.0065735516424426	3.58126710597876e-05	0.821018841792299	0.00130799151894294	3.58126710597892e-05	0.0409810355446642	0.0465026596932278	3.5812671061237e-05	3.58126710597874e-05	0.000749861853536405	3.58126710638644e-05	3.58126726712846e-05	3.58126710622647e-05	3.58126710597876e-05	3.58126710597881e-05	0.0180815747665941	0.0143539542445668
0.00591408841190357	2.57643009949716e-05	0.00169292953724556	0.017283902914581	2.57643010017651e-05	0.0102969726006305	0.00488663276299429	2.57643010017657e-05	0.841966535306534	3.86992868369439e-05	2.57643010017655e-05	0.0556126326800562	0.0349416569266758	2.57643006586572e-05	2.57643010017645e-05	2.57643010017654e-05	2.57643010014451e-05	0.00250159908579013	2.57643010031861e-05	0.0143414607324541	2.57643010017654e-05	0.0102394824436275	2.57643010017694e-05
0.00436054222741973	0.00303445156242885	2.4922135133303e-05	0.0223764780694317	2.49221351333073e-05	2.49221351333034e-05	2.49221351333031e-05	2.49221351333034e-05	0.812729967101179	2.49221351333025e-05	2.49221351333031e-05	0.0382448090641148	0.0472424605971948	2.49221347702475e-05	0.0186892516630488	2.49221351333025e-05	0.0035343461698801	2.49221364014738e-05	2.49221351382607e-05	0.0174083826051893	2.49221351333029e-05	0.0261559446313582	0.00592430068624558
3.49513099786883e-05	0.0026969187950043	0.0055222320127128	0.0336625713941362	0.00595504307986836	0.00656969256602326	3.49513099764911e-05	3.4951309976492e-05	0.829249435294758	0.00415711471934716	3.49513099764885e-05	0.0469807326001427	0.0301743992292599	3.49513100521965e-05	3.5422584504572e-05	0.00171901929547461	0.0108645343940486	0.000953963885800876	3.49513099785562e-05	3.49513099764911e-05	3.49513099757529e-05	0.0190451550392963	0.00213415462973162
3.54453922294247e-05	0.0107782539668428	3.54453922294231e-05	0.0101348485601233	0.0538249674288838	0.00193860177541083	0.00663269890007687	3.54453922294253e-05	0.793029575855374	3.54453922294297e-05	3.5445392229439e-05	0.0606186866842624	0.0202391090426828	3.54453922286605e-05	3.54453922294251e-05	3.54453922294253e-05	0.0128647814097973	3.54453922333341e-05	3.54453922303276e-05	0.00320922351817457	3.54453922294676e-05	0.0112481844909734	0.01509116905287
0.00053818384206951	3.47599939295083e-05	0.00429731392523515	0.0224090203948461	3.47599939295173e-05	0.00951181036163355	3.47599939295165e-05	0.00316076811276581	0.808782223597777	0.00564626986732708	0.00740759127035722	0.0398739792046227	0.0390918936147028	3.4759994199321e-05	3.47599939295174e-05	0.01030038325453	0.0218132524910816	3.47599939276642e-05	3.47599939295173e-05	0.00443829466079056	0.00714196134214515	0.0153089741084119	3.47599939293974e-05
3.58451751875408e-05	3.58451751875453e-05	0.00410359082837201	0.0294030765036171	0.00935037044144662	3.5845175187536e-05	3.58451751875399e-05	0.000307779028976333	0.819000832557107	0.014332106850556	3.58451751875446e-05	0.0496678246593556	0.0466515690654098	3.58451749216967e-05	3.58451751875404e-05	3.58451751875416e-05	0.0090376448408781	3.584517565068e-05	3.58451751847245e-05	0.0146861636090381	0.00302889951279916	3.58451751865985e-05	3.5845175187539e-05
0.00175577179476503	2.54031163320959e-05	2.54031163300043e-05	0.00124888015960673	2.54031163300039e-05	2.54031163300057e-05	0.0032566052091357	2.54031163300011e-05	0.817860408159979	0.0203672338471915	0.000443441619353434	0.0271490326417921	0.0375864015569377	2.54031162514358e-05	0.0107913036405384	0.0111273951109165	0.016127445539151	2.54031163254451e-05	2.54031163303259e-05	0.0118422940805324	0.0110885057258824	0.0291266528673282	2.54031163300039e-05
3.70021521424869e-05	3.70021521414497e-05	0.000288537903613658	0.0234297387156752	0.00555345963096048	3.70021521378561e-05	0.00325146311873811	0.00268005787272512	0.859812794623032	0.00129045338514504	3.70021521378595e-05	0.038241664444775	0.0289563263007822	3.7002151796307e-05	3.70021521378597e-05	3.70021521378585e-05	0.0200905878711257	3.70021535879998e-05	3.70021521420767e-05	3.70021521378587e-05	3.70021521370631e-05	0.00275680382158183	0.0132410886372091
2.47744767280287e-05	0.00635821468364422	0.0039914070364546	0.0572876570462849	2.47744767240411e-05	0.00882488847802593	0.00151239379829059	2.47744767240382e-05	0.823298705437419	2.47744767240413e-05	2.47744767240371e-05	0.0328692851290234	0.0373748299412092	2.4774476948657e-05	2.47744767240426e-05	0.00198718887790578	2.47744767240419e-05	2.47744767250416e-05	2.47744767221855e-05	2.47744767240427e-05	2.47744767240993e-05	0.0261733613741016	2.47744767240451e-05
0.00249846643984762	3.52649307666614e-05	3.52649307683236e-05	0.0429757454477659	3.5264930768824e-05	0.0156903325400933	3.52649307683238e-05	3.52649307683229e-05	0.816727944488544	4.25339052727077e-05	0.0015829887238616	0.0577801703538599	0.00593838565090663	3.52649304924363e-05	0.00783002530593071	0.00156107080045838	0.00591987323628839	3.52649307663151e-05	3.52649307627152e-05	0.00195450441865591	0.0133014365141134	0.0195895055145796	0.00632489721395977
0.00156739346346719	0.00276524384140009	0.000282586442889299	0.0290091660368268	0.0105945422246748	3.57230593395777e-05	3.57230593395822e-05	3.57230593395822e-05	0.802548009399863	0.00818203874716739	3.57230593395822e-05	0.0572680602277939	0.0546453251676625	3.57230590143446e-05	3.57230593395824e-05	0.00101238371265571	0.00292800232468944	0.000369460391308164	3.57230593392104e-05	3.5723059339582e-05	0.00813963427691497	0.0203666462089588	3.57230593368818e-05
3.65798503706425e-05	3.65798503973764e-05	0.00532604907740331	0.0372202365167538	3.65798503689047e-05	0.00249986919855922	0.00918039246346782	0.00132470081849258	0.8276266026938	3.65798503689051e-05	3.65798503689151e-05	0.0496116170068887	0.0331876525357285	3.65798505168647e-05	0.00188405277491308	7.02522639361788e-05	0.00773021055514636	3.65798503581267e-05	3.65798503781739e-05	3.65798503689047e-05	0.0121176465773829	0.01185491901366	3.65798503706418e-05
2.37146383604683e-05	0.00185979618548851	0.0025621642242625	0.0402345014885805	2.37146383615908e-05	0.0220039235109944	6.11608799579144e-05	2.37146383615847e-05	0.780145612453069	0.0153890621788255	2.3714638361592e-05	0.0640407593828179	0.0135715563392037	2.37146381432932e-05	0.0105949366206211	0.0203180599411729	0.0169953379695857	2.37146383638236e-05	2.37146383615883e-05	2.37146383615914e-05	2.37146383615914e-05	0.0119859824420218	2.3714638361592e-05
0.00329286684912895	3.34178123312389e-05	0.0246315751234605	0.0479251261471729	3.34178123312088e-05	0.00551266957303878	0.055636285786717	0.0408588182742087	0.691360894954507	0.00643434258166005	3.34178123312093e-05	0.0157237952110209	0.0239070039759218	0.00217282085140806	3.34178123312085e-05	3.34178123312079e-05	0.0174807940657829	3.34178121451962e-05	3.34178123313613e-05	3.34178123312085e-05	0.0386237377963523	0.0261385084988252	3.34178123312117e-05
0.00091711181370835	3.60408841570494e-05	0.0119285825382307	0.0257041829779731	0.00862346629062021	3.6040884157054e-05	0.00912027543824947	0.00169438304872535	0.830183191597693	0.0120554189562912	3.60408841570314e-05	0.0237371206188062	0.0397302948123434	3.60408843965672e-05	0.00725754940903542	3.60408841570322e-05	0.0108869550687438	0.00101554837478609	3.60408841594854e-05	0.00767285719090566	3.60408841570322e-05	0.0091847347903893	3.60408841570326e-05
0.000761478596822057	0.00172604239842084	0.0132733791266036	0.0529313105397629	0.0223281830211385	0.0136307360566945	3.57663964322638e-05	3.5766396432342e-05	0.816905020040938	3.57663964323398e-05	3.57663964323361e-05	0.0279103340079926	0.0205504756110246	3.57663964273276e-05	3.57663964323444e-05	8.16331826132547e-05	3.57663964322341e-05	3.57663964222125e-05	3.57663964343188e-05	3.57663964323385e-05	3.57663964260942e-05	0.0133376752346824	0.01617030182257
0.00227970100646077	3.49830105186459e-05	3.49830105126441e-05	0.0323827281706778	0.00301360979391834	3.49830105126438e-05	0.00107791240757459	3.49830105126445e-05	0.822027096764258	0.000424297345713762	3.49830105126508e-05	0.0598805423255521	0.0271228552887232	3.49830112156614e-05	0.00472256654557982	0.00841477548340214	0.0196799461956042	3.49830089738917e-05	3.49830105156801e-05	3.4983010512645e-05	3.49830105117839e-05	0.0107231631290183	0.00790097543921789
0.00781658703984146	0.00246798006995384	2.80728458114829e-05	0.0152467792819076	0.0115193967178733	2.5225801405199e-05	0.00688872526409261	2.52258014051962e-05	0.823730743454838	2.52258014051991e-05	2.52258014051985e-05	0.0561161217405038	0.034642823781751	2.52258026285847e-05	0.00204278715221126	2.52258014051998e-05	0.0119328972454172	2.52258015594745e-05	2.52258014051935e-05	0.00883275166808268	2.52258014051978e-05	0.0158800953265163	0.00262720619717453
3.35129447632863e-05	3.35129447604033e-05	0.0365700341422582	0.0275467266322417	0.0205789074031309	0.075115030683927	6.54594655334486e-05	3.35129447604036e-05	0.764809643749146	3.35129447604041e-05	3.35129447603886e-05	0.0380694823540391	3.35129447604141e-05	3.35129447153261e-05	3.35129447603969e-05	0.00133150199638733	3.35129447603128e-05	3.35129447736328e-05	3.35129447674602e-05	0.0037033331953793	3.35129447604041e-05	0.0317742120960942	3.35129447604046e-05
0.00482775713377815	3.58946184642834e-05	0.00408578047693007	0.0410024013854796	3.58946184636494e-05	3.58946184636497e-05	3.58946184636029e-05	3.58946184636569e-05	0.831335358537584	3.58946184636488e-05	0.00715339736967769	0.0510251752803073	0.0422968772578011	3.58946182444516e-05	3.58946184636496e-05	0.00931993521829544	3.58946184634902e-05	3.58946184669593e-05	3.58946184641031e-05	3.58946184636473e-05	3.58946184636689e-05	0.00840279748215312	8.38898181803774e-05
3.53545542198422e-05	3.53545542194114e-05	0.00849392740990308	0.0507244801337422	3.53545542173815e-05	0.00374902655326919	0.00169743815493807	0.00012667196013065	0.810097297128918	3.53545542173844e-05	0.00241111022235091	0.0384546048749746	0.0367097133989621	3.5354554175787e-05	3.53545542173889e-05	0.00264455801373004	0.00523388027633742	3.53545542110687e-05	3.53545542193077e-05	3.53545542173841e-05	0.0027838817355283	0.0212726467683333	0.0152825723809665
0.00167612575016063	2.53607574776528e-05	0.00421266538752947	0.030585826932882	2.53607574729845e-05	2.53607574729925e-05	0.0120829677568061	0.0135537908145554	0.83830121818698	3.35226599079324e-05	0.0011656062868446	0.0381113614667203	0.0126521723096525	2.53607573419533e-05	3.08354459202869e-05	0.00269798130860483	0.000648349144071662	2.5360757267234e-05	2.53607574711234e-05	2.53607574729844e-05	0.0272342920565265	0.00719521655811532	0.00964054263274499
3.68816425596827e-05	0.00787735924055607	0.00369548376010957	0.0361524795797317	3.68816425541829e-05	3.68816425541827e-05	0.012144587081178	3.68816425541824e-05	0.835909018689927	3.68816425541824e-05	3.68816425541819e-05	0.0456071576067397	0.036576431745417	3.68816429969047e-05	3.68816425541832e-05	0.00726660377758487	0.0112685860279008	3.68816434719298e-05	3.6881642557645e-05	3.68816425541824e-05	3.68816425541824e-05	0.00302283113627942	3.68816425560222e-05
2.47919711758387e-05	0.00260393719411774	2.47919711758388e-05	0.0152486296377392	0.0259121061808052	2.47919711758354e-05	4.09200628089055e-05	2.4791971175842e-05	0.806163095442242	0.00108607092367781	2.4791971175838e-05	0.0762299064810841	0.028360501096609	2.47919710824708e-05	0.0188877327578491	2.47919711758388e-05	0.00817457850938216	2.47919706941973e-05	2.47919711766286e-05	2.47919711758421e-05	0.00114923170852563	0.0158705783227991	2.47919711758381e-05
0.00227836631915036	2.37950146184468e-05	0.0088736733046901	0.0482498293058945	0.00316103906382719	0.0287381606263398	0.00312371902270597	2.37950146184507e-05	0.806080504314506	2.44798479756249e-05	2.3795014618453e-05	0.0514354606059707	0.0126487123033344	2.37950148776035e-05	0.00818392325582981	0.00104264560428241	2.37950146184484e-05	2.37950158237927e-05	2.37950146183145e-05	0.00973418037081801	2.37950146184473e-05	0.0162111509216443	2.37950146184484e-05
0.000452166363606478	0.00216210979524512	0.00949514161506309	0.0712048211206111	0.000360343310232693	0.0298768450506686	3.4549285266924e-05	0.00436528187685602	0.78226381686093	3.45492852669241e-05	3.45492852669223e-05	0.047003912979975	0.0195892184215851	3.45492857654022e-05	3.45492852669238e-05	3.45492852669253e-05	3.45492852672063e-05	3.45492839888244e-05	3.45492852714183e-05	0.0118173140722769	3.45492852669192e-05	0.0210289863957881	3.45492852669244e-05
3.63690775635431e-05	0.00111675474315766	0.00807695647504734	0.030449642971528	0.0249320245646317	3.63690775482202e-05	3.63690775482216e-05	3.63690775482249e-05	0.818444912148548	3.63690775482215e-05	3.63690775482162e-05	0.0490793166968783	0.0471328070338122	3.63690772276409e-05	0.00328265854523229	3.63690775482205e-05	3.63690775482039e-05	3.63690775420756e-05	3.63690775476437e-05	3.63690775482259e-05	3.63690775484418e-05	0.0169757597358014	3.63690775482214e-05
0.000399836778940152	2.42843233886654e-05	0.0160769074642346	0.0399972640742556	0.00903359006123039	0.0331233029519897	2.42843233787868e-05	0.00129129260276992	0.80940124623486	2.42843233787868e-05	2.42843233787851e-05	0.0180998049127286	0.0378842848385312	2.42843238268556e-05	0.0142702817931863	2.42843233787861e-05	2.42843233780663e-05	2.42843217124911e-05	2.42843233922527e-05	0.000756163589039412	2.42843233788265e-05	0.0193988971422622	2.42843233799507e-05
2.52436786809164e-05	0.00684539126374277	0.0204996119931112	0.0342643248083237	0.0170768630508975	0.0324353426044474	2.52436786737157e-05	2.52436786737158e-05	0.805198910667468	2.52436786737159e-05	2.52436786750365e-05	0.0244507469600076	0.023478206273274	2.52436786278433e-05	2.52436786737151e-05	2.52436786737171e-05	0.00945600443453715	2.52436797975117e-05	2.52436786750217e-05	2.52436786737197e-05	2.52436786737159e-05	0.0207540406545682	0.00523763314445009
0.00449499192422165	3.59119420270357e-05	0.00414693188601776	0.0441806324519899	3.59119420261103e-05	3.59119420261067e-05	3.59119420261093e-05	0.00235745767831771	0.854103239007171	3.59119420261089e-05	3.59119420261063e-05	0.0270914974314657	0.0316909049468662	3.59119421708406e-05	3.59119420261076e-05	0.00213255804394948	0.00833878819882677	3.5911942023037e-05	3.59119420302507e-05	0.0123908043140017	3.59119420261089e-05	0.00124747121073188	0.0074296915440062
2.50128764420571e-05	2.50128764420605e-05	2.50128764420571e-05	0.0215103077050859	2.50128764420563e-05	2.50128764420569e-05	0.00415354760475618	2.50128764420537e-05	0.826318943769038	2.50128764420587e-05	2.50128764420571e-05	0.0456030028284977	0.0428706755416658	2.50128764211818e-05	2.50128764420547e-05	2.50128764420583e-05	0.0170584728634153	2.50128793545327e-05	2.50128764436549e-05	0.0215551481527409	2.50128764420569e-05	0.0205547083852759	2.50128764420562e-05
2.38644719695632e-05	2.38644719671524e-05	0.000153947639267702	0.0226477030857491	2.38644719671548e-05	0.0334730992329126	0.00434367439587955	0.000820893051091653	0.811666118445264	0.0121385299138238	2.3864471967152e-05	0.0445297469327533	0.0235139731040059	2.38644719476846e-05	2.38644719671529e-05	0.00350839119767577	2.38644719671528e-05	2.38644719572164e-05	2.38644719669732e-05	0.00702512139373711	2.38644719671513e-05	0.0210120485314132	0.0149281083567817
0.00155177056405462	0.00379735389463086	0.00267179902393039	0.0158845453633215	2.57641036966464e-05	2.57641036966465e-05	2.57641036966464e-05	2.57641036966457e-05	0.844723363350845	0.00319433779179056	0.00273010858644961	0.0355660539513798	0.0525712021396152	2.5764103400834e-05	0.00286391340325333	0.0120951219968065	2.5764103696591e-05	0.00150632252484953	2.57641036983982e-05	0.0171901524752457	2.57641036966466e-05	0.00342207800085021	2.57641036979306e-05
2.39137220307304e-05	2.3913722031971e-05	0.0099837610209496	0.0096448140681388	0.0336553654446518	0.0432008819326739	0.00187793648596438	2.39137220307305e-05	0.78733564164095	0.0050993133671727	2.39137220307277e-05	0.0716543764055913	0.0202050956229351	2.39137219346504e-05	2.39137220307306e-05	2.39137220307314e-05	0.0042526508714048	2.39137226873672e-05	2.39137220314425e-05	2.39137220307304e-05	0.00359867392805373	0.00922843826861315	2.3913722030789e-05
0.0023859449941812	0.003932737705382	3.51110777933045e-05	0.030006545496504	3.51110777933041e-05	0.0178975307162286	3.51110777933045e-05	3.51110777933044e-05	0.820065591141131	5.89321415208542e-05	3.51110777932928e-05	0.0525985717353726	0.0310692218647921	3.51110774757028e-05	0.0157586015633847	3.51110777933046e-05	0.00464373143252019	3.51110777877925e-05	3.51110777905207e-05	0.0108632943954192	3.5111077793314e-05	0.0103330749581632	3.51110777933048e-05
0.00460326863176713	2.57964532999691e-05	2.57964533056054e-05	0.00711148875260089	0.00157884363656943	0.0228663711147989	0.0145552106123011	2.57964533056054e-05	0.854802453868854	2.57964533056056e-05	2.57964533056063e-05	0.0284934357436739	0.0122153070505998	2.57964532434914e-05	2.57964533056051e-05	0.00751368406298909	0.00315808207918883	2.57964530920091e-05	2.57964533105174e-05	0.00874391226718078	0.0144009006280256	0.0124198849376435	0.00730498853433323
0.00454202203463605	2.36822287588393e-05	0.0341960900747005	0.0468382744386391	2.36822287588343e-05	0.0309622439759654	0.091983941187892	0.0280919713786763	0.65674395342743	2.36822287588377e-05	2.36822287588383e-05	0.0362291172246872	2.78043262921413e-05	0.00416503678773544	0.0171615825446027	2.36822287588362e-05	0.00578875237855936	2.36822287572589e-05	2.36822287588315e-05	0.00534262889410108	0.0377134412672545	2.36822287588363e-05	2.36822287588362e-05
0.000899237210041717	3.58195687339916e-05	3.58195687340002e-05	0.0477516025892169	0.00483179086151246	3.58195687339965e-05	0.0066318156012997	3.5819568734001e-05	0.839470514745326	3.58195687340058e-05	3.58195687340028e-05	0.0350440005467039	0.0335949269708858	0.00119789843154091	0.00281728596882217	3.58195687339999e-05	0.00479219379309111	3.58195687309624e-05	3.58195687392154e-05	0.00313760265079122	3.58195687339982e-05	0.00867697458701455	0.0107959603564118
2.40769664198431e-05	0.00221465301531582	0.0052235516304089	0.0252237011058275	2.40769664197801e-05	0.0163048540606152	2.4076966419779e-05	2.40769664197784e-05	0.806899546309657	0.00404703072660121	2.40769664197779e-05	0.0519666379740913	0.0582844437455582	2.40769663609516e-05	2.40769664197776e-05	0.00417900622394441	0.00927138160274405	2.4076966422763e-05	0.00281134119515228	0.00392004064748635	2.4076966419779e-05	0.00941304209845586	2.40769664197795e-05
0.000697310421943561	3.67465984075235e-05	0.00399992626125644	0.0321982255762174	3.67465984068908e-05	0.0076237978508066	0.00244411629937065	3.67465984075247e-05	0.83736253288895	4.24367644006636e-05	3.67465984075234e-05	0.0668308093262316	0.0291548925410169	3.67465983713253e-05	0.0112493182591902	3.67465984075237e-05	3.67465984075234e-05	3.67465984107408e-05	3.67465984038724e-05	0.00197736023681173	3.67465984075206e-05	0.00601506099136675	3.67465983988126e-05
2.49315927318222e-05	2.49315927318217e-05	2.49315927318235e-05	0.0525048573855407	2.49315927318242e-05	2.4931592731826e-05	0.00420885057576049	2.49315927318222e-05	0.843562716249243	2.49315927318223e-05	2.49315927318357e-05	0.0270679508113496	0.0369647434690542	2.4931592990514e-05	0.00331403933169763	0.0100320157304951	0.0108144909341813	2.49315927309029e-05	2.49315927304666e-05	2.49315927318226e-05	2.49315927318224e-05	0.0111812932141759	2.49315927318233e-05
2.57249531822207e-05	2.5724953221062e-05	0.0202091280129896	0.0202544991235068	2.57249532045905e-05	2.57249532045878e-05	2.5724953204588e-05	2.57249532045872e-05	0.876597090761449	2.57249532045883e-05	2.5724953204588e-05	0.0425945058360365	0.0240634468724121	2.57249530733446e-05	2.57249532045877e-05	2.57249532045879e-05	0.00958275544508233	2.57249523165274e-05	2.57249531977962e-05	2.57249532045878e-05	2.57249532045597e-05	0.00628697469828218	2.57249532045818e-05
3.56499834270162e-05	3.56499834356956e-05	3.56499834360773e-05	0.0510397831827858	3.56499834360772e-05	0.0112425798160646	0.0023648406790894	3.56499834360773e-05	0.799747446697424	4.89106583051606e-05	3.56499834360763e-05	0.0574926762162704	0.0330641572274595	3.56499834353936e-05	0.0032613055539179	0.000655586473104658	0.00170914405256325	3.56499833806199e-05	3.56499834311276e-05	0.00803850634365762	3.56499834352455e-05	0.0309429132816327	3.5649983436078e-05
0.00480083789650781	2.60952873197388e-05	2.60952873286817e-05	0.0339486437228516	2.60952873286862e-05	2.60952873286862e-05	2.60952873286836e-05	0.00148407557509124	0.847143521480059	0.00216926184610102	2.60952873286836e-05	0.0377717202151446	0.0448942899242888	2.60952868479248e-05	2.60952873286841e-05	2.60952873286868e-05	2.60952873286544e-05	2.60952891194329e-05	2.60952873316789e-05	2.60952873286837e-05	0.0101446759657285	0.00504428630670951	0.0122594483309412
3.41350276265573e-05	0.0104828835855763	0.0341361763212909	0.0481358291733978	0.0012591949614727	0.0276919604885245	0.00245956330942512	0.00428634567041577	0.759523616260981	3.41350276283804e-05	3.41350276283788e-05	0.054820526158819	0.0165547402800696	3.41350278507402e-05	3.41350276283803e-05	3.413502762838e-05	0.0177508169230272	3.41350274626976e-05	3.41350276387939e-05	3.413502762838e-05	3.41350276283945e-05	0.0225228615630224	3.41350276283812e-05
3.41715009611569e-05	0.00178169311925029	0.00576580461097411	0.0291004121162868	0.0167646744476326	3.4171500960919e-05	3.9798391786495e-05	3.41715009609191e-05	0.822424450748736	3.41715009609196e-05	3.41715009609219e-05	0.0272923245291233	0.0536575840564125	3.41715006791814e-05	3.98518931005802e-05	0.00231319174905323	3.4171500960646e-05	3.41715009552335e-05	3.41715009595516e-05	0.0261903635063168	0.0013075893905787	0.0129805464314285	3.4171500960918e-05
0.00260222059049789	0.00404378572621173	0.00319053622008548	0.0179344068323364	3.6524324687736e-05	3.65243246877354e-05	0.0124252673562562	3.65243246877412e-05	0.829125401093232	0.00132247858193477	3.65243246877338e-05	0.037998181520184	0.0149288124063792	3.6524324649338e-05	3.6524324687736e-05	0.010361267601251	0.000352908083129791	3.65243237277748e-05	3.65243246904975e-05	0.0205858119849109	0.0246118845703385	0.0201883185120576	3.65243246877375e-05
0.00147096743204213	3.48174919379103e-05	0.00762708116504749	0.0413291884375707	8.79209759868761e-05	3.48174919379004e-05	0.000150347338137704	3.48174919378985e-05	0.850705280950527	3.48174919378984e-05	3.48174919379006e-05	0.0234899747814792	0.0312869001917037	3.4817492484329e-05	4.36758330494389e-05	3.48174919378986e-05	0.000633418129800124	3.48174914022836e-05	3.48174919320899e-05	0.00956579980252221	0.000612768059836407	0.00391402727370875	0.0287692922011417
