Bcells	CentralVeinEndothelialcells	Cholangiocytes	Hepatocytes	Kupffercells	LSECs	Mesothelialcells	PortalVeinEndothelialcells	Tcells
0.0224909338401096	0.0189831956435618	8.74972766709627e-05	0.776252832999421	0.0790440186166981	0.0220071476583339	0.0255361479292776	0.0276051253996839	0.0279931006362435
0.0406903596431262	0.0174927132159322	8.9255794154031e-05	0.79566212020382	0.0830435437106606	0.0337791878831861	0.0158039318603023	0.0101103319788566	0.00332855570996237
0.0022443243946785	0.00827411088139367	9.48572967856584e-05	0.880303308422149	0.0475603157616465	0.025930889645506	0.0148608740067461	9.48572968001328e-05	0.0206364622942949
0.00719790371568022	0.0378600703693789	9.09320155951579e-05	0.78297856126418	0.0877593278930802	0.00928316681083339	0.0183823054222012	0.00516622934576273	0.0512815031632881
0.0172435071266043	0.000134686731215457	0.00207526496310278	0.748120972841196	0.123444267625325	0.0128733320468935	0.0340752199070698	0.0263394133095569	0.0356933354490366
0.0214593557806041	0.000521565974210051	9.06569613648398e-05	0.807696752177812	0.061548727234313	0.0534870786989255	0.0371846128494149	0.00337457230467114	0.0146366780186847
0.0469700737075411	0.0123385263816433	8.84908324605887e-05	0.785671535252953	0.0671805296805243	0.0531513728150624	0.0285215486303681	8.84908324607595e-05	0.00598943186698656
0.0547551407994479	0.00981782299747238	9.23331864869548e-05	0.77983198228204	0.0925804343927562	0.0424124409660234	0.00587023658047754	9.23331864964967e-05	0.0145472756087988
0.000126659232305546	0.000126659232305546	0.000126659232298093	0.773474793336339	0.0890185517089493	0.067948301296033	0.0362839523447382	0.000126659232305544	0.0327677643847257
0.0231597369292777	0.0338071583136111	9.03492113041179e-05	0.856668071023844	0.0763338308704916	9.03492113043032e-05	9.03492113043043e-05	0.00966980601755895	9.03492113043032e-05
0.0264280641683046	0.0055451124527253	8.89391699618063e-05	0.763588906821723	0.0996013663062385	0.0321206948145092	0.0368644082259676	0.00757268804060913	0.028189819999961
0.0174164301399169	0.0240031236576316	8.88923790574121e-05	0.825256214012277	0.0408283306736462	0.0350430625006193	0.0305776101601402	0.00267626051361367	0.0241100759630977
0.0145249658565928	0.0544806715153461	8.30517282624774e-05	0.761380665423261	0.0674045172019026	0.0262865188748452	0.0470530638040998	0.0287034938674316	8.30517282585762e-05
0.0133320805556277	9.27414899371663e-05	9.27414899369801e-05	0.785343593319567	0.0934999813299114	0.0310059533372981	0.0120817856845201	0.0148637530121351	0.0496873697810658
0.0131041681912359	0.000131841789494082	0.0373165942098809	0.793432569482045	0.0384889046604511	0.0188159223330411	0.010546395442666	0.0478901484951284	0.0402734553960574
0.0133655653320942	9.31408039365944e-05	9.31408039355679e-05	0.759788535944384	0.0713885620634218	0.0361052809279439	0.0532075659533578	9.31408039365939e-05	0.0658650673669898
0.0288639122073706	9.13654855284176e-05	0.0088789523884117	0.826035896145569	0.0654748289614497	0.0332550863030931	0.0185560883931091	0.00477070342637247	0.0140731666890957
0.0210991931676371	8.965186548377e-05	8.9651865481885e-05	0.792250884824586	0.0927234681551884	0.0114581409865353	0.0116454257541389	0.0159531130764313	0.0546904703045176
9.04578628545224e-05	0.0011570436189669	0.000398234589369192	0.764852683612914	0.0896625823324086	0.0351727595219893	0.0133948697021507	0.0506985447814324	0.0445728239779143
0.0294009097512966	8.99912909798305e-05	0.0153806054246446	0.80382227656331	0.0910172364835742	0.00743490242768518	0.040464192014558	8.99912909798274e-05	0.0122998947529718
8.52511239217227e-05	0.000620386756434294	0.0274832655082999	0.682340516747985	0.0703505004135173	8.52511239217228e-05	0.0482835024051789	0.108069187715284	0.0626821382054572
0.0532301915296979	8.95842110896104e-05	8.95842110945754e-05	0.771367984987512	0.10710215125957	0.0589520190318948	8.95842110896084e-05	0.00303820762971646	0.00604069292833517
0.0477298928950271	0.0117355697411993	9.07996235546112e-05	0.809031315617162	0.0578709699896063	0.0125071012923262	9.07996235600504e-05	0.0125208522278413	0.048422698989723
9.77306125425777e-05	9.77306125425778e-05	9.77306125423312e-05	0.830855279147533	0.0532030211709967	0.0187320943142456	0.0313929843104603	0.0146912492546117	0.0508321799645254
0.0272207129947041	0.0139632484382076	0.0001256166354559	0.754696248758519	0.138933009738932	0.0328640421271007	0.0203165223864141	0.00907146924986205	0.0028091296708039
0.0320018248223705	0.0331309741766605	8.73615592555379e-05	0.761827391318286	0.0952057706809892	0.02240019685149	0.00645795376655536	0.00539218962351736	0.0434963372008761
0.00768626079156753	0.0401248818477414	8.93819487588171e-05	0.803494939348257	0.074652885477621	0.0292388602614349	0.0362678257396557	8.93819487680546e-05	0.00835558263619586
0.0226203160037853	0.00477859426471177	9.04230875007845e-05	0.73607546272371	0.131183011979392	0.0304454737738119	0.0149724863438102	0.0253006845212897	0.0345335473019877
0.0267014870485212	0.00563719997134856	8.64207297356844e-05	0.862162279273781	0.0453101318785768	0.0217066215425653	8.64207297366286e-05	0.012069996180813	0.0262394426449215
0.00198154396498685	0.0239681034180199	9.25179594826054e-05	0.780091234471171	0.0553152954593625	0.0137940494842424	0.0309663983985269	0.0399450365661575	0.0538458202780506
0.0282942152751098	8.76634536911492e-05	0.0722087878023201	0.716736948524592	0.0658994071087905	0.0363173397092422	0.0510422905251447	0.0276422361081741	0.00177111149293518
9.34350435764478e-05	9.34350435764477e-05	0.00292397484209855	0.762856582867562	0.0807249125812749	0.0357019929292907	0.0152632722306639	0.0444124857562054	0.0579299087057522
0.0164206937217764	0.0835589193141038	8.4856842395427e-05	0.724545705869924	0.0630741910542137	0.0243608160975812	0.0531903754706013	0.0325168774276725	0.00224756420173196
9.50256847941883e-05	0.00306342644634939	0.0159220546545794	0.829216557782743	0.0806833397249273	9.50256847899849e-05	0.00963466155615506	0.0360802827415416	0.0252096257241202
0.011162119832692	0.0259995266650734	9.00060761173404e-05	0.841071441297118	0.0393055644527132	0.0140244538299432	0.0259751891960077	0.0124390873687992	0.0299326112815362
0.0308135042655285	0.0300149652330183	0.0148088357150497	0.783011122794212	0.107304982963197	0.00976980710095867	9.33937154225498e-05	0.0145149167345363	0.00966847147807673
0.0224129638943435	0.043006238758351	9.06902667634155e-05	0.79169653988496	0.0687089277893194	0.0249227818818403	0.044374575033738	9.06902667665698e-05	0.00469659222391781
0.0248247833562337	9.48601831020802e-05	9.48601830983136e-05	0.791728101757692	0.082134585301795	0.0454875913186196	0.0229382087454019	9.48601831020777e-05	0.0326021489709554
9.21293753800368e-05	0.0137839058278189	9.21293753790422e-05	0.796256256363877	0.0916341327363589	0.0268407950014994	9.21293753800366e-05	0.025286224653052	0.0459222972912551
0.0186064750203902	9.01503617803747e-05	9.01503617853573e-05	0.781851646506804	0.066703142150571	0.0463199120134806	0.0419569633759646	0.0113796855836015	0.0330018746256224
0.0358624191438966	0.0217613316231345	8.76461676729423e-05	0.788824766272382	0.0818080722702285	0.0195911725862689	0.0319829958244658	8.76461676731427e-05	0.0199939499442777
0.0540923879019011	0.0145031963594198	9.32865266540197e-05	0.779775110781362	0.104504379220092	0.0114963268998461	9.32865266550509e-05	9.32865266556325e-05	0.0353487392574142
0.0124860470636959	0.0186108679883944	8.95328557922225e-05	0.769648270775515	0.0802355654167001	0.0365094096199979	0.0220122659287904	0.0205936197033839	0.0398144206477303
0.0443395291484376	9.02360954313361e-05	9.0236095437499e-05	0.778431683644946	0.0737488599581317	0.0386665472579538	0.00699469098368857	0.0231466613628028	0.034491555453171
0.00125135304267369	9.06844174804455e-05	0.00126783944533966	0.794804966993973	0.0393834413157609	0.0242987636734243	0.0283121538491681	0.0535303186193892	0.0570604786427912
0.000138833546837957	0.000138833546838646	0.000249319965357617	0.818397558460214	0.0762963973049773	0.0145132242294601	0.00308232890404875	0.022483619619248	0.0646998844230175
0.035933597883899	0.0191565056903435	9.08763095339877e-05	0.81386944804491	0.0460791057856497	0.0404074596903073	0.0442808546318909	9.08763095289659e-05	9.12756539371437e-05
9.06557393078717e-05	0.0243568110165374	9.06557393133e-05	0.783755669073963	0.0960902222900334	0.000897328910511301	0.0201765725888904	0.0242132217302493	0.0503288629111943
0.00724932135562205	9.20310717347004e-05	9.20310717344892e-05	0.745862615960318	0.126491074975851	0.04680818151926	0.0143065060077138	0.0353296562648915	0.0237685817728749
0.000145275064155982	0.0106044232371884	0.00184991050367949	0.79018320947663	0.0905818956526066	0.0207389285429947	0.0257084741768602	0.0321572691022089	0.0280306142436756
0.0118220898500785	0.0494457874338695	8.8740439423306e-05	0.757237181340056	0.097118089787655	0.00285076976455777	0.0225604088230294	0.00183031611343708	0.0570466164478931
0.0617316802273873	0.000122026580457076	0.0676345625336674	0.637529117953081	0.0352950271152506	0.00852343741650997	0.0715832247522698	0.117439144820189	0.000141778601187383
0.017354518960581	9.23718362335467e-05	0.00715738365460584	0.801323430220287	0.0490200471891042	0.0326109127537574	0.0446814195592675	0.0181596888550882	0.0296002269710755
0.0160347842961419	0.0204076891456591	0.000134077596040563	0.819812039207736	0.0461060214605699	0.0206431773660033	0.0391708712973819	0.0001340775960327	0.0375572620344342
0.00169027114662006	0.0116451844078571	9.00620831162849e-05	0.781240112803175	0.114179490706392	0.0227617492776405	0.0111910967576482	9.00620831169117e-05	0.0571119707344345
0.0359555820393808	9.10464687886068e-05	9.10464687891832e-05	0.761104111630126	0.074983612784231	0.0170608765664175	0.044511448774882	0.00747250489814117	0.0587297703692435
0.0090588528452233	0.0974149252309642	8.44012270373195e-05	0.75026756888581	0.0575359665463063	8.44012270322992e-05	0.0688777241798084	0.0165917586307864	8.44012270322995e-05
9.32901458091959e-05	0.0241698786527124	9.32901458135884e-05	0.790931252148652	0.0827738856178769	0.0177454995487731	0.0201016198720402	9.32901458091957e-05	0.0639979937225139
0.0392135112467416	0.0181414719447743	0.000128922357551908	0.768061678799181	0.0617419467731159	0.0278956303324602	0.0331231801899933	0.00311573455520904	0.0485779238009732
9.46456132787261e-05	9.46456132787281e-05	0.00281276690612545	0.803318987307561	0.0634158008062782	9.46456132787262e-05	0.0291768825610372	0.0491391137940683	0.0518525117850943
0.0317292653001016	0.000916767123553506	0.00365348268726861	0.806454101808001	0.0806977655283342	0.0332637685494231	9.24690493229465e-05	0.0082377291344509	0.0349546508195445
0.0284106913765477	9.08782909408091e-05	9.08782909406117e-05	0.774787872596285	0.108668377442241	0.0275560529755034	0.0192906983345731	0.0111635800887959	0.0299409706041721
6.02332112061784e-05	0.0422585502006833	6.0233211205543e-05	0.814199523351871	0.0822001930646825	0.00116499414598098	0.044455628548607	6.02332112061783e-05	0.0155404110545576
0.0249084852946684	0.0380656897962912	8.8266464027796e-05	0.755045705846433	0.0921409061698421	0.0226745600968738	0.0364126639251173	8.82664640308721e-05	0.0305754559427156
0.00953839392095443	0.000134950930847103	0.00013495093084693	0.765994263885644	0.0948783937539406	0.0383033220270154	0.0338954111983436	0.0133974593770484	0.0437228539753596
8.60907324325346e-05	0.0486196102602063	8.60907324306431e-05	0.768044550344288	0.0343957621666335	0.0331783313698761	0.0820477714050438	8.60907324325344e-05	0.0334557022566567
0.0175944432948541	0.0436781773046428	9.39037566598182e-05	0.807096118639706	0.0319986549148742	0.0161779805369352	0.0483122606036678	9.3903756658761e-05	0.0349545571920013
0.00505184182755189	9.40332504406999e-05	9.40332504397194e-05	0.83902559826729	0.0536399891736393	0.0307109330177578	0.00739733104249617	9.40332504407002e-05	0.0638922069199438
0.00833013318662902	9.18500421161417e-05	9.18500421138963e-05	0.786491108422755	0.0953622113139439	0.0286325737478138	0.0263014053818694	0.0136807865756885	0.0410180812870705
0.00485001701476745	0.0694825191491101	0.00185368706780295	0.795517787116166	0.064397072919163	0.0126116074535122	0.0212582606857847	8.80387768260391e-05	0.0299410098168681
0.00949339121843452	0.0161040431278835	9.33000568132688e-05	0.791502085093718	0.0618267549924918	0.0446802686629187	0.0185004547864018	9.33000568081112e-05	0.0577064020045306
0.0112650577155371	0.0732594948671272	8.53685362172281e-05	0.745622800942321	0.125963726688226	0.0101326753601097	0.0135574071399776	0.0200281002142711	8.53685362132734e-05
8.80916890146105e-05	0.0387758624390675	8.80916890126406e-05	0.796784388948043	0.0918810042091067	0.0154166089728637	0.0214216348435739	0.012184821813017	0.0233594953963006
0.00572481101631538	0.0313792691289577	0.0158168387124641	0.834303061183254	0.0573462164693711	9.3448860078021e-05	9.34488600780205e-05	0.0254467454054224	0.0297961603640596
0.0516673237811386	0.0283899253721252	0.114242156348321	0.601259129373276	0.0560271672257959	0.000118964223939879	0.0747950619085279	0.0615379796890011	0.0119622920778741
0.0359400382335443	0.00981107438353964	0.00579646498863345	0.792452846784711	0.0678813738387434	0.023448451125266	0.00799086842638245	9.20950726987274e-05	0.0565867871464814
0.0141848448283348	0.0316026994085911	8.69549933633786e-05	0.763571960979054	0.0841003968857657	0.0509811366498722	0.0182322835902716	8.69549933581641e-05	0.0371527676713891
0.0306516042786112	0.0212692758243155	9.30785243026671e-05	0.788647759674779	0.106709921069579	0.00505623680978512	0.0135912688154557	0.0285153911599192	0.00546546384325174
0.00975469750786481	0.00633062950456406	0.000295670244183336	0.822181891670915	0.0641319413926887	0.0406538392290115	9.23971704307182e-05	9.23971704307179e-05	0.0564665361099108
9.32142101090598e-05	0.00461694324002147	9.32142101140645e-05	0.853703120382107	0.0803626186083958	0.0248149859101335	0.0361265583304738	9.32142101090593e-05	9.61308985360629e-05
0.0209447744240478	0.0305738719986499	0.00013383133777593	0.762258162200805	0.108821674985314	0.00985108471606256	0.0407929520732821	0.0105519594234334	0.0160716888406296
0.00226201841091388	9.52412607656146e-05	9.52412607708709e-05	0.818215554333985	0.0633322884836589	0.0194012398663686	9.5241260765614e-05	0.0490813553038943	0.0474218198188771
0.0466726472807204	0.0380562217705558	8.77896926794765e-05	0.701944655797034	0.0958625508588193	0.019580166455036	0.0822006374515347	8.77896926796856e-05	0.0155075410009401
0.0233171154446969	0.0121680457281707	8.86757620523882e-05	0.817126693691909	0.0499155519678909	0.0399691923615479	0.0204349282163526	0.0257034434768765	0.0112763533505029
0.00917398596571327	9.56218247078763e-05	0.00343676757196648	0.813667565302783	0.0636379079125861	0.000573241203820933	0.00675646909943063	0.0557670346338381	0.0468914064851532
0.011123222380732	8.8917655046628e-05	8.89176550446704e-05	0.845537577041384	0.0468749680821588	0.0200577965543116	0.0153368788474687	0.0168856147528772	0.044006107030977
0.0296655899665405	9.72604714749885e-05	9.72604714761158e-05	0.816660725602726	0.0761617660222108	0.0320726668850223	0.0124101061409737	9.72604714749887e-05	0.0327373639681012
0.00384328452592008	0.0180301962130127	8.89152497019386e-05	0.769418124934249	0.0657846640945647	0.0179949472422675	0.043103344752781	8.89152497041896e-05	0.0816476077377988
0.0265142132863719	0.0636476733935692	0.00012700087414826	0.741724597887028	0.096406257133998	0.0339323199940171	0.0373939356825706	0.000127000874148467	0.000127000874148467
0.0190828897510865	9.06978742097498e-05	0.00968112236819797	0.784906054264638	0.105859489397079	0.01604489757551	0.0137106443697269	0.00985965597333893	0.0407645484262122
0.0276587306582563	0.0193938975853565	0.00819023263947113	0.797546445612767	0.0901114814356245	0.0138685726283267	0.0161200867839247	0.000846385944333652	0.0262641667119397
0.0114489280931719	0.00585034307283957	9.27521078695236e-05	0.831318337693691	0.0777728078633429	0.0148895535528708	0.00556762572921231	0.0318784269755151	0.0211812249114866
0.0925269949698694	7.88461404486726e-05	0.229532853794827	0.53898144425709	0.0574936216267313	7.88461404486723e-05	0.0323889188802854	0.0488092087963554	0.000109265393943807
0.0299845384389061	8.77563186714647e-05	8.77563186724642e-05	0.779400082256693	0.1010783120842	0.0305776238382525	0.0272998919122734	8.77563186714651e-05	0.03139628251366
0.00959553420181646	0.07261322104151	8.57599292447601e-05	0.720148970265619	0.109649161526567	8.57599292448125e-05	0.073074907592761	0.0100676308997262	0.00467905461350998
0.0260619136643502	9.38737007554616e-05	0.00388851559480126	0.782931165405955	0.0670994165424024	0.0291307248398024	0.0338441782974561	9.38737007554594e-05	0.0568563382537222
0.00946432937964124	0.000286989639520549	9.35656802347364e-05	0.807887636484185	0.0843591899767447	0.0437385449452375	9.35656802402647e-05	0.0147418537786218	0.0393343244355743
0.0281869089840218	8.5642746568808e-05	0.0183141076293441	0.744356142453233	0.0710425368390646	0.0115051102269181	0.0172578635389408	0.0715585299108162	0.0376931576710928
0.0395750517026849	9.22280956098208e-05	9.22280956103939e-05	0.802529293357695	0.0737888467538151	0.0347069553163863	0.0144309066984271	0.0165990437698461	0.0181854462099247
0.00080275313420311	0.0256159641424389	0.000127949573889272	0.735301222356912	0.0893497240547679	0.0408107488591673	0.0275332341463074	0.022215799624162	0.0582426041081515
0.0158781384295535	8.82731747757995e-05	0.00554600301211364	0.782744691244744	0.070981308796094	0.0356634379756465	0.0491760489877187	0.00137899524004648	0.0385431031393071
9.01419467619075e-05	9.01419467619083e-05	9.01419467624747e-05	0.748930618845861	0.142766419093526	0.0122287115693532	0.0199417155752806	0.0496742767529169	0.0261878323227768
0.0161284954729076	9.2339792640406e-05	9.23397926401805e-05	0.842683558060267	0.0766960287944264	0.0229253269810901	0.0191383408949663	0.000365454103973986	0.0218781161070876
8.66914491531151e-05	0.023082896391729	8.66914491479988e-05	0.819587769413738	0.0512051414556875	0.0392059548955226	0.0418582931894986	0.00467159724435406	0.0202149645111687
0.0169785595500565	0.000133881087526457	0.000133881087526107	0.755308296026909	0.0861804175712756	0.0191208668474579	0.0302199628373494	0.0300492089205709	0.0618749260713283
9.30700956585854e-05	9.30700956585787e-05	9.30700956562543e-05	0.816857843343983	0.0425894725168131	0.0444734042677798	0.0137483188858309	0.0291545412025126	0.0528972094961068
0.024033199155705	0.0633290718802015	8.64757421432893e-05	0.756960029236726	0.055387636196653	0.0386168541764933	0.0290503144313105	8.64757421423298e-05	0.0324499434386255
0.00601579406076329	9.28012744628694e-05	0.000520693038489541	0.798251564662685	0.120209194264447	0.0330450351270394	0.0156151727964125	9.28012744608588e-05	0.0261569435012392
9.05083365878663e-05	0.00586581765462571	0.00553386864503092	0.788821950006831	0.130868983347979	0.0348560453747013	9.05083365878669e-05	0.00670920083763295	0.0271631174600226
0.00670217253175457	9.35464527864596e-05	9.35464527841446e-05	0.803211172347513	0.0968715742048685	0.00716648244136627	0.0320537456539825	0.0249835226943611	0.0288242372205837
0.0147964139043917	0.00848755522827927	9.02035997770969e-05	0.757780962873886	0.136029909149932	0.0432018902435414	9.02035997772736e-05	9.02035997772732e-05	0.0394326578006379
0.0563178658695501	0.0241593623950549	0.0241355200301081	0.770315005427476	0.0661196876283968	0.0390794656326634	0.0149082349700468	0.00473815429712269	0.000226703749581384
0.0488834326585147	0.0177816003870136	9.05378424922327e-05	0.797634213220382	0.0800076928609617	0.0183663511236013	0.0362032738794085	0.000942360185131448	9.05378424944389e-05
0.00583427211312312	9.16648092930765e-05	0.00834998647531384	0.77632147233924	0.0904221192082957	0.0359718281352448	0.0369942903055467	0.0111797955527244	0.034834571061218
9.66271785302276e-05	9.66271785302293e-05	0.0062332457736203	0.82338485534805	0.0631098531562422	0.0234850005952371	0.0264472630788964	0.00640102376072937	0.0507455039301642
0.0125720131571649	0.000134454179392529	0.000134454179387882	0.765215169549613	0.0863943745571597	0.0479795559215398	0.0244889212093248	0.00549867023644479	0.0575823870099721
0.0294877520464462	0.0529423921279714	9.02352531907828e-05	0.804653142332251	0.063874013315316	0.0142689212759336	0.0191742641984333	9.02352531865944e-05	0.0154190441972714
0.0148638801061888	9.02155500036171e-05	9.02155500012667e-05	0.804382078778343	0.105550229088752	0.0193046041874794	0.0118501241969032	0.0160425837804423	0.0278260687618875
0.00870145821482319	0.0330242830617868	9.14579766200661e-05	0.802827302324268	0.0591236199704791	0.041364706663811	0.0383090369023756	9.14579766232336e-05	0.0164666769092125
0.0271217333237134	0.0235989216626981	8.954514174845e-05	0.803023557246808	0.111512028564482	0.0235717333633075	0.000104021993202851	8.95451417526894e-05	0.010888913562287
0.0183448655233559	0.000133959734155194	0.000133959734162543	0.819067848660601	0.0671161646798301	0.029503103320339	0.0105441543764479	0.0156214784594468	0.0395344655116612
0.0449319562382874	9.31451125623289e-05	9.3145112562929e-05	0.778039959137598	0.0944512629520486	0.0305581797147643	0.0200072463432217	0.00879809016814707	0.0230270152208073
0.000160824154362195	9.05895537484732e-05	0.000702075634149875	0.83040926423195	0.0586793993757404	0.0186578126344933	0.0519954523358764	0.0175226062139486	0.0217819758657313
8.90511258899075e-05	8.90511258899107e-05	8.90511258918029e-05	0.804985897949219	0.0907745761415293	0.0533543810387245	0.0205320057092367	8.90511258899073e-05	0.0299969346577286
0.00788310678012904	0.0194843298873088	9.13103967384349e-05	0.819855673253153	0.0683051599689681	0.0163912629289481	0.022033199146574	9.13103967385941e-05	0.0458646472414418
0.0046420489813177	0.0056279092991182	0.000134312000264261	0.769693496044109	0.0781166546595428	0.0476547962908744	0.0269695771831083	0.0327003035263126	0.0344609020153528
0.0409661796805258	0.0230132614065993	9.24992079171078e-05	0.823467769665117	0.0356844820847446	0.0271330759616237	0.0233805907353434	9.24992079173024e-05	0.0261696420502118
0.0423640351080737	0.0168362158722408	9.12117302224483e-05	0.781811705418577	0.0797956896409949	0.0598170476552139	0.0143526187570566	9.12117302234558e-05	0.00484026408739697
0.0111254798042333	0.00151318259303394	9.30613750515261e-05	0.805592262477093	0.0927382740892025	0.0251634214753427	9.30613750501258e-05	0.0415727247709226	0.0221085320400704
0.000130533457297174	0.0132184060951106	0.00272580193986681	0.798880574433982	0.063926882639614	0.0459767071490592	0.0457116352214983	0.000689761443228972	0.0287396976203426
9.15830654068414e-05	9.15830654068389e-05	9.15830654066363e-05	0.797436401172486	0.0754544541258554	0.0376641512382392	0.0229574332049018	0.0139927193220288	0.0522200917402682
0.00603017036179909	0.0434501442046082	8.99811955667161e-05	0.830095288797878	0.044596795146117	0.0214606812254303	0.0304915149896612	0.00279905069974866	0.020986373379191
9.35105386927423e-05	9.35105386927415e-05	9.35105386978887e-05	0.801517948185526	0.0674886473955723	0.0283585486820542	0.0487855118566688	0.0534599057619326	0.000108906502162588
0.00193058107948631	0.0582974984294254	8.85721050528706e-05	0.753838238642356	0.065234374924228	0.0272318633514105	0.053732571044741	8.8572105047583e-05	0.0395577283182524
9.17475746278928e-05	0.0238711260145417	9.17475746276815e-05	0.848174154245083	0.0443754818273362	0.0119228422023459	0.00123407063758098	0.016700295188804	0.0535385347350529
0.0441664223644982	0.00374011008990483	0.0547718469249197	0.716486251131685	0.0778953970486349	0.0065107422269364	0.0192071138790485	0.0552992671096925	0.0219228492246803
9.02715595796025e-05	0.0284833903357987	9.02715595845966e-05	0.81534277856218	0.0542118021781586	0.00907003967491386	9.02715595796024e-05	0.0397323764310527	0.0528887981391529
9.53785654959899e-05	0.00164129276342949	0.00558297474183071	0.81718049799871	0.114451764275937	9.53785654959904e-05	9.53785654959899e-05	0.0337373814897339	0.0271199530338711
9.20877088331363e-05	9.20877088331358e-05	0.00684721381345035	0.813202975250554	0.0951936159384231	0.0166569194596946	0.0226988967593868	9.20877088330334e-05	0.0451241156519923
0.0155619201061488	0.00725173523757059	0.0103979578746637	0.797754417092057	0.0881994952059265	0.0305212679692545	0.0500710287986611	9.30680386146906e-05	0.00014910967710346
0.0161395456326295	9.09291197692856e-05	9.09291197747699e-05	0.781138706127922	0.079474424700969	0.0303678781892545	0.0221551867083228	0.0106992308665098	0.0598431695348481
8.68459839787598e-05	0.0436576937803129	8.68459839757203e-05	0.825880593507079	0.046329301857275	0.0269022826418641	0.0240522664673302	8.68459839787626e-05	0.0329173237942057
0.0209873485553546	9.18282418244668e-05	9.18282418242821e-05	0.796272758391851	0.0980194487224712	0.0139163699364429	0.0130728471172391	0.0237990861701909	0.033748484622802
0.0489009134190029	0.0119291511076356	0.00095606298712431	0.817104928981224	0.0462326226358142	0.00228500220871239	0.00692093713164855	0.0521274098711123	0.0135429716577257
0.0102062977312651	0.0215068859117083	8.82851539145206e-05	0.78336568426929	0.104959536909879	0.0417736866944686	0.0221972479110857	8.82851539175165e-05	0.0158140902644713
0.0352771941255099	8.79639997263679e-05	0.0042135363778653	0.760106411015836	0.115629597211872	0.0335462627929103	0.0299669340965513	0.0131090687471469	0.00806303163258208
0.00784104778056345	9.34161059369049e-05	0.00934998754718709	0.788158646844013	0.0741201669386077	0.0279259681479797	0.00585862742716565	0.0101060941616155	0.0765460450469308
0.000134226250429556	0.0201308292491884	0.00013422625043703	0.777524830587576	0.125839683006848	0.0241542998802082	0.0343221836751478	0.000134226250429557	0.0176254948497349
0.0515802671610256	9.06031238884254e-05	0.0347020277948789	0.741354553316271	0.0380740712636738	0.0172635343363062	0.0350592159446156	0.0331997339911051	0.0486759930682356
0.051132588732958	0.0242046294899143	0.000136242690640255	0.811872087876223	0.0789978916744118	0.0180219714341013	0.0056493581225145	0.000136242690648043	0.00984898728858867
0.0138699589260404	0.0193327904054229	0.00158016406380577	0.782464136200504	0.0987975129642996	0.00210279068808056	0.029013229391313	9.38749490356129e-05	0.0527455424114978
0.00861102752747447	0.00758481996042138	9.09291842093999e-05	0.778097112032199	0.118767713251509	0.0348236131130499	0.0129225335313241	0.0108034440335575	0.028298807366256
0.00309823872025554	0.0327598011720384	9.11315821047311e-05	0.75485323967916	0.117510889899101	0.0332147692589609	0.00310268331719959	9.11315821049339e-05	0.0552781147890748
9.29371558065317e-05	0.00590634871699396	9.29371558045269e-05	0.818925855438204	0.118727933423821	0.0328016535440405	0.0150812152625331	0.00827104179853601	0.000100077504260233
8.67143080190464e-05	0.051617525075519	8.67143080230568e-05	0.802769274585601	0.0865868048293086	0.0293502876026072	0.0132269247119786	0.00135774205606646	0.0149180125228767
0.018240760265942	0.0161035186346582	8.69125563306467e-05	0.730056411438973	0.127440056025623	0.0494178023932531	0.0132848419292179	0.0159317506964269	0.0294379460595745
0.032066715184571	0.0073358612312154	8.98175608068495e-05	0.743985140676984	0.0997268389809407	0.055739844325701	0.0415492345601072	8.98175608127368e-05	0.019416729918861
0.00145103594628089	0.0314600344536232	9.05915093743319e-05	0.817817736822388	0.0793277969984972	0.0273993783614656	9.05915093733366e-05	0.0168473386365528	0.025515495762445
9.26201720337421e-05	0.0331807553519851	0.00552808122040307	0.80548092503772	0.0562290956930006	0.0259483817128206	0.0239571972861724	0.00335025775354138	0.0462326857723233
0.0229813146551382	0.033097879129507	8.8304360524425e-05	0.778238130845356	0.0634943830250984	0.00995016588653786	0.0376799479116637	8.83043605220154e-05	0.0543815698256522
0.0365510366792071	8.87078618828895e-05	0.0100804109740412	0.731448335607606	0.126236033766063	0.0340503915714687	0.0229510109451961	0.0120573307474302	0.0265367418471048
0.0586001463426795	8.90549074134706e-05	0.0473384341020757	0.688009535992463	0.0597901620179983	8.90549074134719e-05	0.0605062420226186	0.0854883147999248	8.90549074134722e-05
0.0506239691137469	0.0215814232852364	0.00397240971315478	0.745770035817838	0.112480457945365	0.0370660665790547	0.0122817974739674	0.0115810122228398	0.00464282784879721
0.000128056555959104	0.0223815094408328	0.000128056555951638	0.741756765724522	0.165341372742755	0.0156784179059531	0.0152872589783459	0.0266611237896202	0.0126374383060595
0.0195253390799272	0.0404703700468525	8.63830847919212e-05	0.780837508965106	0.11207123336275	0.0208964809106288	8.63830847921219e-05	8.63830847921242e-05	0.0259399183803596
9.24334890046734e-05	9.24334890046729e-05	0.0179775139710614	0.799247845018701	0.0493142559180179	0.0243496617886979	0.0438528926164654	0.0318510845654405	0.0332218791436069
0.0126290199022251	0.0440170409162801	0.000127269256682672	0.762297161487704	0.0611130279933686	0.0293285000735414	0.0491801785643583	0.000242847648206578	0.041064954157633
0.0355114856736173	0.0428967810246329	8.55794870339246e-05	0.794292073431768	0.0625830887345929	0.00926172368002856	0.0412261175216254	0.0140575709596597	8.55794870411801e-05
0.0179914661770115	0.000130898464699894	0.000130898464689292	0.7239751784019	0.160692740125169	0.0186206237343665	0.0257961618732378	0.0205051925195891	0.032156840239337
9.26107885931762e-05	0.00702919556481467	9.26107885941191e-05	0.779552663844509	0.0990207058737475	0.0149316733067571	0.00655803947237463	0.0367516688404371	0.0559708315201722
0.0129536375443155	0.050976005490769	0.000781671242524602	0.846652854903413	0.0560678435506774	0.001082640329997	0.0151070096520194	9.07371974854225e-05	0.0162876000887988
0.0086495612353912	0.00014198943673799	9.32620058897099e-05	0.792852326866535	0.0787361394458125	0.0165021990553412	0.0252870311567763	0.0283866767591694	0.049350814038347
0.0123550141173526	0.012989851742263	0.00835364829569425	0.810645193646502	0.0697931867491432	0.0209515369945817	0.0390927985697998	9.19541079775939e-05	0.0257268157766858
0.000136440846866164	0.000136440846866165	0.00384377738261149	0.815014519597584	0.123494662801758	0.0115493590787092	0.0203917340401537	0.0252966245585851	0.000136440846866165
0.0244679636256582	0.0475563240357481	8.83934846761273e-05	0.789167169400962	0.0494863082497644	8.83934846712126e-05	0.0290697929844246	0.0255125909165865	0.0345630638175093
0.0249650856031451	0.00899395816423287	0.0037428390765556	0.776309775487048	0.122185953410357	0.0396308852342401	0.0171749409199193	0.00686174718228201	0.000134814922219939
0.0211461040216296	9.27723951840552e-05	9.27723951850938e-05	0.78256361290069	0.0923631034602985	0.0301701599051633	0.0206969808797321	0.00665127137757437	0.0462232226645426
0.0100675940955353	0.038142476309141	9.10160076423743e-05	0.768746162099286	0.0728336056382832	0.0498133083638594	0.0167637648762649	9.10160076425405e-05	0.0434510566023449
9.44937576744933e-05	9.44937576744971e-05	9.44937576755366e-05	0.776658444283036	0.110600718180237	0.00270483000527348	0.0140166398577542	0.0102449828333076	0.085490903567367
0.0206071025806394	9.06655413036757e-05	9.06655413051607e-05	0.799086804208036	0.0573531338819688	0.00333655642233935	0.0443339011024324	0.0164285408955319	0.0586726298264427
9.04180195271793e-05	0.0266620322661864	9.04180195304992e-05	0.804358402805746	0.0853037842974524	0.0184978908869147	0.0184954184763621	0.0119107351850871	0.0345909000431936
0.0536265513031411	9.14300263625921e-05	0.00714703998651949	0.767559932653562	0.0315980372927794	0.0249848129971507	0.0358597949035828	0.0421704075668505	0.0369619932700515
9.03613090626113e-05	0.0118631313581745	9.03613090635167e-05	0.804916485722352	0.0607748255237272	0.0326780030980462	0.0410294910346816	9.03613090626101e-05	0.0484669793358296
0.0501946070353156	0.0721821473689886	9.08585689653158e-05	0.765096419882604	0.0486086750432843	0.0239859228357433	0.0242965545373912	9.08585689603512e-05	0.0154539561587474
0.0228436574214819	0.000132956929616701	0.000132956929625095	0.752949003488042	0.127881720882029	0.0269227239871595	0.0283136583667504	0.02036070508179	0.0204626169135059
9.21561834080006e-05	0.0158373277379474	9.21561834094182e-05	0.825529044311936	0.0715538115117327	0.00541692749943502	0.015584922831187	0.0254511695588206	0.0404424841821233
0.0196400752674346	0.0154208170279358	0.00281014715323851	0.817511506391207	0.0694583175428311	0.0311356141876094	0.00631512586397302	0.0252931287870145	0.012415267778756
0.0365395328371969	0.0314399134297883	8.75514766047142e-05	0.816593750010842	0.0648206997749539	0.0326936264822004	0.0138087455191427	8.75514766006206e-05	0.00392862899267056
0.00492558682488699	0.0286726385212738	0.00095685350471401	0.807113889633739	0.0397392166479442	0.0383913593701281	0.0231003331452795	9.44089766260899e-05	0.057005713375408
0.0146610411892753	9.53749174451186e-05	0.00441172335572764	0.814199240653801	0.0670857360787016	0.0388941873802684	9.53749174451189e-05	0.0104156599267039	0.0501416615806317
0.000131852268021052	0.000131852268020136	0.000131852268019926	0.765640597358475	0.106176345839507	0.0316222780763477	0.0339604057239597	0.030541583272005	0.0316632329256442
0.00696518890081042	0.0118557743683236	9.11262589103176e-05	0.81886258135679	0.058863371052076	0.0397811970367867	0.0431191394764031	9.11262589048493e-05	0.0203704952909956
0.000137204135557538	0.000137204135557537	0.0091547354849153	0.764772690760291	0.0667122235300731	0.0310194975189345	0.0409838688931486	0.0231745744821476	0.0639080010593746
0.0230275946000713	9.3713928026199e-05	0.0364942284081142	0.801476000723535	0.0403177856374257	9.37139280267743e-05	0.0130101806797375	0.0532230953646565	0.032263686730407
0.00036212302847798	0.0208334748950649	0.0040992630514027	0.783834282472381	0.0678998237616174	0.0342345334143477	0.0361763843853243	8.98411650373056e-05	0.0524702738263467
9.35417652539715e-05	9.35417652539725e-05	9.35417652536768e-05	0.809263211053872	0.0960366564691166	0.0417387286912247	0.0169732848594686	0.0114273392261619	0.0242801544043946
0.0267935545529038	0.0216614354724125	8.9630197811182e-05	0.804581628186887	0.0838207663514849	0.031328525532132	0.0315451993107557	8.96301978062132e-05	8.96301978062137e-05
0.0273675271571382	9.25148478715013e-05	9.2514847884535e-05	0.752136955223982	0.13699593434881	0.026528917506509	0.0226350944514589	9.25148478715013e-05	0.0340580267684745
0.013826226172439	0.0272574196843024	8.81327210771323e-05	0.817022061817726	0.0511229835409478	0.0272516904843569	0.0244527729608705	8.81327210781014e-05	0.0388905798972022
0.0117330484155643	0.00066393513630044	9.25024695254581e-05	0.851448584488875	0.0348198238159623	0.0136460845018049	0.0234339878040991	0.0163244991666933	0.0478375342011755
0.00443937391124062	0.0165889522644853	0.000129468585409538	0.809797474772398	0.065965683586537	0.0214264169368956	0.0368269370718616	0.016406127475132	0.0284195653960406
0.0305012774545686	0.066258843709673	8.8093663835271e-05	0.794460392464326	0.0551475672855357	0.00487178789228378	0.0233517612461391	8.80936638303227e-05	0.025232182619808
0.0237766261460283	8.95818889852174e-05	8.95818889829725e-05	0.759021411364998	0.0820151457570409	0.0380257063627628	0.0371281771718373	0.0265695459126384	0.0332842235067255
0.00152717990904477	9.14084816801056e-05	9.14084816746218e-05	0.798700893608868	0.118276961885589	0.0216743010534091	0.0555763559864869	9.1408481680106e-05	0.00397008211156744
0.0418193890369796	0.0442838521178349	8.85415124041329e-05	0.76931694072598	0.0722743377342147	0.0433835794168273	0.0164144959745328	8.85415124018905e-05	0.0123303219688247
0.0225677410288626	8.9880249221339e-05	8.98802492267739e-05	0.83242986578563	0.0527065367843974	0.0162254314802092	0.0196888839744784	0.0214628383477841	0.0347389421001898
9.23086699081004e-05	0.0344159079577166	9.23086699048987e-05	0.791493523756521	0.0630222031653091	0.0124831147872202	0.00487237426627046	0.0304684074207337	0.0630598513064164
0.0133920469078248	9.18909478517925e-05	9.18909478485979e-05	0.786538976666718	0.0872003273297355	0.0328504951989715	9.18909478517925e-05	0.0354902379768419	0.0442522430763565
0.0258738771617066	0.0212833259373278	9.15180317791785e-05	0.82857852046535	0.0813396860837311	0.0210954830075712	0.00552063550207714	0.00374782934916876	0.012469124461288
0.0112151041536074	0.000137624989802499	0.000137624989810103	0.776836185454569	0.118203076510781	0.0247217204310726	0.0373904842060801	0.0202239761612114	0.0111342031030657
0.0361523487923468	9.00636814692482e-05	9.00636814690553e-05	0.747146146571168	0.0931170227675713	0.0516802532711932	0.0203030355540041	0.00660717074276441	0.0448138949380142
0.0447851494854777	0.00884168189828248	8.76407099142854e-05	0.79349090096059	0.0977831236931537	0.0182078816586764	0.017867777244313	0.0188482036396681	8.76407099245219e-05
8.94920458926966e-05	0.0248608053548936	0.00413509040538577	0.779908100864188	0.122030648716641	0.0164104951525895	0.0112690392436708	0.00319560717900888	0.0381007210377299
0.0339554705773322	0.00278022086832703	0.000130746356362334	0.754104917899023	0.103781489612744	0.0161081628423632	0.0333296813400614	0.0334744269818574	0.022334883521929
0.0542229200370276	0.0371933237454838	8.60578584958461e-05	0.78236634138663	0.0305432657985938	0.0251540190056135	0.0347420668373794	0.0301023555145907	0.00558964981618581
0.0137326749340785	9.58554484933281e-05	0.00905967576020332	0.804308415803584	0.0618789788266029	0.0483496563616823	0.0156460007012668	0.0160109524483041	0.0309177897157844
9.04961415237478e-05	0.0393904785293193	9.04961415235888e-05	0.819957123250472	0.0623342062709345	0.0396103583153765	0.0143236189339277	9.04961415237494e-05	0.0241127262753988
0.0093894307359489	0.000134183217793264	0.000134183217799594	0.774640787347829	0.110667876724523	0.0395004489988305	0.00784515755602034	0.019367885567025	0.0383200466342306
0.0144403556826568	0.0163243086771285	8.74724765367192e-05	0.745623598813275	0.0886010689966627	0.0348969619821362	0.0177765248462504	8.74724765374344e-05	0.0821622360488163
0.0437821365092749	8.70104510643003e-05	8.70104510624385e-05	0.772667910482093	0.0734102507531962	0.0381717132499534	0.0116812538764343	8.70104510643002e-05	0.0600257037758572
0.0124506321162841	0.00536234688913424	8.95417840168987e-05	0.791578269903014	0.0674744163553154	0.0398442813107703	0.0300006989599868	0.0356461920144287	0.0175536206670493
0.0215624549244224	9.2560075640197e-05	9.25600756407645e-05	0.82408542968173	0.0949054668524309	0.0506265400230643	0.00666677537723067	9.2560075640183e-05	0.00187565291420032
0.0535724311415925	0.0314396488968293	0.121744546913873	0.664710678879299	0.0403617331668441	0.000125720666177129	0.0152835498026174	0.0526923506554313	0.0200693398773366
9.14254573273226e-05	0.00839679682942592	9.14254573323428e-05	0.798556942523244	0.0915081702333738	0.00709724040976147	0.0297565256655964	0.0262192726419239	0.038282200782015
0.03067921841148	0.0317104555747753	0.00414417342353059	0.822468993047977	0.0467056681144944	0.0120421579023261	0.000131440858570848	0.00672041124729149	0.0453974814195546
0.00713317481346563	0.0360887918048056	0.00173143377383379	0.825067214732476	0.0606105687795505	0.0113909238702336	0.0201283041424389	9.41845124112809e-05	0.0377554035707846
0.0110255903705203	0.0537595464647635	9.17696077344422e-05	0.815372706734779	0.0518397241467743	0.00460068271192427	0.0343129448131003	9.17696077289863e-05	0.0289052655426747
0.00666099164970107	9.42150051636423e-05	9.4215005158063e-05	0.794277106729788	0.0639236911869518	0.0478500900456757	0.011539039185179	0.0106772638436918	0.0648833873486904
0.000126545889102117	0.000126545889102119	0.00117593248688976	0.720477546998182	0.157309208193989	0.028120629556582	0.0316745687091391	0.0288598460195927	0.0321291762574213
