Basophils	Bcells	CapsularFibroblasts	cDC1s	cDC2s	CentralVeinEndothelialcells	Cholangiocytes	Fibroblasts	Hepatocytes	HsPCs	ILC1s	Kupffercells	LSECs	LymphaticEndothelialcells	Mesothelialcells	MigcDCs	MonocytesMonocytederivedcells	Neutrophils	NKcells	pDCs	PortalVeinEndothelialcells	Stellatecells	Tcells
3.63075571756817e-05	3.63075572206837e-05	0.00102133536790177	3.63075571755973e-05	3.63075571707427e-05	3.63075571778197e-05	3.63075571778213e-05	0.00289637115564234	0.871263374363717	0.00606397314558661	3.63075571820361e-05	0.0587965870804559	0.0452007293143448	3.63075571778861e-05	3.63075571778213e-05	3.63075571778203e-05	0.0119472114455617	3.6307557106413e-05	3.63075571789622e-05	3.6307557177814e-05	0.0022598740248344	4.22383015119979e-05	3.6307557165958e-05
3.48629439825075e-05	0.00932738659381897	3.48629439932417e-05	0.00869895683568515	3.48629440151091e-05	0.00386930009699925	3.48629439857994e-05	3.48629439856291e-05	0.913057610357122	3.48629439858007e-05	3.48629439858072e-05	0.0317031964534175	0.0191129393901828	0.00231086535533443	3.48629439858002e-05	3.48629439858006e-05	3.48629440146667e-05	3.48629440027346e-05	3.48629440029062e-05	0.000684166743084548	3.486294398718e-05	0.0107474969583612	3.48629440806169e-05
0.000605228869758062	3.59351171884923e-05	0.00278972011894616	0.00169005499700591	3.59351172293504e-05	0.00205838758277597	0.00503980981044758	3.59351172333986e-05	0.852843187252606	0.00268144702481282	3.5935117212709e-05	0.0922215352902651	0.0260919692474205	3.59351172135668e-05	3.59351172126829e-05	3.59351172126819e-05	3.59351172175669e-05	3.59351172238452e-05	3.59351171773625e-05	0.00865116624902332	3.59351172122312e-05	0.00489627215044178	3.59351171628544e-05
3.56257522870069e-05	0.00112551101800314	3.56257523506307e-05	0.00324728940592101	3.56257523609243e-05	0.000394563700272842	3.56257523490127e-05	3.56257523659801e-05	0.896432915298499	3.56257523490135e-05	3.5625752348962e-05	0.0472054292560719	0.0355444669903946	3.56257523503361e-05	8.92183720907187e-05	3.56257523490133e-05	3.56257523435099e-05	3.56257523576872e-05	0.00228338232023697	3.56257523490127e-05	0.00309856349087601	0.0101155253671739	3.5625752299006e-05
3.6272778057306e-05	3.62727781501358e-05	3.62727781339541e-05	0.00511108718810787	0.0090677950235343	3.62727781286814e-05	0.00299480336623827	3.62727781183215e-05	0.87055641803793	3.62727781286822e-05	3.627277813174e-05	0.0550110561268733	0.0305566980237926	3.62727781479971e-05	3.62727781286825e-05	0.00172591804303008	3.62727781248377e-05	3.62727779536479e-05	3.62727781057137e-05	3.62727781286829e-05	0.0116209031127042	0.0128475021842041	3.62727781468146e-05
0.00137497300825726	0.00414857611822196	3.49514888811544e-05	0.00112008940446261	3.4951488857293e-05	0.0157141840613457	0.00108682248924026	3.49514888870907e-05	0.87615794315076	3.49514888864829e-05	3.49514888864828e-05	0.0564608334417829	0.014070064439396	3.49514888844029e-05	0.00127939975257386	0.000317278854415309	0.00448856365362932	3.49514889992922e-05	3.49514889359389e-05	0.000337135057027844	0.00169749933810326	0.0121982918339773	0.0092687334855878
3.56213487088139e-05	3.56213487163357e-05	0.00337387553324599	0.0217139966747871	3.56213487048288e-05	3.56213487048285e-05	0.0253657083467551	0.0353485511267417	0.811265534690141	3.97099023806949e-05	0.00564448816781869	0.0477542573591229	0.0278442047546744	3.56213487048287e-05	0.00266849073076934	0.00252428542308443	0.00103992155084522	3.56213487045222e-05	3.5621348709079e-05	3.56213487048288e-05	0.0109803157418495	0.00411606785941936	3.5621348706606e-05
3.56315903705575e-05	0.00636047224971327	0.000267215042510746	3.56315903726105e-05	0.00919258938723716	0.00711817067105502	0.00328178427758482	0.00345822864446365	0.870282486457922	3.56315903714225e-05	3.56315903714232e-05	0.0530963767432332	0.0338298504756903	3.56315903731476e-05	3.5631590371422e-05	3.56315903714233e-05	3.56315903795356e-05	0.000993305820344495	3.56315903709203e-05	3.56315903714223e-05	3.56315903714222e-05	0.00537114816559011	0.00635642457055997
0.00100226646301718	0.0104647874398739	0.0016326166178089	0.0033743769490224	0.0080036000285639	0.00194487752394018	0.00796982211948638	0.00441900705403842	0.848652179862512	4.95098820354241e-05	4.95098820379914e-05	0.0413117299797264	0.0624402407998554	4.95098820375979e-05	4.95098820354237e-05	4.96903259250351e-05	0.00431617767555796	4.95098822864014e-05	4.95098820329425e-05	4.95098820354262e-05	4.95098820359554e-05	0.0024375701772895	0.00158497792684489
4.9554774229408e-05	0.00476266507829057	0.0006937393280433	0.00118242978599083	4.95547741708817e-05	4.95547741560506e-05	4.95547741560549e-05	4.95547741627231e-05	0.85237866198043	0.00262284872817454	4.95547741574651e-05	0.0583859683077976	0.0495026320341004	4.95547741593983e-05	4.95547741560548e-05	4.95547741560537e-05	0.00781497182538815	4.95547740303344e-05	4.95547742150117e-05	0.00148070585872831	4.95547741543191e-05	0.0205311650090223	4.95547741300931e-05
3.66703674145999e-05	3.66703674971851e-05	3.66703674952261e-05	0.00667963576949294	7.29916221522793e-05	3.66703675040281e-05	0.00305724520062047	3.66703674957624e-05	0.868518233537732	0.00136998863104156	3.66703675036902e-05	0.0525541508012508	0.0494684339299918	3.6670367504412e-05	0.000681016565243076	3.6670367504029e-05	3.66703675147758e-05	3.66703674985797e-05	3.66703675016163e-05	0.00723589834505454	0.0078263153091058	0.00209604587836731	3.66703675132432e-05
0.00234662493768799	3.53485108868386e-05	3.53485108820216e-05	0.00697762773870295	3.53485108865403e-05	0.028415714135037	3.53485108813876e-05	0.00135530454701626	0.880084234785433	3.53485108813887e-05	0.00167490926827701	0.0351546271103835	0.0352919718523126	3.53485108814424e-05	3.53485108813977e-05	0.000850235263435922	3.53485108637863e-05	3.53485107665942e-05	3.53485108406318e-05	3.53485108813874e-05	3.53485108816855e-05	0.00738921972041892	3.53485108802305e-05
0.000161673500364624	3.52764684948292e-05	3.52764684734922e-05	0.000794223910191733	0.00188264347857764	0.00360551773818567	3.52764684750636e-05	0.000481833644476612	0.924693914709454	3.52764684750877e-05	3.52764684750905e-05	0.0256141130340078	0.0300456232572317	0.00346934995744661	3.52764684750839e-05	0.00304307240388976	0.00179099723296702	3.52764684648394e-05	3.52764685110511e-05	0.00376291542222041	3.52764684706309e-05	0.000170367070634068	0.000166266424036795
3.519593093894e-05	3.51959309554925e-05	0.00776436650469573	0.0116305105994694	3.51959309350933e-05	0.0175889898686408	0.0678171542008698	0.0169145622973581	0.784760455224619	3.51959309407341e-05	0.00148920023425338	0.0284126305550004	0.0032251079333715	0.0228016586154408	0.00590298546076857	3.51959309407328e-05	0.00460301460313309	3.51959309383972e-05	3.51959309272319e-05	0.00109585052523525	0.0209812575197285	0.00167065830010677	0.00309522604073183
3.39319946004387e-05	3.39319945645894e-05	0.00574324574243818	0.00913878847415061	3.39319945848078e-05	0.025073278412836	3.39319945845577e-05	0.010518115959652	0.875162979512701	3.39319945844894e-05	3.39319945845051e-05	0.0287711543193419	0.0297856813642738	3.39319945847508e-05	3.39319945844903e-05	0.00363425589005849	3.39319945823423e-05	3.39319945933114e-05	3.39319945830413e-05	3.39319945844898e-05	0.00764981664222079	0.00408156775270634	3.39319946056521e-05
0.00178764507930301	0.00646794835755074	3.48295294235433e-05	0.00141864682100848	3.4829529432953e-05	0.0202796243779251	3.48295294247724e-05	0.00545234815968973	0.891856250783038	3.48295294246561e-05	3.48295294246774e-05	0.0333871469042224	0.0269039310915211	3.48295294255551e-05	3.48295294246565e-05	3.48295294246559e-05	3.48295294295132e-05	0.000446432295463625	3.48295293995358e-05	3.48295294245369e-05	0.00018753804272283	0.00907747146568161	0.00235189179821387
3.47175028519982e-05	3.47175028441921e-05	3.47175028360184e-05	0.00549120298593896	3.4717502861557e-05	0.00792030759708172	3.47175028495177e-05	3.47175028492484e-05	0.899605398596233	3.47175028496355e-05	3.47175028496396e-05	0.0413250220567262	0.0246476952398223	3.47175028479402e-05	3.47175028496374e-05	3.47175028496376e-05	0.00492638818326896	0.000343122774255538	3.47175029548937e-05	3.47175028496387e-05	3.47175028486084e-05	0.00630558582944247	0.00894923169723885
0.000183235224673929	0.0011504279579987	3.71123491956559e-05	0.000852470894453035	0.0019194571145559	3.71123491956547e-05	0.00294032287493215	0.00392589178039979	0.910672574552289	3.71123491956553e-05	3.71123491749055e-05	0.0427222664150479	0.0277729234101941	3.71123491922589e-05	3.71123491956555e-05	3.71123491851581e-05	0.00359758968824886	0.000273360128516421	3.71123492644015e-05	0.00287996778138033	3.71123492010505e-05	0.000738388685235783	3.71123492740924e-05
3.46602906887649e-05	0.000157644082031342	0.000401482343519276	0.00220799909735465	3.4660290690695e-05	3.46602906823935e-05	3.46602906823926e-05	3.46602906728416e-05	0.866923982698621	8.55930775825899e-05	3.46602906822603e-05	0.039394567791759	0.0425326291816061	3.46602906823331e-05	3.46602906823928e-05	0.0019366570753214	0.0111236972364863	3.46602903898003e-05	3.46602906594142e-05	0.00607276713738198	0.00421565405933042	0.00565231897154852	0.0189484043409444
3.46495090047885e-05	3.46495090058386e-05	0.000217585110197628	0.00191931025054065	0.00343507908306256	0.0191460317998483	3.76624176483846e-05	0.00394334814707307	0.916594655882982	3.46495089954389e-05	3.46495089915576e-05	0.024015060921847	0.00901390350317866	3.46495089951227e-05	3.46495089954383e-05	0.00411345785284872	0.00491863875142729	0.000502060856003853	3.46495089981681e-05	3.46495089954375e-05	0.0044173237326489	0.00687853678578473	0.000570148832926341
0.00379742171434411	3.59048754023501e-05	0.00045820982075828	3.59048753866297e-05	3.59048753987521e-05	0.0046608192374472	0.00237670200592455	3.59048753956416e-05	0.88343644514232	0.00314045783884667	0.0116486350506753	0.0675547618710527	0.0138666931862418	3.59048753812279e-05	3.59048753856769e-05	0.00200901040286978	3.59048753855644e-05	3.59048753823594e-05	3.59048753893756e-05	3.59048753856757e-05	0.000472772699090075	0.00585462722453648	0.000364395051999213
0.00291781972225681	3.56006989589985e-05	3.56006989113601e-05	3.56006989118765e-05	3.56006989101841e-05	3.56006989101548e-05	0.0408658165919549	0.005173848142343	0.85309495203096	0.00309953292705614	3.56006989101547e-05	0.0421524774516487	0.0287083633640296	3.5600698910155e-05	0.00858524823437638	0.00655238229403357	3.56006989114045e-05	3.56006989037757e-05	3.56006989122885e-05	0.00449160264139199	3.5600698910154e-05	0.00393074821297669	3.56006989119455e-05
0.00150453474549393	3.77015022496202e-05	0.000357047257779073	0.00278121553497399	3.77015021914927e-05	0.0105268950264574	0.00413016868948847	3.77015022040173e-05	0.899297614917812	3.77015022030714e-05	0.00362321615881994	0.0611671791172597	0.0108719652195797	3.77015021876128e-05	3.7701502203072e-05	0.00044954392779505	3.77015021721654e-05	3.77015021754218e-05	3.77015021754063e-05	0.00179196962462001	5.77954047673559e-05	0.003063839353272	3.77015021194106e-05
3.50290089669805e-05	3.50290089745584e-05	3.50290089460709e-05	0.00417731015190216	0.000671576134568396	0.0110406857613289	0.00253471183034396	0.00267656650491104	0.87406598326505	0.00640782604201252	3.50290089566218e-05	0.048258560672132	0.0378390038752761	3.50290089502373e-05	0.000124382790481316	0.000773338410924209	3.50290089401437e-05	3.50290089538365e-05	3.50290088831641e-05	3.50290089486383e-05	3.50290089392925e-05	0.0110447354626593	3.50290089503903e-05
0.000375949979739043	3.69990059937806e-05	0.00898385443283519	0.00277509672272425	3.69990059614857e-05	3.69990059864184e-05	0.00111539998333771	0.00111002661933295	0.88272926888143	3.69990059884202e-05	0.0062477286979188	0.0518035561472637	0.0249912118712034	3.69990059794118e-05	3.69990059884198e-05	3.69990059884196e-05	3.69990059812513e-05	3.69990059679693e-05	3.69990059747722e-05	3.69990059884195e-05	0.0132206801249281	0.00620323846741246	3.6999006074987e-05
0.00217492418489746	3.50686083182736e-05	0.00111467792961343	3.50686083153325e-05	3.50686083225718e-05	3.50686083173905e-05	0.00177180503814389	3.50686083208883e-05	0.86182664631846	3.50686083173924e-05	3.50686083173902e-05	0.0444900000013958	0.0687587594391182	3.50686083173834e-05	3.50686083173929e-05	3.50686083173926e-05	0.00124145949794845	3.50686083122015e-05	0.00185482247725303	3.50686083173924e-05	3.50686083173922e-05	0.0080331967552184	0.00827781644982266
0.000580635078738429	3.57609699043816e-05	3.57609699149216e-05	0.00744841550353604	3.57609699145234e-05	0.00058601131797348	3.5760969916669e-05	0.00164515728835982	0.876886830570722	3.57609699166683e-05	3.57609699207875e-05	0.0590318969690044	0.0301937125439789	3.5760969913503e-05	3.5760969916669e-05	0.00365485858356242	3.57609699219079e-05	3.5760969919484e-05	0.000660481979398784	3.57609699166673e-05	3.576096991597e-05	0.0140141158552487	0.00486875267048493
3.51683928567276e-05	3.51683928750513e-05	3.51683928570014e-05	3.51683928584523e-05	0.00937903035878644	0.00424616642750387	3.51683928587521e-05	3.51683928678426e-05	0.851597093325924	3.51683928586904e-05	3.51683928586914e-05	0.0929246605640337	0.0229972817411306	0.000956755310683687	3.51683928586907e-05	3.51683928586892e-05	0.000752829526208418	3.51683933651381e-05	3.51683928358495e-05	3.51683928586896e-05	3.51683928586893e-05	0.0104501825366482	0.00620364270855366
5.15434512427949e-05	5.15434512654982e-05	5.1543451293211e-05	0.0116720607684016	5.15434512950827e-05	0.00858686211471067	0.00881252092897895	0.00212283101722104	0.847871569783755	0.0024409145578543	5.15434513008735e-05	0.0818296187932472	0.0113383527719911	5.15434513145245e-05	0.00278240665910017	5.15434512940384e-05	0.00407085993532196	5.15434512719943e-05	5.1543451356141e-05	0.00212342673103618	0.0110313928432213	0.00480174858224546	5.15434512805605e-05
3.73167194766446e-05	3.73167195236904e-05	0.00184424776249428	3.7316719489438e-05	3.73167195390788e-05	3.73167194877166e-05	0.00206231655267966	3.73167194638414e-05	0.878378202051625	0.0128017652625171	3.73167194877166e-05	0.06348320503989	0.0366085492837763	3.73167194903274e-05	3.73167194877141e-05	3.73167194877145e-05	0.000444539012843019	3.73167194861757e-05	3.73167194380757e-05	3.7316719487714e-05	3.73167194877137e-05	0.00381742424184028	3.73167195006277e-05
0.000593211297838414	0.00278603346001559	3.55679530161752e-05	0.00830397008152082	3.55679530065235e-05	0.00200051688886297	3.55679530065246e-05	0.00536665795197534	0.88566997284431	0.000100182011173535	3.55679530065236e-05	0.0363360004799412	0.0434943526612408	3.55679530048193e-05	3.55679530065245e-05	3.55679530065242e-05	3.55679529982915e-05	3.55679527911349e-05	3.55679530139488e-05	3.5567953006524e-05	3.55679530056546e-05	0.0148867189342438	3.5567953008299e-05
0.000876710481317096	0.000131186776449728	0.00206619813223653	0.0020394481653369	3.78895809975542e-05	3.78895809957703e-05	3.78895809966385e-05	3.78895810001974e-05	0.899103732754165	3.78895809966412e-05	3.78895809975612e-05	0.0533991801808472	0.0328245692538344	3.788958099931e-05	0.000676223340097037	3.78895809966416e-05	3.78895810022202e-05	3.78895812723179e-05	3.78895808323649e-05	0.00196452100685165	0.000372574651242771	0.0060909802856452	3.78895808887037e-05
3.74017797717638e-05	3.74017797664581e-05	0.00163220054915398	0.00637424819835901	3.74017797527365e-05	3.74017797676627e-05	0.00276504516183445	3.74017797702343e-05	0.886607667156986	3.74017797685404e-05	0.00212996590402361	0.062488394920666	0.0335181770608524	3.74017797718695e-05	3.74017797685388e-05	0.000165903109207981	3.74017797587551e-05	3.74017797795721e-05	0.000420047439326609	3.74017797685389e-05	3.74017797684045e-05	0.0034121273626053	3.74017797709317e-05
3.44617360860788e-05	3.446173609294e-05	0.0050692283852733	0.0114364726494872	3.44617360769732e-05	0.0223317425414504	3.44617360797928e-05	0.00211838925325137	0.779833978768304	3.4461736079822e-05	0.0266336465517334	0.0755215568940106	0.0344354044464453	0.00207144046648689	3.44617360798204e-05	0.0240432958625687	0.0067425162827387	3.44617360712654e-05	3.44617360797824e-05	0.00632317460391736	3.44617360797509e-05	0.00309453593352697	3.44617360798185e-05
0.0025163497494939	0.00540906117643504	3.60760579681479e-05	3.60760579752376e-05	0.00131795640056984	3.60760579790195e-05	0.00227904826363031	3.60760579709223e-05	0.896254746883371	3.60760579790182e-05	3.60760579790179e-05	0.0431394947030951	0.0332391142170545	3.60760579779668e-05	3.60760579790193e-05	0.000664724282299176	0.00318726308913258	3.60760576864292e-05	3.60760579918185e-05	0.00757887820737689	3.60760579792275e-05	0.00392661729077746	8.99090992983116e-05
3.56309457408895e-05	3.56309456879645e-05	3.56309456938821e-05	3.56309456962956e-05	0.0038946615661464	3.56309456941502e-05	3.56309456941522e-05	3.56309456900475e-05	0.879616665236399	3.56309456941536e-05	3.56309456941688e-05	0.0576911768054684	0.044259757772689	0.00260484946583257	3.56309456941525e-05	0.00381803628010613	0.00392997764650022	3.56309456951758e-05	3.56309457126967e-05	3.56309456941531e-05	3.56309456934461e-05	0.00365041104144223	3.56309456402759e-05
0.00152319250454536	0.00363035123142235	0.00108411085164738	3.62325293987506e-05	3.62325293964916e-05	0.0128142114999437	0.00693074453891855	3.62325293986963e-05	0.888488444186857	0.0088796024037487	3.62325293989661e-05	0.060204394368831	0.0025844214430619	0.000991807296837953	3.62325293989638e-05	3.62325293989641e-05	3.62325294003398e-05	3.62325294052859e-05	0.000965627114156245	3.62325293989642e-05	0.00915146157755445	0.00238930568847909	3.62325294007711e-05
2.46775057332578e-05	2.4677505739253e-05	2.46775057326249e-05	0.00594840270031549	2.46775057326189e-05	2.46775057326244e-05	0.00240013179348418	0.00601182508401148	0.901231496135395	2.75966066663041e-05	2.46775057340646e-05	0.0308639558169066	0.0353500308994111	0.0109813243918816	2.46775057326212e-05	0.00166590774639019	2.46775057307232e-05	2.4677505737531e-05	2.467750572989e-05	0.00495536224090098	2.46775057326243e-05	0.00026783651583527	2.46775057338544e-05
3.58430087499117e-05	3.58430087599827e-05	0.00357776213013106	0.00483578232691049	3.58430087601778e-05	0.00758161038518358	0.00109314214153048	3.58430087509781e-05	0.881067548622732	3.58430087593391e-05	3.58430087650464e-05	0.0330876291367503	0.0509910041097355	0.00108459673782998	3.58430087597661e-05	0.000960227854540848	3.5843008753325e-05	3.58430088007317e-05	3.58430087460002e-05	0.00230623197229667	3.58430087625722e-05	0.0129805453406489	3.96461453421064e-05
0.00171950539478835	0.00135040993576796	3.4732988128772e-05	0.00412316055572307	3.47329880549368e-05	0.00092875398166001	3.47329881345188e-05	0.000783196710725187	0.891091698828251	3.47329881367017e-05	3.47329881445937e-05	0.0425361319379344	0.0405162651053667	3.4732988135866e-05	3.47329881367019e-05	3.4732988136701e-05	0.00372357922701996	0.00020894080950392	3.47329881540659e-05	3.47329881367022e-05	3.47329881366309e-05	0.0126015616556845	3.47329881384338e-05
3.5222426364863e-05	3.52224263013398e-05	0.00271691697562005	3.52224263475213e-05	3.52224263535561e-05	0.00157122370270721	0.0399231707328163	0.017149586486452	0.826729465833623	3.75809417764517e-05	3.52224263247915e-05	0.0509316475403732	0.0205485057561723	3.52224263517428e-05	3.522242635174e-05	3.52224263517402e-05	3.52224263545758e-05	3.5222426360653e-05	3.52224263338387e-05	0.000555053353905571	0.0329163236294731	0.00431816656125097	0.00221491179603264
3.54434262471832e-05	3.54434262429472e-05	3.54434262464245e-05	0.00648160046309554	3.54434262508416e-05	0.0074418679289919	0.00082512924521432	3.54434262496969e-05	0.882953445361803	0.000833942462693921	3.54434262553409e-05	0.0378512360011145	0.042437911627551	3.54434262522568e-05	3.54434262492983e-05	3.54434262492959e-05	0.00494923387206599	3.54434266792563e-05	3.54434262652683e-05	0.00727462640583654	3.54434262492257e-05	0.00849024208996913	3.54434262272851e-05
3.49042610494808e-05	3.49042610713083e-05	0.00312166108377868	3.49042610398856e-05	3.49042610509821e-05	0.0123028808903239	0.00237773503330331	3.49042610629557e-05	0.917638206717619	4.93254355967249e-05	3.49042610509788e-05	0.0281157709683605	0.0231296329728429	3.49042610488568e-05	3.49042610509842e-05	0.00487551167732791	0.000589752488226168	3.49042610504407e-05	3.49042610606489e-05	0.00308247845521793	3.49042610509604e-05	0.00215008406358538	0.00218301334223001
0.0021510006712992	0.00374117739106839	3.52833878503459e-05	0.0011296502886829	3.5283387871846e-05	3.52833878503455e-05	0.00130311379259399	0.00122422743076452	0.860055419054412	3.52833878503461e-05	3.52833878492416e-05	0.0800236803619674	0.0279655489000933	3.5283387846518e-05	0.00101544362194094	0.00386822462390132	3.52833878602389e-05	3.52833878402985e-05	3.52833878645105e-05	3.52833878503492e-05	3.52833878483001e-05	0.0170991132089389	3.52833879544378e-05
2.5055538926579e-05	0.0130433203891687	2.5055538914805e-05	0.00163210646213024	0.00482981463064583	0.00243274483883469	2.50555389147632e-05	2.5055538914762e-05	0.912435074206807	2.81458224290104e-05	2.5055538914763e-05	0.0291072552907196	0.0157277641465208	2.50555389033897e-05	0.0135624963784649	2.50555389147594e-05	0.00480769014066886	2.50555384729266e-05	2.50555389140828e-05	2.50555389147603e-05	2.50555389147617e-05	0.00209179622969102	2.61805362990575e-05
3.53413193136417e-05	3.53413193330809e-05	3.53413193287083e-05	0.00273954808805944	3.53413193318618e-05	0.011450189366672	0.000643829550390753	3.53413193444475e-05	0.900792535852885	3.53413193312374e-05	3.53413193352568e-05	0.0399636488029104	0.023068167393558	3.5341319332621e-05	3.53413193312355e-05	3.5341319331239e-05	0.00140786846940559	3.53413201305834e-05	3.53413193567139e-05	0.010251115214754	3.53413193312378e-05	0.0091883187899004	3.53413193329993e-05
0.00071400252806173	0.0101990872500939	3.62208659081421e-05	3.62208659211918e-05	3.62208659162124e-05	3.62208659096561e-05	0.00179407807867644	3.6220865908324e-05	0.869256262109616	0.00712730914575802	0.00948002617501407	0.0555038505303924	0.0389696180545565	3.6220865908726e-05	0.000369801953844327	3.62208659096654e-05	0.00312838908766696	3.6220865902871e-05	3.62208659016223e-05	0.000311407087711769	3.62208659096625e-05	0.00264062685176012	0.000143332487752021
3.62229230763041e-05	0.00105200832096838	0.000186270878625791	0.00363464557719368	0.00191029183583177	3.6222923075297e-05	0.00433367276210892	3.62229230738372e-05	0.877800983880378	0.00297199964051086	3.62229230752977e-05	0.0652838485094879	0.0311353429432976	0.000622329708651483	0.000546240436336328	0.00198435348386783	0.000941934555159009	3.62229230904739e-05	3.62229230745765e-05	3.62229230752955e-05	3.62229230824054e-05	0.00367673540738297	0.00362955867557615
0.00205277385481743	3.69052240974034e-05	0.000272317495051276	0.00326443470025287	3.69052240616349e-05	0.0144853248711863	0.00406650951469809	0.00187161317631273	0.869258943517388	3.6905224061077e-05	3.69052240615418e-05	0.0610361622606571	0.014983730161982	3.69052240610952e-05	3.69052240610762e-05	0.00273796590861525	0.00127277975552744	3.69052240560487e-05	3.69052240605768e-05	3.69052240610772e-05	0.0148900051030934	0.00278878597057403	0.00668650669326183
0.000187183337180154	0.000602878803420594	3.53139138288839e-05	0.0038834621598287	3.53139137967939e-05	0.0183572974039644	0.00298070574955123	0.000516919779094729	0.87070518766032	0.000683657634463453	3.53139138254884e-05	0.0515031382007864	0.0273842988468468	3.53139138234623e-05	0.00623115420894536	0.00184286539043837	3.53139138325455e-05	3.53139138128834e-05	3.53139138222558e-05	0.00626809893676653	3.53139138255171e-05	0.00853532666404726	3.53139137779535e-05
0.000699565010715814	0.00506111477686716	3.62924897735498e-05	0.0059882910335851	0.00163802007749234	0.00224938416365765	3.62924897689402e-05	3.62924897594108e-05	0.877988802719588	4.31625144952583e-05	3.62924897689558e-05	0.0673727710028589	0.0192615721443647	3.62924897749349e-05	3.62924897689631e-05	0.000851788002581577	0.00308053300038291	3.62924897685297e-05	0.00134435791148166	3.62924897689631e-05	0.00771678917363491	0.00635816134997856	5.53472001627141e-05
3.6989208778614e-05	3.69892088074005e-05	3.69892088028727e-05	3.69892087878344e-05	3.69892088272993e-05	0.0129275397817537	0.00690202460881228	3.69892087845261e-05	0.907161639751958	3.69892088029234e-05	3.69892088029272e-05	0.0479276823924625	0.00235370769705772	3.6989208801783e-05	3.69892088029244e-05	3.69892088029254e-05	3.69892088428864e-05	3.6989208814113e-05	3.69892088040275e-05	0.00107761031266044	0.0169621916272232	0.00310519799958136	0.00106455690522758
0.000267551895932281	0.00278907447982711	0.00133513750096872	3.62409502919738e-05	3.62409502932929e-05	0.0056914085579646	0.00797189960524517	0.000858443377313272	0.884519057125057	3.6240950293295e-05	3.62409502960805e-05	0.0564455198870279	0.0092650732008986	3.62409502925437e-05	3.62409502932952e-05	3.62409502932946e-05	0.00344096209430167	3.62409502956711e-05	3.62409503214934e-05	3.62409502932949e-05	0.0197341108935692	0.00238277730443758	0.00493657457449198
3.50832464218379e-05	3.5083246399041e-05	0.000639181388909277	3.5083246386733e-05	3.50832463684459e-05	0.019739777222068	0.00225677526810292	3.50832463928852e-05	0.882784781730507	0.00267123479694169	3.50832463901265e-05	0.055152954496189	0.0196757936976336	3.50832464082026e-05	3.50832463901219e-05	0.000839483137042385	3.50832463728139e-05	3.50832459978987e-05	3.50832463528202e-05	0.000838406871029858	3.5083246391582e-05	0.00803821864777992	0.0069423937875232
0.00156439089534409	3.58070313415692e-05	3.58070313371187e-05	3.58070313354742e-05	3.58070313073181e-05	0.00250415259983313	0.00310514805038999	0.00373418754272924	0.910903488358072	3.76330769923589e-05	3.58070313371183e-05	0.0370657656756409	0.031606002064511	3.58070313371192e-05	3.58070313371177e-05	0.000424164866284981	3.58070313361257e-05	3.58070313360099e-05	0.00278235373907469	3.58070313371188e-05	3.58070313371189e-05	0.00584302875512364	3.58070313240573e-05
2.58329809878662e-05	2.58329809830218e-05	2.58329809835381e-05	0.00375711126635175	0.00147092340181113	0.00347444134986491	0.00540098622881897	0.00188813945930558	0.902972112158405	2.58329809835382e-05	2.5832980983538e-05	0.0451632125194585	0.0332960878884007	2.58329809833186e-05	2.58329809835377e-05	2.58329809835394e-05	2.58329809860408e-05	2.58329809922936e-05	2.58329810037212e-05	2.58329809835382e-05	2.58329809836326e-05	0.00221532399377888	2.58329809835358e-05
3.47821191038016e-05	3.47821190056765e-05	4.98262619264768e-05	0.00147328089622702	3.47821191009053e-05	0.00330113141637689	3.4782119095357e-05	3.47821190974266e-05	0.910980534491633	3.47821190953584e-05	3.47821191033756e-05	0.0456486934962689	0.028333354822253	3.47821190955524e-05	3.47821190953584e-05	3.47821190953567e-05	0.00295342443272179	0.000925080389612804	3.47821190995543e-05	3.47821190953577e-05	3.47821190951691e-05	0.00326404601009543	0.00261846023470576
3.74072257021354e-05	3.74072258823399e-05	3.74072257583419e-05	3.74072257499789e-05	3.74072257492808e-05	3.74072257603867e-05	0.00813337844962498	0.000804928084685857	0.906557655838458	3.74072257603883e-05	3.7407225760389e-05	0.0531510465239282	0.0201269662380404	3.74072257625087e-05	0.00269224827813394	3.74072257603873e-05	3.74072257557487e-05	3.74072257666063e-05	3.74072257625021e-05	0.00184197318006828	0.00123279524306835	0.00493530700338386	3.74072256770986e-05
0.00279622124822019	2.53242891080553e-05	2.53242891056284e-05	0.0052435032351186	0.00201423460634874	2.53242891056361e-05	2.53242891056221e-05	2.53242891014216e-05	0.90263350586284	2.53242891056284e-05	2.53242891056286e-05	0.0177014200717456	0.0573248478854428	2.53242891031521e-05	2.53242891056289e-05	2.53242891098837e-05	0.0050595500034225	2.53242891070047e-05	2.53242891037623e-05	0.00340098607078591	2.53242891056299e-05	0.00347119096859812	2.53242891046288e-05
3.65033904511328e-05	0.00184534836918145	3.6503390448944e-05	3.65033904645913e-05	3.65033904527308e-05	3.65033904544448e-05	0.00543446965939433	3.65033904550523e-05	0.913870151458775	3.65033904544447e-05	3.65033904544469e-05	0.0409939178576519	0.0244841388876734	3.65033904549369e-05	0.00179362223342086	3.65033904544451e-05	0.00387338994664042	3.65033902023948e-05	3.65033904536378e-05	0.0019479398835691	3.65033904542875e-05	0.00247413431538007	0.00280834331265785
3.47407289970619e-05	0.00560278596827235	3.47407290093656e-05	0.00293993318766573	3.4740729009973e-05	0.00627829214023716	3.47407290160529e-05	3.47407290013105e-05	0.910690596363675	3.47407290160523e-05	3.47407290160591e-05	0.0443509116994979	0.0177528755027985	3.47407290270328e-05	3.47407290160517e-05	3.47407290160528e-05	3.47407290218245e-05	3.47407290168504e-05	3.4740729019211e-05	0.00331860278749597	3.47407290180763e-05	0.00837248824713916	0.000207143897016905
3.36699760701108e-05	0.000939319769317045	3.36699760748683e-05	0.00212257384629606	3.36699760625067e-05	0.00337511437557753	0.000728057052221117	3.36699760712057e-05	0.875952795364478	3.36699760745195e-05	3.36699760745301e-05	0.0319871968918994	0.0563919892855125	3.36699760740767e-05	0.00294560216169282	0.00191832002421877	3.36699760751928e-05	3.36699760740416e-05	3.36699760732521e-05	0.00552034852647312	3.36699760745191e-05	0.0142275895102784	0.00352072345523648
3.53836720093375e-05	0.00104698349392268	0.0033568920402922	3.5383672008114e-05	3.53836719647184e-05	0.0425204697223864	3.53836719961815e-05	3.53836720116127e-05	0.881159066651747	3.53836719961829e-05	3.53836719961741e-05	0.031781135552126	0.016278855048595	0.00213355977772039	0.0025170751634935	0.00302287135229053	3.53836720406843e-05	3.53836720329907e-05	0.00542400487199673	3.53836719961806e-05	3.53836719934596e-05	0.0103344822613508	3.53836720333062e-05
3.5856018170821e-05	3.58560181458437e-05	3.58560181551361e-05	0.000428025107497144	3.58560181535404e-05	3.58560181553425e-05	3.58560181539308e-05	3.58560181498721e-05	0.91753888073165	3.58560181538955e-05	3.58560181538983e-05	0.0374601724437293	0.032286690224278	3.58560181531943e-05	3.58560181538923e-05	0.00176431422125375	0.000839898439559127	3.58560179277455e-05	3.58560181375863e-05	0.00420748331546892	3.58560181654642e-05	0.00493669524455248	3.5856018080863e-05
0.000286678388006739	0.000780684562410634	3.65404371998683e-05	3.65404372095486e-05	3.65404372407012e-05	3.65404372023912e-05	0.0087606378881565	0.00101137372542331	0.886034305434876	0.0100885498388917	3.65404372023899e-05	0.0535953919847134	0.036305193458481	3.65404372053044e-05	3.654043720239e-05	3.65404372023897e-05	3.65404371751072e-05	3.65404372078865e-05	3.6540437168671e-05	3.65404372023905e-05	3.65404372023962e-05	0.00262561859821036	3.65404372087232e-05
0.00124852873842604	2.38625560118691e-05	0.00067737534868512	0.00377199266963934	2.38625560062415e-05	0.0364730754475864	2.54163081598153e-05	0.016896687572058	0.885963868728057	2.65704391763375e-05	0.00113519356002951	0.0379698988258013	0.0120182981236814	0.000377845744149993	2.38625560037925e-05	0.00107005559042537	2.38625560000037e-05	2.38625560138224e-05	2.38625560030167e-05	2.38625560037857e-05	2.38625560037917e-05	0.00213042990008095	2.38625559969959e-05
0.000124703780022057	3.56366911293924e-05	3.56366911273868e-05	0.0055800186534716	3.56366910991828e-05	0.00361359612416884	3.56366911327649e-05	0.000914341292260905	0.919745078552557	3.56366911327662e-05	0.00131675623353199	0.0330870577141627	0.0242985082671939	3.56366911346669e-05	3.56366911327724e-05	0.00245365469069457	3.56366911305445e-05	0.000508943221207326	3.56366911875043e-05	3.56366911327655e-05	3.56366911328029e-05	0.00792970117711341	3.56366911432365e-05
3.62011717415002e-05	3.62011718031153e-05	3.62011717754163e-05	0.00891013707650256	3.62011717802675e-05	0.00382451330745443	3.62011717802654e-05	0.000776354630571796	0.898235811339664	0.00798034389878103	3.6201171780286e-05	0.0450292085922209	0.0208208204391567	3.62011717803353e-05	3.62011717802665e-05	3.62011717802666e-05	3.62011717845641e-05	3.62011717887937e-05	3.62011718103555e-05	3.62011717802668e-05	0.0100636026382826	0.0038523916722728	3.62011719270563e-05
0.00279845202838937	3.52438207767794e-05	0.01170215360775	0.00518520195861358	3.52438207512699e-05	0.0204014470509605	0.0269542740847716	0.0125800898443959	0.824918946790614	0.0224012315521371	3.52438207507081e-05	0.0365501052991089	0.0110303857908032	3.52438207506488e-05	0.00443385834300985	3.52438207506492e-05	0.00215847240300552	3.52438207476427e-05	3.52438207192898e-05	0.000896678398881726	0.0117878165514807	0.00591893573008221	3.52438207490531e-05
3.43376961096135e-05	0.00356476854182651	0.00144944222608448	0.000355376341376871	3.43376961114722e-05	3.43376961114729e-05	3.43376961114725e-05	3.43376961147805e-05	0.864423038410039	0.00113806385571781	3.43376961114754e-05	0.0580629770449665	0.0475910478706888	3.4337696110783e-05	3.43376961114734e-05	0.00311472767327611	0.00356395913123493	3.43376959720239e-05	3.43376961230568e-05	3.43376961114731e-05	3.43376961121546e-05	0.016290208855473	3.43376961040926e-05
3.46770002205922e-05	3.46770002299305e-05	0.000831988571480545	0.00650860846621008	0.00485949951412741	0.0165393747859224	3.46770002289707e-05	3.46770002350869e-05	0.899628240612689	3.46770002289685e-05	3.46770002356285e-05	0.0357280574694002	0.0117011803984802	3.46770002285256e-05	3.46770002289711e-05	3.46770002289707e-05	3.46770002291381e-05	3.46770002348235e-05	3.46770002311976e-05	3.4677000228969e-05	0.00700007551842922	0.0167174966600409	3.4677000230465e-05
0.00181577392566336	3.58512970841864e-05	3.58512970686516e-05	3.58512970702962e-05	0.0146504893744146	3.58512970704179e-05	0.000613753665404101	0.00276571239656894	0.876310044776544	3.58512970703976e-05	3.58512970689436e-05	0.0617579303303669	0.0358589358529447	3.58512970706962e-05	3.58512970704023e-05	0.00288825358491616	3.58512970838783e-05	3.58512975193643e-05	3.58512970732206e-05	0.0024392756430012	3.58512970722362e-05	3.58512970669678e-05	0.000433763587786767
3.5284490025779e-05	0.00594316413348117	0.00463689173706526	0.00437547997455044	0.00149166330958526	3.52844900277092e-05	3.52844900275921e-05	3.52844900033979e-05	0.868414313283429	3.52844900277096e-05	3.52844900276986e-05	0.063922711261243	0.0407730483188142	3.52844900277096e-05	3.52844900277096e-05	3.5284490027709e-05	0.00803983496794101	3.52844900338172e-05	3.52844900311288e-05	3.52844900277088e-05	3.52844900277094e-05	0.00190891015351889	3.52844900277051e-05
3.45163981055647e-05	3.45163980473566e-05	0.00273485342740304	3.45163981156328e-05	3.45163981171875e-05	0.0112339201265315	3.4516398111541e-05	3.4516398111671e-05	0.889479969045151	3.45163981133194e-05	3.45163981158557e-05	0.0490905036887162	0.0336683970198972	3.4516398112916e-05	3.45163981133192e-05	3.45163981133197e-05	3.45163981132674e-05	3.4516398124722e-05	0.00121205993983992	0.00258342816503753	3.45163981133303e-05	0.00947912261577942	3.45163981150401e-05
3.54228960235963e-05	0.000464406903275215	0.000735005584099501	0.00501615563592652	3.5422896099268e-05	0.0018126316727858	3.54228960436645e-05	0.00160569693825934	0.896733241789105	3.54228960440961e-05	3.54228960455535e-05	0.0372354531231123	0.0370461049149445	3.54228960913274e-05	4.85901343049225e-05	3.54228960241091e-05	0.00379116166049512	3.5422896288456e-05	3.54228960333559e-05	3.54228960437975e-05	0.00630263943126031	0.00606040755764758	0.00279427569404684
0.000244394681982121	0.00904073427404598	3.57610759141914e-05	0.0033392506552228	3.57610759097947e-05	0.0182208701206594	3.57610759135863e-05	3.57610759100907e-05	0.884468004295926	3.57610759135904e-05	3.57610759135928e-05	0.049977411104216	0.0171423507823248	3.57610759141366e-05	3.57610759135873e-05	3.57610759135921e-05	0.00787469259002362	0.00119614443516133	3.57610759151807e-05	0.000991634960938885	0.000501531726397991	0.00660960853801573	3.57610759537023e-05
3.73490514675887e-05	0.000775739555192392	0.000398457277253288	0.00370252378208654	3.73490515263898e-05	3.7349051527824e-05	0.000885600585231647	0.000720627357864095	0.912060534801253	3.73490515266796e-05	3.73490514884817e-05	0.04482943663682	0.0312318882669272	3.734905150872e-05	3.73490515266796e-05	3.73490515266795e-05	3.73490515387685e-05	3.73490512992114e-05	3.73490514778193e-05	3.73490515266797e-05	9.87245022807057e-05	0.00481092956583221	3.73490513174379e-05
0.00124903374479009	3.52725445194905e-05	3.52725444965826e-05	0.00560474920037623	3.52725444898144e-05	3.52725444957827e-05	0.00458888022582643	3.52725444986197e-05	0.846923425974951	0.00757476365300995	3.52725444957802e-05	0.0556970537726145	0.0527927695379504	3.52725444994231e-05	3.52725444957839e-05	3.52725444957807e-05	3.52725444977942e-05	3.52725444667981e-05	3.5272544505202e-05	3.5272544495782e-05	0.00791950484096908	0.0152693021115499	0.00192197385950969
3.63645116070115e-05	0.00140017142766172	0.00225048368391052	0.00190094952161435	3.63645116113269e-05	3.63645116114299e-05	3.63645116114285e-05	3.63645116084336e-05	0.889933546184696	0.00466271340710771	3.63645116114188e-05	0.0528610253506773	0.0309117594245279	3.63645116114274e-05	3.636451161143e-05	0.00301918983813156	3.63645116095064e-05	3.63645115196309e-05	3.63645115972718e-05	3.63645116114272e-05	0.00294868925361438	0.00963873325720109	3.63645116354715e-05
3.40304410029016e-05	0.0010121536588211	0.00671882757440894	0.00186582625371807	3.40304409685886e-05	0.0598796182828296	3.40304409600525e-05	3.40304409530926e-05	0.857869922533196	0.00302625428702859	3.40304409614266e-05	0.0344835541903299	0.0138287183353631	3.40304409559987e-05	3.40304409602179e-05	3.4030440960218e-05	3.40304409705792e-05	3.40304409758003e-05	3.40304409689135e-05	0.00827456957033203	3.40304409590826e-05	0.0125981595814418	3.40304409341848e-05
3.54961910295459e-05	0.000383419711463351	0.000430842526183054	3.54961910428585e-05	3.54961910438705e-05	3.54961910442471e-05	3.54961910442471e-05	3.54961910494567e-05	0.882280380538385	0.00524225549478027	3.54961910442459e-05	0.044826803318162	0.0371310781160689	3.54961910442491e-05	0.00241629432162931	0.00152714505497448	0.00754857422181921	3.54961910268296e-05	0.0113757830801215	3.54961910442424e-05	3.54961910451948e-05	0.00641146932386813	3.5496191085819e-05
3.53384113829931e-05	0.00140278485205816	3.53384113727815e-05	3.53384113746214e-05	3.53384113705021e-05	0.0141402413948526	3.53384113705557e-05	3.53384113537334e-05	0.885674623841668	3.53384113704992e-05	3.53384113704898e-05	0.0419543868558936	0.038593674736879	3.53384113689232e-05	3.53384113704983e-05	9.29811309643392e-05	3.53384113332312e-05	0.00084870061847449	3.53384113703714e-05	3.53384113704995e-05	0.0032883845900282	0.0129017611175439	0.000643061513857637
0.000806058408906388	3.4767400445591e-05	0.0136574177025967	0.0319490791253123	3.47674004542638e-05	0.00245296292493718	0.014917981430898	0.0327673856789976	0.801695442326577	3.4767400454262e-05	3.4767400454262e-05	0.0310558265974077	0.020504166936658	0.00486591987483816	3.47674004542619e-05	3.4767400454262e-05	0.0062488757286373	3.4767400452286e-05	3.47674004562998e-05	0.00137960586069026	0.0255583316066917	3.47674004574212e-05	0.0118280391927683
3.63920946404236e-05	0.00932864806390127	0.000917794731875754	3.63920946102472e-05	3.63920945950281e-05	3.63920946065755e-05	3.63920946065758e-05	3.63920946052638e-05	0.876555072088646	3.63920946065741e-05	3.63920946065793e-05	0.0679406464169331	0.0319460990081398	3.63920946206879e-05	3.63920946065744e-05	0.00294713434708503	3.63920946214667e-05	0.000382309940751231	3.63920945690269e-05	3.63920946065763e-05	3.63920946085191e-05	0.00943641398356277	3.639209459449e-05
0.000617950610372272	3.65647832260643e-05	3.65647831893586e-05	3.65647831843296e-05	3.65647831853935e-05	3.65647831863971e-05	3.65647831872724e-05	3.65647831878959e-05	0.85628149011314	3.65647831863888e-05	3.65647831863787e-05	0.0642327082511252	0.0416880595396357	3.65647831876924e-05	0.00192583916751079	0.00477356324180475	0.0188611654912323	3.65647831839157e-05	3.6564783202934e-05	3.65647831863895e-05	3.65647831863892e-05	0.0110707518372913	3.65647832209341e-05
