Bcells	CentralVeinEndothelialcells	Cholangiocytes	Hepatocytes	Kupffercells	LSECs	Mesothelialcells	PortalVeinEndothelialcells	Tcells
0.00407896485607733	0.0135373522394814	0.0480853665898918	0.910036361752495	0.0126822361974308	0.00539966850602436	0.00223264421502789	0.00345905125335201	0.000488354390218981
0.00109754372485668	0.0110808189028452	0.0440008304402664	0.917885875642633	0.0123143945416925	0.0112914128207264	0.00201103239295653	0.000216381327526056	0.000101710206497682
6.38075962290948e-05	0.00199838258086318	0.0470697495282148	0.932763728395059	0.00753066211594017	0.00694851125135162	0.00171927752051384	0.00186233200611541	4.35490057127597e-05
0.000116423262972457	0.00966652419902371	0.0434986504866198	0.921366286818184	0.0121729493890929	0.00423159271032617	0.00296332827680396	0.000477660701478411	0.00550658415549844
0.000141821148227808	0.000226871146553369	0.0398824602218838	0.926422206118555	0.018568892678495	0.00990287286398678	0.00322964074748801	0.000624279374304121	0.0010009557005066
0.00246045146406865	0.00460716591928427	0.0437742095081517	0.921655472660901	0.00767396882317331	0.0145329166594282	0.00255679725099807	0.00266057462828369	7.84430857107419e-05
0.00574511719311188	0.014988866149154	0.0425171480873936	0.914180600503471	0.0118167967756743	0.00845846158760094	0.00202661786352297	0.000199266358253801	6.71254818170793e-05
0.0102092063330164	0.00076048782386206	0.0498558155897628	0.903612778971475	0.0137909016451339	0.0192762706713182	0.00224523284469605	0.000197580618146339	5.1725502589049e-05
7.30500826288716e-05	0.00669422039447298	0.0463468173921387	0.904921491602847	0.0154346447898981	0.022212298463683	0.00308010422681003	0.000766865591616297	0.000470507455905275
0.000238868435043727	0.00920696162543245	0.0463771747061697	0.928464937219796	0.0135496478019826	0.000341449191399386	0.00115495250171431	0.00037309238113509	0.000292916137327196
0.0107692600558407	0.0146201920223648	0.0459160734549761	0.905541188507169	0.0164912373012587	0.00051363112411283	0.00351670031263044	0.00218897603691997	0.000442741184727703
0.00103548775925024	0.0156974252773012	0.0482388241096167	0.92284953255459	0.00767123751141092	0.00147485961351628	0.00242505313653143	0.000200838698453048	0.000406741339330359
0.000295519328921675	0.0226646919834345	0.0487068947209738	0.900012213757928	0.0107446083900803	0.00568569314879922	0.00367296614441409	0.00818514617087217	3.22663545758166e-05
0.000356197533545461	0.000843351888644758	0.0505214315490175	0.912054344824921	0.015810729031925	0.0139354601343757	0.00334083100739546	0.000708985674956434	0.00242866835521833
0.00101376498304877	0.000226738511472918	0.0621919792433335	0.909754232726603	0.00672623725044712	0.00934522209440902	0.00346793501361375	0.00706459175776492	0.000209298419306802
0.000213512188948775	0.000539235655020523	0.0474689523699802	0.917052860082802	0.0102083977205169	0.0143828332339538	0.00483278193420704	0.00303870559841736	0.00226272121615345
0.00115986312705319	0.0078021149967122	0.0439624586425013	0.923505771252294	0.0118133480481039	0.00904216502407326	0.00251145628106026	0.00010768307975654	9.51395484453344e-05
0.00707520306666215	0.00488821612712283	0.0510675499058409	0.91039023886809	0.0161480593988342	0.00136698999862933	0.00210788243691614	0.00287936351070318	0.00407649668720155
3.84876244704697e-05	0.00351234000447789	0.052043602889661	0.90465511498393	0.0124878038843866	0.0127356932635149	0.00273336732248849	0.0115428727741748	0.000250717252895238
5.27723602175491e-05	0.00264519870151094	0.0475343233193033	0.924363048560365	0.0177881779443691	0.000285765073488285	0.00301031594644521	0.00423775692296761	8.26411713331045e-05
6.00889614130891e-05	0.000239265763219707	0.0656182453342845	0.88087437290249	0.0114666587405103	0.000279970694425618	0.00367814570496164	0.03728279091636	0.000500460982334593
0.00380940987153579	0.000164392784072665	0.0491736663580651	0.901529549111646	0.0181930176415332	0.0177474541701177	0.0015454377439315	0.00770934687417198	0.000127725444925958
0.00401687092827989	0.00671500506773156	0.0436335252468551	0.929954708489706	0.00874987969054477	0.00475309357164036	0.00201387382754822	0.000127036720321059	3.60064573732001e-05
1.45757304840798e-05	0.000352990816880797	0.0444457880739757	0.92635598767993	0.0106422458686405	0.014878774280732	0.00305815508937657	0.000204398971474181	4.70834885058166e-05
0.00170476348755102	0.0162677352825053	0.0440397424902051	0.906736275637991	0.0203787106152329	0.00204965285905452	0.00262273537346838	0.00549776392248919	0.000702620331502326
0.0142881004312851	0.0146259543390677	0.0455525369065832	0.903653422226516	0.0153317762903464	0.00239408415894514	0.0029471467681582	0.000571221520491788	0.00063575735860685
0.000142321991961078	0.0265813529898363	0.0405128247666964	0.916472328684754	0.0106634682952039	0.00276247152607303	0.00222231371606433	7.73809613693974e-05	0.000565537068041858
0.00335837665941358	0.00216761567803306	0.0378580617234477	0.916978184801047	0.0193723600060591	0.0105614314059179	0.00355661945742873	0.00598751947823721	0.000159830790415439
0.00232861968592256	0.00546785373550819	0.0507670197592943	0.921106363759616	0.0085890213239126	0.00109951874432317	0.00212306630789364	0.00822606580787982	0.000292470875650291
0.000250873181522265	0.00742900787948245	0.0532334525700686	0.905742167216162	0.00986175416749006	0.00646251155627248	0.00404811249183915	0.0121875093086855	0.000784611628477401
0.000109246832467819	0.00147716535123136	0.0659715888676297	0.899201521057576	0.0109299753174771	0.00547511295100936	0.00416857312706603	0.0126262072398141	4.06092557289726e-05
3.93617569579336e-05	0.00107523619075678	0.0479841158336874	0.917108598968973	0.00950385265462036	0.0171010006982182	0.00268154335691568	0.00447884768656118	2.74428533094912e-05
0.000162369311323592	0.0375279202680475	0.047246941903479	0.896653738507245	0.00775606688192812	0.00177706783970993	0.00410168081005032	0.00437664805912229	0.000397566419094131
2.77920486885167e-05	0.00443360623889051	0.0536033583159074	0.9208692912611	0.0105468516659236	0.00640477244987571	0.00272781277041639	0.00134860204999282	3.79131992050756e-05
0.000232517680171665	0.00497051651527137	0.0525421301615882	0.920409528311734	0.00582925178881674	0.0111995952074935	0.00268840855241258	0.00199689707423374	0.0001311547082783
0.00016231829216888	0.0103233621400932	0.0507712338013258	0.910583896788914	0.0197362508596017	0.000370223144587892	0.00168893379298124	0.00633228058182018	3.15005985074179e-05
0.000865965786697683	0.0184214926461294	0.0499815578840855	0.915232856313485	0.00953605205538426	0.00213723195213426	0.0029103650311889	0.00085426881009615	6.0209520798546e-05
0.000827704735733986	0.00432661510229768	0.0491999343793248	0.916739333153286	0.00992930426474791	0.00799214858865154	0.00262952510079807	0.00390533761849354	0.00445009705666622
0.00172129458079164	0.00296452296144222	0.0448874782787641	0.916648817888743	0.0131871560650481	0.0136000355849635	0.00286540727271494	0.00175999472153507	0.00236529264599761
0.00270612689599389	0.000950566052700855	0.0486082955188499	0.909648873892549	0.00971518431658186	0.0158490445528328	0.00374016737932809	0.00800689385080399	0.000774847540359542
0.00328884694943899	0.00683291343689663	0.0436999605590112	0.916560347904699	0.0148013450827463	0.0122417074772229	0.00226285570078823	9.87770541654077e-05	0.000213245835031369
0.0134622764046615	0.00391046324329104	0.0501919263046824	0.901962095117923	0.016455615738962	0.00193961364203974	0.000834791628585822	0.0011721571284321	0.0100710607914223
8.2645730091519e-05	0.00705397695660879	0.0432730840953323	0.913751509179003	0.0151573570073536	0.0146321327502202	0.00251697791270853	0.00126338196400342	0.00226893440467825
0.00529623255411676	0.000181810755790594	0.0403573116281459	0.916851851327381	0.0141003798130176	0.013223013276516	0.00234100843887083	0.00760635702192107	4.20351842397479e-05
8.20400285705272e-05	0.000246818469872952	0.0495657797766698	0.911009140556075	0.00799552573466899	0.0247374484807	0.00389454052295935	0.00239908266735951	6.96237631236698e-05
4.9190518160868e-05	0.000216768917464593	0.0441215104319755	0.929934675641233	0.0116481170294925	0.00993097099125913	0.00189662432365535	0.000254168818098389	0.00194797332866112
0.00333477961621748	0.0152719577174919	0.0451412452247869	0.918098406575476	0.0088176030563927	0.00404387914002129	0.003018776462468	0.00224642321837717	2.69289887685353e-05
5.92600960430388e-05	0.00777282616190184	0.0461311456670583	0.914386395448935	0.0155753559437317	0.000570959594761219	0.00262436431944233	0.00546256542295496	0.00741712734517156
0.00106773060691202	0.00204549840937142	0.0431624381238594	0.913506496833378	0.014429886518379	0.0124685168402042	0.00252618715371436	0.0107416174849118	5.16280292701301e-05
1.38829717670122e-05	0.0012939521573856	0.0520999959198559	0.916659554579659	0.0125314251586666	0.00743971351279324	0.00308848582759357	0.00684628496638945	2.67049058894577e-05
0.000282664874056904	0.00176719562928695	0.0503561711723192	0.906455333016119	0.0203374223129619	0.00936604171692356	0.00220686125778729	0.00577803501588681	0.00345027500465819
0.00906024095305207	0.000820630406643923	0.0667259355850388	0.873246981012436	0.00574250582912956	0.000305318959402644	0.00805364762420561	0.0360174122392937	2.73273907980895e-05
0.00035254863736127	0.000180808218971228	0.0465727104833751	0.921308731181766	0.00791652525944494	0.0187884431489746	0.00457996214344993	0.000236140801767613	6.41301248892926e-05
0.00102085021948776	0.0071950671670513	0.0509166310738682	0.919459493659217	0.00734961308623608	0.000809285835039954	0.00271218538962804	0.00628649354056788	0.00425038002890401
0.000152336856731519	0.00409625169500148	0.0404877736030929	0.921808367195109	0.0177138778865597	0.00846583360495847	0.00222509115287452	0.000119808919227018	0.00493065908644541
0.00105286399431506	0.000343782523839485	0.0496766875128065	0.91275300467939	0.0130828891737208	0.0172192112915879	0.00348231378040699	0.0014174639718305	0.000971783072102312
0.000177280555333992	0.0331352786817482	0.0472091028304081	0.899998869828534	0.0108214869962178	0.000151555620454172	0.00501901418666882	0.00345435879239725	3.30525082373982e-05
0.000200744705227707	0.00184304476442725	0.0461362414410786	0.914123024652066	0.0120733710648123	0.0171559347425539	0.00331404283713582	0.000141170822675458	0.00501242497002298
0.000473944264825556	0.00825651109614279	0.0435256628415066	0.91532260246152	0.0118681674105751	0.00876565819756858	0.00273175367113766	0.00135143946795836	0.00770426058876577
1.17523290303902e-05	0.000130826820256385	0.0469755431719198	0.921099861966986	0.00662275898152714	0.000341697487613566	0.00319144700853283	0.020626370784599	0.00099974144953488
0.00485896161787206	0.000481555104090795	0.0540551482737017	0.907342560900395	0.01336025561452	0.00990873674231493	0.00298872463204838	0.00696569149056894	3.83656244880414e-05
0.00305158650754149	0.000575380522263751	0.0456855330795111	0.916517775015006	0.0199332482659974	0.00760154490611769	0.00282691878545172	0.00353358210981269	0.000274430808298325
0.000829354306485189	0.016932611286564	0.0530848823847577	0.911883732890504	0.0120898443773419	0.00206582128710744	0.00265755035476768	0.00038402964856487	7.21734639078707e-05
0.00540657225101985	0.020505394451616	0.042051006232025	0.911075886378664	0.0129802569042334	0.0011418071035633	0.00317128222470075	0.000496553532228343	0.00317124092194937
0.000141551135758654	0.000347884134186682	0.0416729930178645	0.92182644113532	0.011977239490453	0.0127558438155005	0.00486467118032313	0.00622588925956508	0.000187486831028585
3.91136169143747e-05	0.0247062135515548	0.0476164074934713	0.911754086460072	0.00529868932310354	0.00680342372773284	0.00361327078472645	8.34183716598328e-05	8.53766707647888e-05
0.00109522269261099	0.0198058175855051	0.0488279574835649	0.918559329022134	0.00653368733840879	0.000374943863182117	0.00261292974109053	0.00180186248111173	0.000388249792392086
0.00086722273920576	0.000393504622926479	0.0452555177602204	0.929107828855019	0.00786103685720934	0.00222329022536542	0.00310139845383005	0.00893172506133264	0.00225847542489111
0.000528960839874978	0.00328387460493883	0.044248383537682	0.922732414562692	0.0138910064690992	0.0117973119228325	0.00238155380134301	0.0006691726767171	0.000467321584819945
0.000970152135048597	0.02678961931705	0.0415190292844334	0.912314606685899	0.0103652881002749	0.00356526240718138	0.00220496976477079	0.000102998564434794	0.00216807374090686
0.000881484154526783	0.000542216860453455	0.0429092925405803	0.921419434084701	0.00805182010202815	0.0220444617943315	0.00280157864421446	0.000568054627610952	0.000781657191553615
0.000463169922296117	0.0236382757288273	0.0459189201461424	0.903015037504175	0.0200573472503969	0.000789206925148441	0.00234001429897882	0.0036385362405719	0.000139491983463096
0.000898342244440981	0.0137852483973413	0.0495989281724018	0.911121770540056	0.0135190530617872	0.00792424035747574	0.00229770926581159	0.000804353863755876	5.0354096929192e-05
2.75263264051992e-05	0.00890208185597924	0.0495755965896583	0.920731100775742	0.00634689848825506	0.00363831856873418	0.00276987534164834	0.00689019958181784	0.00111840247175981
0.00925777886750143	0.000243144815154055	0.0793489452997401	0.859463142274174	0.00978002995379534	7.09883377115635e-05	0.00625423574022342	0.0353850402330219	0.000196694478678037
0.00329036766018842	0.000269951436408825	0.0448135024024719	0.927098365285387	0.00930921369779427	0.01159563225853	0.00235533956261344	0.000921789324193984	0.000345838372412021
0.000962123661127666	0.0127465401576665	0.0386120188992003	0.913585988619096	0.0140524296433155	0.0168531969324757	0.00220509488451801	0.000134183584353158	0.000848423618247485
0.00158993778224189	0.00215715211590658	0.0530047877204606	0.913231053001622	0.0144560486381693	0.0119448319110402	0.00304052381535487	0.000373158582802253	0.000202506432402391
0.000759927244334912	0.00329248981592369	0.046976217794042	0.922209568239857	0.0088463493580713	0.0135750349222892	0.00182792108401424	0.00207879395648469	0.000433697584982536
2.60663635819446e-05	0.000288225419921829	0.0484681243784931	0.925160744022982	0.0123686372932372	0.0102562027634224	0.00324380323532797	0.000172677935225899	1.55185878072346e-05
0.00127853281113295	0.00916739870268506	0.0449412871404124	0.917184801562501	0.0151549451209399	0.00603870577215075	0.00337311794785003	0.00257699462951611	0.00028421631281204
2.30929360815121e-05	0.000210175338930207	0.0422529011786016	0.919964639562966	0.00771216866138473	0.0182350436113721	0.00221708574838708	0.00435835900348701	0.00502653395878981
0.0096495886808694	0.0188162998575383	0.0423642503857154	0.90749276614483	0.0157465259233253	0.000867352633309514	0.00472439961903993	0.000100320938025739	0.000238495817346443
0.00197513554040375	0.00235827171259272	0.0391144399475764	0.923317023067456	0.00762070192742237	0.0184911694846738	0.00361512040539905	0.00341773526251274	9.04026519634028e-05
0.000977241121584962	0.000578280073883791	0.0510156517604116	0.916975849968142	0.00840602939922342	0.00381272152348736	0.00361623279311622	0.0145756878632491	4.23054969016549e-05
9.86897482273899e-05	0.000824433912277659	0.0486716409751907	0.914314363668155	0.00567880809587665	0.0140130846365442	0.00253757541286261	0.00201622961658779	0.0118451739342784
0.00351495253699898	0.000992870423874202	0.0524469877349564	0.917967205517063	0.00597252197730198	0.0167526615556304	0.00223572010212607	9.82473850142549e-05	1.88327670352135e-05
2.41882146224303e-05	0.0149667362896622	0.0409300061803823	0.912344882009193	0.0107595124568042	0.000639156506867281	0.00450115586687659	0.00155541289862434	0.0142789495769682
0.00692027151451325	0.0265642341775937	0.0379922873794132	0.908028552044664	0.0129327443654606	0.00444089978443996	0.00290275180999798	0.000136271729351821	8.19871945653858e-05
0.00166762168530606	0.000128866864724954	0.0477488864841438	0.917287299299548	0.0162976383793935	0.00897418651653255	0.00188323269176365	0.00595575476773115	5.65133108557541e-05
0.000725148807862142	0.0123143370579764	0.0438160897292796	0.924697545490535	0.013059863564348	0.000615787484155798	0.0026376007308403	0.00204315325182434	9.04738831780988e-05
7.88810870237092e-05	0.0208858434435234	0.0486120079479877	0.918818252650729	0.00911598512327293	0.00058148439535195	0.00140793282182852	0.000343352629149685	0.000156259901133624
0.0249142258212365	0.000275969485021196	0.0994228180487856	0.831721758548999	0.00887678750876113	8.56916976854372e-05	0.00393755862762507	0.0302777790719017	0.000487411189984746
0.00102873689836775	0.00908837273023355	0.0466238374062312	0.903675887663411	0.0150861705565026	0.00571635430954043	0.00223644460271669	0.000194342694329047	0.0163498531386675
0.000149754233268032	0.0226177453775399	0.0407588777066861	0.906152265202035	0.0177788229961697	0.000149047420975125	0.0049340213360967	0.00716406958501303	0.00029539614221688
0.00591873373967928	0.0117359585569571	0.0552629415573053	0.909791913686346	0.00970977852266581	0.00300373269341653	0.00314698587800064	0.000391953610365822	0.00103800175526327
8.23207567069752e-05	0.00097573644183891	0.0426312864522081	0.921995608863191	0.0150517397708749	0.0161662764374265	0.00173930359650168	0.000339844893987267	0.00101788278726418
0.000478821151195663	0.000409125811963006	0.0573789953313217	0.902374045854071	0.0116230064503331	0.00707747008191935	0.00394565962142202	0.0162820559836535	0.000430819714120807
0.00099910047389062	0.000477705321451007	0.0495939127542771	0.921875282964353	0.00906807152800694	0.00995814498055845	0.00344064145777667	0.00455254656900787	3.4593950678157e-05
0.000112955238089568	0.000626985654617024	0.049798861140439	0.90164476693845	0.0134279620293282	0.0276624764326584	0.00317662721986563	0.00283096630140389	0.000718399045148432
0.000200983753357033	0.000179007482451879	0.0449596741409357	0.92434520448741	0.0123811568007646	0.0144039959384486	0.00216894245282182	0.0011502380257314	0.000210796918079672
1.79009147283094e-05	0.000153447257338112	0.0532969877071926	0.901814680550491	0.0261260997589915	0.00690726754746117	0.00295431618704052	0.00822854716006121	0.000500752916695506
0.0021281983557156	0.00335803856890291	0.0460895705665675	0.926139983237194	0.0113223705640151	0.00850563696573526	0.00227917469472162	0.000124103728648393	5.29233184994844e-05
4.59536602173699e-05	0.0134267514734646	0.0497005052371996	0.91465831092036	0.00949477921768074	0.00818007264960663	0.0034633296239989	0.000753057368244493	0.000277239849227464
0.000517921985411334	0.000634471321270157	0.0473941002736045	0.910370319455348	0.0159808642114965	0.00200140454841689	0.00316395155954885	0.010373460775886	0.0095635058690182
1.82284341951047e-05	0.000180427346226326	0.0494751343256409	0.919867268492492	0.00664346460429543	0.019420667058786	0.00268736954438452	0.00168419684634626	2.32433476338235e-05
0.00186244472659024	0.00552643566526074	0.0457660450846111	0.90933009734392	0.00810845226346598	0.0252117828135324	0.00216529545026682	0.000462648958851594	0.0015667976935009
0.00106575994374783	0.00187392658848242	0.0474797255080868	0.916465866785601	0.0192266140885113	0.0110248951245234	0.00221687383569465	0.000266581992383594	0.000379756132969494
2.4088024418728e-05	0.000317246238407801	0.0456123044017672	0.911816045735223	0.0170128196530205	0.0226493123607506	0.00141335645294642	0.00107560205642778	7.92250770375844e-05
0.00023342313190797	0.000676810130715289	0.0462241737191312	0.923337176461065	0.0158929752426365	0.0103483953150538	0.00248569959687239	0.000751670417066202	4.96759855516502e-05
0.000114386149948473	0.00476488273895184	0.0496096772995418	0.906076531162514	0.0246987889737161	0.0104515751142892	0.00139898377255636	0.000422707108719712	0.00246246767976232
0.00124174196321264	0.0053033624923485	0.0549968772708974	0.914860433257182	0.00910937708078994	0.0125206611937421	0.00164435002083602	0.000116821599645957	0.000206375121345374
0.00183101076881058	0.00264374574778212	0.0398830266873085	0.930503902079193	0.0123948144363251	0.00398318834713554	0.00299060702399806	0.00537857563376742	0.000391129275679716
4.71093158244675e-05	0.00980760533685875	0.0588556069603488	0.906450739670035	0.010424573309835	0.00389905288643727	0.00286992042838951	0.000297562881367846	0.00734782921090376
1.03848445414679e-05	0.00338914904239661	0.045956771269823	0.924010376649374	0.00768332479618999	0.000591081446613328	0.00316835762464594	0.0083264539887948	0.00686410033762086
0.00012043941243319	0.000527418945817606	0.047715894661003	0.915823797142158	0.0145515567218781	0.0154505347074054	0.0019438587742619	0.00382024605685525	4.62535781873791e-05
0.00730023768644508	0.0156243840289075	0.0439316736254247	0.915666387575653	0.00936883937921162	0.00542360433579277	0.00230270543225351	0.00024178009349436	0.000140387842817453
0.00249358885425173	0.000392587092505613	0.0500156770348844	0.915247809384343	0.0140183063344674	0.00640716315635276	0.00264765583005064	0.00602229451667238	0.00275491779647181
0.000127336974421516	0.00736490308445415	0.0426263642601583	0.922977669297467	0.00804403529008253	0.013615791211296	0.00356994337641023	0.00143603624524146	0.000237920260468813
0.000699350328604351	0.000896084215200675	0.0428828957855789	0.914719325918207	0.0190959783414985	0.0184643258118966	0.00145721065842292	0.00173296590903999	5.18630315505643e-05
0.000606384139000636	0.00342287773892638	0.0429187903599278	0.92545164252101	0.0120016557307843	0.00614846822815417	0.00214148082923764	0.00354572489855931	0.0037629755544002
0.00106662924387849	0.00748518526999018	0.0530226244872679	0.91697056001094	0.00988920104132082	0.000471635817934572	0.00281253244117746	0.00826370583682218	1.79258506683675e-05
1.84424867749807e-05	0.0055253645894397	0.059318422747363	0.912096574252416	0.00936046234606177	0.000852478027868791	0.00241999112410731	0.0101059333575927	0.000302331068375583
2.35980569240713e-05	0.000296220635091618	0.0389003260942005	0.9168191835874	0.0169492564543079	0.0213427219615809	0.0019031995450748	0.00149290227741904	0.00227259138800097
0.000114961261491614	0.00825247500380477	0.0417600301013674	0.931209358709045	0.00977239781123431	0.004932960942854	0.00257608959025027	0.000510201365119876	0.000871525214832998
0.000205621279888833	0.00346615481533399	0.0451771061047482	0.916978524162465	0.0116112128513856	0.00689528423902736	0.00297865616187832	0.012458065458352	0.000229374926920423
0.00757691405204885	0.00522331777540638	0.0452089679092873	0.924645725750823	0.00533464396576172	0.00915488821477342	0.0015922010269458	0.00033295107344347	0.000930390231509756
0.0033492156157911	0.00109065016108041	0.0456785750505428	0.916278360842483	0.0115414784065546	0.0162617543319219	0.00182910969048324	0.00322090838216523	0.000749947518977422
7.57967550930618e-05	0.000616532239598441	0.0415698392924184	0.916249510828636	0.0147233439065584	0.0189415272841556	0.00225668026625118	0.00531695752301743	0.000249811904271501
0.002499994524671	0.0129312275231581	0.0447640037896327	0.915972160394797	0.0106999658815418	0.00331343938503044	0.00305903652895805	0.00386858886842807	0.00289158310378343
0.000109419931343462	0.00734197128396606	0.0516554241512651	0.91813741017301	0.00930948213480263	0.0031165319541447	0.00295609914055538	0.00545172058102258	0.00192194064989051
7.79926505982471e-05	0.0260030701194324	0.0460266172025788	0.91563824920316	0.00749963659823465	0.00254820119070298	0.00174901934428391	5.94082679130408e-05	0.000397805423095874
0.000203143246198289	0.00961993616897742	0.0542996173574469	0.908330715617475	0.00873989246913396	0.0163074854085595	0.00204049734513063	0.000440518122624404	1.81942644533316e-05
6.70934157656628e-05	0.0289785734551118	0.0302230035846176	0.917507752552624	0.012219325752698	0.00138918633051004	0.00440991865840617	0.00181559206161728	0.00338955418864932
0.000219278616881459	0.011592028776783	0.0503720410506981	0.924058766904091	0.00740311196387728	0.000709489766645033	0.00102414780649833	0.00448984941218531	0.000131285702340022
0.00964501218214506	0.000276458667088584	0.0580668122659727	0.889450899302114	0.0122507936147068	0.000197316518116552	0.00410278367485746	0.0258947612143788	0.000115162560620188
2.91473609891012e-05	0.00438494435312352	0.0438168712512619	0.922074055358167	0.00951209111399488	0.0150657487075657	0.000908309673009479	0.00143157432900924	0.00277725785287951
2.96234633755756e-05	0.000952566471352332	0.0485060315933106	0.919135508910804	0.0209991756709685	0.000623704606167835	0.00240455940467298	0.00731587342367224	3.29564556759618e-05
0.000201638434609844	0.0014627449792073	0.0500372069655675	0.920058948747645	0.0158387852724598	0.00873482611375556	0.0026151198830911	0.000146020466298703	0.000904709137365191
6.45458198176505e-05	0.00442146754907648	0.0533127386556009	0.91595984305989	0.0120820430221981	0.0102984586793396	0.00304695533164768	0.000153061046765422	0.000660886835664053
0.00466277268381766	0.000970750399627871	0.0437922362025406	0.912553328548422	0.0143983955936424	0.0160902934042355	0.00203768104806859	0.0032353609005646	0.00225918121908109
3.16454054181446e-05	0.00376850117584758	0.0437048785057702	0.918896572402691	0.00817682967599995	0.0170346109990846	0.00209948472237104	0.00384910102016066	0.00243837609265627
0.00381950303827516	0.00159834870107603	0.0462450105608441	0.921234958499025	0.0153662651001032	0.00814264798104694	0.00215584073226724	0.000626155297468583	0.000811270089893821
0.00425007010829249	0.0057849705414917	0.0588208344983808	0.908782752492779	0.00532441483061031	0.00561706261730282	0.00263938433347177	0.00854053721165981	0.000239973366011529
3.21565093478643e-05	0.000583572353714172	0.0438766441477294	0.911571573647443	0.0180424627592896	0.0238039318576951	0.00200134214716676	5.26944427225427e-05	3.56221348917984e-05
0.00496149772554526	0.00658835826281719	0.0466445351827612	0.910350793722312	0.0167653912998339	0.00130642299209228	0.00332765791669675	0.0100167662089359	3.85766890049436e-05
0.000744870654841749	0.000407993671440456	0.0493240698408214	0.918871439932321	0.0125546088667485	0.0150803466205018	0.00231789685692816	0.000272656819392265	0.000426116737004583
9.41464075414892e-05	0.00210535398943756	0.0453364777793299	0.912942692923093	0.0200878593202701	0.0160509890499499	0.00281471071303072	0.000446930032614442	0.000120839784732817
0.00463838402818871	0.00142240627060684	0.0652338161502767	0.894492023543617	0.00722566755175405	0.000880785489514583	0.00459961122593177	0.01980689208707	0.00170041365304019
0.00617270361547476	0.0125073279189339	0.0465860056917052	0.921637264071819	0.0100629769982302	0.000610974706609633	0.001805737524516	0.000143822577190636	0.000473186895520915
0.000137604420408249	0.0100484060231905	0.0516356557615094	0.916325878656456	0.015606374869403	0.00158525186834834	0.00383929748245524	0.000352985666753643	0.000468545251475653
6.22574071705367e-05	0.000218025647099592	0.0429628585113638	0.915462399789165	0.020055182428544	0.013778041594254	0.00270286815892927	0.00462072169802676	0.000137644765447018
0.00010059032389415	0.000605768163265675	0.0420494406720551	0.90669157873301	0.0215080527397904	0.017920101075645	0.00215828005757652	0.000410415918704776	0.00855577231605879
0.000150753604780209	0.0102531102052986	0.0414372944116032	0.920960669994115	0.0166182136399228	0.00626221022993545	0.0024629091997312	0.000100356608581303	0.00175448210603263
2.4876455130642e-05	0.0244518406239605	0.0458095340526625	0.911115462114818	0.0130697221652112	0.00276224976427879	0.00142683990126699	0.00101209747981877	0.000327377442852354
6.32415270814225e-05	0.0073060203763412	0.0475089538633167	0.897277421254614	0.0203496431064473	0.0165882069081265	0.00228840072316108	0.00116206301798073	0.00745604922293151
0.00878861736364945	0.000649323823694383	0.0491556883639916	0.903113407653712	0.0141246523303644	0.0199038888992207	0.00297847990860582	0.00124300541230671	4.29362444549244e-05
7.8169525677126e-05	0.00259779559450958	0.03908418602661	0.926189964616132	0.0131927486062627	0.00908469922821579	0.00187185284636919	0.00786067926245938	3.99042937641042e-05
3.69228038636948e-05	0.000894810053737516	0.0430527588733062	0.919662698407774	0.00736654612470147	0.0257937301723686	0.00262357331478111	5.70660504703213e-05	0.000511894198997453
0.0111108524378948	0.0121095469698925	0.042010137368586	0.911227551016553	0.0117036977311156	0.00243062762233616	0.00218629655574095	0.00247567805458217	0.00474561224329883
0.00146199059841897	0.00104349783361865	0.0477604987706264	0.906688618695965	0.0196190571136087	0.0192906265646151	0.00254119172207257	0.00155336260074151	4.11561003331007e-05
0.00029145555106111	1.20324743812583e-05	0.054674430831888	0.883398343859961	0.0105666439938292	1.76158045112738e-05	0.00545970617481076	0.0444502460457302	0.00112952526382777
0.00459839632219738	0.00323710924859266	0.0405329282907802	0.910311051597826	0.0156861582789563	0.0175971530948583	0.0036642378234991	0.00257848847384255	0.00179447686944752
0.000171716185267179	0.00758921101977119	0.045522537615845	0.9074221566908	0.0242564066998197	0.00256455752696358	0.00200033954975628	0.00974192448760895	0.000731150224168658
0.0035248252097725	0.0204320261759463	0.0422751715507861	0.912138804356997	0.0177764981838672	0.001442074201205	0.00216303525730524	0.000125754110293912	0.000121810953826582
0.000179065361390955	0.00510480090009199	0.0535541919136755	0.91356100745785	0.00537242746365573	0.00119348318744029	0.00441555207678742	0.0161229184525388	0.000496553186569252
0.000397701556335843	0.0113767606796946	0.0433018250515135	0.90936288258839	0.0115974310623001	0.010435275492891	0.00386304019214028	0.00105310907754513	0.00861197429918905
0.00243648249087837	0.0175853759694076	0.0440492885642269	0.918023506108766	0.0127682808829461	0.00119071829167295	0.00307274701094431	0.00080054800197452	7.30526791833988e-05
0.00132740549013923	0.00128633954450783	0.0528338773661599	0.899574003043769	0.0265192229331947	0.00331260561099655	0.00249978126829638	0.00801068033085564	0.00463608441208138
0.00258272667014225	0.000205116133370796	0.0408428840356058	0.920166891760726	0.0129130991173247	0.00449646489712075	0.00299308960744415	0.0101751567042674	0.00562457107399794
5.52701031862989e-05	0.0132842059441539	0.0461961470899316	0.926821645083076	0.00819101747621717	0.00317861388748882	0.0020901597443627	0.000155958301542081	2.69823700414667e-05
0.00613383647253807	0.000618600132211257	0.0479361432908797	0.916843472582511	0.0142614327513362	0.00833924739039089	0.00190772697246924	0.00386327281618592	9.62675914771999e-05
0.000232509554619005	0.000162370556960702	0.0538008003858346	0.914212436456013	0.0073724737084619	0.021231712530539	0.00233186178419397	0.000525755942140811	0.000130079081236977
1.88414687409586e-05	0.00019817105188435	0.0494763510009878	0.917899161064816	0.0154064550134023	0.0106053342899643	0.0028987807501908	0.00348627980934753	1.06255506664178e-05
0.00712850982686283	0.0143763920217004	0.0404110316155802	0.916556964135494	0.00764275023747186	0.000223469071420336	0.00341206146978317	0.0100951749089934	0.000153646712693781
0.00014602744101471	0.00365747228926965	0.049890352517659	0.911263377199467	0.0173104805997544	0.0163008548048998	0.00134498787824302	5.31708644352556e-05	3.32764052566382e-05
0.00182383951438493	0.0127570397481099	0.0399523786172768	0.916119681534264	0.0139174658602207	0.00193346175511534	0.0028742990277329	0.000704731779037101	0.00991710216385823
0.000135046147440181	0.00626733152799358	0.0416947346420324	0.915651251221308	0.0123606284353133	0.0191901601543116	0.00219117548231888	0.000138812084343678	0.00237086030493863
9.26617602218162e-05	0.000190382585853494	0.0482724912457034	0.916551792778695	0.0167780533754177	0.000142777521173958	0.00260609793527623	0.006647119183765	0.00871862361389357
0.00134316349020105	0.000202099171000633	0.0495003124286015	0.925037548742159	0.00699301821922177	0.0129190110030111	0.0033698685824771	0.00046188988504043	0.000173088478287373
0.000112438241289753	0.00731926430791014	0.0471182914644528	0.913238363048437	0.0139176120443527	0.00852622384936067	0.00163284984707536	0.00264461790989313	0.00549033928722892
0.00585894278630349	0.00019892506218098	0.0506945855473805	0.913730037057124	0.00639237006056675	0.00522793516340222	0.00348830234234517	0.0143282758923449	8.06260883524194e-05
3.73924339461991e-05	0.0022736463198946	0.0493550602686823	0.911977671590677	0.00726476181791268	0.0144365647125298	0.0028661200371784	0.00311951214104401	0.00866927067813554
0.00943374537113786	0.0274094146347561	0.0404270678333654	0.90782233160795	0.00963330966734679	0.00137403865589211	0.0013462808024273	0.000273453929104231	0.00228035749802077
0.00341042247902504	0.00333056859382502	0.0422220056447643	0.90900616085416	0.0181507829246513	0.00810944112948036	0.00317206907105405	0.00505594119314308	0.00754260810989644
1.87654337897151e-05	0.00179435612996375	0.0452778972208996	0.931959911973541	0.00987566120175772	0.0064766132611573	0.00200814640553106	0.00257667671992007	1.19716534402568e-05
0.000771543403129527	0.00837062010161079	0.0376561706883037	0.930619468257186	0.0111361661834148	0.00314049532252078	0.00273259720210589	0.00551625168754887	5.66871541797608e-05
0.00581557218062062	0.0118058023487306	0.0486083907274059	0.914328005964535	0.00967187610780997	0.00474942365603225	0.00281328968794337	0.00197825042335623	0.000229388903565647
2.54299207165869e-05	0.00184820542444195	0.0474590049006109	0.924797088512923	0.006666185740852	0.0147559122572274	0.00362513177957166	0.000276072446628257	0.000546969017028748
5.36265711139493e-05	9.92299437309685e-05	0.0505704210637284	0.916606489148766	0.0103490580832065	0.0177908356378606	0.00197693639867038	0.00245992972792451	9.34734249988356e-05
6.15239850305104e-05	0.000430646825101164	0.0470819159512177	0.913214675979128	0.0156057446051239	0.0141813443117153	0.00326072898585939	0.00554223931451868	0.000621180042305497
0.000300016914674374	0.0134632880938982	0.0418016249458297	0.926505803850412	0.00981340095358586	0.00370812786591519	0.00379794984329153	0.000118204262291986	0.000491583270101284
0.000107594686895083	0.000526750817533995	0.046750703184243	0.916992181925645	0.0111456507578879	0.0176991274578183	0.00440206873298607	0.000918672366374258	0.0014572500706168
5.13523268705694e-05	0.000675160258708931	0.0546553244491667	0.921753024039732	0.00742426902892675	0.00019224697795618	0.00322553244060461	0.0120014835703895	2.16069076453003e-05
0.000450084992194793	0.00703258931009274	0.0469725456454107	0.91388943125832	0.012446624116814	0.0158331057329748	0.0024704082712694	0.000641583620633755	0.000263627052289811
9.98162946073137e-05	0.0077983103015257	0.0387154069036795	0.922525924890532	0.0120054258586374	0.00888432643569334	0.0015825890686032	0.0011254390168886	0.00726276122983358
0.00118918575730801	0.0111519794147784	0.0447300368200007	0.919730075954363	0.0134397127885003	0.00188632579075941	0.00170527977490349	0.00612309941259291	4.43042867941118e-05
0.00426106007876732	0.0046435371395576	0.0487949429403352	0.906931526215023	0.023002906573223	0.00635383807681447	0.00374356837781055	0.0020182676983897	0.000250352900078806
0.000491620361151465	0.0181311693683263	0.0500026122853428	0.918995165448484	0.00686538447680844	0.00246759565752424	0.0022524048055474	0.000659239947766105	0.000134807649049122
9.68439509367204e-05	0.00438523357668354	0.0454962210145726	0.933000451598975	0.00932769758072202	0.00449941431761816	0.00202138085061672	0.000622732334097761	0.000550024775776859
0.000109845815117639	0.0226559761408616	0.04696510009427	0.915672849813939	0.0105184384130483	0.000958312996998118	0.00251381338623229	0.000385633257321437	0.000220030082211993
0.00119916231950096	0.0193150942783681	0.0443386047682716	0.920215961319216	0.00821700690566237	0.00451767532418579	0.00192697594442854	0.000151424376277993	0.000118094764088575
0.000943402036793631	0.0236361179998877	0.0395222431688617	0.918584829682538	0.0122424123914859	0.00124300960809554	0.00186081217993097	0.000840932210946011	0.0011262407214609
2.38506942369432e-05	0.0130361716489119	0.04916537418253	0.917515188107754	0.0153929333554451	0.00165093248179814	0.00304395927635619	0.000138838526193349	3.27517267746709e-05
0.00617539288643914	0.0211150418011626	0.0411405326213146	0.906450241792901	0.0114245098932708	0.00485615470881926	0.00262817583192203	0.00600220654294033	0.000207743921229761
0.000202615888964721	0.00646977184388222	0.0472069625714613	0.923460889472973	0.0103067878979366	0.00771946152276559	0.00291775455703096	0.00144306910517335	0.000272687139812661
0.00135490354981119	0.00973636732102395	0.0413873886756601	0.924209249805911	0.00972809772761737	0.000432175891435419	0.00231135689654872	0.0107222410665431	0.000118219065449381
0.00102014450233348	0.00924203321409632	0.0483904131578158	0.912947266294546	0.0138007757746769	0.00777217475777088	0.00345958203797645	0.0021435397336924	0.00122407052709138
0.000498192635908174	0.0136742338002419	0.0446084521727705	0.927113758255581	0.0114670091844895	0.00104171588661451	0.00139621883210715	7.78064007466044e-05	0.000122612831540504
2.77998981436897e-05	0.000858625655264112	0.0481281287735765	0.916810676838716	0.0173278862484737	0.0132784825996662	0.0031238364415414	0.000377211038876038	6.73525057421804e-05
0.00380432136222331	0.00243283828106442	0.0415879100892336	0.912740497671104	0.0181573025045105	0.0177770640883354	0.00233663077392412	0.000189862800437565	0.000973572429166784
0.00551145097344571	0.00323610377755348	0.045987499779277	0.913752564484786	0.0169399932490471	0.00759171753765192	0.00163895941586081	0.00514791803062866	0.000193792751749434
0.000212905194479912	0.0161567608905916	0.0427441425861258	0.912268639601635	0.0208062776295674	0.00220750510864111	0.00163387319666924	0.00299830997174502	0.000971585820544775
0.00861963660852544	0.000295447546687757	0.0423854829236037	0.914913825207303	0.0151804984977046	0.00886065437849007	0.004607649061719	0.00503366852660603	0.000103137249360874
0.0167188982318463	0.0230107406066735	0.0417069883766216	0.901533231461208	0.00582223036768572	0.00439165276798452	0.00238761905218746	0.00435711853498494	7.1520600808356e-05
6.39492053479229e-05	0.00162443934841102	0.0471881081936379	0.919570041844635	0.00844148024076118	0.0191106345114598	0.00235220027549656	0.00144725131511808	0.00020189506513287
4.45580798101811e-05	0.0095274816085138	0.0411456352522557	0.925183526968207	0.00994631495796904	0.0114092255977559	0.00183678796227797	0.00081329755557783	9.31720176327968e-05
0.00176482714948389	0.000504106889818514	0.0528993740682292	0.907839663585149	0.0165164496449977	0.0165570005018585	0.00194040383776926	0.00186106192730697	0.000117112395387294
6.71726348184157e-05	0.000366442369749145	0.0397253496655228	0.885240712486505	0.0184463319912069	0.0123648669952126	0.00383754800017717	0.0130751186902808	0.0268764571665272
0.0136557355782618	0.0149712098240771	0.0439974740064	0.903654270350892	0.0100892607323129	0.00218069155746171	0.00207876549374223	0.00547496455993828	0.00389762789691372
0.000447920943402132	0.00152280715528963	0.0457719545268705	0.92396725918656	0.00924035889020241	0.0110021989104964	0.00239215384216174	0.00550650275848824	0.000148843786528946
0.000671691001534571	9.75430973702019e-05	0.0419072132924446	0.922296772036279	0.0161483676169461	0.0165565772587112	0.00223131523319518	6.83704072738739e-05	2.21500562450332e-05
0.0031315393383819	0.00477285341958469	0.0712745818505576	0.888485321634813	0.00780721350157319	0.000378698911237486	0.00209797035965459	0.0219958753064037	5.5945677793351e-05
0.000635787550503259	0.013684219687452	0.0479975408073743	0.914740143761209	0.0128950710473365	0.00105484065874475	0.00330748392609535	0.00553365297521015	0.000151259586074956
0.00291575738228526	0.0100638865262702	0.0452809587687389	0.923784793265945	0.00907063750035968	0.00485358054307562	0.00130266988286298	0.00243136448105123	0.00029635164941072
