Bcells	CentralVeinEndothelialcells	Cholangiocytes	Hepatocytes	Kupffercells	LSECs	Mesothelialcells	PortalVeinEndothelialcells	Tcells
0.00343289592532352	0.00671124589054052	0.000579647123082313	0.946787113493636	0.0197220640755417	0.0144380428214174	0.000562373889336243	0.00678847364848433	0.000978143132637603
0.00037338812442944	0.00901409018632276	0.000877884669997582	0.952141887217737	0.0184812910465133	0.0175969799897087	0.000342613460691098	0.000737235293288278	0.000434630011311583
0.000118400982625686	0.0040156876787216	0.000642248195340281	0.971655078124533	0.0117580604539762	0.011401704679843	5.52559693756361e-05	0.000262016215232845	9.15477003520253e-05
9.872869766595e-05	0.0112650588402004	0.000309723912375179	0.952301341221546	0.0197083681904517	0.00606616792114094	0.000742726465043993	0.0018544044321352	0.00765348031944117
0.000100445714242806	0.000309530790517642	0.000461700713444015	0.955593149095079	0.0276507838784801	0.0105180800403075	0.00112814062915166	0.00327260015440932	0.000965568984368216
0.00448406532012699	0.00291138416025311	0.000855853945553489	0.954711353173787	0.0119729908250281	0.0203586158465227	0.0010643567725381	0.00320426932073358	0.000437110635457151
0.00597218193057766	0.0121774990319352	0.00155756963586505	0.946106288262266	0.0176043163347765	0.0155406350871991	0.000440726958883212	0.000499217915506247	0.000101564842990655
0.0107882892117221	0.00211203651460109	0.000615723323692597	0.939780194232732	0.0224219600839253	0.0233438491134316	0.000437685964592886	0.000441963985771138	5.82975695312484e-05
5.11597223655759e-05	0.0108150828198192	0.00137646944198678	0.938130093794849	0.0238467462503596	0.0231013813040157	0.00110011854043877	0.000726014142511051	0.000852933983653815
0.000112171003572265	0.00856873584722164	0.00102580561598378	0.965308518519128	0.0197766049714912	0.000773325968155743	1.95281546653786e-06	0.00396008552269053	0.000472799736290376
0.00712249897909067	0.0157932367888279	0.00174966158876063	0.93804398469196	0.0266785770121175	0.00211528547835462	0.00137021113340296	0.00437433198181288	0.00275221234567263
0.00106280212538054	0.0182808229596969	0.00117376110510528	0.960893015883729	0.0113850178277955	0.00457911700134628	0.000268321139793524	0.000852773180975741	0.00150436877617661
0.000170836325681118	0.0252428224731197	0.0018905741504893	0.935894553022376	0.017795977765611	0.0105406825643776	0.00175321213981048	0.00667386061447139	3.74809440639688e-05
0.000109540001164079	0.00121067747481181	0.000814130949361181	0.946777374020822	0.0272453130628457	0.0173010085910253	0.000948674778846035	0.00309826367077369	0.00249501745035038
0.00161074513385903	0.000165964635053927	0.00724632234118891	0.953506511244018	0.011011525363608	0.00754509954299362	0.0011202923683973	0.0165846410083438	0.00120889836253805
0.000151989882349628	0.000928429249618129	0.00216286201650582	0.950312783442914	0.0172063488261334	0.0234816669009572	0.00248989731876821	0.000186727414010329	0.00307929494874304
0.00105450927654698	0.00911150345837284	0.0019899193853146	0.958025551503325	0.0176472679512354	0.0115786071017844	0.000207902036896488	0.000230496147540694	0.000154243138983263
0.00923663509511053	0.00559399049479953	0.00138072221907494	0.941624552352856	0.0259602706216765	0.00144475270098026	0.000317224575913482	0.00795557450497803	0.00648627743461051
2.31068416707403e-05	0.000767697367610524	0.00355491612942168	0.941427311083061	0.0206118862475277	0.0152056389565992	0.000734466390041713	0.0175215943391114	0.000153382644956125
3.16283722356649e-05	0.00648230970316606	0.00200138026174472	0.96081434939704	0.0287106219396571	0.00121220218952346	0.000496438175269996	0.000196878875060597	5.41910863024861e-05
3.6934587891462e-05	0.000285421030269077	0.00941031282614781	0.920903213045206	0.0213178664776693	0.00028916349451333	0.00178888355440298	0.0457776573506657	0.000190547633234764
0.00273717737333045	0.000160835845552235	0.00202134848740921	0.938050844260131	0.0279838945759167	0.0196340251427909	1.0329159226162e-05	0.00922864343558938	0.000172901720054524
0.00499552296342891	0.00289721742972668	0.000369324637547871	0.966037920776942	0.0134034064034901	0.0108723977090974	0.000100189129802895	0.00125565438785786	6.83665621064205e-05
1.85036641281244e-05	0.000339982786268205	0.000845024943091467	0.963389118067235	0.0159599798837682	0.0163709230287237	0.000613252745617443	0.00232524701842642	0.000137967862741273
0.00115517830421232	0.0138051610394202	0.000850503797545043	0.936252525371137	0.0321898621384951	0.0100443840527328	0.000886245218197869	0.00364795558751472	0.00116818449074535
0.01361558711499	0.0144568106535388	0.00134980772653716	0.936788382857945	0.0233511425311764	0.0081080960934611	0.000645623723801135	0.000594734502141068	0.00108981479640948
0.00013540825320541	0.0200625366095049	4.42041882450755e-05	0.948155494169155	0.0164901742808878	0.0135532985226952	0.000364960441684362	0.000207935916976947	0.000985987617645626
0.00260472863764439	0.00200143216010444	0.000199598496181752	0.943636353646481	0.0302672291225778	0.0136484728300533	0.0012295943645958	0.00633845662497653	7.41341173854258e-05
0.00272766401563808	0.00176332423603056	0.000570434273043357	0.960413566474242	0.0138733721128833	0.0127695428030023	4.16295449932747e-05	0.00561033509063349	0.00223013144953318
0.000261095065296468	0.00588775491538973	0.00329802531959494	0.946052322473989	0.0166532179626561	0.0125297982013816	0.00160622447894008	0.0131990937556401	0.000512467827112371
5.76151221181147e-05	0.00460772611978491	0.0136710857060967	0.938987136458794	0.018095342376868	0.00851118528157923	0.00214793261509203	0.0138772028789838	4.47734406828835e-05
3.04355115642501e-05	0.000302847477966104	0.00286745385663314	0.951451787307894	0.0159936162906379	0.020917527318888	0.000644055112988525	0.00776002898690572	3.22481365228768e-05
7.94677828746063e-05	0.0425093685329561	0.00134437023311238	0.929884749956969	0.0129719321137602	0.0043285364998612	0.0020183669619909	0.00649859310144479	0.000364614817030689
3.20044349500727e-05	0.0044936407143963	0.00471681580807072	0.963039163361855	0.016500923446161	0.0032632872136108	0.000349987542181497	0.00757599915674023	2.81783220338615e-05
0.000441908770571352	0.00253786097565702	0.00270658931795808	0.96183792549881	0.00945402595679217	0.0187006954093592	0.000637290880280186	0.00279580922715855	0.000887893963413025
0.000136496899093126	0.0119974684525881	0.0024747446760422	0.946666240337527	0.030048891658639	0.00282142177256726	3.00711269335907e-05	0.00577725195592838	4.74131206810395e-05
0.00118307086356518	0.021173777573238	0.0014620309443184	0.953588656814011	0.0144697328283912	0.0055524758303386	0.00111459873387493	0.00125822675774189	0.000197429654521298
0.000421390469361633	0.00177843453827088	0.00214239748386411	0.951625073086505	0.0158972826954477	0.0125490186104199	0.000530078438618962	0.00968455464220278	0.0053717700353089
0.00138749247912687	0.000641729076400597	0.000582250011518315	0.952342669041434	0.0218299265588235	0.0150570331439595	0.000238099732035532	0.00763159717740662	0.000289202779294619
0.00228747493924037	0.00100826557835219	0.000471199177175052	0.94867204672806	0.0171650007862616	0.0253128882569619	0.00177639643434788	0.00263675288967805	0.000669975209922654
0.00223229959639	0.00853994879322548	0.000963946908491633	0.949117547056983	0.0230353691416479	0.0149365459767948	0.000634394263833066	0.000184578346700103	0.000355369915934251
0.00913695792998831	0.00454813353977169	0.00196148532870231	0.936225580535614	0.0275640152880422	0.00567497724398796	3.50377467761345e-05	0.000194729136172754	0.0146590832509447
5.16687927284003e-05	0.00793855479843423	0.000352485779268786	0.945609048165166	0.0225549329965268	0.0165960201245318	0.000497182926429884	0.00302514777556868	0.00337495864134539
0.00340235127186384	0.000145187257975577	0.000134042942351055	0.946578485511147	0.0225094175229031	0.0232027201748221	9.434435554526e-05	0.00386052455569847	7.29264076935964e-05
5.12137738127448e-05	0.00046111640703052	0.00349848807555844	0.94963120320477	0.0135837200358618	0.019364756479528	0.00198646139803099	0.011345209580481	7.78310449263111e-05
4.45475058623213e-05	0.000168856203513699	0.000183050025461543	0.964325640892089	0.0168510826961776	0.0132700804413599	0.00020060114514814	0.000423911265445822	0.0045322298249417
0.00344211421842214	0.0158964426186493	0.000381686707491537	0.952765099224025	0.0142608314332488	0.0116117503079312	0.001250440986562	0.000309295741916671	8.23387617530345e-05
5.78376224463578e-05	0.00686639284230493	0.000111132123397311	0.948589499953154	0.0250284506090509	0.00164623241782335	0.000963149510291205	0.00932761326885824	0.00740969165267385
0.0011176059523154	0.00079915815817309	0.00037864049378822	0.944437845080131	0.0226016698549503	0.0135884541737467	0.000406720210920282	0.016604441335552	6.54647404231147e-05
1.21979039068876e-05	0.00157456585357943	0.00188929406018634	0.956750186693389	0.0201241854973521	0.00912737722024721	0.000674941478719088	0.00981254362590029	3.47076667195477e-05
0.000664404623751284	0.0105462729520943	0.000726485132519523	0.937571456110059	0.0354010411907137	0.0108149464697944	0.000514689411882101	0.000731315826824181	0.00302938828236118
0.00436941011500488	0.00257664866550749	0.0138719832442833	0.915549093406411	0.0145864338416204	0.000495469244457255	0.00740686664438803	0.0410840341846522	6.0060653675782e-05
0.000520500792301091	0.000108432285404747	0.00242498109738674	0.959729610712378	0.0136059698360837	0.0208807958510697	0.00131959320451291	0.00130136381965061	0.000108752401212264
0.0012226353025161	0.0109038515438075	0.000268536707241317	0.955505041908097	0.0127311137767179	0.00704631097523417	0.000684314409114848	0.00150135167358693	0.0101368437036845
0.000148735835081257	0.00253173990687117	0.000501955850233613	0.950415085741878	0.0262807410433962	0.01402569882209	0.000301769598995228	0.000178797881507411	0.00561547531994762
0.000544886423531473	0.000145874192889722	0.00118372604056861	0.950389297237783	0.0231308531602859	0.0193644238904665	0.000303835932190873	0.00255325437084192	0.00238384875144219
0.000172797729497735	0.0389318760358602	0.000749916441063393	0.933656800853583	0.0163004129007457	0.000311839708348781	0.00332746163196032	0.00643104024574562	0.000117854453195533
0.000423635736025352	0.00296165329927325	0.000181387804417899	0.952301748799624	0.0199842968253477	0.018892799833881	0.000250224432589311	0.00076479711162507	0.00423945615721617
0.000443123112713962	0.00776945799221974	0.000975734658316688	0.948980422562628	0.0181075171293568	0.0114555790422964	0.00103983257516831	0.00338399200117732	0.00784434092612246
2.03023687373017e-05	0.000492246777224414	0.00162281539776794	0.958310468060767	0.0128827734385082	0.00036549019370181	0.00060803323942177	0.0227878888542011	0.00290998166967058
0.00449659731096004	0.000342289250408229	0.00420510878123895	0.951209516535731	0.0217235099855321	0.0154996194407403	6.03152828130512e-05	0.00242972073793215	3.33226746438265e-05
0.0031150536207581	0.000269297394059912	0.000559579145273404	0.945320026661116	0.0318403765118317	0.0140342801819077	0.0012597516009367	0.00334749877528111	0.00025413610883561
0.000717930117456034	0.0146872144704941	0.00192773575216011	0.952183768586642	0.0182415929111181	0.0102094962026198	0.00110373866651222	0.000757647716831544	0.000170875576165892
0.00383396718948037	0.0190076688522153	0.00150766228499185	0.941044392591897	0.0209764078019722	0.00664079373832454	0.000946629908939771	0.000640507587859714	0.00540197004431902
0.00013551681541527	0.000264989296692391	6.16377444371031e-05	0.95262014380327	0.0195272356189019	0.0234816687563706	0.00204093529907503	0.00142423518206923	0.000443637483768124
5.56908671425171e-05	0.0228303001187545	0.00145126816866389	0.948387608015379	0.00845724740515036	0.0165728960169393	0.00142423478845927	0.000288990176626745	0.000531764442884635
0.0013918209953609	0.0229764825234983	0.00056798415191335	0.957807999661739	0.0111461341449817	0.00197449972148878	0.00142829377469051	0.00165143765127578	0.00105534737505195
0.00145129637313716	0.00030589183033498	0.000337918344822267	0.963748358081447	0.0133547957172786	0.0120221424251661	0.000134011145924323	0.0025756287338551	0.00606995734803397
0.000488622875216393	0.00174645115813097	0.00123728874055057	0.955338529231588	0.0206148771324926	0.0161637827769497	0.00039631024023067	0.00254917548106135	0.00146496236377936
0.000406019641626992	0.0243480421807285	0.00176441477759615	0.944869920648208	0.015653407005987	0.0104669424069778	0.000138354860144226	0.000629254031864512	0.00172364444686671
0.00123836116290153	0.000528877333391003	0.000627504684920908	0.957501279464043	0.0132995804140644	0.0241014866287334	5.61889783083054e-05	0.00198407729794989	0.000662644035687706
0.000154458294456962	0.0223289142373346	0.000909607957849178	0.935008740467291	0.0304542342135281	0.00235970842002078	0.000486502324059543	0.00814396730365651	0.000153866781803166
0.00131975177571805	0.0115427522936414	0.000827980382709726	0.947306687447379	0.0215268433978022	0.0122509581899507	0.000721931855568873	0.00434384249138889	0.000159252165840837
3.14766262039688e-05	0.00604280043956809	0.00324333491033016	0.961284665032141	0.0109921516222881	0.00484118476028536	0.000154955808102565	0.0123142590211146	0.00109517177996621
0.0017842466492358	0.00255037426328022	0.0251301181548069	0.90456253581924	0.0235695025911577	0.000184276031651364	0.00887438814444693	0.0329521299952655	0.00039242835091524
0.00350566639555302	0.000374708608285052	0.000631049206081028	0.961585654578198	0.014752765728137	0.0171260710022614	0.000430176836782678	0.000106119916576759	0.00148778772812516
0.00145659829252212	0.0123389725172927	9.9679028426062e-05	0.94191605092257	0.020564744183114	0.0225751398727522	0.000101371732598124	0.000173381171247893	0.000774062279476937
0.00038107807600774	0.00245623139728456	0.0018150521153392	0.953630846846207	0.0246538044981353	0.0162221367504581	0.000362785467484756	0.000287250101985402	0.000190814747097422
0.000646585393484265	0.00550735269069457	0.00102793472110566	0.956342547394527	0.0153684457095121	0.0186412870888778	4.85810375791105e-05	0.000314912776771471	0.00210235318744795
3.74633145609406e-05	0.000302063495390295	0.000430281938137697	0.965533928241548	0.0180457784561598	0.0140252774714036	0.00141289173085889	0.000188002298755664	2.43130531852525e-05
0.0009466010073189	0.00832011929844557	0.00074714392021459	0.949134726921252	0.0230477158120757	0.0113636528721931	0.00130910484512237	0.0033124830539462	0.00181845226943125
2.50766191173156e-05	0.000251226804332373	0.000699905296385025	0.958585755426253	0.0127750853278712	0.014943513616612	7.27040847684435e-06	0.00884641253299982	0.0038657539679529
0.0077237892285129	0.0218938291201285	0.000572207959314342	0.936444015273256	0.0238973768895367	0.00462553156337556	0.00285832584154795	0.000378836996303364	0.00160608712802499
0.0020341024068719	0.00140572077306275	0.000253663916499179	0.955452203489964	0.0128291517730312	0.0200323473192132	0.000506128972010537	0.00731350110212279	0.000173180247224223
0.00143750458284975	0.000903974584898591	0.00380476229334884	0.956793476786633	0.0128104475003107	0.00345072470883086	0.000843269237428385	0.0198669038257673	8.89364799326033e-05
8.45257461006344e-05	0.000790649263475146	0.000705295186039296	0.952219989835524	0.00983374377418921	0.0139717022454074	0.000120057625700077	0.00601212203179203	0.0162619142917717
0.00559294920682833	0.00038813328073452	0.0025800513508719	0.959371488082235	0.0103897771739051	0.021158582684893	0.000290293919137413	0.000145969087020061	8.27552143749242e-05
3.04759058381579e-05	0.011872978332665	7.5881286976772e-05	0.945810251967059	0.0186877972998081	0.0051827309703192	0.00208038573459295	0.00337711551434916	0.0128823829883921
0.00651296198808469	0.0259331582893889	0.000418581905312011	0.935546909260563	0.0200772484030435	0.0100210729437681	0.000922302647216413	0.000362813408670812	0.000204951153952494
0.000916126419681613	0.000168262805132017	0.00210714556482983	0.953019032316544	0.0262816889881155	0.00562577194609657	3.69602115113202e-05	0.0117903740549697	5.46376931199565e-05
0.000666850373818568	0.00651879043197401	0.000822264156594149	0.961095509851559	0.0205798859051769	0.00521057762593394	0.000243268140422397	0.00477553996450439	8.73135500166234e-05
0.000137288447357143	0.0227405899261218	7.62387302554958e-05	0.959111813449758	0.0137357518031759	0.00164702865748146	7.00240983247803e-05	0.00125774473199875	0.00122352015552636
0.0210849533421966	0.00343347721847164	0.0391036210887659	0.880867342055361	0.0212654572944854	0.000169357480666542	0.00323481472235891	0.0302927798840921	0.000548196913602298
0.000840723354760708	0.0115197776311078	0.00134305991021895	0.937025779125182	0.022556515084555	0.00913983026868766	0.000379706077786612	0.000236148974303705	0.0169584595733977
0.000130516822696453	0.032586315523694	0.000225999233528022	0.932881017734858	0.0272792787745861	0.00028551219240359	0.0032997922910756	0.00308032817316912	0.000231239253988593
0.00498615329218672	0.0103473644343407	0.0030186037460066	0.952039653050274	0.0159846585504775	0.0033735776344273	0.00106551644429174	0.00669503106891318	0.00248944177908202
7.32975162950354e-05	0.00039629085057657	0.000359005317369624	0.953061896760331	0.0232682461183457	0.0189527413336797	2.99111840357754e-06	0.00275455271890232	0.00113097826609604
0.000258057394093819	0.000244944950931761	0.00640817889056087	0.942218900428993	0.018653707303193	0.00652048116393444	0.000903869660203814	0.0242739409568503	0.000517919251238882
0.0011504245901676	0.000797987991435991	0.00185142479379441	0.960892253495493	0.0153059626436072	0.0143691188118159	0.000565055206820127	0.00498683329214351	8.09391747221724e-05
0.000103201104559142	0.000655477708594614	0.00260389931815813	0.936731105644432	0.0226476791697392	0.0295099655145598	0.000618101966990151	0.00626965321785092	0.000860916355116371
0.000107127753172738	0.000179786256052506	0.00113474468216233	0.958610979932254	0.0190798597261637	0.0180819678911254	0.00060203572845031	0.00196368055678129	0.000239817473838102
9.73022066237775e-06	0.000215459921083565	0.00307030376231244	0.936058223356367	0.0396863372087518	0.00741047887469255	0.000883175931430634	0.0126026440382285	6.36466864713892e-05
0.00272654470257833	0.000722574648412119	0.000874167354785757	0.961136791560358	0.0185844445341728	0.0135554749787312	0.000259888458751781	0.00201363763117628	0.000126476131033506
4.25286197703501e-05	0.00992788311046976	0.00201141385790572	0.952923427001912	0.0147385757598414	0.0152435056317967	0.00120461800769302	0.00326928986825453	0.000638758142356444
0.000161777599965997	0.000469413416702305	0.000314896303389216	0.940009486413235	0.0245411157136152	0.00712340400423942	0.000597684394404546	0.011924296642839	0.0148579255116095
1.96900841441032e-05	0.000361049276411079	0.00115752545996804	0.961833352380795	0.0104611638032313	0.0201868511877166	0.000453710507499249	0.00550503071032125	2.16265899133035e-05
0.000463353640476732	0.00747060405053598	0.000368343860528119	0.943084381340046	0.0141983159545585	0.0266241429006364	0.000459190394764031	0.00358204888374502	0.00374961897470896
0.00198014496876589	0.00190478760852506	0.000468980737681967	0.949780565517503	0.0287285535279404	0.0130569639128504	0.000253733543498107	0.00258107459132456	0.0012451955919103
2.90042763605824e-05	0.00156192264019865	0.0012049374455098	0.94740052030567	0.0260275144165953	0.0223773356493818	4.46697980446602e-05	0.00117800193198224	0.000176093536257054
0.000149433733015435	0.000677347947777312	0.00127959248307642	0.954844775066594	0.0253062189422816	0.0165991521645503	0.0008163689655866	0.000234521411578228	9.25892855400551e-05
8.37563973030434e-05	0.00229215596741973	0.00042324842360199	0.93513633894049	0.0382641170836406	0.0180276470884143	8.60453415111781e-05	0.000191085326297328	0.00549560543132152
0.000730981062699652	0.00138780751287528	0.0038368259904629	0.954992698286341	0.0145886793987213	0.0240106247624927	8.23765390308934e-06	0.000277214699890059	0.000166930632614059
0.0017982909553084	0.00144190935225157	0.000406973718815096	0.960969245542526	0.0190980937198937	0.00801383642701061	0.00110260509603961	0.0059079005152837	0.00126114467287078
4.27477213811699e-05	0.00440129994977932	0.00491394712993631	0.951222568270094	0.0174105090284118	0.0108120347892517	0.000902919555959545	0.00372729521636395	0.0065666783388223
1.09520561789911e-05	0.00799727312448753	0.000480360258378059	0.963347345618582	0.0123753087950485	0.00119743240307052	0.000942362959947964	0.00813794114517887	0.00551102363912731
7.86774046531918e-05	0.000303648004081422	0.00164994454110455	0.950819085532986	0.0225582707685379	0.0173551561134991	7.85518414563891e-05	0.0071127231000575	4.39426936241952e-05
0.0082651878138107	0.011597457264176	0.000327049342255603	0.949757358481724	0.0143142720068958	0.0135550851942532	0.0003242152758975	0.000879422538944466	0.000979952082042829
0.00123610560766295	0.000210104750769889	0.00161383090267625	0.951408912260143	0.0227282696451288	0.00790451257634363	0.000295333403507365	0.00951032208908851	0.00509260876467964
0.000147769030297167	0.00881603770312962	0.000818429500433267	0.953846379703892	0.0127926484701121	0.0206236588717457	0.0010942575995831	0.000591921220210692	0.00126889790059652
0.000407451195238997	0.00325719807291855	0.000588810048646587	0.947190185138079	0.0287796143882951	0.0194214243182991	7.21242412636651e-05	0.000233438622359126	4.9753974899431e-05
0.000649538581303328	0.00423470823651007	0.000749701705952833	0.956796334391508	0.0180710987858025	0.0110183116419309	1.68883869617658e-05	0.00206388645195553	0.00639953181807458
0.000423529363339466	0.00261115481495194	0.00144884212210414	0.958005742680773	0.0172515830943268	0.00350821343748085	0.000716971818021376	0.0160141567708298	1.98058981724444e-05
2.44190172676561e-05	0.00606832683170193	0.00283873753386602	0.956005215087499	0.0172420514293147	0.002920212615132	0.000835206673536878	0.0136784980995474	0.000387332712134899
1.52447570734203e-05	0.000430802382689945	0.000327923570896072	0.947130285836677	0.0251917013640884	0.023828398579442	0.000546471338541848	0.000196361115771524	0.0023328110548203
0.000108070916849171	0.0076318919579518	0.00102638574850981	0.962841087196968	0.0160867004232397	0.00936571643125065	0.000598037655743872	0.000862062885117	0.00148004678436977
0.000149193451722631	0.00534113014196088	0.00102429976175973	0.948988736798885	0.0183522295228936	0.0105519859986454	0.0010275740051211	0.0142764813861444	0.000288368932867332
0.00875408851111732	0.00325221711566931	0.000871254013031703	0.959163897774154	0.00858969651544376	0.0166745642786812	8.16122007383496e-05	0.000396648568175735	0.00221602102298872
0.00243045113799996	0.00150979030807654	0.00120910649585592	0.950341611524339	0.0190062099372932	0.0230664811788007	0.000173842869925664	0.000898687680088611	0.00136381886762049
6.23191148315232e-05	0.00117694948450857	0.000680030426248122	0.949967641355884	0.0227916977914007	0.0180632120809614	4.7834549565505e-05	0.0069670893906905	0.000243225805910256
0.00171811114139743	0.00977341111917027	0.000611337631181701	0.946357676427616	0.0162737539789725	0.0096661964839576	0.00123792896216288	0.00570742465007466	0.00865415960546735
0.000110051001838554	0.00788669760184537	0.0020111519435971	0.955693385979478	0.0150761622177936	0.0116975692628242	0.000889170242004407	0.00121375071630774	0.00542206103431085
6.35976292710262e-05	0.0270335089376774	0.00110234290872612	0.951188377385498	0.0113703730255371	0.00720530484219147	0.000191774471713381	0.000248295386090496	0.00159642541329553
0.000174786157360158	0.00538086666374504	0.00305692277426374	0.951579765426206	0.0134106215293655	0.0154854514323195	0.00103072252643293	0.00983422796538185	4.66355249255377e-05
4.3974792601283e-05	0.0247747503628222	4.10285986477584e-05	0.940590965230227	0.0190266485187685	0.00935164956006331	0.0023055960888156	0.000268293092644016	0.00359709375540989
0.00040507050008683	0.0119458676506195	0.0010415011577048	0.962357019905304	0.0119503598985627	0.00132449574707401	4.35902529284239e-05	0.0107994417895216	0.000132653098198114
0.00801224060548031	0.000658378988738346	0.00793422523052264	0.931506515060497	0.0226034182882177	0.000603365566843868	0.00141006513641077	0.0268047681757957	0.000467022947493383
3.34572996242905e-05	0.00591629068736203	0.000170223354416265	0.958124131347348	0.0149316143114205	0.0135030803341781	1.90968500603018e-05	0.00469299257127906	0.0026091132443118
4.10658093734879e-05	0.00151297866459866	0.0027926463434693	0.954223927455789	0.0313319787299486	0.00132572100925081	7.77846008651613e-05	0.00863730940746323	5.6587979241867e-05
0.000370022147212019	0.00222453050271888	0.00138712004549483	0.957176647899171	0.0234388361117711	0.0103442321047184	0.00101433890866434	0.00100161305284399	0.00304265922740513
3.99356587502898e-05	0.0042681756158165	0.00369748634457896	0.957698749792575	0.0200690689821053	0.0113150161292534	0.00134382158053702	0.000988391774591902	0.000579354121791438
0.00468197438725265	0.00033530386833151	0.00092826372470504	0.94256743119452	0.0229437146065169	0.0192212570759147	0.000229634654166714	0.00555030124973931	0.0035421192388529
3.14300230227081e-05	0.00538797158553585	0.000311889803339462	0.951735355422235	0.0143377613105222	0.0249244674112219	0.000407138373993645	0.000329318932285981	0.00253466713784355
0.00270444318370798	0.00188196968525646	0.000240427549554822	0.956662912567165	0.0241061573537333	0.0068291671038187	0.000169748719801024	0.00458701898663574	0.00281815485032734
0.00624303732710217	0.00629925399342976	0.00278456780535991	0.951164253688307	0.00986749932080363	0.00915032898230312	0.000548756032022455	0.0126630771183836	0.00127922573228842
4.12233058355703e-05	0.000219003509326018	0.00133989610655315	0.942221256027661	0.0274078688996414	0.0283528081419725	0.000251081079304794	9.97967540638945e-05	6.70661756421157e-05
0.00365889468431722	0.00423973856469771	0.00104862833430071	0.945382738604008	0.0263326032426604	0.0118694213624354	0.000813821979445693	0.00659228290292436	6.18703252104675e-05
0.00058519188722178	0.000365527944413189	0.0020865292869335	0.957140571069217	0.0192836883577019	0.0146970668224927	6.2145228994096e-05	0.00518239121378514	0.000596888189240774
7.54541844957754e-05	0.00372614503304056	0.000407341611565544	0.945872058187306	0.0302193392457128	0.0141878942868281	0.00128492953101601	0.00390221171963387	0.000324626200401697
0.00482749662189545	0.00517427737919124	0.0127170901318071	0.939775061811714	0.0140438105144201	0.00157155483117888	0.0029553560085199	0.0178039535787657	0.00113139912250797
0.00817099111551984	0.0113541178828296	0.000639201750989601	0.956428015039389	0.0149725906205333	0.00459062147404926	0.000328056628719632	0.000234104442282883	0.00328230104568725
8.3190479707403e-05	0.0109047004297277	0.00386077450394546	0.951881700656443	0.0246799501133548	0.00611415732602158	0.00121566946937717	0.000407087536833351	0.000852769484589416
3.04158404217132e-05	0.00014196422916027	0.00171814977465879	0.946942118732543	0.0322138664368227	0.0134624333533229	0.000158463841265396	0.00525332744940772	7.92603423973199e-05
3.63773783509001e-05	0.000290751029984919	0.000285249664561379	0.935446152587663	0.0333783329493576	0.0235827616875657	5.8705346751145e-05	0.000220684729004065	0.00670098462676191
0.00011546440044399	0.00855458468307537	0.00030244900866893	0.95107482695749	0.0242620021738564	0.0115074359642378	0.000186267467909316	0.00102100434670161	0.0029759649976163
1.99085877860778e-05	0.0235258705930781	0.000867124845412966	0.945840974792441	0.0203043551716712	0.00776003413163724	2.17974442519071e-05	0.0011760929448397	0.000483841488881966
5.02441114711295e-05	0.00833399004787316	0.00137630917241777	0.928354375647762	0.0311689031975638	0.0217619167691382	0.000352045179562898	0.00173994971679968	0.00686226615741077
0.00962122129884895	0.0015915037905614	0.00261945821590523	0.938049938150545	0.0226729135503897	0.0226675323514117	0.000839404031199437	0.00186428387475355	7.37447363854597e-05
0.000171445845870352	0.00048758078353213	0.000267712146520487	0.954186185131967	0.0202322037492282	0.0211032570306568	5.41184507567472e-05	0.00334949436862838	0.000148002492840107
3.58723959795388e-05	0.00172860285987348	0.000542825810661736	0.957627389668291	0.0135627494269996	0.0260903479781572	7.22425946146998e-05	0.000109921326474716	0.000230047938948248
0.00864559985787012	0.0136283288224085	0.00086018652376657	0.943746996650574	0.0185330823882732	0.00519094706034598	0.000860422780368101	0.00205040196210606	0.00648403395428722
0.000487952498584122	0.000883591329825495	0.00188936473707155	0.94009492064988	0.0300052936061306	0.0207755340856604	0.0010097996679857	0.00477557130932873	7.79721155337517e-05
3.35453255407537e-05	0.00019121796717392	0.00836866581239242	0.925147565462101	0.0293997341485579	0.000128772128165305	0.0117187957678076	0.0238651934686563	0.00114650991960472
0.00109471768493989	0.00421287505754255	0.00161050610457456	0.942731084427545	0.0238404654017122	0.0195078230970462	0.00093611369146983	0.00473358674244861	0.0013328277927206
9.2327219475032e-05	0.00337783550548467	0.000583543541006191	0.939601387463944	0.0365144723722011	0.00594301356261661	0.000608093611646136	0.012399240663254	0.000880086060371922
0.00347957861837901	0.0168995519068808	0.000906970285843413	0.944574423512472	0.026094355391707	0.00757183783626678	9.1550146924714e-05	0.00017088315473553	0.000210849146791405
0.000170196487285998	0.00442941336990946	0.00287281794653226	0.954094487732492	0.00981168217262052	0.00109544746414044	0.00196186944903045	0.0251468347831617	0.000417250594827657
0.00024680174111406	0.00993422105399446	0.00110176475032242	0.941281297108149	0.0175606575725693	0.0163536412293409	0.00149497893965808	0.00140550119150824	0.0106211364133433
0.00214053462287588	0.0211617791012047	0.00050823841279053	0.951158787865152	0.0198332258111076	0.00202325953788844	0.00108049018979762	0.00203818148108273	5.55029781006728e-05
0.000764426098802403	0.00337884796335055	0.00117155498159731	0.931625014545737	0.0407735212611023	0.00667643025789586	0.000512521969646173	0.00773918758113697	0.00735849534073122
0.00239384460856629	0.000227483807026569	0.000949892798360548	0.951062721418348	0.0210987990713913	0.0122698300392647	8.99780251658475e-05	0.00619448833387241	0.00571296189800443
0.000367326507700749	0.0198370324961942	0.00126558208105933	0.964061780480567	0.0120730777407561	0.00176028148425084	0.000254082988583804	0.000262107733775242	0.000118728487113282
0.00726840918773908	0.000436154359797018	0.00134505737167746	0.950540514255093	0.0227986195920692	0.0127539309819953	0.000460074267024964	0.00423804518874384	0.000159194795859972
0.00022505568809693	0.000246707068489339	0.00272688783009936	0.956139661038947	0.0134724689330814	0.0253361007998476	0.000172866827315339	0.00134814880703835	0.000332103007085027
9.92782939577637e-06	0.00013660166283153	0.00271166895846282	0.956307594663264	0.0245514104358389	0.00763345314714953	7.50757991243646e-05	0.00856454461589515	9.72288803784647e-06
0.00733656064011863	0.0137701999499802	0.000542096322012692	0.948121677618537	0.0129987088434105	0.000263221657607008	0.00128323319542572	0.0155241587387843	0.000160143034123704
0.00018832813467031	0.00192638274415562	0.0026191401388321	0.946511686557338	0.0266213681221712	0.0215190355550575	0.000127523745485423	0.00039353727935956	9.29977229308119e-05
0.00222999717382592	0.00499752203416512	0.00189357647662076	0.945240457599429	0.0209609841378059	0.00952172608162976	3.4167546322038e-05	0.00470356036658385	0.0104180085836176
0.00016125122010944	0.00385882673444212	4.82647033211507e-05	0.945630608677619	0.018316175702941	0.0287682490190612	0.000259141344124713	0.000134322683934545	0.00282315991444725
7.78479682225828e-05	0.000140604915620356	0.00117448841297846	0.950575064112482	0.0292628665888726	0.000289221910415356	1.49161567406273e-05	0.00976586335716493	0.00869912657750334
0.00477090469304474	0.000186370002225243	0.00103306582268877	0.962923082711352	0.0118810865423735	0.01053713435829	6.53817867885986e-05	0.00837681523040077	0.000226158852836719
0.000114543520212664	0.00195187385522131	0.000534791082053805	0.947868557356633	0.021559276461056	0.0151576428356793	0.000381236421252837	0.00621309579751357	0.00621898267037764
0.00505463279203957	0.000215011766206637	0.00479019414064554	0.953312322313527	0.0127966395692739	0.0163324845490054	0.00100889294609847	0.00641836435177671	7.14575714264762e-05
3.41775689588998e-05	0.00415177198162365	0.00100936838444615	0.952769440641732	0.012313518181001	0.0200480235479197	0.000628186242113236	0.000485814240971358	0.00855969921123432
0.00999938414698713	0.0262052215889965	0.000354183478897528	0.941660794111393	0.0140948005222394	0.0059694747306092	3.60230241137874e-05	0.00037046864677541	0.00130964974998776
0.00187467730110994	0.00205082630021719	0.000756561389538609	0.939187441947181	0.0285970868468558	0.0110987093877813	0.000711313740993329	0.0088521857173883	0.00687119736893507
2.86244890233773e-05	0.00292947530854145	0.00163242690523649	0.96811127172359	0.0146516568482917	0.00477665328404681	0.00024937946474523	0.00759982911529508	2.06828612297975e-05
0.000581697066115812	0.00906550136570024	0.000255100802132369	0.960725680646332	0.0160008014592475	0.00125004832792052	0.00028821731920937	0.0116213856487957	0.000211567364546745
0.0070947612137539	0.0120495265454858	0.000582911860607264	0.950432877294668	0.0155656470553203	0.0109347687150167	0.00102409661667178	0.0011169069992698	0.00119850369920604
3.27578834577516e-05	0.00154266080576004	0.000524730030319637	0.964466240420831	0.0118545912935452	0.0203896879506134	0.00071401658464026	0.000110395561668952	0.00036491946916407
3.78128249862426e-05	0.000121247259595825	0.00190105232188811	0.957612205323207	0.0168201410705274	0.020674348228114	6.22500560744186e-05	0.00259324665548478	0.000177696260121809
3.8495884446323e-05	0.000419626799714441	0.00115341112740466	0.947940018589748	0.0234035208576607	0.0148179325359947	0.00102319584710342	0.0101836269812335	0.00102017137669407
0.000141801357319972	0.00690382444765567	0.000157655030078321	0.958314854888958	0.0149702429960976	0.0173267707541233	0.00142688740795911	6.75223304990772e-05	0.000690440787308574
0.000217417720695285	0.000661356351681571	0.00214267332917824	0.954298623777908	0.0180129231045546	0.0204135581100391	0.0011441090281305	0.00114717125483101	0.00196216732298149
9.04419355358776e-05	0.000691603418688073	0.00520464629200279	0.964753993330307	0.0132395205586641	0.000240935391504128	0.000196217526486974	0.0155298404309611	5.28011158501546e-05
0.00039036443275174	0.00466937576627356	0.00146103443071149	0.950842022407503	0.0195584003006626	0.0170566538448734	0.000667587538099764	0.00516961194209442	0.000184949337029584
6.01719171007702e-05	0.004690108714803	5.36670066775659e-05	0.955508921974177	0.0191359605855659	0.0134199529805781	2.89645897199302e-05	0.00445903334221298	0.0026432188891646
0.00112017784617755	0.0129359437629474	0.000515141741770502	0.954227998539214	0.0210296493225156	0.00869441523746548	0.000564150187786745	0.000842184357715704	7.03390044070298e-05
0.00364548799483909	0.00291380245212161	0.0011979298045211	0.939005250795877	0.0351988427149508	0.00774966289681565	0.00140966640196392	0.00849900515683634	0.000380351782075035
0.00104270450955197	0.0177285671697036	0.000449449540260419	0.957865837401691	0.0119916600920844	0.00491960281170901	0.000510849927952287	0.00514247176446368	0.000348856782583994
0.000134805392782639	0.00417240096572293	0.000953081903041432	0.969510354493747	0.0140371153816118	0.00434356217550406	0.000379778448992945	0.00539089806824786	0.00107800317034961
0.000134287909278793	0.0161643537372925	0.00189744856254626	0.951395077638437	0.0171866059962936	0.00953679630117852	0.000999443283981185	0.00141043360723717	0.00127555296375482
0.00130726229235469	0.0238079858292694	0.000499229862712196	0.955374135164932	0.0134109485126709	0.0042183792063124	0.000529113891058194	0.000336379784706185	0.00051656545598344
0.000618139432003815	0.0198931944154249	0.000488384968185561	0.949460693271844	0.0183241648765284	0.00312160653347456	0.000383250367127949	0.0052258344717355	0.00248473166367533
5.05331907410016e-05	0.0112884980016694	0.00160274403475847	0.954496742739327	0.0249388341979109	0.00601443480077735	0.000922694314499754	0.000544533547614978	0.000140985172701303
0.00441872650479298	0.01948449175391	0.00159620954571138	0.93779542276135	0.018381466125734	0.0121888930062642	0.000449945456109722	0.00511900461033503	0.0005658402357929
0.000174516889606805	0.00464214977780595	0.00120490097858492	0.961652657328294	0.0157930281638435	0.0095158427559183	0.000627886153810881	0.00522852184177944	0.00116049611035643
0.00143664565397642	0.00643840410376943	0.000318781384520894	0.957605914659731	0.0163343219682175	0.00655208018187956	1.50266597061735e-05	0.0112070136757363	9.18117124623137e-05
0.000417098252207203	0.00823388805615068	0.00177670153888338	0.948093727129677	0.0225010898689866	0.0109432401029893	0.000503685344083612	0.00519242258903989	0.00233814711798257
0.000534298474303333	0.00760886701699053	0.00012120203251247	0.962343146042328	0.017623865334604	0.00870202868525253	0.000141493088271077	0.00139376229084395	0.00153133703489373
3.23590806024488e-05	0.00359801053904955	0.00115786156738028	0.954444476120118	0.0262363735739838	0.0103703026443009	0.000598513616708436	0.00348584457357325	7.62582842828724e-05
0.00159888165622453	0.000750961227205777	0.000124431142535064	0.941793970395363	0.0275772395814088	0.0225571359984102	0.000934830361087	0.00210541023976912	0.00255713939799639
0.00528110170975631	0.00283805120400505	0.000688655374764608	0.946332531252821	0.0262226066477123	0.0100972224144386	0.000358142560672611	0.00719527424841229	0.00098641458741768
0.000133587265365522	0.022636595352503	0.00141331134930952	0.937396152984279	0.0324040273660802	0.00387001558794074	0.000158564452020772	0.000439537988861483	0.00154820765363947
0.00790790660823072	0.000168803711997636	0.000294593293522041	0.947702643809565	0.0235109582669701	0.0112817321071496	0.00100240965855233	0.0079847762991102	0.000146176244902857
0.0186555486641566	0.0222902756485443	0.000294515397384514	0.93196415855076	0.00972987290669494	0.0112059608238307	0.000453495095463502	0.00528553564709791	0.000120637266067673
5.63581152894921e-05	0.00174267305198465	0.00213965819092292	0.95647925376788	0.012851097562116	0.0233196677389896	0.00038335019059863	0.00294601006448479	8.19313177333088e-05
7.28949163595467e-05	0.011292488933581	0.000117215155512982	0.956201281515691	0.0150036628433887	0.0165163028297135	0.000124359923875387	0.000525910690203819	0.000145883191674236
0.00110614347385416	0.000491756585504367	0.00193363929025042	0.944641664464253	0.02629167398717	0.0206644802487528	0.000192819449802125	0.0036512851283345	0.00102653737207879
2.98151463082747e-05	0.0032956141195416	0.000394832767404329	0.914659398813783	0.034246324815891	0.0237632639035341	0.000836928644643653	0.000646393321047363	0.0221274284678463
0.0153994700120992	0.0149952218608972	0.000400775631351026	0.936537030511288	0.0171907656196806	0.00824182954748273	0.000515272798063026	0.00318683465607863	0.00353279936305923
0.000387728867269582	0.00112254560667958	0.00143226992143125	0.958286177889036	0.0148567077286499	0.0152545876433712	0.000821804243872119	0.00733346907263114	0.00050470902705876
0.000640067784169521	0.000108968224994374	0.000846257616557043	0.953825501592494	0.0232990576431031	0.0207629245121574	0.000218792215428534	0.000230808229955185	6.76221811404903e-05
0.00174103968303912	0.00863448112276601	0.0201109532262318	0.92966328391241	0.0149426309476969	0.000565013171946229	0.000476170214327639	0.0237977229619759	6.87047596062341e-05
0.0010365051790271	0.0144860631908205	0.000628377480860997	0.951781378998994	0.0212389849069181	0.00291996517432053	0.0013857168713077	0.00611512385595781	0.000407884341793729
