Bcells	CentralVeinEndothelialcells	Cholangiocytes	Hepatocytes	Kupffercells	LSECs	Mesothelialcells	PortalVeinEndothelialcells	Tcells
0.208122164778153	0.00338840892404616	0.000606225242673433	0.295291491338644	0.0886625891116038	0.0169510046170369	0.000957638724824378	0.0077106772064241	0.378309800056594
0.245850606144686	0.0190081700435518	0.00109767333065348	0.285815628622019	0.06275622495549	0.0101078858909418	0.000836280076437395	0.00171797490342083	0.3728095560328
0.263779403817232	0.00323727683361675	0.00115094329528068	0.295806562279938	0.0384484485593964	0.00736952135675722	0.000700935724601376	0.00108453070287034	0.388422377430307
0.231144256176148	0.0081695817610522	0.000825671968781719	0.280562397668899	0.0803675431868654	0.00692648645080272	0.0045954545773768	0.00323943280610365	0.384169175403971
0.247298465482329	0.000650250733711877	0.00138017136734897	0.264325998645357	0.121770054226265	0.00584325036801045	0.00213030123552524	0.00108203666764859	0.355519471273804
0.263767519564756	0.00389417153332435	0.00252450391913413	0.269075895763372	0.0438669809039897	0.0201120718779437	0.0014246942764767	0.00201528921449075	0.393318872946512
0.258481659954735	0.0174719401623045	0.00388349712731432	0.291512924380216	0.055022465081834	0.0249684788002173	0.000824330601273428	0.000933155612248575	0.346901548279857
0.249049050387037	0.00574228388713887	0.00258677898919498	0.266193116642224	0.0890720400012944	0.0157790302150251	0.0006266291628266	0.00178545163355995	0.369165619081699
0.225084320210973	0.00373220944875683	0.000789053474717814	0.265826674146527	0.097699370976096	0.041867468228561	0.00961519245548506	0.00364510603545828	0.351740605023425
0.247761138102997	0.00987598856134696	0.000407896834726243	0.312701809725777	0.0724490339197785	0.000922669493377503	6.48897164005411e-05	0.000787658897078358	0.355028914748518
0.229351250523236	0.0101950095010782	0.00274290369189399	0.248800050531587	0.0856387354191451	0.00793085700955246	0.00690271772992099	0.00266914464426022	0.405769330949327
0.266647674236837	0.0237364842336895	0.00564258026460002	0.292008634858798	0.0353448196638289	0.0087709007051578	0.000879052877333241	0.00150286259680476	0.36546699056295
0.19804406966474	0.0290702222348369	0.00162397388253421	0.309117055388139	0.0645301654010897	0.0196596093047589	0.0181203451715444	0.0224375328030687	0.337397026149287
0.205926865290128	0.00152591812292395	0.000951209195412926	0.276560890868506	0.0978542214024295	0.00970822850712889	0.000249525720103879	0.00451221188144623	0.402710929011921
0.22508956793985	0.00101202684435608	0.0357548796649539	0.297461172771467	0.0301461273507121	0.00834586374781342	0.00276843800820299	0.0221228168211046	0.37729910685154
0.182272516001116	0.00385568483244154	0.00805237950251476	0.277577194583098	0.0650490351326432	0.00785698954662839	0.0113253423669644	0.000582248534915353	0.443428609499678
0.276022923272398	0.00439793187545853	0.00373660442553235	0.298024033960366	0.0438972551641079	0.00309322861836082	0.00141437882466938	0.000851433554306556	0.368562210304801
0.264178885428023	0.00155321614496528	0.0010582277471231	0.276316690593072	0.0937693515887507	0.00308098829658467	0.000703671747045747	0.00449002455098521	0.354848943903451
0.182253173938533	0.00294407119368179	0.0182929995772673	0.266632807829846	0.0807048824878892	0.0101657675010396	0.000535991109892461	0.0336283989190025	0.404841907442848
0.148247372197431	0.000462340914769594	0.0102001014511846	0.337768660051202	0.117271514966332	0.000482058403801033	0.00064967604751494	0.000209379180638777	0.384708896787127
0.182209302133483	0.0020015985485988	0.0460889333215209	0.259926112483618	0.0638170799990494	0.00122214764087523	0.0209299976825608	0.0651105261958185	0.358694301994475
0.22589152198317	0.00126130932808796	0.00167695654024447	0.279927929803731	0.112246437094774	0.0286869447754665	0.000171929659542767	0.00857145338795344	0.34156551742703
0.267774401723047	0.00128915247435357	0.000900967400881953	0.310584901172406	0.0462235986544275	0.00267309498346272	0.000153843509660739	0.000934226779165168	0.369465813302596
0.208154023970504	0.000704255606569833	0.000343265699581565	0.304597190571759	0.0680319595834039	0.00430339662310536	0.000993161757338562	0.00448926119551967	0.408383484992218
0.260140977130533	0.00955163027880152	0.000732348185469449	0.240627017726827	0.127584695036181	0.00829697964312588	0.00178197943808393	0.00686471173803467	0.344419660822944
0.27094016005402	0.016319634506148	0.00114410057398816	0.260442533713894	0.0863529191600805	0.0096731340670052	0.000754860960339707	0.00286992761373778	0.351502729350787
0.266082845540179	0.0160542856172678	0.000454338959339085	0.277469652685369	0.062572210032493	0.0173066904172759	0.00383909440983387	0.00478231071411516	0.351438571624127
0.213478609261168	0.003142139810396	0.000564899987382339	0.275909117533813	0.146485128438017	0.00381941079961658	0.000533683267245631	0.0116210333747204	0.344445977527642
0.250920382636071	0.00120371011233077	0.000887254235795397	0.325273927373661	0.0363818909557033	0.00468621565529051	0.000158619343265682	0.00172499780043015	0.378763001887452
0.267168388957436	0.0110618578937788	0.0201214587430073	0.276515808249184	0.0526344015466459	0.00549743923060348	0.0113902690219577	0.0174725397015527	0.338137836655834
0.173153659852304	0.00305257659206832	0.0975302499050327	0.280230611327518	0.0601602117719304	0.00833035572710982	0.0147822545768853	0.0274259509932215	0.33533412925393
0.193954873147963	0.00203010131456087	0.0182716400418052	0.289743412988491	0.0624990950753583	0.0166888968963073	0.000269871982350094	0.0151544117395577	0.401387696813606
0.224995234127819	0.0399245049041861	0.00273815977009424	0.270633993932221	0.050392686304768	0.0229346184756164	0.020354693325185	0.0313494067680498	0.336676702392061
0.142677325111487	0.00124210827194736	0.017509960946225	0.324965533846089	0.0869156514309796	0.00116517898841227	0.00234700454808226	0.00360274393519885	0.419574492921579
0.242947115338254	0.0129874537519052	0.00328643689125084	0.31530637983495	0.0277186495677788	0.00422641190199744	0.00361530689094906	0.0053814965303095	0.384530749292605
0.223097349592011	0.0149278281953834	0.0163185516425742	0.286691558531451	0.120277828571095	0.00310099684236722	0.000122838957328014	0.00355856211250428	0.331904485555286
0.215370821676494	0.0139807700732734	0.00202316291170663	0.29304709609073	0.0569436602092437	0.007071379728424	0.00350652087971787	0.00980867556430435	0.398247912866106
0.30765132364224	0.0016885450438121	0.00319208210036616	0.261718973533518	0.0593455174216999	0.013322684724686	0.000461922647007666	0.00168840082750346	0.350930550059166
0.203527466896518	0.00189036619723279	0.00289404806751216	0.308240969472465	0.0896406291005089	0.0173448998546279	0.000134360065847464	0.00593169874903386	0.370395561596254
0.246256007585194	0.00539816110867127	0.000527179990094598	0.31349189134504	0.059633973416901	0.0170182912834354	0.00453724836993203	0.00491963927506814	0.348217607625663
0.240680386769323	0.00624608190374576	0.000729724271153879	0.302995058301951	0.0846182777087446	0.0115217074591097	0.00432090243648895	0.00190881648705087	0.346979044662432
0.293553092631584	0.00202491480212671	0.00176600670149267	0.241770856793142	0.0904306809115019	0.00193730690087888	0.000126967645559344	0.000647420323303716	0.367742753290411
0.274151171743047	0.00334922637255815	0.000649721497859022	0.276352580446999	0.0792929431227819	0.0262296994128277	0.00306490972622042	0.0015062305413389	0.335403517136367
0.245774387875762	0.000739657382489361	0.000273243845066367	0.276248721518366	0.0694666268687814	0.0165788528693965	0.00011867577154367	0.00315886112719583	0.387640972741399
0.173440718253665	0.000679211175594985	0.00760564789678257	0.343257535444269	0.0395459706610864	0.0234519449656853	0.00844883605406791	0.0105792218325759	0.392990913716273
0.204060971861791	0.000826145845177841	0.00120468483876695	0.290455611564102	0.0717621341909557	0.00212289708889382	0.000279638705195532	0.00136810496406964	0.427919810941047
0.2942946429688	0.0135892302878991	0.000780989714131291	0.294167437569423	0.0304019813138469	0.013731293501713	0.00839112850225667	0.00118466157479952	0.343458634567131
0.267547611132413	0.00894964583048571	0.000482690239910735	0.284473132416522	0.0953278160911458	0.00172173808815155	0.00296381705203349	0.00832311708548265	0.330210432063855
0.256116259302451	0.0015295978948377	0.000829847542999513	0.275880203721561	0.114689211978455	0.0181172127180816	0.00171405629656281	0.0187150064085405	0.312408604136512
0.198177613283474	0.00352200209910162	0.0049268112066101	0.302588134455295	0.0961707339040151	0.00677508893409926	0.000763023768784899	0.0126509133349668	0.374425679013653
0.20219231316517	0.0198789566536773	0.000536348302462814	0.263486146810736	0.121896033938098	0.00268282029095007	0.00158659167119045	0.0014325681955759	0.38630822097214
0.275026549552312	0.00277578055241511	0.0820787800113535	0.227058037028845	0.0263795362221253	0.00166143483970111	0.0409873844987944	0.0641273799312313	0.279905117363222
0.206792957612231	0.000656577699244436	0.00597942225353352	0.316970682408594	0.0427825838201151	0.0153664022596423	0.00481134352200487	0.00333680251620208	0.403303227908432
0.297011987534555	0.00941067887428207	0.000570016823331453	0.246441418243157	0.0354445062729257	0.00395663989502468	0.00169646987243222	0.00106579136993216	0.404402491114359
0.222280366561808	0.0018496677632835	0.000386776206375265	0.264062773340303	0.118542597225828	0.0103065092230838	0.00095418915911154	0.000617676810330281	0.380999443709877
0.215055863686545	0.000446574798745416	0.00266181627171613	0.289362140454373	0.0905674963175464	0.00478188522746401	0.000251351609147531	0.000706819324016012	0.396166052310446
0.228603362610969	0.0748862671587342	0.000802279866436311	0.269327973228904	0.0499984186672714	0.00161816062841597	0.0245230728357022	0.00412352806206653	0.346116936941501
0.239827510646889	0.00355628587855418	0.000253438141266214	0.285074605265003	0.0771075276002132	0.00763564095934697	0.000720742689298641	0.00297982192331604	0.382844426896113
0.275600000227909	0.00713827266152226	0.00105818815536429	0.26201337388068	0.0614420280030443	0.0161963491838908	0.00363566678489715	0.00236662875428932	0.370549492348403
0.211958335294922	0.000420622670680145	0.0110024182575384	0.300646570036516	0.0519695377298583	0.000707114109238944	0.00431665593941467	0.019188812463831	0.399789933498001
0.270271747169883	0.00220812288317158	0.0128478088249551	0.307297721553727	0.0881819977450483	0.010685188762427	0.000151780479523787	0.00101478630025261	0.307340846281011
0.18438344611125	0.000562114115426445	0.000340762616642533	0.275792504612327	0.116620161437678	0.0102739957654126	0.00309709017145355	0.00145605989378134	0.407473865276029
0.257426072271588	0.0159463188642485	0.00185354095350006	0.294467831668177	0.0663905488283588	0.00221850120243049	0.00692841990176374	0.00107300890566803	0.353695757404266
0.25520630090522	0.0219976749853188	0.00135544696889302	0.260442948364716	0.0771159794962378	0.00799287371926597	0.00214688062863707	0.00192110108373622	0.371820793847975
0.217427882715924	0.00134912090625214	0.00054805903097664	0.279061846806541	0.0778332208063154	0.0134085969358046	0.00501378988414566	0.0117503883915174	0.393607094522524
0.230978691564034	0.0238094462552318	0.000539964523736091	0.298423185752778	0.0267875593668145	0.0228256583599372	0.021649476084096	0.00462255699779345	0.370363461095578
0.261587725154907	0.0247454346221341	0.000684646648341177	0.273734822295492	0.0315788855866093	0.00252415109761249	0.0127082867710986	0.00195376573813021	0.390482282085675
0.28612693979772	0.00108543480791867	0.000683586105445835	0.283792131263601	0.0433426106418659	0.0129981229999589	0.000283030954076372	0.000660231597095239	0.371027911832318
0.208665448313031	0.00120011780586586	0.00137678470855188	0.303745645255522	0.094025196631024	0.00986121505020655	0.00201642943323727	0.00782870395351287	0.371280458849048
0.187131969220171	0.0372238597732581	0.00912949024695218	0.29967659731405	0.0549380229689083	0.00567700409691314	0.000722195884549215	0.00301719126066389	0.402483669234534
0.240644910673203	0.00605334191445956	0.000744537741740902	0.284982632081169	0.0604218071216437	0.0242264480061125	0.000375066369645809	0.00161258825042067	0.380938667841604
0.257832871862833	0.0328199211391998	0.000828436297915824	0.262670617175725	0.114858816545138	0.00753954928696805	0.000776448303441084	0.002348831850596	0.320324507538183
0.260836923083892	0.0170799067439324	0.000810207953330972	0.274847425545201	0.0830708227495348	0.0081294524670497	0.00123819260608535	0.00412550121530897	0.349861567635665
0.182933242918168	0.0177724251407788	0.0208370013077367	0.337955540104517	0.0494437550159772	0.00202088244534562	0.00016702855225495	0.00433217203827735	0.384537952476944
0.242366600993207	0.00597730449854073	0.1085652455986	0.214298067619154	0.0367793315778195	0.00052352571794426	0.0462395349279018	0.069392416855428	0.275857972211404
0.289383380014185	0.00105921164279261	0.00161760988058383	0.26876651430967	0.0509072328964375	0.0116320090859913	0.000329221639948703	0.000619946982764789	0.375684873547627
0.252959766293415	0.0114536963686013	0.000455924106708214	0.272666041390638	0.076608387391737	0.0445278201804972	0.00031820303039605	0.00156955047052294	0.339440610767484
0.201194684866701	0.00675555714424218	0.00106921107166253	0.31386580621127	0.105044955930746	0.00790680180403598	0.00128818176576877	0.0015903693349637	0.361284431870609
0.229127552184562	0.00170106340483114	0.000459572153350158	0.296927526695332	0.0416194914201507	0.0165509035193088	9.23946259911349e-05	0.000714496339428542	0.412806999657045
0.22614777532703	0.00158301838146195	0.00049456229047728	0.335221314451613	0.0687278163362903	0.00297317416280523	0.00649621246270875	0.00058241841899092	0.357773708168622
0.272549699191704	0.00654311035005703	0.000976811789668958	0.26035544289103	0.106641315635326	0.0039477405791776	0.00766461526870782	0.0104743429521444	0.330846921342184
0.215394367079321	0.000798863899411593	0.00115993148690669	0.309408765664335	0.0493071985171054	0.0035328180108027	0.000114043069997656	0.0261206628324807	0.39416334943964
0.278565730761326	0.0109756609608327	0.00106424369057491	0.231094487550498	0.078851275901051	0.00725243166741011	0.0271402958689671	0.00169757326646873	0.363358300332872
0.264952017273823	0.00600637387570352	0.000499807921872736	0.282805018770215	0.0351628105831883	0.0249419190480001	0.000547966064723136	0.00198368030027254	0.383100406162201
0.212483865953082	0.00114698014235225	0.0131067082693947	0.291620501708564	0.050381086864866	0.00118385018620619	0.00103815501349518	0.0270606791401212	0.401978172721918
0.308766409526884	0.00172105459041651	0.000601777403938688	0.279940810502459	0.0359520792059494	0.00626116895350053	0.000764429867186508	0.00212708615227404	0.363865183797392
0.243108651751587	0.000827801075853109	0.00406110831626561	0.297069201273937	0.0427473508537949	0.0108962524863686	0.000241565071978396	0.000708332972579754	0.400339736197636
0.193754767721803	0.00374705846992206	0.000320612580572714	0.300627451564843	0.0706032917716467	0.00592138061253027	0.00827042501309989	0.00172450305884509	0.415030509206737
0.262717603098483	0.0431076527753832	0.00108520339038347	0.258484176339183	0.0911021501016021	0.0132259427562506	0.00311429109985991	0.00184569477583191	0.325317285663023
0.213941099143579	0.000516741699126268	0.00548272477208937	0.301520612461554	0.0981792789426257	0.00239896789495159	0.000142429655090032	0.000806863046768397	0.377011282384215
0.257660934979848	0.00177614499113447	0.00365258162051353	0.293536325873274	0.0818845367086888	0.00306488450428936	0.000427746289959184	0.00100889709412979	0.356987947938163
0.246948009327721	0.00395952227695738	0.000286427553702369	0.297018547036226	0.0564253686639086	0.0040517673611615	0.000141440547748195	0.00157909026358553	0.38958982696899
0.244355923243459	0.000887306676627071	0.218282714340213	0.179205158919634	0.0391208230184121	0.000684209856822112	0.0117177641538702	0.0307729385496361	0.274973161241326
0.278820030513178	0.00667108757538709	0.000918894915324389	0.268517719657093	0.100024831227402	0.00471972962976528	0.00112418289444071	0.000827683890645529	0.338375839696764
0.21018644007433	0.0413736507773826	0.000470195369095782	0.280646325543194	0.113829500835585	0.00119698368963884	0.0424558948952605	0.00178499289308818	0.308056015922425
0.25050638987132	0.00326501889421738	0.00548385388694749	0.268729104890998	0.0592397423060956	0.00934232621922824	0.00769300082019174	0.00133957448597769	0.394400988625024
0.228724909379248	0.00332114088940138	0.00191422666877112	0.282630755747262	0.083827405410467	0.0143972546826702	0.000162449515208549	0.00161313727004282	0.383408720436929
0.221587485313443	0.0014451660752972	0.0270233412497037	0.284876412797052	0.0791527935806097	0.00313253538206733	0.00121291762458227	0.0397755252839083	0.341793822693336
0.260270250268233	0.00104515442046023	0.00395451812754471	0.296906351726413	0.0548604241021199	0.0126645630510707	0.000391756186234304	0.00238152386268701	0.367525458255237
0.245343648049011	0.00602961465981821	0.00781051711302233	0.253804740872449	0.091478102742104	0.0294109361371456	0.00159559707502259	0.00813563210698513	0.356391211244442
0.242581009734402	0.000692558878319613	0.00311050407015229	0.305056696598111	0.0658563543475249	0.0164748317302375	0.00185685261820748	0.00105016538608181	0.363321026636963
0.169761534437031	0.00108985955407863	0.0118741194309288	0.288620557925068	0.175737353988152	0.00147986182725853	0.000247286858036873	0.0313364644142217	0.319852961565225
0.248800166212549	0.00126988649814053	0.00176706303159771	0.287079672112224	0.0585840379891921	0.00264256255123127	0.000641497565231553	0.000774127053968633	0.398440986985865
0.247754600033314	0.0132167067629926	0.00172029664657481	0.313277893387471	0.0566440267210099	0.0201042145990895	0.00547651663985275	0.00152475824440828	0.340280986965287
0.291323087237546	0.00610704003321497	0.00118552492912279	0.235799221844256	0.0847833390901187	0.00435786764291953	0.00206178886236803	0.00263314297410146	0.371748987386353
0.214963550832049	0.0012328865074509	0.00216842540788727	0.317374104201413	0.0357152464364199	0.0276501508163084	0.000249759158280204	0.00157833350690452	0.399067543133286
0.295685215876821	0.0162255684177259	0.00075591100530692	0.263645293538022	0.0401702577188679	0.0285534638407761	0.000869449908666277	0.00463344417573274	0.349461395518081
0.208752182883548	0.00133164310043422	0.00192966052682965	0.271205936409037	0.142624528745007	0.0114410857289554	0.000405856851230732	0.00133283147327045	0.360976274281687
0.167904443466382	0.00360490588110589	0.00403085935111587	0.301219376145886	0.130079799476108	0.0134073044739313	0.000179221619438581	0.00338358476978944	0.376190504816244
0.222895500015387	0.000624528773268025	0.000641460774698141	0.291954725226317	0.0924729227846648	0.00267306999370984	0.000571078887056645	0.00427676455191248	0.383889948992986
0.221720091998678	0.0033211227711699	0.00150623089092905	0.241213167526205	0.136086097373779	0.0165277707886874	0.000323946056440652	0.000804957619835079	0.378496614974275
0.22742001123869	0.00286440303346176	0.0322211716640682	0.303314756125731	0.0547990440105196	0.0206457928275344	0.000180408571490553	0.00109471527099819	0.357459697257506
0.262313800378435	0.00215074543433561	0.000521052533946555	0.290470129729531	0.0717630571290868	0.00186088993388857	0.00153772287446294	0.00191976252866287	0.367462839457651
0.183799670124698	0.00351301570442579	0.0125651822391117	0.299966084574165	0.078472321601078	0.0142765384292685	0.006258531626494	0.00212024414800449	0.399028411552755
0.242516012906068	0.000630987275135137	0.00333449160635665	0.305216624607462	0.0427210829439614	0.00204309128562783	0.000718862967496703	0.00114345231413567	0.401675394093757
0.193295568772783	0.000433626844893245	0.013420879407747	0.281573348391842	0.0991550806102292	0.0276026388022211	0.000478920115072487	0.000801566377866002	0.383238370677346
0.264861923591008	0.0138746259655093	0.00183618058807794	0.277211086157687	0.0534840451162255	0.0177226438590951	0.000583509369040579	0.0038705697289839	0.366555415624373
0.210033036481464	0.000731811614880425	0.00197424243281761	0.276169342871048	0.0784281636927789	0.00313800722155919	0.000382796022942318	0.00833461035703284	0.420807989305477
0.228898053526112	0.00763661326336193	0.000599963243786735	0.278182801903939	0.0390961137900764	0.0221350303487088	0.00583188474494911	0.00176891468041272	0.415850624498653
0.256843839453881	0.00557891498159837	0.000677698940675008	0.282743223438704	0.122551321526286	0.00703070495617529	0.000174517301847313	0.00100888182669704	0.323390897574136
0.265052574239845	0.00167248510904025	0.00103562899663067	0.27712582775776	0.0690700938933162	0.00717771735266723	0.000263765320745704	0.00265578332267691	0.375946124007319
0.267762899669549	0.00171592954246025	0.00411804760648767	0.296488577903685	0.0838044830720058	0.00954512431902244	0.000627449668521725	0.00381059924046842	0.3321268889778
0.249027279585674	0.00281694249265017	0.00619974316184372	0.30039740032588	0.0594797269863298	0.00392398401816237	0.00844006237564004	0.00366726471714974	0.366047596336671
0.233587840878827	0.00164667581724503	0.000549315844165556	0.289038425012028	0.0903299014741987	0.0260777630673451	0.000548519967227411	0.000776971842381231	0.357444586096582
0.262062673619636	0.00654450325458231	0.000306847251345908	0.292448261991693	0.0602927569733843	0.00551533211468518	0.000569729489727197	0.00158253370064185	0.370677361604304
0.225920493361664	0.00755294543853311	0.00169596782795099	0.276514104869159	0.067227254750132	0.017474853885434	0.000783900484142806	0.024043733487436	0.378786745895548
0.302267985804992	0.00952329447604053	0.000456131962912	0.291347954056611	0.0243945097644311	0.00471232061159582	0.00114535205210881	0.000743418313248879	0.365409032958059
0.284149329316669	0.00548513380157996	0.00398682991783338	0.273957874644246	0.0677499336550076	0.0276982248781196	0.000280464381113734	0.00120900200351619	0.335483207401915
0.220609269256615	0.00350386100953787	0.000686370633767134	0.304161264251285	0.0835221319235299	0.00362178459545165	0.000201098887021114	0.0189292111725341	0.364765008270258
0.254915080994999	0.008840496521635	0.00245585132658048	0.263666153022797	0.0498400677018837	0.0185068506702642	0.00652184787594905	0.00316276032138051	0.392090891564512
0.266040346554718	0.00204108215999715	0.00381979088832109	0.269419111426306	0.0506557065288896	0.00673768064836208	0.000735115566276708	0.00845398198000499	0.392097184247124
0.236209636671153	0.0322407146533794	0.000966765716002863	0.291781972468168	0.0330099128029249	0.00854432219314726	0.00105285084804343	0.0016785838985157	0.394515240748665
0.204028468683459	0.0037365694084912	0.00253008568761021	0.320146534355585	0.0735045786708823	0.0100007076760227	0.00595068764132313	0.035501924281187	0.34460044359544
0.250144374655982	0.0328218829067316	0.00038859401872072	0.249739049106904	0.0672498161703104	0.00858186791059676	0.010030700514597	0.00314713050687735	0.37789658420928
0.249656981742382	0.00933169018074679	0.000574370228402154	0.314163765869407	0.038839617286167	0.00288345782748766	0.000312130164816388	0.00713588592994116	0.37710210077065
0.223910678549074	0.000725288278068496	0.0371727301413535	0.251527592939601	0.0683716453533143	0.00099311348137198	0.00263591514982794	0.051326017624791	0.363337018482598
0.224135384180424	0.0142923483190912	0.00189228228572978	0.297431643258235	0.0484238717250499	0.00453436964116739	0.000173081151834872	0.00589123208522142	0.403225787353247
0.219928987627458	0.000784626927836424	0.00410888140843214	0.301265090427436	0.120814962348015	0.000903333617862103	8.1911037086878e-05	0.00380516457479471	0.348307042031078
0.226489357969198	0.000842635066881698	0.00304427796578221	0.275085570561611	0.0911765646907353	0.00171390144821256	0.00497058545811996	0.000780704263700078	0.395896402575759
0.215450685996362	0.0040324818381759	0.0151302652958659	0.313262324686237	0.075218507988647	0.0106306243909099	0.00341871379451743	0.00200659076214416	0.360849805247141
0.288269631494684	0.00169412050492717	0.000568683770762022	0.245815221653602	0.0835252542722781	0.00753998584789642	0.000519248662657228	0.00986682281971122	0.362201030973481
0.219804501365174	0.0240918174568769	0.000325265010392087	0.313984114782861	0.0476867067958655	0.0160848058501958	0.000436726926747476	0.000757171086062713	0.376828890725824
0.276246285024754	0.00118971531991029	0.000290139669222441	0.271990659014695	0.0910009226717515	0.00295562906132206	0.000319013735502065	0.000783122056485336	0.355224513446357
0.269794181767698	0.00344228290056131	0.00212036794210291	0.28469357350805	0.0272253224792695	0.00269475587473775	0.000411131013790487	0.020668389122883	0.388949995390907
0.20366546133661	0.0051804471748046	0.0010049491763089	0.298784705567156	0.111163453226849	0.0280359577912756	0.000915149090320012	0.000842558090124017	0.350407318546552
0.247205537926031	0.00467940420810299	0.00263592869968349	0.262432932852657	0.0980081587956328	0.009884816433794	0.00268626131644196	0.00651066062992344	0.365956299137733
0.209460818249625	0.000429478754916615	0.00362416686449045	0.275639645188667	0.0765691921688495	0.00512294357544677	0.000200254459100847	0.000959538979348312	0.427993961759555
0.235035474907144	0.00242981454803326	0.000567915944582583	0.264175391037443	0.123743835223744	0.00766054173946533	0.00870648908606916	0.00289985293666469	0.354780684576853
0.232514750016076	0.000963496766674077	0.0714351433170232	0.283096730789374	0.0270669804346967	0.00180297409570348	0.00298047234598733	0.0252887331239753	0.35485071911049
0.290388392353686	0.00554179330241433	0.00121802385956603	0.259829308392367	0.0560416592539035	0.00603103760718726	0.000221309137413794	0.000458237363121912	0.38027023873034
0.23447224701529	0.00341623207786174	0.0028569419215751	0.265753766634218	0.0928240978155054	0.00164851037999775	0.00313021510331759	0.00104637326237133	0.394851615789863
0.259586301682934	0.000984150507538225	0.00172583672434625	0.297550960160659	0.12598584901183	0.0104495785570874	0.000349477457641733	0.00190297607409826	0.301464869823865
0.266939175776089	0.00326266487923211	0.000326306627480164	0.237513399732349	0.11445790369043	0.0190115967258758	0.000289201317086371	0.00148552746007703	0.356714223791381
0.218785853611025	0.00189099525280708	0.000597343695529029	0.259921701811933	0.0903997099905794	0.0141295029633308	0.00047559550130275	0.000900202001867623	0.412899095171625
0.217133622332196	0.0295789571186603	0.000828294288960898	0.301871984889863	0.086633206559828	0.0106537365756634	0.00119315776470834	0.00337262558782249	0.348734414882297
0.172382234729541	0.00451417828333404	0.00141891734659187	0.267974132800025	0.133956758311339	0.0297587312666628	0.00110764800108697	0.00337969630074362	0.385507702960676
0.260117007547351	0.00275276504470896	0.0144129408926994	0.254100575636491	0.0899413337459183	0.0222562305321822	0.00371461561284461	0.00178523541056107	0.350919295577244
0.253736916817056	0.00608621345682644	0.0002771588544807	0.284987427368514	0.0806299918871646	0.014823261757568	0.000131116039130668	0.00227829743913304	0.357049616380127
0.157491529197226	0.0231191936279998	0.000896787366723037	0.326619980995658	0.047417470054193	0.00691582701751777	0.000345606636726453	0.00062339297073583	0.436570212133221
0.298277414127056	0.00813189379864199	0.0012279489059749	0.261383033624959	0.0461236979639381	0.00740037084346719	0.0062262903616107	0.00215452340742456	0.369074826966928
0.249758944590757	0.001343100379229	0.011852926165818	0.279709865542221	0.125966467421251	0.0146374554971551	0.00304792427322029	0.00163230470947308	0.312051011420875
0.284209832624316	0.00198430539072355	0.0482304435278895	0.236592352367252	0.0437681433828764	0.000877573800488873	0.0264980723505068	0.0386955509505678	0.319143725605379
0.266504893187433	0.00376536227378849	0.00334227686136931	0.251579213269886	0.0919380803676995	0.0279883188609306	0.000974283850342079	0.00260998189945751	0.351297589429093
0.184315798689297	0.00404309812668942	0.00222450268773632	0.253550045627023	0.177562319124759	0.00642443133743092	0.0014964401903239	0.00996334458917989	0.36042001962756
0.228955066017363	0.0225347151764474	0.00156225741053144	0.278019175226632	0.120374765764076	0.00479517479765943	0.000278456587518356	0.00113013753051165	0.342350251489261
0.206785812098212	0.00157990410316099	0.0158910790407351	0.322710614954455	0.0296284250089996	0.00265384863578927	0.0125073481081678	0.0438451536589933	0.364397814391487
0.265403857579065	0.0180968006070511	0.000888203818482338	0.247481181123243	0.0651356081662016	0.0124451007511837	0.00892144523865209	0.00302413233657321	0.378603670379548
0.230716776691617	0.0167801839557393	0.00037872324122158	0.304601007532569	0.0691670709870398	0.00489610758205775	0.00832624218536884	0.00625117282413807	0.358882715000249
0.251284851265072	0.0012000746521385	0.00132115487380137	0.23066695748528	0.163477383462904	0.00544526339486997	0.0011494218694245	0.00933358134824474	0.336121311648265
0.27242109142595	0.00171947793458107	0.00085118785228488	0.276333314404169	0.0747000049538488	0.00334169287935675	0.000340628480219664	0.0118930394296098	0.358399562639981
0.263935285112318	0.0138783188696679	0.00159015790300734	0.306643548234412	0.0395507547218354	0.00263559804940443	0.000843744338286058	0.000947688063184808	0.369974904707884
0.22566991522437	0.00228294384106747	0.00179452672372133	0.285359523569357	0.0878555653189021	0.00471888249706641	0.00252291043804447	0.00614980259498201	0.383645929792489
0.220453004346142	0.00186762132463178	0.00996700146644549	0.322499082672015	0.0528319037617998	0.0125228211110267	0.000666505285724381	0.00225490013258249	0.376937159899632
0.176156125831535	0.000641470800419658	0.00755721562893373	0.325506965423834	0.132041393539345	0.00136571911712834	0.00109630268597821	0.00379750622483049	0.351837300747996
0.263474748315029	0.0242591562339231	0.000290828852521144	0.29091856608946	0.0382333816594906	0.00146711840526986	0.00560181068843942	0.00337289726988593	0.372381492485981
0.262753216643354	0.00562039833725255	0.00768408358502131	0.269943104406577	0.115865407125436	0.00889029421284816	0.000505935621619323	0.00143778580907905	0.327299774258814
0.205128964576831	0.000949881160541573	0.000670508731536751	0.267826314582139	0.0847123075448856	0.00984647668853112	0.00173940119061355	0.00157751918158078	0.427548626343341
0.211512205829289	0.0158852795852009	0.00061157924174501	0.264530478066104	0.0612377825821089	0.024931594095145	0.000909690386304162	0.000796664617989787	0.419584725596113
0.230778919705179	0.000371997861323051	0.00194297920054605	0.27052732008849	0.127898025085981	0.00040718852416579	0.000177851292273863	0.00053539862522586	0.367360319616815
0.274673134023922	0.000410300042734719	0.000518362057161938	0.313744260367068	0.0349122230699097	0.000617489247723028	0.00087817697106332	0.00129245919273668	0.372953595027681
0.245762098872293	0.0109448285494825	0.000820501392035166	0.272963564417855	0.0810163092157097	0.00772221931958336	0.000855299532796925	0.00306382237404419	0.376851356326199
0.271122979433036	0.00187235181349474	0.0258505650050095	0.281443795374594	0.0204393924873504	0.0113366745401007	0.00244814277715455	0.0179147423702034	0.367571356199057
0.243876054707075	0.00163254160256198	0.000303037724508035	0.295467568540283	0.0501292158568192	0.0162472146934765	0.00317606585965913	0.00110320487179566	0.388065096143821
0.238430781574884	0.0358844419580471	0.000850606167195949	0.258868453166617	0.0382871005266506	0.0149837307765442	0.000721856748795173	0.00137093719137098	0.410602091889895
0.232671143600814	0.0017198931093938	0.000909199264805574	0.251672267944329	0.126450644092536	0.00550343754450355	0.00243187852361754	0.017281423659721	0.36136011226028
0.231188482802494	0.00391117460908769	0.00197604474422646	0.30554049846075	0.0630503832808004	0.00106677236601069	0.00109554058189795	0.00328776049013247	0.388883342664599
0.235747689699806	0.00379211116476628	0.00100397782080979	0.285852029346604	0.0542731666248291	0.00934365604399266	0.000719846279539837	0.0140457185384254	0.395221804481227
0.253486882394189	0.0138215009643565	0.00130075188317086	0.29398982256359	0.0516412047288905	0.0137333704985796	0.000677409585140288	0.00133113894331453	0.370017918438769
0.219180503489955	0.00458549489023761	0.00159230875914558	0.329728464476612	0.0407324696352371	0.0183656434014971	0.00318998173812092	0.000996662670682022	0.381628470938512
0.224182842471365	0.00113998110208026	0.011391837197614	0.315197717394317	0.0574633027800887	0.0144577242121368	0.000129357534430593	0.0127892717409239	0.363247965567044
0.25977983790175	0.00192945741835276	0.00239975171898481	0.273437559971154	0.114430055773949	0.0150239921211332	0.00737967931731752	0.011742749401692	0.313876916375667
0.25601407660873	0.00682620458573015	0.000398037773136408	0.288456083399857	0.0494060087002453	0.0183922725453099	0.00445709306949482	0.00114217340097356	0.374908049916523
0.232835654550349	0.00150898870279486	0.0100573302970825	0.284813375523964	0.0727874178148201	0.00807706464584391	0.00100534598795086	0.0192602303891809	0.369654592088014
0.209972778029552	0.00191199762094878	0.0214874541670093	0.301709788353816	0.0278080608390161	0.000435626079087684	0.000245174019626837	0.00935953478991394	0.427069586101029
0.20406425538639	0.00640526353182271	0.00302925919773371	0.286564450641894	0.080586617061434	0.0158868831000247	0.00255572148222657	0.00156774205101944	0.399339807547454
0.199038144776021	0.00157715065512519	0.000258999351884822	0.294082863665729	0.0805549926606752	0.0193677216475521	0.000261787960198999	0.00241979806990061	0.402438541212914
0.302507351715145	0.00949680443980013	0.000712289091313488	0.271212639425152	0.0812431008963524	0.0117027765455382	0.00186635324122599	0.00180304413699416	0.319455640508478
0.205535774746626	0.00243557722532939	0.00152111911808467	0.262362535922439	0.154559625588106	0.00509274506917165	0.00318662223761963	0.0121913601751207	0.353114639917503
0.222832982066172	0.0137259115373227	0.00148729740115763	0.29442856119688	0.0363151066453601	0.00648970916228278	0.00313340226942337	0.00624059870775163	0.41534643101365
0.181099164228589	0.00177799911353656	0.000435610100353092	0.312911063672447	0.0341415274992997	0.00226471516827774	0.000938064231615833	0.00108214228823376	0.465349713697647
0.237645921198047	0.00787194789403681	0.00514121382889587	0.289696662074653	0.0548595483187808	0.0100914557568558	0.00358704770178863	0.00696131157922786	0.384144891647714
0.280217310196077	0.0114260936043351	0.00148794531508066	0.290308330145232	0.0485387603806213	0.0121962209360311	0.00344151207833249	0.00353694696066117	0.348846880383629
0.281081466673585	0.00433608939100988	0.000774312991383266	0.261062778131854	0.0682779231577308	0.0138232715393099	0.000612122584360597	0.0034918197428768	0.36654021578789
0.199976120789811	0.00135770064197493	0.00137376885707394	0.286895311202732	0.114098540324121	0.00297482818878073	0.00646126473491871	0.000956614783937703	0.38590585047665
0.256369349672946	0.0182610810698433	0.000947429386909811	0.272328307156288	0.0677189815335926	0.0255732991589731	0.00151062688598372	0.00470043770528405	0.352590487430179
0.26432732769928	0.00195401746807917	0.000855704963975314	0.309563899018146	0.0467957528409109	0.00489563865713071	0.00105489511488009	0.00275676009461196	0.367796004142986
0.220918387109875	0.0137119227060828	0.000429607717031094	0.301201926454694	0.0579772499989348	0.00530153719204312	0.000280023297379403	0.00493085890439212	0.395248486619567
0.199510466696913	0.00389186337938723	0.00312489228453304	0.288583907515233	0.092620239711226	0.0178249900051958	0.0044043316185058	0.00804190671246958	0.381997402076537
0.237957423569451	0.00365959389218892	0.000254668561886158	0.287343719197319	0.0726365966613331	0.00534875648069629	0.000224900808810411	0.00118019860251671	0.391394142225799
0.211252040655123	0.00228738003351235	0.00315520160986901	0.287052259346572	0.127745834025958	0.0087782315122251	0.00227227610270092	0.00575224097293461	0.351704535741104
0.308148690247003	0.00107763463673686	0.000384867872246026	0.249805095278241	0.0936044109908816	0.0266769734648809	0.00274587251472123	0.00177587568719605	0.315780579308094
0.26197752307582	0.00563552885279116	0.00152682660455387	0.260168921763572	0.105489222659858	0.00702659576207475	0.000540596191935621	0.00320473641795823	0.354430048671437
0.209979492400942	0.0067418897968867	0.00329066087178399	0.276020361925769	0.138346578869991	0.00738905913315195	0.000361794017480705	0.00139154562829812	0.356478617355697
0.257199452740055	0.00144395450491954	0.000567583536246945	0.276477568920544	0.0969930829249365	0.00580691558055193	0.00935123296547704	0.0100756332669295	0.34208457556034
0.273112933432955	0.0145440259771405	0.000527121880740184	0.270115820691937	0.031831640039616	0.0203577187475749	0.00511526267951186	0.0160893351518723	0.368306141398652
0.238666766587532	0.00132157000457419	0.00561304688750183	0.295857511354294	0.0539668709371084	0.0279722191196773	0.000275733581380587	0.00115914497354218	0.375167136554389
0.23332425453642	0.0186835922476921	0.000917684443826264	0.270627965058129	0.051200749307629	0.0215102450615186	0.000401915902272577	0.00256759740059522	0.400765996041917
0.263394964193463	0.00121476712708289	0.00290986181061797	0.255892729599965	0.100674597259862	0.0149687607268792	0.000340926928333721	0.003841198145898	0.356762194207899
0.226942348047263	0.00364674665020388	0.00097255241073206	0.244203990782919	0.114924264685984	0.0229525798083975	0.00782602884292904	0.00165362753168562	0.376877861239886
0.265266983345987	0.00554126537016962	0.000674397132422984	0.268565494617355	0.0622434020111035	0.0108065998518572	0.000668111286462313	0.00187153611793286	0.38436221026671
0.211844544228751	0.00085192363139151	0.000937741433602051	0.293452932080911	0.0553792908563869	0.0170642383600847	0.000576737145469246	0.0126251747018829	0.407267417561521
0.208265145976683	0.000312684469272566	0.000735680214565804	0.290730012378591	0.0900604838211674	0.0213176046422405	0.000109513284158617	0.000251727567076749	0.388217147646244
0.216190873276273	0.0198584177760469	0.123739325560292	0.252435655025662	0.0267016434717942	0.00190147196682777	0.00104385734374055	0.0212894265253936	0.336839329053969
0.203606110373223	0.00671362200158651	0.00123921634534075	0.306914887603024	0.0864025594470874	0.000962175371357398	0.00674014827483942	0.0127882765638616	0.374633004019679
0.277689074752244	0.00398780259890186	0.00149526162283074	0.284001640278391	0.0400452306694554	0.0111881466156283	0.000134431550135346	0.00139643041505914	0.380061981497354
0.228307937225789	0.00540957091387531	0.000540381039703752	0.328602314312489	0.0617517401900348	0.00827316739283662	0.000285341780704636	0.000733243509777951	0.36609630363479
0.257788219292036	0.0248534523996555	0.00109116162738643	0.280857336418572	0.0372218065277512	0.0025917156875319	0.00120612142407634	0.00233968029893102	0.39205050632406
0.23470178904082	0.00104477967515629	0.00127533192673527	0.279697422761709	0.0662853536795757	0.0245249436234578	0.000129193647038226	0.00129015342246045	0.391051032223048
0.148686081334734	0.00138384972994721	0.0121589736643957	0.273242076248447	0.17999388820491	0.0119870789123051	0.00838911270187714	0.011082352213253	0.353076586990131
0.237796963856823	0.0123319718457478	0.00728701230519163	0.300025490388516	0.0502196393801059	0.0067535612660324	0.000202853988752863	0.000596671039344477	0.384785835929485
0.24517089629519	0.0164264464059054	0.000714276801607466	0.274386909103483	0.0847043867052139	0.00530756132552112	0.000393358833786173	0.0018288033842838	0.371067361145009
