Basophils	Bcells	CapsularFibroblasts	cDC1s	cDC2s	CentralVeinEndothelialcells	Cholangiocytes	Fibroblasts	Hepatocytes	HsPCs	ILC1s	Kupffercells	LSECs	LymphaticEndothelialcells	Mesothelialcells	MigcDCs	MonocytesMonocytederivedcells	Neutrophils	NKcells	pDCs	PortalVeinEndothelialcells	Stellatecells	Tcells
6.12070037487249e-05	0.00224063233140611	5.0590484240995e-05	0.000716814998049742	0.0164151226546378	0.0152028703080134	0.0231936232114314	6.47914250162951e-05	0.864012119584552	1.75448618322886e-05	0.00138638066486313	0.0313051325800452	0.012290534843451	5.42793547375987e-05	0.000209893079520437	0.000374804629729645	0.00163026660948216	0.000119330242362224	0.000432550121751375	0.00146287600541804	0.0163443223142274	0.00998249380464948	0.00243181888683382
0.00162303883729107	0.00029490626729067	2.29774623561206e-05	0.00243617216415997	0.00970640982153458	0.0221712258776674	0.0254806395624335	2.29082790595996e-05	0.867638169600714	0.000125191293332205	0.000301936514203528	0.0224035126414241	0.0199703202711151	2.42917175536882e-05	6.69206452839643e-05	0.000237510631978568	0.0087538438459433	0.000178225750612868	0.000365141823197046	0.00060925320603038	0.0012726244537031	0.00892254736990938	0.00737223196320558
8.89321934760255e-05	0.000214874528796663	0.000304504413151693	0.0166424544708968	0.00412401178074907	0.00733742692010611	0.0324876515406098	3.39338746091242e-05	0.899770284038508	1.25001649980139e-05	0.000260749284451116	0.0163596752821591	0.0155207960273468	3.86105994337056e-05	0.000101504621243587	4.45319670116915e-05	0.000171294515363096	9.24285812512066e-05	0.000772559602028896	0.000369139196754015	0.000657478032122539	0.00361135206485575	0.000983306300076795
4.28604194395853e-05	0.00030217608110434	0.00134561535242383	0.00690559907572017	0.00215951616572239	0.0257118476271894	0.0235472638468426	0.00267798720560344	0.865401440840156	5.17483196479649e-05	0.000559607843634546	0.0260726587801167	0.00426316144105014	2.1155356692867e-05	0.000532432641315466	0.0001689297884093	0.00875095165439459	0.000112073551228307	0.000787996282679375	0.000126390726040287	0.00130865348206794	0.00395979562586451	0.0251901378926559
1.71081522397073e-05	0.000266008667142269	0.000281169945037595	0.000866552284968937	0.0173780235795944	0.0002084914838464	0.0210400658032475	0.00074675862920569	0.873494731702129	8.54614554503895e-05	0.000395879977822789	0.03586208321639	0.0150266072300636	1.23156134481834e-05	0.00035003921292614	0.00128217772123911	0.00844897972563832	0.00622230359577922	0.000374555339238569	0.00263231137648438	0.00169578876564726	0.0107396238182693	0.00257296270419104
3.71624548041845e-05	0.00902503103613579	0.000100208479903051	0.00196358101797895	0.016084701583521	0.00417640285287682	0.0292606401307632	0.000881053744761905	0.867653990444972	5.47821883296466e-05	0.000248102360040354	0.0169143294853636	0.0314982117558354	0.000170137773888208	0.000646891633023317	0.00371208996491583	0.000206029766204594	5.8030486634631e-05	0.00018002380719885	0.000708330901267019	0.00118059927359616	0.012590187604527	0.00264948125345803
5.91731028828214e-05	0.0148802347701787	3.27105996550674e-05	0.009449922674304	0.000945892835799798	0.00950382999587402	0.0273194866109641	9.09868587330292e-05	0.859995093734366	0.000154069718846359	0.000218527307519172	0.0262382261748535	0.0295818985412667	1.82466787231067e-05	2.74894345619306e-05	0.000130525633118546	0.00283065988266045	5.82322280727961e-05	0.00034663918253208	0.000393485530383291	0.000497515425170551	0.0160300365204771	0.00119711655905643
0.000178992581335078	0.0280870176177454	2.42144906275603e-05	0.00421021483130105	0.00893817794176211	0.000851624669277255	0.0294145961809015	0.000166304328204724	0.836745838706139	4.79019619167114e-05	0.000443930364311453	0.03624462788037	0.0350085508769109	2.01339467302409e-05	5.66041669635006e-05	0.000696982758588401	0.00145634528475099	0.00041806588494269	0.000269875410025265	0.00068460506658779	0.000323705422414551	0.0152063454916553	0.000505344136539092
0.00250620143338807	0.000190981949034628	6.10223261219139e-05	0.00761330165723259	0.00389603425513585	0.00218608880799329	0.0220157479862856	7.62219613376065e-05	0.841203120255388	1.59531478499721e-05	0.00102147507371033	0.0316846377915731	0.0471027332341501	8.21776118614237e-05	0.000369256274748819	0.00226654879807867	0.00650283480855997	0.00233346878430845	0.00394858846316962	0.00107080818047129	0.000438577827461902	0.0213856286279362	0.00202859074420255
9.80758388436139e-05	0.000219891470195591	1.21068562395633e-05	0.00627873312763564	0.00342704609605699	0.0195095562835412	0.0303789621898944	5.22329816445085e-05	0.891547698856496	1.12173118105364e-05	0.000575747781442327	0.0341383374984331	0.000844340449786599	1.98844636819729e-05	1.84282555243339e-05	0.00625277011735812	0.000124516107362336	0.000139269927733876	0.00164408778674104	0.00049110689515796	0.00137199209989007	0.00248161843856851	0.000362379165961601
0.00191524770569569	0.0140754465592275	3.97703038609014e-05	0.0175836134416678	0.00767757928836356	0.00937182434643464	0.0274047496984947	0.000137334700390427	0.83833867868807	2.94715075143837e-05	0.000532344693796944	0.0317184178766607	0.00549173946839825	3.79750527840286e-05	4.76654049210083e-05	9.29725872702815e-05	0.00780908642960343	0.000764223983848845	0.000794755384189301	0.000242151666043059	0.00727161468719893	0.0266675644843856	0.00195577204118003
1.18925018075129e-05	0.00308189098393159	3.68276976943121e-05	0.0147460943792853	0.00200352312629035	0.0294781542733061	0.0329263936134916	0.000710446619037171	0.880456705949617	1.24870633243842e-05	0.000333301083947964	0.015107658364216	0.00388408141249321	4.52122498183526e-05	0.000335124171848042	5.93664125585097e-05	0.000321964778121834	9.0365066065771e-05	0.00035757624918834	0.00135281848366578	0.000296422764451621	0.0118214054637598	0.0025302872920801
0.000548115804478071	0.000142488622523087	0.000168472349127508	0.00267679437124147	0.000642731822406311	0.042776223108851	0.0282578933124898	0.0150648957015028	0.846809160468376	8.26611305284914e-06	0.000300982698655738	0.0246097449527774	0.00782780387682731	0.00513679730142797	1.88248814802077e-05	0.00674359878299436	0.00322434265768828	0.000967332236130789	0.000128600287377152	0.00167107003598684	0.00470537951238706	0.00738961640477346	0.000180864697444674
9.06745995070597e-05	0.000764731403600321	0.000537498349883339	0.0040590629067877	0.00327820251360841	0.00117882329077397	0.0247476696952813	3.53892429423533e-05	0.865259229895511	0.000109928665034946	0.00204795634372289	0.0378479158891018	0.0218966001855004	2.23455070286863e-05	0.000126760020221049	0.000371208593895245	0.0115849922413549	0.00182802556298247	0.00325366974196162	0.000429812728938258	0.00303791644099589	0.0111881184001868	0.00630346778117998
0.000504647875451336	0.000223990631652487	0.00181664596921172	0.00689158488420238	0.000178720591011148	0.000305548733047646	0.0487014812271287	0.00540352111441441	0.869804605097738	3.50933810633751e-05	0.000955855164016654	0.0107760714876188	0.0131970537155303	7.87541268121023e-05	8.76135323283887e-05	0.000650420063437812	0.0028086481173654	0.00220121855482079	0.00290226675224922	0.00948400889452011	0.0215644681157485	0.000786194948668554	0.000641587021962343
0.000396854003548764	0.000237502117307333	7.50784741485556e-05	0.0012423535827204	0.00972926503198932	0.000366465252092902	0.0325259220041536	8.22571629540151e-05	0.854522917912974	1.02614482457883e-05	0.000596778117654453	0.0196048861062941	0.0274232272554273	4.51087947344535e-05	0.00234219268926705	6.27552494852869e-05	0.0059853809690462	9.21376878921172e-05	0.0135272595645023	0.000542212311027457	0.000151565736308254	0.0275871662277275	0.0028504523004994
2.20512177753187e-05	0.000546624957112844	3.72965617038247e-05	0.00133787656660838	0.0181208786509979	0.0123935084171105	0.0263192971478167	0.000132719415573472	0.882199021769227	1.37593775919112e-05	0.000238407288360278	0.0242352732514228	0.0172035379548271	1.33953447399658e-05	9.69458738551237e-05	0.00130921141338278	0.00229055136128946	4.22350315852833e-05	0.00161393203933095	0.000540074653432189	0.000300980118330193	0.0098584704126053	0.00113395117532139
3.05497108018362e-05	0.00977825895991714	1.7265070652666e-05	0.00512781778149988	0.00212214115854079	0.00107768274141851	0.0280517042850091	0.000746599181970663	0.841896794446522	2.41283227687666e-05	0.000846781807638515	0.0396893576868084	0.00201600791799496	3.57327868218056e-05	5.43376787096084e-05	0.000144477218662846	0.00155993514018178	0.00490411283248961	0.00174208201300587	0.00738351851397781	0.012988280584226	0.0114315890971897	0.0283308450631912
0.00109159399522525	0.00012295580345722	4.92964583965953e-05	0.0051885882459666	0.00115086258353824	0.000682264629991806	0.0345388451863503	0.00318929103636678	0.853904628979882	1.11111806557359e-05	0.00176406769088523	0.0308819457395517	0.0182334074001893	4.9995842952962e-05	0.000127986548087973	0.00101403016403232	0.00370739957424781	0.000320234256245725	0.000467861036434903	0.000206095385010933	0.0283334514790873	0.0137077120090015	0.00125637477444158
0.000227574448508016	5.9925328467301e-05	4.67080640701267e-05	0.00168452728986453	0.000886881832628229	0.00368800226589632	0.0274810327993238	3.12433941760513e-05	0.89803197422586	2.49859248307119e-05	8.35056213430164e-05	0.0486098251248366	0.00206219606804004	0.00470584459626303	0.00167675462046637	0.000213582831333622	0.000189807171260006	0.00645766079857068	5.54986674615537e-05	0.000326095046976439	0.000191808196255741	0.003205059018971	5.95066645974413e-05
0.0103833463280361	4.61067654341778e-05	1.53029993706334e-05	0.00195287104085286	0.000860510092765311	0.000165807659681098	0.0454984950859136	0.021160359229947	0.811606864020252	0.00358585778487721	0.00199150596442992	0.0285371285426156	0.000320584915741216	2.29635466629162e-05	8.45324575383233e-05	0.000116836586968823	0.000156797992709621	0.00010937127560744	0.00014553883670224	0.0108094567734965	0.0591881554373003	0.00311012432646128	0.000131482336636212
5.79153190731635e-05	0.00533980635234814	3.16739997580019e-05	0.0126764784408941	0.000287083210227082	0.000212242047570177	0.0267590976938647	2.27986524768854e-05	0.844046417004446	1.49574714168041e-05	0.000273375504811393	0.042870657054814	0.0361241522956512	1.20744976564015e-05	1.45338986417533e-05	0.000129924576639089	0.00184509772586294	0.00823050962291621	0.000120265746455612	0.000844036631159701	0.0137157177285563	0.00563848857742927	0.000732695947330689
6.00101801634085e-05	0.00664426911955536	0.000158406021921368	0.000906862395857093	0.0098175021813464	0.0168341304376487	0.0256839305180318	5.74844248970601e-05	0.895293294798236	2.42578921917919e-05	0.000249465647030952	0.0190606728804585	0.00763159241306946	2.82357274531283e-05	7.98606088223624e-05	0.00179649942856927	0.00305170106795501	0.000213728054705247	0.000229920642274907	0.00646410233245433	0.000502758349479544	0.00425010426069001	0.000961210617187652
0.00115774612112386	0.000120065216237125	2.50070939800338e-05	0.00686332619874533	0.000245123189699038	0.000288505970222886	0.0200793747614542	4.16110129047428e-05	0.896711470451676	0.000340791621630436	0.000449049469347533	0.0234562613132443	0.0254121111607534	2.24059195450104e-05	0.00117136981324374	9.8197064478918e-05	0.00263210794221185	8.87156811709972e-05	0.00238352567370898	0.00331651514249023	0.000688730659714115	0.0100453527581616	0.00436263576425567
6.25138196939222e-05	0.000426507685774085	5.75012682863748e-05	0.0072784088204902	0.0253556999678882	0.0207496241663664	0.0186376836854133	0.000152877538195317	0.830087547369032	4.08711131451194e-05	0.000159158632165062	0.0467107739402074	0.0142795822858103	6.7155718334921e-05	0.000130330369360618	0.000118813072274441	0.00274902667265437	0.00231042848413749	9.06856140748069e-05	0.000210714765812742	0.00153680981642811	0.0204364095590987	0.00835087563535604
0.000168750151302309	0.0325494318994265	4.90482397495268e-05	0.00758641406408534	0.00813790535309537	0.0254060722235747	0.0268166555907238	5.03271720964145e-05	0.825241454297512	0.00277533043447818	0.000423842972119521	0.0356899391121106	0.0061581011873585	1.43776060147915e-05	0.000525060875026128	0.00204178981743586	0.00021736050572493	0.0127863903446348	0.000444758647634979	0.000277479804451464	0.000390451186175608	0.0113925231041948	0.000856535411074061
0.000195073196691594	0.000432623611664657	3.54339046405229e-05	0.00809039719890692	0.0044536826481934	0.0405723193883848	0.0171227177858559	0.000177438206281431	0.863732581007733	2.65548852612016e-05	0.000356657797273949	0.0229956871602694	0.00861249891426175	0.000171840969712145	6.73207410378695e-05	0.00013824513533658	0.00235926599848608	0.000373121797728107	0.00193192501438989	0.000526741731427103	0.00083929788968733	0.014595202721596	0.0121933722951807
9.50490173402064e-05	0.0105613926123943	4.57278138862233e-05	0.00735336273006909	0.000633174380488289	0.000913557639840705	0.0191735981916253	8.9346111982121e-06	0.854915705844846	7.85935034588954e-05	0.000602540649360787	0.0550602534472912	0.0200281353917469	1.27826322408719e-05	0.0023135815527911	6.61676454627344e-05	6.31742105122803e-05	0.000424250626710185	0.000893119224634544	0.000950664564291458	0.0130252266928717	0.0123625828920872	0.000418424124852002
3.15916030568368e-05	0.00763777865092507	4.59951096576646e-05	0.00330818642229735	0.00556051331470167	0.00457673178320653	0.0250239579558709	1.58494311322818e-05	0.873427776416763	1.2131647110603e-05	0.000650434456997931	0.0213334636738554	0.00665555905137018	3.92538297262752e-05	7.65128704069422e-05	0.00171914571756922	0.00111832573234582	3.85997794886677e-05	0.000419974991968747	0.000235443894735129	0.0175372641686696	0.00269495077798911	0.0278405587201551
5.03118900698723e-05	0.000464328932712963	0.000468025573532452	0.00331021520147723	0.00206011078219904	0.00243131905965082	0.031198356325068	0.000118943833151416	0.844061139444181	1.94691384809868e-05	0.000898962454543915	0.0193068308974523	0.0109086344231957	3.21249380557152e-05	0.00365185517592158	0.00118214163932705	0.00159040561678995	0.01835999509641	0.00194723599856062	0.00630693466132895	0.0273321109332121	0.0166206856956358	0.00767986228904245
3.00011553088512e-05	4.54983470284581e-05	3.07442617120238e-05	0.00731802221664206	0.000128213169427745	0.00061917666600045	0.0558097911763956	0.0190431487549637	0.84639955738436	4.91902603949522e-05	0.000106943572201743	0.023042354047166	0.0221788000622256	0.00587551878298573	0.000102782952483564	0.00146746688089837	0.0016005660639318	0.00704624129557846	8.790637647979e-05	2.91897316046278e-05	0.00785157530057594	0.00107131302603963	6.59985155940915e-05
0.00583351207327994	0.000100871104687744	2.90775445115212e-05	0.000918868005340357	0.004435042242472	0.000840598912057715	0.0350788225485981	0.00155278288479207	0.871431705075755	0.00044330143571923	0.000151027536605554	0.0249401962162015	0.0288251556603592	0.00014327095338161	7.59995632684648e-05	0.0025293610240551	0.000363945511921657	0.000667111515337031	0.000137793212216976	0.000932118792559917	0.0096750388509273	0.0106837671748455	0.000210632161106421
4.86789360855911e-05	0.000317303691769987	0.000172384840816478	0.0108335384194026	0.00022521920054197	0.062747536460306	0.0236870633975128	0.0027290926494318	0.826729717090268	0.00117814285518307	0.000423116105227444	0.0185133242924155	0.00257992343434578	7.00117382105331e-05	7.67890117389027e-05	0.000909104589944123	0.000102279833557115	0.000190412637069986	0.000757672353166475	7.48104885997804e-05	0.00933696905994724	0.0304928256271641	0.0078040832872945
0.000446866127463708	0.000224340735833795	0.000135356653017155	0.0017451333891484	0.000400457642847992	0.00581622882771753	0.0408789849859633	7.94290111842538e-05	0.890355755259967	0.000153051461047917	0.00137887376638136	0.0336238741819426	0.00722363074507583	0.00153147885932826	0.000422047215130835	0.00423544696935978	6.93705878685539e-05	0.000537140769144675	0.000200004151186201	0.000413125454072827	0.00299430420235067	0.00651748870025771	0.00061761030370964
3.95329369274724e-05	0.000567710327517697	0.00044374446831601	0.0153598277851681	0.000125868096105957	0.0145004603602089	0.0352896734180668	0.00543369364601133	0.886003347499849	1.00333682019903e-05	0.00165498525867291	0.012448155979836	0.0172812144846931	0.00395391258211072	3.26946922610653e-05	4.58010754218191e-05	4.2674337896898e-05	0.00011872874175381	0.000453146556312177	0.00109558476886792	0.00122164765572854	0.00197675861091658	0.00190080334915576
0.00461660375798349	0.000334083310560211	4.58008356299603e-05	0.000199076263630104	0.000545486610467135	0.0243758806081899	0.0347207151428624	0.00055134158207704	0.858564512597116	0.000160005537490593	0.000441826743221596	0.0460036665052655	0.00141032084252751	0.000689168219437508	2.12082918253339e-05	0.000529992183214099	0.0124684946227427	0.0001955891885939	0.000725291342775616	0.000741185740523866	0.00193552020716084	0.0105785079466464	0.000145721920058483
8.22439532924197e-05	0.00191699699954822	3.41053662489248e-05	0.00750966557229357	0.00112251901188025	0.021339751187746	0.0305049552116282	0.00306814368370974	0.867362796055453	7.24805141132778e-05	0.000276154669952796	0.0211348446485015	0.0115429381256107	4.64697115803895e-05	4.23864594159747e-05	8.70780627039007e-05	0.00305682129484474	7.47461985221732e-05	0.000334769359396988	0.00184590196249094	0.00105730462061816	0.0181704176184093	0.00931650971203905
2.85876687529765e-05	0.00152292326242563	5.14437471292015e-05	0.00445367281981445	0.00437295010116707	0.000330943806632565	0.0308949283156713	0.0001896354610514	0.847017212345356	4.78592799751429e-05	0.000303579238625536	0.0250707013726498	0.0293276465321942	0.00106849248391014	0.000119607505467956	6.81600338624403e-05	0.000137987153909858	0.000100226261409075	0.000591183918550798	0.00276335838774365	0.00113911141668654	0.0153148399944629	0.0350849488925511
9.92235464486352e-05	0.000110068081255094	6.11149068988658e-05	0.00095630058465615	0.000804519814122881	0.00259794051977781	0.0249247790755889	3.15971646250236e-05	0.851537794230723	0.000100472081056843	0.0307986866317204	0.0312252861858066	0.0255264077833035	9.87247124955879e-05	3.65490579700055e-05	0.000266140759838038	4.80819627449606e-05	0.0144707274822086	0.000269203097892512	0.00520370106839429	0.00271158038893134	0.00787263315919766	0.000248467704343323
0.00149826169166686	0.00438294653024762	2.13817960597003e-05	0.00407805750222132	0.000173755377403222	0.00117630779737932	0.0216333087991019	4.64826164367382e-05	0.864858684440898	2.96162299369077e-05	0.000624623398247689	0.0241420045655794	0.0355250033855858	0.000284862371600653	0.00125485370367302	3.52786941436329e-05	0.00053826261797681	6.74903309751765e-05	0.000443965171698381	0.0143488585063449	0.000819959252239438	0.0224000416452051	0.00161599357537883
6.62796772748173e-05	0.00240400993556637	3.96538548089889e-05	0.00767950909042016	0.00250069715428086	0.00933662862483915	0.0235206004630057	5.60292479422157e-05	0.872885272211843	0.000115365665953822	0.000553130546350267	0.0314350081352269	0.0209385401629625	5.94334871395074e-05	0.000346511528428015	0.000556155657691928	0.00456559229833271	0.00332117955400818	0.000321291179320151	0.00421155071245725	0.000508556424532919	0.0131364665543739	0.00144253783324106
0.000147359063952245	0.0100485328159958	7.17449036556919e-06	0.000624685407611001	0.0199156872123182	0.00350592509679862	0.0338944141518401	5.43195235405125e-05	0.814120644646221	4.0149915497893e-05	8.01672113442951e-05	0.0424093121244197	0.00908774515393748	0.000398763703942288	1.82183359210048e-05	2.8401529487425e-05	0.00106444783985583	0.000569210233358723	7.35284278708156e-05	0.000520211179760876	0.000334600366981719	0.00631474439631486	0.056741757172664
3.88513162795142e-05	0.000187521802573021	5.53237991287785e-05	0.007397098188941	0.00027147123930512	0.0172889103105997	0.0213673773080732	0.00142748009360733	0.863472344754327	7.20492550880226e-05	0.0101644329699423	0.0271799335393712	0.0142430885383027	3.76180084643986e-05	9.84151022490629e-05	0.00164621238475788	0.0119011406303641	0.000281308605224162	0.00199101292614147	0.000814945810253497	0.00696503215346841	0.0125974857430461	0.000500945520492667
6.56369858249561e-05	0.00239976501067259	0.000199803276763882	0.00717121990893263	0.000624795456789929	0.00038846922613935	0.0192965016991817	0.000599101386112625	0.872658428116405	0.00195571050183644	0.000182075442899186	0.0338172444010084	0.0314059168002701	0.000265137233468165	0.00046556156445886	0.000236878144732853	0.00170054528319514	0.00118109696124465	0.00189269828459137	0.0087519952314047	0.0114867444600855	0.000573292578443687	0.00268138204553795
3.03072415858219e-05	0.00012378452490172	2.20288817988433e-05	7.29212572698553e-05	4.21399689662342e-05	0.000289679997592138	0.0297725833242392	6.07262553314873e-05	0.868688024124775	0.000429980569542495	0.00635768316063856	0.0165454333530624	0.0267145351730837	6.05809334807035e-05	0.000756863178872453	0.000597434052593969	0.00462586218862427	0.000138986488167447	0.00125606388484343	0.00729003380963182	0.0137685235514689	0.0221618305649848	0.000193993514544955
6.69668477712837e-05	0.000111971310234413	2.93856557955543e-05	0.00616071442552403	0.00397751165448698	0.00039950056912747	0.0207501519379583	0.000960483752908668	0.889410841817518	4.73929154579044e-05	0.000936018740957611	0.0238514239186936	0.019030294388989	0.000798468501804882	9.04584490832896e-05	8.87459025918011e-05	0.00775034464989103	0.000182403394721294	0.000528652443302577	0.00182429357442418	0.00116560392280837	0.00272836845044843	0.0191100027755014
3.17829650205023e-05	0.00756658072771486	0.00133509601905381	0.0168647483197757	0.00017392925920556	0.0251084754124029	0.0241930756951451	2.28658640154504e-05	0.87429856345023	2.20737917709992e-05	0.000359161397149229	0.0175280403331047	0.0100821087639818	0.00245363947380191	7.76336982167123e-05	0.000448380297014258	0.000111676922684531	3.65372230617658e-05	0.000314283666659808	0.000310863233387645	0.00039292446315612	0.0179074991905175	0.000360059832929283
0.000170319635696446	0.000145559405214358	4.07251887044092e-05	0.00995780666055607	0.00114305421142947	0.00901884731776036	0.021797065396297	0.00074301403966846	0.864478637336583	0.000210087195186513	0.00906427249998704	0.0398719946681924	0.00290935635560373	3.53529098423032e-05	0.000370096760361927	0.00296663056456589	0.000664263567962518	0.000806905392368828	0.000363249775442162	0.000585456215657917	0.0116462078296206	0.0146806314481781	0.00833046562512078
0.000104535376007985	0.00569962580538062	7.3112127164251e-05	0.00780444627965662	0.00160881076300427	0.000331783497968392	0.0200939118508494	4.42240576869026e-05	0.853146018264373	0.00147936488715476	0.000398778615304869	0.0358097360413957	0.0194462241421306	1.80901269516212e-05	0.000373603935457004	0.00033971968319457	0.000236527742133826	0.00956565987992243	0.000485167072107557	0.000561134284181447	0.0233529118283686	0.0184829555164482	0.000543658223157283
1.30483320421789e-05	4.5639349816771e-05	0.000154671660224544	0.00450790987185526	0.00535095235115083	0.00282695073044167	0.0338804178119037	0.000894319240388802	0.876979084059194	0.00018584651319514	0.000117482944241397	0.0314421402199276	0.0127929912028762	2.46835063913396e-05	0.000267328320254152	0.000637327079940747	0.00451129950452535	0.000136771601962658	9.46898068354469e-05	0.000527430070586871	0.0181509499629386	0.00624148275544484	0.000216583103861591
6.31715285535093e-06	0.00124187380327112	2.95569822600146e-05	0.00915014182637856	0.000355287651378056	0.0262102923393437	0.0217005401906228	2.64243084025357e-05	0.837173372029274	0.00138525508833466	0.00188169171594763	0.0478406491961703	0.00373079952333749	1.77721810711104e-05	0.000720750849323566	0.0133142347410519	0.00940870249626143	0.014064869694064	0.000281406361650022	3.90682756858225e-05	0.000380484514510905	0.0101800186113079	0.000860490467497012
0.000119721332541603	6.4063871868542e-05	7.48008174497204e-05	0.00825219290336995	0.000887032438541239	0.000212048893046783	0.0558718570615275	0.0458539322843454	0.810525401402738	0.000285417422029482	0.000123418415423334	0.0079972888577958	0.000544130450106369	0.0159333292789986	0.00036323773510372	0.000320732425683649	0.00579895975477006	0.00166548278021244	8.24970643334389e-05	6.00300095551796e-05	0.0397408333005486	0.00516920285097329	5.43886490378697e-05
0.000340163799228333	0.000301184903140627	0.00024164073068619	0.00119670432627336	0.013822871268301	0.000276702173303481	0.0277174674051871	0.000811881144323551	0.886752954908373	0.0016024239101454	0.000564252995071418	0.0148984532214364	0.0351490978599165	4.18412152582311e-05	0.00273372929981635	5.89084538823308e-05	0.000970817530975207	0.00189594266977908	0.000292803752651895	0.00107759181157725	0.000674287257167348	0.00759304225823297	0.000985237105272875
0.000246005350694605	0.00179034886960463	0.00101275170927906	0.010371654501787	0.0141987997181435	0.0173513853459204	0.0211391850640128	0.000135558234451396	0.850312413809475	0.000158556393158401	0.000236858070013232	0.0183710206300625	0.00560059322480067	4.98151919905783e-05	0.000313248634057239	0.000317544202307291	8.05213771039162e-05	0.000168959108523249	0.000261514493006472	0.000149508280627326	0.00137416360421062	0.0110520517488537	0.0453075424379159
0.000414351945609516	0.000392955053383423	3.07109971157774e-05	0.007159336368801	0.00211617895247073	0.00395946212362853	0.0183030619935141	3.16471369568198e-05	0.85440525886537	0.000146806570091934	0.00019911943836195	0.0386632673532897	0.0170697977508701	3.00271280428586e-05	0.000403013902064718	0.00119135332436333	0.00982975293193307	0.000101791799181312	0.000589043378845471	0.000139368555816705	0.000293543963150677	0.00940565267613897	0.0351244977909989
0.00080727275045671	0.000762532919124327	0.000104012245902844	0.000255734159898751	0.00920512731690586	0.000260607757956	0.028610372555896	3.02099026867556e-05	0.871554510568076	3.78490192500035e-05	0.00173818459822265	0.0299155938688935	0.0284094047161828	9.48311175803193e-06	0.00103320456894474	0.000127837360701594	0.00724054577893427	0.000341505254675769	0.000521241817076125	0.00612674050284985	0.00231610570198693	0.0099007464040986	0.0006911771195222
4.25093652667051e-05	0.000210437572265866	0.000691582203482991	0.0070281541243617	0.00991207407458945	0.0608052576193538	0.0216901436255741	0.00949550955720779	0.836255373491496	0.000277257407906491	0.000141236509038072	0.0232729239342165	0.000419835115903294	0.000332346690747567	0.000121143821383522	0.000905037119955667	0.000138793001663347	0.000250110754115529	0.00024729194275685	0.000214105248742156	0.00153890794478026	0.0254881624022932	0.00052180647289904
0.000258925206836654	0.000966432251514953	0.00471759743928661	0.00688221327461051	0.0080781659810999	0.00832184902007354	0.0188892280908854	2.24697663024103e-05	0.869354112901642	3.34731468198294e-05	0.0131262695005434	0.0319201480130764	0.0246233009388036	9.80660995209225e-05	0.000121311789501577	0.00111008773221608	9.69707984027324e-05	0.00150686737674473	0.00143315633733432	0.000649984754611839	0.000888233215676207	0.00476693592444753	0.00213420044004911
1.75139951018717e-05	0.000183768496527227	0.000102562115371136	0.0171653249175983	0.000218900917919611	0.0058022283938598	0.0229522866055012	0.000419415745126836	0.857617072288858	1.78084816520614e-05	0.00259581436916632	0.0234751084845967	0.0193858512903771	8.25957732279242e-05	8.35517865630036e-05	0.000442687753944238	0.00141153544496262	0.000152846211532768	0.0182771958181828	0.000505532357580432	0.00523243123766497	0.0183598634739337	0.00549810404075145
0.000185160442898579	5.31999511669877e-05	6.6484749557059e-05	0.00771390946444821	0.000336531475039075	0.000131911120621787	0.0294140644952021	0.012784654113923	0.880179079634469	3.21796401462293e-05	0.00834221354252346	0.0199096517947366	0.000483545688075959	6.92237036250564e-05	4.99602163720705e-05	0.000429178220132052	0.00049713913880506	3.73724123957143e-05	0.000172333846142416	0.000197610160251004	0.0354191555219665	0.00217047422550281	0.00132496644199957
3.5427090778273e-05	0.00899214822030564	0.000199479612663949	0.00728684321525911	0.000963785174718402	0.00130715477971255	0.0349586713941286	0.000257528301728834	0.873798832699062	2.77335034061699e-05	0.000321405965546355	0.0312582243083871	0.0256375993042084	0.000225049559229562	4.49184389025406e-05	0.00166879046984021	0.00522196030637607	0.000271195291213523	0.000108896386914049	0.00117284332952003	0.00444144865763058	0.00169563279315741	0.000104431197311011
7.17085367891708e-05	0.0102292195154246	8.79636277563924e-05	0.000215945615444952	0.0216562885033694	0.000263654343718642	0.022641177133387	3.77610370226052e-05	0.855662552035594	7.14161251351574e-05	0.000453404991189411	0.0472784139706799	0.0189718167754141	2.52219989390234e-05	0.000843068733833313	0.000625765940233063	0.00322579672947254	7.4587871983027e-05	0.000280362925472308	4.17281644226093e-05	0.00216701010854142	0.0132468272909779	0.00182830802519962
0.000465800922277511	0.000266952053351203	7.3756403013662e-05	0.0131594813121985	0.00128136262402416	0.0231823920709989	0.035990627900204	0.000192491083564766	0.863723695977521	6.19281259554889e-05	0.000320030487545117	0.0299843540589211	0.00930075625044781	7.01582153170701e-05	0.000651749088536369	0.0015639543786584	0.000278120273789483	0.000127636075789336	0.0023824663518336	0.00178483488965139	0.000854816338607633	0.0137596605440527	0.000522974573740675
0.000743459259309633	0.00550727356068071	2.63384700100757e-05	0.0201286832790751	0.00316675902599673	0.0271794766411075	0.0248938895971273	0.00374606949243039	0.853303054800173	3.42349627585193e-05	0.00104738813970771	0.0272419748778208	0.0081520646148531	2.74056325572583e-05	6.95620354970172e-05	9.54396271970578e-05	0.000210178393107999	0.000253415623293941	0.00189637006786326	0.00262821035059065	0.000360456456391544	0.0156323444088182	0.00365595068363246
4.99753684716877e-05	0.000578215528029239	8.07616607147691e-05	0.00145339379065296	0.0236053510495063	0.000362093032514818	0.0168807718139758	0.00137975236288216	0.870390564827477	2.73990116721073e-05	0.000334603373798461	0.0289518576198417	0.0351085190594645	0.00111047119336627	0.00376194493340244	5.66332934125526e-05	0.0001576246522456	8.95316274421274e-05	0.000263252564399706	6.09697572708531e-05	0.000775078475059608	0.0113063259113503	0.00321490909304941
7.1750178396116e-05	0.000147869607143343	0.000127323692320187	0.00811579650819282	0.00496527759611446	0.0366393737119023	0.0260980275289443	0.00613104806864134	0.870577433780064	4.65760659369397e-05	0.000326914117411185	0.00997775723993372	0.0186113298384069	0.000660334100611123	0.000533050542009608	0.000675654610361479	5.63518199053698e-05	0.000230035668171577	0.000350903692630822	0.00144187719279972	0.000442438505662133	0.0125137775404799	0.00125909839396106
6.97748589758828e-05	0.00554046220416298	5.81294632799531e-05	0.00651353636836096	0.0102431138517154	0.0328442122083427	0.0250447763312389	0.00485282360981966	0.865835138445348	5.85718425277868e-05	0.000122056436752596	0.012339348827984	0.0015373346792129	0.000182530572333556	4.33056628014242e-05	9.46203135406423e-05	0.00173951996942798	0.000235177155401793	0.000277560966565255	5.00482218553727e-05	0.000760881016666633	0.0171862518952224	0.0143708250984628
0.00481059082371406	0.000470350183836422	0.00157091169732532	0.0134629963469996	0.000171628869247424	0.000815571345704457	0.0272999152497586	0.000431137657472485	0.884789309597595	8.09595635669212e-05	0.000791120847212794	0.0179764203230091	0.0129962504754584	7.64898685817135e-05	4.20472680822666e-05	7.569048934585e-05	0.000861450243494466	0.000154273182890429	0.00103058457004425	0.0020610882920028	0.00917513952393909	0.00105881898021716	0.0197972546005019
8.10126369313162e-06	0.000217200129696583	1.91915664656725e-05	0.00428311837243202	0.000436012769059016	0.000472934427494647	0.0257782901876786	3.42290991025166e-05	0.869842678484355	1.88599779754957e-05	0.00095537191958321	0.0280774390340813	0.0275460497859179	2.86942982783765e-05	3.81707834980898e-05	3.06120094828093e-05	0.00994289100251142	3.75537281496356e-05	0.000300209628162545	0.00585911475836886	0.000667029283236259	0.0147116959457096	0.0106945515450668
2.14460879134978e-05	0.00563765240881653	3.38765609901787e-05	0.00532150793265789	0.000136505860027607	0.0490390476164161	0.0255589496899178	0.000526725418140582	0.850921295479708	2.87966246280029e-05	0.00194754298425434	0.026874070906618	0.0037129428582652	0.00019552252550243	3.0337043412618e-05	0.00174718163672256	0.000110056186757408	0.00300852999853691	0.00312260430638547	0.000270608766238448	0.000570877207619977	0.0149383577417013	0.0062455641587695
2.93753900465733e-05	0.00518953736639737	0.000176402576868107	0.00314162668168155	0.0003501130017939	0.0019983847632565	0.0238028197865412	4.01440825018772e-05	0.881232472947002	0.000195894689301725	0.00492597200902114	0.022372882069061	0.0388280074465168	0.000364092622744628	0.000561906698934329	0.00364533558236349	5.45128003578662e-05	0.00347841774729263	0.000294359423052672	0.00350050254901141	0.00144594527991262	0.00352633110764528	0.000844963378695034
0.000142333414319143	0.000176508791337242	0.000422154292996387	0.00213943041683635	0.0137166965380323	0.0437947823956837	0.0269527403041609	0.00240065969888827	0.838212276879029	0.000365044461147631	0.000629600177291685	0.0523519121033645	0.00121332231562422	0.000131378431907885	0.000117904734086628	4.80020521085233e-05	0.000885207492880143	0.00147553651440712	0.000294100756599523	8.01556872333084e-05	0.0105386019092783	0.00307969329061254	0.000831957342174998
0.000124081125104404	0.00288408886454503	3.73666142063123e-05	0.00505919252669124	0.00198401814194892	0.0187298363027644	0.0259203457746154	0.000324530433410911	0.859464710338049	3.22075986475803e-05	0.000199183585138345	0.0359774822263015	0.0115601861085511	2.95943920989946e-05	0.00152417906723633	0.000591933830811413	0.000942325407941095	0.000252111612827312	0.000209759643016765	0.00507191866929436	0.00680071672327655	0.00973747117387417	0.0125427598396483
0.000691860981352006	7.79708898339966e-05	0.000666641392499765	0.000268221688678569	0.000496267788052165	0.0126303712340412	0.0367640972694117	3.0952156989308e-05	0.886666573932229	5.82731197211975e-05	0.00301400924775487	0.0157912998003395	0.00281369437471169	0.000174372518681813	0.000172028903406509	0.000523859912047238	0.00104418840309896	0.00353359641151646	0.000666222234655959	0.00115146313025203	0.0224859341588734	0.00830902618203997	0.00196907426981201
0.000216926268034305	2.58549783287442e-05	0.00350015227782971	0.0128974474725288	0.00019871079060705	0.000221481226097969	0.0708429245247521	0.0295529505864821	0.794307281078213	0.00501195615831746	0.000349402356676327	0.0210474951846968	0.000198917417175602	0.0342376169144309	0.000188437026094351	0.000379341600426466	0.000447816787125611	0.000346102168293934	6.08877894713899e-05	0.000923833588694216	0.0249533479586229	5.57007238631771e-05	3.54151232375414e-05
0.00011278843200694	0.000737616108556058	0.000119408640687374	0.0120670066490398	0.00057897531548718	0.000353274569742662	0.0255551918477754	7.39866463857259e-05	0.879490967867979	1.55496960163483e-05	0.00119866010815849	0.0193492532561698	0.024158909880773	0.00066829769801852	0.000241267009228992	0.00026584792784137	0.00118057186474716	0.00522979712609695	0.000801604775932591	0.0026892024623642	0.000146128498854776	0.00709727800682549	0.0178684156113118
0.000125189722009001	0.00414871045461753	0.000501914840088505	0.00544805120348581	0.00087795205911908	0.025166143277884	0.0171095917260937	1.24948932505684e-05	0.858058676093411	0.000474268956931604	0.000559081805191495	0.0332090512232292	0.0326239902488299	0.000383524158545588	6.16118132806744e-05	0.00130258540148993	0.00337912273800457	0.000164632012959386	0.00249272401866266	0.00542716892704948	0.000246630200686622	0.00751607483287924	0.000710809392299768
0.00017558573328698	0.000320853074274839	0.00295155789941081	0.00513382120823536	0.000353778891666004	0.0122821088789823	0.0301887618739772	2.22947075304068e-05	0.876111970240814	1.2406880107341e-05	0.00691548052078099	0.0433098843039499	0.0150127529687638	2.03054160601538e-05	0.000117688635782257	0.000369655558816486	0.000264255593145817	0.000876817701902287	0.00034234242611586	0.00128729131622712	0.000801459357587388	0.00297612792741358	0.000152798885169076
0.000138552724499602	0.000571766851035684	4.89978376941223e-05	0.0112176681079977	0.000160539448960613	0.00278556268592528	0.0256955209683591	3.07923241438175e-05	0.883703715022738	8.77828286441601e-05	0.000765759080089278	0.0162879160316899	0.0282321014691006	0.000685994064150438	3.52368441801037e-05	0.00325552640865606	0.00494289079174819	4.5117596766531e-05	0.000442242327683983	0.000441868219539843	0.000366385943787085	0.00720333389296816	0.0128547285296413
6.49161829850809e-06	0.000124448643119603	0.003937541451659	0.0051101325857349	0.000757338814705461	0.000642498917028946	0.0273933783162588	0.00059382367669242	0.899737277278571	1.19467943119589e-05	0.000264421013055109	0.0302587292898234	0.0220938332989074	3.29204826369895e-05	0.000327314742007826	0.00116278344287517	0.00336985979722578	6.0987314569522e-05	0.000246716554115222	0.000300838538183172	0.000181694591106184	0.00323128706987753	0.000153735769235953
1.71703494175656e-05	0.000195627764187378	2.927718665662e-05	0.0093633424172341	0.00121971717847002	0.00544167377373382	0.0222392574428641	0.00400323079994026	0.865648590920013	0.000167431144619875	0.000264448829571435	0.0378373921115109	0.0202088862461702	0.000134328594346265	0.000240857519021349	0.000599119474998139	0.00221793431447648	5.19622097019508e-05	0.000441789279900542	0.00443745121226134	0.000329749141867774	0.0193537156299948	0.00555704645904196
8.11122502278101e-05	6.09928147517015e-05	1.69988773911975e-05	0.00944952420042741	0.00107471867516127	0.000307637883827556	0.0259219368419553	0.000992425592065527	0.884531142987603	0.000137597279311828	0.00406085466927379	0.0209999812418325	0.018446498935024	1.61896124022767e-05	0.00086063169112924	4.25073675459943e-05	7.99304129543872e-05	0.000253587313022513	0.00168272712430333	0.00108725043951804	0.0204229695681551	0.0037481062828347	0.00572467793928222
0.000125526051035758	0.0229392674049783	9.08727480745686e-05	0.0159550625789019	0.00143814274056517	0.0318828299551251	0.0207889933150242	0.0151718095901013	0.832100922824919	7.41705453926388e-06	0.000238669051559322	0.0319819651070943	0.00193879900739645	0.000196262577250509	0.000468273197272182	0.000184886565840537	0.00662360177874435	0.000105165535787646	0.0021976545291756	0.000141758732230018	0.000214765954550569	0.0143935717494759	0.000813781950357703
1.24802377975987e-05	0.00217367395393915	9.18385182162861e-05	0.00832077471916814	0.00899184646184157	0.00314812143482163	0.0227868908928055	0.00023859132191504	0.872156302196467	4.30537763778999e-06	0.000200236296303971	0.0138821622375957	0.0348012987583518	1.81687622559478e-05	9.7559769295647e-05	0.00103220422786507	8.84890586498171e-05	0.000103959906174802	0.000307819331679842	0.0145411237126481	0.00554313827930874	0.00943726816902357	0.00202174637623795
0.00070814947562173	0.00265569424485041	4.91014593306528e-05	0.00102886310140703	0.00133878758627105	0.000431899893809549	0.0330727932853074	4.47412857996993e-05	0.870780726039385	0.00125223211542223	0.000193420708943878	0.0198557388644918	0.00238590210231588	0.000127011490510925	0.00385745329924258	0.00419016208250367	0.000431687529874021	0.000106238277040448	0.000177419737774717	0.0119419393261822	0.0295554405115631	0.0149635395614366	0.000851058020915792
