Bcells	CentralVeinEndothelialcells	Cholangiocytes	Hepatocytes	Kupffercells	LSECs	Mesothelialcells	PortalVeinEndothelialcells	Tcells
0.260561983134374	0.028647502573348	0.00490692417391583	0.285270612933782	0.0660266763652367	0.00144769109897486	0.0183376053530508	0.00218771479792089	0.332613289569397
0.240672694553297	0.0034912633879706	0.000925814438549671	0.247387747906743	0.111216078017392	0.00980869439976474	0.00323093902592042	0.00200536269184874	0.381261405578514
0.243938333761179	0.00982364658292159	0.0020395870209943	0.277818485015968	0.0897091553324232	0.0119408485868948	0.00640275004966243	0.00661855871082146	0.351708634939136
0.285961435119882	0.00425874380322397	0.00151366439245019	0.274926638069396	0.0322350808655106	0.0213884165641276	0.000586927440071887	0.00172770435549067	0.377401389389847
0.280615363328449	0.00183445286201973	0.00332229084642797	0.244665876393904	0.100515342373325	0.001345123669413	0.000352655575681593	0.00321673146413368	0.364132163486645
0.223614570564385	0.0020926201384451	0.00960424970449368	0.254568921575177	0.144092118499611	0.00702788591187134	0.000369578559311737	0.000557192097685783	0.35807286294902
0.225946815220514	0.00902102533406924	0.000663961883930316	0.261532648122554	0.111133789351984	0.00455440332622232	0.000532316356678248	0.000556057560269442	0.386058982843779
0.269629958741889	0.00109560676553247	0.00220665632464626	0.253806285769197	0.0870309656206059	0.0184853871408909	0.000243707653497568	0.000449814835481424	0.36705161714826
0.194841075182797	0.00785250057550995	0.0597279861402452	0.262283543262414	0.0689527170295754	0.00274337159255805	0.0103535775244456	0.0293776106135161	0.363867618078939
0.256056768667738	0.00638391735337845	0.0035644397265291	0.253871587238709	0.0816214422995278	0.00139595765480211	0.00043997112944333	0.00104757051597438	0.395618345413898
0.23305451310617	0.00282262518705701	0.0128775186542861	0.283802277224432	0.0533766535638737	0.00974673868741836	0.00136429160011594	0.00487435494837384	0.398081027028273
0.239660176026668	0.00268753132184305	0.00113413560740787	0.270000497921789	0.104974274595935	0.0120679473128554	0.000203445895451053	0.0010927452883527	0.368179246029698
0.230061724673908	0.00308906684710983	0.00371587026515725	0.2715015601978	0.082736775430158	0.020221495286893	0.00438579323397946	0.000567482748686063	0.383720231316308
0.264303026453802	0.00618346205891944	0.000592215102033195	0.247345671239738	0.120506552490321	0.021237008818535	0.00277474429768699	0.00105729003708664	0.336000029501878
0.226819248990869	0.00087692778992981	0.00287388444442602	0.280589401013033	0.13849157190459	0.00251017160312312	0.000161900461870097	0.0026500237331434	0.345026870059016
0.250066948151378	0.0101634170425259	0.00124859555082596	0.277798084468208	0.0426146568406221	0.0183215161546437	0.00391465677965346	0.00110833558588659	0.394763789426256
0.203720105387116	0.00386109889755043	0.0436879443736174	0.257796391744101	0.086653287866911	0.0129523556342421	0.000736534703168018	0.0167816984326906	0.373810582960604
0.264044910843829	0.0229729222252398	0.00132570667685059	0.295409448911927	0.0534860118184596	0.00172982104741776	0.00164764033035946	0.00378440152864347	0.355599136617273
0.19335343085453	0.00172469701100256	0.0183091560066012	0.278983049951994	0.110685565299	0.0087164054145588	0.0232529936522976	0.0156289494600696	0.349345752349946
0.221399231207001	0.000380925757428304	0.00021833315479086	0.237675681141795	0.165844489257715	0.000913155304090432	0.0183404088015331	0.00103733197263793	0.354190443403009
0.260670977112966	0.00963346767870832	0.000896861656752596	0.270889665350662	0.0418429423822244	0.0127857841425371	0.000139329231932253	0.000774688622119556	0.402366283822098
0.227623959905739	0.00125376937494325	0.127434922613774	0.248631752818442	0.0598060158131682	0.00285994709778329	0.00703269380985819	0.0170797764266046	0.308277162139687
0.254484437673192	0.00206368753231554	0.00159089773998736	0.268913268739064	0.0799042181332558	0.0317878165320434	0.0101861476230064	0.00480382689040478	0.346265699136731
0.196038712711858	0.00155143034903141	0.0219107850951598	0.312757990177046	0.0447312153851311	0.017273040831604	0.000753456843372159	0.0147564972601294	0.390226871346668
0.223160620718563	0.000588413566648458	0.00207639712629454	0.245342890986293	0.111794104338385	0.0166847558003048	0.000175738592612034	0.000922917288124782	0.399254161582774
0.275493135192785	0.00197905612251053	0.00592935092170294	0.267690031790886	0.0934922167168115	0.00750414276114742	0.00481500831529341	0.00257474818996826	0.340522309988895
0.250585647152014	0.000745042589583276	0.000932001244144749	0.290872216648616	0.0576317703049928	0.00301741796387433	0.000108525047041382	0.000790360192803135	0.39531701885693
0.265484059410694	0.00565769408601175	0.00243610917928591	0.264303411333359	0.0654017275292627	0.0134074859992218	0.0100738328617799	0.000658427387070737	0.372577252213314
0.220685270318874	0.00326309333583013	0.00964029721517072	0.287949048078388	0.075351642663427	0.00294022328087981	0.00327458518074738	0.00852245717640013	0.388373382750282
0.232447251533458	0.0060321481932962	0.000736788365976079	0.269186400523818	0.134135717842099	0.00523981603261805	0.00108770278130959	0.00413306205351907	0.347001112673906
0.228092833622789	0.00782572242846067	0.0119398314139048	0.296686090088091	0.0615047467063205	0.0027371416778781	0.000171123293213239	0.00109594244331597	0.389946568326026
0.228715527180527	0.00494411101064019	0.00425483761631704	0.236017886643039	0.13145893942685	0.0238202505068315	0.000653386163234246	0.0060088707596494	0.364126190692911
0.243347874016975	0.0147906232213124	0.0058808773669442	0.247102704036804	0.120436448549182	0.00936952310465452	0.00642983269115124	0.00165159194133836	0.350990525071639
0.265718368256755	0.102519098898835	0.0020359603649059	0.275127627780099	0.0427383883334427	0.00556072153974597	0.0390281619177602	0.00258018510369824	0.264691487804758
0.27868924499557	0.0122612027891757	0.000666365692041683	0.249997560327409	0.0650477328515491	0.0123820216985845	0.00645290074821376	0.0192174766851308	0.355285494212326
0.172077082907122	0.034507609906997	0.00036001700562996	0.288364351501698	0.154410889512993	0.0102645282613278	0.000480750435736342	0.00623961378079906	0.333295156687697
0.247308625314226	0.0077023480551627	0.00116561961047481	0.221037820368111	0.144262825024559	0.0142819285400793	0.00216150709335466	0.00350501508974191	0.358574310904291
0.242574675308306	0.0503439872821955	0.00062480446737643	0.280183978253925	0.0997074234746854	0.00364828182916767	0.00323693490606568	0.00138062797812444	0.318299286500154
0.236010620555597	0.0158297543268524	0.00128612903081017	0.267488283469173	0.0773995071699913	0.0117556572141531	0.000660204638560125	0.00240920685588834	0.387160636738975
0.257190421755843	0.00364680883222359	0.00042569270296872	0.260978380462474	0.118933593596347	0.0134849958835463	0.000524438528794311	0.00136495366709794	0.343450714570705
0.254847023257186	0.0240374903537571	0.00177013757395462	0.272185471226857	0.0607526397921921	0.00315801892865824	0.00185916684815373	0.00221653216423442	0.379173519855007
0.209558891510896	0.00508191455568186	0.000977624216969851	0.285299417975831	0.0530465395289437	0.00457557313465496	0.00480584174665213	0.0138455652840026	0.422808632046369
0.257325332187288	0.00124924648620502	0.0182793547577046	0.244370886218762	0.0846632918181407	0.0036752043971079	0.0137500935843229	0.0062653598078485	0.370421230742621
0.261000223478245	0.00941198922502572	0.000680575177130727	0.269958051928343	0.0710038140673626	0.00619443701201202	0.0113072856604905	0.000992743914007642	0.369450879537382
0.236526157370891	0.0114728376391446	0.00169281467340269	0.293248392195817	0.0889116047629595	0.00235328749792994	0.000179352294112569	0.0008363974681754	0.364779156097568
0.203596462941519	0.0553235383835745	0.00440995272618932	0.298512542544583	0.0374289130853162	0.00774450828773803	0.00616826184644497	0.00144987601499411	0.385365944169641
0.249670829823505	0.00289595152288298	0.000510773760602007	0.260753265268164	0.123510028242971	0.00222491681257344	0.000239662425969976	0.00123180831085437	0.358962763832476
0.263273759438508	0.0033114976681481	0.000648518640221749	0.259834958097917	0.0691081240311243	0.0255366814321385	0.000106546180367788	0.00207720429174	0.376102710219834
0.206660618307087	0.0437998985220524	0.000711031147092853	0.302697362267446	0.0310111081522886	0.0188568380658533	0.00419124511839521	0.00330932625312242	0.388762572166662
0.255234824300896	0.004801222611584	0.00111626986163338	0.291874561924056	0.0635978745408647	0.00724768553699894	0.000443769344681227	0.00175023723809946	0.373933554641186
0.263752043425085	0.00279846808126456	0.00155008717383271	0.242863283600321	0.0645160505268032	0.00514844899328634	0.000190315805111104	0.00133384457130424	0.417847457822992
0.247094396663977	0.00327259589524537	0.0519554405313751	0.252938473429549	0.0810682107432326	0.0124842228878483	0.000448160322628213	0.0195934391555081	0.331145060370636
0.248591419404055	0.042601841452119	0.00235457184315554	0.269983966381188	0.0641340517906611	0.0223583000950781	0.00553062753043568	0.00626493835624143	0.338180283147066
0.272182843504376	0.0010820054856888	0.0297251378675767	0.284339449952047	0.0324150815756825	0.00277725588607405	0.000455722268788592	0.00792356079679034	0.369098942662975
0.272012516409821	0.00724989729073359	0.000926535143912552	0.262326293660413	0.0599306294354741	0.00578978904967441	0.000338058121396393	0.00835887336354819	0.383067407525026
0.258827501484708	0.0287932862851473	0.000684267366637421	0.256993567982046	0.0964607304655634	0.0268059634798187	0.00902333894656962	0.00360587516864323	0.318805468820866
0.254759972081155	0.00940311332006017	0.0018719281659902	0.283032935794649	0.048896661082513	0.0191874202311362	0.000143879818826422	0.000721279986493814	0.381982809519176
0.226772120963457	0.00291838997360837	0.000325770734739903	0.271844629179289	0.112270135354156	0.0032173620523739	0.000410925674954354	0.000930190134011641	0.38131047593341
0.229718736018733	0.0180240584285387	0.000902292736675166	0.275181254510698	0.0682842837908071	0.0110398172965023	0.00459463984912842	0.00394623055050388	0.388308686818414
0.303417701574455	0.00206815381936875	0.00428960533782125	0.27322800836323	0.0429177118698673	0.00559110421189184	0.000535778240306669	0.000879305028938281	0.367072631554121
0.262153678497403	0.00113154885438418	0.0049271655699675	0.270830285920734	0.113718428374366	0.0181779448379932	0.000165481181455474	0.00143905634822819	0.327456410415469
0.227777012825962	0.00454913034120805	0.00116130423619214	0.262650436835697	0.0889362750598035	0.0167867567814146	0.000238847440621504	0.00128216784419887	0.396618068634903
0.198418736835251	0.00692614209533772	0.00172787291903048	0.265795541133438	0.102288749389089	0.0286073905521468	0.00570531514814229	0.000841358850315217	0.38968889307725
0.253185984773236	0.0135438997193183	0.00169081250144877	0.265330266764006	0.057469334546763	0.0249604102256677	0.000504679020782288	0.00298799699635859	0.38032661545242
0.242721457323537	0.00376844388979323	0.000468950387734327	0.255333905276011	0.0750703154494991	0.0436886145806539	0.00414157996705831	0.000747383909742392	0.374059349215971
0.247737032116345	0.00702620471875383	0.000729284061010329	0.271589736969726	0.0899242511066549	0.0145251931721061	0.000723709059083465	0.00666877230964957	0.361075816486671
0.204203014054803	0.00245568019451848	0.000577047283068396	0.291469756522494	0.0690091557425832	0.0049594291404503	0.00018589193825534	0.00145059145674627	0.425689433667081
0.226372218656905	0.0162955897084856	0.00215456290164079	0.29654535416842	0.0459810145323157	0.00517121845798272	0.00526776834345009	0.00259274301656911	0.399619530214231
0.19474542096529	0.00271891802373761	0.000687679649930492	0.27045487263014	0.103664600683588	0.0123280669630262	0.000103518459154236	0.000706526336871571	0.414590396288262
0.260555073471864	0.00606160541068004	0.00186487088035812	0.280125709835595	0.0542895039694363	0.0196692464898543	0.00118895184479214	0.00154066703043813	0.374704371066982
0.245571084738733	0.00254012313067256	0.00243015046108962	0.28540038378553	0.0533103740178988	0.00792946345541001	0.00014690334037323	0.000775034157811152	0.401896482912481
0.214873361377444	0.00689250213085808	0.000486919652409341	0.317918973900477	0.0547023754604571	0.00512594131350053	0.000218206813454659	0.00947842622415061	0.390303293127249
0.260634834519473	0.0165155873612983	0.00162617514407158	0.277698401695079	0.0524504686314969	0.00741662198707338	0.000746480786536435	0.00410579573792011	0.378805634137052
0.226312811011438	0.00917061841475784	0.0101677470301415	0.30821790483417	0.0585323851833514	0.00693958427264934	0.000436902895442056	0.00105156446265796	0.379170481895392
0.239746885103349	0.0488345106661657	0.000428584197509351	0.275285962791407	0.0931246076960942	0.0143095196079503	0.00053703590753579	0.00607588963222882	0.321657004397759
0.211486662325551	0.00375103209543313	0.000652668180539419	0.242871991788178	0.126287798048828	0.0185300278916017	0.000186460350992376	0.00156009835712857	0.394673260961747
0.257233526682675	0.00349072369639483	0.000899829483367848	0.263741833683811	0.110862875356868	0.00281142268667456	0.000250437745332436	0.00191804568640727	0.358791304978469
0.223990351421364	0.0198778088017535	0.000742625294911854	0.272053250035823	0.142613743509951	0.00988898334758156	0.00181741575281838	0.00266051232258287	0.326355309513214
0.197392680060792	0.00161239035932303	0.0120476573188267	0.244411537201567	0.156627697821843	0.0122867712362634	0.00273752114983103	0.00370688234857724	0.369176862502976
0.277731113792505	0.00127769077534454	0.00132376227804905	0.260835787790886	0.0698225006122446	0.0113725853418276	0.000104455825538161	0.00199925093015797	0.375532852653447
0.20892881800162	0.00240812307518732	0.000203873521802304	0.284114084351608	0.0559605038980894	0.0264479949744868	0.000193633189189621	0.00132314211468902	0.420419826873327
0.239325797690062	0.00561821042405912	0.000771816862276038	0.265809610393769	0.126319070122599	0.00492225558176714	0.0120796176346365	0.00467543730468048	0.34047818398615
0.245677387637089	0.00131932249382803	0.000545164158166954	0.290573629833606	0.0659237891021513	0.000612983606176176	0.00429996976938775	0.000624090180173547	0.390423663219421
0.191792646183481	0.00111743122919775	0.012720105915825	0.288658907662236	0.120717211969693	0.00453492955454621	0.00315425312223557	0.00598875798871028	0.371315756374075
0.259734976464187	0.00667872999307927	0.000524138146526132	0.287845921571993	0.0409971823550049	0.0272601698778348	0.000234154320903419	0.00666583095782879	0.370058896312643
0.235796930780703	0.00383435397473161	0.00299682541835903	0.249858468596454	0.131993175666138	0.00756707641527903	0.000486647246318368	0.00164469937846349	0.365821822523552
0.233603598520388	0.0292452923683838	0.000513893618465245	0.280804149872235	0.0815305087429821	0.0191158231192386	0.00156853562740006	0.00158144732322751	0.35203675080768
0.21075721941747	0.015266439029979	0.000625265845963765	0.297768563975304	0.108691603164328	0.00978398996285428	0.000197652645506197	0.000813966908132274	0.356095299050463
0.262942642614742	0.0030172401053643	0.00042275153329165	0.283484575007494	0.0410085430860426	0.0104116333226965	0.000341406954370404	0.0061696913000562	0.392201516075942
0.242176902426001	0.00500773080723246	0.045102279987504	0.297470286484706	0.0480934939837626	0.00337167662955436	0.00113359381128653	0.0119122480233853	0.345731787846568
0.238210267804528	0.00272297150498534	0.00145035914062484	0.282819481122533	0.1203658690833	0.00192639916367771	0.00195976187081707	0.000490809443216963	0.350054080866317
0.143642732841122	0.00804243953001749	0.0317147732753526	0.314700832980033	0.0503380258868371	0.00248787445922531	0.000739458738622431	0.0206668053858819	0.427667056902909
0.25897343833806	0.0285046125404787	0.000965852867814653	0.273153027534709	0.061952984444714	0.00199549303882984	0.000345774293126847	0.00153034139535779	0.372578475546909
0.203287550215106	0.000747261705900862	0.00747561229570017	0.293611312311036	0.0894967638223963	0.0155348238344757	0.000140393790414449	0.0208670592295069	0.368839222795464
0.226004354692993	0.000579001767283561	0.000548302231741537	0.271281718963613	0.0978986715647165	0.00887943757618348	0.000174688736404364	0.000610715716883839	0.39402310875018
0.226915788951947	0.00100272354111918	0.00104400429349244	0.336624909657279	0.0905196821850783	0.00640710552969868	0.00153742465828624	0.00148823800934051	0.334460123173759
0.258591072151411	0.00355093699830821	0.0018133555553325	0.239949079764127	0.129768140420578	0.0356292410165467	0.000170419866507456	0.00419926862247648	0.326328485604713
0.282593683624452	0.00100177186974961	0.00547755567362619	0.247918430204603	0.074454397333981	0.00582663934214263	0.000279166418018726	0.00043966116118071	0.382008694372245
0.223440865761747	0.00120435189949239	0.00034372508845209	0.29428162655283	0.0967218644090375	0.0212432030578622	0.00363473193643841	0.00280139349867912	0.356328237795461
0.200001683183151	0.00785901405053979	0.0016783793667946	0.258295328426773	0.153857963366913	0.0102185792374827	0.00131875734554938	0.00148492287533048	0.365285372147466
0.265860056686258	0.0132496644221012	0.0024962303807909	0.276097961701656	0.0669258218491564	0.0045817880434961	0.00335529100777328	0.00169917458086085	0.365734011327908
0.246161339582062	0.00268478788203261	0.000594264717655669	0.278774573776062	0.0764720898154722	0.00677688290697867	0.00214539948451255	0.00975922963281538	0.376631432202409
0.261095917729006	0.00238011477829196	0.00296066042188215	0.277560725043033	0.0427818609266792	0.0067142680308991	0.000132112592556748	0.000506956686689858	0.405867383790963
0.25813748433538	0.016119943291197	0.00160233755573523	0.253624017641084	0.0902577795133925	0.0316531966605155	0.00313014489907449	0.00175783260077245	0.343717263502849
0.26872154391943	0.00237088884764754	0.00251829013908571	0.261459352819836	0.0525740354916771	0.0274129251028791	0.00331393181859654	0.00241510564317721	0.379213926217671
0.226662934217434	0.00275301681915386	0.000943828068727569	0.30586716443368	0.0573557984197386	0.00602826378137864	0.00176302267791322	0.000876282643495054	0.397749688938479
0.21783378341731	0.00216408068154879	0.00562280887545122	0.30459789312111	0.098158179095023	0.0171744499707784	0.000230566592260166	0.0035014349010097	0.350716803345509
0.271532524774018	0.0129621508769068	0.00096447485426263	0.260164223659532	0.101545449188326	0.00691464773446466	0.000146648372804354	0.000747778723914052	0.345022101815771
0.248141240813095	0.00166845467771873	0.0034689874289598	0.243901780948069	0.123153427355338	0.0137639481391339	0.00431545783861165	0.012842707196335	0.348743995602739
0.26253760187084	0.0639306032582514	0.000874136731509738	0.262198876506348	0.0553874238504865	0.00198975133852669	0.0356491839290399	0.00722356339444209	0.310208859120555
0.279091085664031	0.00104563212683025	0.000392684607462442	0.299036970579682	0.03101739968	0.00615122959366915	0.000732308945665307	0.00170138174445283	0.380831307058207
0.221171731113878	0.00203877955195921	0.000351555824550166	0.260323427100517	0.14794543990244	0.00443379150184815	0.000288172852677427	0.0034516039369319	0.359995498215198
0.258005539194257	0.00295245520065458	0.00382903762436129	0.270247451107114	0.0646733990107141	0.00581734936978127	0.000971691593560737	0.000495672937656217	0.393007403961901
0.208062131424976	0.00110370201854854	0.034431309336996	0.301969788323898	0.0655670760111362	0.00220075160682471	0.000168013369097177	0.00557148152474378	0.380925746383779
0.318587164784374	0.0020964809292579	0.000567691129439392	0.244403823826714	0.0792017756493475	0.00880164623161281	0.000192324681466194	0.00106467883877083	0.345084413929017
0.210435552995233	0.00256023598859657	0.0161335561546435	0.267902582027105	0.0526119851720827	0.0042376680124005	0.00140775006599833	0.0197925640291516	0.424918105554789
0.245245349646788	0.00351748696402113	0.000870856037426269	0.242781138089535	0.149677393099102	0.00751582507325404	0.000735128268759095	0.00202900168406506	0.34762782113705
0.286842853873916	0.0028939106785111	0.000789837619253304	0.284889477165421	0.0482376318929023	0.0070725941776947	0.00465066971588149	0.00316322510132741	0.361459799775093
0.201911286956619	0.00330769726891678	0.00157059592647882	0.234691473919778	0.18561955445751	0.0117204074139908	0.00027421122252673	0.00110389689949381	0.359800875934685
0.272265703086875	0.0104015905603752	0.00103131289846461	0.257637526312374	0.0852475996365264	0.00559185858467739	0.00184296851262989	0.000673413355225294	0.365308027052852
0.203223928417114	0.00195577720747471	0.0130654308491372	0.249328770994029	0.133974817905033	0.0170667645893412	0.000220790747208408	0.0106509030465533	0.370512816244109
0.226016496113221	0.00839977274792658	0.000701226898779792	0.306546620207461	0.0409954611665654	0.0191910792773281	0.00169229661735286	0.00277416633219277	0.393682880639173
0.212052557495165	0.00546757314186272	0.140354624173347	0.240275474381589	0.0313166909519419	0.00129940292511684	0.0137034034049005	0.0117813591097095	0.343748914416367
0.238374376726923	0.00588005541008925	0.000737655256133177	0.300906714451681	0.0581647070797201	0.0121412584585037	0.00629032248275671	0.00108328540877912	0.376421624725414
0.238954475208167	0.0166059088819759	0.0372042851617079	0.249728380630708	0.0569048004439522	0.0135827546681986	0.00881942459823016	0.00807358968503091	0.370126380722029
0.259460754109421	0.0578820918349889	0.00149332087514423	0.228654179285138	0.0559290391327283	0.0213167698014213	0.000684234368935033	0.00437994570418096	0.370199664888042
0.22512178194668	0.00233892666257761	0.0269236471907092	0.265438340498429	0.088639028212118	0.017858488017907	0.00016531189619216	0.00887610593886279	0.364638369636524
0.266162770923093	0.013235831679452	0.00104557616825172	0.281434406818308	0.0292374791645177	0.00685602945342305	0.00127229678498508	0.00541094324378629	0.395344665764184
0.193954258512719	0.000650132346720686	0.00204553199764441	0.266638988023924	0.121330267789383	0.00131415082221658	8.82483014882544e-05	0.00303111114879724	0.410947311057107
0.232375451303843	0.00333281195526601	0.00130483184214965	0.295816603504587	0.0847372861361444	0.00249053738491386	0.000708899389202086	0.00342455915173223	0.375809019332162
0.2245644755429	0.0028103508119782	0.00370271176324632	0.270797624959013	0.130970053995336	0.0114902617069673	0.0020819967094051	0.00181349633000801	0.351769028181146
0.242942402512393	0.00345759449569705	0.000736608645028532	0.280312555945124	0.070817677275567	0.00791991050468601	0.00097321693805257	0.00442265297608124	0.388417380707371
0.213459009240617	0.00398782276594253	0.00823477319212996	0.303586619902588	0.0932004909531476	0.0104904925646404	0.00215577002496032	0.000888943334546129	0.363996078021428
0.201128617991672	0.0037117975987236	0.00064716685268572	0.306583778468083	0.0468476068549558	0.0144204867627345	0.000219733020345313	0.00180458204485868	0.424636230405942
0.232531819479904	0.00186720040241143	0.000681477094570337	0.2450176924479	0.126078174894318	0.010680820304546	0.000167511529451492	0.000244066393201153	0.382731237453697
0.248141849371281	0.00127404009525079	0.00374113985101239	0.261273970024274	0.134626429463585	0.00600445195844157	0.000194187546679457	0.000516179887104749	0.344227751802371
0.232677408986077	0.0184412258864929	0.00204470013359757	0.297256455515481	0.0546809065167813	0.0251039218653587	0.000262797393571275	0.00205162822886239	0.367480955473778
0.259877299326891	0.00416688200904947	0.000657163050860821	0.275569998187296	0.0716297170293647	0.00216209490421572	0.00057199278342547	0.00187983389249144	0.383485018816406
0.273369527638627	0.00247188594268828	0.00178931588348392	0.271699630830671	0.0880290241984124	0.00922224590205095	0.000149624975636059	0.00269046837959926	0.350578276248831
0.288265315746517	0.0267968932187591	0.00151367437912837	0.252494463583933	0.0786637316637754	0.00424851413936005	0.000727435618101926	0.00313224998210704	0.344157721668319
0.228973490879656	0.00233602088878719	0.0016165337524392	0.280290576429352	0.0834298061090709	0.0213433061939753	0.00187101783960155	0.00520561053524569	0.374933637371872
0.209337909424478	0.00325089577544595	0.000206774533401529	0.29289697444503	0.0847349939749178	0.0055362683566814	4.2154392461016e-05	0.000398866047179484	0.403595163050404
0.256333241561975	0.0025768663107377	0.00172352174144779	0.241770394645032	0.133713152646632	0.0214245048628332	0.000311367073673698	0.00258522718763151	0.339561723970037
0.232743925842942	0.0016290917355087	0.00140352932497609	0.215357596524957	0.212033922623463	0.00647852275867433	0.000952716493177059	0.00889193114498018	0.320508763551322
0.209035403451062	0.000226798679046705	0.00231467996461407	0.295202221582067	0.132679505778717	0.000242020965500964	5.19058463755036e-05	0.00010311499627515	0.360144348736341
0.282398152094389	0.0103360906351665	0.00113155252386788	0.288394328895996	0.0523295379528096	0.00183030226397273	0.00125937438734356	0.000573089396544578	0.361747571849911
0.232958671376704	0.000749265791255403	0.00146145565873448	0.265146645825711	0.126010483016027	0.015157010631382	8.18564415620303e-05	0.000724821639918599	0.357709789618706
0.197870768188798	0.000816487598847405	0.0138001100916476	0.275364809091306	0.0957490911535955	0.0188903457159025	0.000114008690287488	0.000491380313922747	0.396902999155693
0.218225824193336	0.00924834930198013	0.000827602825348	0.287688539495319	0.0790273502581715	0.00135995708087683	0.00730227914896206	0.00134672339178048	0.394973374304226
0.305646991422087	0.00136957676567092	0.000646279971330028	0.278253301245394	0.0513837096829751	0.00535948124875932	8.69072247154613e-05	0.000951164507167196	0.356302587931901
0.252765075706076	0.016247788838421	0.00118813560822709	0.28049969405657	0.05761339928652	0.0191420946563697	0.000590031603170751	0.000976492282892078	0.370977287961753
0.249616807425233	0.000821615839813099	0.00602290740781654	0.254811796206396	0.0506121490854697	0.0123620372023627	0.00624986732936431	0.0019332362751704	0.417569583228374
0.225631429304093	0.000727710037629949	0.000881186282508517	0.267205916406456	0.0999537965311173	0.0221257115813867	0.00161956400211884	0.00613564285976828	0.375719042994921
0.211604513163195	0.0212393445626257	0.00643804382341168	0.256164291669396	0.0784504020519291	0.0157052011946589	0.000325729100420019	0.00840745667682354	0.40166501775754
0.25256818750041	0.00806966428686098	0.00373479617223815	0.248975239529515	0.0563080902982558	0.0055877781236894	0.00182725652158893	0.00207469623464821	0.420854291332793
0.244750778397408	0.0018767679419102	0.00147500157473941	0.298281038449945	0.0396332430995899	0.0245248540163255	0.000331262780531298	0.000401515164755735	0.388725538574795
0.220167384628144	0.0114318229323298	0.00193710609779515	0.300308447522628	0.0535120322809504	0.0106650994095478	0.00139450270192216	0.00429268682810507	0.396290917598577
0.287808952652331	0.00448759725010548	0.00232484328752925	0.263874671140845	0.11279092197574	0.0173856007017516	0.00132295707420074	0.000674808448950866	0.309329647468547
0.257768251107881	0.00627571868289096	0.00186398218203831	0.278845997721656	0.0267625462978473	0.0269118942537544	0.00224646798481184	0.000660871830265582	0.398664269938855
0.254760112616709	0.0167409235380535	0.00206382182668687	0.266810556896093	0.0915209073787874	0.00327079120603483	0.00757053263456459	0.00880840692500188	0.348453946978069
0.244531194553304	0.0024278170107803	0.00123166533568673	0.247197870320407	0.0880376271191927	0.0124981390540285	0.000221202602167877	0.00426911598772296	0.39958536801671
0.215259163360021	0.0084418433286836	0.000978567277047269	0.306777601959167	0.0319800124549398	0.0241519567903717	0.018418820498078	0.000896776016834601	0.393095258314856
0.189022046586941	0.00210626003855961	0.00144200224862028	0.272025497387815	0.107555499132667	0.0411900677514614	0.000203336432417156	0.00086877546529833	0.385586514956221
0.186678403772642	0.0148927027452057	0.00129684983909016	0.267731963909221	0.0972207145618588	0.00687612563164773	0.000180225577962633	0.00315406728864484	0.421968946673727
0.204787852966517	0.00732689538935772	0.011766834513213	0.305098327834727	0.0878502947966878	0.00652227631581231	0.000336577449216583	0.0271289475651867	0.349181993169282
0.191113645727262	0.0820629174225688	0.00151439069041797	0.265497966885798	0.104250889391267	0.00495403619305172	0.0232824569034124	0.00610775727621095	0.321215939510012
0.277330219086975	0.00711649571205612	0.000525232922285055	0.249595850902858	0.0873109081652893	0.00658542670766593	0.00133323789085371	0.00656581938927838	0.363636809222739
0.211374615440321	0.00469514845508218	0.000503399815918088	0.290644785276266	0.0764865688955442	0.0100308934230318	9.80011197087767e-05	0.000859873019870185	0.405306714554257
0.257444132020362	0.00205601370352878	0.000868182287461012	0.278585185666914	0.0826612093863457	0.0136579188527757	0.00602643090279514	0.00239037910455565	0.356310548075262
0.277088464314512	0.00998721546588653	0.000591964933466843	0.268085111667759	0.0941591571311408	0.0348923298935108	0.000644033831823205	0.0012722356699346	0.313279487091967
0.236253756628643	0.0662235969337153	0.00105533604870744	0.246993438446411	0.0338959814090859	0.0231363247825912	0.0169751829269873	0.00656951367044302	0.368896869153416
0.208653927226174	0.000900963214310153	0.00892339742468275	0.295091806945166	0.0829683328748793	0.0071399007759168	0.000247725887183964	0.00173390510379757	0.394340040547889
0.203887750072939	0.000888768559776972	0.00570538892463245	0.240608893107583	0.131028203470785	0.00382913325217378	0.00857775931140306	0.0144464719047818	0.391027631395925
0.204736468944545	0.00183132452823316	0.0209792296281089	0.279372254601721	0.0803608384316388	0.0137319004297964	0.000914309782472649	0.0167063010178155	0.381367372635669
0.243377255905465	0.0233550867378224	0.000473223534908893	0.285066817854343	0.0320437047059399	0.00224966038862916	0.00873892011096558	0.00110942061914061	0.403585910142785
0.213831106244368	0.00123616591073446	0.0223831143724714	0.322828195126056	0.0577814260805232	0.00264888262528631	0.000371646707290508	0.000888582498881665	0.378030880434389
0.222976328784328	0.00158488479068757	0.00364926630707207	0.277014294411165	0.0585100952652691	0.00648985525736194	0.00149301030969724	0.00231149495576404	0.425970769918656
0.271271867306715	0.00313448625932641	0.00744252844292815	0.234098085753559	0.0997875303488419	0.0133435453080518	0.00304825163031778	0.00781788440574867	0.360055820544511
0.294556994941879	0.00795273969056446	0.00239806087492131	0.286458755860069	0.0672668562270445	0.0024518526481184	0.000611029985771224	0.000495252986480621	0.337808456785151
0.257273854101628	0.00820903491230908	0.00308738397021499	0.292814856924683	0.0751223319263636	0.00699863905263437	0.000587324771499081	0.00377725468381375	0.352129319656854
0.276672072436834	0.00207466709066803	0.00166908986391297	0.25331965506325	0.0635003408495507	0.00453034330363215	0.000756699707088042	0.00145702126379672	0.396020110421267
0.291030964496933	0.00140224668556611	0.00472570607027316	0.286847166598597	0.0597800882347398	0.00937049933067576	0.00144145386120572	0.000785020243256686	0.344616854478753
0.218346112889691	0.00457910888234534	0.00179812366678213	0.275729934363709	0.102455371084015	0.00793813799880194	0.00445739537216496	0.00841444601174405	0.376281369730746
0.226294620698598	0.0119371524313116	0.00153166971139765	0.309878481445351	0.0334131621391891	0.0141114969195856	0.00962251430305534	0.00649699325847898	0.386713909093033
0.281059631295126	0.0440322044948578	0.00184584419811425	0.270280298339811	0.0500627226115845	0.00867930345111712	0.00100332285151998	0.00465149201828388	0.338385180739585
0.206075695057669	0.000552083943137296	0.0012470641631617	0.283755146124766	0.0828904525303513	0.0109111490580642	0.000238897243229718	0.00793633120442869	0.406393180675193
0.281559848026686	0.0048929427909396	0.000475707885742183	0.277016414875892	0.102540112322573	0.0157426475782434	0.000684033963620488	0.000878241795516907	0.316210050760786
0.231494057813302	0.0238237820093755	0.00151618353476569	0.259350233763319	0.0888845913325549	0.00322214252972403	0.00071225927406229	0.0231110622857595	0.367885687457137
0.178005632322134	0.0416122141903012	0.00354038406561601	0.287603644868611	0.098995553965631	0.00222619181003407	0.00797656582018044	0.00171293563899522	0.378326877318497
0.22080491505924	0.00484709869366349	0.0397401052677296	0.288685513706181	0.0640530580746828	0.00959438975739935	0.000125485079223073	0.00452284194144448	0.367626592420436
0.292865933856108	0.00373443710462659	0.00406504340914009	0.27602240473714	0.0314861402159919	0.00865760494482213	0.000663483798986713	0.00473042927779425	0.37777452265539
0.212762037994584	0.0443944152513331	0.00226118633695221	0.286810538092194	0.0580116724649379	0.0121254692363777	0.0414041766449011	0.00271584105738102	0.339514662921338
0.222473015611915	0.0165545056483064	0.00416522667788828	0.247224700128063	0.173634398179825	0.0156286396452099	0.00570058910476701	0.00454237370784834	0.310076551296177
0.236228695644168	0.00192984904380107	0.000428929412926166	0.283715122914261	0.0732529108531556	0.00548583057431584	0.000238176743966348	0.00162550665045103	0.397094978162955
0.23424565861717	0.00566538014787043	0.00108858270277745	0.261883136692776	0.121443028311927	0.00426323629998151	0.000643978457994253	0.00127873920322224	0.369488259566281
0.254085488138101	0.00312008318443917	0.00307059384801427	0.277553708565368	0.0573451979257062	0.0187390314606327	0.0076298310268599	0.00187560197672871	0.376580463874151
0.241809281859761	0.00382693586420203	0.00346597431479448	0.260583069617466	0.101788471563838	0.0167185832150458	8.58884476615138e-05	0.00414943938160525	0.367572355735627
0.232061463727112	0.00219436797309893	0.00130942484459876	0.286544644869011	0.0925527734154696	0.014738428444907	0.0013061723834493	0.00278252412573407	0.36651020021662
0.244767746487781	0.0185386996525743	0.000727622206096639	0.2898987458857	0.0268902051714314	0.0091930471491883	0.0160503553787197	0.00182660209765342	0.392106975970855
0.252952651701742	0.0119470534481712	0.000411014197304876	0.295415832529818	0.033677807743818	0.025399326136385	0.000374165033698991	0.000548511837952076	0.37927363737111
0.192917624494539	0.00474765494282069	0.00399220236293168	0.265509003873127	0.108922122923864	0.0116549202183632	0.000699359008029621	0.00227427223575023	0.409282839940574
0.187982829980285	0.00236680622959091	0.0158434129765387	0.290099103161301	0.0690267424988086	0.00231672055894689	0.000435347645058166	0.0243005319065495	0.407628505042921
0.22533646874025	0.00469203237576785	0.00763501481279955	0.30798211759229	0.10070248269728	0.0311470151273588	0.0013709259558964	0.00437095869228581	0.316762984006072
0.20882083185763	0.00732518995890958	0.000240651885940306	0.268856090094908	0.0645176795713829	0.012535272915768	0.00106651303787872	0.00114844303402932	0.435489327643553
0.22720636850596	0.0290153424113366	0.000625471308470644	0.271815854019909	0.067516929050722	0.0155137624606262	0.00827233052474027	0.00347054828054949	0.376563393437685
0.252182644343611	0.0275119438137226	0.00400210171020469	0.267735779088924	0.0945841461471347	0.0179915229252931	0.0010324145629301	0.00173047652489022	0.33322897088329
0.228896122215799	0.00466497262028456	0.0211416088932184	0.232529658062277	0.102822344836776	0.00507493429752093	0.00162267495816983	0.00341649081993769	0.399831193296017
0.291717322272591	0.0035061690725952	0.00268925866305373	0.261193292729954	0.0531829950901712	0.021792765954661	0.000186745000119795	0.0011664911547087	0.364564960062145
0.24146211179743	0.00407822291840246	0.00633245466759488	0.259401215004926	0.110731775091895	0.00422382137993485	0.000305381282967536	0.00299864695868682	0.370466370898163
0.252448027752483	0.00683808331722166	0.000621053831906422	0.245881687627508	0.131738881397953	0.0311482036333497	0.000704871615723538	0.00883395282834776	0.321785237995507
0.204316866279041	0.0200736201127697	0.00076952765158614	0.285149967100519	0.0389666451630842	0.0352819486526732	0.000466419218804993	0.00100910020429332	0.413965905617229
0.325985006675125	0.0303343322069775	0.000491908566752504	0.266047797217044	0.0716186356079673	0.00145951805567379	0.00115345026699647	0.000541610964139183	0.302367740439324
0.242202743549105	0.00856068300407719	0.00173002522736655	0.235401375058515	0.0891881425746409	0.0247003273314157	0.00369941374398074	0.0021719078239654	0.392345381686934
0.222125119259893	0.00269643398241723	0.00552356074707676	0.265629163510913	0.14750376092877	0.0160112932725656	0.000479371378908226	0.00261192180272524	0.337419375116731
0.267238116854183	0.0106357797633021	0.000508197843014281	0.283768619320162	0.0471772436450615	0.00867150063166194	0.00144130623801858	0.000679873133550556	0.379879362571046
0.256299129899983	0.00785802096148523	0.000663104659103688	0.248813001133914	0.116066184020896	0.00186600068218284	0.000152637886735415	0.000846782305044856	0.367435138450656
0.259179632027796	0.00175851858877705	0.00533028334905561	0.290978436547473	0.109265183596738	0.00539243029770286	0.00690551453358286	0.0068405503888685	0.314349450670006
0.242304391578386	0.0464164408025892	0.00357022811268315	0.296007940729748	0.0477997476672116	0.00643533810478515	0.000864721048198475	0.00258562077538401	0.354015571181015
0.244025325891374	0.0221183054799416	0.00439996060105417	0.287569581859826	0.0585722443788546	0.00661109142984753	0.00142875949550699	0.00160182868582761	0.373672902177767
0.238066243561425	0.0379432534781853	0.00207093589977248	0.253345331889398	0.0958916527896749	0.0104148316527675	0.00839083076614014	0.00146472025591958	0.352412199706718
0.246788728311134	0.000647993140622654	0.00488501336592947	0.251174569251569	0.108940619232561	0.0200012543672624	0.00041455208349882	0.000414006832118584	0.366733263415304
0.203179133067955	0.0107068611892439	0.00850768395716533	0.27951696453313	0.127607005041759	0.0152576845847052	0.000798122898355511	0.00478030639952116	0.349646238328165
0.204674224876134	0.000698987953476886	0.0203402261872417	0.310375070683795	0.0669187410752574	0.0100249207947134	0.000488439783202668	0.00355786980489583	0.382921518841284
0.278685206347264	0.00190354991659294	0.00218478957307015	0.274743466632074	0.0606878942542362	0.00249408656938665	0.000172062387396927	0.000470633064563705	0.378658311255415
0.244808040590301	0.0403330787083432	0.00155675269362582	0.249937125593593	0.0769412255156341	0.0160425165069895	0.00725014240714377	0.00282099480568265	0.360310123178687
0.225331043605544	0.00140841699746539	0.00033563855459442	0.263324135704721	0.0743458385316993	0.0143466807470029	9.43600864224008e-05	0.0011373194295423	0.419676566343008
0.231730604201336	0.00307170256872657	0.000870979487695246	0.272671842068845	0.120851653240986	0.00633242378611744	7.33783580310087e-05	0.000340165048489317	0.364057251239773
0.253736026649674	0.0184559542746206	0.000622035387714715	0.24318916984132	0.115894025271473	0.00855611563216632	0.00372445134113454	0.00136333222688937	0.354458889375007
0.206457833098284	0.000618861737013151	0.0121091218319117	0.293625150188343	0.0818334365629791	0.00320666202902977	0.000249976301666714	0.00060232909381157	0.401296629156961
0.215638067153889	0.00197768616311926	0.0217518145035496	0.274115013433938	0.123842926159086	0.00172647945741783	0.00389166873253253	0.00216540738255782	0.35489093701391
0.204250050115234	0.00131968336959794	0.00050768495218823	0.276084621196117	0.111807623138758	0.000622580012757753	0.00526912725912698	0.000315535170155899	0.399823094786064
