Bcells	CentralVeinEndothelialcells	Cholangiocytes	Hepatocytes	Kupffercells	LSECs	Mesothelialcells	PortalVeinEndothelialcells	Tcells
4.60888387737611e-05	0.0165097006779442	0.0050519478105332	0.944399322566559	0.0185274554172999	0.000405391808238873	0.00160111584939459	0.0134254777044228	3.34993268333517e-05
0.00364558670284059	0.000885932133305502	0.00314231813990381	0.932314371094192	0.0264145879148053	0.017362550607966	0.00051516034975935	0.00649474698719913	0.00922474607002798
3.82129410066371e-05	0.0143888704512412	0.00348398105030245	0.946884659391049	0.0220403891352113	0.00701510169363053	0.000293802168686119	0.00509987458390657	0.000755108584965781
0.0111367808467229	0.00133336902244094	0.00237512796752729	0.950435387612402	0.00996073075557551	0.021695894048402	0.000331049844953637	0.00230382441904959	0.000427835482926759
0.00226106866862415	0.00292878860167948	0.00305643466761585	0.949628629730505	0.0249944797516968	0.00643076943100449	0.000497582956045383	0.00893248453361394	0.00126976165921476
9.48998314562888e-05	0.0127894319245848	0.00464106661134987	0.942560828468643	0.02899906831166	0.00374896896130963	0.000672822565581431	0.00342768030879076	0.00306523301662466
0.000161694095481287	0.00972586906551036	0.00245964352138917	0.951891629958561	0.0247381425552898	0.00955965787616117	0.000244309526053618	0.000380253676175285	0.000838799725378272
0.00133551528643172	0.00255706214992077	0.00355594781582685	0.951451436584458	0.0195299224395771	0.0206560809105381	0.00026514392765511	0.000295453126442363	0.000353437759149984
0.000314104791449298	0.0056535924663195	0.0104873672596528	0.943989370130261	0.0144176939258583	0.000461515495644078	0.00146643937207629	0.0227339405132704	0.00047597604546833
0.00909045535556479	0.0124854053525276	0.00302832713106051	0.947539531207475	0.0200568465285078	0.00235660093344431	0.000326199387357146	0.00328312073144703	0.00183351337261561
2.68440524680838e-05	0.00427619479969041	0.00717806875217264	0.95951672206417	0.0101168338212767	0.00698858944736611	0.000162784341055601	0.00797979121637443	0.0037541715054258
0.000144129481542062	0.000551594437858956	0.00339502148122306	0.951031710296008	0.0218460191666719	0.0181723304441066	0.000448729791949182	0.0037266934523714	0.000683771448268562
3.44332513826708e-05	0.00831578853603786	0.00389958326875334	0.950559905664269	0.0176515249331385	0.0176963180517979	0.000866916203890665	0.000386734628129021	0.000588795462600908
0.000403772235844149	0.00194049288723936	0.00208355944731869	0.938301262304099	0.0295516793166423	0.026080345423716	0.000903978002439669	0.00024301491041776	0.000491895472283495
7.98420640737716e-05	0.00256680147893711	0.00309421561907507	0.948974840540789	0.0269201473734217	0.00512586092111353	0.000250049011507476	0.0124083316172079	0.000579911373874106
0.000209938034039737	0.0185295586222738	0.00295722687981378	0.951221586894672	0.0105547648118801	0.0141821646097714	0.000951944687211585	0.000735987892793516	0.000656827567544374
0.000391322799433123	0.000775675858555607	0.0112501616753228	0.944399619762738	0.0171544965100182	0.0189688297737847	4.72152332777391e-05	0.00697954673790483	3.31316489645307e-05
0.00173104161922384	0.00944095378591556	0.00182866026919293	0.958377386470571	0.0130362259903399	0.00682246839074545	0.000226093231873801	0.00839383335517402	0.000143336886963098
0.00138068807716857	0.00914468983762843	0.00503870476920831	0.94188013115626	0.0210453549856025	0.00273869479653666	0.00242610715157049	0.0152388054752324	0.00110682375079286
0.00573297985869684	0.000740701064951817	0.000158563832715957	0.943467959630126	0.0331718593919669	0.00093424779529429	0.00287710674587937	0.012457422423129	0.000459159257239413
6.9070205433388e-05	0.00497554097245088	0.00166315981845397	0.95668059398823	0.010471932249617	0.0166961912614186	0.00028171924654343	0.000877498471796394	0.00828429378605663
0.000345164665186323	0.000612373054505171	0.0226767280868683	0.936493265006663	0.0132458398139479	0.00484818291994053	0.00224455719173412	0.0147703756740236	0.00476351358713106
0.0022626174340989	0.00130304798287386	0.00494437188268603	0.942314529878332	0.019835494208195	0.0211605371473065	0.00119349647411099	0.00679306013170321	0.000192844860693891
0.000302911417900529	0.0118495837074626	0.00469915568937254	0.955260793313162	0.00966913711389356	0.00543818827660703	0.000305882620886883	0.0124504000541934	2.39478065207784e-05
0.00583867736973173	0.000301115909104424	0.00231108637756257	0.93981839697725	0.0242200621989484	0.022233660561703	0.000184926999559263	0.00137306016193118	0.00371901344420943
0.00275417001383614	0.003176312743759	0.00289256572685559	0.954475770389073	0.0212294296655376	0.00958996828839605	0.000557927410243924	0.00504128171073562	0.000282574051563136
0.00217914113037572	0.00108974544617148	0.00224762210832397	0.962945449344142	0.0143782353450714	0.0141476297130475	3.06299611853012e-05	0.0025460711072334	0.000435475844449354
0.00889477128846195	0.0144476164506565	0.00429046952621866	0.944169507192452	0.0160230643567244	0.00889926870728189	0.00132673762333929	0.00185627360467253	9.22912501932214e-05
0.00119304424488484	0.00253225981087979	0.00444180341990002	0.955271878904302	0.0160554863171557	0.0130039048504829	0.00080035869542582	0.00455173399248368	0.00214952976448503
0.000771440886591853	0.0150976626153765	0.00153589768837244	0.942390983675472	0.0246890457577827	0.00477754711574778	0.000768043007808304	0.00298908321744146	0.00698029603540646
6.88876012960933e-05	0.00712643655834832	0.00414807752427022	0.959785314102468	0.0145913137863379	0.00284278439667836	3.81073005246554e-05	0.0113442558791461	5.48228509301796e-05
2.74285949515583e-05	0.00520213321136581	0.00507502775330383	0.93112022092792	0.0282479607791285	0.0175812040747945	0.00037599900603006	0.00833173207049489	0.00403829358201115
0.0037114260702662	0.00844361587233227	0.00393756767105372	0.938576556932493	0.0260968807793671	0.011963174797371	0.00152367776076491	0.00288334223707551	0.00286375787927636
0.00528835016470634	0.0584071970488996	0.00682587138708326	0.904873936490932	0.0159807493505929	0.000567519938147896	0.00426671331050566	0.000301895756606221	0.003487766552526
0.000216175556624224	0.0120207723122983	0.00254215290137102	0.948388977999116	0.0136089102825329	0.00900805399460195	0.000843007586869283	0.0122880694154594	0.00108387995112698
1.91234165532317e-05	0.0145768812692676	0.000223243919633075	0.935854880686274	0.0307630850917282	0.0139340671341425	6.40995875904352e-05	0.00454550318181549	1.91157129957064e-05
2.78343423160754e-05	0.00822490193468465	0.00126976170463987	0.934060217555879	0.0308363955566783	0.0127016964025201	0.000772013371557121	0.00507128554043301	0.00703589359129226
0.000308603156984248	0.0382362590680788	0.00400680088926204	0.935264321207909	0.0192769124131218	0.000719654065799289	0.000216659737983176	0.00174275668015975	0.000228032780701523
6.07403070614153e-05	0.00969199248552957	0.0029463313512291	0.950571809714825	0.0151476207126795	0.0174395690031641	0.000765603406676395	0.002926094648622	0.000450238370213342
0.00234370417165445	0.000317990316758921	0.00260128645478121	0.949309940636461	0.0234058619761746	0.0204472534636309	0.000452860588763915	0.00106697610543964	5.41262863345951e-05
0.00113487454027657	0.0211368397257303	0.00281380440881496	0.945038196237473	0.0154152903112017	0.00274678923762483	0.00103220404064264	0.00223513100052712	0.00844687049770915
5.61638793226924e-05	0.0102693445723253	0.00352614365854607	0.958886285582706	0.0116543000246134	0.0041598805140875	0.00055949890838056	0.0104127357100355	0.000475647149982716
0.00111999221762298	0.00343720555110927	0.00701956116117232	0.949684416286559	0.0205288336357992	0.00399997627497415	0.00183730328444552	0.0119247973582857	0.000447914230031958
9.31703909047135e-05	0.013767416834066	0.00190498699275408	0.956520331614063	0.014671396898928	0.00854852867871608	0.00136784042022159	0.00251888075276594	0.000607447417580764
0.000120631852317998	0.0127609738394052	0.00303381952004323	0.958720232898759	0.0190796419142237	0.00434773089211735	0.000226283761562094	0.00126849311661826	0.000442192204953027
0.000455539307197844	0.0313637539387799	0.00404852445723866	0.944580719618916	0.0101843490054744	0.00351791598491313	0.00104005733070577	0.00442456792659151	0.000384572430183291
0.000704243786803988	0.011774297115089	0.00114722631310866	0.955472489744417	0.0254471747482934	0.00343531429427643	2.90162395875837e-05	0.00150262349403661	0.000487614264387475
0.000547451949804714	0.00113881616009518	0.00188801988370045	0.952785298611511	0.018379766961606	0.0181780409271139	3.00253550896133e-05	0.00600317759336637	0.00104940255771344
0.000380280485132958	0.0314429989806143	0.00289006607973004	0.945372384821021	0.00973401195187601	0.00573790432942228	0.00120329284990078	0.00318419385414219	5.48666481605221e-05
0.00224397746485377	0.0109097781023467	0.00323992991059677	0.953812696011981	0.0137332809628997	0.00995917590979833	0.000625943643212505	0.00156938362360962	0.00390583437070184
3.59426825786384e-05	0.00591821072192323	0.00301422816747968	0.959784961304028	0.0133923206152113	0.00716163538476213	8.15651063380446e-05	0.00862838257676927	0.00198275344090978
0.00440988134979618	0.000291667182994931	0.0107538639874303	0.934171482943284	0.0188128849111516	0.0105507395901663	0.000294953721176279	0.0202890014760952	0.000425524837905363
0.000985064451546635	0.0243844659381536	0.00364648271516462	0.934207025316137	0.0142500830832243	0.0137975725553032	0.00112512015178897	0.00630034910165955	0.00130383668702266
0.000150470128653687	0.000365497210670263	0.00844491266180766	0.958953157819131	0.00849382284267664	0.0093671383834721	4.0422185795636e-05	0.0140431043452331	0.000141474422559716
0.0028310843019866	0.0118547843097396	0.00310195026501166	0.951654806515149	0.0158574011352621	0.00706112179509975	0.000171017781665724	0.00537777444129623	0.00209005945478914
0.00380439987186744	0.0168126877981746	0.0028300469204985	0.928371227763749	0.0222815800630774	0.0187920488601522	0.00110313226602646	0.00590959072766746	9.52857287871094e-05
0.00257378105232868	0.00448410784320586	0.00196531559100266	0.954690535064986	0.0106219980006601	0.0240533398600527	9.40479800594883e-05	0.000139631489539138	0.00137724311816519
2.84606654951002e-05	0.0130192603275213	0.00224794218451495	0.955099880923498	0.0226044429733403	0.00530601871048933	0.00033724765186112	0.000578304502239363	0.000778442061040233
9.26928467897897e-05	0.0134383096023266	0.0026437002610852	0.950223503718482	0.0149292514837542	0.0150733104371896	0.000810851058744648	0.0020772813969974	0.000711099194630622
0.0105556105848253	0.00499395104953151	0.00406462540029569	0.954414985145199	0.0134987073555416	0.00949844240333506	0.000186606427546764	0.00245179347789721	0.000335278155828021
0.000339418571542618	0.000646191686155179	0.00448027816877281	0.951627031719536	0.0189225988532168	0.0217781383975042	5.31084621179472e-05	0.00213227626875473	2.09578723998046e-05
0.00414120802607131	0.00155806479709042	0.00308028158403373	0.941686944311798	0.0209052006269665	0.0217475195477944	0.000429686492346414	0.00153994425814204	0.00491115035575719
0.000269684801491932	0.0113992486388822	0.00233303191268396	0.940369655679857	0.0187818326304763	0.0192363694311879	0.00125963032368954	0.00022761097333413	0.00612293560839707
0.000812472416789097	0.0100393533463493	0.00332798614963142	0.943118360586122	0.0142524699332253	0.0257237217006	0.000453558130784756	0.00216219061533731	0.00010988712116108
0.00020585839699852	0.00343303361198252	0.00133364470922798	0.941139835233424	0.0170063734549966	0.0297231636970419	0.000804094281388513	0.000145337553417621	0.0062086590615221
7.60317757038614e-05	0.0138466935573037	0.00314008440507303	0.948150826871639	0.0173990351036248	0.0110193786228611	0.000503215935647564	0.00297862136560447	0.0028861123625429
3.13258112855735e-05	0.000983992660146398	0.00125107622536224	0.963016115361304	0.015810203214805	0.0149672442340388	0.000235646000842256	0.00309728787398871	0.000607108618227385
0.000277570316443499	0.0152794473068209	0.0032547726615119	0.962259543269215	0.0107471441697514	0.00306419825889051	0.000782441961782038	0.00392428406474214	0.000410597990842452
0.000162584591750451	0.000980510163985665	0.0023638474281653	0.945351411345987	0.0218242203308608	0.0153998828301674	0.000111260255943891	0.00684336336398811	0.00696291968915156
0.000410617095212067	0.00762745124174961	0.00165430825056345	0.956587076603048	0.0129672636124516	0.0168885591652404	0.000612911975897277	0.00123996533733379	0.00201184671850336
0.000920016435906535	0.00413764206644364	0.00368706562300127	0.959886260736802	0.0154707763947946	0.0139211037119666	6.48992915596103e-05	0.000624941969905155	0.00128729376962027
1.66801775951852e-05	0.0126485073392218	0.00168480110871494	0.954038715212764	0.0126527160473512	0.0097323067041341	0.000110427958265627	0.00397456633497935	0.00514127911697393
0.00118999231710237	0.0247342632412467	0.00300963310901115	0.954000674955304	0.012077431543722	0.00187778138527048	0.00064136982359647	0.000646728508238077	0.00182212511650877
2.65434707569834e-05	0.00506887839560715	0.00672937547735565	0.961494199157236	0.0114715731124785	0.013141696516462	0.000286696242564061	0.0017389442660948	4.20933614449513e-05
0.000199794773274867	0.0211771430116755	0.000322333814935993	0.938424258519212	0.018860300801307	0.0152933307147962	7.98629857395878e-05	0.00284135827659313	0.00280161710246594
0.00010603435059212	0.0216822366391224	0.00177245871953413	0.936718577468637	0.0269017451525407	0.0058831076791702	0.000432814267408086	0.000311801739899224	0.0061912239830964
2.59729577817798e-05	0.0104170703442003	0.00351678766036565	0.953438845465185	0.0231590975605672	0.00658281856678066	0.000203039476029702	0.00174932591169634	0.000907042057392843
0.000577278434862051	0.0185771222908375	0.00131263824176599	0.93925257617164	0.0305907322772631	0.00735535241576977	0.000891279750087936	0.00136057492538376	8.24454923900982e-05
3.57664685531735e-05	0.00119020805614421	0.00501864467533249	0.939315905351939	0.030577480942845	0.016026628884767	0.00113433134113883	0.00639031942631744	0.000310714852963074
0.002337163216519	0.000382332730199314	0.00222884591174308	0.958592676436285	0.0127987169807285	0.0134674410212785	1.9138441395304e-05	0.00983164314815441	0.000342042113697272
3.08436229755517e-05	0.00899644771018676	0.000138466168400897	0.956355356779112	0.0106794723612927	0.018995297028386	1.41871908854373e-05	0.00216977056660227	0.00262015857215824
9.69043458035874e-05	0.00746931566276416	0.00415387320501556	0.955430293403801	0.0217567584121048	0.00540131716905234	0.00149936215581381	0.00332581692369824	0.00086635872194636
0.000706749835573116	0.00700446347374989	0.00206427735651986	0.962302739692406	0.0199751229971206	0.000982006202786402	0.00123316664006769	0.00536615460716064	0.000365319194616247
0.000195963675281623	0.000856677559476081	0.00428976184026876	0.952574025696571	0.0250065370754653	0.00616070752213037	0.000748843386562371	0.0100092070414039	0.000158276202840833
2.29105482163201e-05	0.00750279906939666	0.00185722921932611	0.95462601978859	0.0115027437705088	0.0213166846956194	0.000668007048436342	0.00241908146181069	8.45243980953472e-05
0.000463301306659581	0.000676567203339493	0.00318739992956165	0.949114384502632	0.0191005070045899	0.0182548755737382	0.000333224481971833	0.000692277002944348	0.00817746299456282
8.47810348495761e-05	0.018501331487354	0.00167859798181519	0.942119576649852	0.0158073653049051	0.0169208368104422	0.000599159064025807	0.00358952250980277	0.000698829156953418
0.000131018762274347	0.0140410617312799	0.00150085154420819	0.949317694206599	0.0206452481356229	0.014098593320336	2.89809215727643e-05	0.000184846663797945	5.17047143090092e-05
6.52447994680487e-05	0.00294562718459909	0.00130919936655184	0.958268718488598	0.0112631836905691	0.0131859941861979	0.000147332533357236	0.00714351372506248	0.00567118602559677
0.000150149948480546	0.0064749985478061	0.00811927349553277	0.954682347214708	0.0103095594530486	0.0031312873964451	0.000938784018465125	0.016181439999342	1.21599261719078e-05
0.00100967303082582	0.00580736971059861	0.0011936665551343	0.958341897341812	0.0223286997995546	0.0069902804866455	0.000786568353267588	0.00344636887484833	9.54758473130692e-05
1.69231255768485e-05	0.00045693810079833	0.00837143755760049	0.953942555927362	0.0119377332251277	0.00424610567797546	0.000654246331117492	0.0203636690224163	1.03910320255894e-05
0.000803149250541325	0.0276900309689152	0.0034909175419369	0.951098485680257	0.0146705215123179	0.000691301612397465	0.000265726648287278	0.000471069967407991	0.000818796817938719
0.00204160439351219	0.000118709384853433	0.00450494259572165	0.951772919629407	0.0162439363473949	0.0103356102594666	5.83459228732708e-05	0.0148817937066746	4.21377600963697e-05
0.00214196620882626	0.00444942387535601	0.00278543448410097	0.951710815721903	0.0217799035977295	0.00922273832594094	1.28615874351374e-05	0.0045602677995257	0.00333658839918273
4.8696817104914e-05	0.000126003928891028	0.00366025311756037	0.956350586324082	0.0201184600143813	0.0119422032297372	0.00180688304275122	0.00580810399218165	0.000138809533310248
0.000148604907246043	0.000496380200136059	0.00319772197208925	0.938241379483669	0.0247112523260239	0.0299347699543707	2.70255373596881e-05	0.00314683182499279	9.60337941121029e-05
0.00346436581286347	0.00138279856696032	0.00318011225661386	0.951806261280115	0.0189403504017659	0.019035705324181	0.000509288289473634	0.000154600997044488	0.0015265170709819
0.000512797320387797	0.000120243947964144	0.000560982059157238	0.942091423601082	0.0221073448610249	0.0266656759995795	0.00200485495647337	0.00530976736314873	0.000626909891182168
0.00150482284484428	0.0106112982687004	0.00251969271046741	0.942594218164726	0.0293506105591869	0.0106889766597082	0.000863872968035155	0.00141206161811453	0.000454446206217222
0.00232373577893478	0.00638502731572473	0.00235761710102406	0.954725951434569	0.014986218806577	0.0139661077281267	0.000700646691765955	0.00438216158323934	0.000172533560038993
0.000311858559315626	0.00204508201675202	0.00138698396897736	0.954375980119885	0.0157108466811028	0.0102146863759469	0.00122184504010064	0.0144910374813765	0.000241679756543212
0.000648424250882699	0.000803095809355503	0.00331928457340887	0.964549561757058	0.00937868335585992	0.0125557564386727	7.3783822286964e-05	0.00437550382086044	0.00429590617161513
9.80151946884337e-05	0.0173727408646046	0.00302421468695	0.940975882765967	0.0202238965880465	0.0149863535442605	0.000119269414403618	0.000478625184333618	0.00272100175674515
5.09741882607846e-05	0.00121129750465807	0.00268851409263692	0.954202833365104	0.0106758449722684	0.0229424052096355	0.000428115284190408	0.000428013718215368	0.00737200166503075
6.98032838305018e-05	0.00251465464455308	0.00264161422894323	0.965619764180787	0.0128281627030561	0.0126082171012674	0.000547002655749757	0.00273065079822566	0.000440130403587302
2.10601746225789e-05	0.000460514332972526	0.00237109028211407	0.955494874932383	0.0162742207075165	0.0200052190698252	0.000165271728271646	0.00515344286609845	5.43059061962651e-05
0.00264544015177813	0.00651869830407512	0.00320469359537343	0.946234426849109	0.0227576488396123	0.0178807068501524	1.1334523486512e-05	0.00058138787888851	0.000165663007524313
6.58482384612038e-05	0.000361963899708992	0.00290192403932249	0.947634126738802	0.0241026396117064	0.0114103505193268	0.000580880980962633	0.0127845856603242	0.00015768031138546
0.00505020561073795	0.0354334254717632	0.00449800000140099	0.921253074922711	0.0188937582621325	0.000238509970121192	0.00506586530706544	0.00953229964899636	3.4860805071061e-05
0.0037703427438483	0.000203087129110287	0.0028629624605397	0.96317811596153	0.0109130351762125	0.0169451128139156	0.000125678201884145	0.00161036508794248	0.000391300425016494
2.61293505526738e-05	0.00721381599454582	0.00206554788816983	0.946946818314721	0.0291452757715234	0.00772607457171733	0.000420898387311543	0.00585084078878555	0.000604598932672529
0.0107416026038154	0.000618993428836517	0.00251206915705105	0.950212256125129	0.0166576577656455	0.0124686832510824	0.000232960291686574	0.00583557256524311	0.000720204811509776
0.000458321214318328	0.000476026360608961	0.00538810614953709	0.963202170002793	0.0143458754862366	0.00526523628809265	0.000309518464029269	0.0105023372034954	5.24088308886986e-05
0.00146523792544603	0.0017818699784934	0.00339879405416952	0.950074948493499	0.019632597551921	0.0147783295386906	0.000545335364657265	0.0035422102212278	0.00478067687189497
0.000441720824816643	0.000409776639925802	0.00804706260506803	0.955671509548846	0.010888823067219	0.00463389891978939	0.000756597566803122	0.0191021474820978	4.84633454344942e-05
0.000286395567446189	0.00151358837640113	0.00169410037518104	0.943594107088205	0.0272098709101979	0.0125629270968536	0.000156391099266227	0.010520624207324	0.00246199527912482
0.000188825322704678	0.00623148898038129	0.00208414662250659	0.962085765064724	0.01031208986314	0.00726576608652153	0.00100038252729274	0.00948655926753844	0.00134497626519065
0.00241696901506384	0.00162738352702615	0.00324156746755375	0.937097205941352	0.0334918893887933	0.0120101132883677	0.000215612547592449	0.00362259075257103	0.00627666807167941
0.012915235119413	0.0124237354161634	0.00363223858795566	0.939671378807737	0.0188359940414649	0.00846177649358224	0.000994147877820788	0.000441955299160823	0.00262353835670229
0.000599682505648057	0.000840865826491104	0.00517789954779282	0.938523636816151	0.0279927342429279	0.014267583854245	0.000360744880617826	0.012061276426866	0.000175575899260083
0.00145365201791826	0.00548719816413794	0.00153110536003662	0.959311491326475	0.0131855322837783	0.0101409766240851	0.000691474694799641	0.00789751013846996	0.00030105939029923
0.00615734096769699	0.00463648493942771	0.025736787501521	0.923549870163991	0.0179047185111327	0.000403789157916273	0.00407660850502664	0.0175020725142746	3.23277390132112e-05
0.000598303660983575	0.00756116460552772	0.000458233147160896	0.956112729775132	0.0147043632525424	0.0113745034276492	0.00073210205645869	0.00650108012235519	0.00195751995219002
0.00844143115831051	0.0159031304856445	0.00874468065976522	0.935524933186206	0.0136905031887557	0.00981434481210034	0.00179942981744569	0.00470105147402123	0.00138049521775085
0.000978165414102813	0.0289182784835476	0.00126142463425407	0.927411033332867	0.0144483398229865	0.014788507958306	0.000814294438315042	0.00425721549164876	0.00712274042397217
0.000898598559372225	0.000204394894462718	0.00313364857891275	0.952481724912137	0.0133488656812514	0.0126270258822301	1.12859911329481e-05	0.0172791516808243	1.53038196770504e-05
0.000251133182798972	0.0104799364474089	0.00308603895814151	0.95862603497343	0.0104375187616332	0.0101086150038173	5.86373040737575e-05	0.00591712897713025	0.00103495639156624
0.000145384822061827	0.000361894622449792	0.00282134376784199	0.954207362922001	0.0248837405288266	0.0101617724633168	8.25839611419475e-06	0.00734677473512901	6.34677422589711e-05
0.000403875882134974	0.0109468811863602	0.00499002054158899	0.957867121242135	0.0186990241824659	0.00353353896067191	0.000342453238774202	0.0024050983194363	0.000811986446432809
0.00331308745460422	0.000404426112623726	0.00278557392847716	0.947078681196674	0.0229648009186165	0.0183311670338539	0.00123088925968722	0.00378330361420822	0.000108070481254724
0.000599195124213575	0.0102300639734422	0.00244972355703144	0.953988831845491	0.0176659646966547	0.00921332119878384	0.000748028789256099	0.00347399491764644	0.00163087589748036
4.02478864648761e-05	0.00636041522959088	0.00506456963520344	0.953640369149626	0.021282274738235	0.0124296045257053	0.000529268545872119	0.000322297009373687	0.000330953279928195
1.93607593114945e-05	0.000721670297726679	0.000767594819944433	0.959286442156913	0.0130672290771678	0.0249022494479017	0.000147955479949361	0.000267471468268001	0.00082002649281789
0.000625464692243695	0.00444794265502644	0.000836757612343553	0.955565034134688	0.0222072989962863	0.0129600046266702	0.00026031922568624	0.000129799216463439	0.00296737884059245
9.92485354607018e-05	0.000374673797701391	0.0032425734504045	0.94855519693475	0.0273220777375763	0.0166781225070681	0.000627158237509882	0.00160206297979944	0.0014988858197299
0.00058852512453974	0.000325160549636874	0.00315665362062637	0.953614212308063	0.0112982697902937	0.0181749921506917	5.45393554949822e-05	0.0127277651629191	5.98819377342228e-05
2.57203057060204e-05	0.00447406064788508	0.0014359765700123	0.964790205960057	0.0154405961076313	0.0034926770848008	0.000477961606938298	0.00967993305802329	0.00018286865894605
0.0065645474892835	0.00325974902338544	0.00274481410568972	0.954386752022464	0.0172817472203944	0.0112283921823684	5.13491510483643e-06	0.00426846487193381	0.000260398169375901
0.000277325583200028	0.0248307122907599	0.00131960345026011	0.947221732583786	0.0162892318323034	0.00107205627651629	0.000408510358452249	0.00710186056272665	0.00147896706199561
0.00943938127895479	0.00284184071105391	0.00245906888197821	0.941841190768647	0.0165122832278082	0.0204807939283597	0.00066490349965617	0.00452790428376028	0.00123263341978223
2.91196186201748e-05	0.02169462098458	0.000589489435089709	0.959950216047646	0.0162631917885742	0.000471585551360336	3.07515587904974e-06	4.38629767306492e-05	0.000954838441520153
0.00197600590896176	0.00130182004222676	0.000900838953269453	0.940659168257922	0.0282518744994205	0.0219819052863628	0.000452933698375662	0.00440816803017203	6.72853232888459e-05
0.00177670679974706	0.000455772342916978	0.00277650468069751	0.929194821790113	0.0432052855125706	0.0139980414922237	0.000527422801274374	0.00784355749893881	0.000221887081518044
1.6701940793664e-05	0.0053921003864037	0.00451239284145831	0.964447549797306	0.0249913956934237	9.66518016720264e-05	5.36015881485007e-06	0.000154673095618004	0.000383174284509508
0.00018595549541902	0.0135634537515391	0.00309449529681921	0.96483387548069	0.0138727447907321	0.00199148362586984	0.00146098430216265	0.000878440473338408	0.000118566783429055
0.00291966061909131	0.000214048499944854	0.00169641634764249	0.950356245866242	0.0254637161972703	0.0156831207465533	0.000117467279186144	0.00351188475677539	3.74396872937497e-05
0.000299592578227085	0.000229048864765864	0.00487964905494643	0.951940996884774	0.0203504828688208	0.0206339541579645	0.000239848428707819	0.000165767304297597	0.00126065985749614
6.61763120340794e-05	0.0137876389522846	0.00306101855626738	0.956722966968695	0.0202242811780095	0.000528730304899724	0.00104741178714832	0.00450490463894446	5.68713017167291e-05
0.00536483364073325	0.00503969719429795	0.00246765547237981	0.955710781959292	0.0145515891204773	0.0110114236821557	2.16226130266304e-05	0.00162699655363696	0.0042053997640007
4.64882680947587e-05	0.0185281584752521	0.00140898049235963	0.953823514246716	0.0138618038406904	0.00968207473373462	0.000755992257074137	0.00119463844505973	0.000698349241018768
0.00585602647109036	0.000752469308992254	0.0033007417207931	0.948422490962588	0.0150218299550446	0.0218953529288583	0.00188754064738654	0.00141557174662167	0.0014479762586253
6.25054520872781e-05	0.00077031579222969	0.0051424525564186	0.947087559625217	0.0198618941149973	0.018064701255825	0.00142050528162134	0.00731710731566101	0.000272958605942398
0.000343960007470068	0.0169512204309923	0.00528946384207057	0.941119476756304	0.019979307717051	0.00281537235777385	0.000438496320621285	0.0129606929535713	0.000102009614145188
0.000706104838971521	0.0111644024072721	0.00455062184208608	0.952694486643092	0.0134270273033147	0.00812706676590686	0.000686617272742274	0.00401526722103804	0.00462840570557633
0.000338066666989909	0.000333953500873529	0.00359754115796104	0.955013929757857	0.0123126504454918	0.0274671995972173	0.0007410000080822	0.00010319634667225	9.24625188555568e-05
0.00167454027149719	0.012493802775396	0.00258689860015871	0.952295736887809	0.0142285056143014	0.00922823193870866	0.000626719215990175	0.00624643790083337	0.00061912679530599
3.5598867558497e-05	0.00283292456813322	0.00355587750312087	0.942712538382042	0.0254730903306098	0.0193148415932988	0.00133211764328801	0.00446678405563221	0.000276227056316306
0.000244499441204278	0.00270429100709598	0.0034398336339126	0.957746408869469	0.00564589922351348	0.0254543096147119	0.000658534966003125	0.000462525877168433	0.00364369736692076
4.10540141819705e-05	0.00902246320360476	0.00382628190367616	0.951080090626493	0.0178577543944347	0.00222756767655731	0.00062515219173986	0.0114941357620209	0.00382550022729117
0.00305846528504627	0.000738258833055302	0.00142531638175139	0.956486772808078	0.0177451621745955	0.0134020209734754	0.000364394081866457	0.00670018399860127	7.94254635304997e-05
4.11702002349247e-05	0.013706643884159	0.00140826060816669	0.955381502724037	0.00836165870672462	0.0189821217239793	0.00169668991493884	0.000142388351489634	0.000279563886270093
0.000221180731610535	0.000600532940742295	0.00227724074805897	0.947310859991005	0.0209824267718432	0.0281869409094787	1.81913006562122e-05	0.00031498880206342	8.76378045412837e-05
0.000116902414486767	0.0174240268383006	0.00198056127767848	0.944334975988001	0.0191656609777903	0.00303324321599739	4.11953302033357e-05	0.00288995471035971	0.0110134792471826
3.08849538297006e-05	0.0069887348294661	0.00558021436857357	0.951427680502361	0.0164481555471697	0.0043162267602153	0.000732662157377781	0.0144224855235116	5.29553574948412e-05
2.08326285179901e-05	0.0419912545935245	0.00403679861336642	0.921910296039356	0.0217822112698387	0.000620937741919097	0.00342848025522512	0.00425292958146574	0.00195625927678638
0.00405452857161904	0.01365253388924	0.00175373934359201	0.948156946798462	0.0180843076282929	0.00801056401288345	0.000368701015289825	0.00413683039123263	0.00178184834938792
0.000185530094474081	0.0102332871016927	0.00206601814248209	0.961076646459776	0.0155169820100389	0.00961313577216425	2.69424733209378e-05	0.000724839648015977	0.00055661829803507
0.000922580153603464	0.0042086542672894	0.00140468036468454	0.952833909361567	0.0168300071021037	0.0162940793762335	0.00100198457716706	0.0060674545030023	0.000436650294348797
0.000920401596779236	0.0131002721945666	0.00176513419542364	0.93894881927889	0.0193718555167403	0.0199266855540348	0.000558469758004984	0.000353751883005284	0.00505461002255531
0.000120907978083685	0.0414826388221445	0.00300194545355961	0.924273599153126	0.00957980050577664	0.000921596632404877	0.00254603202400915	0.0147986160666425	0.00327486336425279
4.95215989752411e-05	0.000582754307093789	0.0037491374643346	0.960778419388737	0.0151869054831848	0.0133651687785188	0.000537140618746007	0.00572958060826496	2.13717521450399e-05
0.00220832976385399	0.000292875888852122	0.00211143259948533	0.946075153746666	0.0218208387596795	0.00113316711465697	0.00168656803766749	0.0220924676325619	0.00257916645657723
1.86394880590986e-05	0.000308471944506017	0.00522443249763049	0.949412299602603	0.0166678757416432	0.0115327162209147	0.000454175357839569	0.0162942545946892	8.71345521151056e-05
0.000389568261537365	0.0233145436568088	0.00148353844547185	0.958512874216679	0.00846710534896985	0.000435572724741158	0.00163403092830355	0.00542826143822602	0.000334504979262579
3.86287733454936e-05	0.000574152645456138	0.00635494133575617	0.964254763454931	0.0123798155779003	0.00631451882644368	0.000256162206224143	0.00831695830962398	0.00151005887031908
4.12061616209266e-05	0.00283231301694232	0.00302664349913959	0.957208206570046	0.0124124985632472	0.0133494361896731	0.00150611138246303	0.00393193161082046	0.00569165300604732
0.00780569791510651	0.0102253159706028	0.00422581168355342	0.934151220029975	0.0222571513304077	0.015421021093688	0.00117269102970411	0.00377911804643043	0.000961972900532356
4.23409534888024e-05	0.0135853829451496	0.00301855930327326	0.960962289827781	0.0154590238261015	0.00378506922232106	0.000324113382519709	0.000241238482222343	0.00258198205714228
0.00247609770472351	0.00287089662607668	0.00312928143387701	0.953290722096888	0.018581871180694	0.0167325657861857	0.000456336057855946	0.00161921384118325	0.000843015272515422
0.0145240146817795	0.00342098977690982	0.00368572940943092	0.946997427244461	0.0168576737651599	0.00318744447475344	1.79172174395573e-05	0.0106072498938345	0.000701553536231765
0.000699118517783929	0.00168220956629988	0.00490429606873465	0.95529167155012	0.0150091387836418	0.0198231906616401	0.000724181525947088	0.000666253274462314	0.0011999400513706
0.00076131361580943	0.0109322170844931	0.00413550719908723	0.950334391555084	0.0188816353090261	0.00770022542424999	0.000340924114554259	0.00686411047346291	4.96752242324851e-05
9.68144373979478e-05	0.00908070852935851	0.00253365744973989	0.95446373700698	0.0106713304069947	0.0194813682751138	0.0006229809408594	0.00154323669195947	0.00150616626159656
0.000377590589088808	0.0250118782103022	0.00300654488353853	0.941477178426515	0.0113543208449008	0.00266520973624951	0.000582061472971082	0.0100844403330351	0.00544077550339903
1.9116949317489e-05	0.00176774511271846	0.00137015866445859	0.953378000969086	0.0188932954324701	0.0123023856947814	0.000131437967277397	0.011617533405332	0.0005203258045586
0.00374439892558732	0.00996121618525491	0.000922777447283646	0.945873886220987	0.021389338835342	0.0171341684759161	0.000318100501191853	0.000481477837503201	0.000174635570933596
4.86293088698893e-05	0.0170503082066612	0.00266899558396857	0.941600731796597	0.01993256047218	0.000478765702890557	0.000277766899704707	0.0134480719522794	0.00449417007684871
0.000120248509194472	0.0282873054059361	0.00511862757639654	0.943234396720935	0.019165353049084	0.00073961966279173	0.00141237072814464	0.00186761929733777	5.4459050179868e-05
6.80350744475804e-05	0.000224179166393628	0.00603192191073418	0.952953605700056	0.0140329608417837	0.015053511012216	3.81284166453275e-05	0.0114838261566575	0.000113831721065649
0.0075947603123017	0.0117149711534934	0.00540955010053507	0.953134379827432	0.00878191649097634	0.00373071260373284	0.000549869780772404	0.00888091903368385	0.00020292069707235
1.24122374716235e-05	0.0324048232152994	0.00408951769576699	0.936849541475172	0.0140514853497015	0.0085959631473432	0.00372796781090335	0.000222315038500762	4.59740298413507e-05
0.00106156691870775	0.00449748300969767	0.00350338319503451	0.933494019612147	0.0311159085732534	0.0163196799935625	0.000503284509871467	0.00906025356823003	0.000444420619495785
0.000358743256309309	0.00407015883684931	0.00180295640270642	0.961477423685592	0.0169040143470305	0.00861521074633965	3.24888667671176e-05	0.005077331332351	0.00166167252605531
0.000731365349218235	0.00776316308148117	0.00245510540476999	0.949653975923157	0.0246769279914344	0.00846618434374628	0.00031655145581742	0.000266361423197501	0.00567036502717827
0.00104634734881501	0.0165236630792731	0.00306076032402251	0.950898341337257	0.0137874387313734	0.00986558577910818	0.00092401073609529	0.00258978782271652	0.00130406484133942
0.00149457730856334	0.00193382149369746	0.00214014427547407	0.952554216935786	0.0198389494781354	0.0107786918680862	6.24463463870929e-05	0.0110327426151706	0.000164409678700362
0.000876124245860894	0.0127192543805862	0.00203342988107425	0.949494955834594	0.0207787236058363	0.00721409330003087	0.000476500198977432	0.00133661487276338	0.00507030368027684
0.00190831341757818	0.0235655775778181	0.00264838665368738	0.953852839204792	0.0100307099557122	0.00437408563090049	0.00127041457427603	0.00193098980760928	0.000418683177625842
2.73865726337181e-05	0.0104368881575927	0.00147521489930176	0.948226062561993	0.00751703331172259	0.0211565085433081	0.000938117688390902	0.000194419912631044	0.0100283683524263
4.38444752669671e-05	0.00582149472687448	0.00277793081098477	0.951878339223191	0.0227298793962595	0.0129954694462639	0.000788500406109364	0.00112934843463523	0.00183519308041461
0.00330330728683517	0.00153392395115753	0.00480288559071635	0.949517895674342	0.0135142180474809	0.00226843383354481	0.000135416070405829	0.0248937713948958	3.01481506221438e-05
3.20824710864116e-05	0.000417406123476903	0.00438784465440397	0.947845777867396	0.0193869424216416	0.0177979567003111	0.000127868443284069	0.00997036168201644	3.37596363834681e-05
0.00519084623597103	0.0040290603403018	0.00087949394242187	0.951130750491594	0.0142172177183666	0.0197227805701626	3.93204320358043e-05	0.00262151747413157	0.0021690127950142
0.00525691271846935	0.0131799697603222	0.00243005945825428	0.941209987101062	0.0152014436124886	0.0195427140281002	0.0014260830649897	0.00152743875751938	0.000225391498794713
0.00139050117637651	0.0203843009901818	0.00334425398311089	0.936268582916125	0.0240417088125897	0.00958240327639387	0.000505629588992397	0.00395276243944255	0.000529856816787259
0.0075540134947192	0.00779049617213224	0.00754066422410352	0.934605765854101	0.0239921426906492	0.00364084319733863	0.000759875653807736	0.00932468281053464	0.00479151590261392
0.00404161064869634	0.000783854479086782	0.00252010144743053	0.954108515885441	0.0138737942091483	0.0232676270080438	0.000141294861114639	0.0011637608076943	9.94406533447715e-05
0.00223050521720741	0.00409151372095887	0.00352032143288071	0.946949679194622	0.0238347208503844	0.00698260257863624	0.000130953590194429	0.00790018116651988	0.00435952224859586
5.03326805419669e-05	0.00582834501062067	0.00282442833704474	0.933375770337344	0.0276623344926848	0.0210892243434701	0.000578902167470382	0.00708586752196194	0.00150479510886139
0.000164650035589172	0.0145308059473186	0.00155824900246912	0.950124213898382	0.0101801298537895	0.0226019165385334	0.00016658600590474	0.000481490348197036	0.000191958369816445
0.00132663514607791	0.0232023727731917	0.000993048919305374	0.949058629612773	0.0174101172164997	0.00068077969039215	0.000561719241262744	0.000502896691277901	0.00626380070921938
0.000206537534024557	0.0188233616343654	0.002935607467069	0.944480960230021	0.0200596501666974	0.0110067061151255	0.00117453974213486	0.000884539977997607	0.000428097132564853
0.000122635369967904	0.000738794438160133	0.00420215263566846	0.941884837337893	0.0266236108347571	0.0199714469128534	0.000215872594060518	0.00150880479127209	0.00473184508536772
0.00021153962878862	0.0128511924932922	0.00186032169875934	0.959936070586135	0.0118973006253551	0.0118490390295476	0.000521991870475863	0.000351295853206972	0.000521248214439188
0.000106004712587343	0.0159593676155465	0.00139282590185997	0.94909217115601	0.0243529953056667	0.00291944646020957	2.62292001557847e-05	0.000884825421221775	0.00526613422674252
0.000401047103950198	0.000174867037564329	0.00668773001099103	0.949013371791709	0.0201827114214732	0.00993534389671763	0.000846988931189846	0.0122078131161198	0.000550126690284682
2.56249013809609e-05	0.0246295252336988	0.00269105761173343	0.947389031904705	0.0123260068355523	0.00134351424247278	0.00055212634059016	0.00833697168831416	0.0027061412415521
8.38579743217105e-05	0.00816837133708223	0.00420933106434176	0.95221560740744	0.0155951874700881	0.0167067341347341	0.000442473285437295	0.00204943394407326	0.000529003382481588
5.12797975387546e-05	0.0266345974939735	0.00335690687878555	0.937925153314985	0.0208276654297038	0.00726948987978516	0.00112829315533154	0.00219525006668137	0.000611363983215114
0.00763360838677923	0.000284478698189706	0.00340261331295183	0.94428057313064	0.0219411596548093	0.0216794303761416	0.000280698199048595	0.000253761197571154	0.000243677043868434
0.00101373326159438	0.00112147665830375	0.0038228300017517	0.945082805603362	0.0205504336025162	0.0192237054193613	0.000447170532147813	0.0086436373224485	9.42075985147003e-05
4.6605311537837e-05	0.000258294712353626	0.0054467863903428	0.957995686484301	0.0139768112219144	0.0122523032367316	0.0003381458141486	0.00824684899025561	0.00143851783841471
5.10764676244008e-05	0.00391592765371665	0.00370934151452087	0.961096677338351	0.0133882126850325	0.013760829240958	6.08859293453461e-05	0.000395161991479558	0.0036218871789712
