Basophils	Bcells	CapsularFibroblasts	cDC1s	cDC2s	CentralVeinEndothelialcells	Cholangiocytes	Fibroblasts	Hepatocytes	HsPCs	ILC1s	Kupffercells	LSECs	LymphaticEndothelialcells	Mesothelialcells	MigcDCs	MonocytesMonocytederivedcells	Neutrophils	NKcells	pDCs	PortalVeinEndothelialcells	Stellatecells	Tcells
0.000155485487353984	0.000122166966903525	0.00145940740610836	0.0100726106056239	0.000582384397580807	0.028201135321265	0.0441625164500906	0.00542365125320396	0.851829700089274	0.000113740719447654	0.000676834420349135	0.023789038517768	0.000534743111164431	0.000399173395715149	5.38142250197743e-05	0.00347211192030913	0.00260699107857065	0.0013011835219657	0.00402803114156326	0.000864377018208764	0.00682668412224518	0.012907832001846	0.000416386828422652
3.61046923916942e-05	0.00733396404786253	3.40522489773266e-05	0.00862260196962296	0.00230292270998192	0.0014142221468371	0.0394361130724319	0.000392457308683442	0.803369366813109	1.91986271667034e-05	0.0286403707681519	0.0378354425216371	0.0169189832463619	5.53708363851719e-05	3.39197451620831e-05	0.000435890386231381	0.00292142949631755	0.0178892703206908	0.000392066726872037	0.000436474025005496	0.0120829691082561	0.00959995274209256	0.00979685643977174
0.00010957964154638	0.000127550167880749	0.000652234937376849	0.00907431591397016	0.0068220377083845	0.0229256920766652	0.0364202944509412	0.000632153932565878	0.857619691144998	0.00110540310848708	0.00162379874098627	0.0281614346145637	0.00788244790708209	0.00244820812533167	8.97435983219386e-05	0.00014363086958754	0.0073846445989393	0.000642279651136575	0.000398544581956623	0.000103339996817147	0.002941390117766	0.00930733443788855	0.00338424967680604
0.00258443266788204	0.0223340027640538	0.000121327643777158	0.0052764468208027	0.00645052677688205	0.00188077421283525	0.0395099696320005	0.000120603469509531	0.848421496806499	1.31833121130858e-05	0.000333981720852356	0.012154084441757	0.0299324617519578	0.000107244489619889	0.00046843374921619	0.00295164311132973	0.000109713708564443	0.000118623468349072	0.000315073804575955	0.000556315201977775	0.00201918644297021	0.0055278392749857	0.018692634727489
8.00661013660805e-05	0.00471756636781151	0.000511757901347348	0.0120322949992374	0.00155206024344077	0.000825831337041641	0.0422413240813875	0.000152283540159061	0.849764546992825	0.000730835196965926	0.000231597333359769	0.0332951857166706	0.00976731115714223	7.72869154585469e-05	0.000102619941482831	0.00285450743277306	0.00535144445317689	6.62322407106345e-05	0.000323022058413231	0.00474393711415742	0.00868622187772305	0.0122885123348028	0.00960355466254659
0.00184246991535609	0.000389529296728849	0.000142259353469653	0.00973713819675592	0.000841509049546471	0.00876212459923957	0.0434187289988752	0.00093671253814309	0.836281130665702	0.000170498981827044	0.00064834270002814	0.0413969576762339	0.00702589246222633	2.36373854335662e-05	0.000316816658223686	0.000264981539137314	0.0108636938959535	0.000414966101557048	0.000664010015789757	0.000264009105856478	0.00464076650524165	0.0166384702887657	0.0143153540699093
1.46221633967172e-05	0.000218162748850313	1.37617260208862e-05	0.00680458241033317	0.012178998815935	0.0147523574133026	0.0365081669910006	0.0022623406681178	0.850614989960682	9.14075207405082e-06	0.000454368282822744	0.0350707255580999	0.00673437923802093	4.49817526208298e-05	3.76199513125532e-05	4.85015554011953e-05	0.00474435271596062	9.78222032802988e-05	0.00848754354198228	0.000187340595213648	0.00039864603098838	0.0102291118942129	0.0100874830303706
5.97332312006193e-05	0.000893658952736752	0.000187220050479163	0.0069629341126882	0.00700645615718402	0.000646886013612381	0.0403727001434292	9.39825661429113e-05	0.854025194931012	8.69315032575688e-05	0.000304644041378052	0.023088876041187	0.0339774224789696	2.47628613925346e-05	0.000365990611779731	0.000621409828310759	0.00802879427637418	0.000219615848084333	0.000208828156749894	0.00184574225288274	0.000170983686530957	0.00974434172944414	0.0110628905251729
8.34401842213152e-05	7.57905354836666e-05	0.00279528328523739	0.0067676986782245	0.000406562063862459	0.00421550252998675	0.0623802094445939	0.00364149752217981	0.844339092207452	0.000135432618691027	0.00553638546666555	0.0205010088687711	0.00102574061590802	4.98700245448144e-05	5.46881719444221e-05	0.000701585587773458	0.00148440664327226	0.000936454951997826	0.000396858532837047	0.00348794420195539	0.0302465831489344	0.0105094716043836	0.000228493111079869
0.000109371450035311	0.0186150733322193	3.37412332204799e-05	0.00873589315383388	0.00464266499380107	0.0144049119637831	0.0382420502434054	0.000117541326399702	0.842235873130045	3.40374894349028e-05	0.00119226550167791	0.0305511905718481	0.00176841329867944	0.000287363079929438	0.00109028022035131	0.00300681737972373	0.000373475899350544	0.000198332611633064	0.000310979472224676	0.00143666474910283	0.00407747430271573	0.0102359765124959	0.0182996080840894
0.000590124603413323	0.000137360343483135	5.45154936872203e-05	0.00389838781701077	0.000235007301515561	0.00361919174732651	0.0563275933809444	0.000105736544107707	0.874573388253205	2.27836030107056e-05	0.00103182940791549	0.0111485124174916	0.00599618072217376	5.21428794058967e-05	0.000292044284693466	0.00410649139719256	0.00604511638830396	0.000166690112213305	0.00491276750827549	0.0010642217213631	0.0150619439417437	0.00630602872318726	0.0042519414083357
1.35020051770734e-05	0.000260513399001073	8.8129875906782e-05	0.00189011242873259	0.0143684084597949	0.000767866950365238	0.038915833361126	6.75036163850414e-05	0.85590031667557	3.52534452090135e-05	0.000788572954590276	0.0280633043576042	0.0181364904580801	1.5003815114604e-05	0.000125994263757443	0.000194873089174922	0.0035221397505252	8.63656122605272e-05	0.000520218979583427	0.0050982763435594	0.00920319832049625	0.0129282212314929	0.0090099006064925
0.000486039461633092	0.000165662790934666	3.51008066200162e-05	0.00347029276523106	0.0110153894268412	0.00059305699015257	0.0396825078234467	0.00040322784626448	0.851110761216376	0.000947400276443658	0.000459382432206557	0.0221783300626155	0.0256231396230301	0.00293513528957582	2.04919067446263e-05	0.00323204170150763	0.000862792967142485	0.00292100988704918	0.000192380150540541	0.000271336164082569	0.000581525275659349	0.0232661993217669	0.00954679581413516
0.000471874265194361	0.000481293763989481	0.000126222775094418	0.0149760439131493	0.00041633274637789	0.00280333939753885	0.0374624223630334	0.000273315166242904	0.839475964030372	3.36998288976563e-05	0.000266620943293618	0.0374605259232141	0.0370483415746329	6.92159671001914e-05	0.000993666882290324	9.22500689178158e-05	0.00706844907665063	0.000176600393958333	0.000220866986980325	0.000436912379616807	0.000251681946787074	0.0109130135012161	0.00848134610545118
5.7074327786051e-05	0.000365512866331044	1.35871847771541e-05	0.00753985241936004	0.0108374685344298	0.00198781813766854	0.0354022454925743	2.80029727833455e-05	0.856488643040847	0.0028836149828234	0.000888400472164703	0.0402333726073308	0.00334630909988778	3.95500235040377e-05	0.00237781540519536	0.000193585531907138	0.000843049255073303	0.0007456569277198	0.000719978848045539	0.0042204383632159	0.0190966707483583	0.00665557441217909	0.00503577834603758
0.000303804419754257	0.00170335098853536	0.000588346285908722	0.0127238206513301	0.00556478235710677	0.0184861645016212	0.0441689497873117	3.32599360011827e-05	0.852795618738336	0.00255967162306861	0.00519757007820689	0.0107890185381103	0.0198290865217325	6.82113319277512e-05	0.000270399474531312	0.000111917847070541	0.000145378984382274	0.000101515251829782	0.000946519732357852	0.000617140060435525	0.000715512548139677	0.018928525678375	0.00335143466392705
4.26939532374512e-05	0.00216471791533192	7.96482843162625e-05	0.000249316935134177	0.013966561636413	0.000966483852019503	0.0661792732458561	3.11705788689809e-05	0.837620181596575	8.12600022272729e-05	0.00016792384795717	0.0267625510305852	0.0261898109202588	0.000117006719409196	0.0027325214195898	0.000115539541157003	0.00014485769402234	0.00388187857579162	0.000104923295219726	0.000272092232382389	0.0128093767479764	0.00478883352211094	0.000531376453559857
3.92913437574866e-05	0.00508316916707864	1.53528103115731e-05	0.0103321307126939	0.00234076957642931	0.0229077461066819	0.0320320497531026	0.000536976284092468	0.880158823401763	0.000129242948662749	0.00106893296669668	0.0166125153253605	0.00356938651136446	0.000689719082103409	0.00159450058188121	0.000784789978743247	0.000101365508727167	0.000122524025035055	0.00136483474396112	0.00598818036055074	0.00374899569918189	0.00982877279446228	0.00094993031735865
0.000221009551633485	8.33558849543902e-05	4.76885881607192e-05	0.000926645494917026	0.0114920220154469	0.00148612796091059	0.0426661149476766	0.0132362143933962	0.853104598597411	3.32590208303002e-05	0.00116276690135894	0.0303527723342491	0.00477933599875076	0.000197840973293741	0.00141599998189573	0.000483483996849067	0.000276048818718897	0.00386671746461997	0.000521604899009788	0.00067015459039014	0.0238637252669633	0.00886866590414302	0.00024384641442025
2.97009297673819e-05	0.000337043625377425	0.000582180132325969	0.000969687934691883	0.000833174661698945	0.000482554880137781	0.0228723017330366	0.00401742231389339	0.852937879146812	1.95276490901257e-05	0.00202385699383645	0.038492071171966	0.00124501168227317	4.02873164897146e-05	0.000521380418398813	0.00115422747545302	0.0204231596671022	0.000113744619091244	0.0107428277836863	0.0188356332502322	0.00554465758851411	0.0174228686740052	0.000358800352120037
0.000577172256989769	0.000208922610142994	0.000263366526201605	0.00595248786125773	0.0140394607288861	0.00885655396319502	0.0365498648090999	5.42698630088144e-05	0.850090350771864	2.04059259224673e-05	0.000183749214530251	0.00915690814378927	0.0197183763220936	0.000100611186846506	3.23360235649811e-05	0.000853982327066449	0.00103387366153266	0.000805834003801752	0.000128924818910147	0.00093348876084334	0.000822602636086492	0.00836120048032052	0.0412552571040458
1.31359300767732e-05	4.33973291797086e-05	3.55911505852555e-05	0.00246063291323192	0.000309193326258808	0.000305282425123283	0.0907836144638098	0.00691317988714338	0.814548808240923	2.69268400849382e-05	0.0126826392999736	0.0152925447205486	0.00285248962618909	7.37578645459569e-05	0.00124908394001859	0.00477508877899991	0.000344464927395897	0.0104877872031779	6.93204480491645e-05	0.00839801478619338	0.0234583225230925	0.00472733292230136	0.00014939045309712
6.33805911745378e-05	0.00501974748933042	0.000105544272737627	0.00280267744318235	0.0112029043446341	0.000946154584563519	0.0436299050602456	0.00394554044339929	0.842758624287833	2.44952720330199e-05	0.000404278481652791	0.0210998313579755	0.0351945844948903	2.72719243979364e-05	0.000147939499424087	0.00110313102067131	0.00694538925114821	0.000248162445348657	0.000314427803872266	0.00214378997992011	0.00367297636074068	0.0173004557194019	0.000898787871423339
8.14912285711136e-05	0.00137159212755827	5.22087007497897e-05	0.000157743457261762	0.000227946756982493	0.016917248908738	0.049321208174956	0.000130264393567631	0.870722819753335	3.78530435330224e-05	0.00217282419608899	0.0111830210375594	0.00550651862859926	4.01129625859308e-05	0.00274681922226773	0.000524760250438073	0.00403242131766487	0.000846092855965003	0.000201132245727855	0.00134731231341301	0.0215870410451861	0.00943196889809243	0.00135959848115864
3.14427696091166e-05	0.0140329137847018	3.90728916432941e-05	0.00864406344437316	0.00161755945891837	0.000387193540451879	0.0397844965776483	0.000115644345449941	0.827768577203555	3.14066300230953e-05	0.00090371350745057	0.0310103115917598	0.0331738170434132	2.94204975748724e-05	0.000260299146714427	0.0011568653273052	0.00895986311425615	0.00184662066859149	0.000440156557806471	0.0031892705579021	0.000661179213734575	0.00626090373731046	0.0196552083898067
7.28883304528097e-05	0.00197984353961216	0.000808547935561352	0.0122940410150916	0.000424970574029701	0.00683115048623633	0.0415648849760085	0.00119691199647959	0.863954563875419	0.000262007736280452	0.000350247091827439	0.0272372691687378	0.0103364890538721	0.00155450525182584	9.02511506027605e-05	3.84110235893577e-05	0.00846629824339684	0.000263736464720699	0.00084379112951281	0.000157654859479086	0.00246523184680871	0.00666601793802339	0.0121402863124314
0.000322610595298872	0.00425225434488105	5.82828829838827e-05	0.00433455131132295	0.00767904787591631	0.000886516792787194	0.0351736447209045	3.84488327400244e-05	0.88230261625437	9.15197394027795e-06	0.000359900174216673	0.0154755654092898	0.0192903405137331	3.76331646439068e-05	0.00244459283734436	0.000307647841990364	0.00215356240179207	0.000461730845714935	0.00147541454948283	0.0048514194435835	0.00103971105614916	0.00468397881911204	0.012361377357802
7.23674328000453e-05	0.0344190171529575	3.21604960738171e-05	0.00651058915715897	0.000200514532712705	0.00969735623186396	0.04330300582173	0.00335685224920418	0.833140549254054	2.2437562848015e-05	0.000351763426453567	0.0195470332521811	0.018527101397724	0.000149092148907968	6.94663365109076e-05	0.000561674823013636	0.00510548038063205	0.00169095223340436	0.000418973483663593	0.00258439372323371	0.00138917418384798	0.0183295531911269	0.000520491527896497
0.00180675118123422	0.00135850729114754	9.29832856600415e-05	0.00206595913570395	0.0132899808971276	0.001624015104249	0.0443934406273293	0.000342281641161878	0.862080991657655	2.0984105122436e-05	0.000659488377765011	0.020423700368451	0.0156528751353631	3.89776249073879e-05	0.000374182222827623	0.00103838425398905	0.000534466476085828	0.000229552704728079	0.000421225916973864	0.00395598665629585	0.00517523414889143	0.0125763747095484	0.0118436564777822
0.000912866907397665	0.00113843588374616	0.000113571527824271	0.0113728167343364	0.000251225161835931	0.0162221202563672	0.032480926524543	0.00012081451961224	0.846007589380069	0.000111917131720758	0.00837580288224701	0.0349628788904251	0.0113086291693796	3.69633176418986e-05	0.000266244654364285	0.000436050424297004	0.00345678316266625	9.62851841529161e-05	0.00143672642372782	0.00305370691275576	0.00087407727624909	0.016455430970199	0.0105081367044419
3.00435106121777e-05	0.000150474058015042	2.8123229473698e-05	0.00739181539082949	0.00661658617787376	0.00606948610116595	0.0473143405585458	3.00897874761018e-05	0.874422595752813	7.58641214223756e-05	0.000217047813377964	0.0161341482978875	0.0022975233622343	3.46225186741331e-05	8.84096077894346e-05	0.000155689063638255	0.00309370526352589	0.000753482186094571	6.84769424442345e-05	0.000262471594440887	0.0208058469562677	0.0134841799449351	0.000474977760463107
4.69280237850603e-05	6.46461927045771e-05	9.88430210908941e-05	0.000811012391732874	0.000303360327605345	0.00524893795765043	0.035711672212591	8.59383836437681e-05	0.800892317402282	1.75124211887051e-05	0.0297386370021339	0.0319287829541311	0.0132577648616816	4.76508066798951e-05	4.47413988135861e-05	0.0131438105102687	0.0159312237934112	0.0162329930517651	0.000426806231648971	0.00133275265886135	0.0206456969386942	0.0134612622960401	0.000526709161595463
0.00015644407113919	0.0114874677458548	0.000111885832617549	0.00758148311728749	0.000457251436970635	0.0104964652023153	0.0418228223876266	0.00413372562019529	0.828675569257544	2.254358978041e-05	0.00083451256363054	0.0347481453947541	0.0145456438775889	0.000362455079162494	0.000320914989909042	0.00010662407204236	0.0134108052260915	0.000355998040121509	0.000778231042253842	5.93142326218772e-05	0.00290868494238059	0.0146411623558472	0.0119818499222647
0.000123408187361307	0.000517799752557381	0.000645157853985577	0.0026362789014852	0.00722678882576604	0.0682681269083036	0.0399289299316492	0.0179211304127525	0.788091268632367	0.0001528599105781	0.0136567086687506	0.0159893167596415	0.000565671579595083	0.0162345432262884	7.91863228154216e-05	0.00309161758620774	9.94618111084659e-05	0.0062876048422496	0.000150027044296629	0.00252637777229681	0.000427488552616632	0.0152855249489967	9.47215683306142e-05
1.80632112564062e-05	0.0021112454583258	0.000108996817304182	0.0124791322564747	0.000344614747540946	0.0263033196511186	0.0375674088736097	0.000485389031026382	0.842161493672021	5.08166731710077e-05	0.000451262385598734	0.0184639277866852	0.00432134459946774	0.000519631341870915	0.000139698614669972	0.000548232536061031	0.00191718763224477	0.00158173540615213	0.00168305010846435	6.5122914380924e-05	0.0133086372410269	0.0152919685223018	0.0200777205192275
0.000142529783696152	0.00010824769217646	1.43383974950941e-05	0.000633080386143585	0.00341028642806883	0.0293410133161943	0.0223731399637863	3.81740154202298e-05	0.845771118504852	0.00564434582026846	0.000879882404983155	0.0499745387756688	0.00945090399962201	4.87941633297992e-05	0.00119693144563213	0.000673583879303642	0.00569227218355597	0.000215890291037578	0.00158967385172376	0.000191142417106017	0.0074240356207127	0.0149201735868758	0.000265903072347419
3.16625175518142e-05	0.000199729511173484	2.2571997272991e-05	0.0121664731803855	0.00765011106220858	0.0054287798955981	0.0315105940024079	0.00195148955042069	0.831813990102976	0.000118194968705634	0.00246312514435273	0.0385283177419159	0.020772601252062	9.61694375430049e-05	0.000103825000261744	0.000528895823438919	0.0155073156792481	0.00010651585104858	0.00355315844528079	4.97498395778662e-05	0.00645791545963608	0.0131418705899381	0.0077969429469958
0.000612477861468468	0.00115753094683355	5.60818575583961e-05	0.0031946713368721	0.00750426414883337	0.0571775979227298	0.0375418965225519	0.000691107195832708	0.83672099596513	0.000120895220485948	0.000685720889708976	0.0298396355536545	0.000659480095774943	8.75339869773005e-05	0.00055758318605279	0.000793000657172112	0.00016954965970482	0.00284881987937423	0.000836838919323497	0.000171807064992295	0.00278177569753498	0.0153806701781289	0.000410065253304549
0.000203662352408104	0.000495706466229959	2.14489994098404e-05	0.0139483742189212	0.000932674172967252	0.00300301960757636	0.0435111675179145	5.29528937548372e-05	0.849642994030923	5.10337191812565e-05	0.000260820463974495	0.0186113664230618	0.0321723368105054	2.59080891209856e-05	7.69931384066812e-05	0.000141623403322523	0.000670885882639206	0.00411883451987594	0.000406032152784416	0.000213711612391093	0.00111173170745572	0.0205861108492584	0.00974061096791752
2.48933032493274e-05	0.0117325145381946	0.000100918019920722	0.0105805569498391	0.000460890261760108	0.000506247946901218	0.0336126565434	2.31110654080162e-05	0.853494265872848	1.54236900473389e-05	0.000176117477835013	0.0357949301619902	0.0326829786001015	2.62300140599682e-05	0.00142973015517228	7.6712893609842e-05	0.00634893809946654	0.00155294809257096	0.000177867702225964	0.0020856423671086	0.000502281142851806	0.00740227808156031	0.00119186701987853
0.000351566090250367	0.00318197393021615	1.84230378348118e-05	0.00567089972538961	0.000140057797562125	0.0225432285526641	0.0387431959352574	0.00058934790466558	0.832619369024479	1.89703763642042e-05	0.002642537581761	0.0229145435457285	0.0025199688392197	0.000132591843209445	6.08793418387106e-05	0.00208948729167562	0.000121349636970792	0.000209062705631538	0.00164323411589593	0.00113765497934309	0.00351964467872825	0.0267759044509886	0.0323561086143257
7.08666681842255e-05	0.00102050827809868	4.50679886469061e-05	0.00456255200050232	0.00265612700132443	0.011189989729663	0.0445651986656146	0.000869760131111381	0.859675140145922	3.32342396607018e-05	0.000224641618081638	0.0158033415785303	0.00800052357276591	0.000124064406195352	0.000576830575900512	0.00133640786116714	0.00170081517532352	8.76175623112724e-05	0.000193159995435327	9.37945539433639e-05	0.00843914866182769	0.0151460889415222	0.0235851206482674
0.0027346591997734	0.00127882328747968	0.00172452230637244	0.0151342555124667	0.000568260013776996	0.000584456136438121	0.0524507397262522	0.000619639325518867	0.849151262276675	7.54394656663156e-05	0.000543252430494023	0.0224864130222581	0.0056124551961606	0.00143015858433137	0.0010146641763554	8.02464855562591e-05	0.00712839129511975	0.000209722812042462	0.000328851408556418	0.00110881301781576	0.011214969065349	0.019011058934069	0.00550894632147199
1.64693193063518e-05	0.000135888303795309	0.000114015427563006	0.0146489406833504	0.000513935521656727	0.00723597131303594	0.0296086833929507	0.00389954946212314	0.862539834633344	3.62975019584086e-05	0.000191095043467296	0.0185427788008132	0.0154555279502148	1.34364397589503e-05	7.71746338443081e-05	3.51565421380425e-05	0.000916606301321479	4.95099084693402e-05	0.000650700287764372	0.00336836082269339	0.000830967667031169	0.0267224064693607	0.0143966935740385
0.00389336068362887	0.000465739666319846	1.36319615600055e-05	0.00825701807715822	0.0013884081463677	0.0210741471653946	0.0446047377463553	6.21952240338509e-05	0.871332120456338	2.85430860498838e-05	0.00119120900657971	0.0274970055903618	0.00282994819331883	0.00028828643031825	4.10363564851186e-05	0.000137763248853428	0.000189843999012299	0.00192759084767528	0.00172683077820788	0.000892404910370969	0.00043287416207884	0.0112128595550309	0.000512444708500336
1.5597942397614e-05	0.00143034117962976	4.0036949458526e-05	0.00207497436446014	0.000307516360570862	0.0546483016033993	0.0410326535559117	0.00593235227507425	0.840317826295186	0.000223070446754518	0.00949503783370406	0.013934087263633	0.00158354953680707	7.00741062085573e-05	0.000379218991351138	0.00163944370652081	0.000133610887226712	0.000243561580027315	0.00202211220070275	0.00660916465779356	0.00122297443551295	0.0101228282751342	0.006521665552535
7.68540349483334e-05	0.000135460469859654	3.74185741070395e-05	0.00721300266994275	0.0117835077730429	0.0216760906607021	0.0347399439809939	2.97239136728983e-05	0.861788591250829	5.68720526781312e-05	0.000141427597517413	0.0342437639303584	0.00161929622286351	2.27845229680949e-05	3.90951625074138e-05	0.00424330975543624	0.00582045180947336	0.000679811424996193	0.000305547774555929	0.00711014990177869	0.0006015802472561	0.00437406341868809	0.00326125285082393
3.37276256935838e-05	0.000824211264881177	1.64855682372316e-05	0.00461943298947241	0.000519777620909706	0.00350782027513536	0.0351977357612417	4.1654873526672e-05	0.843217070656366	6.61162611064994e-05	0.000577002510365132	0.0166353732922688	0.023059651261937	0.000116134674394772	2.3062987406593e-05	0.000103317759361327	0.013983536765523	0.000149568576470289	0.00026840911673815	0.00739849138828725	0.00430594569851748	0.0167370127073743	0.0285984603647851
4.91647215507414e-05	0.00613755098537441	0.000479331295539467	0.00643738588351347	0.00054908766586806	0.0560945056130121	0.0313511298551861	0.000574976084281995	0.84590388844008	0.000414232439883646	0.000160062710982647	0.0135044637951498	0.00128801045905145	5.0609014559747e-05	0.000144910988737134	0.000208306569070172	0.000286273680795223	0.00028860448700016	0.000263609798678754	0.000110771766151482	0.00644586662750475	0.0186739997961614	0.0105832573218676
5.6461868956389e-05	0.00763596040470802	1.85125896960588e-05	0.00763240485566843	0.000707288273104269	0.00392205462165114	0.0445602399827717	5.27776709928965e-05	0.857503672592651	2.44948739180948e-05	0.00206911139751151	0.0166402594432111	0.0229093886853603	4.93244835482094e-05	4.60921875295861e-05	0.000702767207323641	0.00199690954266761	0.000793586918490783	0.00849054198416251	0.00599519558804245	0.000754197550309221	0.012975517519584	0.00446323975814105
1.5832234500141e-05	0.000178149929792066	1.1286027665659e-05	0.00222801320434983	0.0121561499841344	0.0114872973892439	0.051113050873039	4.17169582068637e-05	0.835242829487414	5.16247509481009e-05	6.53939448563259e-05	0.018922268006342	0.00534666759308855	1.78451916722903e-05	0.000180089940148031	0.000216654852654543	0.00431406381983337	4.64321956697359e-05	8.01449699577305e-05	6.9847161896977e-05	0.0109210311711864	0.00888293438100012	0.0384106759324001
7.47390297568339e-05	0.00829045331958226	3.27039588904772e-05	0.000316363309525738	0.00810070225068809	0.000663601697490776	0.0656165733131949	0.00317807670376482	0.82514308208977	0.00337135056656575	0.00115248262565022	0.0251298117775634	0.0119740578137832	5.32296183611412e-05	0.000137392110393725	0.000270267686167967	0.00266316604884904	0.00188520622366211	0.000222951124948716	0.00243771296115418	0.0341624812278303	0.00360676821020166	0.00151682633220434
0.0001543898057471	0.00364486434463905	2.59323500102457e-05	0.0037117306093033	0.000242606204307821	0.0448483861027082	0.0450985438251053	0.000758742728234894	0.814733234219589	0.0012381689840323	0.000273597149323489	0.0179997531524832	0.00999582909835865	5.62502288162037e-05	0.000110223506717438	0.00139599125820838	0.005552575723039	0.000323162496074324	0.000100673602300055	0.000143416775333486	0.00746023870398582	0.019583184709885	0.0225485044217979
5.77800054150654e-05	0.000317201647282066	3.28204888890274e-05	0.00276686469185041	0.00273078503969504	0.000299608513143876	0.0574677409122657	0.000371303603159553	0.862807223770648	0.000129086303394682	0.0206939995474677	0.0104616016217083	0.0101165039962532	0.000162830354053873	0.000388539748225076	0.000478830658885817	0.000555864539210977	0.000243175632420485	0.00140641783011597	0.000478681242428604	0.0199934490148274	0.00685587254037305	0.00118381829828625
0.000149239349167453	0.00248688179549317	1.44755633509429e-05	0.0163813046950353	0.00224522388926134	0.0131007005273049	0.0399578722872452	0.000282420930636123	0.846745743209517	2.18638943614578e-05	0.00099212248429086	0.0204876890681797	0.00885302897526762	5.98472050019518e-05	3.13817586232317e-05	0.000390474162564419	5.6242983421292e-05	0.000118855070385352	0.000561941584350007	0.00218785404925533	0.0049338305593402	0.0152047996773585	0.0247362062805891
6.41402714193063e-05	0.00150771920115414	0.000369928783487877	0.012574933862498	0.000603259363836728	0.0274962454551509	0.0363201820959693	0.00842796697479746	0.827680409189994	0.000430190005656319	0.00137726594256627	0.0301813448397974	0.023825544692355	0.000104968364787747	0.000256066954189528	0.00365058400002957	0.00234430069240224	0.000802737479947603	0.00175548978147145	0.00314613992013293	0.00664000407862144	0.00991407679937281	0.000526501250361969
0.000144583132901656	0.00268084733649922	1.56789356744078e-05	0.00319747107594459	0.0040468197679627	0.00677345957764973	0.0392606377258089	0.000359176780804037	0.844628914701267	1.75332994865209e-05	0.000212013736952128	0.0147120114268093	0.0304050516685255	3.83910282553604e-05	4.67059610418848e-05	0.00054559883430108	0.00111232779833971	3.09562482183274e-05	0.00028073324838172	0.00241366595071605	0.000155875951387708	0.00646709358444885	0.0424544522286239
1.19579309454658e-05	0.000273189061418751	7.12871525402099e-05	0.0087786362394301	0.0036124029333708	0.0204481960826264	0.0358282747643259	9.60947257934558e-05	0.855750302952303	2.99701479625917e-05	9.86179499406761e-05	0.0290453462862342	0.00387610264767593	6.79000300287984e-05	0.000153184860885639	3.49844040270695e-05	0.00733382614822239	4.42975098246188e-05	0.000126147423306486	0.00042291408929466	0.000432125722520068	0.0119079684917571	0.0215562724455658
3.44186019074773e-05	0.000333959345216329	0.000117819683448207	0.00813965773819983	0.0130224682643799	0.0114765266975354	0.0402771449336223	8.42506570239193e-05	0.850017600244857	1.05291448511573e-05	0.00107840232028841	0.0165636027603992	0.0243908183881473	5.08682199567097e-05	9.57262702787912e-05	8.62458305015465e-05	0.000604132955084051	0.000462773200388261	0.00110400667893983	0.00128732183476117	0.00186319855903501	0.0192602772651377	0.0096382504060408
6.76141169616329e-05	0.028167912022523	7.06078439816424e-06	0.00675731239627356	0.00260209135062826	0.000549954795210806	0.0474550566943351	0.000335498637586177	0.85032301444433	3.09028532506042e-05	0.000185603415299326	0.0178898425206761	0.0174789351093587	3.56846239885409e-05	2.09898656242484e-05	3.69028180418174e-05	0.000199516013761234	0.000139154426331714	0.00187326256777739	0.00671997826455103	0.00347903685525889	0.0119128957355799	0.00373177968825342
5.21808175691143e-05	0.000226043408349231	1.41326010718916e-05	0.00877890322692176	0.00146854086039002	0.000294119949227777	0.0426462142172493	1.70706843667121e-05	0.858980650007545	8.49432534056879e-05	0.000580799776691117	0.0275350933230377	0.0365339757626112	1.16255079084935e-05	0.000165335857004997	0.000193143789459286	0.000872768148358243	0.000501457437415263	0.000152260014848066	0.00495262689504957	0.000551243183926594	0.0151221382884087	0.000264732989184793
3.62275256451385e-05	0.0093992197168209	4.39931901103139e-05	0.00165337050033173	0.0181581425166375	0.00227473589242357	0.0413213907215322	0.00194682511665107	0.841500106875279	2.37378148419208e-05	0.00143066210256053	0.0203986268097172	0.0267169167452685	5.75837561477779e-05	4.0488925644877e-05	0.0002686704014518	0.0094651249516406	0.000360626495363275	0.00614172192778384	0.00856884214529891	0.00269328898774685	0.00595632965596468	0.00154336722513814
4.44894475413662e-05	0.000968370239076367	2.59909405598525e-05	0.00809413791906764	0.000281675661789829	0.004394013470613	0.0324693281558611	0.00558614383112737	0.843021693955106	3.06727953808139e-05	0.00139461389193128	0.0251670307509376	0.035085467121731	1.58920745943771e-05	0.000120936979758836	0.00177943835306226	0.00579936198090689	9.13597581803815e-05	0.000528053949769688	0.000497352357433881	0.000430397570844958	0.019265585861078	0.0149079929336472
1.48529711358136e-05	0.00205283083684531	5.5772993309736e-05	0.00724091882699711	0.000616022851685962	0.0119937204303272	0.0467390304389474	0.00405160217623005	0.842304354827113	4.46866985594756e-05	0.000192881178267051	0.0157182712669215	0.0403911044618485	0.000188380262255501	3.74237105949985e-05	0.000473386120511315	0.00411479113078692	6.30554643333355e-05	0.00312479894881906	0.0107378135434911	0.000653230753747265	0.00761779790870485	0.00157327219856835
0.00020223461991401	0.00157835628383602	0.00146689349718971	0.0081078419342366	0.00112804114587965	0.00645899979296338	0.0258302444553555	0.00115173973716937	0.834823620787875	5.85447928821993e-05	0.0022682944371151	0.0263442371598131	0.0406357506541583	5.01585527183877e-05	4.01944988930123e-05	0.000113008145276663	0.00124800558708658	9.10048705033126e-05	0.00139839926402187	0.000231275500097154	0.000270970462018875	0.00906330510670965	0.0374388787142868
0.00028116835827471	0.000428473061364295	8.40955819218433e-05	0.00896624276564846	0.000576997173224804	0.0198877808234105	0.0363767266745603	0.000511064187730674	0.849716867821378	1.4938442017105e-05	0.000353849918568605	0.027474772779846	0.01390430531846	0.000840354980559295	0.000135373857687093	0.000752990691625643	0.000469466140347801	0.000763706984281087	0.000855400031682764	0.000529999780124416	0.00346771683675919	0.00948007041035106	0.0241276373801767
7.17355313342208e-05	8.99848984109311e-05	0.000215113643133216	0.00940845654086168	0.0130026718935846	0.00120915421735696	0.0335727105659728	3.6444879012812e-05	0.878397500282283	7.61858953030994e-05	0.000416705491919708	0.0208648310161739	0.0265126874717903	0.000110399561072186	8.84652977469134e-05	0.000604967650114314	0.000199846906905661	0.000205023516545217	0.00045847094492306	0.000569919660050821	0.000782635866299228	0.00802967522444538	0.00507641304476025
3.97425760588335e-05	0.000287274335786757	4.68471703182953e-05	0.0157450206342524	0.00102487195813909	0.0206293587653244	0.0445827949749163	0.000250033073398742	0.869109784874644	0.000117457940421351	0.000159023608146088	0.0131978953910314	0.00299788254358045	2.15518137762272e-05	0.0024629535197101	0.000169360669606466	0.000258041691175448	0.00122243224553367	0.000116224597289598	0.0012572200249203	0.00274793080325982	0.0142744877908497	0.00928180899786072
6.55528520159495e-05	0.000113184972573602	1.27585361074005e-05	0.000471323333504135	0.000281596866598151	0.00269450137804913	0.0321624991204497	3.44019894547465e-05	0.824218910085609	7.82747288899592e-05	0.00105566259868035	0.0277025147372545	0.00968727214723988	1.69568810867773e-05	3.22538882878678e-05	0.00340183076986128	0.00862239401554697	0.0257676595806671	0.000142506291366808	0.00228776377057431	0.0106090608910343	0.0111946719724574	0.0393464485926909
2.33829646666662e-05	0.00117512875482829	5.25502909529031e-05	0.00325985466658498	0.0127952434727782	0.0132166863829229	0.0375005514420722	0.00148562931779128	0.860292855956313	5.53135296806272e-05	0.000191258808084315	0.0166361315947306	0.017275483301672	0.000198200654062226	0.00023704558211217	3.6698632230431e-05	0.000495362711671594	8.37579207338039e-05	0.000314496926258232	0.000365560137105032	0.000766036248644498	0.0124818239815607	0.0210609467225432
0.000148663422216707	0.00221303218682542	6.25292461382241e-05	0.00958601125545856	0.0128765878870613	0.00661775552961568	0.0394293786322436	6.13496960752896e-05	0.871665610720553	0.000145567635493706	0.000194343782302519	0.0161970611757423	0.0184596464693682	7.48865642884135e-05	8.00834700858068e-05	0.000422048252685784	0.000214380829708175	0.00012031011349675	0.000124304486652726	0.00685542341663094	0.000503889782261226	0.00773767877034439	0.00620945667475181
3.88631391671734e-05	0.000120627594779956	0.000224542876926266	0.00567664464134572	0.000521182422332615	0.0210340489177752	0.0380480983279818	1.70623294100059e-05	0.855738481727212	3.6954731535498e-05	0.00130319639001359	0.0175663922516936	0.00805355271751586	0.000126446855914899	0.000692290404228196	0.000123148357900796	0.000168608786229561	0.00263265546667446	0.0249892491561415	0.00592092409808337	0.00581626251161122	0.00627584515869113	0.00487492113683606
3.95534635181412e-05	0.00112469753608489	0.00183062692908719	0.00608433439492805	0.000513840081801116	0.0334362995632366	0.0384347332268169	4.12300039745459e-05	0.844447279681567	1.3638588412341e-05	0.00162590191003012	0.019149877476877	0.00113171270812463	0.000161806949262075	8.81235584009675e-05	0.000118746152611405	0.00035503162972277	0.00640710522248702	0.000385424366779755	0.000430918778695149	0.000439210596295889	0.0126136573214255	0.0311262498598607
0.000101893662757819	8.55646987751345e-05	0.00012126843712198	0.00606161827017612	0.00301072616999516	0.00899729852798353	0.0541790581149234	0.00417952532549648	0.874011484741724	1.75986243529947e-05	0.00124248573424602	0.0169817547396056	0.0163896477050384	8.00013767785672e-05	8.11401050764819e-05	0.00454445007908927	0.000213249233831291	0.00152927760522462	0.00302791390612858	0.000498763196804336	0.000944712193805446	0.00268238235172882	0.00101818519933612
8.00782462800277e-05	0.000198076707141002	0.00011605005871383	0.0126507778837703	0.000474668508647897	0.0450139960742666	0.0260530975386321	0.000986661602628618	0.846038238889377	3.05720808772078e-05	0.000516043243049064	0.026368793763807	0.0132332089813864	0.00015663431552582	0.000153791222961549	0.00261505133792816	0.00371554703171995	0.000403027118271968	0.000178489669514629	0.00143907722033411	0.00388618178308996	0.00595589145628457	0.00973604526579235
5.76796332743214e-05	0.000139577786223198	4.39920918538615e-05	0.000489715121739717	0.0311136772042208	0.00355907018776539	0.0306118527185631	9.69652828290507e-05	0.824074413366829	2.10728761575291e-05	0.00132659372332309	0.0359904462542266	0.0258954882743288	2.26955095374278e-05	9.72318564790895e-05	0.000104681396539658	0.00116339878033382	0.000155087522497594	0.00067408663108032	9.2190643569289e-05	0.000248004760537021	0.0264143086382885	0.0176077697398025
0.000412359513380011	9.92114776657554e-05	4.6670684501284e-05	0.00490890489017006	0.00860203331873721	0.0127706812039957	0.0391589886187502	0.000374098070624068	0.860370763293605	2.22841135267352e-05	0.00134948441799064	0.0341885093028744	0.00562158686686787	0.00348550318854448	0.000101040373673421	0.00672932948788852	0.000137936785558962	0.000503098989529787	0.00102841385184176	0.00926397375197186	0.00176151949790855	0.004534727921216	0.00452888037917852
2.89181928092392e-05	0.0002383804727561	1.65021859866929e-05	0.00967541219436635	0.000193176607489942	0.0259481614469199	0.0291255742365961	0.00059977343789275	0.832904922805463	8.28631824261028e-05	0.000289917207619217	0.0364566597808624	0.00996213832378272	4.04033651233638e-05	4.57575130113081e-05	0.000382865189069804	0.0115541406024406	0.0187780738960872	0.000404163344899541	0.00298122092190656	0.000766353858053125	0.0190471945941164	0.00047742664032158
3.00959654882235e-05	0.000194886099588839	1.39424794765753e-05	0.00804543874166449	0.000424441468165987	0.000455960435809632	0.0432682832467695	0.00339973245124258	0.827595323575216	0.0001058253662918	0.000393556570076101	0.0428615983339125	0.0188438171672994	5.93072338562357e-05	3.44446339251879e-05	0.00200005212146536	0.010344740320795	0.000100282104942509	0.000193310963553384	0.000262658650798476	0.00299252693390985	0.0248915621886145	0.0134882129471376
7.87259959840693e-05	0.00455317059814304	0.000100538499753164	0.0087413596148851	0.00486815832477735	0.000676125378750304	0.0407821227032639	5.47509470177839e-05	0.868670597784644	2.62845037389526e-05	0.000869677478806874	0.0164508598217015	0.0182263730929132	3.38537806257633e-05	6.32556763813309e-05	0.000139204465500637	0.000274593166542787	0.000132289663074158	0.000973022339737164	0.00387642450690367	0.0113270490143315	0.00640155733759211	0.0126800053049323
2.54973039360169e-05	0.000111821364603412	2.93410656671056e-05	0.000900007774684452	0.00154156736940828	0.00831089653576604	0.0221910658407822	0.00016232909753832	0.836976689059464	6.49859277887489e-05	0.000275730988513405	0.0144484298776357	0.0359381777799199	0.00110475792316264	5.23923091515465e-05	3.95668337704001e-05	0.00321720264431057	9.32135354936883e-05	0.000133256038424907	0.000371143041022975	0.000367862587142798	0.00793408403992884	0.0657099810618844
5.15804541360338e-05	0.000227504757374145	4.90469558174789e-05	0.00567145366920045	0.0057887367571775	0.00591656255175218	0.0410092454033771	0.000306048729811267	0.858022753550174	1.32375680046994e-05	0.000629795007206005	0.0275627117062087	0.00866644939673326	3.88648219760625e-05	0.00300825651267549	0.00223718440787547	0.0095376752566461	0.00199654015148746	0.000796770840139908	0.000433110347971095	0.000669601463833464	0.0258957725594201	0.0014710971310013
0.000463596695204328	0.000241227744866274	4.56757835885183e-05	0.00904034668987977	0.000879267277264791	0.00641259791208186	0.0343070689720172	4.83762840587669e-05	0.881517354108768	0.000204593248595828	0.000203275239529656	0.020482034595569	0.000899234783420391	5.55149333446321e-05	0.000661727195484554	4.37097498953336e-05	0.00291702407950386	0.000614477577581105	0.000434702955009208	0.0130786818774322	0.00302959804364829	0.0180686467217194	0.0063512675315368
0.000228189581466878	0.0016751072907259	0.00185365536181141	0.0004805797693116	0.000681316921260278	0.00130668832089667	0.0426894861414331	2.35975531895868e-05	0.861602847480599	7.8593451436582e-05	0.000221096118902745	0.0315476967773487	0.00625367578276635	8.63258783990257e-05	0.000154605522633648	0.000324981495835971	0.0180263161058833	0.0072677748989026	0.000227753517815461	0.000759005508495161	0.0159771957343912	0.00803848218770993	0.00049502859878483
9.46345455316945e-05	0.000174724815453034	9.78358442071611e-05	0.0110874581776007	0.00145823175262649	0.000893057253085386	0.0290042660993887	0.000167812383217936	0.873550578971129	0.00098426257919564	0.000330109599293348	0.0123852430285093	0.0340416228563267	0.00930606512807323	7.70751499278995e-05	0.000114135927847426	0.00548471549908543	9.55262278926893e-05	0.000406084701245175	5.86632976234327e-05	0.00273945399569172	0.0161844708533497	0.00126397131369829
0.00220315381290111	0.000873222014842739	8.49799313031692e-05	0.00872442642755781	0.00190930348217749	0.00104924044965654	0.0382919486148515	0.00011317949142537	0.854292867491432	1.24731755899718e-05	0.000123448483432513	0.0272049071275662	0.0238920853475397	0.000153632306545291	0.0025040711340654	0.00600819825464372	0.00408838940128376	0.000311940158444396	0.000124888464681632	0.00022338119818274	0.000730780684056603	0.00579440527399002	0.0212850772738306
