Bcells	CentralVeinEndothelialcells	Cholangiocytes	Hepatocytes	Kupffercells	LSECs	Mesothelialcells	PortalVeinEndothelialcells	Tcells
4.41431339253186e-05	0.0149947228083821	0.0603556452925773	0.903251636720855	0.0120626699960974	0.000497151380483236	0.00425337284726308	0.00451236950749404	2.82883129222949e-05
0.00353720386394134	0.000867356858552858	0.0544319730425452	0.895788118150464	0.0152330347604367	0.0116040905266025	0.00296571586651863	0.00578209018823498	0.00979041674270384
3.54037473537166e-05	0.0155275391370892	0.0530338765743396	0.908843485166094	0.0151811020611768	0.0021320796728794	0.00291715508720427	0.00145638135396162	0.000872977199901252
0.00793459331382674	0.000547057580582917	0.0519115557277514	0.912671117481681	0.00668552694829985	0.0146770455488868	0.00274803660531687	0.0026016506170713	0.000223416176583167
0.00247707027966014	0.000749656222794597	0.0579564262356214	0.909792947963068	0.0155250290766598	0.00348073905792479	0.00316268264487529	0.0065456951151156	0.000309753404280493
0.000176144223613062	0.0102217859674594	0.0541832854086174	0.906964902140171	0.0189560651641619	0.000981428797683311	0.00405457524579682	0.00160671212284992	0.00285510092964763
0.000158307602759386	0.00991618840409804	0.0521471803636352	0.916462714579401	0.0162734935752252	0.00218185449551452	0.00204897775118651	0.000577024279750792	0.000234258948429232
0.0011143925720095	0.00133757266342436	0.0529817231896391	0.913675113703825	0.0126712500577432	0.0151186258158537	0.00265781503232533	0.000381276331434017	6.22306337453622e-05
0.000323652592460915	0.00332717018333704	0.0672373583411552	0.899619626075611	0.00983468929896487	0.000521542721653467	0.00467379238433209	0.0141639268933206	0.000298241509164553
0.00905952875143849	0.00642531487596952	0.055575676587409	0.907105561253973	0.0122231163940362	0.000371668140013521	0.00278223770606803	0.00538530470936469	0.00107159158172738
1.95897804507143e-05	0.00109585330818746	0.0640514229464886	0.912767923674196	0.00647409551705003	0.00432671713472828	0.003099825939449	0.00519514628553727	0.00296942541391274
0.000212851378419826	0.000407533296225918	0.0540023724333059	0.912939213516062	0.013991280712583	0.0134943428020305	0.00309196566433153	0.00162488972677087	0.000235550470270637
2.40312154116216e-05	0.00359335574312459	0.0561654501939586	0.912614232621255	0.0106292200613676	0.00626688634661454	0.00320252622043354	0.00744503222100157	5.92653768333758e-05
0.000905928140791817	0.00179981340250239	0.0553166282172187	0.900716798167224	0.0185392576861513	0.0182319430538558	0.00429732485697504	7.09752078667527e-05	0.000121331267414718
7.78161424325427e-05	0.0032494897965321	0.0554422844471447	0.911307886201335	0.0174589791725088	0.00173272224340599	0.00347997893589692	0.00681621199789305	0.000434631062850959
6.03374931809121e-05	0.0112737700692708	0.0622006349216526	0.904518013731436	0.00593114610468711	0.01018589793202	0.00462275785019589	0.00110104645426626	0.000106395443290402
0.000132056231524946	0.000735847523728982	0.067101058349251	0.899102175721614	0.0108284597828611	0.0152052696261725	0.00357354399791122	0.00329478160623521	2.68071607007452e-05
0.00200417321049938	0.00647322108671129	0.0481656994151616	0.922777043450578	0.00822587541761289	0.00256445814947668	0.00263522399341764	0.00697655030819756	0.000177754968345357
0.00154116899975527	0.00521140104109764	0.0542932266268727	0.905455316198528	0.0139165312007678	0.00212237928051905	0.00503876201945087	0.0111379018802417	0.00128331275276741
0.00603396097458085	0.000363098646480447	0.0481813602289469	0.909176945113788	0.0225890253693292	0.000269662825714507	0.00570613273454668	0.00726680635260695	0.00041300775400671
6.63210134081704e-05	0.00749152525669185	0.0527018686864809	0.919967840813831	0.00666606968243832	0.00764280356105197	0.00278073734551084	0.000211621916852551	0.00247121172373453
0.000442436482473812	0.000410064617815109	0.0834005434886131	0.887811020852638	0.00832873220747403	0.00314193720938954	0.00499388447148314	0.0074273622219961	0.00404401844811747
0.00248816669389398	0.00102737324768164	0.0570446931399723	0.902774034276288	0.0119835231299439	0.0178026767580412	0.00414633436724638	0.00259240381168509	0.000140794575247951
0.000270240741070206	0.00852809987022316	0.0590111940531523	0.910908997006941	0.00596878245175389	0.00768709367078645	0.00449107835948783	0.00310058862645302	3.392522013178e-05
0.00536152399493961	0.000235675125042642	0.0547413102276201	0.900609868408031	0.0154902299713048	0.0159836001434157	0.00254507887732602	0.000602996341462032	0.00442971691085826
0.00218271534599202	0.00316788486995442	0.0530046165772374	0.916026486036502	0.0139078547255938	0.00188121592459947	0.003131220686235	0.00661017757363761	8.78282602484473e-05
0.00191952473161023	0.000929409048203505	0.0486149152573151	0.9248180119229	0.00862976450548318	0.0102083378160804	0.0041406931094978	0.000517981524717991	0.00022136208419172
0.00935156316340444	0.00723702686448238	0.0553269899226592	0.904527690322905	0.00975827140017911	0.00550909454372833	0.00370542450140208	0.00454026566182643	4.36736194130095e-05
0.000437159700570004	0.00126782298350534	0.0549535460132601	0.915602668761166	0.0104689487853543	0.0101973929351622	0.00332684269676229	0.00168778778149004	0.00205783034272917
0.000811521005736233	0.0134931330846028	0.0487700396363123	0.906116121919774	0.0161222332148518	0.000478797556336986	0.00377773927361224	0.00294307859859013	0.00748733571018326
5.19883631829652e-05	0.005477070427634	0.0545339282252505	0.919822320130249	0.00929921453602195	0.00667504891753222	0.00283904459451039	0.00125141968761868	4.9965118000512e-05
2.18307460968903e-05	0.00364834623475509	0.0514484037770248	0.898556147902841	0.0168800875524078	0.00692051407747027	0.00287810963325339	0.0149215750141695	0.00472498506198067
0.00397073354810141	0.00795537029054762	0.0539009139632143	0.902870152729978	0.0173597447147675	0.00421371500654804	0.00414147485106525	0.0029797623534565	0.00260813254232138
0.00653601526707017	0.0310562876035271	0.0566523639580554	0.872095791447832	0.00845279831190871	0.000198225276062775	0.0056218236579648	0.0165184479837965	0.00286824649378254
0.000225377134776514	0.0124594324823544	0.0493422557545704	0.915202933460193	0.00856802587134263	0.00313991704740835	0.00325597144603625	0.00744213788305473	0.000363948920263711
2.99919446830399e-05	0.0175571861044799	0.0413711050540724	0.910138799601492	0.021254434239258	0.00461329166300072	0.00259745087509282	0.00241607675599005	2.16637619308839e-05
5.01274424726472e-05	0.00807404404020887	0.0522683415898726	0.900462300941959	0.0202035890458206	0.00888180962845949	0.00295979771961954	0.000726811371067543	0.00637317822052015
0.000451332154103943	0.0313973277229157	0.0461255583037403	0.904385519279538	0.0128662748584688	0.000393576811347751	0.0034581713318006	0.000671457685773336	0.000250781852311704
7.26785078381681e-05	0.00849531066634829	0.0523221816755088	0.912647329429124	0.0095650901226401	0.0125311374113224	0.00344162694326741	0.000809301289387511	0.000115343954563522
0.00263270720475667	0.000217954341086955	0.0501948287499557	0.912457235345768	0.0153127293284801	0.0156526010956534	0.00282381101064394	0.00066672205272867	4.14108709270254e-05
0.00165001184223142	0.0186864410246602	0.053470965924724	0.905091157102237	0.00977505501212946	0.000558432109496073	0.00326709147929607	0.00074592917384636	0.00675491633137977
3.38664127204535e-05	0.0107923091883934	0.0561433525159442	0.916910609655644	0.00723370420037573	0.00134069884407546	0.0028950619364915	0.0045749313504323	7.54658959233858e-05
0.000460249270745934	0.00071790735935696	0.0678014452790963	0.901998299633811	0.0123691807014924	0.00301591987837491	0.00468660719486743	0.00882233179490111	0.000128058887353752
4.23369601956033e-05	0.00771004933114002	0.048451171602956	0.919926626188012	0.00999629168886774	0.00830048982669046	0.00455325677478019	0.000654778279816998	0.000364999347541129
0.00023420001534528	0.0117287491308139	0.0566926137039304	0.915569809580693	0.0117019501573267	0.000322245944184841	0.00249777593242997	0.000980245970788258	0.000272409564487674
0.000391201445095052	0.0267592622011036	0.0557631372470015	0.903777312436104	0.00725818954652145	0.00177994959353251	0.00361989145410351	0.00052772835547053	0.000123327721067877
0.000812575982025131	0.00646164756099506	0.0542815527389768	0.916163398642518	0.016565041346812	0.00225232223173611	0.00210445487815132	0.00123326718513963	0.000125739433645763
0.000320788593845182	0.00603237337455085	0.0534315509475157	0.913763512224276	0.0124178984497982	0.011175602196332	0.00178225609863166	0.000686835752245285	0.000389182362805229
0.000119630918635131	0.0278708745839235	0.0490203070553071	0.908551406994925	0.00612264046134323	0.000622547986219936	0.00370586488285551	0.00397370993326367	1.30171835269285e-05
0.00140190313654341	0.00765537467536505	0.0588519024400492	0.912521052146618	0.00874195610914699	0.00501260322529205	0.00249683596267352	0.00165599090393745	0.00166238140037393
5.25164413747968e-05	0.00771938435866152	0.0574239944333338	0.918073225368699	0.00948802358922563	0.00389081231790705	0.00189546171617436	0.00107260313989477	0.00038397863472895
0.00340493699616384	0.000357024918636991	0.0689591313240435	0.890598982584172	0.0112365340659738	0.0138167577880333	0.0031071249806671	0.00813827569922616	0.000381231643082814
0.00119753233977924	0.0237141850476241	0.0566825392046517	0.895809942512035	0.00943931567910104	0.00626292052316211	0.00273824933838314	0.0032964900479379	0.00085882530732564
5.3498735945269e-05	0.000225636087206889	0.0667340627486517	0.908980547575229	0.00490190290859897	0.0105386743930153	0.00315158854915803	0.00512373931840588	0.0002903496837896
0.00236328956021433	0.0136851562560322	0.0569037320785231	0.910295412887385	0.0102361596248802	0.00244351072669299	0.00245836117697016	0.000410858776118917	0.00120351891318322
0.00358637603544832	0.0148456183708319	0.0568858749342948	0.890991865953499	0.0138939964544586	0.011576225664131	0.00409163145080259	0.00407635501140528	5.20561251283742e-05
0.00103788840412785	0.000380778592173096	0.056283843201471	0.912466831188127	0.00762119508943671	0.0196602684949764	0.00224144432793031	4.90409002687712e-05	0.00025870980148871
1.9508327644738e-05	0.0112408524743349	0.0522526024190617	0.917622061382757	0.014776279268274	0.000898398568044204	0.00282956607673523	0.00028925998117769	7.14715019702453e-05
7.46032153331441e-05	0.0108295977441897	0.0545266454712657	0.91194520389994	0.00929104646016109	0.00972588236633752	0.00268416265974725	0.000805385487594846	0.000117472695430706
0.00853684043062216	0.00197772181879963	0.0557579539438079	0.914314109546638	0.00856008889218007	0.00389960162152048	0.00217280288177275	0.00469947916787193	8.14016967874656e-05
0.000211908397882254	0.000439896025039226	0.053895277388719	0.911176978535343	0.0124533632215799	0.0187295568424531	0.00281518560126404	0.000267168554928495	1.0665432790705e-05
0.00599155073142525	0.00122383016311645	0.0590549839108661	0.902256031129122	0.0134712538896985	0.0140002528409808	0.00211876314411652	0.00021340560378912	0.0016699285868852
0.00106005721159316	0.0155924939982346	0.0486665758784291	0.905375426138895	0.0122200458708577	0.00836537576233903	0.00381080868748484	5.28886834122834e-05	0.00485632776875415
0.000315757769765999	0.00392593472052708	0.0575439249567311	0.901066770389475	0.00912971731934488	0.0252706627103651	0.00212705941568082	0.000580716633591801	3.94560845180164e-05
0.000393653099246754	0.00309662960257949	0.0447625503231066	0.906382687101987	0.0113528724985813	0.0241660039056935	0.00351228206825759	0.000130660620084521	0.0062026607804636
3.53464010248271e-05	0.00968610312963564	0.052870423310337	0.911476870459917	0.0112932575104854	0.00760022889982771	0.00292834881830494	0.00325401432111457	0.000855407149352802
3.6603129878555e-05	0.0022104725041769	0.0516427479178851	0.922042611226547	0.0103802565020343	0.0107301099999881	0.00242583086871609	0.000345771989887765	0.000185595860886094
0.000231461815721228	0.0121831321847291	0.0554862523125311	0.918948997707399	0.00705742770963605	0.00103251454797417	0.00384163599608813	0.00109456503656961	0.00012401268935178
0.000133256736182552	0.000472893794845346	0.0497461263914455	0.907562856643995	0.0126502730633857	0.00941308054993521	0.00237511090833668	0.00679331418507234	0.0108530877268016
0.000546366662520234	0.0090683032314331	0.0527338514161625	0.916980721939507	0.00811937812939341	0.00885615963172568	0.00298919733713061	0.000136052934299574	0.000569968717827872
0.000822780940448874	0.0058367800491327	0.0533054816883895	0.918369882032026	0.00977457998671924	0.00742847494326831	0.00322488784882454	0.000401631376213776	0.000835501134977351
1.57797495431906e-05	0.0107041600033727	0.0547531318612982	0.909589393405097	0.00773406044762513	0.00187398255695947	0.00390282310210351	0.0065311404214352	0.00489552845256573
0.00115853289390841	0.0152760517378043	0.0501233266112238	0.916975062091823	0.00806500107416197	0.000511787622497741	0.00338279229304037	0.00418947042134974	0.000317975254190357
2.01314893274289e-05	0.00239603916651956	0.063381505542323	0.913723813165874	0.00769666466787981	0.00974882002850074	0.00247999992999247	0.000525112625180148	2.79133844022515e-05
0.000235979590523092	0.0197062073579294	0.0462811580408919	0.904562812610723	0.0129390164159814	0.00927962107581041	0.00286258378107531	0.00253174231648205	0.0016008788105832
0.000106356329675843	0.0155585304051196	0.0467266190396995	0.906290040592199	0.0173282503459438	0.0039001548621557	0.00384170380154395	8.85946239159257e-05	0.00615974999974606
1.58122043030716e-05	0.00340869491963223	0.0570413473049721	0.911084654999234	0.0142911721264844	0.00130803996308283	0.00218818313276995	0.0105366909907668	0.000125404358754991
0.00130694928113827	0.0151223943101542	0.0444932619920433	0.908605711670162	0.0199028568240827	0.00521405754173468	0.0033472127084835	0.00191697963875238	9.05760334490051e-05
4.419355955628e-05	0.00106371364241939	0.0564001372516314	0.904147038373872	0.0198619879371364	0.0136352250437166	0.00365167387202331	0.000871902284910455	0.000324128034733913
0.00223986755102151	0.000627858988189825	0.054763778872237	0.916980571553385	0.00837106993706023	0.0129964544354704	0.00230105108237899	0.00149901687487118	0.000220330705386032
2.04904546988178e-05	0.00741856634035798	0.0437589017576993	0.919846858856049	0.00733206006052365	0.0162960245496731	0.00245667874077993	0.000178104811979603	0.0026923144282388
9.62788722615194e-05	0.0066452390290545	0.0549528310283287	0.916975118492129	0.0145387809641904	0.00108142247218474	0.00478078990040596	0.000752802633859461	0.000176736607585739
0.000690302284066274	0.00857976046005868	0.0513124173853316	0.922333350297471	0.0121534126574141	0.000305474681886013	0.00320218076053093	0.000947650385811738	0.000475451087429756
0.000335523351285244	0.0020605475485171	0.052262292793563	0.916814891682664	0.0169267348822884	0.00279393306086669	0.00403197771473959	0.00471677088642535	5.73280796509361e-05
1.60726419660973e-05	0.00158018409335541	0.0476563355502123	0.91619233641195	0.00688298378448359	0.0136463561572633	0.0036822906342649	0.010319715094693	2.37256318107494e-05
0.00101069397415907	0.000706509186049464	0.0539373188375439	0.913899282806956	0.0122297207292441	0.00866808206906547	0.00432182604104608	0.00322044131337516	0.0020061250425604
5.14633111167631e-05	0.0174248274711881	0.0480134518921093	0.907697769567839	0.0105919423824325	0.0122898216666345	0.00268501596869182	0.00114526626933112	0.000100441470656641
3.38075245044372e-05	0.0133484084101597	0.0572069495693317	0.910663181537489	0.0120341249680664	0.00422796462866845	0.00234637285038884	0.000120840648571809	1.83498628198505e-05
0.000101496130164972	0.00444049531008498	0.0538071209765419	0.918447055987068	0.0073451962262288	0.00848757334916554	0.00273030427130846	0.00146858037691008	0.00317217737252709
9.1669261649039e-05	0.00790199214569615	0.0591708102124735	0.911940446929436	0.00623715467407243	0.0016280367818242	0.00353206238969871	0.00948852219431497	9.30541083483306e-06
0.0007578342790639	0.000427158967861521	0.0455050274479166	0.922518905115459	0.0143954131201165	0.0030698796813228	0.00376130997749984	0.00944363958759131	0.000120831823168296
1.46898782514494e-05	0.00247917413402748	0.0649575992148455	0.908990582594233	0.007271825989922	0.00288917417773558	0.00322325720383379	0.0101662138488287	7.48295832224801e-06
0.000932585856429879	0.0198745569039892	0.0529672159012627	0.913234106012451	0.00923882690751907	0.000266153188171691	0.0030154967867094	0.000366973774042403	0.000104084669424717
0.00141956141136198	7.92747718522787e-05	0.0500497577259098	0.914672685426131	0.0100737026285591	0.00471372332104259	0.00259285312806426	0.0163808594471069	1.75821399722073e-05
0.00265993905213001	0.000411447173357395	0.0531556801815255	0.912826643205483	0.0135893628206813	0.00846949695187755	0.00256945781088048	0.00341069961952081	0.00290727318454363
8.62637695244223e-05	0.000102740582396925	0.0515873096765438	0.918179429660013	0.0126075552377258	0.00635415073831061	0.00529222698598843	0.00559944843691002	0.0001908749125868
7.9369722675855e-05	0.000353348126600695	0.0534320045699106	0.902299933031096	0.016268482302702	0.0231973841905193	0.00242290071655977	0.00189697592260316	4.96014173326704e-05
0.0058767161203648	0.000912784422064029	0.0562174741667448	0.911869024016614	0.0116837341286737	0.00976321464697829	0.00288044933847259	0.000187981518789883	0.000608621641298535
0.000676691540723402	0.000102009248811212	0.0523438716050468	0.902581370345436	0.0141736227344671	0.0251360540045583	0.00464243264934129	0.00028555263204207	5.83952395737075e-05
0.00104377964559442	0.0114854412036633	0.0512793715510435	0.909639450252015	0.0196007333685194	0.00148218190983837	0.00354616653808471	0.00167763692415852	0.000245238607083234
0.00179956018712518	0.0107199683043954	0.0550001413924222	0.912313406837769	0.00982704276089649	0.00624998161299318	0.00360940473662895	0.000428576411950055	5.19177558192843e-05
0.00023766866535267	0.00533161394674976	0.0473402185353695	0.919401065943175	0.00938044318278005	0.00478156292634823	0.00426368480024691	0.00921042007126821	5.3321928709567e-05
0.000515947242485849	0.00295453562750649	0.0629166373029865	0.918606819800151	0.00622302688820551	0.00490374222890924	0.0028882323853685	0.000278809345884701	0.000712249178502075
0.000132920436943231	0.018063123368179	0.054623298119366	0.903659948886708	0.012970603079495	0.00633980329575922	0.00216478005145634	0.000136046209597872	0.0019094765524955
2.96464141479764e-05	0.000664626296986535	0.0509438553595929	0.917072679498936	0.00774012413778479	0.0153033537480318	0.00271957970546154	0.000373132970519692	0.00515300186853848
4.28482077308124e-05	0.00687443059616292	0.0537332092193407	0.925352646820396	0.00844064058411884	0.00316213925313027	0.00208930038034779	0.000171104958017748	0.000133679980754536
1.09132908057328e-05	0.000185794752188111	0.0495147173681814	0.918387963516896	0.0106787243322866	0.0165602419333388	0.00285293139083024	0.00179280457764569	1.59088378271743e-05
0.00232785971481484	0.00575208744037582	0.0554719598675658	0.906648260214944	0.0151230447176633	0.0132440534861009	0.0012096530682518	0.000179365126940441	4.3716363342923e-05
0.000184116884067979	0.000388337475684838	0.0527611556207388	0.910509417528348	0.0155690693672669	0.00652316011024219	0.003994643446163	0.00992458178134609	0.000145517786141733
0.00512284312178038	0.0226622791054159	0.0577506529674013	0.885216187964788	0.0104201381680057	0.000147673517248385	0.00695054444259866	0.0117067357697184	2.29449430434609e-05
0.00244259239894603	0.000203638985249996	0.0552598011959619	0.920863008414043	0.0055447379974153	0.0021873440442579	0.00265166712332854	0.0101579441641233	0.000689265676673571
1.91223791491577e-05	0.0022592791609802	0.0535824983253877	0.910364000874046	0.0193895970859673	0.00233531761895607	0.00258441673807181	0.00928929044923755	0.000176477368203897
0.0109605069233305	0.000453801918938687	0.0535494927819144	0.910321278878981	0.0110445972122455	0.00877639882816876	0.00286336277670855	0.00168157750761894	0.000348983172093226
0.000114046643293571	0.000423607520406825	0.0593393342984237	0.917198881050579	0.00896082635581031	0.00352822840606467	0.00410187894354537	0.00629416381062174	3.90329712543555e-05
0.00155180588874573	0.000533520766885817	0.0515099978696586	0.913740746285645	0.0123260289968267	0.00603834862948635	0.00218052977463836	0.0101083803572196	0.00201064143089372
0.000250171135461724	0.000391996652170445	0.0646667271029139	0.909200995458494	0.00658944706787212	0.00131822574317314	0.00305641683259909	0.0145028107291125	2.32092782035132e-05
0.000454536819371524	0.00118105738246208	0.0535202434708964	0.905776655057578	0.0175674960848537	0.0148539535156825	0.00330469622792446	0.000915589500241878	0.00242577194098975
7.10113365709049e-05	0.00553134030315081	0.0511727457103071	0.92237616243138	0.00701695753679221	0.0070512603888953	0.00319063257577047	0.0026675359644845	0.000922353752648399
0.0012515637300628	0.000561382763717155	0.053762143316432	0.904960573657774	0.0221240531835565	0.00759603279753357	0.00221942739039779	0.00241781243777554	0.0051070107227503
0.0129451716878312	0.00908408074778731	0.053879805960584	0.904724537592495	0.0116646589048445	0.00323614680138217	0.00338361266474389	0.000709455883247051	0.000372529757084882
0.000290398940658957	0.000429394395196181	0.0611390337305704	0.896155585390351	0.0187707268130924	0.0117253804119462	0.00345765609593003	0.00794193319855704	8.98910236974827e-05
0.00101828533910527	0.00937782504968606	0.0470722477316531	0.921415994298449	0.00915695465562377	0.00721113896098735	0.00238756257947065	0.00223172920001638	0.000128262185008182
0.00918461806758153	8.58107750438811e-05	0.0787886757614661	0.874241969417129	0.00778878374126005	3.99319215420087e-05	0.00512074250679035	0.0247346825407811	1.47852684063378e-05
0.000602888822542021	0.00898352941003406	0.047732529246052	0.920607969714861	0.00865062333701055	0.00439124232533048	0.00370669632326986	0.00344449220110458	0.00188002861979487
0.00718128238089489	0.0155968566622103	0.0616690530059148	0.895816123824444	0.00892978277574431	0.00531749307229088	0.00461098244712933	0.000250034258426785	0.000628391572945168
0.000998462058901796	0.026813504965311	0.0492360364869963	0.896098732243152	0.00880366323381162	0.00424406011395989	0.00345283118889853	0.00403688643641856	0.00631582327255018
0.00092826099666688	0.000916834424572439	0.0530721507788743	0.913869145118811	0.0088223966288904	0.0106492785753758	0.00252370563899052	0.00920765560346167	1.05722343572755e-05
0.000184329606491586	0.00895271037960615	0.0536086806373238	0.918930077443662	0.00697832449047743	0.00784013316040864	0.00164520546505411	0.00141955794730131	0.000440980869675275
9.64697354767217e-05	0.000796188619248302	0.0614401865735765	0.910767497037566	0.0153055983688392	0.00758715699934228	0.00233351958569814	0.00164332055949353	3.00625207595625e-05
0.000125297285677248	0.00531672043770089	0.059049224370597	0.914889908323791	0.0114075735289903	0.000812080317347291	0.00460219762824722	0.00330627026308789	0.000490727844561639
0.00470258090810257	0.000245674270796174	0.0497049630183783	0.909009143850066	0.0148524279086575	0.0135185519473303	0.00435753323019344	0.00348309417681698	0.000126030689658543
9.68337913020527e-05	0.00635232638176597	0.0593680019368627	0.911870579567851	0.0116851749091262	0.00393868822237141	0.00326281497137564	0.00285572372519155	0.000569856494153049
3.89346166393729e-05	0.0029633171301129	0.0563367937698809	0.913972698342048	0.0129391717059584	0.000761136291444281	0.00358809883407897	0.00914470000007702	0.000255149309760508
1.79178356007661e-05	0.000394061638204665	0.0487217199582047	0.922527811044447	0.00907366259376251	0.0163736813257497	0.00206551696726889	0.00064339049438877	0.0001822381423727
0.000574849581425449	0.00538658688027764	0.043874001645491	0.925472172985828	0.0159039817736955	0.00425976991291895	0.00259612264449556	0.000395618139785903	0.00153689643608197
6.25395026190548e-05	0.000333468968265555	0.0547851552760815	0.908746479637992	0.0175632099902838	0.0112870496390052	0.00278175859168107	0.0022022928969677	0.00223804549710438
0.000529479319418552	0.000297105009978848	0.0554956606362639	0.912428802091897	0.00659391663598925	0.00978975636415693	0.0028281926727561	0.0119964984609755	4.05888085631545e-05
1.54544992260482e-05	0.00327793075245407	0.0511090813662144	0.923880924527927	0.00988567929361355	0.000949444883957492	0.00302154189330898	0.00781403717891936	4.59056043791035e-05
0.00410737613456727	0.0017752349441586	0.052554202579293	0.917519299752621	0.0112290263239985	0.00761505880552126	0.00216213451557306	0.0028601811388144	0.000177485805453093
0.000200144325878413	0.0208376916209303	0.049969185325717	0.91108972497387	0.0107393428701702	0.000370524560707315	0.00224717965413816	0.0036845081527103	0.000861698515878041
0.00962474265121985	0.00072614044500484	0.0537019146085773	0.902001085764945	0.0100991402235748	0.017589708345879	0.00404336208035243	0.00195185427302385	0.000262051607422593
1.16713056142508e-05	0.0162496256762928	0.0436689372585517	0.926521193075341	0.0104552263072562	0.000274041163437909	0.00137799217023529	9.81797827671146e-06	0.00143149506499439
0.00158110234194021	0.000216793380091204	0.0463628853783195	0.907387587390741	0.0180031016852777	0.0201365725174751	0.00388458639542016	0.00237253601158392	5.48348991511292e-05
0.00369967004273713	0.000463435532695639	0.0519410155023606	0.897585582734196	0.0288963584997585	0.0101956930321074	0.00354808813448193	0.00314254099420984	0.000527615527453321
6.97701076820474e-06	0.00127622783276379	0.054738747406884	0.923967492463657	0.0169861863886906	0.00010821456546168	0.00270876631578033	0.000122110737575604	8.52772784187842e-05
0.000138271340239359	0.00962392729629734	0.05282731164565	0.923663105526511	0.00920852767375688	0.000353243231875755	0.00353506394247631	0.000619180527836741	3.13688153570626e-05
0.00196799835444235	0.000375555559823375	0.0492985967310706	0.913107814244622	0.0169618983470416	0.0138961621298646	0.00427160213294884	0.000100014113326177	2.03583868608177e-05
0.000307275878080656	0.000140938689217034	0.0591213118381692	0.908863617499724	0.0134771700415637	0.0143650112613098	0.00250070790363994	0.00012989186946587	0.00109407501882972
5.04789871707001e-05	0.00947455788509461	0.0513583935022994	0.918580366630993	0.0131764887431635	0.000198550585019381	0.00427810213082743	0.00286773779541756	1.53237400143545e-05
0.00339102151205806	0.00198740512911555	0.0523687611957423	0.917330988573628	0.00876632852495682	0.00168824209347166	0.00160101372461857	0.0100141201765035	0.00285211906990591
3.04556743958364e-05	0.0128873608846416	0.0528107246007257	0.914768381323946	0.00816834798395165	0.00187465036808295	0.00303904874723886	0.00606066480997298	0.000360365607043924
0.00564383304917464	0.000704787038562533	0.0507319398805686	0.91131579469711	0.00939658470198589	0.0165177227368717	0.00490562924421381	0.000362941484886117	0.000420767166626806
3.36519876682632e-05	0.000329124230371008	0.0597907064675643	0.905177794858652	0.0129045534784914	0.0158039670492576	0.00402949943657964	0.00180004160279975	0.000130660888616124
0.000296392594868243	0.0112310443296671	0.0566334481460751	0.904381439802106	0.0122554025145152	0.00280861109780984	0.00269229752182062	0.00966764814516858	3.37158479694142e-05
0.000497377026218692	0.00540035421987373	0.0571569925014496	0.914224338637771	0.00784432375146395	0.00115822424589299	0.00287233592455977	0.00916834695890209	0.00167770673386821
0.000162503192865271	0.000140102609019644	0.0523652945749746	0.914670956639719	0.00746097062568346	0.0158093960460938	0.00424470975840927	0.00509622470054655	4.98418526879436e-05
0.00199394178217824	0.00292215034088273	0.0543865277435378	0.911661913669686	0.00802879953471513	0.00557137859244554	0.00357372871197591	0.0113261382663691	0.000535421358209385
5.22970264063275e-05	0.00275412788956397	0.0551606498878064	0.906779149196257	0.016100222653216	0.013010505005102	0.00379422213838812	0.00196618271471786	0.000382643488542314
0.000413612491086131	0.00128997627103391	0.0533196679062173	0.915283903196332	0.00385690019561172	0.0205006136150013	0.00286504624034468	0.000474711802484872	0.00199556828188816
6.84727352188747e-05	0.00655329692476046	0.0534822706621197	0.915814436512929	0.0126184217873575	0.0051486426864804	0.00219601282808417	0.00214237036449983	0.00197607549855041
0.00257053627010189	0.000734908437254874	0.0472703144957307	0.919287460589132	0.0121711175888861	0.0114772543349269	0.00354350393617612	0.00290354271922781	4.13616285638155e-05
4.18427152345441e-05	0.0166622011603287	0.0479373069597065	0.920051613795504	0.00581079235930777	0.00542528791316067	0.00387094686420128	6.25472342383828e-05	0.000137460998318289
7.01814559874895e-05	0.000110115301568155	0.0538796050928924	0.90812074615066	0.0138539419441331	0.0218381699543706	0.00195735205857346	0.000115825358619713	5.4062683194895e-05
0.000162496105901981	0.0152874122343071	0.0533165925178813	0.908604863763784	0.0127030229846932	0.000753888372620352	0.00248401731061597	0.000585269911210047	0.00610243679898552
4.70096583501393e-05	0.00123150447701345	0.0578204147717415	0.90642930044104	0.00882026862461593	0.000533858892730389	0.00385492685969587	0.0212230936308858	3.96226439268337e-05
2.3132984308351e-05	0.0259227353261879	0.0549376474801031	0.887860274825077	0.0142683988702859	0.000225521686049099	0.00533677137042365	0.00977612926977583	0.00164938818778933
0.00402650253711863	0.0112974668325498	0.0527785881684437	0.911485087599095	0.0116987050031746	0.00220026471508273	0.00320435215877067	0.00247611417476794	0.000832918810996651
9.18260588768987e-05	0.00941580522280782	0.0518583458907522	0.920993578307203	0.0105247039954995	0.00453013549642528	0.00192711238046209	0.000453732434389926	0.000204760213582973
0.00126473624361085	0.00490362589673654	0.0516412542469118	0.915801666627688	0.010432955629082	0.0112569055098363	0.00374606609040112	0.000759018817581784	0.000193770938151524
0.000945564326008062	0.0131688060674932	0.0545677107189785	0.900865041096695	0.0131570032900854	0.00974068391577705	0.00301686734825811	8.74405940481374e-05	0.00445088264265632
0.000106223761429579	0.0260867560895097	0.0509802103150719	0.892771597368759	0.00454526875004352	0.000277511592490876	0.00411886363035182	0.017930306459344	0.00318326203299992
2.57277408137086e-05	0.000177648441707443	0.0525689680111689	0.919400906822336	0.00987030189703057	0.0101320774213799	0.00331834620826659	0.00449544347679222	1.05799805047707e-05
0.00114980111522099	0.000188667320849258	0.0494709503772918	0.912259122850338	0.0147818768964763	0.000253460226488398	0.00401424171493141	0.0160971452088434	0.0017847342895605
1.80327615626222e-05	0.000228531789732596	0.0609825659789569	0.906988577146868	0.010387322547004	0.00834957125752282	0.00318116637078772	0.00980753256054821	5.66995870167394e-05
0.000221662621720743	0.0174797950514492	0.0561759299732468	0.914950079231276	0.00554629248937376	0.000276765608695596	0.00444988226164263	0.000818264425405938	8.13283371889678e-05
3.66290377504491e-05	0.00136418197613992	0.0603841447768443	0.919360498715418	0.00723130106454543	0.00355733047482806	0.00527558321754234	0.00151897543327502	0.00127135530365657
3.30099392825949e-05	0.00113698905448461	0.0568917431102969	0.915760028785474	0.00783552025910731	0.00885607685319104	0.00461495425009406	0.00117389306764917	0.00369778468041993
0.00869648569365598	0.00788992048213071	0.0549542836008818	0.896133880643658	0.0132121690746983	0.0122379075578444	0.00380623889736719	0.00254506067429634	0.000524053375467297
3.542274587396e-05	0.0118541614501293	0.0563161892983935	0.917084689687842	0.0101996535049507	0.000316569902744761	0.002699639385799	0.000381775853684727	0.00111189817058252
0.00101528675936967	0.00292791614934564	0.0586239328265354	0.910560822130466	0.0118641420339664	0.00984916854310749	0.00273003866639432	0.00179458000558805	0.000634112885227384
0.0121794084646162	0.00282043673832384	0.0595765836902096	0.907169761309428	0.0111568380280371	0.00116073838196478	0.00217585702339444	0.00353048506660176	0.000229891297423791
0.00026254860227666	0.000393775239654971	0.0540315400224901	0.914447410953386	0.00979036354501826	0.0169617717233953	0.00281301528380428	0.000167775751858623	0.00113179887811578
0.000932999824002507	0.0137436866232337	0.0547350143059864	0.910662203232792	0.0122451105470258	0.00322772359557457	0.00348883799217602	0.000940290114092143	2.413376511708e-05
0.000109765659730575	0.00413437136037468	0.0506012486411468	0.913604647698929	0.00671426177686109	0.0184341227644312	0.00365108929116214	0.000628299624535396	0.00212219318282897
0.000557104187480368	0.016106137365489	0.0539851297895498	0.904823028664408	0.00760013592738993	0.00194861471035613	0.00333323078350398	0.00776339999835109	0.00388321857347175
2.30349832474987e-05	0.00117224528660158	0.0505495548930196	0.917213124072835	0.0109129643447542	0.0133816005575805	0.00320298963834149	0.0031181318955253	0.000426354328094996
0.00311849429672257	0.00572122819517433	0.0460704421924653	0.914389282105002	0.0138314150427399	0.0127182891820166	0.00252860328176143	0.00153715519360567	8.50905105121969e-05
6.10359294538763e-05	0.0151305183597039	0.0485025489279903	0.910140501851481	0.0134204715174957	0.000293280210717787	0.00281921665686444	0.0053572025716555	0.00427522397463778
0.000120822557737367	0.0191719142896628	0.0593843194085322	0.90412328349868	0.013029307873502	0.000378230736287124	0.00359661290667378	0.000166635414072589	2.88733148518901e-05
0.000214852860614979	0.000177142927027122	0.0642187944291976	0.90637740215224	0.00928847314310871	0.0142685545696703	0.00305849356513505	0.00234292517056375	5.33611824425224e-05
0.00478063751447422	0.00756090650013757	0.0618495214316567	0.909634292746929	0.00499783949334637	0.00180603978796849	0.00236401161420605	0.00692536809958834	8.13828116933357e-05
1.02147267232484e-05	0.0303742076312678	0.0559997944765978	0.895894481918431	0.00907237117140013	0.00110798177787941	0.00596827752308005	0.00154306525526212	2.96055193582628e-05
0.00162818859766248	0.00137344287306294	0.0520801659685709	0.900572825426937	0.0198044320445779	0.0144657161829121	0.00341179239652937	0.00642306569854883	0.000240370811198237
0.000262740558780877	0.00418907134611891	0.0512141262344638	0.922665862866216	0.0114102712755188	0.00532842349590359	0.00249924172438088	0.00178848157028407	0.000641780928333288
0.00158036026318199	0.00353436673258854	0.0539905021153221	0.913342438003098	0.0167623753764863	0.00502608030291118	0.00296066451948134	0.000213375769301482	0.00258983691762864
0.00106147378872467	0.0112727466379652	0.0528226651946813	0.912585809639517	0.0090567016488856	0.00719963150800804	0.00363878153487192	0.000907851080829706	0.00145433896651663
0.000787996625819712	0.00122023143764094	0.0524454341550979	0.915836280352055	0.013785622668301	0.0111700123454354	0.00210803917818966	0.00260086353175096	4.55197057093974e-05
0.000683382039176785	0.00628227009492632	0.0502799434067834	0.914120764161	0.0137097816119418	0.00254504778315603	0.00309544193875658	0.00501544070672075	0.00426792825753838
0.00192607478606709	0.0172992561989797	0.0546352235754096	0.911651906262452	0.00709267666333613	0.000524040107101373	0.00405533936252814	0.00277337810349116	4.21049406345433e-05
2.03019216800031e-05	0.00897351687178985	0.0560567706932169	0.903762504652635	0.00476478695526971	0.0142885096449243	0.00299580535276755	0.000884619233729185	0.00825318467398703
2.01325073584367e-05	0.00252148462657436	0.0571208296379217	0.913685525985837	0.0141279657685195	0.00743300816890404	0.00286240208929644	0.0012937767904142	0.000934874425174848
0.00257899527560221	0.000816134863865883	0.0623957103620372	0.904978926655503	0.00845470845143389	0.0037891466144526	0.00308605226796874	0.013880463492136	1.98620170006536e-05
1.72684975692008e-05	0.000763288943203181	0.0502584268154215	0.912493844724197	0.0135503119109814	0.0127040479844765	0.00303778430098041	0.0071570787373815	1.79480857889224e-05
0.00430263323682284	0.00230238372300246	0.0469918200096331	0.917565192613276	0.00910471002808676	0.0122412739815464	0.00327676698132574	0.00364043766466201	0.00057478176164462
0.00441681193052198	0.00768559150305151	0.0477347698250605	0.90788516925072	0.00929447275812277	0.00949648835012559	0.00397148933142824	0.00945371216920552	6.14948817638979e-05
0.00173786081882487	0.0183058633248616	0.0502885761292912	0.901442907213699	0.0137764563033641	0.000984532760359908	0.00190432689261639	0.0107962627804026	0.000763213776580207
0.00700117253102562	0.00665120900115083	0.0687260347248852	0.892519569436388	0.0152972645012621	0.00136029233400107	0.00334436421310669	0.00371855834455027	0.00138153491363031
0.00235227966087848	0.000394075379833979	0.0483490724006549	0.92152599529343	0.00801945001105413	0.0101657816788536	0.00178261381022778	0.00737039908138513	4.03326836825111e-05
0.00286915884053341	0.00434783250746912	0.0538569700832774	0.909719852499241	0.0153773039762504	0.00474117015567805	0.00331059486477802	0.00230684360106125	0.00347027347171104
5.91741228642186e-05	0.0039631823327724	0.05305025954741	0.899545391993677	0.0185316698831711	0.018158013250369	0.00379627266895526	0.00244753454685866	0.000448501653922814
8.07556906734108e-05	0.00817323234540778	0.0494083100195977	0.911790980187881	0.00674127064373271	0.0206093097579285	0.00301755417899135	0.000120949447108901	5.76377286792241e-05
0.00239519091616597	0.016506589359532	0.0493972847189335	0.911915151120279	0.011475263846655	0.000399994070563949	0.00324443937149635	0.000116816193042118	0.00454927040333233
0.000321977444536588	0.0153870966002611	0.0524459346973643	0.909959194235988	0.0133978014915134	0.00364710200791527	0.00292620329385595	0.00184400246774064	7.06877608248877e-05
0.000244076929395039	0.000684202124708485	0.0563541651179157	0.90365082763357	0.0179566451814411	0.0139097995247307	0.00355713297468155	0.000456374554014482	0.00318677595954306
0.000184315633995839	0.0124745196547337	0.0514044887172355	0.920483392379444	0.0080550911202542	0.00446765869452507	0.00270422273530786	7.97731313579087e-05	0.000146537933146258
0.000111251204369749	0.00898939236699759	0.0469584374265096	0.915761871609228	0.0156916893704923	0.000212478692315239	0.00194512742224081	0.00547639871926521	0.00485335318858152
0.000480376058310352	0.000117439480437006	0.0578798082183688	0.907005995179892	0.0126530167857039	0.0153187933895342	0.00389647928772207	0.00245153370569239	0.000196557894338766
2.20195292671286e-05	0.0149092871680185	0.0503122880304559	0.910485852957921	0.00714151024797269	0.00032858127807619	0.00284408239942395	0.0108463986365273	0.00310997975233759
3.95364466244319e-05	0.00284971420640093	0.0597221303640833	0.908181928558552	0.00874700413355795	0.0065256390505347	0.0026448375330632	0.0111659178241284	0.000123291883055189
7.03869385683289e-05	0.023173240006555	0.0540421981355238	0.901089901397003	0.0137481667927661	0.00132943169984409	0.00400143575960697	0.00216262391701329	0.000382615353119534
0.00632703027021453	0.000105517058886423	0.0536537515161684	0.907573460256465	0.0148171443857813	0.0144099437223165	0.00267861378716629	0.000337518720475356	9.70202825256076e-05
0.000982702157690827	0.0013098720014583	0.0544952063976635	0.903851825513191	0.0139828986598566	0.017290894916791	0.00378452358953506	0.00423857233393572	6.35044298780263e-05
4.88822956195106e-05	0.000217402873689277	0.0609905524227253	0.912715004368876	0.00834060143963896	0.00619865266510186	0.00301027415317976	0.00744438175695183	0.00103424802421729
6.79467262044256e-05	0.00164159506196066	0.0557075656162596	0.9207403932289	0.00876145664216422	0.00695896169516261	0.00216816209821107	0.000934178080535052	0.00301974085060175
0.000131084242496912	0.0228277212913712	0.0530951759221456	0.905850647289872	0.00999344728472727	0.00124191023687769	0.00399953666025378	0.00279754309234528	6.29339799100274e-05
