Basophils	Bcells	CapsularFibroblasts	cDC1s	cDC2s	CentralVeinEndothelialcells	Cholangiocytes	Fibroblasts	Hepatocytes	HsPCs	ILC1s	Kupffercells	LSECs	LymphaticEndothelialcells	Mesothelialcells	MigcDCs	MonocytesMonocytederivedcells	Neutrophils	NKcells	pDCs	PortalVeinEndothelialcells	Stellatecells	Tcells
0.000534531908904833	3.45401251569355e-05	0.015251471347273	0.00844713801604762	3.4540125221136e-05	0.0372006941266717	0.000818613053829798	3.45401252033054e-05	0.858067098813709	3.45401252033054e-05	3.45401252032734e-05	0.0534520284578141	0.00402230465322823	3.45401252027134e-05	3.45401252033078e-05	0.00258983588669121	0.00258260272982215	3.45401252103435e-05	3.45401252119526e-05	3.45401252033055e-05	0.00615162707964417	0.0105021125491079	3.45401252371442e-05
0.00131216642557182	0.00141743058022605	0.0035586991212915	3.52707569784659e-05	0.010022487302431	0.00150825857896629	3.52707569777209e-05	3.52707569777212e-05	0.865318997452556	3.52707569777206e-05	3.5270756977721e-05	0.0508357499122318	0.0544850890754091	3.52707569773406e-05	3.52707569777227e-05	3.52707569777218e-05	3.52707569740534e-05	3.52707569646096e-05	3.52707569794763e-05	0.00316708473547038	3.52707569773143e-05	0.00565494717466811	0.00229584055745988
0.00204625880057165	0.000836792642301128	3.49626115817703e-05	0.00402011500148145	0.000771830229034626	0.00783350679032311	3.49626115800069e-05	3.49626115787442e-05	0.869681714149508	0.00326974251927082	3.49626115799933e-05	0.0460570024085194	0.0488382499820854	3.49626115802995e-05	0.00248032412915857	3.49626115800086e-05	0.00674144292652666	3.49626116629125e-05	3.49626115813249e-05	0.00194927351580455	3.49626115799941e-05	0.00512412078945215	3.4962611657572e-05
3.55902301251852e-05	3.55902301097469e-05	3.55902301026108e-05	0.00968651807212289	3.55902301022161e-05	3.55902301026114e-05	0.00120853131952598	3.55902300992808e-05	0.888116489259034	3.55902301026115e-05	3.55902301026222e-05	0.0331904518794103	0.0473552068037001	3.55902301016692e-05	3.55902301026112e-05	3.559023010261e-05	0.000602272880680003	3.55902299467737e-05	3.55902300991399e-05	3.55902301026111e-05	3.55902301026284e-05	0.0115222804255174	0.0077843959086047
0.00315152999668948	3.5534593612466e-05	0.00437699323353789	0.00266287439684958	3.55345936281804e-05	3.55345936279607e-05	3.55345936279607e-05	3.55345936239283e-05	0.891089508641135	3.5534593627956e-05	3.55345936279564e-05	0.0296907803082479	0.051824778043695	3.55345936254631e-05	3.55345936279603e-05	0.00277720936226457	0.0138927283005667	3.55345936358704e-05	3.55345936275349e-05	3.55345936279604e-05	3.55345936298176e-05	3.55345936302974e-05	3.61134062325401e-05
0.000351858151062494	0.00212307459404028	3.60181816824806e-05	0.00931676882408565	0.00510846571161187	0.0090655706143359	3.60181816812029e-05	3.60181816763522e-05	0.910939257808244	3.60181816812027e-05	3.60181816994569e-05	0.030787230653962	0.0279701269958068	3.60181816834435e-05	3.60181816812025e-05	3.60181816812052e-05	3.60181816881334e-05	3.6018181420972e-05	3.60181816964505e-05	0.00237431853363215	3.60181816817718e-05	0.00149509175152465	3.60181817402675e-05
3.56251318679894e-05	3.56251318753091e-05	0.00572130192923905	0.00305163835411252	3.5625131869829e-05	0.00578010887660028	3.56251318708923e-05	0.00336254952942244	0.872563226485511	0.00225974802254838	3.56251318688098e-05	0.0489264093814994	0.036680376797331	3.56251318712902e-05	0.00110629964344036	3.56251318708924e-05	0.0113469559582227	3.56251320581146e-05	3.56251318411438e-05	3.56251318708926e-05	0.00132816172450594	0.000748931503058689	0.00676804047564275
0.00341135128903959	2.37108374939906e-05	0.0117930041062654	2.37108374858731e-05	0.0124048925018744	2.37108374915875e-05	0.105672226595784	0.033175030499796	0.70359905848917	0.0185927107630491	2.37108374915815e-05	0.0299706157977464	0.0348771414156728	0.0134137643178981	3.44258080067282e-05	2.37108374915828e-05	0.00633815890730173	2.37108374928238e-05	2.37108374905808e-05	0.00207890743260835	0.0244253145383657	2.37108374915826e-05	2.37108374915831e-05
2.43206781816191e-05	0.0065091200917431	2.43206781895544e-05	0.00732622968452205	0.00261184787597708	2.43206781894735e-05	2.43206781894735e-05	0.00470533204246668	0.845243982756663	2.52776827449587e-05	0.0174238434090593	0.0646901400531252	0.0467701520076482	2.43206781660474e-05	2.43206781894724e-05	2.43206781894735e-05	2.43206781895691e-05	2.432067829029e-05	2.43206781894742e-05	2.43206781894718e-05	2.43206781890478e-05	0.00432294426910142	7.92819886055696e-05
3.5002925979289e-05	3.50029259877516e-05	0.000776964934360152	0.00889836778508077	3.50029259674654e-05	0.0275955497836791	0.00152602058063005	0.00238088996616092	0.851164204627502	0.00931956880011524	3.50029259575261e-05	0.0576232494248762	0.0238004528104535	3.50029259676254e-05	3.50029259674651e-05	3.50029259674643e-05	0.00329501254766095	3.50029259556377e-05	3.50029259377925e-05	3.5002925967462e-05	3.50029259675972e-05	0.00659807478813793	0.00663661176572017
3.44966140086907e-05	0.00112009510842141	3.44966140120174e-05	0.00923354726018534	0.0138182533991997	0.0185755117084845	0.00248118014987354	3.44966140089978e-05	0.883216005726465	3.44966140103357e-05	3.44966140103369e-05	0.0505488298359436	0.00953958955565002	0.001761093491763	0.00330857772916028	3.4496614010335e-05	3.44966140245561e-05	3.44966141180371e-05	3.4496614006234e-05	0.000662519540158175	3.44966140099317e-05	0.00535533374045687	3.44966140192049e-05
3.72092211719886e-05	3.72092211774187e-05	0.00698361348945357	3.72092211686318e-05	0.0025433578701038	3.72092211682482e-05	0.00521297199447155	3.72092211683694e-05	0.857700862986825	0.000803734966338327	0.000590465962978721	0.0717370440775413	0.0304426988533067	3.72092211682414e-05	3.72092211682404e-05	0.00301721279885354	0.00634998609154073	0.00144802387948731	3.720922111666e-05	0.00620423471594566	0.00193373194041972	0.00469717738225647	3.72092211700983e-05
0.0040766521823843	3.65077417929663e-05	3.65077417592184e-05	3.65077417569741e-05	0.00259896054129538	3.65077417537716e-05	3.6507741753773e-05	3.6507741759092e-05	0.885304012013116	3.65077417537726e-05	3.65077417537722e-05	0.0604823600073206	0.028494730506296	3.65077417538153e-05	3.65077417537665e-05	3.65077417537723e-05	0.00605269488138292	3.65077417746104e-05	3.65077417230511e-05	3.65077417537727e-05	0.00614672132623353	0.0042735234343847	0.00205923672298981
0.000447228585512554	0.00774879850766293	3.64416005964824e-05	0.00282839416424104	0.00376285388589692	3.64416005944291e-05	0.00199477130192424	3.64416005967636e-05	0.873342493121479	3.64416005949841e-05	3.64416005949884e-05	0.0626658845020624	0.0433328001107413	3.644160059545e-05	3.64416005949844e-05	3.64416005949842e-05	0.00273563949746519	3.64416006110223e-05	3.64416005961333e-05	3.64416005949846e-05	3.64416005936058e-05	0.000667395515264819	3.64416005903955e-05
0.000131696254415396	0.000442745334660653	3.63712472443244e-05	0.00252275102998285	3.63712472481818e-05	3.63712472460722e-05	0.00549791097626615	3.63712472457871e-05	0.865118991679456	0.00500621591779155	3.63712472460732e-05	0.0560909857473346	0.0562077846405855	3.63712472460727e-05	0.00449219985336713	3.63712472460725e-05	3.63712472462148e-05	3.63712472403131e-05	3.63712472615857e-05	3.6371247246072e-05	3.63712472460724e-05	0.00255583337694686	0.00149643022223029
3.50949312826512e-05	0.00524435272656147	0.00777820119586409	0.00445211704306212	0.0074205299778632	3.50949312818669e-05	3.50949312819262e-05	0.0013523753296748	0.877044811780798	0.00267455072793866	3.50949312818537e-05	0.0357657976856875	0.0493002667694898	0.000784319043567421	3.50949312818665e-05	3.50949312818662e-05	3.50949312786604e-05	3.50949313878005e-05	3.50949312720103e-05	0.000506542696729929	3.50949312818912e-05	0.00728010563895913	4.508007089091e-05
0.000288436343178531	3.66879210966203e-05	3.66879210541544e-05	0.00180117604582013	3.66879210684433e-05	0.00288546992160795	0.0107787218450825	0.000703582451717058	0.880977661699173	3.66879210559888e-05	0.00158546254735811	0.0517405798296608	0.0355373040047222	3.66879210578552e-05	3.6687921055991e-05	0.00116752707377406	3.66879210498618e-05	3.66879210432605e-05	3.66879210611351e-05	3.66879210559879e-05	0.00441223492870741	0.00771827617754452	3.66879210544032e-05
3.61943092769265e-05	3.61943092835024e-05	3.61943092852921e-05	0.0038646152202563	3.61943092825877e-05	3.61943092835023e-05	0.00729720779992704	0.00460671590326479	0.852711333846501	0.00096986608292665	3.6194309286193e-05	0.0531584249593941	0.0476436101952414	3.61943092833887e-05	0.000494661833475486	3.61943092835023e-05	0.00783124139284807	3.61943093042135e-05	0.00232033570041972	3.61943092835023e-05	0.008927534175071	0.006007102808295	0.00380540698952605
0.00189121943951148	0.0131668501215371	0.00283286575024464	0.0033369041710163	0.00734646692249935	0.00400296123338186	3.64276220064975e-05	3.49693263916133e-05	0.882506809147874	3.49693263938105e-05	3.49693263938167e-05	0.0291386115427591	0.0515094997973748	3.496932639352e-05	3.49693263938106e-05	0.00116727744689464	3.49693263912458e-05	3.49693261217806e-05	3.49693263704475e-05	3.49693263938108e-05	3.49693263938481e-05	0.00267830770906288	3.61058321996144e-05
3.47463939710506e-05	0.00881852908221225	3.47463939594345e-05	0.00323738545761903	0.00782970670834327	3.4746393959436e-05	3.47463939594346e-05	3.47463939594651e-05	0.861176609824976	0.00507918300318603	3.47463939594174e-05	0.0441775172493255	0.0564842188616981	3.47463939594295e-05	3.47463939594331e-05	3.47463939594345e-05	0.00150909661186949	3.47463931958553e-05	3.47463939619394e-05	3.47463939594344e-05	3.47463939599919e-05	0.0112013036860856	3.47463939611686e-05
3.46784608761504e-05	3.46784608290011e-05	0.00897407972026092	0.013045837381267	3.46784608111372e-05	0.0248819291297211	3.46784608111357e-05	3.46784608136095e-05	0.859060676723353	3.46784608111343e-05	3.46784608111346e-05	0.0487183092415477	0.0288612471240876	3.4678460810483e-05	0.00482335601992978	3.46784608111355e-05	3.46784608115642e-05	3.46784605908354e-05	3.46784608452168e-05	3.4678460811136e-05	3.46784608111392e-05	0.0111143877478158	3.46784607622902e-05
0.00105933677423449	0.00475041531154186	0.00278150066024144	0.0138079879789873	0.00267104918257187	3.49557522731121e-05	3.49557522652876e-05	3.49557522681846e-05	0.857655836706589	0.01202631292264	3.49557522652965e-05	0.0609527968877468	0.0271336704292656	3.49557522640188e-05	3.49557522652899e-05	0.00145893580286806	0.00158209534326255	3.49557529681353e-05	3.49557522617124e-05	0.00127590590903508	0.00373069741533562	0.00879885690458403	3.49557522652871e-05
0.00186722950904629	3.48472901963815e-05	0.00407190760986709	0.0102799319608923	3.48472901887456e-05	0.000945673128498638	3.48472901878129e-05	0.00365983483012415	0.845408447969945	0.00169762008875258	3.48472901878119e-05	0.0521487346110925	0.0538299330750381	0.000488195293086612	3.48472901878147e-05	0.00426493340107231	0.00622417584475737	3.48472901883347e-05	3.48472901943418e-05	3.48472901878116e-05	3.48472901878129e-05	0.0145367326716704	0.000263024394449818
3.45683794831071e-05	3.45683794789519e-05	0.00237394246004469	0.01069557151296	0.00422849576357544	0.00214138590461333	3.45683794781946e-05	0.000931540574735934	0.88868710954368	3.456837947827e-05	3.45683794782731e-05	0.0287814842339558	0.0489274794736956	3.45683794777374e-05	3.45683794782701e-05	3.45683794782705e-05	3.45683794758003e-05	3.45683795782847e-05	3.45683794835361e-05	3.45683794782702e-05	3.45683794782694e-05	0.0127490332199532	3.45683794601708e-05
3.40604176618299e-05	3.40604176605694e-05	0.00122401737973991	0.00761935454828376	3.40604176715526e-05	0.0245763829370395	3.40604176583145e-05	0.00119887869537277	0.849787781060018	3.40604176583149e-05	3.40604176583112e-05	0.0457582474447787	0.0488775078763561	3.40604176576462e-05	3.40604176583124e-05	0.0021140772090825	3.4060417654024e-05	0.000832673754214238	3.40604176738458e-05	3.40604176583153e-05	3.4060417658314e-05	0.0117499372346967	0.00585241684848861
0.00294637654582228	6.91917647175426e-05	3.54513250640472e-05	0.00532148690867121	3.54513250531836e-05	0.00161448849600834	0.00733248335656571	0.00369988160724188	0.845080997134398	3.54513250640479e-05	3.54513250640526e-05	0.0761686713892718	0.031494798344667	3.54513250640529e-05	3.54513250640478e-05	3.54513250640482e-05	0.00649371883986041	3.54513250672331e-05	3.54513250667773e-05	3.54513250640445e-05	3.54513250640559e-05	0.0111890580385555	0.00819888299852002
3.52847217525381e-05	3.52847217674286e-05	3.52847217554531e-05	0.00295977296977644	0.00688846645014064	0.00371420406302947	0.00571881277647377	0.00263006049131022	0.898376851142519	3.5284721755453e-05	3.52847217554444e-05	0.0345836747675862	0.0362287262179979	3.5284721759193e-05	3.52847217554513e-05	0.00140343724763248	0.000156419299319636	3.52847217331592e-05	3.52847217801247e-05	3.5284721755455e-05	0.00527488557162294	0.00167655706326635	3.52847217549496e-05
0.00140754040255249	0.000915197307275067	3.53309623981843e-05	3.53309624015049e-05	0.00137168933206471	0.0121810065261215	0.004794290176477	0.00108869477341538	0.890243682752171	3.53309623988582e-05	3.53309623988592e-05	0.0506849198099459	0.0159442530837674	3.53309624017178e-05	0.00153402667446514	0.00120273670040912	0.00796062012239036	3.53309623836226e-05	3.53309624433104e-05	0.00301293396801625	3.53309623993757e-05	0.0029887294458773	0.00438703122582613
3.46348245558855e-05	0.000747321360224382	3.46348245599868e-05	0.0057968469254772	3.46348245521099e-05	0.0149515911492478	3.46348245599874e-05	0.00169300578814683	0.87803049214689	3.46348245599898e-05	3.46348245597898e-05	0.0642726789457444	0.0214823304761769	3.46348245567519e-05	3.46348245599883e-05	3.46348245599869e-05	0.0029127591059227	3.46348242200323e-05	3.46348245597732e-05	3.46348245599874e-05	3.46348245599876e-05	0.00705453541906144	0.00260818596418389
0.00162988671948815	0.0118609342278147	3.56389470411187e-05	0.00229433203867723	3.56389470391693e-05	3.56389470411179e-05	3.56389470411183e-05	3.5638947042161e-05	0.858197738482044	3.56389470411182e-05	3.56389470411322e-05	0.0655616497673737	0.050513828945012	3.56389470410325e-05	3.56389470411165e-05	3.5638947041118e-05	3.56389470431503e-05	3.56389470236713e-05	3.56389470393656e-05	3.56389470411176e-05	3.56389470367583e-05	0.00937140666695275	3.5638947042897e-05
3.6969698752147e-05	3.6969698678703e-05	3.69696987082113e-05	3.69696987190118e-05	3.69696987064582e-05	3.69696987064607e-05	0.0130724940376364	3.6969698703776e-05	0.868848070516207	3.69696987064582e-05	3.69696987064548e-05	0.0688586530733786	0.0343794133782514	3.69696987087353e-05	3.69696987064577e-05	3.69696987064574e-05	0.00398268230153825	3.69696987076077e-05	3.69696987059031e-05	3.69696987064573e-05	0.00396078987843213	0.00630638163522686	3.69696986996868e-05
0.000467293523913712	0.00754843868917112	3.56033936925457e-05	0.00629619772452296	0.00113922778098418	3.56033937031353e-05	0.0014807954050508	3.56033936995004e-05	0.921718864230954	3.56033937031348e-05	3.56033937041503e-05	0.0216147373446587	0.0282401198357461	3.56033937054158e-05	3.56033937031333e-05	0.00172919336933337	0.00546651431054604	3.56033937660069e-05	3.56033936786808e-05	3.56033937031347e-05	3.56033937030701e-05	0.00387137706066005	3.56033936971035e-05
3.49981439582725e-05	3.49981439526398e-05	3.49981439553263e-05	0.00493013664226054	0.00466473037524244	3.49981439541793e-05	0.00224963055311187	0.00110053590761784	0.877149299123763	3.49981439541773e-05	3.4998143954179e-05	0.054358633914889	0.0419452626981686	3.49981439516619e-05	3.49981439541786e-05	3.49981439541779e-05	0.00677239928740307	3.4998143907423e-05	3.49981439540673e-05	3.4998143954178e-05	3.4998143953043e-05	0.00633939748227451	3.49981439110611e-05
3.42652131355853e-05	3.42652131473289e-05	3.42652131354698e-05	0.00360025063983686	3.42652131354731e-05	3.42652131354651e-05	0.00129192946482588	3.42652131479532e-05	0.844665386252756	3.42652131354698e-05	3.42652131354687e-05	0.0563915344159439	0.065818793020068	3.42652131287119e-05	0.00324760458903768	3.42652131354694e-05	0.00832356365071557	0.000563301842709467	3.4265213140097e-05	3.42652131354694e-05	3.42652131354739e-05	0.0156179231401857	3.42652131371788e-05
3.40861584766839e-05	0.00184244107907515	0.0181098958978544	3.40861584618412e-05	0.000511316372690804	0.0258737837693514	3.40861584610971e-05	0.016682205453082	0.852381734067007	3.40861584610978e-05	3.40861584610932e-05	0.0444315582697237	0.0270659133547231	3.40861584609065e-05	3.83156908406775e-05	3.40861584610976e-05	4.33675206846966e-05	3.40861584604843e-05	3.40861584696964e-05	3.40861584610976e-05	3.40861584617663e-05	0.00528207405918485	0.00736244672268525
2.4457152568416e-05	2.44571525780915e-05	2.44571525740222e-05	0.00449170625238787	2.44571525803698e-05	0.0137861400319662	0.00034421882161765	2.44571525739126e-05	0.841210858469936	2.44571525735615e-05	2.44571525735575e-05	0.0712385882355859	0.0425362411883512	2.44571525717674e-05	7.13139672819937e-05	0.0018540904191964	0.00443118279619887	2.44571530974795e-05	2.44571525699918e-05	2.44571525735608e-05	2.44571525739127e-05	0.0106752782623584	0.00906689572371077
3.60304620175413e-05	3.60304620192036e-05	3.60304620195197e-05	0.00136357427267577	3.60304620195193e-05	0.0113517456499138	3.76482401704479e-05	3.6030462015483e-05	0.87276959544707	0.000767304793183319	3.60304620243836e-05	0.0500722653222093	0.0383892317973102	3.60304620195072e-05	0.00100478717159682	0.00643503960290354	0.00763506677945152	3.60304620060521e-05	3.60304620201223e-05	3.60304620195203e-05	3.60304620195196e-05	0.0074862675435544	0.0022911382977599
2.39359413399892e-05	2.39359413453471e-05	2.39359413373666e-05	0.000669267525828553	0.00874203292334939	0.00267042366773074	2.39359413373661e-05	0.00625241668470662	0.849276124817777	2.39359413373627e-05	2.39359413373715e-05	0.0770316799305288	0.0467936836541027	2.39359413304652e-05	2.39359413373676e-05	0.000997678717015508	2.39359413391022e-05	2.39359413321812e-05	2.39359413369152e-05	2.39359413373671e-05	2.39359413375051e-05	0.00723158890021585	2.39359413593527e-05
0.000897601015338159	0.00677625659983913	3.47335026022151e-05	0.000802527075802304	0.00345246247489906	0.010873103057938	0.0015704477732593	3.47335026038705e-05	0.857490398253014	3.47335026022153e-05	3.47335026043763e-05	0.0579315373593967	0.0433660228575825	3.47335026022551e-05	3.47335026022152e-05	0.00369605287222421	3.47335025990678e-05	3.47335025936103e-05	0.00209396968142001	3.47335026022149e-05	3.47335026022123e-05	0.0106675524506878	3.47335025840192e-05
3.58881087764002e-05	3.58881087779921e-05	3.5888108781255e-05	0.00542631310948332	3.5888108779934e-05	3.5888108781257e-05	0.0074450546297125	0.00626167152692291	0.84816628774833	3.5888108781248e-05	0.00430056194846107	0.0687936317774261	0.049315773441592	3.58881087812553e-05	3.58881087812534e-05	3.58881087812551e-05	0.00356254406047298	3.58881084748468e-05	3.58881087667563e-05	3.58881087812562e-05	0.000456840750504393	0.00580477559322515	3.58881088241833e-05
3.58632143661982e-05	3.58632144088136e-05	0.00791648947797573	0.00934547061245237	3.58632143768216e-05	0.00494684704597911	0.0272377719095645	0.00859972141266978	0.833143888513163	0.00197775699210803	3.58632143768292e-05	0.0390465144844707	0.0266472819416689	3.58632143767932e-05	3.58632143768289e-05	0.000900656503780482	0.00255276035968579	3.58632143672549e-05	3.58632143794078e-05	0.00728653772050255	0.0222716250829816	0.00729970006522203	0.000540072162746411
0.000680312315836164	0.0168029388921681	3.57137426000261e-05	0.00962679359912571	3.57137425895908e-05	0.0107443155814855	0.00302431223800965	3.57137426009537e-05	0.864629247773281	3.57137426009549e-05	3.57137426009429e-05	0.0531125309727962	0.0251013097093537	3.57137425444393e-05	0.00326904376615476	0.00465193467539721	3.57137425969769e-05	3.57137425183514e-05	3.57137425980313e-05	0.00178970182243721	3.57137426008105e-05	0.0061747074855012	3.57137426023207e-05
2.54591356006507e-05	2.54591356054863e-05	2.5459135601609e-05	2.54591356104862e-05	0.0111914112269832	2.54591356005613e-05	0.0159203339795014	0.00581461254011423	0.87426679856526	0.000262460479982286	2.54591356005639e-05	0.0267654598583274	0.0207586774694444	2.5459135600561e-05	2.54591356005583e-05	0.00228813355750514	0.000331300771916983	2.54591355996319e-05	2.54591356112943e-05	0.0214298296404251	0.0183879221493599	0.00230300926954034	2.54591356079413e-05
3.64664960184375e-05	3.6466496015655e-05	0.000918468645017632	0.00653212675721987	3.64664960053879e-05	0.0107674359478766	0.00218236653392095	0.0016496086963804	0.877399749386641	3.64664960195755e-05	3.64664960191182e-05	0.0432637239143606	0.0453593019858294	3.6466496017399e-05	3.64664960195772e-05	3.64664960195754e-05	3.64664960191932e-05	3.64664957829023e-05	3.64664960185759e-05	3.64664960195762e-05	3.64664960192011e-05	0.00992156604715356	0.00153158763760515
0.000723624257937771	3.70079421316664e-05	3.70079421084083e-05	0.00553642928080303	3.70079421080286e-05	3.70079421071627e-05	0.0106018432963973	0.00190828195391307	0.892574771560234	3.7007942107163e-05	3.70079421071601e-05	0.0277710311679839	0.0366493188957219	3.70079421088373e-05	3.70079421071625e-05	0.00162456714664649	0.00250245814511643	3.70079418320014e-05	0.00968796061545013	3.70079421071628e-05	0.00611453611435739	0.00387964017282524	5.54579717883657e-05
0.0035792990110053	3.58384889393221e-05	3.58384889509048e-05	0.000230249930675354	0.00740431932854406	3.58384889509061e-05	3.58384889509075e-05	0.00239542810135675	0.871886005156305	3.5838488950908e-05	3.58384889509043e-05	0.0504919788061329	0.0509491826883072	3.58384889509155e-05	3.58384889509061e-05	3.58384889509082e-05	0.00319185987497165	0.00066029670476593	3.58384889592759e-05	3.58384889509077e-05	3.58384889508881e-05	0.00874548004157526	3.58384889526954e-05
3.72193125248282e-05	3.72193125117878e-05	0.000442231110166981	0.0068567976819915	3.7219312546011e-05	3.721931252396e-05	0.00482688630003961	3.72193125088835e-05	0.914986335207715	3.7219312523958e-05	3.72193125239582e-05	0.0435974584262891	0.0200829077701079	3.72193125236133e-05	3.72193125239605e-05	0.00104922533108363	3.72193125258062e-05	3.72193125312165e-05	3.72193124390685e-05	0.000691043153856503	0.00240490289452566	0.00457836106149565	3.72193125214486e-05
3.47749859860252e-05	0.000761519443160734	0.005291726157332	0.00393596157266051	3.47749859813265e-05	0.0122755968409169	0.0619849704277543	0.0215923681785209	0.770536831079952	0.0206642699803675	0.000791661252032011	0.0456817251915742	3.4774985979416e-05	0.00802906362805369	0.00886054037452164	3.47749859794149e-05	3.47749859794859e-05	3.47749859834112e-05	0.005530403358312	3.47749859794151e-05	0.0281104842159067	0.00131876132903175	0.00439069206803435
3.61663883690067e-05	3.616638835889e-05	3.6166388339568e-05	3.6166388300584e-05	3.61663883388538e-05	0.00523061060102673	0.00726829291491946	3.61663883463446e-05	0.861105442959819	0.00237390121892339	3.61663883460948e-05	0.0707222853156419	0.0379855971695135	3.61663883454233e-05	3.61663883442589e-05	3.61663883442602e-05	0.00261789960986229	3.61663883529378e-05	0.000618006148300517	0.00191531649832688	0.00614949410163991	0.00357915680189438	3.61663883459843e-05
3.57281575505793e-05	3.57281574866494e-05	3.57281575275648e-05	3.57281575282995e-05	0.0137153869601223	3.57281575275641e-05	0.000688530759945098	0.000345200773154058	0.874038918595697	3.57281575275653e-05	3.57281575275617e-05	0.0583797995010545	0.0322941096450987	3.57281575264521e-05	0.00116348766420753	3.57281575275638e-05	8.24452781447517e-05	3.57281574834144e-05	3.57281575393475e-05	0.00272246796111575	0.0102266171333825	0.00591429783775401	3.57281575705858e-05
3.47435039335088e-05	0.00414005268648832	0.00456410525187668	0.00657731033985231	3.4743503940583e-05	3.47435039405802e-05	3.65453810711724e-05	3.47435039514802e-05	0.877732542353497	3.47435039405802e-05	0.00307136427462995	0.0289467238180405	0.0548919132079983	3.47435039395491e-05	3.47435039405812e-05	0.00280098199830581	3.47435039342047e-05	3.47435039481288e-05	3.47435039330499e-05	3.47435039405803e-05	3.47435039479336e-05	0.0104712756987091	0.00635026294224047
3.48705602564865e-05	3.48705603006325e-05	0.00209856719617319	0.00652222093911892	0.00329434836601709	3.48705602828046e-05	0.000449924689017535	3.48705602820693e-05	0.873904876669394	3.71699815571534e-05	3.4870560282809e-05	0.0457124748920035	0.0458752840998433	3.48705602961095e-05	3.48705602828039e-05	0.00454512265935547	3.48705602751916e-05	0.000355441988196834	3.48705602709238e-05	3.4870560282802e-05	3.48705602831021e-05	0.0167861217959719	3.4870560255223e-05
2.47674054879256e-05	2.47674055143573e-05	2.47674054901782e-05	0.00120152619698061	0.00455357322542764	0.0266869654831467	2.47674054893312e-05	2.47674054962593e-05	0.900841321457972	2.47674054893304e-05	2.47674054893287e-05	0.0547380203287041	2.61016083825551e-05	2.47674054939025e-05	2.47674054893276e-05	0.00770154388097592	2.4767405462212e-05	2.47674055037554e-05	0.00211491865278231	2.47674054893293e-05	0.00093675838302802	0.000877294511227622	2.47674054775432e-05
0.000456325953788837	2.48932459428182e-05	2.48932459380172e-05	0.0145975679900564	2.48932459394193e-05	0.00525097013900144	0.00101770636305842	0.000491189797972422	0.84181135881278	0.0027166978543165	2.48932459393891e-05	0.0730906564190606	0.0474853042374397	2.48932459995909e-05	0.00648716321229965	2.48932459394156e-05	2.48932459394166e-05	2.4893245889542e-05	2.4893245948174e-05	2.48932459394166e-05	2.48932459394162e-05	0.00629634026892988	2.48932459410977e-05
0.0027413510920271	0.00797822666360548	0.00335013942608831	0.0181921532399043	0.00700198959840462	0.00285787987698084	0.00546766646292041	3.47083001610135e-05	0.831551636023217	3.47083001588761e-05	3.47083001713833e-05	0.0626868914144737	0.0353033533467702	3.47083001563191e-05	3.47083001588714e-05	3.47083001588764e-05	0.00375241190460052	3.47083001544352e-05	3.47083001593431e-05	3.47083001588763e-05	3.47083001594259e-05	0.0187345096492488	3.47083001611745e-05
3.52904479989764e-05	3.52904479327475e-05	3.52904479285224e-05	0.00750936317609405	0.00287903625574317	3.52904479301483e-05	0.00246218826734974	3.52904479374255e-05	0.867753247294351	0.012875666042994	3.52904479301465e-05	0.0684021503288647	0.0299869972911511	3.52904479300619e-05	3.52904479301475e-05	0.00128731203400367	3.52904479224599e-05	3.52904479266096e-05	3.52904479169334e-05	3.52904479301473e-05	3.52904479299651e-05	0.00257329803172395	0.00381196545458021
2.48494301443186e-05	0.00485122592260717	0.00191246606710046	0.007494023333738	2.4849430187547e-05	0.0276966359752133	0.000364521401455732	2.48494301839386e-05	0.885712205430646	2.48494301875459e-05	2.48494301881402e-05	0.0328577961344685	0.0250101036321921	2.48494301865995e-05	2.48494301875433e-05	0.000733637753802969	2.48494301876524e-05	2.48494301811944e-05	2.48494301807019e-05	0.00623319635553699	2.48494301870295e-05	0.00683599483104471	2.48494301916175e-05
3.53396161963666e-05	3.53396162078405e-05	3.53396162058283e-05	0.00763342417897794	0.00261583097904145	3.59989942243753e-05	3.53396162070851e-05	3.53396162096857e-05	0.887150826973014	3.53396162067873e-05	0.00226185160897494	0.0482431452993694	0.0367052398825081	0.00215871486167318	3.53396162067882e-05	3.53396162067878e-05	3.53396161862786e-05	3.53396162176578e-05	3.53396162116348e-05	0.00554113852977326	3.53396162063653e-05	0.0042383488459138	0.00299140445206048
3.45171080883601e-05	3.45171081387881e-05	0.000750060944596168	0.0131738651480141	3.45171081233077e-05	0.0180102994145491	3.45171081233155e-05	3.45171081228895e-05	0.889801315722502	3.45171081233156e-05	3.45171081207922e-05	0.0295181839923992	0.0350451562185321	3.4517108118758e-05	3.45171081233152e-05	3.45171081233159e-05	3.45171081246048e-05	3.45171088545872e-05	3.45171081329204e-05	3.45171081233166e-05	3.45171081233309e-05	0.0131488448287176	3.45171081250372e-05
2.50062898351403e-05	0.00192217882119306	2.5006289845633e-05	2.50062898371226e-05	2.50062898443143e-05	0.00182295190263812	0.0297245786337106	2.50062898439255e-05	0.851056421293117	0.00182348848779986	2.50062898443399e-05	0.0552373941570007	0.0478201978261465	0.00403335250865324	2.50062898443131e-05	2.50062898443142e-05	2.50062898464081e-05	2.50062895459719e-05	2.50062898429295e-05	2.50062898443129e-05	0.00263079810684845	0.0036035564952281	2.50062898455612e-05
2.43311587558933e-05	2.43311587621309e-05	0.0115251305461272	0.0097564628944923	2.43311587587702e-05	0.00907671909493017	0.00538061515728201	2.43311587598782e-05	0.878510804486053	0.00111790310319061	2.43311587588151e-05	0.043457671521415	0.030565305716109	2.4331158758825e-05	0.0022651824607961	2.43311587588318e-05	2.43311587528205e-05	0.000482825575325399	2.43311587625823e-05	2.43311587588304e-05	2.43311587588311e-05	0.0075694055391828	2.433115875041e-05
3.57841341678845e-05	3.57841341523091e-05	3.57841341824144e-05	0.00673916147000249	3.57841341827109e-05	0.00132149992270467	3.57841341806956e-05	3.57841341785404e-05	0.876675415490466	3.57841341807005e-05	3.57841341806963e-05	0.0512877351817284	0.0537325225403284	3.57841341944083e-05	0.000228061124681304	3.57841341807013e-05	3.57841341740187e-05	3.57841341918755e-05	3.57841341666027e-05	0.00310088897713735	3.57841341807002e-05	0.00637795328024991	3.57841342067624e-05
2.48044889131789e-05	0.00460827583580513	2.48044889191864e-05	0.0102723940253662	2.48044889191916e-05	0.0128562538200278	2.48044889191882e-05	2.48044889203927e-05	0.883450520251664	0.000655413237970724	2.48044889191794e-05	0.033133569636918	0.0383673351414529	2.48044889191954e-05	0.00155286736360354	2.48044889191903e-05	2.48044889184787e-05	2.48044889709366e-05	2.48044889196377e-05	0.00653613486221064	2.48044889191878e-05	0.00824477746898497	2.48044889188186e-05
0.000697875079394492	0.00214856122389187	0.00683271974539665	2.50511080497659e-05	0.00970517720896106	2.5051108058301e-05	0.0278884180170905	0.0158958948464036	0.857457305943802	2.50511080583034e-05	2.50511080583055e-05	0.0374821911435403	0.0343325458412157	0.00262142101461768	2.50511080583052e-05	0.00339075552128823	2.50511080619146e-05	2.50511080553828e-05	2.50511080653624e-05	2.50511080583031e-05	2.50511080583033e-05	2.50511080467046e-05	0.0012715722257686
2.35753526810395e-05	0.000305586777748429	0.00947397433153717	2.35753526707523e-05	2.35753526751383e-05	0.031817576123604	2.3575352675142e-05	0.00457040825185892	0.829390589287016	2.59198856949133e-05	2.3575352675007e-05	0.0461987457131486	0.0535794969852566	0.00332161275328118	2.3575352675142e-05	0.00771839184063484	0.00333218454844186	2.35753525504225e-05	2.35753526888361e-05	2.35753526751415e-05	0.00135792155073461	0.0086718384243965	2.35753526803541e-05
3.58950738889883e-05	3.58950739264972e-05	3.58950738923592e-05	3.58950738921688e-05	0.0132693042423884	0.00305613540919427	0.013026346259799	0.0197586094841993	0.838421845932094	3.58950738923589e-05	3.58950738923583e-05	0.0491632045010142	0.0276690724853849	3.58950738923597e-05	0.0120237976248997	0.00202207997952417	3.5895073892102e-05	3.58950738949849e-05	0.00238143189618207	3.58950738923593e-05	0.0158715536971311	0.00294177267530766	3.58950739246607e-05
3.42758668182729e-05	3.42758667862364e-05	0.00753618277846775	0.00292426250232578	3.42758668072391e-05	0.0532918237080229	0.000867817341864441	0.0261299403310443	0.826120838514099	3.42758667992778e-05	3.42758667992767e-05	0.0534046877358718	0.00762215768107273	3.42758667991951e-05	3.42758667992768e-05	0.000675622528839593	0.00516074922236927	3.42758668048897e-05	3.42758668135086e-05	0.00235811705686261	0.00097380495859965	0.0113372467735806	0.00128826606575198
3.52149192548677e-05	3.52149192724372e-05	0.000143865324737502	0.00107514443411719	3.6277253895942e-05	3.52149192647981e-05	3.52149192647951e-05	3.52149192645825e-05	0.878757524176566	3.52149192647976e-05	3.52149192647973e-05	0.0402565070260103	0.0600631962943107	0.00117422264398814	3.52149192647966e-05	0.00180211136714911	0.00823338306170297	3.52149192691505e-05	0.00451261757988112	3.52149192647963e-05	3.52149192645497e-05	0.0035225718064601	3.5214919266553e-05
3.50959749984218e-05	3.50959749747382e-05	0.00937619476519027	0.00491254913189031	3.50959749990069e-05	3.50959749984764e-05	3.50959749984694e-05	3.5095974998884e-05	0.867102792711095	3.50959749984701e-05	3.50959749992402e-05	0.0806481655775862	0.0263920276419559	3.5095974998473e-05	3.50959749984699e-05	0.000706135618457114	3.50959750023095e-05	3.50959749923205e-05	3.50959750184449e-05	0.00171222282159304	3.50959749984745e-05	0.00862347210718954	3.50959750681456e-05
3.24468987014935e-05	3.24468987009256e-05	0.0724986841627967	0.0245850689051883	4.19686508637643e-05	0.019928843502397	0.0165469798579771	0.073587485082348	0.592650884294374	3.2446898700926e-05	0.0107171430151346	0.0526763354121962	3.24468987009291e-05	0.0917487720010733	3.24468987009265e-05	0.00676017366355901	0.0178347931211085	3.24468986563629e-05	3.24468987013742e-05	3.24468987009266e-05	0.0200983993440143	3.24468987009265e-05	3.24468987045478e-05
0.000934257229250239	3.52325589171544e-05	3.52325588646023e-05	0.00587305036779264	3.52325588752243e-05	3.52325588756501e-05	0.00648604134797668	3.52325588702353e-05	0.836475579591813	3.52325588756483e-05	3.52325588756465e-05	0.0888724706436996	0.0381262327004051	3.52325588773789e-05	3.5232558875647e-05	0.00724830818537957	0.000785178139826681	3.52325587883819e-05	3.52325589483056e-05	3.52325588756467e-05	3.52325588771472e-05	0.00170238276052947	0.0130384757679301
0.00036622616767866	3.54584814994978e-05	3.54584815101248e-05	0.00232551579610195	3.54584815101256e-05	3.54584815101248e-05	3.54584815101246e-05	3.54584815207098e-05	0.854486111620877	0.00672149381826718	3.54584815101243e-05	0.0738032393076983	0.04217702389063	3.54584815101217e-05	3.54584815101244e-05	3.54584815101244e-05	0.00357004770196251	3.54584811728517e-05	3.5458481509517e-05	3.54584815101227e-05	3.54584815101302e-05	0.00904467205410474	0.00700925090187568
0.00144273358846494	3.59512594765935e-05	0.00451001885440963	0.00712941138010327	3.59512594348778e-05	3.59512594687918e-05	0.0300031900104585	0.00421265562852964	0.857566136665163	3.59512594687854e-05	3.59512594687875e-05	0.026237759061759	0.0360747127128866	3.59512594687834e-05	3.59512594687849e-05	3.59512594687853e-05	0.00336209968315632	3.595125947355e-05	0.000867049927540629	0.0101600671642279	0.0130903201996686	0.00125467646723815	0.0037656073211959
0.00353649327335496	3.60598860554689e-05	3.60598860528207e-05	3.60598860525329e-05	0.00865126357679204	3.60598860528217e-05	0.000633053329229186	3.60598860528213e-05	0.86511910264559	3.60598860528226e-05	3.60598860528141e-05	0.0352864495160787	0.0410211795638969	3.60598860528001e-05	0.00564670548671879	3.60598860528209e-05	0.0101967833263358	3.60598856981077e-05	3.60598860475259e-05	0.00332031157286895	3.60598860528174e-05	0.0237214304157101	0.00243450866114784
2.46478892333651e-05	2.46478892312787e-05	0.0163648982108675	0.00172302861423167	2.46478892312784e-05	2.4647889231282e-05	2.46478892312779e-05	0.00431523216193766	0.827668557662562	2.52638954491745e-05	0.000183789986867902	0.0878445294605967	0.020961075520153	2.46478892312778e-05	2.89490580299036e-05	2.46478892312799e-05	0.0107455852378456	2.46478898104783e-05	2.46478892312779e-05	0.015387970664349	0.00122395330328405	0.0132806873309315	2.4647889231212e-05
0.00191425834220913	3.61655653608243e-05	3.61655653630967e-05	0.00488231604632116	0.00470591530297682	0.00017475883168264	3.61655653565821e-05	3.61655653626531e-05	0.894358670668011	3.6165565359963e-05	3.61655653599609e-05	0.0256867010051522	0.0425820296380852	3.61655653612858e-05	3.61655653599524e-05	0.000368247634635863	0.0030867484105774	3.61655649877773e-05	3.61655653701103e-05	3.61655653599604e-05	3.6165565358952e-05	0.00549685711663253	0.0163095102197546
3.50176176718903e-05	3.50176176926273e-05	3.50176176295394e-05	0.00450822737390593	3.50176176325481e-05	3.50176176325474e-05	0.0699111972364645	0.0071578127517798	0.804703527653958	0.00281007421217836	0.0125908956616936	0.0386252618810551	0.03690473136573	3.50176176325487e-05	0.00579586321751223	0.00200465259822612	3.50176176286855e-05	3.50176176552459e-05	3.50176176164646e-05	0.00709443123669448	0.004670370606613	0.00287277802778603	3.50176176109611e-05
3.65069569893382e-05	0.0107130187722625	3.65069569669404e-05	0.00372764335833928	3.6506956982552e-05	3.65069569643073e-05	0.00426667130378275	3.65069569636977e-05	0.878436791879598	3.65069569642992e-05	3.65069569643065e-05	0.0577143595597219	0.0322606646476594	3.65069569638904e-05	0.00308490145352799	3.65069569642971e-05	3.65069569644236e-05	3.65069567548463e-05	3.65069569793729e-05	0.000218584469822865	0.00435018665202418	0.00475258746280223	3.65069570368757e-05
3.58834185103712e-05	0.00665812907695022	3.58834185123875e-05	0.00287773076712197	0.00102806330319396	3.5883418512388e-05	0.000349854749691184	0.00841876947971008	0.850555442208847	3.58834185123874e-05	3.58834185123769e-05	0.0446281412327211	0.0567094909632054	3.5883418515121e-05	0.00136877484110675	0.00428690217933234	0.0120104962761718	3.58834181489485e-05	3.58834185285904e-05	3.58834185123873e-05	3.58834185128461e-05	0.0107134873186565	3.58834185141774e-05
2.53504616003631e-05	0.0019874627526676	2.53504616118112e-05	2.53504616148406e-05	2.53504616096334e-05	2.5350461611811e-05	0.00743496904827169	0.00253455692297957	0.884765811551066	2.94621346834885e-05	2.53504616128125e-05	0.0287009753227693	0.0470806565947598	2.5350461585992e-05	0.00163706953818299	2.53504616118125e-05	0.0028812068257431	2.53504612541341e-05	2.53504616141468e-05	2.53504616118113e-05	0.0144582455150846	0.00818537825482091	2.53504616314044e-05
0.000720089657071018	3.57308659243852e-05	3.57308659436848e-05	0.000639990739023618	0.0114166784937446	3.57308659455758e-05	0.00342537241098102	3.57308659455764e-05	0.886018756101598	3.57308659455781e-05	3.57308659455751e-05	0.0444862666471894	0.0404475318169859	3.57308659455777e-05	3.57308659455779e-05	3.57308659455773e-05	0.00443292933720062	3.57308660677229e-05	3.57308659495522e-05	3.57308659455767e-05	3.57308659462969e-05	0.00791215267283718	3.57308659718788e-05
3.64730392052668e-05	0.00163831114043505	3.64730391875157e-05	0.000176434659079881	0.0119522891605465	3.64730391784106e-05	3.64730391784119e-05	3.64730391826697e-05	0.879682508623025	3.64730391784089e-05	3.64730391784093e-05	0.0498746982811292	0.0487870738744448	3.64730391795983e-05	0.0020994038113077	0.000922601951828709	3.64730392017356e-05	3.64730391728981e-05	0.00133098944666728	3.64730391784123e-05	3.64730391780459e-05	0.0030615395422001	3.64730391359633e-05
3.54932132511517e-05	0.00848246645100545	3.54932132569439e-05	0.00487841190479182	0.00396912011512105	3.54932132622647e-05	3.82277905562153e-05	3.54932132667396e-05	0.856081520253027	0.00135766697542042	3.54932132622761e-05	0.0677516851244981	0.0424323913796383	3.54932132642049e-05	3.54932132622813e-05	3.54932132622812e-05	3.54932132630585e-05	0.000609771805520204	3.54932132699366e-05	0.0015409818915258	3.54932132617147e-05	0.00490268565953177	0.00756464530348072
3.61185104166595e-05	3.61185104570631e-05	3.61185104187248e-05	0.0090585080936253	3.61185104186069e-05	3.6118510418725e-05	0.00421873330697423	0.00114261303509631	0.866182633480743	0.00324620931992315	3.6118510418728e-05	0.0684319050925194	0.0329993173565074	3.61185104187232e-05	3.61185104187253e-05	3.61185104187239e-05	0.00450435810071298	3.61185106414864e-05	0.00293243716644806	3.61185104187212e-05	3.61185104187236e-05	0.00681374441174602	3.61185104205273e-05
0.00326356861726368	0.00135591344200042	0.00218105111460684	0.00159537196557488	3.65169185656278e-05	0.00229840800276466	0.0104090438936972	0.00177506165476669	0.878030505657205	3.65169185661952e-05	3.65169185661866e-05	0.0715837482782189	0.0205738334537559	3.65169185668439e-05	0.000827960165977457	0.00123808974690874	0.00141673018459077	3.65169185662395e-05	3.6516918564702e-05	3.65169185661948e-05	0.000187344573848679	0.00297123390028974	3.65169185680201e-05
