Bcells	CentralVeinEndothelialcells	Cholangiocytes	Hepatocytes	Kupffercells	LSECs	Mesothelialcells	PortalVeinEndothelialcells	Tcells
0.0361833218796538	0.000134092701996827	0.0191427632975182	0.804463582133334	0.0834364841309154	0.0203776022903961	0.000134092701996827	0.0299944875401448	0.00613357332404405
0.00635594937369781	0.0310653778803102	8.8936765622107e-05	0.876538896367481	0.0410433111719443	0.00174745416088135	0.0236271932538573	0.00278526346385109	0.016747617562355
0.00762921631454529	0.0277628086164158	0.00145885714556371	0.786771851274184	0.0928337716438387	0.0408929064271159	0.00920554297172384	0.000127024693194124	0.0333180209134185
0.00664816936673655	0.0332466138095407	0.000126162447918408	0.802268472400244	0.0600788097335133	0.014803370210823	0.0319932874819828	0.0159004498264577	0.0349346647227837
0.003343979598962	0.00444795051255363	0.000130672705974176	0.823883413646015	0.0804731145358037	0.0352285682775697	0.0149050917982759	0.0133816927964521	0.0242055161283934
0.00771826613085015	0.0181957859384887	0.110320742531444	0.643543914299171	0.0895756996337317	0.0132043891748582	0.0569183100933782	0.0465805071650175	0.0139423850330601
0.0424257293165537	0.021682170863442	0.00149019676948843	0.774305782594419	0.0791064436935018	0.0125665563805587	0.0171989389977431	0.0261966181253999	0.0250275632588936
0.0169863342787003	0.023889829480118	0.000128796530243705	0.814375809270545	0.0879610988282837	0.0300450297147853	0.0234938909393704	0.000128796530251982	0.00299041442770188
0.019617836159462	0.0330191965534138	0.000133724649197003	0.835088596646478	0.0610982379221598	0.0074481466205293	0.0242571510239598	0.000133724649192883	0.0192033857756074
0.000641240145308043	0.0308887937737959	0.00013214116324762	0.830541118468009	0.0554561583067865	0.0329772234502928	0.0103304733083432	0.00641077826721042	0.0326220731170067
0.00474013126263831	0.00013455978554572	0.00324879972852068	0.834690108340634	0.0630074088828793	0.0154831456789412	0.0134982625640481	0.0379144591645665	0.0272831245922265
0.0186935677443775	0.0193709693559582	0.000324000725251399	0.849311166740726	0.0509285652018139	0.032898080451215	0.00818670571159764	9.0748855704235e-05	0.0201961952133566
8.87816843515085e-05	0.0932676622558178	8.87816843463592e-05	0.824685931430648	0.0529813990389882	8.87816843470656e-05	0.0178232036747481	8.87816843515091e-05	0.0108866768624017
0.0048182472024776	9.2883814987245e-05	9.28838149854677e-05	0.853769604000628	0.0438583378259954	0.0317792548683939	0.0103785263239403	0.0232846180845235	0.0319256440640688
0.0306018417098142	0.000129111614620234	0.00262432423193969	0.775754222036079	0.090523995035604	0.0232646408547966	0.0149863920898824	0.0289785593562171	0.033136913071047
0.0326279649950881	0.0660919342965839	8.8645094538537e-05	0.827946013317713	0.0570233485482645	0.00385444062884072	0.0068711659552405	8.86450945349939e-05	0.00540784206919567
0.0101843722692594	0.00394076548211203	8.90778080220541e-05	0.860838285664579	0.0593088921611158	0.0328863501641013	0.0171351831316342	8.90778080197719e-05	0.0155279955111567
0.000240705192107034	0.0186364871811577	8.80460842970144e-05	0.844440279427313	0.0442078549626246	0.0295490498230167	0.0272369805363577	0.00128801771302225	0.0343125790801039
0.00590187786339875	0.0102115896267742	0.000132779326492458	0.828549218862876	0.078610985364628	0.0121748817726312	0.0162056968176177	0.0229510425079363	0.0252619278576458
0.000134418830989207	0.0139406486905029	0.00013441883098471	0.813796046795047	0.10782046928593	0.0290563105158392	0.000134418830989207	0.0169271023406982	0.0180561658790197
0.0238071137174359	0.0146551115739542	0.000131221472897592	0.813230757910232	0.0916744774743018	0.0114039316649887	0.0109798886443456	0.000131221472898374	0.0339862760689459
0.0164674595950888	9.05790717766584e-05	9.05790717739203e-05	0.809257030884212	0.0648002254453272	0.0436893454662965	9.05790717766553e-05	0.0134716265627781	0.0520425748309706
0.0274724507645965	0.0129019476382681	0.0456977266971994	0.80297149575679	0.0348437487987568	0.00819743060483119	9.22239177205254e-05	0.0425025261131348	0.0253204497087027
0.0308906967985708	0.0228930304553513	0.000123603403116985	0.787145468149307	0.0723074870922006	0.0262967897728803	0.023496342139149	0.0117871239656186	0.0250594582238052
0.000133073253305623	0.00154591586829067	0.00391651367956544	0.814329403678112	0.0690265405507026	0.0422856296097982	0.0230446252107373	0.0185958769768992	0.0271224211725885
0.000630287563556427	0.000134875737956302	0.0130435635162464	0.814904201095672	0.0696354334981442	0.0189494405614213	0.00896628209777329	0.04488661441005	0.0288493015191795
0.00686186749518852	0.0397460457448771	0.000129810178479824	0.85202312961839	0.0500391934283529	0.0210667959859951	0.0187231470031633	0.000129810178476157	0.0112802003670776
0.00427035925059454	0.0277231956533977	0.000129161187388124	0.883883315334338	0.0518710673161966	0.0164327093979529	0.000413167375756741	0.0094777307351242	0.00579929374925089
0.0174778916546516	0.0242397322585785	9.24009172008435e-05	0.843819215619398	0.0721931557444811	0.0281684092103769	0.00944737033055835	0.00446942334755308	9.240091720185e-05
0.0115411539820249	0.0116510164091163	9.16492168412527e-05	0.868200707968569	0.0531777749128723	0.012635706485189	0.0147592567239673	0.0180948627534528	0.00984787154796674
0.00905117236511115	0.0183938899089196	0.00951832004101244	0.833724678671695	0.0567505582598433	0.0424232904052063	0.0010257634441006	9.37418709488049e-05	0.0290185850331624
0.00463909275109099	0.00158286264046927	8.68252470539075e-05	0.840841280021717	0.0432856699940492	0.0292709616262096	0.0256331231179976	0.0185319456504044	0.0361282389510081
0.00201062877580763	0.00635457500996796	0.00133470020783606	0.854129836449416	0.0475989765122783	0.043263979085598	0.00394320474851783	0.00459219683945932	0.0367719023711195
0.0291922502161634	0.000131547842185547	0.0130326687746989	0.804540277544225	0.0468425171057	0.0163084218196496	0.0464599113994946	0.0425347174899389	0.000957687807944639
0.0219113677218285	0.0216852080966196	8.73609146611767e-05	0.7718872897543	0.0821664612490785	0.0360806875401618	0.0137096933712116	8.73609146613241e-05	0.0523845704374778
0.00380961181939725	0.0331703083526329	0.00506161180953158	0.810167099327532	0.0923807983078321	0.0261547655786019	0.00620247635833954	0.000136221565628649	0.0229171068805046
0.00364047045761093	0.000149129354981736	0.0058460656132921	0.863469760552458	0.0594128878633427	0.0275622612485899	0.0228324585208549	0.0169576946200323	0.000129271768837219
0.0253105059295159	0.00994215444974089	0.000134762200647762	0.868019754657024	0.0558905490473222	0.0301699674844758	0.0036365461182262	0.00204565900014243	0.00485010111290502
0.00827724939488007	0.0255483501614703	9.03638891269342e-05	0.846706035435808	0.0488344397768173	0.0394592058923099	0.0023541909275809	0.00209838983197605	0.0266317746900302
0.0406416038653608	8.629572436435e-05	8.62957243626928e-05	0.806202068245654	0.0579833231939902	0.0376923475823756	0.0326266934162177	8.629572436435e-05	0.0245950765233107
0.0256178421841513	0.00518720589952412	9.18701475769368e-05	0.839701454528429	0.0913781714456788	0.020993948649481	0.0114924695505738	0.00544516744700785	9.18701475770852e-05
0.0223300158426983	0.00383973097305218	0.00255352332734218	0.83426376599179	0.0676261495678317	0.0269392167008878	0.0245647539747702	0.0129322574153109	0.0049505862063174
0.0237556206493914	0.000132015897095011	0.0240582215677165	0.812225452006404	0.0738335321708955	0.0277110404135365	0.0121843190427911	0.0259677823550753	0.000132015897095011
0.0261031050764648	0.00650708976736178	9.43890621837414e-05	0.841339234420639	0.0851556799319241	0.015082846002722	0.0102363726246562	0.0102536462961757	0.00522763681787286
0.0452435446310393	0.0310819880601831	0.00538555211089053	0.814280623326165	0.0416692839447366	0.0139415428517837	0.034505167508596	0.0138025238562034	8.97737104020317e-05
0.0260023784782559	0.0173002378880728	8.83997185846229e-05	0.813790316661728	0.055499172903729	0.0333034797967567	0.0286454183539482	0.0252821964803398	8.8399718584786e-05
0.0164169535533635	0.0331684397564462	0.013979817864491	0.80670448711833	0.0355510058086157	0.0166163316776935	0.0221214316253213	0.0521565171876353	0.00328501540810372
0.0115271078815022	0.0189165186409981	0.00521325484675562	0.872770180359312	0.0333402246469132	0.00669806285184782	0.0198384809679084	0.0167085990302704	0.0149875707744924
0.0152853635988692	0.0438894329423549	8.7761004340329e-05	0.828306922492281	0.0603331236453995	0.001222284293871	0.0350138064760953	0.00283026505818107	0.0130310404886081
0.0134964496569706	0.0266319631415684	0.000126255037239322	0.821621318897738	0.0506916409701845	0.0215411403854791	0.0318625169905411	0.0125598074919024	0.0214689074283767
0.000129283918406443	0.0450411428718476	0.000129283918403955	0.822502278445099	0.0733440857662015	0.00662298443277545	0.0252344412870585	0.000129283918406442	0.026867215441801
0.0182930440540503	0.0367978829064611	8.94731306508852e-05	0.848104134238041	0.0459107128637994	0.0246611583377578	0.0102416152614371	8.94731306533121e-05	0.0158125060771489
8.73178516296252e-05	0.0378007205601896	8.73178516279572e-05	0.824314777425677	0.0780246947092975	0.0267286708597475	0.0244839107944203	8.73178516296252e-05	0.00838527209578076
0.0122353899936217	0.0625004447787786	8.78021894815323e-05	0.847559742692281	0.0323652969403519	8.78021894824919e-05	0.0302337847615003	0.00824398742638313	0.00668574902811961
0.0042970771251471	0.0162288419097889	0.0029979020362833	0.833978009516799	0.0771165341436222	0.0168917809087052	0.0097180025000599	0.00349338288009848	0.0352784689794955
0.0104636826873349	9.13758639271713e-05	0.00120850131989761	0.844983205741528	0.070574533693099	0.030205815849091	0.0117268765687619	0.00645590005677452	0.0242901082195862
0.02386578426515	0.0289928661646386	8.84268744415243e-05	0.848146266407535	0.0398558294579174	0.0122002634206386	0.046673709660793	8.84268744430263e-05	8.84268744425137e-05
0.00178147952239883	0.0327492135076605	0.000132418276164814	0.809590582519655	0.0678813446484791	0.00181835341354511	0.031637883466245	0.0330282879366979	0.0213804367091533
0.0151926463401607	0.0252185551689109	0.000130021407363546	0.807000996655467	0.111764697714401	0.0125536948072633	0.00740959732354633	0.00405093411884704	0.016678856464041
0.0269888906790936	0.0374235761397034	0.0103209671568863	0.827943193455376	0.0712122426237924	0.00367331532706457	0.012314090260406	9.0993350101072e-05	0.0100327310075763
0.0226419826075051	0.0018997984108918	0.0423473185391295	0.797415352620938	0.049916552692097	0.0254493305762499	8.94787005754193e-05	8.9478700575419e-05	0.060150707152038
0.00998140774894428	0.00345651880207408	0.000133964835755093	0.85575232261167	0.0655277390634122	0.0424143618371731	0.0106077945649355	0.000677908043087305	0.0114479824929487
0.0255880939942419	0.000932176179093708	9.22199811395561e-05	0.851724844799251	0.0326583936534354	0.0422140764247635	0.0227867894235623	9.22199811455638e-05	0.0239111855633673
0.0300180870229944	0.00347813039176308	8.72730420347915e-05	0.824721524985554	0.0549174520924268	0.0338827795882838	0.0184064394189636	0.018354055768822	0.0161342576891577
0.0340964993423951	0.0563262879814909	8.56515307874903e-05	0.812780117445662	0.0504860125808644	8.56515307889685e-05	0.0305563017889807	0.0154978262682417	8.56515307884123e-05
0.0119859451754549	0.0845729100559456	8.75638261110263e-05	0.82799832146674	0.0403696256700317	0.00184352868923984	0.0189077472936127	0.00516373366044413	0.00907062416241997
0.0113349319651219	0.00784609974757324	9.5084204399964e-05	0.902636021107981	0.0305045983060021	0.00131446222493163	0.00845493315564569	9.50842044010115e-05	0.0377187850839433
0.0240187346210907	0.00924134847716582	8.74533537909608e-05	0.882301218071185	0.048971230192845	0.0137909854699344	8.74533537961349e-05	0.00655778514363642	0.0149437913165555
0.0138511374269183	8.96522371055863e-05	0.00790046767131436	0.859875278770256	0.0456049570945885	0.0425457923218168	0.00743369843736702	8.96522371055861e-05	0.0226093638035282
0.000136106175478467	0.0182140953022563	0.00213848232829036	0.850849053407637	0.0856958873942539	0.015846224828632	0.00891540483375715	0.000136106175478467	0.0180686395542163
0.0144876853952834	0.0321283587845922	0.000129670124764529	0.852969951288581	0.0442478889335436	0.020422273699606	0.0175726681072701	0.000129670124765633	0.0179118335415933
0.0275191439632288	0.0248904911590287	0.00115151748266495	0.859185650879809	0.045282973096594	0.022659168221649	0.00289639396903037	0.016285231491445	0.000129429736550358
0.0390900665562001	0.000133636749432032	0.000133636749439303	0.784354940670192	0.0921063215470192	0.033085178684568	0.0233732701283891	0.00110796622614027	0.0266149826886201
0.000130572396399294	0.0154435700580352	0.00173973229311971	0.837014472760225	0.0648626100978469	0.026174552919801	0.00702603584395348	0.0137156363651217	0.0338928172654973
0.00735344375242614	0.0202167462866312	9.33532817192188e-05	0.832830900049185	0.0835408049442621	9.33532817162373e-05	0.0171660252071278	0.0205518140066125	0.0181535591903196
0.0157479071804789	0.0134372722134512	9.18160496316285e-05	0.875171236333614	0.0495307621790424	0.032865871651376	9.18160496265315e-05	0.0038991994200134	0.00916411892276626
0.00539063148323913	8.90987654554674e-05	0.000553720078063127	0.807780481778501	0.117288837964262	0.0329421705807422	0.0217535329589705	8.90987654560329e-05	0.0141124276253106
0.0131806542564977	0.0128652700749956	0.0123685614575524	0.828209294750711	0.0768707460532515	0.0162606610214293	0.013637459480366	0.0109972564819506	0.0156100964232463
0.0300718100839342	0.0295331002779754	0.000676266297373762	0.831866584586999	0.052566391618832	0.0208952077924383	0.00796054593206776	0.000131931919246751	0.0262981614911327
0.00872842781127477	0.039213862395752	8.82969946618061e-05	0.832100095449449	0.0410339631999006	0.0392590278111383	0.034245520717521	0.00524250862564099	8.82969946618058e-05
0.0222378161423992	9.14199669779653e-05	9.14199669777055e-05	0.863781280727991	0.0431282835671735	0.0229609432846709	0.0190724237646585	0.00601744593923037	0.0226189666399211
0.0331073500834569	0.000131840978328069	0.000131840978325229	0.821221054415257	0.0724395191469639	0.016632399246355	0.0103629385839308	0.0186479751754576	0.0273250813919256
0.0259379194675879	0.00438994365098714	0.00859612575295449	0.774012112354186	0.0888515709386886	0.0337444924131918	0.0153519604642623	0.0320121204634355	0.0171037544947059
0.000131762860438479	0.000131762860438479	0.000131762860437009	0.820186108418081	0.0929104700965351	0.0268580545219002	0.0226674767025729	0.0240741082347939	0.0129084934448029
0.0091169476869458	0.00855510101336749	0.0129512184919667	0.835817946511275	0.0863514358993609	0.00960144939604984	0.00314912920701919	0.0151370265415285	0.0193197452524863
0.0233625787515781	0.000133215002560143	0.000822618437473169	0.811659061090978	0.0875343435316606	0.0198936848587371	0.0288995632199264	0.0263933790805398	0.00130155602654623
0.0311838774680642	8.69708886286492e-05	8.69708886276869e-05	0.80424820253964	0.0505982378251738	0.0497487585496838	0.015465166888969	8.69708886286494e-05	0.0484948440625842
0.00580123681382889	0.0117903322101382	9.02417199608603e-05	0.834430943125781	0.060213086592125	0.0208273840532719	0.0233435094052715	0.0154042757157383	0.028098990363884
0.0149914180094761	0.011331591087686	0.0064193994365947	0.820797400560498	0.0686020500174368	0.000132440355022943	0.0328156974836817	0.0306294708502693	0.0142805321993345
9.42616608359167e-05	0.0141297602804477	0.00440540392055146	0.863112619365569	0.070323035202763	0.01879811944862	0.00234049004269793	0.0141211624271672	0.0126751476513478
0.0475617461495551	0.000118543688338806	0.127575935834711	0.614319607769149	0.0250903964503645	0.000118543688338806	0.0734399755110977	0.079422859957996	0.032352390950449
0.0255824312863642	0.0597308269575521	8.61420084979121e-05	0.829115898646881	0.046631335170038	0.0135251916660587	0.0172540150723964	0.00798801718371238	8.6142008498855e-05
0.0265801585024643	0.00906301958991447	9.24406979063292e-05	0.862453109379101	0.0368458847940855	0.0116204284201021	9.24406979117726e-05	0.0352270028449586	0.018025515073556
0.0191657771019817	0.0218851243287049	0.000713095511960929	0.798635867879013	0.0826313442503408	0.0289415874712599	0.013250422097927	0.00507363546735567	0.0297031458914566
8.63588882206444e-05	0.0732900224531633	8.63588882197002e-05	0.844848578407475	0.0233448162546559	8.6358888221196e-05	0.0385358890975594	0.00425295287885071	0.0154686642436341
0.00771564815976836	0.000282904481797585	0.00672100567259413	0.853175404062193	0.0493175343064924	0.0126457560725908	0.0193854108037377	0.0178906679291836	0.0328656685116426
0.0123095562466799	0.0598789037493266	8.8104037180472e-05	0.8478444341677	0.0407847406863796	0.0081100908460956	0.023556569517694	0.00140332649679452	0.00602427425214932
0.0467715558001057	0.014591507408176	0.00365564852434432	0.806822825853474	0.065806324512074	0.0448443153513575	0.0161750324005784	0.000130042756585134	0.00120274739330501
0.00296733499416666	0.00890181634089123	0.000132154630775768	0.80285814775646	0.130997221938105	0.0159038512018358	0.00981043936761624	0.000132154630783869	0.0282968791393653
0.00194463399060878	9.35082942626034e-05	9.3508294262287e-05	0.871713933399368	0.056927323552756	0.00569099441641194	9.35082942626033e-05	0.0418996565862238	0.0215429331718435
0.021296306694389	0.0304597318006286	0.000130789443411129	0.816057157410506	0.061853125759358	0.0141178613626746	0.00994226746271087	0.000660394994240169	0.0454823650720819
0.0124917932557212	0.0253179171003304	8.94307772124873e-05	0.864673109884966	0.0366532181564996	0.0370646200498601	0.00818980984595863	0.00439776871251074	0.0111223322169406
0.00702584603045428	0.0324525119445655	0.000130686699706889	0.86023842581118	0.0374244124434421	0.0063909245366814	0.00817533401961141	0.0159299288380714	0.0322319296762874
0.00304545494955036	0.0178377636003103	0.000130822165392951	0.864092745769225	0.0495629000763996	0.0215835866184955	0.0036321149393153	0.00931043189503236	0.0308041799862783
0.0166830242922584	0.000128912540893241	0.000128912540892979	0.785490674211625	0.141309767384059	0.0321190678662378	0.0128185874127565	0.00663264424278881	0.00468840950848812
0.0168703004541007	0.012296584333943	8.96722191065294e-05	0.849056123180575	0.0604860228229703	0.0287065770690768	0.00757426371660878	0.00894101880132972	0.0159794374022895
0.046165683489796	0.0137412050994313	0.0165670204503316	0.792854058080913	0.0768208698067089	0.0115628802399946	8.92393425878233e-05	0.0318877566814773	0.0103112868087594
0.0114356438321253	0.0205270009042943	0.000128487180426404	0.843806998970109	0.0399251481072019	0.0275869661727643	0.0124888009257985	0.0129640075641469	0.031136946343133
0.0351267405690834	0.0152634282403439	0.000128452219667946	0.816305607523259	0.0684117695645681	0.00869473716646502	0.0127559627894832	0.0335808254179015	0.00973247650922792
0.011588345793999	0.0580769712591942	8.80378435244377e-05	0.836064247888086	0.03339999479065	0.0323181770256761	0.0145240123927199	8.80378435301711e-05	0.0138521751626199
0.0172050247441727	0.0504534835444933	9.08450965041074e-05	0.846258065119775	0.0432003839398018	0.0216803830574161	0.00273100563023567	9.08450965056641e-05	0.0182899637710958
0.0239811358978282	0.00574928443920134	0.00172625303084323	0.846747891244993	0.066988714395738	0.018005981133219	0.0177028707560609	0.0104343714121831	0.00866349768993319
0.0222616921713667	0.0215722083715038	0.000135520592126918	0.84473833577926	0.0589518473825853	0.0169557084330069	0.0192952535662179	0.00642695305975993	0.00966248064417197
0.0186496783045412	0.010843034595748	0.000131296083465394	0.88125259515071	0.0496313058219623	0.0175893360078457	0.0117246810073829	0.000905616471833463	0.00927245655651121
0.00818433713204146	0.00920540508351745	9.35770377396756e-05	0.862116553948412	0.0474465804530914	0.026006643322752	9.35770377406948e-05	0.0103541020732522	0.0364992239114527
0.0236302758041369	0.000133302901693455	0.00806131692776798	0.862662213415228	0.050945215834245	0.0174964471150553	0.00288169198124009	0.021158016122991	0.0130315198976421
0.00198818871527263	0.0716962411514756	0.00140721692709323	0.815198145762072	0.0368270227763073	0.0224674862660382	0.0354366223103666	0.0013860018886625	0.0135930742027114
0.0180541853701857	9.02756910949569e-05	9.02756910939521e-05	0.824049488310873	0.0709990706984318	0.0421022450880237	0.0306006160651139	0.00199436645893287	0.0120194766262505
0.0105707028529469	0.027688749658673	0.00193294980228604	0.883131569230812	0.0316885139684305	0.00910659725388386	9.12004111946185e-05	9.12004111900886e-05	0.035698516410583
0.0151196686902277	0.00429822550754602	0.00482455972180646	0.853624070145107	0.0425262469897039	0.0281703352323926	0.00569819729644171	0.0286334068200211	0.017105289596754
0.00979503578335449	0.0666638472357674	9.01930794092613e-05	0.808052532041568	0.0767072289827443	9.01930794094468e-05	0.0229621117013644	0.00353853264350783	0.0121003254528753
0.0364078626622952	9.09117862100675e-05	9.09117862090894e-05	0.843104429704891	0.0498225418490247	0.035483574034505	0.0159317251264168	0.0100807970932306	0.00898724595721765
0.00628111288113249	0.00690034781187206	0.00502488896927831	0.848750868514598	0.0619909815662887	0.021707703432285	9.12733087218044e-05	0.0108176042573521	0.038435219258472
0.000131672588445773	0.0258978841756408	0.000131672588443283	0.818829075061592	0.0730957029898281	0.00353817759376132	0.0116534477033737	0.0147387450533932	0.0519836222455223
0.0168137416952332	0.0156103990403596	0.000421476119576284	0.854857300216992	0.0373780172468941	0.0504153214362495	0.00223135177930523	0.000134197409125407	0.0221381950562645
0.0124822125236064	0.0159172981383197	9.02930892888437e-05	0.847750087035941	0.0487103797849746	0.0477515199765166	0.0104993196135966	9.02930892919979e-05	0.0167085967484639
0.0117031282775465	0.0109433314688862	0.000127820520706937	0.851892449891947	0.0616807465426132	0.00686006567392521	0.0225707622458254	0.020752122205672	0.0134695731728778
9.18050948722382e-05	9.18050948722379e-05	9.18050948702073e-05	0.845429243970275	0.064811821882686	0.0282080711889003	0.0126738757253788	0.0154141172657409	0.0331874546824046
0.0361470509246265	0.0595246410326247	0.000125310027180847	0.800119713127288	0.0475334368845426	0.00603252827227341	0.028518714414818	0.00138467756456982	0.0206139277520764
0.0031951960490504	0.00569661643665186	8.70520145608555e-05	0.83790358116164	0.0595406615925757	0.0497380801886912	0.00290568966179509	0.0185179050077504	0.0224152178872844
0.0315661638258558	0.0300660223183481	8.86663712808801e-05	0.828928323772797	0.0394366012359878	0.0223322164895369	0.0239303382565819	0.00877303341858742	0.0148786343110243
0.0253958396813681	9.12443612031838e-05	9.12443612029716e-05	0.799355408888041	0.11863171385377	0.0130192556834654	9.12443612031833e-05	0.0432328044485435	9.12443612031825e-05
0.0171345000571273	0.0399572647759524	0.000130236514723915	0.829988628078528	0.026755910166913	0.0288423458330995	0.0346895171512304	0.00509655511290077	0.0174050423095246
0.0143713915030349	0.0220482970573	9.41827124926485e-05	0.830934857573885	0.0581597115036318	0.0253298256687947	0.00407766344362571	0.0104950204712106	0.0344890500660245
0.00709950802649112	0.053855523213152	9.03295034125896e-05	0.850001636958947	0.0555436021236493	9.03295034089539e-05	0.00832274816756371	0.00622450070413913	0.0187718217992363
9.4163577226597e-05	9.41635772261314e-05	0.00235707037214122	0.887491866478118	0.0500336757967866	0.0375116364435489	9.41635772261311e-05	0.0090837649823649	0.0132394951953615
0.0389051321679957	0.0198277184758958	0.000134618319121841	0.828539228599156	0.0680508930884177	0.0191458896012166	0.00072057698104733	0.0159220245287621	0.00875391823838624
0.00961311354092235	0.0217691916027516	0.000133266310457274	0.815407689946839	0.0742441574641909	0.0314335453265118	0.0164329820356289	0.0153704932138982	0.0155955605588001
0.0116112831482153	0.0453212140864837	0.000127163033482169	0.846820211483623	0.0613263750271635	0.0172836818357608	0.0043438292700398	0.00341653951629347	0.00974970259893859
0.0126048332331646	0.00436368571066833	8.96587145625176e-05	0.844684575310889	0.0579897059663996	0.05058675904641	0.0139198431202566	8.96587145647609e-05	0.0156712801830849
0.0157215656797802	0.000132903886598932	0.000132903886594331	0.811959659904212	0.0655052522182883	0.0305177639584643	0.0232710636334488	0.0147364563954037	0.0380224304372098
0.017172141454393	0.0174939337529281	0.00394074716311191	0.888075507102589	0.0433357890682801	0.019686700684023	9.18945693588161e-05	0.0100898108588838	0.000113475346432301
0.0347956288993976	0.00104556301958289	9.12892983748176e-05	0.81751302496894	0.0651369756286448	0.0374468526735281	0.0275742418114051	0.0163051344017508	9.12892983758161e-05
0.0106580145256748	0.0299536479298603	0.000128023086790518	0.824447242077103	0.0344643594556714	0.0362802944696665	0.0136722448185953	0.000128023086798063	0.0502681505498398
0.0207627435879488	0.0227730470671716	0.0177976674975208	0.818195791283971	0.0752671764539815	0.0156749610307862	0.005482396198664	0.00417785531065456	0.0198683615693013
0.0290580756421279	0.0145211895931021	0.00013247433084343	0.832991191226191	0.0696400205700047	0.0225907256798056	0.0172343799434258	0.00371707864048521	0.0101148643740141
0.0196546765010174	0.000131383302766594	0.00013138330276367	0.83396832414095	0.0643728209210788	0.0220693291782419	0.0093454015791894	0.0360838668938241	0.0142428141801679
0.0267772815559383	0.0409686970527061	8.72670085795346e-05	0.817211345546358	0.0641241003246933	0.012878393461962	0.0281283483545544	8.72670085797178e-05	0.00973729968662856
0.019130637740505	0.000134524150993771	0.011674923116741	0.810773445258086	0.0779899161874612	0.0308275565437504	0.0239098507163813	0.000134524150992978	0.0254246221350885
0.012440566847976	0.0298058445375601	8.75734417732822e-05	0.810863049704699	0.0563756528109235	0.0115246738722819	0.0265016603743232	0.038448393933036	0.0139525844774265
0.0443268064778637	0.000130007694071604	0.000130007694069135	0.787617734482022	0.093073195704343	0.0131171133454424	0.00226827157494743	0.0244115948024603	0.03492526822478
0.0232670548298203	0.0369935422780612	8.89631164565787e-05	0.867292091019932	0.0436364612257657	0.00405582980991404	0.0184945471764821	8.89631164626535e-05	0.0060825474271059
0.000133623765742161	0.0218119884263199	0.000133623765742672	0.867682691923947	0.0659637988422062	0.0227969005214301	0.000133623765744028	0.000133623765744879	0.0212101252231229
0.0467158614406248	0.000120511425718893	0.0605563176899165	0.659194050157181	0.0612642195427407	0.0190477307883139	0.0397727212864568	0.0800722913337026	0.0332562963353446
0.0176457536825193	9.37634264215888e-05	0.00208665304930553	0.864959851336848	0.0409591740193768	0.0197269237412863	9.37634264215886e-05	0.024738731173301	0.0296953861445193
0.000130746490500691	0.010340024783623	0.00968046133383902	0.837687244867622	0.0639678467287546	0.000130746490501645	0.0412664962750163	0.00879939045436426	0.0279970425757783
0.0145427203364905	0.0238070607659201	0.000132428685683057	0.847882182129005	0.0520826883992289	0.010024768158798	0.0122942587709225	0.022538403702754	0.0166954890511983
0.0131957176984239	0.0205883562892785	9.11579053832192e-05	0.847584546164385	0.0457996405561303	0.0305286070859099	0.0258775534976198	0.0133663956747876	0.0029680251280822
0.0187065718084067	9.25105074434427e-05	9.2510507443236e-05	0.828426196213872	0.0623419409670414	0.0317830451640333	0.0252312749147626	9.25105074434431e-05	0.0332334394095541
8.98203031869462e-05	0.0299752860227077	8.98203031867754e-05	0.831959647579981	0.0637232753877572	0.0300182975827619	0.0133371511731402	8.98203031869473e-05	0.0307168813440912
0.0082765690562568	0.000128324349578668	0.0272200555620611	0.772335451930628	0.11572347326436	0.0199507817257478	0.0165355757618433	0.026062852321588	0.0137669160279366
0.0125546949800524	0.0165645699480359	8.9454426818611e-05	0.846125842710263	0.0678787372322176	0.00389284634624641	0.0249523935920121	0.00709839625261111	0.020843064511743
9.21489867459264e-05	0.0276616988583618	9.21489867435138e-05	0.845033036392901	0.0668257755836779	0.0120415411424608	9.21489867459267e-05	0.0201504311638567	0.0280110698985068
0.0134824972439188	0.0295048725364376	0.00432874915152793	0.826524373567544	0.0357550483626889	0.0279545664118873	0.0298612919664377	0.0113770741596489	0.021211526599909
0.00832246899087295	0.00661768210509361	9.038625002406e-05	0.862642181951403	0.0471251985658139	0.0320977378561884	0.022507770940609	0.0126526867489078	0.00794388659108735
9.33008687847193e-05	9.33008687847193e-05	9.33008687836979e-05	0.849157138101297	0.0523436196206458	0.0456497450776353	0.0237781944295524	0.0105012237945642	0.0182901763699523
0.0332279462828964	0.0364242325713465	9.0323681246237e-05	0.853220256356571	0.0425591067118398	0.00156120401703084	0.0161810406544595	0.0039598640252698	0.0127760256993404
0.0357157815971736	0.00807218011831837	9.08630139804665e-05	0.852396052558258	0.0356715958118827	0.0153606808202005	0.016931801841191	0.0254961545390164	0.0102648896999787
0.00998139572578543	0.0186912044893122	0.010541355193398	0.796356029892411	0.0844613901486925	0.0263940945159045	9.19922578784005e-05	0.018261280007158	0.0352212577694603
0.018185482205048	9.23767856661265e-05	0.00285273646690506	0.83035319535033	0.0447736004928452	0.0481683633689796	9.23767856661258e-05	0.0217734941769059	0.0337083743676538
8.91480820837662e-05	0.0471532072540788	8.91480820835417e-05	0.805730287076844	0.0618919971200668	0.0371742245339454	0.0318761455970607	8.91480820843079e-05	0.0159066941717528
0.0423535283401893	0.00788682224735823	0.0791618827462999	0.648958486280269	0.0703857396095485	0.0124519964280466	0.0361755776286477	0.076311803481703	0.0263141632379376
0.0242177915025567	0.0117736789611303	0.000128952973204585	0.835590979527687	0.0469940650380923	0.0344756048495533	0.03088391888733	0.00422023257125155	0.0117147756891948
0.0229431958887862	9.08927727522646e-05	9.08927727521144e-05	0.791550106675952	0.0947651091648603	0.0319310993498749	9.08927727522653e-05	0.0316736361557383	0.0268641744465321
8.99289609371265e-05	0.0113763691009726	8.99289609340394e-05	0.877000051652004	0.0363677203894111	0.0382295391588109	0.00765574332637144	0.0169608121984333	0.012229906252126
0.0111349140095391	0.0846848463509941	8.843598622434e-05	0.806434585684664	0.0594988318939954	0.00895391813719335	0.0132860501748521	8.84359862273243e-05	0.0158299817763104
0.017359455751243	0.029123291554123	0.000129655015733009	0.826776146339305	0.0532844352069588	0.00360235680535699	0.0199558098337914	0.0212713145856982	0.0284975349077907
0.00806136805078658	0.0202705148944142	9.1173730264585e-05	0.809371505171264	0.0949287331543417	0.0194235185586193	0.00893336440293677	0.0131784040297397	0.0257414180076328
0.00922135732390192	9.40469770281741e-05	9.40469770271499e-05	0.82245833556903	0.0677921713191981	0.0416694015742369	0.0313508728763758	9.40469770287227e-05	0.0272257204061729
0.0110438979668981	0.00879098433515291	0.0163034902300315	0.790128592702706	0.120136063383996	0.0293266832203358	0.000133586678309544	0.00231519942232759	0.021821502060243
0.0199740980328835	9.32989805207666e-05	0.00744694051689008	0.815887881643165	0.0525072889506149	0.0268801907095735	0.0511733310333254	0.00247007261644159	0.0235668975165856
0.000600015473416032	0.01142821207361	0.000134270001310807	0.862830154956109	0.0522667761403988	0.0248515887524208	0.0113287175040604	0.00359976798530957	0.0329604971133643
0.0205741180641739	0.0193846829646484	0.000321178046933728	0.798384760906801	0.0661204543166558	0.030589265988431	0.0276000860479723	0.00752315015056029	0.0295023035138231
0.00900526981785779	0.0215690566169669	9.02957460422032e-05	0.846498904634142	0.0617310061450907	0.0229587365155897	0.00782728432113605	0.0175389158877457	0.0127805303154291
0.0366717833519111	0.000133371608950757	0.00192726462384332	0.801319955380264	0.065577453485691	0.0418554119134817	0.0149626974637167	0.0246723776293145	0.0128796845428269
0.0110559097473088	8.82297843798149e-05	8.82297843796777e-05	0.811798384775086	0.100737760501415	0.0405741345659076	0.00847975999124847	0.00665528376526046	0.0205223070850142
0.0151051468502791	0.0227745742065757	0.0015790883115492	0.866186104634394	0.0664183625264014	0.0204307302254359	0.00378431375713729	0.0035924023612694	0.000129277126958537
0.0139885198878928	0.000132181734000489	0.000132181734000241	0.789371394976472	0.0964834711346231	0.0380587238656765	0.0240047210076497	0.0267512802611038	0.0110775253985813
0.00769853059676086	0.0558371699696428	8.76134319172608e-05	0.832172976393563	0.0587139813105195	0.016248641268535	0.0241041065590093	8.76134319189333e-05	0.00504936703813324
0.00479204279799821	0.04059086777312	8.88875161080905e-05	0.855044951046914	0.0387128866477837	0.0248708235279755	0.0147746407742121	8.88875161103685e-05	0.0210360123997778
9.05229065343793e-05	0.0164726110670179	9.05229065311975e-05	0.823309021361015	0.0842493998710772	0.0362516827733459	0.0104530665709378	9.0522906534381e-05	0.0289926496370058
0.0400635450381778	0.00138820494401809	0.040063081683157	0.693652676865197	0.0303563591644081	8.43557761523291e-05	0.0542347436397122	0.0881980958516831	0.0519589370374947
0.0138537868478528	0.0356858286819503	0.000126586564305816	0.81039631480663	0.0717026642064448	0.0210565803127801	0.0124610865282674	0.000595022800057061	0.0341221292517123
0.000956095655827339	9.12459421096312e-05	0.000798960273306869	0.815707274741031	0.0506365616256749	0.0460130832277976	0.0401471323291532	0.0105334814895167	0.0351161647155827
0.00441653768066463	0.00376799350292169	0.00013392769424117	0.856008118523073	0.0441512326623004	0.0485132118041626	0.00013392769424586	0.00013392769424671	0.0427411227441443
0.0146477328021073	0.0109141037829162	9.07907954715878e-05	0.805621750485514	0.0831571611621468	0.0226001127528181	0.0178367585274373	0.00796223330308902	0.0371693563884999
0.0390078922090362	0.000134210970464812	0.000134210970471069	0.850803368028503	0.0437335677991115	0.0218912085033241	0.00133160984860427	0.0275181748037654	0.01544575686672
0.0135966575204877	0.0575592936646179	8.92418728047142e-05	0.797969535270697	0.0554899597394226	0.0273602783459613	0.0223368772519912	8.92418728100077e-05	0.0255089144612078
0.0132266661048942	0.0284904711196772	9.28374493652174e-05	0.878108679459254	0.0471946562127819	0.00476417792741248	0.0114010551860782	0.0166286190911622	9.28374493747594e-05
0.011536945064774	0.00797933369917918	9.35384360984678e-05	0.857525720021819	0.0453280119124211	0.0330956290981926	0.0117523197588678	9.3538436098653e-05	0.0325949635725494
0.0071286170119603	0.000132778011215412	0.00892891975482801	0.885247240288941	0.0310471415154966	0.0266327458172903	0.0159612463210621	0.0131067281396219	0.0118145831395845
0.0210745931827562	9.09384636258222e-05	9.09384636227413e-05	0.878034750755776	0.0362200941343435	0.0169678733740426	0.0172380530354325	0.0178475213871695	0.0124352372032317
0.0277576909208106	0.0188469314832246	0.000359636873908689	0.869440853828767	0.0394398941421573	0.0163242715321422	0.000133811386785625	0.0109785952212427	0.0167183146109614
0.00295225181518803	0.000129724559923054	0.0110885618689226	0.819755981526539	0.0545586269229567	0.0545506726696448	0.0090827074921325	0.0169485470473123	0.0309329260973807
0.0130763272991424	0.008644724287035	0.0011940377546053	0.851508368152388	0.0387038996791113	0.0386194831157982	0.00742764590023231	0.0140591677492349	0.0267663460624527
0.0105248640786419	0.0172357465163052	0.000424719098116738	0.840549564079569	0.0409746244718786	0.0394509756651681	0.0239154675665334	0.00613971584733398	0.0207843226764528
0.00830932769487696	0.000128760622449331	0.0170148647407417	0.764333122875925	0.0589848900892424	0.00680141606015592	0.0312800890359533	0.063805437972802	0.0493420909078532
0.0424885749391502	0.0298361323456103	0.000130099019643406	0.793152802789458	0.0940931105310602	0.0101447421861148	0.0188606746529874	0.000130099019647917	0.0111637645163275
0.0118130428956542	0.0491015108078177	8.86245371381375e-05	0.839299423831147	0.0638666954895921	8.86245371358147e-05	0.0254004979981873	8.86245371401941e-05	0.0102529553661875
0.0145584281313305	0.000134986910155673	0.0158709018974148	0.843558048823868	0.062073141652092	0.00251904855116335	0.00907341931157341	0.0235772427146216	0.0286347820077807
0.000133338114273099	0.000133338114272203	0.00680208174214782	0.823249167628873	0.0879408466219121	0.019013631973327	0.00842060313633903	0.0236297380807573	0.0306772545880988
0.0016155129511435	0.0301545145239142	0.00151681653567543	0.863077766934894	0.0382040187199495	0.0152313822120953	0.00568520871411828	0.00333360812333482	0.0411811712848751
0.020548638271646	0.0126338135345377	0.00287505960734629	0.836451258458671	0.0793153728078888	0.0056793315191889	0.0256869822656591	0.0094012620440362	0.00740828149102622
0.0181136692214952	9.03745484655177e-05	0.00466238783073079	0.819771467786744	0.0756276857663636	0.0311639818299036	0.0144816077255818	0.00756356351725602	0.0285252617734596
0.0293209806970795	8.97729585990299e-05	0.00135509524302153	0.837554057465056	0.0436655353077485	0.048955946255232	0.0147347659656315	8.97729585990299e-05	0.0242340731490333
0.00610376133193459	0.0125501157673798	9.09076456121662e-05	0.84732753727407	0.0520328815259483	0.0304004460463239	0.0238951730909946	0.0186644741570422	0.00893470316069477
0.0124207133119194	0.0600117775801757	8.91443211497845e-05	0.815532516076415	0.0520326974609071	8.91443211470566e-05	0.0232539934379776	0.0166788958231167	0.0198911176671912
0.00985350200406401	0.000131981512226152	0.000131981512223107	0.828777790842831	0.0732980269213213	0.056362457400199	0.0126775859211262	0.0130240796671774	0.00574259421883174
0.0173878003874706	0.0222474190715182	0.000130931096468795	0.885827672682434	0.028426701352183	0.0159847993169052	0.0197363769913555	0.00137357532680623	0.00888472377485886
0.00485584716707286	0.0104745310196434	9.17973672032043e-05	0.846946330258618	0.0636062444867622	0.0222710548331933	0.00073484132445257	0.0170187966832821	0.0340005568597726
0.0315896107758785	0.0671251423624592	0.00174968049229746	0.838911037071267	0.0316584249548555	0.0118772853828382	0.00836943862516188	0.00419434694840212	0.00452503338683961
0.00265704375017843	0.0200979541217265	9.10797257083863e-05	0.83901796498594	0.0628650672730522	0.0104233665093347	0.0111324411743078	0.00253001091186019	0.0511850715478916
9.10108819499549e-05	0.0173886014953826	0.0113919332792935	0.859803265692697	0.0541150476534833	0.0368086920557093	9.10108819499555e-05	9.10108819505229e-05	0.0202194271775839
0.0378960446851217	0.0511345005040044	8.54877392270808e-05	0.808872921541635	0.0574262059109011	0.0116775120098261	0.00280871468644413	0.0300131251836138	8.54877392265392e-05
0.0647068270513933	8.63796466734245e-05	0.0819368485276908	0.671113556219886	0.0754877965036859	0.00289014148836534	0.0404674573252756	0.0632246135903562	8.63796466734245e-05
0.0124772971725561	0.00710928255229477	0.000549832023632975	0.829857648697428	0.0403584501422545	0.0456483420815191	0.0225190441280435	0.0227465176406556	0.0187335855616156
0.0191292980580169	0.00605639056885522	0.0121941340928327	0.758835473525064	0.120603735326853	0.0412076573155307	0.000130744567443091	0.0209773747197213	0.0208651918256835
0.0278989123077079	0.0316227343586833	0.000129713792335942	0.863404292610002	0.0285045787280311	0.0284773637369723	0.0197029768815669	0.000129713792354406	0.000129713792346324
0.010454664655761	0.0426107484755668	0.000130607663686667	0.831408943051702	0.0538694163846375	0.0208698134770237	0.0117669657162822	0.000130607663680574	0.0287582329116592
