Bcells	CentralVeinEndothelialcells	Cholangiocytes	Hepatocytes	Kupffercells	LSECs	Mesothelialcells	PortalVeinEndothelialcells	Tcells
0.00523335044197271	0.000133794237200199	0.00973322795225887	0.942736178161996	0.0251458001536763	0.000139414892978184	0.00330065652339634	0.012303855279672	0.00127372235684903
0.000129206309452065	0.00799452027875244	0.00299779422210782	0.967691596345837	0.00948044841898282	0.00012920630956765	0.00770781276654831	0.00165072441707433	0.00221869093167794
0.00129172261819473	0.0105633876977152	0.00353620532379301	0.939343712087515	0.0273701570119288	0.00697535130774987	0.00899939865652948	0.000128085888210779	0.00179197940836329
0.000125882921718525	0.0115833524978974	0.000125872695319525	0.941689246944127	0.0200747442081179	0.00108424794036365	0.0133842944726194	0.00326573455312273	0.00866662376671344
9.06401344304247e-05	0.00182284649825121	9.06401343694971e-05	0.95902789689274	0.0180927352842297	0.010865693522569	0.00713475606529974	0.00278415133374526	9.06401343653754e-05
0.000133786807272866	0.00306847888379381	0.0744115426314102	0.861593453325633	0.026115557195722	0.000133786807144416	0.020357060128597	0.0140525474132424	0.000133786807184586
0.00543515386463205	0.00243613511484052	0.00850298803729785	0.93920566057016	0.022268998157465	0.00632450786327458	0.00985558373404034	0.0058405703982203	0.000130402260069528
0.00151604658219843	0.00852964558293196	0.0001276261858533	0.952888766128935	0.0225621490807133	0.00291427398094333	0.011206240086333	0.000127626186184824	0.000127626185906539
0.00273882033620362	0.00382081392942414	0.00302040510686091	0.960489410497784	0.01685943917915	0.0031508473610315	0.00835630071744758	0.000128762988087623	0.00143519988401024
0.00013080377172331	0.000347368388119036	0.00607573065699907	0.958258261529435	0.01341444005371	0.0123721828159984	0.00745997978882194	0.00131186933524254	0.000629363659950988
9.30118534983237e-05	9.30118534440221e-05	0.00250947047205022	0.957245333603144	0.0178544759850538	0.000933342492658166	0.00983089669099466	0.0113474451956692	9.30118534881309e-05
0.000546179188456959	0.00329016625460796	0.00125641446513172	0.964393748869539	0.0157840753304034	0.00788219766053971	0.00311578710416623	0.00204261540647567	0.00168881572067921
8.96410703424148e-05	0.0218805314769659	8.96410702892313e-05	0.953528245463833	0.0127384504754598	8.96410705730914e-05	0.011404567231755	8.9641070451062e-05	8.96410703301651e-05
9.28897487811707e-05	9.28912197156093e-05	0.00392028700747241	0.970232844804334	0.0102017278862026	0.00507583998587865	0.00440125438244374	0.00569714886581602	0.000285116099355597
0.00129615836938811	0.00880689402237418	0.00789469792788776	0.92843044271108	0.0285259358402845	0.000132920965339836	0.0132760126698052	0.00866712175184338	0.00296981574199662
0.00253538855622955	0.0115876919878612	0.000128227311112183	0.958551434646403	0.0178939371602412	0.00403224704857538	0.00453820007243141	0.000128227311168855	0.000604645905976791
0.00038427853603748	0.000804520790853839	0.000128241773549134	0.961330944271217	0.0184696218221478	0.00839497563976883	0.00935661203688813	0.000128241773768801	0.00100256335576908
0.000127741319810959	0.0131884894770939	0.000814638893423984	0.958249516439175	0.0127917903815475	0.0022924357149728	0.011849554591213	0.000306151581673609	0.000379681601089753
0.000131567538281723	0.00518894542169423	0.0033005864107688	0.960654907860986	0.0210850843631492	0.000131557294886531	0.00508016801980229	0.00429562579545695	0.000131557294974027
0.000133216073221617	0.00149039103081629	0.000757729312419292	0.951029147162104	0.0290370778375343	0.00833459487337559	0.00257566967311261	0.00530254669147888	0.00133962734593731
0.00262994556251173	0.00433920850778133	0.00294797280910268	0.958950227988897	0.0249198127896985	0.000326315125940968	0.00376905057165992	0.000131069998152819	0.00198639664625525
0.0046268260938707	8.9942433516196e-05	9.78771957892468e-05	0.951056876119426	0.0161028979056815	0.0113617444657969	8.9942433522794e-05	0.0103535894306351	0.00622030392176184
0.00855627415414738	9.25191169209099e-05	0.0237633854906372	0.943438650710497	0.00733589883242623	9.25191169560496e-05	0.00210558680972237	0.0143517148930656	0.000263450875627639
0.00563251311403281	0.00811939724113161	0.00107640545409659	0.945035759768687	0.0200447520377901	0.00633073242597915	0.0115090563981572	0.00212417005623099	0.000127213503894772
0.000522977422101476	0.000950735741100871	0.00696447036026101	0.952533183865907	0.015891153459254	0.00835943074749881	0.00908760246954887	0.00469347609225003	0.00099696984207801
0.00042241859887357	0.000192727911996944	0.00832733915085344	0.951959471434974	0.0189185437111145	0.000134214552742858	0.00447316136203527	0.0148170131817603	0.000755110095649632
0.000844773055528317	0.0117242543548977	8.91457928980675e-05	0.965831598417195	0.0111520398273296	0.00485910644531685	0.0053207905209974	8.91457929682431e-05	8.91457928688606e-05
0.000648206123157972	0.00682695809267422	0.000127008469640072	0.974857621401637	0.0110118015357642	0.00236631695292733	0.00367372794577432	0.000127008469529538	0.000361351008895493
9.12731884502349e-05	0.00715618477044234	0.00161707664883439	0.962755888686976	0.0194476906777898	0.00588560087636201	0.00286373877422979	9.1273188489532e-05	9.12731884254067e-05
0.000628908883723089	0.00394544517174556	0.00144286654966098	0.970530373546832	0.012612849832732	0.000128721706641069	0.00698985869287987	0.00359225390907273	0.000128721706712498
9.11287507147024e-05	0.000378838122207901	0.00616703198825147	0.962850549201186	0.0146819363886112	0.0140241462709537	9.11287506504512e-05	9.11287504710766e-05	0.00162411177695335
0.000641694202580556	0.00125185091118299	0.000127331732958075	0.950389091927445	0.013978377031851	0.00788503383299414	0.0102704591974015	0.00317873082290535	0.0122774303406811
0.00109800330276969	0.000128973686315256	0.00158742231903486	0.965759515565056	0.0125987181618923	0.012547790346651	0.00494656101594526	0.000822013058345662	0.000511002543989932
0.00360315916526662	0.000131964225965878	0.0149344635601053	0.942832118407708	0.00833062270409564	0.00313756335368254	0.0144590548410643	0.0112444802823534	0.00132657345975811
0.00370325825118177	0.00435317663200329	0.000129167207391662	0.933840020430559	0.0265403697270415	0.0103934228241924	0.00569043314578246	0.000738823003954085	0.0146113287778939
0.00013403998666697	0.00352828017860701	0.00530488568033635	0.952307450698595	0.0226083304277545	0.0100287894877435	0.00245951743490193	0.00099331612528473	0.00263538998011026
0.00112308916989845	0.000128360219743346	0.00465490291117984	0.964725630819671	0.0150917909812797	0.00417742148632069	0.0035285347121718	0.00644190911268553	0.000128360587049787
0.0032124931188256	0.00198438730699308	8.9565917083301e-05	0.974216039715855	0.0122313838895441	0.00471735972876245	0.00310190839338608	0.000357296012424261	8.95659171266014e-05
0.00206376895388275	0.000276020669683925	0.000127209606773108	0.962807640127905	0.0147612635917801	0.0123646633835775	0.00440271481982547	0.00306950923980379	0.000127209606768422
0.00555452513640633	0.00090245953750783	0.000128495762296121	0.954624971315053	0.0169926013775437	0.0077316729422131	0.0114157399758959	0.000358034935983187	0.00229149901710067
0.00280762489444409	8.75682146872493e-05	8.75682146987582e-05	0.960591277732945	0.0250883711975228	0.00472985437409875	0.00643259894232544	8.75682145831586e-05	8.75682146953924e-05
0.00107606588567605	0.000129926891457376	0.00385548981884242	0.958147559687814	0.0165383319188037	0.00677636625700896	0.0083985689775796	0.00169013229151676	0.00338755827130106
0.0010026278403784	0.000133521964176116	0.0143415201355839	0.9493826721014	0.0187304024616845	0.00597477214608938	0.00395966530309006	0.00634129608335146	0.000133521964246641
9.06229083792812e-05	0.00391389642023665	9.06229084089809e-05	0.968989457433635	0.0199284893036806	9.06229083880653e-05	0.00258549525102742	0.00144619203801431	0.00286460082822949
0.00458695754481452	0.00619090115902579	0.00344619426085933	0.958265017378349	0.0119191838441144	0.00313572823787201	0.00868135550063225	0.0023596983809226	0.00141496369341036
0.00149573592022465	0.00850537501643296	8.87145229562397e-05	0.944637807683782	0.019671299660181	0.0105974344898719	0.0113979487229379	0.00351696946056295	8.87145230501223e-05
0.000131201308887034	0.0029853890682853	0.0117541683716338	0.943907336428877	0.0111719856345496	0.00437263335868255	0.00789205385305538	0.0168963190185558	0.000888912957473141
0.000755159532099218	8.93977727069858e-05	0.00350829765144072	0.967676675673292	0.00853796985187416	0.00886117104946942	0.0080409662762722	0.0024409631229899	8.9399069855755e-05
0.00107623001054419	0.0114219011261294	9.03318414030187e-05	0.957051962142102	0.0174004917916777	9.0331841408174e-05	0.00994341698235887	0.0019722026711104	0.000953131593266566
0.000126484361770294	0.00607215320603159	0.000126484361884021	0.96217578198048	0.01156673178079	0.00821095682546648	0.00907689391091291	0.00103582708414435	0.00160868648852079
0.000431482167349068	0.0106917073590418	0.0017369436696164	0.958394034750058	0.0192457362976318	0.000127406803852039	0.00762040127720094	0.000127406803753408	0.00162488087149617
0.00105672730188997	0.00361280534782139	0.000127618743363265	0.97073914268738	0.0109902413829698	0.00917503059017708	0.00404319645972008	0.000127618743379973	0.000127618743297986
0.000452877602815689	0.0126889571322544	0.00012824091891418	0.948584110186516	0.023064006298916	0.00567479279679907	0.00891082246000395	0.000128240919123769	0.000367951684656641
0.000883516607571264	0.0136996322652555	0.00152589943928982	0.962445394096455	0.00830520921072449	0.000127039432384314	0.0100995523498753	0.00173025353208979	0.00118350306635476
9.1690016402606e-05	0.00160050424595665	0.00595352588604037	0.957262100434207	0.0168539418136643	0.00843784156183796	0.00332537185809463	9.16900164764927e-05	0.00638333416732035
0.0016463161017734	0.00196989476633803	0.00781057663690047	0.955006854217857	0.023386123002559	0.00699939603758504	0.00291981231504439	0.000130513460866212	0.00013051346107651
8.94919417471296e-05	0.0108032517989467	8.94919417655748e-05	0.961000892237857	0.0125756799310708	8.94919417700618e-05	0.0151727163231639	8.94919419150914e-05	8.94919417635603e-05
0.00013355280411726	0.00089083921916279	0.0001335528041565	0.959166176538877	0.0188935774112572	0.00292435551127916	0.00572152952145826	0.0102779365950983	0.00185847959459351
0.00072348240692954	0.00363001385585324	0.000132513162188751	0.955257004395049	0.0308073696008094	0.00355024075689623	0.00494123268437036	0.000825629975722214	0.000132513162181331
8.9312035874644e-05	0.00825302819486199	0.00986252090704792	0.955610220335198	0.02032431356216	8.93120358510692e-05	0.00559266885743922	8.93120357341143e-05	8.93120358331529e-05
9.25079198580954e-05	0.0105675037964537	0.0205586987320899	0.943078573351646	0.0169116151646625	9.25079198353161e-05	9.25079198490714e-05	9.25079198549445e-05	0.0085135772757501
0.00246136313836687	0.00270101014518799	0.000128008325470166	0.96394391462145	0.0154620194333	0.00946852352158756	0.00304029621639418	0.000128008325520287	0.00266685627272336
0.00433601187531721	0.000129159426424603	0.00213443359905919	0.966699633024453	0.00919541793331488	0.00768461398741394	0.0084671274810067	0.000129159426447101	0.00122444324656287
0.00493600652786579	0.00219524371641577	0.00012706925446897	0.956740714461346	0.016454649372801	0.00924285307129404	0.00505912967161285	0.00255620791064615	0.00268812601354979
0.00398530677800037	0.0171012706220714	0.00408270551704644	0.948012825001685	0.0136510214862501	0.000129519356399733	0.0119252962523304	0.000982535629496642	0.00012951935671969
0.00100273028752925	0.0199909536661267	8.84662559199232e-05	0.956111513677439	0.0120039007353987	8.84662560976087e-05	0.00892798406501208	8.84662559384702e-05	0.00169751880053824
0.00123104830027492	0.000799281242353785	9.06316093728103e-05	0.986632346059428	0.00771286301274403	9.06316094903737e-05	0.000399662015452471	9.06316092571316e-05	0.00295290454162618
0.0023199953220933	0.00414266098661072	0.00485787435962224	0.965716560318842	0.016714281264677	0.000814347779831585	0.00273334720134559	0.00257262130423503	0.000128311462742374
0.00183187966658305	8.94923798233776e-05	0.00707612412866763	0.963277878488138	0.0118329127440755	0.010023900817533	0.00488791128703135	8.94918280290131e-05	0.000890408660119258
0.000649737395295005	0.00162858587252823	9.33357978200994e-05	0.968488032902375	0.0191234109296388	0.00439328490978736	0.00475707005997394	9.33357978008574e-05	0.000773206334780969
0.000137477578808532	0.00625558884747863	0.00103973543212709	0.968295663975649	0.0105818862613195	0.00634053645605059	0.00709495956593986	0.000127075941363993	0.000127075941262914
0.0051713195363241	0.00754445275389521	0.00169524003062964	0.967297004418875	0.00912790027799055	0.00452899078022148	0.00320917466811158	0.00129773324032787	0.000128184293624306
0.00514727525402555	0.0019787971379842	0.00106474735932762	0.948428435835983	0.0260266265958477	0.00560469597366358	0.00836558427185466	0.000129536984778398	0.00325430058653578
0.000127186766926129	0.000237130509500386	0.000522935072698087	0.966981383867723	0.0175309327991978	0.00862159592511296	0.00332168124817144	0.00252996704374034	0.00012718676693
9.04854054110934e-05	0.00664642162441346	0.00210309226524993	0.95986895538714	0.0232851575830615	9.04867450274329e-05	0.00621513523571219	0.0016097790089431	9.0486745040723e-05
0.00131901279756899	0.00292755053880322	0.00347770439719515	0.967281320329522	0.013612022596886	0.0104433669329348	0.000756501185737885	9.12606107643438e-05	9.12606105879699e-05
0.000128732220327582	0.00188331000710328	0.0027064656584094	0.950611759616221	0.0312064891639375	0.00504825241276928	0.00648811670782446	0.000128732220416282	0.00179814199299153
0.00182928489263512	0.00118670217948055	0.00772077482675119	0.957664546106578	0.0214729368251645	0.00508609555939147	0.00414556230428865	0.000130302883752139	0.000763794421958313
0.00745909342775046	0.00918822196152421	0.00442823119913895	0.954226892719105	0.0160017207376916	0.00393084067544269	0.00450292128826801	0.000131038995638486	0.000131038995440598
0.000498797755618264	0.00917691690786302	0.00331192443705447	0.951726935589668	0.00967334985710427	0.0108822709705843	0.0145516941449513	8.90551685410838e-05	8.90551686152476e-05
0.00496560913347269	0.00773091027610996	8.99421468720004e-05	0.963898134277255	0.00778046766422409	8.99421470450114e-05	0.00909360230649121	8.99421468262205e-05	0.00626144990170367
0.00402410308578365	0.000127409543249551	0.000127409543286051	0.955890390520001	0.0203567444115135	0.000127409542952193	0.00727400645749601	0.00862189909788023	0.00345062779783782
0.00456318730023212	0.00012861071490632	0.0118502966102774	0.934570331381505	0.0243224724767187	0.00341875074162119	0.00542235141368146	0.0140335547226447	0.00169044463841278
0.000132575674470234	0.00294476176147724	0.0029036704996472	0.9492610703437	0.0226898118112298	0.00336661217459325	0.00952741786525277	0.00841135956187256	0.000762720307756762
0.00123669814835883	0.000134020898592877	0.0039824817446066	0.959397735931323	0.0236246824201585	0.00198344993709674	0.00469590989966288	0.00466523288050792	0.000279788139692892
0.00013261064452972	0.000132610644470917	0.00326201122561707	0.957503339019269	0.0241300930983657	0.00262902049455612	0.00634147695510133	0.00573622727354501	0.000132610644544628
0.0049959432467633	8.86299062578882e-05	8.86299063034856e-05	0.955478828378569	0.014886811372853	0.0166949366681978	0.00491763097935106	0.00275995963540588	8.8629906298868e-05
0.000126008526232685	0.00702686725350782	0.000126008526214369	0.959965569168449	0.0146592090526742	0.000657164031531305	0.00891261362306972	0.00535561403843604	0.00317094577988513
0.0018659004145713	0.00225663741374806	0.00477938115712839	0.948698591984933	0.0187743656686761	0.000132327536036587	0.0111391656633035	0.00880832880460979	0.00354530135699338
0.000485340895974572	0.00536135504924994	0.00598176314635514	0.964744843336966	0.0155822088318905	0.00335848173430642	0.00261672092223744	0.00173684065334613	0.000132445429673659
0.00997740833905081	0.0018501665674713	0.0756702052818046	0.848808299011761	0.00825027518621783	0.00012902305846484	0.0361425154768028	0.0190430840201173	0.000129023058309075
0.00189428196840586	0.0122847686640781	0.000128224093655492	0.95797435512478	0.0125348660227087	0.00318181972246471	0.0088732003249562	0.00218472764325092	0.000943756435700019
9.24731601435682e-05	0.00274345823440054	9.24739508138991e-05	0.971402153408249	0.0136347107822138	9.24739510671666e-05	0.00199502347126119	0.00884703708269057	0.0011001959591605
0.00117696120754378	0.000129505456791004	0.000129505456600757	0.946835170799657	0.020871084719622	0.0156953417848344	0.00899948995646028	0.00269743011148671	0.00346551050700397
9.05920096120383e-05	0.0231990262448247	9.05920095440307e-05	0.957937067319646	0.00707721292554358	9.05920096461159e-05	0.0113337334621686	9.05920095156162e-05	9.05920094989915e-05
9.23253670433921e-05	9.23253669477535e-05	0.00340873218392418	0.971979740677141	0.012389954634829	0.00210281044391187	0.00575053447047392	0.00340783089237281	0.000775745963355885
0.00135095868015152	0.00937584233327679	0.000972447583978583	0.960085408611563	0.012368892520768	0.00576353163600786	0.00836031936450403	8.87612450341105e-05	0.00163383802471634
0.00344518843434601	9.0015119533434e-05	9.00151195406594e-05	0.954776288657948	0.0163359107611186	0.0147120710074524	0.00723468150862143	9.00151195336751e-05	0.00322581427190626
9.21950274909788e-05	0.00247093245003699	9.21950275203457e-05	0.95050431469205	0.0393541512696062	0.00164470323592706	0.00565711824235111	9.21950274598663e-05	9.21950275574413e-05
8.93059585065214e-05	0.000638275181682884	8.93059586840765e-05	0.978197564203241	0.0118917981162335	8.93059589322598e-05	0.00190305892346637	0.00701207974057253	8.9305958680477e-05
0.00231245571747584	0.00635231704185137	0.00346363334331076	0.953625048543965	0.0181544559707836	0.000777226069165945	0.00522957876832767	0.00171607491760462	0.00836920962751483
0.000126597341982481	0.00304099233861196	0.000126597341992592	0.968220579888404	0.0110651359317342	0.0104953246552308	0.00565799821730566	0.00114017694260343	0.000126597342134721
0.00121212307786552	0.00623357372584283	0.000566505216352921	0.967688188689654	0.00909180448157986	0.00153441112777088	0.00479417889748358	0.00442599900771267	0.00445321577573818
9.11695234547616e-05	0.000978061699223164	9.11698930180887e-05	0.970884629897619	0.0134748601914663	0.00795698670000131	0.00498956338513779	9.11698931075914e-05	0.00144238881697162
0.00135852463340997	0.000132011687140429	0.0034156006546829	0.937136001915124	0.0415291166249398	0.00530586713644117	0.00651207067559195	0.00447879873435635	0.000132007938312839
0.00433445361328446	0.00128037619318264	0.000757984033254686	0.963112144551993	0.0156959979228734	0.010222206933275	0.00399071141172032	0.000480208170500739	0.000125917169916244
0.00398268859260134	0.000132624374296304	0.00878722397687594	0.949325053749356	0.0216186365970433	0.00336887341951581	0.00398280306762227	0.00865289413236064	0.00014920209032842
0.00126672695784246	0.000868972176208259	0.00101548985592256	0.96628386583761	0.0109154881566309	0.0115755115908321	0.00539756186504253	0.00106276222291383	0.00161362133699699
0.00806033133204627	0.00116623336630676	0.000130608980831462	0.953233087876697	0.01985233356659	0.00507399477073288	0.00704998369287744	0.00344695730254539	0.00198646911137242
9.0045806840382e-05	0.0141808411097153	9.00458068574461e-05	0.957230607208332	0.0116673678403368	0.0108526539970602	0.00559118921433964	9.00458068038524e-05	0.00020720320971471
0.0021530959746846	0.0167334208212947	0.000128223998414223	0.961010118654277	0.0122996764139868	0.0045764325275035	0.00154779007406423	0.000128223998480525	0.00142301753729466
0.000129081802983416	0.00261385985846108	0.00228636119059028	0.97094323092043	0.0151832389742584	0.0035420137655837	0.00474583290668849	0.000427298778263612	0.000129081802740548
0.00118404581528287	0.00353452637177732	0.000130217476489257	0.969287812169257	0.0152755977920802	0.00184870146620339	0.00662904532998351	0.00171612568176702	0.000393927897159427
0.00137689176840574	0.00294072986393299	0.000400958320268217	0.969585890547355	0.0135066814813636	0.0028607182240318	0.00239184755109944	0.000128477842720617	0.0068078044008222
0.000129609835989282	0.00544664993654908	0.0044698413990087	0.966622532807203	0.0105926344561754	0.00394233235328528	0.0029559810553604	0.00062282258918425	0.00521759556724482
0.00143024884024737	0.000130748992563148	0.00532488591807999	0.968174321105225	0.0160592003551602	0.000563981397981251	0.00203367633684604	0.00534185563131326	0.000941081422584105
0.000130791779724645	0.0157848522971468	0.00674445291783746	0.951955998639605	0.00914170243421687	0.00701683385322764	0.00822200840610028	0.000130791779545083	0.000872567892596071
9.01748982398988e-05	9.01748982060901e-05	9.01748982506385e-05	0.946881443675736	0.0265472342551726	0.0113674484239699	0.0127813650646076	0.000289712287616386	0.00186227159820047
0.000128402234222275	0.00521407225571977	0.00422210781998244	0.973893206295156	0.0109478863046975	0.00160876915333996	0.00192968351786872	0.00012840223430923	0.00192747018470461
0.00129590570580274	0.00352278019497387	0.00418091530740447	0.964662684757458	0.0121228515574892	0.00384236643593484	0.00225506072421292	0.00798510196984191	0.000132333346882197
0.000128937129065704	0.0127269859347412	0.000277783029043381	0.953984914330655	0.0221952568006319	0.000128937129009884	0.00729464841830077	0.00129794994109374	0.00196458728745842
0.00424376724522779	8.91878082225498e-05	8.91878081039422e-05	0.9624141620353	0.0118891988952753	0.00931654571755044	0.00997395702675701	0.000169075537175141	0.0018149179263882
0.00013276585915019	0.00219898376191777	0.0128865209246602	0.961840420953466	0.015546564868717	0.00384780854064935	0.00138610456369852	0.000132764970389086	0.00202806555735252
0.000131541446550235	0.00301006776557344	0.00248509190914345	0.957206985132474	0.0222957547218518	0.000131541446469396	0.00544726453982763	0.00557037607051245	0.0037213769675978
0.000669712128552525	9.00629816260198e-05	9.00665162149878e-05	0.966982577974526	0.00951535384162245	0.0193174018663356	9.00665162390178e-05	9.00665161568615e-05	0.00315469165872637
0.00108555156956855	0.00679434567328487	0.000127857929680641	0.965973554488888	0.0110540962250612	0.0102304131307718	0.00447846512317519	0.000127857929577005	0.000127857929993043
0.00166886986614325	0.00283954817498376	0.000128937849241697	0.964589998917732	0.0146079466637683	0.00435806669470977	0.00771886049072388	0.00321975846102328	0.000868012881673685
9.07936801061951e-05	9.07936801456254e-05	9.07936801057623e-05	0.968674356980539	0.0156347849540343	0.0087603121159522	0.00382022388982664	9.07936800809088e-05	0.00274714733920892
0.00287784874664932	0.0141674462970099	0.00021651948004784	0.950617698935665	0.0171525214515779	0.000260485643944998	0.00917989666132438	0.00301687359774774	0.00251070918603258
0.000306195544962176	0.00734456071505753	0.00165482468254547	0.9574754191162	0.0152448150720092	0.00816504172984076	0.00633758844960419	0.00334433629169344	0.000127218398087072
0.00436293751619178	0.00635063809784992	0.000654005471473136	0.958033573313261	0.0118593850379961	0.00650234795862361	0.00805728956685076	0.00404816978383689	0.000131653253916905
0.000708952656011585	0.00013233140354745	0.000562682630866609	0.942711457333734	0.037234924607083	0.000549956118599735	0.00374875867018866	0.012459396545602	0.00189154003436663
0.000125946138328032	0.00772616826751269	0.000125946138213376	0.962677640191388	0.00697099816226326	0.00786435161218495	0.00971880394800056	0.00301305000804876	0.00177709553406081
0.000539006194114216	0.000131153413478507	0.00294476784868161	0.961846971416739	0.0178631306580738	0.0090007088724516	0.00420067142704602	0.00252219835238793	0.000951391817027547
9.0198304007718e-05	0.0131283599923799	9.01983039634129e-05	0.963255446665746	0.0135414462579808	9.0198303751321e-05	0.00735535419650777	0.000163549277116433	0.00228524869854673
0.000127360789931639	0.000127360789504843	0.00131878470989856	0.972867219694817	0.0118274073772665	0.00650438966708802	0.00236968567929631	0.00412825630143449	0.000729534990763124
0.0089574992857146	0.00419572104695622	0.000130908427436697	0.956571694713503	0.0188035137124532	0.0050144072755056	0.00391042834232058	0.0022494801915632	0.000166347004546784
9.13787312011634e-05	0.00933491998884503	9.1378731198109e-05	0.957339042355635	0.0197202953714257	0.0060041077627887	0.00723611959655183	9.13787311571532e-05	9.13787311968171e-05
0.000128150776874531	0.00895767342844285	0.000128156554632375	0.964406033610818	0.0158177851124368	0.00460095767938503	0.00475517684812574	0.000128156554810457	0.00107790943447463
0.00166410300527538	0.000127532740986032	0.00129470442897369	0.964402815638479	0.0128856990857711	0.0174185828285523	0.00129551610731998	0.000127532741519022	0.000783513423123142
0.00117677528057022	0.000131844677208846	0.00265432349883259	0.96212870713037	0.0165672149990158	0.00664401591940748	0.0039247315072418	0.00541996178761646	0.00135242519973716
0.0025196546419074	0.00390381317313348	0.00422984002535025	0.965257385263988	0.0126524607621345	0.00465927304127619	0.00268872578790506	0.00262704233378849	0.00146180497051677
0.00288161986469288	0.000127133170891745	0.000127133171088849	0.95272041294546	0.0183212019058353	0.012192039602618	0.0105162907836558	0.00298703538467835	0.00012713317107877
0.000956929502495757	0.000128542515197987	0.00367016446041606	0.96374500058506	0.00889249787000826	0.0148619894465964	0.00528881911169373	0.00063417106627622	0.00182188544225527
0.000132584070720355	0.00193391205034228	0.0136167405873755	0.951220549156991	0.0201962370352162	0.00399580001913197	0.0052739377279909	0.00349764642357326	0.000132592928658821
0.00451406034894973	9.34223805108469e-05	0.000454591839872637	0.961941259257085	0.018293119399444	0.00684598545147259	0.00767071656123093	9.34223807117977e-05	9.34223807230072e-05
0.00213205183629739	9.06871812435032e-05	9.06871811729938e-05	0.960999833568351	0.0181058043427238	0.00473663144687489	0.00589320563271863	0.00786041162945303	9.06871811650364e-05
0.000545445198212178	0.0133970734722219	0.000650157377102516	0.952317175660829	0.0179764430173652	0.00117948021430315	0.0106493253521628	8.90211894789549e-05	0.0031958785183245
0.00561654226778714	0.000340796497457296	0.0065886764616377	0.95266535305997	0.0202157660887528	0.0085213667479777	0.00578960502461805	0.000130946925994394	0.000130946925805386
0.0011396295470032	0.00672597225953673	0.00372088573110733	0.945315649178151	0.0151761311250057	0.0122174615303051	0.0110413224831422	0.00150447484001245	0.00315847330573632
0.00679963113957129	0.000132078771803977	0.00454890939500235	0.944683074019256	0.0278926837710825	0.00113560098037261	0.00327962626671034	0.00636474467686161	0.00516365097933929
0.000296340097415911	0.00644471752786028	8.94620440558886e-05	0.970417374446197	0.0141880704727605	0.00057563039642828	0.00613288137521678	8.94620440826673e-05	0.00176606159598295
9.21603987644535e-05	9.21603987501703e-05	9.21603987183538e-05	0.973888476373128	0.0171143482865323	0.00729902549402981	0.00123734785256141	9.21603987642412e-05	9.21603987509555e-05
0.00776860981280514	0.000130443548813857	0.043635104808468	0.874962825645721	0.0215676017538811	0.0001304435485812	0.0199287186494901	0.024110726972215	0.00776552526002403
0.000682097003638252	0.000129825856966857	0.00249426794369157	0.972465213931305	0.0105665040295358	0.00391935343776871	0.0031352044463759	0.00303346969036571	0.00357406366035234
0.000133600284216407	0.00179637795487535	0.00627327015319296	0.951314924846117	0.0233406797066901	0.000154266570705113	0.0114452017769666	0.00398929600335078	0.0015523827038856
0.00101095298206297	0.00664847034392073	0.00250580477392745	0.966290009639083	0.0151297334000683	0.000308983827064767	0.00222276641228863	0.00575096701290357	0.000132311608680364
8.98025508537862e-05	0.00650028727611971	8.98025509068342e-05	0.967233466700832	0.0120643627258487	0.00438083000501503	0.00851784631165317	0.00103379932787277	8.98025508981059e-05
0.00384853119719069	8.9531909505964e-05	8.95319094670946e-05	0.961086337577068	0.016845546345246	0.00756865572815953	0.00923033254719716	0.00115200087670282	8.95319094629307e-05
0.0015127760941632	9.03484720078356e-05	9.03484720848252e-05	0.957293801994771	0.0163410232430005	0.0137862457251807	0.00888521252430847	9.03484722218005e-05	0.00190989500226203
0.00233117114503094	0.002413531033439	0.0145336534719259	0.932406141327123	0.0291741068192435	0.00457459701304563	0.00840979010628968	0.0060238169358955	0.00013319214800696
8.94869103345661e-05	0.00432998539270138	8.94869102826641e-05	0.959660161909033	0.0190608089204994	8.94869105051217e-05	0.00868772369986299	0.00205808561475854	0.00593477373202284
9.0420878743118e-05	0.00642100090468014	9.04208787481236e-05	0.964004633366237	0.0166558461384964	9.04208787003696e-05	0.00357730023704696	0.00607426051684809	0.00299569620049956
0.000127713149725903	0.00258587324217824	0.0010141735864521	0.963395711812292	0.0100641447923401	0.00984629545344119	0.0116444750685641	0.000993986212577746	0.000327626682428439
0.000853243443500281	0.00187396888681544	8.8582276886283e-05	0.962670527609008	0.012410539107916	0.00747768602545949	0.0093128659361634	0.00522400443736703	8.85822768842029e-05
9.03869276764272e-05	0.00339820794716186	9.03866087641943e-05	0.968923492715376	0.00889142926594183	0.0125431869094996	0.00477515752350554	0.00119736549327859	9.03866087963385e-05
0.00412952571289914	0.00712148369077063	0.00206430025558319	0.965860918079559	0.0142305910615811	8.90260668181656e-05	0.00632610299882172	8.9026067094614e-05	8.90260668726275e-05
0.00193412989369645	0.00775640165306456	8.82665029946481e-05	0.972047364518238	0.0107474897667879	0.00147391488299876	0.00448321403169095	0.00138095224749739	8.82665030309564e-05
0.00371105296390063	0.000130965521899609	0.00618024413420048	0.950192659247496	0.0198499763141027	0.0117023777396342	0.00212878000734297	0.00597297854947532	0.000130965521947726
9.0140561508178e-05	9.014056145125e-05	0.00403766123375495	0.961563898046385	0.012488630290255	0.0133599271939384	0.00173332821205606	0.00349135133422549	0.00314492256642592
8.92805249832728e-05	0.01920140849146	0.00244773565856355	0.943563120406792	0.0164030118005957	0.00479710399469443	0.0133197780729278	8.92805250151472e-05	8.9280524968109e-05
0.00531001306434968	0.00606984024117931	0.0478548305377041	0.871136630106849	0.024861301819274	0.00175847772111988	0.0233410554658392	0.0166822736248027	0.0029855774188816
8.87120867332312e-05	0.0110507234464945	8.87120866887807e-05	0.962104888448736	0.0124436485491453	0.00376081805369331	0.0102850731546412	8.87120870723778e-05	8.87120867953947e-05
0.0034754588711254	0.00435697041568123	0.000129333164838321	0.945529044159231	0.0249767384554522	0.0104463645656842	0.00451492376097578	0.00313404523531335	0.00343712137169838
0.000129054486927667	0.00515216998869338	0.00091583596623417	0.967925058867715	0.0100865212503835	0.0106201303782212	0.00324990281188268	0.00179227176297468	0.000129054486967352
0.00147145678984235	0.0172107202395305	0.000416358753650227	0.955175569948343	0.0157686745487546	0.00318167567292216	0.0044355416344762	0.00012654332843785	0.00221345908404311
0.000946245042102477	0.000129897936106023	0.00647904685613966	0.95511247331659	0.0132352726425519	0.00851858584848277	0.0106191547363748	0.00183859185073517	0.0031207317709175
0.00115178167063571	0.00531291638133621	0.00223095978110081	0.94976180822286	0.027669587673242	0.00213822151820639	0.0066812678381166	0.00227781740294556	0.00277563951155616
0.000943837303725025	0.000133193475397041	0.00113891060030991	0.956865287190626	0.018844849474232	0.00799918606684286	0.0102831598469426	0.000133193475354345	0.0036583825665707
0.000347798525338309	0.00395209317689823	0.00800196915520155	0.940706269115452	0.0353388624591396	0.00482847831383165	0.00511738130555501	0.0015749603930817	0.000132187555501537
0.00146950286339987	0.00124602193627092	0.00312833314252356	0.960956261488984	0.016608560912604	0.00510079041674343	0.0112249497568954	0.000131439477961634	0.000134140004617397
0.000997159526116759	0.0021318459302314	0.000130594267862447	0.967348512612794	0.0150324649052018	0.00332653084577764	0.00344163052865647	0.00421163723300998	0.00337962415034922
0.00402898663226494	0.00492393397928618	0.00235454252724463	0.954458754183306	0.0152156550294341	0.00802945718341408	0.0092794885449676	0.000842127149797747	0.000867054770284976
0.000129433406920526	0.00327694869500272	0.000129433406824522	0.964260105300233	0.0123279216998666	0.00548493654399087	0.00621537824147543	0.00701895391994382	0.00115688878574274
0.00464124014472064	0.000189089952016961	0.00284844623222989	0.951853053098108	0.0179605969598514	0.0114227528235565	0.00509576922891413	0.00446915780695223	0.00151989375365065
0.0024034978625803	0.000901733322096498	0.00273371638621201	0.946442337072609	0.0288361298975357	0.0077738787884474	0.00625347197148647	0.00452793556719892	0.000127299131833435
0.00256713459872985	0.00421549485104235	0.000129183075588717	0.967125520246082	0.0153302496706743	0.00517238720056711	0.00331133600287354	0.00201951127885579	0.000129183075586572
0.00185626407196066	0.000130130585151037	0.000130130585142757	0.940799365595567	0.0261991507513013	0.0104409833048828	0.0148037533518921	0.00504990694332884	0.000590314810773209
0.00105404236213831	0.0138397336706184	8.93247764641236e-05	0.956443177974093	0.0154247265775248	0.00425432963777051	0.00871601544814378	8.93247765783333e-05	8.93247766688853e-05
0.00102239297584146	0.000809432999853585	0.000345711669747449	0.969959273864297	0.00919283468962733	0.00956748166425231	0.00607835682439046	0.00214340322594833	0.000881112086041708
8.96478371663851e-05	0.00588124038510685	8.96478372658963e-05	0.955251363085148	0.0219751745177242	0.00902327291090393	0.00301223905030322	8.96478372749253e-05	0.00458776653910694
0.00452425924982338	8.96663629569266e-05	0.0332643842187556	0.878874665618246	0.0146185562235058	8.96663630212787e-05	0.0315829425209141	0.0208775574311775	0.016078302011599
0.000171577799887323	0.0069810690780912	0.00012692267974506	0.945478099048112	0.0236148667340342	0.00643825300963161	0.00976192859289316	0.000126922679907539	0.00730036037769799
9.08568893211117e-05	0.000151326942327254	0.0055632461204648	0.95795360835738	0.00951052182723055	0.00959387680442449	0.00909810730474204	0.00390876490388844	0.00412969085022095
0.00013093170736487	0.00129311884692986	0.000895459042918067	0.963016257954619	0.0120192377777152	0.0104314477069742	0.00496886056354346	0.000130931707524917	0.00711375469241095
0.00285396322289961	0.000131242221902531	0.00897204593349742	0.946720134806875	0.0217127671955556	0.00733165447784619	0.00602752623188704	0.00345168678944858	0.00279897912008759
0.00642578612876498	0.000131358348331945	0.000131358348263296	0.96631270237581	0.0123380648591516	0.00521905215538549	0.00139344600776697	0.00693592471762975	0.00111230705889631
0.00086851758220823	0.00914360803789138	0.000128270624421055	0.950013337548899	0.013880295362356	0.0120957040705222	0.00968347837359244	0.000128270624421296	0.00405851777568813
0.000130579448103241	0.00634175290205558	0.000207707957271712	0.974329340943821	0.012396472166667	0.000130579448265588	0.00399084080822375	0.00186064625551668	0.000612080070075526
0.000978052702673902	0.00381480827015859	8.8816354225876e-05	0.970362029985921	0.0122394846812223	0.00528086118528321	0.00504877462369342	0.000717237980159058	0.00146993421666276
0.000128619949030269	0.000128619442703603	0.00564898851099338	0.971985052026205	0.00893875225896941	0.00482930421780266	0.00656607259659218	0.00106914578530478	0.000705445212398385
0.00153532198471834	8.97186121786997e-05	0.000770547924655561	0.972591444878692	0.00801803826633588	0.00104534534262341	0.00651686207144192	0.00593387634407094	0.00349884457528349
0.000360099317610806	0.00412149683477008	0.00288608065578499	0.97229786065032	0.0109372423635773	0.00474157124254223	0.00382203797814891	0.000706026539524808	0.000127584417720753
0.00111096527380227	0.000131952136814609	0.00595142718545966	0.946732999968774	0.014778889584882	0.0158920114555116	0.0105786842098082	0.000987873627674237	0.00383519655727348
0.000128870708737557	0.00241789926833965	0.00442796772768756	0.962490205146009	0.00904344364153222	0.011374591769905	0.00373719266554864	0.00179893609748558	0.00458089297475472
0.00036997824208984	0.00222837608462787	0.00143085030232951	0.961603207739841	0.010375159567817	0.00843273714471177	0.00754430428709316	0.00456387687882158	0.00345150975266828
0.00110285585224515	0.000134206194612315	0.0144990269275612	0.932892514977994	0.0148639894528185	0.000134206194250207	0.00790239331926095	0.0191329779977913	0.00933782908346605
0.00441680710476265	0.00990929115757181	9.06625866388298e-05	0.951843370972047	0.0263573488547769	9.06625868410306e-05	0.00711053156408108	9.06625865958237e-05	9.06625866849292e-05
0.000722015240179562	0.00879464217389132	8.95913914341608e-05	0.960228739888353	0.0161703513131847	8.95913915599324e-05	0.0119577868267928	8.95913914788524e-05	0.00185769038312548
0.00208850658461994	0.000136279418203612	0.013965112428786	0.95687306762838	0.012700159331953	0.000136274780866506	0.00599114840270753	0.00782130344286757	0.000288147981616203
0.000134393478900352	0.000134393478913852	0.00553735545453431	0.956707749101982	0.0210481562264375	0.00745959734509268	0.0032981221871506	0.00474678433948567	0.000933448387503056
0.00013201975488095	0.00200734594190083	0.00501535472203916	0.966725829037603	0.0116905332122857	0.00613840741681994	0.00524460130924104	0.0015778657519614	0.00146804285326791
0.000421629318680882	0.000135317496781233	0.0090774029879679	0.954704666095662	0.0209915084211852	0.00485999091893334	0.00669659124298944	0.00232253828623091	0.000790355231569267
0.00263818371128783	0.00538960083965745	0.00297015617984863	0.954613776768836	0.0217098339545683	0.0039099784556417	0.00817821179254499	0.000458756213376757	0.000131502084238442
0.000636432498925538	9.10546724245775e-05	0.00227565933054894	0.957994374614572	0.0142704300643507	0.0141559467656247	0.00687216113673087	9.10546724127559e-05	0.00361288624440975
9.22525223778829e-05	9.22525224212162e-05	0.00696324166112828	0.964628265415518	0.0098760198726177	0.0135061274664611	0.00465733549463274	9.22525224286715e-05	9.22525224147788e-05
0.000366433025045895	0.0159813851206254	0.00109544627125958	0.955153443150961	0.0128443714413089	0.000129271119363074	0.0103201579966335	0.00301342622885447	0.00109606564594887
9.17940531534776e-05	9.1790984644887e-05	9.1791810546854e-05	0.961292235020368	0.0188413955563443	0.0141212177758981	0.00528619117769131	9.17918105518735e-05	9.17918108014692e-05
0.000976331570433873	0.00270675346721472	0.000127915445541639	0.97820065500429	0.00537676211694504	0.0029947947916471	0.00617090819328511	0.000127915445372778	0.00331796396526952
8.69920200099394e-05	0.00401018424231636	8.69920199933086e-05	0.965562523113784	0.0154603314398454	0.00545353726419943	0.0021150388374285	0.00395357852299142	0.00327082253943218
0.00369780172219601	0.014264032618851	0.000945829243848304	0.962485008198948	0.0110326491096599	0.00395632033920147	0.00336208316898292	0.000128137799060911	0.000128137799250982
0.00072470661796424	0.000675806397531699	0.00109525588075702	0.953336485511602	0.0186496388259783	0.00492903982363912	0.00874453363139441	0.000639000540078663	0.0112055327710547
0.000616042207422358	0.00123926451553543	0.000931054099237924	0.968943532718102	0.0112312346268966	0.0113312552582275	0.00413274251883639	8.82284890458575e-05	0.00148664556669552
0.00453500772078487	0.0112529301887982	8.86528938732588e-05	0.948775937261265	0.022118161490467	0.00370320668818594	0.00269297197987261	0.00674447888288017	8.86528938732585e-05
