Bcells	CentralVeinEndothelialcells	Cholangiocytes	Hepatocytes	Kupffercells	LSECs	Mesothelialcells	PortalVeinEndothelialcells	Tcells
0.00580484710106767	0.000133296580494427	0.0411828909014228	0.893323811538502	0.0354250055050327	0.000133296580351101	0.00733829317827337	0.015527239146102	0.00113131946875426
0.000547485033190699	0.00594584400404695	0.0304459643320712	0.925875585345949	0.0195094925809548	9.07932601712124e-05	0.0129732595346387	0.00385916614396393	0.000752409765013328
8.98145359953378e-05	0.0148565508250935	0.0337134167710106	0.89483949326752	0.0402968595694505	0.00215598134611868	0.0138682546128346	8.98145359795325e-05	8.98145359968665e-05
0.000127349624895899	0.0129909673954238	0.0248438273625245	0.901207921649561	0.0315590355576091	0.000127349624971845	0.0159526154985216	0.00516666636356024	0.00802426692293205
9.02805973409957e-05	0.00438305987270638	0.0288607385056818	0.916713501721357	0.0278826173987766	0.00994925986803976	0.0113333442912712	0.000696917147473567	9.02805973529712e-05
9.21948066617769e-05	0.000268969436632764	0.0894926160367987	0.828194400906941	0.0364889962789353	9.21948067225571e-05	0.0233042355976097	0.0219741973230155	9.21948066830048e-05
0.00613276365629519	0.00255914832829484	0.0429959892931994	0.8892637266267	0.0336366800134341	0.00418698065368212	0.0133699386841647	0.00772442395806217	0.000130348786167942
0.00012818148141812	0.0100902362367621	0.0244937582841092	0.911488560788616	0.0356508018565561	0.00181145039539314	0.0145740672589204	0.00163476221678148	0.000128181481443648
0.00323535471909607	0.00247538586134044	0.0270393398452198	0.919316188579525	0.0275738694818393	0.000128099142746696	0.0117242320756961	0.00695151019760829	0.00155602009692799
9.17187985890165e-05	0.00779386125008102	0.0324499840536405	0.918348123480823	0.0219469753615002	0.00536670290231589	0.0121191353237181	0.00132289474162729	0.000560604087704803
9.25689412510213e-05	9.2568941213848e-05	0.0398445963413894	0.907015802870806	0.0258342046572245	9.2568941389568e-05	0.0156191816021759	0.0113159387632825	9.25689412673172e-05
9.01372610593068e-05	0.0040570825318691	0.0280790546211608	0.92092643125683	0.0270886743240639	0.00606201544739257	0.00910942373826496	0.00405376928639805	0.000533411532961664
9.06429197187713e-05	0.0233179026675562	0.0229433768287588	0.914315189410992	0.0228764995828189	9.06429197764295e-05	0.0161844598310423	9.06429196181203e-05	9.06429197183802e-05
0.000112920191370229	9.2898938851999e-05	0.0452598294251585	0.914290115981088	0.0188342071610833	0.00223608926078529	0.0119397879127319	0.00714125219005063	9.28989388804461e-05
0.000871987329873895	0.00185384390545195	0.0350964603172459	0.885810549801688	0.0399689026584351	0.00013176823624846	0.0145217337886488	0.0189159028371954	0.00282885112521248
0.00226192436173338	0.0143537091940208	0.0264121823857108	0.916968766623913	0.0299838785405012	8.99947816410794e-05	0.0097495545492969	8.99947815695634e-05	8.99947816127604e-05
9.06457081204707e-05	0.00447097597489016	0.0280609481126358	0.916311951820912	0.0301335758920722	0.0058310784998547	0.0149195325752452	9.06457081499813e-05	9.06457081199099e-05
0.000129668991797055	0.013084636055105	0.0350766525175841	0.907344572468838	0.0233373833676182	0.00012966899180055	0.0164346218078243	0.00351070316687597	0.000952092632556494
9.16338037243938e-05	0.0061136130925795	0.0303381488864445	0.91838833233057	0.030325906236821	9.16338036954972e-05	0.00969505302547576	0.00486404501694962	9.16338037393788e-05
9.35213315516822e-05	9.35213315376555e-05	0.0282204847512219	0.899096748177216	0.0429944878944759	0.0036329467055359	0.0099947565094803	0.0150272969787933	0.000846236320187876
0.00351466301528129	0.00500044984775128	0.0325591802169055	0.912204421454502	0.0364082982161266	0.000131437631473566	0.00870456656615473	0.000131437631263516	0.00134554542054178
0.00460419505716708	8.91846769779958e-05	0.0344048798082194	0.904266751819114	0.0263496982483146	0.00965190781987092	0.00498595823593777	0.0103352490368776	0.00531217529752103
0.0049180509260273	9.13295991641837e-05	0.0590608763819835	0.896347161515813	0.0147459026910588	0.00128168903588457	0.00805290758111043	0.0116788747316274	0.00382320753733128
0.00666929618149772	0.0114118412666777	0.0290622452108513	0.901284464012486	0.0305631584083597	0.00130256262560811	0.0155219002171581	0.00405845194210562	0.000126080135256038
0.000132726341950295	0.00013272634187966	0.0415002927855136	0.902977846184845	0.0258521791889894	0.00466041091120407	0.014811783987698	0.00959493684638	0.000337097411539439
9.42019479989371e-05	9.42019480221962e-05	0.036660156212607	0.90484687085409	0.0300211366324387	9.4201948022017e-05	0.0109467232889558	0.0171483052198585	9.42019480072363e-05
8.96304693454204e-05	0.013537321147736	0.0236975109975377	0.926133766797028	0.0203904515499829	0.00457510623653015	0.0113969518631951	8.9630469297769e-05	8.96304693465385e-05
8.97211198062337e-05	0.00819555598307866	0.0252636523166178	0.934102414986381	0.0209537504350055	8.97211197783519e-05	0.0111257417997376	8.9721119780085e-05	8.9721119814499e-05
9.08534277061632e-05	0.00648271218097395	0.0328225791792414	0.918085108055629	0.0282062138263968	0.00326995801440742	0.00864292711909656	0.00230879476882304	9.08534277254917e-05
0.000715578534765605	0.00404451515292003	0.024881090545376	0.931493273797816	0.0229911683519773	8.97638588981554e-05	0.010734754403164	0.00496009149619563	8.97638588870699e-05
9.0250289429356e-05	9.02502893700873e-05	0.0384247325963592	0.912393501341291	0.0252915429274998	0.00964339440691554	0.00772939091241174	0.00624668694729935	9.02502894239818e-05
8.99748716888476e-05	8.99748716481829e-05	0.0303404783218254	0.905136379991225	0.023449913266587	0.00641287876273112	0.0141840457473679	0.00529609459805786	0.0150002595688692
0.000634113060895172	8.9893347661557e-05	0.0310605801025947	0.921090895582266	0.0209992532000709	0.0121579602142948	0.00967860014634579	0.00419881099820293	8.98933476679057e-05
0.00375082624321168	0.000131552262351875	0.0484960051341879	0.894767050128617	0.0168007605385016	0.00587574089183933	0.0197064189800338	0.00949544244967526	0.000976203371581295
0.00414146708315474	0.00933622575030548	0.026263808854848	0.883603385096693	0.038454990406234	0.00573349790087765	0.0137494216144822	0.00140977707280727	0.0173074262205972
0.000132124896841025	0.00340508928099693	0.032609433654836	0.909237415485813	0.0340944325721397	0.00704965167634793	0.00913948494045202	0.00235161160885805	0.00198075588371581
9.04999701235647e-05	9.04999700897685e-05	0.0288148480486611	0.923385688578706	0.0251535267347073	0.00479830252000746	0.0103431793049108	0.00723295490265979	9.04999701339833e-05
0.00278311242382713	0.00257801711741329	0.0257724815713311	0.931288977751746	0.0224577893566241	0.00133314486176935	0.00872816406494618	0.00496874080337999	8.95720489628238e-05
0.00171201664322864	0.00151885775711884	0.0280759082760508	0.920501521239985	0.0243228227708948	0.0102944706431092	0.00908460266746505	0.00440073001657582	8.90699855723655e-05
0.00636065987938943	0.00222742054422636	0.0260423396807075	0.909206913031879	0.0279349819799952	0.00906896940563335	0.0163607519053597	0.00012871974271184	0.00266924383009741
0.002060526149313	8.94825554026823e-05	0.0194126874174811	0.922735335241085	0.0370888653665865	0.00693553226073726	0.0114986058985787	8.94825554263639e-05	8.94825553895135e-05
0.00127674903676958	0.000129947365183155	0.0265962807359108	0.917557687530446	0.0282307722093752	0.00557232609152762	0.0137935077507278	0.00346079630006435	0.00338193297999556
0.00121248451314521	0.000132750050021641	0.0490219106850374	0.896982480291516	0.0286047347783315	0.00402869785099299	0.0104292099496934	0.00945498183118217	0.000132750050080097
9.00894288464266e-05	0.00255175595708162	0.0295843052716179	0.926956763802642	0.0305571408453565	9.00894287877312e-05	0.00903492993803863	9.00894287962597e-05	0.00104483589883298
0.00467453468537663	0.00913639512507346	0.0266449992086255	0.917678955741842	0.0205313158761689	8.99832421641499e-05	0.0163482971279722	0.00349999252550713	0.00139552646727006
0.000703833981586628	0.0154983290442395	0.0239016712941576	0.904466942142018	0.0322744782833744	0.00504648447752278	0.0141753597108873	0.00384391471466932	8.8986351544892e-05
0.000131757681866729	0.00803996379892813	0.047444324500942	0.893374907643323	0.020156627413446	0.000404676853277486	0.011296833702349	0.0190191507239878	0.000131757681879808
0.00125669331508259	0.00326984177877678	0.0362791763750877	0.915007657350527	0.0186130257485135	0.00633522286713183	0.0144824643937662	0.00466546119084734	9.04569802667429e-05
0.000523085691035396	0.0110025466741347	0.0252635513814281	0.914275918864308	0.0292076219083162	9.10639536596797e-05	0.0144108546946211	0.00464903780580777	0.00057631902668922
8.89991509335731e-05	0.0109604524673707	0.0247826536528119	0.920211960761094	0.0215768928278258	0.000145780489803378	0.0154352336237101	0.00549800980741383	0.00130001721903656
8.89948194465633e-05	0.00972929733860254	0.035345734402581	0.91198897496908	0.0317861060388395	8.89948194834625e-05	0.0107939079732808	8.89948192541573e-05	8.89948194318309e-05
0.000433738049510502	0.00580447033724234	0.0236467935523958	0.932985388429537	0.0197879258521527	0.00553551482587524	0.0116293687575669	8.84000979047924e-05	8.84000978152505e-05
9.10445769589361e-05	0.0205789359876169	0.0261975946437427	0.900280579250149	0.0379677307292595	9.10445769417094e-05	0.0146109810814315	9.10445769417041e-05	9.10445769581063e-05
8.94268528320323e-05	0.00962649974040242	0.0246388988627267	0.92334899133008	0.0181532043181196	8.94268527509192e-05	0.0143148591247473	0.00921981801482249	0.000518874903518154
9.19443853656263e-05	9.1944385351168e-05	0.0357694416081585	0.911257015319939	0.0278498672658727	0.00855037050801861	0.00861542473033934	0.000502574094358848	0.00727141770259601
0.00134525722315364	0.00151663745297728	0.0385706288971373	0.910789808398763	0.0325603616204908	0.00594920679580912	0.00790788282036287	0.00126959949670429	9.06172946013998e-05
9.02389457286158e-05	0.0123272906747806	0.0271875392386132	0.918881825235735	0.022907559986694	9.02389457104359e-05	0.0183348290812402	9.02389457659874e-05	9.02389457317996e-05
9.33776027485232e-05	0.00183620972934097	0.0307104423608519	0.914381526474595	0.0293396745043276	0.000295703517286609	0.0101963429732866	0.0113878804190715	0.00175884241849131
0.000582422705733137	0.00207294379028485	0.0330114071183748	0.907747249443879	0.0402775295135644	0.00148702127069281	0.00932237681695082	0.0054080111889556	9.10381515643778e-05
8.91595243781002e-05	0.00750684769069263	0.0435929438046933	0.90864426390256	0.0294162412106998	8.91595243568593e-05	0.00995279717914787	0.000619427639095455	8.91595243765098e-05
9.07565281563962e-05	0.0074713680462412	0.0496923221522965	0.896051907374399	0.0261359026937927	9.07565281428059e-05	0.0108145207225497	9.0756528155033e-05	0.00956170942626655
0.00197231609469709	0.00519459291347129	0.0245353859098881	0.925092042567306	0.024551845125945	0.00734479266672277	0.00951555510422192	0.000127916047263102	0.00166555357048419
0.00496043101271377	9.12428500613394e-05	0.0310960807661622	0.921669079773794	0.0166558960991246	0.00785012420920758	0.0156460817818125	9.12428500660474e-05	0.001939820657058
0.00513249596428488	8.87422397557469e-05	0.0193490115606442	0.921754540746204	0.0272535110374608	0.00897306191321719	0.010159698879407	0.00539679663121043	0.00189214102781565
0.00360014996399045	0.00695923338272116	0.0311544012773428	0.900374155236943	0.0247300079141549	9.05938848110151e-05	0.0171225476110489	0.015878316844111	9.0593884876725e-05
8.95400782207703e-05	0.0175417968797295	0.0314449551944598	0.910258786094056	0.0216078587125014	8.954007813153e-05	0.0156500234748544	0.00110120356296263	0.00221629592508408
0.00084196545193545	0.00171443232399625	0.0280006255797539	0.942355193021794	0.0168352164371159	9.10273450435642e-05	0.00666172956316433	9.10273448998357e-05	0.00340878293229625
0.00233278185063969	0.00271690842570819	0.0385721889266456	0.912167011819163	0.0285277207812048	0.000129672788421076	0.00735345519423808	0.00807058742558173	0.000129672788397313
0.00137424315535649	8.99804254937158e-05	0.0331855844000406	0.921207481682815	0.021279360801721	0.00744596018414883	0.0115010829591339	0.00308270130612787	0.000833605085162557
0.000405405322838456	0.00399077028156534	0.0387828173173178	0.916020906770114	0.0286270464002868	0.000334960865299614	0.0110347180303652	9.24910510229292e-05	0.000710883961189592
8.87779577555796e-05	0.009093165495963	0.0245733962577211	0.928929191696415	0.020753016471576	0.00211820494583337	0.0125622392224079	0.001793229994572	8.87779577557327e-05
0.00490870372139275	0.0106207785233798	0.0248363577566292	0.929756874590789	0.0182274883246098	0.00103664022570333	0.00916864631144154	0.0013538778677137	9.0632678340972e-05
0.00663993053320572	0.000779927018665744	0.0292090428961219	0.90647945616581	0.0353605462971947	0.0048201548615594	0.0120965399032506	0.00215406943598803	0.0024603328882035
8.93873771409635e-05	0.0036415516370328	0.0264610064095585	0.924026902053786	0.0272876140871289	0.0052862467025463	0.00901117265725199	0.00410673169839059	8.93873771643905e-05
0.000128617986618279	0.00507250521799585	0.033523723675364	0.91381719846678	0.0327773584435443	0.000128617986693237	0.0114875441609483	0.00293581607542587	0.000128617986629801
0.000521190451602718	0.000986155632814229	0.0282772242430844	0.928916791743614	0.0224896642997122	0.0072504421014963	0.00590845879046856	0.00555973225641393	9.03404807932578e-05
0.000129393223434087	0.00319487142363696	0.028906162384028	0.905343506890739	0.042868602051435	0.00218340647908253	0.0131257962769838	0.00324313741262352	0.00100512385803761
0.00173726059802318	0.000131074942236048	0.03515630496551	0.914771208111345	0.0314360756878751	0.00198990619950904	0.0108589524337341	0.00331344645231977	0.000605770609448242
0.00708436026636562	0.0142233113563231	0.0299395621511117	0.913713287772553	0.0250856425131203	0.000182377077253484	0.00958894373165477	9.12575658706421e-05	9.12575657477513e-05
8.97449714477976e-05	0.0136114725343299	0.0369495336552158	0.906643089974685	0.0178285189651017	0.00692620004357613	0.0177719499127687	8.97449714534103e-05	8.97449714219075e-05
0.00611717551390902	0.00702217407976661	0.0253250080315181	0.921615214881529	0.017522508477286	8.8949918507699e-05	0.0158096347378406	8.89499184273679e-05	0.00641038444121537
0.00489347959020522	0.000858553687062084	0.0302604837409999	0.91244014189045	0.0305213146824279	8.90554423882919e-05	0.0122760541027965	0.00761806586895839	0.00104285099471142
0.00435097312590001	8.89060109234034e-05	0.038659422775955	0.894632238431022	0.0335410336130995	0.00218442376880548	0.00908880545277942	0.0173652908105817	8.89060109332372e-05
0.000132078472886693	0.00383454656127772	0.0341415113526924	0.905156617210466	0.0319801556431166	0.00013207847269362	0.0135200236641858	0.0105261953147482	0.000576793307932483
0.000307218718627762	9.35646712047554e-05	0.0347974614601194	0.909658476225464	0.0355828414752683	9.35646713722589e-05	0.0122202309147562	0.00715307719187217	9.35646713147713e-05
9.20771066166339e-05	9.20771065801315e-05	0.0366814662230766	0.909427783264374	0.034485246247349	9.20771065576986e-05	0.0119268952270649	0.00711030061176568	9.2077106615347e-05
0.00448399469931005	0.000127342376703375	0.035222271489683	0.910553591253723	0.0230750677585099	0.0155564349892665	0.0086314140887496	0.0022225409672843	0.000127342376770334
8.85868369806839e-05	0.01059240000759	0.021015191641267	0.922598577666099	0.0246290013622138	8.85868370261744e-05	0.0134305058501842	0.00506987497014142	0.00248727482849815
0.00214287532078616	9.24143247916519e-05	0.0334332444468548	0.904450119162377	0.0276873896173544	9.24143247186416e-05	0.0165799809131782	0.0111624855244121	0.00435907636552686
9.19062983750274e-05	0.00602186969097439	0.0401524998020159	0.914465185720246	0.0259610765480909	0.000369899192543231	0.00867636663024341	0.00416928981914169	9.19062983688697e-05
0.0109130891133736	8.99373890732066e-05	0.0790448739165668	0.830532140724589	0.0178812435868198	8.9937389053244e-05	0.0301088543244948	0.030346995655163	0.000992927900866987
0.00257121594159304	0.0167233764907852	0.0242632883376855	0.913140574393454	0.0219818769898862	0.000128534802725377	0.0151218250127364	0.00509772013910694	0.000971587892027144
9.1738465081103e-05	0.00156029618476301	0.0261113864569573	0.929831891856556	0.0234432126492563	9.1738465075149e-05	0.00755017102380881	0.0101443485949575	0.00117521630354525
0.000707367105440895	0.000130252218977366	0.0309211158559242	0.89802222037461	0.0320316477571571	0.0138498646533032	0.0136467839788944	0.00691079555614704	0.00377995249954573
9.14576215620516e-05	0.021804834720549	0.0345748877973352	0.903640500278088	0.0162727624302082	9.14576215571875e-05	0.0158836360661536	0.00754900584298168	9.14576215652593e-05
0.000263801579554071	9.30459945527902e-05	0.0317519434592344	0.926610050540116	0.0227016882339247	9.30459943903372e-05	0.0110430590365571	0.00735031916723729	9.30459944336755e-05
0.000611865848606696	0.0105740003731574	0.0289881624943614	0.914424595959056	0.0236745925784541	0.0070115427011074	0.0131347473082391	8.90311874461859e-05	0.00149146154957158
0.00253726315766289	0.000126874724370151	0.0303124188111949	0.910789679131146	0.0264073367478019	0.014689174187425	0.0120766691791386	0.000706649254651528	0.00235393480660934
9.19219906947859e-05	0.00347657008298825	0.036188941785167	0.894985547034327	0.0529145080316968	9.19219906764716e-05	0.0113087313647122	0.000849935729042944	9.19219906949174e-05
8.88732972220053e-05	8.8873297202586e-05	0.0312078655999412	0.930416625601822	0.0199861000247257	8.88732972297015e-05	0.0101429077975732	0.00789100778708224	8.88732972010725e-05
0.00204059701726871	0.00663688579254402	0.0311021576670064	0.909457705940167	0.0280218787504988	8.85421662249569e-05	0.00995274885090947	0.00105192642336803	0.011647557392013
8.94707576429129e-05	8.94707576790574e-05	0.0302603707115826	0.925246633307448	0.0200022409470811	0.00925523403509893	0.00794163577513595	0.00702547295069139	8.94707576397836e-05
0.000683958616440703	0.00777278811097346	0.0295509122336154	0.922176631306136	0.0201758912952862	0.000129825961260388	0.00911165180950916	0.00622817107820933	0.00417016958856938
9.16873370735309e-05	0.00222995108852707	0.0381100901941831	0.918314791526761	0.0225794330198702	0.00545221578494584	0.011340777660054	9.16873371928112e-05	0.00178936605139236
0.00110039061152005	9.13616782263203e-05	0.0299396498138982	0.891718287193979	0.0552594019446013	0.00293529982830709	0.0104548963910473	0.00840935086018749	9.13616782336639e-05
0.00479425981175996	0.000909009893308808	0.0225584245376723	0.922640552317715	0.0259371091815047	0.0115353074974561	0.0104994351998859	0.00103784265242864	8.80589082685703e-05
0.00413251513527953	9.18475534156615e-05	0.0406415315181204	0.898260161812861	0.0321902256792787	9.18475537074367e-05	0.0102819246435763	0.0142180985502772	9.18475534837405e-05
0.0013704111455001	0.00150475747278772	0.0348326519705705	0.918813071564231	0.0194350780387843	0.0100172869034577	0.012770789217533	0.00112715824496883	0.000128795442166977
0.0071601656183521	9.05357972000942e-05	0.0335844905423202	0.909239707452483	0.0307670929813155	0.00356198288610117	0.0110617582693666	0.00420672837304473	0.000327538079816866
8.9567331431009e-05	0.0184507157564915	0.0223037441246425	0.921917458836912	0.0221814806409763	0.00498995610759416	0.00970490182817449	0.000272608042354419	8.9567331423209e-05
0.00183982271599784	0.0206963521149798	0.0349489116775601	0.910361911980456	0.0215126892684953	8.98734721198589e-05	0.00923458952256752	8.98734721065805e-05	0.00122597577571671
8.99908847616936e-05	0.00343648697525531	0.026260025678336	0.930026560051908	0.0253091349037678	0.000751432754837608	0.0113576095146085	0.00267876835176235	8.99908847623887e-05
0.000885615717292828	0.00402012922628061	0.026278023596425	0.9288778807188	0.0249064294468785	9.08827646637257e-05	0.0124439603345661	0.00240619543052523	9.08827645680895e-05
0.00118783382275645	0.00309472302975998	0.0257997581474445	0.930133610446312	0.0252486688311878	0.000550191905381452	0.00726211752815547	9.0874600431017e-05	0.00663222168857155
9.00598622142102e-05	0.00216507320062563	0.0325103968299266	0.926809353353673	0.0184449146066352	9.00598621616774e-05	0.00840411705885342	0.0081094085059287	0.00337661671998183
0.00155060198488622	9.07358747132006e-05	0.0352673481561313	0.923815020720444	0.0247088242017954	9.07358747941096e-05	0.0084237217864275	0.00596227552603778	9.0735874770793e-05
9.09497267865547e-05	0.0188658439772507	0.0340711963127317	0.910467679888154	0.0170406074529213	9.09497267691587e-05	0.0130689176820762	0.00621290550652515	9.09497267855252e-05
0.00229789888314524	9.01184889601002e-05	0.0310609374273092	0.900326769960257	0.0378520165298633	0.00768842862107443	0.0144844255024802	0.00610928609795654	9.01184889538494e-05
9.14943576030905e-05	0.00680840586707734	0.0304587764181528	0.930378206705317	0.0202000200811278	9.14943575487526e-05	0.0110320192585651	0.000848088596995135	9.14943576127847e-05
0.00090887852563515	0.00600030852984358	0.0360104018656499	0.919687243424542	0.0208016051051977	0.0027142504514293	0.00715298429110517	0.00663226996042123	9.20578461764239e-05
8.92406458380898e-05	0.011493315128394	0.0236483868533951	0.911444767486419	0.0351274101550246	8.92406457612345e-05	0.0124097985231521	0.00372070812495966	0.00197713243705602
0.00523930288330492	0.0028143298148086	0.0274784712216071	0.92055407010817	0.0220571324364869	0.00661890785771224	0.0137804117706391	8.89170819667136e-05	0.00136845682530392
9.18744206096782e-05	0.00208977679295448	0.0416822248321614	0.918144094884465	0.0248076508568504	0.00312639546625674	0.00886455823438296	9.18744205765867e-05	0.00110155009174266
0.000131935779885507	0.000131935779940526	0.0396328278969596	0.900980524033118	0.034423855595977	0.000131935779957811	0.0111559620670896	0.0106020599863853	0.00280896308068631
0.000799206729295124	9.00223603371101e-05	0.0212859842590611	0.930981150179618	0.0197253958777067	0.0200122473248769	0.00475850205417382	0.000923569248586458	0.00142392196634505
0.000680354571876865	0.00518117020441318	0.0269813633837597	0.919434411115363	0.0206895049586509	0.00608171702799429	0.0126805730712494	0.00814326578587137	0.000127639880821403
0.00168333290266958	0.00672884817161025	0.0300171798137149	0.917885767043942	0.0244904612842706	0.00157826265698501	0.0123781286865137	0.00467381761815553	0.000564201822138246
9.0403569220458e-05	9.04035691615853e-05	0.0311961469985355	0.920960168677803	0.0265643659061013	0.00491325819526562	0.0107255358370805	0.00373767146438073	0.001722045782451
0.00359672133169506	0.0109016554837592	0.023474883745938	0.909149377341214	0.0290992210334257	8.70810406847285e-05	0.0127750080202842	0.0104136934898772	0.000502358513121789
0.0002885372977118	0.0119221958158859	0.0272799207170842	0.91396439393166	0.0247687681803237	0.00408816515846456	0.0138380683576652	0.00376051583774294	8.94347034615321e-05
0.00319132877610212	0.00608945385085417	0.0291628157340558	0.91255738005362	0.0204506946536636	0.0128232316450274	0.0143486836667589	0.00128460642414886	9.18051957695778e-05
0.00051547630577841	9.20830317781955e-05	0.0242252398527794	0.898007468218943	0.0514233575770588	0.000387287411081889	0.0102110460836368	0.0137095294821647	0.0014285120367788
8.80098015574803e-05	0.0102569080130298	0.0275864041299165	0.924355302019485	0.0149618700076814	0.00708473555367663	0.0131263999130245	0.00168851494951731	0.000851855612111081
0.000337052042858082	9.18791179703706e-05	0.0333414113108227	0.918335919585144	0.0271771464422377	0.00980718267480171	0.00857121142635756	0.00224631828184615	9.18791179619857e-05
9.08327579389143e-05	0.013521154203871	0.0296697206579827	0.917942731942778	0.02293254859945	9.08327579620317e-05	0.0139584118088819	9.0832758032606e-05	0.00170293451310315
8.95164234808423e-05	8.9516423385502e-05	0.0295214151151495	0.930839677166826	0.0203738023147909	0.00580641783111399	0.00912042492992356	0.0040697133718787	8.95164234507223e-05
0.0106230328509358	0.00591786366523829	0.0239152367906117	0.914533422626352	0.0284550126454409	0.000129753580430272	0.0101939817076476	0.00610194255295064	0.000129753580392391
9.05524143855023e-05	0.00796120426086718	0.0267879798786993	0.918267018749738	0.0281341543957908	0.00420862275507099	0.0116570799704101	0.0028028351606481	9.05524143898818e-05
9.01180876216725e-05	0.00820366487948838	0.0257342063531382	0.921401055721463	0.0282693954417792	0.00191417744240686	0.00852945528026964	0.00542188345161835	0.000436043342214687
0.00160668389714056	8.87360426548091e-05	0.0305379139102231	0.918299618169171	0.0226570095503749	0.0186638883571299	0.00796867798798453	8.87360426568889e-05	8.87360426646547e-05
9.15996179458763e-05	9.15996179106692e-05	0.0301142813624672	0.922100730644426	0.0265699989752114	9.15996179642235e-05	0.00730713174496565	0.0135414588011567	9.15996179523071e-05
0.00215013858344821	0.00435062374387767	0.0318766382289699	0.922619103497786	0.0213770257178722	0.00395191060961695	0.00993961558501363	0.00360488593087953	0.000130058102536166
0.00198620218572113	0.00127872506402424	0.0231296441955544	0.914939440273643	0.0295548457611818	0.00939688191772692	0.0138811299302192	0.0057435537581366	8.95769137930447e-05
0.00105236103975082	0.0001288443595112	0.0327075170816216	0.918180483976692	0.0174622247766161	0.0142293235134152	0.0122202811016913	0.00244009118534949	0.00157887296535228
9.30638470474121e-05	0.00316443854362311	0.0431567282213031	0.905860222400963	0.0303226626920515	0.00101091291041187	0.0100399698142757	0.00625893772327694	9.30638470479029e-05
0.0047475604773047	9.2918893093254e-05	0.0336875483787127	0.911015893516281	0.0294784579714434	0.00607030734861057	0.0147214756282492	9.29188931701631e-05	9.29188931351802e-05
0.00142613842414574	9.04140261576721e-05	0.0301996114849865	0.916544805839307	0.0287740515080354	0.00376798572181909	0.0114086524249643	0.00769792654446973	9.04140261149765e-05
8.90011807113848e-05	0.00950733639668304	0.024569294588683	0.910091533161554	0.0298456207763304	8.90011806242868e-05	0.0147334724081772	0.00887318063405133	0.00220155967318498
0.00385690250698441	0.00296921298084134	0.0334067621451438	0.915248884244599	0.0301388145370482	0.00541738857315325	0.00877957459301182	9.12302095594476e-05	9.12302096586535e-05
0.00110331001589545	0.00382120304098828	0.0272445377347215	0.902023109158747	0.0272121814839713	0.00455320672352611	0.0152407035767249	0.0158457918006514	0.0029559564647743
0.00648042747075811	9.22329101308756e-05	0.0371110691969306	0.893874607826629	0.0407134204454873	0.000400000842647219	0.00859172178237674	0.00654326474573932	0.00619325477930138
8.9134060819494e-05	0.00375244064410566	0.0287014065958689	0.929696145230904	0.0237383665723779	8.91340608696803e-05	0.0108422912835623	0.0029615102750678	0.000129571276424185
9.22842993980725e-05	9.22842993643647e-05	0.0249987229245108	0.932430733587981	0.0272912830770406	0.00703736441930114	0.00787275879358379	9.22842994154105e-05	9.22842994050329e-05
0.0078033633698462	9.10652878176691e-05	0.0631218109743127	0.837369727446333	0.0308231045497309	9.1065287797296e-05	0.0204188185079656	0.0276721443090448	0.0126089002671516
9.03741307699162e-05	9.03741307714994e-05	0.0319743353914238	0.92717253883878	0.0196355405528026	9.03741306970041e-05	0.00936707013290682	0.00790146150763846	0.00367793118420929
9.22950118730096e-05	9.22950118577059e-05	0.0412814955491049	0.899405244839483	0.0334439573540057	0.000887329663435038	0.0170787110791658	0.00674828422451593	0.000970387266559129
0.000591813418038662	0.00609072495766305	0.032667589430581	0.920580969776898	0.0259634739959597	0.000132527149278419	0.00920982066123338	0.00463055346111101	0.000132527149237259
8.94260407189905e-05	0.00722667981209312	0.024062685456906	0.930980977550604	0.0203843272471536	0.00256174472493938	0.012367087094051	0.00223764603281516	8.94260407186654e-05
0.00388807320991037	9.01734625900132e-05	0.0222965620645662	0.924948518929112	0.0269937257181048	0.00553066899146843	0.0131076737999395	0.00305443036170105	9.01734626071851e-05
0.00108229048027707	8.88656413725956e-05	0.027459685679749	0.915071988837004	0.0262908849030871	0.0125972098897129	0.015409662266766	8.88656413788274e-05	0.00191054666065274
0.00247152854078934	0.00447794863253449	0.046950838856651	0.882161575482941	0.039534409005121	0.00100444875785385	0.0139064149338449	0.00936013671009006	0.000132699080174502
8.93754777535274e-05	0.00516946670786434	0.0312832980694703	0.912851611498919	0.0296050792273086	8.93754777176103e-05	0.0120103227813346	0.00271695760767786	0.0061845131519543
9.03076365585565e-05	0.00469767322885986	0.0344159275906529	0.911513852503368	0.0274411020824043	9.03076365408742e-05	0.0121429359308038	0.005512674120705	0.00409521927010645
0.000245365858363176	0.0117197595891301	0.0217950224788787	0.924384200217137	0.0196028703151145	8.90977075663847e-05	0.0179997808068934	0.0040748053193331	8.90977075840079e-05
0.000246173498184405	0.00447374518094469	0.0272646869624999	0.923275539914153	0.0211554319784643	0.000284043820752496	0.0118411421926142	0.0113708934774899	8.83429748967237e-05
8.96897920881549e-05	0.00511842964713146	0.0284486928725607	0.926173442906294	0.0167824786818373	0.0111343999679118	0.0101573760526899	0.00200580028739826	8.96897920885541e-05
0.00421467333041595	0.00881124041234371	0.0368702284367758	0.912395738057525	0.0256264018479616	9.00254307884148e-05	0.0118116416228448	9.002543063898e-05	9.00254307052842e-05
0.000596808045925012	0.00960344328984176	0.027930210502951	0.928308718170832	0.0221542720424872	8.90319985546527e-05	0.0105573840581996	0.000671099892694433	8.90319985148121e-05
0.00251382556936288	0.000522357485080907	0.0381873829970778	0.901961928710292	0.0312082432131256	0.0070268108161068	0.00743894387912202	0.011048960234497	9.15470953347059e-05
9.04417668168294e-05	9.04417668031266e-05	0.0290034092743061	0.920884193190226	0.0213904326121261	0.0132105554527986	0.00883975753407513	0.00301136984390543	0.00347939855894251
8.92247347080802e-05	0.0248070543403533	0.0227251365191548	0.910874516429484	0.0255882529402725	8.92247346745449e-05	0.0156481408319867	8.92247346630549e-05	8.92247347030231e-05
0.00638633467060108	0.00389768403268058	0.069136414409309	0.832607203468434	0.0363203756630318	0.000130066476282876	0.0230044382506344	0.0252285985725538	0.00328888445647201
8.86658898862776e-05	0.0136517759632198	0.0284420735220621	0.921844033442517	0.0219894388351243	8.86658898900776e-05	0.0137180146774914	8.86658899188416e-05	8.86658898904063e-05
0.00334990696015092	0.00136049243191308	0.0281502215845351	0.902756326187272	0.0364599165816973	0.0104700755290893	0.00940113636657286	0.00506849708755949	0.00298342727120954
8.94115638580662e-05	0.00593663040238401	0.0247665725309185	0.93055321695916	0.018987033117434	0.00962399794638927	0.00793921454384346	0.00201451137215891	8.941156385428e-05
0.000984280570442668	0.0144433130784487	0.0180229803517236	0.918911925370903	0.0271578526150782	8.83510619152502e-05	0.011439391199035	0.00839609490466064	0.000555810847792669
0.00102518042920823	9.00294335001813e-05	0.0360400140577545	0.909103817305871	0.0227933604876594	9.00294336087355e-05	0.0141173987869518	0.0142895234630592	0.00245064660238691
0.000542578770566398	0.00480742924904494	0.0253795295679204	0.91203874174211	0.0393270290159047	0.000429682263652542	0.0120263325477918	0.00391771825768007	0.00153095858532895
0.000696195445601277	9.23840019964119e-05	0.0345246728131204	0.90825746973952	0.0317315447967114	0.00763672916938842	0.0148411861264217	0.000564997982012176	0.00165481992522861
0.000372175007659378	0.00416270147993696	0.0346122732790386	0.895299703026961	0.0470960150623287	0.000959438903493089	0.0104696633269362	0.00693482380396095	9.32061096849581e-05
0.00123042350941648	0.00159549191526215	0.0356657322595338	0.917599688851482	0.0262449610715264	0.00417232370196303	0.012333258155555	0.00106649097974082	9.16295555198378e-05
0.00128319048040849	0.00306342178506383	0.0315769106973226	0.92088050411204	0.0235000429281644	0.00419138469550515	0.00996577739747411	0.00149377352873661	0.00404499437528473
0.00413702041422845	0.00493119095300337	0.0314173881164897	0.911122641069617	0.0254002921680251	0.00736642283669523	0.0131167839916445	0.00211466226727239	0.000393598183024433
8.9981020488489e-05	0.0025064171786845	0.0238881525170079	0.923245628054861	0.021121143552691	0.0052374913810998	0.0151748380220769	0.00791450541987977	0.000821842853210913
0.00399019939726895	0.00013065817991276	0.0272418832189162	0.910545743729419	0.0288211775237497	0.00909979556430866	0.0103086310908633	0.00865612646905058	0.00120578482651067
0.00265541616764129	0.0011094514930725	0.0274433941427372	0.905016011695876	0.0411652038893179	0.00426352915088148	0.0117597255903187	0.00649837306125787	8.88948088972637e-05
0.002102474671267	0.00875963286463397	0.0233426279996042	0.925975525297887	0.0259749354900463	0.000343421191582639	0.00961251368116767	0.00375941036934311	0.000129458434467855
0.00199114586028386	9.05568528809642e-05	0.0337793921265032	0.893361788355549	0.0377027821349282	0.00953468228359814	0.0165039696660939	0.00694512586725971	9.05568529033962e-05
0.00152194948634132	0.0181227781488564	0.0244008099342305	0.913465274179865	0.0272804170346779	0.000691737587006989	0.0143360224539808	9.05055875120376e-05	9.05055875287828e-05
0.00105265264207105	0.000834970174989114	0.0267256129456883	0.925494623755854	0.0193420144495956	0.00923046216956882	0.0124120707150488	0.00371062192705291	0.0011969712201313
8.8935940933504e-05	0.00721786881709346	0.02747782890459	0.913749959907233	0.0333420801983675	0.00720570158293292	0.00729021786998839	8.89359409028739e-05	0.00353847083795804
0.00553401763277225	8.78914464162856e-05	0.0466711788833194	0.845500243086661	0.0251555727545805	8.78914464137145e-05	0.0300779820778472	0.0256923531822897	0.0211928694896994
0.000364396541037587	0.00988593560042368	0.026397380860366	0.90098207924058	0.035624890761468	0.0033269010225914	0.0151012081560759	8.80095891538728e-05	0.00822919822830393
9.07318950075254e-05	9.07318949964099e-05	0.0421580524886424	0.905852843974533	0.0183503369446568	0.0106415404629545	0.0144413573108221	0.0041839813508343	0.00419042367755292
9.12356249688293e-05	9.12356250385122e-05	0.0309199063972973	0.919297524271677	0.021076343734648	0.00930120162161262	0.0122625229812391	9.1235625006543e-05	0.00686879411851248
0.00250241627947244	9.14948990126204e-05	0.0407783871306777	0.898864129459509	0.0320847113466119	0.00645430821195569	0.0112649118350815	0.00469780194998904	0.00326183888768979
0.00761462816281427	0.000130135694739854	0.0304468390661362	0.92049893266488	0.0215324815122494	0.00182512110523579	0.00666066852199306	0.010731682260945	0.000559511011005917
0.00103485801261616	0.0157864851810056	0.024144436382161	0.908328439546283	0.0225444107731949	0.00393648490247358	0.0150726889157431	0.00426856669862962	0.00488362958789338
9.01394601698094e-05	0.00474845092323808	0.0313390148005563	0.931823872189975	0.0221070503751767	9.01394601260121e-05	0.0076046277480753	0.00210656558251435	9.01394601689178e-05
0.00117331281288287	0.0028120106202849	0.0282381418452272	0.926472818931114	0.0212203510548591	8.85054678491869e-05	0.00954845967448956	0.00859665115669766	0.00184974843659509
9.00670945801446e-05	9.00670947417312e-05	0.0320573371621501	0.930981891150948	0.0182974398017388	9.00670946833271e-05	0.0122447924633219	0.00592868085444792	0.000219657283388512
0.00110222168214693	8.95731010423588e-05	0.0244955706091358	0.932741954874991	0.0167758104984825	8.95731009311887e-05	0.0136849581915539	0.00670300033479493	0.00431733760692172
8.96891681488611e-05	0.00347301739096517	0.0359449988992266	0.924474669007769	0.0184111737778399	8.96891681523897e-05	0.0110279696852937	0.00639910373447065	8.96891681338173e-05
0.000658135994278519	9.24130190312274e-05	0.0387080747242736	0.896857311552882	0.0249119148944748	0.0123648068694931	0.014812771734818	0.00736567820539612	0.00422889300535291
0.000129401588372554	0.000129401588369741	0.0351963510694829	0.915511736089166	0.0164577220163894	0.0106543135351342	0.0110590164880408	0.00619106502934555	0.00467099259569907
0.00066463857509463	0.00399670057127276	0.0207726256641897	0.924082686254971	0.0202281533386248	0.00715284025010002	0.0145719402503956	0.0047239400790764	0.00380647501627478
0.000426502795033782	9.26894104118025e-05	0.043580117580949	0.883511975656901	0.0246306790063051	9.26894105116524e-05	0.0136460161233253	0.0214918984192346	0.012527431597328
0.00289493305959185	0.00980917891925115	0.0234308541712246	0.911478017597112	0.0398958843924984	9.03585145866153e-05	0.0122200563162128	9.03585148137966e-05	9.03585147085168e-05
8.94365735815394e-05	0.0098366427747582	0.0280994976446412	0.918067510620533	0.0278844565490565	8.94365736351081e-05	0.0157541461165429	8.94365736619357e-05	8.94365735894733e-05
0.00202530554967157	9.52826826632537e-05	0.0426438519393625	0.912673728695354	0.0221548509512636	9.52826827204435e-05	0.0118185638756534	0.00839785094062792	9.52826826834209e-05
9.44680764673539e-05	9.44680764580979e-05	0.0367552764829125	0.909809285255674	0.033025471094532	0.00796788444071941	0.00898907130535065	0.00316960719140953	9.44680764762872e-05
0.000133449516718102	0.000133449516647765	0.0398210411032197	0.915174902331434	0.0217585340010409	0.00507892343140468	0.0136264068623317	0.00360586599116092	0.000667427246041858
0.000317541371780251	0.000134786562982988	0.0451626176574632	0.902737530370759	0.0314616578710963	0.00242652946812985	0.0137966007337695	0.0036410429767566	0.000321692987261995
0.0037897094414474	0.00602115562839221	0.030564277162499	0.909971656957389	0.0311123089680678	9.13190944020302e-05	0.0136325314527151	0.00472572220065923	9.13190944277936e-05
9.21389110942725e-05	9.2138911089346e-05	0.0333944014081157	0.915279935553751	0.0232600567149301	0.0135761890280641	0.0113607047761552	9.21389111588228e-05	0.00285229578564192
9.24785943958823e-05	9.24785943723121e-05	0.0401694589321003	0.916189562179435	0.0185243020408651	0.0119177113376354	0.0114076511106533	0.0015138786161477	9.24785943948397e-05
9.00059460911323e-05	0.0133192767820987	0.0331461917520046	0.908880605545617	0.02253173739762	9.00059459619514e-05	0.0134818900825427	0.00837028060198641	9.00059460772477e-05
9.19159164791513e-05	9.19159165756036e-05	0.0263590467528774	0.915866081642488	0.0308602055281294	0.00896428421160594	0.0110889695631037	0.00658566455226134	9.19159164791908e-05
0.000924869534269776	8.93701769106095e-05	0.0254101846392234	0.936694358980782	0.0143666273778516	0.00269445609275261	0.0142473668912527	0.00390763031623483	0.00166513599072213
8.76418973167568e-05	0.0100203379399543	0.0238569655948677	0.925598631205633	0.0270167727125025	8.764189728255e-05	0.00804939316117229	0.00373427624647913	0.00154833934479183
0.00317963530050194	0.0147604170583181	0.0274205261037949	0.917821409556922	0.0218647759152471	0.00453436396369713	0.0102378442594842	9.05139210598995e-05	9.05139209749991e-05
9.08245922435665e-05	9.08245923570119e-05	0.0201897162012045	0.91583931055643	0.0305952600983125	0.000787341829309152	0.0142761098233968	0.00516579134837535	0.0129648209583709
8.93221398694158e-05	8.93221398021318e-05	0.0347893732890597	0.922340025134484	0.0202788677584535	0.0116841619908643	0.0105502832678145	8.93221398083605e-05	8.93221398445746e-05
0.00515895522422181	0.00986166647161326	0.0287153367571287	0.89873118801894	0.0337865328175245	8.87261779131084e-05	0.00767338625042764	0.0158954821042488	8.87261779818121e-05
0.0183281515945841	9.0951707126427e-05	0.0621283464582599	0.840716858424773	0.0377606272244869	9.09517071237433e-05	0.0198113345849511	0.0209818265915185	9.09517071764802e-05
8.85144357510166e-05	8.85144358581563e-05	0.0247088301234027	0.924332989313226	0.0189323519839927	0.0171443775273699	0.0128033511176067	8.85144355888236e-05	0.0018125566272039
