Basophils	Bcells	CapsularFibroblasts	cDC1s	cDC2s	CentralVeinEndothelialcells	Cholangiocytes	Fibroblasts	Hepatocytes	HsPCs	ILC1s	Kupffercells	LSECs	LymphaticEndothelialcells	Mesothelialcells	MigcDCs	MonocytesMonocytederivedcells	Neutrophils	NKcells	pDCs	PortalVeinEndothelialcells	Stellatecells	Tcells
0.000761513223882857	0.0054758124646482	0.00253197694179238	0.000881467163783181	0.0087834306880709	3.60976032616863e-05	0.0117183204799318	3.60976032618043e-05	0.830771529083569	0.0161250091506867	0.00313313738658059	0.067184679430333	0.0259662682854668	3.60976032616863e-05	3.60976032616865e-05	3.60976032616862e-05	3.60976032630007e-05	3.60976033522348e-05	3.60976032625194e-05	0.0063314825081814	0.0109403255743962	0.00907016918922699	3.60976032634877e-05
3.55475003628701e-05	3.55475003685582e-05	0.0134810389560675	0.00474877817755898	3.55475003600172e-05	0.0316073639002191	0.00330608707389389	3.55475003587901e-05	0.877888272717155	3.55475003587501e-05	3.554750035875e-05	0.0300332301942742	0.0038136756572362	3.55475003578734e-05	3.55475003587501e-05	0.00436346656709665	0.0039197654872829	3.55475005653535e-05	3.55475003420573e-05	0.0140632042907289	3.55475003587504e-05	0.0123485469740788	3.55475002572556e-05
3.48450615628902e-05	0.000698061142942521	0.00327223288599372	0.0108727081542936	3.48450615636541e-05	0.0182133664709346	0.00448257594666166	3.48450615606759e-05	0.814297896837642	0.00483077131907838	3.48450615606755e-05	0.0667973442270482	0.0379296295442762	3.48450615606757e-05	3.48450615606755e-05	0.00602169725297028	0.00609840506427978	3.4845061574503e-05	3.48450615558186e-05	3.48450615606751e-05	3.48450615602904e-05	0.0187798364429031	0.00735702409535527
3.46063500878331e-05	3.46063500330541e-05	0.000586542457929148	3.46063500204963e-05	0.0112324126080631	0.0227837977071458	3.46063500327667e-05	3.46063500312575e-05	0.828949000693012	3.46063500327656e-05	3.46063500327663e-05	0.0471838770165081	0.0226252743236102	3.46063500326587e-05	0.00656748535195734	0.00105509456304914	0.0174039842237991	3.46063499739683e-05	3.46063500141376e-05	3.46063500327683e-05	3.460635003739e-05	0.032022883126092	0.00917437172847228
3.55427094329647e-05	3.55427094192942e-05	0.00565069925457844	0.0127012674864968	3.55427094189193e-05	3.55427094189181e-05	0.00322886769208158	3.55427094189204e-05	0.858258796477944	0.00120474501953967	3.55427094189172e-05	0.0537436978141107	0.0456118921136185	3.55427094189247e-05	3.55427094189184e-05	0.000231517398023459	0.000696566044675502	3.55427096119656e-05	3.55427094064884e-05	3.55427094189182e-05	0.00404404792255748	0.0142013902631344	3.55427094361105e-05
3.41534495247644e-05	3.4153449523106e-05	0.0141780279405523	0.0126886103823561	3.41534495264375e-05	0.00834808571685288	0.0895293795633794	0.0446148476689909	0.701010734307339	0.00697205008807036	3.41534495264013e-05	0.0700072013633067	0.0204288603785161	3.41534495264015e-05	0.00460390319615	3.41534495264016e-05	3.41534495287634e-05	3.41534495180428e-05	3.41534495164944e-05	3.41534495264018e-05	0.017092389632215	0.0101502218174995	3.41534495281033e-05
0.0024878889609783	0.00865572134682935	0.00168902152781193	0.00268245738693789	3.56325737522151e-05	0.00470030410541217	0.00886534383506571	3.56325737563744e-05	0.827555633947969	6.71489059350674e-05	3.56325737522145e-05	0.0601693708209971	0.0416405969190226	3.56325737522068e-05	0.00480956894474786	0.00914699489882295	0.00520367327674078	3.56325737519712e-05	3.56325737551127e-05	0.00470674788704001	0.00018329735666485	0.0171868018627514	3.56325737522136e-05
0.00118571280671178	0.00371996845487307	0.00648288082799904	0.00819026761286742	3.49505127533493e-05	0.00800916748178847	3.49505127533479e-05	0.00248061583723576	0.841216411925739	0.000575022902797515	3.49505127533494e-05	0.0623192948750962	0.0294268035454348	3.4950512754526e-05	3.49505127533477e-05	0.00506490983990169	0.00457332179628778	3.49505127464358e-05	3.49505127454463e-05	3.49505127533011e-05	3.49505127533234e-05	0.0264061169657457	3.49505127550922e-05
3.54198245062883e-05	0.00506458168507473	0.0109201503751674	0.0113306013163592	3.54198244694799e-05	0.00486540211583147	0.00185662017266048	3.54198244679412e-05	0.856748855303217	3.54198244698092e-05	3.54198244698114e-05	0.0419242938879098	0.0309660033121	3.54198244698086e-05	3.54198244698087e-05	3.54198244698086e-05	0.0130754742414161	3.54198244793947e-05	3.54198244806559e-05	0.00553739359283128	3.54198244697854e-05	0.0126303217068546	0.00469068422135469
8.20720479887734e-05	3.62620557076019e-05	0.00707908582935826	0.00743511240390916	3.62620556997933e-05	0.00855360640577975	0.00755346126523785	3.6262055695629e-05	0.858493107608159	3.62620556982849e-05	3.62620556982885e-05	0.0431197814919657	0.039365935747795	3.62620556981454e-05	3.62620556982842e-05	0.000813552152403137	0.00650498546280866	3.62620557011784e-05	3.62620557048717e-05	3.62620556982856e-05	0.00137946882138735	0.0129933798492363	0.00626383035697063
0.00450399409973804	3.61036639259182e-05	0.00643891333175215	0.00331957380099882	3.6103663925254e-05	3.61036639197007e-05	0.00629909522757245	0.000562751377761265	0.858739487999393	0.00325978278227266	3.61036639197079e-05	0.0507577577948835	0.0248424714095027	3.61036639197008e-05	3.61036639197001e-05	0.000342851280109777	0.00735543842078027	3.61036638576744e-05	3.61036639438536e-05	3.61036639197005e-05	0.0136877455011611	0.0195291003349225	3.61036639008119e-05
3.6119081281311e-05	3.61190812722256e-05	0.00536413286612874	0.0134589682564873	3.61190812797102e-05	0.00728238863106407	0.00270622997696546	0.00132686656417199	0.880415985781407	3.79732435823894e-05	3.61190812797103e-05	0.0435364205808287	0.0380976510792995	3.61190812797083e-05	0.00085589355556771	3.61190812797095e-05	0.00482228154979919	3.61190812109162e-05	3.61190812807226e-05	3.61190812797096e-05	3.61190812793419e-05	0.00169789802069303	3.61190812815111e-05
3.47917501546946e-05	3.47917501414208e-05	0.00623239785745289	0.00326427031013629	3.47917501345543e-05	0.0660458968802673	3.47917501345537e-05	0.00324123894199296	0.84284016674023	0.00265208400458718	3.47917501345622e-05	0.0372250324763197	0.00423517098202985	3.47917501345101e-05	3.47917501345556e-05	0.00147063804410175	0.0104532257946419	3.4791748195172e-05	3.47917501391645e-05	3.47917501345543e-05	3.47917501345136e-05	0.0219223769685313	3.47917501365597e-05
0.000973133578196626	3.65736648717027e-05	3.65736648652123e-05	3.65736648647878e-05	3.65736648652262e-05	3.65736648652107e-05	0.005434442095594	3.65736648664673e-05	0.884602282613663	0.00101095616570443	0.000749335172773498	0.0381350346870217	0.0342846591296917	0.00204514858981358	0.00328042125826919	0.00554371016482945	3.65736648671605e-05	3.65736653421976e-05	3.65736648745882e-05	0.00823248606156583	0.0082795625126894	0.00706309132103751	3.65736648670384e-05
3.56896540558845e-05	0.000113491812544944	3.56896540532221e-05	3.56896540642377e-05	0.00481720508353628	0.00657192904876266	0.00579354259310297	3.56896540548259e-05	0.808773001759527	0.00484881043822377	0.0063809922730914	0.0663380989941881	0.0298412117807914	3.56896540532135e-05	3.56896540532222e-05	0.000466222611996531	0.0144817923698865	3.5689654102532e-05	3.56896540369084e-05	3.56896540532222e-05	0.00980026658359018	0.0414165381101948	3.56896540356403e-05
3.52403203344338e-05	0.00303895081179081	3.52403203158763e-05	3.52403203029909e-05	0.011992953584517	0.0286810802973058	3.52403203130332e-05	3.52403203164475e-05	0.865922108603587	3.75237255866818e-05	0.000641794571220273	0.0480562592441042	0.0277278199817512	3.52403203144346e-05	0.00127935522561111	0.00197668244961238	0.00275240074977317	3.5240320311998e-05	3.52403203152123e-05	0.000467584327522252	3.52403203126048e-05	0.00707308322446588	3.52403203147925e-05
3.51184040782303e-05	0.000650550409331491	0.00800818761885589	0.0117710504905323	3.51184040863646e-05	0.00314404232757465	3.51872519448809e-05	3.51184040745599e-05	0.864326577998109	3.51184040748879e-05	3.51184040748922e-05	0.0482671992719248	0.0336058589590422	3.5118404074267e-05	0.00316235676412073	3.51184040748878e-05	0.0106595765263421	3.51184040006523e-05	0.00388844172534913	3.52887015993421e-05	3.51184040749491e-05	0.0120944979145984	3.51184040613392e-05
0.00245947490390543	3.46104005627895e-05	3.46104005621407e-05	0.00850045313062972	3.46104005621412e-05	0.00234396760634384	0.000390604036409629	3.46104005621407e-05	0.857124205310582	3.46104005621401e-05	3.46104005621403e-05	0.0346265160799337	0.0371572143732605	3.46104003746102e-05	0.00654352125816834	3.46104005621396e-05	0.0104534472491813	3.46104004397483e-05	3.46104005670735e-05	3.46104005621414e-05	3.46104005624403e-05	0.0366075235910244	0.00337774765411925
0.000812252254129537	3.57143460902871e-05	3.57143461114016e-05	0.000772966702244811	3.57143461114016e-05	0.00670137474520908	0.00323584967612983	3.57143461137065e-05	0.85375984978346	3.77298418745771e-05	3.57143461114014e-05	0.0505887091135675	0.0262227796341024	0.00991637415164333	0.000542457964786604	0.00353912249696859	0.0171070268089232	3.57143460990677e-05	3.57143461133806e-05	0.00643082783769221	0.00174845144881259	0.0182985127715838	3.57143461209221e-05
3.63700666562596e-05	3.63700666704485e-05	3.63700666412911e-05	3.63700666511035e-05	3.63700666421487e-05	0.00338123166116218	0.00281758322008228	3.63700666469698e-05	0.855091807715309	0.00239450523391341	3.63700666412927e-05	0.0799155715515694	0.041418303764137	3.63700666432829e-05	3.63700666412917e-05	3.63700666412909e-05	3.63700666412894e-05	3.63700666125671e-05	0.00294522775530543	3.63700666412911e-05	3.63700666412918e-05	0.0114902180988855	3.63700666241199e-05
3.59300117854773e-05	0.00245484209011674	3.59300117815268e-05	0.00830946482759282	3.59300118015026e-05	0.00137336498064562	0.00586331585760833	3.59300117832574e-05	0.854786040838695	0.00462448805729782	3.59300117815275e-05	0.0660535791455741	0.0218545061736518	3.5930011781528e-05	0.00192321227321904	3.59300117815268e-05	0.00604725362664068	3.59300116686078e-05	3.59300117779009e-05	0.00455704064600562	3.59300117816872e-05	0.0143819937280696	0.0074115976371585
0.00147322735048448	0.00841245916076872	0.00148418526849652	0.0179578419495496	3.53130642874317e-05	3.5313064279191e-05	0.00236997640900451	3.53130642791885e-05	0.840508644017323	3.53130642791881e-05	3.53130642791862e-05	0.0504386771499185	0.0486544834932598	3.5313064279189e-05	3.53130642791872e-05	3.53130642791886e-05	3.53130642791683e-05	3.53130642828921e-05	0.00471100781780813	3.53130642791876e-05	0.0104573830199127	0.00483878233392917	0.00830488832246188
2.48883719312469e-05	0.00646780490516736	0.00173476592369269	0.00632344540033564	2.48883719312467e-05	2.48883719312467e-05	0.0268414686920403	2.48883719312616e-05	0.836695116175562	0.0200026726619248	0.0167686911580823	0.0241813457172841	0.0266434139478603	0.00693701348470383	2.48883719312483e-05	0.00491045813181431	2.4888371930617e-05	2.48883720875926e-05	2.48883719312458e-05	7.43896214119879e-05	0.0141068550582639	0.00562294147679136	0.00249051066945954
3.40978971756774e-05	0.0109068530962378	0.0144606582689526	0.00726597661330535	3.40978971631543e-05	0.0170881290062336	4.23060883375154e-05	0.00704942672400079	0.827453085582211	3.40978971636155e-05	3.40978971636139e-05	0.0614622669816519	0.0327847519061562	3.40978971653929e-05	3.40978971636151e-05	0.0042182166795126	3.4097897164509e-05	0.000347624057086082	3.4097897166268e-05	0.00173548387884419	3.40978971636032e-05	0.0148442421458161	3.40978971653175e-05
0.00118114844052618	0.000568285025367774	0.00626205825946642	0.00200254356155202	0.0003237244680536	3.6450229998271e-05	0.00901900425711936	3.64502300016669e-05	0.85333881028429	0.000251226084613827	3.6450229998273e-05	0.0488505327426244	0.0415682408858505	3.6450229999986e-05	0.0105465789659948	3.64502299982703e-05	0.00436872805331183	0.000217621823752392	3.64502299983474e-05	3.91771213993183e-05	0.00817068807780729	0.00872314341754922	0.00434978715072594
0.00121970160697483	3.67380630372355e-05	0.000669369889511419	3.6738063047117e-05	3.67380630428327e-05	3.6738063048955e-05	0.0112369715489863	0.0013330477463062	0.844377378651237	0.00808471349589028	0.00160512796994026	0.0509666056042862	0.0236357566285381	0.00603346271925884	3.67380630489548e-05	3.67380630489551e-05	0.013206343291128	3.67380630576706e-05	3.67380630512417e-05	0.00200911075075928	0.0227402961237165	0.0125514714060216	3.67380630621637e-05
3.48437882208017e-05	0.00239742959621203	0.00477205975751708	0.0104483911099916	3.48437882060267e-05	0.0235337925188405	3.4843788206394e-05	0.000970891982183042	0.870392994087295	3.48437882063963e-05	3.4843788206403e-05	0.0338705334940311	0.0322901404468472	3.48437882063952e-05	0.00367248963358789	0.00130039585108999	0.00535831237778723	3.48437888171551e-05	3.48437881871932e-05	3.48437882063947e-05	3.48437882062144e-05	0.0106092874737179	3.48437882304254e-05
3.51302370321109e-05	0.000932659211493345	0.00224820081355484	0.0131790610647119	4.28291138905834e-05	0.0181884302786665	3.5130237026537e-05	0.00177726851219715	0.889862810771035	3.5130237026537e-05	3.51302370265368e-05	0.0387075079168523	0.0218324604680231	3.51302370264076e-05	3.5130237026537e-05	0.00363028716967171	3.51302370357813e-05	4.61798301034337e-05	3.5130237036974e-05	3.51302370265377e-05	3.51302370265344e-05	0.00781070324737088	0.00139029923213905
0.00137753013040403	3.54842903488229e-05	3.54842903504302e-05	3.54842903509202e-05	3.54842903493629e-05	0.0170412824789251	0.00327905981989509	0.00610716077703821	0.867891393337205	4.11196333495534e-05	3.54842903504332e-05	0.0537634162698806	0.0310552091607894	3.54842903504288e-05	3.5484290350429e-05	3.54842903504292e-05	0.0103047182174832	3.54842905446751e-05	3.54842903343041e-05	0.00220810999483677	3.548429035043e-05	0.00650518869582992	3.54842903318392e-05
3.55240543939779e-05	0.00102829229453971	3.55240543512392e-05	0.0169611067135245	3.55240543513172e-05	0.0184403128440373	3.60592509944922e-05	0.00641011924511672	0.886144754262357	3.55240543512391e-05	3.55240543512531e-05	0.0405121332431733	0.0063072988596592	3.55240543517062e-05	3.55240543512382e-05	3.55240543512388e-05	0.00510921137353352	3.55240543661287e-05	3.55240543394183e-05	3.5524054351239e-05	0.00659094615599012	0.0120334771048105	3.55240543530099e-05
0.00113631328994767	3.60715679846196e-05	3.60715679920729e-05	0.0123471793496237	0.000313492741319303	3.60715679920767e-05	0.00789887851021961	3.60715679924349e-05	0.868984947406173	3.60715679920764e-05	3.60715679920716e-05	0.0422352845746504	0.0528600324256952	3.60715679920863e-05	3.60715679920769e-05	0.000479888451673618	0.00675599764977302	3.60715668517489e-05	3.60715679784511e-05	0.000600544557179934	3.6071567992079e-05	0.00583981462323552	0.000150839173757163
0.000634271716313941	3.44266383763859e-05	0.00826833230944567	0.00313319408562989	3.44266383956315e-05	3.44266383884086e-05	3.44266383884087e-05	3.44266383868921e-05	0.847544031678289	3.98857901819127e-05	0.0134065166184657	0.0365693021611095	0.0372057831676911	3.44266383877047e-05	0.0063740031435345	0.00744609664474458	0.00749615170188825	3.44266389900682e-05	3.44266383944501e-05	3.44266383884087e-05	3.44266383877629e-05	0.0215317229255704	0.010006441672651
0.000521236194100319	3.5059005813263e-05	3.50590058116793e-05	3.50590058050249e-05	3.50590058116806e-05	3.50590058116803e-05	0.00285973148688341	0.00585449109634795	0.875411951674574	0.00346938200830943	3.5059005811681e-05	0.0379714980368457	0.0439901478488615	3.50590058116887e-05	3.50590058116792e-05	0.00616861860778749	3.50590058086112e-05	0.000139727782960971	0.00176396198146242	0.00570766589167009	3.50590058126933e-05	0.0157559383263232	3.5059005764263e-05
0.00115671070419293	0.002774946548197	0.00997807581790488	0.0139780426404995	3.59352433702728e-05	3.59352433702127e-05	0.0133814244248036	0.0237696218397663	0.825124473851929	0.0043806181167291	0.00165969271229728	0.0292822305081326	0.0371147648896045	0.0207479122636057	0.00246009985617601	0.00397139083151444	0.00326420103491439	3.59352445290035e-05	3.59352433678722e-05	0.00421806450957974	0.00167583545393609	0.000882217778207362	3.59352433720053e-05
3.47635869017552e-05	3.47635869153332e-05	0.00150614791345335	3.47635869219441e-05	3.47635869197813e-05	0.00222032755634267	3.4763586918926e-05	3.4763586918921e-05	0.800386392244045	0.00535427925025336	0.012823156847665	0.0681845074414918	0.0487457675511351	3.47635869189208e-05	0.0069770107546182	0.00984565288498155	0.00486197527405164	3.47635869139243e-05	3.47635869189202e-05	0.016575136921853	3.47635869189215e-05	0.0110068219890643	0.0111651875018774
3.62827586483514e-05	3.62827586802589e-05	3.62827586471546e-05	0.00294217382816372	0.0057512628985005	0.00495240652132001	0.00572593207346767	3.62827586508538e-05	0.84736568067873	0.00557307068380258	0.000710835039387821	0.064029655454087	0.0429769227907946	3.62827586471562e-05	3.62827586471547e-05	3.62827586471527e-05	0.00532977472504787	3.62827586425484e-05	0.00014406605461408	3.62827586471545e-05	3.62827586471472e-05	0.00833286154577463	0.00580253011980383
3.54155244066826e-05	0.0021590681952651	0.0100396848774068	0.00908940808440657	3.54155244088484e-05	0.00329217179952312	0.0066770615869143	0.000185044155074033	0.872541588762111	3.54155244098744e-05	3.54155244098791e-05	0.0452332349581704	0.0323002073195254	3.54155244098727e-05	0.00318710997038202	0.00188847433925886	0.00717364701147347	3.54155243834779e-05	3.54155244075874e-05	3.54155244098742e-05	0.00329532043034737	0.00261923879048404	3.5415524411642e-05
0.00518164683266599	0.00654491254799652	3.55676917804901e-05	0.00930109489964979	3.55676917868016e-05	0.00275284009048147	3.55676917804901e-05	3.55676917809748e-05	0.886599128375783	0.00146611046968711	3.55676917804916e-05	0.0418645985206273	0.0331915704255375	3.55676917806518e-05	0.00141579313203858	0.00384099043947983	3.55676917770838e-05	3.55676925233006e-05	3.55676917660564e-05	3.55676917804897e-05	3.55676917880855e-05	0.00741450196394536	3.55676917822644e-05
0.000772434077625989	0.00162141714914632	3.4767540616555e-05	0.00693148162589381	0.0045089339299905	0.00833130340071606	0.000913951250689145	0.00194696519157089	0.862286676466242	3.47675406165551e-05	3.47675406165557e-05	0.0409800241109651	0.0430688112874806	3.47675406165579e-05	0.00493559060569355	3.47675406165548e-05	0.00392180951879288	3.47675412013672e-05	3.47675405953132e-05	0.00271950508377323	3.47675406163958e-05	0.0124684061260564	0.00431454984986685
3.45259048179782e-05	0.011908691599894	0.0072155281564596	0.0109457637034313	3.45259048168436e-05	3.45259048168051e-05	3.45259048168077e-05	3.45259048132511e-05	0.841019833146112	0.00647364006779363	3.45259048168069e-05	0.0503550443326088	0.0360290833551662	3.45259048168077e-05	0.00424036549274388	0.00340969830069646	0.00228426389973801	3.45259053116098e-05	3.45259048511664e-05	3.45259048168085e-05	3.45259048155197e-05	0.0175677938542152	0.00817050913763022
0.00199373820381316	0.00386709004797697	0.0112173315304956	3.51747306864419e-05	0.00849442326200785	3.51747306851591e-05	3.51747306851588e-05	3.51747306844532e-05	0.866863008012529	3.51747306851586e-05	3.51747306851502e-05	0.0697358234256642	0.0274002053177576	3.51747306851589e-05	3.51747306851596e-05	3.51747306851596e-05	0.000487775175305917	3.51747314026208e-05	3.5174730699562e-05	3.51747306851588e-05	3.51747306851592e-05	0.00944815879412245	3.51747306869144e-05
3.58856888357412e-05	0.0020595508176242	3.58856888362933e-05	0.00224897710420636	3.58856888359359e-05	3.58856888362942e-05	0.00480403064286536	3.5885688836874e-05	0.85856897873121	3.67338851609471e-05	3.5885688836289e-05	0.0509206272680791	0.036126694097443	3.58856888378605e-05	3.58856888362936e-05	0.0153407195243061	3.58856888416417e-05	3.58856888318996e-05	3.58856888401084e-05	0.00376871195456379	3.58856888356152e-05	0.0198696160460165	0.00582473166248428
0.00791596862032821	0.00218681282931619	0.00474299555187612	3.60593054288626e-05	3.60593054289271e-05	3.6059305428928e-05	0.021232725691172	0.0101194517115086	0.842375193994467	0.000993283117108462	3.60593054289349e-05	0.0577189050906989	0.0334573353824384	3.60593054289266e-05	3.60593054289268e-05	3.6059305428927e-05	0.00519805844337556	3.60593053707147e-05	3.60593054331015e-05	3.60593054289267e-05	0.00957556795063297	0.00408704925741189	3.60593054307271e-05
2.49854091855282e-05	2.49854091816877e-05	0.000250964346363385	2.49854091855248e-05	0.0318568738394207	0.0104033536475298	0.000749959852780511	2.49854091855278e-05	0.870549129182789	2.49854091855287e-05	2.49854091855236e-05	0.0535510070495244	0.0170459430852686	3.42262660761565e-05	0.00540061290570907	0.00354878038787096	2.49854091868044e-05	2.49854090508349e-05	2.49854091874437e-05	2.4985409185526e-05	0.00225556948357529	0.00407874045218977	2.49854091821116e-05
3.50351399886099e-05	0.00673185783473766	0.00324627230470524	3.50351399783131e-05	3.50351399782727e-05	0.0106372659436133	0.00649831683480432	3.50351399782737e-05	0.854672850983704	3.50351399782745e-05	0.00404899825116824	0.0397232842925631	0.0321184817131143	3.50351399782744e-05	0.00470437561275955	0.0152497152194393	0.00422373887820459	3.50351399596772e-05	3.50351399790976e-05	3.50351399782747e-05	3.50351399782744e-05	0.0177594555914341	3.50351399766808e-05
3.44295450610672e-05	3.44295450510144e-05	0.00609299283239899	0.0118839204730604	3.44295450719233e-05	0.0232516436651453	3.44295450719229e-05	0.00337797964601596	0.830056169534326	3.4429545071923e-05	3.44295450719218e-05	0.0452923338178269	0.0383323380430073	3.44295450719214e-05	3.44295450719221e-05	3.44295450719208e-05	0.00795663297037184	0.00173264353540592	3.44295450333751e-05	0.00578981626667206	3.44295450719229e-05	0.0258203746749619	3.44295450860741e-05
0.00457560082384024	5.04894708416508e-05	5.04894708461465e-05	0.00589031472043015	5.04894708461498e-05	0.00949807995111475	0.0153466333193207	0.00551271877292278	0.840483189440579	7.60916514012797e-05	5.04894708461472e-05	0.0342291594643141	0.0329237075513504	5.04894708461462e-05	0.00134751478973663	0.00764124001866235	0.000427578932312128	5.0489471163942e-05	0.000303704914722281	5.04894708461457e-05	0.0266524134259106	0.0144301790911772	0.000308446835969159
0.00383700802466331	0.000338817642387577	0.00886386629225587	0.00625144121730302	3.97612072735941e-05	0.00742499794316561	0.00746997674240681	0.00721215247066202	0.864758026579665	0.00623002382251167	3.49278513868164e-05	0.030894150015007	0.0389856643034209	3.49278513868165e-05	3.4927851386812e-05	0.00248409024884185	3.49278514009701e-05	0.000278443509515377	3.49278513880278e-05	0.00322179168513285	3.49278513874764e-05	0.00838925534719783	0.00311096584025239
2.44415862520325e-05	0.00151547910310751	0.012209321134649	2.44415862548169e-05	2.44415862525322e-05	0.0178845874197472	2.44415862520325e-05	2.44415862520288e-05	0.849633611159435	0.0131269368739826	2.44415862520331e-05	0.0538198924303487	0.0223762911569859	2.44415862447936e-05	2.44415862520323e-05	0.00109529431742693	0.00510290517964493	0.000698246721786001	2.44415862534851e-05	2.44415862520336e-05	0.00209786978688221	0.0173844902435523	0.00281065860993344
0.00267985549151464	3.4498338284907e-05	0.00322083822581028	0.00423424007305329	3.4498338264499e-05	0.017348701444659	3.44983382726266e-05	0.0049097490110403	0.855623351943438	3.49248351818796e-05	3.44983382726267e-05	0.0382052635787976	0.0322083689186256	0.000169702690392791	3.44983382726261e-05	0.00688432110487112	0.000724994531328399	3.44983378353477e-05	3.44983382616658e-05	3.44983382726281e-05	3.44983382726229e-05	0.0186759510684587	0.0147692520388191
3.49057163249773e-05	3.49057163899771e-05	0.00443619193815134	0.00893175500853978	0.00371638440840544	0.031997984435628	0.00192168959006765	3.49057163795352e-05	0.854870206848615	0.00160948110868442	3.49057163854659e-05	0.0563660130762113	0.0116084308711426	3.49057163860347e-05	3.49057163854675e-05	0.00725434048695093	0.00169259897543575	3.49057167380388e-05	3.49057164123408e-05	3.49057163854652e-05	3.49057163861467e-05	0.0133601068326098	0.00188575925538464
0.00342775802831937	3.46784214646788e-05	0.00494321043914623	0.0122571450167841	0.00643066421002527	0.0142783048980368	3.46784214649108e-05	3.467842145725e-05	0.873627765682688	4.2115827394777e-05	3.46784214650079e-05	0.0325423247865446	0.0324126268010943	0.00165209214364187	3.46784214649112e-05	3.46784214649101e-05	0.00489075826039631	3.46784214531853e-05	3.46784214678065e-05	0.00220227002801157	3.46784214649255e-05	0.0109461796632762	3.46784214733558e-05
3.47835173275399e-05	7.80120130098616e-05	0.0139086911398361	0.00735360191219057	3.47835173216582e-05	0.0348282929389278	3.47835173200897e-05	3.4783517319618e-05	0.833218630239307	0.000810818731237525	0.00132063617011016	0.0604833714185396	0.0236224247678783	3.47835173219181e-05	3.47835173200897e-05	0.000730291770706834	0.0125596803480024	0.000232785340757923	3.47835173099114e-05	3.47835173200901e-05	3.4783517319117e-05	0.0105049280362938	3.47835173218252e-05
3.45304186556161e-05	3.45304186819171e-05	0.0101904392037998	0.00820920166424627	3.79864905151933e-05	0.0541227451438668	0.00095798879444567	0.0093395316197784	0.853607691756414	0.00417448813239101	3.45304186791745e-05	0.0243425482132337	3.51862091074095e-05	3.45304186791723e-05	0.00427552672918332	0.00927735044134684	0.0052439799558706	3.45304186797005e-05	3.45304186592276e-05	3.45304186791739e-05	0.0023242621336443	0.00997293306740619	0.00364642751403627
3.62799420098354e-05	3.62799419603336e-05	3.62799419380296e-05	0.00534948805722422	3.62799419380243e-05	3.62799419380295e-05	0.00745728148188607	0.00106829132859092	0.858710309879088	0.00288188818954966	3.62799419380309e-05	0.0550978374326125	0.0335076381969735	3.62799419380293e-05	0.00615090835538079	0.0121082745442975	3.62799419405498e-05	3.62799419035983e-05	3.62799419292423e-05	3.62799419380301e-05	0.000141191879900566	0.00405083696300398	0.0130769743301203
0.00491435270267036	0.0035847419794852	3.59475258216173e-05	3.59475258223389e-05	3.59475258216247e-05	3.59475258216256e-05	0.00485309140204479	3.59475258215986e-05	0.867466778840303	3.59475258216223e-05	3.59475258216211e-05	0.0533025036535899	0.0343826585392418	3.59475258216233e-05	3.59475258216211e-05	6.52073818916424e-05	0.0176062609730177	3.59475258185393e-05	3.59475258134975e-05	3.59475258216218e-05	3.59475258216145e-05	0.0133211391662628	3.59475258216211e-05
3.48610514784358e-05	3.48610514665788e-05	0.00440294787886796	0.0070858319296267	0.00271788288181353	0.0330037130300081	3.72202994562836e-05	0.0152353497359251	0.854238732236062	3.48610514870064e-05	3.48610514870032e-05	0.0421893393972588	0.00977981452603883	3.48610514870156e-05	0.0108204721954089	0.000758181369992701	3.4861051489993e-05	3.48610518583986e-05	3.48610514791254e-05	3.48610514870056e-05	3.48610514870079e-05	0.0157233471662768	0.00365855683805697
0.00381735008734988	3.62813678528932e-05	3.62813678534259e-05	0.000929660704656063	3.62813678566699e-05	0.0023958898560799	0.000928602412716087	3.62813678534181e-05	0.854691686396739	0.00912136544256753	3.62813678534207e-05	0.0533287382224155	0.033518628144304	3.62813678539847e-05	0.00669919491241714	0.00288527473815706	0.0039880490208285	0.000601094727197052	0.00317529657945134	0.000912282266051335	0.00830566168720849	0.0144472552268819	3.62813678552351e-05
3.61439482208133e-05	3.6143948239664e-05	0.000420018415309348	3.61439482187891e-05	0.00251608990475352	0.00212229945307683	0.00653764494303982	0.00485195087289778	0.853768842784209	4.49380891756012e-05	3.61439482199749e-05	0.0740668506110855	0.0294606047883865	0.000277278717395604	4.52332453885486e-05	0.0045467778875281	0.00410338916107417	3.61439482282999e-05	3.61439482040583e-05	0.00525768227882651	3.614394821973e-05	0.0116912472620798	3.61439482217798e-05
3.48236840367854e-05	3.48236840260925e-05	0.00337531313984844	0.00355268326667007	0.0121812830262219	0.0195233996129117	0.0111122198583026	3.48236840218083e-05	0.858051179857427	0.00609053080162359	3.48236840155562e-05	0.0476275812847099	0.0148292784287457	0.00246955606560567	3.48236840155594e-05	0.000714515545484812	0.00952447544510583	3.482368382466e-05	3.48236840176277e-05	3.48236840155565e-05	3.48236840147634e-05	0.0105997468273772	3.48236839773372e-05
0.00188979501382092	2.49251917893553e-05	2.49251917788102e-05	0.00254326023344677	0.0111072977837009	0.00850292972273546	0.0219714390878586	0.00138839205761511	0.842869111247719	0.00445193589127418	0.00772086722443241	0.048180702742848	0.0202938541463866	2.49251918390714e-05	2.78452861414375e-05	0.00447481855880806	2.49251917792813e-05	2.49251927411933e-05	2.49251917748868e-05	2.49251917788102e-05	2.49251917788101e-05	0.0190327206370937	0.00534562883085889
3.52114033355553e-05	0.00480127181564091	3.5211403331114e-05	0.0078693071557895	3.52114033269142e-05	0.00363754282911033	3.52114033307627e-05	3.52114033289565e-05	0.869573240699169	3.5211403331114e-05	3.5211403331109e-05	0.040836339059273	0.0404392762939868	3.52114033253479e-05	3.52114033311142e-05	0.00453649706583792	0.00775931412931245	0.000314109581629625	3.52114033362671e-05	3.52114033311147e-05	3.52114033311173e-05	0.0118879240850906	0.00792264044518931
0.000761280623899978	0.0124028462020452	0.0152625816510157	0.00761117782984502	3.55070725617408e-05	3.55070725617457e-05	3.55070725617469e-05	3.55070725617638e-05	0.871977506183271	3.5507072561746e-05	3.55070725617479e-05	0.0347569570945898	0.0378291413365594	0.00250019618150008	3.55070725617465e-05	3.55070725617465e-05	3.55070725640052e-05	3.55070703939094e-05	3.55070725574164e-05	0.00312210967778998	3.55070725617399e-05	0.00679962125379905	0.00655049709711379
3.46397570596901e-05	0.0115831219018575	3.46397570638395e-05	3.4639757065205e-05	3.46397570682076e-05	3.46397570638395e-05	3.46397570638387e-05	3.46397570638409e-05	0.852619069287633	3.46397570638422e-05	3.46397570638376e-05	0.0453502239034378	0.0434503708655907	3.46397570638405e-05	0.00842849720138166	0.00171075693185152	0.0113818313782736	3.463975707557e-05	3.4639757067608e-05	3.46397570638396e-05	0.00236964180428192	0.0151324138917062	0.00752375599213958
0.000256230257415588	0.00588722155080741	0.0185277848431429	0.00926661865372813	0.0025823482290488	0.0440531008525507	0.00352697739916766	3.47284205514587e-05	0.827417707356737	3.47284205514592e-05	3.47284205514587e-05	0.0461857436248023	0.0112908663179476	3.47284205514584e-05	0.0094675522064474	3.47284205514595e-05	3.47284205549918e-05	3.4728420402199e-05	3.47284205865447e-05	0.00167379758425311	3.47284205512601e-05	0.0195167669185457	3.47284205531914e-05
3.43702362898907e-05	0.000820815550914436	0.00801311950424594	0.00782511712199554	0.00563028228324461	0.042833771939008	3.85665629044294e-05	0.0082619681825565	0.845593149077493	3.43702363341298e-05	0.00201954876655202	0.0344274716641757	0.0161394969522992	0.00370486804960152	0.00782868266621505	0.000334195410509833	0.00211076330633833	3.4370236344397e-05	3.43702363448988e-05	3.43702363341287e-05	3.43702363341292e-05	0.00942938705295499	0.00478257449100916
3.60155856662039e-05	0.00221343314516902	3.60155856743483e-05	0.00788744652652301	0.00482519106725413	0.00486111831663777	3.60155856743463e-05	3.60155856774129e-05	0.913512195610135	3.60155856743475e-05	3.601558567435e-05	0.0237844047276403	0.0132635484137175	3.60155856744113e-05	0.001821561368148	3.60155856743472e-05	0.00877561402798172	3.60155852818704e-05	3.60155856570371e-05	3.60155856743474e-05	3.60155856744343e-05	0.00607568580644068	0.0125476139626749
0.00102046450249456	0.00297231191666681	0.00466447899437	0.00560696472982603	3.50968143262263e-05	0.0117696550734571	0.00406092522784539	3.50968143393831e-05	0.881405714301128	0.00242476833197483	3.50968143364414e-05	0.0444764145539602	0.0200658947029912	0.00217106336023964	3.50968143364427e-05	0.004306332934489	0.00786121633810026	3.50968143383378e-05	3.50968143174819e-05	3.50968143364417e-05	0.00155064572995244	0.00536237478783069	3.50968143428183e-05
3.51414647115082e-05	0.00195542182020575	0.000953899966982174	0.00926488305172404	0.00203989163230547	3.51414647024362e-05	0.0068924481504475	3.51414647103288e-05	0.876684477221556	0.0024627925426148	3.51414647024366e-05	0.0328206747500357	0.0404843899865955	3.51414647024425e-05	3.51414647024373e-05	0.00503992142714994	0.00391822775799653	3.51414643318535e-05	3.67345301482467e-05	0.0017858411335575	3.51414647024361e-05	0.0153415461733633	3.77181380511638e-05
3.70091559265512e-05	3.70091559042136e-05	0.00364727954770096	4.06131808081939e-05	0.0100574862507305	0.00364851024749781	0.00431205422232177	3.70091559278817e-05	0.881271799482298	3.70091559265512e-05	3.70091559265511e-05	0.056247087344056	0.0258576748610743	3.70091559285451e-05	3.70091559265514e-05	0.00295152876740901	0.00194352449895568	3.70091545838953e-05	3.70091559312113e-05	3.70091559265517e-05	3.70091559259598e-05	0.00957833172738489	3.7009155928398e-05
5.01068504213144e-05	5.01068504071367e-05	5.01068503585137e-05	5.01068503612764e-05	0.0188445510189525	0.0143502525228805	0.00147515573177774	0.00541156244546846	0.867114348000874	5.01068503585139e-05	5.01068503585226e-05	0.0309216860153365	0.0300783679399436	5.0106850358521e-05	0.00311123300561929	0.00929045076311371	5.0106850360372e-05	5.01068504657172e-05	5.01068503865388e-05	5.0106850358514e-05	5.01068503554818e-05	0.0143779105041674	0.00442319984731615
3.55341619596494e-05	0.0128411061072024	3.55341619589495e-05	0.00360979111984292	0.00522558524416294	0.0140836793881508	0.0048789259943559	3.55341619774138e-05	0.875916083805883	4.02198269675076e-05	3.55341619589499e-05	0.0294861287699045	0.0280167270178173	3.55341619589482e-05	3.55341619589492e-05	0.00927350161621197	3.55341619549218e-05	3.55341635074276e-05	3.55341619880897e-05	3.5534161958949e-05	0.00179200522527428	0.0144453701010831	3.5534161960722e-05
3.53770411951395e-05	0.0150451060363778	3.53770412046085e-05	3.53770412047219e-05	3.5377041222656e-05	3.53770412046088e-05	0.00244935796279013	0.00564831838723357	0.828292078884299	3.53770412046084e-05	3.53770412046113e-05	0.0605492383827974	0.0324220289358165	3.53770412011514e-05	0.00332837988618834	3.53770412046073e-05	0.0198431700445466	3.53770411898368e-05	3.53770412135933e-05	3.53770412046081e-05	3.53770412045651e-05	0.0202578056663865	0.0117046142779047
3.53520555078872e-05	3.53520555222068e-05	3.53520555106672e-05	0.00740748277644478	3.53520555106649e-05	3.53520555106669e-05	0.00246335314027681	3.53520555165316e-05	0.876079512271883	3.53520555106671e-05	3.5352055510656e-05	0.0509334543593208	0.0456026139519184	3.53520555106661e-05	3.53520555106676e-05	0.00166011482790067	0.00340319194592297	3.53520573818596e-05	3.53520555163971e-05	3.53520555106677e-05	3.53520555119443e-05	0.011919995891778	3.53520555124305e-05
0.00156519859916182	3.55761794491248e-05	0.00199548426528338	0.011653455222021	3.55761794135564e-05	0.0245935736861528	0.00461550143988336	3.55761794260039e-05	0.865941828056919	3.55761794135553e-05	3.55761794135547e-05	0.0582069874229342	0.00639882213603963	3.55761794135583e-05	3.55761794135543e-05	0.00347470496174306	0.008094717116492	3.55761794331488e-05	3.55761794070472e-05	3.55761794135549e-05	3.55761794135436e-05	0.0130328129403235	3.55761794357876e-05
3.55739248169341e-05	0.00112614135916192	3.55739248121449e-05	3.55739248085251e-05	0.00774364263947324	0.00732307793206857	0.000806195881998845	3.55739248119002e-05	0.882295001674607	0.00433436782743015	3.55739248119074e-05	0.0388342203603298	0.0396206726609087	0.00296953621460063	3.55739248119003e-05	0.0106204406683902	3.55739248154354e-05	3.55739252444696e-05	3.55739248214933e-05	3.55739248118998e-05	3.55739248118875e-05	0.00389981568283601	3.55739248165596e-05
3.53231888263748e-05	3.53231888267646e-05	0.00258374140757136	0.0100439585156709	3.53231888226326e-05	0.00192055276895546	0.00394023841210377	3.53231888234984e-05	0.835690007806541	3.53231888213259e-05	3.53231888165121e-05	0.0740893471926663	0.0295065371668319	3.53231888228596e-05	0.005000138780126	0.00466112909221115	0.0165992498096448	3.5323190099117e-05	3.53231888578348e-05	3.5323188821326e-05	3.53231888213262e-05	0.0123037154212271	0.00327282854809008
3.57692478306413e-05	0.00310922866231431	0.00789529213043471	3.57692478222871e-05	0.00477418107290507	3.57692478266291e-05	0.0120034964773604	0.000419212168343722	0.860270509812344	3.576924782663e-05	3.57692478266311e-05	0.0560685186150247	0.0261961907376675	3.57692478266298e-05	3.5769247826629e-05	3.57692478266292e-05	0.0113866327810694	3.5769248157276e-05	3.57692478282186e-05	0.00232259510567688	3.57692478264649e-05	0.0124724649353409	0.00268821577509373
0.000925896663696356	0.0149053298447881	3.56035003866726e-05	0.012754550324504	0.000690453655555879	0.023157311581417	0.00490141817925828	3.5603500384187e-05	0.848694455346542	3.58717424921646e-05	3.56035003866731e-05	0.0434772722342098	0.0266799584355313	3.56035003866658e-05	3.56035003866694e-05	0.0066679440514102	0.00364129392399128	3.56035027512554e-05	3.560350038572e-05	0.000561677941957439	3.56035003862789e-05	0.0125861345688081	3.56035003837638e-05
3.48358464563101e-05	3.48358464425801e-05	0.0184123872432721	0.00985345915165674	3.48358464459592e-05	0.0276055648899325	0.0059648573394751	0.00401531812530438	0.838673893740756	3.48358464459527e-05	3.48358464459589e-05	0.0269666323206995	0.0406870775719554	3.48358464459534e-05	4.54642211740029e-05	3.48358464459563e-05	0.00608125968326688	3.48358464445495e-05	3.48358464479182e-05	3.48358464459556e-05	3.48358464466052e-05	0.0192812028037816	0.00202968859781212
3.51175156124607e-05	0.0107119147682354	0.0080600090065001	0.0153075769268761	3.51175155945276e-05	0.0161063403061654	3.51175156107399e-05	3.51175156106451e-05	0.862780903867923	0.00348489051470391	3.51175156106494e-05	0.0308750607005796	0.0121793535896941	3.51175156112569e-05	3.51175156106442e-05	3.51175156106433e-05	3.51175156071751e-05	0.000599399423234857	3.5117515636596e-05	3.51175156106441e-05	3.51175156106159e-05	0.0231135239581276	0.0163596167506234
3.49897766385256e-05	0.00501160030063316	3.49897766285979e-05	0.0145371997066747	0.00617218174001226	3.49897766285965e-05	3.4989776628598e-05	0.00533720911250112	0.84736983544169	3.49897766285979e-05	3.49897766285988e-05	0.0521330284624463	0.0187443137514217	3.49897766284277e-05	3.4989776628598e-05	0.00771187853585511	0.00262148668136638	3.49897766288114e-05	3.4989776661084e-05	3.49897766285932e-05	0.015003791111634	0.0164348901627862	0.00853769745002235
3.49285811119846e-05	0.00567306464818002	0.00284743942055249	3.49285811059209e-05	0.000437140739131655	3.49285811119832e-05	0.0116633985939962	3.49285811119797e-05	0.828298512884236	0.000607867441380062	3.49285811119838e-05	0.0567965479812117	0.0365065508391852	3.49285811119848e-05	3.49285811119849e-05	0.00996449297845078	0.0179564209000406	3.49285812221949e-05	3.49285811047178e-05	3.4928581111985e-05	0.0178265130362804	0.0110378361450244	3.49285811137271e-05
0.00194106812341403	3.59158515665344e-05	3.59158515943879e-05	3.59158515983116e-05	3.59158516074546e-05	3.5915851594388e-05	3.84915623747727e-05	3.59158515947095e-05	0.845998001627906	0.0135203498006453	3.59158515943862e-05	0.0626985524889125	0.036623775642599	3.59158515949358e-05	0.00616070193849516	0.00610556124350408	0.00412430707048779	3.59158515992674e-05	3.59158515689748e-05	3.59158515943888e-05	0.00530391593587072	0.0170542843466865	3.5915851596181e-05
0.00107714148681214	0.000355826553505707	3.67071282588004e-05	0.00298753169364318	0.00359503506866277	3.67071282588007e-05	0.00915498824916965	3.67071282591824e-05	0.857825537471807	0.00680923079015733	3.67071282588029e-05	0.0616563722397844	0.0270901977025071	3.67071282584319e-05	0.00147721978571581	0.0020990176702277	0.00651277995886582	3.6707128289371e-05	0.00133258877506167	0.00449303008755756	0.00297000044110736	0.0103065521275499	3.6707128281693e-05
