Bcells	CentralVeinEndothelialcells	Cholangiocytes	Hepatocytes	Kupffercells	LSECs	Mesothelialcells	PortalVeinEndothelialcells	Tcells
0.00170229286815139	0.00936703135134464	0.00392191117632459	0.943803104752621	0.0256017490381048	0.00272205416909155	0.00843041625124054	0.00436260312598153	8.88372671403994e-05
9.32870800628574e-05	9.32870800438058e-05	0.00658264027134174	0.933963689882092	0.0372091757804292	0.00820053307963548	0.0063149879604902	0.00262290144092754	0.0049194974249776
0.00197096966474651	0.00573770778334096	0.00495426887893976	0.915666726100147	0.0503155795506725	9.10931799800641e-05	0.00379581667357959	0.0036804576588425	0.0137873805097507
0.00024473500981037	9.27422857730885e-05	0.0111601418734419	0.936714386050416	0.0237067525740309	0.0151932531829159	0.00398193365252213	0.00881331308525967	9.27422858303103e-05
9.24824024813526e-05	9.24834319891103e-05	0.00767035879412368	0.952745840991368	0.0226698456400805	0.00463438542287957	0.0029279423883602	0.00907417852620899	9.24824025085727e-05
0.00515525087284312	9.30159704223919e-05	0.0131044727440517	0.928266857525098	0.03463216303877	9.30159706443783e-05	0.00251551796009887	0.0151734974741338	0.00096620844393736
0.000446290121133245	0.00780957376830619	0.00723437769543766	0.956096310567963	0.019138366336493	9.02191233024939e-05	0.0059801394583716	0.00263423384421589	0.000570489084776873
9.00274834997438e-05	0.00369304357628344	0.0081717982698424	0.943069621713332	0.0315570886392234	0.00778955045006652	0.00544881490063717	9.00274835898398e-05	9.00274835252621e-05
0.000109684590463608	0.0123189538337275	0.00836493484971638	0.927863475082819	0.0385907027711839	0.00598810469020385	0.0065852702674297	8.94369571929919e-05	8.94369572633164e-05
9.02448202978191e-05	0.0174883280934408	0.00634564947376861	0.932116970033015	0.030666585388934	9.02448203339067e-05	0.00598173480123598	0.00712999774867327	9.02448203004541e-05
8.86348018765204e-05	0.0145821318040117	0.00403590968127202	0.931990042379173	0.0299730452549288	0.00108369984832598	0.00774704230408477	0.00309221580624378	0.00740727812008289
9.16228908821637e-05	9.16228908249339e-05	0.00983191679565558	0.943652152166125	0.0352454033793387	0.0063977740350139	0.00450626206044476	9.16228908310523e-05	9.16228908839381e-05
0.000439560862920344	0.0102603942509299	0.00470601584357334	0.950167147465948	0.0274100312731127	0.00302616753863784	0.00381306722621777	8.88077694044026e-05	8.88077692562713e-05
0.000521548665182604	0.0100231614197099	0.00691636555266541	0.946456268872431	0.0299919352283076	9.14667915476368e-05	0.0058163198868155	9.14667916738818e-05	9.14667916666549e-05
0.000987345622028137	0.000679945131372014	0.0188740067378917	0.918215508687971	0.0324271107318324	9.35169967648744e-05	0.0102241759734136	0.0184048731218778	9.35169968484442e-05
0.00102341220805347	0.0039756087621653	0.00959052979897365	0.929746891564506	0.0272346619618033	0.0058466453931758	0.00742420806667055	0.010531417543259	0.0046266247013926
9.01404707304188e-05	0.00610751559153835	0.00789126554580167	0.940635965893752	0.0289484098900277	0.0104388103942146	0.0024077134894786	9.0140470694819e-05	0.00339003825376166
9.15809858293658e-05	0.00803706659019776	0.00904709277263497	0.940567602962387	0.0214856502436387	9.15809857746383e-05	0.00798020209302563	0.0117759325120663	0.00092329085444574
9.0564906082232e-05	0.0229651907024182	0.00470537809685811	0.931900460622243	0.0309094886047767	9.05649060480893e-05	0.00772429992855068	9.05649061251292e-05	0.0015234873268977
8.97226855910066e-05	0.00279948201546041	0.00606998615161205	0.946005105949866	0.0264663247650443	0.0135295520397867	0.00486038102147548	8.97226855626353e-05	8.97226856013458e-05
0.000107176501679112	0.0088108100310589	0.00249590014515705	0.944991380568914	0.0237416945129727	0.0047127030358052	0.00732491116002015	0.00698253494232511	0.000832889102067485
9.14592554915561e-05	9.14592554521737e-05	0.00385908229793493	0.955545696281121	0.0287952233360578	0.00637897485865732	0.00505518620435641	9.14592554386261e-05	9.14592554901478e-05
0.000133000365241886	0.00497486195817251	0.0411909502133176	0.881637146180588	0.0368542872335342	0.00043116776096722	0.013363078319753	0.0198649783478072	0.00155052962061894
0.00120107018779659	9.02083060710281e-05	0.00454524458930875	0.951381461429809	0.0205083343536999	0.00972329978184609	0.00545091096480982	9.02083062524927e-05	0.00700926208040642
0.00184815404102489	0.00511915416122113	0.00668634179039205	0.953871649790656	0.0191108099348361	9.18708255288262e-05	0.0062567040904642	0.00692344454044437	9.18708254324198e-05
0.00570845971333745	0.00292169426244962	0.0123391066432352	0.926543727173724	0.033039595836807	0.00943719859423115	0.00642714747716368	0.00349196360488359	9.11066941686678e-05
0.00254684597566506	0.00164052587376475	0.0116873224379581	0.949131839482117	0.0259343457184446	0.00573813728266228	0.00313754921279036	9.17170082401223e-05	9.17170083580648e-05
0.00286248679165162	0.01743016303882	0.00637161415373766	0.953755489156943	0.0113375664786271	8.96979879573577e-05	0.00773511842195607	0.000328165982330965	8.96979879760612e-05
8.9107082278926e-05	0.00874347243464257	0.00404984459019147	0.940659082013785	0.0338269536077051	0.00569240987631162	0.00676091623021181	8.91070825798338e-05	8.91070822936824e-05
0.00279262225224035	0.00360958676624711	0.00533320814760012	0.948526804079248	0.0269707000844405	0.00397149220994666	0.00532895108225826	0.00173802944812719	0.001728605929892
0.000778683880077919	8.87588223949418e-05	0.00502016870509957	0.944143809363134	0.0261502105584887	0.011224264977327	0.00612215103051007	0.00454145253541038	0.00193050012755771
9.12640126449157e-05	0.0087089231033272	0.00829816421952549	0.948214701341013	0.021204216714473	0.00708319744811317	0.0058254133622987	9.12640125873831e-05	0.000482855786016692
9.22714592578385e-05	9.22714592696818e-05	0.0112737645673788	0.942398556399823	0.0255715903495137	0.00233910066440178	0.00767156210470058	0.0104686115364192	9.22714592352809e-05
0.000612432378469411	0.00051040601995454	0.00664274658769078	0.945759579857289	0.0269577882014505	0.0145061451839271	0.00445109897524125	8.94763383072085e-05	0.00047032645767064
0.000295629718728408	0.00796668425860462	0.00755721326148623	0.954508772248643	0.0210971465792072	8.86035112636206e-05	0.00750043119714605	8.86035110542397e-05	0.000896915713866889
0.00472085850435051	9.17356294080998e-05	0.00831539660037318	0.930045584614032	0.0370571146418982	0.0103434291821646	0.00384616145369168	0.00088942691882397	0.00469029245525744
9.22562815423715e-05	0.00145579512969076	0.0134867740177452	0.934213285357773	0.0303755105761581	0.0140931958425926	0.00555172937797863	0.000639197134969508	9.22562815492396e-05
0.000735080307331096	0.00484956622021191	0.0110387206201236	0.946103466050704	0.0240969136170577	0.0115699319547303	0.00142340193118115	9.14596493451041e-05	9.14596493155207e-05
0.011599147222086	9.0787804365251e-05	0.0421283027733223	0.861550243817964	0.0301559211182447	9.07878044021283e-05	0.0200650964880375	0.0308021968562331	0.00351751611534478
9.34022593110317e-05	0.0014360493345707	0.0072693024826663	0.943252921493499	0.0283738027510738	0.00657808237123948	0.00572855954412077	0.00654944521339609	0.000718434550122541
8.86431204325961e-05	0.0121882155058477	0.0065547959236532	0.95655171792346	0.0143273178824663	0.00697140192229577	0.00314062148100842	8.86431203992375e-05	8.86431204367529e-05
9.39227958084755e-05	0.00151773252096447	0.0106563922715067	0.938386839302522	0.0283837320509871	9.39227958678265e-05	0.00820270087757161	0.0125708345889274	9.39227958444829e-05
8.95767006300663e-05	0.00259051349972344	0.00631666427295229	0.949083726079317	0.02614645297919	0.00983314163960803	0.00334739970879414	0.0020010584166373	0.000591466703147734
9.00911588631185e-05	0.0236379008032437	0.00405194707339753	0.942561394835366	0.021809506495334	9.00911590046302e-05	0.0075788861571225	9.00911587978994e-05	9.00911588706706e-05
9.24925472176952e-05	9.2492547348414e-05	0.0126242258398058	0.95161499222451	0.0190180971776758	0.00586087162573853	0.00536119590136196	0.00524313958911062	9.24925472310053e-05
0.000749865601496205	0.023169718134812	0.0056462110373118	0.938283705844293	0.0212808906108595	8.91706828646148e-05	0.0106020967225183	8.91706829025709e-05	8.91706829419226e-05
0.00135564639565963	0.00607480256715803	0.0175465586462523	0.934091450283526	0.0269538478288719	9.16192459076805e-05	0.00798891022188393	0.00580554556478176	9.16192459591488e-05
8.99535781012945e-05	0.0035451011419411	0.0097706305895349	0.957481516723992	0.0211316536273464	0.00479610430274709	0.00228238774711234	0.000812698711110491	8.99535781146092e-05
8.97564677034911e-05	0.00727232898215929	0.00523580745648654	0.952662918859451	0.0281695764902575	0.000168970729106796	0.00524026631841324	8.97564677164925e-05	0.00107061822870552
0.0015597741693524	9.24070072076668e-05	0.0422519639706974	0.914960059388039	0.0160323135145092	9.24070072095625e-05	0.00820469331776747	0.0167139746179529	9.24070072647949e-05
0.00210907531214537	0.0201848668827932	0.00639381151734204	0.937940920934535	0.0164289764971246	0.00306806911612276	0.0083572678470692	0.00448109679853801	0.00103591509433023
0.000845699448961352	0.00784212126483418	0.0105167880237298	0.919518819571864	0.0385887573937498	9.20554109670809e-05	0.0064900749456619	0.0131149997916516	0.00299068414857982
0.00217287004978692	0.0136667704367085	0.00647905824162391	0.958486672629728	0.0133339213042792	0.000672325416286203	0.00499057917671243	8.92984601100203e-05	0.000108504284764359
0.00213067672603159	0.0103706071512727	0.00540319555286484	0.945170944135882	0.0283931992454846	0.00448490172404278	0.00386760857848184	8.94334430339029e-05	8.94334429052973e-05
9.39093865582099e-05	9.39093865073631e-05	0.00934354618821236	0.943926194744644	0.032156942842436	0.0016862339301463	0.00623441534356598	0.00637093879136992	9.39093865603006e-05
9.00926581270549e-05	0.00210025656303266	0.00554512464537325	0.945928460663314	0.0287760613273621	0.010027223018942	0.00735259580750174	9.00926582429266e-05	9.00926581043258e-05
9.02574310723871e-05	0.0137594715583667	0.0074411764463386	0.942333641909117	0.0227956565792714	0.00300446209713091	0.00791091419762576	0.00178383375758913	0.000880586023488393
9.32150219201364e-05	0.00173738211288041	0.0124401259041923	0.942665342154134	0.0314441336280544	0.000171211463326316	0.00438729640950685	0.00696807828406052	9.3215021924808e-05
0.000232209014642543	9.06487599917919e-05	0.00583886958489202	0.953899602101625	0.0275963459753819	0.00910664698340893	0.00304584237260168	9.06494034276691e-05	9.9185804028525e-05
9.1466415423011e-05	0.00912218685991987	0.00545939857440651	0.962273195958933	0.018547863016459	9.14664155550699e-05	0.00423148992829291	9.14664155913499e-05	9.14664154192415e-05
0.00253692447959649	0.00240004675223864	0.00684960243157573	0.937107148855589	0.0259171391057342	0.0188843937636181	0.00502477036997847	0.000670031807797215	0.000609942433872463
9.11069522710804e-05	0.00937827177467955	0.00603498161296675	0.948536371460176	0.0295230951923057	9.11069523516947e-05	0.0040266388674803	0.00222732023547358	9.11069522952971e-05
9.31390593745951e-05	9.31390593463732e-05	0.00567072054132787	0.9296657221986	0.0414045596048976	0.0100216297528373	0.00351654053208016	0.00898433718164904	0.000550212069887207
9.15555356660286e-05	0.00105028993806704	0.0118466962758604	0.941745048615102	0.0323754471448477	0.00711833653064118	0.00342358980486888	0.00225748061928156	9.15555356655341e-05
0.00517686525823683	0.00125613742414732	0.0112230836754794	0.943410974425921	0.0242750424922324	0.0104811945556981	0.00399578186760779	9.0460150289007e-05	9.04601503877045e-05
0.00291989877907644	0.00475344689950801	0.00894925982418688	0.942554093549524	0.0349112906578674	0.00171918428246568	0.00339065838760771	9.15243701478873e-05	0.000710643249616303
8.92388967285497e-05	8.92388966778079e-05	0.00843535605063181	0.953471818794047	0.0191045869695152	0.0101473195467929	0.0030543805678052	8.92388967438204e-05	0.00551882138105723
8.88658053306557e-05	0.0195538774984826	0.0049751077756609	0.937247301256659	0.0230383099689528	8.88658053420346e-05	0.00974331086440293	0.00448445626842917	0.000779904756740387
0.00633501360178032	0.00289107826434283	0.00541390090154228	0.953260850756935	0.0152184007130999	0.0105823256448208	0.00288608914878825	8.8975360051932e-05	0.00332336560863915
0.00499834770410823	0.00877380461309918	0.00541150519864223	0.935407168986523	0.0265325457034375	0.0110458618995538	0.00765386097924559	8.84524576726518e-05	8.84524577176136e-05
9.41071100588969e-05	9.41071099666877e-05	0.00885675383620716	0.949756062800522	0.0295069345681987	0.00918163422112181	0.00215773800087071	0.000258555242979977	9.41071100742472e-05
0.00406905809003588	8.87160322441374e-05	0.00957822338079384	0.93596043055026	0.0255667513133701	0.0136281361078694	8.87160322103498e-05	0.00607750247875192	0.00494246601446425
0.00612229238951734	9.31923166800103e-05	0.0138571603149896	0.946464607896595	0.0196443982941995	0.0079929533297125	0.00411167757964946	0.00131947192051368	0.000394245958143161
8.88059871265518e-05	0.00591214178453442	0.00988499703057216	0.950700763910529	0.0265190838076236	8.8805987120298e-05	0.00465009197411941	8.88059871812578e-05	0.00206650353119328
9.19322312302606e-05	0.00407309401899876	0.0090829711801347	0.934572259720814	0.0379469600332916	0.00810207070890965	0.0025310879080908	0.00350769196729783	9.19322312322741e-05
9.15164392396451e-05	9.15164392608255e-05	0.00589841729807191	0.9415570194252	0.0406818418176885	0.00425565550071579	0.00410001470769257	0.00323250193288969	9.15164392410247e-05
8.90394742554345e-05	8.90394741038967e-05	0.00376899313148427	0.956174752548634	0.0262623625906795	0.0107530898479463	0.00268464398439533	8.90394742395923e-05	8.90394742621638e-05
9.19305872004844e-05	0.00437234102458633	0.00741913294149179	0.935696317728386	0.037555920650421	0.00646457412021682	0.0048477123378415	0.00315572534506609	0.000396345264789603
0.0052892929679271	9.13708920418081e-05	0.0206803707085414	0.937147735855128	0.0152472518113808	0.00637535734758917	0.00320457197185752	0.00811215598137049	0.00385189246416414
0.00615970983674863	0.0106728168973597	0.00544242709640097	0.933156643949318	0.0293309531849738	0.00638222045175825	0.00748673494099882	0.00124305577745104	0.000125437864991365
9.26489334612066e-05	9.26489336438732e-05	0.0119906707595019	0.938877651925347	0.0255287778149452	0.00828058889170041	0.00756180928702466	0.00730498737834692	0.000270216076029097
9.04498023423945e-05	0.00844546812729046	0.00991438067553072	0.942794984910179	0.0289847049202112	9.04498023005989e-05	0.00713606804562323	0.00245304391417692	9.04498023451328e-05
9.38405850334294e-05	9.38405850508996e-05	0.0107380116239725	0.937784315586979	0.0291681375918563	0.00089138517698927	0.00475173007725286	0.016384898187808	9.38405850580832e-05
0.00717439068166236	9.1441698808999e-05	0.0041629708209951	0.929992935885615	0.0347632110717757	0.00790169911835835	0.00574437823245593	0.0100775307915517	9.1441698776555e-05
0.00249699852457671	9.00902098151041e-05	0.00807548508596076	0.957872927002299	0.0159125244905737	0.0104960430933351	0.00487575829903134	9.00866471633943e-05	9.0086647244565e-05
8.89072592047655e-05	0.0108275450785557	0.00432400110307249	0.952592182856633	0.0194362372231797	0.00831652710475538	0.00423678485622444	8.89072591662166e-05	8.89072592085285e-05
8.98442273789263e-05	0.012270530492893	0.00651969260457189	0.9498989343706	0.0217986073171996	8.98442273761274e-05	0.00508726679587628	0.00244712167371248	0.00179815829039177
8.75646589353185e-05	0.0058011273094615	0.00584022497300866	0.953289973522232	0.0168413845133181	0.00155508343222556	0.00647918796462327	0.0065855107631454	0.00351994286305011
8.86126329708901e-05	0.00907388671476107	0.00390439046483996	0.951604116132019	0.022938174109827	0.00645260894215607	0.00576098573746264	8.8612632987494e-05	8.86126329755797e-05
0.000189220019691871	0.00900240191285799	0.00607768519720523	0.941905406238252	0.0294226394609327	0.00483380794448428	0.00650012944488977	0.00198047341688541	8.82363648005198e-05
8.89791474053804e-05	0.00654268494383304	0.00453359692500634	0.960865313078171	0.0203351933486363	0.00276326673792528	0.00469300752419528	8.89791474184583e-05	8.89791474092931e-05
6.16311951267647e-05	0.0179590802715756	0.00699032535499334	0.956090417278496	0.0144775546539688	6.16311951589945e-05	0.00423609766042012	6.16311951278963e-05	6.163119513233e-05
0.000383588747182085	0.0170262788551405	0.00875065326158649	0.948174928602293	0.0170807142598932	9.10795236927513e-05	0.00325271566142322	9.10795239521778e-05	0.00514896156483707
9.21219418476234e-05	9.21219418206507e-05	0.00679689431199893	0.943029128991066	0.0332540599399671	0.00655381146318392	0.00448798204187472	0.00560175742639283	9.21219418482286e-05
9.49511288495959e-05	9.4951128793347e-05	0.021262186620588	0.92357894293466	0.0196028581028439	0.00282063475230044	0.00873185801631474	0.0233376446360005	0.000475972679649735
9.03407056274297e-05	0.00559487615821617	0.00753276451880122	0.948693696498535	0.027025402666341	0.00634591197473301	0.00332967912038707	0.00129698765173185	9.03407056273731e-05
9.09948799374216e-05	0.00470553208946896	0.00710128089873955	0.947864811143833	0.0226827719180866	0.0125287687788144	0.00394783854934384	9.09948799475027e-05	0.000987006861828722
0.00400844572002825	0.000297367418324634	0.0149442010473495	0.93723919199019	0.0253425352328932	9.59381001981355e-05	0.00570424223573908	0.011537606368959	0.000830471886318583
0.00312332282990545	0.013738681724764	0.00665327610697273	0.948334048574585	0.0191838134022847	0.00377079818106593	0.00443923881126705	0.000666993780476184	8.98265886790385e-05
0.000643366549303018	0.00657045260938582	0.00460276307583701	0.958036910466223	0.0222056327798688	8.91315540542704e-05	0.00416387349677487	0.00359873791456941	8.91315539840819e-05
9.27115427735215e-05	9.27115427543512e-05	0.0110080598119888	0.948216296596541	0.0250581792598414	0.00862145255956484	0.00581335989587985	9.27115427546955e-05	0.00100451724790127
0.00292921079833976	0.0111828114559392	0.00302888220467815	0.947816531640671	0.0247921414177736	0.00604047421783308	0.00402757927755959	9.11844936541068e-05	9.11844935511771e-05
8.98393587476036e-05	8.98393587664978e-05	0.0119417879929864	0.94476799217346	0.0251513693762039	0.0144860259867725	0.00176192127500472	0.0016213851193046	8.98393587534865e-05
0.000659087794347634	0.00696738826405842	0.00679228016528241	0.961032518833655	0.0178302876315557	8.92153547843136e-05	0.00238164962926947	0.000348036325129057	0.00389953600191837
8.95683399799124e-05	8.95683399817443e-05	0.0085490596896501	0.947064982996618	0.0196029247478703	0.0157310281640362	0.00280919731841751	0.00317530555728029	0.00288836484616554
0.000346448448493892	9.14138338885353e-05	0.0121505461734608	0.943711630813811	0.0256371231769006	0.0104219078180947	0.00270579368604754	0.00223413472069988	0.00270100132860263
8.9486441956144e-05	0.000970691704248909	0.00598636408136775	0.937713052093372	0.0225736820949391	0.00957121605328896	0.00664027110666454	0.00284008074479551	0.0136151556793675
0.00271287037958737	9.01048105269295e-05	0.0081375115149354	0.93812294411659	0.0294812775295504	0.0114285301587541	0.00494902531513566	0.0049876313643692	9.01048105506898e-05
0.000548756565942714	8.93774220830206e-05	0.00761231437835166	0.950320528666204	0.020197795503755	0.0146909556249199	0.00413145407659298	0.00231944034009245	8.93774220586959e-05
0.0037181162871895	9.19966816564538e-05	0.0152547230562795	0.933311131477449	0.0168919192411849	0.0107464693491118	0.0107358420650565	0.00795923088347962	0.00129057095859289
0.00366293869437341	0.00492363530497352	0.00473115926117723	0.916548249662711	0.0368422803432983	0.0122756361197015	0.00575780131637819	8.91727483618628e-05	0.0151691265490249
6.52030717626388e-05	0.0137755798213013	0.0073051067726565	0.952192699892777	0.0218433039084444	6.52030717621804e-05	0.00462249731777452	6.52030717597375e-05	6.52030717620822e-05
0.00172123909521939	0.00797708687664343	0.0142700626286373	0.938119800002076	0.0254046242403666	0.00834122115356772	0.00398161206575672	9.21769688418082e-05	9.217696889053e-05
8.9637185971161e-05	0.00341367423367083	0.00750643832450564	0.950508699330591	0.0166781325061152	0.0121948887958296	0.00454059465747642	8.96371858673864e-05	0.00497829777997251
9.11296065294853e-05	9.11296065187791e-05	0.00389282214243835	0.94772202890258	0.0339045039067631	0.00751001963521123	0.00518725628578866	0.00150998030764235	9.11296065282774e-05
9.29088103661705e-05	9.29088103079639e-05	0.0103758527232667	0.952815822673231	0.0301027561823531	0.00237584906710161	0.00395808411261739	9.2908810391101e-05	9.29088103652175e-05
9.20330666911608e-05	0.00282850004699028	0.00869130468952204	0.939778867805778	0.0325795043527299	0.0103294749625047	0.0035783231276218	0.000423595537217896	0.00169839641094388
9.35312867593024e-05	0.00618610366261939	0.00957665030382288	0.947511085013289	0.0181324689387828	9.35312867050227e-05	0.00733356948109575	0.0108543708130712	0.000218689213854771
8.98768730972852e-05	8.98780312556647e-05	0.00692482639350623	0.951776044998719	0.0239739072716314	0.00888536158467998	0.00380153291254489	0.00436869506146022	8.98768731055549e-05
0.00250928538870096	0.00201188603949555	0.00516879779492676	0.957943584485802	0.021715777436188	0.00413514838734082	0.00280283909290457	0.00362374827523993	8.89330994009596e-05
0.00140313785869953	0.00120734861575944	0.00652923868465728	0.948460963674706	0.0232275197206956	0.0137535300829019	0.00357043804184034	0.00175932922747817	8.8494093261063e-05
0.00320729475601401	8.8527336394793e-05	0.00410586179479779	0.955416538172963	0.0214554693063688	0.00925671297041506	0.00385563183378731	0.00252543649280747	8.85273364517986e-05
8.9523587996043e-05	8.95235879135313e-05	0.00447682370032883	0.955506375849372	0.0201760823609863	0.0113667396855004	0.00593632407766552	0.00226908356223367	8.9523588003584e-05
8.94585602774291e-05	8.94567105141734e-05	0.0068000814799506	0.953336804184994	0.0209220310823032	0.0171233539553049	0.00145989690608483	8.94585602755338e-05	8.94585602958403e-05
8.92960144893125e-05	0.0126781032753568	0.0033436226239457	0.942645065730813	0.0278676832584171	0.00471043909166013	0.0056858471729098	8.92960144709958e-05	0.00289064681793747
9.38327474694792e-05	9.38327475156035e-05	0.0128181865158344	0.945996629458957	0.0185019428874861	0.0156329863608889	0.0066749237869285	9.38327474478733e-05	9.38327474717395e-05
9.0003015602907e-05	0.00533322906617349	0.00484650324526018	0.956051520708271	0.0259829080540477	0.00257616025492668	0.00493966962450564	9.00030156171654e-05	9.00030155949496e-05
0.00103821261068472	8.93245376407827e-05	0.00685910097273916	0.956684447088028	0.0202054445476475	0.00898315599917995	0.00434240042860361	0.00143389061336569	0.000364023202110461
8.75213902228634e-05	0.00802376675161157	0.00428125163065457	0.94704365829265	0.0299529589576034	8.75213903256039e-05	0.00444597081986192	0.00554664177038601	0.000530708996683911
0.00024684690412721	9.31253751829289e-05	0.00574413382162957	0.928740363119096	0.0399579664442555	0.0124194908760141	0.00421384557334894	0.00849110251115646	9.31253751888639e-05
0.00202884040313043	9.24545519186101e-05	0.00524408410935355	0.943683473701011	0.023767902105349	0.0186144333918577	0.00475062424475857	0.00172573294068913	9.24545519321164e-05
0.00547301719100932	0.00129717035332759	0.00428021162252904	0.940176631321357	0.0268289203203222	0.0122735595573462	0.0076210311351404	8.94922459691504e-05	0.00195996625299914
0.00162423081919982	0.00591817040798033	0.00873822729469176	0.944302848734395	0.0251045145145602	0.00890442012986442	0.0052278618728615	8.98631132060624e-05	8.98631132409714e-05
0.00167798684291887	8.88507320823055e-05	0.0027062775492895	0.947141668476156	0.0350071629606833	0.00810894645032336	0.00509140552418736	8.88507322544108e-05	8.88507321052407e-05
9.20341734706987e-05	0.00222012629246389	0.00574799076860271	0.944784797127316	0.0322909806475001	0.00762681019404017	0.00369949530697153	0.00344573131615948	9.20341734759195e-05
9.19112532700105e-05	9.19112532194056e-05	0.00814296249656919	0.937435675616274	0.0278098551453725	0.0096115373720824	0.00552462583081694	0.00631520693766804	0.0049763140947275
9.05898423629149e-05	9.05898423502122e-05	0.00862656736044722	0.938126303173274	0.028932042761202	0.0102211979919678	0.00710334872690525	0.00554771740237826	0.00126164289911198
8.86768026728481e-05	0.0105845414192685	0.00668360496405401	0.952734029544833	0.0193529648947925	0.002031501369953	0.00567778019852571	0.00275822400322897	8.86768026716468e-05
0.000996869880648215	9.0396336585775e-05	0.0057849677812689	0.946116913019285	0.0269705378018424	0.0081625041876651	0.00677500375524002	0.00217121648232512	0.00293159075513965
0.0035405338512339	0.0148715626489447	0.00415481180228081	0.93426365306749	0.0333917268200142	0.00289756808145003	0.00577313354554607	0.00101828529273601	8.87248903046862e-05
0.0010770543301446	9.26847148220098e-05	0.0164135349043745	0.93460227716117	0.0279727145241355	0.00649799440684543	0.00431122424246306	0.00893983100116406	9.26847148810404e-05
0.00130969105073913	0.00535021245792915	0.00450937994437561	0.959110128840936	0.0178713436163785	0.00410667355276353	0.00451491363765718	8.90750397267217e-05	0.00313858185949397
0.00605259303909379	0.00720353726457544	0.00399247558934174	0.94864931257694	0.0269033168413699	8.96078078926064e-05	0.00515116046784312	8.96078080196057e-05	0.00186838860492358
8.94510791769385e-05	0.00358824042885913	0.00609207374976449	0.956578083494241	0.0294425016428872	8.94510792104886e-05	0.00316708711499662	8.94510791402697e-05	0.000863660331724299
0.00441893175972651	0.0089304374242591	0.00640407685118207	0.946445596621448	0.0197849180285677	0.00250071672783117	0.00783867524887653	0.00239397399412451	0.00128267334398481
0.00144601966719545	9.25190364016683e-05	0.00930627099468845	0.952524323965715	0.0191514371939473	0.0120981987304263	0.00466099163355987	9.25190364312057e-05	0.000627719741635159
0.00259827447868354	8.96497800569636e-05	0.0123029175959428	0.934358596639674	0.0322454064132663	0.00720139423982243	0.00594204783532312	0.00517206323716158	8.96497800697158e-05
0.000450186208466931	0.0134070068897617	0.00439784084632299	0.933337204014792	0.0303703308732581	0.0105135505973333	0.00734675459890189	8.8562985575554e-05	8.85629855873244e-05
9.29715525289096e-05	9.29715526942589e-05	0.0153641404668943	0.937448934266227	0.0219583626267088	0.00361674423651688	0.00465503167794025	0.0166778720679401	9.29715525493932e-05
0.00253835957758949	8.89280369842141e-05	0.00312238353695623	0.953705005511294	0.0222132546818467	0.00940855032228699	0.00676589757436376	0.00206869272170416	8.89280369743109e-05
0.000863233411395752	9.14407055385799e-05	0.0100600663782949	0.958597602127384	0.0254794926803804	9.14407055159165e-05	0.00258537823744739	0.00213990504855618	9.14407054872499e-05
0.00159511060069867	9.25328147342248e-05	0.00755385265410174	0.926034126630288	0.0507871170269712	0.010817863101683	0.00269600603192362	0.000330858324823805	9.25328147761939e-05
0.000638830448498524	0.00648352785751541	0.0157427800872642	0.93028888283382	0.019888828030119	0.00735987438671101	0.00541943113601717	0.0140462483404104	0.000131596879644348
0.00100520626382429	0.00192351076028408	0.00991173255469148	0.948225674848959	0.0183976155452207	0.0127335686535804	0.00680191067370416	0.000910738885814377	9.00418139211092e-05
9.12582725178738e-05	9.12582725962076e-05	0.00803443940361499	0.944710134117137	0.0333143600905385	9.12582724387204e-05	0.00352558590067055	0.00589649142564311	0.00424521424484311
0.000431381092854364	0.0127311232234465	0.00565196380207096	0.942826331756069	0.0279391662416667	0.00144626803464728	0.00714804203692947	0.00142555215717072	0.000400171655145117
8.80895766147741e-05	0.00973398316726078	0.00338236859549765	0.95526766987348	0.0192215942268085	8.80895765059715e-05	0.00564918565888148	0.00140280339081182	0.0051662159341393
8.83857695466019e-05	0.0100363074268529	0.00414593989860875	0.949410509002848	0.0205698366446522	0.00463604941414741	0.00779819825624197	0.00231278745801075	0.00100198612909177
8.85014662935918e-05	0.01117001057711	0.00830567261310684	0.944624715556645	0.0305895411004407	8.85014664079228e-05	0.00495605428733691	8.85014663676919e-05	8.85014662913671e-05
0.00104880702174375	0.00200021836011728	0.00646072897980088	0.960170696513744	0.0168934959727227	8.85677659234604e-05	0.00409743687661033	0.00745155090517646	0.00178849760416067
9.2078235149519e-05	0.00582013658940533	0.0107383150789519	0.942118458180677	0.0328201580846826	9.20782351282097e-05	0.0043123744843687	0.00391432287648657	9.20782351500962e-05
9.11312461967611e-05	0.00155713013836574	0.00851308728992531	0.949416221286366	0.0243228871123917	0.00720990983189335	0.00504246133299202	0.00375604051566787	9.11312462014138e-05
9.22957870089127e-05	0.00212572164028298	0.00681044771483859	0.934489401654031	0.0343859375339519	0.00764460217663822	0.00563875757184092	0.00872054013439971	9.22957870082385e-05
0.0018883960508205	9.12653710198021e-05	0.011071703811337	0.939528060667046	0.0176140397515751	0.0102957159436771	0.00772977424536528	0.0116897787881216	9.1265371037692e-05
0.000281037569551015	0.004868686174736	0.00383892006089129	0.959589990039548	0.0188744907383079	0.00753232316704695	0.00483921515964819	8.76685451281074e-05	8.76685451423797e-05
9.05834250442637e-05	0.0171471135739437	0.00512744282222104	0.930214912888053	0.036060346672316	0.00411226655942646	0.0070661672089592	9.05834249919493e-05	9.05834250443198e-05
9.14190319953198e-05	9.14190319356207e-05	0.011276493259786	0.960010863455117	0.0204009850431183	9.14190319971569e-05	0.00576121909162684	0.00218476302242413	9.14190319996778e-05
8.89241764786435e-05	0.0121548647474164	0.00541772861486296	0.950987171655565	0.0181045410824416	8.89241764083907e-05	0.00614795239155268	0.0065867494447878	0.000423143710486882
9.04823086111514e-05	0.014864473780119	0.00635973233716053	0.950066497212943	0.022739830487639	0.000920978510342719	0.00477704074603574	9.04823085352281e-05	9.0482308613609e-05
9.15708209555783e-05	9.15708209481466e-05	0.0096963193743483	0.942433756514277	0.0271472568415792	0.0105079704791511	0.00319902375266952	9.15708208326371e-05	0.00674096057523904
0.00531417269438443	9.07973217699306e-05	0.00571573797990989	0.934307094410268	0.036416117204741	0.0105506253126397	0.00434284609914607	9.07973215708815e-05	0.00317181165557034
0.00194900977962567	8.7755501784457e-05	0.00839384080338879	0.949428571283684	0.0177394732247789	0.0181811327615922	0.00404470564165879	8.77555016790259e-05	8.7755501808619e-05
0.00121251257341663	0.0132577002770584	0.00559267919202259	0.944363738104273	0.0246996640912243	0.00173771905868654	0.00627609132855896	0.00250995856274271	0.000349936812017064
0.00221675325155824	9.05696194976302e-05	0.00584967849641554	0.95145254857387	0.0237918476847076	0.0123460985334999	0.00407136460148831	9.05696194544415e-05	9.05696195079659e-05
0.00526921134157052	9.23177171010369e-05	0.0111111613753058	0.935187352089893	0.025877420513173	0.0134620057117838	0.00842119694084124	0.000487016593238167	9.23177170931541e-05
9.08120223830693e-05	0.00125108063959064	0.00435873593873058	0.952900029977247	0.02813682924863	0.00391714904915186	0.00420637833941174	0.00504817276247051	9.08120223843511e-05
0.00548194424727727	8.96293776781184e-05	0.0108520272700471	0.944632806937996	0.0285619655713939	0.00402863330145432	0.00386015167063785	0.00240321224584226	8.96293776733152e-05
8.8616608398349e-05	0.00473028392064239	0.004911303542143	0.95304331396337	0.0218008864504339	0.00578421235353649	0.0081868047405912	0.00136596181248658	8.86166083980586e-05
0.00113540757119433	0.00151494944648058	0.0107022711850868	0.94300689219584	0.0313084526642222	0.00927883919466506	0.00287268469691667	9.02515227900024e-05	9.02515228041092e-05
0.000612355164159109	9.23427563847252e-05	0.00491919191021071	0.950615822433135	0.033700487172896	0.00476643453287688	0.00213658490668179	0.00306443836725828	9.23427563971452e-05
8.97747240842458e-05	0.0140154592460297	0.00608496118581363	0.948343814160884	0.0217914219407671	8.97747241553294e-05	0.0094052445698685	8.97747242946707e-05	8.9774724102719e-05
9.00685428794028e-05	9.0068542888371e-05	0.0104541524476423	0.950019702770474	0.0241898026036147	0.00574281057829794	0.00363974849127389	0.00299001798268718	0.00278362804024204
0.00063213788446313	0.0129633226760919	0.00470047274544931	0.950954407956386	0.0225291171404704	0.000536909690776445	0.00750305530459134	9.02883008576711e-05	9.0288300913828e-05
0.000568850104957548	0.00178066519002358	0.00554940443798844	0.943267034350398	0.0389614918653777	0.00960376578509074	8.9596088771473e-05	8.95960886166594e-05	8.95960887761942e-05
0.000446220048639036	9.14736668868261e-05	0.00890198528535531	0.939143417532618	0.0323348225072651	0.0106132954552455	0.00300909316264223	0.00482292160462798	0.000636770736719649
0.000192436545550889	9.07264513909907e-05	0.00868637815092643	0.956076955189278	0.0208250688990931	0.00952166372416488	0.00442531813699239	9.07264513188929e-05	9.0726451283942e-05
9.29764954878419e-05	0.000661193458402247	0.00696537210025229	0.944654995765799	0.0282234264262137	0.00502043715442014	0.00446833932525648	0.00855000681692601	0.00136325245724232
0.000374100969602246	0.00139929454613289	0.00872906834361024	0.938942621910906	0.0383757977745445	0.00504404061589376	0.00373242838907108	0.00331197077462981	9.06766756098724e-05
0.00232710230660756	0.010584534033865	0.0109061354111009	0.931135012948352	0.0286240478461617	0.00652910998978343	0.00496563235466054	0.00483528626764543	9.31388418234607e-05
8.98059036018475e-05	0.0126813124360988	0.00538457296922114	0.951306269742643	0.0237123971701279	0.00270385671739331	0.00394217325366751	8.980590363916e-05	8.98059036069006e-05
8.87824472678507e-05	0.00894394680351634	0.012756033323767	0.944353736149245	0.0288403335394256	8.87824472728407e-05	0.0044463582474204	0.000393244594795881	8.87824472894006e-05
8.85947303431949e-05	8.85947302429848e-05	0.00488618738238181	0.969340857249243	0.0125131432138884	0.00750438526659569	0.00322256825446465	8.85947302790544e-05	0.00226707444256154
6.57238516556064e-05	6.31969762866976e-05	0.00955574614233576	0.946314439640059	0.0239542410723466	0.00491813142210716	0.00504225307841123	0.0100230708404843	6.31969763135923e-05
9.05898108047346e-05	0.0105005644054561	0.0174124392144048	0.934688981038328	0.0261373753987863	9.05898107340335e-05	0.00300942596066374	9.05898107938476e-05	0.00797944455002834
8.86907731617427e-05	0.0140186893480645	0.00454626579879746	0.946182685070079	0.0243295847782623	0.000308895007014606	0.0069548512125146	0.000327428772545126	0.00324290923956035
9.4965969962796e-05	9.49659701052041e-05	0.0106500798478166	0.953843529338743	0.0210115891279572	9.49659700627331e-05	0.00419543546877187	0.00991950233661551	9.49659699654833e-05
0.00167070550803071	0.00345914092585479	0.00446044090075498	0.952161751080216	0.0232691210772192	0.0103202160660865	0.00314021831879558	8.87716687632439e-05	0.00142963445427952
0.00181485792523164	0.0106997069068356	0.00648305948946021	0.961512746495556	0.0166529141673784	9.28287905469152e-05	0.00255822864386615	9.28287905384299e-05	9.28287905869294e-05
9.2482362954953e-05	9.2482363032394e-05	0.0108227358423812	0.948715272491715	0.0273583342196898	0.00200532432866598	0.00320926453537415	0.00462406617192146	0.00308003768426503
0.00465773439116195	9.06520344510261e-05	0.00706917493952335	0.953052446577192	0.016707707540799	0.00946371387544524	0.00727118560213476	9.06520344536812e-05	0.00159673300483904
0.000369014386757655	8.95720950315656e-05	0.00528214880540358	0.954723079562033	0.0179942775639638	0.0155972133075597	0.00576555008915172	8.95720950054601e-05	8.95720950939371e-05
0.00543014889721664	0.00341730708717363	0.00573256730776714	0.946614227608543	0.0240561303208438	0.00268553765949163	0.0068452392052418	0.00235882584103933	0.00286001607268354
9.31875655867066e-05	9.31875656608003e-05	0.0110830007215647	0.957113684568295	0.0178205333028541	0.00471852660981579	0.00356191046188502	0.0054227816387306	9.31875656067772e-05
0.00157019401975237	0.00239082712510906	0.00733877307816347	0.948134590000384	0.0241681335590159	0.00117150281359899	0.00264599933775432	0.0112697645891757	0.00131021547704609
8.86335619089856e-05	0.00216414970533433	0.00668958346691288	0.962236493822174	0.0145754844442946	0.00797838192149543	0.00609000595405335	8.86335618992818e-05	8.86335619270556e-05
9.09972565507581e-05	9.09972565099748e-05	0.00739811942518066	0.940048358016287	0.0339280904374295	0.0115614584714372	0.00619394302957279	9.09972565703571e-05	0.000597038850462209
0.00435578615162482	0.00114191198204556	0.00307915632061635	0.946664557948403	0.0259371851794665	0.0120489263635575	0.00370979975101494	0.00157353904791941	0.00148913725535206
0.00310556159775776	0.0123980966373702	0.00694361583253922	0.933950110184734	0.0243352446862383	9.01425593676157e-05	0.00783804995187519	0.0112490359906918	9.014255942627e-05
8.90479321716708e-05	0.0188280574322765	0.00721545762293807	0.942507557048287	0.0210800050651909	0.000714790929806525	0.00714766513126382	0.000564909190248902	0.00185250964781685
0.00816238641899031	0.00695784939186732	0.00965683272280301	0.954720083166208	0.0152801606658323	0.00213753056020468	0.00290875713482078	8.81999696440983e-05	8.81999696299308e-05
0.00245056503625872	0.0026513740845757	0.016544301597395	0.925457507338848	0.0263942626833123	0.00697626817943934	0.00865085825276551	0.0096408690537963	0.00123399377360866
9.38056173500116e-05	9.38056173325387e-05	0.0045608754872837	0.943325094577768	0.0289586086779668	0.000658585566352463	0.00860811266631263	0.0136073061722834	9.38056173502211e-05
0.00409532909285265	0.00795135680606827	0.00528359934496147	0.941418445982449	0.0251683906602783	0.00360837882491728	0.00844073657573291	0.00394474437348621	8.90183392536918e-05
8.99689190173279e-05	0.00492152910566739	0.00463946065093978	0.93726278141671	0.0259331082858552	8.99689190651841e-05	0.0104065728667669	0.00568547010714303	0.0109711397288354
0.000707829490661325	0.00284146195639693	0.00506997507329454	0.970371928194598	0.0167532356300468	9.02023268186974e-05	0.00152126709715607	9.02023267135819e-05	0.0025538979043143
0.000290670833560377	0.00660765687445394	0.00668754159766031	0.945522185877782	0.0232900708986803	0.0119047989673811	0.00551430531108815	9.13848196944531e-05	9.13848196989608e-05
0.00156572986467172	0.00463792490515758	0.00771912181749517	0.954971716996108	0.0258303096223691	0.00198172798493501	0.0024715531060734	0.000729311026143586	9.26046770459395e-05
9.22495299794859e-05	9.22495299349862e-05	0.00786704777305761	0.95210048234569	0.0250380787094809	0.00773161812042725	0.00660194012533508	9.22495299291647e-05	0.000384084336165742
0.00202132501725152	0.00569786649279208	0.0101283760754181	0.945471587979938	0.0281008551900215	0.000779035949441636	0.00237525097954454	0.00533542965746674	9.02726581256534e-05
0.00109334990822829	8.94238906141205e-05	0.00884698408706905	0.952007355988949	0.0208138012945232	0.0114222283623867	0.00462018780096736	0.000449517127782316	0.000657151539479773
0.00103962364915707	9.33523698562505e-05	0.0172202174707302	0.931132109511592	0.0268419585628543	0.0017185867670709	0.00624423881727058	0.0141512311388048	0.00155868171266362
8.89038374131964e-05	8.89076762665804e-05	0.00415310248539195	0.940837353891743	0.0191337286234723	0.0235154759036401	0.00476205116669698	0.00643171657544729	0.000988759839928721
8.97518012622544e-05	0.00351526212032322	0.00551419925055715	0.94880404091948	0.0251435886561029	0.0106331024471951	0.00612055120262159	8.97518011874758e-05	8.97518012702178e-05
0.00592037280365918	9.00438867833578e-05	0.00604596366548141	0.942885396663237	0.0245392565344268	0.0122708807389355	0.00330725243938996	0.0034411233905475	0.00149970987753969
