Bcells	CentralVeinEndothelialcells	Cholangiocytes	Hepatocytes	Kupffercells	LSECs	Mesothelialcells	PortalVeinEndothelialcells	Tcells
9.21628061667978e-05	0.00173545294581359	0.0030245641276299	0.956885010377045	0.0271781410905602	0.00488525319621148	0.00173643834995199	0.00437081430043488	9.21628061863744e-05
0.00418834307586658	0.00246857245084577	0.00457117359336857	0.970082402471866	0.0146270134302006	8.94324510719352e-05	0.00379419762472372	8.94324510939113e-05	8.94324509627235e-05
9.20444154962804e-05	9.20444155452767e-05	0.00547646265245092	0.946558817386847	0.0412887042205147	9.20444155639828e-05	0.00309567013752502	0.00242946881403784	0.000874743542018714
0.000410001775399849	0.00519667745716477	0.00100236343505183	0.968335446296494	0.0202790077549437	0.00193653065174038	0.00208621077123929	0.000664154772220276	8.96070857456421e-05
9.31730124790807e-05	9.3173920148367e-05	0.00492995002315795	0.958743821070378	0.0231102435758463	9.3173012717124e-05	0.00418464604200931	0.008658646330772	9.31730124919958e-05
0.00168104905614287	0.00337794456128173	0.0028060917360732	0.957539129423608	0.0236033392226613	8.84283481931882e-05	0.00385955709793888	0.00323855455402958	0.00380590600007143
0.00671974040537993	0.00572630335106189	0.0194428112368641	0.924620743408752	0.0258535498196121	9.38485791948931e-05	0.0071257038343588	0.00638265915490565	0.00403464020987031
0.00560985490297447	0.00644406951108456	0.00443466681670659	0.95272712636069	0.0235009782306107	0.00155165013225921	0.00260600318253642	8.92368030785046e-05	0.00303641406005967
0.0103045754247423	0.00352857723141668	0.00908401705992174	0.938536079109772	0.0200579921676764	0.0143702231771058	0.00350890962592569	0.00052013578583707	8.94904176022801e-05
0.00171653984942529	0.0131746342864816	0.00346795385027345	0.948314463848491	0.0265808470032412	0.00158313142504753	0.00386879318967789	0.00120373340332781	8.99031440341643e-05
0.00281836877305582	0.000706126773541738	0.00634621165647346	0.948534208202182	0.0239576868991668	0.00795712850749684	0.00213932493766909	0.0074474038034334	9.35404469803656e-05
9.02109073927677e-05	0.0137584575042296	0.00117551693044934	0.959445800996059	0.0170258933429626	0.00388479210636019	0.00264957258628826	9.02109073462735e-05	0.00187954471891176
0.000148104619476424	0.00300721327996176	0.00437387430776875	0.978154683442286	0.013199501834613	0.000928612774616959	6.26699138291019e-05	6.26699136369577e-05	6.26699138110908e-05
0.00141856886307272	0.00208735484317067	0.0324121086218813	0.920300415097066	0.0155717652137082	0.000132461796250897	0.0116121697994674	0.0142886168988897	0.00217653886649294
0.000636107175672156	0.00772710747594415	0.00373630553035378	0.958566787661721	0.0138549715346995	8.77405455217935e-05	0.00576381955957554	0.00953941997084948	8.77405456627128e-05
0.00129052891446415	0.0112635925171521	0.00125542577443945	0.966522022758251	0.0145791201052704	8.90109660126923e-05	0.00482227703288572	8.90109656335316e-05	8.90109658909723e-05
8.88530868124254e-05	0.0030531195071893	0.00305478552718665	0.963373098061866	0.0189438911423259	8.88530868188564e-05	0.00404460269163043	0.00336631005596955	0.00398648684020047
0.000526716347890994	0.000181573535843799	0.00612807089091171	0.972531174810699	0.0173235452900901	0.00206299642234013	0.0010633350155358	9.12938433784643e-05	9.12938433098576e-05
0.000936895889494269	8.82504341261692e-05	0.00433929164607603	0.951832291423133	0.0213031730124059	0.0028736461786674	0.00251616454186069	0.00964021023634778	0.00647007663788863
6.18507288572885e-05	0.00480996943681565	0.00436872333719652	0.972658070004148	0.0124467167270983	6.18507288778764e-05	0.00546911757949916	6.18507286442449e-05	6.18507288628571e-05
9.2903051773041e-05	9.29035789723778e-05	0.00511678347384106	0.959642880503054	0.025372570911004	9.29030518868409e-05	0.00351757720471106	0.0012567756463076	0.0048147025784502
0.000342650367758447	9.2045423218467e-05	0.0255371840601239	0.949941696018644	0.0175565758523626	0.00316684980709093	0.00317890762431432	9.20454233170777e-05	9.20454231705164e-05
0.000110481677629428	0.00242260571561897	0.00866090915154833	0.9568677036162	0.0268733729924699	9.72483141429747e-05	0.00262471973403604	9.72497769026639e-05	0.00224570902145187
9.1755610311059e-05	0.00986268400913769	0.00528015255949494	0.955337415828755	0.0220429063399118	0.00365918120179709	0.00354239322983968	9.17556104292094e-05	9.17556103235342e-05
9.46661127612776e-05	9.47428414434313e-05	0.00572773818384766	0.953019535615537	0.0210124045852091	9.47445679108401e-05	0.00833460588318916	0.00805375302978398	0.00356780918031768
8.91268491368256e-05	8.91302236218155e-05	0.00479976417299731	0.951171988704333	0.0184170029070219	0.0167855234172097	0.00378866923271255	0.000431911904191442	0.00442688258877532
9.19636074134194e-05	0.00279828938967711	0.00442566157423617	0.957578391405485	0.0267420311161809	0.00243169431426339	0.00381628525737661	9.19636073332657e-05	0.00202371972803428
9.021011413331e-05	0.00181728606971041	0.0020597217715333	0.946693632914152	0.0397443801788043	0.000448155165793483	0.00447135459689094	0.00181569020535861	0.00285956898362408
0.00182435129122587	9.23989560763246e-05	0.0081374261685735	0.946828199393822	0.034684199834659	9.2401957930169e-05	0.0037911570605732	0.00445746337913223	9.2401958007314e-05
9.5444776130649e-05	9.54461770559513e-05	0.00771397502036483	0.958264825138257	0.0250890769638214	0.00532964989923491	0.00322069247285547	9.54447761239446e-05	9.54447761561076e-05
0.000840416867464303	0.00784800627566023	0.00571847309152031	0.961398131945687	0.0158930484785918	0.00208927703632182	0.0060300265086965	9.13098979321276e-05	9.13098981262424e-05
9.53363440572888e-05	9.53506873761778e-05	0.00469314637634175	0.965123843242553	0.0219051360639296	0.00324171097464838	0.00310490160024904	0.00164522514004934	9.53495707957211e-05
9.42282099646404e-05	9.42284317510251e-05	0.00566498628788609	0.957388109750666	0.0262357397551689	9.42282099131214e-05	0.00403226478767207	0.00528345492164066	0.00111275964533766
0.00431632970994133	0.0140654886310879	0.0028493191221574	0.905527723631426	0.0409348516951768	9.05326780570244e-05	0.00567020312186203	0.000233933064913072	0.0263116183453785
0.00278938676255138	0.00407864778027294	0.00706562639910312	0.965210635095737	0.018311468541121	0.000984869313576553	0.00137705373357422	9.11561870907572e-05	9.11561869727594e-05
0.000761770134790041	9.02409343544269e-05	0.00558432708893663	0.956608391215444	0.0256148471898146	0.00843698561939086	0.00175175193955498	0.00106144278046299	9.02430972511202e-05
0.00113934558180451	0.00248452861114477	0.00824013220264922	0.960813109022189	0.0238117098340552	9.29068866217214e-05	0.00111804749731984	0.00220731347762261	9.29068865935139e-05
9.01307588128235e-05	0.00434732045108332	0.00618447761261734	0.96956159685286	0.0136032510640523	9.01307588853878e-05	0.00127370082744882	0.00475926091537542	9.01307588643336e-05
9.1020420010385e-05	0.00318492060344577	0.00420909108830004	0.961870235844396	0.0141652471032458	0.0103972735376158	0.00540919835947469	0.000581992623505304	9.10204200060202e-05
0.000206047586794086	0.00627405079225787	0.00373175364999274	0.963970517410798	0.0183410115819365	0.00230666559077429	0.0049922070987431	8.88731443192515e-05	8.88731443840103e-05
9.14434716197293e-05	0.00330943924463252	0.0200826728564422	0.937059831837301	0.0202910413272931	9.14419070432505e-05	0.00636472513519705	0.0121392614738836	0.000570142746587693
8.9938674474208e-05	0.0084096059629579	0.00284760971982883	0.962596297475233	0.0192162504305488	0.00117787051446298	0.00262023977394882	0.00295224877425421	8.99386742912632e-05
6.24344401920446e-05	0.00443654117231742	0.00321268125171591	0.976422251422624	0.0125603641026241	6.2434440115739e-05	0.00311842429005218	6.2434440159169e-05	6.24344401999837e-05
0.00133465256451405	0.00272323831766927	0.00443103219053753	0.949372535566009	0.034528837221547	9.06448830810732e-05	0.00733776949072011	9.06448829402287e-05	9.06448829820937e-05
0.00660341700484051	6.3377749014227e-05	0.000705769550040932	0.969116278093969	0.0179219290735306	6.33777490127326e-05	0.00539909528151958	6.3377749041412e-05	6.33777490314676e-05
0.00144389007618768	0.0042953275507822	0.00216649898696228	0.96804441992627	0.0193171818960433	8.97345769277886e-05	0.00360016049718786	0.000953051912819737	8.97345768190219e-05
0.00573443087694868	9.19772715631025e-05	0.00494565568898545	0.95330023974066	0.0235324901865838	0.00760509502483067	0.00121363704622913	9.19772715966228e-05	0.00348449689260225
0.00149348020073623	0.00059936666782184	0.00906167228825466	0.950460872703355	0.0305187310171835	0.00240545470164434	0.00211754764023923	0.00129426973137822	0.0020486050493869
9.4160696790819e-05	0.00469060069775772	0.00749425515767453	0.955705293755806	0.0262697410433444	9.41606968446309e-05	0.000235450052905993	0.00468443011287994	0.000731907785996389
9.14071735264077e-05	0.010987435337045	0.00600441757999892	0.955098076794027	0.0234560199220405	9.14071735512853e-05	0.00408842167281515	9.14071735221467e-05	9.14071734738267e-05
0.00201557325978669	0.000296918959474861	0.00677465478222777	0.957414931777333	0.0277607632210327	9.20562768008455e-05	0.00156717886793532	0.0033306195340204	0.000747303321388718
9.54082868447062e-05	9.54538548373564e-05	0.0110565826796029	0.958567090965058	0.0217660005967278	9.54517905456167e-05	0.00183260100525127	0.00639595871299373	9.54521081380055e-05
0.00132160336055557	9.32276933700457e-05	0.00953165060812201	0.956264876750856	0.0229336902335125	9.32276934664897e-05	0.00382413197163609	0.00532866479979547	0.000608926888685273
8.97933402921034e-05	0.00924249385148698	0.00460988107361474	0.959070165675378	0.0233913749885982	8.97933404352354e-05	0.00218072981835863	8.97933402383919e-05	0.00123597457159818
9.12719556945398e-05	0.0026517291382659	0.00541212042943413	0.968617336099093	0.015354710712824	9.12719556698068e-05	0.00616300403139494	0.00040317331068764	0.00121538236693635
0.000117512869206679	0.000931036191889092	0.00504602088142829	0.968393104247949	0.0185315412920267	9.4403719891147e-05	0.00247140349676216	0.00432057358098409	9.44037198629258e-05
8.85577260788313e-05	0.00128365935245295	0.00183522689094958	0.969398393666552	0.0216871110452452	8.85577260420525e-05	0.00124377360764975	0.00387275657045143	0.000501963414578044
0.000185870601070213	9.51467558212514e-05	0.00839762417890258	0.966089862620904	0.0212128920081406	9.5145690183271e-05	0.00277644553950955	0.00105186482921838	9.5147776249705e-05
0.000703483523425418	9.10945193274792e-05	0.00358148236448442	0.97005529984923	0.00998946455276265	0.0119300750643397	0.0034669110879523	9.10945191967275e-05	9.10945192812857e-05
0.000984309094159396	0.000867883205435063	0.0071394715407568	0.969653480267375	0.0188168128231806	9.0392761852681e-05	0.00226686478351318	9.03927618346614e-05	9.039276189256e-05
0.00150758469045644	0.00224425584090708	0.00433139153791378	0.970716767039926	0.0182569873848566	8.84294394404755e-05	0.0026777251876143	8.84294395256965e-05	8.84294393593125e-05
0.00126677125635408	0.00478578232569594	0.00226909247644339	0.956452276847528	0.0150597466068547	0.00848642313898628	0.00452271010181007	0.00665959805469807	0.000497599191628903
9.22674244318108e-05	0.0166264871060138	0.00479200497515594	0.953690494316685	0.0148957308552094	9.22674245974011e-05	0.00646079271641607	0.000465664569230945	0.0028842906122597
9.01602487290019e-05	0.000332821698497739	0.00236081612539874	0.974041182653126	0.0171360817546594	0.00452648987177437	0.00133212714984956	9.01602491289866e-05	9.01602488360995e-05
0.000498199414707059	9.37381785204406e-05	0.00970417404685746	0.960293745231254	0.0209110834656231	0.00236715179774429	0.00245476857350628	0.00358340111328352	9.37381785035211e-05
8.72261470314797e-05	0.00922028160680972	0.00495036680366704	0.958827391556742	0.0189133468671916	8.72261470900452e-05	0.00447986265886613	0.00334707206556885	8.72261470333943e-05
9.23270337019643e-05	0.00228107304691072	0.00630023539313233	0.971197728826845	0.0153928621364088	9.22991669770918e-05	0.0041536193493475	9.22991670335674e-05	0.000397555879643175
0.000376453848817652	9.92822984640868e-05	0.00521915203358422	0.966003368281219	0.0207012999564949	9.2643000933895e-05	0.00110898778694451	0.00630616979278302	9.26430007589324e-05
0.00260234056138612	0.00460143278250443	0.0214894627595752	0.937808475909376	0.0172652897080167	9.24556901619107e-05	0.00827703698933675	0.0077710499095144	9.24556901279891e-05
0.00128499917937062	0.00434930599847789	0.00229919513992423	0.94975050858974	0.026424094192921	0.00957396926748082	0.00613763008519423	9.01487734687673e-05	9.01487734222033e-05
8.84176949879605e-05	0.00738220813818446	0.00494957419530097	0.965375014402619	0.0153436767308608	8.84176952008808e-05	0.00657895651855385	0.000105316929216451	8.84176950753581e-05
0.000778265274248358	8.96270201651373e-05	0.00470322806370117	0.962304054707016	0.0265564837991491	0.00284575559298731	9.16604795225012e-05	0.00254129997534135	8.96250878692004e-05
0.00450755877371246	9.05533164247336e-05	0.00125127272571964	0.950399926184614	0.0310671132083148	0.00733926237812432	0.00253055311489735	0.00272320698175391	9.05533164386817e-05
8.80062825928411e-05	0.0064836406090069	8.8006282692726e-05	0.964496003139277	0.0213759126019485	0.00195175644754938	0.00440181803608815	0.00102685031823976	8.8006282605025e-05
8.93533718689735e-05	8.93512252016531e-05	0.00209332813212682	0.97019404245562	0.0165060930133834	0.00546621339875484	0.00299030218566304	0.00220823038902349	0.000363085828357803
0.00521373392410397	0.00678223448030223	0.000690147400460054	0.959730039498448	0.0241024126034363	9.11443800413049e-05	0.00320799895308542	9.11443800182052e-05	9.11443801046608e-05
0.000269699057422511	9.38175667436824e-05	0.00473824306371786	0.970623241580942	0.0172756449238151	0.000504497836437137	0.00475734821131687	0.00164369019295823	9.3817566646843e-05
9.20141095587255e-05	0.00403354585405408	0.00835614427082122	0.942426622930689	0.0252755605434989	0.00833919939174291	0.00330568803252011	0.00801841541596303	0.000152809451152037
0.000758090171028406	9.24866160306745e-05	0.00229376709575667	0.962799114061903	0.0228758137925425	9.24866160115326e-05	0.00356003648985422	0.00743571854089719	9.24866159754837e-05
0.000290787576460277	0.0220606416098647	0.00232079432247595	0.95005401137403	0.0158994460124866	8.85485484531801e-05	0.00803352170698139	0.00116370030091647	8.85485483308365e-05
9.01503180165836e-05	0.00191194405962844	0.00367213989128854	0.960215602456955	0.0227401722827088	0.00267090147195991	0.00317132780907244	0.00135575972684099	0.00417200198352946
0.000437125421821251	0.0124892787800077	0.00366768401846134	0.960235289279071	0.0174399897426771	9.01103055964151e-05	0.00193036291461062	0.00362004923227339	9.01103054816562e-05
0.00832195339228139	8.88301280230306e-05	0.0118522395539254	0.923939985351863	0.0204006611594364	8.8830128200882e-05	0.0112176648699296	0.0149494439570599	0.00914039145928019
0.00348086831716954	9.28118047417013e-05	0.00451368037491995	0.954471819044789	0.028394294882213	0.00195215607078491	0.00518932935841837	0.00181222834226896	9.28118046942517e-05
0.00143239359668393	9.48458673027401e-05	0.00376599325138593	0.945388620860141	0.0356113586120887	0.00923684130560102	0.00428025477205923	9.48458673684825e-05	9.48458673691185e-05
0.00167121766231783	0.00438803897710983	0.00230039382563849	0.956853967111468	0.0253064387654124	0.00562677951828814	0.00367490288089332	8.91306295463315e-05	8.91306293260825e-05
0.0130710510728528	0.00520234960311206	0.0151036000026244	0.920080156956193	0.0310412530184772	8.98801472229262e-05	0.00798180441688884	0.00182051989049942	0.00560938489212934
8.91017994024449e-05	0.00080337999489946	0.00151265831975816	0.959781240015474	0.0336135269146269	8.91017994510661e-05	0.00229234353819493	0.00172954581878146	8.91017994116829e-05
0.0052486111752809	9.41915394694042e-05	0.00622973325765856	0.958466817312367	0.0186667036698527	9.419153937009e-05	0.00228984274376888	0.0088157172227219	9.41915395104069e-05
0.00332397731528472	0.000294608092192497	0.00770635618506847	0.963326698469964	0.0164775491302649	9.14455277075515e-05	0.00411821768718016	0.00456970206472574	9.14455276122231e-05
8.77712581786767e-05	0.00323808686504773	0.00471155532748781	0.963043368006473	0.0214870134755831	8.77712581480344e-05	0.00631180683186521	0.000944855719029968	8.77712581859581e-05
8.90167772496703e-05	0.00679895730463227	0.00585198849813895	0.966716509968923	0.0145919304212359	0.000520604225373638	0.00352681314826231	0.00181516287895745	8.9016777226697e-05
9.11347647013181e-05	0.00102202036692929	0.00221729213572023	0.964732136897358	0.0196181148705299	0.00249765117685296	0.00536460175934426	9.11347647296108e-05	0.00436591326383466
8.99961189204854e-05	0.0107191141722094	0.000335380919658649	0.968617297982897	0.0131841996327752	8.99961190623115e-05	0.00342428796604765	0.00188291066127985	0.00165681642714888
0.00523652865876134	9.29835909004358e-05	0.00378357090626433	0.958136156234791	0.0188600175088387	0.00727723718516003	0.00416510471516049	0.00136362776092381	0.0010847734392004
0.000460590349960015	0.00791296016510612	0.00395371499164883	0.964050190090741	0.0150389806459958	0.00053803610247725	0.00331490923675921	0.00420010937399062	0.000530509043320999
0.00131739099488493	0.00312280915347793	0.00583279109444203	0.947776353860836	0.0352147062462142	9.03022087279112e-05	0.00646504202393128	9.03022087190857e-05	9.03022087662295e-05
9.47667015258717e-05	9.4766701535631e-05	0.00770655430974838	0.947772805998291	0.0240575105215001	0.0161686296460344	0.00391543271831201	9.47667015179505e-05	9.47667015352141e-05
9.00996365706446e-05	0.0151535723983845	0.00774229307953014	0.949985477150958	0.019094191370959	9.00996365312449e-05	0.00578099986631946	0.00197316722417598	9.00996365713668e-05
9.22394963387689e-05	0.00298578977691656	0.00649328835978222	0.965398272180764	0.0171654041463238	0.0017548665509417	0.00307772889632532	0.00152460345004557	0.00150780714256195
6.19614788710246e-05	0.00639464422853387	0.00425487884183795	0.960256675704585	0.0220055589172135	6.19614788593561e-05	0.00204935895525645	0.0022621551545931	0.00265280524025012
0.0005050708747407	0.00623752430620641	0.00235616683284126	0.972798318221195	0.012486154602415	8.84053808680793e-05	0.00237378634171444	0.00306616805925948	8.84053807592847e-05
9.48659869292418e-05	0.00236524538339674	0.00668180929557998	0.961766835415376	0.018227939681972	0.00625100496354693	0.00172975201109141	0.00278768127516926	9.48659869384518e-05
0.000204368871905828	0.00752242199360647	0.00471916056667511	0.956755603771145	0.0194391005239085	0.00659354487146048	0.00302268261649942	0.000804248299637756	0.000938868485161791
8.72005891647478e-05	0.00622928819884538	0.00246435890940709	0.956016024550791	0.0286745332881714	8.72005893230944e-05	0.00626699269559992	8.7200589521071e-05	8.72005891763614e-05
0.00322101899553714	0.00497779525261326	0.00391964579354903	0.956431514336215	0.0181693314580572	0.00768601112766431	0.00431753677347129	0.00118509806651825	9.20481963742208e-05
0.000354991456595832	9.12231678133427e-05	0.00537208747184555	0.972536894541955	0.0174089538966376	0.00028344119153697	0.0036885950221882	9.12202308004392e-05	0.000172593020627161
9.29143392762759e-05	0.00542706634633579	0.00529515351059119	0.953881081583656	0.0301560715087631	9.2914339341895e-05	0.00318618171287005	0.00177570231992218	9.29143392432346e-05
0.000839825435950965	0.0262913216433335	0.00754640326522241	0.866150043970466	0.0261523663699583	6.08341036064336e-05	0.0177059072130968	0.0396795081006862	0.0155737898976793
0.00537158657736556	9.18095622373783e-05	0.00445516250386564	0.97065333505337	0.0147392122487018	9.18102130958196e-05	0.00230676776505389	0.00219850586336747	9.18102129427134e-05
8.8134330018927e-05	0.0148802174259724	0.00277198783357873	0.958514763116905	0.0145314602998239	8.81343301298743e-05	0.00594491701972062	0.00309225131383793	8.81343300124138e-05
6.28794915175364e-05	6.28776651107787e-05	0.00214335171637217	0.974895380053541	0.01816937470423	6.28794916178384e-05	0.00205165914151812	0.00248871824456941	6.28794915232215e-05
0.00054400781518522	9.28228378209478e-05	0.00447022588587584	0.967700579697997	0.0189014777988711	0.00522467217221708	0.00240046756302247	0.000572919613097715	9.28266159123597e-05
0.00436563580282019	9.13917717991783e-05	0.0187543539877883	0.932326574466068	0.0164039113897707	9.13917717945539e-05	0.00746821223870064	0.0204071367994747	9.13917717831872e-05
9.14454161070256e-05	9.14454160823623e-05	0.00559648449638092	0.957231723122807	0.0158210072934013	0.0101811087438351	0.003569943628176	9.14454161000513e-05	0.00732539646711039
8.8818047357931e-05	0.0138641052299379	0.00328052284867613	0.957234129514795	0.0200074404610388	8.88180473563332e-05	0.00406030456626475	0.00125966308921749	0.000116198195355896
0.00897708173187074	0.0054507675733309	0.00561397429834027	0.94168277246348	0.0318579453209872	9.02046471026462e-05	0.00380577793427865	0.00243127138340151	9.02046472077672e-05
0.00169700969088609	8.91998537258645e-05	0.00641939267261554	0.960734731617578	0.0209414165620596	0.00765635444446753	0.00228349501435228	8.92000721835739e-05	8.92000721315991e-05
9.33396767023125e-05	0.00234421308975486	0.00513884184357049	0.969856126013379	0.0196607747212005	9.32134739932914e-05	0.00262705751874605	9.32168314771499e-05	9.32168311765705e-05
0.00110775548631946	8.80708455175173e-05	0.00173556487011292	0.958493105140103	0.0209094633048272	0.0125890041530675	0.00237486901421375	0.00261409634028789	8.8070845550239e-05
8.92643833393352e-05	0.00198387171848773	0.00429038638876872	0.964434771945158	0.0184971673104042	0.00320775033995562	0.00294254352443756	0.000859365734197968	0.00369487865525034
0.000832143063956595	0.00632812722329483	0.00285672012778665	0.955709596505921	0.0294154645744133	9.17941925983271e-05	0.00458256592668044	9.17941926845289e-05	9.17941926637326e-05
0.00355238934377246	0.00979243270542741	0.00481394459744796	0.950238335213101	0.0259113337895723	8.90476561554376e-05	0.0017545457995301	0.00307088907010992	0.000777081824882904
6.29868817866624e-05	0.00656206621074016	6.29868817902206e-05	0.97538531523932	0.0158631985924405	6.29868817605408e-05	0.00187448554863252	6.29868817371616e-05	6.29868817924507e-05
0.00632571443197699	9.05633818899071e-05	0.00630134694032793	0.948130859826084	0.0205259876343744	0.0040262039044181	0.00559227197901988	0.0029760890946201	0.006030962807289
0.00016991933524754	0.00795869810234322	0.00309564406287837	0.961847353630392	0.0209452282636838	8.92789944778987e-05	0.00307103999575668	8.92789945868309e-05	0.00273355862063376
8.70598847802475e-05	0.018672684924234	0.00374064738899286	0.958254760444465	0.0134618648440342	8.70598848173646e-05	0.00485488550531359	0.000753977238626537	8.70598847360079e-05
8.71150007441581e-05	8.72957962537808e-05	0.00346923369946073	0.971463086057931	0.0216267195896591	0.00173214282229296	0.0013598105366341	8.7298248295162e-05	8.72982487295657e-05
0.00506580025545196	8.84276037666969e-05	0.00452708457213513	0.968165705294941	0.0136892703778385	0.00105405587185888	0.00211725862221597	0.000786494338856636	0.00450590306293497
9.0832538631249e-05	0.00454806837273402	0.00464618571040569	0.956945508132169	0.0153197683919312	0.0106840937833849	0.0044110033411686	0.00326370719092948	9.08325386459981e-05
0.00141965902946691	0.00230713878124146	0.0037051504263085	0.936810196976623	0.0350494087466806	0.0128054967913541	0.00375221292265078	0.00405906783561768	9.1668490057089e-05
9.07274745392381e-05	9.07274746655157e-05	0.0143749286140919	0.948090263230268	0.0205151618968255	9.07274745864613e-05	0.00255599431684575	0.0111633818331163	0.00302808768506108
0.00130710442560078	0.00269506600530667	0.00420169952622066	0.959301318244541	0.0214792103225189	0.00442773036236516	0.00377664421103519	8.87717340631374e-05	0.00272245516834879
8.9311056729347e-05	8.9311056663959e-05	0.00330266867864536	0.965595917706228	0.0137035126160893	0.00802291528702424	0.00371918952737927	0.00454282107981869	0.000934352991421872
8.70631911962729e-05	0.00931467401386851	0.00224187065654284	0.964450746653218	0.0117342328187352	0.00187175203648323	0.00503201239866645	8.70631909259597e-05	0.0051805850403635
9.26862981996774e-05	0.000487116104973483	0.00455497822747095	0.966235484482251	0.0208408088526242	0.00320053790645179	0.000972789967340659	0.00352291186248635	9.26862982021686e-05
0.00383763747168881	0.00276342961386246	0.00196822613037648	0.944061136702322	0.0287429540710611	0.0143816153731757	0.00271288798100221	8.94849508045525e-05	0.00144262770570712
9.12010777944175e-05	0.0102446391292624	0.00268580240483267	0.962566431557282	0.016534597950289	9.12010777932352e-05	0.00562132178854648	9.12010780030539e-05	0.0020736039361963
9.09050646969427e-05	0.00712463550460774	0.00235657445104212	0.971166163445819	0.0138417786573715	0.00105974841678283	0.0041783125939761	9.09409327370963e-05	9.09409329667346e-05
6.28253001657247e-05	6.28244142687697e-05	0.0046144549470788	0.971920485837388	0.0207326852916698	6.28253002709717e-05	0.00241824830884165	6.28253001371819e-05	6.28253001791708e-05
8.95695313994872e-05	8.95695314681765e-05	0.00409122479709162	0.965284434497049	0.0245897904788493	0.00167113060376341	0.00253913590790783	0.00146980754407776	0.000175337108393222
9.03333716373879e-05	9.03333717295297e-05	0.00181413771579091	0.963962063543996	0.0247075232882661	0.0067742416529488	0.00238070031234091	9.03333716567613e-05	9.03333716335092e-05
9.36696433219849e-05	0.000960070917950737	0.00785650405790563	0.952855346830324	0.0364351609323549	9.36696432408117e-05	0.00151823868829341	9.36696432861984e-05	9.36696433227099e-05
0.00115306089002291	0.00239409098629818	0.000883380068031727	0.958531374961305	0.0251189545820375	0.00709001262944607	0.00405922858415709	9.10422729377145e-05	0.000678855025763582
0.000534123106979261	0.00412457869823817	0.0105245475815412	0.961011289850942	0.017148033803628	0.0018947136547237	0.00457864161352774	9.20358452856888e-05	9.20358451342962e-05
0.000282254019546098	0.00477192640833132	0.00745470291421223	0.952682707584349	0.0303343813556303	9.21046011804578e-05	0.00296747200083641	0.00132234651475243	9.21046011618009e-05
9.17725629750682e-05	9.17725630265294e-05	0.00809421530537746	0.965991264999162	0.0216865630385636	0.000909865987902034	0.00254507991593907	9.17725631160607e-05	0.000497693063938499
9.00708863000696e-05	0.00291296034634948	0.00277462601771821	0.971214366780372	0.0190960298039377	9.00708863635294e-05	0.00288499805723003	9.00708862027047e-05	0.000846806335526563
0.00289037683555865	0.011979176388293	0.00082740469667047	0.954549422806623	0.0211054999264423	0.00457278709428593	0.00298140013671676	8.84279339639995e-05	0.00100550418144558
0.000301470577721075	0.0100377225020651	0.00121097052061933	0.96228505339797	0.0205913741673644	8.87666278044925e-05	0.00436885045956849	0.00102702511900458	8.87666278825884e-05
9.46775735166697e-05	9.46775734668357e-05	0.00841599274331756	0.95943119743991	0.0200511462610954	0.00774158481304547	0.00188625712431118	0.00218978889781372	9.46775735233999e-05
8.94670001650031e-05	0.0143413018567959	0.00267278658656299	0.959590292237959	0.014257930514721	0.00572477314460072	0.00302535433210848	8.94670000393301e-05	0.000208627327046991
8.96151382105957e-05	0.0013936768694865	0.00518897413925738	0.969418453368744	0.0181837578677322	0.000420714142792163	0.00396257819125931	8.96151380750119e-05	0.00125261514444337
0.000283696191941396	0.00928246009807316	8.78985924353587e-05	0.973696175064048	0.0119933477821062	0.000396559849011132	0.00306500342544405	8.78985923541639e-05	0.00110696040458614
0.000234411046605611	8.7498358024161e-05	0.00513355255831799	0.966124520039355	0.0193597517617097	0.00558519244903708	0.00330008045697296	8.74966649347761e-05	8.7496665043204e-05
9.08601338748373e-05	9.0860133839471e-05	0.00521591876923312	0.93710736271909	0.0380469928180951	0.00967848029388181	0.00336854013909275	0.00631012485902882	9.0860133863874e-05
9.00320310881619e-05	0.00307324724921325	0.00233643187078092	0.961792377673452	0.0274428703502663	0.00298707833579518	0.00209789842731632	9.00320309939306e-05	9.0032031094501e-05
0.000944920882281744	0.00832135571967788	0.00429727320123046	0.952972394166572	0.0304894841444538	0.00196158412992099	0.000834275780716201	8.93559875977776e-05	8.93559875493254e-05
0.0015911111039609	9.11499041876445e-05	0.00387980829631752	0.959015766596664	0.0249250426874191	0.0004266787794743	0.00509301172135389	0.00426350634998584	0.000713924560636543
9.37444239655222e-05	0.00479249383158174	0.00432561133547732	0.96549952154727	0.0204906577032131	0.0025386210426581	0.00207186126804409	9.37444238250735e-05	9.37444239644732e-05
9.23724370603606e-05	0.0057836492570898	0.0046965706041591	0.942621180301794	0.0307372472812865	0.00859536147563365	0.00325537529115479	9.23724369999811e-05	0.00412587091482164
9.01173591728398e-05	0.00496781787041721	0.00376800174681423	0.957535304752904	0.0256346986919458	9.01173591724516e-05	0.00544435771021085	9.0117358966736e-05	0.00237946715039617
9.10463424539153e-05	9.10490399604867e-05	0.00457321016545789	0.969803501902038	0.0173943344086539	9.10463424805417e-05	0.00360703625921836	0.00273145118724234	0.00161732435249491
9.01258104530423e-05	9.01258104079433e-05	0.00324283167868283	0.969019111013009	0.0176447685964767	0.00701691051425943	0.000976962671279316	0.00084756360443885	0.00107160030099239
9.08025528079315e-05	9.08069821929719e-05	0.00314131456605468	0.968512639029025	0.0244251579970612	9.08025528478636e-05	0.0020024450525359	0.00155522871463222	9.08025528422713e-05
9.03781967954817e-05	9.03801718518343e-05	0.00187611671632622	0.957692131576216	0.0315076777777109	0.0060973240346636	0.00246523513276639	9.03781968888422e-05	9.03781967803841e-05
0.00191423333373056	0.00965615982708309	0.00293545673159732	0.949772154995897	0.0185784618884274	0.00192779366922563	0.00190421114786601	8.81276962132089e-05	0.01322340070996
0.00106090226097966	0.00318105492249244	0.013678491259267	0.956691249855243	0.0221975930518476	9.42416399977893e-05	0.00290798326159763	9.42418744247949e-05	9.42418741501475e-05
0.00196389419562404	0.00702623546611943	0.0034384172669274	0.955283549384315	0.0253563277824265	8.94380905101515e-05	0.00666326163342119	8.94380902895169e-05	8.94380903662865e-05
8.90852839964572e-05	0.0101264700178412	0.00208090823006733	0.956074114736842	0.0190849449772308	0.00258888860137436	0.00499624091620393	8.90852842099105e-05	0.00487026195223404
9.16314028967096e-05	0.00221489045443432	0.000748752095349488	0.954239077802073	0.0368922289169107	9.16314029365321e-05	0.0055385251196809	9.16314028107859e-05	9.16314029072437e-05
9.17393758885899e-05	9.17418806494992e-05	0.0067956733130586	0.972881051981418	0.0167020418139253	9.17393759022322e-05	0.00316253350750952	9.17393757934429e-05	9.17393758544338e-05
0.00152618148103547	0.00880626022290983	0.00353205965085595	0.941051187988651	0.0366530171235959	0.0026871018162733	0.00470066423038379	8.72989817677758e-05	0.000956228504526655
9.40969740430568e-05	0.00480812096353571	0.00792143308767415	0.949609614597408	0.0333851750928439	9.40969741610397e-05	0.00246698160953569	9.40969740585877e-05	0.00152638372674025
6.31268522544874e-05	0.00816561366642784	6.3126852264211e-05	0.960322874519968	0.0239595729156575	6.31268522508532e-05	0.00430653599384836	6.31268522980714e-05	0.00299289549503119
0.0014321692794768	0.00573879137564728	0.00469560609801825	0.956394497429853	0.0226122095596205	9.0578938788586e-05	0.00744479441477265	9.05789388962985e-05	0.00150077396492699
0.00230827553248402	9.06099791383503e-05	0.00308260863115758	0.9605873193644	0.0273868126367956	9.06099790689107e-05	0.00401204223337309	9.06099791276143e-05	0.00235111166445531
0.000523494785261154	0.00297054138183723	0.00578285394466628	0.965850047811871	0.0169647701427392	0.00290851756594019	0.00474604034950975	8.95656131581308e-05	0.00016416840501724
0.0059945791657823	0.00248891723779225	0.00420806063402722	0.931597104820321	0.0446863190911949	0.00695378178492016	0.00388551849663884	9.28593846535776e-05	9.28593846697335e-05
9.10508046247499e-05	0.00125182944523023	0.00133144118891444	0.982078414921364	0.0125313917263121	9.10508047875328e-05	0.00244271949928048	9.10508048559962e-05	9.10508046303225e-05
0.000972458025250221	0.0138821052499188	0.00370177730360311	0.963209199727191	0.0147719048549353	9.13835743205719e-05	0.00318840411617355	9.13835743145975e-05	9.13835742924812e-05
0.000633390053522419	0.00393477355386596	0.00446083108150593	0.971157467598343	0.0127431248284931	0.00270417974965031	0.00410179629396639	0.000173900055256273	9.05367853967052e-05
0.000546673005643882	0.00876247022909089	0.00417093511018835	0.967513876399432	0.0114428137858376	9.3083353773576e-05	0.00268948910654827	9.30833536313286e-05	0.00468757565585441
9.07895215470447e-05	9.07888315123017e-05	0.00266742555456758	0.971912785962241	0.0195179655219975	0.00209080094244358	0.00234966679243222	9.07895216026239e-05	0.0011889873516564
9.38230706284539e-05	0.00439198348006651	0.00434269668520272	0.955495016909311	0.0323011052458987	9.38230706876341e-05	0.0020999879139824	0.00108774055357323	9.38230706494079e-05
9.44953037197573e-05	9.4495303700241e-05	0.00775441469407388	0.951798123107901	0.0270697197027816	9.44953037168976e-05	0.00184965543535152	0.0099364906254206	0.00130811052333422
0.00561436586247258	0.00195671827295203	0.00606752087333531	0.951703272598822	0.0312190677893412	0.00103833544928491	0.00221594266309829	9.23882451944731e-05	9.23882454991619e-05
9.34121960775447e-05	9.34121961037105e-05	0.00491973142682662	0.963675902862719	0.0164367122398581	0.00415156579699058	0.00208785710790088	0.00534402197695476	0.00319738419656864
0.00321243836594687	9.15015633295704e-05	0.00438270080657155	0.96097490220617	0.0221231481103484	9.15015634430887e-05	0.00426524245154045	0.00325272442976413	0.00160584050288616
0.000691019839972061	0.00634694934161973	0.00151081162591656	0.960709566515972	0.0199036655213237	0.00551946322467787	0.00513742940327421	9.05472636407812e-05	9.05472636033336e-05
9.23576781145168e-05	0.00826409461426801	0.0198997264341814	0.93407324523634	0.0282510685005573	0.00215240540737807	0.00596382788185287	0.00121091656917786	9.23576781297273e-05
9.31768123892682e-05	9.3176812414144e-05	0.00827910930756441	0.951554671527033	0.0247235251963665	0.00826994250381952	0.00155190780974938	0.0053413132182757	9.31768123879466e-05
9.02654537054858e-05	0.00361345294416145	0.00249970717453015	0.970799259331323	0.0123387100773077	0.00705319522662877	0.001067936290003	9.02654536901242e-05	0.00244720804864988
0.00320954427728395	0.00055939696686726	0.0017585396125148	0.954895801682167	0.0252217253975276	0.00318048079334436	0.00117661764239882	8.92157178154246e-05	0.00990867791008038
0.00264711784978105	0.00202848239208675	0.00460715226780358	0.965039753214307	0.0192547721708599	9.10496862480247e-05	0.00317704529513272	0.00306357743763907	9.10496861419184e-05
0.00292481151264195	0.00695374041794299	0.00501037198396568	0.956544917794238	0.0219837876074266	8.96806901686225e-05	0.00491553135944206	8.96806899888179e-05	0.00148747794418515
0.00307124610260023	9.0969872123312e-05	0.00870587536549747	0.959753498253359	0.0249006581361154	0.00218449103904364	0.00111132148692896	9.09698721543054e-05	9.09698721777446e-05
0.000675757841483588	0.000421471349904048	0.00645531003650577	0.956438079885628	0.0173535225024888	0.000399592939532694	0.00131477567383113	0.0122165932983009	0.00472489647232558
0.00572566627516131	0.00154549564696086	0.000656093361339922	0.969459148813192	0.0120056855654643	0.00407603288301777	0.00364120688647495	0.00282767230509129	6.29982632974349e-05
8.93973128287788e-05	0.00438185582725656	0.00474765503444918	0.962740557307073	0.0237063567912389	8.93973128524371e-05	0.00406598578840845	8.93973130264453e-05	8.93973128659716e-05
9.00059949985364e-05	0.0032489923996514	0.00551430757471061	0.960597090387266	0.0164639028460044	0.00648645826048624	0.0051037803944133	0.00240545614746136	9.0005995008335e-05
0.00140569465489781	9.49610472653789e-05	0.0051714969271576	0.949096770343242	0.0352816557364933	9.49656787094544e-05	0.00478978537261618	0.003969711790155	9.49584494634388e-05
9.16269298455364e-05	9.16269298467409e-05	0.00296682587572369	0.932231890302644	0.0215531062186493	0.00429379469869648	0.00500711452768678	0.00769471021148206	0.026069304305425
0.000432664690944405	9.13575583579644e-05	0.00369170907378363	0.959670509403986	0.0230266224713034	0.00173546556848872	0.0039941970203901	9.13575587746623e-05	0.00726611665397081
0.00124188038763144	0.00498625204819953	0.00388472769891452	0.967531720085429	0.018186684570543	9.13839016901042e-05	0.00173708668632027	0.00224888071942128	9.13839018507037e-05
9.13651553452784e-05	0.00113873053467959	0.00722168012484181	0.959913127025884	0.017419220924912	0.00596788568698761	0.00433828297121062	0.00381834242079322	9.13651553461102e-05
9.12049701284406e-05	0.00682546211083501	0.00211351310466345	0.966140468122728	0.0185109163250796	9.12049701356308e-05	0.00558413012853422	9.12049702398187e-05	0.000551895297655307
9.03945532349851e-05	0.00401533722594063	0.00725858530402173	0.942390892469321	0.0424611136702029	0.00145392817185289	0.00214895949899263	9.03945531847652e-05	9.03945532490438e-05
8.83574808867904e-05	0.00236451393963947	0.00376038702793917	0.967886853117993	0.015770354489046	0.00516072868624091	0.0046900411599725	8.8357480612488e-05	0.000190406617669924
0.000528095766326753	0.00671340620212756	0.0039782480941904	0.961541465588947	0.0243785786918712	0.00205502968125723	0.000176133104369241	0.000538144681916838	9.08981889935854e-05
8.79878373848454e-05	0.00199195132854723	0.00438995728051995	0.973535458573082	0.0124785754029631	8.79878372367996e-05	0.00404352657390092	0.00267879266378385	0.000705762502581646
0.000110581807272394	8.76971105812897e-05	0.00321416220282641	0.967503305235433	0.018781353530299	0.00378385664138403	0.00221050528318639	8.76971107267811e-05	0.00422084107829083
0.00207032178565507	8.96791789265477e-05	0.00526851798721813	0.946616740207705	0.0272867119409585	0.0102388074714364	0.00519194451860744	0.00214241662257951	0.00109486028691342
0.000149959223139971	0.011154118783699	0.00242967593614795	0.967754205558068	0.0128456659452841	8.96325072867736e-05	0.0025389838144412	0.00185654246776984	0.00118121576416341
9.32797937453569e-05	0.000290027679583669	0.00958576815186653	0.945851354899128	0.0410889511093687	9.32797936953413e-05	0.00281077898513716	9.32797937236142e-05	9.32797937516061e-05
9.34917689881288e-05	0.000110034322484294	0.00798359461629998	0.961723796574916	0.0216442715183111	0.00226573487801305	0.0042752181883586	0.00181036636358775	9.3491769041318e-05
0.000563845982332554	0.00229518099680603	0.00472908688844599	0.965124335714146	0.0207140176381381	0.00270770501522318	0.001914092830399	0.00186194654028827	8.97883942211541e-05
9.00443588776797e-05	9.0044358787239e-05	0.00312916470260838	0.958539242202306	0.0244140954830101	0.0108975314662707	0.00265978871047834	9.00443587785635e-05	9.0044358882688e-05
0.00352490622571751	9.09273882618935e-05	0.00364466857040526	0.972645226944484	0.0146372559513863	0.00252866828561209	0.00159408690477126	0.00055514392828882	0.000779115801073313
0.0120914969411423	0.00283230902705767	0.0376006730902662	0.90467758199993	0.013425035825207	9.08982747479807e-05	0.0122909583938845	0.0169001481729924	9.08982747717047e-05
9.14963347167562e-05	0.0105851529834755	0.00593654256111604	0.953648570020395	0.0197345705209842	9.14963347939982e-05	0.00453212914912871	0.00528854576065835	9.14963347315393e-05
0.00155297157974019	0.0202859881520249	0.00466497719301033	0.942573235868619	0.0207488617214146	8.77843178455794e-05	0.00424289917602824	0.00575549767350665	8.77843178110974e-05
9.07187108497185e-05	0.00233895947561379	0.00580807702097951	0.963005452278552	0.0169338085743149	0.00952142232595933	0.00212012419189657	9.0718710981869e-05	9.07187108520671e-05
