Bcells	CentralVeinEndothelialcells	Cholangiocytes	Hepatocytes	Kupffercells	LSECs	Mesothelialcells	PortalVeinEndothelialcells	Tcells
0.00145973191208573	0.000754405640300518	0.00012883323203181	0.965021022678776	0.020962514006546	0.00953142642856768	0.00131490236850904	0.000128833232115931	0.000698330501067701
0.000749746107453584	0.00528771407730547	9.01290329357712e-05	0.966920828761811	0.0209354610790678	0.0050682742440859	0.000440694073451464	9.0129033084185e-05	0.00041702359080452
0.000113442501109926	9.33834987799514e-05	0.00892552188871898	0.96926938235396	0.0179773990534992	9.33820511170462e-05	0.00148012587744814	0.00195398072460358	9.33820507633973e-05
9.32329727986541e-05	9.32340717801913e-05	0.0027506750776142	0.975884162939377	0.0172597341677587	9.32329726496998e-05	0.000715711881691061	0.00301678294374995	9.32329725805098e-05
0.000133000603646341	0.000133000603813868	0.00215637696147616	0.954379857589967	0.0263941596221501	0.00453065450188491	0.00378281129103068	0.00584163796111944	0.00264850086491121
0.000349858791405117	0.00191711330997755	0.00327073851071325	0.958840709151454	0.0164432481735526	0.0125856842984632	0.00542362484641393	0.000819849822254747	0.000349173095765359
0.000379641385363171	0.00341478843597039	8.98355934947877e-05	0.977425487580015	0.0139141679796995	0.000933182700320779	0.00232565761628607	0.000427328952782822	0.00108990975606766
9.1101140069715e-05	9.11011401131247e-05	9.11011401098133e-05	0.972132754510951	0.0118523726079986	0.00600267889298049	0.00456649740647194	0.00508129202124579	9.11011400594542e-05
9.18621632521759e-05	0.00438665152211799	9.18621632673933e-05	0.961833834843388	0.0241123817349624	0.0027174698930018	0.00173969575873325	0.00493437975808326	9.1862163193473e-05
8.99126006775665e-05	8.99094309947761e-05	0.000156153057613911	0.973825558886445	0.0159591596763196	0.00618743789625639	0.00221763930925456	0.001384319711344	8.99094310946282e-05
0.00356786708259596	0.00157802047376215	0.0293073641111593	0.930835102789022	0.00958773534903524	0.000133701089029083	0.0122770840393875	0.0123865338009722	0.000326591265036753
0.00985630406314723	0.0158690920283522	0.00220761094448467	0.95544143632941	0.00881690437686542	0.00323278762561936	0.00373121674540604	8.78001967917366e-05	0.000756847689923492
0.00476453209187725	9.05885820150487e-05	9.05885820768516e-05	0.943206450508645	0.0267380347100526	0.0123913083730351	0.00578874603795055	9.05885819682487e-05	0.00683916253237963
0.00439338792017541	0.00156415465058904	0.00468745630478193	0.959839446256442	0.0190604162348262	0.00189976590780307	0.00333534005764866	0.00444831886779903	0.000771713799934623
0.00259744387458298	0.000184798226909216	0.000924806182733175	0.96990286649135	0.0112091575500277	0.00927346391185756	0.00129146706055971	0.00449021990216855	0.000125776799811557
0.000273811984503763	0.00439018024625707	9.02244310463362e-05	0.969759603124631	0.012899205705249	0.00466064159051244	0.0031268374529984	0.00470927103391426	9.02244308876102e-05
0.00179900832422865	0.00257885115147388	9.22357254744389e-05	0.986167049328153	0.0063169918371802	0.00102320732773741	0.000412701028044004	0.00139008821095902	0.000219867066749338
8.86102024779086e-05	0.00580097877403624	8.8610202334367e-05	0.971333997188484	0.0166534402111394	8.861020206759e-05	0.00474260471519397	0.00110778617739352	9.53623268731969e-05
0.00496935929584756	0.00435127103931155	0.00196826112065984	0.962987093203764	0.0190456559348964	0.000134490894952787	0.00179790657359354	0.00244165025201839	0.00230431168495655
0.00192972379978335	9.08115444394388e-05	0.000751184958172237	0.96942774349105	0.0183571384845127	0.00734565580441627	0.00191611847030751	9.08117236744596e-05	9.08117236439412e-05
0.000138667495150802	8.97431720015492e-05	0.00399568756853032	0.964352413450321	0.0134473532969191	0.0155074865153593	0.00228916215754341	8.97431722373666e-05	8.97431719369992e-05
9.03743653928306e-05	0.0024882317813246	9.03743653844268e-05	0.960845164835783	0.0217455817381845	0.00395681755644255	0.000665964456300637	0.00668823839815931	0.00342925250302769
0.000998918114473636	0.000136881173885806	0.00186698880914039	0.960417225715484	0.01953230773414	0.00777202738090524	0.00482580735211495	0.00349454605944358	0.000955297660412108
8.86446895732335e-05	8.86446897945891e-05	8.86446897234259e-05	0.967371911855373	0.0179339980932349	0.00704432875184091	8.86446897275713e-05	0.00433317674356779	0.00296200579716448
0.000126596135752542	0.00766521971301376	0.00111508559174537	0.959738739533493	0.0125649307114625	0.0145206975049939	0.0035392358834542	0.000126596135810215	0.000602898790274369
8.95454550137332e-05	0.0118586136547034	0.000205769840611812	0.97090707841431	0.011624571895367	0.0022673930543389	0.00221938487621399	8.95454550730031e-05	0.000738097354368322
0.00174685753885398	0.00163316554491432	0.00366690904828875	0.975123484178606	0.00946258454821	0.00742507154979829	0.000761856663064103	9.00354641062116e-05	9.00354641583674e-05
0.00089475627247785	0.00664883179041838	0.000333254521105731	0.977494382447527	0.00948460701183294	0.000414297118824575	0.00312567953287416	0.00151590019937082	8.82911055682618e-05
0.00117490615503296	0.00173586831386192	0.00391500650251836	0.969857913559887	0.0171777484406543	0.00147698437656629	0.00215449695674022	0.00241344030588771	9.36353888517437e-05
0.00369416212599157	0.00425705530881187	8.93754494137643e-05	0.970487641667532	0.013032053055566	0.00666618304202737	0.00159477845186763	8.93754493753327e-05	8.93754494149005e-05
8.75622331817895e-05	0.00225170667195878	8.756223321255e-05	0.979206617581731	0.00942921285705893	0.0055712379108873	8.7562233339048e-05	0.00101268619315787	0.00226585208547215
0.00012618893333191	0.00548258779392015	0.0024752021177083	0.965591674549087	0.00738361862678842	0.0150935997482204	0.00316913758020545	0.000126192825860655	0.000551797824877649
0.000127218074632219	0.00241802601821381	0.000127218074449296	0.974111905971002	0.0135485075787612	0.00520479876553964	0.00271311077592867	0.000560838209284765	0.00118837653218854
9.1049645526637e-05	0.00362295980722801	0.0068347596464557	0.962545362201961	0.0188560236423551	0.00639613699948474	0.00147160734102025	9.1050358015674e-05	9.10503579532556e-05
0.00101888294253691	0.00201415246171232	0.00121513144444297	0.968236161856946	0.0133442134536955	0.0066003767895997	0.00230418578377776	0.000473191139304512	0.00479370412798436
9.19644534085129e-05	9.19659083804212e-05	9.19645414601366e-05	0.97431999285115	0.0136435506837778	0.00873415874385391	0.00203107493755833	9.19645419928528e-05	0.000903363338418446
0.000528649049543191	0.00703515378848908	9.12803266633482e-05	0.972609204246364	0.00953078965530066	0.00310977644050156	0.00407445413820582	0.00043082969826823	0.00258986265666367
0.000591096534963164	0.00159908720918602	0.013731570519631	0.96326179461201	0.0132889500582699	0.000337821652482382	0.0031908913265776	0.0038639434307551	0.000134844656124403
0.00185574928367684	0.00176962619182799	0.000133468665549807	0.968328268201831	0.0163418910322759	0.00584819709767103	0.00275475746757332	0.00204940848459338	0.000918633575000906
0.00710477184667203	0.00282338348757715	0.0550608786784057	0.871835058758501	0.0204767899147128	0.000132151299030003	0.0295417367696122	0.00819163883532048	0.00483359041016868
0.00113845534037064	0.00536384308005952	8.68393969073787e-05	0.972640718073968	0.0132024176822907	0.00451515672845118	0.00254591773080725	8.68393966192952e-05	0.000419812570526096
0.000290825990069126	0.00036029656409746	0.00233144826118559	0.976960892850996	0.0103825658712873	0.00750072701590195	0.00122399172589477	0.000132849941999386	0.00081640177856826
8.74971771645783e-05	0.0012643081766059	0.000650215314044022	0.982377179754514	0.00543519345974602	0.00917925770247485	0.000368809304447928	8.74971775641526e-05	0.000550041933438456
0.00101469715916132	0.00597211765419563	9.09070000788491e-05	0.97380302663756	0.0124061382918317	0.00144025160336393	0.00499784032150386	9.09070000415009e-05	0.000184114332262907
8.87313915563663e-05	0.00874575943440926	8.87313915893382e-05	0.976710200590887	0.0113214089056815	8.87313916232864e-05	0.0027789741111018	8.87313915622244e-05	8.87313915891966e-05
0.00836570961033629	0.00653406302298795	0.0580423709682465	0.872650487766714	0.0173903997860876	0.000130818939111528	0.012145761541156	0.0246095694263309	0.000130818939029686
0.00248615230868266	0.00644680120117391	0.000126326237725067	0.950757990482159	0.0234891180600144	0.00984690272998294	0.00346336892329467	0.00012632623761592	0.00325701381935141
0.000549830331259466	9.39032072241899e-05	0.00514198892560693	0.972388789933288	0.0121146439620541	9.39032073811149e-05	0.00247312880124804	0.004140888603502	0.00300292302843578
0.000584187456512185	0.00825020643973697	8.897127296688e-05	0.979121136399996	0.00771706373893922	8.89712732914887e-05	0.00397152087273678	8.89712725541477e-05	8.89712732664304e-05
0.000402533871908568	9.26473990640387e-05	0.018983353294984	0.943278646483957	0.0110779472409967	0.00394958960823335	0.00868082656226319	0.0134418158773827	9.26396612109537e-05
0.00710815499314145	8.89280287627128e-05	8.89280286629103e-05	0.962142394401279	0.0162522012038133	0.00879615640288203	0.00178277928061184	8.89280288046231e-05	0.00365152963204203
9.12834765836182e-05	9.12834766569957e-05	9.12834765860435e-05	0.964800321244992	0.0150581612257086	0.010337463415259	0.00236935437684342	0.00706956583075382	9.1283476616561e-05
0.00370675086293706	0.0071177316884968	0.0016163980527322	0.970915059598259	0.00959648436766493	0.00455463140314993	0.00223891782955392	0.000127013098736739	0.000127013098468899
0.000789358246961422	0.0053873070716111	0.000280805090219062	0.977721031839418	0.010242653832642	0.00180594701335104	0.00158069286063029	0.00210479351303619	8.74105321312245e-05
0.0200761839490265	0.00931995351840343	0.0396684673484708	0.860347043329532	0.0170156763812222	0.000131300725502604	0.0255534771245182	0.0255385892816288	0.00234930834169537
0.00178941558953409	0.00116312869382501	0.0194925177070295	0.931506591031159	0.0171480335711948	9.1232974185284e-05	0.00587202333252307	0.00618427184336474	0.0167527852571846
0.000709976266735176	0.00237877140340824	0.000130197857541837	0.966327067447248	0.0213387259285482	0.000130197857593502	0.00201880562346536	0.00507200964295792	0.00189424797250145
0.000248300027913774	9.27021019971062e-05	9.27021022975211e-05	0.962541181448575	0.0159284126791997	0.014150105912842	0.00123437371568808	0.00117561392153325	0.00453660808995338
8.84850319101748e-05	8.848503191155e-05	0.00240182114602969	0.968086167952975	0.0168694947727467	0.00478895650127793	0.0055520042247931	0.00183142315731994	0.000293162181036171
0.00183893047368828	0.00114836280092152	0.000129286374111972	0.960795375410532	0.0152856134548889	0.0196364490439108	0.000526229520814911	0.000129286374241673	0.000510466546890113
0.00121989298074811	0.0039162415427664	0.0104719634369561	0.947824730370822	0.0198288413348432	0.00835348676152857	0.000909987997225406	0.000137311553439655	0.00733754402166999
8.9972022255123e-05	8.99720222318588e-05	0.00181510381070241	0.977692709481802	0.0157658651285053	0.00201511210155609	0.00235132138824446	8.99720224800607e-05	8.99720222223306e-05
9.3895444186987e-05	9.38997518168322e-05	0.00892088182080808	0.960080948020765	0.0112905485996247	9.38947747360517e-05	0.0028323326995372	0.0150746876708222	0.00151891121770274
8.92838106267789e-05	0.0225975971964296	8.92838105049358e-05	0.959287619203047	0.00932761913918483	8.92838103959114e-05	0.00175070590159577	0.00267700290951193	0.00409160421870316
0.000381300292839674	0.0103861176104031	0.000983553752262278	0.96057076394386	0.0170939531673503	0.00293834212039522	0.00308834267286665	0.000127444512078323	0.00443018192794424
0.00210748450371222	0.0042611047761907	8.67362848633828e-05	0.971699159957069	0.0065307675659974	0.00753265291144894	0.00217624100359467	8.67362850596136e-05	0.00551911671206442
0.0013702918041545	0.00861974356979154	0.000226938957061584	0.970342566077108	0.0139724826386963	0.00461361650164894	0.000675574627793451	8.93929117439402e-05	8.93929120022406e-05
9.04733575837938e-05	0.00327381336459176	9.04733575678541e-05	0.972908917529413	0.0110981679512875	0.00974337259915649	0.00245336334723047	9.04733576574982e-05	0.000250945135512092
0.000134196816700766	0.00655322648631614	0.00444149639947585	0.954281662790149	0.0189732403515474	0.00415007213100253	0.00541812407149049	0.000134196817185691	0.00591378413613211
8.91854118573826e-05	8.91812528447447e-05	8.91812550705373e-05	0.979160096803216	0.0106743756505485	0.00505340908759181	0.0015303308538542	0.000297158144948868	0.00301708154006731
8.88160909444497e-05	0.00448116904090423	8.88160910082263e-05	0.960530002629586	0.00981196493475231	0.0178360127750292	0.00453649224090855	8.88160909785524e-05	0.00253791010588885
8.91969828657051e-05	0.00401066337933224	8.91969828756726e-05	0.975746048655467	0.0121170140252854	0.000417513777838853	0.00325505801672239	0.00230426693220198	0.00197104124741123
0.00217004559814119	0.00013332616267615	0.00148758240285485	0.958884248503533	0.0275228726572718	0.002295264155569	0.00413292948259248	0.00324040468611322	0.000133326351248084
0.000125953337015587	0.00156631332727993	0.000866228192555898	0.970711486861076	0.0166363560363219	0.000125953336885727	0.0046099554781812	0.00347738750106313	0.00188036592962025
0.00125571747842144	0.00332726222968166	0.00373751138865389	0.958464110146605	0.0276722681697482	0.00213815429348605	0.00126062854098634	0.00200770672841628	0.000136641024001261
8.92672969685548e-05	0.00397217793300696	8.92672969183099e-05	0.97555766774486	0.0123255025344699	0.00440118481710358	0.00198315998540408	8.92672972037426e-05	0.00149250509406494
0.00539973996970848	0.000171746627372375	0.000128856808023952	0.959124826404836	0.0212065815453004	0.00436585898217663	0.00217874823224143	0.00165698851776058	0.0057666529125802
0.00246086474534044	0.000124381961905212	0.000396813304316255	0.969716553932412	0.0197347227208682	0.00451909128423122	0.000750292750831974	0.0021728973379153	0.000124381962179316
9.34491006120787e-05	0.00573848954724255	0.0031507232592199	0.966221024641725	0.0176734467146991	0.00451210497886757	0.00242386489436868	9.34484315864203e-05	9.34484316786566e-05
0.000507775631586519	0.00590461133839095	0.00103958106826836	0.968934354950142	0.0154817445793217	0.00657354917827975	0.00130604620400086	0.000126168524946877	0.000126168525062903
0.00242152911450867	0.00223474985849829	8.92826182474451e-05	0.966803602734342	0.0140932588492517	0.0109228056836675	0.000679051253399501	8.92826182778066e-05	0.00266643726980678
9.22587131851877e-05	9.22587132760925e-05	0.00549729474647589	0.953410032164965	0.0213190095886899	0.0123476661494278	0.00606433974388537	0.000503853982468208	0.000673286197626351
9.15556940594255e-05	0.00362185212879091	9.15556940601088e-05	0.973979983747389	0.0149761901721467	0.00696419548137324	9.15556940741761e-05	9.15556940454013e-05	9.15556940606711e-05
8.84263629198809e-05	8.84352495601529e-05	8.842636311358e-05	0.978552376931685	0.00891809086518049	0.0036467521496944	0.0050212987501175	0.00162439854821223	0.0019717947795166
0.00304862202955691	0.013633471585798	8.97438084854509e-05	0.963750277140626	0.0118617950744525	0.00476968526897913	0.00231219464154446	8.97438086816746e-05	0.000444466641875554
8.96433700631417e-05	0.00847554713031874	0.00645293220504588	0.957601941717988	0.0235728417639225	8.96433702081005e-05	0.00223762484139882	8.96433700047561e-05	0.00139018223105022
0.0044949112653654	0.000133321587813982	0.000133321588017011	0.942942817283219	0.0262470199928136	0.0066350919156161	0.0012805472020387	0.00394781683230397	0.0141851523328124
0.00469868147071067	0.00891769451322819	0.017154378157827	0.926629739086915	0.0131015336583029	0.00307990110212227	0.0116710354021076	0.0146546911466815	9.2345462105347e-05
0.00147673299242141	0.0045732067131338	8.89244643477159e-05	0.964280800125989	0.0132506627188357	0.0137451397213776	0.00240668433503084	8.89244644029035e-05	8.89244644609861e-05
0.000272591114561164	0.00755106084870982	8.83772336030867e-05	0.986928560339995	0.00358548190942832	0.00080650796958869	0.000590666116838086	8.83772335956446e-05	8.83772336798131e-05
0.0003274152065661	0.00012597862858346	0.000125949109758504	0.972217192722324	0.00812744604097857	0.00591768119450195	0.000836502252936514	0.00312662773917317	0.00919520710517808
0.00388149722586576	8.8941766322923e-05	8.89390163395099e-05	0.962949037439262	0.0183850170973157	0.0142883338394446	0.000140355582799056	8.89390162653061e-05	8.89390163851847e-05
0.00677967591821353	9.26150158065651e-05	0.0024361269440245	0.961178686877035	0.0192735767545016	0.00710893078373399	0.000590445575426137	0.00244732711550379	9.26150157548893e-05
0.000965722398133207	0.00500877070376357	8.78783265614709e-05	0.971709739290589	0.0194763848713442	0.00131150212357591	0.00126424563284365	8.78783265929029e-05	8.78783265956486e-05
0.00209299361979336	0.000132343160947492	0.00405094186418858	0.969936458921366	0.0114725396533547	0.00257631178748079	0.00117178032644107	0.00730976929324449	0.00125686137318342
8.87057822274411e-05	0.00322684189979535	8.87057822249838e-05	0.968340133285375	0.0201796241556722	0.00546610611432939	0.00243247141590672	8.87057822648683e-05	8.87057822043162e-05
9.32447785495146e-05	9.32447789961406e-05	0.00136943722991028	0.982467497280786	0.0139130518883372	0.00105549211692999	0.000577307237727463	9.32447784448719e-05	0.000337479910318238
0.00167897072727698	0.000343110298178622	0.000131091405414581	0.967787041194955	0.0196202974558167	0.00411815556859797	0.00378352669948985	0.00145221764226445	0.00108558900800549
8.90725197025672e-05	0.0104416161118265	0.000287648917685458	0.976177087968057	0.00646258035967233	8.90725195313565e-05	0.00461857127844991	0.00174527780526658	8.90725198085048e-05
0.002465331781876	0.00559791944990927	0.00136569236795305	0.956891532208555	0.0186527003072976	0.0123041925581945	0.00190044664133335	0.000130767799761156	0.000691416885120431
9.50613414464919e-05	0.00201691660936587	0.0081850624515027	0.967643190224794	0.0128898576455624	9.50615600766209e-05	0.00113745191754427	0.00784233668967968	9.50615600279671e-05
9.21908223552189e-05	0.00600523171647413	9.21908223933131e-05	0.970167713610981	0.00903151890441876	0.00574316771698518	0.00496681243257926	9.21908223470507e-05	0.00380898315146632
0.00107443413270245	0.00493039427134787	0.0010875676068279	0.964963303874722	0.0211752843078256	0.000943957108132066	0.00420481608599378	0.00012924691070879	0.00149099570173977
0.0010787591425985	0.00549693842444009	0.000875978770556204	0.96207590668378	0.0103829312906586	0.0153231986206387	0.00367934618398432	0.000127299586029578	0.000959641297313888
0.00310568943114733	9.32294530313352e-05	0.00482376807147073	0.965291739731394	0.0122740840700741	0.0139221333349061	0.000302897001909996	9.32294530252659e-05	9.32294530413316e-05
8.80700481782203e-05	0.0102108064214097	0.000905645894759648	0.970055255884159	0.00817666964954774	0.00783954498800256	0.00204329000193729	0.000592644124365728	8.80729876404609e-05
9.15345572643762e-05	0.00295488153893957	0.000521253961814797	0.97352976741714	0.0164293912853708	0.00156238406144006	0.000455680956399464	0.00316018189859302	0.00129492432303762
0.00235715846666104	8.84866920592339e-05	8.84866920867039e-05	0.973069364542727	0.0187393473789332	0.00190532074607077	0.00247898881142734	0.0011843599779516	8.8486692083192e-05
8.85580328074738e-05	0.00308901865773137	0.00148847862919516	0.973758161397722	0.0149525824660598	0.00504295346584252	0.00136647615411816	8.85580329139333e-05	0.000125213163610018
0.00279219375028803	0.00573004918844309	8.73438020639304e-05	0.977940421550345	0.00690925004599386	0.00283303080054395	0.00127917225007282	8.73438020494783e-05	0.00234119481020015
9.3439744890474e-05	0.000174141172902209	0.00355069609511642	0.961614597799602	0.0241543532341601	9.34397448058465e-05	0.00409137617881625	0.00613451628477578	9.3439744931515e-05
9.00066581269951e-05	0.00116541212649015	0.00231230779096546	0.963298762105241	0.0180242225115783	0.00602588868657465	0.00307133828563888	0.00419124723596619	0.00182081459941886
0.00109682313277223	8.98666966450179e-05	8.98666967061324e-05	0.961252271790038	0.0200478063393007	0.00663364246538952	0.00581872390261435	0.00488113227982419	8.98666967094629e-05
0.000652479691774352	0.00742642854700563	0.000134011110702894	0.961871195673385	0.010392159517279	0.0135684646667485	0.00473666908803713	0.00108458059433368	0.000134011110733556
0.0039538247205395	0.00475211670184967	0.0141946042195672	0.942904505719981	0.0247751491194627	0.000131447999604308	0.00204976749893412	0.00710713601998941	0.000131448000072519
0.000128152538669719	0.0121081630551185	0.000128152538637172	0.963999092706768	0.018766729719347	0.000128152538063795	0.00177498082124894	0.00150162289273385	0.00146495318941289
0.000125259749802112	0.0143523406656185	0.00373617779083243	0.954216434001025	0.00998596066172405	0.00610571157715302	0.00654810082663755	0.000819515500088077	0.00411049922711918
0.00283402108761874	0.00301276212502648	0.000128618260086194	0.975633531523521	0.00846272510778124	0.00653295395208261	0.00113215479293493	0.000128618260127213	0.0021346148908216
0.000481919420192321	0.000130417024576977	0.00087673486455268	0.964280576086566	0.017291812328595	0.0086367998920891	0.00456790652453118	0.00360341683408543	0.00013041702481124
0.00163328665974106	0.0161472532175603	9.10124551641659e-05	0.962659664245419	0.0128965188068497	0.00103937558510707	0.00399680667223987	0.00144506990276607	9.10124551522946e-05
0.000136411202749269	0.000136411202967306	0.0119556212564036	0.965946513756553	0.011193575028262	0.00530243257543684	0.00063488846915809	0.00224182609228096	0.00245232041618871
9.43805113732575e-05	0.00226621766303844	0.00266348096387106	0.96833333290735	0.0167323495928275	0.00228240227497917	0.00130218016022852	9.4380511338849e-05	0.00623127541499324
0.00209970759738793	0.00162586796121805	0.000279570371892947	0.969943506954917	0.0131071485766102	0.00549210920151245	0.00431966294148513	0.00187937211607528	0.00125305427890066
0.00130879750898816	9.10087982184109e-05	0.00302210783769304	0.972025359422123	0.010713137829177	0.00839031350673806	0.000141915834798999	0.00421635046412336	9.10087981400775e-05
8.97039781536078e-05	8.9703977978674e-05	8.97039781405766e-05	0.976628820936882	0.0111905841287534	0.00691006917978159	0.0022765776102869	0.00186144007197202	0.0008633961380517
0.0005542973322059	0.00246435919255619	0.00074732643687888	0.976675306026373	0.0126460055125171	8.84013578097697e-05	0.00282596244896537	0.00390994033489676	8.84013577973131e-05
0.000400163356927569	0.00930380127904647	9.47464734578065e-05	0.963299222552545	0.0214770934078499	9.47464735464118e-05	9.47464734547896e-05	9.47464734220566e-05	0.00514073350975032
0.000131969885952759	0.000131974047559959	0.00238584689412578	0.954099670415561	0.0226467261096295	0.00842462105509809	0.00112884884184845	0.00617896169252159	0.00487138105770258
9.01301114452386e-05	0.00404392129816762	9.01301114078655e-05	0.967657580659655	0.0237362999374995	0.000668102963982102	0.00353357469488458	9.01301113418705e-05	9.01301116159349e-05
0.00132123574595706	0.000961238264477801	0.00320809047176502	0.944035132674382	0.0263985507081426	0.0155304705988569	0.00302246543307122	0.00470666583883317	0.000816150264514317
8.98646575036177e-05	0.00605078985301589	8.98646575673258e-05	0.961074497338436	0.0214605296756189	0.00878000656214819	0.00227471794072942	8.98646574172627e-05	8.98646575637195e-05
9.17342756080021e-05	0.00452220135856332	0.00314445528370074	0.966168642615599	0.0198298301961972	0.00250055757413358	0.000637467640916043	9.17342755784953e-05	0.00301337677970355
9.42514085075226e-05	0.00326677523068608	9.42502862126384e-05	0.968414964364742	0.0155633756418471	9.42502862279532e-05	9.42502861966304e-05	0.00380265993963998	0.00857522255594019
0.00191959605850556	0.00507622269464998	0.000134079717274054	0.96535658770208	0.0139667428376595	0.000134079716776298	0.0010484069771875	0.0104052783342402	0.00195900596162678
8.93684163847953e-05	0.00215651069204576	8.93684163155011e-05	0.978731491355756	0.0125633500703451	0.00355451093322468	0.000709140423421728	0.00201689127619115	8.93684163149889e-05
0.00505860928561902	8.99604782838807e-05	8.99604782549772e-05	0.955582309127614	0.0283635505376989	0.008382371713028	0.00127960448729658	8.99604781555195e-05	0.00106367341404895
8.89232725405703e-05	0.014031892124509	0.000791439086103108	0.973727203891695	0.00636294633494989	0.00395642060170961	0.000863328143477325	8.89232725534214e-05	8.89232724615788e-05
0.00196790040658308	0.00532888469016254	8.99292987332164e-05	0.958200974519602	0.0182253352325959	0.00760164003670975	0.00555013861131172	0.00294526790556678	8.99292987351545e-05
0.00283870105992242	0.00656070645798285	0.00803376708535104	0.959591911828241	0.0152146073334216	0.00553860629210585	0.00195781479596398	0.000131942573366363	0.00013194257364526
0.00419570125063096	9.01076508726426e-05	0.000581606424756505	0.966020921295234	0.0118781584915067	0.0139738303318669	0.00307945925322117	9.0107651042904e-05	9.01076508682483e-05
8.82656892076511e-05	8.82656891699624e-05	8.82656891722256e-05	0.9830435122984	0.00701403823992404	0.00610159023771559	8.82656891600837e-05	0.00136683790795336	0.00212095855929704
0.000676954758131942	0.000128237778173841	0.00300678422457326	0.964542113249085	0.0162099053481293	0.00925999312400088	0.00439607995795465	0.00165169508094869	0.000128236479002464
0.000136160914749234	0.00013616189224769	0.00149968308484466	0.97367457543305	0.0149191706227526	0.00234229762535736	0.00198317138480564	0.00517261812719893	0.000136160914994004
9.07223652792371e-05	9.07223653202933e-05	0.00401409137943169	0.965304931173008	0.023476365476472	9.07223650783574e-05	0.000219649750705134	0.0055605212912029	0.0011522738335024
9.08802664661421e-05	0.0101865524713775	0.00204022214029891	0.958870034218038	0.0180437780093972	9.08777026824202e-05	0.00382556100363948	9.08777019377048e-05	0.00676121648616294
0.00928234578068122	0.0252866644975802	0.00210244189850133	0.896015793624159	0.0175338885341362	8.82556695612757e-05	0.0348261085833223	0.014776245742486	8.82556695723231e-05
0.00289178320631184	0.00653533593723917	0.000129696827903762	0.95687110469561	0.0228884445534384	0.000129696828043561	0.00224986467214958	0.00702995990710757	0.00127411337219641
9.18086407922499e-05	9.18086409941154e-05	9.18086408107803e-05	0.975060997739059	0.0149887234390115	0.00872321392525356	0.000298120563108634	9.18086409414264e-05	0.000561709770028999
9.43586838101919e-05	9.43558364294335e-05	0.00197999049261713	0.958173440267098	0.0272269110404232	9.43558363802358e-05	0.0021939451702098	0.0100482868365329	9.43558364993647e-05
0.000128155382726835	0.0015419656504061	0.000128316522555883	0.974867543875861	0.00686233177373597	0.0120232856203975	0.00228124546147071	0.00115442496760343	0.00101273074524273
0.000127962141821067	0.00132851910637736	0.000127962141758828	0.965428087421906	0.012694998131764	0.013156266760077	0.000791190330556733	0.000127962141888427	0.00621705182384997
8.91753008088429e-05	8.91753007288409e-05	8.91753007121814e-05	0.973777970706002	0.0164022278528625	0.00765103473658084	8.91753005724144e-05	8.91753008709077e-05	0.00172289020086161
0.000156770395953869	0.00164590559889508	8.92703500909879e-05	0.972229635415875	0.0120872875061085	0.00659941132406765	0.00258576808282505	8.92703500356925e-05	0.00451668097614779
8.79996480964323e-05	0.00390686691315796	8.79996481100138e-05	0.960036266020473	0.0207388718139904	0.0146912010455657	9.32689484624856e-05	8.79996481665623e-05	0.000269526313977158
6.26721947017686e-05	6.2672194696001e-05	6.26721946923781e-05	0.970801108547505	0.0227397924730947	0.00608306581123868	6.26721946842369e-05	6.26721946952515e-05	6.26721946923807e-05
0.00327719676736723	9.24134644093149e-05	9.24134645048115e-05	0.964758065145678	0.0198879845470916	0.00959727731414426	0.0021098223678482	9.24134644603941e-05	9.24134644960895e-05
0.000569480456581822	9.20779376805298e-05	9.20779376320044e-05	0.976480210670394	0.0161110962094449	0.00382718147537796	0.000666789323932013	0.00123311203404254	0.000927973954914595
8.90942573549448e-05	0.0089940216169124	8.90957303381483e-05	0.966855026343367	0.0151827653874067	0.00444665552266064	0.00211650638127548	8.90957303324529e-05	0.00213773903035285
0.00642664994789173	0.0283844600304329	8.69715686220997e-05	0.92823060096223	0.014125552356275	0.0083426338391563	0.0131289780674469	8.69715686131469e-05	0.00118718165933164
8.93630971562014e-05	0.00790218892250051	8.93630971541215e-05	0.970418352799595	0.0104947263248959	0.00718982719500861	0.00188398698332118	8.93630970796061e-05	0.00184282848328911
0.000851334718607441	0.000730046002682084	0.000683027977235812	0.970009503108146	0.01506043663443	0.0101286451783014	0.00193322648416102	0.000475023980692794	0.000128755915743466
9.29921001394388e-05	9.29931115139876e-05	0.00206932089873169	0.951266124521046	0.0308102817702612	9.29931115391496e-05	0.000497870370148441	0.0126622676919309	0.00241515642468948
0.00341667581848876	0.000281090214104955	9.01608037502786e-05	0.968107931164809	0.0161350753286148	0.00928405628505564	0.00250468877736308	9.01608039981266e-05	9.01608038156708e-05
0.000128183619799435	0.0183748632083921	0.000731222924412774	0.943839127639705	0.0213866967133414	0.000128186614716883	0.011175270599236	0.00234302640813046	0.00189342227226592
9.04639526963973e-05	0.002417346405448	9.04639526869576e-05	0.975448890655907	0.0110890349758569	0.00648588109181384	0.000938921561708925	9.04639526972675e-05	0.00334853345118433
0.000986503098084878	0.00451064738601191	0.000127150110431494	0.968157119038805	0.0120602284926972	0.00392126085824957	0.00442110970913254	0.00443355069890562	0.00138243060768164
0.000134481535210461	0.00291156388789071	0.000506458286979767	0.966361580733639	0.0183702234169171	0.00308468833284718	0.00152753835999842	0.00236631014972795	0.00473715529678948
0.00341439448932572	0.00115398340144735	0.00463302520630069	0.969390558570737	0.0162850012447123	0.000131204430699363	0.000414943931292469	0.00444568429426405	0.000131204431221325
0.00233198959969328	0.00134907260728272	0.00275878439698154	0.970197325008796	0.0163112295282466	0.000132886257334446	0.00322002943056508	0.00341430507111389	0.000284378099986745
0.000609557534140027	0.00613719156045716	0.000582565880708809	0.968241542242945	0.0132479916092249	0.0105007069782458	0.000414204480501843	0.000133119856863997	0.000133119856912485
0.000538888467639025	0.00620030666710072	8.81412904375635e-05	0.979550525647484	0.00898922884581389	0.00196391679039601	0.00169017164048124	8.81412907635614e-05	0.00089067935988368
9.12199467420417e-05	9.12199464939862e-05	0.00165801796838221	0.952917011709099	0.0368959771296227	0.00807289346005385	9.12199466654142e-05	9.1219946626919e-05	9.12199463144066e-05
8.77622067902088e-05	8.77622067741161e-05	8.7762206780426e-05	0.967896241185075	0.0196721568668491	0.00720211185288152	0.0047906790613325	8.77622067382106e-05	8.77622067788949e-05
0.000771564529935008	0.00387492502110356	0.000979318813680839	0.981094941134065	0.0100539147283511	9.36323432158188e-05	0.000128342018130087	9.36323431320283e-05	0.00290972906838693
0.000709837904569488	0.000312423683323786	0.00304141277831029	0.9714064076213	0.0156323052830385	0.00555129505848423	0.00179412117939787	0.000897964488274555	0.000654232003301209
9.30531900881587e-05	0.00663136458872995	0.00803896788073269	0.951048291777573	0.025145117444598	9.30531899633011e-05	0.00321270229227083	0.00418695483590741	0.00155049480013664
9.41488335130444e-05	0.0127550147453969	0.00381042801021114	0.969405787957379	0.0135580318681747	9.414714636381e-05	9.41471463478413e-05	9.41471462384166e-05	9.41471463754413e-05
0.0022416196602114	8.95072672952188e-05	0.000525045372078575	0.976518283756182	0.0163866039723096	8.95072675673143e-05	0.00115952051857294	0.00213396223414373	0.000855949951639512
0.00215177668600539	0.00254631710618953	9.30738575641424e-05	0.974002493945812	0.0147199255558129	0.00484981338888644	9.30738575241689e-05	9.30738574851129e-05	0.00145045174472015
0.00140973320339264	0.00935428047775132	8.8819169943492e-05	0.956976356088963	0.0176362779643672	0.00439612057733592	0.00364205377487647	0.00154820558662342	0.00494815315674666
0.000135746391926596	0.000135747601805238	0.002477113459181	0.96698638782971	0.018508729495766	0.00363750837912577	0.00233703928672344	0.00564598116385593	0.000135746391905696
0.000962299667268395	0.000743801883029085	0.00335004287335789	0.959687764527543	0.0188307463410247	0.00844925582677594	0.00476078135491079	0.00312735048206089	8.795704402961e-05
0.00226950328229135	8.82709383246259e-05	8.82709382991866e-05	0.965212896389503	0.0182705398067981	0.0048424796355991	0.00644729709704891	8.82709382769964e-05	0.00269247097385914
9.10939880367819e-05	9.11117567836982e-05	0.000531725454829785	0.976139387356728	0.0170649479200423	0.00402230853762786	0.00187723732168728	9.10938323334488e-05	9.10938319311021e-05
0.000132105983220252	0.000132098307873991	0.00128980970467013	0.962588119489571	0.0250184539831202	0.00815144055360761	0.000435150928075516	0.000132104400507526	0.00212071664935348
8.81439655172324e-05	0.00817598754526673	8.81439654858826e-05	0.973391398553688	0.0128711020436533	8.81439654538025e-05	0.00300389153950401	0.00116679931126611	0.00112638911016474
9.23918583921966e-05	9.23918582279022e-05	9.23918584015614e-05	0.962905282274846	0.0200761080124206	0.0134754912378488	0.00169251123845408	9.23918584627007e-05	0.00148103980294598
9.03494822321991e-05	0.00249159131387908	9.03483228766352e-05	0.976253054148926	0.00911573527622428	0.00724224497452354	0.00230593992582224	0.0023203882324578	9.03483230581742e-05
0.00529056815846201	0.00859597836869158	0.00123229364837235	0.94422362643663	0.0254817087410915	0.00591659110542623	0.00490608260199133	0.000127161960788257	0.00422598897854621
0.00650133902474372	9.29043538449306e-05	0.0160252450244251	0.947790110783477	0.00947897814195847	9.29174041137178e-05	0.004965246068319	0.0149603417949391	9.29174041787402e-05
0.00198711139361733	0.00394841352715965	8.97003211592762e-05	0.963273499582029	0.0163987305632681	8.97003212193948e-05	0.00470012665688894	8.97003211150071e-05	0.00942301731354311
0.000267259981523423	0.00955388384678936	9.02187236865017e-05	0.958789600906672	0.019338693017541	0.00773814257186974	0.00404176350449211	9.02187237414815e-05	9.0218723684482e-05
8.99306562736408e-05	0.0225925508825629	0.00219475003736916	0.955876260487933	0.00512897003588818	8.99306560932468e-05	0.0104175013220535	0.00228089092537004	0.00132921499645647
0.00119528407885028	0.00205115807663915	0.000152482366143826	0.976747243203917	0.00995829952680616	0.00266093098841854	0.000921723378662645	0.00291284048585678	0.00340003789470556
8.86179929610097e-05	0.00764229840141016	8.86179929657302e-05	0.965030335820981	0.0127420755716437	0.00509276192312649	0.00782925244990716	8.86179929566913e-05	0.00139742185404844
9.19760291202898e-05	0.000662022791428702	0.0060396207770001	0.966392560329596	0.0144704364713745	0.0103691343782856	0.00131687132502623	0.000553464483056468	0.000103913415112569
0.00138994406086226	0.00570276739911605	8.97601671173467e-05	0.954598310343923	0.0266954855368076	0.0101957538351984	0.000830683194131112	8.97601670872497e-05	0.000407535295756675
0.0057395919429356	9.19769196546515e-05	0.00562954801250918	0.968520482309034	0.0138364100820942	0.00432202169003594	0.0016760152041914	9.19769197490914e-05	9.19769197960353e-05
9.05156681316605e-05	0.00418171297163849	9.05156681373517e-05	0.969155865050029	0.0165378417446497	0.00913644649213615	0.00030911817736202	9.05156683800495e-05	0.000407468559535762
9.1400527198756e-05	0.00117338142351562	9.14005271018978e-05	0.978120250403026	0.00960387573932412	0.00708921556057359	0.00364767476500474	9.14005271178791e-05	9.1400527137211e-05
0.000697875056200974	0.00202793247342381	8.77641489603586e-05	0.979500766768226	0.0134086294566862	8.77641487186187e-05	8.77641490639422e-05	0.00393270559675404	0.00016879820196634
0.000209868335423698	0.00980523826871974	0.000127200057590029	0.965044461077524	0.0171214227335123	0.00280535783744583	0.00415705218041732	0.000602199451899123	0.00012720005746813
9.36521195430771e-05	0.00350534443802053	0.00409932336268191	0.964085519623546	0.0188105267387017	9.36521194410424e-05	0.000477387855266939	0.00721897774504464	0.00161561599775425
0.00651707525924005	0.00470498310585234	0.010815764243522	0.949710197123253	0.0117354077772113	9.21894287518157e-05	0.0155112588761439	0.00082093475708094	9.21894289447117e-05
0.000251424619187266	0.00700164329006097	0.000125023319345654	0.961138686528578	0.014474984281559	0.0101066894952105	0.00495873910610653	0.00100726174825307	0.000935547611699001
0.000127955921537525	0.00719428291503263	0.000757660881162952	0.956457877246138	0.0117080936953576	0.0134513375204562	0.00693083922194191	0.00287242223923779	0.000499530359135687
9.01075284007175e-05	0.00350528511524181	9.01075284107268e-05	0.95887346608181	0.0253923765448375	0.00879573582884344	0.00307270631555459	9.01075284911173e-05	9.01075284097803e-05
0.000128586714767486	0.000128586714693119	0.00164628490777688	0.96955819261583	0.0112584496125931	0.0090293257833437	0.000809700234306566	0.00204902138271183	0.00539185203397711
9.14621844593179e-05	9.14621844024096e-05	9.14621844758726e-05	0.948506757700718	0.0331682257668058	0.00786012050816027	0.00381467930502782	9.14621845082107e-05	0.00628436798144213
0.00114316863854565	9.05840806320675e-05	9.05840804344785e-05	0.967526313609871	0.0155345543299288	0.0136470093480796	0.00178661775172947	9.0584080346402e-05	9.05840804324733e-05
8.82611480337571e-05	0.00486888790442878	8.82611480475021e-05	0.960927459464835	0.0168462544988582	0.00683731582559766	0.00470158337201583	0.00317162144334799	0.00247035519483527
8.85282864690353e-05	8.85282864495844e-05	8.85282864768244e-05	0.951016879841181	0.0267322548907678	0.00934303786174092	0.00262233777405157	0.00344544507586693	0.0065744596969965
8.94047985557477e-05	0.0037397824681827	0.00125615270409996	0.975480150653667	0.0139854596500494	0.00337496319296968	0.00189527700692099	8.94047628898881e-05	8.94047626648685e-05
8.86998257442044e-05	0.00741158831706672	0.00267391093964282	0.972901339116413	0.0109583398594684	8.86998258590739e-05	0.00219036541026609	0.00359835687977346	8.86998257661485e-05
0.000700755890423653	0.00641717230355373	0.0012221464567821	0.968428764700948	0.0173861553607247	0.00249382749331158	0.00293471868321655	0.000131028182896242	0.000285430928143429
0.000130150035126603	0.00370620671148644	0.000360562871324466	0.967244078379026	0.0188145040115271	0.00216549395132359	0.00431469205895701	0.000130150035180625	0.00313416194604786
0.0044903275050446	0.000130440796020819	0.00291575304364173	0.954308237646761	0.0198809025603533	0.0019102123609961	0.00192341733124137	0.00638794845756442	0.00805276029837685
0.0042829413416078	0.00330285862984808	0.00603010793154242	0.950761486957535	0.0206145886134073	0.00453851702744637	0.0024360491359316	0.0024876596838106	0.00554579067887058
0.00108301157128408	8.94695467607735e-05	8.94695466101245e-05	0.972729496489351	0.0105019670288043	0.00860303021467907	0.000676379517067159	0.000998032212635313	0.00522914387280789
0.00141623613992615	0.00666573447783946	0.000533504723894043	0.964138333088284	0.0243611666898059	8.98897924546375e-05	0.00261535550301653	8.98897923199926e-05	8.98897924587096e-05
8.73956572593187e-05	8.7395657259861e-05	8.73956572015658e-05	0.952897058764192	0.0335968676465439	0.0113349397239331	0.000725866307207596	8.73956569597835e-05	0.00109568492944339
0.000760226582515832	0.00347267698240124	0.0025758701680202	0.963965920769413	0.0246368418459469	0.0025859297916495	0.00174374595870612	0.00012939395066335	0.000129393950683387
