Bcells	CentralVeinEndothelialcells	Cholangiocytes	Hepatocytes	Kupffercells	LSECs	Mesothelialcells	PortalVeinEndothelialcells	Tcells
0.000182514277202849	0.000640454842480321	0.0445744086949739	0.92494665307105	0.00623067044671423	0.0170762068580347	0.00226135458423956	0.00136233172476472	0.00272540550054024
0.00394400340519406	0.0116430108515577	0.054481959255266	0.916240547714153	0.010654987749229	0.000605682930081062	0.00230539766966632	4.3242394432732e-05	8.11680304201661e-05
0.000279029887701716	0.000149204147975408	0.0543096788514134	0.906574199464385	0.00997325266488638	0.0230803646624387	0.00276340671149444	0.00261424474648299	0.000256618863221811
5.65074976747924e-05	0.00403272813600414	0.0534113655993584	0.906670977544596	0.0117355489930547	0.0202630015025602	0.00329654108138756	0.000237414524879362	0.000295915120484531
5.49385654799053e-05	0.0204963248064517	0.0465417753601804	0.911021614458889	0.0090841525191038	0.00748490423768294	0.00289891605972397	5.26720180292839e-05	0.00236470197445936
2.94080942923725e-05	0.00478058113149448	0.0507982709348915	0.928532187957318	0.00544233675183887	0.00731009126723178	0.0019814004242972	0.00107761550703117	4.810793160464e-05
0.00402664400498826	0.000904624384580389	0.0454588894597134	0.935059006528223	0.00407112521283113	0.00512441519535199	0.00273905859338012	0.00255013948830548	6.60971326263582e-05
0.000697812479660127	0.0203161473821554	0.0506395335415197	0.910129344331281	0.00804119913735736	0.00145816261104184	0.00480789837303535	0.00185577275850137	0.00205412938544821
0.000476850156192105	0.0146482026697637	0.0475736361439321	0.910303821036284	0.0166813298998256	0.00853524680245338	0.0017037451367891	4.22803773931208e-05	3.4887777367183e-05
0.00302734734201761	0.00374305308894003	0.0502845757632192	0.913965451636235	0.0115581010498475	0.0146892991814186	0.00241507016875211	4.71732399082939e-05	0.000269928529661475
3.97139104898006e-05	0.000384728953897744	0.050832369831098	0.906857077072299	0.0147075943994313	0.0213436238850095	0.00352616827646515	0.00063246887459211	0.00167625479671771
0.000727191656717774	0.000550240944799952	0.0654998200535133	0.912539327014293	0.0055129940081961	0.00416415338123162	0.00181912722296886	0.0086634219990756	0.000523723719203279
0.00164212590781988	0.000871829695434476	0.0468435971175312	0.918213223410268	0.0103008169079213	0.0184902090353713	0.0031055234687265	0.000436566045947339	9.61084109798254e-05
0.000313531440680648	0.000248915909432683	0.0743611954051025	0.877555292024569	0.00835737647002112	6.49854096514864e-05	0.00486593971295623	0.0287859517856333	0.00544681184195309
0.000506232808472477	0.00107824509030318	0.0547103469322918	0.9066303652983	0.0145269012879349	0.0131143719676892	0.00249448302985115	0.00677737542022309	0.000161678164934461
2.22958818089796e-05	0.0110231822837402	0.0570371175641192	0.917666772592605	0.00699247246723605	0.00171368208470063	0.00270657166374939	0.00267079528046844	0.000167110181572128
0.0048534956305769	0.000176828579241407	0.0580600469824315	0.916009956938142	0.00586997715228122	0.006252364510095	0.00371229754331825	0.00485417662652422	0.000210856037389912
0.000153806446329604	0.000118698191732501	0.0478956855095336	0.919350655765829	0.00812784187424684	0.0157864912677265	0.00182633733955442	0.00652686977189711	0.000213613833150495
0.000109732444155364	0.000934934690124452	0.053428473388758	0.91560603559943	0.0161344330310193	0.0100159992628853	0.00319658664111285	0.000218847924924372	0.000354957017590187
6.07134484038622e-05	0.000391114546048318	0.051718898054127	0.909592044325757	0.0181055792615349	0.0122483000678667	0.00181768051384613	0.000747112333412634	0.00531855744900362
2.60683292235076e-05	0.00868327877037266	0.0522803544790766	0.918311654840485	0.0150188558376491	0.0018445664334678	0.00193814928764699	0.00117085203687894	0.000726219985199213
0.000176673713563006	0.0220987456237667	0.0517000846462621	0.917224081786127	0.00496614747122102	0.000858613078302598	0.00255747566922351	7.4054993720027e-05	0.000344123017814174
1.30047696843118e-05	0.00123015368019652	0.055109268820772	0.9263259502704	0.00499665538713631	0.00980479496317474	0.00219056492686542	0.000300717457489719	2.8889724280734e-05
0.000320279594627873	9.46693706215396e-05	0.0531222702147235	0.922372481802739	0.00736893556804432	0.0153809779524179	0.000904822212734143	0.000388986896983647	4.65763871083878e-05
3.13586208975464e-05	0.000281486026339928	0.0497853804320392	0.92035287045017	0.00935748125210578	0.0167557789496919	0.003005289171349	0.000350209565658487	8.01455317482203e-05
0.00371223212151582	0.00888014205986261	0.0486180956214165	0.913170351496595	0.00936483391635183	0.0115771481103443	0.00350472569027835	0.00115727641275771	1.51945708780423e-05
0.000232946852519212	0.0112185324441045	0.0509201466392328	0.916745695369992	0.0086242026516432	0.00907264264320554	0.00293755233592006	0.000223381333029234	2.48997303536618e-05
1.98832719952735e-05	7.75840778021527e-05	0.0582195940284973	0.906686897163533	0.00690461404818439	0.000209108657200394	0.00349410014876644	0.0240563622250074	0.000331856379013066
0.00183185271619934	0.0046247372789297	0.0500616943779472	0.916131455110517	0.0118100873392216	0.0126814973867442	0.00194876946503461	0.0002001779911686	0.000709728334238238
4.87554969243365e-05	0.000807391001896225	0.0521177865643346	0.909254179302523	0.0184768966618975	0.0078215819133654	0.00264807352835632	0.00817578002623958	0.000649555504462852
4.98778381790786e-05	0.0266657182437535	0.0569980158942036	0.908270171087699	0.0047673588232072	0.000236402421790192	0.00227773774747683	0.000683143121946273	5.15748217440322e-05
0.000418592926712295	0.00384325179039705	0.0560309072723337	0.909119536028111	0.00766244884841265	0.0166697243645349	0.00322538290065151	0.000519451501184563	0.00251070436766261
2.1034603833394e-05	0.000314210482911706	0.0536061781128295	0.910407526465241	0.012841940749862	0.00920876299607115	0.00263917631872436	0.00920099901923259	0.00176017125129442
0.00380391831944276	0.019482177942192	0.0521281474902888	0.905850888549974	0.00971115582675146	0.00125059071640501	0.00265985940463247	0.000704028938892427	0.00440923281142113
0.000302353928435483	0.0178676660118916	0.0526958004858858	0.904413625606206	0.0108460075893378	0.00692301081670034	0.00344585848973752	0.00334755893189165	0.000158118139913701
0.0032814027266417	0.000781457638524001	0.0443278494492882	0.920420268990653	0.00958505100765598	0.0158346651427775	0.00129006812307451	0.00114380106724554	0.0033354358541399
0.00782909559259939	0.00390719323713653	0.0462710453428911	0.899666537327227	0.0224826830823523	0.014135875971278	0.00266463148357216	0.000378561380621453	0.00266437658232259
1.17469082387647e-05	0.0097627974089773	0.0460625260551356	0.914625841374715	0.00794922531452338	0.0120640770054993	0.00394296544662598	0.000564255096994231	0.00501656538929065
0.002141419597795	0.00283423894050161	0.0526907590936072	0.90873650610525	0.0206042082044954	0.0110450973946698	0.00151121060196397	0.000198289209864591	0.000238270851852662
0.00933348932725491	0.0099093501951243	0.0482684338102188	0.914021620029201	0.0134066411133532	0.000355659984144277	0.00262894605860928	0.000886065758018969	0.00118979372407494
0.00302054468742559	0.000957144387626867	0.0550219241920035	0.877355326282929	0.0107425664737229	8.19090724258776e-05	0.00846952319710957	0.0443367890623683	1.42726443884402e-05
0.00107903300362783	0.0042933597111142	0.0489284503918277	0.923578007717056	0.013787157230794	0.00581441217990888	0.00236532380439018	7.31617075613544e-05	8.10942537199062e-05
0.0105291806103314	0.000798941885040713	0.0842569220837476	0.874319370621465	0.0154748020741491	0.000651244580069229	0.00464392175851624	0.00929112157255894	3.44948141220728e-05
0.00118067241799536	0.00110654261334244	0.0475876537667617	0.920868309422923	0.0102760438538167	0.0120189574633629	0.00250995450248097	0.000161893262006405	0.00428997269731078
3.29884118583096e-05	0.000682157739882529	0.0512823546621226	0.924807798509904	0.00755419341329358	0.0101371225641823	0.00471864381047652	0.000473312003590296	0.000311428884689627
0.00192248053213886	0.000868678621452901	0.0452178686832813	0.917293599372353	0.0109577715124635	0.0172953776162627	0.00134426252090101	0.00140561715949027	0.0036943439816559
0.00109817431432714	0.00142203057559449	0.0623901442060279	0.914779118768436	0.00420935410347124	0.0106664194726972	0.00190631879808323	0.00199439048599108	0.00153404927537189
0.000511693375955919	0.00186636807532291	0.0475931026503214	0.914567251404714	0.0128922431366388	0.0180206171240793	0.0043797266566092	0.000103177131689134	6.58204446688409e-05
4.9665989270722e-05	0.0115946055343192	0.0474360387783354	0.922611289354288	0.0139214499226816	0.00143742526099766	0.00234035776460374	0.00031462325374051	0.000294544141762772
0.000759972570195951	0.000652843157024981	0.0615062063838947	0.886772840257566	0.00913672988287849	0.000357404603385037	0.00430213491260984	0.0223393565007761	0.0141725117316691
0.000133434436229408	0.000580361995754278	0.0556947499212062	0.915611879977487	0.00693591439393284	0.0141340227776903	0.00351617824290024	0.000144761810456863	0.00324869644434254
1.99923087645359e-05	0.00130976695263561	0.0491642619505806	0.917180174930642	0.00826651913696688	0.00674571032548208	0.00281702236311259	0.0140045105308549	0.000492041500960829
0.00853129150544865	0.00128933823853716	0.0694311331932205	0.872226667550187	0.0108634817163739	0.000103241929722215	0.00674179979465325	0.0301576288872049	0.000655417184652607
3.64469933266895e-05	7.6824852281824e-05	0.0558396173141146	0.913428563582244	0.0119576151267554	0.0175072665619496	0.000987573205360578	0.000143464277137262	2.26280868302663e-05
3.58960601886239e-05	0.0108478609460802	0.0507379724603324	0.916836089142219	0.00315237214863207	0.0117689759372138	0.00321700179633359	0.00123052196929195	0.00217330953970823
2.18969768507333e-05	0.00288489124969546	0.0560274264448914	0.917576844597751	0.010664989743324	0.0103885818862158	0.00225650386842864	2.2964701244582e-05	0.000155900531598784
0.00406031538785468	0.00614739104324339	0.0581896790733452	0.91236376559298	0.0112071639470849	0.00569967066898012	0.00151236611027209	0.000362164722476797	0.000457483453762937
0.000772510109907583	0.00466836280716177	0.0526340257547422	0.919529466626311	0.0113038408683917	0.00230749785365812	0.00236130590410231	0.00638048824563219	4.25018300928497e-05
7.44766310001691e-06	0.00100993298089723	0.045362442659376	0.919302144753617	0.0124605724408078	0.0027143673112219	0.0027249490206656	0.0157410392754208	0.000677103894893788
2.70271628206738e-05	0.00556219225732998	0.0495801063286574	0.926065075891494	0.00487174091308231	0.00985787355973521	0.00276010029954937	0.00112283737938737	0.000153046207943364
0.00272628516416812	0.0170035208862983	0.0584825617126362	0.907033503692443	0.00718562698979627	0.00373451769523278	0.00281565736901023	0.000114865879115156	0.000903460611299772
0.00740702230028351	0.000266243515254254	0.0493462386098447	0.912544910268366	0.0118404965181175	0.0118034840914459	0.0022328838620985	0.00180741655291475	0.00275130428167499
0.00111605549156031	0.00146232579533772	0.0490275806008133	0.918735353446488	0.0134720507671762	0.00408858135678062	0.00195670240820442	0.00950230277293877	0.000639047360700445
9.24436660806314e-06	0.000600376206291944	0.04586952289098	0.924787727051109	0.00592312090106125	0.0173708380841319	0.00317188574334346	0.00214800078805992	0.000119283968413902
0.000485615096633133	0.000227542801901219	0.0483098216534286	0.918051628207119	0.00903168446841274	0.0151074243100303	0.00302787485990186	0.00534935396840749	0.000409054634165658
9.18801498925967e-05	0.0115215979686167	0.04640572325284	0.926006941791039	0.00991158534694829	0.00108466133495338	0.00277989950257937	0.00139882476729976	0.000798885885830337
1.50487437251641e-05	0.0247186791340526	0.05692357926447	0.909534145690834	0.00403245782933295	0.00082223821638304	0.00239637959615977	0.000326551609553844	0.00123091991548936
0.00160891676615504	0.00625172119841936	0.0460274296646812	0.924001121025256	0.0100720847524738	0.00309340753045479	0.00223152485132928	0.000366638932969417	0.00634715527826081
0.000238096381384818	0.000181201779657277	0.0568892234211089	0.915238900909697	0.00848875069407	0.00748158031184357	0.00343365345653729	0.00785819683017021	0.000190396215531147
2.07810286632031e-05	0.0038213824092243	0.0549565382221017	0.921925660076037	0.00883301369154726	0.00619558877927305	0.00272922548884251	0.00149487927272056	2.2931031590592e-05
0.000537966854862355	0.00139576659494391	0.0503304459138163	0.919738712715175	0.00809386468102785	0.0129730027405818	0.00210405787798318	0.001547448251684	0.003278734369926
0.000774546461940265	0.00244688839867247	0.0468243970004471	0.933180423558645	0.0086125263272218	0.00174330607631782	0.0027370830846922	0.00329611019853128	0.000384718893532236
3.83742759249564e-05	0.00300583352064224	0.0463506532678538	0.927905206069985	0.012564396985578	0.00631156810492234	0.00252670736081346	0.000926693272551432	0.000370567141729229
0.000126468826364228	0.000417355399473526	0.0571997222362648	0.918000509687591	0.0105010882684757	0.00793796185428355	0.00261948904596209	0.0028441338563193	0.000353270825266324
0.000291232561222768	0.00444067538780004	0.0532381019967188	0.920509060562772	0.0046469986794259	0.0133255477838164	0.00309761972375093	0.000400983441320676	4.9779863172811e-05
0.000108127662484732	0.00246787356627712	0.0520707326080773	0.912282752744361	0.00882771549163201	0.0169563266125684	0.00310840714010412	0.00414454902852536	3.35151459705118e-05
0.0403523214878828	0.0244312349220997	0.0874617732550841	0.798838337805193	0.0146219728886751	7.18483220786885e-05	0.00741637183470463	0.0267896208330377	1.65186512438268e-05
0.000254227041385532	0.00474549519890175	0.0520207393554815	0.925831041453099	0.0089814337956892	0.00452671344176673	0.00189867413541254	0.000651115242658887	0.00109056033560456
0.000334485414584804	8.57806369473581e-05	0.0562023304447563	0.902787901606007	0.0164865407303057	0.0127722133927429	0.00215164842757148	0.00635039137438061	0.00282870797270375
7.35994659284068e-05	0.00305432759013672	0.0540457892348767	0.914253635351022	0.013163746804043	0.00992281548823664	0.00278871442684533	4.47851843306755e-05	0.00265258645458025
1.22322863251068e-05	0.000575591660123865	0.0541962034523927	0.916211597073277	0.0122461728111653	0.0084268253577548	0.00460827231076148	0.0036822374031578	4.08676450415479e-05
6.29376816253196e-06	0.0148808831207842	0.0516530456151898	0.925376096197289	0.00556168957734819	0.00106829232846478	0.00120769190830701	0.000228861548001936	1.71459364530258e-05
0.000673606724825118	0.0023555284333611	0.0528769396287196	0.910802037752605	0.00648408261574505	0.0230614362088988	0.00225433253676793	0.000491657565030107	0.00100037853404737
0.00131418254967968	0.00393588753347537	0.0470597625433654	0.923670902144517	0.0067255910488075	0.0130898623625276	0.00276181384987502	0.00136791616093775	7.40818068145967e-05
0.00569834870904505	0.000807142848368262	0.0531909679139555	0.919462376392245	0.00737983591426915	0.0106514080897666	0.00155870981851736	0.000336891682114939	0.000914318631718406
8.04193432363087e-05	0.00107798062838288	0.054131609041914	0.916566238377959	0.00624395218092714	0.0138760006894663	0.00234391306182277	0.00185274645899218	0.00382714021729889
8.23985469698981e-05	0.00481598550488253	0.0498711113513567	0.908388748540267	0.00978396671887001	0.0187148297296414	0.00314826482792218	0.00356067509911047	0.00163401968097946
0.000412493683907292	0.0167519107716501	0.0588733541153953	0.911538038891185	0.00223738353304136	0.00760036867614697	0.00237457972005802	0.000195063888384112	1.68067202317278e-05
0.00415223468560311	0.0100907836401856	0.0463053792337963	0.913886023610269	0.0143073584008143	0.00707613086758002	0.00205737985152145	0.000472339427748347	0.00165237028248111
0.000798169453574809	0.0137101432344645	0.0492873126996543	0.91210113923154	0.0144765074452376	0.00324938807104816	0.00244116211435605	0.000238843305539935	0.00369733444458467
3.72829071227496e-05	0.000798642808330072	0.0483522817166658	0.921223139046848	0.00620604781789132	0.0057602452397079	0.00253213109077473	0.00597024631957612	0.00911998305308286
0.000521130388790629	0.000142109749104233	0.0701859352915984	0.904691912640106	0.00529221460644415	0.0143879146933597	0.00203263743840918	0.000810435585466903	0.00193570960672045
5.82002265814736e-05	0.028332970077652	0.0495047146811052	0.911268292525349	0.00607967690027194	0.000520579159795057	0.00185325356679952	0.00221980902093587	0.00016250384150998
0.00134691053805429	0.00962684097208318	0.0481904754493245	0.912937969907731	0.0173440607100707	0.00154387258326019	0.00284740176476249	0.00557844800195662	0.000584020072757103
0.000245329626960414	0.00645567531829447	0.0509908012281718	0.924450808548141	0.00507537497883101	0.00482650476590647	0.00359058698501487	6.4147121720096e-05	0.0043007714269596
0.00102402167756669	0.000200293285702333	0.0579938107452414	0.909471861423836	0.0167374045265522	0.00591456704966387	0.00200481215408795	0.000201513551911804	0.0064517155854381
0.00216543979514281	0.00424355192289023	0.0532032328966992	0.917014839002099	0.0112140552068033	0.0068945682359689	0.00312590529793373	0.00197181032697974	0.000166597315483188
4.63205362833648e-05	0.018696797360647	0.0567775899531444	0.912683669405431	0.00547987441056632	0.00109980655673575	0.00196152037142816	0.00133521452146456	0.0019192068842997
9.88264281617153e-05	0.00534291432922588	0.0572723636627683	0.909634849717122	0.0117459258843929	0.0106061742510607	0.00308724916093637	0.000916850079646788	0.00129484648668525
0.00210132676938022	0.00414043449537618	0.0480737463759378	0.922707415507681	0.0065937495011776	0.0135062036503482	0.00159480886055721	0.000831770368079939	0.000450544471462163
0.000361707347802437	0.000420156417554355	0.055121702680311	0.911535982765487	0.0139757544153421	0.012064096156701	0.00182817311507261	0.000259174546026987	0.00443325255570306
6.18432361768073e-05	0.00793479085999996	0.0537948232661409	0.920984992032688	0.00366365224147925	0.0117805251531008	0.00167531714077656	3.20939333319807e-05	7.19621363054349e-05
0.0015626750028806	0.00343649219324804	0.0519997177146872	0.912441347892178	0.0159294513908173	0.0105270623227532	0.00299109552690498	0.000934851899576044	0.000177306056954865
4.55609773451434e-05	0.000566215772519736	0.0510453699355081	0.928977133162917	0.00412325172702848	0.0121171277420092	0.00165000772981641	0.000486723365540026	0.000988609587316336
2.36911328534378e-05	0.000646714962694578	0.0494837502030425	0.923070762801275	0.00519752468738751	0.0190410348773034	0.00229851467893255	0.000197448756145053	4.05579003662613e-05
0.00112780212301285	0.00923381223940021	0.0554556082504065	0.917363756187042	0.0118469443763678	0.00209765680813981	0.00168036424791894	0.00043703028978351	0.000757025477928301
1.35125390664346e-05	0.00646424330708331	0.0479221508328018	0.914672729699325	0.00408462244581557	0.0228923275035471	0.00348524282845143	0.000425976823113016	3.91940207965921e-05
0.00249222408235604	0.00491278310993359	0.0513862928820454	0.911882302207875	0.0133484511356842	0.000544088618529144	0.00287952117951331	0.00995718431073126	0.00259715247333179
0.000958182765127411	0.00301008840652094	0.0470267091186055	0.92771987818163	0.0068302979292408	0.00651256205641591	0.00287166898704573	0.00195009423624454	0.00312051831916963
0.00973673385511902	0.00910178768303255	0.0554814965782916	0.902574785942963	0.0190482551420595	0.00148128789521971	0.00228381840684774	0.000244376892458665	4.74576040081569e-05
0.00343766578883608	0.01799516241641	0.0511056372155783	0.914082513991123	0.00799869554185182	0.000508501859938447	0.00310988161601516	0.00171066430321339	5.12772670335298e-05
0.000197210294127248	0.000718636953643312	0.0514262796704492	0.917895399521344	0.00963825610568511	0.0121789568554952	0.00271311416962282	0.00518143117687464	5.0715252758638e-05
0.00924443950806343	0.0235187113823924	0.0503716956959956	0.905378069632586	0.00847225641685859	0.000337745208559062	0.00193339979793108	0.000107552590638285	0.000636129766975171
0.00174588063396721	0.000388085293835824	0.0546852525206833	0.917284011943349	0.00798744285040211	0.0122857168776035	0.00275368418101331	0.00280039998791054	6.95257112354871e-05
1.37677262683699e-05	0.000223566867790475	0.0498222059054745	0.9141037824814	0.00933445308517307	0.0234564829161922	0.00197283830508321	0.00105314442460335	1.97582880146977e-05
0.00256058229157513	0.000190344125491601	0.0587183309939265	0.919513317157468	0.00626048879534867	0.00971934156214474	0.0026624035236183	7.46064320487539e-05	0.000300585118378827
0.000970784811922724	0.0098861773724421	0.0558824614313539	0.912940254507954	0.0170709935753065	0.000451926935288586	0.00270072478157058	8.73439974137816e-05	9.3325867475263e-06
5.0993599562458e-05	0.00210970891446895	0.0484348101824209	0.91375394565013	0.019509025188189	0.00870219637876847	0.00233473511563329	0.00494601062105911	0.000158574349767966
3.48116583451827e-05	0.00250170533868473	0.0527162282287174	0.918850876592346	0.00616478228034229	0.0159086778300526	0.00293573283722324	7.31894962660137e-05	0.000813995738022583
0.000401073997800146	0.0106863347548328	0.0521887487073149	0.919359736808117	0.0111070556004453	0.00207949850486596	0.00107746130261171	0.00297784890188529	0.000122241422126723
0.0002453309240073	0.000125920411884769	0.0498425647717975	0.917911545549581	0.00619025004301675	0.0226380472563273	0.0023135982400534	0.000540754837849525	0.00019198796548192
3.11648717471431e-05	0.00170745781378549	0.0564671135828024	0.903781415918016	0.0141606269615331	0.0209552927838702	0.00266789214377049	8.11018518138741e-05	0.000147934072660922
4.4729301239184e-05	0.000909100200813283	0.0571410242095192	0.920701121721196	0.00995382753921078	0.00296888202526483	0.00211767127831672	0.00574460137633006	0.000419042348110256
0.00176428598732559	0.00492720838359953	0.0465834531852759	0.924607840842075	0.00788585937627832	0.00180115779644627	0.00183979243300203	0.00708237436782501	0.00350802762817181
0.000786038548633498	0.0361959504909088	0.0535667273555507	0.89639736822443	0.00490973558212622	0.00049319905310492	0.0067664909938762	0.000628283718143315	0.000256206033226724
1.49666786905424e-05	0.00183933825109953	0.0600744352535255	0.914165351741809	0.00344199545878476	0.0161237380265389	0.00349291531494203	0.000818620100032765	2.86391745771485e-05
0.000134192757122775	0.00482944062968114	0.0577066331899246	0.915350233465266	0.0101570575180209	0.00627977276925795	0.00260398811444289	0.00285320745904904	8.54740972345352e-05
0.000333010228645377	0.0177071729887546	0.0491799689679703	0.914956374130071	0.0111902259180754	0.0010580171329356	0.00312943909952744	0.00085329170939007	0.0015924998246305
4.71309755763215e-05	0.00181936229705369	0.0515731844910077	0.916800652881229	0.00604358121396356	0.00968108067791979	0.00193022590204646	0.0117234898254821	0.000381291735720833
0.00337311236130091	0.0018129554589273	0.0484796468471712	0.92076964645102	0.00729278319940294	0.015471123562832	0.0023126879914027	0.000186458068944968	0.000301586058998312
2.56358247717328e-05	0.000398975284003058	0.0521963568639473	0.915268619655751	0.0116755431076552	0.000540832681514149	0.00241337250033628	0.00767487935103354	0.00980578473098782
0.000290182907353579	0.0129626755515579	0.0525532152257157	0.921707443595334	0.00754098677712106	0.00166560541938055	0.00286339665554779	0.000363305719530675	5.31881484587739e-05
0.00114869974403164	0.000370712877514411	0.0510524349233769	0.906646787749269	0.0224418573385846	0.0145042616570706	0.003227697615877	0.000301386826332392	0.000306161267943537
0.00303220490508522	6.41816028007327e-05	0.0488050704055384	0.911646978667522	0.00618829796542654	0.000115551837548053	0.00302397518864351	0.0270589654699461	6.47739574890266e-05
0.0164664023084586	0.0145187271640978	0.0447631938307029	0.909335390385149	0.0101020699529024	0.00245480056911999	0.0019742107541102	0.000190712642760755	0.000194492392698099
0.000815141568265616	0.00010736820178131	0.0524615216841496	0.91056905647152	0.0142401183663097	0.0174042236124143	0.00247056113916804	0.00190071031924791	3.12986371438122e-05
0.000204786453797214	0.000274834054144549	0.0592385242139845	0.909904400717061	0.0127151141143997	0.00422263581360739	0.00243517255679379	0.0101445124876516	0.000860019588559672
0.000138947207493987	0.00281067324494421	0.0615417421751285	0.897092999241154	0.00418106074433941	0.000207693228096491	0.00581880465812844	0.0273485264721096	0.000859553028605062
0.00166226373508049	0.0191035522922637	0.0471375129707699	0.918766604663457	0.00759346082227641	0.000277676672301839	0.00391555581945665	0.00069219123922941	0.000851181785164852
2.13324363255876e-05	0.00225935985862431	0.0544924988057576	0.923658223524247	0.00889805837716995	0.00253781726209364	0.00351197766254108	0.00459302503535823	2.77070378829222e-05
1.63766015358345e-05	0.00145544907863792	0.0567302834397998	0.913085479774301	0.00904877363649451	0.0151632081127637	0.00268546130143117	0.00131939828948908	0.00049556976554683
3.80369907560999e-05	0.0178830722261569	0.0477608990857672	0.924690274637828	0.00551964880053873	0.000736259468233653	0.00244853167164218	0.00087288793338225	5.03891856951652e-05
0.00411351026568668	0.0134609360223758	0.0511403698678308	0.918846020269705	0.00721259194212989	0.00121428707316262	0.00355188152235639	0.000245648769667598	0.000214754267084922
0.00079233816633124	0.000491876033029627	0.0599871292712342	0.921117766505007	0.00389092757536298	0.00620392531619136	0.00123545673873294	0.00554156828684312	0.000739012107267687
0.000532950959542839	0.000331377363812132	0.0519901777450575	0.907143866009671	0.0110592846114872	0.0198498909246593	0.00261345040392794	0.00629265044043431	0.000186351541407929
0.00480037108769749	0.000456062179871158	0.049535800281118	0.904176917876575	0.0161076018014401	0.0116501467601034	0.00231484735963868	0.00429321088952151	0.00666504176403499
0.00543959245797997	0.00252777802322056	0.0544803291994045	0.913914777322054	0.00695549678278308	0.0151397901165454	0.00125263461583956	0.000239354532942224	5.02469492311136e-05
6.18757089192184e-06	0.000769826528826348	0.0555067532999133	0.926820950566471	0.0071417616567803	0.00403228544186824	0.002324477035187	0.00337872158247858	1.90363175837929e-05
0.0111012588215045	0.00293441607094776	0.0521685460667535	0.916102743930376	0.00685766288853553	0.00788374138714868	0.00275720349198033	0.000131048811629301	6.33785311241553e-05
0.00210303152397381	0.00155587950698116	0.0571835424955696	0.911159769982727	0.0117853787534489	0.000660375476530006	0.00337776935582534	0.0109753097997099	0.00119894310523401
0.00198260770414445	0.000794344408829284	0.0629664560105823	0.914967992197715	0.0089674004530641	0.00326043673451988	0.00300832289836522	0.00404588851588668	6.55107689292533e-06
2.84578475401117e-05	0.0021103438566331	0.0563289366896058	0.914132461300756	0.00807551163109505	0.0122341544435099	0.00212312717918101	0.000105104365434996	0.00486190268624404
0.000274397419025142	0.0176723005439967	0.0586782296573631	0.913648780260294	0.00537325767325131	0.000507011729694972	0.00332550529321638	0.000506441164792824	1.40762583659196e-05
0.000454536374406578	0.00260005122822143	0.0506341864120652	0.923257725511042	0.0080442484915664	0.0114517136292092	0.00278438915919243	0.000127594900843421	0.00064555429345346
8.88714742323718e-05	0.000314210638794687	0.0599485126108424	0.918943849110392	0.00645326860273765	0.0121802655179548	0.00170355631354839	0.000337176664545386	3.02890669524184e-05
0.000366332927118155	0.000196762861994165	0.0508824634368181	0.921684096343583	0.00773681213352466	0.0100344809536617	0.00316412551189743	0.00303826450012721	0.00289666133127518
3.68035755711533e-05	0.0128173885802945	0.0475933210069508	0.919431176925367	0.00635390832277801	0.011071413969136	0.0018190931619623	0.000154932535510535	0.000721961922429733
0.000916450609366361	0.0067402474815448	0.0830414959942011	0.888347407071331	0.0103888859975559	0.000221489515039327	0.00294989641525709	0.00735244780578525	4.16791099190474e-05
0.000120072162615342	0.00870918045007869	0.0532125794995194	0.911738395079987	0.00590694968961436	0.00863824526572333	0.00301144297122389	0.00736965346493172	0.00129348141630663
2.44407368314932e-05	0.00118285859454373	0.0642594456644287	0.915082692808604	0.00790686654251541	0.00479367104724154	0.00312793205731267	0.00356193381868413	6.01587298378409e-05
0.00298986124283049	0.00110390517656623	0.0447529085296844	0.91981139290401	0.013410979574945	0.01415747604235	0.00226713074168157	0.000750413601537041	0.000755932186395591
0.00189858557433458	0.00964689622451586	0.0447179124595229	0.924585495482965	0.0120633218906078	0.00356947969496237	0.00167603254192081	0.000381049400075103	0.00146122673109568
0.00629642806751152	0.000656055301714636	0.0546037089434088	0.917712002008203	0.00720733736524765	0.00736764194229037	0.002628544735809	0.00124131731563232	0.00228696432018294
0.0137764269229663	0.0052632886478053	0.0461185729880108	0.911337887709034	0.0073830064255044	0.00729926604604224	0.00276461341633661	0.0059625552016049	9.43826426958175e-05
3.15557106427595e-05	0.0126868835498962	0.0471286869250107	0.925117676863544	0.0112215107635414	0.00073386353217924	0.0028719328820142	0.000180658985422906	2.72307877482824e-05
0.000366108710723645	0.00202751278316085	0.0472780247109008	0.914472294579655	0.0110497072872648	0.0140078811255308	0.0037753533116386	0.0044203117434262	0.00260280574769967
0.000671027072813246	0.000220467171575956	0.0530822297448108	0.914452694180986	0.00702483785667948	0.0193723113337306	0.00217619526982016	0.000393435069583874	0.00260680229999982
0.000139252929400234	0.000759573495096673	0.0513744162903196	0.917749346410051	0.00873005254195243	0.0183659616888638	0.00283476670623337	2.55131646050149e-05	2.11167734780441e-05
5.51702716590616e-05	0.00574128738935919	0.0446104190670725	0.92324672167645	0.0119239976824609	0.0115373068871675	0.00199887441464073	0.000202685419504551	0.000683537191685388
0.000942228171715176	0.0125814141861135	0.0544732885722216	0.910471752131548	0.00601359784444279	0.00232317496602001	0.00406656955070027	0.00207269445763742	0.00705528011960134
0.0042727645429266	0.000471862807028409	0.0448530695738614	0.907273536706126	0.0133222369806199	0.0199729616992379	0.00279406610915232	5.62774894040552e-05	0.00698322409164336
0.000672364816029663	0.00363399687238358	0.0488788844710029	0.920274344427687	0.00502363166952325	0.0116446939378176	0.00320822822854814	0.0060403915782299	0.000623463998777461
1.05297739502765e-05	0.0130990578309111	0.0488050875387386	0.917057614912958	0.0119218966022772	0.00607952305470073	0.00294629304804011	6.55713136272057e-05	1.44259247971012e-05
2.64505315089937e-05	0.000484218559038399	0.0434305975762473	0.923150658812799	0.0122577584284994	0.00946875247269599	0.0020520791020132	0.00822925350021239	0.000900231016985313
0.000779327095089935	0.000762259807589749	0.0553185521320775	0.924019555312518	0.00709345432453795	0.00802376244497508	0.00205781472953236	5.77583447161772e-05	0.00188751580896275
3.15245466170332e-05	7.10592112227489e-05	0.0542330114548806	0.913252310541811	0.0150372026070461	0.0103734420585704	0.00230915830317681	4.84610755960704e-05	0.00464383020107871
0.000148221043972848	0.000307649741204143	0.051966416938135	0.923035326261058	0.00817735795186597	0.00629497668955488	0.00305886936171607	0.00698989043486144	2.12915776312728e-05
9.15295300140661e-05	0.00976668259103994	0.049178648090155	0.914782634305739	0.0165127639922448	0.00298946898025233	0.00252720127171788	9.34548959787401e-05	0.00405761634285762
0.000571782262112797	0.000359820819596398	0.0472127340585946	0.928080821469316	0.00811173572907113	0.00487082420448725	0.00167959008091859	2.60092823266044e-05	0.00908668209357663
0.00561194788406209	0.000175169758911075	0.0472736722665195	0.915968210694278	0.00819727200713317	0.0171903405436738	0.00303282128768562	0.00173300418705335	0.000817561370683441
0.00523571484771618	0.000742237614916999	0.0455789276321437	0.904097803699385	0.0121899068304527	0.0125965330161087	0.00218310572990019	0.00743461102899079	0.00994115960038536
0.00021310488058484	0.000187421761337919	0.0494423773304788	0.919784050536863	0.00795861562791807	0.0182904745875939	0.001660248276317	0.00217645093610217	0.000287256062804455
2.76826504897915e-05	0.00658670679636711	0.0528827671851273	0.915345190662829	0.0118609110188367	0.00939219010645173	0.00228992911598385	0.000504218474802691	0.00111040398911151
0.000111791381215717	0.00463305289912913	0.0543242407702379	0.923664074242028	0.00542100483402471	0.00882525647829821	0.00204259510767638	0.000405778750444377	0.000572205536945757
0.000546265820684101	0.0226344515939443	0.0526616778123356	0.909377093943035	0.00794679231496903	0.00141188421200459	0.00498770982985517	0.000341506342217577	9.26181309551962e-05
0.000277242798012248	0.020684453631324	0.0486786566004416	0.9159680356295	0.0070332696253485	0.0054999340929991	0.00152778142929544	0.000307760162118412	2.28660309612074e-05
0.0001391244910406	0.00029593935989404	0.0439143600854369	0.929224636330538	0.00567231550717079	0.0178416407521346	0.00226176380819158	2.56215741579859e-05	0.000624598091435906
1.14175315610439e-05	0.0171959512750274	0.0483688867207594	0.915024846802722	0.00338335590722657	0.00442880496601904	0.00271752177092892	0.000583993549602967	0.00828522147615225
8.35697513719764e-05	0.000737373812035245	0.0554592549980943	0.921128233600309	0.00516733599745847	0.0132335067487672	0.00250935370465476	0.00109743706016499	0.000583934327144175
0.000288481629009247	0.00273687368369964	0.0509620596819945	0.923599393622436	0.0174128455335422	0.00175519395619229	0.00267462425913184	0.000360196606697997	0.000210331027296229
0.00712045577024524	0.000167641254051198	0.0557401157825358	0.90680857057761	0.0114720124246335	0.00960217421835841	0.00306519495611241	0.00544385007171915	0.000579984944734333
1.22883302904531e-05	0.00584924827215573	0.0532067081240825	0.915248979212896	0.00507461453457734	0.017791170959478	0.00213032637334785	0.000672020833860912	1.4643359310911e-05
0.00442243055913868	0.00069931809564189	0.0476938736157605	0.920412928182483	0.00767223439681548	0.0152440970940028	0.00253472992645113	0.00120687393302274	0.000113514196684008
0.00214957675503039	0.00905061515005053	0.0531019340383504	0.900442518177702	0.0250953424049428	0.000666222221687319	0.00327690555633984	0.00391597185896277	0.0023009138369343
3.83720977510089e-05	0.0267787934115866	0.0463058843941824	0.916716918500912	0.0060841989394616	0.000780731369159159	0.00280927406768204	0.000113135041154368	0.000372692178110249
3.90285577544652e-05	0.0119503258393946	0.057072700281726	0.915890243408848	0.00997354290222136	0.00100800378908369	0.00305074942048169	0.000838408959609934	0.00017699684087968
0.00015939436803311	0.00780297827100064	0.0592972991306889	0.907826135580276	0.014575878526745	0.00357732569673521	0.00348819949008602	0.00317756838513091	9.52205513045053e-05
1.95263465257881e-05	0.0284890874180247	0.0470498425546887	0.90669368900863	0.00528336000654275	0.00038608921522816	0.0018377282448132	0.00193048532534677	0.00831019188019984
0.000973928780121509	0.00708219030159732	0.0467112917890723	0.916081273295704	0.0115355023393647	0.0143522582032054	0.00154389972127942	0.000139707914523158	0.00157994765513253
6.65914859424878e-05	0.000214128146969652	0.0472489286629044	0.927239537917187	0.0145761982762303	0.000837362449467726	0.00194761621984575	0.00777875281994597	9.08840215069226e-05
0.00126764954615592	0.00154304956395469	0.0509018861446181	0.925315931279111	0.00441737244909537	0.0126834179875029	0.00146366540816616	0.000176971886623235	0.00223005573477277
0.00298738805671661	0.00682350000443517	0.0496591832080307	0.925483744713179	0.00569933080079984	0.00456365958399837	0.00300038976367396	6.0811560946234e-05	0.00172199230822012
3.04457783128913e-05	0.0194595148074585	0.048892836056003	0.91801288066934	0.0106756035698847	0.000218573427514004	0.00254618218283982	2.66608255428481e-05	0.000137302683104828
5.09581202834448e-05	0.000726223464601517	0.0508270762709844	0.915586039722734	0.00868425349769667	0.0153542419590368	0.0037977999882062	0.00490640158588641	6.70053905703459e-05
0.00224847043777715	0.0129363871270598	0.0539091448613819	0.91697599142941	0.00474366184331478	0.00165222098551291	0.00427662963973376	0.00295370352732845	0.000303790148481498
0.00188351265648756	0.00901703767839645	0.0496353398337853	0.919538940301747	0.00821870565540037	0.00441926266872225	0.0032471545817463	0.0036580576583018	0.000381988965412574
5.92416053644035e-05	0.000549463505893905	0.05176085275209	0.915023896586325	0.00815587430679347	0.0212596872943503	0.00212216279777473	0.000203358095701035	0.00086546305570716
0.00131289332774263	0.0135771810207982	0.0587502230552719	0.910005105478343	0.00641413779603459	0.000806037447519432	0.00208349635833004	0.0025324755174226	0.00451844999853724
3.6927175263045e-05	0.000290732347482111	0.0636085856287746	0.926543883559613	0.00425391943132952	0.00276275831033226	0.00202802469902038	9.12916941434389e-05	0.000383877154041912
0.000337690498828982	0.00101191495922063	0.0705740496479193	0.89729416805345	0.00807450701636665	0.00681738785094903	0.00351938735048847	0.0117181452710721	0.000652749351705069
0.000658279082948832	0.00307519579928034	0.0504580937311369	0.915008681495343	0.00530595689944007	0.022502875447025	0.00240805742814816	9.90408201536242e-05	0.00048381929652436
0.00035167569721125	0.000626172413186468	0.04650977679031	0.917797739326463	0.00424851304073213	0.0205534704930967	0.0019092792817651	0.000296255389479122	0.0077071175677559
0.00040811611266171	0.000148307853379524	0.0526053636989231	0.924754811333784	0.0055017221656623	0.00082202628947084	0.00222328348336323	0.0134207674162336	0.00011560164652172
0.000615544119705969	0.000289293501279065	0.0541268892136643	0.924100119265475	0.00868291560157949	0.0075539105004741	0.00186005842566852	0.00261043562541799	0.000160833746735482
2.36480851687562e-05	8.58609079664148e-05	0.0582647963715902	0.917576292128229	0.0112271563496428	0.00622851767763776	0.00281665637217273	0.00373578336039759	4.1288747195064e-05
9.06278686223668e-06	0.00475784633095737	0.0534862158003619	0.918931721071912	0.00939220345266345	0.000417218026361053	0.00330405542772528	0.00943732247490198	0.000264354628255028
6.04230163674788e-05	0.000474234796748083	0.0505474190001823	0.92039266939157	0.00504402151500263	0.00647912017979592	0.003212480030621	0.0137738540219335	1.57780477793416e-05
8.0424922800245e-05	0.000146732641927516	0.0459713481789839	0.932866435915764	0.00731251462992229	0.00829203609184206	0.00286302439379064	0.00244800487765648	1.94783473130248e-05
1.68442229761413e-05	0.00720309434602351	0.0445021066148417	0.920590558283008	0.0030213173070096	0.0143642428470652	0.00247320707349165	0.000112844961298034	0.00771578434428633
9.92367318550765e-05	0.00456682591664382	0.0519287491906891	0.920536371734185	0.00607765646016128	0.0129910364717861	0.00279877895577578	0.000969921988288252	3.14225506151699e-05
1.36827507412264e-05	0.000505530537222165	0.0576046819635499	0.909974677965214	0.0108751994213631	0.0105641652892708	0.00233302371522851	0.00692803983498282	0.00120099852242797
5.79684096838347e-05	0.0203244828449898	0.0515889441182036	0.905742154364666	0.00700952162043821	0.00238383559298782	0.0038546287905005	0.00202521508963852	0.00701324916889187
3.63025253712326e-05	0.000330765555004568	0.0478674112404267	0.923494294272174	0.00934271415272276	0.0153915618540563	0.00333673762887443	5.75502460528183e-05	0.000142662525316996
0.000168166249654551	0.00108614913546702	0.0533352622329671	0.917015549834514	0.00974289878541622	0.0119226388539293	0.00130337547520958	0.00136577388116216	0.00406018555167956
