Bcells	CentralVeinEndothelialcells	Cholangiocytes	Hepatocytes	Kupffercells	LSECs	Mesothelialcells	PortalVeinEndothelialcells	Tcells
4.59670438184573e-05	0.000151222113038857	7.42633641596781e-05	0.961571197796414	0.0113039125644032	0.0196254587056601	0.000180168639215597	0.00187180711966431	0.00517600265362536
0.00355604709800798	0.015762261370707	0.000671265697369067	0.958664923105659	0.0194635849310564	0.00129227684921257	0.000227633319260493	8.02789143539672e-05	0.000281728714373027
0.000141806286330617	0.000273121845601144	0.00187897031076354	0.950237091502011	0.0192978313372557	0.0266395288582106	0.000139002813828366	0.00118001155760928	0.000212635488389892
4.49651972046448e-05	0.00485480090777331	0.00121854240899701	0.9466325161501	0.0210754428165845	0.0231166871481986	0.00159045264959901	0.000628696780453228	0.000837895941089312
5.51890818475495e-05	0.0193969350141234	0.000414763428201368	0.946166111419184	0.0157824094001505	0.0134803864750259	0.000846704373460336	0.00024398087098972	0.0036135199370167
2.22877853677875e-05	0.00343870910090393	0.00103241152341597	0.970383730626821	0.00973175941534738	0.0116981843999268	4.07686257542446e-05	0.00291162247403002	0.000740526048433219
0.00422972316840189	0.000737641075994086	0.00016881118355843	0.973576207907256	0.00831568449352475	0.0123102605571939	0.000392194650154559	0.00013258432355354	0.000136892640362258
0.000179189240182383	0.0173063936856147	0.00029332788401851	0.951386045840036	0.0146990427871869	0.00834718705326701	0.0036188868062636	0.00214859388911077	0.00202133281431983
0.000292774614584831	0.00769076629484893	8.45426532553902e-05	0.94499719814344	0.0277965736498678	0.0180191040278652	0.000280237346911406	0.000775431369522939	6.33718997034508e-05
0.00194318211358033	0.00318996299934233	0.00141598139799879	0.952479494070531	0.0201886497074068	0.0185759459714196	0.000674639822731704	0.000856292212418297	0.000675851704571545
2.73872378933303e-05	0.000271088269157285	0.00148888997797703	0.94537044606051	0.0254389114362266	0.0190186626705292	0.000991817207680657	0.00614012707858357	0.00125267006144299
0.000329515414582875	0.00109107475523275	0.00551673057178104	0.962050812542846	0.0104511387822137	0.00257835937340935	0.000227395113592707	0.0148419802771222	0.00291299316921945
0.000774512703694206	0.000663654852000363	0.00021845304454543	0.955249750026581	0.0180685515040125	0.0234028982413268	0.000457297021669258	0.000251060723958705	0.000913821882212182
0.000488297211961922	0.00168831705639801	0.0182106636861589	0.925862313478499	0.0200388866002509	0.000153308502049745	0.00368999793069408	0.0246382173747332	0.00522999815925422
0.000139850802447252	0.00120418032920961	0.00227932029242157	0.950257689389079	0.0246979859046098	0.0127906192262895	0.000138305180021282	0.00834557816241951	0.000146470713502061
2.59642146885711e-05	0.0105194686562028	0.00221241809133198	0.963182027590602	0.0127443985339283	0.00766496957988949	0.00120433393844562	0.00175573500332631	0.000690684391584749
0.00337445403355019	0.000162871845822778	0.00752102398857112	0.958513552734097	0.01207564309233	0.0082048718822398	0.00264085871413292	0.00723665129174504	0.00027007241751106
7.14337653987369e-05	0.0002268838818203	0.000383357934161402	0.956789058264824	0.0144595605439631	0.0268529582595287	0.000234873267754885	0.000437399982528625	0.000544474100020313
0.000128176772085824	0.000454793538797418	0.00125283911222045	0.954731307273188	0.0279103298622357	0.0132073514585461	0.00100712741000277	0.000330879741093952	0.000977194831830015
4.04378166385931e-05	0.000589217771286565	0.00131893280893417	0.942547369718167	0.030938489736061	0.0159734672381353	2.32148062150446e-06	0.000517082083593828	0.00807268134656158
1.92494628223057e-05	0.00401566048851032	0.00143611647253446	0.956531552120029	0.0250879084795732	0.0109708919045268	6.06028766899164e-05	0.000566909664646596	0.00131110853066704
0.000398021544645755	0.0246367119464966	0.000130283861845577	0.961559586347914	0.00950568316777299	0.00244995476890344	0.000214129085298855	0.000354644660026505	0.000750984617096224
2.16929869736155e-05	0.00480686453406154	0.000827831450226096	0.972062397137145	0.0100651918532375	0.00986791256449921	5.69055236832354e-05	0.00208536064377692	0.000205843306396491
0.00025406837723174	6.81133619546144e-05	0.000431468091509856	0.966256298127966	0.0129128423291394	0.0193496555806897	1.04459948003707e-05	0.000295305301239692	0.00042180283546899
1.84707030347653e-05	0.002613949266187	0.000216846918771498	0.962533391022917	0.0165409729780969	0.0167282254611392	0.000983804464724179	0.00021189611083084	0.00015244307429854
0.00354225569523491	0.00701590741210653	0.000499664803472399	0.951647852176152	0.0165131064990734	0.0173283046631414	0.000822138990469312	0.00260308087608677	2.76888842634267e-05
0.000216897231059135	0.0089671339575821	0.00076697895572622	0.959612015802845	0.0150529619863812	0.0120803431840989	0.000775816227965788	0.00243522842339359	9.26242309477615e-05
1.45519174761608e-05	0.00156668061767382	0.00163099830505049	0.958075449122478	0.0184223151715661	0.00821472960700208	0.00160541113908416	0.010265623348123	0.000204240771546197
0.000978590445230807	0.00666197559659764	0.000210910030539479	0.955390053272578	0.020557076295177	0.0139733654705635	0.000718951685897748	0.000336126406301113	0.00117295079711515
2.95167074266786e-05	0.000204979634040477	0.000865544872810734	0.9452441631966	0.0315600598953374	0.0106794325733613	0.000301857300824742	0.0104052634846997	0.000709182334899281
0.00015476749914264	0.0293910748983173	0.00124874528437744	0.953940370521771	0.00909317776709453	0.000584938533478597	0.000496879069110046	0.00491624466973929	0.000173801756969363
0.000268286944942506	0.00449409791440298	0.00173883980188192	0.952786333976837	0.0154619823620689	0.0219805022828021	0.00061024342634639	6.69583989742828e-05	0.00259275489174426
1.57098084254209e-05	0.000701398445004774	0.000818722634148009	0.948914756307259	0.0226788226962247	0.0173688086334879	0.00120389024108298	0.00467053946226027	0.00362735177210686
0.00208526435487818	0.0176473597972627	0.00177710231792766	0.945349233491273	0.0177651140899148	0.00609412740379578	0.00105074155641037	0.000913291534979349	0.00731776545355789
0.000319046294928783	0.022739765482788	0.00107579255756604	0.94395478571769	0.0188103437529188	0.0101153801038639	0.00118256103394626	0.00114492045809298	0.000657404598204909
0.0037725776027232	0.00136268663456302	0.000254942417349196	0.955465769482701	0.0171248388133492	0.0171964039149503	2.67481342400817e-05	0.000347242567607366	0.00444879043251662
0.0049118717398882	0.00448814783580657	0.000251219802776874	0.93179263470043	0.0377917270377868	0.016922448070684	0.00079820369915349	0.000268985345370381	0.00277476176810392
1.23388220444649e-05	0.00670638125066859	0.00070403804699273	0.952392975651744	0.0135068027947895	0.0156655729280544	0.00100507988537803	0.00430027057038921	0.00570654004993924
0.000347430091359361	0.00435125449421237	0.000120846925047464	0.945428265460868	0.0354616710647897	0.0128065137954289	0.000115633422163388	0.000399730071054265	0.000968654675076998
0.00678776548880309	0.0129168321004124	0.000794036290346276	0.94905152861805	0.0226035992456628	0.000845836923817664	0.00103153385394058	0.000527821433585919	0.00544104604538074
0.00147788038190037	0.0185289611160661	0.00466527671712107	0.917987785224206	0.0245531770003916	0.000378191796865952	0.0132161452940897	0.0191783311892767	1.42512800822452e-05
0.0016805492453414	0.00407323492856386	0.000118279365708551	0.960903250250824	0.0222942917266396	0.00980081202325316	0.000382743851925721	0.000429558558387261	0.000317280049356889
0.00758216181336037	0.00221733957600856	0.0200477847441437	0.923523581605215	0.0300963104081976	0.000869114494091915	0.00237370072512925	0.0132474596371827	4.25469966711213e-05
0.000833699025578117	0.00120247883041752	0.000283612470237596	0.9604365483868	0.0178966978913995	0.0108525484964296	0.000170263242542451	0.00328026821146061	0.00504388344513486
2.98495298857412e-05	0.00133076242936701	0.000651828682675142	0.967700786998817	0.0135497774786561	0.00948471991053679	0.00187340375780935	0.00493966446077073	0.000439206751482375
0.00151924853941116	0.00064532355169748	0.000595756383365173	0.954151760710583	0.0182374987222725	0.0200777074911488	0.000179462578664766	0.00106301437672117	0.00353022764613548
0.00137601534369767	0.000751334657772061	0.00114308907004575	0.963901007224632	0.00902157121076129	0.0170832467865316	2.17911193993636e-05	0.00200132357817978	0.00470062100898011
0.00037360824729915	0.00218150438414021	0.000860866232524255	0.949210202184277	0.0224168979339344	0.0213231356546518	0.00247375244435446	0.000646462486514149	0.000513570432303915
5.30190584793455e-05	0.00908889839983591	0.000225513203389243	0.958784944061703	0.0234518431962492	0.00607432942749263	0.000511043640648093	0.0017132783968635	9.71306153394444e-05
0.000151424080164593	0.00185325970298506	0.0062318924237833	0.929674078873455	0.0194476934848667	0.000390822531824979	0.00306050974132043	0.0281815181923369	0.0110088009692635
5.9981939874517e-05	0.00174611255853957	0.00139961692213752	0.960025182778722	0.0130026231798889	0.015920351371772	0.00144228099445582	0.00150986944875665	0.00489398080585325
1.49906004683882e-05	0.00281433961581866	0.00045584428380611	0.958331785259363	0.0164304445856702	0.0125951465859137	0.000703738503013684	0.00808805547612892	0.000565655089817117
0.0060528642370907	0.0132826189499606	0.00988446013930026	0.917196042483734	0.0225086554585904	0.000229299480701415	0.00693790256089821	0.022566138602265	0.00134201808745953
2.45752036543579e-05	0.000101929563690818	0.000949570401458559	0.956189511575477	0.0211520935815903	0.0213844499568306	6.12542131126439e-05	8.48542102374969e-05	5.17612939478126e-05
3.41530613182237e-05	0.0111449082375291	0.000395788080383845	0.958618392474551	0.00685103838096831	0.0160459794343715	0.000999785673771323	0.000435727946241178	0.00547422671086574
2.16361177893531e-05	0.00255441165964733	0.00214989678061508	0.960119940180274	0.019077175185812	0.0155892470922527	0.000128761788207087	8.09171381884632e-05	0.000278014057213786
0.00395830878431119	0.00602274654733002	0.0028069585446709	0.954303373778055	0.0198650707285515	0.0100721913460844	0.000155180404378106	0.00205200565116143	0.000764164215457188
0.000592566861214095	0.000842205584354167	0.00349198339885869	0.957954786821956	0.0202382207762945	0.00796390042178929	0.000675838750037289	0.00818098473498258	5.95126505136719e-05
7.28807292063745e-06	0.00529985295622609	0.000676620417664081	0.954127987299989	0.0207461423405425	0.00699241154564056	0.000529196217228471	0.0102942330435838	0.0013262681062044
2.30063273731942e-05	0.00510102385726807	0.000906170999551548	0.968766540956685	0.00845417226793304	0.0106097332211745	0.000945059909362936	0.00389339369877606	0.00130089876187523
0.00249364038769933	0.0152843926996499	0.000859359134429605	0.951863087730984	0.0137117826739913	0.0109216443916334	0.000666969603169087	0.000611075922047327	0.00358804745639564
0.00487334212762948	0.000122734187643127	0.000799679750388135	0.948742484729143	0.0220461932125959	0.0186663969528001	0.000129180909705856	5.08701478241414e-05	0.0045691179822703
0.000866404688494341	0.00136430562786138	0.001378745490527	0.954774225293277	0.0238162324922081	0.00700096011523503	7.96339123186336e-05	0.00997584778825988	0.000743644591818065
1.34411391263288e-05	0.00176354272729393	0.00163237103010094	0.963179463865701	0.0105217953205515	0.0214664245500717	0.000799995625506031	0.000231318167639031	0.000391647574009353
0.000553065624737874	0.000187633905183685	0.00117369815077235	0.958235503687694	0.017126892671319	0.0166197488935324	0.000608056774132884	0.00517012743978047	0.000325272852847255
4.42112294257593e-05	0.0157736936562575	0.000462854450980959	0.961285901074908	0.0167967809681292	0.0027820607372	0.00091295075510873	0.000430694894378016	0.00151085223361218
1.8798352458247e-05	0.0237507215782365	0.00235034148968754	0.958600909289459	0.00784393576212671	0.00303594965451999	0.000692233220084455	0.00177919116020986	0.00192791949321783
0.00031840495164361	0.00675904536303996	4.49876623273622e-05	0.95994611268663	0.0166977589043527	0.00442908315345111	0.000513612231840134	0.0027471621383373	0.00854383290837784
0.000185380411614917	0.000207024928857665	0.00352181273445255	0.959337661576382	0.0159094260825658	0.0140062626784949	0.00135726327512257	0.00497643729903936	0.000498731013470596
4.92447279061227e-05	0.00372240067946668	0.000830833200873838	0.964558289489102	0.0153122444369605	0.0131624599521472	0.000673052560659831	0.00158323707529855	0.000108237877585291
0.000275700709298223	0.00972760815875103	0.000852304535379166	0.960463454911295	0.0144794737999945	0.00720607333122686	0.000127150735062979	0.00370797990198655	0.00316025391700593
0.000425547653672595	0.00579573638361809	0.000171143216885026	0.972043530245714	0.0147365273985261	0.00493420316810891	7.91510884933999e-05	0.000851783826629723	0.000962377018352537
3.26662027766625e-05	0.0026306688564882	0.000419106903121774	0.96284644878898	0.0200755867319973	0.0100776016904769	0.00109576628255614	0.00215678002239091	0.000665374521211665
9.38969168023296e-05	0.00017857703525449	0.00299703918215768	0.963154452117283	0.0185688899139159	0.00789443687081894	0.000237675651168129	0.006619151475609	0.000255880836990317
0.000389506418804413	0.000844618107997227	0.000607164553145336	0.966210356889468	0.00836270582950862	0.0186370918274281	0.000892555751402911	0.00376943482887948	0.000286565793366101
4.46400106896473e-05	0.00165892774313385	0.00188038168326526	0.95279816068657	0.0159931206573865	0.0187315736085164	0.000583828783998403	0.00814237768006198	0.000166989146378365
0.0263500055055425	0.0206600009464914	0.0263209101341005	0.844371183833026	0.0343732434165121	0.000131216100909065	0.0075550663708221	0.0402115488138094	2.6824878786789e-05
0.000470594693484911	0.00254704930493807	0.000715057693372898	0.96786758714625	0.0155646127912784	0.0100014697142814	0.000238201325065813	0.00131752988676554	0.00127789744456287
0.000463411889415422	5.64622194864684e-05	0.0028324257914119	0.943635921100299	0.0286216747148647	0.0128146137741261	0.000150347005914579	0.00885782437549831	0.00256731912898322
7.04049697948651e-05	0.004939454669281	0.000567325392754547	0.953879940880519	0.0233939930156586	0.0121074888308321	0.000833878851643306	0.000235381615649204	0.0039721317738675
1.28469463813317e-05	0.000312898739164124	0.00137278028231375	0.955508525887979	0.021483128406623	0.0186917833341095	0.00215706894581012	0.000341118250967285	0.000119849206652421
9.38540737329084e-06	0.0197535454671384	0.000218892142308563	0.967121449763268	0.0113975785192768	0.0011350086556166	3.79654412355996e-05	0.000283290884209259	4.28837195730684e-05
0.000288529465034066	0.00473062265379	0.000419813197571724	0.954332093647248	0.0128750223811298	0.0248758708130348	0.000399219007522801	0.00081213526460602	0.00126669357006282
0.00147368803999887	0.000679084131403744	9.8220149872678e-05	0.961378674754684	0.011454739566955	0.0149998364115912	0.000798497464346491	0.00896938860888014	0.000147870872268045
0.00371255651336298	0.00102230184841155	0.00012763430586545	0.964653057949013	0.0130134098380255	0.013574608542	2.65134561432228e-05	0.000664130086200163	0.00320578746097835
5.56608341062179e-05	0.00159332040660832	0.000875774435069884	0.961199706824384	0.0109031317042425	0.0117262111531681	0.000552517797329308	0.00847415178928689	0.00461952505580468
4.14539665425135e-05	0.00498179506140627	0.00126691955084891	0.947798749400148	0.0176174588076392	0.0212837059727379	0.000521331174349442	0.00515146763410622	0.00133711843222123
0.000619702870498344	0.0135062209669073	0.00234208517087039	0.963265943395987	0.0049388697582567	0.0120155867480811	0.000642635217734072	0.00261189321515617	5.70626565092509e-05
0.00252887420964835	0.0108726090975813	0.00060642098267578	0.950296904764028	0.0226678777955715	0.00844878727832069	0.00101971418787487	0.00273625466288272	0.000822557021416806
0.000171186771513998	0.0108545544516192	0.000819661136411688	0.947572159923298	0.0248313523179495	0.0085742126856958	0.000959839460676057	0.00107157164617006	0.00514546160666516
2.48287702338274e-05	0.000801419962859109	0.000664233737215445	0.962494564503374	0.0125404307957563	0.0105301112973322	0.00013220748297013	0.00468447483118082	0.00812772861907811
0.000387030677017569	0.000249757343582487	0.00451700827822358	0.96036348359254	0.0110482180281165	0.0133771637445121	0.00016605319943847	0.00682611699412375	0.00306516814244576
5.73527004561008e-05	0.0284339397868325	0.000310038108751556	0.954239599564308	0.0101637441372709	0.00341041785331695	0.000481644715445493	0.0024608082962341	0.000442454837384029
0.000408062030925023	0.00994635287440545	0.000170356625248981	0.949521985831886	0.0281150916762153	0.00331791621520203	0.000619325111625158	0.00598006802559058	0.00192084160890144
0.000270998107260654	0.00889151901398795	0.00101065598951982	0.964912562362311	0.00935993232409008	0.00799084964577818	0.0015485092404506	0.000205749366495269	0.00580922395010647
0.000843278232824216	0.000242097637756923	0.0030399739763625	0.951823128063496	0.0284989500590786	0.00799741688875695	5.1387786016393e-06	0.000991994131155164	0.00655802223196781
0.00151036521015241	0.00118921159029549	0.00238515483241356	0.955869536216724	0.0198282490057948	0.0171580435143687	0.00114996331960333	0.000236781614754995	0.000672694695892985
4.20321219481875e-05	0.0212907464096947	0.00193829822762964	0.9597619319984	0.0103331770423818	0.00260493484910367	5.853047332043e-05	0.00192270149258675	0.00204764738493525
8.78651678467054e-05	0.00887951776055812	0.00108982521547449	0.951418054808237	0.0219980591478785	0.00980826505245458	0.00090290104347861	0.00433623859582444	0.0014792732082474
0.00255157255941247	0.00577797221961935	9.17378049933286e-05	0.961328105253065	0.0117838782990505	0.0139194440481349	0.000356474296347346	0.00339904096028195	0.000791774559094714
0.000101200436054231	0.000743508798305143	0.00106146327050806	0.952985961687005	0.023775844362852	0.0153798325074744	0.000252148375767605	0.000197536809197948	0.00550250375283522
0.000116614386898576	0.00912216043022058	0.00153350001314636	0.968946525222014	0.00681216776200817	0.0129844492643535	0.000145972266164485	0.000160007312450405	0.00017860334274388
0.0015164200273718	0.00149486161644677	0.000551862752238668	0.950638633841247	0.0262685601745659	0.0112280983142194	0.00132093679053207	0.00671151234352662	0.000269114139851491
4.25266995482311e-05	0.00122677303594509	0.00024789859411878	0.971405897942075	0.00705038246115324	0.0145801119647877	5.32915894773837e-05	0.000515855411419944	0.00487726230147476
3.76986452793791e-05	0.000664008764913507	0.0006203170412986	0.964537232965353	0.00924023270728493	0.0238833881989553	0.000572725017029531	0.00034842661359731	9.59700462887657e-05
0.00109143825889118	0.00215528006863344	0.000903956090601919	0.957510818275795	0.0206009565039052	0.0115633054633923	3.42607708796272e-05	0.00252708912434036	0.00361289544356069
1.28508386199766e-05	0.00935212441646486	0.00018190430546565	0.955217085264227	0.00822938970965038	0.0253643176972638	0.00119289221636947	0.000381430280737665	6.80052712013354e-05
0.00179748926345426	0.00492494087804593	0.00177471929571295	0.949314382097766	0.0240193962250736	0.00174110105805324	0.00143933743356057	0.0120399239428425	0.00294870980549103
0.000834062240025448	0.00136413732485504	0.000851421275070584	0.967496665147843	0.0134120289597362	0.00735801211573065	0.000208200330646109	0.00549927432423973	0.00297619828185283
0.00854401067643587	0.00917064706123319	0.000939748282434897	0.942343292931359	0.0318378615354111	0.00647951211037478	1.69823828371003e-05	0.000613696217934163	5.42488019803169e-05
0.00315884712033112	0.0186846102356872	0.000490378636157353	0.953488732474161	0.0138732110310448	0.000796543186126023	0.000964794603103485	0.00829769007105263	0.000245192642336537
5.45805530969806e-05	0.00338062446417429	0.00085964631580152	0.960437670255183	0.0182791867602347	0.00890572214940892	0.000957485800884867	0.0070422774325319	8.28062686834604e-05
0.0100652040139835	0.0234234298792619	0.000573031846532653	0.945333265302175	0.0152855488659665	0.000650182061853759	0.000200263602698725	0.00339700079869938	0.0010720736288281
0.00199219654897949	0.000226403888831679	0.00234143433792027	0.959716240705175	0.0145657495753427	0.0107102371743782	0.000719243886885791	0.00939052436074015	0.00033796952174707
1.09963431184448e-05	0.00025650488864622	0.000531933026775862	0.955363971675662	0.0160305266782484	0.0241258960183085	0.000300290332853807	0.00334915386828748	3.07271680997559e-05
0.00282581193372873	0.00134394477079959	0.00274311795494988	0.964283755718668	0.0118966663436068	0.0147062658053405	0.000647483162191388	0.000169803539691598	0.00138315077102315
0.000136240118592585	0.00651125285721875	0.00298449486788695	0.954803746159312	0.0298932060773553	0.00325175782948101	0.000163928262865922	0.00224195339745685	1.34204298310432e-05
3.65009790410912e-05	0.00192269782654152	0.000182527636136385	0.946187487097902	0.0320632662401778	0.00974380880609103	0.000476998093427051	0.0087944532035501	0.000592260117132689
3.98627174059873e-05	0.00398382098572161	0.00119181308996693	0.96010667446866	0.0112794704412195	0.0172341312096254	0.00169242442178773	0.000698139444936134	0.00377366322067698
0.000345536142822518	0.00770519137558436	0.000594852945028132	0.958992547557663	0.0188578418392414	0.0125726317656506	5.01762164526345e-05	0.000517076914143704	0.000364145243414073
0.000150071928469982	0.000249079481770694	0.000156688222852747	0.960870710012172	0.0118549039852174	0.023427223495495	0.000698001846260111	0.00200940435331581	0.000583916674446426
3.51423278450895e-05	0.00226380076549382	0.00104394063518704	0.950074987133432	0.0260848923396273	0.0183132805591393	0.000445384603817679	0.00153062027842015	0.000207951357037243
3.68956819883895e-05	0.000426750626725947	0.00111862308816049	0.962963505060861	0.0176571489576334	0.00560350177748008	0.00078578791005732	0.0102399588418789	0.00116782805521486
0.00173607362969957	0.00594622798124146	0.000185084647240248	0.961019377664337	0.0147370169799865	0.00897820992222837	0.000174380085396184	0.00189669758732172	0.00532693150254849
0.00112903722370377	0.0397306848988886	0.00181510025102505	0.937994597598668	0.00923637383138603	0.000704112893194428	0.00553648796914735	0.00349348873266122	0.000360116601326017
2.08471788752091e-05	0.00513606414559503	0.00234486800914749	0.964829065181011	0.00646850077624595	0.0196993452555704	0.00111991466421146	0.000308267809297513	7.31269800462978e-05
0.000107011581796754	0.00412402816916939	0.000834850546369947	0.95846313965146	0.0183420258936921	0.0101825255135695	0.00043488021197014	0.00700650785189787	0.000505030580074624
0.000208201281632419	0.0205530096027776	0.000519060629111036	0.950947531804779	0.0188868483621695	0.00483440039101829	0.00130394092332316	0.000249552474586294	0.00249745453060235
5.81609393725726e-05	0.00472645735729564	0.00048067077143629	0.95693312801446	0.0125171247226077	0.0171512068541907	0.000158418907754297	0.00733172775320486	0.000643104679677911
0.00179003331662788	0.00465975711618814	0.000111710336999635	0.960982908048927	0.0134852724459596	0.0134364212820144	0.000477117141018163	0.00311079459163611	0.00194598572062856
1.90174039129346e-05	0.000628172491998859	0.00176005806367038	0.956285127684335	0.0207632747375399	0.00216605835060977	0.000701491093079746	0.00989342420023821	0.00778337597461548
0.00128823637196582	0.00986918868126192	0.00173985825930123	0.963657473572144	0.0133705280999491	0.00888006092628544	0.000676887427286979	0.000318191844903845	0.000199574816901734
0.000738521804404993	0.000218637849467454	0.00200195604565137	0.942244546364351	0.0362224337185732	0.0156473966876884	0.00112108173598067	0.00127650073385286	0.000528925060030454
0.00105592444970664	0.00097190453937827	0.00162750568662917	0.957279949921224	0.0160660207531121	0.00128693815569817	0.00125957624568494	0.0201580362364518	0.000294144012114819
0.0145468237158234	0.01216160677982	0.000341612981386734	0.943701599748436	0.0184616284622823	0.00925122706274123	0.000584651812687888	0.000262842031237735	0.000688007405584705
0.000482971067588761	8.38986965283494e-05	0.00132072429613883	0.950602071479681	0.0248549570752227	0.0205582622703177	0.000342516187847278	0.00173061505057982	2.39838760952967e-05
6.91763232415166e-05	0.000396650361687774	0.000550106129148735	0.954504828986387	0.0240587474856277	0.0062954681577464	0.000243262175079724	0.012047910951397	0.00183384942968465
2.3958115487221e-05	0.0011912027415167	0.00810614621640338	0.943009704717434	0.0103039715674695	0.000251671394343247	0.00399878185477819	0.0328330025447934	0.000281560847774729
0.00150084421706971	0.0197626831662404	0.000541575677166465	0.956733004122913	0.0146273527105322	0.000429105705349517	0.00134736244939143	0.00333538841027433	0.00172268354106334
1.08880703415336e-05	0.00144830068999433	0.00224619947247513	0.965154566787623	0.0156190429470905	0.00819829595542349	0.000711356490942075	0.00658275713563458	2.859245047524e-05
1.93014958223097e-05	0.000615905040939148	0.0018066394910085	0.958552448679438	0.0169782470816917	0.0148604594401499	0.000568761453343443	0.00597024927050761	0.000627988047099338
0.000173597362197213	0.0152822838190729	7.17553102793374e-05	0.966668892869608	0.00956689024540394	0.0049576324019274	0.000570631662171174	0.00263668637738644	7.16299519534593e-05
0.00526821484846012	0.0120435734263167	0.00188989774584311	0.959978432225223	0.0115638611208382	0.00703724486729778	0.000881580802329611	0.000627137693389201	0.000710057270301903
0.00105904364351134	0.000601218357804808	0.00098452261069243	0.97009035579586	0.00923843150881284	0.0136585208557119	2.27612877240185e-05	0.00051029128915338	0.00383485465072871
0.000451163701319518	0.000152384246275081	0.000679632775043183	0.948532145305366	0.0197177058973424	0.019392932299329	0.000212045183068734	0.0105868578305203	0.000275132761735995
0.00340546370022558	0.000240219610539854	0.0012191283424232	0.939902576171179	0.0276534865881751	0.011428980148562	5.21863941962982e-05	0.00912042292157018	0.00697753612312915
0.00407549578888497	0.00125909141426534	0.000468008675676148	0.963295699048518	0.0120462106802102	0.0154628856252003	9.41951201536718e-05	0.00324808161300082	5.03320340909549e-05
8.65384283291807e-06	0.000438830479605865	0.0016611788123874	0.970851667631529	0.0124048513405996	0.00397611430812825	5.11571003435901e-05	0.0105679197379302	3.96267466433178e-05
0.0128861305769859	0.0031408250104112	0.000461020798769059	0.95579658109627	0.0133499081437944	0.0124902355102664	0.000350983659894968	0.00127453563800008	0.000249779565608352
0.00190861063299951	0.00703391132473344	0.00409565767842749	0.955289481689122	0.021306387832055	0.0033021257618518	0.000312465659325658	0.00548452737802169	0.00126683204346376
0.00237170872596575	0.00123818102682591	0.00660745682000147	0.961190903448802	0.0164464648537377	0.00310824643565293	0.00155129868673321	0.00747382364526374	1.19163570174471e-05
3.84118836275264e-05	0.00140458713392726	0.00178289466683314	0.957512211182485	0.0152958458495773	0.0171469633995432	0.000680774073836579	0.000498060252080002	0.00564025155809007
0.00030317563637922	0.0222418485419984	0.00151138747328815	0.959883697188203	0.0105732839350375	0.000938469124950982	0.00123218247878834	0.00327296991295281	4.29857084011496e-05
0.000135580488503478	0.00175625157002792	0.000380697647798184	0.961046747962829	0.0143735758438908	0.017926070842184	0.000912418297121578	0.000357656981987455	0.00311100036565806
0.000117438598518212	0.000136915003588602	0.00339147334864044	0.964640140878913	0.0128525629172861	0.0100420345493284	5.74295069800282e-05	0.00870333414396316	5.86710527821736e-05
0.000478997600985929	0.000443795415531842	0.00243555661959397	0.962776656980489	0.0142039248015813	0.00670867293418688	0.000309387960929357	0.00974038513295085	0.00290262255375124
2.80091779872225e-05	0.00865441960539702	0.000420717962698999	0.960132195626538	0.0122260145632226	0.0168509172900094	4.13597995280133e-06	0.000719245087941673	0.000964344706252391
0.000416546612463901	0.00635631613798939	0.0204046938652099	0.936953966824145	0.0204745631270515	0.000453044429195676	0.000586279447858628	0.0141226853573723	0.000231904198713483
6.78989379547336e-05	0.0132454403408635	0.000616256458124916	0.953935851688306	0.0115953009519165	0.0107227053564987	0.000737603010684957	0.00463735338543528	0.00444158987021529
2.15553742186599e-05	0.00156345706640659	0.00622880129583499	0.963066204462627	0.0144847461091851	0.00223248577441939	0.000378468301325693	0.0118259974402985	0.000198284175683727
0.00299810075820601	0.000842613705388379	0.000365710780227907	0.953420138247682	0.0218020613368768	0.0184687834377368	0.000735489568541475	0.000614855980322423	0.000752246185018293
0.00221245636867701	0.00515158647700025	0.000403670188120097	0.960410365645528	0.0195705550983851	0.00902026020784878	0.000284014276110386	0.000817996771053069	0.00212909496727762
0.0062218593288211	0.00105321225416313	0.00428819452337779	0.959434071334638	0.0137567693318718	0.00914107498825966	0.000131489051478317	0.0029404339291785	0.0030328952582121
0.0133461649674169	0.00068649340611722	0.000843483979520467	0.948678839141258	0.0142000394847826	0.019038664449559	0.000301334048148194	0.00278718802826829	0.000117792494929839
1.32424470117411e-05	0.0141800638567832	7.12125564830228e-05	0.963671801888873	0.018512386343531	0.00212798813512002	0.000880381643078671	0.000511604972304522	3.13181568152965e-05
0.000206011859677342	0.00102095467154361	0.000647484871679781	0.94974051291877	0.020237551225883	0.0182541370420117	0.00127039360154066	0.0057830501335305	0.00283990367536304
0.000257151929370064	0.000268282622526177	0.00126059006982877	0.951933808085756	0.0138163325525863	0.0251647086702088	0.000663892980305099	0.000333942967925027	0.006301290121494
0.000143271033070886	0.00171620710358151	0.00130481628611624	0.959056757597275	0.0164281418097265	0.0205395839989403	0.000650342366647645	0.000120589942022156	4.02898626196332e-05
2.58757386118139e-05	0.00203745478263106	0.000607732273086957	0.958039821114378	0.0200350912360073	0.0174879231726832	0.000278134822968926	0.00075639769681761	0.000731569162815462
0.000874437239930597	0.0144830229128122	0.00158141891025445	0.955344551133436	0.0113183463527354	0.00359238769792895	0.00173842294187381	0.00372219548117	0.00734521732985857
0.00427962953709471	0.000575482515688994	0.0011181833543975	0.941715195409922	0.0236439662090914	0.0218202190104714	0.000836999838179211	0.000107432178298429	0.00590289194685614
0.000918543165435697	0.00127503274859081	0.000244672397832732	0.958914536761122	0.00989116496321297	0.0216834010533047	0.00138630377704869	0.00359843739640249	0.00208790773704967
1.17398377893922e-05	0.0125402849177805	0.000822704354651027	0.953131537441176	0.0203685125658343	0.0124553835627555	0.000528348328452977	0.0001179191697592	2.3569821801403e-05
1.53333997412258e-05	0.000609218003514201	0.000101645145684481	0.954609057643885	0.0209004775620568	0.0142182567079014	0.000231554651897708	0.00771188072814889	0.00160257615716989
0.000402699880598058	0.000603911329510021	0.00166359784184949	0.965224523430242	0.0131040468848645	0.0142434536427795	0.000265919293723682	0.000226442355037869	0.00426540534139527
2.97939231063276e-05	0.000102775490473076	0.000670063345730726	0.951572058032401	0.0269437489044361	0.0147509985016971	0.000237476930413104	0.000232804640192371	0.00546028023154988
0.000396828810652569	0.00043675741874321	0.00211764855714828	0.964674130090451	0.0147512359147322	0.00929768799595963	0.00074317565684943	0.00755550849685701	2.70270586064924e-05
3.52574383767271e-05	0.00483845261997454	0.000972666006956459	0.951689168101964	0.0272096928663794	0.0109913680325758	0.000239731254636739	0.000152480492894114	0.00387118318624203
0.000187309125468198	0.00143851146639128	0.000151144389525663	0.967051942265786	0.0137285751973888	0.00817966257210713	1.30877151259357e-05	0.000342551303546519	0.00890721596465994
0.00469187699876475	0.000147827481108612	0.000230833665864405	0.955713712695501	0.0148649889831707	0.0224260804477404	5.60529862796055e-05	0.000963153425955113	0.000905473315615295
0.00434121813447896	0.000307810565613612	2.18961503649309e-05	0.940442390249726	0.0221572540343023	0.0151941636017595	7.62180271321528e-05	0.00784953086655633	0.00960951837006603
0.000275238207223724	0.00034504387737356	0.00058956370778413	0.962439309349358	0.0143757914419676	0.0149277648596011	7.71329256917985e-06	0.00662831490569899	0.000411260358423182
3.5381111622357e-05	0.00864761075223239	0.00222916574460024	0.953626666907829	0.0199543698050195	0.0101711614114339	0.000403389777601902	0.00271039065320434	0.00222186383645661
5.26472860559956e-05	0.00378834925565388	0.00170140221490065	0.968813518327806	0.0105575750089276	0.0138289871556175	0.000352600414691546	0.000248224505948364	0.000656695830398602
0.00132945956600009	0.0248962226471151	0.00108239638510055	0.95115869935317	0.0142573600294447	0.0030616988770348	0.00275446580142908	0.00114864664820708	0.000311050692498749
0.000268545984169841	0.0181655055369264	0.000215155633196605	0.95703719885547	0.0121866996836911	0.0117671170342229	6.26064256229225e-05	0.000254466890183346	4.27039565167686e-05
5.44260844866309e-05	0.000438130098632853	0.000141130426946546	0.969166004458271	0.00910668674075795	0.0183748173064606	6.30578292797517e-05	0.000180904764929953	0.00247484229023433
1.14588229247239e-05	0.0123692287803749	0.000231837678093506	0.957857237015637	0.00684570242335208	0.0120519886919504	0.000928079497836409	0.00112623187246748	0.00857823521736319
8.93663191118457e-05	0.000616112400583435	0.00280962210679551	0.965937682324244	0.00990529556486711	0.0171274683645592	0.000382168093267128	0.00161514727989604	0.00151713754667491
0.000882818191191353	0.0002654502311399	0.000578928029619781	0.958674083555805	0.0303066051021549	0.00297744947097168	4.79351192419714e-05	0.00613286583089058	0.000133864468984679
0.00545166814071659	0.000232539990805148	0.00235411227188917	0.949511221833704	0.0214071445077822	0.0168414613262033	0.000779832493599459	0.00249469320127232	0.000927326234028026
3.51814512484938e-05	0.00815238940847304	0.00067383327704929	0.957002093007799	0.0104534183908269	0.0224104679082811	0.000181450267065672	0.00097381160622434	0.000117354683032026
0.00327043015678859	0.000367979150951342	0.000850626148551448	0.959548442355364	0.0138804630673647	0.0164375285820201	0.00062614035184589	0.00367198124921664	0.0013464089378968
0.00151622279920347	0.00715612891463258	0.00185860265792413	0.936006558851993	0.0411605359795935	0.00122213618395239	0.00169556059779888	0.00663634664557092	0.00274790736933119
3.88740111124058e-05	0.0297984014249046	0.000233117337267189	0.955361909240035	0.0105579228639394	0.00213080442764901	0.00146465781850217	0.000139381250088083	0.000274931626502371
7.10417268884508e-05	0.0106822647387304	0.00151761214773206	0.961564839288121	0.0187674294809971	0.00628297676797237	0.000381083130928288	0.000423593040922409	0.000309159677707248
9.11540300702607e-05	0.00425117624302331	0.00337569986688579	0.949386049726707	0.0252980199066618	0.00251739761457175	0.000999330930458214	0.0138616184298173	0.000219553251804081
1.82763329920431e-05	0.035174779146852	0.000166357852704283	0.944019120026658	0.0104420390753412	0.00135901276284023	0.000268575456748432	0.000456767531533158	0.00809507181433079
0.000594994852161777	0.00525874963373994	0.000270157074754615	0.950464473910825	0.0200664968458837	0.017956605627492	0.00019168815676373	0.00151454817761004	0.00368228572076894
7.71829104240619e-05	0.000152080054624853	0.000154112701005942	0.964378984243952	0.0244442093088544	0.00413920181026702	7.0469191187599e-05	0.00644637739948957	0.000137382380194135
0.000666182746851182	0.00233426089375294	0.000597713802794036	0.966926279034701	0.00945198236873603	0.0151341913314644	0.000122965753792588	0.0012149190163501	0.00355150505155818
0.00310742412666286	0.00811356410125415	7.11349943064671e-05	0.961715458780785	0.00988645958579348	0.00837698941703019	0.00059611054130342	0.000101087181434022	0.00803177127143013
1.803441745062e-05	0.0206389908554837	0.000336752182507879	0.95792812272151	0.0174610055498208	0.00204651603393047	0.00122970603135401	0.000148235734138276	0.000192636473804887
3.2929229562709e-05	0.000658421610244982	0.00176719017034657	0.956564080200898	0.0159051597161363	0.0124834081824565	0.00120235401829512	0.0111171972378057	0.000269259634254049
0.00264010512357211	0.0101907391868631	0.00148605146304748	0.959191100738539	0.00969142646801591	0.00115606303870225	0.00267795808253889	0.0128085836770358	0.000157972221685135
0.00165498569555917	0.0104043534852566	0.000556316753685402	0.958639997248981	0.0151269969357456	0.00622331765849996	0.00124424441028944	0.00465490085449489	0.00149488695748844
2.7921248937106e-05	0.000424188736394573	0.000925072197541147	0.959247246284983	0.0158040229294218	0.0195313410574692	0.000713818771814828	0.00258973636128184	0.000736652412156698
0.00102409759620978	0.0175141273172632	0.00122308277681399	0.957415079205102	0.0111411766684059	0.00206905251005563	0.000157398988903399	0.00267133957786132	0.00678464535938528
0.000103630792235081	0.0002868205450843	0.0042851940728276	0.978684813481039	0.00833288169600527	0.00591781295244149	6.52005518710112e-05	0.000622648661455549	0.00170099724704039
0.000273249180772309	0.0107795411774704	0.0130172368599982	0.942813411696109	0.015798448834355	0.00495054033822827	0.00162907891630019	0.010234248542112	0.000504244454654893
0.000144932302980637	0.00314529112042977	0.000384461864849564	0.956965412363773	0.0105535489719448	0.026006383243897	0.00048077023164384	0.000954246341640977	0.00136495355884027
0.000205622984302954	0.00108399577405608	0.000514202706430616	0.958684741270277	0.00823198630157415	0.0226489357486051	0.00070034015374326	0.000217963911468178	0.00771221114954267
0.000506560310751514	0.000341725639757566	0.000593599180843139	0.969296800732839	0.0125647426517519	0.0078133386094037	8.07726859171592e-05	0.00845827122343689	0.000344188965299127
0.000749211244618084	0.00035804009996624	0.000184558339173905	0.967249637324981	0.0152344732359464	0.0148747003084285	4.33128820220157e-06	0.000583431459450175	0.000761616699233212
3.12324530263749e-05	9.72258497840997e-05	0.00276935181986233	0.962534133572194	0.019078498393686	0.0121318006364317	0.00102514166772384	0.00226983156303281	6.27840442590934e-05
1.28182051904863e-05	0.00952583595883148	0.000548403521093212	0.962399851582518	0.0179631444659678	0.00194114894221208	0.000623686475493013	0.00661019320474019	0.000374917643953636
0.000159881083946302	0.000991020292995511	0.0016486178232702	0.963200897094168	0.0110805241703621	0.0130635884235173	0.00107032477409265	0.00869451404714587	9.06322905024764e-05
0.000268221878616359	0.000190497995696592	0.000261803742239704	0.969249011846697	0.0132502724980928	0.0153996144957884	0.000796442523765038	0.000525152231732908	5.89827873710884e-05
1.62110253613365e-05	0.00557197693370502	0.000512520088261135	0.958201337662189	0.00579282145054909	0.0189428528439161	0.00032363776201437	0.00111299383951622	0.00952564839448764
0.000121184760962355	0.00418628329066513	0.000800076080830292	0.964178782963788	0.0121205536097946	0.0126626292744051	5.69592916440275e-05	0.00582899794881453	4.45327790965135e-05
1.29147493947803e-05	0.000577207967466907	0.00213378107029741	0.954074145280783	0.0193597569470214	0.0102358757824275	0.000947219927491256	0.0111826457594625	0.00147645251565544
3.83438421775626e-05	0.0226220278175155	0.000893418723232888	0.944690828628972	0.0139818749598792	0.00316054265547684	0.0014295106692683	0.00602427247445114	0.00715918022902674
3.16534204063745e-05	0.00051741428296973	9.04507268310294e-05	0.966505027687293	0.0156755654983643	0.0143079118962832	0.00115055888221079	0.001592284616447	0.000129132989194396
