Bcells	CentralVeinEndothelialcells	Cholangiocytes	Hepatocytes	Kupffercells	LSECs	Mesothelialcells	PortalVeinEndothelialcells	Tcells
0.272929070573727	0.00118199958308885	0.000237461794728804	0.317109598028587	0.0326725121681235	0.0290417679498508	0.000275943022262073	0.000767428804416243	0.345784218075215
0.238896956421505	0.00515800731965779	0.00323680226941298	0.293688574218609	0.0681801366128283	0.00211339157255178	0.000974031393713067	0.000295104523563416	0.387456995668159
0.200644400251685	0.000732818604038472	0.00847968330352417	0.306655786734729	0.0903415728767231	0.0338949369387571	0.00112232932470092	0.00182352056136811	0.356304951404474
0.264483014559557	0.00395937283209782	0.000401493457060517	0.273024392969139	0.0765436275701336	0.0437946161089546	0.00717421522634511	0.000643788574086951	0.329975478702626
0.249298697199939	0.0255552631274014	0.000446480697622407	0.268896154121312	0.0583845144407363	0.0315222551701179	0.000821879072836057	0.000732519845636685	0.364342236324398
0.232070127636943	0.000830307568004358	0.00254792837056224	0.298219345459879	0.0442034978555424	0.0134603393499934	0.000120743629542082	0.00101878082340378	0.40752892930613
0.247715114197052	0.00100513973821232	0.000541678713811884	0.3151691330028	0.0184997138512173	0.00507628873092141	0.000132062254901825	0.000742713305364885	0.411118156205718
0.237932916629216	0.0167643939284804	0.000279279850366666	0.30425445546753	0.057859186629811	0.0113246250884975	0.0279177699697049	0.00177096105282822	0.341896411383566
0.257948449888001	0.00283238686080778	0.000370116344969361	0.274055146854567	0.111655907086091	0.0239229084277947	0.00149199000989134	0.0013860154455999	0.326337079082278
0.252639919778018	0.00903936778051454	0.00431660078562516	0.281138079829723	0.0895775614425377	0.0217671284657574	0.005114297924005	0.000672252132149721	0.33573479186167
0.185812092847573	0.000833920868818877	0.01043625946047	0.275566566235975	0.116319634378642	0.0250028679045658	0.000865809329660586	0.00246955970605622	0.382693289268239
0.198815698993593	0.00101265146555166	0.023539767981962	0.308201044620949	0.0296852688331554	0.00154798840498632	0.000454761957897651	0.0107337677280516	0.426009050013853
0.263072193562343	0.000967040064282596	0.000384110305884246	0.282587020123014	0.0679461232430296	0.0301952139388887	0.000302665617588716	0.000826847544303539	0.353718785600665
0.195210788307933	0.000977786601335239	0.138868734775852	0.253395386541277	0.0456335125058226	0.0007571290648087	0.0206657276847365	0.0282852089967825	0.316205725521453
0.182857771005817	0.00183298909911245	0.00961392357071484	0.304500897000636	0.137844482990999	0.0131104348221809	0.000230018655346684	0.0184997535587918	0.331509729296401
0.208375277540938	0.00399864780250621	0.00455329627244133	0.330905244438293	0.0397101824502115	0.0138384715635677	0.00839480366198017	0.00137733669287303	0.388846739577189
0.23317880748171	0.000381069517880077	0.0529723240676938	0.304590249157689	0.0408205636513313	0.0078057875918553	0.0162131515792408	0.00134878957404982	0.342689257378551
0.233349653500507	0.00060727667926584	0.00027974240639785	0.307198757227147	0.0607424654659289	0.0446104647183612	0.000136883560043261	0.00125962100655757	0.351815135435791
0.255314245609517	0.000316537796320917	0.000334580759492523	0.278981461650931	0.11640963159585	0.00534101311092954	0.000477407357353988	0.000862722556412371	0.341962399563193
0.232999122569503	0.000787260217616643	0.00377235262310855	0.235377396753065	0.13739929202928	0.012336811794373	0.00011337230481272	0.000750160814654293	0.376464230893587
0.184387318245673	0.00129540835177433	0.00541171862735708	0.298920210735318	0.13824435962175	0.0140982971444987	0.000176802432124654	0.000403993887589575	0.357061890953914
0.210940715891675	0.0322820058598701	0.000301510338602624	0.310311659407984	0.023740064113504	0.00520012139944753	0.00022818716285435	0.0010333541592645	0.415962381666798
0.170217903664804	0.000923350645373736	0.000975886206457145	0.331022070755487	0.02640736780766	0.0151892173734988	0.000101626884859829	0.000579385153897503	0.454583191507962
0.204007728755487	0.000277707001933172	0.000418876695027764	0.30507658243476	0.0486811865637203	0.0161180591351957	6.68275133622676e-05	0.000318283127280722	0.425034748773233
0.15796380370522	0.000634407264347228	0.000282552392814547	0.331754988731151	0.0800258022832121	0.0299561444540862	0.00717858850158853	0.000321108430835667	0.391882604236745
0.255859578284556	0.00415470458575324	0.000465417808425334	0.275271345243957	0.0692447619176621	0.035142377874208	0.000867616461988727	0.012854461968295	0.346139735855155
0.206754980957364	0.00329989064529689	0.00126114509811111	0.299353713054544	0.0655941397583765	0.0209359702282097	0.00089572414125706	0.00145201394255503	0.400452422174286
0.237693601194098	0.001814651168853	0.00172994796629072	0.339098668252032	0.0367528593883725	0.0165726845120431	0.001853746255404	0.00133734893241325	0.363146492330494
0.258618168061266	0.00558622939231554	0.00030239813102565	0.278159347540338	0.0732224920154096	0.0164519598394935	0.00161031507638501	0.000552312683554803	0.365496777260212
0.18786720285369	0.000869077341708307	0.00172495668640082	0.276496493964526	0.168550078700217	0.00885741916547227	0.000284603992380141	0.016301951984045	0.339048215311561
0.193229622940693	0.0600005102266108	0.00183977704399092	0.315370791345753	0.0290706056057722	0.00315981450226651	0.00131707428146749	0.00267630945880937	0.393335494594637
0.252408570082286	0.00234777870604427	0.00120062145466526	0.271450914701583	0.0654809189979289	0.0276264170083273	0.00146144262909507	0.000430325871099009	0.377593010548971
0.213390778019784	0.00109571797165698	0.000610663425010656	0.273469880918378	0.100295122207383	0.02445675717181	0.0027466619807151	0.00254833574196226	0.381386082563299
0.26893954950631	0.0126193288910884	0.000884934917942494	0.259488178690468	0.0491075695311033	0.0126576107472357	0.00390100886149027	0.00284884227658063	0.389552976577781
0.248234509034998	0.0152126372253981	0.00119432041730422	0.275718581988431	0.0559720524335665	0.0274178975874779	0.0119982753869605	0.00430518007957119	0.359946545846293
0.239502280994315	0.000718083907323682	0.000343732555749431	0.295373438801424	0.0752385349005518	0.0178369345471393	0.000122307464814006	0.000668763650879741	0.370195923177803
0.217518856532511	0.00282157308180326	0.000564215856276158	0.247864971880878	0.170487655524042	0.0212090781393358	0.00317887341213284	0.0011816665906318	0.335173108982388
0.18404073174741	0.0173929012738783	0.00148979148121533	0.290897698113271	0.0703886592465257	0.0215931399061571	0.00121860259159715	0.00180893238238428	0.411169543257562
0.245965381005994	0.00687280932668569	0.00085196226637934	0.257411344870933	0.149867288934842	0.00973572275079546	0.000404377207000026	0.00111919793644884	0.327771915700921
0.239283785789141	0.00373250708295962	0.000417802870942187	0.276514976497111	0.0898565657148039	0.00296670264233114	0.00175631166363418	0.000670013266455226	0.384801334472621
0.238952388720949	0.00969236114567238	0.0399222200041685	0.258768402363174	0.0747960821274474	0.00364507030204248	0.0545903879010205	0.0745109901990434	0.245122097236482
0.207037786650758	0.000795552931597383	0.000185271608378013	0.292328156006362	0.101717385670501	0.00530933927975584	0.000164517006904521	0.000469248249424024	0.391992742596319
0.219607057689748	0.00150044320777393	0.129670483267874	0.237210398774346	0.10012048241138	0.00287650697748772	0.0160243036223299	0.0119689848805978	0.281021339168463
0.224745955605455	0.000765966945022127	0.000325282195881319	0.27633032185191	0.0647477243926927	0.00580908628509895	0.000337253822437356	0.000970760528001495	0.425967648373501
0.215526128288721	0.00139629567786911	0.00134965928667695	0.316120493922999	0.0572491895570143	0.0113028455999565	0.0139130558027636	0.00302859718164785	0.380113734682351
0.206264965077736	0.00160511468314902	0.000413078571653179	0.31012479026417	0.0869517153469093	0.0209958158795052	0.000134590673184665	0.00135549635421135	0.372154433149481
0.245802851744094	0.00212733020142567	0.000462858848110282	0.311297068801222	0.0289653810287255	0.0036931942145654	0.000350184764460789	0.00411660579064177	0.403184524606755
0.218494831193849	0.00360346611314858	0.00139765533423215	0.28245351380835	0.110339576112569	0.0219767445407188	0.0199309316995215	0.0025838119577576	0.339219469239853
0.20262931626626	0.00284552251663643	0.00124140266589874	0.3155314046032	0.0984963766945706	0.00565792391922204	0.000877015923321998	0.00161887332830189	0.371102164082588
0.181650158722205	0.00168409164669544	0.0411026876714577	0.285618380920599	0.0729082323498349	0.0029870734440472	0.00706072062490683	0.037804161707664	0.369184492912589
0.275617535274641	0.0016201655714719	0.00195443935400155	0.279984863330682	0.0333112557765432	0.0146447161569692	0.00845568055629816	0.000907461484221004	0.383503882495173
0.213824689049795	0.00366869323657235	0.000353778299724955	0.325289709650322	0.0602292146076326	0.0216244449864992	0.0017891799004852	0.00220990921768769	0.371010381051281
0.278972389454636	0.00712553473370926	0.0561106569961145	0.229244196414653	0.0432335235304651	0.00607686359021961	0.0534513103190069	0.0418543970910253	0.283931127870171
0.253084294234042	0.000421362607196039	0.00171554119757797	0.300251031449406	0.0851498737970701	0.0157635979777298	0.000174244332268709	0.000859565381437091	0.342580489023272
0.197506503692946	0.00807262691640019	0.000258711126678102	0.30443766641947	0.0204170082731934	0.0240014553928652	0.00737242240835382	0.00124363550066214	0.436689970269431
0.172190353356425	0.00272065529847131	0.0142446723699741	0.34866245676807	0.0972974792778163	0.0129566634593084	0.00012812327702124	0.000957128493405149	0.350842467699508
0.205854640756619	0.0182042289186075	0.00135275996813979	0.305568787354797	0.0846908865808193	0.00491236557540221	0.000125388987986897	0.000475213637622293	0.378815728220006
0.197243645513414	0.00266064699442355	0.0125078103276899	0.310412281267706	0.111996255223074	0.00156942430531771	0.0028859712569976	0.00578254630775902	0.354941418803618
0.200050316145019	0.00248198551054918	0.00179436818469021	0.303944401205811	0.115685918178216	0.0123010103172611	0.00339456166548148	0.0180557856889098	0.342291653104063
0.243335189325458	0.00313193798160185	0.000656047418741421	0.295283250045853	0.0341150089503761	0.0145825386145778	0.00354684613999894	0.0107427963902455	0.394606385133147
0.228114842741571	0.0158788981412052	0.000420807056300018	0.302670132477756	0.051377032929725	0.0217468985520727	0.000668864250718153	0.000416850563990191	0.378705673286662
0.228024972279852	0.00111803816204254	0.0038900495135231	0.276887108253559	0.0841176008534251	0.0185264820118098	0.000339445011123998	0.000698817144419995	0.386397486770245
0.186742616400503	0.00146362883754634	0.00935237057741495	0.285377184455018	0.10987224604933	0.00936294681363955	0.000304645194074068	0.00988148923828483	0.387642872434189
0.255672336067553	0.0004183046212649	0.000540396106026212	0.312955357469867	0.0499805235973564	0.0317245923942163	0.00321984641693693	0.000218896832224946	0.345269746494554
0.177348638774261	0.00168891831491461	0.000990731840907312	0.302404432595501	0.0768274454681759	0.0214708184864249	0.00175877734696783	0.00128071398837587	0.416229523184471
0.23756310513358	0.00724724075871225	0.000442954578683818	0.305064631147411	0.0519054868989677	0.00649336148223177	0.0157898365066481	0.000655111939944715	0.37483827155382
0.238770549857158	0.03395729456669	0.00571730708658406	0.338814085010195	0.0252382170008768	0.00576511887662924	0.00371043382686985	0.00167452246702216	0.346352471307975
0.236915981268002	0.00170574730793227	0.000483291203553853	0.294040647732483	0.0570466718541723	0.00897855655319423	0.000421940659291894	0.00192505517102723	0.398482108250343
0.229324137903567	0.000828585266001408	0.0228641171200711	0.290530866161722	0.0564087593572072	0.0175472411822827	0.0070766842966486	0.00312790148408731	0.372291707228413
0.189274778134913	0.00403164465167808	0.000396814273790734	0.315855305597815	0.0749862903747822	0.00820619055487139	0.00233061899531955	0.0037015696732281	0.401216787743603
0.255654743259854	0.00215628979123512	0.00086130840427411	0.291551579726324	0.0593882026786324	0.00787270936813274	0.000255216799276433	0.00922687110213985	0.373033078870132
0.253837859367971	0.00186898238026398	0.000232164981208477	0.325004292805294	0.061594511391468	0.00203308251932672	0.000146644136673832	0.000252578221204978	0.355029884196588
0.20195657519281	0.00305806953499099	0.000949341923352566	0.28578722147497	0.101590621754339	0.0105978486557711	0.00474001416955629	0.00136124163839286	0.389959065655818
0.192486395526637	0.00114990018477006	0.0247809190351893	0.32278103311032	0.0911763599326363	0.00565769163429765	0.000531205936872143	0.00386415753189385	0.357572337107384
0.243661027687217	0.00378035837987613	0.000631814822239566	0.318810292783172	0.0295571014993144	0.0243493817604215	0.00319094718636678	0.00411370160183425	0.371905374279558
0.242417351718396	0.00244881279890637	0.000962441346212715	0.28713512499664	0.0768541783013587	0.0248857286512754	0.000465665368924848	0.0207119843725173	0.344118712445768
0.288876066757472	0.0373984579554226	0.124428841180089	0.198277279179885	0.0771939983917815	0.00272335866576238	0.052868270802696	0.0517493781441157	0.166484348922775
0.187147385839149	0.00144654274339439	0.000576694426671622	0.306779573653679	0.0764278514702674	0.00592824801669696	0.000252696130098235	0.000784315928248008	0.420656691791795
0.181746770541635	0.000843677965344635	0.00619238347485172	0.285112396697167	0.136611257868287	0.0112026906643145	0.00101887454563291	0.0135008115440583	0.363771136698709
0.244315989962903	0.000999684244135678	0.000590430454039279	0.276451279987893	0.0803302014793578	0.0131627926696727	0.00235551474550073	0.000492252732680114	0.381301853723817
0.225448317952899	0.00135027695683861	0.000383695168845104	0.307592548596838	0.0935563445146526	0.0184252533182248	0.00850830933211344	0.000753537186527276	0.343981716973061
0.223319133679474	0.00660955019033217	0.000476288331449267	0.361720158041086	0.0340556825212887	0.00776254105059279	0.00053985817159733	0.00126249638753627	0.364254291626644
0.231143219825408	0.00763394130696478	0.000745555027317807	0.323379640004872	0.0409148993237997	0.0286807375436741	0.00224275054486909	0.00548214254424245	0.359777113878852
0.202147075300611	0.000801903755930538	0.00034186261570986	0.323026240737045	0.0441472517872463	0.0252992040836601	0.00224597376382626	0.00166041243929309	0.400330075516678
0.261588300552534	0.00094250098228213	0.000387702289682117	0.279809781792839	0.051010119939224	0.00289533192569766	0.000106756183264693	0.00061340425147898	0.402646102082997
0.227803584543967	0.000862045867792137	0.00306658223218205	0.29807552169851	0.0559309711546249	0.0109737192555066	0.00559627695186331	0.00127257530904953	0.396418722986504
0.240162806850592	0.00434129275177685	0.00179896816699866	0.284818327814399	0.0619036471828115	0.0373022502194592	0.00323753955087687	0.0018944093764693	0.364540758086617
0.213728879996771	0.0402696088770328	0.00198661116669139	0.346567085147593	0.0150042879560661	0.00961134599091086	0.00513176379828308	0.00141723866990701	0.366283178396745
0.204778883230822	0.00398273946564737	0.000662368082630374	0.281211390290087	0.0995478904117014	0.0151719429455903	0.000692514795006658	0.0062568881143432	0.387695382664173
0.232837338871271	0.0019281392226629	0.00105804156580954	0.268304123169626	0.118017374997511	0.0174287592469993	0.00101231919825118	0.00367131853816818	0.355742585189701
0.212069028562275	0.00224442701244047	0.000665596902650912	0.310140625386077	0.0418141873870935	0.00291353579554717	0.000533117834029106	0.00493998218079822	0.424679498939089
0.241788092069782	0.000757134089346573	0.0166468610817174	0.287781351790514	0.0228520625490967	0.0125014982532898	0.00016977051647227	0.00548456996425581	0.412018659685525
0.191602641742138	0.0557045113577238	0.000447676941420985	0.32823589282985	0.0275118061781023	0.0101872897138579	0.00442579388194191	0.00141232563579839	0.380472061719166
0.199501093968091	0.0106796115362382	0.00138572995311809	0.26319232303318	0.124926270100268	0.00812411459307025	0.000368500161348281	0.00403603021437346	0.387786326440314
0.228003276456457	0.0171819703305719	0.00276257007577313	0.320282282021435	0.0317578080856221	0.00489809470503819	0.0108311590833002	0.000522944694681412	0.383759894547121
0.231283337446694	0.000313274478977081	0.00718275514251766	0.261238295910549	0.113224638083919	0.00166535770295768	0.000124923332562703	0.000433790728428181	0.384533627173394
0.21508933003573	0.000763958963054328	0.00993470267183171	0.302094886120504	0.104509585252816	0.0135441176829052	0.00294862849063754	0.00210951252539832	0.349005278257123
0.180386026138308	0.0140874673553063	0.00465705138978558	0.352483778311242	0.0295914503349208	0.00606643949633591	0.00148742698707304	0.0034402822010445	0.407800077785984
0.212222722676007	0.00700655045848248	0.00351307721536786	0.280903019751417	0.0902461550175348	0.00950673278516576	0.0032728108475829	0.003846670978745	0.389482260269698
0.222954922017475	0.00299027371407511	0.000240895404063269	0.299862942001774	0.0503869432649001	0.013794167891137	0.000203724009424643	0.00236590830268178	0.407200223394469
0.247657176488331	0.00108856743506855	0.00132306166778271	0.273617409899845	0.107671115537161	0.0132984978519186	0.000202385655886337	0.000993546467461419	0.354148238996544
0.213228756544939	0.013841169311599	0.00332948426523169	0.33839986740987	0.0254381980129708	0.0105156620798105	0.000246058614279615	0.000309667435059965	0.39469113632624
0.223036063725814	0.00320966026228158	0.000680253044716528	0.291562934910884	0.134462045849597	0.0236127690174735	0.00516168205469431	0.00214263213038255	0.316131959004156
0.265409779600952	0.0029348085334899	0.000202923361050413	0.315557666855801	0.0255205486941302	0.00387486967971504	0.000110463513544688	0.00113155044333069	0.385257389317986
0.267363579448433	0.00170770246521447	0.000336288469127826	0.287798623936533	0.0310350446853111	0.0349312660733136	0.000371917967321277	0.00123804037788868	0.375217536576857
0.236676408176496	0.00258768001170795	0.00234443947781631	0.264307713605453	0.0717169298848499	0.00884406653869566	8.81174677190982e-05	0.000606858148935847	0.412827786688326
0.196760745549833	0.0110221278064304	0.000302319386459051	0.327795288696871	0.0306042635471747	0.053209406168875	0.0107095377815027	0.00168923087074212	0.367907080192113
0.221151979046787	0.000901611504199732	0.000785274009032235	0.288390674562476	0.113775823302831	0.00524094611472618	0.00789280664232931	0.0117619121504409	0.350098972667178
0.215633683998553	0.00268779079283204	0.00300371414632195	0.320764410293299	0.0572978716827498	0.00294186172790338	0.000320910212758525	0.000914335156978145	0.396435421988604
0.174579899019668	0.000814961440309867	0.000462071134148949	0.292995973423859	0.17001522932409	0.0116365799967331	9.9797262857268e-05	0.000623759949630192	0.348771728448703
0.270407223072397	0.0264478666136778	0.000454785289229065	0.277862955486816	0.0490515809272924	0.00525931609019194	0.00615643216780311	0.009698966282333	0.35466087407026
0.218762321314908	0.00549861328552885	0.00197276129913465	0.323415483386349	0.0703717998516178	0.0169949197429021	0.000295344577389161	0.00126028284942103	0.36142847369275
0.274450770492914	0.0322830531007882	0.00113999076081694	0.282997101560956	0.0608197864604649	0.00352576927741147	0.000205147549849951	0.00190781028564865	0.342670570511149
0.206790763719925	0.00109433169367773	0.00982822451522097	0.3190280366693	0.0620826764309257	0.0033941534871661	0.000892931097333498	0.0043523163372064	0.392536566049244
0.183602420966268	0.000590295880214873	0.000712204738635108	0.311512147614572	0.0753977551576815	0.0394422777549322	0.000739434712487064	0.001866752834968	0.386136710340241
0.257382005278254	0.000303279056350375	0.00283861812236942	0.277020658387571	0.050295580353443	0.00685241551546883	0.000679927611122102	0.000535344224900753	0.40409217145052
0.225075977339344	0.00114498697260699	0.033634829917976	0.29101290104707	0.161438935938857	0.00291267739563345	0.000360641196670586	0.00175131584151081	0.282667734350331
0.219665944295907	0.0022196865685134	0.00064681251330169	0.25216924432008	0.161677977533487	0.0172847707080925	0.000312211609082812	0.00643645160002414	0.339586900851512
0.252362784627348	0.00186021554560602	0.000687880827748482	0.277748120516843	0.0463834284123939	0.0187740790130231	0.0175336788746951	0.000897273597270892	0.383752538585071
0.277176321859718	0.00647509065651226	0.000576888327761012	0.286801471546194	0.0727059646422765	0.0115109307263792	0.000152856051505815	0.00112143777682836	0.343479038412825
0.224160021374798	0.000494176326844815	0.000612922842620479	0.311708768592997	0.0388161072383758	0.0330724544820963	0.000795461976104231	0.00047833755747301	0.389861749608691
0.165193176924462	0.00161620563594605	0.00326048517742959	0.304828179946936	0.110609293465402	0.0226954263429512	0.00134237020528348	0.0012895484155959	0.389165313885994
0.24999970030823	0.000450706182429128	0.00387579881916978	0.294090713978156	0.0909808835681338	0.00343419612349557	0.000997217392563904	0.00612348720007433	0.350047296427747
0.242271994206051	0.0022240577104475	0.000423968610606372	0.287399302521964	0.0588950359140906	0.00758567763575609	0.000525196179817165	0.00411163090068978	0.396563136320577
0.212118212531601	0.0751912653654453	0.00151314873609277	0.295688907740305	0.0327417819813698	0.00379843512211342	0.0490689697200551	0.00744475790796782	0.322434520895049
0.218604728477107	0.00400569651175578	0.0022369891816182	0.312575781238213	0.0183176479562576	0.0212353524735176	0.00911567569470159	0.00130414857457221	0.412603979892258
0.241660209826727	0.00158945169880256	0.00195233985859131	0.2835268482839	0.0639505433678664	0.00917807655603384	0.000739765137417521	0.00732333340509362	0.390079431865568
0.260431665947326	0.013423460809052	0.00141816020118289	0.283925883364842	0.0665085353393767	0.0165539721757391	0.00947179657416741	0.0021116068316323	0.346154918756682
0.210383509598469	0.00174353286044386	0.000990075983361699	0.285144517698732	0.0443985623020517	0.0193597190765091	0.0063583447153696	0.0154045926557389	0.416217145109325
0.261860295036206	0.00733247011491591	0.000514069153857341	0.275252994779576	0.0439041492230664	0.0243781602188994	0.00136266090441124	0.00146302763193475	0.383932172937133
0.248912549038213	0.00129712541650223	0.00454012060646865	0.301960915553521	0.102732872079896	0.00298528851330488	0.00164583204497292	0.0033947427977632	0.332530553949357
0.255068416473551	0.00176404649252874	0.00072306838060353	0.295642972272418	0.0495660783138849	0.00412053334388333	0.00282368329644626	0.000748879906130957	0.389542321520554
0.194422669641374	0.000556213649108002	0.00943012592874424	0.267198366310034	0.17905806020398	0.0154307900890759	0.00640059392060187	0.00080514081575269	0.326698039441329
0.242482439705744	0.00103101577448872	0.00935827522550577	0.288294307913212	0.0413817043866133	0.00535290257800427	0.00156729113286836	0.02714341607248	0.383388647211083
0.253363231637522	0.00379789981638281	0.000487786108596731	0.264911773595852	0.0678988613761749	0.0146713879974602	0.000286839036792408	0.000412341014540822	0.394169879416678
0.178052565315354	0.000606430280250085	0.00380159507432435	0.295236413352712	0.103823418624455	0.0204023029141125	0.000325274693638076	0.00795703550341793	0.389794964241736
0.223443706635113	0.000942638805581833	0.00165737506159654	0.288346520156825	0.0904539511840883	0.00442697817694073	0.000495688058138381	0.0101455938192874	0.380087548102429
0.191111922330754	0.000556886911125258	0.0598157521490845	0.308175676500286	0.0319296122988281	0.000883959032948698	0.0186187374519691	0.0677790125490359	0.321128440775968
0.203857493295162	0.0188183433175544	0.000722939494247662	0.295050469585841	0.0497853088498062	0.00227446002500223	0.00995762129832578	0.000833654732626695	0.418699709401433
0.219465082021766	0.000774625041363884	0.014407885195258	0.310017209039942	0.0689588915178047	0.0065751529200175	0.00188481924323514	0.0103195774877361	0.367596757532877
0.229259570227551	0.00176832755477896	0.0117819947212491	0.293973207023573	0.0704444484782867	0.0262131174789967	0.000894743739759713	0.00162468064621907	0.364039910129585
0.216099199890298	0.00622390528845943	0.000420100810546995	0.318363835113293	0.0265262527871801	0.0139674640618528	0.00179462471810646	0.00476044707766316	0.4118441702526
0.246282719682215	0.00968096123287507	0.00231407614726708	0.309917218984011	0.0458760281071801	0.0125176669523449	0.00383470520642849	0.00130874258087169	0.368267881106807
0.246000768071049	0.000483779835376134	0.000818372584351604	0.331502634146791	0.0293907811969599	0.00810654347268923	0.000184698053107445	0.000369765150192322	0.383142657489483
0.144168206639585	0.000748957030289112	0.00386333970103485	0.305728384609428	0.113704400749843	0.0476797423010549	0.000302011824671823	0.00491142347982209	0.378893533664271
0.233436947009543	0.00156069099066703	0.0005683277991413	0.277134420696441	0.136568228917503	0.0114221120996694	0.000153131003034487	0.00249590210288968	0.336660239381111
0.232077748886685	0.0018214089754519	0.00129688653824988	0.31146346179258	0.0477920157434218	0.0129818457601191	0.000247319299678129	0.00137712236702234	0.390942190636792
0.16469396025902	0.000380585704488775	0.00194941343163361	0.33938602919841	0.0579849002833337	0.00493499648196513	0.000291079441095933	0.00445830686752941	0.425920728332523
0.218776422811498	0.00432868185463618	0.000458604198659157	0.317528873677676	0.0601828392999867	0.0134754523056307	0.000408985757184604	0.000869927791792525	0.383970212302936
0.168848358251521	0.00637107496106463	0.0119150521300363	0.316611893764155	0.0880939746643431	0.00381031210504603	0.000199855937057264	0.00166310328111281	0.402486374905664
0.130199697140122	0.000507525225112981	0.0711611330271174	0.348210981596494	0.113128154933002	0.00276471270825405	0.0123925403092814	0.00117399722365464	0.320461257836963
0.217011552809997	0.00136385863459009	0.00174428348767392	0.294697311666471	0.0497183852571505	0.0123924334721335	0.00287319701684346	0.000991423853045506	0.419207553802095
0.247996454418712	0.013830452069224	0.000450720113152965	0.32051845486353	0.0207249091422827	0.0082594084500704	0.0184968081621545	0.000721620701559558	0.369001172079314
0.234029452898345	0.00755081376301404	0.00157519332104245	0.283175013173666	0.0562426450873487	0.00722352528721094	0.00297203188250503	0.00127632501143052	0.405954999575437
0.172832344346234	0.000724512690009315	0.00683046714305949	0.333890577330763	0.0696633790823348	0.00847165888812142	0.000136138312370377	0.000821859904167001	0.40662906230294
0.199535659606324	0.00291023077898541	0.00847562700149702	0.345321663682401	0.0740769646358758	0.00325535293230712	0.00111115567470904	0.0113341231187178	0.353979222569182
0.188006926403113	0.0126110387932897	0.000456686279518646	0.329687962400177	0.0456957186325607	0.0353987665054213	0.000185175407048165	0.00128341705855902	0.386674308520312
0.164539158712852	0.0100160731617024	0.149856550278082	0.275435748111494	0.0575498994945887	0.00206479104728448	0.00607077744157721	0.00990105603284857	0.324565945719571
0.272770451078375	0.0109302563042946	0.00116003823458614	0.280059323502539	0.026582846554479	0.0190731820280108	0.00130290198427649	0.0119991453547514	0.376121854958688
0.180700654495518	0.00081277818421771	0.0474820314944703	0.302738310155979	0.0663080708058608	0.00405523205801982	0.000342657227098915	0.00279180676899683	0.394768458809838
0.224003899178621	0.000818826652007527	0.000447063268080963	0.27823871787805	0.100484696232087	0.0167164196147978	0.000440273359685941	0.00119884428671703	0.377651259529954
0.194851049776101	0.00143317261055239	0.00214362489364064	0.307402031949563	0.0870026904554558	0.0146089816430828	0.000581629704047663	0.00261315942027292	0.389363659547284
0.195542150955863	0.000306708553026372	0.0353622575797954	0.309571514837846	0.0618636783553215	0.00442284027608508	0.000629574488014581	0.00133504068434889	0.3909662342697
0.229153993331173	0.00126701141834147	0.0020075052110271	0.285975761615627	0.0531633450062889	0.0259421257294729	0.00102216643677997	0.000527484719064307	0.400940606532225
0.173934067597665	0.00713517757853073	0.000626421312641267	0.336195431621225	0.0863197768378135	0.00280345359194928	0.00118507220407263	0.000674220261624782	0.391126378994478
0.243058651976414	0.0015632244683208	0.000418849654376862	0.286832398187555	0.0853310845128624	0.0264352256519373	0.00172155859465837	0.0125749570214891	0.342064049932385
0.260916910283978	0.000499300858269851	0.00151788870773033	0.281689433524842	0.0577050897204066	0.0256506180466787	0.000638064223543907	0.000470450698701998	0.370912243935849
0.179771750641947	0.00318011609196974	0.00139236137312992	0.329145078893864	0.0611465474067048	0.0215358229494068	0.00164870438441266	0.000628142173757868	0.401551476084806
0.236224562818153	0.00310806951259765	0.000265765484339513	0.283253021994965	0.0802169037819954	0.0210591098291012	0.000106344880788027	0.00169562516542977	0.374070596532631
0.186219585771593	0.00544634943926026	0.00640107155964171	0.305714063565169	0.0342219153043351	0.0094637249722201	0.0144477986701215	0.00130244754967208	0.436783043167987
0.170068823149795	0.00114000387299443	0.00119185217622072	0.266413419605869	0.127450481539727	0.0361027897013961	0.00751683143974318	0.000426574357167918	0.389689224157087
0.280375602316799	0.000903830887598213	0.000554007117255863	0.258390777081795	0.0317057238390305	0.0337896977683225	0.00619107716539885	0.00398001804437534	0.384109265779425
0.172696329184993	0.011680206979823	0.00102928742455691	0.331615293609417	0.0957703403408289	0.0156352071913024	0.000166402497908147	0.000542464118537818	0.370864468652633
0.257106601102925	0.000760796086331473	0.000349934513233146	0.268405045232298	0.0979194799934889	0.0217913677832373	0.000186657469400571	0.00208958534620105	0.351390532472884
0.243903714074097	0.00215654228338162	0.00239449278658238	0.304968577611367	0.0445912123601973	0.00423070470709375	0.000277054145578231	0.000594677608080904	0.396883024423622
0.228042586330746	0.00032146873904676	0.00108573080582541	0.29576570284267	0.115098719797037	0.00421478762472611	0.00043017158420913	0.00065558648871189	0.354385245787028
0.17120740252131	0.00026870986687468	0.00911723886586943	0.338118175774581	0.0737122749620844	0.00686238417802661	0.000549462161653745	0.00320408501291888	0.396960266656682
0.180024834977428	0.00122815813161974	0.000398027340222232	0.273981981213266	0.147056982072152	0.0164559778526218	0.000481586690736897	0.000713668303492704	0.379658783418461
0.245599901403276	0.00026376102460067	0.00018185186310835	0.288098937058445	0.0492280772432065	0.00442041617115152	0.000114892153419036	0.00024966011289462	0.411842502969899
0.18014987122969	0.00112793454483786	0.000500049386628022	0.317821952315216	0.0531214635056304	0.0355599879596267	0.00017513973041492	0.000536853904740529	0.411006747423216
0.257177236453443	0.00066312720867234	0.000266565375823813	0.281719540423439	0.0952699367914033	0.0161554344818737	0.000114126211613855	0.00191722563156927	0.346716807422162
0.210186246970527	0.00198969944544704	0.00104298784720202	0.30679807076309	0.0480463921832782	0.0197994212335445	0.000176696701271071	0.00804238265424183	0.403918102201398
0.213608961190125	0.00706724062957804	0.00326937324256995	0.278020355728758	0.0794896464200531	0.0151403467577478	0.00144008529047207	0.003689024738562	0.398274966002134
0.256423127159031	0.00247141106504706	0.00128185029312591	0.289996105024691	0.0291141449841137	0.0134958061590037	0.000463084146315411	0.000513771894119114	0.406240699274553
0.214474527102261	0.0173381973996146	0.00116025289848195	0.295746547347167	0.0418595039108981	0.00870160928682651	0.0348484130806235	0.00188061984322009	0.383990329130907
0.203207868026515	0.0492864777967708	0.000356449376269894	0.3202294673134	0.0592620707384823	0.00890239399489181	0.000480927987127724	0.000889192293668034	0.357385152472874
0.257710837866807	0.000753013266431942	0.000246605345677942	0.315065059882221	0.036724737585061	0.0197979265932551	0.000124395370613219	0.00114071444131559	0.368436709648618
0.227027576509958	0.0143212026506565	0.000464697878240264	0.32217003564337	0.0163639230461971	0.0192277413494743	0.00329552545641689	0.00189729866068724	0.395231998805
0.215648941596878	0.000752276916529643	0.00181404514668542	0.326596595435014	0.027778753203631	0.0230324994593845	0.000640409549787304	0.00085477635642228	0.402881702335668
0.215587317130384	0.00028376194376677	0.00205506228387373	0.297040518812771	0.12507874595301	0.000704526114491396	0.000218594735743003	0.00234650601423195	0.356684967011728
0.231274833997416	0.00070115503036747	0.00913109475428657	0.28070214245133	0.0939528329703483	0.01324841709134	0.000602835335376341	0.00391352301287513	0.36647316535666
0.236520668848574	0.0141771452477788	0.000534498899960272	0.308097787334761	0.0368246883335955	0.0343887356265481	0.000609295299730473	0.00142267766051225	0.367424502748539
0.217703759636809	0.000535107962696989	0.000380840388607588	0.281909906922247	0.0571942052921832	0.0161564865806771	0.00157618301172131	0.00338633703969334	0.421157173165364
0.210025626646915	0.0043804725717572	0.00382478045048232	0.256564054582621	0.19427241784315	0.00262980542215619	0.00749503032632472	0.00450804285881688	0.316299769297776
0.228012368700358	0.0409438292076033	0.000476452143868831	0.329769917049516	0.0377173521745264	0.0103130810689542	0.0116210536010414	0.00156333070556493	0.339582615348567
0.229573766556844	0.00169771511054306	0.00454998309436384	0.297763468356114	0.073894815525318	0.0070300648921519	0.000816654053322209	0.00274005891889347	0.381933473492449
0.22211537270766	0.000835174250503784	0.0150663817388708	0.271410637574478	0.102796683589357	0.00613305294667326	0.00350047561695335	0.0223261216376759	0.355816099937828
0.232487652310337	0.0479925514142264	0.000397900706255315	0.285337839818563	0.0372028703910565	0.0109905054778612	0.00264403831147197	0.000619372015518367	0.38232726955471
0.258719544523593	0.00322712398711181	0.000299054901468896	0.266042424501464	0.0804802847979038	0.018298321715843	0.000146644266360493	0.00102432039906184	0.371762280907192
0.174960645348072	0.000278803400010691	0.00113084022735854	0.307782419425679	0.108971269784581	0.00209988046284015	0.000116746229987814	0.000363717462659355	0.404295677658812
0.173353466214204	0.00096361183149398	0.00110161234384712	0.330188408304905	0.030326639579298	0.0221715438640306	7.47645907911036e-05	0.000843599594506157	0.440976353676925
0.239280570495667	0.00270247546113264	0.000233126050460797	0.295959028607618	0.0365526064562375	0.00937923138364156	0.00185233641500818	0.000444780753827307	0.413595844376407
0.161264515480074	0.010782469642676	0.000304447736831257	0.364765847060587	0.0844570715833961	0.00698359638061646	0.0070232900630899	0.000564874119641559	0.363853887933087
0.203416767912186	0.00227781858436149	0.00654718745753418	0.313058018100337	0.0785209759750232	0.0135038597322849	0.00791316946784593	0.0108270722045639	0.363935130565864
0.205733469077917	0.0029817811683873	0.00066281024767482	0.341591051266047	0.029283305113601	0.00631614276210913	0.025173223761298	0.0109368480775135	0.377321368525452
0.228624651000922	0.011222038083059	0.000606601564101517	0.295610983540232	0.0671605797332632	0.00722969742740524	0.00801278634275921	0.00547048739101382	0.376062174917243
0.204421361829396	0.00199956123848527	0.000289650230356605	0.349444250121729	0.065377572540316	0.0264098888461663	0.00353475352114145	0.00107390215801643	0.347449059514393
0.235737286662586	0.028994663149375	0.00218434542140209	0.298289378459248	0.0392765147749083	0.00235979910502155	0.00058339834829454	0.00235814254520997	0.390216471533955
0.18803317145451	9.93645492869846e-05	0.00843283455982811	0.312576644928782	0.0305634050199635	0.000354983133304678	7.04851055343134e-05	9.20013035201812e-05	0.45977710994527
0.181932491663603	0.00252356154986005	0.089222292039013	0.279485544761714	0.0548681012845684	0.017361928448413	0.00687407000930474	0.0116732705542653	0.356058739689258
0.245771207048201	0.00405398395309995	0.000388368014968445	0.287347181940913	0.0257562236487525	0.0355856333524757	0.000742984293163282	0.00141772115878777	0.398936696589639
0.244888181555998	0.00135491862707652	0.000721075661165848	0.298950060094802	0.0282202635049182	0.019381924483543	0.00260226772465336	0.00160699406041128	0.402274314287432
0.19271528830107	0.000417387692619748	0.000636006327571477	0.324187728692813	0.0310087025934828	0.00597956479846645	0.000577974873924465	0.00124982936184828	0.443227517358204
0.210709674906464	0.000635419568198168	0.00039460728064023	0.310513359343436	0.0587776055020312	0.00903344648917566	0.000214151649888032	0.000549570174209671	0.409172165085957
0.153223035614824	0.000351190975525476	0.0131861985750517	0.341081695944509	0.125943396009342	0.00645641165155718	0.00349813879683296	0.0041590813791774	0.35210085105318
0.171219224054281	0.00168455196221001	0.00164024860836221	0.335044988508277	0.0794870656369672	0.00279057862794872	0.0104173198790922	0.00301612571912244	0.394699897003739
0.183379315433081	0.00123830588184289	0.00553583747047773	0.330658144529831	0.0326944967871029	0.0196482970833011	0.00169403534632298	0.00839464197648166	0.41675692549156
0.143088116713618	0.00061128448151268	0.000292163754543943	0.362717815799715	0.06548886338838	0.0195281470681348	0.000209431049867112	0.000333278029774833	0.407730899714454
0.237941252613362	0.00363504085032207	0.000403884070530019	0.290203997966566	0.0217925996157195	0.0331472107606113	0.000148245421604466	0.00068779445540362	0.412039974245881
0.141722542600398	0.00492456511620691	0.0027125517712369	0.335572884458669	0.0558608068212071	0.0169292373499143	0.000184193903749327	0.00243216989116757	0.439661048087451
0.194025031877408	0.00161600345119122	0.0237061373439327	0.29423035044655	0.111223439202918	0.017766545874189	0.000867818553448957	0.00748537402619513	0.349079299224167
0.223115540426397	0.0148978902687072	0.00208469218349274	0.32092654977973	0.0494585214829175	0.0129990438411451	0.00523804847359196	0.0155893144899493	0.35569039905407
0.194067904646794	0.000720666423272739	0.000323220668136746	0.311786685625038	0.0747621730135439	0.00247082565498896	0.0053211117797161	0.00123465066047669	0.409312761528033
0.229674415331061	0.000945628128726501	0.00164181113858658	0.307808225027608	0.0639362032683303	0.0116512944033453	0.000288662858458406	0.000939046709869025	0.383114713134015
0.239502743299283	0.00124669972349645	0.000748697045555006	0.249329613688834	0.107797843312603	0.00326503300151561	0.000537072728868452	0.00195281996981663	0.395619477230028
0.247600516072899	0.00177746055840566	0.000840509879443012	0.336378594295538	0.0330287519277881	0.00268571399018046	0.0001642306108572	0.00166555170007692	0.375858670964812
0.196713600085517	0.0422601349076035	0.000505231804089391	0.315171680290378	0.0271583100436563	0.00246626150291047	0.00183593083111041	0.000334667810478457	0.413554182724257
0.138385927207321	0.00147953352154893	0.0268470173773412	0.340306032849475	0.0929338093741631	0.0068827326658731	0.000400000456939159	0.0290239185746985	0.363741027972641
0.195156085312774	0.0036573284541128	0.0120732296137688	0.288315661302282	0.140962780722415	0.0331347677180199	0.00113885510568557	0.00445602085384314	0.321105270917099
0.307429595395406	0.00286784011993382	0.000580933756922064	0.266616061297916	0.0543104206726723	0.023534135276316	0.00847135422812252	0.0044358077729961	0.331753851479715
0.214616593092309	0.00530431010359317	0.00102537645528442	0.301163987511466	0.0991285632540577	0.0151503926055099	0.000169238752832776	0.00106298722847528	0.362378550996472
