Basophils	Bcells	CapsularFibroblasts	cDC1s	cDC2s	CentralVeinEndothelialcells	Cholangiocytes	Fibroblasts	Hepatocytes	HsPCs	ILC1s	Kupffercells	LSECs	LymphaticEndothelialcells	Mesothelialcells	MigcDCs	MonocytesMonocytederivedcells	Neutrophils	NKcells	pDCs	PortalVeinEndothelialcells	Stellatecells	Tcells
0.00532146620910465	0.000728763145753154	3.85062799156231e-05	0.00498205295638276	0.000293800957904063	0.00470278379860241	0.0219909563509637	1.62748259357186e-05	0.896981769287694	8.40524306354995e-05	0.00103605533096756	0.0107773195834684	0.0349628491701642	1.63797643416932e-05	0.000161588131885797	0.00018701942458162	0.00905400276207481	6.4229320964101e-05	0.00162590697702437	0.0017276078099441	0.00115154844839323	0.0015465578417732	0.00254850919152552
0.000208313949982813	0.00191501942530195	7.73496552982944e-06	0.00814237585239029	0.00927014370796562	0.0196670126322295	0.0284500920490135	5.20538301030593e-05	0.882734314795964	9.96434439224695e-06	0.0023253761628445	0.0271110553610993	0.00186353391256731	0.000334026732822945	0.000481332166685963	0.000981401476339702	0.0011045184270608	0.000120403307504771	0.000753207813885604	0.00389982009308791	0.000133104096809708	0.00821029677103905	0.00222489812537923
0.000161844028408424	0.000808725540765517	2.02591030364178e-05	0.00403946295780585	0.00207550832169035	0.000247310254223066	0.0284496446203831	7.85462517368607e-06	0.869577369839991	7.02921896505521e-05	0.000824454022337184	0.0294753723475846	0.0446856489446719	0.000108049390991859	0.00252342139965724	0.000116456947052825	0.000456154712470899	0.00105344974538967	0.000121864654122712	0.00598499276947854	0.001295326699099	0.00565469963777169	0.00224183724824419
0.000301467529608073	0.000284169252629553	3.05378888115225e-05	0.00452843419721223	0.00372733229372323	0.00077718767266909	0.0256927855298065	0.00105482952936825	0.849529184902784	0.000200336259026152	0.00029636308832468	0.0231323587382576	0.0390576999673136	8.56947609091821e-05	5.22756569079247e-05	0.00644803699972946	0.00836398986280978	0.005316124614902	0.000299390986205094	0.000147684311103189	0.00022394244707896	0.0208048497515296	0.00964532375929108
3.62733405837975e-05	0.000167288328347706	1.78666734656071e-05	0.00639327596136959	0.0129265876884966	0.0384470770371049	0.0200631977432128	0.00109585285598285	0.847035992125658	4.66125687874587e-05	0.000477312038808716	0.0219471321312338	0.0138513871703778	1.89719102918681e-05	3.69122528401663e-05	0.000687774773341534	0.000298245475956283	0.00400188371217434	0.00317376022028361	0.000517382352249174	0.000141201749085346	0.0161733287283616	0.0124446831619862
2.84806042840148e-05	0.000363022251881255	1.74675440148492e-05	0.00188664049124701	0.0122724437081505	0.00218297132423792	0.0280872083819815	2.84804537777785e-05	0.892405875089677	2.20504353538949e-05	0.000158968477421558	0.0151518797238275	0.0212676284293086	1.51479360126378e-05	5.06438910487013e-05	0.00122251894035058	0.000425946329583425	0.000103498027916802	0.000172886910323609	0.000157647265245123	0.00579737490467556	0.00715683874638218	0.011024380133298
0.00141504535832485	0.0183205110918244	0.000829441963828498	0.00709049533952456	0.00156517342296667	0.00243482801848088	0.0230682595680348	1.7683148768074e-05	0.900156160567944	2.10733964404827e-05	0.000263681851791732	0.00802963555754734	0.0160817353194699	0.000105236648387145	0.000109044802420809	0.000826020262555439	0.00312751956651225	0.000859108854343858	0.000295256270289213	0.000164175373726521	0.000400034225034894	0.00463148103176678	0.0101883983600169
0.000161179565702191	0.00141831816640032	0.000222829920330781	0.000463190810306895	0.00105012338987843	0.036384938800943	0.0182925358498059	0.0214506361674128	0.860960155885866	2.75183927536378e-05	0.000441434713664755	0.0222298348352794	0.00313131927050012	4.80936090339863e-05	0.000258402435518719	0.000371130434071463	0.00353174277999969	0.00139673248767617	0.000323292175559901	0.0025971748425677	0.00143340780081282	0.0054763512946818	0.0183296563712333
7.08863181214787e-05	0.000738589360453509	1.99180147353885e-05	0.00288387675211668	0.0138541629490517	0.0194537627367388	0.0192379284882247	0.00128693270575392	0.862014477500945	4.63211006184319e-05	0.00350824071602448	0.0430769181196403	0.0194132712582519	4.97261915050178e-05	5.49463752942767e-05	0.000428008397767827	0.00192607077912578	0.00019411026991374	0.000271082477748587	0.000635330809000924	0.000418690182651112	0.00939984708311283	0.00101690141320355
0.00194578358555293	0.0170487319434765	2.32258505765527e-05	0.00120147600998647	0.00955027142824973	0.00569138360057532	0.0270106905970852	4.27185640571079e-05	0.858606621238195	4.50538424124552e-05	0.000336790965390519	0.0289499576604663	0.0256773580285538	2.46392664207411e-05	9.83340046097782e-05	0.00265989223914012	0.00104702759688029	0.00150257101372268	0.00124558589901083	0.000875828128071981	0.000405205245263845	0.0136720269878311	0.00233882630447053
2.25905903227923e-05	0.000121115337110701	3.442342395845e-05	0.00593360639681175	0.00118530907613707	0.000329609227604437	0.0249660751578059	0.00389076550273624	0.855631455405729	2.66811357787477e-05	0.00766383999929797	0.0382797165575142	0.0318467328808379	3.56382789659589e-05	0.000113020992571538	0.000930284888499544	0.00729614448756979	0.00355685756412108	0.00305788606766432	9.00071858241023e-05	0.00498376400719995	0.00911071933080508	0.000893756505133976
2.73632068667672e-05	0.000163137352312476	0.000169748275581477	0.0014368508870436	0.0075617457136386	0.00027347799695302	0.0459135838375394	0.00123259354931654	0.878140635423386	4.02593471221371e-05	0.00142183955758712	0.0104642518520362	0.0024243879254634	4.16386887885638e-05	4.66873162686113e-05	0.000220570706657663	9.96130249945907e-05	0.000190126346028902	0.00126700009982686	0.0170306277684206	0.0279255516035375	0.00243685943707263	0.00147145008355771
0.00120075253963641	0.00157389621247234	2.41428825315789e-05	0.000768268778717924	0.0146523257167096	0.000602832200345003	0.020741806249794	0.000116686844678306	0.874205618556913	2.04334175219436e-05	0.000944068276526073	0.0247831162261448	0.035582392461469	1.33216385915632e-05	9.08872828402741e-05	0.000420271602237828	0.00104775501585235	0.00157806696915706	0.00240341667062952	0.000696101805332408	0.000326073563690607	0.0152165297630403	0.00299123532516747
0.000249391172065697	0.000747451382702329	4.31174103711979e-05	0.000733448109168948	0.000397116259585127	0.000292263234011886	0.0612849464273907	0.0140162975657721	0.822029994101241	0.0103014594861561	0.00858551752851403	0.0265604011309893	0.000185056056407488	0.0159806999076371	0.0010932805277782	0.00190380905276962	0.000114767595429007	0.00292903768655738	0.000310286451546312	0.00336869911318954	0.0246842850673006	0.00159056683495724	0.00259810789845909
0.000363021066051133	0.000208983387478237	3.25292707539219e-05	0.00212401780116539	0.000176270687937446	0.00351570255750244	0.0308803239321867	1.27050886801565e-05	0.861992537680915	0.000205318635192814	0.00463896605601916	0.0418260214141556	0.0159821173726725	3.23749932969817e-05	0.00015595717600927	4.26596011047538e-05	0.00760102428955219	0.000142181391242779	0.00123966779852494	0.00463348839361495	0.0187933527531923	0.00500788136635471	0.000392897286396553
0.00188997292165067	0.000186750243451135	0.000159238736633523	0.00861251799899751	0.000286636496360054	0.0220558310851277	0.0368429871137756	0.000833107077751859	0.884588301508574	4.89542345893012e-05	0.000236363716864212	0.0186345554422749	0.00327067516750193	0.000139242466028651	8.14383385484118e-05	0.000218391846956916	0.000797552142700092	0.00228995360766441	0.000194658495454049	0.00128885188270691	0.00189799860580234	0.0108265047661568	0.00461951610442896
0.00219963695613414	0.00544395956261029	0.00067988390623054	0.000644453826693273	0.00543894129383196	0.000191616734279939	0.0452662057064327	0.00847231219362041	0.880853326284843	0.000268770196471634	0.00122143330167645	0.0153861810198029	0.0105563205227032	5.4114783189783e-05	3.75483641539083e-05	0.00937272325271542	0.000104207238697509	7.31397988788209e-05	0.000314093010134421	0.000106515418613333	0.00858398753253543	0.00410105647160043	0.000629572624150261
6.37330370824102e-05	0.000466495987401848	2.21822473223052e-05	0.000967821288360405	0.009051766650988	0.000163575077700569	0.0242066809196526	1.21027909068084e-05	0.879678975933897	7.66238079930111e-06	0.000834945815728048	0.0216820408948868	0.0446278127632809	0.000129207263515457	0.000133989850800777	0.000225353393776676	0.00413436883581717	0.000364636357220959	0.00112469548615621	0.00107053259940615	0.000725273689248251	0.00639623347848509	0.00390991325756588
0.000232121167439031	0.00917630238013963	0.00189606343208253	0.005387818652117	0.000248725999790243	0.000388411126143404	0.0270672228893353	1.21171755956255e-05	0.859105477584375	1.04836652560167e-05	0.000216305077327218	0.0434662224012488	0.0107722668022083	0.000102305998716115	4.62760964260306e-05	0.000595591210489246	0.000374757393150192	0.00931868491425486	0.000158369145777899	0.00561951133714507	0.0017784268198386	0.0114586200358581	0.0125679186952863
0.000424210454699008	0.000144702815644168	4.75260832095963e-06	0.00904115326128234	0.00304812027364181	0.000787640393298975	0.024726958033786	6.12252047890106e-06	0.827576133804783	0.000364460398495192	0.00011802995308014	0.0469895194602029	0.0258725906524857	1.82552635492073e-05	1.7933324066971e-05	0.00250544694473446	0.0056555419531249	0.000350064210409411	0.000202892747298532	0.000135587229546825	0.000479294422439669	0.00316132782540174	0.0483692614492292
0.000165604932991214	8.56697272752177e-05	3.35882860279443e-05	0.00919623752024605	0.000175271030496948	0.00124199697305637	0.0278953019133663	0.000265487966039085	0.874979380075569	0.000350022382332256	0.000262631778001286	0.0375225393866419	0.0207516600361621	0.000249814550465301	3.14345480187243e-05	2.64010889078915e-05	0.00783707771642502	5.36842139940208e-05	0.00850985816747128	0.000108021813098414	0.000241804479370382	0.00917256961332842	0.000843941800715147
2.47539066483707e-05	0.00183763604404944	2.15814581413033e-05	0.00774396944243001	0.00116257813726544	0.0417820027302761	0.0228467989015831	4.85328007001064e-05	0.87373924203482	0.000167040432507508	0.000501716354704764	0.0104783647718442	0.00152863116837839	1.32453628868039e-05	6.50217805182997e-05	0.000768086516563524	0.00151499306653816	0.000100845307658669	0.0187752505947209	9.49357373891987e-05	0.000275190020096491	0.0147504665035307	0.00175911692674866
2.51567726494207e-05	0.000141954937131933	2.34229170906178e-05	0.00536706947888058	0.00155638373035776	0.00381407574450205	0.0295610671836078	8.86921827039805e-05	0.895745853481135	0.000269141633215735	0.000591547018464088	0.01160340361597	0.0196095713463656	1.35674688435173e-05	0.000162234233775851	5.03389492293478e-05	0.00352733707517292	3.86288470649325e-05	0.000980442788183594	0.000898411166520855	0.0014272832954131	0.00722174330549295	0.0172826728282282
0.000461094463968837	0.000337829283793106	7.01984103921376e-06	0.00343445289343339	0.0152268718679874	0.000133242968317225	0.0257959851232095	0.000127714220080844	0.882630398330735	2.17700687061437e-05	0.000217923544750843	0.0160688659460636	0.0311104518966573	1.11871460302975e-05	1.31817217193454e-05	0.00017936622050516	0.000910756447305018	0.000112148325552798	0.000235697732186729	0.000150979185896643	0.00021790768845338	0.00670179360559909	0.0158933614780096
8.18887408728504e-05	0.000448022211675652	0.0009359548869147	0.000648089265881186	0.00303047114174573	0.000894237918357766	0.0194987861159079	0.0001112179287238	0.890110295307196	0.000672169123154728	0.000264818674523887	0.0281792800890533	0.0299746678692026	0.000582309197839713	7.89545411758732e-05	0.000964599142912161	0.000255322214548078	5.572147307031e-05	9.95595509903032e-05	0.00868113344164245	0.000112751550704195	0.011497122618312	0.00282262699559486
0.000508634484642497	0.016229586171738	5.04198717289304e-05	0.00464108624209779	0.0049287564405232	0.0140883691155033	0.0220478324420275	0.000441844447569084	0.864607484229691	0.000574886617083602	0.000119881581023787	0.0230713059730667	0.0220085324036529	4.81268179930698e-05	0.000642874834757441	0.000743607360775374	0.00441439720559077	0.000164454905831146	0.000250447360856564	0.00141932475796436	0.00539477552186615	0.0127571526506767	0.000846218563339752
4.42172557700816e-05	0.00175558743056427	2.19979125639055e-05	0.00882564984517374	0.000916808854156621	0.00997495276852372	0.0272502430403531	0.00233166778408308	0.879137627550052	9.36597746561155e-05	0.000680490880434376	0.0220747950288552	0.0200787445576271	3.41292692528111e-05	5.79059308214293e-05	0.000276712016474899	0.00277041179363126	0.00184049067388958	0.000474373662639955	0.00451699353530436	0.000903198410657403	0.014983034953912	0.000956307070602554
0.000530860328179833	9.78887485849094e-05	0.000223724809876721	0.00374217174860197	0.000474059508059361	0.000349589175369467	0.027929827514473	2.06096963095708e-05	0.876324284573427	7.38090355188622e-05	0.0135307237432462	0.0262373683935193	0.00465430790634687	0.00887172503902692	0.0006269758080564	0.000300620755282283	0.000713066459916832	6.76439855408758e-05	0.000277109860820429	0.000805461033066149	0.0237459340716434	0.00988891752805606	0.000513320277077153
0.000616130782613777	0.00486668545407236	1.96349215626077e-05	0.00314226177556534	0.0137867721383424	0.0109771590258615	0.0225991053100122	0.000113892159984975	0.860068582707387	0.000122079165643519	0.00085652475879021	0.0279681519238395	0.0197632754731054	1.69054301054008e-05	7.22631961325086e-05	0.000111471830483831	0.00470331738246904	0.00188084318077828	0.000820459778449973	0.000312414303841748	0.000466416898040455	0.00893300589266535	0.0177826465102523
7.58926464701464e-05	8.67110308707709e-05	3.00398215957323e-05	0.00642847824510835	0.000216473226182557	0.000460144119602902	0.0222464400072267	0.00113506000797946	0.854379702869295	0.000229574454992525	0.0164004054544713	0.0429700098975093	0.0109582350912596	1.07283507178112e-05	8.91316638955437e-05	8.90552880825144e-05	0.014022282086714	0.000101453720427978	0.000160117149822731	0.000128407411784463	0.0186973612667557	0.0104865102910938	0.000597785898141481
0.00155470127501134	0.00136409174462813	0.00022399571613065	0.0102962050635202	0.000111900098480622	0.0553972178914746	0.0343701195918856	7.53982189130136e-05	0.867860131390578	7.10374957626879e-05	0.000427612902129349	0.0137975686783876	0.000521284066926765	6.22012720933709e-05	0.000200423455096032	7.05189108729904e-05	8.29665311822058e-05	5.86442279671766e-05	0.00129423397589775	7.60288343745424e-05	0.00138258495089087	0.00787363137762927	0.00282750233016789
6.0466172797955e-05	0.000794391872786569	0.000112869391548182	0.00658398272938452	0.00567273516618673	0.000625876183506915	0.0320098296511771	5.05263338145247e-05	0.850037107716337	4.31437856939803e-05	0.000675306541907987	0.0205849841805751	0.0379200358449762	0.000128750063766068	0.000142682561556518	7.0904938107878e-05	0.00253079039286484	4.91863684432247e-05	0.0235303852235543	0.000258153059677982	7.27676583047932e-05	0.0146885429156774	0.00335658124735402
0.00105531102125023	0.000141872508093399	0.00037003127316694	0.00601412119331586	0.000509404407427401	0.000282642063632034	0.0183934904067399	6.07311516067781e-05	0.849093299484041	0.00130700393482359	0.000224474140448818	0.0329011135592033	0.0237948361333386	0.00140380109264725	0.000122754573919809	0.00288562323461026	0.00388948038247324	0.00534364074754312	0.00017431648745672	0.000362283408570701	0.00684457314103297	0.0127050881470608	0.0321201075075975
2.43349037893011e-05	0.000590699938542921	4.59597011288161e-05	0.00774841957683724	0.00090356396149575	0.0270612390575933	0.0231344730934727	0.00137279173062635	0.843188227643521	0.000253082903653016	9.43827516405504e-05	0.0150609752991167	0.00780476381364785	6.93962845920472e-05	4.21544632921737e-05	0.000305612086299804	0.0167668098972	0.000105349923409769	9.54945670397244e-05	0.00564538903090203	0.000591232661690601	0.0122592268784885	0.03683641983202
0.000654150903144648	0.00232699886511011	0.00022337971226728	0.00332395141478051	0.00101974761114938	0.0478513849385858	0.027383037299385	0.00117268997077968	0.852451992260815	8.79727061161389e-06	0.00175927551366316	0.0238010521714381	0.00335420729210683	3.95422463969732e-05	0.00119509497167573	0.00286489086639382	0.0103246808102636	6.20042297660417e-05	0.000311523386493241	0.00181954966357382	0.000876283681867353	0.0118793282747022	0.00529643664502963
3.80422483917428e-05	0.0103619954596238	4.13160651479153e-06	0.00997473931100401	0.000208008420088635	0.00154030917144658	0.0176126795768636	9.17247531807965e-06	0.864083628688485	2.10203660819628e-05	0.000512439313475026	0.0203168333226023	0.0302748404575194	4.11618334058495e-05	1.23648767762737e-05	0.000460042438535235	0.00320804080711137	0.00867735012133427	0.000744143709801864	0.00279374217597722	0.000398307701707608	0.00723389022721633	0.0214731156907188
0.00102664217587413	0.0172982749713557	8.1016495742943e-05	0.005007441543897	0.0163546975884755	0.00758182400874282	0.0201802492280211	0.00132937408132164	0.828883548741089	1.91946573889497e-05	0.000233442266906195	0.0586366379126152	0.0238032852781536	6.01380990479102e-05	0.000940517759373192	0.000970570150956726	0.00478733953846021	0.000166557482760932	0.000173166764910633	0.000150799697568167	0.000549532369345257	0.00277357250338022	0.00899217668461288
2.6769737614255e-05	9.85015850701785e-05	0.000290826117238438	0.00427301323625927	0.000607301885348651	0.00180946141470855	0.0212304292859208	0.000113449966881692	0.855117025927038	3.20278431906252e-05	0.000513879032712557	0.0189109594977138	0.0322316227674809	1.48582022841534e-05	0.00018181535456695	2.86549530131446e-05	0.00677738228783572	0.00130346863772556	0.000544217055764603	0.000170911901438109	0.00583254708695737	0.0188776740230491	0.0310132022001881
2.5398929581797e-05	0.000223631348026131	8.27412808909612e-06	0.00462329325353593	0.0287793309214843	0.00980323338774117	0.020936844162067	0.00013096839934747	0.855143872903009	9.38713569039371e-05	0.000173465098801352	0.049801953441878	0.0183156991948335	5.06409715914076e-05	3.41503850886488e-05	0.000660572745269768	0.00086896610209403	0.00172722046219844	0.000211574770025213	0.00361110369889704	0.000540882355959859	0.00389033820645623	0.000344713777120635
0.000765022061241149	0.0281886239052339	8.77649582082479e-05	0.0110191475018574	0.00046025258243461	0.0145883115266357	0.0213501172602409	0.000136914906536624	0.849004586821513	0.000152246711342169	0.00110944885086509	0.031262303318366	0.000980976595245211	3.06594236989288e-05	0.000126542815481602	0.000252603380865094	0.0105148753105748	5.39348235259673e-05	0.000516959884970604	4.70726312220529e-05	0.000491552621572387	0.0152794560706819	0.0135806260376864
1.38398924334025e-05	0.00139782038818174	0.000702557489051208	0.000871657949808961	0.00100055913667761	0.000286012730614525	0.0263987904085227	0.031161398604626	0.810427609460601	0.00457472798553448	5.58306120395527e-05	0.0288885037512377	0.000609506818444832	0.0672396260638616	0.000568573346513269	5.70104203872493e-05	0.0040564438523754	0.00112339829954685	4.96932120149912e-05	0.00159370725888959	0.018734415075883	0.000141330591421941	4.6986651332279e-05
4.1422243648935e-05	0.0156774306358226	1.72813359278481e-05	0.00764904149499699	0.00210423710350238	0.00176869844541532	0.0193961754094754	1.52639887468454e-05	0.875163172455546	2.33204914056718e-05	0.000462934846102444	0.035589423733756	0.0156994276359405	0.000465511948930694	0.000864181691290932	4.9661820123931e-05	0.00268316070818879	0.000241348657596945	0.00922767626995678	0.000206999257556317	0.000414925205971341	0.00930171639039886	0.00293698822969825
0.000902999396919736	0.000838896871559855	0.000136002950340381	0.0139350261269488	0.000588498928311019	0.000644675184169948	0.0751108266656388	0.00893820161997089	0.81920663977359	0.00128020253720348	0.00020209453387103	0.0393888196296672	0.00163334821633098	0.00223600760865279	0.00345920288720153	0.00113604397180508	0.000237391150675871	0.0132423028484902	7.32660667879986e-05	0.000563287422721039	0.015866782802096	0.00027866618003894	0.000100816627008507
3.95432588993769e-05	0.00137828655965809	1.97509775865428e-05	0.00965898694440814	0.00693322403317124	0.000516276576229312	0.0205640632557747	2.43510648875503e-05	0.869137869105094	1.19979027113988e-05	0.00350435572719103	0.0198563799020651	0.0223569613453755	1.4413989171799e-05	5.53633508599831e-05	3.93258550227784e-05	0.00784993518548838	0.000487672469617728	0.0016654517659813	0.000705787053537656	0.000448068769579505	0.0119167272438491	0.0228152076638396
0.000113218553532257	0.000190179968837309	3.32254647618523e-05	0.00263745116974519	0.00121229384503469	0.00158851244095763	0.0259004902985862	0.000912592704369557	0.893689122140793	1.43256062331932e-05	0.000413426380671424	0.0201524143569466	0.0148434706042802	2.87259168224632e-05	0.00465103168437181	0.00427720088541625	0.00255805104128175	0.0003207739700294	0.00435934838962174	0.000446235995812844	0.00637665260160612	0.00884992919240588	0.00643132678788265
0.00288599498384524	0.00566205364927665	2.67383683445132e-05	0.000657191525714064	0.0106155742249778	0.00235817286980464	0.0147876063457339	0.000285180389204223	0.869598219217316	0.000287520952995853	0.00124631267511788	0.0273861370311629	0.0328635171730541	5.07650276342756e-05	1.37748316580095e-05	0.00154672343115531	0.00120962481208629	0.00036550854951001	0.000278710134847918	0.00433532576190884	0.00102586285712418	0.00528901140296874	0.0172244737845585
0.000483013758967482	0.00329015030361018	1.98570734409108e-05	0.00801098669804765	0.00325122023202253	0.014154862601399	0.0264349889771528	5.52301199531312e-05	0.86979789586291	0.000420869231192319	0.000376127186110494	0.0124029011329259	0.0124754812739561	3.07642422084153e-05	0.000549656633683034	0.000981929325356793	6.75669510253669e-05	7.48601468473767e-05	0.000359825065944516	0.000247117287566301	0.0047149967279364	4.95430647311054e-05	0.0417501561030119
1.92399106918992e-05	0.000304392507385289	0.000156448023279352	0.00388012364701383	0.011586742333669	0.00313896398609171	0.0256056833671513	0.00333647539207311	0.865075545600543	0.000148683038517096	0.000229671618838303	0.0279807084358928	0.0313641852191964	1.29200386279468e-05	0.00338084080459917	9.78005440901984e-05	0.00732167473321588	4.14991711508172e-05	7.62755684769428e-05	0.00134466442709087	0.0004548897486634	0.0138682879956521	0.000574283888089399
2.10142562275054e-05	0.000200002926375741	0.00013405216820313	0.0158293639617294	0.000321454351240548	0.0192226403677025	0.0187412540674801	0.000102178736641928	0.886327373844464	0.00106545092066608	0.000186335327779264	0.0325489493448043	0.00428624342710334	3.02160729093813e-05	3.22143975681337e-05	4.38415022579157e-05	0.00525582543364052	7.72380576496135e-05	0.000135267909002361	0.000768430336441791	0.000859976541563757	0.0109659677776343	0.0028447082709137
0.000205196945585139	7.51553703321032e-05	0.000397378955297737	0.00661415708372463	0.0011332650293246	0.000258250825656269	0.0321332663196145	0.0144211230876735	0.835311348545836	4.67750392326152e-05	0.00228499853445495	0.0258242108400866	0.000740216043744789	0.00243473760609597	0.000398380842336754	0.00120819574873105	0.000368248626374538	0.0101848046871767	0.0132654066403233	0.000546420405138458	0.0416899533303831	0.000657352912709596	0.00980115658016724
6.75597301426909e-05	0.000167467237032426	0.00403200418984472	0.0142076389721856	0.00113035803196341	0.000752638871939402	0.0302257096681269	0.000295411807183774	0.879504727823196	0.00185027101851212	0.00147743702514585	0.00972651873961061	0.0286055885035201	2.01343538483945e-05	3.58802934021998e-05	0.000337696337042788	0.00947875894781176	0.000274852535166026	0.000558690811511712	0.000502946776550576	0.00041599869791207	0.00795037396518349	0.00838133566316791
0.000103415370498802	0.000128866199817406	2.59780200340149e-05	0.00752911351884759	0.0025789241896411	0.00400562032372134	0.0219168540837682	1.84769444800298e-05	0.887152919846126	9.18140776033446e-06	0.000467156178596564	0.0229422681631817	0.0175645315350576	0.00241544435023354	0.000144706219003937	0.000559200641261691	0.00240596318187006	0.000820211355542833	0.00065945036379688	0.00384363618747032	0.0135827266407636	0.00771154384749055	0.00341381143103603
0.00169085462041087	2.93673659617006e-05	1.43803414435433e-05	0.0156187546899463	0.000147522661892152	0.00047298253297409	0.0439613998125022	0.0320375889416175	0.819522281278011	0.000479636394727691	0.000178616631362127	0.0127398508670433	0.00060947173836911	0.0261749842188188	0.00117381285199416	0.0022757882304276	0.0112386392146716	0.00102250016741846	4.96559344974238e-05	0.000512588096937536	0.0266714987250844	0.00321537478562924	0.000162449898259407
0.00272753174457543	0.000111066613921557	3.17996079707748e-05	0.0104230976453635	0.00446981388152201	0.000134442035780284	0.0325673214385738	3.47628770421719e-05	0.8754938883504	1.88904310959147e-05	0.000419734424299748	0.0315840441051171	0.0354452473228061	1.36482784400767e-05	1.99231658043905e-05	3.81748256162253e-05	0.00115891822277321	0.000424760238480215	0.000225169738385243	0.00176943582657662	0.000115628871062409	0.00137704230141316	0.00139565805298036
4.3520820226521e-05	0.000145741545693073	5.31848137395276e-05	0.00914939286405496	0.000778464972844854	0.0166535081445112	0.0186883368923144	0.00160518224447795	0.870655433241939	0.00139452748121797	0.000531389756583878	0.00739658650613572	0.0232240957173172	2.1159045267499e-05	7.76368467517877e-05	0.00605841908725114	8.50972308334595e-05	0.000224674343704408	0.00080121254272073	0.0016803272342785	0.000730343283250572	0.0121644812833092	0.0278372841015762
2.07492200743211e-05	8.14558491374783e-05	1.08963112765398e-05	0.00173026153776693	0.000417124971393851	0.00512413153810718	0.0361819823644494	2.06898351888818e-05	0.869309449224853	4.07926180574684e-05	0.00042692622895646	0.0262465398452343	0.0228808570817531	1.51070689367673e-05	2.94684726200296e-05	0.000124942822284483	0.00597126834448253	0.0236500356022045	9.26805377327268e-05	0.000982522132443839	0.000277112061870525	0.00606771819101473	0.000297288140161625
0.00110177059786341	0.011079821926398	3.98726847553788e-05	0.00552176076889426	0.000890813450638651	0.0164746783302615	0.029915187911035	0.000310107532519463	0.869240627164716	0.000317885572716565	0.000185705809233655	0.0231723032544651	0.00964458264825427	1.25370680438564e-05	1.96372601538035e-05	0.000436251368299743	0.010478656677069	0.00146790714446379	0.000144480489522404	0.00145590829086305	0.000818070992058813	0.0063880670256053	0.0108833660321693
0.00352038172492919	0.00231715601165697	3.34087614952913e-05	0.00392350077494731	0.000168131945945752	0.0110765218128167	0.0317046521948876	2.51036187196134e-05	0.882159585673426	3.16716492874555e-05	0.000160562740017701	0.0323213647920976	0.00190667007766991	8.77437022256268e-05	0.000188034776057013	0.00763225399715466	0.000278480146851947	0.000135018178327066	0.00029210532547856	0.00216115458405798	0.0117770653884993	0.00779385904137618	0.000305573082075263
0.00389156822904589	5.96840515915108e-05	2.76876533356753e-05	0.00363614198041818	0.000123088549178115	0.00150038742646799	0.0236614634183529	3.10210936050967e-05	0.878539043115815	0.000217646896897375	0.00022584675388438	0.0333250678094638	0.00941062365922	0.000118034563089388	0.0001547620239317	0.0012460153203268	0.00135573030611816	6.76358847222195e-05	0.00053256417303457	0.00282026300092672	0.0247370744505327	0.0121416905945086	0.00217695904553362
9.76185937742048e-06	0.000132161946137753	5.30885834423547e-05	0.00256878628929482	0.0219498048158716	0.0124780809398509	0.0271647770485005	0.00114080514214245	0.877547914649338	1.61095643376907e-05	0.000154842156674032	0.0109235628175638	0.0126515667565854	1.33074241069462e-05	9.7500418177898e-05	0.000182581867875671	0.00011081452217041	3.76670156081958e-05	0.000127658531558394	0.000347629051333446	0.00643369678274642	0.00770246058813936	0.0181554212291672
8.67550194676086e-05	0.00343892483107575	1.60750646783347e-05	0.00945900243648193	0.00316679697145313	0.0141471342152265	0.021001022042588	0.000255214671244852	0.866283633998051	0.00199515884856452	0.000244324983316719	0.0130122541364538	0.0193870379377225	1.99657401829165e-05	3.70574311817545e-05	0.000173577811694704	0.00462659643677618	0.00182934329835898	0.00106399020151582	0.001146461944213	0.000151254259679303	0.0200129647180871	0.018445453001985
6.9593588727748e-05	0.0110455877442498	0.000368500187140689	0.00319339077953857	0.00734052277263413	0.000396379188509717	0.0241853250294165	0.000829417815669362	0.862564275752763	9.42286286247615e-05	0.0162101252398479	0.0293628955286752	0.0323561053681389	4.82864989803407e-05	7.47512137742252e-05	0.00126659399221479	0.00432065104498256	0.000136330072160757	0.000404879678038045	0.00199767755708246	0.000159785133118808	0.00283867999010302	0.000736017195608106
0.00301186236502221	0.000266028687034648	2.05096865606814e-05	0.00501544208878269	0.000190192040559619	0.00105494602667626	0.0300359855065253	8.19698000364155e-06	0.866460912700881	2.6746763430182e-05	0.000629498250553391	0.0313389274845387	0.00803200125498083	4.78362757019924e-05	3.60956691395846e-05	7.34493804346061e-05	0.0129540689308716	0.00487823069236634	0.000201072775020353	0.00136836913533584	0.0198811077301864	0.0104736915465086	0.00399482802888571
2.20775179617069e-05	0.00024751746314726	3.52321826482321e-05	0.0071579820868246	0.00027245370990242	0.000662428835074025	0.0220241687409856	0.000173643191702102	0.879588202958754	2.07774515624394e-05	0.000280315751605566	0.0177670290468639	0.0326754347854282	1.64972965110095e-05	7.95620666404962e-05	0.000662529917831068	0.000425683168990312	5.95259515390633e-05	9.63385553558107e-05	8.8226981166281e-05	0.000270773987255344	0.0147313970427677	0.0226422013094833
0.000271244136726476	0.00313964416185516	2.39789649085858e-05	0.00136678445546627	0.00638655903559357	0.000297459814710105	0.0242180618750461	6.59391033837863e-05	0.880715098762777	8.4376202631973e-05	0.00834406733144346	0.0270313236265767	0.0252594687851001	1.45425542747686e-05	0.00159509918507038	0.00180748456857624	0.000164419203932228	0.000168295289578775	0.000436981644102567	0.000636591292358497	0.0115507631321774	0.00541775132896471	0.00100406554474514
0.00101458850932138	0.000123108073427254	0.000199410938241995	0.0140619527488098	0.000673050499609446	0.0243867598265044	0.017048457911724	4.82294855488341e-05	0.895007498799398	0.000905000602889048	0.00635817011457019	0.0191221269805965	0.00448856282790042	0.00031909313819244	0.00160475835889307	8.96750658366757e-05	0.00522239729463945	4.73672304632858e-05	0.00028948306239063	6.14983186120451e-05	0.000325806894633128	0.00813377637493659	0.000469226942861606
8.45044795731098e-05	8.12063152597989e-05	0.000100552715074174	0.0110427853547966	7.97771055775585e-05	0.047868978273453	0.0356496957555953	0.00531501027531366	0.866299908690072	2.14272433996389e-05	0.0131327283017027	0.0100497744679245	0.0014792302123757	3.21209608427147e-05	1.41792998393625e-05	4.5949060845064e-05	0.000164696403578533	7.26029044230427e-05	0.000211237135435634	0.00228611931544654	0.000369423094894119	0.00517760683218161	0.000420485802395948
0.00142288614935092	0.000599644123603682	2.95846130150801e-05	0.0121042346781667	0.000141935788567668	0.00806361055766623	0.0163381962872604	6.47080224683598e-05	0.882875493323621	4.60833264066944e-05	0.00385515112966252	0.0161343849927017	0.0119556761010888	2.78340769677175e-05	2.96143715543735e-05	3.26123413649958e-05	0.00732486274904363	7.08568506887999e-05	0.00764467063159598	0.0106208353970573	0.000889860100127382	0.00773224244886695	0.0119950219391535
0.00120792239702563	0.000118269900892288	0.000949138287642432	0.00379583390001539	0.0100427316791271	0.000388533876451557	0.0376753573268254	0.000309566081533553	0.87757451843004	2.48341712240736e-05	0.00125521922783191	0.0229420659805343	0.0244718361223157	2.53800419316578e-05	0.000974193787421811	0.00130848894973871	0.00082250267879479	9.27653548579961e-05	0.000288653825361881	0.00207442893966058	0.0049790266279649	0.00809143489398496	0.00058729751882314
4.09252310536142e-05	0.000594503332026894	3.76877744434235e-05	0.00461600132377899	0.00219878435522045	0.00120505761753359	0.0292378782859277	0.00152620568518092	0.883491547299665	0.000173956880692706	0.000329713031218889	0.0240308818879932	0.0239418628160152	1.77242373391886e-05	6.28590447226983e-05	0.000160997133075178	0.000920867101094824	0.00196265117055361	0.000485363708413539	0.000100304867082469	0.000829005911803494	0.0100318756832697	0.0140033456218945
1.0827476060342e-05	0.000911568437639507	8.52233611145921e-06	0.00833766708794501	0.000169149471308566	0.00253747071625405	0.0241778700988701	1.45033618741497e-05	0.869818262533133	1.25994794485461e-05	0.0115048022680314	0.0173104606146413	0.019736368411124	2.02533418249955e-05	3.16167770153397e-05	4.90118386712448e-05	0.000353573307386127	0.00390177412856384	0.0127836438454421	0.00148518215546361	0.006753867943126	0.0085258518616447	0.0115451525084204
6.31338017122327e-05	0.00470795358715266	1.89349954529528e-05	0.00652216667055254	0.000523553580333832	0.0158738233694987	0.0220086978435118	1.13867882298532e-05	0.894253521350245	6.28335607167316e-05	0.000884880270073594	0.0253360938607883	0.00206437290514964	0.000273060403034211	0.00206385036047164	2.35342748194004e-05	0.00222639566560559	8.31915213351658e-05	0.000251793353364398	0.00138120887550106	0.000701925699401914	0.00151024215938594	0.0191534451036628
9.89292920645483e-05	0.000208667681470287	2.66688541786261e-05	0.00690698591956957	0.00395114390819749	0.000846574715687454	0.0236307013861108	0.000741438558606207	0.874922173642957	9.82642778783901e-05	0.000612112220496002	0.0312597831331517	0.0164461652269721	1.83479410026243e-05	5.02894842423264e-05	0.00226342976970806	0.00336696252044182	0.00117161652576247	0.00956584878521298	0.000959161975929406	0.000733776082622057	0.0143564253033883	0.00776453279435033
9.61832802874496e-05	0.000123571092651279	0.000300841720608935	0.00422052889384022	0.000573213267128697	0.000294674889919546	0.0387418710506202	0.00203853852127211	0.884609379876941	4.88565462304385e-05	0.000246318004472414	0.0254141050035438	0.0135501450812476	1.71997614152063e-05	0.000148419989581181	0.000105197241407123	0.0043654987748321	0.00842265336377458	0.00198535437409233	0.00026626922353948	0.0096506278081562	0.00422519791038535	0.000555354324052152
4.30671158816604e-05	0.00031274677732559	0.000113825541870686	0.00862920249007884	0.00309579142615371	0.000598919914949222	0.0281935212884089	2.34815145751184e-05	0.889990456374078	1.16494393992989e-05	0.000495940899554722	0.00983009369825693	0.0296286967281288	1.21953453003338e-05	8.85266561639598e-05	0.000487589226124964	0.00185778684489329	0.000430945484623108	0.000748137283880314	0.00142258372833664	0.00579289747196185	0.0119955245564271	0.00619642019362673
3.23499771576124e-05	0.000475176594606702	0.000243541534375796	0.00662911431980882	0.00193143122150826	0.000732055859386631	0.0260311043404194	9.35273207959623e-05	0.870691777448429	0.000161356630109544	0.000284987591236651	0.0195059585408007	0.0325616970179251	8.59327120597243e-06	8.06297790238803e-05	0.000132975265615362	0.00350581547885743	0.000103327815682178	0.000400956142869287	0.00841468930832869	0.00964390766708225	0.0175613558201006	0.000773671054674116
6.72731838446476e-06	2.87237964672145e-05	9.16141382422215e-05	0.0198756958815836	0.000102204425779606	0.00273310676343295	0.0687693744564751	0.0602404850358176	0.715852292341144	0.000178901099078533	0.000159688261713375	0.0373166706688827	0.000384321246670009	0.0184678086623215	8.21276970224619e-05	0.000104922780654146	2.46221327443319e-05	0.0272927019549324	3.30652086104423e-05	9.19808509758337e-05	0.0479909051536588	0.000150350780525424	2.1709344883864e-05
9.37402354900002e-05	0.00248065086546556	0.000386354031337968	0.00770137016727864	0.000295016295701807	0.00811951196325988	0.0272453546100687	0.000127826154474019	0.882859338105299	0.000374971229921189	0.00112817745917979	0.0262977150913148	0.0150855754920546	0.000123081472743315	4.3502115213135e-05	0.000226157438234497	0.000164606856477565	0.00259796569608813	0.00025930434719784	0.000612702286423366	0.000324681645815839	0.002795070396246	0.0206573260447148
5.01987631744283e-05	0.000234921901838738	3.36414824242556e-05	0.00427924801545115	0.000221678947509157	0.000171916140962893	0.0322031013986332	2.94234673715127e-05	0.853188989771435	0.000604793995563474	0.0017736927482575	0.0460543740639428	0.0209780853826782	8.21995468466466e-06	0.000864854676826158	0.0012556985980561	0.0053690792602101	0.000108980005503568	0.000258316929627979	0.00124121345517703	0.0196113164247024	5.67766583148863e-05	0.0114014779576552
3.76559530157817e-05	0.000193972970520858	0.000736433642981518	0.00193690308801981	0.0243586971314178	0.000845505800600069	0.0255929916088516	0.00023307861625197	0.862705303234813	0.000107026712280212	0.000702317627183123	0.0310345893009051	0.0212370687238563	2.08216329786242e-05	0.000112237368089592	0.00375424053130484	0.00121237616424568	0.000207090085048837	0.000768932627097204	0.000421586165302608	0.000209085175099651	0.0126121920685305	0.0109598937716052
6.71888023424705e-05	6.51898980451901e-05	0.000108171939207658	0.00643599525373302	0.00185913375543426	0.000227788679107712	0.0242208666562575	0.00242834661983408	0.864196967997144	7.01849010762999e-05	0.00663453681881068	0.0331854233684987	0.023993363233288	2.58133999241078e-05	0.00216610023841296	0.000819260216739922	0.000312300722935308	0.0144109934785002	0.000508401746826824	0.000167050679692885	0.000289369469041655	0.0169973891278205	0.000810162997326159
0.000253351349758494	0.000142614012181505	8.29514805677646e-06	0.00105895967190473	0.000244989645110384	0.0333862792312101	0.0265620328694775	5.8867676880501e-06	0.896681496415372	0.000212515398166181	0.00190036585288006	0.0175331121220102	0.00111532920794081	3.60674573740807e-05	1.51707945704613e-05	0.000275523028034224	0.000457942789283982	6.83709299237548e-05	0.000325626825796478	0.0116082526378501	0.000229498283789508	0.00620471040063778	0.00167360916098244
0.0017747008093566	0.000671034747044048	3.24053022066506e-05	0.00301489735879155	0.00125239029759991	0.00862123361500382	0.0249397415699904	0.00136508394499769	0.866842419968575	6.42886621127609e-05	0.0259407880672665	0.013266452859112	0.0339670893466046	9.16464937455745e-05	6.972311058023e-05	0.000190036204207455	0.00170038650325979	6.14512113798704e-05	0.000755623877288145	0.000237192264660379	0.00137498249220811	0.0120092511628897	0.00175718013111933
0.00101963798447295	0.0090934627338242	2.22677193015599e-05	0.000641709238671007	0.0124864991399779	0.000733194103292492	0.0201956783113627	0.000292351122549017	0.884498977817617	1.59792742573067e-05	0.000362518629359822	0.015150298461299	0.0296924751784981	3.72748036929528e-05	0.00167188443872714	0.000199389196204917	0.000131757012511079	0.000262323741417295	0.00027094887579949	0.000366863922791907	0.00766603660997578	0.00952004730947408	0.0056684243749217
4.97619783022958e-05	0.0124836618985108	3.38955058013434e-05	0.00693935621860389	0.0182702523091365	0.00863819558700351	0.022335944215854	2.95939313687992e-05	0.875789752651756	2.26815508256134e-05	0.000107733939890659	0.0196567086949501	0.016767889728732	1.34571674513008e-05	0.000198660111405891	0.000762126036674242	0.000301050123446276	3.10279204487362e-05	0.000127348248969775	0.000167039733431944	0.000865258244751707	0.0016749356132384	0.0147336685894457
