Bcells	CentralVeinEndothelialcells	Cholangiocytes	Hepatocytes	Kupffercells	LSECs	Mesothelialcells	PortalVeinEndothelialcells	Tcells
0.000493009033414483	0.00699933293068187	0.00583324813383609	0.940129010489128	0.0274877000593792	0.0152260883791438	4.4294652980332e-05	0.0023501863309977	0.00143712999043875
0.000383641146347351	0.0110097285404592	0.00915751345894576	0.927637810764399	0.021241187881045	0.0203616959867689	0.00150212748444575	0.00369587975966328	0.00501041497792571
0.000235925079796431	0.00261683061462943	0.00985589110712807	0.947144739411238	0.016502116584233	0.00812101265866684	0.00182847572385511	0.0133045141944705	0.000390494625982647
0.000136170287895638	0.0109546806505017	0.00856396707448168	0.944032616532192	0.018775503092057	0.0105909588429985	0.000690995300417874	0.00585322219418683	0.000401886025269086
0.00152894022805136	0.00105491535255712	0.0127891859836854	0.956633790106367	0.010827587570667	0.00972789268688371	0.000127912104437938	0.00668652226145232	0.00062325370589788
2.82456044654604e-05	0.00332529397471246	0.0074067293655934	0.931393225358402	0.0280719336553514	0.00936010995616397	9.42430009602072e-05	0.0130788989135795	0.00724132017077117
4.89871808661965e-05	0.0154004960476022	0.00768876813412272	0.945930302448294	0.0171493156348156	0.0110453069053142	0.000436978638961865	0.00151696360341685	0.000782881406606273
0.000972422816086934	0.012505988779392	0.00803125353528497	0.9503370863367	0.0147789199336972	0.0047774681444813	0.000439041311785992	0.00803254941824284	0.000125269724328714
0.00554492795868452	0.00832353179236071	0.00583532863028357	0.942890213242232	0.017600318215046	0.0176658936918258	0.000173167841601042	0.000488590483747612	0.00147802814421887
4.78702446605657e-05	0.00744846476208738	0.00529460233462544	0.951115294510222	0.0149776697699343	0.0127267967163752	1.27844319761495e-05	0.00486514859659067	0.00351136863352851
0.000124870154670196	0.0156396357811682	0.00564240033476107	0.952881100125869	0.0120831043229643	0.00274880470809592	0.00106967196448445	0.00361940776635997	0.0061910048416266
0.00106435678488849	0.0133211807653364	0.00992935053922724	0.949046236798454	0.0166459484013294	0.00425084807132979	0.000662228694292784	0.00320066284914574	0.00187918709599657
6.18131940227852e-05	0.015818358266462	0.00689051062292298	0.950842604254738	0.0153388115485094	0.000852280783351273	0.000553226821145485	0.0072032318992723	0.00243916260957541
0.00016246385336463	0.000451964677747716	0.0182879713155282	0.925105837726419	0.0162536543503407	0.00775648662051013	0.00407118942233705	0.0278699159267725	4.05161069803687e-05
4.59151864684695e-05	0.00167747357133274	0.00782717682716337	0.941505916199054	0.0222655136446279	0.012101089768052	0.00104101053053984	0.00991921984412265	0.00361668442863895
0.000454025855538755	0.0204216563622527	0.00840538704682759	0.928144410736284	0.0225101608905155	0.00449559765510436	0.000605532366520158	0.00431928464759659	0.01064394443936
4.2091403756184e-05	0.0138380428751051	0.00422679456860812	0.949051715819936	0.0175517185158596	0.0038859357712581	0.000397792075705595	0.00245949265785139	0.00854641631192061
0.00183437364216722	0.000630007370787666	0.00587378251827658	0.933883805462371	0.0352963938890158	0.0116939380211485	0.00108751102154462	0.00761664710701814	0.00208354096766995
9.23544335462216e-05	0.00986537076706897	0.00864278101877402	0.940542679308757	0.0229911900765561	0.00226332843887603	0.000842173060645075	0.0100834803183508	0.00467664257742604
0.0100393668548075	0.00139765693766431	0.00655984878035596	0.928098787051397	0.0274940017384282	0.0124358115560651	0.000595680555613587	0.0063660138204112	0.00701283270525733
0.00179011570091165	0.00501465752451521	0.00481640454044735	0.941366633272013	0.0199762443485503	0.0207842425823369	1.03386863665344e-05	0.0020568365908431	0.00418452675401578
1.06958493852671e-05	0.000462128217669054	0.00847907245336851	0.95116873037935	0.0185836156863627	0.0196141855826543	4.25229673388261e-06	0.0016500829059317	2.72366285450993e-05
0.000833053290059138	0.0209708998521605	0.00453555176355061	0.933684073893313	0.0172431759300176	0.0109804463055109	0.000229822537256178	0.00267793605084985	0.00884504037728195
0.000302812837263187	0.0191077338830228	0.0109391654543814	0.927517492958495	0.0321111767515882	0.00269140942362552	0.000312401639495103	0.00018699158249142	0.00683081546963697
0.0012598161746034	0.00705029837339814	0.00620653577782864	0.945385979240702	0.0263952061280372	0.0126520221262202	9.36806780603106e-05	0.000914831917634776	4.16295835150914e-05
0.00244119398900683	0.00520938765971825	0.00526381883704264	0.931538072865514	0.0249266624395539	0.0283589197640961	0.000230938115010714	0.00135237100609011	0.000678635323967094
0.00184011943731752	0.000376010801909977	0.0071023617810454	0.948051542559518	0.0257159697233921	0.0122840994800898	0.000308592780882316	0.00389485892959234	0.000426444506252672
0.00530127935330385	0.0107588180303395	0.00929155447369577	0.948503222511061	0.0121047937774255	0.00571586678656838	0.000174022299370385	0.0067917579236733	0.00135868484456255
0.000935548679689901	0.000540077537154496	0.00767762895753523	0.93327037053784	0.0255456939828055	0.0168601822347296	0.00120770306093611	0.0137159204207891	0.000246874588519724
2.82315158009957e-05	0.0201981080380204	0.00548637860112024	0.937898288988063	0.02456163464493	0.00231214312625357	0.000215572800257893	0.00721973098744546	0.00207991129810844
6.25064394476517e-05	0.00091472973323229	0.0104033167624099	0.926644573662546	0.0294843176383809	0.0177286791967598	0.000199400215891301	0.00993223322194886	0.00463024312938348
0.000939037515866568	0.00349808506170983	0.00866888808028159	0.925027869560349	0.0299428009349036	0.0260016687870472	0.000304400021423791	0.00492121011915701	0.000696039919260853
2.28164691709272e-05	0.00719871940823048	0.0100374314946321	0.937800517057003	0.0256012028330747	0.0131983077504126	8.05999183741733e-06	0.000172972426627039	0.00595997256901179
0.0067089652924915	0.00102025271870153	0.00582987215064813	0.937169806859876	0.0161804825736821	0.0312974948654496	0.000597919960350082	0.00040264964606864	0.000792555932732612
5.3317206935559e-05	0.000237063954317818	0.00798731800952632	0.95267228475214	0.0123880198848191	0.0176890110978213	7.33769474633715e-06	0.00730979125060005	0.00165585614909331
7.41419136151945e-05	0.00077678346040751	0.00764289746162865	0.934542760569047	0.0325877332012395	0.00726773994409535	7.39769689952334e-06	0.0150118924634159	0.00208865328965141
2.34542358706548e-05	0.0210801725771337	0.00495160842512173	0.930385850170306	0.0232817485832444	0.00613751835175008	0.000712174144071416	0.000982001584075689	0.0124454719284262
0.00151555305298315	0.0114376752804852	0.00660317931280014	0.936282988849285	0.0294816095182782	0.00171689054771104	0.000180249365392227	0.0121447971273259	0.000637056945739005
2.75538731041135e-05	0.000311537787065431	0.00602330295003908	0.933457709163591	0.0339379143961869	0.00536034750176115	0.000342230673799593	0.0204532033523156	8.62003021375997e-05
0.000211523332743901	0.00128383983219415	0.0059111590767998	0.945565545821202	0.0181974283076015	0.0192345615559068	0.000515665066908666	0.00321794294286803	0.00586233406377527
4.88230685288092e-05	0.000100295327169648	0.00789534148499885	0.945627681917329	0.0264804051647767	0.0180868600740156	1.94568693275204e-05	0.000385197012538239	0.00135593908131603
2.19566813859853e-05	0.00628736422401339	0.00544370923461605	0.944310041903412	0.0213920983767309	0.0170167175820281	0.000277001686781045	0.00413631652698344	0.00111479378404916
5.91181776993539e-05	0.0176237974880809	0.00422790215474929	0.939085463131148	0.0150247120307684	0.0117421380485529	0.000412601182826776	0.000293110352662551	0.0115311574335121
0.00453021276927191	0.00100128175575105	0.00854817639268335	0.941648731308275	0.023228682062819	0.00350951028712091	0.00015963910964108	0.017274284851664	9.9481462774233e-05
0.000718892535735419	0.0147134873427687	0.0070995769696392	0.948300203169211	0.0154312233779173	0.00448812614519251	0.000161334436189022	0.00609689649883474	0.00299025952451204
0.000338097943913648	0.00147903536658479	0.00620923242176848	0.949840648297955	0.0169378681179398	0.00789263929279311	1.26152855221776e-05	0.00986983865290991	0.00742002462061346
2.46863653139629e-05	0.0204128180842534	0.00853688538913421	0.950722580147457	0.0170931389505257	0.00274192980159539	3.44029157004209e-05	0.000363499030712956	7.00593153067149e-05
0.000402770358223393	0.0109273306637524	0.00327117181787102	0.943133139292566	0.0206664883204976	0.0126765157074886	0.00106080271466594	0.00147848823883855	0.00638329288609677
2.47415343995409e-05	0.000414187488230718	0.00711663189673779	0.946708624710356	0.0239459892524218	0.0122103279074348	0.000465229958053159	0.00798474152134726	0.00112952573101839
0.000119857262513307	0.00107335469665574	0.00562285902238141	0.936228265227301	0.0328200010277201	0.009108927719078	4.38718069397123e-05	0.0133960296349271	0.00158683360248387
0.00039789079764968	0.0110723557961201	0.00553179100713696	0.933886838251103	0.0298286237051716	0.00832763081023642	0.00110348009846182	0.000232371792869535	0.00961901774125082
2.97888607511623e-05	0.00296467567073087	0.00648557625003972	0.948532836572343	0.019232843663337	0.0222350727770474	8.59958769447781e-05	0.000302462153374442	0.000130748175431408
3.17320221261751e-05	0.00431068400836335	0.00689621262918911	0.955284913148039	0.0137596113144692	0.0174826019404372	0.000687678354197613	0.000906080970742467	0.000640485612436386
4.38544633335613e-05	0.00201845558012588	0.00567801970424237	0.925907319317622	0.0377519579565456	0.0127913061953111	0.000696276783391429	0.00521106347668904	0.00990174652273896
0.00502898399201335	0.000119899462893875	0.00794813665313726	0.928732942419916	0.027114985786128	0.00635739082396801	0.000257259668505683	0.0165585117014996	0.00788188949193868
0.00166012496343452	0.00169252297536857	0.00752402583229726	0.93673462541142	0.0321414748292693	0.00720280991130124	0.000486360747440635	0.0121904507405591	0.000367604588908831
0.000430283883833626	0.0142507198006049	0.00629634562093369	0.940153448893923	0.0292417521630331	0.00304827118829256	0.000969775513436591	0.0052228423681629	0.000386560567779782
0.00760342944587584	0.0239463078173827	0.00528157078953826	0.928657702662916	0.0206625871359194	0.00704891055717286	0.0012002219066447	0.00174562362835145	0.0038536460561988
0.00145258558136529	0.0147546257584473	0.00481855219854721	0.932877204745228	0.0193341821476997	0.0224408813408685	4.27541873831398e-05	0.00137904803176558	0.00290016600869556
8.15690783426429e-05	0.0145403725918463	0.0063287214470893	0.947014099213862	0.0112423116953776	0.01911572965752	2.53370394672529e-05	0.000625901981499114	0.00102595729499551
7.94036956765809e-05	0.030644255390123	0.00527888193908204	0.931416580071131	0.0150337489684111	0.0162215600811285	0.000470894337563902	0.000490587387774926	0.000364088129109107
0.00224585442503149	0.00739618734078798	0.00831513568701185	0.938629352923214	0.0228645607419025	0.0159825170716325	0.000627153667639918	0.00380636572282033	0.000132872419959574
0.000379516669648229	0.0324945392252946	0.00804789729912322	0.940209909147491	0.0130204758978033	0.00235825738912548	0.000711488728491974	0.00242245954620655	0.000355456096815898
0.00010701580718799	0.013141370398866	0.00925227028098413	0.937357779027862	0.0127175066908365	0.0170825589671663	0.000612220861323886	0.00610986106285577	0.00361941690291757
0.0149468017247635	0.00230218502496927	0.00922953074191184	0.925869898332505	0.0228957001694411	0.0211831699422328	0.00144337372555827	0.000235924403223714	0.00189341593539492
4.23510246256299e-05	0.016582802859914	0.00518756291333672	0.939813861871013	0.0265904001416074	0.00629063424417928	0.00120525604027901	0.00226884801978205	0.00201828288526325
3.70416531035723e-05	0.000295423315334111	0.00614755544649145	0.932212715850343	0.027893134657711	0.024888982154071	0.000148699933419674	0.00761339317834065	0.000763053811185944
0.000580698846072276	0.0235850916017456	0.00361597996322767	0.924758768960572	0.034647441966348	0.000940167982105873	0.00147998987888548	0.00291648717336199	0.0074753736276815
2.57363039052148e-05	0.0562213208340553	0.00663224357364624	0.9043137776723	0.0264336776479138	0.000461591274649726	0.000826592324218275	0.00429247867390359	0.000792581695407814
6.8750521811489e-05	0.0131296488271781	0.011369938539622	0.941980325497133	0.0148891352903521	0.0060058985840932	0.00146314202963427	0.0100627706397631	0.00103039007041266
0.00100890436476308	0.0100132750115052	0.00819986984757364	0.942986889900406	0.0163941539163675	0.0190905792802593	0.000527487176607681	0.000992162930847135	0.000786677571670474
0.00375241590037922	0.0158001365755035	0.00603630317449563	0.936311258501978	0.0180502076526354	0.0124464977176121	0.00119598859265525	0.00631108223929444	9.61096454466418e-05
4.48845840939594e-05	0.00139152502773572	0.00742946364737935	0.946314822487079	0.00969820762002574	0.0262447781319084	0.000116649964388594	0.000506779827785754	0.00825288870960398
5.67321238698793e-05	0.0160506311568211	0.00522826346373654	0.936507296812422	0.0299122625810079	0.00809671385377001	0.000446887766953253	0.000156039522220635	0.003545172719199
5.83542345789215e-05	0.00824548214538841	0.0046617820782884	0.926406338570838	0.0203124735789165	0.0300181020618345	0.000435848802295985	0.00223825281864448	0.00762336570921525
0.00208754320345449	0.0255663836974497	0.00856724199086434	0.943320483544365	0.014640548030985	0.00469570109737201	0.000674678154998492	0.000384020785262918	6.33994952480678e-05
0.00182504945985027	0.00239975774451996	0.00282933783753328	0.950858491945918	0.0215122476058164	0.0104312871026245	2.43640624549993e-05	0.00990424339328124	0.000215220848000963
0.00157436398617178	0.0345255866217244	0.00637246004267539	0.924983044261352	0.020900244347426	0.00602855083320616	0.00115053988515149	0.00437624632803255	8.89636942602426e-05
0.000116062347869216	0.016407108831513	0.00889548276964587	0.937167027582532	0.0253440480335019	0.00509403729796812	2.60392444758748e-06	0.00686184585754422	0.000111783354978106
0.00011780178633559	0.000867628539682804	0.00483960629171889	0.941330729017767	0.0145471520418983	0.0218608599702329	0.000405952699830416	0.000652139531488599	0.0153781301210462
2.89679157208678e-05	0.0137766203595128	0.00619015074801617	0.936260698016673	0.0135668783497924	0.0236762302566286	0.00018711606101424	0.00392092560531249	0.00239241268732894
0.0029528038239322	0.00653185845333475	0.00819845211334806	0.933250014149537	0.0214479291377729	0.0247880833972323	0.000586589830386122	0.00121185264849264	0.00103241644596379
3.12028748849897e-05	0.00180673608251968	0.00900892637767475	0.944698393865345	0.00845379671141223	0.0202620310778242	0.000357302700123857	0.00200830174361647	0.0133733085665985
0.00113772032079881	0.0206510449904097	0.00532336677218282	0.943500348178185	0.0118704736476221	0.0124503499358321	0.000438040972529015	0.00155120751665116	0.00307744766579009
1.95602129476243e-05	0.0078047170425459	0.00727903117695922	0.959848746889944	0.0113734292482468	0.0131294042166373	3.17790192486919e-05	0.000358604876737401	0.000154727316733433
0.000148053399486896	0.00678982054815316	0.00863956096438813	0.938502838100323	0.0283669438662858	0.00754171115539263	0.00300894469462267	0.00696794560817872	3.41816631690943e-05
4.10375293019852e-05	0.000690091869039729	0.00773186462685857	0.931692408121016	0.0320313265085578	0.0195145492328263	0.000855790412712577	0.00636200725735242	0.00108092444233431
0.000622514678435986	0.00731061562968363	0.0197673349091411	0.916735232301079	0.0225455984877455	0.00351717627175413	0.00486631524957853	0.0227907676580229	0.00184444481455942
7.16096260178545e-05	0.00374323314861534	0.00395595997692022	0.942373749812329	0.026503630604876	0.0184760637175232	0.000517671527973695	0.00242775222766797	0.00193032935807691
0.00103818034086913	0.00688999999279269	0.0102817116136187	0.949871481385387	0.00976714528138203	0.0210456211144193	0.000918306161105516	0.000133592730106848	5.39613803191527e-05
1.95145305766376e-05	0.000175792204567338	0.00916615479528247	0.933795464409886	0.0312988453270416	0.0227320013773793	8.91856324253332e-05	0.0027023914258955	2.06502969458868e-05
6.57882886863713e-05	0.0128034651745476	0.00676233919572672	0.934857482669868	0.0267763375745236	0.011468008483373	0.0019784195084793	0.00406033443618705	0.00122782466860861
0.00281877938008519	0.00149412055673379	0.00946508051064989	0.927293502006968	0.0296488248029562	0.0259674343033143	0.000587213953497588	0.000407162501660998	0.00231788198413372
0.000409226502864884	0.0014667577877598	0.00258757480581683	0.950814228039924	0.0206034959337055	0.0144911460465829	0.00023254935456145	0.00287693487074016	0.00651808665804449
3.38732839791099e-05	0.00355671984345169	0.00422750047769075	0.939346130207249	0.0222258235158174	0.0211071591654547	0.000381206093365424	0.00592557890688286	0.00319600850610874
0.000604622921621223	0.000392033018973246	0.00522179421403109	0.949284404658192	0.0204794015850067	0.0142317133026769	0.000264629733664492	0.00720032588641917	0.00232107467941495
0.0172835585606446	0.00577903671150593	0.00996380984891729	0.917747975323147	0.0324350829324313	0.0113794442564746	0.00116033953663026	0.00277461290881059	0.00147613992143799
4.9275428338527e-05	0.000674813288961285	0.00316182717651392	0.938072025618275	0.0260381848674201	0.0249191403747502	3.55184235369541e-05	0.00701789299412948	3.13218280743833e-05
0.00407303036742941	0.00998871725888869	0.00472578227717742	0.93465477672898	0.0200234860625015	0.0221358229459402	0.000108319180374049	0.000557515464614151	0.00373254971409514
0.00140728442568093	0.00944196877595004	0.0110905726847396	0.941865563827826	0.0194858329565926	0.0066395902326304	0.00234532426576637	0.00191699810491647	0.00580686472589715
0.000199272711568646	0.00309203897125532	0.0110081397161906	0.953124524220101	0.0104461223204035	0.00345140627192597	0.000139980955015758	0.0184998038187004	3.87110148383325e-05
8.97566210753634e-05	0.000623066607883198	0.00970618208248513	0.939115013631839	0.0188490082233012	0.0298511860165384	0.0010765251669332	0.000240154431912564	0.000449107218031607
0.00141231874776761	0.000410401614157257	0.0021696319556792	0.941296796551077	0.018446364067067	0.0218566223821358	0.000192691877053215	0.00929515130803942	0.00492002149702415
0.000681290073774807	0.00269889871552183	0.00671648199161317	0.930752029807453	0.0230462426066406	0.0217054233449325	7.29632520379824e-06	0.000222290568071615	0.0141700465667886
0.00085460488315279	0.0164629032357185	0.00766444130018048	0.933307084425592	0.0253002459086862	0.00932583396411389	0.000205528419234873	0.00524809012059955	0.0016312677427221
0.0018891231715614	0.000394368362999918	0.0335435254102154	0.908694706810893	0.012363588526128	0.000502088894920658	0.00502279902912143	0.0371617152129081	0.000428084581251862
4.59082629113173e-05	0.00571459134420148	0.0076285080645739	0.947226891721319	0.0143514748205278	0.0230539306034565	0.000709367792386337	0.000895763705867061	0.000373563684757126
1.80106101304547e-05	0.00120074279807866	0.00709998080181269	0.937622311462155	0.0251479852710249	0.0275431046757901	0.000137316851324195	0.00119235487070521	3.81926589791609e-05
1.73671437605496e-05	0.000371562474625879	0.00682726231060879	0.95059957902514	0.0173680131083217	0.020910958577424	0.000796806022675061	0.000885150980874503	0.00222330035656984
0.00475877022678409	0.000965235470934978	0.00915424984836124	0.948903240877132	0.0153064325427977	0.00505976940938652	0.000346294657724807	0.0148868444434775	0.000619162523400993
0.00236863974026215	0.00157746208918578	0.00792173144741732	0.941985731240647	0.0213936602187972	0.0206487262590514	5.8980438632425e-06	0.00400285030262584	9.5300658149801e-05
0.000757329687728262	0.000416938481532929	0.01213935267018	0.929813519353619	0.0214251551243938	0.0187516298934274	0.00177600590715251	0.0138408934415542	0.00107917544041162
3.80497834665877e-05	0.00131551389141383	0.00901734622485389	0.93130575524142	0.0333671382940416	0.0134373759823154	0.000639552371863357	0.00877786277952933	0.00210140543109621
0.000507510113112725	0.00358134335229168	0.00899170224693201	0.941678228172934	0.0249521187143409	0.0114669230272935	0.000645807747293733	0.00539047862282802	0.00278588800297361
0.000623017361345056	0.00844633823855295	0.003839391624018	0.939852942740165	0.0214062797732814	0.0230386345634542	0.00070623851884669	0.000587657601246203	0.00149949957909074
0.000357606911935604	0.0378194042304352	0.00923865493410909	0.929634857417542	0.015834807932966	0.00112349391062848	0.000454232199457121	0.00531387890623524	0.000223063556690837
0.000155043651862032	0.0192053123832449	0.00668488360567764	0.933172593519587	0.0214536463026471	0.013082624093882	0.000265098418593969	0.000309203615559307	0.0056715944089461
0.00168884754782014	0.00614113266198962	0.00829346223601281	0.949070709784772	0.0165242631822026	0.0105046469596589	5.20144603748137e-06	0.00415616707267449	0.00361556910883175
0.0013880328326145	0.00031576996398726	0.00920275207925002	0.93908562628726	0.0249013931168813	0.0136675896896901	0.00028017472434287	0.0104899466613467	0.000668714644626881
0.000248565443282133	0.00983779654395435	0.00702968296904507	0.929200677208935	0.0286928609635612	0.0205698558842597	9.2343314450545e-05	0.00380397512174402	0.000524242550767846
0.0015184775914679	0.000120163474112849	0.00591522399156799	0.931285280842536	0.0275025098500861	0.0186592003514195	6.49200168093382e-05	0.0118719303605155	0.00306229352148446
0.00142181280580336	0.006270266362435	0.00749392906259689	0.931231063295945	0.0205561520142722	0.00185114392740509	0.00258478512973325	0.0209442725159166	0.00764657488589251
0.0020605304953772	0.000438195029464122	0.00614961116713374	0.938178022974809	0.03256405648474	0.0165695031933694	0.000161357495264367	0.00128609725881478	0.00259262590102733
0.00244416020703562	0.00107512838769311	0.00901067252848368	0.942247003755971	0.0242327495346309	0.00668026412564682	3.29633731941593e-05	0.0103463348117788	0.00393072327556532
0.0134264063766346	0.0261031421567493	0.00541380794227508	0.932996174928056	0.0125510349149817	0.00695218007082939	0.00110939622327761	0.000291911828095378	0.00115594555910045
0.000123504363156792	0.000639821665603749	0.00762266298567722	0.946795532198402	0.0181510214405298	0.0261508024605059	7.0985455932098e-05	0.000391844601621002	5.38248285717487e-05
0.000422440822749353	0.0030744716198033	0.0189993163742225	0.932365128971769	0.0119022668522452	0.00114057336356452	0.00214265310347801	0.0298918537351514	6.12951570166018e-05
5.74668955115946e-05	0.0175319947170721	0.00541616267970044	0.948277481848702	0.0138100164932487	0.0130809260472443	0.00082689786259261	0.000468016182137973	0.000531037273790413
0.0017346149961513	0.013655423142315	0.0049256772076961	0.920932333397496	0.0368712129177884	0.0136828905156032	1.80591959126478e-05	0.00458468197648183	0.00359510665055527
0.00355060076564278	0.0113056777199839	0.00403339838959183	0.929830105988124	0.0276450932181614	0.0170537328162967	0.000330531703713844	0.00186968261879874	0.0043811767796863
0.00614809784676784	0.0125598256966841	0.003885421226887	0.927386131881063	0.0200792808490193	0.0236769797584781	0.000929204707097468	0.000412805805796379	0.00492225222820667
0.000475403907184045	0.00232282094999381	0.00711048786530008	0.948227331593914	0.0212939105569647	0.019190667243876	5.22348134207324e-05	0.000780509151872801	0.000546633917473752
2.1501472001361e-05	0.00729328874507488	0.00928873570632257	0.947059550947007	0.0215690788238472	0.00843497237767155	0.000239633880060158	0.00599451092337703	9.87271246382127e-05
0.00145806016967233	0.00543862352047104	0.00371198807208609	0.950755006305798	0.015613243027998	0.0197362912389514	0.000902772812719376	0.000242376262240766	0.00214163859006276
5.24020864028354e-05	0.00194718560182951	0.00405760856908925	0.937265295352599	0.0284858332878093	0.0224702710727874	0.000216859104740897	0.00229093208268994	0.00321361284205224
9.36262238451848e-05	0.0101616166291857	0.0040993619646052	0.939304879522771	0.0251048920892207	0.0153667913345885	0.000407258460497715	0.00393407849358709	0.00152749528169899
3.32815066618939e-05	0.000267182829737137	0.00859378514417893	0.934355718328845	0.035186022707673	0.0209519967318384	0.000342424141963676	0.000192919594220926	7.66690148806248e-05
3.17876613564175e-05	0.0263142346240803	0.00640912407502916	0.927107096596637	0.0171045372273462	0.0207852976455513	0.00139126264032413	0.000259109841299335	0.000597549688376349
0.00159106516145028	0.000437509467447974	0.00620928277193448	0.938668617721131	0.029889995554447	0.00391211420445841	8.11692322371211e-05	0.01772391027399	0.00148633561290369
0.000328233781064659	0.0295038723539247	0.0115662783572076	0.936787931126703	0.0169676291901674	0.00102964925455628	0.00148892528695386	0.00107820040428223	0.00124928024514026
6.35854170379581e-05	0.0173760022155224	0.00482360938197619	0.938818912306528	0.0215578763729644	0.00294982514659451	0.00171276887194343	0.00936160692003424	0.00333581336739914
0.000127211414684339	0.00813610103406995	0.00701957683556854	0.947858664161094	0.0176762598906604	0.0140058518515412	0.000839458931271108	0.0011572074672641	0.00317966841384601
0.00076985076358487	0.0105468701516142	0.0107086630622299	0.945648414358186	0.0197739828379076	0.00725914856204038	1.34881793611372e-05	0.00137771557920607	0.00390186650587014
4.87163955309973e-05	0.002376320435587	0.00529699503827684	0.947813883757607	0.0254499592665083	0.00480962788177464	0.0001688938982143	0.00881051562052741	0.00522508770597366
3.90846812615287e-05	0.000336472331190128	0.00913573447803058	0.934640751838661	0.0233112000700226	0.02985366492657	0.000394158878780541	0.00160161084314177	0.000687321952341445
0.000132736078943318	0.00775296376399382	0.00101699174668695	0.946366277033957	0.0221877867683457	0.02182438586405	0.000289138236302232	0.000333836624810786	9.58838829103329e-05
0.00582451018310869	0.00691180098978619	0.00716481015183546	0.926037396628437	0.0325907910275681	0.00356316248578	0.000782531149794741	0.0146848289837487	0.00244016839994157
2.61911645377007e-05	0.0085601127015331	0.00546604169426462	0.933932870161688	0.0274250170234192	0.00863917461445181	0.000731586732048009	0.00664371693615347	0.00857528897190403
5.35991999217044e-05	0.00253236899335588	0.00753561819216205	0.948439396753552	0.0204303246607177	0.018216116176864	0.000190227450567985	0.00217411227115946	0.000428236301699035
9.399506709609e-05	0.0163976610037398	0.0079511010215668	0.935114147327477	0.0196066902727446	0.0185422636989825	0.000313288258907195	0.000752152613397026	0.00122870073608911
0.00159293903122529	0.0282907546683937	0.00381041142055218	0.926746203074531	0.0253063178268763	0.00416650579221597	0.00157320269690369	0.00407072871299962	0.00444293677630265
0.00814143263873613	0.0101935500991868	0.00724100955666381	0.932853614906544	0.0201295220327126	0.0149797431434752	0.000128813557371308	0.00355858837405911	0.00277372569125063
0.00243906954249285	0.0290591591324998	0.00458673258891948	0.931739866468162	0.0243373843460096	0.00560514097299947	0.000644364092023615	0.000113680886373416	0.00147460197051999
0.00145698995624516	0.0104254711943121	0.0125951179292774	0.929206155488713	0.0264893268596983	0.015327214069299	0.000554789467095948	0.00359816800584197	0.000346767029517324
3.65219998397362e-05	0.0105747387682609	0.0161567688517546	0.924441870386876	0.0202179379927462	0.000466735648655722	0.00259870847836914	0.0254196587677298	8.70591057678445e-05
9.36393418769809e-05	0.00795864477804329	0.00478768897628821	0.941452461509244	0.0117956654612548	0.0274419921813468	0.000790342291249098	0.00240200995808283	0.00327755550261376
0.00123252969221881	0.00333176915219737	0.0124640650648139	0.93847038647348	0.0167487140375269	0.0147778709420884	0.000449833411164288	0.012456110763984	6.87204625263243e-05
0.010114178272565	0.000339076770050216	0.00885659285115651	0.925969452914037	0.0263249619801173	0.0172642404349371	0.000903270287831573	0.00369960835764494	0.00652861813166045
0.00623930872721751	0.00139862565062235	0.0049267398966144	0.901151941394712	0.0300824321492774	0.0191916940687196	0.000423705502767558	0.00148041278031818	0.0351051398297507
0.000157763146388593	0.00272493935206393	0.0102800383616389	0.940115326242134	0.0225498540870897	0.0182508513213422	0.000121287404435085	0.00529959777347553	0.00050034231143204
9.69787597126987e-05	8.59057164506307e-05	0.0188416198730483	0.935034328644013	0.0171672530797383	0.000653399361099262	3.29681888427395e-05	0.0227317032933946	0.00535584308369994
2.7640533896628e-05	0.0147199007368696	0.00423055332846267	0.941889988885022	0.0150275010683828	0.0232774496749627	0.000106035373160652	0.000403725374157084	0.000317205025085794
0.0136874605998157	0.0128096356030852	0.00458935404840352	0.935831703902768	0.0180772741261838	0.0028830474807078	5.49417393637629e-05	0.0100007993372197	0.00206578316245257
0.000901647579375365	0.00717114178485371	0.00653763624851139	0.940146530926384	0.0248241102927511	0.017473468485381	0.000410647385582103	0.000944141565123378	0.00159067573203841
0.00255549507817927	0.00624991711674647	0.00640336638967757	0.940293045175778	0.0108872089838399	0.0322586777103291	0.000513405313732794	0.000800659251952387	3.82249797645202e-05
1.58636205921941e-05	0.00729186475613409	0.0120491759633336	0.948042861979181	0.0106856216593352	0.00356208311608813	0.00074242025436017	0.0175869055221505	2.32031288253572e-05
0.000435397967681049	0.036466157954144	0.00678493491757194	0.926055118279952	0.0208299407293483	0.000521187990703952	0.000762562339371414	0.00809179593965388	5.2903881573181e-05
0.000686097233552259	0.00400285057428336	0.00433166076952451	0.935779550978195	0.0233807852262917	0.0242106615718495	0.00123101843697456	0.000465939875162184	0.00591143533416742
9.50724990851659e-06	0.00010442136533292	0.0111262230029257	0.938474084094588	0.0190146885143203	0.000362502815070826	0.00135861511753354	0.0295226938513198	2.72639890006349e-05
0.00309966076517617	0.00277463884886877	0.0116933422886473	0.944954025003315	0.0141335924854479	0.0198014739037188	0.000332258431920079	0.00248250369334141	0.000728504579564108
0.000250718184318533	0.000349645376983365	0.00807197793694949	0.939375564339026	0.020132200357134	0.0146954627619135	2.21897148251103e-05	0.0170546605818757	4.75807469747186e-05
5.91547500112695e-05	0.0150593183218217	0.00693746795536849	0.946918198688973	0.0208959192691622	0.00558009458088868	0.00128892389182568	0.00230934963926275	0.000951572902685823
2.69231090353019e-05	0.00308099870452605	0.0068827912440939	0.937130885417177	0.0292121848863048	0.00814714937801462	1.48684789788858e-05	0.0146496838780245	0.000854514903845266
9.70029111309508e-05	0.0440879960740954	0.0114007573335663	0.905323719344716	0.0258775161462203	0.00312429877901363	0.00490064475931334	0.00491427354449586	0.000273791107447754
0.00366581710284478	0.000960728008728865	0.00413328322987632	0.934950494135063	0.029542381125039	0.0142651621676234	0.000268460632577654	0.0120870468470767	0.000126626751170021
0.000116606318256174	0.0038647960105032	0.00848681461901765	0.950798589353291	0.0183771844467259	0.00300047810519256	9.10417769026591e-06	0.01487162491308	0.000474802056243005
0.00268968440454161	0.000952761032045927	0.00790121566199723	0.938116177214881	0.0290586537683444	0.0104518390583346	0.000208737881955964	0.0105109326150128	0.000109998362886875
0.0014256148171825	0.0287853633463275	0.0045397783710002	0.93100797409154	0.0245753327466642	0.00554884946758707	0.000342221340968314	0.00017340971101056	0.00360145610771954
0.00194112435914666	0.000638054086288013	0.00937096604275601	0.940073450258779	0.0235481930672469	0.00957202450150276	0.000295868563905422	0.0144744838432114	8.58352771643316e-05
0.00242574611039016	0.01380240343839	0.00512327406125421	0.930328138417566	0.0247825892326021	0.00790084737857458	0.000273467969212097	0.00363308475089328	0.0117304486411175
2.37194099427916e-05	0.0368427274980208	0.00777592705332827	0.919047696541113	0.0274396803190663	0.00223845606253435	0.000956261206514947	0.00540241554730719	0.000273116362172385
4.87398380499001e-05	0.0045067295778098	0.00512137426073536	0.947797819351515	0.0190052051272415	0.0135967708828137	0.000147228558393128	0.00539960342097251	0.00437652898246873
0.00404663290393132	0.000544868687838872	0.00555637906989586	0.945527856879682	0.0163885056132946	0.0216181301937117	0.000378474476454261	0.00213718344019795	0.00380196873499363
0.00878132256157934	0.00396444913345385	0.0048765386374391	0.935816077726036	0.0232007012848292	0.0206947935773432	0.00060120718858515	0.000398693241474605	0.00166621664925927
0.00070187713693622	0.0110925693685263	0.00622366757543912	0.945768985271537	0.0194598846269884	0.00514186812376537	0.00118791869462169	0.00581765074816227	0.00460557845402339
0.00285174611745829	0.00145536303718517	0.00697577988842307	0.934922116993442	0.0339125135586599	0.0162611384305076	0.0014542571608237	0.0020998166885598	6.72681249402586e-05
3.76942568629406e-05	0.000518283922961635	0.00852494997357255	0.935451981303147	0.0385125205476265	0.00169710518476496	0.00132099460678607	0.0139136358064322	2.28343978456443e-05
7.60029376890112e-05	0.000774590100013838	0.00773871035774227	0.940542538158758	0.015491530134925	0.0319815847624363	0.000305033876207856	0.00126933760353401	0.00182067206869338
1.59852249378772e-05	0.000405883233358674	0.0087316994709162	0.949730038089571	0.0184131130726997	0.00917953505326495	0.00091154848459795	0.0120196251329511	0.000592572237702235
5.40148330628087e-05	0.0128145333268319	0.00544756800236245	0.948308172305738	0.013564760555753	0.016627593355456	0.000317344403894474	0.000582946862245585	0.00228306635465557
2.92872490986577e-05	0.0354938545318701	0.00729378378158975	0.937984506883481	0.0151921064426155	0.000727417368378518	0.000975191894320938	0.000783700951949994	0.00152015089669529
0.00144119267212083	0.00512512778762343	0.0131296507227295	0.925170945599072	0.0284730999221179	0.00459775992130193	0.00129417669229606	0.0141905806344352	0.00657746604830275
0.0056198759107566	0.00825307344680493	0.00830610593167186	0.926186090613233	0.0285845199419727	0.0173567727533763	0.00023443832919208	0.0014528485417411	0.00400627453125128
0.00112468731997306	0.0250430706643961	0.011567375841732	0.937951721161807	0.0175300248588846	0.000878731859480995	0.000817730859672354	0.00467762808824266	0.000409029345811003
2.42263831232105e-05	0.00199125759777176	0.00477840349124841	0.948775445680532	0.02190752038647	0.0150717797515611	7.56487538384446e-05	0.00173051493177005	0.0056452030236856
4.84012468750138e-05	0.00441361254033526	0.00391989459366478	0.930522129720309	0.0217253156163903	0.0280607064438511	0.000728857141576032	0.00131946710710602	0.00926161558989224
0.000236880457978899	0.0167676150070369	0.00240964224412146	0.923590579192079	0.0373003290144352	0.0147748404548978	0.000380891818021776	0.000227320042088958	0.00431190176933959
0.00437056851386133	0.00289141599459073	0.00855139454441714	0.942978871609741	0.0192142753709775	0.00885044756113232	0.00122441902322538	0.00442719995646313	0.00749140742559109
0.00080686211287621	0.000855703189810904	0.0203079839455332	0.933457311614382	0.0162211631594156	0.000317023017033788	0.00212930390202192	0.0258283096129358	7.63394459908929e-05
0.00651272898079497	0.0100799414308341	0.00575651146518188	0.946892017405745	0.0191011613054793	0.0071799054243978	0.000833464248965237	0.00254667154912659	0.00109759818947463
0.000108164623640375	0.00596390038075454	0.00570685161457707	0.941292256542578	0.0230293372371902	0.0226236189803773	0.000280322222233239	0.000623081506813475	0.000372466891836208
0.00147452497170856	0.00124383686683676	0.00610627590327321	0.936851155683753	0.0266782205840552	0.0204397559200769	0.000710697750225845	0.00561207592943619	0.000883456390633756
2.93426007239685e-05	0.0173729257177917	0.00524753121580515	0.946779517783165	0.0170239146647092	0.012144028320213	0.000891794235850158	0.000304408198018004	0.000206537263724161
0.000195955730539068	0.0575162390697015	0.00408418558879626	0.898211119097148	0.0282439915232442	0.000536009209146948	0.00114137090603379	0.00913778181491632	0.000933347060474092
0.000110575235599154	0.00211143241039582	0.00508472895636633	0.948850190953681	0.019915846609616	0.0204795353848824	0.0024242724065565	0.000483075737505069	0.00054034230539791
0.00532723429584399	0.00729875998450632	0.00396390137690254	0.933776543670509	0.0211732203093973	0.026492686665778	0.00102565664347468	0.000693848469944999	0.000248148583643766
0.000771979327050455	0.00183539428274447	0.00724037367423369	0.936468471408567	0.0355185341011328	0.0143913968058768	0.000122503462278313	0.00133691439818598	0.00231443253993082
0.00170512154067611	0.00416885627768373	0.00591167306851041	0.939483033714177	0.00948797173605671	0.0347314428580184	0.000988401509487496	0.000370882751685858	0.00315261654370439
0.000124207870617373	0.000132948794421228	0.0010441116881662	0.945576815968009	0.0234486396243234	0.0285406808712506	1.39146478596929e-05	0.00080461409614258	0.000314066439210278
0.00186277464862256	0.0145421752375449	0.00321015788978465	0.94755726003343	0.0124101393500394	0.00211330406354452	0.000388013598388024	0.0150626709112829	0.00285350426736328
0.000933142666639301	0.0142879549506629	0.0101961061122126	0.931847594420233	0.0144360281013962	0.016752963641925	0.00138013926168481	0.000350330043525418	0.00981574080172026
0.000709567311672509	0.00836858581854277	0.0049327349316395	0.944407817335082	0.0186697517460038	0.011651053807186	0.00138234792783008	0.00874360545380146	0.0011345356682423
0.00255137819437042	0.00151797007593613	0.00866804187013147	0.957902064961425	0.0113186681534902	0.0116904608566029	0.000203296381628565	0.00543106697118972	0.000717052535226164
0.00117369612690753	0.00626378042553739	0.00667753894261741	0.943118168909211	0.0204950104728682	0.0173687036133302	0.000637418500889611	0.00308374363353092	0.00118193937510786
8.91789418583583e-06	0.00154098648881806	0.00551826382309715	0.945715394612637	0.0284334821298656	0.0153828317421242	0.000221198502183727	0.00314462021332412	3.43045937640534e-05
0.00776027900616021	0.00557209642707112	0.00573833914939475	0.930477070848165	0.0290999196137071	0.0152234327126777	0.00040237832389301	0.00255330614286444	0.00317317777606685
5.15590304496005e-05	0.00755028896641407	0.00813250941640449	0.934352524237883	0.0328712357992913	0.00572891694993355	0.000536149815906036	0.00370437838538997	0.00707243739832867
0.00656311736800627	0.0108496069690972	0.00564318040584769	0.948683941306097	0.0145505014714206	0.0106475585551343	0.000349735142727471	0.000308399258625444	0.00240395952304376
6.20355972647032e-05	0.000412746930877892	0.00620141848310973	0.943643416738345	0.0216014327333989	0.0234819814821192	0.000987568505215303	0.00308803795457749	0.000521361575091961
0.000136961524177292	0.00515944153501628	0.00755027793081668	0.935583416191625	0.0240999733273887	0.0202298201622664	0.000331091599852954	0.00207725406933132	0.00483176365952519
0.00095135101006345	0.0188353830295353	0.00400274668270261	0.931344178564493	0.035902544901983	0.00596431726933803	0.00102563659104255	0.000828699272713596	0.00114514267812868
0.000186935239084842	0.0010717976090828	0.0047939400884157	0.949467985353851	0.0176955329879911	0.0185750152849133	0.000162257568823367	0.00383274290113592	0.00421379296670149
0.00987949650861017	0.000217947342025302	0.010065735392522	0.930392160560328	0.0278368569654083	0.0171366945462962	0.000968785898339068	0.00329568552169334	0.000206637264777931
8.82160547465417e-05	0.000209069630941133	0.00591256715377178	0.913221761526069	0.0442647771869311	0.0328998251085634	0.00115885658796345	0.000558079699756274	0.00168684705125706
0.00399604894997686	0.00479948229659634	0.0289910743149118	0.907982079027098	0.0150131873909765	0.00033132477826661	0.00370691872032601	0.0351164345417256	6.34499801217278e-05
