Basophils	Bcells	CapsularFibroblasts	cDC1s	cDC2s	CentralVeinEndothelialcells	Cholangiocytes	Fibroblasts	Hepatocytes	HsPCs	ILC1s	Kupffercells	LSECs	LymphaticEndothelialcells	Mesothelialcells	MigcDCs	MonocytesMonocytederivedcells	Neutrophils	NKcells	pDCs	PortalVeinEndothelialcells	Stellatecells	Tcells
4.17502330974633e-05	0.000228980511044974	2.40080316791583e-05	0.00866809366050039	0.00355883626648283	0.00618685491647683	0.0589055951392258	3.48562922339766e-05	0.83058899161488	4.15200622686222e-05	0.000383311477754309	0.0448226327050528	0.020261511798179	3.22592732900486e-05	2.32025338283267e-05	0.000738348672128878	0.0010919812919065	0.000181459251634086	0.00054352679062145	0.000536683538575113	0.00102336164045743	0.01170101508454	0.0103812192141422
8.16943619646446e-05	0.000522001238836995	9.67360428842003e-05	0.0163270448239421	0.00297951415318964	0.00379432229438103	0.0575653533111441	0.0139235113695783	0.808988509932395	3.34934441934812e-05	0.000233301396945453	0.0293803071965754	0.0314110245284718	3.30450433931046e-05	6.0984024515897e-05	0.000155884404407483	0.00175122234126354	6.34233709538752e-05	0.000207341365119214	0.000125846555757985	0.000926473293394377	0.0168983849830956	0.0144405805235965
7.23811200898876e-05	0.000245181285412391	0.000147856994840874	0.00818327346736596	0.00267207958865099	0.0012061762225366	0.0661711561816545	0.00276452879332066	0.845630092138977	1.29238242467902e-05	0.000171803553814942	0.0232865902148446	0.00648348012766658	9.28542954725261e-05	0.000156781482404902	0.000481998482130236	0.000220865986620391	0.00091400971094511	0.000118350325074974	0.000141276511645576	0.019579050120711	0.0139466315716707	0.0073006579999035
0.000386365206384416	0.000227303464587345	4.14989018607305e-05	0.00578474150355609	0.0074924143829233	0.00169864011562472	0.0613144678846558	0.000435702830819603	0.837925958781254	4.55448832971915e-05	0.000166974000019965	0.0269117142886124	0.0225140769089025	0.000340851540565546	3.20682498518106e-05	6.11203864294371e-05	0.000121113915206611	0.000124540959258787	0.000144466959385908	0.00535142498055475	0.00661980478428981	0.0179238805364272	0.00433532453553205
2.81103752127062e-05	0.00245094099880822	5.19648838238833e-05	0.00289871813268983	0.000406706768157712	0.000763966258419248	0.084770265564613	7.76575348125276e-05	0.853911856825112	6.81789569768063e-05	0.000443102294031926	0.0121874101802204	0.0145453233872898	3.39406226986203e-05	5.66448128267014e-05	0.000108079842428876	0.00148143599856515	0.00580612880179143	0.00255749783321337	0.0022166667115724	0.00508317877751923	0.00741799499815592	0.00263422944106064
0.000405324622160572	0.000206460942252506	2.44148384914425e-05	0.0050752040190543	0.00710416723648903	0.002613269819145	0.0571773693714761	4.67862212887838e-05	0.821761124176144	0.00110344997864309	0.000691304785879869	0.043050760379171	0.00932732779490584	1.53429420125325e-05	0.000217504751809633	9.53557828920555e-05	0.00202264183994257	0.00194034291435342	0.0150690632893694	0.00128110481776218	0.0167330012332433	0.0116862173209541	0.00235246092255928
2.7163995655313e-05	0.000276797128635824	1.42074609373275e-05	0.00842813771665563	0.000244428744375916	0.0184377914533382	0.0622088514056434	0.000198661614301207	0.846025079981433	1.1091459178283e-05	0.00109010805114062	0.0263010195946672	0.0145903234150024	2.95050250343375e-05	2.05601913789504e-05	0.000829259690616714	7.08014780140974e-05	0.000372834425285861	0.00204168545025501	0.00059764673151176	0.000440083096396081	0.0172904983271113	0.000453463563431944
4.16752583310956e-05	0.00160765861115661	5.34089517131402e-05	0.00218837341377102	0.00413588733554537	0.014916565123537	0.0667992674737818	0.000202047486341634	0.85013515752746	5.36475147147842e-05	0.000739999024566054	0.0209325294669486	0.00587046252360773	2.05706083859884e-05	0.000111294259240757	0.000634931802747554	0.00237931633639861	4.78378522032497e-05	0.000345351355768117	0.000645321470613798	0.00593444227274798	0.0197857262912946	0.00241852803912495
3.70121471378414e-05	0.0163831902836399	1.35060673613803e-05	0.00881182186233445	8.89947617955756e-05	0.0134960613826338	0.0518511263134078	1.28999726255943e-05	0.832828163855315	0.00026107259228435	0.00688529383359606	0.0276800495012169	0.0179664608470392	0.000144322841965692	1.57377105413945e-05	2.14115794725292e-05	0.00128579957856199	5.31840834621162e-05	0.00015658135527518	0.000156623386605946	0.000314800732321628	0.010261367712463	0.0112745175989423
1.60964592255157e-05	0.000115019570763142	0.000108638458036182	0.00922960791316746	0.000120614605176557	0.0197379141324442	0.0552245634945079	5.24308888419606e-05	0.848583891931914	0.000150684216062061	0.000347381878167768	0.0231662662197917	0.0110572707061443	2.53834750791962e-05	6.17462015624994e-05	0.000833758761264648	0.00189059345917099	0.00150120747226706	0.00117482868570936	0.00021329631036803	0.00207790170096907	0.0045537932825416	0.019757110176825
1.53795895088765e-05	9.16176959118523e-05	2.43872587586025e-05	0.00680193714442375	0.00609173504805981	0.0231115958122581	0.0547294269330556	0.00100308461847658	0.841113717691764	1.45797356686252e-05	0.000555207325001859	0.0201349416009552	0.00149540562271455	7.52430458027977e-05	0.000134169288798782	0.000165816698438082	2.46655574136558e-05	2.71259855444012e-05	0.000651161980434234	1.93875145534346e-05	0.0021135378548655	0.00932477084192499	0.0322811051556674
2.21987572918472e-05	0.00508853387772582	5.92217304620223e-05	0.00121125878799249	0.00164337996157372	0.0169466772089643	0.0710349757036873	2.68831197195157e-05	0.847886302766345	7.39912913696603e-05	0.00124727191288631	0.0209570774416701	0.00197172544377407	0.00223785066277345	0.000575937421646024	0.00161326280679518	0.00589908324293566	0.000493336184220305	0.00255472564838269	9.52438108093743e-05	0.0010614810540126	0.00790415950736507	0.00939542165759727
6.44467304346796e-05	9.79430939394154e-05	1.67024236121943e-05	0.000209271912333603	0.00924727196612715	0.0204349328995078	0.0624914720741969	0.000525395568350555	0.839817618202975	2.32178050004308e-05	0.000132237829126	0.0193197094542124	0.000736202571981487	4.12036835060751e-05	3.36437912011346e-05	0.00103257837516826	0.00351058820307826	0.00152185028278056	9.2580504547543e-05	0.000207509797806824	0.000434965643730208	0.01430990719271	0.0256987499936728
5.05606944575619e-05	4.85054769831938e-05	0.000746639851927037	0.0095753479528478	0.000567353296706346	0.000324042929027296	0.070840644899951	0.0243467863131038	0.818808747883684	0.0139649279803014	0.000163900974099642	0.0161353401230058	0.0129581217789329	0.00599649410906559	0.00179420643773421	0.000513042509245302	0.000346417879963917	0.000692094249186122	0.000216330163709485	0.000427211160527976	0.0211331636020895	0.000243924644577239	0.000106195088873052
0.00183704899728935	0.000185059150394921	0.000185383404803827	0.00661845225393525	0.000993229582047772	0.000498340517928987	0.0661220715381836	0.000234184829083892	0.827631576758301	3.48816067263064e-05	0.000273185581829112	0.0346286421579304	0.0194216278672052	6.8807199996819e-05	0.000183251883520498	0.00056191962073241	0.00268335710506374	0.00353544832043195	0.000152108670009829	0.000308101447770813	0.0034261781492137	0.01468278294014	0.01573436041746
8.02155663216973e-05	0.000260034159098085	7.44313682280797e-06	0.00562769245995586	0.00504402636142844	0.0121142923564617	0.0561029266117151	0.000284402175598843	0.801234374010614	0.000593092299234812	0.000433696421993959	0.0320092658927607	0.0107581814348083	5.04125456380977e-05	8.26247612721674e-06	0.000353686402198947	0.00196265095119597	0.00326219858763459	0.000509146248973575	0.000622399614539043	0.00292791223189089	0.025748253882717	0.0400054341722707
0.000143368977301774	8.21750520156355e-05	5.56077864576808e-05	0.00267263391153507	0.000950326839698683	0.00278934460226788	0.0484887381508529	8.81794019939618e-05	0.847049042277008	0.00018952573885354	0.000171601120822863	0.0220890659966233	0.0119281174790944	0.000770899910556821	0.000111125112139601	2.8197601693002e-05	0.00354092131950972	5.55687897117683e-05	0.000216615831067849	0.010535497777887	0.00088400824090338	0.0198570980686165	0.0273023400133889
2.85330156114176e-05	0.00318971541657366	2.86445428969502e-05	0.00724774446977853	0.00222809776263049	0.000521238692065151	0.0526609312208537	5.31509229797943e-05	0.828816348970681	3.06824026937803e-05	0.00271113785712647	0.0551403891463519	0.0129548026181853	2.2582905846816e-05	0.000447530119665757	0.00213035583571023	0.00568974041646966	6.48835080860007e-05	0.000362016354613802	0.005104718844927	0.00372642619108486	0.0145330826357794	0.00230724614938809
0.000148060360925663	0.000157659641707368	5.8365872932354e-05	0.000282844276146254	0.0204365391452278	0.00397896835055618	0.0613966554133096	0.00155524688867191	0.823767892386627	5.28912666331189e-05	0.000140951239996015	0.0366862580063046	0.00382057374575176	3.22105885186603e-05	2.69792752821402e-05	6.37974187321985e-05	0.000274608952261102	0.0004324421304203	0.000166663310715754	0.000255330457234112	0.00779458158985813	0.0134748197277573	0.0249956599544307
0.000203445529637304	0.0243872760396904	5.50543316631856e-05	0.00716230730558385	0.00491297014755157	0.00031792887142209	0.0550640887083552	0.00117021889082265	0.813821523568491	2.2353624903567e-05	0.00288211713425568	0.0419566467761058	0.0200808367647223	9.04187397425101e-05	0.000461123790945668	0.000220993030376078	0.00243326144872218	0.00305358499217294	0.00408304287691132	0.00016158832950919	0.00108902314972311	0.0124885047084283	0.00388169124026368
0.000130965579773698	0.00678075992628569	2.75190661606081e-05	0.000189019086885159	0.00819576689380967	0.00722433902917676	0.0572975363341552	8.72552237895685e-05	0.843747964257051	1.94415436489085e-05	0.00206139042372005	0.0312653668145372	0.0247418089382991	0.000132494370162369	0.000100491207482414	0.00339915606510897	0.000593691368845466	0.000151578115956566	0.000668600594502036	0.000225640723960514	0.000388794189955737	0.00651783228662936	0.00605258796010426
9.01246673631383e-06	4.54271538848904e-05	1.36118569742387e-05	0.00450681067920036	0.000127994872740072	0.000420961525408615	0.0734428288839065	1.6838699494553e-05	0.852271454001358	0.000274268300949655	0.000114942931696475	0.0360505292477864	0.0270876042025107	5.99120274812996e-05	7.22867132083685e-05	2.42369048845744e-05	5.120914000032e-05	3.04138115894984e-05	0.000123336578722893	0.000100599613481375	0.000993514614235381	0.00377666294958234	0.000385542824167268
0.00131057051841213	0.00115880109235527	2.41976877544691e-05	0.00732864027621504	0.00632183124601484	0.0415490635433924	0.0510179849843057	9.67536369610879e-05	0.820321165151221	1.35564133095229e-05	0.000255287220608013	0.0233124663082978	0.00465253934999621	5.82614594335584e-05	7.36882852014659e-05	0.000385645600423988	0.000228877749962656	0.00347216117988015	0.000747646250636275	0.000960654806299417	0.00113268673739768	0.0079318698468336	0.0276456506550877
4.21196891950899e-05	0.000364291141859182	3.67022551642725e-05	0.00278855566128112	0.0097743388844743	0.0177868641195615	0.0587256387637193	9.27552853493815e-05	0.773579786254721	0.000265951199942231	0.000292729666757936	0.0407327638149465	0.00138221336425056	5.15528878754099e-05	0.000223778238889776	0.000589038631616949	0.00283091110552844	0.0618249199999059	0.000277106710359537	0.000207263272283948	0.000178004007842673	0.016492666280971	0.0114600487635037
1.79286383847013e-05	0.00578374394013189	0.000237311793467016	0.00527932176097567	0.000286839590821195	0.0126187485908083	0.0568452425418718	1.3310486533096e-05	0.845749385752557	2.82440289594937e-05	0.000211489922718266	0.048434517009122	0.0123017576757449	5.29350393704081e-05	8.94181011917126e-05	0.00150047868419778	0.000523466219186974	0.000100907705414663	0.000108143500112443	0.00110917652258682	0.00108278875942409	0.00736301948189875	0.000261824254520551
0.000664905424276058	0.00825474785647735	0.000386785240600693	0.0109603967578252	0.000475108564994392	0.00706387831075528	0.0505216351245773	8.45225486622633e-05	0.819123267719848	3.71835293359864e-05	0.000169879318400707	0.0389305616048977	0.0383802519247417	2.16895682072701e-05	0.000124945038981715	0.000111835097134513	0.00169438161765274	0.000200366611564704	0.000274353498609792	0.000926043631870766	0.000686211462916429	0.0108665103177146	0.0100405392299543
6.06028883731328e-05	0.00590707895130969	3.56044916957635e-05	0.000106883319250415	0.00685189541047275	0.000345069781360195	0.061555302815363	1.8806517061272e-05	0.847510066538436	0.000448126805750101	0.00459210849396037	0.0440327878019857	0.00655558294378635	0.000143110282817389	0.000193614583367255	0.000301072901729663	0.000135841487277951	0.00150418116919804	0.000939195273571687	0.000318190004520518	0.00918544278376182	0.0082158724660966	0.00104356228885481
0.000100460670033073	0.01859693558105	2.20045916286622e-05	0.00670210805108704	0.00167075418205622	0.0170222693302141	0.0634858585948298	0.000106152294172123	0.847825747341731	0.00100970392418703	0.000365667336277562	0.0164973602372304	0.00178710013269529	0.000979162856041504	1.79157946792687e-05	0.000786227416281241	0.00124719215215302	0.000153542533186799	0.00096972050511697	0.0002883453488431	0.00891181827719714	0.00870492832013592	0.0027490245291732
0.000133207330790254	0.00186023819331967	0.000250757022663503	0.0041938000014033	0.000295666113466155	0.000333412558344512	0.055571972238974	0.000141423482987527	0.828090817430969	0.000713404450804416	0.000512695042658977	0.0419516173232982	0.0149581929241575	1.62178079626156e-05	0.00011573492434964	0.00651672338215979	0.000469382209372005	0.000107795704330322	0.000119351108206614	0.00206297806980956	0.0163220025844891	0.0186460999146247	0.00661651018085847
0.000238153094058657	0.000116655790047094	8.84474970489716e-06	0.0129306121653294	0.00030732668973611	0.0225992936589958	0.0621071943818646	0.000655710494868511	0.832879175723905	3.93786902721868e-05	0.00216263270613032	0.0370713620486171	0.00321750697487209	3.170687722497e-05	3.64298134521094e-05	0.000344858619808926	0.00290635292107284	0.000256711673317862	0.00214453225836998	0.000160615443711379	0.00690766132288896	0.010976111717537	0.00190117218421407
1.32872226532316e-05	0.000122067357352987	4.19974039968747e-05	0.00894503855065774	0.00289044069761044	0.000355088208575645	0.0694883956810097	3.64559372838616e-05	0.814951703651301	0.00102715484580063	0.00653687407263574	0.0455013269915092	0.0240508474890912	1.59814501217366e-05	0.000127249221363511	0.000971756853968949	0.000414379577595459	0.00175470813942344	0.000402755902163348	0.000612062601331111	0.0105897918889137	0.0102254925364018	0.000925143719239193
2.52087026050285e-05	0.00138650106013965	7.580196965389e-06	6.37973644401486e-05	0.00460329340551694	0.00114962282278668	0.0604988028626781	5.23837133926821e-05	0.814561271967205	0.000210636969210998	0.00442494646513874	0.0523390339155929	0.0340483863852002	0.000121707931422985	2.16021557540949e-05	3.58375140312588e-05	0.00308624563949101	0.000306757463229185	0.000176978598195407	0.000417346739339331	0.00375330866755281	0.0177378961509093	0.000970853309202188
1.45476299054485e-05	9.38197906232167e-05	0.00010284558039559	0.00501866009450624	0.000721347162998991	0.00434837908607751	0.0776533844521966	2.2853510958103e-05	0.823111384158597	0.000729226475744784	0.0104036275705114	0.0394786888591172	0.01753063813008	2.219324385665e-05	2.71889127478846e-05	0.000560677712633531	0.00619880102153627	8.85751398020632e-05	0.00271747710636553	0.000160947364786785	0.000102770332878294	0.00474023122593312	0.00615173543774726
0.000194191264108553	0.0209429664509377	3.42325268628042e-05	0.00706305937597007	0.000181249553040246	0.000454288925085037	0.0558078074316311	2.72125824421686e-05	0.824932498123679	0.000350745917017539	0.000232649689460084	0.0206849214195359	0.0382052511468537	9.13036243574483e-05	0.000312788968472457	0.000579876573029519	0.00345001392605624	0.000441188269324084	0.000395508698225321	0.00220243643265718	0.000282246429788706	0.0156267894029159	0.00750677326854921
2.60664136002095e-05	9.58662053388245e-05	1.05809324606951e-05	0.00600237343434998	0.000683441379280411	0.000229178442155631	0.0647652968884513	1.28785133353316e-05	0.858212450222873	9.11390107923773e-05	0.000862669921944421	0.0203549809925807	0.0186858599862434	9.34842341613388e-05	1.73195744140241e-05	0.00243347197866458	5.91084396556736e-05	0.000149764120800178	0.0115436418201822	9.11612708324345e-05	0.0100974260324743	0.00384173256404056	0.00164010762136886
0.000100414701716409	0.000174568507256365	2.17522465101712e-05	0.000239972428004976	0.0158384642488479	0.000827165444391403	0.0629844474187355	1.1395789394951e-05	0.819635418185058	0.000193037326055883	0.0106378581349524	0.0528287360380592	0.00870768885050537	4.02440211552969e-05	2.81384975508403e-05	5.34147505966868e-05	0.000314258672025687	0.0004938733412834	0.00110876418533806	0.00098951772499873	0.0169947252828082	0.00537571130782983	0.00240043289692406
0.000900477604153417	0.000130258407657981	0.000283284267070527	0.00179739850826185	0.000706529241903497	0.0232676577024333	0.0490943571106286	0.000488951150029593	0.813452034996792	2.59454896282735e-05	0.00105887363712179	0.0385907943693228	0.00612982023559722	0.000190514073636486	0.000173531540822766	0.00297811632426394	0.0014345776203197	0.00249411766148966	0.000818861703651829	9.41216520092372e-05	0.00052745430742134	0.0153958624353692	0.0399664599604153
2.58019718104515e-05	0.00290376357210511	1.23899031932564e-05	0.00110111749235587	0.000251460558656165	0.0117986611750931	0.0539149636963043	5.2286866172679e-05	0.820611054066885	2.87065682485849e-05	0.0233847097450462	0.0502565878889333	0.00130094757532772	1.84277452523855e-05	0.000149104183319697	9.47980248806471e-05	0.000500483579087737	0.00512722277259941	0.000315364338316697	0.000267010603762841	0.0188845945087654	0.00883595842021058	0.000164584743672918
0.00121386016101471	4.77256208166794e-05	1.71388657273936e-05	0.000280573752528896	0.000556252692546044	0.000234840803007922	0.0503084655570462	3.31930072538212e-05	0.831241071975997	9.97905206208189e-06	0.000375540943742446	0.0528979313317132	0.00115157655069482	1.33279391895871e-05	1.29673645590876e-05	0.00154321376429869	0.00267802306434118	0.00162278313310772	9.726866554202e-05	0.0090531396665593	0.0316620670397289	0.014739152793596	0.000209906254926642
6.18233328958272e-05	0.000257909145235299	0.000191655343355261	0.00214712534270511	0.0017731421449769	0.000587903324559365	0.0555861781896065	8.7550939228188e-05	0.82453458586105	0.000610243225586722	0.000668736125074916	0.0217942201790527	0.0253816035096456	1.71140238559269e-05	9.0062246583884e-05	0.00150293361434348	0.000949640917409303	0.0385475401774017	0.00679939059647359	0.00474635412803332	0.000315371450244981	0.0104223835294966	0.00292653265318501
4.27931946146627e-05	0.000142740590367248	0.000188065525375817	0.000258343718035062	0.0139515791958286	0.000160330817252625	0.0649083573535719	5.40649103321826e-06	0.846314626266331	8.52753476079937e-06	0.000962329649827289	0.042468667558224	0.0198376621096162	1.00327783271336e-05	8.72473548057331e-05	0.000126589102612888	0.000693799920950712	0.000130034525726586	0.000223134296040823	0.000342797127857002	0.000404457254567818	0.0045145464443428	0.0042179311899306
3.99881256240039e-05	0.000195926926981744	0.000111935497002803	0.00183699931209409	0.000237880140566312	0.00357425359337553	0.0586865857827416	5.1311400775393e-05	0.849315042555679	2.31804509183368e-05	0.00190209323425986	0.0359394365624328	0.0252974481139738	2.78910527142547e-05	3.9214125664688e-05	0.00156301859450307	0.00155933881675231	4.05392286741684e-05	0.00244398374932191	0.00172634643929138	0.00165272158502949	0.0129139838763254	0.000820880835298084
5.26441833738459e-05	0.000212861906670856	1.70445319547787e-05	0.0106150961708633	0.000166605579126496	0.0185473488580279	0.055486640391846	0.000141687827664907	0.817381882348482	2.18482087156214e-05	0.000104558038302561	0.0221507766713535	0.0153004368294051	0.000150472145755232	0.000413394687584523	4.28848547936264e-05	9.26486360308826e-05	3.43774629282885e-05	0.000140791991510508	3.54166916812088e-05	0.000411615372336797	0.00909500704733068	0.0493839595642618
5.12956637566995e-05	0.0103269923985688	2.43796237441269e-05	0.00299360717474997	0.00162366515327587	0.0030595774929595	0.0653152262518853	0.000248223211768081	0.83513367714519	0.000135437169168088	0.000889450675747706	0.0308664801513561	0.00173336312895916	3.79927660003928e-05	0.000802277293418779	0.000245174742824295	0.00485994823280347	0.0117843276664938	0.000200247189398328	0.000537321047517222	0.0248334102033263	0.0038176380606271	0.000480287556460848
0.00192023967153074	0.00181753325526992	0.000172931372005577	0.00615416286723544	0.00178817596846223	0.0165147708276291	0.0673460022745556	0.000532534063514497	0.834278117797584	3.33925351259293e-05	0.000207303076712867	0.0244485649660433	0.00475540203111033	0.000214672355136632	0.00042778531673146	7.73871172402372e-05	0.000411682442688911	4.34719540314683e-05	0.000184826046113972	0.00159604358003842	0.00511580401943059	0.00499334903810702	0.0269658474237019
0.000586056741250179	0.000921072978695343	3.40174729135899e-05	0.00337520476756192	0.000478813064458724	0.000383690355631602	0.0582938183777543	0.000107115225481043	0.827965226875833	6.76369351814543e-05	0.000305337218118073	0.0255469821614869	0.0183690257674317	3.76758171713002e-05	2.46567353136967e-05	3.74176124953378e-05	0.00168406198923011	9.85667235305424e-05	0.000307515099348491	0.00386850726533169	0.000805941173922104	0.00791576801568549	0.048785891626173
0.000905748404612187	8.42221004801497e-05	9.828258508631e-05	0.000525354857389754	5.63146205774274e-05	0.00420337759721461	0.0642996637271588	9.84962025646705e-06	0.867219574000199	4.42188674547651e-06	0.000745912215308636	0.0306770967005867	0.0177770981456442	0.000186966624778133	0.000130448411763151	0.000111077070727942	0.00025895069162405	0.00027834235917017	0.000150719561804589	0.00126916254262318	0.000275538383611087	0.00959395535147636	0.00113792254116095
2.15015534692616e-05	0.00498256769669727	0.00157000966925623	0.000218368648607983	0.00746096942020199	0.00965066117989996	0.0456347335210315	0.00485697430141477	0.829475692029476	1.08643098871597e-05	0.000128619751794011	0.0290842388143538	0.0151285761919944	5.58098063114023e-05	7.02557925827276e-05	0.00108620989075232	0.00535329549621389	2.63118696138651e-05	0.000314810913538252	2.99445879100782e-05	0.000806465588836734	0.00963423232341765	0.0343988866427392
0.000200394488032579	0.000113902726097056	0.000470227260414484	0.00657609553330818	0.00199285101131083	0.000623919405995151	0.061610736637967	0.000773227386395718	0.844744210328115	1.96100601454795e-05	0.000535430117263041	0.0389637752220978	0.0163930381033429	2.57661681241315e-05	0.000119038335661834	2.77915520104385e-05	0.00284314579438763	0.000247938469151421	0.000453077766330572	0.000491237326578218	0.00397995778402117	0.005283656606884	0.013510971916365
0.000262519130837546	0.000234759795958676	2.47603473562959e-05	0.00213449097167389	0.0140818587485119	0.000629343368017658	0.0576520460703084	2.60325608198115e-05	0.826559091355707	0.000106950520327064	0.000211067135574263	0.0520023474562793	0.0126800129323607	0.00266395009323471	2.76683591793799e-05	0.00031145535222635	0.00376856027153524	0.0059537231393869	0.000603622074130175	0.000592378367641485	0.0130853127162337	0.00429108820280071	0.00209696102989855
9.44015887469308e-06	0.000745229387566067	0.00198230481187263	0.0015510692944796	0.00013149563723972	0.0113730966602177	0.0446395168661164	0.000401935369586669	0.808713950415625	1.26693138190926e-05	0.0334148353782925	0.0313082535610224	0.00339878377611779	6.48533177122789e-05	0.000197232098359875	0.00418010430745379	0.0175303514195707	0.0275351902806435	0.000152229464448376	0.000351181274415307	0.000245865399522304	0.0111586689128745	0.000901742894168992
1.19940559284575e-05	5.20669544248525e-05	5.71984490176274e-05	0.00073310673490703	0.000842035116670672	0.000646774045039142	0.0558288804535928	1.00254601054658e-05	0.8547259322786	0.000174849298131466	0.00149641928678391	0.0319594758256707	0.0353691144156286	9.66986638210538e-06	0.00354872905708568	6.7079008252614e-05	4.57717168305831e-05	1.91448855184471e-05	0.000183970566452041	0.0109976699830332	0.000191454298362207	0.0027306084638852	0.000298029779697327
0.000181023393931929	8.67497913611057e-05	1.60774479318283e-05	0.00671602787929037	0.00348112891028084	0.00101990555189363	0.0618355987163844	0.000202676895313474	0.853692534565356	0.00103085442165157	0.000217935536576997	0.0180419225913078	0.025633540418727	0.000150822223712716	0.000226109957869469	6.36116057246776e-05	0.00184090933454631	4.51515428023259e-05	0.000776513942338272	9.37141212828922e-05	0.000476071310975243	0.0149053804902557	0.00926573935048561
0.000340325707431011	9.65901919704469e-05	1.79328452371621e-05	0.000190055765558257	0.0176332568461214	0.00155503086203655	0.0568178190821747	1.7071049987274e-05	0.810312551026232	5.85027533400016e-05	0.00604647464935791	0.0575365249390387	0.0129097812311753	3.7465529324524e-05	0.00228934842569659	0.00514681478591681	0.00501980733747722	0.00570064529787406	0.000430849641011445	8.85115402469493e-05	0.003737359360582	0.00928841564385958	0.00472886548835033
0.000123734736058651	0.00845924240002033	6.36766651942631e-05	0.0109645991814616	0.00154434012558592	0.000177799447498906	0.0559711423463161	3.73478966934046e-05	0.823886056821907	0.000210005512541604	0.0038395951817453	0.041423309312808	0.00651903283126505	1.55346084803923e-05	0.000307792595733884	0.000494296543667853	0.000671393172383422	0.000754610829026971	0.000193506577891299	0.00297358318927272	0.0190142404634603	0.0100433085118674	0.01231185104912
0.000204641563294471	0.00395038514364993	8.68857681610415e-05	0.00438727557236513	0.0016252219422812	0.00268746838304353	0.0581637637698815	0.00119089984826167	0.818324442882631	4.69658744539482e-05	0.000179566107843481	0.0585046280774781	0.00404564461560019	3.60299454222173e-05	0.000269851042037013	0.000245472667296002	0.000498506382541001	0.000668520456827362	0.000167644934932359	0.000262451364747587	0.0170987510655623	0.00650247809836063	0.020852504493329
3.95487778798112e-05	0.00159723541705558	8.43934492702186e-05	0.00711836579599244	0.00142497982721273	0.00328020667940417	0.0589563475177551	0.000977751021596405	0.833651036081378	0.000530668900767467	0.00148079856507765	0.0452633350493843	0.0101309735993531	0.000140883562043404	2.7296084740188e-05	0.000138972366063538	0.00394637124102815	5.17985303543427e-05	0.000460377153238474	0.000146690649369157	0.000551129412375564	0.0230313932320748	0.00696944708658572
3.57106904880921e-05	0.0150660192906366	9.30575142082209e-05	0.00372439683586824	0.0078466949532544	0.0270294753477004	0.055919775120559	0.000398590762430626	0.812574951566511	2.7411279123801e-05	0.000335335604130733	0.0327136830721551	0.00664200900708515	0.00042575996986147	0.000878804014698966	7.07739602536457e-05	0.00113743018935375	0.000192480885989315	0.000382866907023726	0.00125235323037943	0.000571561853679552	0.0226548496388669	0.0100260083057421
0.000132480420947792	0.000182562334785816	2.18446731388467e-05	0.00249513940363093	0.0159219291268476	0.0151173711861466	0.04409241775281	0.000100521709133481	0.82407739498997	1.16253805601336e-05	0.0001669707131448	0.0211776649830603	0.0349830035168992	2.70176448408795e-05	3.92852723954684e-05	0.000647388742324768	0.00537267011052511	7.64828450308476e-05	0.000203802858146817	0.000472295127731638	0.000872224149856678	0.0131705103187695	0.0206373967393022
3.09597951341078e-05	0.00014115290717141	0.000172477367172702	0.00478112661726922	0.00601903185609862	0.0160541977150721	0.0677769901948619	0.000222136492673413	0.839227705421126	3.13748985784505e-05	0.000251209326688857	0.0159472005881199	0.0261840053223414	1.4521795523084e-05	0.00013167671916594	0.00084015735254883	0.000254032978124272	7.2266189526766e-05	0.000860171420228428	0.000356420674365514	0.000380766971581788	0.0100631042510121	0.0101873131456147
4.79784089841024e-05	0.000198431701245948	9.66245051660802e-06	0.0147887323717579	0.000401520045057633	0.0484414134240313	0.0550694124500929	0.000178289085624517	0.825820302090253	4.46167190370227e-05	0.000141560049195923	0.0227591596083814	0.0141205489586977	7.21825423411388e-05	1.88454285914817e-05	3.9464027571202e-05	0.000182312390945038	7.54511814340955e-05	8.14876853134985e-05	8.31785530458358e-05	0.000613643963485305	0.0160237185766256	0.000788088287770951
0.000111149493770985	0.00140286469081817	0.000255071461883128	0.0025332527576424	0.00179986986812237	0.00812181375109093	0.0635139993094655	0.000484895241573856	0.841096366094416	0.000124160848297505	0.00112350682483099	0.036141652098475	0.0155771669472945	5.90942687995742e-05	0.00272625458069727	0.000276430473174249	0.00169381478930393	0.000164029999372673	0.000750095350001827	0.00420769082333997	0.00734048779915598	0.00974984368610935	0.00074648884236373
7.0354666890152e-05	0.000388748170977868	2.11596249927576e-05	0.0148815323874264	0.000757836836427152	0.0384853927653095	0.0630002160546542	4.56157207646957e-05	0.836536219091287	5.46273443161183e-05	0.000365175229111529	0.0164082605087038	0.00316961580611508	3.88135826867437e-05	0.000501736377814644	0.000623496543472325	0.000123283950333017	0.000134077342968582	0.000156842360989461	0.000148207718682048	0.000679270547915207	0.0216222167358774	0.00178730063228446
7.34828401696723e-05	0.000141386556214368	1.41290344595525e-05	0.00664640448683702	0.000455943530998928	0.0242335246757457	0.0627984839347884	0.00455510858695112	0.836001340198233	0.000394534024170223	0.0111610646796668	0.0152629517963747	0.0200751148430288	8.24798578949677e-05	2.43122361647304e-05	0.0007238291757472	0.000241869316268339	0.00157230982416869	0.00102591290007556	0.000476527977586114	0.00207314095221124	0.0104854877999608	0.00148066077228438
0.00074713175386883	0.0377151268192734	4.65730361806285e-05	0.00240670141924518	0.00153766039760689	0.00064355515136449	0.0586244694831897	1.45818898979168e-05	0.801821995412188	5.50448745191804e-05	0.000296523492726852	0.0312260755648113	0.0272024784293207	1.95100715358541e-05	0.00514336508751948	0.000902455083796848	0.00528946650945105	0.000399899970010975	0.000616754789272912	0.000151976301685073	0.000123905953979735	0.0116485171101047	0.0133662313984502
9.01130923953628e-05	0.000152974641349402	0.000251984524715917	0.00259299200516351	0.0151459150891861	0.0115671616684452	0.0532396515178958	0.00135841088957455	0.840623617325228	1.93283331806552e-05	0.000240717691996081	0.03653259646727	0.0136931156555624	2.73724092613945e-05	0.000633690315065101	0.00196827636093599	0.00277761176670446	9.31851243507516e-05	0.000280736023047093	0.000748758246586731	0.00163019063421486	0.0139277393867986	0.00240386083107231
0.000202518825859461	0.000127383787965655	3.39287845723006e-05	0.00658113417818489	0.00723058665516885	0.000533769948862673	0.0560988362306011	0.000421087677968639	0.829479387800212	0.00033691225810888	0.000713427217427308	0.0462742416320217	0.032847596987277	3.59499271980418e-05	2.31828365691389e-05	0.00146676488762967	0.000244405474760686	7.11256983453701e-05	0.00152672392530488	0.000121237542214586	0.00788770057458969	0.00604762084846515	0.00169447630069198
4.92564720977357e-05	0.00311590504175342	3.00720145713255e-05	0.0111312857379715	0.00352769398291416	0.0259855062736534	0.0537964570990094	0.00555262267202456	0.799860914233645	0.000433065026462474	0.00276496887831662	0.059172036829208	0.000706103621476928	2.00658027332782e-05	0.000159077600175169	7.38195760709985e-05	0.000257296836967372	6.04788977490945e-05	0.00108115026733777	0.000333313703976713	0.000590213623345482	0.0143253938221635	0.0169733019863755
7.26249334897632e-05	0.000107074003666768	7.68160171976472e-06	0.00503449695774132	0.000157833735499244	0.0403208785851485	0.0488774675625694	0.0083106691653795	0.790240452660952	2.04286715461649e-05	0.00023624948982043	0.0329615726397804	0.000550625571280195	0.000243895130527991	8.23505575594923e-06	0.00141159690088704	0.00652312493160498	0.00098829681096686	0.000210352052356793	3.10228209916495e-05	0.0299250117268354	0.0307191949075037	0.00304121408397688
0.00251359626414329	0.000154423539197943	0.000123095659314081	0.00864521366972327	0.00021389099134565	0.00748861777437745	0.0695303629796443	0.000414319241478093	0.835194505782432	2.76804574027102e-05	0.00150959251441382	0.0229327050942391	0.00938010084639342	5.17947080473561e-05	6.74630633405469e-05	0.000407765450982205	0.000158384048963981	0.000443066429961599	0.000549779668891017	0.000113930883712776	0.0116027917251382	0.0242760143029177	0.00420090490393934
0.00316581423815409	0.00333951245695822	0.000162674658664828	0.0042496595520542	0.000397204087760208	0.0149480191772604	0.0642308351430989	0.000122554271445595	0.840377467783431	0.000203986005610237	0.000219585739630002	0.0242090680478533	0.0188629797163996	0.00279198573812305	3.35084742947103e-05	0.00285656737028824	0.00090917239719389	0.000241009329501362	0.000218801062977019	0.0002242101091187	0.000615032760772202	0.00854714856795642	0.00907320331145317
0.000249942924277896	0.010398167310383	2.96550988671418e-05	0.0100302869044191	0.000344897951110838	0.0155031175157576	0.0591149288445911	0.00429946422840874	0.830718382062792	0.000565780899442647	0.000793065063578428	0.0294481383865841	0.0176347093409307	0.000341325998228057	0.000127117608306633	0.000650932567726738	9.94166394103974e-05	0.000263899557346835	0.000282107848065967	0.00027020073761001	0.00399840104492282	0.0143682483156327	0.000467813151606228
1.86020347002974e-05	0.000170736236726165	4.51692032880139e-05	0.00319840565293121	0.00420440255281024	0.00114060054361552	0.0632328335053513	7.79913743010026e-05	0.840902079892467	0.000240765718600806	0.000213698944510916	0.0146061575125042	0.0312637530286391	3.12303965612736e-05	0.000104708959990303	0.000216280674196575	0.000122436626854492	4.01282326258284e-05	0.00088323436670182	0.000114516100935316	0.000171042085128153	0.00467928121595778	0.0343219451406029
6.06754673832093e-05	0.000153808155814414	4.03824978907956e-05	0.0112172635238681	0.00179219232446784	0.0145250774154932	0.0517157150136266	4.85308714478301e-05	0.833021002160972	0.000114232286848131	0.000589095385874267	0.0433238466625302	0.0127988288898646	3.73906185368642e-05	0.000111646238547087	2.43788041101614e-05	0.00608967582628348	0.0013699532742637	0.00291297614682812	0.000119527126990089	0.000191868534944242	0.0143821968222006	0.0053597359512149
5.49921005576571e-05	0.000165556222095836	1.60517024035277e-05	0.00848512235300352	0.000745767011946383	0.0052579000124898	0.0467124191884867	2.61997956562461e-05	0.808437760191366	3.35647483520437e-05	0.00052872885945176	0.0326336141882107	0.044007364935383	3.32967204091115e-05	0.000926587525490032	0.000458559789746111	0.000444715853664934	0.000182199218371582	0.00027903751330825	0.00124418326503715	0.00104654494130918	0.0140523931354433	0.0342274407278174
0.00113662060106605	0.0134669646726043	7.63710052862185e-05	0.000518353884046032	0.00200616010276882	0.0346952418694898	0.0651066118295508	0.00188882646224687	0.837400014351148	3.95085140359649e-05	0.000139608466719711	0.0200763347566461	0.00156378921879465	6.31201247258281e-05	6.78299321193986e-05	0.000705011440221196	0.00196816872672979	7.40834971165523e-05	0.00451789908136945	3.04108734365284e-05	0.000209874526568924	0.0135275917842365	0.000721604279072257
1.12670857633611e-05	0.000579346972371084	2.53831950066705e-05	0.00400478506667429	0.000847451371214267	0.00795845913788794	0.0445090207575486	2.39580862878072e-05	0.871991131151868	4.52507856627551e-05	0.000311403733312701	0.0328537823497898	0.00309100928126907	1.72481426356664e-05	0.00168875331310144	0.00147260975778713	0.0050992149156403	8.54902718690765e-05	0.000194786660678448	0.00144342953889729	0.0189852380634401	0.000941933154782358	0.00381904720651218
0.000254580857744753	0.00031190696008488	0.00390855324345262	0.00923210592452521	0.000114919528382266	0.060318788340448	0.0558177445836602	4.14906978355607e-05	0.808042022487895	0.000939875578191659	0.000242316428332658	0.0363052162812993	0.00249493718617047	1.74495580086309e-05	0.000554638596992799	4.52867273528869e-05	0.000108226437704617	8.47186818224333e-05	0.000183746880475136	0.00267427903888677	0.00124075376808465	0.0166414018947731	0.000425040317876473
0.00106856874790979	0.000467835516658562	1.31878499118089e-05	0.00666034284963539	0.000863587192447304	0.0317101988730534	0.0594794258399869	1.36557926865814e-05	0.840477492750574	0.000166618878642198	0.00109307711109991	0.0427634584191828	0.00106700514029062	2.73692682661144e-05	4.32164906765369e-05	8.80833293211567e-05	0.000144341903140935	0.00109173254545563	0.000181892070752387	0.000578362293019558	0.00640066041070614	0.00499438187796042	0.000605504848622511
0.000119275653755617	0.000115765988965406	7.51715803919087e-05	0.00638590935875293	0.0101686000353441	0.000227449117477088	0.0588541590446774	0.00407720128487893	0.850634637420915	2.09635999594093e-05	0.000504202095844577	0.0192092676432334	0.024120911643752	3.10427493149259e-05	7.70576849221033e-05	0.000118344952729916	7.18136728693631e-05	0.000123304266911545	0.000337408679301013	0.000933750225240088	0.000146940704012757	0.00661235728263613	0.0170344653141138
8.32214140727827e-05	9.90031001289013e-05	2.08718550092863e-05	0.00204446364905412	0.00306113325348808	0.0266617572638296	0.057330337367869	4.14202719063799e-05	0.820869715756136	0.000106402651836249	0.00303099617256513	0.0186978323906508	0.0269796227309255	0.000373419585780645	3.28180794000188e-05	0.000317902478540571	7.15080106824035e-05	0.0166494920181163	0.00214636967335581	0.00178395891211873	0.00224290861531684	0.00948256538643997	0.00787227936277655
6.51617454065606e-05	0.00559217968708475	0.000412925220995546	0.0035569458541742	0.0137581056012818	0.00726442210909914	0.0689768453083104	7.65836168505326e-05	0.819243952424444	6.87786407861693e-05	0.000482475093925839	0.035668286981611	0.0310961973849783	0.000229170883644157	9.94778917511768e-05	4.64106358948024e-05	5.33512352471065e-05	0.000173228620545591	0.00122639041436848	0.00119264003153646	0.0010188342091107	0.00867077599341083	0.00102686041554204
1.45686750868537e-05	8.41613333461794e-05	2.4441120621915e-05	0.00262342331878798	0.00145115158850962	0.000536242079750357	0.0724871962612633	3.52972297239914e-05	0.822320060468651	6.49862803172461e-06	0.000137158023978323	0.0104774188352866	0.0254054750183137	5.62987153669901e-05	0.000214944764667656	0.0011573309910947	0.000343615029119884	8.62138246452859e-05	0.000293237015253196	0.000115321430640618	0.000354410093348072	0.0112630390918843	0.0505124964626277
0.00524735742614854	0.00318897949115711	1.59300468993428e-05	0.011690238051366	0.000268877478073064	0.0325541845224921	0.0561638765372468	0.000429963428271551	0.832823341891974	9.95900802940912e-05	0.000172113493453909	0.016032858955654	0.00754275790753063	0.00166842794415719	9.32954935041088e-05	0.00014013838112847	7.29272893079513e-05	4.88530378728372e-05	0.000406658150962486	0.000190156284745266	0.000730224258673354	0.0129051771454888	0.0175140727035986
0.0153997318325779	5.48416637915338e-05	8.15067223948386e-05	0.000805329512680581	0.000304197570416332	0.00275476838425643	0.0628997817018945	9.06657586276689e-06	0.874263335772854	9.53761233719075e-05	0.000793041433158582	0.0159516075737445	0.0203833050670612	0.000200698781097626	0.00039108781443662	0.000523725905372198	0.000130661905501999	9.31243445841891e-05	0.000998665394491845	0.000439827608718612	0.000727193151954312	0.0020288662399307	0.000670258919846779
