Bcells	CentralVeinEndothelialcells	Cholangiocytes	Hepatocytes	Kupffercells	LSECs	Mesothelialcells	PortalVeinEndothelialcells	Tcells
0.244206821522518	0.0134973577957843	0.00303110291574424	0.275835462329069	0.111295305595531	0.0116351431521885	0.000370994567127581	0.00102910655341903	0.339098705568619
0.265110491258988	0.00513042056187651	0.00847380954058258	0.247473140115369	0.074763863225396	0.0230768862721035	0.00681472512631434	0.00434298695456393	0.364813676944806
0.19821110961908	0.00515774225438638	0.00793195793732217	0.306085551362388	0.0572602969519007	0.00897675214725356	0.00855353735275908	0.00578675461172117	0.402036297763189
0.218898508114656	0.00465007057724715	0.00225863261738229	0.284628476919819	0.070719457590124	0.0109035914614815	0.000445088867691654	0.016381380184463	0.391114793667136
0.207056602514343	0.00122280227914336	0.016013763469536	0.339803934204786	0.0307124617085359	0.0104497847945886	0.000125726736680916	0.0016434437944562	0.392971480497931
0.210848736526969	0.0015801932320716	0.000418397677508786	0.275695535890986	0.101800692418105	0.0115714173682343	0.000629268785176263	0.00673004424019259	0.390725713860757
0.260846398814137	0.00862534272399131	0.00498746519928597	0.304813316591138	0.0568875589885132	0.0183380070196584	0.000353226380863331	0.00478362535823513	0.340365058924178
0.225307299103037	0.00845346734399864	0.0111915563508916	0.314845778359409	0.052787069325229	0.00935485512494279	0.000863042836979963	0.00194792714516678	0.375249004410345
0.211132467512212	0.00841034245378575	0.00195726212557172	0.288348769586796	0.0693127012703882	0.0144027835564809	0.000208595365531709	0.00211676744601391	0.404110310683219
0.232889418748846	0.00640752330668354	0.000478267874252955	0.314073869569041	0.0548707487171676	0.00946933850281854	0.000324387142737645	0.00439705790493135	0.377089388233521
0.256632981606155	0.0108853219640764	0.00245127553837586	0.266973672334685	0.0685095647821494	0.00161631599168848	0.000572806320696257	0.00252866695522822	0.389829394506945
0.249136826593478	0.00477802258865126	0.0097969112539647	0.302904922409356	0.0524050364913665	0.00394766056384864	0.00126202262304934	0.0023628951759923	0.373405702300293
0.21183087649887	0.0159849451712175	0.000691509204035371	0.299569821963476	0.0606154801778063	0.0022974340165308	0.000968045490138743	0.00151858871508909	0.406523298762836
0.21158405416979	0.00163636465236493	0.0546863316783986	0.282938336290227	0.0307922074876087	0.0115333544598157	0.032742083654145	0.032160856429538	0.341926411178112
0.226134763110832	0.00199806070536771	0.00439720802312411	0.2920129337064	0.0874299271990713	0.0139068885439469	0.0022000783597177	0.00374530771012295	0.368174832641418
0.211544270686313	0.0101079990296212	0.00730249094117821	0.273673647712354	0.0837595682767172	0.00583366251595632	0.00125673353168913	0.00670511406330962	0.399816513242861
0.157688806042251	0.00193228863133278	0.000478103747991532	0.308481019137743	0.0620299669231296	0.0121598831582595	0.0011256516549002	0.00143129295295166	0.454672987751441
0.177324427788751	0.000799363809431853	0.00106233297006917	0.272084230229105	0.150105135397028	0.0116954807439452	0.00424289956756776	0.00105991776909203	0.38162621172501
0.245993159714605	0.00232294004390229	0.00140825796344035	0.278473445833474	0.095775853448864	0.00288507839515494	0.00127107091659883	0.0056376731691387	0.366232520514822
0.224852855733059	0.000979375999696563	0.00155511834997576	0.263829202819413	0.113006972795119	0.00981481898525696	0.00422700739829199	0.0054548275728622	0.376279820346327
0.201034397146109	0.0126375229311879	0.000487973345554214	0.29645361708215	0.0743240355646336	0.0161076130661137	0.000137134688694399	0.00225913856151057	0.396558567614047
0.152746781214952	0.00265929854357166	0.0106544575229179	0.324623293468152	0.0709438910155261	0.019009834480686	4.35764676698718e-05	0.000601027655858676	0.418717839630666
0.271764708279744	0.0264834777370859	0.000965669512351331	0.26566089803086	0.0480768230760822	0.0108601322739729	0.000285899428924388	0.00118144373336551	0.374720947927614
0.236991449932401	0.0060006253861133	0.00691856887106779	0.260295154989776	0.113375495279115	0.00764548304620038	0.000502902245373255	0.000696610195266084	0.367573710054687
0.189402049745429	0.00389447391584696	0.000434760336006161	0.324075154542417	0.10194248230407	0.00819358047176204	0.000665818363969971	0.00107544562181786	0.370316234698681
0.279911510633437	0.00861554703935511	0.000626438461995405	0.255236662184701	0.079938216535739	0.0273711556086502	0.0020573228201295	0.000547864023208054	0.345695282692785
0.215834919577661	0.000546418587054348	0.00096134041337426	0.293286843497736	0.113815408753463	0.0046259421432051	0.000485634699928172	0.00124502481540277	0.369198467512176
0.252996502029507	0.0131954990792584	0.00308514505025192	0.308746286808564	0.0391737470701467	0.0078934469298352	0.000522652185658681	0.00243454289700899	0.37195217794977
0.198159474454668	0.000944133260348898	0.000432719246812756	0.28021932338372	0.110712829475451	0.0140226527237709	0.0030475016081423	0.0080887720218846	0.384372593825202
0.230166460989973	0.0223062573369281	0.000721172122489943	0.274395683881729	0.096092506091648	0.00336478383424084	0.000251807953303936	0.00493672199849481	0.367764605791192
0.197806570570815	0.00357186452114896	0.011489100262411	0.269957446902926	0.108916797787496	0.0216477255720039	0.000556551034443995	0.00284732182864576	0.383206621520109
0.186024555681288	0.00243062730349786	0.00958410340991283	0.286814155774602	0.147919451375831	0.0312986239780479	0.000109663094016833	0.00730116570883284	0.32851765367397
0.198381744523963	0.0030963633416545	0.0149725363730147	0.261391633809481	0.105228694986629	0.0088775972466344	0.000120424837308007	0.000889235922843193	0.407041768958473
0.238558214411526	0.00212193819981546	0.00277102934856454	0.278268544280548	0.0617269763777802	0.032734187765748	0.00115519997481339	0.00170922729067929	0.380954682350525
0.214365031277203	0.000852683206415235	0.000963240248558331	0.318992744171394	0.0429489284373881	0.0112272871014112	0.00014748111285078	0.00621816560784271	0.404284438836937
0.218160235448684	0.00140042868804701	0.00195053812634213	0.272609980721736	0.124673920808499	0.00581038369550774	0.000154159989808716	0.00143287026611405	0.373807482255262
0.208362480437787	0.0131054886032469	0.00195113711272869	0.281870148840228	0.10141265454169	0.0087156145212137	0.0018812679660163	0.000921938967021345	0.381779269010068
0.181286396426122	0.00660253275089563	0.00131099389623801	0.30501867035486	0.134574394074129	0.00904538644645092	0.0010011415550586	0.00957653746446464	0.351583947031782
0.183022367332662	0.00100834362984003	0.00222119719116748	0.30484219460986	0.148047990112469	0.00564119568315053	0.000212283801727404	0.00995833447696109	0.345046093162162
0.248126330715204	0.00201311325668085	0.000384446982017508	0.316049420072381	0.0492127087258821	0.0155389018002637	0.000541101891905333	0.000620153543819569	0.367513823011845
0.201076572392804	0.000474675004346791	0.000602864685579375	0.294194634185774	0.107658208524835	0.0121077303332117	4.8255633189625e-05	0.000306844640963205	0.383530214599297
0.19074499533998	0.00828451563204662	0.000385829618780504	0.333048872369781	0.0793493214443778	0.0206996387461102	0.00032377573231518	0.00101449464092731	0.366148556475681
0.22893258233819	0.0100274388981537	0.000501830390965658	0.282351208351519	0.0516484454495031	0.0113175951437958	0.000633486312312002	0.00102985930184113	0.41355755381372
0.227262483557379	0.00201371330122042	0.0127111719675538	0.30119726584989	0.0903347751244573	0.00189223797303171	0.000299959940620208	0.0111326212117756	0.353155771074072
0.248348406326797	0.00487912632748811	0.0014752830155797	0.290594453909607	0.0524452062820591	0.00507766662752002	0.000393049970535193	0.00649898024454479	0.390287827295869
0.224676821595122	0.000613458844555798	0.000463618621737099	0.282289498926111	0.0538517675612555	0.00609990574818412	7.24297050059706e-05	0.000981000279890984	0.430951498718137
0.156673812690083	0.00106081399514588	0.015624463028378	0.340568595106467	0.0865662327015374	0.010706759784623	0.000120356115529776	0.000944548729032589	0.387734417849203
0.221067579321926	0.0134502036066524	0.000299298304821017	0.27071376791492	0.0849435346304285	0.00525488867729075	0.00408043634899508	0.000611291658002121	0.399578999536964
0.183117320172267	0.000827095514331698	0.00386967338477509	0.303271873204701	0.108063701423814	0.00890869321075358	0.000952696359129682	0.000565086108864131	0.390423860621364
0.210982632178148	0.000823115649607002	0.00461769651500039	0.271427931301783	0.151103712749553	0.00799637982119973	0.000450280563299852	0.00220555603134703	0.350392695190061
0.187318129642051	0.000820361064417346	0.000570020837702408	0.291351420028847	0.131984933768466	0.00397504902877568	0.00947994745410172	0.000859999877293232	0.373640138298346
0.0924001377068964	0.0044950913485862	0.00307924496005851	0.337170752926599	0.0968349597664813	0.0198969343834415	0.000158782382144097	0.0003475354815241	0.445616561044269
0.216562930751844	0.00243694948052589	0.00177950200107756	0.298259155738827	0.0508366569963751	0.0128944966013338	0.00149204094110624	0.000948415728544223	0.414789851760366
0.205674244644143	0.00128403078752786	0.000749720130401852	0.251940548887257	0.151303643393885	0.00746543305343142	0.00167332256432254	0.00691284240050599	0.372996214138525
0.235637021712972	0.000970284019721564	0.0113915773420028	0.259427539134595	0.104791434040182	0.00429829570306744	0.000597281714344489	0.00481710556921247	0.378069460763903
0.176820787872844	0.00324558047383	0.00786330484205796	0.281194322257093	0.160112206141976	0.0110194179304312	0.00323331497259148	0.00278297461955302	0.353728090889623
0.227740851950499	0.00136877281733983	0.00219286475278736	0.283374616246944	0.12619468780675	0.00893006012011786	0.000964834334096678	0.00104931683798465	0.348183995133479
0.204231694831015	0.0151112052757529	0.0035762794212022	0.272755563705364	0.0809706002506396	0.0126181690697135	0.0111455730063019	0.00284440162695425	0.396746512813057
0.222685833846191	0.00824229742816696	0.000665131705404252	0.262699941209506	0.0763391231021518	0.0415001209577206	8.83155862711922e-05	0.0011320832038711	0.386647152960717
0.241979127414342	0.0127586696285656	0.00132330915120487	0.295916262436544	0.0449202707522225	0.0213837462412593	0.000293545283537017	0.000993567314158671	0.380431501778166
0.221145391072586	0.0374773340837853	0.00281954306658228	0.288887511232753	0.0560562542637099	0.0204520538985861	0.00204279169374308	0.0031829188093641	0.36793620187889
0.209872448797333	0.001421126971891	0.00369676703815536	0.291176713671206	0.0992533562759342	0.0116171635878341	0.000613333868652086	0.0179886997261474	0.364360390062847
0.261475203449716	0.0165873872117366	0.00108325150526935	0.293581271352978	0.0439564119310618	0.0162059165227492	0.00509443044386044	0.00480777883343537	0.357208348749193
0.213489265923259	0.0326723330997967	0.000563786555810965	0.320402311269279	0.0385272161678014	0.0127112682279421	0.00136255980263805	0.00483799382267835	0.375433265130794
0.219220301365801	0.00169586489442763	0.00565511962734004	0.264799979459735	0.0850703087150815	0.0116778204170933	0.00413718669568194	0.000755487243843983	0.406987931580996
0.231376504822227	0.0110180763323648	0.00247184980115406	0.28010569240651	0.102741320671998	0.00678192317642232	0.00424251784378514	0.00104973852682178	0.360212376418717
0.230770324631165	0.000954285836273584	0.000906318849798315	0.271191537617997	0.113511579380128	0.0239569054487889	9.65772418968205e-05	0.00515834657096334	0.353454124422989
0.244365705222339	0.0180110090403937	0.000774054933196938	0.244511604186312	0.125350187775802	0.00256071848141491	0.00772820838487858	0.00126144625646815	0.355437065719194
0.213299526839135	0.0797700586075906	0.00134006407730648	0.255936080587685	0.0940506678448845	0.0138763423063937	0.00399170146903985	0.012364386503159	0.325371171764806
0.232402869379942	0.0114339041504652	0.0152555155468576	0.29506731434785	0.0525714201925518	0.00883923430886481	0.00193325378030548	0.0026305304604146	0.379865957832749
0.222799179343277	0.0224693612256584	0.000802360744761164	0.304897612418048	0.0506308906099878	0.00984809934583508	0.00053108099114593	0.000996146033486531	0.3870252692878
0.224693622490434	0.00787254924296572	0.000919571074086152	0.294360870689309	0.0743450112022375	0.0194178341707198	0.0102783263718487	0.00594261657225512	0.362169598186144
0.236056842433787	0.000777662754892331	0.00243036380518253	0.30937133354272	0.0230691938221609	0.0173083970095959	0.000623391045468807	0.000266329210361136	0.410096486375831
0.222726402693832	0.0022279359113518	0.00152746236545154	0.271953181044943	0.121209173636381	0.010197639438451	0.00113663406405291	0.000501322525895515	0.368520248319641
0.209702148342329	0.00563438506146802	0.00168905375739204	0.265574265379727	0.0913088136556094	0.0406850235887883	0.000900015343197524	0.0124086975735897	0.372097597297898
0.249923022875199	0.0146196723890432	0.000821754021833667	0.301474210115368	0.0529783875060622	0.0121176774880198	0.00607342656243648	0.00215018222061868	0.359841666821419
0.185468995065202	0.00345480148292889	0.000190417884064797	0.306931242197419	0.0865143150570301	0.00185455692342304	4.86576954028709e-05	0.0136364276761254	0.401900586018405
0.194445729782164	0.0492959853766665	0.000860954995760098	0.293158925790987	0.0887073917470371	0.0199030441428165	0.00623930152667578	0.00308122053453073	0.344307446103362
0.200338396295433	0.017049976665236	0.000907361417235223	0.314000464635658	0.107123147394673	0.00256250326780571	0.000134093888086325	0.00212311509758578	0.355760941338287
0.228974343770336	0.000377884494435834	0.00230984705475302	0.257941927365894	0.0469742435799606	0.0187950771472586	4.20993597590348e-05	0.000332405122616831	0.444252172104986
0.211884016831918	0.0327708955089013	0.000334954235676966	0.321577121107335	0.0385217310500882	0.0193576159408999	0.000195726990800617	0.00134188896961613	0.374016049364764
0.246151125720764	0.00253729159245721	0.00226059506944708	0.263008965999113	0.0765544652583706	0.0257588987639429	0.000659917456298792	0.00385836600273782	0.379210374136868
0.235224973626265	0.00366838286659818	0.0223373362209757	0.290030167559041	0.0327041085354727	0.0136600615928532	0.000411023046923343	0.00126186745050595	0.400702079101364
0.268146566633295	0.0145274955463619	0.00124387019046697	0.297832178402725	0.0363234754704684	0.0183622493502629	0.00281638104581684	0.00337682237206925	0.357370960988534
0.205759501758082	0.00110475241904798	0.000287901116771294	0.335386978670653	0.0474986548971627	0.0195299383750123	0.000284183450792311	0.000653863651360643	0.389494225661118
0.198049703590207	0.00479280066644003	0.00222755769336712	0.29170314042486	0.130622169431688	0.00954602208012339	0.01043713528652	0.00855095729059942	0.344070513536195
0.186171022545339	0.00118515022293529	0.0105580017663604	0.280160490334154	0.142389369291051	0.00974688421747624	0.00116657359118936	0.00346443840883476	0.365158069622661
0.191651765492168	0.0030239599635674	0.0607725733879915	0.266011613001677	0.059492556867172	0.00632530497601859	0.0211884783892025	0.0303272230734916	0.361206524848711
0.216532736573903	0.00653006451492162	0.000333496177808261	0.28656881947471	0.103029480895731	0.0139233526958098	0.000437041125353757	0.00188157512482806	0.370763433416935
0.118174908562863	0.00282746081339157	0.0147567495095477	0.295246761406602	0.0396820409853737	0.0285033688893978	0.0035191815411697	0.00119613819139837	0.496093390100256
0.199646814817401	0.00129702257434229	0.0167484712882676	0.318629257569248	0.152083709469735	0.0158788992625302	0.00014585228134051	0.00642474678492413	0.289145225952212
0.248329163093854	0.00935349935243374	0.0013938157000552	0.288404269225273	0.112192886175013	0.0163746204687756	0.0106917247427059	0.00333539669686418	0.309924624545025
0.253019932923008	0.00212946283102102	0.00333809013925121	0.270007639194613	0.133754588913447	0.0204158096826969	0.000363661459210711	0.000546776653685153	0.316424038203067
0.272530090396089	0.000455342152875889	0.000382857119952868	0.274544832058701	0.0758312440967452	0.00871142738865771	0.000133551891998224	0.00263106464457627	0.364779590250404
0.194010082561368	0.00483680382903973	0.000897280621415001	0.278661530029028	0.0729178615616468	0.0180176140287233	0.00554410262158995	0.00484329085377095	0.420271433893419
0.172826236091027	0.000584935677022205	0.000873838069601008	0.299112386224981	0.092262891551728	0.0209190256364021	0.00183972334780858	0.00157063263068239	0.410010330770748
0.239410601042682	0.00529144368834054	0.000577577761527863	0.264069740080619	0.112898451906405	0.00593148215460477	0.0031880956932136	0.000636585471439979	0.367996022201168
0.18699987970787	0.0015620611676943	0.000539150132644019	0.308198475041211	0.116121109920193	0.032409621459656	9.87823767461222e-05	0.00199434590196938	0.352076574292017
0.218812978427091	0.00475500907583674	0.00077701923720246	0.289827538180128	0.0679747771886047	0.03576156031794	0.000433338961489431	0.00117480263132784	0.380482975980381
0.220925512335036	0.00195096866966841	0.00321098871384061	0.301329137781165	0.0588475298479809	0.00362485881842644	0.0154649853775385	0.00205781437390258	0.392588204082442
0.191714127642571	0.00496412666575284	0.0152158674736631	0.321794607839867	0.0397004357328685	0.00133683619736631	0.000401860568969563	0.0169667481950697	0.407905389683873
0.242656309703713	0.000753002578163208	0.0109177594480651	0.27828893459112	0.0638571206813511	0.0312082818170638	0.00539211679113812	0.000818209732779839	0.366108264656606
0.210754909036575	0.00109869046324267	0.000304151830836091	0.297381985096094	0.0743611231744861	0.0240849116931335	0.000138514322855296	0.00168643547144242	0.390189278911334
0.218700185935704	0.00190157921339413	0.000820311941385221	0.274448580232448	0.098442491730809	0.014906899920977	0.00011522963966965	0.00121602045831668	0.389448700927296
0.206713309563318	0.0200358233879955	0.000530027979683537	0.287270880217301	0.11069627189888	0.00542152442431225	0.000231762360205802	0.00222268307175251	0.366877717096551
0.186948845830315	0.00140364889114295	0.112020358350483	0.26600752932853	0.0276689774232825	0.00273115892673162	0.0267066495172053	0.0489472314410613	0.327565600291247
0.228737853606773	0.00542455240654295	0.00278940943451153	0.299294718812231	0.0373280416205017	0.0288901285882982	0.000974803733416508	0.00150673983788167	0.395053751959844
0.144835409262675	0.00176633746817004	0.0013780805382825	0.333980084643893	0.107888001921802	0.0346464388708125	0.00030508717827522	0.00135782300134497	0.373842737114745
0.180895513795903	0.000827807602922339	0.000517102001566861	0.340358548845866	0.0583500030394578	0.0140106241521096	0.000144368432913585	0.000608858849569438	0.404287173279691
0.220374854472517	0.00117843322650456	0.00682971826478221	0.30649070300136	0.0578898866373118	0.00190345166001563	0.00205687296473495	0.0143632036469966	0.388912876125777
0.19963279262515	0.00422294337863269	0.000756364059985239	0.290838243601115	0.085196170505541	0.0197582944861815	9.52778978653679e-05	0.000714790965978501	0.398785122479551
0.164928734417644	0.00266549709363185	0.0276232791532331	0.313580748341866	0.0788567693029392	0.0290087556810342	0.013794369046176	0.00281673687680554	0.366725110086671
0.200602712053281	0.00200110947969294	0.00172087286971124	0.293672069278964	0.122276754184276	0.0143527571700566	0.00092669854076301	0.00148196429298556	0.362965062130269
0.226058681470632	0.00525138078541775	0.0114925875410249	0.289194122488427	0.0908249328038543	0.00661403427579945	0.00114464470082877	0.00127832205777745	0.368141293876238
0.227227654371953	0.000935086157100791	0.000414974096579098	0.278005038671221	0.0907810670348433	0.0294157039744145	0.000265912328121771	0.000390051395422866	0.372564511970344
0.159687368843205	0.0623653862066236	0.00132445327787883	0.317027770345114	0.0657879275263473	0.00874321037249998	0.00699200586692876	0.00641021515681829	0.371661662404584
0.229604382614919	0.0123910710561567	0.00229779606145528	0.274441086977828	0.0791027910314243	0.0154825647472709	0.000377522679480884	0.00204627606397966	0.384256508767485
0.197493949119176	0.00394090033734177	0.00523208777131377	0.289966260863443	0.0645592580527407	0.0123690958185575	9.75809106906497e-05	0.000776393142414375	0.425564473984323
0.256664300357416	0.00114065021316423	0.00520341115637022	0.277768971814346	0.094588536818899	0.0208289200376256	0.000231265085177016	0.00143430490609946	0.342139639610903
0.180790066827754	0.00787195960476375	0.000342785558987504	0.309783975780001	0.114050992820683	0.0274367469832503	0.000127372665971657	0.000708996026388068	0.3588871037322
0.137695349951898	0.000363988839746262	0.00566246844434306	0.307429741039055	0.115667015544988	0.0185595278026647	0.000118013615195415	0.00259306855048987	0.41191082621162
0.232606313060421	0.0109462100391529	0.00973189505733165	0.285755959530734	0.0787495107597635	0.00481843115827056	0.0092281136461551	0.0123248754948408	0.35583869125333
0.235218522427748	0.00122219614854769	0.00165351052288281	0.266287406603426	0.132016590721808	0.00461134457864328	0.000426390276882308	0.0016600241926326	0.356904014527429
0.192779015126302	0.000941202413471602	0.000978104069667064	0.287745127470061	0.0983638414719271	0.00634213091829977	0.000103622785366967	0.00274938844610488	0.409997567298799
0.259132798718432	0.0282499420860105	0.00114736869356342	0.295073155250559	0.0455001574617487	0.00861596643606332	0.00209465330074711	0.00235071883488945	0.357835239217986
0.229425475957663	0.00172499828462254	0.00294291155284223	0.320164395581343	0.0778607342708774	0.00900194414623059	9.40380026808032e-05	0.00397931375289009	0.354806188450851
0.220128543312601	0.00876364643353251	0.025154294013847	0.290832580639514	0.0396302010298207	0.00286508483619755	0.00511110358302737	0.023344670482877	0.384169875668583
0.238560790389921	0.0111586724505911	0.000617332849831821	0.306197956709144	0.0531723251093858	0.0168166012152244	0.00135630527446657	0.00122826330370299	0.370891752697733
0.237895648433505	0.0146371352340472	0.00053716699743012	0.248492567028595	0.131192588812371	0.0168040646931823	0.000263796375463414	0.00124251772923331	0.348934514696172
0.234737114796172	0.0109894108310447	0.000637762155575043	0.25941314790079	0.105667686695996	0.0200641865196576	0.000314688459153055	0.00322219005064614	0.364953812590965
0.257697702536427	0.00150629015034391	0.000389926442972929	0.277779818771499	0.0759939610494797	0.0402322328990143	0.000390217632936894	0.00191472418994755	0.344095126327379
0.217467541148433	0.00181971510919218	0.000771964753128124	0.304935390095739	0.0809349617992719	0.0137529660192183	0.000135982923092872	0.000417987125391184	0.379763491026534
0.200314533409858	0.00221123341216241	0.00812858226372284	0.300426958738837	0.107386116470728	0.00958717531207089	0.00222643382480663	0.00392168727589734	0.365797279291917
0.183363501024961	0.000411872786790843	0.000314144250099465	0.313512138782857	0.0629635783562239	0.0290170443059364	0.000732123181023595	0.000160571083672216	0.409525026228436
0.151287124103104	0.000848766918794148	0.000509201029124471	0.281865931935615	0.0863391786273293	0.0187997545641916	0.000101907025967835	0.00169263958248631	0.458555496213387
0.216988189169334	0.00873029840925001	0.00240285741634141	0.289727093341804	0.0926272240834193	0.0176268206353427	0.00326727422740666	0.00169406722165838	0.366936175495443
0.218753827472465	0.000612526751778244	0.00168779444922536	0.287867450091795	0.155369025508588	0.0167135437701185	0.000157020240183559	0.000376315116923706	0.318462496598923
0.202636458398239	0.0350667868403796	0.00113373600613898	0.262296136002149	0.0755419947161098	0.031422088446522	0.0129969806753273	0.00138281737866736	0.377523001536467
0.136584022881163	0.00127563331154241	0.000385939674376206	0.333036836703841	0.142773621722879	0.00322744711425055	0.000182886755563949	0.0156730114662878	0.366860600370096
0.223355187828716	0.00194934100972463	0.00792616704271922	0.320120738960654	0.0543370965522332	0.0146074582493826	0.00787750551873742	0.00134023835410987	0.368486266483724
0.218523066324666	0.0122899777461156	0.000642309281769181	0.29857142923865	0.0827019853384945	0.00630591869738208	0.0101645015908047	0.00982452678422819	0.36097628499789
0.223196611873415	0.00685085711860514	0.00271552520215413	0.274791385259824	0.0764612590301258	0.00740556897500326	0.00147701954122197	0.00119554482172454	0.405906228177927
0.234799659223009	0.00406385673891249	0.00398524351210036	0.289649733744535	0.0742414567286549	0.0083547017396417	0.000244305985776921	0.00205003102739457	0.382611011299975
0.202908813106057	0.00158161710515534	0.00569927988531934	0.320509355866852	0.0998177804679797	0.0112493511322841	0.000107586480117686	0.000816061259700583	0.357310154696534
0.190456936668537	0.00114341303074525	0.0130430882210722	0.284315588426523	0.105567972218991	0.029429912083602	0.000589559708855803	0.00158324223739868	0.373870287404275
0.168120593262995	0.00172395659295569	9.46479615499505e-05	0.302569254055007	0.123180636426557	0.0323399423890118	7.33945049667786e-05	0.000588255981575499	0.371309318825381
0.217595253170009	0.00582568134708859	0.00106272235481257	0.263172300348027	0.130220829017702	0.00615790570099472	0.00277618152189329	0.00227856945820822	0.370910557081264
0.204724026043054	0.00617600480216026	0.00167167048560807	0.287435033428262	0.112318160272871	0.00810769155557179	0.00109902653016368	0.00658947769900237	0.371878909183307
0.20595801159579	0.00281480116823011	0.00157724216167938	0.326349164560293	0.0878958364807994	0.0221239199503176	6.39351124364269e-05	0.000904738348457959	0.352312350621997
0.215644505373534	0.0190482033150186	0.0037632907200997	0.291313575725522	0.0672549585202306	0.0202733294492708	0.00185541800378956	0.00155707336891259	0.379289645523623
0.224800532548883	0.028134778584845	0.00121330477682784	0.281648130107943	0.100857602308446	0.0110667888903351	0.00535972534162903	0.00389070855063333	0.343028428890457
0.232743213443199	0.0118268206823463	0.00265354717163499	0.275270053490291	0.0797774482409259	0.011459576666404	0.000592218954005689	0.001878495771748	0.383798625579444
0.248502286648078	0.0187737798270166	0.000944605295143549	0.282631996062858	0.0998899745870111	0.0225844819850001	0.00236743276821722	0.00132759510314811	0.322977847723526
0.127241169133502	0.00684594562825352	0.0171946674948956	0.318762859000551	0.0946556935902313	0.00559007236878633	0.000484727198394051	0.0263876571675345	0.402837208417851
0.171000958500033	0.00580121833175836	0.0402041758135555	0.317960129532945	0.0633157077901644	0.00124941090404613	0.00292394751870422	0.0441811599331826	0.353363291675611
0.27466785353938	0.00818099524477717	0.000368001783265912	0.291577783504797	0.034900063975892	0.0333068303924574	0.00243911130587783	0.00376555713671689	0.350793803116835
0.198676454701534	0.00134284454182062	0.0255092010291225	0.307821642366117	0.060790877635803	0.0202353942723022	0.000508405164821537	0.00550719069854666	0.379607989589932
0.246579363981746	0.000514433027588403	0.00196681603530501	0.257824749200111	0.0952506866849516	0.0127926703340905	0.000730918579977992	0.000284745940631864	0.384055616215598
0.26823100038019	0.00171119537348963	0.00117947096981901	0.227573976023288	0.116111655567837	0.0155779072218452	0.00011985798780616	0.00216031690011438	0.367334619575611
0.214834361006334	0.00297919611899171	0.0113993830997697	0.296146428257106	0.0955913544266505	0.0171478710824126	0.000433909641758654	0.00246446065664599	0.359003035710331
0.172704662368629	0.000269010021595183	0.080981831061138	0.297144818422043	0.0835020168145166	0.00218817960941685	0.000116058903510313	0.0136785802643637	0.349414842534787
0.195505895659859	0.00842938160130725	0.000314969692268889	0.306610545268343	0.0568253684075055	0.031968554902946	0.000325730638715141	0.000674561929599599	0.399344991899456
0.274055879290702	0.0171042185967223	0.000446529462424408	0.294450086107865	0.0608498996066246	0.0043561693362285	0.000736087548268031	0.0033374726636265	0.344663657387538
0.259290850148009	0.00333442338423383	0.000502093399194686	0.289117658451478	0.0991919862580459	0.0172112744720443	0.000924693266596758	0.000974609924792582	0.329452410695605
0.231088580053864	0.0276698849020187	0.003214839159898	0.314351557211105	0.0327588539758475	0.0355510058107918	0.00128825464457343	0.00154374052033936	0.352533283721562
0.192490518531731	0.00148419379125521	0.0177394547738224	0.327291922170613	0.0427907164512877	0.0110913278048106	0.000239222790245954	0.00978489705845642	0.397087746627778
0.210962218642068	0.0462002403138798	0.000797574082455478	0.31833625434255	0.0730719370080526	0.00261446990780401	0.00289363978097785	0.0126904806424411	0.332433185279771
0.227239492133098	0.00228078044444318	0.00040653153044709	0.284093287066009	0.0978687505122303	0.0261277470143758	0.00617782372044854	0.000661909907056581	0.355143677671892
0.11896572292872	0.000275779709244839	0.0406914181233579	0.349550740862197	0.0581818877164919	0.000609272268278931	0.00144158705251644	0.0569975984749702	0.373285992864223
0.200222964565502	0.00242282884465915	0.00499561369492437	0.322546745164476	0.056973520179305	0.0133029639324261	0.00322549415231345	0.00329212274812556	0.393017746718268
0.200423370481966	0.0015503167967656	0.00191067826515839	0.304023349026501	0.0801561454342998	0.012194224594526	0.000273032509931516	0.0146078896913096	0.384860993199541
0.226198966470796	0.00314026000492855	0.00208283438566123	0.299179294278288	0.090940859625117	0.00425806248201543	0.00773758515986506	0.00304897073727832	0.363413166856051
0.218804064458655	0.00258357131341399	0.00130217174460527	0.280152683264919	0.136286698684002	0.00243969294814456	0.000245833581672062	0.0186832441207828	0.339502039883806
0.194685532720922	0.0660658339697773	0.00238155138581622	0.284639797958599	0.0707474083830508	0.00526915572855549	0.0312508553555148	0.00725842570855115	0.337701438789213
0.196417901073596	0.00103952531911737	0.00366728226337154	0.276913822950301	0.139660802266878	0.0222210462315047	0.000689350536922711	0.00629804983080634	0.353092219527502
0.205202328708406	0.00404269767982824	0.00283957041249584	0.30872421823788	0.078463873837149	0.00398413226732642	0.00011428792682019	0.000448090830892172	0.396180800099202
0.204655250675665	0.00644134539684703	0.000652585132892525	0.301474245648988	0.120956549119603	0.0064459561419549	0.000195761790726423	0.00222995097534039	0.356948355117982
0.259906997546709	0.00624450799725968	0.000354671351539207	0.26122947553022	0.0793314828689312	0.0237367663019697	0.000501352113428133	0.000539336934697375	0.368155409355246
0.223566407224085	0.000808676185004917	0.00305788552892801	0.321191498099277	0.0811036198353408	0.00904247812758062	9.940003793915e-05	0.0113353072139405	0.349794727747904
0.208784196565935	0.0108258327902808	0.00094651831573329	0.284208265873233	0.102789760967243	0.00762030188581861	0.000661544093254556	0.00213663429480686	0.382026945213695
0.187605586328706	0.0279427066515177	0.000979717573975601	0.325223766851204	0.0949791260203084	0.00554164551287222	0.00463902975080212	0.00679093312965757	0.346297488180956
0.217510490596588	0.002478347901542	0.00127725234985774	0.283230249163843	0.0701038952789371	0.0126770795521559	0.00024923134390409	0.00247526331543611	0.409998190497736
0.233262224516038	0.00111765901395125	0.000771293898971463	0.298432449706242	0.0526363392159673	0.0111392632731455	0.00031115828281214	0.000937182247798607	0.401392429845074
0.144959020775336	0.00134554161740706	0.000635018767959639	0.279868268132779	0.0991840793814292	0.0204416395160816	0.000637224694342244	0.000239904485089911	0.452689302629576
0.200146640579356	0.00237629536756266	0.00131615828191067	0.298549063943752	0.0745009857023712	0.00573250071238115	0.00543333587624522	0.00288226909184335	0.409062750444577
0.187525499327581	0.00135344652958827	0.00130250206527287	0.296361620712807	0.159744822577794	0.010696247662847	0.00694305631588801	0.00289070137503558	0.333182103433186
0.211976049472773	0.00066891499388516	0.00599193514485337	0.28902708430458	0.161443162601552	0.000751516992712841	0.00071252823245177	0.011755779401099	0.317673028856093
0.206097582401727	0.00116991452696452	0.000751783361856295	0.28059758634029	0.0476551193331463	0.0354486187826276	0.000194042128606385	0.00128563838896436	0.426799714735818
0.2042498334281	0.00126262848189562	0.0167471159818314	0.311031438707792	0.0722782449239168	0.00491649885977251	0.000392762029997812	0.0107897541527323	0.378331723433962
0.253131481091391	0.0104215201609177	0.0023130968964694	0.286658375941882	0.0545975801107672	0.0147374314578745	0.000547848395335585	0.00111722390958265	0.376475442035779
0.216684317466742	0.0527105856864248	0.00286308388820962	0.304954489384735	0.0452397328828262	0.00301347731634933	0.00235474740220049	0.00101343318877491	0.371166132783738
0.212054231965438	0.00257593659630115	0.0171702245389809	0.26055342540371	0.100161212785403	0.00583225895823478	0.00743322661417794	0.00741540300783806	0.386804080129916
0.22040241378857	0.0025073358893461	0.00116805602688147	0.259892347896478	0.110002891275754	0.0179362234241932	0.00034847194490652	0.00482506442465142	0.382917195329219
0.225405152008189	0.0149887877922485	0.00352184220818109	0.314641040698254	0.0507118227174566	0.00377189767601569	0.00744987255775512	0.00422916215241691	0.375280422189483
0.223522767142098	0.00118185239957109	0.00189140802617807	0.29668743933506	0.0910441553607644	0.00867857951875548	0.000242402660394418	0.000859802061972058	0.375891593495206
0.233693105424991	0.0110874395666277	0.000625400052947465	0.263325632962392	0.0890101302044062	0.0212135277196825	0.00203608127600233	0.00131512768075324	0.377693555112198
0.192318200826804	0.00815304037107266	0.000736591269765801	0.259549209806918	0.15871176341687	0.0188613112344607	0.000318368197502429	0.00102368810028428	0.360327826776322
0.201794406511747	0.00466748721837965	0.00295144899347133	0.305772804779818	0.0519292038554825	0.0035674700896335	0.00057844921363706	0.00418557290503613	0.424553156432794
0.200049388912451	0.00108406964832235	0.0581534860271493	0.284620297129958	0.0466011318912355	0.00106270790600659	0.00965617075557313	0.0285950604313798	0.370177687297924
0.262874125480347	0.00719952465778921	0.000738801991413597	0.312752673630449	0.0634558323826632	0.00740490170370017	0.000528765896323674	0.00229923973429087	0.342746134523023
0.19495180477391	0.00462423487641184	0.000890303989511831	0.289338041818198	0.0949577822153315	0.0236399425621041	0.000285510258609008	0.00147048855380994	0.389841890952114
0.169828476990995	0.002418629279664	0.00259094501832001	0.288516598892794	0.130394006896462	0.0151976437431829	0.000540242491457646	0.00233841626363869	0.388175040423486
0.191730646616996	0.00627639066156789	0.000471531646350778	0.310948495112941	0.076592071707628	0.0264376835868255	0.000641847597549722	0.000672064187238515	0.386229268882903
0.189662737218483	0.085167337029922	0.00171851476831126	0.254652264093813	0.109578121787818	0.00537845941271574	0.00769605985901665	0.0348415571048606	0.311304948725059
0.200776161016854	0.00055734657264835	0.000171335051564434	0.294352204142555	0.101001708870358	0.0159974848847519	0.0235674536541274	0.000211178028038263	0.363365127779101
0.227049254267461	0.00119084545984679	0.000724517435120739	0.291165084632216	0.0785754146383447	0.0373874460040296	0.00148270754501101	0.000975538836735794	0.361449191181234
0.207083633271103	0.000786250002624949	0.000903929611420465	0.276387056699848	0.159743083766636	0.0072891643396852	0.000197126413005692	0.00324247496844352	0.344367280927234
0.239012432953017	0.00356720953382107	0.000699448904041552	0.286916833757207	0.0278036519954805	0.0410332111417692	0.000884311155501488	0.00138279551667805	0.398700105042484
0.177107794327068	0.000467266605498508	0.000123005229888252	0.305030138401031	0.100804925484665	0.0259686919135038	2.56942840482045e-05	0.0014785974782337	0.388993886276064
0.20256720531506	0.011850358119318	0.000741642424932473	0.29818736477085	0.0429833112853744	0.0051753646494823	0.00134171040976924	0.00902399580359454	0.428129047221618
0.211006171611539	0.0107879221062377	0.00941644355341463	0.298292897348719	0.0542626266239	0.0177536955934481	0.00480753616862821	0.00205013529002337	0.391622571704091
0.219184499649579	0.00359976794859855	0.00187584169715288	0.303788793264715	0.0683965192922362	0.00868212330666856	0.000613763617872157	0.0146082042753307	0.379250486947847
0.210394472826341	0.00227326713898602	0.00153460292177319	0.321180192783854	0.0340674925543122	0.00897602120361794	0.000220566277070239	0.00240915808031299	0.418944226213732
0.268472441699119	0.00294935053656357	0.00131438547245767	0.27796027975471	0.0725254528076722	0.0146886364052399	0.000812856071666279	0.00190150058925433	0.359375096663317
0.120212706832285	0.00635650710389549	0.00028512043385663	0.290703895243731	0.153417755953243	0.0176524624029947	0.000348502817135267	0.000695661552715925	0.410327387660143
0.190984732594196	0.00392605951622584	0.000523343992978534	0.287770938482936	0.122123648594497	0.0185775265257263	0.000182266663911393	0.00261822923429609	0.373293254395233
0.259384082648613	0.00133197238242694	0.00240663793687227	0.261388405485259	0.125331633310731	0.00605111601153406	0.000813641127468441	0.000756217347159353	0.342536293749936
0.221258297722378	0.00299380167220002	0.000473092421879949	0.309746487190067	0.0438242495648874	0.00849967852316543	0.000280315198809804	0.000314543692843699	0.412609534013769
0.182514786304449	0.000749864008420561	0.000351022061927549	0.29639615793529	0.0890286421064116	0.0240446305890645	0.000896123141117811	0.00103375059340966	0.404985023259909
0.267550558973324	0.0100850199965726	0.000556587431174936	0.293825882441149	0.100217060324808	0.0126164908486622	0.00110402228336299	0.00200836039973646	0.312036017301211
0.187965892040108	0.00366880778270069	0.000428296615027142	0.287160033157628	0.153476426223234	0.010996901263326	0.00274423205970146	0.00174754062413854	0.351811870234137
0.243130034733801	0.00069316415922379	0.000580835478984084	0.302644813304663	0.0678967791762169	0.00893334241503793	0.00166685931746728	0.000274142447513313	0.374180028967092
0.239381692074022	0.00080995055143983	0.00188219395789636	0.259980076851027	0.106698897364687	0.005276262572332	0.000144498615704798	0.000443402265372489	0.385383025747518
0.20673282969531	0.000392761294334786	0.000341384442637982	0.2567057488497	0.146298125832834	0.0187696569004563	0.00708361982419932	0.00135041157936101	0.362325461581166
0.166743506596632	0.00381262574905121	0.111849814782121	0.261278733030071	0.0453808467842909	0.0020341250581257	0.0331092818848934	0.0492566028499749	0.326534463264841
0.227266550186723	0.035397169789417	0.000396337842841297	0.344131023917708	0.0471199754282743	0.00777755808130007	0.000168751782133532	0.00228173072592735	0.335460902245675
0.165865278944802	0.00071559154816197	0.00297310788744707	0.317554961804938	0.0885559387944171	0.00455555030881903	0.000144808756625903	0.00314932891101357	0.416485433043775
0.256683640592489	0.00127867393028699	0.000822180140295161	0.293012060764465	0.0580781470168399	0.0178157508331446	8.01704667006947e-05	0.00322282334805214	0.369006552907727
0.181720311167875	0.00224714860947299	0.00838698190592128	0.297822514543408	0.0626073197294843	0.0250429079128402	0.000283840789668602	0.0101379439699697	0.41175103137136
0.187578118876	0.00208351336257961	0.0030823433148025	0.301863966603003	0.0668425115577168	0.00117150768705898	8.96623782936844e-05	0.000389056301586586	0.436899319918959
0.182920719982822	0.0934146340559772	0.000634513631565683	0.274406163870815	0.0432733675715449	0.00208139400935223	0.0336927381644243	0.00550567578825931	0.364070792925239
