Bcells	CentralVeinEndothelialcells	Cholangiocytes	Hepatocytes	Kupffercells	LSECs	Mesothelialcells	PortalVeinEndothelialcells	Tcells
0.000413446673917018	0.00322037774949245	0.0788311040884995	0.886987786630782	0.0175285364042781	0.0070220191464467	0.00191070430263559	0.00327624155257797	0.000809783451370437
0.00107509742784402	0.00701247012073716	0.0843328115359205	0.874760669722067	0.0132152864527226	0.0139211038445742	0.00398239197098258	0.00143046928300203	0.000269699642149948
0.000142976911223051	0.000549841632693371	0.088875443175463	0.884448921430373	0.00943557937818215	0.00202679628258998	0.00369825657931655	0.0107905457077413	3.16389024172161e-05
9.52633175106457e-05	0.00219480329141523	0.0749035151711424	0.892470897384242	0.012113592914251	0.010741850472849	0.00295027997755709	0.00448315665981922	4.66408112137491e-05
0.00116200661193866	0.000627677224276338	0.0921293341299173	0.890553042665915	0.00601768872844429	0.00639434307468058	0.00204329886611117	0.000858138333227588	0.000214470365489331
3.93710136496994e-05	0.00211245423481847	0.0802725035580564	0.88151176108082	0.0177319453002162	0.00173397432321115	0.00237466140781231	0.0109962826684013	0.00322704641301506
3.88057471434041e-05	0.0133233383259229	0.077738926143977	0.892494466456459	0.0100351598957292	0.00347600750199262	0.00208907536555975	0.000324992553324506	0.000479228009891832
0.000561104750411793	0.00943479651053825	0.0781401321688954	0.894791252907048	0.00867375566273591	0.00472050475288026	0.00288035109010653	0.000633996031307669	0.000164106126076204
0.00414520297420004	0.00843552415417203	0.0749425762954711	0.892031759660122	0.010522328975597	0.00398491651238016	0.0015206785875341	0.00431158300337847	0.000105429837145052
4.66510276716599e-05	0.0053994450789891	0.077661530973235	0.894463172135727	0.0093751089371504	0.00757463268343975	0.00206773884177528	0.00155563338573467	0.00185608693627696
0.000266028204195491	0.00880328636397947	0.077179636049968	0.897510456103818	0.00761583700888166	0.00146209209511709	0.00251279335068627	0.00152875719323595	0.00312111363011757
0.000657778746838653	0.00559551226655294	0.0832899065124521	0.892956962005805	0.0103583033695034	0.000856315605904593	0.00270557797108231	0.00331484858675914	0.000264794935102322
4.57913500274676e-05	0.0130507080768582	0.0827158452492042	0.892080172186437	0.00970362265434589	0.000281612121456878	0.00183019355496722	0.000139107865760033	0.00015294694094337
0.00041636127062536	0.000681749886059981	0.0940845163041294	0.868411194574026	0.00907585492767679	0.00507179434293275	0.00606066675591097	0.0161744435495752	2.34183890634924e-05
4.7403038378975e-05	0.000911137486637792	0.084040029212106	0.884963210026751	0.0139372683116795	0.00737920102566481	0.00331272936232442	0.00461009289789733	0.000798928638560303
0.000667722571443047	0.0145464815063555	0.0788939760184024	0.878012080791093	0.0141091917566206	0.000858095695031743	0.00212004234480562	0.00387610605014777	0.00691630326610052
6.8081649405801e-05	0.00524533519076439	0.0803032412807938	0.891732009961511	0.00986545730312688	0.000487888075323253	0.00322687577442454	0.0075172768769753	0.00155383388767522
0.000425414391870613	0.000628364673432252	0.0810711054820185	0.882042109959821	0.0231218822184812	0.00582822212940928	0.00287470397361858	0.00317533970507883	0.000832857466269882
7.95546590891212e-05	0.00831849687529784	0.083212808009781	0.886040930879419	0.0144883096291809	0.000695568004764163	0.00257158272922322	0.00311279186054726	0.00147995735269736
0.00854081305131784	0.000715060585929534	0.0774971729600851	0.878677896276173	0.0167594767656474	0.00864671809261147	0.0031606333991531	0.00170102324555521	0.00430120562352681
0.00202229804332413	0.0054373954449171	0.0733150321252252	0.891434308762661	0.0121245821092187	0.0113709610960574	0.00221296092904012	0.000463151462510393	0.00161931002704614
7.01372049094093e-06	0.000229978257369499	0.0875533311530974	0.888304993089752	0.0117268179754872	0.00773444121538362	0.00196215412653927	0.0024706871575689	1.05833043110833e-05
0.0047955689334817	0.0139060499901837	0.0736679392878188	0.884402980944206	0.00968817816235518	0.00329720204137571	0.0020735643719133	0.00520375196997577	0.00296476429868958
0.00145173617932155	0.0105810456733844	0.0790609160774519	0.878836720884119	0.0205440290114599	0.000563815894063653	0.00269610365903243	0.000106322063143304	0.00615931055802397
0.000904565622827665	0.00665174088531245	0.0811329155970872	0.887061876698952	0.0162665899441099	0.00567232879230135	0.00212252102869323	0.00016634125849472	2.11201722218315e-05
0.0027586757270381	0.00649526215760761	0.0738906172861045	0.880241950276302	0.0152427301381772	0.0132580445787548	0.00276233041970042	0.00519336288615818	0.000157026530157172
0.00127318235028441	0.000171801038060151	0.0777988646323373	0.892125423018715	0.0171537051712873	0.00878553246479354	0.00236581188137958	0.000265289627840732	6.03898153023967e-05
0.00481525309829605	0.00497155436565234	0.0796748849758383	0.892382338137662	0.00693762067612947	0.000763616581241594	0.00157933446383141	0.00862286613073055	0.000252531570618548
0.000419345202486466	0.000310136682001071	0.0794662145990017	0.880824302787084	0.0156853708654926	0.00919062748666966	0.00291553216703908	0.0110578743917299	0.000130595818495208
2.52259816250301e-05	0.011750454503237	0.0801213523589103	0.884734125444945	0.0153009096560041	0.00102010516804036	0.0014775674166829	0.00429064840646527	0.00127961106409055
7.62113589978827e-05	0.000469588428620608	0.0846403648134687	0.873298186653852	0.0179339978030354	0.011890606796795	0.00285651062434463	0.0057752547134008	0.00305927880748468
0.000679949709823239	0.002969663636044	0.0836428053235737	0.871494969829177	0.0192619194847226	0.0190238348041336	0.00209211354839985	0.000534656310262438	0.000300087353863952
2.26916266717853e-05	0.00164728436765202	0.0852261124784238	0.882877266517027	0.016548464074795	0.00890297889077613	0.00138033822370469	4.63259585539727e-05	0.00334853786239541
0.00559647030547128	0.000369477410198941	0.0758869558552477	0.882913802609715	0.00977821361012161	0.0215988535268249	0.00348270484086421	0.000225357704475155	0.000148164137081215
4.85013676207797e-05	0.000125145212395275	0.080947066108869	0.895879701941022	0.00773363830506187	0.011881032968501	0.00115675219223786	0.00137657026689198	0.000851591637399733
7.6898281522659e-05	0.000484768314563043	0.0852680827629977	0.879100792815369	0.0202206784997648	0.00232161119138457	0.00117530994940875	0.00970048673053842	0.00165137145445037
3.5873767549575e-05	0.0164677715840583	0.0722469009750936	0.881383471319181	0.014511597729906	0.00052701386367706	0.00307506921893239	0.00195999241563478	0.0097923091259668
0.0025392011865269	0.00767820468824113	0.0724900358433662	0.88616990741243	0.0184371906408737	0.000424121655611364	0.0015023859362635	0.00940799916629153	0.00135095347039606
2.66648361043462e-05	0.000255672049759808	0.0779864496584524	0.88164363895511	0.021668557239238	0.00360134013302434	0.00199233481696765	0.012783971754822	4.13705565214683e-05
0.000447714478570251	0.000801980240797759	0.0821561188600253	0.887784240042737	0.0102679726291544	0.0103549349952338	0.00278255624393279	0.001703697286959	0.00370078522258999
2.53420599904601e-05	8.81266984408743e-05	0.0833003316756665	0.88695544730087	0.0166966488233899	0.00926611049328909	0.00331822860542495	8.46097116604598e-05	0.00026515463126831
1.32273066524436e-05	0.00720443909835006	0.0786815409649827	0.888435726813662	0.0140616629409059	0.00798623512803541	0.00203702310680378	0.0010579607626704	0.000522183877937264
0.00017571384103504	0.0106585179164453	0.080975518686506	0.886473890482281	0.00902457476105369	0.00609529839551567	0.00188592793922103	0.000961182016133204	0.00374937596180903
0.00467833391758113	0.00179186608112602	0.0814746676704866	0.886294512887867	0.0140883602737618	0.00304631169267103	0.00218227478744957	0.00639214906481261	5.15236242443398e-05
0.00018348426188712	0.0049059238714726	0.0850295644851173	0.887710803345228	0.00929571924545226	0.000553590003285596	0.00189463332711173	0.00991724399254943	0.000509037467895939
0.000517317635349402	0.000849340693722059	0.0825107205228394	0.890478510051764	0.0103207489674283	0.00855800011759202	0.00183174612527548	0.000240368869091545	0.00469324701693796
2.12579665575095e-05	0.00559875715064687	0.0787549880168585	0.897138328540954	0.010429492484639	0.00218328782207634	0.00298873032542908	0.0028154067266713	6.97509661676169e-05
0.000297651113853084	0.00936175242035305	0.0713862145375766	0.893967742013882	0.013059032616358	0.00144338400887756	0.0030516243837228	0.00413673896465583	0.00329585994072099
2.99135523586088e-05	0.000445126544912859	0.0784416188280198	0.893923897586278	0.0144809638926207	0.0070718663622506	0.00256963327042182	0.00276382648151498	0.000273153481622249
0.000157008910003565	0.000304148185265611	0.0779530169777443	0.883411703203281	0.0207510644391173	0.00358496711275472	0.00236559675509239	0.0112790107694449	0.000193483647296259
0.000311540456432141	0.00203339080414294	0.0764595780992186	0.884114836639173	0.0164056186024111	0.00550334582336955	0.00428423958897858	0.000647568647365578	0.0102398813389082
2.95913764445699e-05	0.00016471648141665	0.0750612945625397	0.891292079572549	0.012260508778936	0.0177169944596408	0.00310750948025284	0.00025499528586542	0.000112310002355017
2.20896635889272e-05	0.00175834639178022	0.0788132623239879	0.898738922404255	0.00833409643291252	0.00724961607931466	0.00280164977128739	0.00224449813991522	3.75187929577661e-05
0.000136075882901291	0.00132386709486854	0.0855825175752038	0.872413085459115	0.0243222298563143	0.00522910581723341	0.00260725055075478	0.0025599140592549	0.00582595370435394
0.0053595408003469	0.000116535197820454	0.0748826560886969	0.88143360563078	0.015655657350939	0.00330846481225051	0.00305051986296251	0.0110357246455364	0.00515729561066747
0.00115165982303634	0.00188474164811537	0.0827015672374113	0.881910443927126	0.0209239689269748	0.00434606657430774	0.00231166218372453	0.00463541287797467	0.000134476801329446
0.000581710317317432	0.0125378233132627	0.0800518346238336	0.884891929766689	0.0177962547568271	0.000805613841837697	0.00286227610633006	0.000294752784301655	0.000177804489600646
0.00603707334178856	0.0171945777150916	0.0762731002116466	0.878219411898518	0.0136154060190949	0.00207892238016531	0.00435347545522594	0.000704600598303202	0.00152343238016575
0.00171554968863183	0.0136555855708079	0.0734957414722213	0.88171559697176	0.0121843503647328	0.0137554883467018	0.00204231916057826	0.000428451469779411	0.00100691695478648
6.5692302653518e-05	0.00622100223582735	0.0846955341304729	0.886717479389471	0.00653880550033793	0.013809624093704	0.00180737469377499	7.86298096224939e-05	6.5857844135917e-05
5.6795696688599e-05	0.0232622693746009	0.0733851682210114	0.880578858867744	0.00956542529116478	0.0104780460094734	0.00211562556883252	0.000527216557551693	3.05944129330647e-05
0.00184640636183649	0.00650002617792621	0.0807082844904985	0.883485050634993	0.0137684576987986	0.00514208980767694	0.00451257733985436	0.00396198170099391	7.51257874219724e-05
0.000464206474088955	0.0217196142968144	0.0809239840968207	0.884246303898332	0.00803731760016789	0.000874077973584952	0.00351326392518138	0.000157090624556647	6.41411104526224e-05
7.72090659010391e-05	0.00650205242303012	0.0864676137969229	0.87727944424283	0.00698622521224206	0.0170094651340466	0.00227266107779327	0.000308521733959501	0.00309680731327465
0.0141454006906733	0.000243847902678187	0.0794729165128483	0.872286577802436	0.0139873277148906	0.0149148780110588	0.00461035885482424	7.39331109153852e-05	0.000264759399675604
6.176850341631e-05	0.0117817312185955	0.0769383975387177	0.887236654581858	0.0167484555092352	0.00183380761460249	0.0039830772573528	0.00100396766667611	0.000412140109546393
2.70897467131089e-05	0.000314635894183192	0.0772423748932479	0.881102250100346	0.0176188901369775	0.0190482981135816	0.00172066644814569	0.00276183225731232	0.000163962409492748
0.00236928252505828	0.0154294657807959	0.0786154283504183	0.875757976349592	0.0223047045614274	0.00044504207003956	0.00311079041167638	0.000313407450440918	0.00165390250055119
3.13515465266697e-05	0.0302416301316388	0.0793471987552663	0.855832599521713	0.0148562457321048	9.39000505470678e-05	0.00303192500550729	0.0161420030231121	0.000423146233583963
6.72820078805799e-05	0.00563638250611505	0.0855688381225367	0.884168963992495	0.00846082955376159	0.00129617867184737	0.00415538754136217	0.0105029774975996	0.000143160106402085
0.000438429978941916	0.00700984128540338	0.0836959868274036	0.886222686846093	0.00943759015593243	0.00930971168291313	0.00191671450700343	0.00193155269261392	3.7486023695067e-05
0.00315469567280585	0.0126990435687371	0.0782167288726436	0.881305035992277	0.0102597434483835	0.00360575358629173	0.00326337716766513	0.00746175179078244	3.38699004138856e-05
3.13763772496876e-05	0.00108063398664757	0.0852336833535813	0.888829464349775	0.00536308085738105	0.0149012201404817	0.00236965690292368	3.81917524145155e-05	0.00215269227954593
4.57155543538197e-05	0.0139219747205705	0.072831780540673	0.888134725931311	0.0191389200075926	0.00169591056984246	0.00279614122818098	6.89697943600657e-05	0.00136586165311523
7.7409195079636e-05	0.00593769679964415	0.0731085947015909	0.878092529303371	0.0131098566403908	0.0230335987858434	0.00261534819370652	0.000289319376263989	0.00373564700410958
0.00054549137689922	0.0180180193392269	0.0841796979530414	0.884846482287265	0.00937825174751829	0.000461492494151977	0.00240512928222634	0.000148895386544237	1.65401331261248e-05
0.000803501009086665	0.00329628341260092	0.073178749591463	0.898295548800881	0.0136744404063467	0.00417619467010083	0.00264204897952647	0.00385965911059057	7.35740194039814e-05
0.000914258045409885	0.0290171564780637	0.0775671930929172	0.870526619536146	0.0132948148364603	0.00420704720046254	0.00419563937798445	0.000242135598669486	3.5135833886612e-05
0.000150637090198417	0.0141564800741825	0.0790261889326145	0.885118345212573	0.016234238785426	0.00143174541120263	0.00118490001453658	0.00262064256326629	7.68219160005156e-05
8.95631511035218e-05	0.000363411776300352	0.0813776155472714	0.88607488282779	0.00894687022580904	0.0125578806182289	0.00267635655986373	5.92922753381844e-05	0.007854127018295
3.80264628389204e-05	0.0126332804314455	0.0811277988459307	0.878777528216148	0.00809210760696879	0.0120270834501258	0.00219203639879434	0.00270017794941978	0.00241196063832838
0.00245868305474421	0.00240168324330984	0.0845417922286674	0.878178457884776	0.0127414031033729	0.0153561198758173	0.00239622789909865	0.00178031663219832	0.000145316078014987
2.60200991834742e-05	0.000956673186429191	0.0822554563049995	0.888027206593263	0.00527015362882554	0.0123365378276378	0.00290730636814121	0.000251703012191186	0.00796894297932939
0.000737636039203284	0.0126191652916177	0.0801126114114348	0.888581928322166	0.00661515902726323	0.00508361368868249	0.00225828728404229	0.0032657864549372	0.000725812480652618
7.13054211836917e-06	0.00142275494468823	0.0776330139706152	0.902716348132544	0.00587249495451553	0.0037673243285855	0.00174963810612979	0.00677113104243419	6.01639783694532e-05
0.000244838477184224	0.00495194193152882	0.0803143805896533	0.883370731619117	0.0188594989813156	0.00290343627076468	0.00572710705512193	0.00361090468698617	1.71603883279315e-05
3.77709704481106e-05	0.000439456125228427	0.0742549488365017	0.884166950865999	0.0204531845105317	0.0151943432155192	0.00357142704447444	0.00143981079055775	0.000442107640739456
0.000661570746821362	0.00139700321758518	0.095365688791414	0.858380433375885	0.0122361031419746	0.000579784368219763	0.00676554262282749	0.0225587974768252	0.00205507625844685
0.000108348121043418	0.00462647859823709	0.0690449054078539	0.894385289067104	0.0168009159022071	0.0101761886318824	0.00369287607352152	0.000498500983505879	0.000666497214645041
0.00115338842193123	0.000538178002362364	0.0814485733770887	0.888569856785963	0.00632441731837036	0.0189490629399806	0.00298144146862173	2.06069635544964e-05	1.44747221272179e-05
3.73449480288646e-05	8.34436693735174e-05	0.0776583434849647	0.88225437606126	0.0204118112403484	0.0143649010973952	0.00245887576406491	0.00271776720391683	1.31365306474576e-05
8.02400226736036e-05	0.011224348949047	0.0795930079898297	0.882603619568569	0.0171150544840167	0.00442758221844621	0.00403461929093504	0.000780262024835921	0.000141265451646401
0.00158500972229034	0.000516665756522124	0.0836125481298368	0.874011322530468	0.0185033669059879	0.0180431020069846	0.00256574924162345	0.000254666996398261	0.000907568709888944
0.000918095761590906	0.000215186674729957	0.0717198928814991	0.900916016825523	0.0121661682184714	0.010391492565256	0.00185035848962574	0.000542075233527255	0.00128071334977703
2.83838513673453e-05	0.00221966551311983	0.0781475629349542	0.886956146401927	0.0132216851712513	0.0129313135414164	0.00332399316634547	0.00204649374438034	0.00112475567523793
0.000144690627174145	0.000130410993612388	0.07447798872674	0.896633673487383	0.0140054875289284	0.00994384535440932	0.00230043011635945	0.00209515561608689	0.000268317549306238
0.0177976953067738	0.00219555860621774	0.087011934622264	0.862058689359836	0.0197012925687256	0.00705583890571973	0.00331494006681085	0.000643040679191926	0.000221009884460526
5.15328001987158e-05	0.00030698997367056	0.0697401221616501	0.887746707609554	0.0166800833935178	0.0224103911083694	0.00254328994053362	0.000502626002646239	1.82570098596206e-05
0.00384978311150571	0.00188179487800021	0.075492252379929	0.884568972878383	0.0123882055430496	0.0162491778791122	0.00221028491956336	0.0021216111610808	0.00123791724937613
0.00255363092927898	0.00261495488993875	0.0887740397821377	0.881510474689258	0.0115133140052834	0.00516390077229678	0.00510263792886264	0.000901689676969048	0.00186535732597432
0.000214312012654641	0.00418830705365907	0.0855254778267922	0.892691795440861	0.00628958903725921	0.00132885344048092	0.00239456220142082	0.00735211684263655	1.49861442352845e-05
9.04244622160425e-05	0.000228145430765038	0.0883359180611567	0.879587881438027	0.010881136482993	0.0133833670988412	0.00317118951699529	0.0042905361071279	3.140140187783e-05
0.00293473681473784	0.000422717762959699	0.074135912781198	0.889862263279609	0.0100371310421104	0.0183362633772476	0.00287897486279499	0.000532355979774104	0.000859644099568324
0.00070106509801248	0.00058807629774308	0.0747091229328806	0.880455532785682	0.0144212483151066	0.0142518916204204	0.00263781769598079	0.000127695814499701	0.0121075494396746
0.000240178086868854	0.0108264597576906	0.0786271501921409	0.882936653063854	0.0157952083335591	0.00437383809679692	0.0028669920391081	0.00334745506309301	0.000986065366888689
0.00343808729170678	0.000114098944250386	0.116979907198342	0.842562238541302	0.00635349572118768	0.000237961033127344	0.00688037349237675	0.0233881693307363	4.56684469706231e-05
3.07046078118711e-05	0.00576319915000781	0.0798860110010702	0.892432843320309	0.00785432671649693	0.00954859534672033	0.00271716519597282	0.00172749190082505	3.96627607855155e-05
1.71329038293316e-05	0.00121269446702821	0.0778419950504443	0.885128291553835	0.0149506957553118	0.0172557711052235	0.00292730026960709	0.000647058907552773	1.90599871677522e-05
1.67813530986664e-05	0.000223638769094369	0.0837151717957533	0.891691904909168	0.0100244620771541	0.0103586043070675	0.00305544738394419	0.00031659156249045	0.000597397842228819
0.00490278847440028	0.000262155863197084	0.0853005341751369	0.88655648866437	0.00909640686879628	0.00132178006761129	0.00260121172087347	0.0097138701646641	0.000244764000951011
0.00151546578251938	0.00143373502530802	0.0817308447159772	0.886205798372164	0.0133870270103502	0.0087118249788217	0.00088632307787383	0.00610113846734718	2.78425696388264e-05
0.000974149796742217	0.000560779151324164	0.0874807700622746	0.871580612736838	0.0127838479521507	0.0182246485724718	0.0037199138751176	0.00200612179840309	0.00266915605467762
3.90772851199079e-05	0.000817869481421594	0.0823582357096032	0.876593716412588	0.0210190606139273	0.0120851811980652	0.00319075257622113	0.00137548968805444	0.00252061703499924
0.000468325330326019	0.000898482466432527	0.0834189907162881	0.884791996059512	0.015903256758721	0.00283326689402813	0.0027399721083146	0.00858108783296229	0.000364621833414954
0.00061459769446886	0.00580504469104533	0.0701094121455435	0.888694021364337	0.0143039328368811	0.0174770781573501	0.00246508485051419	8.96976166585256e-05	0.00044113064320175
5.86566353799522e-05	0.0248929665870019	0.0828549079511151	0.875296253978833	0.0100013947615724	0.000580337002488368	0.00258692443512492	0.00364726529905206	8.12933494321246e-05
0.000447592345907272	0.00793269372515569	0.0837569004531571	0.879788310070246	0.0132889162673239	0.0103705938287903	0.00209721691848414	0.000567193345938423	0.00175058304499722
0.00120839553956907	0.0051836028126968	0.0820298382909161	0.893015294244511	0.0104916924203318	0.0054845588718602	0.000982676747485717	0.000912438033662444	0.000691503038967175
0.000831733553819315	0.000174562516983174	0.0848771076323728	0.882477564222798	0.015096038897963	0.0103258994969276	0.00255662073206813	0.00354832333090867	0.000112149616159238
0.000206132131312316	0.00568277092873834	0.0832500210990952	0.87523868794892	0.0174459105033755	0.0131664532314023	0.00257823376571661	0.00219565001158422	0.000236140379856067
0.00102692283904169	6.41555814785489e-05	0.0804740178364912	0.878704392528123	0.0151622229683541	0.00807741077517434	0.00330519072106475	0.0102244554342909	0.00296123131598093
0.00146460451759761	0.00419289728252776	0.0794784132543777	0.878935617931913	0.0134849877937061	0.00216007282369659	0.00460811376431471	0.0106551406913305	0.0050201519405361
0.00339899890868844	0.00022341044612308	0.0756774810802749	0.884839691612943	0.0215721719917174	0.0103484728102812	0.00295505515984484	0.000228119019088201	0.00075659897103888
0.00269110401857988	0.000680210317120789	0.0887817902102089	0.885106037053598	0.014730170684962	0.0035141008773923	0.00114106726703407	0.00283148946327833	0.000524030107826132
0.0130699739519	0.0191384330459607	0.0726711320071541	0.881572236659298	0.00793200955841009	0.00150214525298376	0.00362587215437646	0.00026379269713232	0.000224404672784505
5.15922433621169e-05	0.000723830184217017	0.0809665781066248	0.890227773565928	0.0117207780827435	0.0146778054757025	0.00113421416112221	0.000479811665453457	1.76165148461221e-05
0.0002676317279756	0.00199380516739636	0.101738429661646	0.868120870330894	0.00618442553160118	0.000756458102431603	0.00475178414147166	0.0161710294651003	1.55658714827843e-05
4.15874837135967e-05	0.0131849592078774	0.0731098290490032	0.895675137691038	0.0087227365395837	0.00533948186420378	0.0030887231596971	0.000721134803712936	0.00011641020116989
0.00535362936030751	0.00768281621474011	0.076566957362413	0.872266039284474	0.0228459126580014	0.0101062738760638	0.00227433431100201	0.00237906091065114	0.000524976022347279
0.00359484371051127	0.00807187985496139	0.0747347143384526	0.881877359459362	0.0177225405840391	0.00901202452382709	0.00290462879946163	0.00133504433510694	0.000746964394278532
0.0064323751194663	0.00927731361036127	0.0733354809477593	0.876094867216703	0.012383194108465	0.016803412928117	0.00253219935141738	0.000116115352173322	0.00302504136553804
0.000119390545061199	0.000336035916500968	0.0857967774717663	0.887155551058243	0.0122289236428687	0.00934112582330147	0.00276262291829915	0.00218075943848608	7.88131854733994e-05
1.68370910508666e-05	0.00330550112724079	0.0778672816109526	0.893263443427717	0.0140320107101474	0.00607817761508413	0.00284205169342824	0.00256724893628613	2.744778809237e-05
0.00197063007554085	0.00420894408360017	0.0730988776974334	0.897170219193487	0.00871652342078465	0.0102287059130612	0.00361951757786842	0.000545243368734606	0.000441338669489907
0.000111669434597886	0.000432853382730635	0.0818236862550269	0.881438332423963	0.0172335763800084	0.014286773027275	0.0027260702646003	0.000205045153441983	0.00174199367835596
9.93038824855332e-05	0.00360745642988671	0.0755635734349268	0.888779448344016	0.0154236748079934	0.009296676227009	0.00370727438872923	0.00325469957460522	0.000267892910347974
1.57370513809916e-05	0.000129350603435432	0.0776132967435383	0.883497260547462	0.0229406313689737	0.0136590869485719	0.00193105816886464	0.000190270703265495	2.33078645080652e-05
3.5267091215401e-05	0.0231746187523141	0.0714191132046047	0.8783284847564	0.0109464966543175	0.0117392467274514	0.00402494686415459	0.000276316420459475	5.55095290831179e-05
0.00178273575342841	0.000148032182570861	0.0793872874890754	0.886407534224669	0.0193091640637979	0.00178259859297686	0.00212960008596752	0.00832319164321831	0.000729855964295783
0.000215827044808585	0.0097627785631574	0.0914097728214412	0.877387433613892	0.0090234818687191	0.000387116057402079	0.00335596942840072	0.00836691130722126	9.07092949577817e-05
0.000112056434201762	0.00953087212989608	0.078784175348651	0.882607548075007	0.0133719632236062	0.00142049306022669	0.00516423359718383	0.00740017915011036	0.00160847898111717
6.75033402975058e-05	0.00150178737819577	0.0778324745985097	0.895277705924535	0.0107867963453827	0.0100982163622172	0.00339506009886013	0.00096413860531996	7.63173466822684e-05
0.000526373370934906	0.00670696135163668	0.0855456864644664	0.891233001866442	0.0121782804022076	0.00145313028133022	0.00158558140103224	0.000563240192645096	0.000207744669305194
4.17799133267608e-05	0.00393424599212826	0.0803755674208079	0.892033456871271	0.015349598501904	0.00193296973718741	0.001863781384522	0.000777041510374772	0.00369155866847835
3.6129868962678e-05	0.000158911799370773	0.0820084477604501	0.878845116244419	0.0147366776273404	0.020638775622824	0.00294093127507656	0.000477429274414567	0.000157580527141335
6.7485581665066e-05	0.00236094733660457	0.0647601925036551	0.897830372763298	0.0153090587444007	0.0169710628878471	0.00224250111584013	0.00044135306182546	1.70260048644992e-05
0.00755400463402586	0.00339206402131913	0.0811267823308015	0.875726403915435	0.0197192808808978	0.00342431662958289	0.0025152261762621	0.00609116264525259	0.000450758766423195
3.81785244227843e-05	0.0109041906561449	0.0742563798537417	0.881945870785474	0.0167569275077381	0.00289607943323597	0.00396054384467354	0.000420162694045005	0.00882166670052444
3.33804637512736e-05	0.00140555802335954	0.0736846984240513	0.895478438805116	0.0125503167573762	0.0128091015537577	0.00298798359542184	0.000260000472148161	0.000790521905017481
0.000260997653248839	0.0112159096743607	0.0779838510766394	0.884630291281403	0.0114027385149801	0.00498416836562121	0.00236455254380467	0.00676109729754858	0.000396393592393196
0.00173539738678109	0.0200900722689944	0.0724540760292794	0.877604717165688	0.0162193734650383	0.00119365089685536	0.00478668523460884	0.00254512376397044	0.00337090378878408
0.00820886460766322	0.00529558596091257	0.0788370150384445	0.881059076171317	0.0123948305162995	0.00813178934612737	0.00246710772102099	0.00332079100358482	0.000284939634630566
0.0017397680344301	0.0209406315755973	0.0737384921811205	0.882608506543328	0.0160890270982638	0.00147576739263263	0.0026842215434836	0.000167290484048892	0.000556295147094844
0.00158852805192416	0.00953995273709111	0.0885101462957382	0.871310573230864	0.0158985042186502	0.00698685976315611	0.00331300575959371	0.00237793433828597	0.000474495604695895
4.50744626522375e-05	0.0102003369882939	0.0918420038398975	0.870576605608023	0.0110321948761014	0.000488874851412661	0.00458852948099475	0.0111810582963212	4.53215963030869e-05
0.000113947012079244	0.00404180550768547	0.0774417093235798	0.886723523687017	0.00711116852140961	0.0179699905945154	0.00249151369041537	0.00277427119244725	0.00133207047085118
0.00151765989323827	0.00542947046048178	0.0871341751154799	0.879956547007916	0.00964505485964675	0.00522716636294527	0.00329594510199107	0.00774421798924032	4.97632090610548e-05
0.0090647023372772	0.00017513297404089	0.0847302250486546	0.872673776447108	0.0148224990027971	0.00670652274972253	0.00307247432110624	0.0041508493587224	0.00460381776057093
0.00866430613252129	0.000408009537823913	0.0714341374788715	0.860061080425971	0.0188444175656428	0.0116425113044499	0.00213772695249788	0.000491210164023974	0.0263166004381974
0.000245599435032941	0.00164391480543387	0.0840672125980995	0.882872794032145	0.0128902442978759	0.0132512497373881	0.00337724795021419	0.00140392496326531	0.000247812180545017
0.0002024532478406	4.80574837377425e-05	0.0951192888118261	0.874610584089446	0.00960323002584277	0.00040739919411142	0.00270458870727802	0.0119158566317674	0.00538854180814984
1.88860404331292e-05	0.00716834001075024	0.0755330219738955	0.88788749095165	0.0091719360626278	0.0181914317965415	0.00178766198903466	0.000146910293171503	9.43208818954114e-05
0.015300917198548	0.0130981089290915	0.0792815888807005	0.87729787318141	0.0108296364079256	0.00100408383772559	0.00283313753909788	0.000172942005553073	0.000181712019948157
0.000955337614965587	0.00487957783613203	0.0780841434278797	0.886685159144575	0.0163197008692791	0.0106349106047029	0.00182508212631109	0.000479579512404505	0.000136508863749826
0.00203557649564824	0.00807987584291522	0.0763295486889318	0.884585585595309	0.00640893470539809	0.0192136020177459	0.00285944835024498	0.000475928979768855	1.14993240376672e-05
1.43242460326093e-05	0.00193875182455284	0.0865684022939828	0.887160723776511	0.00614124085326818	0.00561565378119715	0.00286288620023103	0.00968529946360088	1.27175606235946e-05
0.000224071523169837	0.018785287377568	0.0811689959222364	0.869971586422091	0.0116547119570527	0.000227615199493319	0.00332114043668191	0.0146138606119738	3.27305497332186e-05
0.000670194563085352	0.000267560919797726	0.0731147570141498	0.884923232868188	0.0147369838463922	0.0200056026186279	0.00313764704192953	0.000165767266601062	0.00297825386122859
9.14019951844456e-06	9.99420159270037e-05	0.0826792983646053	0.881628588345327	0.0113110281866648	0.000466271269945216	0.00430645948548519	0.0194739902378496	2.52818946771499e-05
0.00180477995991655	0.00463724988053616	0.0848684955391245	0.889559445022772	0.00810535711526354	0.00528734259198936	0.0026824221475334	0.00225353405696955	0.00080137368589487
0.000252879909001696	0.000185655044273191	0.0828807068226142	0.881789240021735	0.0128871175372197	0.00886920176168079	0.00220900747112697	0.0108890009085226	3.71905238258951e-05
2.58057810154617e-05	0.00626945385922929	0.0833539587329345	0.888670323406195	0.0123835974017476	0.00464886796313714	0.00359252778904592	0.00045478595314819	0.000600679113546891
4.09991619811167e-05	0.00196510305757828	0.0810362476177837	0.881660287795127	0.017009620609461	0.00466332805514614	0.00249311889172268	0.0108654885529312	0.00026580625826913
0.000217228364791608	0.0181197350754417	0.0852518618059667	0.85042813324149	0.0118480146398071	0.000216050790365469	0.0059285223491831	0.0278587730005089	0.000131680732444985
0.00249434893484699	0.000533213972635175	0.0683746255717805	0.888296243608661	0.0185069040773164	0.0060836332424155	0.00319410897531576	0.0124558158220738	6.11057949547982e-05
5.32544597817294e-05	0.00435572236373642	0.0802379636045819	0.895050148131852	0.0116974973823985	0.00112931326729549	0.00195241330908869	0.00521802492428297	0.000305662556982022
0.00206070690759988	0.000616264656178891	0.0822190140566745	0.8815874296718	0.018353122413536	0.00331592552655911	0.00240020268719999	0.00937564779039532	7.16862900564875e-05
0.000989466761839697	0.013662734960029	0.0817285911694825	0.881536943041178	0.0155664484167826	0.00360692491767913	0.00247900535038602	3.10640131114381e-05	0.000398821369511178
0.00140449627683373	0.00081023560495703	0.0845309442987732	0.883469145974614	0.0140664281762608	0.00524357482487157	0.00246838159045489	0.00793807826346871	6.87149897657667e-05
0.00209819279998918	0.00974157317604519	0.076696090948627	0.877861052979722	0.0163429757379751	0.00506426269071387	0.0027385448846892	0.00058293094042992	0.00887437584180837
3.42517816038755e-05	0.0262982702856288	0.0924317662942322	0.859270795286717	0.0159619453026235	0.000765186843125982	0.00356675509905664	0.00150250918290578	0.000168519924105788
4.97949497653647e-05	0.0028225056433791	0.0799047735225493	0.891738382860413	0.0124146328387978	0.00808791656118649	0.00250788142728654	0.00163530683277488	0.000838805363847279
0.00329969674424979	0.000327665144510073	0.0826517767271359	0.887642928279303	0.00984033208031296	0.012247831696948	0.00252708914472478	0.000205747758789013	0.00125693242402662
0.0052408725614665	0.00122675983112613	0.0764157182088505	0.885949650010653	0.0142590937161495	0.0131590982302548	0.0029692608374959	3.93967094102906e-05	0.000740149894593325
0.000676811570151275	0.00709730117022305	0.0836731308497291	0.887583920932833	0.0122985775882794	0.00138675541721476	0.00329851582181192	0.00307076126798767	0.000914225381769334
0.00198197085922171	0.000943507369853743	0.073403983321805	0.887269140321859	0.0227179360385414	0.00854285115214937	0.00357646434013934	0.00154292842324278	2.12181731877042e-05
5.28031729979251e-05	0.000378695953507292	0.0777036159115961	0.883748539783501	0.0249011793597633	0.000867955159580869	0.00293245477801535	0.00939345183154313	2.13040494950607e-05
0.000289928002241695	0.000203593750411916	0.0756021791840437	0.887384903172698	0.00933900819786158	0.0218815511964617	0.00362886176321927	0.00116973612851785	0.000500238604544789
1.03510992446507e-05	0.000248954164863823	0.0786356486047715	0.893038682185895	0.0109878064412319	0.00629866747691048	0.00385663748785363	0.0067924234056134	0.000130829133615839
3.73697481822297e-05	0.0083627894263638	0.0787894010237628	0.894294089332085	0.00839792224896449	0.00779449212564515	0.0018318085237318	0.000262402472403887	0.000229725098860919
2.98721452182324e-05	0.0181668479572051	0.0772863716814686	0.885404156745082	0.00888756411247724	0.000240633878808993	0.00346173509405541	0.00570478548266375	0.000818032903020927
0.00287579223152292	0.00345398440087598	0.0864086650190055	0.871922718970138	0.0180936357371003	0.00148087046015783	0.00403597278841488	0.007770607610596	0.00395775278218913
0.00601529005784225	0.00613225969442962	0.0795942906959676	0.875294223300058	0.0184063424976901	0.00986728399453742	0.00281116983336453	0.000470564909933879	0.00140857501617642
0.000380230242723823	0.0146364447407189	0.0911082348071407	0.876448599875408	0.0112087349375729	0.000447211382775152	0.00228406189823544	0.00333628071680084	0.000150201398624394
2.25879528740486e-05	0.00123093686075083	0.07098667231615	0.8984922074125	0.0140889833436493	0.00771655257603092	0.0023298615430765	0.0001258619801058	0.00500633601486291
7.26304469549861e-05	0.00436973411148044	0.0752360284230749	0.883559849556225	0.0134331738780888	0.0133524872572927	0.00231838472834767	0.00428618367720338	0.00337152792133193
0.000814051712373979	0.0120242541753373	0.0724445129721634	0.877330382780802	0.0242231225920184	0.00864013253043915	0.00233147354932405	0.000101947416254894	0.00209012227128653
0.0044596180334847	0.00106360981677222	0.0788258140726154	0.888275881065602	0.011463997987184	0.00548709845490298	0.00359894767336183	0.00145722752442176	0.00536780537165548
0.000340672027718366	0.000194672544913412	0.0952919305462633	0.872051766648976	0.00881633150738462	0.000105223078351393	0.00507655620280576	0.0181035553631533	1.92920804339938e-05
0.00521887823878081	0.00792914897768957	0.0785995674663697	0.889329667177185	0.010996771466197	0.00437349435758769	0.00315118018910104	0.000216710670453534	0.000184581456635885
0.000149081776582475	0.00231688875428071	0.0753355394218319	0.887594200044265	0.0147800786842431	0.0169636183167299	0.00261774572987525	0.000170649671943581	7.21976002482554e-05
0.00149656139737816	0.000651300703558181	0.077697095639441	0.881537589739713	0.0170254356546338	0.0154932100068125	0.00292943218654305	0.00200683639758069	0.00116253827433971
1.44230690782034e-05	0.0124358544025328	0.0690593285168247	0.899439216717777	0.0113987156838203	0.00521947718012283	0.0020382136451173	0.000372722608085217	2.20481766411849e-05
0.000258748518797025	0.0435228279405514	0.0697560386841028	0.85473543718243	0.0180668706322291	0.000208898174470348	0.00384092922939654	0.00911205144236436	0.00049819819565882
0.000136546908475904	0.00027554438586884	0.0706833451730508	0.895781015594741	0.0128417043017463	0.0159509670179712	0.00377531727790026	0.000375404278370651	0.000180155061874764
0.00447059489795475	0.00188883343630707	0.0743795624890433	0.881933010381785	0.0130282042908191	0.0204790099850002	0.00361978139256996	0.000128028636308488	7.29744902126302e-05
0.000362139242129148	0.000144500086801995	0.0809467232905307	0.883997834197621	0.0222550289294975	0.00560172306709028	0.0022192143794875	0.00321874638953952	0.0012540904173024
0.00193706318140687	0.000486061212913274	0.0829885021840436	0.87879330170565	0.00590206001533265	0.0257516654684033	0.00357259228948039	8.61638705956882e-05	0.000482590072174658
5.43877809646832e-05	9.46830885997984e-05	0.0715840741592261	0.893951183758639	0.0135321999539533	0.0190051327961556	0.00130467865936492	0.00033622158785927	0.000137438215237175
0.00163722674929112	0.00789725228585514	0.0749431317533878	0.893398709307417	0.00778857842304114	0.00101935326515815	0.00257959119081343	0.0102170514381014	0.000519105586934338
0.000791060116935905	0.00882276250138355	0.0819145242026408	0.879715116574643	0.00850761802784348	0.00969731539894818	0.00345579807375465	0.000173674487978482	0.00692213061587158
0.000428340644290415	0.010416217951291	0.0715519601252585	0.892208144117012	0.0116968954598086	0.00875855768040511	0.00296472857990245	0.00146951177617558	0.000505643665856401
0.00158171001485994	0.000856978022902915	0.0827626698564052	0.89588371266003	0.00677652864677591	0.00490589969884253	0.00306815602591797	0.00403783611900953	0.000126508955255812
0.001651190444813	0.00320397202689096	0.0801746436589427	0.886568866457011	0.0127379871199434	0.0123659178459908	0.00254168819828971	0.000378777459749964	0.000376956788368311
5.85337737449497e-06	0.00128304441278525	0.076614925696564	0.893117495639711	0.0175882820701658	0.00666912740429754	0.00220809424731719	0.00250007700534345	1.31001464417075e-05
0.0085660781447778	0.00526053246271007	0.0761651437903076	0.878308797115462	0.0183121935202157	0.00716930365609999	0.00287471097535481	0.0011407283665291	0.0022025119685426
6.01515666858848e-05	0.000765285984249889	0.0828256653412337	0.881345230697709	0.0195543200304492	0.000590616871898429	0.00343453828489573	0.0101862597199883	0.0012379315028902
0.00622580084838743	0.00508552095122742	0.0782839480170321	0.891414896015604	0.00836621793999285	0.00700423735746857	0.00251417683127579	8.30008946915944e-05	0.00102220114432019
3.36049767165336e-05	0.000203042397988814	0.0810889997667925	0.886295250391925	0.0135410982788749	0.0130978872033103	0.00362161377777835	0.00207948840635694	3.9014800256677e-05
0.00106585934418264	0.00110190768492148	0.0784647697924698	0.882485495237576	0.0154865038226628	0.0173686326379372	0.00261460288040476	0.000204826242155474	0.00120740235768946
0.00115963507381953	0.0154435934547791	0.070266381539386	0.883319633332001	0.0241373742971017	0.00123410907781802	0.00292272049888801	0.000152309199280317	0.00136424352692626
0.000328422102508972	0.00137547352410022	0.0838352083581992	0.890463168602058	0.0104595850673149	0.0102855891045708	0.00214905870811121	0.000416144537823458	0.0006873499953137
0.00800841848941431	0.000153587703507448	0.0880269290797939	0.875508702006048	0.0170321239133951	0.00753746816705143	0.0029087676894629	0.000784464763862586	3.95381874645906e-05
0.000285961066805993	8.93515331074713e-05	0.0803803103364422	0.868392253146178	0.0249371986202886	0.0128459853626323	0.00427475505995694	0.00621783002449912	0.00257635485008975
0.00530879554395628	0.00164774968161088	0.100975460356885	0.853306759129098	0.0087272597939772	0.000229313514871283	0.00601189101334695	0.0237588944726759	3.3876493578328e-05
