Bcells	CentralVeinEndothelialcells	Cholangiocytes	Hepatocytes	Kupffercells	LSECs	Mesothelialcells	PortalVeinEndothelialcells	Tcells
0.00018832942103783	0.000510387548750704	0.036356426782902	0.93103935302485	0.0070146849929651	0.0212336604347526	0.00121783956431219	0.000299381325645075	0.00213993690478412
0.00766979865625128	0.000189659905268887	0.0891623367419297	0.859926649277943	0.00660182728692402	0.000783162463513265	0.00369654825253633	0.0317046807378388	0.000265336677794651
9.0219223954081e-05	0.00342356105120807	0.036397557934737	0.931762434864792	0.0142443726759407	0.0088700134887007	0.000798322328790053	0.00274892796160816	0.00166459047026896
0.00589434311556107	0.000344397970852332	0.0361583048027626	0.918882035184872	0.0145884279635045	0.0232947896499791	0.000743461417719066	6.64291250192981e-05	2.78107697299243e-05
2.00641202218402e-05	0.00755012477937696	0.0416836083368279	0.925820894069431	0.01087143111667	0.0073944740352958	0.00172657513511578	0.00450981796433479	0.000423010442726036
0.001136417536115	0.00275683441879159	0.0401375653174947	0.916510561925112	0.012254550564147	0.0162796805437858	0.00145116242795573	0.00602049603983434	0.00345273122676353
0.000180606320186607	0.0159974872867131	0.0410862751540623	0.921585480107907	0.0115219702644842	0.00729559811192306	0.00185434622624389	0.000393061279619163	8.51752488604041e-05
0.000190803537227871	0.00735501363238345	0.0321124586092524	0.931974967619028	0.0059786899491403	0.0136530850376327	0.00196962146811369	0.00509204940212631	0.00167331074509529
0.000260891146598015	0.0035740697657988	0.0461186886247476	0.925810893896075	0.0122889198893879	0.00792509205375692	0.000992066224337572	7.96967181699974e-05	0.00294968168112853
0.000254072725005774	0.000239076142481378	0.0476093865041904	0.919269705474563	0.0160718674175331	0.0108189040976593	0.00087649794343499	0.00480938621266892	5.11034824635781e-05
0.00118863752006299	0.00949271414456583	0.036573979404001	0.917253409980243	0.0156966881546434	0.0132544296026569	0.000950650756308116	0.00195737830756638	0.00363211212995243
9.00127101826247e-05	0.00688937812150101	0.0409798068166998	0.92351348058474	0.0121988573163033	0.0103036834936574	0.00138677814140575	0.0035229663173284	0.00111503649818177
9.99526472397768e-05	0.0101909458256741	0.034557063857297	0.931049548308377	0.00914248531550075	0.0119116195204844	0.00134333162711129	0.00162426343618397	8.07894621314178e-05
7.74933467443759e-05	0.000473554559166548	0.0437736310308822	0.936221965513448	0.00841677421501501	0.00679443111163528	0.00190402081204659	0.00220196137954529	0.000136168031517117
0.00148626241576386	0.00786959930027433	0.0441671593958274	0.92117256794354	0.00559002295164386	0.0114490921699411	0.00132528510690432	0.00414465547663163	0.00279535523947327
0.00331193921071138	0.00518581401787062	0.0356959955050797	0.930288174570951	0.0110207407454458	0.0113061068955086	0.000741853758881988	0.000452734893181617	0.0019966404023688
0.000286256538489993	0.0012772596516471	0.0405712642109666	0.919989850141665	0.0109480145903469	0.0248729864103741	0.00137821255384042	0.000616263395458174	5.98925072115205e-05
0.000727011755970515	0.0289116194707593	0.0416710052476569	0.908239065912103	0.0126030461125384	0.000313030683549163	0.00346343649828607	0.00304471357403144	0.00102707074510514
0.0267749089708924	0.000234191567083551	0.0514594422457391	0.809576709646849	0.0189286038858251	3.80378957528167e-05	0.0236814377377904	0.0567903020912363	0.0125163659588313
0.00752190051174233	0.00018398506826912	0.0408482149522533	0.922400302176499	0.0114654866875215	0.0138276426274394	0.00113758217317709	0.0025857482778792	2.91375252192179e-05
0.00245787434916142	0.0019240449700959	0.0365024375574048	0.923700817860616	0.0107822981087106	0.0228812391919233	0.00103824692223248	0.000254385561896856	0.000458655477959094
0.000410059532840491	0.00207663709234792	0.0443458681383076	0.929059698288698	0.0171013796353265	0.00313033060094614	0.00172068637076416	0.00211239161934907	4.29487214202478e-05
8.78315739306857e-05	0.0338109446540258	0.0411455212487525	0.911406505771388	0.00678100653655417	0.000136137960943924	0.00231166278332573	0.00179026374971201	0.00253012572136666
0.00249880375344676	0.0146071498411789	0.0507107257072887	0.911947402264216	0.0141782820557822	0.00361222038945888	0.00200522982021717	0.000280128321564676	0.000160057846846504
0.00921945187820701	0.00196739097772621	0.0321078775217515	0.917771971233971	0.0152017780801979	0.0215397749879077	0.00125597544119201	7.86398278716953e-05	0.000857140051175357
0.000173765188028775	0.00893346309820859	0.0393052266532672	0.924114516239958	0.0165383669307567	0.0067499965534853	0.00191039199263812	0.00124233922790329	0.00103193411575359
0.00722945744234591	0.0220901373746136	0.0358451967475795	0.922114360735511	0.00743334291067496	0.00085300855351481	0.000776398836409919	0.00182669027283784	0.00183140712651207
0.00026375969784084	0.000324081054669828	0.0461903730609961	0.923230533571803	0.0113151603016684	0.0164042544898725	0.000762525524982903	0.000212026316355058	0.00129728598181146
0.00815562356629356	0.00619331848992856	0.0384447140117166	0.920810458639709	0.00843174736728164	0.0163481154096933	0.00115397260559104	0.000249124902684251	0.000212925007102081
0.0272349046152844	0.000805010353840391	0.0527014380588915	0.870347100852075	0.0112585108404391	0.000322733261399975	0.01120323101046	0.0258643831904223	0.000262687817187409
0.000227493992434216	0.0107805720037815	0.0407948401110244	0.925002853533296	0.0161391082502319	0.000746119003118842	0.00185200287075036	0.00393716310927115	0.000519847126091926
0.00191312145259895	0.000969083990399344	0.0402306615588578	0.92735538452728	0.0136874115977831	0.00894989511276102	0.00106840646315033	0.00446285598128853	0.00136317931588152
0.000100636110861445	0.00240660772300154	0.0456679369109593	0.930670040084222	0.00771154355131583	0.0107131819170452	0.000891354491408576	0.00109960825718509	0.000739090954000922
3.80957605828889e-05	0.00506069036323493	0.0457871772449426	0.918472035722365	0.00329071734373659	0.0229376081332576	0.00124658445463601	0.00216631198014031	0.00100077899710422
0.00588494958977771	0.000262723761644342	0.0418992076037146	0.921512128435704	0.0126112278561572	0.00851173554879062	0.00105133423650938	0.00794402299262273	0.000322669975079845
4.13709107297317e-05	0.0101308003297806	0.0497461546383224	0.926660322138492	0.00926990174874741	0.00113866307272315	0.000888519000346437	0.000274569465575248	0.00184969869528311
8.92583551884557e-05	0.00946020932867355	0.0464575635872307	0.922031556071941	0.00693649040526569	0.012347687516718	0.00170377148029154	0.000875380117952051	9.80831367384484e-05
4.93265074233568e-05	0.00769150233526563	0.0420661606139429	0.932091158738876	0.0127513217444005	0.001964894053985	0.00153092885986898	0.00179163619400599	6.30709522318339e-05
4.99880168029069e-05	0.000410466396262734	0.05202948851766	0.918679852000593	0.00592223530214798	0.00223849157361166	0.00274599345513303	0.0178496012733335	7.38834644550197e-05
0.00158069982344515	0.00473221223603026	0.0402524873654226	0.932114585719473	0.0185578804650847	0.00113832938873003	0.00127666526579063	0.000169188648603667	0.000177951087420325
0.00124700299475202	0.0156171682089167	0.0344337466584629	0.927399286822221	0.012935298878308	0.00574326919232945	0.00190284216139378	0.000678448404843988	4.29366787718191e-05
0.000138643978088272	0.00595712071802628	0.0397468626198226	0.922654385879344	0.0186273687044703	0.00812217904114723	0.00059011637203886	0.00115001696032526	0.0030133057267368
1.4800639640495e-05	0.000415522828148732	0.0384618343994456	0.92912353364953	0.00933810191968451	0.0152580985932381	0.00175963031792162	0.00561270653707493	1.57711153163274e-05
0.00101928192963018	0.000893648669818878	0.0421522892228232	0.926881971500986	0.0126296019263889	0.00535440380626616	0.00153693866888603	0.0011029460860755	0.00842891818912475
0.000905289466434101	0.00176412042813455	0.0436069896813214	0.924127927104469	0.017097525722787	0.00109017838640006	0.00140957832558686	0.0098751237986041	0.000123267086263405
0.000654395212127064	0.000425430563073387	0.0429126251055749	0.932847733678171	0.00660097216702861	0.0124819651325518	0.00134734446500379	0.00227815309627487	0.00045138058019447
0.000161508648949543	0.00353513086767269	0.0460248731995877	0.928730482400053	0.00842509327629409	0.0107816464518382	0.00220290850378189	0.000125848825915255	1.25078259074617e-05
0.000643171868288642	0.00784300231481857	0.0502297339037431	0.928030111259448	0.0106860927641411	0.00086027045922196	0.00128280467420149	0.000399224943760062	2.55878123772826e-05
0.00122328744069115	0.000406868061692878	0.0578054554140399	0.918871436584492	0.00855539684213257	0.0043221881695157	0.00163494272310522	0.00706110868942197	0.000119316074908396
0.000215955678655404	0.0311836654970429	0.0365649090759245	0.907588860074503	0.0147800595541713	0.00259357837791099	0.00156425379331581	0.00409755072166059	0.00141116722681558
0.000171960306751461	0.000324756037578164	0.0399125990117172	0.927968588243368	0.0098272295109792	0.0168698578238575	0.00129715323584799	0.000303169863348884	0.00332468596655128
7.80783575758137e-05	0.00019126539570249	0.0353852501412965	0.917005299964488	0.0151360218350122	0.011990872620686	0.0022808533686557	0.000127189843326215	0.0178051684732576
0.00568804329010756	0.00299370974776579	0.0396913411257345	0.935457617770694	0.00556204268436852	0.00944572992741151	0.000693569257636827	7.97658814093798e-05	0.000388180314871413
0.00304072330532888	0.00135756131766539	0.0365742970983904	0.921058320261618	0.0154859875212138	0.0191167057937627	0.000991164100051511	0.00079591276516307	0.00157932783680583
4.53171116315178e-05	0.00552770654428586	0.0385097509764585	0.933082066091268	0.00986850230748032	0.010013718785243	0.00103569172230833	0.000989917412066944	0.000927329049257815
0.000103453067632238	0.000247740344259914	0.0406532609169465	0.923425230196779	0.0145681342564921	0.00433684133191836	0.00210744865814999	0.0145412692835459	1.66219442766448e-05
0.00402567364422084	0.0107696056708349	0.0410947619552177	0.914165366171233	0.0197660458232091	0.00176137094496691	0.00188719009311925	0.000409783710536352	0.0061202019866617
0.000122740238272596	0.0176878814678382	0.0431172614241532	0.923796400092094	0.00738980989794539	0.00521919954189208	0.000570310011410606	0.00199148821284884	0.00010490911354558
6.87754186044113e-05	0.000345314984061596	0.0457769357362437	0.926497250792693	0.00684488396933844	0.0140799100032977	0.000800830564859034	0.00556725862930668	1.88399015959908e-05
0.000298063112006339	0.0217652287755905	0.0464202766913092	0.910504980341258	0.00511740054526241	0.00413564575927351	0.00164069968141952	0.000344589478925696	0.00977311561495518
2.87645160184787e-05	0.00355704413187948	0.0476870865304323	0.926696104899865	0.0116631898736585	0.0075415496856417	0.00119081152855269	0.000390649391116215	0.00124479944283612
0.00814788456625923	0.00161928785855353	0.0347518286191882	0.918757617393026	0.0100240787347024	0.0223979724393837	0.000794948281852871	0.00114763191664343	0.00235875019039044
0.00141508070585571	0.000366605219892221	0.053318508826093	0.910528696421102	0.00539586364389034	0.0173621383717153	0.00215892838445974	0.00749906703400398	0.00195511139298737
0.00761193982727226	0.00244557458127761	0.0382826302477815	0.926585120736484	0.0134845106786187	0.00856954339019013	0.000839910879058209	0.00186901371559705	0.000311755943720277
0.000538808295804684	0.00049863088898635	0.0397986120166746	0.93182358998845	0.00600386831981886	0.0125071298119701	0.000975416626920221	0.00328657639484267	0.00456736765653244
0.000981052999449339	0.0037598532200973	0.038783477573128	0.918357528933776	0.0115745302213737	0.0106166849950289	0.0020139736079002	0.00587668293269085	0.00803621551655518
0.00022414416438133	0.000272945412765245	0.0398794469117607	0.929458080907247	0.014613390919802	0.00884426679169295	0.000790176090625845	0.00569606480115834	0.000221484000566713
3.6059860406956e-05	0.00710581216915039	0.0592196423539247	0.914443001700093	0.00977998975076682	0.0020650218810981	0.00294338641905962	0.00434924344934711	5.78424161535005e-05
0.000224475781364413	0.000183777539422093	0.0437781935216104	0.923506159885491	0.00822973552565895	0.01924385616985	0.000694148005716248	0.00407194192890175	6.77116419852937e-05
2.65026629512061e-05	0.000868422440712837	0.0509354004151978	0.915007315931062	0.00397870491491503	0.00206101546179761	0.00153423283045855	0.0255805037243683	7.90161853728586e-06
0.000316345545227207	0.0104696180958038	0.0412063034781494	0.930276463334491	0.00743508453876446	0.00513355686466033	0.0016217706621431	0.00350698009182626	3.38773889346645e-05
0.00069453409552433	0.000351459178933643	0.0362594635006703	0.92752480158809	0.00919163051494466	0.0199383973880444	0.000736514750335169	0.00446055897159726	0.000842640011860646
0.00374983934679166	0.000404839056905232	0.0454190894715917	0.921324774761923	0.00436379270605843	0.0104134135698738	0.00221432309612816	0.0110558546976385	0.00105407329308923
0.00484796928444126	0.000414968547184223	0.0578177081556463	0.90353424588703	0.00672319909480192	0.0032817568372343	0.0039188981303954	0.0184913938496875	0.000969860213579289
0.0124866344677501	0.00677852322621499	0.0392186167569529	0.92391713741197	0.0120376782750836	0.00410206408185087	0.000796342044068453	0.00061864870073659	4.43550353728514e-05
9.91680101183553e-05	0.00856002816098028	0.0390441907799471	0.91641787530609	0.0205006752902008	0.000330010670764763	0.00201013528388817	0.00737633599113159	0.00566158050687907
0.00145030113132446	0.00789807759748497	0.0372007026782969	0.923381499663897	0.0175230970075569	0.0106796047235182	0.00133732928830439	0.000209559296236208	0.000319828613381255
0.00139765713862091	0.00275293431801089	0.05401229321377	0.897965541355182	0.00685916686217895	0.000528202470030185	0.00419600960533377	0.0322767256920794	1.14693447931563e-05
2.76185352411246e-05	0.000534743937216566	0.0440950303095747	0.91577043281879	0.0189418939466622	0.0173085404099216	0.00201972538778883	0.00123102269875404	7.09919560505705e-05
6.74317742036098e-05	0.00517432297680075	0.0457617793370559	0.920336733627822	0.0102430857427633	0.0155543973151696	0.00135423956124749	0.00146824586852721	3.97637964100254e-05
0.000452787822502449	0.000418294039548649	0.0570705363774882	0.904902942391484	0.00859806059491445	0.000423388723968664	0.00300304541205166	0.025111119080113	1.98255579289641e-05
0.00123933657276302	0.00953362618341651	0.0429908972083426	0.92724575436177	0.0090246294732583	0.00136273478889347	0.000744546309907375	0.00782350042622927	3.49746754195635e-05
0.000647436196912825	0.0129139871085042	0.0406824521211526	0.927630714105964	0.0076437783045965	0.00739345718721395	0.000698550255961269	8.85225787216089e-05	0.00230110214097332
0.00239687076430144	0.00974733762161121	0.0415340748578468	0.916028553659257	0.0171364427132611	0.00977572555873992	0.00186032310574544	0.000195050976338479	0.00132562074289898
4.99272173220814e-05	0.00927267349679897	0.0357241700753601	0.937006056394562	0.00846609653392683	0.00690945664442144	0.00103400667128082	0.000615301611195182	0.000922311355132486
4.29299785738616e-05	0.000758060777578986	0.04562065106221	0.92514295007162	0.00421178880326473	0.0113128722938729	0.000867535708876209	0.0102122445448927	0.00183096675911081
0.000132093289812111	0.000125621709144869	0.0454597579384221	0.909964193757966	0.0160728200861318	0.0205519725723208	0.000814351771328109	0.00619114652476709	0.000688042350107695
4.52218066594623e-05	0.0402872781783893	0.0371095408583473	0.906801217744894	0.0063498507463214	0.000998534543888058	0.00319144939703391	0.00516820976022146	4.86969642451894e-05
0.00916137944165627	0.00504346145605848	0.0411508834785558	0.926605745519369	0.00804588625099194	0.00717463293383921	0.000959860394469709	0.000821230908795132	0.00103691961626469
0.125797822017729	0.000252401707660854	0.228946435402601	0.531064844516196	0.0138364607781174	3.08879632237191e-05	0.017155029471179	0.0159427802381587	0.066973337905134
0.00266619169550821	0.00102175367193949	0.0332788062456228	0.927970890511014	0.00969799999900725	0.0176586701166623	0.00186689075954529	0.0014517986356569	0.00438699836504363
0.000688266664098505	0.0116974362156525	0.0400266966560996	0.931066134995751	0.0143064979835049	0.00106174330271276	0.000406117902115813	0.000425021940539938	0.000322084339524959
0.00052420146921464	0.00026634241092853	0.040726480886987	0.911928473300868	0.01606736941601	0.0259885034323175	0.000710649457164699	0.00375481207876558	3.31675477445014e-05
0.00530660450227197	0.00936683024821031	0.0346600097398439	0.932230853876461	0.0111095116969851	0.00362359087184328	0.00165090171752004	0.00187112109639158	0.000180576250472777
0.000423258775272019	0.00269856800709238	0.0502243656133059	0.926317667320893	0.00804144945956677	0.0074685381156819	0.00147478550196747	0.000588701230770763	0.00276266597544983
0.00064781557422785	0.00357828620831471	0.0341570282118589	0.925237664185497	0.00994409667708478	0.0177568506629404	0.00148206840852629	7.97577442848139e-05	0.00711643232726528
0.00139307957131338	0.000120025119953944	0.0500933724273845	0.912515883372296	0.0121093861346156	0.0131993511676368	0.00129478908923511	0.00762365888153986	0.00165045423602461
0.000917478834570617	0.016804854949235	0.0468795069266318	0.925190469219323	0.0068748006720115	0.000382405288774511	0.00152653457349464	0.000414386643591883	0.00100956289236669
6.41491208510712e-05	0.00365230250255207	0.0397522372730761	0.922970038852153	0.0141358990933619	0.0164164145291004	0.00207067463099156	0.00087837045186023	5.99135460532563e-05
0.000110397484241326	0.00312915024526516	0.03856680900658	0.929452952855136	0.0158963529193365	0.0015408743054706	0.00147104776724105	0.00936141375641702	0.000471001660313026
0.000916546951070643	0.00808305687032248	0.0435644647097681	0.922083646141218	0.00817747939693977	0.00399446603199805	0.00229389819358844	0.00599093938645029	0.00489550231864384
0.00150600961532817	0.00710025577906303	0.0484269138508988	0.912872213275716	0.0107991481947089	0.00162825334980423	0.00148976467533214	0.0154433307506156	0.000734110508532927
0.00720757301466551	0.00986751175838502	0.0430799838015989	0.91780759317341	0.00841121004111432	0.00505365193221926	0.00243595428375492	0.00438457124386371	0.00175195075098854
0.0024356200082863	0.00214227758167314	0.0384521006697265	0.930586771911903	0.00773325670819575	0.0182087881844074	0.000180624220746639	0.00024094210582231	1.96186092387425e-05
0.000186610565524221	0.00980712813597311	0.0358711315092205	0.914482063374982	0.0205289024427082	0.0138402469673168	0.001342351349277	0.000751043778479465	0.0031905218765188
0.0047956930574639	0.00234678552096784	0.034155441023443	0.923195968507732	0.0107000542499224	0.0167587583298742	0.00156999413318062	0.00103056567626573	0.00544673950115013
0.000145846825220609	0.000147561751795132	0.0401941353156924	0.938499100440066	0.00456446906100078	0.0139789074635207	0.000807699250262391	0.00141815201980324	0.000244127872638456
2.84715053064348e-05	0.00461761979894305	0.0441713368538746	0.936850929225623	0.00645846136219848	0.00235238387343783	0.00128531256186411	0.00421616980995707	1.93150087955441e-05
0.00182671462043583	0.00663085205438566	0.0406759494040231	0.933906261161865	0.00973625880701526	0.00461835989249833	0.00101104009120659	0.000263354562989739	0.00133120940558014
0.000347353754569951	0.0139477573752964	0.0403632000536092	0.924134878782949	0.00949026029150153	0.00407067788984014	0.00244831491928374	0.00474443032643729	0.000453126606512501
6.65535480477613e-05	0.000872478488575165	0.0366288730034702	0.928703894154339	0.0119920754180814	0.0141787692856598	0.00158644658654065	0.00437556576813739	0.00159534374714805
0.00289505001244773	0.000397039239323091	0.0343945270619591	0.937284930027992	0.00857911274839694	0.0121564265002043	0.00112693864289514	0.00217294646192328	0.000993029304858024
0.0168868471167342	0.000955976317367851	0.0370977715621931	0.915950092504555	0.00503659923404328	0.0212981180829141	0.00209193733283849	0.000597987619290365	8.46702300637058e-05
0.000362132917263134	0.00224139406161531	0.0402609545025923	0.924411590921842	0.009678128787216	0.0212161175988487	0.00149580944524586	0.000210601311508148	0.000123270453868228
4.46125192771845e-05	0.0153741565223227	0.0396777722959102	0.927043119336613	0.00875418110852817	0.00742629980376986	0.001576376170635	6.47561281338158e-05	3.87261148099033e-05
0.000400234899192785	0.0105243486100975	0.0376072393565927	0.924876907000138	0.0136661369537873	0.0113004333111689	0.0011900422372239	0.000142735466293091	0.000291922165506489
0.00740002804931837	0.010956331982463	0.0423269460135896	0.927866554693005	0.00784760585738598	0.00182350867535743	0.00058507415718494	0.00113187406373881	6.20765079570079e-05
5.10700120695693e-05	0.000245779776168421	0.0355998287863914	0.918841989008385	0.0228247815782496	0.0137572113862795	0.00072741191030667	0.00166762126367921	0.00628430627847033
0.000391737787496339	0.0118231903641083	0.0380968160663236	0.92310624407824	0.00946496343648894	0.00364334174142547	0.00226274615921279	0.00860813584586603	0.00260282452083857
0.000649543571988889	0.000250341850646274	0.0409162478208248	0.918656823336933	0.0143529294507826	0.0196864337591804	0.001081922017217	0.000331734089566998	0.00407402410286016
4.68981899391485e-05	0.0102581462714528	0.0436797501468617	0.923341813762778	0.014925954518031	0.000629844293679284	0.00112880908689001	0.0059127716213966	7.60121089713092e-05
0.000835046693336381	0.00821581969553748	0.0417889649266633	0.919830612770365	0.0133380622906934	0.0118291157678878	0.0033943862018659	0.000687079187540222	8.0912466110681e-05
4.35509431019306e-05	0.0108722055598373	0.0439719484929584	0.925024048545756	0.014091558433783	0.00463339480504454	0.000396169159842007	0.000843517090499051	0.000123606969177605
3.73216774917777e-05	0.014432857892988	0.0361023821936747	0.926634770928305	0.00783938870683479	0.00448540288889799	0.00214192561107862	0.00259148051067016	0.00573446959005874
0.00229380915221593	0.00436450398562358	0.0387812629312906	0.929129644797469	0.0116097075699277	0.00474624523740262	0.00115927236426032	0.00774573747669969	0.000169816485109974
0.00862681438045645	0.000689874345230403	0.0472398552172293	0.90788096876624	0.0193717874930562	0.00366554757954401	0.000537142663128648	0.00675576094060803	0.00523224861450674
0.000260961531108152	0.00029342700013091	0.0357809198006895	0.91574979059206	0.0184155258953059	0.0227435229257045	0.00196601951778798	0.0041661746864108	0.000623658050802232
0.000101972599651159	0.000899708817328499	0.03495850469597	0.930368055378828	0.0186153252263508	0.00670080131957609	0.00171195584378203	0.00641931429639857	0.000224361822114657
0.00054978103162686	0.0129562831438571	0.037538977705456	0.928439738414938	0.00967592497186015	0.00719631539458505	0.00274458776762414	0.000864009825365512	3.43817446867581e-05
0.000203779999829948	0.0017726320481735	0.0424587081090785	0.925214612377648	0.00845302783126137	0.0159075651953006	0.0005643550885514	0.00422807306858452	0.00119724628157246
0.000572806924415135	0.000741122006175252	0.043636556713196	0.918900061856869	0.00779322479981977	0.0270317345802366	0.00098496612584872	0.000250171966161199	8.93550272787606e-05
4.71116731838766e-05	0.000498059086104133	0.0516079017644037	0.922754670732327	0.00386719728950765	0.00303813080133547	0.00173115826792942	0.0138774981379134	0.00257827224729572
0.00102076977164784	0.00622157833056385	0.0464327172214219	0.926550242279576	0.011800093485051	0.000829548912128872	0.00121751212453908	0.00500366857351655	0.00092386930155444
0.00172053627689262	0.000460875429038757	0.0403857560016566	0.923571924551236	0.0110296186623166	0.0199890322896045	0.000933208067907786	0.0018229266568815	8.61220644657748e-05
0.00225987947207951	0.00451567907473914	0.0390380784219319	0.923390188579422	0.0199337334728889	0.00549281440438059	0.0010965362732256	0.00208976835725393	0.00218332194407801
0.00314496976180529	0.00859974278236002	0.0356380709051887	0.920279265074893	0.0127737042995095	0.0145211177102089	0.00122783178261222	0.000927542588170912	0.00288775509525158
6.27359220972142e-05	0.0174861013988498	0.03519918045834	0.925763952306516	0.00869020832991248	0.00136508917316073	0.000674746319175725	0.0085554576471465	0.00220252844480147
0.00528390188649892	0.000224536381133845	0.0414008550326799	0.922157045137792	0.0108622662360442	0.0127676704600651	0.00117935457830634	0.00216191851856399	0.00396245176891567
0.000204261577732381	0.00134638640722044	0.0561481681798868	0.914325053346928	0.00818601769108897	0.0131519946805437	0.00193722907610715	0.0046920420322942	8.84700819832566e-06
8.98713295718092e-05	0.000216524754258683	0.0372630566183502	0.921933044246205	0.00836906619013026	0.0273014229933546	0.00139288373709137	0.0021700467633091	0.00126408336772875
0.00271339827126074	0.00184705675389147	0.0349184775903186	0.916943123384887	0.0164076389902043	0.0165922708725492	0.00116451713460125	0.00938501569146647	2.8501310820683e-05
5.1203354091859e-05	0.00462801090109718	0.0431997052013375	0.920402302029066	0.0101795218142824	0.0131699314129007	0.000871271112917875	0.00732093195160364	0.000177122222702674
0.00138807779728434	0.0023728065726376	0.052833754886953	0.92393842291386	0.00872877566183524	0.00755477990069112	0.000534167897227969	0.00260764667104233	4.15676984682496e-05
0.00212734404037964	0.00128031189834385	0.0381777597261805	0.929216781458834	0.0079003707155012	0.0116418140710283	0.00115133783503567	0.00720185968583185	0.00130242056886479
0.000177305362215045	0.000576874071447186	0.04071119285586	0.923839825587526	0.017934965896269	0.007266752880004	0.00076975504598895	0.00589271792361173	0.00283061037707764
0.00443749954321591	0.0141550630403142	0.0324756781185302	0.91791195582137	0.0100845696102733	0.0165016716907058	0.0015579102294902	0.00218141049054234	0.000694241455558137
0.000244455672421856	0.000428950741279944	0.0351732325104843	0.926957008233856	0.0158439758245558	0.0031972882295837	0.00153936218908288	0.0152963063032631	0.00131942029547235
0.000251848353734279	0.000697380059975234	0.0360895214449263	0.913039224061401	0.0219274212735901	0.021184718569141	0.000965505791391714	0.000967869097988679	0.00487651134785104
0.0168124954507175	0.00134388611297672	0.041589944729161	0.89959152666352	0.00391733838987401	0.000231947752480552	0.00517097400358273	0.0312732988202288	6.85880774586945e-05
0.00725897636297854	0.0127278555591756	0.04015497597615	0.923056812597442	0.0107801096944298	0.00319238861440146	0.00109902356838592	0.00119263660123073	0.000537221025805787
0.0102581366136207	0.00108722630832068	0.0397924094155177	0.928281412884414	0.0081317402900644	0.008828465275747	0.000735346612314734	0.0025508587264758	0.000334403873525313
0.0002815798807331	0.00319261957520949	0.0415940512271994	0.930288065925271	0.00856793341166574	0.0149145039598544	0.000894070298150005	0.000215007209451366	5.21685124653575e-05
0.000187834650366671	0.00983462202818883	0.0393216255278176	0.930465162335348	0.0115777372565143	0.00561142197586594	0.000792851063689	5.52889916848878e-05	0.00215345617052479
0.00512640825973465	0.0120547134176293	0.0403153979989503	0.926617642270488	0.0105432136617575	0.000301855529815463	0.00241293421268384	0.0003797507455366	0.00224808390340419
0.000535359195567344	0.00126104171096333	0.0472909803649665	0.92407515848884	0.00569312519618509	0.00507407532293314	0.000770390416837783	0.015227154825902	7.27144778047716e-05
0.000179815210995704	0.000316620294120355	0.0386035239188813	0.931930209964751	0.0103889627397826	0.00289575676590932	0.00147944300499274	0.0123982285657306	0.00180743953483684
0.00106618919554596	0.00764762573896823	0.037476175397394	0.932026030441486	0.0134765992141315	0.00311086200913864	0.00125051251285665	0.00380409155135531	0.00014191393912331
0.000119799264004104	0.0113305501928089	0.0359998802707251	0.931104270675126	0.0130388974545976	0.0049231675375623	0.00125347588774711	0.000252680352734631	0.00197727836469444
0.00351716076354707	0.000331603765567304	0.0502606715719902	0.92056589993911	0.00849340611367125	0.00470316186927341	0.000635396439500483	0.0113349669609027	0.000157732576437351
5.9878348822652e-05	0.0302472719039202	0.0335792716954618	0.918728027725401	0.00499330551614497	0.00885821485895184	0.00147837822595927	0.000139747623742677	0.00191590410159598
0.00177067654156523	0.0105427591528573	0.0457556056463584	0.927869247480662	0.00840562343681167	0.00322027866313976	0.0010917695664147	6.1710086566724e-05	0.00128232942562431
0.000749168396156994	0.0145866042931435	0.0397682522673344	0.925610526999115	0.00944100877701322	0.00593487786351524	0.00128557390806479	0.00145650511671644	0.00116748237894069
0.00160471538045961	0.000280338222350323	0.0437463521793549	0.922983622449531	0.00816137756701073	0.0210682430554503	0.00182151233840083	0.0002936203176779	4.02184897642857e-05
0.00498277360730224	0.00162461716318954	0.0410783446542819	0.920554505104318	0.00567717209183036	0.00220559497255151	0.00127792230004992	0.0202502579435146	0.00234881216296165
0.00346283359889135	0.0101422516838158	0.0436152357309486	0.917121801266663	0.0114870465901058	0.00980433780105665	0.000373159099334127	0.00016474897559897	0.00382858525358553
0.000123385151096767	0.0203331776525187	0.0377913510800924	0.925537515911201	0.007781819602669	0.00211809846314804	0.00175497259557712	0.000294337682735495	0.00426534186096127
2.50961557245974e-05	0.0357438936211	0.0398794418838569	0.905343796191841	0.0128879959171918	0.0026707257967019	0.00318303918778269	0.000234653017998928	3.13582278017494e-05
4.38898257784785e-05	0.00431275426142374	0.0393185849721489	0.934409151905513	0.00613455313293382	0.0148669674121331	0.000766432528608985	0.000112477635263949	3.5188326196045e-05
0.000168250427029197	0.00157358107209348	0.0395893981920695	0.930713986225351	0.0134178222652555	0.0110059293175425	0.0014442778790517	0.00206393439917432	2.28202224330348e-05
0.00270776146064903	0.000519981709139836	0.0579236418588983	0.904317260143527	0.00650868093512794	0.00148659032961231	0.00463162315005911	0.0209011158384814	0.00100334457450524
0.000460062208879501	0.000136287886206399	0.0426719411979253	0.924436411377695	0.00957726757047905	0.0199341026572788	0.0011435111174891	0.00162648095503414	1.39350290128715e-05
0.000207533948175761	0.012363677203533	0.0311026050046772	0.939079868375517	0.00888437257981014	0.00622361162518072	0.000924708200613268	0.000789748168219471	0.000423874894272923
0.00301840101765366	0.000404262454765027	0.0343279501289206	0.926523363053043	0.0130515363080846	0.0169474664807938	0.000709066719907872	0.00329397098273045	0.00172398285410156
0.00196434758535569	0.00035189429086927	0.0407630191849685	0.923246158841978	0.0134544466911359	0.016876294093447	0.0013926550866519	0.00190515525728302	4.60289683106827e-05
0.00110787710572033	0.0134718928585082	0.037246891772928	0.926566793285097	0.0174168280354562	0.0016612379390677	0.00132562545587286	0.00113161652431124	7.12370230384397e-05
0.0093623427963422	7.53704966944686e-05	0.0607984355967746	0.892104420310193	0.0114296650148896	8.76177548067695e-05	0.00171875170391829	0.0238264609701179	0.000596935356262851
1.42265108017919e-05	0.00231467215839984	0.0470799755339866	0.924883556504356	0.0083647453992514	0.00363158695165783	0.00148381540275065	0.0116597545639467	0.000567666974848873
0.0131831818459366	0.0104589496762978	0.0325715525136216	0.915791687720084	0.0107941019187822	0.011591041374706	0.00117816848551286	0.00142309208913693	0.00300822437592219
6.26121350487859e-05	0.0217299495275645	0.0400797221091087	0.92593288128768	0.00657317466391528	0.00123903613312242	0.00179606503416552	0.00247753028404325	0.000109028825351087
0.000868501373281832	0.0195404991647173	0.0397857529988277	0.928783683256797	0.00448440717407097	0.0037538537800959	0.00126211935109004	0.000756305296989555	0.000764877604129499
0.000587587173121316	0.00116483973972208	0.0374952460866999	0.921520436747096	0.00819569907772024	0.0168025284066405	0.000423610960253981	6.20409752662772e-05	0.0137480108334795
0.0106004723258711	0.000127820070612312	0.041961275133323	0.909854148528873	0.0134887321068049	0.0151223178770377	0.00276951250589613	0.00528266850269294	0.000793052948889124
0.000705952484178788	0.00021045782121513	0.0429693302652994	0.912657567157824	0.0241233494168691	0.0161332239156885	0.00107517304240686	0.00185730656221038	0.000267639334307469
0.000393751819498213	0.00108263194710418	0.0391214849369372	0.939830960482798	0.00559263779645423	0.0128320600716778	0.000993157444325892	9.77582634735096e-05	5.55572377310864e-05
0.000148684997398322	0.000734249882279715	0.0346536888177907	0.926857800487222	0.00963198155344428	0.0222758227136528	0.000817226830591502	0.000257841460903584	0.00462270325671682
0.000805076222475424	0.00246024357651393	0.0424131722701284	0.916866243158729	0.0148693245056216	0.0115213990275411	0.00193267055413653	0.00898134483493838	0.000150525849915722
0.00153731562373498	0.00230117205688116	0.0447599447926537	0.908277769155232	0.0111561654876936	0.0139595812686898	0.000747002320923869	0.000768769314060576	0.0164922799801309
0.000155522170328738	0.000415441814744046	0.0445832749838019	0.918692806518489	0.00670688663880659	0.000914007953341421	0.00161349820653349	0.02685671896	6.18427539550513e-05
0.00323207339278008	0.0159829514964675	0.0399737506537354	0.923647416956581	0.00924049597991159	0.00445322708646418	0.00205495155617596	0.00130614042773148	0.000108992450152858
0.00243471786538708	0.00533807489066756	0.0488970959625458	0.93298361802084	0.00662466298048691	0.00159868372733779	0.0019435852502377	0.000160966285549967	1.85950169469288e-05
0.006939588165996	0.000660252889113338	0.034236209006076	0.922683758663852	0.0174929201850235	0.0133045082444059	0.000537315451225797	0.0025520944224067	0.00159335297190042
0.000222806972428912	0.00108101279862354	0.0453893036575789	0.915653250481578	0.0199805970129237	0.00186194057877485	0.00175847165602401	0.0139833219034703	6.92949385976529e-05
4.20863008728053e-05	0.000127622195823054	0.0413017420572786	0.927560824253442	0.00846673193165045	0.000132435430840865	0.000394823369345384	0.02160939887732	0.000364335583426919
0.00139203087526368	0.000233322000609062	0.0520165851732897	0.905043078946194	0.00819086267754483	0.00441715035280212	0.00094496779356159	0.0192218280404696	0.00854017414026572
0.000186472986080905	0.00375348293626769	0.0409821009645036	0.929807086675531	0.0095136349471775	0.00901101111433417	0.00198794015374557	0.00455037458899055	0.000207895633368624
3.71425480913789e-05	0.00174652354685469	0.0430732303605103	0.918421696733701	0.00968925689006355	0.0051649100010904	0.0020394090874128	0.0179458403676455	0.00188199046462994
0.00282410086963251	0.0101571673883912	0.0435890701644353	0.92444230881932	0.00953508792064544	0.00205672942993089	0.000947673732249613	0.00397379712550155	0.0024740645498933
0.0028309238087277	5.74275182764843e-05	0.0482477403949791	0.908533309996872	0.0155362219500169	0.0159522095681442	0.00231738240495563	0.0016777154568517	0.00484706890117656
0.000116486873807127	0.00402074631088314	0.0373878033523898	0.928019469190962	0.00720578562936627	0.00630733790776227	0.0014980720823907	0.00948901101853922	0.00595528763389898
0.00239542314598199	0.000678421515434638	0.0423756310854902	0.924362549937703	0.00601216452329715	0.0142649693153569	0.00124207169914169	0.00805572518164702	0.00061304359594739
1.570368479792e-05	0.00032523597118306	0.0486078211604557	0.927568673095452	0.00752631843365188	0.0017249257655016	0.00132137887991135	0.0128930630388574	1.68799701886502e-05
0.00144367066563643	0.0173793983946242	0.0382494349627164	0.925697302457112	0.00497517922395055	0.00363000708429065	0.00093580900792844	0.00493098184469265	0.00275821635904905
0.00261221437079114	0.013244542199841	0.0346165570981688	0.921162578923863	0.00906374026261992	0.0176866696889833	0.00135039662230275	0.000133142569431834	0.000130158263997997
0.00141737664572482	0.000591877361070161	0.042215370569273	0.928684964704405	0.00734888946804558	0.0149179591088401	0.00171631288032888	0.00306712286705302	4.01263952591309e-05
0.00843020187802342	0.0100897526073649	0.0413662260586383	0.919247212094443	0.0079000038965608	0.00752213886693715	0.00081774022588724	0.00460549210507728	2.12322670681112e-05
0.000237410630991418	0.000305450881521422	0.0417974095461463	0.92130425099852	0.0187113170767573	0.0155557550090903	0.000366040470943156	0.00166061288620482	6.17524998252487e-05
7.88245669773915e-05	0.00552245765157683	0.0458851860672221	0.935656548285231	0.00786456632575158	0.00433430732569207	0.000241958081633516	0.00022753201246798	0.000188619683447827
0.00698949641374426	0.00644476992578633	0.0379428721380588	0.927943174198736	0.00676202788810154	0.0126171887326176	0.00077367712199672	0.000123525198045982	0.000403268382912478
0.00093194113627067	0.000146170061239325	0.0482204992758129	0.924259153984004	0.00698339233477814	0.0164259777692879	0.00146138255908455	0.00143248195290243	0.000139000926619527
0.000476588085704171	0.00121862344075659	0.0436376105842086	0.930241259816291	0.0093154307967168	0.013751341121148	0.00109448838546451	0.000221631573135709	4.30261965747644e-05
0.000130493917811117	0.00472954565588416	0.0391538791919032	0.930840052522036	0.00741468088836849	0.0151593024029494	0.00121233754434993	0.000778089753820865	0.000581618122876391
0.000101990452758334	0.000187402056211057	0.0387841214707089	0.928677966538902	0.0100888087843027	0.0174132270546262	0.00148180345241956	0.0023049548265786	0.000959725363492856
0.00796609177689238	0.000270354541617891	0.0393822863116533	0.927111578238396	0.00604610593795894	0.0177771429210095	0.000497706371847027	0.000910775396019397	3.79585046054543e-05
0.000210591720560061	0.00142051212077024	0.0394755560761185	0.94121127576188	0.00997111339956417	0.00629012034784886	0.000632811773802686	0.000175990382934999	0.000612028416520395
0.000202582261148033	0.000727347726652858	0.046365396588088	0.920507000134269	0.0147815633361692	0.0104295157842419	0.000921628316808347	0.00603236842966953	3.25974229537946e-05
3.93196628890872e-05	7.55410767206995e-05	0.0515390496773767	0.927808104385361	0.00416958313933244	0.00343886423274704	0.0020730050369519	0.0107838472517904	7.26855368305347e-05
0.0026720341360547	0.00217874848730327	0.0424504073877756	0.906587757608485	0.0176929667926229	0.0142406430309864	0.0011228564207118	0.00607708249104565	0.00697750364501513
0.000268358880020961	0.00979779233582087	0.0334131801744414	0.933771610912149	0.00737602556541157	0.0108257215748401	0.00133209133345313	0.00313321071396772	8.20085098950195e-05
0.000959843496635149	0.000109091916143947	0.0414328285243093	0.92722955176565	0.00637924822382648	0.021810310587959	0.00173984244659698	8.07602970761491e-05	0.000258522741802884
3.4369497964363e-05	0.0101288179261937	0.0405994302158384	0.929380539723957	0.00739076831916893	0.00455243203804592	0.00198850306994107	0.0058298775269036	9.52616819866497e-05
0.000221364065227408	0.00261736048121917	0.0501414029845716	0.916814068104119	0.0126583324812564	0.0158880347718041	0.000929958349453254	0.000665608034404066	6.38707279447323e-05
7.84466881514244e-05	0.00291264929968233	0.041082448709275	0.930421020328649	0.00869668012557408	0.00305758347163026	0.00156556294232196	0.0118951205388688	0.00029048789584668
5.17493944655218e-05	0.0178160832924028	0.0425779453338769	0.914916124902736	0.00766787201302752	0.00530093752674003	0.00248225988535032	0.00318520098068603	0.00600182667071502
0.00442580482840103	0.000865036368101092	0.0401609041072252	0.923684086829276	0.0150929090323014	0.0131502088367371	0.000663856746208622	0.00127410806632034	0.000683085185428676
0.136398696204034	6.07192164083959e-05	0.0664571433588342	0.671234683996298	0.020130015700746	2.46271484365631e-05	0.0220171024128731	0.069708968488277	0.0139680434740927
