Bcells	CentralVeinEndothelialcells	Cholangiocytes	Hepatocytes	Kupffercells	LSECs	Mesothelialcells	PortalVeinEndothelialcells	Tcells
0.184903672738713	0.000445496749781675	0.000398508166288368	0.353135615515628	0.0472828111323903	0.0328344897456455	0.000601678940314656	0.000379816176927562	0.380017910834311
0.149698301051634	0.000717336599416097	0.240224571518228	0.250583115442987	0.0177281142540839	0.00512607651567459	0.0143255899875855	0.0690671537908171	0.252529740839574
0.177221929940028	0.00153706673465612	0.000406845277938087	0.349145401920595	0.0836328748045147	0.00610047215368933	0.000143860539061163	0.00288645236017856	0.378925096269339
0.211421095593295	0.000513838654772468	0.000283786379273288	0.311025933745087	0.0974734671475721	0.0208235435751692	6.43617644781375e-05	0.000490081269541957	0.357903891870811
0.126605466709121	0.00346902973029819	0.0170742735469928	0.384362095156128	0.0695814400275571	0.018463061218989	0.000100852749726462	0.00192845707888085	0.378415323782306
0.17467136942764	0.0019440666391163	0.00388473540743624	0.331360901776071	0.067041392786017	0.0307453342483443	0.00132968920708343	0.00781024032370752	0.381212270184584
0.2198855996654	0.0174055978896514	0.000483331798435698	0.338740735072089	0.053182463364975	0.0106891156634364	0.013356394795957	0.00172111095245895	0.344535650797596
0.17847544533392	0.00285319164032022	0.000275346047115456	0.362612319681778	0.0354448550611638	0.0293640052042007	0.00204391991072708	0.00244376028628949	0.386487156834484
0.189323199218852	0.00201164471984027	0.000761041397865164	0.336683578621514	0.0848780612351882	0.00176024090819364	0.000715213116919822	0.000650067061732803	0.383216953719894
0.177093922920593	0.000838117879004255	0.0131910415217582	0.347672868536985	0.110886506188722	0.0206818569759173	0.000328173864943792	0.00100947006254456	0.328298042049532
0.269726029734339	0.0018634528177168	0.000290795804020076	0.281146489991604	0.0918306583241871	0.0365066673704388	0.000319031327926801	0.000998226983287078	0.31731864764648
0.178684375150154	0.00823719610011469	0.000597814596192463	0.345713646403167	0.0868831416788905	0.0264414387146075	0.000849642323596397	0.00174874505215273	0.350843999981124
0.164012611135003	0.00482760055476041	0.000677891010763526	0.348047809486349	0.06454570318601	0.0347922093403496	0.000856507568653175	0.00139567214094369	0.380843995577168
0.158493490340624	0.00113398472159232	0.00241599028507067	0.396277629316659	0.0478668793918688	0.00262559950509381	0.000567776808756668	0.00062397681531507	0.38999467281502
0.235232365466341	0.00385679561077728	0.00135692840220085	0.332924479371091	0.0197203992090343	0.0320850958360726	0.000731824722540519	0.00195382327313281	0.372138288108809
0.239240933167243	0.00526591801189654	0.000235069888275399	0.341022630814019	0.0646867354070103	0.0113209370536633	6.79332702132483e-05	0.000456980526156338	0.337702861861523
0.181134465089104	0.00172691638481982	0.000189434391386117	0.343606746416694	0.0708938151242747	0.0341410292437177	0.000256178546321777	0.000605843500953474	0.367445571302728
0.206391568252393	0.0452121883688607	0.0010843215247634	0.331102437661896	0.0635290404360269	0.00941777922804936	0.0298260448452584	0.0073240763527882	0.306112543329965
0.24863073362464	0.0357234121235694	0.0228085316445219	0.168026448208958	0.0796706471164091	0.00156985619680415	0.140974111509277	0.0577168158135205	0.2448794437623
0.171658514497628	0.000508883119617989	0.00289687321903646	0.345410580639716	0.0991446879035026	0.0153958165324892	0.000662444853558668	0.000420418824295163	0.363901780410155
0.170050438600998	0.000786525645836619	0.00023740090603642	0.341258856531446	0.0768798894871502	0.0357198783869213	7.05856575884891e-05	0.000915406730399281	0.374081018053624
0.18735936447306	0.00121100022166011	0.00364064851595541	0.340440409353427	0.110319517524547	0.00397015755636666	0.000251314897420986	0.00250167190814966	0.350305915549413
0.18537534697798	0.094477799379248	0.000435822763646058	0.344312376980193	0.0157782805271205	0.00162207109938595	0.0163044975056823	0.00195781734590617	0.339735987420838
0.198222101222506	0.0216447854860729	0.00113571710645783	0.38832948243245	0.0555220843680268	0.00620366064001262	0.00673817273839778	0.000896638692971967	0.321307357313104
0.23736739859654	0.00202533747654899	0.000207583965148876	0.301657540675527	0.10176087579304	0.0287479575498024	0.000511317387251033	0.000662471705282996	0.32705951685086
0.178997703203413	0.00639261411479404	0.000607528934050196	0.320208922643117	0.105764112311796	0.0214541192601254	0.00437368041917076	0.00224057905723351	0.3599607400563
0.243839216181872	0.0121743062633709	0.000386905663427278	0.33295524493205	0.0208084653008143	0.0118124598524425	0.000201193274174411	0.00115763001131873	0.37666457852053
0.144949651162879	0.000324769455786718	0.00115490735989339	0.351419819039582	0.0783378849497652	0.0118193522851803	0.000128759830048015	0.000327010285510435	0.411537845631355
0.248244416632349	0.0118902969215376	0.000443369149829932	0.337072603785501	0.0468243853235076	0.0240935854545089	0.00014647651226262	0.000833928962136247	0.330450937258367
0.263095558249151	0.00139463810256004	0.0171136238125603	0.252947789621508	0.0404099378100586	0.00796605838334851	0.10764736352667	0.00626790860755643	0.303157121886586
0.213953726049795	0.000576399281963622	0.00217912911554691	0.304320242390592	0.122973772714421	0.00341791520494804	0.000301424229723464	0.0102563514563925	0.342021039556617
0.203225873142415	0.00344546505882187	0.00252980963044463	0.313192962249272	0.0680684972785569	0.00992186337930295	0.000473877764076129	0.00243272604143843	0.396708925455673
0.182457928848624	0.000631297857414697	0.000686877076552543	0.364019036751082	0.045494216468271	0.00635546360153004	5.78358034513213e-05	0.00640324150664484	0.39389410208643
0.181849278127306	0.00214997308090565	0.000621176844556034	0.381018574354668	0.0175873546430837	0.0509187145029137	0.00138492071242743	0.0025067747371069	0.361963232997032
0.224281823181431	0.000802439417370187	0.00230063506386318	0.342993352185163	0.0802014154120586	0.0144090901451533	9.17316027603396e-05	0.00124956376143283	0.333669949230768
0.166155377213968	0.000586366455574759	0.0175027653219971	0.378569586868026	0.0620182743746077	0.00355332702967446	0.000383268347907855	0.000882987108851432	0.370348047279392
0.19385555141005	0.00504889935189615	0.00106103965205509	0.347123837525005	0.0353927792543977	0.0182494121153622	0.00208239493210009	0.00542141733194947	0.391764668427184
0.154692075865737	0.00387945087870508	0.000392696453755268	0.373775677537822	0.0829585871695991	0.00832225603665408	0.00056179499587542	0.000774284244500668	0.374643176817352
0.186394319086885	0.0018936263739684	0.0337165957710366	0.357661060128474	0.0273145744315717	0.0043224315858171	0.00746072034226677	0.0200971785360202	0.36113949374396
0.117538554394514	0.000725272148852854	0.000562839034025007	0.348611003700634	0.140943841936703	0.00462727167191374	0.000103081395092369	0.0004927295822951	0.386395406135971
0.204208411776141	0.00502178552253441	0.000808846704357742	0.33876693867475	0.0899261641641144	0.016112328474672	0.00830834538420595	0.00328145272065562	0.333565726578569
0.203047917809444	0.000524930441589452	0.000459310533347878	0.328731321000091	0.141016062163808	0.00509398315454042	9.28978779135756e-05	0.00564860050773516	0.315384976511531
0.150500483539647	0.00088845752785615	0.000815744056727791	0.350298842705288	0.0614290385924609	0.0420362890312042	0.00171409484542624	0.00147036452423866	0.390846685177151
0.161633538694511	0.000347234240048718	0.000950291227928039	0.355150249413087	0.0933474243018044	0.00219438336374892	0.000216909927868431	0.00104687364446998	0.385113095186534
0.182156542927555	0.0010822836199934	0.000521871824345567	0.353017983702794	0.115162989515845	0.00345156358221436	0.00158871756694328	0.00818303521763256	0.334835012042677
0.184158333208607	0.000474564656970185	0.00182107276199129	0.375679735896115	0.0385220101568183	0.0100599229312351	0.00118073618442969	0.000344005064443222	0.38775961913939
0.168226323915599	0.00223705374506315	0.00142327986505516	0.38034258693403	0.0507345160815135	0.0141437710204577	0.00388268403968268	0.000718013412200369	0.378291770986399
0.210964370462569	0.00104302314774455	0.00234682512575906	0.366948515820407	0.0649135510807413	0.00109220076341158	9.85763021334897e-05	0.000577508174789391	0.352015429122445
0.162085383512785	0.00119769429341423	0.0551085861123382	0.330285828149048	0.0520595431346407	0.00875540576910776	0.000601724088408608	0.00365825058850642	0.38624758435175
0.201827587003333	0.0748771352766663	0.00105108109216546	0.297755941242536	0.0791508306942205	0.0180154671879329	0.0011475670660352	0.00413893456994574	0.322035455867166
0.186032367808696	0.00114352752142567	0.000696916011281574	0.341093656144534	0.0671598888787799	0.00744152986082079	0.000390290624804224	0.000645221005745578	0.395396602143913
0.213437339835034	0.000431297988429046	0.00335720571733212	0.299781777627777	0.111168879720619	0.00560821261555476	0.00710362778293617	0.00087747394702215	0.358234184765296
0.221112864503356	0.000353725230719449	0.000646781465933128	0.351742026170716	0.0318077073104583	0.00311826170572721	0.000121253540588176	0.000250885990520142	0.390846494081981
0.179634137224671	0.00103531659088368	0.00387861441419947	0.342078839380938	0.112685089557708	0.0250128944802576	9.01492769461166e-05	0.00320707859657481	0.332377880477821
0.164624778553347	0.00323393037698994	0.000269624854184615	0.360191276125393	0.0535673800213572	0.0138309612771059	0.000130822384260008	0.000547738602016851	0.403603487805345
0.189144223023825	0.00043091761221938	0.0194932665262771	0.335624116570558	0.10428701933278	0.013186750727059	0.000919041696003949	0.0208607591865591	0.316053905324718
0.201938014106498	0.000721532123187234	0.00467255337502485	0.310657151414186	0.143142816772481	0.00354434486622906	0.00380793535905585	0.000673238915840856	0.330842413067498
0.216423720032543	0.0237865437899813	0.00180645967120559	0.358855237667743	0.0322409521562049	0.00898756973728905	0.00326368726120105	0.00687711811518517	0.347758711568648
0.178128647471488	0.000756703901364925	0.0273084625770536	0.3677721313335	0.0399163935488995	0.0163579683871655	0.000179107886608293	0.0217604616606834	0.347820123233237
0.206150490432756	0.0400408924315212	0.00184569303806289	0.361563033061658	0.0226981530971239	0.00435301446966245	0.00096251862672394	0.000956840130693126	0.361429364711798
0.146996023132054	0.000755393113110324	0.00838037711476433	0.370110405062329	0.0835602166782377	0.0106440533455035	0.000868335028990962	0.0007610208180017	0.377924175707008
0.178554674076308	0.00246302395008855	0.000327154375235367	0.328185829549851	0.0686857871062087	0.0376229090392341	0.000162839356849885	0.00199808681303898	0.381999695733185
0.179804806517518	0.00141458051483259	0.0305078846800702	0.372064519672902	0.0233029299360541	0.0121770743354397	0.0187903703101202	0.0174707631199464	0.344467070913117
0.174747005700894	0.00103843435146251	0.00067016932733149	0.357420047191838	0.0788399346015837	0.00939120194768608	0.000209852890940394	0.000723952409135256	0.376959401579128
0.20632820080294	0.000908180943377917	0.000182556364706424	0.326814376110234	0.0282955697002986	0.00832556018986721	0.000164132824969604	0.000863318497737358	0.428118104565869
0.199288315893549	0.00996600952602597	0.000761514968736668	0.338793260805903	0.0594514499186794	0.0171973321724945	0.00669319701816331	0.004550585421014	0.363298334275434
0.140034103931055	0.000407258216833769	0.000453338466615086	0.347028339158814	0.10354189098328	0.0144417177677724	0.000185792896298648	0.00366686747414385	0.390240691105187
0.177984843604169	0.00207803526293015	0.0916337449109882	0.316697107535494	0.0699982915927206	0.00896031862875248	0.00666271594895604	0.00543575981340493	0.320549182702585
0.141770520988368	0.00347981741861755	0.022228062020007	0.389213221085539	0.0593870444269893	0.0324893330509725	9.15926084414611e-05	0.0107153236618927	0.340625084739173
0.136041985829511	0.000705212820726383	0.0686954146969828	0.382838393547083	0.0175330436744066	0.00489055729497567	0.000156035590518398	0.0651137322336704	0.324025624312127
0.188967978374894	0.000882818635204307	0.000601201253173915	0.369636699833376	0.037672552753065	0.0197705984878444	0.00525351234014916	0.00127998069269621	0.375934657629598
0.174105532944409	0.00176275538922766	0.000363936482234359	0.375170207476106	0.068409103565538	0.033299208959194	0.000384577640796421	0.00604589535682454	0.34045878218567
0.168028867896648	0.000961888493166183	0.0435662807125588	0.370269588934648	0.0187991063833355	0.0203680121608971	0.0044841771450663	0.0181526468980551	0.355369431375625
0.20135262331794	0.000564474076027235	0.0576796481938845	0.317790389412718	0.025248286311575	0.00361697529124674	0.0166753390967448	0.0346039510247144	0.342468313275149
0.169280144623134	0.00128896377465462	0.000791060441603778	0.362532056320186	0.061685109091107	0.0124558709917377	0.00104269220131627	0.000962210498630404	0.38996189205763
0.142341069101583	0.0030107104767505	0.000686062009815659	0.33363268093577	0.151970965525179	0.0105297717320392	0.00887687263691117	0.00156296910690108	0.347388898475051
0.174088432615546	0.00317320424910888	0.000315776976714808	0.348736911610964	0.106434787659035	0.0135955863528907	0.00124785959548595	0.000830321076083288	0.351577119864171
0.143322542212729	0.00149095130607619	0.0627770326329937	0.327674437116231	0.038283156856646	0.00504013283954539	0.024901654607392	0.099735425308819	0.296774667119568
0.13411026580743	0.00158995943046726	0.024206714948789	0.344974844545379	0.150360041257351	0.0087501548559338	0.00233239242237933	0.000724519209823025	0.332951107522447
0.153354785934462	0.00216043399025082	0.00446095409141967	0.380850659276871	0.0568930419311108	0.0137806598991781	0.00336822823907332	0.00563260026014208	0.379498636377493
0.147161456715308	0.00323929442246845	0.0697785334625583	0.338952814706542	0.0623025867535497	0.00777487148175528	0.0299646444436337	0.0345468636119524	0.306278934402233
0.202432907046612	0.0160341632028301	0.00035106104542756	0.382921003155766	0.0449013473079289	0.00326976107129659	0.000627597924406639	0.00252260210645577	0.346939557139276
0.244284694674595	0.0012578377302801	0.000245610610905958	0.337768959069652	0.0334269279326383	0.024212225256437	9.32742904438256e-05	0.000515312387644628	0.358195158047403
0.206139516785431	0.0104114291888723	0.000501528691104104	0.295263019032707	0.13311322913814	0.00679599385734698	0.00577160694706711	0.000876613936862551	0.341127062422469
0.218663926598664	0.0117768754993885	0.000338232949589851	0.352391352836335	0.0404374609280371	0.0101234693788183	0.000165943086917952	0.00372862221580612	0.362374116506442
0.184739675887995	0.000514061436469689	0.0013586950904556	0.345672076584981	0.0125450239150172	0.0226175200498367	7.86407785052853e-05	0.0125633360356084	0.419910970221131
0.128913617577891	0.000488025809786307	0.00199739481011379	0.347958084810389	0.113356878131118	0.0354202141705023	0.000125643573990654	0.00469889158607926	0.36704124953013
0.167618320467598	0.107155505008851	0.000387809377461441	0.321379308584906	0.0404063166143356	0.0139969584989477	0.0223261386892118	0.00129467335105958	0.325434969407629
0.252112426973466	0.000760641319325952	0.000388397034541842	0.331761177271752	0.038469692327709	0.00590149373079552	0.000133139956591505	0.000904215773195683	0.369568815612622
0.253907475644162	0.000736981746363548	0.336835578191701	0.0292954375586325	0.0243610989361643	0.000536660449856897	0.159428971746526	0.0057344352067095	0.189163360519885
0.200370976993083	0.00112169194881351	0.000343505415052723	0.325334997245593	0.0526709107325265	0.0196075765786429	0.0023110589528752	0.00197172836528638	0.396267553768126
0.176287107227193	0.00310839313539728	0.00108864786355521	0.33811433519462	0.0897308973089795	0.00203153895792561	7.16886403659059e-05	0.000291677325390271	0.389275714346573
0.149659102088956	0.00066464219541082	0.000983328557175954	0.322722632749256	0.10354891742405	0.0577328563451674	0.00014577108975272	0.00135654562184409	0.363186203928387
0.17947072467156	0.00839815925432724	0.000174884478565042	0.362696865893427	0.056474743321159	0.00774677926344484	0.000522553030850695	0.00050533280655141	0.384009957280115
0.207720793312098	0.0007931313920383	0.044964115114102	0.378286087906727	0.0374707335619954	0.00145960655316531	0.00167404853662096	0.00182621506023998	0.325805268563013
0.229746335376572	0.00582786193210511	0.000292118378121896	0.338057006395231	0.0666661837568713	0.0150236062366908	0.00202502949495918	0.000612085317949867	0.341749773111499
0.198182163577847	0.00059288058969817	0.0229598835527571	0.33351983121456	0.0702857318425111	0.0255948347823047	0.00029370975674058	0.00365771349645721	0.344913251187125
0.238729537036636	0.0134402624378462	0.000647243172024774	0.349703909413416	0.0272687471531282	0.00222590616020287	0.00312670222073671	0.00151516955226212	0.363342522853747
0.221197149173515	0.00149949317103559	0.00260191643911788	0.307587854649184	0.101515029682402	0.0231630663796966	0.00176082584364517	0.00125699813764373	0.33941766652376
0.21375628717179	0.00095066380321111	0.00248095373907902	0.325408860829917	0.107770406397585	0.00347465746407397	0.000415061436613441	0.0040540576769445	0.341689051480786
0.16997234541671	0.00175877760077927	0.00227634974572601	0.376075063053665	0.0502807761149588	0.0133692321457461	0.00782966341185533	0.00271683964308168	0.375720952867478
0.192347208773832	0.00453358410894135	0.019905354091898	0.344534253568619	0.0711696461993105	0.00713594467639769	0.000964627359736565	0.0348320908686802	0.324577290352585
0.215567021624552	0.00326214850034783	0.000595571084645278	0.342603429968802	0.0499741944846013	0.0105754004407912	0.00604838822664636	0.00654343362118483	0.364830412048429
0.192589611909077	0.00180682252965629	0.000479181419120144	0.370977615304589	0.0487888239285457	0.022298130583904	6.27806045450636e-05	0.000407402548519983	0.362589631172043
0.170123691174185	0.00773000591911162	0.000334025700481425	0.315718051285203	0.1302837714185	0.0324864439108825	0.00132796178404646	0.00410544261072848	0.337890606196861
0.274689834080799	0.00191172312926841	0.000287297502495125	0.312976097281863	0.063872448316525	0.0131697657449888	0.000567002952227146	0.00686601214162824	0.325659818850205
0.159162221421946	0.00055920473655519	0.00141516107628576	0.383333845246433	0.0142669869405721	0.0195350605618678	0.000300349018769604	0.000713031176867923	0.420714139820702
0.113541796171209	0.00102228957400668	0.0140140873466903	0.431978143292057	0.0324901196573805	0.0028473599776782	9.69781942126675e-05	0.000752147421267649	0.403257078365499
0.221934956766291	0.00363875877692758	0.00045933633573759	0.352809017995304	0.0555684084818409	0.0032464545559276	0.000594665230976604	0.000393502897573712	0.361354898959421
0.196760696683019	0.0187461750368929	0.00077650345885129	0.350360571578236	0.0424236611890897	0.00958040470846444	0.00310755489771088	0.00147978680072356	0.376764645647013
0.188211107333015	0.00115816574039107	0.000924908463317088	0.382260812013338	0.102919687645482	0.0154584152164923	0.000370826560272397	0.000576723827007308	0.308119353200685
0.203718241448448	0.000358852987169178	0.000324976361765258	0.369144883315667	0.0445000812358755	0.00742441813001404	0.000435295809693227	0.00366153193623432	0.370431718775134
0.27721842216818	0.000704676538046331	0.000259613432877772	0.345674042786831	0.0168593111835546	0.0246384090134042	0.000859907541838133	0.000286384852282496	0.333499232482985
0.222781826586669	0.0211069708872269	0.000688613654112777	0.328939475956773	0.0522341861103714	0.00977644087392244	0.0036758298039278	0.000985250891237041	0.35981140523576
0.166127968673984	0.0250209765034229	0.000496368024629946	0.399796197739727	0.0571640158375186	0.0108679813031154	0.000522070138287625	0.000895552714313751	0.339108869065002
0.21336496253448	0.003585607475014	0.000486069308256386	0.333789304333415	0.0897421347292043	0.0216131672145483	0.00061102940062132	0.00225378953711211	0.334553935467348
0.228330909774506	0.00281512571798205	0.00646818179447168	0.347788544628952	0.0472146536039224	0.011456462548317	0.000206387850200826	0.000899667041523876	0.354820067040124
0.161406800261978	0.000433272700456282	0.000251732341731205	0.327164397737406	0.162492808447234	0.0117659941344865	0.000101703405232566	0.000409336588895658	0.33597395438258
0.171800064509124	0.00119064092949202	0.00274119758733617	0.360605887261832	0.0418800508924534	0.0082974148312699	0.00817654611515006	0.0258696040781119	0.37943859379523
0.217560037936388	0.000553986384354397	0.00743812715948451	0.335439304707843	0.0781194134382913	0.008731635198813	0.000122201864621274	0.00108269091435032	0.350952602395853
0.127816540146758	0.00149833385394138	0.0242825835346691	0.356040082438504	0.137028279960219	0.0244705561458126	0.0080001995019479	0.00124046985634966	0.319622954561798
0.205900341831879	0.00493676735085527	0.00369327415148917	0.33618613506403	0.0764096892445298	0.0240771329586481	0.0237400888003205	0.00161157450390959	0.323444996094339
0.186040399649774	0.000627508061550375	0.000256659928415138	0.35263274097562	0.106872550798863	0.00894166478427227	5.90340344320675e-05	0.00394437787177149	0.340625063895303
0.185152088049201	0.00163920810336399	0.00100300639881686	0.352147233493243	0.0340999450345346	0.0311500468315362	0.00691750229816121	0.00172087758374395	0.386170092207399
0.204551872914765	0.00836069541935758	0.000857024809199505	0.350039173509755	0.0807819644941278	0.00661873479308456	0.00178686475542298	0.00102470835587061	0.345978960948416
0.182711038384302	0.000331906701372306	0.000557045177240972	0.309225072214028	0.136440093572673	0.00317933677796424	7.76779383056089e-05	0.0113679462372465	0.356109882996867
0.222722527326318	0.00100365357522364	0.000478212752022544	0.287268575000196	0.121904232145679	0.0460568433244754	0.00059667341287525	0.00902938777662726	0.310939894686584
0.19193066818862	0.000494929282771783	0.000148087402525424	0.328764782305941	0.147547294635235	0.00169527605528412	0.00019472062885431	0.00065160941224928	0.32857263208852
0.218675785953129	0.00539601277733778	0.000612499171312594	0.330062851184492	0.0588547245095254	0.0227369038114743	0.0115003699133682	0.000646663790442014	0.351514188888918
0.166979675504161	0.000772353904830215	0.000789558736794856	0.378885369993181	0.0460062261671513	0.0308000134215243	0.000136907789199235	0.0087451172703416	0.366884777212816
0.168858383135803	0.0038216331757948	0.00333290196508268	0.36884309208385	0.0443755966755242	0.0292360959749135	0.000193831057352366	0.000733593038557908	0.380604872893122
0.129269599841305	0.00113327822417848	0.0397441014545844	0.383969733956983	0.0216931062163425	0.00800251918700896	0.00665263844993563	0.00949902507494106	0.400035997594721
0.226303619942707	0.00579547271556974	0.00244957009440222	0.314390042844143	0.077331396309306	0.00335676840415771	0.000128879977448628	0.000734295232162583	0.369509954480103
0.218090685531399	0.000970941588112573	0.000418163183394974	0.349102629886176	0.0707493399541874	0.0349336215397748	0.00011949914801964	0.00313552191803694	0.322479597250898
0.222941415753481	0.00266752023342323	0.000371243776781213	0.309098682116519	0.113837525732875	0.0052214509741658	0.000564609377049389	0.00225163389016573	0.34304591814554
0.135238465373172	0.0126823615167365	0.000322716087481699	0.362331674797423	0.0661869343929129	0.0292556965122555	0.000564281389225703	0.00260433861453788	0.390813531316255
0.183080882919514	0.024822399166641	0.00024530714635393	0.358064193791337	0.0506746588692064	0.0101501906768296	0.000112408260142853	0.000619680688523218	0.372230278481451
0.275156138092628	0.000549769608466717	0.000445193772145143	0.328510570205077	0.0769807493530195	0.00391997305531523	0.000187887059582435	0.00389533272695413	0.310354386126812
0.153762290909182	0.00327248761930627	0.0530226616326633	0.368750405580292	0.0549128954785004	0.0197946759506894	0.000704181492420482	0.0159809885438863	0.32979941279306
0.189962210220032	0.000349337649178421	0.000576918250760626	0.33428791807825	0.0594336853204616	0.0473687757684373	0.00047314516225996	0.00153706593485868	0.366010943615761
0.172631170124484	0.00285056312208585	0.000297040090902408	0.338898589345678	0.104378068333952	0.0269682262144513	0.000122226855464647	0.00532230837583694	0.348531807537144
0.14829607525412	0.0146690889277145	0.00158547042692484	0.380436129132309	0.0710578684561722	0.0217523215227366	0.000147225967517371	0.00921712270877537	0.352838697603731
0.157604520994637	0.00258809657367469	0.0559782232468371	0.360957411487263	0.0590804696591206	0.0126521444490216	0.000113502102643592	0.00183888519923037	0.349186746287573
0.159149547178191	0.00442703139983512	0.00766385743402156	0.385226578718451	0.0435237224408863	0.00733207568034386	0.00020382924457246	0.00321680304274795	0.389256554860951
0.142112817301609	0.00057638245032264	0.00094589692845995	0.328824975592105	0.144848210013665	0.00467645163703323	0.000300508694832766	0.000710201048347952	0.377004556333625
0.210641450193215	0.01769803104491	0.000565310183755987	0.292968260272843	0.0540657367146347	0.0580900624934625	0.00128858690823136	0.00169892348377177	0.362983638705176
0.168070677828999	0.000540053086454673	0.000358022988600586	0.328038620229617	0.117190405835375	0.00599423662353099	0.000260260805102158	0.0201560204458867	0.359391702156434
0.185049795502958	0.00201556564230979	0.000540519073786618	0.304078317103934	0.159312645309779	0.0374453566869777	0.00211625820247722	0.00194017457650662	0.307501367901271
0.255184011703598	0.00138350870802217	0.00067756288639872	0.300534850579962	0.0195241586338585	0.00384537418559036	0.0369985845026936	0.0589084189736321	0.322943529826245
0.211722781222223	0.00340722365751339	0.000240110604863527	0.330736226507614	0.0539651779496638	0.0149103672207968	0.000163673288458037	0.00274582802551125	0.382108611523356
0.240981088744474	0.000401445875844182	0.00060844465058715	0.339831881353584	0.0468267384635503	0.00896766580569365	6.67910183548953e-05	0.000232503602515043	0.362083440485398
0.203245227657328	0.00146919067438574	0.000885687258313896	0.332912531751732	0.052374051904433	0.0172416115415354	0.000503000023084433	0.00113609161073376	0.390232607578454
0.153174778676901	0.00262906165548777	0.000827137279262555	0.356022206496167	0.0735134051821081	0.0152915285805731	0.000282253803993121	0.00072988233155933	0.397529745993948
0.251289160838918	0.00386499898547515	0.00055170844947664	0.333384262904516	0.046044848248445	0.00510857162574504	0.00110872624853065	0.0033913886152964	0.355256334083598
0.141818911323485	0.00108243554095656	0.00224977732309053	0.365491958971808	0.0369265688760041	0.00668461540476152	0.000383462323306477	0.0384131207091824	0.406949149527405
0.187622814708356	0.000269435835792106	0.000185643761176011	0.339404716235468	0.0522373783628249	0.000741055679937255	0.00766559614547436	0.000561316421096029	0.411312042849876
0.179186953294947	0.00413047450432251	0.00042481598778304	0.36925479676724	0.0879799424856886	0.00573254308985771	0.000306414385816954	0.009948437008981	0.343035622475363
0.15247444725385	0.00120732245539194	0.000677147346238029	0.366250250565097	0.099893227817828	0.00976019879225959	0.00252190693933299	0.000428147955589172	0.366787350874413
0.200757303241497	0.000513683101306294	0.0195704747166117	0.350594848418966	0.0542158519283556	0.0020781933730609	7.93163184424812e-05	0.0207221496764923	0.351468179225268
0.187731132127776	0.0466440269889649	0.000267121878429284	0.341935912456592	0.0233807735341938	0.0279879098769628	0.00161553935486435	0.00171950595710615	0.368718077825111
0.239206050626082	0.00375450553875313	0.000444338094502291	0.333773713992906	0.0267795717220576	0.00313013203201111	0.000413098157302122	0.000590110888980372	0.391908478947405
0.182699089030383	0.00544822003768664	0.000910658143122549	0.343465303458144	0.0519817047776588	0.012988206647697	0.00130816538154323	0.00337683140800781	0.397821821115757
0.128517355353682	0.00296829205519427	0.00659943245380284	0.394127785234182	0.0498365284244534	0.0230845587541028	0.00065732549195645	0.000672186825381881	0.393536535407244
0.189501769515721	0.00212613889431496	0.0254397407299733	0.342201803404658	0.0238629896545106	0.00454844724723783	0.000117571451395081	0.0234840012317634	0.388717537870426
0.200706813285205	0.00598479535338761	0.00159883452066603	0.347078559038652	0.080162923554705	0.00958701014470125	0.000101772289753527	0.00330293433134616	0.351476357481583
0.213550738182166	0.0200840388198695	0.000630507363799803	0.337058863787423	0.0380269908489091	0.00699017052789597	0.00577392712619667	0.000830799648716039	0.377053963695024
0.163867039502919	0.0740565783755208	0.00122219358174382	0.33264710730012	0.0818262272056782	0.0192945526719234	0.0140503918266137	0.00167270589539667	0.311363203640085
0.224872475173024	0.00221190146689334	0.000906746080409982	0.356187495399519	0.0427813069356517	0.0206472569494919	0.000179452213715284	0.00131798494609318	0.350895380835201
0.211338487626386	0.00330855113691636	0.000445659476818417	0.369877373251603	0.0952549821616679	0.00894920435216967	0.00140224052241798	0.00126722254665283	0.308156278925368
0.178756936825939	0.000426138982495153	0.0892133500028368	0.310123998351071	0.0182387644364583	0.00404630658172522	0.0299845203715439	0.0377826851967871	0.331427299251143
0.177870288902999	0.000812783358348066	0.0082364102275141	0.374077288071977	0.0732209623962974	0.0309911010860654	0.000161313278974557	0.00059844824148623	0.334031404436338
0.223204641602954	0.00733113587453831	0.00039980316688068	0.355311100918343	0.0522876535321162	0.0144297343747807	0.000170909528225464	0.00129223121586289	0.345572789786299
0.201841363575448	0.00147218032601947	0.00084187971338189	0.325342150155921	0.0989554682621293	0.0190664130382661	0.000125446950913577	0.00148344011782802	0.350871657860093
0.1984991802129	0.0014998400539625	0.0133283745711013	0.359707652302609	0.0995109294606082	0.020966911229168	0.000381896345123856	0.000787447292198806	0.305317768532328
0.151695790846652	0.00163978459086568	0.000758923129976306	0.343778423394044	0.106914881661217	0.0111272437375661	0.000523802968414383	0.00917151019832252	0.374389639472941
0.234780861938929	0.0091202793424425	0.112419726389852	0.301653840251418	0.0499127063086231	0.00116247625348583	0.00256697320472882	0.0156916942015798	0.272691442108941
0.154745327091469	0.00125551602427821	0.00755317860135228	0.369155251278998	0.0584089052694948	0.0218200695514486	0.00179076533013213	0.0124379817894095	0.372833005063418
0.23772146924046	0.000871561702971669	0.000288039902331865	0.30959016857156	0.0627484991488021	0.024793529737502	0.00011159465669062	0.00345123926892045	0.360423897770762
0.20024005153245	0.00720582344518116	0.0010508033993252	0.352477359256257	0.0414761447547537	0.0228587673493526	0.0136947997474269	0.00380546361810862	0.357190786897145
0.201937538865895	0.013135103700865	0.00106516145592558	0.354344619476554	0.022870480691667	0.0176673610572799	0.00306125731080137	0.00119321215397942	0.384725265287033
0.223523587043944	0.00128650475991881	0.00188866136489973	0.333292812750925	0.0365163899192162	0.0269365195619469	9.95881714067419e-05	0.000494073287363614	0.37596186314038
0.214134750833696	0.000675360851892429	0.00294812577297943	0.303207742683537	0.0894527629710106	0.0286147496394436	0.00542753399441402	0.00248871928852424	0.353050253964503
0.166738204085572	0.000984538811162375	0.0010945238498524	0.309500576067202	0.174758560222661	0.0260384931470716	0.000306381204691058	0.00128668987427841	0.319292032737509
0.230460902541968	0.000702353636923574	0.000290599695235077	0.382981297497877	0.016123134579465	0.00633277836799145	0.000110239869082186	0.000601909325457082	0.362396784486
0.266085124062946	0.000645627780049205	0.000385982589990522	0.311012248551463	0.056225011796769	0.0283910921843062	7.17768013816497e-05	0.000585838038018033	0.336597298195076
0.169616037144488	0.00159870192992416	0.00214475268381958	0.351035614671713	0.122718917032823	0.0166466552929238	0.000222990173393974	0.0169919618780283	0.319024369192886
0.208470094902186	0.00197845707911856	0.0198025360273779	0.310503025414871	0.0625624097371884	0.0197921700815492	0.000532102208187739	0.000695486086788747	0.375663718462732
0.162009396315243	0.000566434195580565	0.0114642087137773	0.412789229181796	0.0372695105265412	0.00628315884783328	0.000212552452333374	0.0476088862526068	0.321796623514288
0.190984188381913	0.00499407334873488	0.000444966611004248	0.332998584768512	0.0451597733788315	0.0218965806881598	0.0057242854490752	0.000790132307535163	0.397007415066234
0.179538206590596	0.00165043700405166	0.0388633784293663	0.395815196355581	0.0404768958473598	0.000925153155963985	0.000723125558895527	0.000643064627562369	0.341364542430622
0.207256295967903	0.000346868259707544	0.000181175187450431	0.316579260999778	0.122036944934721	0.0166700799933832	7.36637272833936e-05	0.000388925063874437	0.336466785865899
0.16305699619298	0.000298887210717153	0.0138128051571179	0.332441549032346	0.145334524006485	0.00249155831258977	0.000263998164443279	0.0291615639910593	0.313138117932261
0.168052903261086	0.00106197950979527	0.0010180694184654	0.35721636076575	0.0560186845781216	0.00173377459596591	0.000216916518461484	0.0334415360572697	0.381239775295084
0.119060959941447	0.000444133442782184	0.0407672828469319	0.36191181992482	0.0445972655158882	0.0020142833627612	0.000208593364252456	0.0424095695248406	0.388586092076276
0.21476281201571	0.00428740641946364	0.00110421414762386	0.354328307609626	0.0398699849710859	0.0125895144392429	0.00478544413694196	0.000707810278755961	0.36756450598155
0.122420261469353	0.00142939640202933	0.00567818861845912	0.362498160127224	0.0579810155585524	0.00300722723268755	0.00217251500320571	0.0405939284741795	0.404219307114309
0.217251095072153	0.00179657845584705	0.00241146278964828	0.348943990352781	0.0558060365513837	0.00388583886744908	0.000670926241123619	0.00789217727462576	0.361341894394988
0.16055133808047	0.000283762216778039	0.00221482448735536	0.354337548277865	0.0952956249728458	0.00720260384324112	0.0305778914825285	0.00106233841453843	0.348474068224377
0.214938549134794	0.00378968871713564	0.000545246126773676	0.324968836490058	0.0442304506296532	0.0220426332469403	0.00171606542450416	0.000550344588230378	0.387218185641911
0.206171505402045	0.000678842290182441	0.000383462068010871	0.368556525178079	0.0221894535017633	0.0214267028070446	0.000893110565473399	0.000587374752925094	0.379113023434477
0.122860995138863	0.000458570714627657	0.0230302750995105	0.393719062414792	0.0454841742657613	0.00230261860571125	0.000142253426982314	0.0123857060234063	0.399616344310346
0.223390828075206	0.0318560423038385	0.00131394389568607	0.372269267101119	0.0238035049890925	0.00703010900799759	0.000619514073189139	0.00317511727432555	0.336541673279545
0.222474126803842	0.00695369199651456	0.00038886009544603	0.307919006040275	0.0494802895732553	0.043933747038912	0.00219136028711873	0.00160950944068541	0.365049408723951
0.199606787038311	0.00062870847732008	0.0023937795960289	0.377075950216744	0.0366875853608683	0.0194722937473192	0.000304004255777084	0.00303707213635085	0.360793819171281
0.263155503178531	0.0208139232077795	0.000360087539200982	0.348902321371992	0.0401123800371654	0.0130589524005205	0.000569748771075182	0.00350596044889094	0.309521123044845
0.167993667605597	0.000997144578680854	0.00027292656328494	0.327475106893336	0.134941074438642	0.0106716596549226	6.42540172863766e-05	0.00276641593492925	0.354817750313321
0.179265224426905	0.000618909125832946	0.000343639525051169	0.356652152218834	0.0404819253456652	0.0024369180904518	6.28834977327397e-05	0.00049437231582927	0.419643975453698
0.277758472738258	0.00253018708218842	0.000263071742855303	0.315945450510909	0.0307939920074037	0.0189201086424981	0.00017829256195108	0.000765149767746224	0.35284527494619
0.155507899430195	0.000438759443364082	0.026329718907424	0.378012865779589	0.0471872041706207	0.00316751878526728	0.00136148118206601	0.00207951764833716	0.385915034653137
0.179754581988805	0.000831015411354059	0.000972824994487813	0.377284489917591	0.0459121626035099	0.00808931372280156	0.000378987756510989	0.000669130487760914	0.386107493117179
0.235981806561939	0.00481358279119512	0.000856269812961296	0.359721143677969	0.0405927867674682	0.0105595119902108	0.000210670227291119	0.00637639050600244	0.340887837664962
0.152955694243196	0.000625645042071474	0.000204715385156358	0.364273146334998	0.0473228347063908	0.0308897461332017	0.00026518704545256	0.00141013070044939	0.402052900409084
0.161990176924944	0.000851389496735943	0.000260597732385695	0.360276227895818	0.0271611971449688	0.0355642565854789	0.000138303959706682	0.00059531909067865	0.413162531169283
0.140344315276331	0.000403979433973059	0.000801645602353677	0.401392987238988	0.061518122565778	0.00358297852908972	0.000161721817451399	0.00023466581437831	0.391559583721657
0.147300380974875	0.000647931225124436	0.0325095789086944	0.358031083432967	0.108194031272135	0.0155286760435139	0.000256828422681279	0.0135749941280476	0.323956495591961
0.116006307716556	0.000359549935534219	0.0756924879466831	0.387021126701548	0.0292066280972346	0.00287959702535846	0.00360739818504596	0.00111750812252049	0.384109396269519
0.175472151936156	0.00386958146332085	0.00845234750042119	0.296675772368199	0.146550397943789	0.0290803842864651	0.00202867234158545	0.00842962733545589	0.329441064824608
0.258626441719003	0.00210645218583897	0.000385950962615538	0.347442054279254	0.0260837460101713	0.0258434176634081	0.000460186094449835	0.00539819740854121	0.333653553676718
0.149528879733404	0.00043085369659922	0.00122854816851667	0.39538254648828	0.0377436462183925	0.0265022150623432	0.000188786392875097	0.000298902593113975	0.388695621646475
0.172666518291546	0.00631636983532996	0.00106937404297875	0.370618101565055	0.0329469585767744	0.011628693989347	0.00287993168690224	0.00705869877762625	0.394815353234441
0.160975399042626	0.00354022235449678	0.00672480313351316	0.358188827717666	0.087561482495233	0.0237094962618149	0.0224648228389191	0.000635825972123398	0.336199120183608
0.187137198638263	0.00183281194729097	0.0119833998748509	0.352371801680675	0.0388094958609749	0.00802853593950602	0.000427589356094417	0.0114450527042804	0.387964113998064
0.169330820640646	0.0186561497141126	0.00250436677248242	0.350797883020367	0.0336971865207803	0.022784546910159	0.00650171755784891	0.00329092645395717	0.392436402409647
0.254744625977551	0.00145605952323912	0.000620103133902178	0.316676773666326	0.0899045353432076	0.00902816231394215	0.000116747205491961	0.00066964002036804	0.326783352815972
0.322502774785579	0.00666261057814435	0.00622431161794767	0.124004459129383	0.0521864684668057	0.0022717979096584	0.190474282686843	0.124654592270068	0.17101870255557
0.163557704116475	0.000533524720624894	0.000234944908540389	0.389925945187242	0.0377567526694457	0.0305282388671581	0.000120696680607518	0.000961850153733711	0.376380342696173
0.18140345637733	0.000343788473431364	0.000333124286395755	0.367146565931679	0.0712543146236121	0.00661896394060356	0.00017052373189027	0.000746666148122491	0.371982596486935
0.175431737999356	0.000569628033841751	0.00187116437959477	0.308310220314106	0.157235364681212	0.0159464703885171	6.52877043410155e-05	0.0029284260250986	0.337641700473933
0.239206051702162	0.00417548191285569	0.000766563236121974	0.342352688449686	0.034085112402305	0.0157870346501414	0.00170433449685899	0.00134873716786139	0.360573995982008
0.205889490053239	0.00742723472349681	0.00113380197762937	0.366967123786613	0.036062100474942	0.0135443636218738	0.00267280151494227	0.004065779503639	0.362237304343624
0.259617063296315	0.00708684328123977	0.000641967251466423	0.321632626162431	0.0465183259410507	0.00848955152581949	0.00107700013274674	0.000737143299347416	0.354199479109583
