Basophils	Bcells	CapsularFibroblasts	cDC1s	cDC2s	CentralVeinEndothelialcells	Cholangiocytes	Fibroblasts	Hepatocytes	HsPCs	ILC1s	Kupffercells	LSECs	LymphaticEndothelialcells	Mesothelialcells	MigcDCs	MonocytesMonocytederivedcells	Neutrophils	NKcells	pDCs	PortalVeinEndothelialcells	Stellatecells	Tcells
6.54876817838339e-06	0.000384282403770079	1.56482097663761e-05	0.0037289918388633	0.00731798809380816	0.000237234653468742	0.00660578785201296	1.44551336932963e-05	0.884421235814125	7.07519380735785e-06	6.54325200417969e-05	0.0146105802147373	0.0352638143568912	1.54308126188261e-05	1.57450702925904e-05	2.62452402798269e-05	0.000498988275049587	2.55084902897609e-05	6.61245144242361e-05	0.000271951849903957	0.000162371067966054	0.0143271576642894	0.031911401961722
0.00054323872126188	6.7074141109407e-05	0.000115009880848048	7.82349126473976e-05	0.00797625001144391	8.57829609023116e-05	0.0709515941354256	0.0190562012603285	0.81341368217969	0.00645956066404435	0.000618852038732657	0.0136817588130255	0.00119143158133464	0.00373031787177645	0.000126531063876043	0.00023718798791598	0.00116716106548473	0.000183119643140827	7.84549384827483e-05	0.00644193948969484	0.0524010453857369	0.00125658452953074	0.000138986723566545
0.00196449424298539	0.000259514802389445	3.98943496082346e-06	0.00010001267162762	0.0161772744449876	0.00222060426519232	0.00763593559634806	3.43924802594146e-06	0.897821197166115	7.64417939655947e-05	0.00072374872018956	0.0303889270845525	0.0135002866738066	9.48452047952616e-06	9.38151066807361e-06	8.74372681104846e-05	0.00445504715447636	0.000218921698476371	0.00025160121227501	0.000190104775425091	0.0119187643309317	0.0070276897408898	0.00495570164312133
4.04980219127272e-05	0.0181171167164061	1.90961682309202e-05	0.00580727974062206	0.00465530163379467	0.000344836784687518	0.00744829890156205	7.91067511227262e-06	0.879011628681299	2.29463727049337e-05	0.000151573304895886	0.0337394173919138	0.0429449254682828	6.57042204222743e-06	9.85804616207694e-05	7.48598973163045e-05	0.00121316259821528	0.000123527696047123	0.000183210453809828	0.00174688401395038	0.000139043059573331	0.00373483394331613	0.000368497592683342
6.36727308596398e-05	5.84485648578312e-05	6.18868942609839e-06	0.00283472093471281	0.000734352276210864	0.0034198568446602	0.0133777829037767	7.09436566396659e-06	0.896634519192027	2.48880927533966e-05	0.00808231301819944	0.029089845906597	0.0217446515233968	9.85033463807673e-06	2.59424727634021e-05	0.000213144451700099	0.000270358447085429	0.00138442667015292	0.00013679938728253	0.00133052183956582	0.00893018187098311	0.0114038984931206	0.000216540989566358
1.92175185338048e-05	0.00312239783627418	1.33896091028245e-05	0.00173836106703937	0.00112413264283056	0.00746204863766917	0.0105195672686041	0.000103801929205919	0.882030589864951	9.81238654159713e-06	0.000511015394536776	0.0273318095198364	0.0215015354888434	0.000564335273979466	0.000119996613178602	0.000255519913045833	0.00780514847270415	0.000341314542122916	0.00209646749987049	0.00220845859434747	0.0171385034529338	0.00834702301790242	0.00563555345594617
0.000414109094015595	0.000372091714339588	0.000265049588650979	0.0120306032901744	0.000190954473763458	0.031646090688489	0.011263774940063	1.77434920101911e-05	0.884713783859342	1.62758637086021e-05	0.000149742924240523	0.0272096543841833	0.0110582487405264	1.30395202936767e-05	0.000372206746753884	2.90292759283079e-05	3.24608720648292e-05	0.000238886289114455	0.000167528178751146	0.000299622671055783	0.000201752427967798	0.0164802306293699	0.00281712033519294
0.000604095150673441	0.000242419183991895	3.32701058861515e-05	0.00355234111612655	0.00818182106378358	0.00304848170619383	0.00402552286975225	0.000174431323048173	0.888670416396155	7.67089760687537e-05	0.000200274798407146	0.0109656986462742	0.0287180743660661	4.82626218940962e-05	0.000118493440888663	2.94584095404972e-05	5.0596091157658e-05	0.000198342097153513	0.000301272633884428	0.000250524727273666	0.00756244084422756	0.0162202389232502	0.0267268145083028
4.09379441997682e-05	0.000988313196806796	9.27781529639113e-06	0.00017502582894459	0.00960613088269979	0.0122652433324687	0.0162215058805863	5.33214496748796e-05	0.884431090492052	1.36126135044575e-05	0.000851929941814612	0.0268944549014123	0.00873331369419534	9.9844535529472e-06	0.000123817791911501	0.000271057953137117	0.00537242921872112	8.4432700630869e-05	0.000330796074384478	0.0016505228620958	0.000192987891358171	0.00431988697966909	0.0273599261008837
0.000121953906447068	0.00012737734274737	1.0092042279622e-05	0.000284240496176191	0.00048710812443887	0.000158582929539764	0.0175597452266078	4.08295864484217e-06	0.889550191176942	1.43442865572848e-05	0.000300636229813337	0.0357038017114871	0.0168051545575122	1.82746156035542e-05	4.68604618687607e-05	0.00318700971078464	0.00803016640644156	0.00343244397340365	8.05956042291219e-05	0.0023028238549704	0.0127269775306671	0.00890122434380722	0.000146312509030696
3.38699916772777e-05	0.00473539279499552	3.01884291976021e-05	0.00525263211915632	0.000997232654253572	0.00285757610858696	0.00811556538713753	2.14936375264396e-05	0.847077430040787	1.58613569629265e-05	0.000129888908446471	0.0373069870461192	0.0373907523980706	2.58874639411067e-05	2.19868846117411e-05	0.000316425174238507	0.00391213244300079	0.000308800078804635	0.00047616034435779	0.000990048976696301	0.00114500221942089	0.0126455635983714	0.0361931219436396
3.74049035227856e-05	0.000180393951858994	1.8012151490793e-05	0.00330133227044563	0.00209730246508344	0.00621472310774548	0.0093453410427846	9.5702414141652e-06	0.891409414394614	8.99677808980989e-06	0.000137090511487478	0.0220583115456097	0.0276156499192412	0.000190747279617388	0.000105709905691557	0.00189683410671596	0.00846366592485542	3.59868754440841e-05	0.00016395333406658	0.000591589137730833	0.00344380832988983	0.0122162968486904	0.01045786497391
4.81450576247459e-05	0.000300111533719507	1.52670389115457e-05	0.00284120672068109	0.00499627819104622	0.00720815328809641	0.00765539846332306	0.000272532448151143	0.89759333479765	5.5805477251477e-06	0.000173656458903946	0.0234712809853817	0.0288018454653431	1.47832937835739e-05	0.000199076302491298	0.000881953074468872	0.000108926509403096	5.37968004014415e-05	0.000421157476481353	0.000154037346648806	0.00308986104467633	0.0146370376467394	0.00705657950834839
3.39228302194649e-05	0.000245112390942047	1.62035819952397e-05	0.0033256074786159	0.000133845655370474	0.000406868419337777	0.0139643685550808	6.32590288377199e-06	0.916856612906119	2.10790936407366e-05	0.0137096441644838	0.0236399659479402	0.00901077455292353	9.55748253059002e-06	0.00164993213241109	0.000515540583456074	9.65467579603055e-05	0.000213414284114326	0.000218344619754488	0.00164869151503251	0.00744027979049082	0.00652012060868618	0.000317240746010819
0.000414276105713581	0.00618584897105966	2.86350861798927e-05	0.00386045671276564	0.00160931104600714	0.00700121014703753	0.0128507026443923	4.46479448898348e-05	0.881771151222892	0.000143189505565808	0.00123536955216911	0.0121943406355784	0.0332842923085417	0.00123801216709889	1.68813116080395e-05	0.00127914254866819	0.000493161065110427	0.000325945338597717	0.00157123359286076	0.00193371731835817	0.000433147948542675	0.0144141279514658	0.0176711988748967
2.3126627724249e-05	0.00486320803072981	8.94581455522138e-06	0.00670652616025288	0.00192185764511222	0.00786528921612401	0.00395899094198084	9.40933340104222e-06	0.898953623956556	6.85256714282839e-06	0.000542526264757976	0.0258935350429929	0.0209857800852622	3.67154453839209e-05	3.03321657884832e-05	0.000204637329712364	0.000138141821759389	0.000300875277244718	0.000478544035939942	0.00607624365795457	0.000257956819622071	0.00699644778999431	0.0137404339700081
2.07476766818667e-05	0.0070741658662296	6.35300712279343e-06	0.00618160151558895	0.00171791661046211	0.0011993045690614	0.0042922659970267	1.45393438139389e-05	0.885484477072897	3.03407221158855e-05	9.99740100589772e-05	0.0250250575033288	0.0470434016163445	9.77753686547419e-06	0.000123695101598666	8.31978873312318e-05	0.00251848845480944	0.000728969110994307	9.1050111171587e-05	0.00334603321681168	0.000407115172697502	0.00914686829393585	0.00535465960305139
0.00030732124653141	0.000891006852075109	1.84316780143224e-05	0.00142675796935498	0.000474338088267731	0.0452547702677463	0.0118722699340446	0.0183039577302598	0.859905163428915	0.000286929345547131	0.000249271372872295	0.0297769359023393	0.000884290367752593	0.000664770071758107	3.70258101295627e-05	0.000587538451341494	0.0038055307028399	0.00226168750068138	0.000200977062600036	0.00335724568678046	0.000431267829026778	0.0147898346149857	0.00421267808613679
0.000511131161360726	3.03470716492943e-05	0.00424502338962236	0.0159864269586255	7.0088736959944e-05	8.14923420196373e-05	0.0130460831707124	0.0960546114147207	0.708652760799907	0.000130468325639168	0.0145704412859278	0.0284939682135791	0.000120353495008302	0.0827159427088741	0.00700354494048626	0.00362303745800047	0.00939893647700781	0.00374287509896563	2.82868203127345e-05	0.000127912839527081	0.0112981099025528	2.67101919689533e-05	4.14471965723703e-05
1.92831395461162e-05	0.0292896856167103	5.96048107630319e-06	0.00219041821280782	0.000717853739630205	0.00034744953599812	0.0118202584850353	1.74127389350155e-05	0.880896477462025	2.83419410463366e-05	0.000426535539391286	0.0310955050026314	0.0267748857194039	1.02682502699698e-05	0.000372755148358578	0.000110456956082328	0.00171576690736255	6.81476708748204e-05	0.000239826083454112	0.00203585620376155	0.00580556395956016	0.00508302206272275	0.000928269143316226
1.30952491528784e-05	0.00255194753579784	6.77302828458342e-06	0.000788504588811724	0.0166563034830192	0.0022416638706757	0.00555125675251164	3.48810560966499e-06	0.894944455486307	3.17179819365768e-05	0.00110416615716673	0.0258805530030597	0.0372065822339504	2.95112400122186e-05	0.000347386781252252	9.14061077655975e-05	0.000635093339735863	0.000127027903560396	0.000459019997954659	0.000107144417118802	0.00326901656794113	0.00442226046808415	0.00353162570029151
0.00241049161911036	0.00151590273249754	0.000269741835420135	0.00482057098665131	0.000323082603960729	0.00343199681844192	0.0161403499891691	2.68220171119904e-05	0.900605194961683	1.265874355192e-05	0.000196263762958884	0.0380095543365035	0.00705172220504828	1.59356605908623e-05	0.000265527563597101	0.000606770433560318	0.00988781741128249	0.00315693381859266	0.000152053313731627	0.000130207180789032	0.0049064786991611	0.00582411166901645	0.000239811637569287
2.67271171228958e-05	9.49210480390959e-05	1.14695613782697e-05	0.0104749432515134	0.000115514995304578	0.0703475880641171	0.00794380220848103	0.0131713678985701	0.869992170223559	2.17700829670124e-05	0.00183021361581534	0.00876829557477458	0.000222103294091082	0.00119886012433794	0.000370889405805882	0.00013088561218129	0.00256297107963078	0.00466568008410898	0.00513627827379822	8.98699268500959e-05	0.000289304136517559	0.00101337626750832	0.00152099815352797
0.000347763219297922	0.000149909983583362	0.000206328855531025	0.000204136263271835	0.0113855536541425	0.0278839484855557	0.0143837759554212	0.000524673674529382	0.889425756792984	4.90847317885089e-05	0.00116778673836161	0.0321466010791418	0.00483100831230751	7.77742496830342e-05	0.000322535907622278	4.51010960256867e-05	0.00224770049366763	0.000926069781137837	0.000370043849854631	0.00286674869255416	0.00048583640405949	0.00949990349096868	0.000451958288510008
0.000108303991758833	0.0442462312490801	2.22842142989703e-05	0.00652163289435441	0.00104480632225841	0.00266579185731073	0.00372912151810263	0.000201565050119791	0.850602019546399	0.000175847433643329	0.000562264557934674	0.0383732929328122	0.0332419204741561	1.52329569578473e-05	3.48741465162269e-05	8.34892954843896e-05	0.000643458001413726	0.000209429382145296	0.00145810688210064	0.001601139944673	0.000206574367594037	0.0111960627253125	0.00305655025557274
5.1513245691955e-05	0.000238392760803667	1.26004264174522e-05	0.00427329299294986	0.000585395807688475	0.00901377640382373	0.0108031627280301	0.000615808454193972	0.881511193626599	0.000100209782909347	0.0003255135315079	0.028258244731989	0.0218510411223603	2.389480027624e-05	4.75074599584623e-05	0.00127866822237675	0.0199892697443636	0.000286258174665644	0.000421504326846032	0.000207799858892769	0.00070556417786996	0.0120789875149241	0.00732040010486155
2.83640014468077e-05	0.00354832609484179	9.18622488453384e-06	0.00771105574791795	0.000911832695561501	0.0334285044334427	0.00514603626610679	6.40271893273471e-05	0.880863914557721	0.000297461873622499	0.000254022550575125	0.0149071284917727	0.00438132032065451	1.94863811779595e-05	6.87915075526296e-05	2.52517655893668e-05	0.000212414587223724	0.00016984479911538	0.000392135452392355	0.00239380036669002	0.000441865773678497	0.0128922689446128	0.0318329599740924
7.57331428319653e-05	0.000304684953432018	7.41001584079417e-06	0.00316779018380948	0.0037469612855395	0.000377598217524525	0.0157529443301695	2.95223252979611e-06	0.879817797698125	5.60098317694428e-06	0.000288117631363081	0.0305021539102486	0.0293740818069624	1.64215211466917e-05	4.71658397482152e-05	6.0440489739829e-05	0.000265393955225996	0.000900746150153773	0.000382695294304172	0.00232685105693259	0.000845591020293076	0.00492039616582418	0.0268104721150778
1.63936544958148e-05	0.0281557721341884	2.00066450023852e-05	9.11563512530004e-05	0.00763269234157305	0.00740416482013595	0.00657603483115482	3.22895246428031e-05	0.872692468007997	8.11839398028284e-06	0.000138222548644904	0.0170418289946729	0.0326567979252147	4.95039392647549e-06	0.000877337883022831	7.24155749651188e-05	0.00121341848210579	0.00317635153374322	9.97245367262584e-05	0.0042564531370335	0.000562630665873506	0.00677999466860591	0.0104907769510417
0.000254013724797228	0.000122590679037798	0.00210247242044973	0.00621341311862189	0.00480421432284362	0.000378821933537488	0.0202097471417405	0.0770937865284597	0.832988014009411	9.18448783650638e-05	0.000373169059731443	0.0137656086200334	0.00812650083718397	0.000364333397192585	4.80121883237695e-05	0.0110124928639629	0.00454540887496255	0.00910072506211002	9.18526298795329e-05	0.0038448365010064	0.0043057906599289	4.41407021993312e-05	0.0001182098462212
6.73225006825452e-06	0.000357951991653495	2.12388966267348e-05	0.00190303599475587	0.00626582190860702	0.000714502560723995	0.010904450252467	1.45881865023726e-05	0.86988002397479	0.000299887843796683	7.71164964846749e-05	0.0403829932306922	0.00978554889520056	9.57766080560966e-05	2.71869257990971e-05	0.00312871740695138	0.000647546087057904	2.50432250943364e-05	9.25395238113055e-05	0.000126763878447482	0.00837369071729318	0.0205119266390644	0.026356916506056
2.40251895993687e-05	0.00144821923288678	1.33809960938199e-05	0.0049614440544705	0.0154166979872239	0.00454963541148947	0.0103606807066325	2.02507856639663e-05	0.89113845565807	1.00886239171313e-05	0.000178350599091589	0.0274102342430293	0.0118610998217439	7.28894349691162e-05	0.000125450579111598	9.29611681943565e-05	0.00538399664877407	7.29440055064349e-05	0.000243844322326709	0.000768131858407794	0.00930238055701959	0.00842795014383931	0.00811688797193851
2.03283260434486e-05	0.00144754729970795	3.3338479579249e-05	0.00408011267915767	0.00014485878121783	0.000984441087949558	0.0138319609597328	0.000311702815266434	0.909067919837752	2.0513283792763e-05	0.00651778444504961	0.0128575683025306	0.0209951202529219	1.31210679927318e-05	0.000128957242837137	2.05768429814058e-05	0.0054430082976417	3.38847292804492e-05	0.000317960622771346	0.00110770830232355	0.00910948244538311	0.00441037600273744	0.00910172789534875
4.36797528289906e-05	0.00445277369401437	0.000300256853864312	0.00208422272776035	0.00140893786723469	0.00272410227788426	0.0113381781167541	0.000948362298453156	0.884676730282271	6.85649931679944e-06	0.000186969082387307	0.00737495620485241	0.0465445366753146	3.74579348784954e-05	3.68726616392492e-05	0.00361682574358112	3.76550120663716e-05	0.000618178021979867	0.000282747295768629	0.00113106297012983	0.0040264359691888	0.00745510407143244	0.0206670979863986
1.38698435012056e-05	0.0168135214636326	1.31716200700591e-05	0.000292996504508972	0.00437690362649711	0.000277040892067535	0.0129896311819285	2.18826668577946e-05	0.880631911106338	2.6963555366231e-05	0.000791984054221265	0.030849032410055	0.0263879208492189	1.04760695147358e-05	2.08593882034225e-05	0.00938283284937844	4.80190289863045e-05	6.40669994129884e-05	0.000211479636819927	0.00545760831627579	0.00173082621040353	0.00890393793691229	0.000683063789828807
1.63913806318244e-05	0.000171968187934122	2.97712278602833e-05	0.0043009519644971	0.000172561648752008	0.023917011042029	0.0188606479884157	0.00089698710223629	0.904213590804904	1.92076146206034e-05	0.0110731244575774	0.0230549454817521	0.000996768093353885	1.29539940316603e-05	7.66775881257262e-05	4.19656953308682e-05	3.02012768521351e-05	4.51827491258342e-05	0.000708804110274358	0.00580289025782514	0.000430105067507993	0.00493350432126633	0.00019378794509491
6.37833385347196e-05	0.000443261649874469	2.81233305618995e-05	0.00933586014839561	0.000977105831947336	0.0122874907878335	0.0127079946005443	7.42512627490416e-05	0.888676381003824	4.29166605077705e-05	0.000160597197742969	0.0121300401561325	0.0266909117530341	2.74030949721656e-05	0.000248357013980271	0.000714428459259482	0.00433510047273559	0.00176490239791251	0.000113270087194974	0.000123184989549737	0.00107162389739203	0.0103342739165242	0.0176487379487972
2.35337709242896e-05	0.000287094383433829	0.000179236862968341	0.00568502274591887	0.000292626739606727	0.00323071017557543	0.0132087436920691	3.98365642430879e-05	0.903399054675473	3.25438114471681e-05	0.000358455316286213	0.0297744957928565	0.0141495028430143	8.65571792972556e-06	0.000131953379518315	3.03332912713245e-05	0.00344072592155785	3.36028666809566e-05	0.00240694099005453	0.000175517757212852	0.00347166302240455	0.0135981529664699	0.00604159671308378
1.08105862601438e-05	6.43143251430135e-05	0.000270023052354921	0.00297485172192967	0.000226569548075349	0.000478070263526995	0.0197620273445397	0.0173760745978688	0.89700339837026	0.000478412408851913	0.00776413754319865	0.00913118651188033	0.00199508720512814	0.000170580747819178	3.15903932297561e-05	0.00149564346779212	0.00445146747729945	5.00260512027533e-05	0.000320504764015595	0.00123680416343664	0.0340168422029352	0.000411813153565163	0.000279764099686407
0.00116398419822955	0.00247096855561603	0.000106372982116106	0.00396530097840737	0.000245019321131974	0.00734900539619696	0.0111256882613893	1.1215283023296e-05	0.904166836402127	0.000429445425531981	0.000550674891825588	0.0452821766207001	0.00482404408693391	0.000660685559249164	0.000145253389502541	0.00151766559926678	0.0072296781062948	0.000235221045881556	0.00429275995615181	0.000156164603437262	0.000275695512654379	0.00332871995093539	0.000467423873397246
0.00045779251426542	0.00219858817591946	9.22976138312575e-06	0.00629174813009857	0.00607284073444439	0.00258688156435467	0.00512083365866624	5.23392082708746e-05	0.890699478235006	4.81110968648728e-05	0.000194364586365111	0.0276081196713194	0.0239241726256164	9.02473775236004e-06	1.92972450509068e-05	0.000382856205171377	0.0014569817097284	4.96703592836459e-05	0.000121074759414164	0.00222844305440443	0.00405853204222479	0.0257671234568428	0.000642496467552913
0.000739261457762547	0.000217991222029215	6.35384416322158e-06	0.00148139813231518	0.00922811066292445	0.00184827235991549	0.00595777996036269	2.62164428329354e-05	0.876927160401864	1.00052741851006e-05	0.00017819838196161	0.0374167829312968	0.01427378278094	3.67460020537035e-05	1.56833979563896e-05	0.000126047962817357	0.0113704285167472	0.00584092870324334	0.000280205967661395	0.000625513382462397	0.00582415418917927	0.0092464141414686	0.0183225638838573
3.22836607142752e-05	7.96978000121127e-05	9.32580844727905e-06	0.00738183145269798	0.000356985471238785	0.000631184055145229	0.0102198938239417	7.42897054238057e-06	0.900712755089404	1.00137918026765e-05	0.000165164746425476	0.0177818309897058	0.0354026510446661	1.41904398873849e-05	1.10489005232016e-05	9.25630909618577e-05	0.00877809732089852	4.93731027577102e-05	9.74133552682741e-05	0.000143395498352722	0.00364989859791047	0.0139694925316097	0.00040348045708538
0.00115774362330252	0.000170616535348268	2.90824287441021e-05	0.00031593016033684	0.0071126078337124	0.000370082105536353	0.00994288621605892	6.49966589708137e-06	0.885434427961986	5.12037201293954e-05	0.0314129344397845	0.0293577771106859	0.0152650306890433	6.87879388973305e-06	0.000558304589392871	0.00133508908360083	0.000116977834144033	0.000321166751285797	0.00410765433641296	0.00394921464518906	0.000205442149764203	0.00849282862790343	0.000279620697851589
8.52521439555078e-05	0.000972001150627941	2.02417580802092e-05	0.00144674820543457	0.000409095732938743	0.00034431944794146	0.00834405237813376	0.000248039435399058	0.892465481104908	0.000293961427932496	0.00886928269169884	0.0399646838565376	0.00161088099828127	7.619784567811e-05	2.67131616752628e-05	0.000999263568216649	0.00548476623740759	0.000950883302600593	0.000155064263956485	0.00397552775156042	0.0198221825867455	0.0131595869671204	0.000275773983169948
0.000159242155991554	0.000237696772383135	0.000111572890025914	0.00179385611467188	0.000383013478980435	0.00170361373374465	0.0120631032901627	2.51825943315171e-05	0.89554557179271	2.03829578133516e-05	0.000191748774635431	0.0177663848507734	0.0231235015526333	1.55880632577503e-05	0.00108442383179719	1.66787341883429e-05	0.000513951772743058	7.44092567047431e-05	0.000195170044302033	0.00451797822556253	0.000848121573784351	0.00235102670471125	0.0372577808340913
1.28910536205123e-05	0.000285983716324484	3.25992724323877e-05	0.000843461419223729	0.00155495207500724	0.00547397789230915	0.0136343154598223	2.00457780072198e-05	0.914274583643618	6.25492947861245e-06	0.000183273176912409	0.0161116083666339	0.018568657098877	1.60343866443427e-05	4.45293640502474e-05	0.000330670203452721	0.00749578007613837	4.97553354071805e-05	0.000482607067879335	0.00389798459396614	0.000374911712235305	0.0157435983370508	0.000561525040908272
2.5230398351934e-05	0.00294755786930984	4.34626663485254e-05	0.000441984148568532	0.00341434993894041	0.00687172111793156	0.0177342776184225	0.000213823396782612	0.909805621362632	4.06849021460448e-05	0.000961757664441484	0.0263112436945001	0.00813700319137094	2.54939033903453e-05	0.000153966257340878	0.000514678840936741	0.00364402379009261	0.000186625673940297	0.000590875392706331	0.000340456621359194	0.000434709514755766	0.0112816579882152	0.00587879404751567
0.00182144213828761	0.00329233023502091	3.61848224372507e-05	0.00314598989541331	0.00029390025312744	0.00028744874425086	0.0354334641997855	8.48424487343762e-05	0.89674747572055	2.6987747610635e-05	0.00160877783594448	0.0178521040041338	0.0118769606029901	5.99045581649777e-05	0.00258110170769595	0.00250207549730437	0.00132577517889441	0.000687589930083102	0.000415693990677081	0.00205229987147444	0.0116643522881526	0.00566484332219681	0.000538455007069837
0.00155113263112416	0.000701476188651252	0.000126989109426216	0.00552367380281998	0.00041817663050762	0.0617298912163492	0.00891948639677551	8.38608817613586e-05	0.844836735582537	1.28694478799577e-05	0.000151554135651032	0.0317812878607416	0.00703199622954962	6.57076283461103e-05	1.41691739641117e-05	0.000369611498228502	0.00710096852656719	0.00825122871995918	0.00593894018252635	0.000268224868144873	0.00135503747616021	0.0132054854024783	0.000561496409850255
3.22838972845517e-05	0.000320554641812181	1.34299981899708e-05	0.0027623513123306	0.000558910755874049	0.000189850899292183	0.0115143654188443	2.94209450789282e-05	0.891198632160508	0.00020107923702562	0.000808538122676124	0.0233654339694274	0.0303495857616883	1.38350497200032e-05	4.21191682410816e-05	0.00287482149957603	0.00100241433759665	6.0395164707051e-05	0.00442108060109029	0.00637354735243582	0.000317768055043666	0.0118925077926262	0.0116570738589309
5.61436054715837e-05	0.000312649268650957	0.000165487960730166	0.00395469576513227	0.00439014788338927	0.000100069513642281	0.00712103725828529	6.9599368918744e-05	0.854911710195592	3.63832487667604e-06	6.177895577946e-05	0.0297536807813228	0.0167372250035451	1.84336626751245e-05	0.000112205330966532	0.000128467582677961	0.0105595692120409	0.000218382166016992	0.000103258701388368	0.000657704828636729	0.000438165898701763	0.0188268134395963	0.0512991352919622
6.78407799729455e-06	0.0182971033829519	6.10661392981006e-06	0.00160517147302177	0.000447644185816634	0.00159591646201473	0.00935265199355952	1.42742078019858e-05	0.886188056302038	1.55773247302552e-05	0.000162347097557769	0.0125755664134765	0.0228236134400856	7.31224951970806e-06	1.62784058513185e-05	0.000204540244980893	0.000229777936043364	0.00559541045047886	0.000246410690707831	0.00483130705396287	0.000263275473479272	0.00827859313344153	0.0272362813865524
0.000506738259984075	0.007845798600666	0.000101016860140924	0.00219003987496007	0.00049826352037152	0.000895054524870454	0.00869369738348521	3.49392910950056e-06	0.884164921002673	7.09246388771571e-05	0.00407443127427263	0.0382934623642891	0.0301153921065246	3.41071472315993e-05	3.18916351675607e-05	0.00079010700257769	0.00413414033665201	0.000431497778267533	0.00022061140399386	0.000936354577137352	0.00446597943443293	0.00715961002859595	0.00434246631571984
4.13066987391512e-05	0.000182268142770738	8.33939760554035e-06	0.00333586452413681	0.00758784686805703	0.0034632771766963	0.0094043328396391	8.97525083724298e-06	0.895498897073349	1.03221205502327e-05	8.11888038637147e-05	0.0240767524835941	0.0244743462210567	0.000527223731539664	2.3917286000229e-05	2.6419800359388e-05	0.000205951337931625	6.09240891069237e-05	9.23790876764037e-05	0.000270242419713117	0.000605752210430678	0.00713638228427051	0.0228770901520755
7.25856586805056e-05	0.00160329769224266	8.7310989157057e-05	0.00260735900371042	0.00315798038209295	0.000271508012425373	0.0137430080591342	7.51154218278427e-05	0.890119247948973	5.6891275503711e-05	0.000158484327260084	0.0388461582701105	0.0105894645438341	1.80295615142768e-05	0.000131467353923852	3.9248829463437e-05	0.00112778807651113	0.000516440344278441	6.58772118736055e-05	0.000348472459225894	0.023989227314707	0.0120697623820873	0.000305274881462253
5.26751808212492e-05	0.00997417978603851	8.29076832152437e-05	0.000696347936533796	0.00557302586093172	0.000588146478005654	0.0109416058818182	1.17851761071183e-05	0.853295708911354	0.000244017657199412	0.00170509491808478	0.0453101960042696	0.0149298035351728	0.000291856148647403	4.49621617767078e-05	0.000100098438106111	0.00611124972235588	0.00115190193711446	0.0256546953476687	0.000136725326519382	0.000289183555101423	0.0218092418598082	0.00100459049335021
1.52320960098734e-05	0.00170898905236043	1.65977396660536e-05	0.00435937755138165	0.00442436367034864	0.0263015326745021	0.0148312920105717	0.000693263097591277	0.886293030048699	2.07137234738374e-05	0.00744505474500244	0.0169944657332302	0.010314647577362	1.42996800662893e-05	6.56155188149866e-06	6.90800792603063e-05	9.18576239298697e-05	0.00927123514885967	0.00164788794911349	0.000236715947875762	0.00390556552491731	0.0109372604926831	0.000400976281214065
0.000106657536962444	0.000212863609980394	5.700027448311e-06	0.00197258942997874	0.0072593602276204	0.00110904179629023	0.0189343188731543	4.19845139221158e-05	0.909167311330765	1.86417893410707e-05	0.000154296518171718	0.0142068253204941	0.0144217740731973	2.41885655159067e-05	4.81608101806997e-05	0.00142562294395912	0.00013095576291389	0.000980369010354432	0.000120944152833534	0.00145121096138179	0.0216819985771136	0.00627292571055087	0.000252258457869629
2.9330267519897e-05	0.000188386213071797	0.00328634256842417	0.0042703977394677	8.30927817979725e-05	0.0452070403394474	0.0133432435525218	4.07957304816092e-05	0.86036418698554	1.20503751096593e-05	0.0264031367230666	0.0131634280704784	0.001727729349048	1.30068360208287e-05	1.57747456386461e-05	0.000194855856458351	4.16412108242249e-05	5.11927339068273e-05	0.00035195895790547	0.00111375131593864	0.000257172322916304	0.0116428609640208	0.0181986243603957
1.14283272568349e-05	0.000100170162864656	0.000178830204558132	0.00337719246774396	0.00326092551961366	0.00175910608701198	0.0199865522254109	0.00142575077700991	0.901055324932236	1.70218698744638e-05	0.00102387515431204	0.0327931874414758	0.0135323203712216	7.65830602645186e-06	9.49755370158701e-06	0.000150733238962996	6.21930794330496e-05	0.000121194187274585	0.000401571257309256	0.000153959153919409	0.00597022438360794	0.00565285350981756	0.00894842978935684
1.16366450904453e-05	0.0147331283730807	7.09966697600117e-06	0.000899057648081178	0.0100934730486324	0.0045972840342348	0.00743105957759413	0.000114909141335717	0.864160767133324	0.000110337840165698	0.000165763644744332	0.0228987089786519	0.0390116439208156	1.67704809249215e-05	4.8865314044321e-05	0.00105142918147683	0.000983422405220636	0.000312210390673126	0.000163165311972277	0.000969385334422449	0.00120618633092187	0.00694853620841613	0.0240651593892
0.000793936931113669	0.000290860363357271	3.22866062040733e-05	0.00144444739219086	0.000436082344448838	0.000398175329674976	0.0214642295859054	0.0117023097750647	0.889115107300352	0.00162082305497873	0.00260823625749067	0.00973857662715361	0.0245380095771463	0.00712739995452523	0.000158031820842863	0.00150491806850225	0.000514059642739993	0.00101362950740153	0.00191172156061915	0.0114334749555583	0.0105844201671321	0.000200011300978629	0.00136925187661875
1.57804195551743e-05	0.0189367373464794	1.11348290160826e-05	0.000310047419957341	0.00188928897575894	0.000458727066866485	0.00811842566304999	6.327448538524e-06	0.892309964994353	1.42322923117158e-05	0.000715288150151192	0.0319960589803577	0.0189061543682865	4.67536683523754e-05	0.000132316976355313	0.00499954950985478	0.00293496820575572	0.000368165811490291	0.000152467199806986	0.00250032230117411	0.00265445711046535	0.00788156274900322	0.00464126851305997
5.76431421617041e-05	0.000753765114119685	2.23992264502831e-05	0.00157890717016197	0.00287980304668612	0.000406798510093529	0.00860355917734974	4.93419562827693e-05	0.870996149589883	1.17179506585672e-05	9.47286651826402e-05	0.012889325749367	0.0206003447947866	0.000495041612285689	1.29507154132288e-05	0.00081726570429058	0.000963174886922337	5.93405820746741e-05	0.000114472513602711	0.0041455133092231	0.0028549908241994	0.00739755897331627	0.0641952067854876
4.05994279862259e-05	0.00152773908182716	0.000166460406380644	0.00485516523272732	0.00033417205570556	0.00446266814680726	0.00846197518848345	0.00151715553908532	0.8796422857902	8.62646953474685e-06	0.000911736276784567	0.0239276998812851	0.0224966972467209	4.14323298231719e-05	1.28458436838588e-05	3.9302113558774e-05	0.00739886937654317	8.40173997472439e-05	0.000283646902629201	0.00244911876317455	0.00609279602340043	0.0128281304327252	0.0224168600711863
0.000353005176525549	0.00100070330789407	1.20683861857635e-05	0.00528729556653963	0.0039077558859997	0.000173011800973587	0.0094248106037907	7.56254009340028e-06	0.902050853287262	3.5100308735139e-06	0.000425602576079444	0.0328229639344209	0.0211927766797016	2.48028685818481e-05	2.04391404358184e-05	4.3356913392487e-05	0.00601787000159663	0.000609397384527821	0.0002251102005469	0.000482908460403638	0.00549573664510593	0.00694967106693637	0.00346878754213334
0.000134568731266558	9.62927668549045e-05	2.6217619245539e-05	0.00920984622869504	0.000380389141941016	0.000458933599614038	0.0385761971755659	0.00502563287881229	0.881471328165248	0.00197131991405599	0.000164925846043923	0.0239329588876211	0.0130599130537878	3.10627425114052e-05	0.000100120410571741	0.000191821092773636	0.000117326244428508	0.00122981270606343	7.74024501551871e-05	0.00209127178525352	0.00453657170614162	0.0165219728339597	0.000594114019388726
0.000271625219495657	0.000301345362128052	6.10919763096588e-06	0.000134633094133746	0.000265609146718725	0.000356527648348848	0.0166190421306726	0.00162185842126633	0.90467886135605	4.26967915350938e-05	0.000250736302433041	0.0205389565310655	0.027623984654191	0.00242466741191267	1.48015326310738e-05	0.00109071320553497	0.00144717451051324	0.000571944348558974	0.000120663706806489	0.00378187539913255	0.0156890412017103	0.00183266502000325	0.000314467807527326
2.2026843371524e-05	6.5436347250786e-05	0.000164205315922624	5.53705811176663e-05	5.85820276117394e-05	0.000184910554374221	0.0264460844677475	0.0039616008512246	0.888927790410568	0.000176599235426007	0.000354856900144046	0.00986489058500099	0.000691651715760255	0.000204407469967022	5.99675591223319e-05	0.00311374363547369	0.00146864539683012	0.000162953244426331	0.000276288432877905	5.27709606568955e-05	0.0569848985178108	0.00660596318566798	9.63557616478611e-05
3.72424496627911e-05	0.00308479775793194	2.79510948054553e-05	0.00311518306273316	0.00473057897667784	0.00398989568488043	0.0125392426223295	0.000434091966399323	0.908190285858187	1.09187312528799e-05	0.000508773129198344	0.0153313875159081	0.0262641126496972	0.000311576306551688	0.000470668112988339	0.000678951298883148	0.00288805888367434	0.000447426314750066	0.00040150260358841	0.000109639836145389	0.000842689324404619	0.0121887061544403	0.00339631966490971
0.000109861126753396	0.00358315516029813	1.23464863592509e-05	0.00111175430494595	0.000390119617691796	0.000379978341824925	0.00875207311392612	7.03276979232575e-05	0.892843109048772	8.32209969558629e-06	0.00185495324922662	0.0216740439412058	0.0311895135835895	2.96410265884248e-05	1.17499736469279e-05	0.000471373575121	0.00357798922777791	0.00014906297464673	0.00668512234411583	0.000451762865402746	0.0150307065375025	0.0094003050331152	0.00221272866987001
0.000224002629424438	9.34711253505541e-05	0.000426359812878554	0.00520467850398199	0.000792261138744988	0.000453662053839508	0.0199706968868632	0.00717117559117397	0.898128910221236	1.09110223266342e-05	0.00847038266764835	0.00829686888820489	0.0100235395163541	3.710006880306e-05	0.000729704601703774	1.20346977034436e-05	0.00172685644033685	0.000569649532155345	0.0051736306189331	3.92317611164761e-05	0.031083990894949	0.00117232381929938	0.000188557506972026
2.7183187985298e-05	0.00038687555413064	0.000762851605752242	0.00506256327392146	0.00133220554482805	0.000298430241526507	0.0259975259068318	0.0145332851153356	0.878680797493659	0.00194784481808624	0.00130975972432608	0.014896456151671	0.00765531069059955	0.0035258431719513	0.000549486777252452	0.00332041167242527	4.31590943956302e-05	0.000238653764432617	0.00130961800772603	0.00876110685306915	0.0287516508589295	7.28348429953559e-05	0.000536145648168932
1.65418829872229e-05	0.0704910601067554	4.61277064706217e-05	0.00460753233741837	0.000226914098421881	0.00780286633169252	0.0107907447458776	4.7819527604524e-06	0.858225644158708	4.12216407525871e-06	8.65127978312825e-05	0.0279281805424692	0.0106770076950885	4.22528411052748e-05	5.09594968277059e-05	8.57870566810576e-05	0.000417961443750483	5.55837121446324e-05	0.000101072363602888	0.000288080274342288	0.000909200798385874	0.00681193226085504	0.000329133231748185
0.000259408459493321	0.000112919161215308	1.48209575434542e-05	0.00448889058409926	0.000153865483403169	0.00695249030378696	0.00910304516429218	0.000687471407724877	0.870672129932672	2.80041750659766e-05	0.00945015812180115	0.0412291241649316	0.00657746897722727	0.0017280087179376	1.03730577465642e-05	0.000525064974230624	0.0118339376390952	0.0103783770506318	0.000475537939434164	3.84198994384878e-05	0.000404968012240055	0.0230513808661244	0.00182413494986473
7.37580928102524e-05	0.00600835744512962	3.21354450155707e-05	0.00296527665476502	0.00301234201393733	0.00658879736769687	0.00710551966566882	0.0010480793051238	0.885323550987111	4.85332137986808e-05	0.00253307704546132	0.0395711673410755	0.0222885391384352	3.15258373865516e-05	6.34243816612567e-05	0.00107563257110942	0.00978962079086806	0.000199612915529784	0.000600713182698387	0.000385941332295686	0.000265681691146299	0.00993766776866536	0.00105104581261047
1.09482542653096e-05	0.000262662609343307	0.000372794294407832	0.00169082878043388	8.98019151094707e-05	0.000271540624212836	0.027380361531213	0.0140837551489644	0.854516806607094	9.24273039547269e-05	4.06468861819022e-05	0.019644347764616	0.0010323403734074	0.00114024771677271	0.000138208134845927	0.00401349457385184	0.000510601183747512	0.00028803061402706	2.39331412575112e-05	0.000974753056802617	0.059700466214789	0.0136708841335368	5.01191371656921e-05
3.79758225129937e-05	8.50097655329367e-05	3.2517182433108e-05	0.00127157137640191	0.000180971650103446	0.00125433336911971	0.0154097195012085	6.67448705992897e-06	0.87906691829026	0.00034928527142404	0.00165843510631192	0.0522133272964991	0.0317208046820033	1.9583328543421e-05	0.00385928765073529	0.000147597870684177	0.00498144536852081	8.88948700966275e-05	0.000146693205590157	0.000152238102832782	0.000325635618400179	0.00658464587986729	0.000406434303858253
1.83855757292639e-05	0.000208336769123782	0.000202034184853454	0.00189207667105536	0.000475843463630366	0.00361442037347553	0.0139393028782448	0.00146741271047114	0.897523004906754	7.95017693862619e-05	0.00454074161092462	0.0262050853073727	0.0256443044757657	9.79496296099011e-05	0.000155532761140226	0.000200595919700221	0.000398337583579631	0.00013586018793679	0.000225260384294018	0.00856765253375812	0.00371178181293056	0.00969028017231429	0.00100629831794986
0.000136029356570755	0.000245063131229348	0.000583692364009543	0.00231468200270225	5.18926518638027e-05	0.000500326317872083	0.0351013407717756	0.0107061925981863	0.866935932759365	2.81410885841138e-05	0.00018717085996367	0.0213547643279248	0.00063721650231789	0.000132585286868034	0.00100248889616906	0.000186786045672574	0.00403856169120586	0.00784719505618746	3.32992054066375e-05	1.8880925873557e-05	0.0473588550412741	0.000528055133929161	7.08479850482089e-05
0.000161043023678211	0.00728350943877294	1.63672675798741e-05	0.00407638492440424	9.24847294949497e-05	0.0287592453624692	0.011873251609631	1.68219658973429e-05	0.899827354136444	9.23140901981652e-05	0.000306596532864096	0.0277500690385943	0.00583246745138797	0.000412432766723731	0.000225919070004197	0.00101743178843923	0.000595532111443242	0.000182616977915769	0.000755565660887908	0.000223812948051683	0.00196749053312877	0.00692007177660299	0.0016112167953856
5.38369559177084e-06	0.00449961380544239	2.73268383063016e-06	0.010031481967401	9.1727589311314e-05	0.0248162770074531	0.00979138899128802	2.51207248955448e-05	0.885732550567003	9.54877549733761e-05	0.000176991225231546	0.0176178624050945	0.00976957757174442	2.41558411052789e-05	5.74279923010936e-06	2.86514904035839e-05	0.000187741096383418	1.85560142264225e-05	0.000178817463204376	0.000446266419571015	0.000251677389518184	0.0114734259349069	0.0247287695621906
7.64398467697238e-05	0.0102634861663113	1.72162981373556e-05	0.000839550777924381	0.00548026474369852	0.0153021125979171	0.0123424838654981	0.00137408488258976	0.865947100619903	5.63890995868123e-05	0.000544076793986312	0.0430200155314913	0.0183755191125618	8.61325575207657e-05	0.000434675145728197	0.000605128481593493	0.00318852000014042	0.000555956011024223	0.00723392071807727	0.00108499482176287	0.000232296041994312	0.0114341248657411	0.00150551102004228
5.67564268488791e-05	0.000495058063711261	1.5873701263733e-05	0.00979339359916276	0.00168325118991763	0.0108179659351165	0.0061414735232661	2.18650217270394e-05	0.911757005583722	3.01785455218376e-05	0.00110784427911529	0.0164344890673738	0.0206852147680242	8.85450565475116e-06	7.19430254649426e-05	0.00101638160227692	0.00112386391552365	0.000355027160233863	0.000444369329340706	0.000627025236148936	0.000455592773209758	0.00827513527869261	0.00858143746868278
