Bcells	CentralVeinEndothelialcells	Cholangiocytes	Hepatocytes	Kupffercells	LSECs	Mesothelialcells	PortalVeinEndothelialcells	Tcells
0.000117444079439325	0.000368319941245025	0.000100437747730424	0.962266095642719	0.0106345910749388	0.0249429952227776	0.000651434697144177	0.000273870160798291	0.000644811433207576
0.00304305898409112	0.000432080440199692	0.0322716713357928	0.905708316233691	0.0117868982363023	0.00214593194695291	0.00227580826301787	0.0407184323253934	0.00161780223455891
7.63577656259792e-05	0.000557735742854698	2.78998035091832e-05	0.958817434241132	0.0217374067129667	0.0125435588396144	3.70898745966029e-05	0.00547832336169625	0.000724193658004423
0.00506378941848679	0.000126022594874029	1.73617267691628e-05	0.948328860159654	0.0218864450440141	0.0244618182865486	1.4571655536413e-06	8.46496091532776e-05	2.95959949463598e-05
1.44417962531624e-05	0.00448696271395489	0.000954714160929656	0.960075189795418	0.0170032164807504	0.0132230346508124	0.000127343369973222	0.00382213275103719	0.000292964280870841
0.000254920083586183	0.0055515655966377	0.000882119312594178	0.949576823476291	0.0183141016759569	0.0143728687127846	0.000111419445648578	0.0083497334942819	0.00258644820221862
0.000198596963342496	0.0173307196743173	0.00100335909100509	0.953766423424818	0.0158992403443462	0.0102883879960997	0.00102911547946716	0.0003220375733429	0.000162119453261394
0.000213313295968751	0.00897117471883215	0.000169144326825895	0.960978556302859	0.00883260422726709	0.0157374084942307	0.00097829773087903	0.00326932989262433	0.000850171010512846
0.000386013161773633	0.00674949343056222	0.000962905779400298	0.963281568066882	0.0182198732233179	0.00826407283475558	0.000273543435559733	0.00020334979440082	0.00165918027334759
6.94871453448148e-05	0.000203540654462953	0.00174934176470974	0.954914503388506	0.0229732987193976	0.0140270125895395	4.91342707404511e-05	0.0059903654894544	2.33159778447768e-05
0.000251562109036881	0.00812273529944093	0.00027885504490589	0.943026201666248	0.0234277002043825	0.0200415821150996	0.000357718110004697	0.000961137621217612	0.00353250782966418
5.33186462793705e-05	0.00478504871416721	0.000543192769983804	0.957265795071614	0.017567403251827	0.0140457942692927	0.000290837406654139	0.00466616929139925	0.000782440578782295
4.55601818524144e-05	0.00805443847265512	0.000447682942159671	0.959881045750538	0.0131064051295325	0.0159223248745835	0.0004283781144417	0.00203751412721977	7.66504070171193e-05
7.60492591721784e-05	0.000606272669612548	0.000531045523446596	0.973948772899743	0.0133555739804626	0.00703196038392218	0.000270447889578737	0.00411074989789333	6.91274961684318e-05
0.00129309219023855	0.00655839135063889	0.000704105490374178	0.955974771444082	0.00954007450336586	0.0218880767206781	0.000814367021770018	0.000225708083638146	0.00300141319521386
0.00321225774061658	0.00285745970897579	0.000146814732853849	0.961189713698657	0.0150143999745415	0.015116984963459	1.92692684352623e-05	0.000153600513435093	0.00228949939902579
0.000264904148416482	0.00111480634625327	7.84743650639745e-05	0.952583335729041	0.0169140932584245	0.0281739257223525	0.00028795543728513	0.000511776541990651	7.07284511729567e-05
0.000283027110032903	0.0332203381247745	0.00053972097173079	0.938673819084288	0.0193909828638559	0.000730696680804472	0.003199484621672	0.00304932252320886	0.000912608019632487
0.0131264803412008	0.0237357595554964	0.00540940064583192	0.840876836201334	0.036126020569613	7.66070968789169e-05	0.0347150379260306	0.0354573564624285	0.010476501201186
0.00674168179451514	0.000173526598190793	0.000425462457261551	0.955810027429897	0.0171318946527781	0.0155878949511279	0.000189183325246752	0.00391835489924535	2.19738917372022e-05
0.00199607117921782	0.000544218747480955	3.59102965939584e-05	0.955745803976988	0.0167075353632235	0.0229003553276343	2.21198726646341e-05	0.00164026929345828	0.000407715942738055
0.000263874304246339	0.00228017708854112	0.000727948674012449	0.964014501385703	0.0234736132972101	0.00370151285060665	0.000316196854709834	0.00520193515016842	2.02403948023817e-05
3.23468843221531e-05	0.0443664359600255	2.8704120622912e-05	0.94104701910844	0.00935544244729498	0.000167523383934219	0.00173801038903135	0.000497228780459936	0.00276728892586847
0.00151287661324626	0.0156399306794202	0.000315155195781506	0.953914944943219	0.0210713922157088	0.00478383876146662	0.00140150287125669	0.00115690489725293	0.000203453822648035
0.00600961957927498	0.000829981711084732	9.01666732566662e-06	0.944894820229416	0.0219486345998587	0.0249052973928697	0.00059731383833258	0.000108471440023573	0.000696844541814172
0.000106011371583317	0.0068500844866079	0.000262130173093119	0.951980317472798	0.0242508002255261	0.0131255212399109	0.000419259879908799	0.00105469369141154	0.00195118145916088
0.00298612961546508	0.0153232319159373	0.0003261585884954	0.956814411008231	0.0113722023845906	0.00847342938766745	0.000149660827674275	0.00324071103288655	0.00131406523905185
0.000151022862941703	0.000180475218018676	0.00135602316448278	0.958229504560979	0.0176369890072739	0.0209537015712078	3.1848918007085e-05	0.000406475378288578	0.00105395931880016
0.00870129508138411	0.00494202508619531	6.53379119827661e-05	0.950943779242832	0.0129837701050065	0.0212002957622974	0.000232120757160894	0.000357654588281375	0.00057372146485967
0.0256482825709646	0.00974371606652489	0.00507863434903672	0.906893999263751	0.0182518239443694	0.000522466947498243	0.0160845716299395	0.0171308761692958	0.000645629058619592
5.95539666452252e-05	0.0095567032974278	0.000637476449619367	0.953960725633543	0.0239212712514309	0.00117094403617653	0.00107538841370208	0.00909271764302365	0.000525219308430969
0.000661814182797462	0.000716842057751352	0.00036845530922944	0.959331875808718	0.0199526746074348	0.0103747063138656	0.000283665941483359	0.00739280879392294	0.000917156984797612
0.000327627469270852	0.000640005329620301	0.000992343196621413	0.966608570530686	0.0110351420145842	0.0128307411058004	0.000119416634551576	0.00681276910925624	0.000633384609609053
3.99746499503141e-05	0.0016858573941425	0.00024645976050573	0.957248618136118	0.00501157968403325	0.0298104453127007	0.000637354616994943	0.00400611075626347	0.00131359968929086
0.00514108815393337	0.00017048846743211	0.00149974606641456	0.954149928580278	0.0194791743403344	0.0183371708273893	0.000185763061948072	0.000329113851208433	0.000707526651061835
5.19419069311269e-05	0.0137926224029276	0.00178896349016346	0.96636312324844	0.0145774884002695	0.000899863914473849	0.000149129746097566	0.000539153883302997	0.001837713007394
4.39245625584143e-05	0.0109601865664266	0.00119656200143322	0.958700094967654	0.0111542774186179	0.0161982120518756	0.000414933947737788	0.00116920765239294	0.000162600831303702
5.18586023361837e-05	0.00238887268393612	0.000872286693689352	0.964617763925481	0.0181714690305556	0.00879922954238435	0.000448990245300677	0.0045137046748531	0.000135824601463837
4.21768510448214e-05	0.000284412469022408	0.00476766932416978	0.95746758397016	0.00959181541558675	0.00554394452580086	0.00229289826335606	0.0198621134922266	0.000147385688632639
0.000787102857820518	0.00318206676433388	0.000323859274163566	0.962643588271934	0.0266435450012504	0.00579882757330612	0.000275219432759137	0.000288616250306902	5.71745741257311e-05
0.000644614815914731	0.0107762315079137	0.000364897204037994	0.954628413580319	0.0190835780698556	0.0118454943702783	0.00117779317853568	0.00144328171428654	3.56955588590677e-05
8.08945015352605e-05	0.00246551891040703	0.000270647639083906	0.955207729453268	0.0273200044909162	0.00828542021690496	0.000112958997933596	0.00433307040143664	0.00192375538851403
1.30950373176166e-05	0.000476618997721706	9.63575630705501e-05	0.960747209889259	0.0143676258808144	0.0191545366566893	0.000728816138780202	0.00439103637878581	2.47034575614106e-05
0.000364015255895359	0.000811473312673063	0.000216849086080318	0.961257541797406	0.0190476724471259	0.00966010659250451	0.000279824496123239	0.0010145195607014	0.00734799745148963
0.00103043835174007	0.00253442884731307	7.04447223028884e-05	0.958321649772623	0.0252632473901621	0.00283990801893865	0.000425332080912662	0.00943407026557808	8.04805504295517e-05
0.000624469267398211	0.000325148099194934	0.000750097831949808	0.969261236516149	0.0102569302799856	0.0175902779487963	0.000376349879600413	0.000260438452039977	0.000555051724885393
0.000236774445226036	0.00538763476609831	0.000804939888904857	0.969278017208627	0.0119890496894542	0.0107220290140317	0.00121680335529855	0.000345916492808954	1.88351395502533e-05
0.000894715621789193	0.00293082801218436	0.000794609381989458	0.969394340428734	0.0167901934622729	0.00641939896603684	0.000273603385700479	0.00247594083922865	2.63699020641528e-05
0.00120452128326073	0.000290698060102287	0.00992834752847594	0.959782269948839	0.0131080112329139	0.00598106917476341	0.000667855604778145	0.00893978373529911	9.74434315671737e-05
7.30520428830378e-05	0.0286007242373546	0.00054568618365109	0.933338941193424	0.0234150970124956	0.00851101879368255	0.000472640761821635	0.00420908069607819	0.00083375907860915
0.000150871216386451	0.000345543001821665	0.00119720383967996	0.958800322067111	0.015662908411381	0.0202548712975759	0.000524887645498313	0.000410130012255063	0.00265326250829087
3.2633234066595e-05	0.000198837084602411	0.00119340634103193	0.946371764029943	0.0220240883034707	0.0132824397340864	0.00132727504810405	0.00131888184532396	0.0142506743793708
0.00464341052448222	0.00036356874336616	0.00068082681487802	0.969016754575818	0.00875540743792111	0.0158938161136279	0.000161629907968759	0.000374975586763265	0.000109610295174033
0.00204081365698226	0.0012051526314178	0.000667549543749473	0.95160829421453	0.0217166842458916	0.0190723797380599	0.00010507582897512	0.00161744608090392	0.00196660405949001
3.1573441866678e-05	0.00358295629916028	3.39211517565328e-05	0.964619320884529	0.0145505967785819	0.0150478339807032	1.23715241229688e-05	0.000778334436709697	0.00134309150256939
4.9952579680888e-05	0.000433265798137917	0.00189866220754678	0.955206758948884	0.0210175217421189	0.00827681545951022	0.000575713353527329	0.012527341259211	1.39686513829011e-05
0.00322443575059389	0.0104018327734486	0.000679643017763784	0.944195098672966	0.0299563725389515	0.00451679979702248	0.000999270765755707	0.00022748075608085	0.00579906592741722
0.000273843257748632	0.0109225998086693	0.00134104940546002	0.956698581762418	0.0115043019849371	0.0122849785375908	0.000229392657793868	0.00669940241181569	4.58501735668488e-05
4.29867944234473e-05	0.000385009837737153	0.00367970676285497	0.96267518453037	0.0111532175881203	0.0126356851912016	2.95041496591048e-05	0.00938036377145046	1.83413741826471e-05
0.000211941686273248	0.0226419730199877	0.000957811886166488	0.950844513326147	0.00805273582107651	0.00655874968540509	0.00110046874549153	0.000529080974007572	0.00910272485544503
2.20376027962619e-05	0.00179544346229869	0.00145956250829211	0.965161751367002	0.0171451423188147	0.00885767726977655	0.00052804542844049	0.00373420806674014	0.00129613197583968
0.00768040646135146	0.00427145395606621	2.06260551379277e-05	0.947897962459228	0.0151336167353514	0.0215062023405283	0.000157637460934747	0.00126792518124721	0.00206416935015431
0.00216309710447572	0.000282327035426395	0.00430282693710624	0.95287609137743	0.00748108155303059	0.013140767224127	0.00203909981147069	0.0164823432908457	0.00123236566608745
0.00511442527499927	0.00577937461501961	8.08451755766458e-05	0.957095200185201	0.0211266846672291	0.00823620055529986	3.67477299363074e-05	0.00231575346388218	0.000214768332856298
0.00090654646373246	0.00137132091880334	9.69598197307295e-05	0.967941691431313	0.00929802073660339	0.013998817695811	0.000415684255048751	0.0022212470436623	0.00374971163529499
0.000626445985198663	0.00267195809656324	3.85493057449209e-05	0.950042916765159	0.0169460350887291	0.0146313750309807	0.00106027935002138	0.00634231705973674	0.00764012331786647
0.000157642426530009	0.000107526945489632	7.68766577843717e-05	0.961413233914934	0.0203670237402551	0.0145638780305876	8.86701648337435e-05	0.0025059412906481	0.00071920682893794
2.3674000823494e-05	0.00808826664318635	0.0124880256774945	0.952240329878805	0.015300868226565	0.00329107135999349	0.00166175612628818	0.00682161350450277	8.43945823409898e-05
9.05606154901735e-05	0.000149928605674481	0.0021518848718186	0.959545193718357	0.012220106975116	0.015660566904121	2.28825389677147e-05	0.0100960964361741	6.27793342811893e-05
1.14992483763982e-05	0.00140840603581441	0.00597074459701147	0.954479527837103	0.00661871614806003	0.00168377678727051	0.000783310064083102	0.0290373388349077	6.68044737353182e-06
0.000284006005798931	0.00756917113310643	0.000151442775922119	0.964905181885137	0.0117154467141584	0.0144135459349128	0.000709381751433775	0.000201189394565594	5.06344049651921e-05
0.00050304317951989	0.000227077606585012	0.000170531709798941	0.9576792489754	0.0136993063560488	0.0228215562469401	0.000234949550118293	0.00420342636803906	0.000460860007549669
0.00221306190206008	0.000344653352846293	0.00354422927103398	0.958111524884053	0.00734702616980259	0.010202372773974	0.000968644294366689	0.0159949194654635	0.0012735678863995
0.00506577709195203	0.000304947257582208	0.0079484967137742	0.944980082581779	0.0111454351668279	0.00496463311258744	0.00313471399752065	0.0215785947200953	0.000877319357881287
0.011439541307797	0.00506808598761472	0.000287756937325934	0.958005171899176	0.0146568451382226	0.00941137954209783	0.000227183084271125	0.000819614827259628	8.44212762351047e-05
3.76143827445998e-05	0.0141038146051924	0.00142627482193594	0.945391278973377	0.0314728721835714	0.00216105535597424	0.00106544586504198	0.000842306207860387	0.00349933760430145
0.0014310648187364	0.00511363766791952	1.3330698498807e-05	0.952601537487742	0.0261743923919868	0.0135927391206499	0.000535724728011061	0.000401775022691364	0.000135798063764483
0.000718450819991477	0.00462564766215231	0.0066999545156382	0.937105406175907	0.0118435054749589	0.0010626567808012	0.00341451307133831	0.0345203722301452	9.49326906710594e-06
1.60978485269285e-05	0.000447208641578899	0.00248622440087688	0.947011283739928	0.0286961455288324	0.0205775999718697	0.000629007923992573	0.000106911497249171	2.95204471452975e-05
3.87357240067892e-05	0.00873787112719455	0.00197699221790844	0.957846593124019	0.0163146991586598	0.0121036706941622	0.000515879338979964	0.00239517791382182	7.03807012469979e-05
0.000132357176875017	0.00249297920276959	0.00951479591073123	0.944738323452761	0.0142938767985032	0.000609808738479151	0.00252282418563968	0.0256818504080135	1.31841262274571e-05
0.00156685463911867	0.0122827547293967	0.000421406082663953	0.961321133143911	0.014055723987285	0.00955789598086433	9.29208850445268e-05	0.000629639905400639	7.16706463149754e-05
0.000680081851759634	0.00813753406797197	0.000499313074772854	0.963260175365167	0.0114856917378176	0.0133539750102573	0.000253844068100601	0.00065731824131127	0.00167206658284178
0.000838852800291691	0.0106230344529593	0.000293048564509138	0.947085039610613	0.0263114659208115	0.012508427606199	0.00137339170175091	0.000177939778237605	0.000788799564627887
4.43085920285738e-05	0.00662947913222587	6.90492399393759e-05	0.967677558088918	0.0116512464855611	0.0120662125043923	0.000260901873325596	0.000669155799499016	0.000932088284110652
4.68395624350974e-05	0.000246996407728032	0.000752669993579467	0.963024318792944	0.0068091932563899	0.0115119303037985	0.000136808341078193	0.0161576886827976	0.00131355465924934
3.18969604939657e-05	0.000121781189556625	0.000745443346184783	0.944533973604381	0.0241107764553078	0.0218202472025914	4.05741784889882e-05	0.00767016459507178	0.00092514246792332
1.99560633790713e-05	0.042080779982446	7.03169011639661e-05	0.935221964900859	0.00970715709763525	0.00979457855905819	0.00283961481242912	0.000222434009264025	4.31976737657534e-05
0.00802157158286809	0.00131565408655247	0.00112885192911929	0.960048346986649	0.0122261324466638	0.0114148540906561	0.000357376574107266	0.00315400922382918	0.00233320307955503
0.105404091989893	0.000895861492601864	0.167511387077804	0.568619831092315	0.0309102923376188	5.03106881136308e-05	0.0278773640944677	0.0319901176554885	0.0667407435716968
0.000322858706869487	0.00112115644924235	3.54081497185511e-05	0.955452738205667	0.014536601834439	0.0205000767057612	0.000734378980021744	0.000788023460745861	0.00650875750753459
0.000637046240652966	0.00865032996217174	0.000177387962694204	0.962500435057961	0.021542892476494	0.00499525638522306	5.90240836716037e-05	0.00135196106485472	8.56667662771413e-05
0.000546883240651063	0.00186750350678984	0.00021036958776793	0.943817839929401	0.0231737493838053	0.0293669255710215	0.000165524929726657	0.000819107570730098	3.20962801063615e-05
0.00283873689854057	0.0102479743967276	4.10721266260828e-05	0.961583783801052	0.0163491872541599	0.00816168280902221	0.000538526589453477	0.000146457160064588	9.25789643539389e-05
0.000327242863608965	0.00262717602421274	0.00518387073225167	0.967794517723453	0.012556920914867	0.00509536519374094	0.000592663356572335	0.00410059877175863	0.00172164441953485
0.000530569361268014	0.0024542308864213	3.61516564308828e-05	0.955093255390498	0.0146948576110406	0.0199389015436425	0.000656280774031302	0.000344404609319433	0.00625134816734825
0.00146499341329077	0.000100960121175507	0.00332563944323204	0.949170947804274	0.0203160734150802	0.0180512342320188	0.000343006603366113	0.00616591598114368	0.00106122898641923
0.000869193215720056	0.0150784849490482	0.00126081089362485	0.963173470231722	0.011315658132421	0.00106924285907227	0.000650036280723927	0.00611850219690111	0.000464601240766673
4.02156792614935e-05	0.00605096294080888	0.000582453160393222	0.95307594948674	0.0220163142658635	0.0152073460035074	0.000782950216766816	0.00209420241869042	0.000149605827968729
5.83255222214052e-05	0.000524640389632183	0.00069062524336733	0.957433636346998	0.0253248526265565	0.00408024682937595	0.00052214848229421	0.0112501240385553	0.000115400520999231
0.000705238858716131	0.00193170350261343	0.00141288779551344	0.959811320832577	0.0128810654056255	0.00879224165283898	0.000594355397581361	0.0115855390527043	0.00228564750182978
0.00142366812355171	0.00734585570708532	0.00324853756048098	0.950537716802596	0.0177463094268162	0.00618894446457504	0.000394454500369591	0.0126820356130991	0.000432477801426198
0.00471672247800848	0.00895582230091454	0.00128710878555834	0.953094078634003	0.0138321825998773	0.00490729468891077	0.00132609412453292	0.00941974970782487	0.00246094668037004
0.0028374200382362	0.00179902636354341	0.000165457902830525	0.96347922521582	0.0113111460466446	0.0196840668213828	2.44138892286775e-06	0.000686609622941254	3.46065996787462e-05
6.24742692546106e-05	0.00772261820502879	2.1514231146261e-05	0.942309702299309	0.0289361067454587	0.0169411171150459	0.00027149497993313	0.00140016249714861	0.00233480965767472
0.0028707370585213	0.00167008405794074	1.38834630024919e-05	0.95268005721752	0.0164151101943326	0.0207876779699004	0.000497558632272864	0.000918075567541813	0.00414681583896764
0.000122287857511001	0.00014424193826031	0.000557972785641119	0.974425477693259	0.00590384303181033	0.0173678124937314	4.94329610152647e-05	0.000932408440885076	0.000496522797886493
2.73634625278613e-05	0.00140069971498052	0.00107213046999519	0.975066913948103	0.00919010210499323	0.00487722287606302	5.86943736420646e-05	0.00829397908258401	1.28939671116053e-05
0.000324094332241886	0.00623580129990888	9.96644710175105e-05	0.966991306179745	0.0155240544869495	0.00830078055238096	9.44890600154725e-05	0.000404959540191058	0.00202485007754946
0.000351253996829624	0.0163009611898634	0.000663164315775512	0.95852784191168	0.0140771303717792	0.0065991141099179	0.00109781210583587	0.00208387034412675	0.000298851654192202
3.54768654549294e-05	0.00187276020810714	0.000366804633088721	0.957917446546035	0.019340063172089	0.018139171974791	0.000399702018882068	0.000120970936020263	0.00180760364553181
0.00139958980623574	0.000198835828610034	4.20848067066204e-05	0.967037585384104	0.0125327002056539	0.0127333019462373	0.000154252871581746	0.00308490515144602	0.0028167439994248
0.0177243701120855	0.000428595273496638	0.000594030967665505	0.946584220327899	0.00797487803651209	0.0255855882981172	0.0006343706219072	0.000293517610858257	0.000180428751458791
0.000219522913111769	0.001174431734647	0.000586986247494248	0.957721531225298	0.014579236586368	0.0238903627507345	0.0010050947974882	0.000371766819614012	0.000451066925244399
2.74905142299275e-05	0.0173397489263306	0.000157792339751939	0.960528001372654	0.0122300481269261	0.00913842588259916	0.000440374481415499	0.000116969809395244	2.11485466970638e-05
0.000309122220213427	0.0107270026917665	6.67577528568943e-05	0.956098938711876	0.0196118546611231	0.012053131910428	0.000567519162786967	0.000186469008540009	0.000379203880408913
0.00953053589991142	0.0139106372595808	0.00172095025976905	0.958735512985762	0.0116033242760828	0.00355423152616076	0.000160961121262135	0.000743353321396591	4.04933500748038e-05
2.1967344468702e-05	0.000369707970386401	0.00012110671615973	0.945632330365827	0.0339234768020355	0.0170223229635795	0.000160424713876085	0.000225536520923509	0.00252312660274372
0.000385730843310775	0.00966769865304676	0.000433690018951035	0.955213945517203	0.0146470805698077	0.00546552476742438	0.00154049461806243	0.011298556015865	0.0013472789963291
0.000367070905621918	0.000276399157333005	0.000754037217793705	0.952160013100244	0.0218445011653561	0.0214302118897662	6.80058634043567e-05	0.00135311791002711	0.00174664279045356
2.96565304659172e-05	0.000558962538466446	0.00159903484606199	0.953456407318645	0.0226335795656631	0.0118364891078539	0.000758380336697476	0.00907764422645277	4.98455296934795e-05
0.000486885351528871	0.00664823745349089	0.00122173884892984	0.9508796104761	0.0190168661133615	0.018740066349462	0.00269720476648423	0.000274112266934045	3.52783737087235e-05
2.10198579376345e-05	0.00979359066045642	5.4874223507593e-05	0.958724789536619	0.0219069433611904	0.00808244638361351	2.19647424091739e-06	0.00137236637694537	4.17731254891529e-05
1.64502954040086e-05	0.00868977703506762	0.000125106807969364	0.957344765018943	0.0115788841798936	0.0092508822983265	0.000981656756271759	0.00742816690642491	0.00458431070169877
0.0013405238025585	0.00407809600441409	0.00112767837369279	0.958737241648126	0.0181331201107271	0.0106259226016968	0.000317761186779031	0.00556902337510857	7.0632896897119e-05
0.00771294682287938	0.000100030651319553	0.000992221811264752	0.942609727244092	0.0298548938742918	0.00783086022697229	2.88994538372894e-06	0.00907863866668651	0.00181779075710984
4.84671632682456e-05	0.000505182916439352	0.000332838234473601	0.94196434189268	0.0263603510807208	0.0250699396542389	0.000823305325722566	0.00366373773160272	0.00123183600085361
3.49628268129849e-05	0.00291659318568425	0.000158839669117945	0.958842023726902	0.0272398398863391	0.00377511572962523	0.000484723761645751	0.00635152531797764	0.000196375895895135
0.000633573440507021	0.0153384773284065	0.000257058767271567	0.956797585406593	0.0147803075819549	0.0100815592176011	0.000965305874131003	0.00111423889562324	3.1893487911865e-05
6.36973871274186e-05	0.00186732642922004	0.000105446914280167	0.961433801435044	0.0123550495025786	0.015378370442209	7.42972721598718e-06	0.00784030839285397	0.000948569769470714
0.000700087261141391	0.000388114031318406	0.000856285381296997	0.958044510173016	0.0116005904756079	0.0275255187753326	0.000130424057401154	0.000539381914249188	0.000215087930636361
3.59584092774815e-05	0.000149557533785646	0.00482884776634167	0.964690558654429	0.00692922007560256	0.00326376329424987	0.000632619868288882	0.0175479053147102	0.00192156908331536
0.00142495079288303	0.0106358114681686	0.00034301446022217	0.963604403190553	0.0178924252712675	0.00397937887893371	0.000252096715182369	0.00057909447347114	0.00128882474931864
0.00119372010204134	0.000437959504174601	0.000471086199843908	0.955673600518595	0.0175206922575401	0.0226051865391358	9.74664003511892e-06	0.00200700060937893	8.10076292545545e-05
0.00168421703296278	0.00372599646560951	2.37616321272126e-05	0.953142569038229	0.0285929145120797	0.00715811282387263	0.000351518332343474	0.00313313830011888	0.00218777186265644
0.00222297366266638	0.00757393792256585	3.9795975202701e-05	0.950105569042463	0.0182503902209856	0.0150731344847358	0.00042059695203804	0.00288196066019467	0.00343164107914754
8.73903094420085e-05	0.0172766177898882	5.67974110502595e-05	0.956956204293715	0.0131459374514687	0.00875191885577537	0.000111730581503597	0.000126453261190621	0.00348695004596612
0.00525860492866937	0.000456750360158499	0.000162689530775225	0.954501597509348	0.0170938239002962	0.0175882740196545	0.000315385717401028	0.00092921819477262	0.00369365583892447
0.000154171827659139	0.00076811034571084	0.00813295208450375	0.955706997826932	0.012469853095552	0.0119539588345771	0.00111223256647815	0.00969425277973013	7.47063885701367e-06
4.39032125175228e-05	0.000418881080986847	0.000404494530159373	0.952288060373366	0.0125787337002778	0.0271453646688916	0.000650358949551111	0.00441411450508904	0.00205608897916099
0.00109831846798648	0.00218377778540096	0.000180762860651569	0.942756230154436	0.0254999984521974	0.0253899534191422	3.06149412040503e-05	0.0028425444172538	1.77995017274937e-05
2.23385876673968e-05	0.00322491478898119	2.96189236034534e-05	0.954164050554398	0.0156255221867767	0.0173083037589581	7.88918299449345e-05	0.00950317626286562	4.31831068050421e-05
0.00130211040868614	0.00234050822561776	0.00743428308545683	0.961065578409742	0.0144612941060053	0.0103067447049467	1.8559562303225e-05	0.00304619821506728	2.47232821746452e-05
0.00109652748537381	0.000348376111876945	0.000937743024922079	0.964190011046366	0.0115264270545309	0.0103525647633451	8.90826398490302e-05	0.0108606478616659	0.00059862001206956
0.000172025955971636	0.000394775635912857	0.000143824108422373	0.955665542215373	0.0263580485270794	0.00899342334947219	1.39506396828507e-05	0.00695047205595002	0.00130793751213527
0.00128589360494638	0.0116086637822015	7.42009498755195e-05	0.943766886911087	0.0156659675653028	0.0256616730412217	0.000771327783984573	0.000286193637904145	0.000879192723476722
9.29872546069055e-05	0.000160411597660311	2.14870192146287e-05	0.954023300618617	0.0241911497995116	0.00232433567998801	0.000483570401478754	0.0179322578124795	0.000770499816443677
7.84061010857587e-05	0.000659937246734523	0.000160765462634297	0.937689671824496	0.0326236575647701	0.0240302548100014	0.00025112207904694	0.00148706020100536	0.0030191247102262
0.0151709749247178	0.000598730957783496	0.000287168706900558	0.924801338628735	0.00936877814634431	0.000156880969839913	0.00870911104277662	0.0408561256930368	5.08909298652697e-05
0.00482784712306637	0.00811880669841603	0.000261061528934626	0.956243290905763	0.0155808091912851	0.011824814625889	0.000353739641216338	0.00196637391412696	0.000823256371302038
0.0114295436438693	0.000154985687061761	0.00087443414872984	0.95846203987662	0.0122472584274739	0.0161151470196543	0.000125203693252672	0.000391566540227693	0.00019982096311078
0.000174332853539003	0.00220400063000785	0.000445279215875061	0.965795885541086	0.0118867524938063	0.017014772562404	0.000353551040735353	0.00197034804348094	0.000155077619065836
0.000264341783965769	0.00749762767202327	4.41454286658603e-05	0.963429094567698	0.016583904852885	0.00980367855995747	0.000146276773940227	5.72033914003713e-05	0.00217372696946404
0.00490324173345217	0.0125689564008547	7.62767670474159e-05	0.960338127404732	0.015329472846055	0.000742756421356945	0.000985163403145665	0.00337811449351055	0.0016778905298452
0.000755941062450236	0.000472844943676205	0.00134811538638516	0.961321741583256	0.00794374638433568	0.00499962586182828	0.000118296093876558	0.022987187714	5.25009701915018e-05
0.000227328503229277	0.000248348546594644	0.000221570798526585	0.964293705223329	0.0171431587701175	0.00753853211021278	0.000797114178871287	0.00809742692606683	0.00143281494305244
0.00130094162895995	0.00403086147210104	8.99595277021294e-05	0.961936415010035	0.0192894292780128	0.00801153058375181	0.00028611155049967	0.00489714275767165	0.00015760819126625
7.73016246060607e-05	0.00751650441077748	3.54601434908596e-05	0.960073461703604	0.0192044708546756	0.0102896084018147	0.000627609088999446	0.000356166274667977	0.00181941749736343
0.00288369548521933	0.000168489101696038	0.00169920751812892	0.961102305205175	0.014441392128267	0.00514423076833508	4.8596389400541e-06	0.014467411841057	8.84083131819919e-05
4.50654389495915e-05	0.0285852106137964	3.27717997067399e-05	0.948386538834973	0.00812152666870152	0.0131783191380167	0.000485155336075469	0.000255562106656432	0.000909850063124365
0.00249744168128316	0.0111100840881972	0.000135152580372191	0.963226669711707	0.0126007259903624	0.00921037124855261	7.97056430552876e-05	0.000153951753415729	0.00098589730305406
0.00127314928249413	0.0145961672563238	0.000129184288985183	0.956672227537629	0.01414908854131	0.0113915963180925	0.000610440748504337	0.000971281226577284	0.000206864800083727
0.0018669160803133	0.000602078334197656	0.00191748426382889	0.962072526518825	0.0118308887404277	0.0212097942476774	0.000270076212620747	0.000174978722224301	5.52568798852855e-05
0.00334405945076188	0.00125705867819662	0.00210094787073973	0.956524724131681	0.0106554571495132	0.00744162459244152	0.000202572429497481	0.016698071127254	0.00177548456991475
0.00266853691158321	0.00620231761332084	0.000525548187601727	0.953954824904817	0.0170589397086977	0.0164345054955374	4.45062914768351e-06	0.00042898608251814	0.00272189046677651
5.05780306716653e-05	0.0179184918367937	0.000358782075558857	0.959109834527363	0.0111184044109391	0.00666641922450515	0.00110900782048833	0.000423541889153277	0.00324494018452715
1.68490561280379e-05	0.0332039032239733	0.000104645070686366	0.937293506356647	0.0184370736639262	0.00819374627376232	0.00221313463729978	0.000517916999348039	1.92247182290521e-05
4.24648161786066e-05	0.00166606454664327	0.000127106996390627	0.968898864666508	0.00887198918435968	0.0196769828238984	0.000163721970209683	0.000505430617292852	4.7374378519323e-05
0.0001810563481034	0.00245918912598364	6.47024009842263e-05	0.964226824221647	0.0196301612196355	0.0126849862595623	0.000460141219866109	0.000255320263391878	3.76189408256114e-05
0.00160420103053704	0.00238882406956502	0.0105141620215331	0.942372832769782	0.0114060773147634	0.00397986678547862	0.00477706246130451	0.0207287694253721	0.00222820412166393
0.000453562739922828	0.000113038054105294	0.00115302144943856	0.960877300148293	0.0145928400629303	0.0219618163835274	3.38318949337419e-05	0.000805200522385324	9.3887444636034e-06
7.12376578299155e-05	0.00698848476504867	0.000243953901738703	0.966052181799855	0.012556213375777	0.0126828187725297	0.000213796588941223	0.000454697639714749	0.00073661549856511
0.00172890749712451	0.000302634206239084	0.000190733440576619	0.955214660344545	0.0184886876810321	0.0165645099789986	0.000197100182280935	0.0049833405384311	0.00232942613077182
0.00150363180987726	0.000462805637375383	0.0019774462730404	0.955612230592804	0.019219257815086	0.0191504213876461	0.000406515504494855	0.00160180556877788	6.58854108975499e-05
0.000219272425356746	0.0112731051108141	0.000350918166226823	0.956645853383958	0.0250380036191845	0.00375879764804325	0.000181923291364368	0.00247879213278754	5.33342222643607e-05
0.00630667260067759	0.00299302161323213	0.013204087080839	0.936966930477554	0.0225424746308952	0.000350075440791308	0.000991354956395665	0.0161747441626847	0.000470639036930614
1.4708582290973e-05	0.00515124059508519	0.00148994280761083	0.961213808738917	0.012748378070284	0.0040079511156505	0.000635553798807799	0.0143091222753433	0.000429294016010505
0.00906478955555592	0.00539882314286174	2.67751732804694e-05	0.945182522719804	0.0171311446407783	0.0183395940707471	0.000177840843333256	0.000467036380240458	0.00421147347339891
5.52730681093536e-05	0.0190327788350896	0.000779350986468002	0.958858081729747	0.00937480923759519	0.00962600727213972	0.00149658335960373	0.000536176630003797	0.000240938881244167
0.000522206143343745	0.0147658448484508	0.000266155399407069	0.964221854149469	0.00617999710233609	0.0114591153182901	0.000521460189041487	0.00118931329490369	0.000874053554758079
0.000413386985205016	0.000658276605710305	0.00097186704649202	0.953364485655137	0.0113362366632897	0.0211164987513355	1.97053263293676e-05	0.000146266691502433	0.011973276274999
0.00551748025213154	0.000143292209927519	0.00108467849524815	0.942510358477107	0.0230180148645584	0.0172522657599494	0.00191596300180296	0.00801210040643075	0.000545846532844331
0.000299335469623619	0.000209971433947388	0.000483802184079273	0.943253119311946	0.0348408123642106	0.0194551894101535	0.000625241856658914	0.000800024555175629	3.25034142046455e-05
0.000491414435016085	0.00124953398302248	2.91715163741247e-05	0.977525244090384	0.00753192773114438	0.0122133765569291	0.00014368353013533	0.000684286027094597	0.000131362129899475
8.21817666968165e-05	0.00038136541026093	0.0001931782810274	0.957909119028381	0.0141226923749776	0.023410244903313	6.4757926161549e-06	0.000361853129276004	0.00353288931345052
0.00047442073484565	0.00106137658878083	0.00175853506993486	0.947513537191312	0.0232083263168213	0.01613224196027	0.000911178014189597	0.00881331668390267	0.000127067439943025
0.00132607745049603	0.00335143211832517	0.00145437884266551	0.945380897658807	0.017170176854201	0.015574260863606	0.000268441841752453	0.00108633700642712	0.0143879973637204
4.27895660224734e-05	0.000436095668363754	0.00109316503896251	0.958589648707565	0.0131989813236808	0.00659414322501593	0.000196313430059002	0.0198082853482966	4.05776920344726e-05
0.00231091796407618	0.014763856350157	0.000816797474783402	0.956568147630795	0.013986189280202	0.00967604402465215	0.00130761302977167	0.000257984089606039	0.000312450155956423
0.00251454684415894	0.00728219003861476	0.00437016991393946	0.974328672852623	0.00972629667565891	0.000859114338992502	0.000480561415237767	0.000421667023524167	1.67808972505454e-05
0.00610338717999497	0.000268387992928	3.40606220032259e-05	0.949602729743978	0.0262051735249146	0.0152930496102883	7.0536138433809e-05	0.00195015031736349	0.000472524870095176
9.09930602142802e-05	0.000339013922450321	0.00295651429422222	0.947347795511058	0.0287113195327807	0.00234130068666192	0.00044257442417901	0.0177071368032149	6.3351765218223e-05
4.1943439826058e-05	0.00051663780067463	0.000125836484265379	0.963015252454217	0.0150283672331427	0.000640778101948025	6.78603749160619e-06	0.0201218521620338	0.000502546286400511
0.0019304437021929	0.000121125518504592	0.00490350434105674	0.943401370152463	0.0133732542040028	0.00270004137104469	1.69947196110615e-05	0.0255268614987646	0.00802640449235985
5.87791391959971e-05	0.00369260266163502	0.000122268809284081	0.966249908036492	0.0140770375479535	0.014455691969261	0.00100420997631975	0.000177114335272203	0.000162387524586126
2.21145357455679e-05	0.00201901522608885	0.00199321237349814	0.952461105408187	0.0160863306852668	0.00499588834668826	0.00103259718160272	0.0199267177633008	0.00146301847962171
0.00262009548752097	0.0103430733326186	0.00145977832835971	0.959423528045832	0.015626896375868	0.00806784810551328	0.000110306554397553	0.00132507586045606	0.00102339790943353
0.000344117529267145	9.14545511042209e-05	0.00157679072486889	0.946192876276165	0.0262889569927048	0.0134262090419882	0.00282592138246947	0.00517853506251061	0.00407513843892196
4.20298734045709e-05	0.00632286591383958	0.000196290537254794	0.957763121235211	0.0135121707214114	0.0159221973699275	0.000868452474433319	0.000341717839348074	0.0050311540351695
0.00200406173733858	0.00098546316336897	0.000125821134487671	0.962030075524865	0.00955153315139481	0.02089043329873	0.000805603803003264	0.00252655582878233	0.00108045235802914
1.12542893734753e-05	0.000233865636591057	0.00232015085320111	0.967933632617873	0.0112250279530297	0.00122300041151058	6.04617647839068e-05	0.0169812776519694	1.13288216681199e-05
0.00107696239072185	0.0184038839745749	0.000175503310642719	0.957259886580596	0.00784465248476167	0.0120604164304643	0.000259501274040752	0.000330372606748377	0.00258882094744914
0.00190632235731722	0.012807803889924	1.72519632136457e-05	0.949866179337125	0.0132647903740137	0.0201379276156884	0.000637393714885412	0.00124107542009191	0.000121255327740427
0.00143164962173201	0.00107787450262118	0.00106378738621045	0.96349114673463	0.0115216098989202	0.0172477076924863	0.000510367500904919	0.00360262970483749	5.32269576569268e-05
0.00807413554067586	0.0107070073851961	0.000184621145875641	0.952745570759406	0.0113219654521922	0.0141511549768015	0.000346983521717325	0.00243972051050872	2.88407076266315e-05
8.30250425102084e-05	0.000164588935682447	2.77539707016421e-05	0.952045438511928	0.0286923795269562	0.0152864179722237	1.00915121243143e-05	0.00362371265768191	6.65918701920162e-05
5.51726125220817e-05	0.00680474284280876	0.000153493655962449	0.972667045040175	0.0120023637752894	0.00630566467635598	5.03405006202441e-06	0.000201222742212312	0.00180526060461162
0.00709669206742056	0.00132355565612244	0.000262307067904417	0.958715814055513	0.0103232983767059	0.0185415891339551	0.000244316561043454	0.00207924570643865	0.00141318137489679
0.000766025856451715	0.000107414088397034	0.00378304177436402	0.964104862847246	0.0105976596774161	0.0153968228685389	0.000465545802390802	0.00440527023310287	0.000373356852092035
0.000370194827608862	0.00062273756806622	0.000794397338263563	0.966958679971051	0.0146014985737443	0.0150127145397182	0.000267930602703701	0.00132149038428378	5.03561945600951e-05
7.88368278899641e-05	0.00765805883968982	0.000184494844485809	0.9635994537192	0.0114787427938704	0.0159125834189703	7.33959000108772e-05	0.000528273114472697	0.000486160541410055
4.48466494223989e-05	0.000178221255937141	9.36551487743761e-06	0.958060655195653	0.015212199857393	0.0229588915588164	0.000374700684748027	0.000137845268724	0.00302327401442837
0.00819969200359391	0.00010242375972999	0.000331327054594431	0.957805658322057	0.00968738895770757	0.0230707143129777	4.09998234882702e-05	0.000713487351259014	4.83084145920314e-05
9.44824230725772e-05	0.0018268397104194	0.000880354996334323	0.974324700350128	0.0136701234487158	0.0067015160225273	0.000164396440014267	0.00197219661051895	0.000365389998269441
0.000151215140236366	0.000634136899404272	0.00277099638689223	0.955664897557689	0.0222326010818273	0.00689308301063573	0.000280352564496628	0.0113301858698194	4.25314889989076e-05
2.65377161438248e-05	9.44485052663584e-05	0.00783083347011564	0.968054404084166	0.00864353064611807	0.00932430404423405	0.0014006459814925	0.00458290029972486	4.23952527382231e-05
0.00219987737843905	0.00213534092368418	0.000993588929889811	0.936528095976818	0.0273741833659706	0.0202752952528985	0.000265875115136625	0.00516041979045691	0.00506732326670682
0.000122876615398216	0.00853897234873968	0.000193503569697617	0.962775978949688	0.0104367471472721	0.0147501472181674	0.000398435307394492	0.00271347618068299	6.98626629595522e-05
0.00119407752364846	0.000137674522477807	5.35193471193324e-05	0.963748512527101	0.00963681454021064	0.02445359353795	0.000454858794290755	6.4203865868311e-05	0.000256745341333744
2.19920663669951e-05	0.00691955433507207	0.000388282860745613	0.964709653543959	0.0113488855792508	0.00774725824497292	0.000787939420940741	0.00797423571867943	0.000102198230012252
3.57702466401293e-05	0.00132228111205766	0.00301833452016216	0.954928205157692	0.019638234733412	0.0176988627602324	0.000219136054775616	0.0030847758146206	5.43996004074522e-05
4.29456709203335e-05	0.00539643053932006	0.0017636191142856	0.964133524674187	0.0140901954579623	0.00497657732383403	0.000334169596253231	0.00901465433551662	0.000247883287721048
3.21738559313026e-05	0.0164044540006979	0.000916114624166389	0.95057429543962	0.0114357908909865	0.012611163747483	0.00113769493977217	0.00244291276340343	0.00444539973793949
