Basophils	Bcells	CapsularFibroblasts	cDC1s	cDC2s	CentralVeinEndothelialcells	Cholangiocytes	Fibroblasts	Hepatocytes	HsPCs	ILC1s	Kupffercells	LSECs	LymphaticEndothelialcells	Mesothelialcells	MigcDCs	MonocytesMonocytederivedcells	Neutrophils	NKcells	pDCs	PortalVeinEndothelialcells	Stellatecells	Tcells
7.92670481314959e-05	0.00251528245882495	3.48670448353272e-05	3.48670448355127e-05	3.48670448377742e-05	3.48670448366648e-05	0.00108585958527366	3.48670448455396e-05	0.869598298830703	0.0064201654302712	0.00155066734272474	0.0649304516311435	0.0421462154730308	3.48670448366617e-05	0.000313501481464555	0.00227354478642948	0.00413761617587143	3.48670448421557e-05	3.48670448343047e-05	3.48670448366649e-05	3.48670448366664e-05	0.00456559226291671	3.48670448366667e-05
3.52472898030509e-05	3.52472897816278e-05	3.52472897882315e-05	0.00471812152511252	0.00330333934827285	0.008770349507969	3.52472897899343e-05	0.000231453844798439	0.867944484796929	3.52472897899343e-05	3.52472897926595e-05	0.0688207463653467	0.0364796604697659	3.5247289793137e-05	3.52472897899323e-05	3.5247289789934e-05	3.52472897921844e-05	3.52472896765802e-05	3.52472897920729e-05	3.52472897899328e-05	3.5247289789797e-05	0.0062887786922481	0.00294960339259807
0.000146555901280026	3.67526463118273e-05	3.67526463199349e-05	0.00165051457666538	3.67526462940127e-05	0.00383544008191899	0.0150697390168085	0.000230660360017694	0.874390238384495	0.0106170443243804	3.67526463199328e-05	0.0623761669205112	0.0166904105953109	0.00176379601574576	0.00557046572301077	3.67526463199338e-05	3.67526463248923e-05	3.67526462730088e-05	3.67526463259088e-05	0.00156121838845705	0.00368767310559101	0.00207930278899989	3.67526463183442e-05
3.68805904922259e-05	3.68805905068716e-05	3.68805905124966e-05	0.00103584901814081	3.68805904933739e-05	3.68805905112648e-05	0.00504069700937944	3.68805905130071e-05	0.89508599812266	0.00280635699879763	3.68805905112627e-05	0.064613796402949	0.0197746036598087	3.68805905460966e-05	3.68805905112651e-05	0.00273229519517171	0.00082114150221269	0.000447877993766587	3.6880590519216e-05	3.68805905112658e-05	0.00418989012360987	0.00300892688735463	3.68805905201354e-05
3.60660322943314e-05	3.60660323087674e-05	0.00242030943012358	3.6066032290876e-05	3.60660322541568e-05	3.60660322967646e-05	0.00352331921153132	0.00650630721268167	0.842010940389949	0.00759653738004681	0.000560034698469735	0.0806777365398321	0.0357416355982738	3.60660322979515e-05	3.60660322967638e-05	0.000849353423678425	0.000875803071731048	3.60660321071982e-05	3.60660323084189e-05	3.60660322967644e-05	0.00701957745682433	0.00548779903804283	0.00636998622606355
3.49423812495487e-05	0.00136584728613727	0.00259242958023138	0.0210776726424105	0.000200903747393571	0.00192525021424215	0.00245444677647678	0.00981419858475337	0.844605494954128	3.49423812509891e-05	3.4942381250973e-05	0.0480619600166947	0.0504891635599183	3.49423812495511e-05	3.49423812509888e-05	3.49423812510546e-05	0.0029798708329464	3.49423810992264e-05	3.49423812610262e-05	3.49423812507947e-05	3.49423812508581e-05	0.0140483956110495	3.4942381252732e-05
3.5475181616417e-05	0.000760258228227617	3.5475181609212e-05	0.00492228408823747	3.54751816090832e-05	0.00892365471414033	0.000664823143352126	0.00328774367302227	0.893220650619981	3.54751816092105e-05	3.54751816092106e-05	0.0517440526119946	0.019489850605906	0.00190890673754348	0.000863045787561979	3.54751816092118e-05	3.54751816134254e-05	3.54751814091798e-05	3.54751815871043e-05	3.54751816092118e-05	3.54751816092124e-05	0.00672230125330901	0.00710220153923357
0.000760758100080946	3.57711727769888e-05	0.00117288024442121	0.0123584509573761	0.000312791307149802	0.00138391479027389	3.83672665872938e-05	0.00307912212866598	0.881937062445575	3.57711727254573e-05	3.57711727254356e-05	0.0400301699565402	0.03869891124046	3.57711727261788e-05	0.00537763571687867	0.00119612231204077	3.57711727428372e-05	3.57711727141764e-05	3.57711726894129e-05	3.5771172725459e-05	0.00327805463122695	0.0100460814484033	4.3508072493194e-05
3.59058670090682e-05	3.59058670014367e-05	3.5905867005179e-05	0.00148250550178521	3.59058670201652e-05	0.0114494354117961	3.59058670109576e-05	0.0022121556147106	0.862385448910524	3.59058670109571e-05	3.59058670109601e-05	0.075180777238919	0.0297287551152319	3.59058670109924e-05	3.59058670109571e-05	0.00670495250783604	0.00234829592781633	3.59058670212829e-05	3.59058670343696e-05	3.59058670109582e-05	0.00227673470084612	0.00576416279936446	3.59058670127495e-05
2.47783757818253e-05	2.47783757728199e-05	2.47783757813713e-05	0.013715004756472	2.47783757854138e-05	2.47783757831934e-05	2.47783757829351e-05	2.47783757831878e-05	0.883094657320567	0.00395577012923588	2.47783757831948e-05	0.0514998416518319	0.0347039752820711	2.47783757937302e-05	2.4778375783189e-05	0.0018212635939135	2.47783757865425e-05	2.47783759646812e-05	2.47783757808139e-05	2.47783757831881e-05	2.47783757818782e-05	0.0108130332531677	2.47783758131428e-05
3.54634973491801e-05	0.00206678364367842	0.00216161401309218	0.00742463627869667	0.00191432764136664	3.54634973661394e-05	0.0374211053484544	0.0252179780992377	0.806985444254548	0.0143741891102573	3.54634973661373e-05	0.0318989500602656	0.0202803120951667	0.0122391454112721	0.00818095541495269	0.00117346400905855	0.000537121581881267	3.54634973622146e-05	0.000323535527228279	0.000311193684325391	0.0181666068771939	0.0091453194625127	3.54634973679399e-05
0.000406618017455063	0.0218645014814057	3.36607003410068e-05	0.00368747795393085	3.36607003808305e-05	0.0403882516407786	3.36607003413722e-05	3.3660700347023e-05	0.842846624511301	0.00392612907852371	3.36607003413863e-05	0.036564177636725	0.0268393789673424	3.36607003439543e-05	0.00314693789602772	0.00817953819280112	0.000755827654368401	3.36607003499919e-05	3.3660700342784e-05	3.3660700341372e-05	3.3660700341895e-05	0.0110242692655261	3.36607003430486e-05
0.00179546591423271	0.00942535724277342	3.46298223312403e-05	0.00480674372496974	3.46298223223707e-05	3.462982233124e-05	3.46298223308915e-05	3.46298223309636e-05	0.815608045925343	3.46298223312406e-05	3.46298223312409e-05	0.0740734283594856	0.0446626960414523	3.46298223331158e-05	3.46298223312424e-05	0.00422453144378189	0.00239996951544711	0.000507670436870841	0.00215765324963805	3.46298223312396e-05	3.4629822331248e-05	0.0239416998476308	0.0160158102527386
0.00326830373195221	0.0107342693434821	0.00255391559408294	0.00385052162740465	3.63160732946038e-05	0.00123789894840341	0.00602778904328114	0.00222906537768245	0.860520245057278	0.000340587371143137	0.00109344689574064	0.0630634333055453	0.029631432536452	3.63160732951901e-05	0.0053895891613456	3.6316073294605e-05	3.63160732986815e-05	3.63160729736106e-05	3.63160732789533e-05	3.63160732946052e-05	0.00648067965182137	0.00328829376835824	3.63160732964167e-05
3.48240130158694e-05	0.0104908405180837	3.48240129867076e-05	0.00967147340383754	3.48240129887057e-05	3.48240129887139e-05	0.00456501047981075	3.4824013004103e-05	0.870522410091227	3.4824012988714e-05	3.48240129894865e-05	0.045863867618718	0.0424487320864402	3.4824012988334e-05	3.4824012988714e-05	3.48240129887145e-05	3.48240129819806e-05	3.4824012997939e-05	3.48240129788282e-05	3.48240129887144e-05	0.00784109525722931	0.00807421034978738	3.48240129904522e-05
3.57648498497374e-05	3.57648498950551e-05	3.57648498429213e-05	0.0113450654748344	3.57648498429207e-05	3.57648498429185e-05	3.57648498429204e-05	0.00137539745609458	0.870876630936649	3.57648498429203e-05	3.57648498410655e-05	0.0435450737480507	0.043792955992494	3.57648499118126e-05	3.57648498429214e-05	3.57648498429198e-05	3.57648498454861e-05	3.57648498233119e-05	3.57648498393444e-05	0.0107805989043533	0.00502568228900397	0.0127221224507851	3.57648498288554e-05
3.6647381678723e-05	0.00401093435874523	3.66473816752782e-05	0.00495729679200186	0.000173612593928686	0.00173061850769062	0.00302126714391141	3.66473816759532e-05	0.908592852490582	0.00319307950296953	3.66473816782227e-05	0.028098442388724	0.0295988882359624	0.00193058129409454	3.66473816773019e-05	0.000739035749045369	0.00441174994825664	0.000608693111830002	3.66473816609226e-05	3.66473816773004e-05	3.66473816773009e-05	0.00552416837290049	0.00311560045595644
3.48375384831591e-05	3.48375384607307e-05	0.00175800195805312	0.0137444567513772	3.48375384990338e-05	0.0139396814710691	3.48375384809093e-05	3.48375384795612e-05	0.880482611298798	3.483753848142e-05	3.48375384937084e-05	0.05835703349062	0.0181834380026042	3.48375384852927e-05	3.48375384814198e-05	5.75078457450269e-05	0.00177352978700912	3.48375384761798e-05	3.48375384573074e-05	3.48375384814198e-05	3.48375384814241e-05	0.011216013855999	3.4837538483157e-05
3.68264522341147e-05	0.00982128893614604	0.00178728163414719	0.0048680664330463	3.68264522175764e-05	0.00801650131114091	0.00291345775503352	3.68264522117913e-05	0.865757584736441	0.00603865652534923	0.00385416763944633	0.066580287493073	0.0180995583808085	3.68264522232266e-05	3.68264522186396e-05	3.68264522186398e-05	3.68264522212286e-05	3.68264522109746e-05	3.68264522446047e-05	0.000647869307244634	0.00206885583609113	0.00917815948976931	3.68264522616409e-05
0.00211657502928548	0.00382205864088142	3.55282843526964e-05	0.00673705970123266	3.55282843527019e-05	3.55282843526944e-05	0.000898293934721621	3.55282843662318e-05	0.87782862940457	0.00401872848033211	3.5528284352698e-05	0.0617194330610915	0.0348192993148596	3.55282843682871e-05	3.55282843526904e-05	3.55282843526969e-05	3.55282843604295e-05	3.55282843629983e-05	3.55282843391689e-05	3.5528284352693e-05	3.55282843547264e-05	0.00754252645205063	3.55282843544654e-05
0.000590776457002661	0.000628744970720437	0.0053617380939187	0.00255997657202661	3.43791536176316e-05	3.43791536180173e-05	0.00336151929582052	3.43791536155247e-05	0.870770998991236	0.0108144477769565	3.4379153606092e-05	0.0440725099313627	0.0551492544592614	3.43791536173544e-05	0.000540133632068892	0.00377391727859316	0.00143895105542652	3.43791536490624e-05	3.43791536225259e-05	3.43791536180146e-05	3.43791536185152e-05	0.000593239949403298	3.43791536197297e-05
3.53876140439787e-05	3.53876140467756e-05	3.53876140478486e-05	0.00203936848355406	3.53876140608333e-05	3.53876140466044e-05	3.5387614046622e-05	3.53876140443465e-05	0.857761711711361	0.00179095701690048	3.53876140466134e-05	0.0690158865635291	0.0338464506300044	3.53876140458597e-05	3.53876140466216e-05	3.53876140466198e-05	0.00596577922158175	3.53876140601534e-05	3.53876140398326e-05	3.53876140466215e-05	0.0112005377852229	0.00727788046495129	0.0106060015262257
0.000775927480705359	0.000516787850385865	3.65031846925112e-05	3.65031847021925e-05	3.65031846973372e-05	3.65031846916405e-05	0.00222783741034767	0.00482014511254999	0.862166489568227	0.0100096973522792	0.00359555408005529	0.0592376801344992	0.0392292176293276	0.000197192737126696	3.65031846916404e-05	3.6503184691641e-05	0.00462932663679151	3.65031846887508e-05	3.6503184714372e-05	3.65031846916424e-05	0.00152543089604827	0.0107036812647529	3.65031846418474e-05
0.0016446418026033	3.47250024323143e-05	3.47250024302898e-05	0.00179295094971264	3.47250024298115e-05	0.00265485988786041	3.47250024304614e-05	0.00460567746781756	0.873506205231566	3.47250024304616e-05	3.47250024304614e-05	0.0604649922297467	0.0415943474203313	3.47250024310254e-05	3.47250024304615e-05	3.47250024304627e-05	0.00615645108163205	3.47250020870889e-05	0.00191063435746149	3.47250024304625e-05	0.00335517648737304	0.00189736305511783	3.47250023845751e-05
3.48683439175153e-05	3.48683439164809e-05	0.00194828943605925	0.00504813211210959	3.48683439232648e-05	0.0193919249056664	0.000883586487037828	3.48683439170574e-05	0.855146361938082	3.48683439191383e-05	0.00126116103425356	0.0453573926494677	0.056416951156302	3.48683439191606e-05	0.000525878142953826	3.4868343919134e-05	0.00242902263207059	3.48683446308429e-05	3.48683439062675e-05	3.48683439191362e-05	3.48683439191343e-05	0.00837021678290597	0.00283753093928373
2.46997336840313e-05	2.46997336762925e-05	2.46997336781372e-05	0.00629432058534893	2.46997336869371e-05	0.0170033792831707	0.00180208595898675	2.46997336788329e-05	0.884562227858645	2.46997336781443e-05	2.46997336781323e-05	0.0412602119360588	0.0313027735240545	2.46997336777427e-05	2.46997336781385e-05	0.00427496498230679	2.46997336874485e-05	2.46997336785764e-05	2.46997336802848e-05	2.46997336781371e-05	2.46997336706283e-05	0.0131295398662388	2.46997336781363e-05
3.52889194521401e-05	0.00378651123387792	3.52889194508378e-05	0.00987891742119894	0.00317003379203657	0.00128380271010348	0.00486210996632197	3.52889194457335e-05	0.877258219494852	3.52889194529042e-05	3.52889194540553e-05	0.0303496304442978	0.0495930865555299	3.52889194461249e-05	3.52889194529041e-05	3.52889194529042e-05	3.52889194534841e-05	0.000535568866198697	3.52889194456958e-05	0.00433505026033735	3.5288919452159e-05	0.00691000641369454	0.00764888472759129
3.45563424710883e-05	0.00208085787178054	3.45563424593235e-05	0.00185704972156564	3.45563424509211e-05	0.00860625896859572	0.00284971064305013	3.45563424540402e-05	0.896401803949968	3.45563424540492e-05	3.45563424540468e-05	0.0381357602307814	0.0285935000586896	3.45563424086342e-05	3.45563424540469e-05	0.00173408074854107	0.00181456396905789	3.4556343167835e-05	3.45563424294669e-05	3.45563424540456e-05	0.00325174213477954	0.0142599955930761	3.45563424562103e-05
3.66629802371322e-05	0.00165714530062307	3.66629802552071e-05	0.0029425957627037	0.00391649832915116	0.00518717648318266	0.00585013294158089	3.66629802555786e-05	0.885590763570946	3.66629802547579e-05	3.66629802547588e-05	0.0607494106213682	0.0232327816015354	3.66629802541027e-05	3.66629802547578e-05	3.66629802547578e-05	3.66629802592917e-05	3.66629802917407e-05	3.66629802497239e-05	3.66629802547578e-05	0.00428357944594064	0.00479710110683431	0.00135285907305706
3.54183457811921e-05	0.0127362963380406	3.54183457794321e-05	0.00501479868108329	3.5418345798935e-05	0.0146052870445234	3.54183457794317e-05	3.54183457770634e-05	0.881150661668058	0.00077361279116201	3.54183457814677e-05	0.0449804780846982	0.033364240414673	3.54183457821072e-05	3.54183457794322e-05	3.54183457794339e-05	0.000822205481249729	3.54183463797936e-05	3.54183458165685e-05	3.54183457794326e-05	3.54183457793559e-05	0.00605656265490806	3.54183458095958e-05
3.48482485978026e-05	3.48482486316432e-05	3.48482486304251e-05	0.0109045385396787	3.48482486329346e-05	0.00805319016296442	3.48482486340006e-05	3.48482486209693e-05	0.890761156909872	3.48482486323046e-05	3.48482486120758e-05	0.0370588624281463	0.0392176911982344	3.48482486334859e-05	3.48482486323045e-05	0.00299341083076557	0.00220812195895145	0.000538076104447404	0.00441411839298107	3.48482486323044e-05	0.000244097280489069	0.00318855720994485	3.48482486340429e-05
3.45384970526809e-05	3.45384970509531e-05	0.00258368798983087	0.00107393657172792	3.45384970420011e-05	0.0249215408077379	0.00439508841443169	3.45384970549551e-05	0.867631540986064	3.45384970451008e-05	0.000991006244160733	0.0349770686948203	0.0465419422657217	3.45384970464878e-05	3.45384970451001e-05	0.00680956545638641	3.4538497051815e-05	3.45384966752434e-05	3.45384970533487e-05	3.45384970451009e-05	3.45384970454263e-05	0.00960418195851755	5.59786463924573e-05
3.5034649268718e-05	3.50346492834586e-05	0.00418937923078924	0.0044915381599629	3.50346492670415e-05	0.00568928237247154	3.5034649269716e-05	3.50346492375052e-05	0.890413908542436	3.50346492696902e-05	3.50346492807665e-05	0.0430638336295136	0.0329311774829231	3.5034649265961e-05	3.50346492696907e-05	0.00302651128132024	0.00545439614286231	3.50346492684618e-05	3.50346493400571e-05	0.00133791576590651	3.50346492689289e-05	0.0076504967107442	0.00133114488977992
0.000385357253201509	3.50998565399146e-05	3.50998565338978e-05	0.000835805917203571	3.50998565331334e-05	0.000662005714176549	0.0129867475658876	3.50998565241849e-05	0.85877787504111	0.0105824031138645	0.00112161703282372	0.062301964724212	0.0409489007732273	3.50998565250257e-05	3.50998565250181e-05	3.50998565250184e-05	3.50998565303102e-05	3.50998561873756e-05	3.50998565276179e-05	0.00159677770773411	3.5099856525019e-05	0.00937934687855543	3.50998565267694e-05
3.59879470984159e-05	0.0036304732519077	0.00217330765106735	3.59879471042044e-05	3.5987947084231e-05	3.59879471061984e-05	0.000781401126664136	3.59879471061984e-05	0.876582215485834	0.00894629399309004	3.59879471031714e-05	0.0431077902374435	0.0336075249212513	3.5987947106199e-05	3.59879471061972e-05	3.59879471061955e-05	0.00450962173582997	3.59879471105518e-05	3.59879470719423e-05	0.00284335648637715	3.59879471061935e-05	0.00894364768382058	0.0144425120615051
3.66271521353993e-05	3.66271520340925e-05	3.66271521111084e-05	0.00420279554999461	3.66271520544656e-05	3.66271521073565e-05	3.66271521073553e-05	3.66271521286346e-05	0.893386174147211	3.66271521073556e-05	3.66271521127845e-05	0.0503193519613115	0.0403350087118442	3.6627152127506e-05	3.66271521073549e-05	3.66271521073558e-05	3.66271521443177e-05	3.6627152113577e-05	3.6627152129377e-05	0.00337885303739859	3.66271521085341e-05	0.00769297572045656	9.88064380466101e-05
2.52303576253075e-05	2.52303576167018e-05	0.0021939181719627	0.00338123970806895	0.0184764194413088	0.0197648382987693	2.5230357616891e-05	0.00355026294064855	0.865700909833497	2.52303576168901e-05	2.52303576168953e-05	0.0362176125332141	0.0264956730538807	2.52303576448197e-05	2.52303576168916e-05	2.52303576168927e-05	2.52303576103112e-05	2.5230357453239e-05	2.52303576174721e-05	2.52303576168979e-05	2.52303576168861e-05	0.0107239077352606	0.0131672236345027
3.66038290189172e-05	3.66038290088623e-05	3.66038289993816e-05	0.00934430388731283	3.66038289993821e-05	3.66038289993814e-05	0.0227920865963318	0.00567712630321183	0.866263295459358	3.66038289993816e-05	3.66038289993878e-05	0.0479144566732359	0.0356722084557471	3.66038289992336e-05	0.00529403153785594	3.66038289993815e-05	3.66038289992704e-05	3.66038290116658e-05	3.66038289842056e-05	3.66038289993817e-05	0.000137398221885741	0.00562467446327021	0.000804568624772472
3.68023974750132e-05	0.00161530857950053	3.68023974820886e-05	0.00251824716070182	3.68023975266034e-05	0.0011060522847679	3.68023974820893e-05	0.00212459208386041	0.879317736193404	0.000767254164822944	0.000673971110339506	0.0538987457880558	0.0388990153023417	3.68023974820888e-05	0.00444152440503788	3.68023974820899e-05	0.00313261725557857	3.68023974932527e-05	3.68023974882586e-05	0.00484642640136862	0.00141127221361392	0.00491601547915488	3.68023975401465e-05
0.000352125596658067	0.000424254228145262	0.0228770768301211	0.0312125113403045	0.0209100908983686	0.00500830751466994	0.0589317543656975	0.0581103269903007	0.70516858122134	3.77551144620347e-05	0.00233789465509686	0.0388470647495241	0.0155268406019335	0.0217728096005571	0.00444836771438784	0.0020871454775807	0.0109266891476189	3.41097031836374e-05	3.41097031823887e-05	3.41097031803106e-05	0.000849855437322551	3.4109703182079e-05	3.41097031820125e-05
0.000103753409564941	0.00291861334936799	0.00394004625399829	0.00299335609233697	3.45515390069347e-05	0.0152499896040438	0.00122596617358038	0.000466786988060761	0.884314934192093	3.45515389731034e-05	3.45515389731034e-05	0.0516881922436159	0.0299500639204125	3.4551538972778e-05	0.000846011683739965	3.45515389731049e-05	3.45515389840875e-05	3.45515389799187e-05	0.00136520081037393	0.00101167268967263	3.45515389731253e-05	0.00361444873832819	3.45515389748289e-05
0.00122960329860862	3.64053505465109e-05	0.000447580453187546	3.64053505870415e-05	3.6405350627559e-05	0.00176788948559268	0.0034545766871602	3.64053505671268e-05	0.904606528431294	3.64053505810715e-05	3.64053505779646e-05	0.0386394927673476	0.0369672442310245	3.64053505831884e-05	3.64053505810713e-05	0.0035736574570436	0.000818373035466454	3.64053505955572e-05	0.00132572289071668	0.00267397908515038	3.64053505805036e-05	0.00409489332101685	3.64053505625919e-05
0.000388675663052329	3.49162202223882e-05	0.00188827196428122	3.4916220215083e-05	3.49162202007262e-05	3.49162202037437e-05	0.00205042504304282	3.49162202014535e-05	0.911887516090229	3.49162202037441e-05	3.49162202077466e-05	0.0246122881458517	0.047734378496055	3.49162201988176e-05	3.49162202037442e-05	0.00172621526958024	0.00352266321594701	0.000506194110212343	0.00246191931981315	3.49162202037442e-05	3.49162202037438e-05	0.00280245803938442	3.49162202859124e-05
3.5772906369967e-05	0.00256891731310253	0.0050409648869075	0.00143506455781224	3.5772906369945e-05	0.0198311145140052	0.00158627337917036	3.57729063735899e-05	0.878948374968548	0.00401400664315144	3.5772906369908e-05	0.0414669331353174	0.020085605085642	3.57729063683678e-05	0.00110097182422086	3.57729063699183e-05	0.00965093333581792	3.57729063727911e-05	3.57729063681889e-05	3.57729063699186e-05	3.57729063689114e-05	0.00708478797573177	0.00682832331687118
3.49962735323604e-05	3.4996273519215e-05	0.000766582519767928	3.49962735256702e-05	0.00942951767165627	0.0367970404572076	3.49962735245923e-05	0.00498432356700836	0.892212862928011	3.4996273524592e-05	3.49962735246021e-05	0.0350945267817773	3.49962735245652e-05	3.49962735263295e-05	3.49962735245924e-05	0.000312611495548284	0.00912070761083096	0.000904905042144693	3.49962735181878e-05	3.49962735245926e-05	3.49962735249152e-05	0.00961487835307976	0.000342088290673846
0.000297338196290589	0.00704854839243083	0.00389314380757293	0.0114978375890115	0.00318812514575549	0.0242939025822758	0.063093355360038	0.0427458459699743	0.715527808098445	0.0178468768479953	3.35769766727547e-05	0.0488788037597136	0.00580000671037043	3.35769766722624e-05	3.35769766722604e-05	0.00142621091820846	3.35769766684021e-05	3.35769766719633e-05	3.3576976672823e-05	3.35769766722591e-05	0.0460379213670905	0.0081556594414509	3.35769766739338e-05
0.000624239538207551	0.000131554343671809	0.0031124738972411	3.48863664812317e-05	0.0168761531820099	0.0131954223001831	3.48863664844782e-05	0.00644849033877217	0.827513990989663	3.48863664844781e-05	3.48863664844784e-05	0.0634755813394473	0.0466456555583755	3.48863664777955e-05	0.00151088261224809	0.0031533929117513	0.00527975322140489	0.000448823727442364	3.48863664697442e-05	3.48863664844792e-05	3.48863664837168e-05	0.00580933462251164	0.00549516048521933
3.68078515612364e-05	3.68078514941873e-05	0.00385648254654945	3.68078515423158e-05	3.68078515293188e-05	3.6807851529414e-05	0.00972783763447282	0.00157470862017718	0.889362838975705	0.00347016041037634	3.68078515423898e-05	0.0465110851501936	0.0237408536397558	3.68078515285186e-05	3.68078515294152e-05	3.68078515294133e-05	3.68078515332205e-05	3.68078522593941e-05	0.00663440627405577	0.0086038844675596	0.00252390421272394	0.00320319012173242	0.000385761579119132
0.00182108990572278	0.00305371873222222	0.00443817434392204	3.49764455148899e-05	0.000954227822191668	0.0235486559175043	3.49764455070217e-05	0.00515669737580084	0.905368534239582	3.49764455070222e-05	3.49764455070209e-05	0.034089153576943	0.0136576448723136	0.00170094723785068	3.49764455070224e-05	0.00267695902744246	3.49764455091002e-05	3.49764454867313e-05	3.49764454715674e-05	3.49764455070212e-05	3.49764455066174e-05	0.00314945604797171	3.49764455087711e-05
3.49849334207973e-05	3.4984933435545e-05	0.00827717306460695	0.0159381596372671	0.00169105350416505	3.49849334212768e-05	0.0232268824120905	0.0243435992788594	0.816090755104786	0.00998627572554087	3.49849334212929e-05	0.032186163034898	0.0310269094383251	0.0140170530925662	0.00103312186782009	3.49849334212775e-05	0.00141882049109281	3.49849334147696e-05	3.49849334111816e-05	3.49849334212776e-05	0.0204141840137702	3.49849334212773e-05	3.49849334230204e-05
3.48478074209985e-05	0.0153409070568426	0.000956836663235095	3.48478074216773e-05	3.48478074081803e-05	0.0064104336011804	3.4847807424834e-05	3.48478074270929e-05	0.873578293613046	3.48478074248333e-05	0.000935668466819396	0.0517584550904965	0.0325539373006366	3.48478074248449e-05	0.00208883823307725	0.000764009913261696	0.00521483931731304	0.00262414461414941	0.0042815423728348	3.48478074248336e-05	3.48478074248287e-05	0.00154486085206579	0.00163360263823971
2.47077962663923e-05	2.47077962708911e-05	0.000485060876993576	2.47077962690625e-05	2.47077962686597e-05	2.47077962688024e-05	2.47077962688036e-05	0.00141950885485011	0.872779253627469	2.47077962688039e-05	2.47077962688098e-05	0.0422317775628574	0.0457569086044428	2.47077962685164e-05	2.4707796268804e-05	0.00631422259672902	0.00678122694893885	2.47077962651673e-05	2.4707796258387e-05	0.00777702633747754	0.00730490118374773	0.00882891205502954	2.47077962534031e-05
0.000167778498295993	0.00844571131776397	3.48560263664031e-05	0.0111408222515829	0.000672289645541917	0.0113960150609516	0.00108672454989174	0.000791387061626985	0.875543601190745	3.48560263667584e-05	3.4856026369792e-05	0.0347792630617462	0.0360557032162057	3.48560263694234e-05	0.000814601341574316	3.4856026366758e-05	0.000784312063716257	0.00202642700429538	3.48560264166437e-05	3.4856026366758e-05	3.48560263667853e-05	0.0077730955437416	0.00824341998133095
3.47827227055983e-05	3.47827227061785e-05	0.00510428810006667	0.0165019567066477	3.47827227086932e-05	0.014915975159617	0.00144017835239165	3.47827227220979e-05	0.885791050413606	0.00221069962009091	3.47827227069167e-05	0.0361918728952635	0.0257170202003453	3.47827227058678e-05	3.47827227111649e-05	3.47827227084401e-05	0.000545949020162163	3.47827226912782e-05	3.47827227207819e-05	3.47827227111658e-05	3.47827227112344e-05	0.00356625558465352	0.00759736127464665
0.000206591858707605	0.00398506542219054	3.29270085485043e-05	0.0193137919716514	0.00982085693859749	3.29270085485073e-05	0.0398077721607587	0.0635134200357304	0.662072517323375	0.0211719170467364	3.29270085485094e-05	0.0383183887768318	0.0266642446329085	0.0697523037560052	0.0113978228983383	0.00983612050914071	0.00653254035049323	3.29270085430542e-05	3.29270085498898e-05	3.29270085485046e-05	0.0173432302501492	3.29270085485048e-05	3.29270085501475e-05
3.560865689726e-05	0.00232101875752646	0.00423300556591474	0.00188389322355788	3.56086568945434e-05	3.56086568948997e-05	0.0303184980552022	3.56086568948941e-05	0.819091688698596	0.0011964310301484	0.0218637508525908	0.0582197103680926	0.0240725950634018	3.56086568949e-05	0.00874152647377156	0.00271719888685611	3.56086568950161e-05	3.56086568936279e-05	3.56086568949001e-05	3.56086568948996e-05	0.0116395164122302	0.00722210556539235	0.00615858313466377
3.56451967572935e-05	0.00267856985777502	3.56451967400686e-05	3.56451967423059e-05	3.56451967401893e-05	0.00589658848645283	3.56451967441581e-05	0.00286570555298042	0.862272321359726	0.00149156965424425	3.56451967441647e-05	0.0696670953610122	0.0250503765607057	3.56451967440248e-05	0.000495955456745937	3.56451967441585e-05	3.56451967448722e-05	3.56451967426348e-05	0.00176512051915837	0.00847411399702405	0.00475119955307194	0.00520302402900549	0.0090319076446539
3.69827428866344e-05	3.69827428819592e-05	3.69827428737071e-05	0.000946928810895797	3.69827428878087e-05	3.69827428825634e-05	3.69827428809089e-05	3.69827428737886e-05	0.855974977000556	0.0024405225856929	0.000909859964030912	0.0614540027681853	0.0562334646951283	0.000178127040193968	0.00178503649945869	3.69827428825608e-05	3.69827428829516e-05	3.69827428352428e-05	3.69827428943819e-05	0.000860408967577679	3.69827428825604e-05	0.0059072754993197	0.0128656032544156
0.00295407762874167	3.47142950941269e-05	0.00677900515527118	0.00182636222284506	0.00842600137109355	3.47142951110757e-05	0.00462966195351715	3.47142951092277e-05	0.864811795075727	3.47142951110751e-05	3.47142951110776e-05	0.0557569815639638	0.03685505699159	3.4714295111562e-05	0.00164765327340492	0.00243176299659343	0.00163505421373539	0.000244898646438701	3.47142951254523e-05	3.47142951110747e-05	3.47142951110755e-05	0.00796449123208106	0.00372476901900137
3.56439313699821e-05	0.00225280217886982	3.56439314096099e-05	0.0046790196236948	3.56439314108539e-05	0.00199643392690879	3.5643931412119e-05	3.564393140714e-05	0.861035163744767	3.56439314108503e-05	3.56439314114704e-05	0.0502325755380262	0.0657521816134659	3.56439314321498e-05	3.56439314108521e-05	0.00419743318999141	0.00289378578850307	0.000183036982638183	3.56439314234127e-05	3.5643931410851e-05	3.56439314107933e-05	0.00631419630482338	3.56439313913523e-05
0.00253776677752019	0.000677353124411463	3.72857850043508e-05	3.72857850044548e-05	0.00109016553104971	0.00143409271882743	0.0168960205480873	0.000747627629504485	0.843899493345591	4.42558600259952e-05	0.00135459288073871	0.0643560879595922	0.0450973756587996	3.72857850059949e-05	3.72857850064506e-05	0.00675039193916451	0.000679692448555974	3.72857850008734e-05	3.72857849922875e-05	3.72857850064502e-05	3.72857850064501e-05	0.00391989041392747	0.0102169068841768
3.55340448931299e-05	3.5534044917299e-05	3.55340449003844e-05	3.55340448988058e-05	3.55340448955402e-05	3.55340449003855e-05	0.00393463851092941	3.55340449022596e-05	0.896610169220398	3.5534044900387e-05	3.55340449003848e-05	0.0579300579661269	0.0295934050770196	3.55340449008882e-05	0.000528286539869311	3.55340449003861e-05	0.00306820526965217	3.55340448988745e-05	3.55340449046274e-05	3.55340449003866e-05	3.55340449008192e-05	0.00680454948313118	0.000997677259359238
2.53658940537057e-05	2.53658940543335e-05	2.53658940537058e-05	2.53658940627173e-05	2.53658940532991e-05	2.5365894053705e-05	0.0115000654307584	2.53658940497051e-05	0.865207497665676	0.00858234989580496	0.00489929353506423	0.0453730808583034	0.00847463101292791	2.53658940540468e-05	2.53658940537058e-05	0.00032574065691303	2.5365894054209e-05	0.00167755847007441	2.53658940681986e-05	2.53658940537059e-05	0.048543260299986	0.00508676555177176	2.5365894054972e-05
3.41250430028724e-05	3.41250429969838e-05	3.41250430011067e-05	0.001596396335979	3.41250430249394e-05	0.0504189719213306	3.41250430012549e-05	0.00292034008928532	0.847866527849845	0.00994310338589544	3.41250430012525e-05	0.0368139336732099	0.0226979547942799	3.4125043001705e-05	0.00449777288617122	3.41250430012551e-05	0.0051525153422865	0.000664617101009566	0.0083690661158269	3.41250430012543e-05	0.00481507721553404	0.00387582663912867	6.07712631857343e-05
3.45466932285802e-05	3.4546693245203e-05	3.45466932292054e-05	0.00200487049047373	0.00538557347081266	0.0158501339363489	3.45466932291906e-05	0.00110161788809217	0.850287510961964	0.00453988123266458	3.45466932291926e-05	0.0515148735812619	0.0272336024253196	3.45466932295813e-05	3.45466932291884e-05	3.45466932291898e-05	0.00473843453609189	3.4546693228756e-05	0.000894808627292493	0.00183853580285527	3.45466932291897e-05	0.0199273802157808	0.0143373098987344
3.45129989890923e-05	3.45129989732046e-05	0.000251432226442308	0.0053317509000385	0.00311837669720111	0.00630596811345358	3.45129989910487e-05	3.45129989904962e-05	0.880541753345119	3.45129989910484e-05	3.45129989910439e-05	0.0223092889593996	0.0426597720305993	0.0002000831609261	3.45129989910483e-05	0.00292016131991345	0.00190955014163207	3.45129989926083e-05	3.45129990064215e-05	0.0122800984311703	3.45129989859342e-05	0.00675903063547331	0.0150676040487296
0.00112843102710295	3.49778450615995e-05	3.49778450574153e-05	0.00294478014474317	3.49778450645876e-05	0.0126482412829794	0.00175521694596077	3.49778450711152e-05	0.881058562457199	0.000577311243378228	3.49778450685238e-05	0.0469571206329424	0.0387791924223829	3.49778450705389e-05	3.49778450652321e-05	0.00198393839127004	0.00417550571510945	3.49778450641695e-05	3.49778450912966e-05	0.0031074484201323	3.49778450652323e-05	0.00449949502105259	3.49778450669768e-05
0.000711471613296384	2.44943380524952e-05	2.44943380177826e-05	2.44943380176321e-05	2.44943380277139e-05	0.00746333429594472	2.44943380172716e-05	2.44943380185515e-05	0.891443560259178	2.44943380172717e-05	2.44943380172662e-05	0.0484743010153649	0.0362898060209219	2.44943380207586e-05	0.000843794026403651	2.44943380172716e-05	2.44943380185635e-05	2.44943376448028e-05	0.0031844478917808	2.44943380172697e-05	2.44943380172841e-05	0.0112218698071691	2.44943380184928e-05
3.68697381510118e-05	3.68697381299791e-05	0.000478679456323359	3.68697381314953e-05	3.68697381305502e-05	0.00504681596567203	0.00949590813677661	0.0040257552287687	0.851969107926169	3.68697381279303e-05	0.006968717195897	0.0610064427675042	0.0357489026333244	3.68697381339409e-05	3.68697381279303e-05	0.00139910595630287	3.68697381213344e-05	3.68697381287266e-05	0.00601352219746334	3.68697381279319e-05	3.68697381279102e-05	0.0174046056782257	3.68697381335443e-05
3.53833698885646e-05	3.53833699086015e-05	0.00358724426719095	0.00614007478684789	3.53833698696403e-05	3.53833698700711e-05	3.53833698700721e-05	0.000652873325497506	0.892347769536252	3.53833698700725e-05	3.53833698697837e-05	0.0427696780223202	0.03228627244892	3.53833698695825e-05	3.53833698700723e-05	0.00167953045350863	0.00106085208054341	3.53833698280738e-05	0.000842724434074918	3.53833698700719e-05	3.53833698703819e-05	0.00423116590171654	0.0139772143046727
2.40570134906396e-05	2.40570135013646e-05	0.00734628417679492	0.00569792269796959	2.40570134950412e-05	0.0202174110941064	2.40570134950133e-05	0.00577217728796558	0.852657157160053	2.40570134950132e-05	2.40570134970654e-05	0.0392953425570163	0.0585656155759031	2.40570134169252e-05	2.40570134950134e-05	2.40570134950132e-05	2.40570135018243e-05	2.40570139834669e-05	0.00216692054780559	2.40570134950118e-05	2.40570134949818e-05	0.00340750061811236	0.0045609271084166
2.47581179695391e-05	2.47581179804359e-05	2.47581179722921e-05	0.0018695560988139	0.00557131397710471	0.00625302936470785	2.47581179722877e-05	0.00167453515829038	0.882097172411309	2.47581179722886e-05	2.47581179722754e-05	0.037938875361753	0.0272040932508795	2.47581179828623e-05	2.47581179722875e-05	2.47581179722897e-05	0.00566488440221775	2.47581178452022e-05	2.475811796704e-05	0.00254337231489823	2.47581179722992e-05	0.0153090163412849	0.0135770539031898
3.6606828982597e-05	0.0014280347865531	0.00087754913083667	0.0141069187158024	0.00161773340796861	3.66068289857297e-05	3.66068289857344e-05	3.66068289815873e-05	0.850657293824368	3.87913250246935e-05	3.66068289857345e-05	0.0826398129145906	0.0275619465333743	3.66068289874361e-05	0.00111199856503157	0.00348976378329379	0.00237184534045038	3.66068289882882e-05	3.66068289927612e-05	3.66068289857338e-05	0.00323955508242998	0.010492688300429	3.66068289709764e-05
3.43905928891142e-05	3.43905929047584e-05	0.00345360641321014	3.43905929241712e-05	0.00922792406117465	0.00507468395320665	0.000882246440978257	0.00150643806088893	0.875054131278022	3.43905929207822e-05	3.43905929185015e-05	0.0609342610314975	0.0209354727905533	3.43905929153674e-05	3.43905929207817e-05	3.43905929207822e-05	3.43905929348321e-05	3.43905928928308e-05	3.43905929456473e-05	3.43905929207836e-05	0.00205581905192152	0.0103003594337846	0.0101623703697544
3.73523415839954e-05	0.00127833021597379	3.73523415903575e-05	0.000675671314961144	3.73523415452581e-05	0.0067784096576844	0.00335268483258705	3.73523415806296e-05	0.861005028225877	3.73523415890603e-05	3.73523415986061e-05	0.0834044428491777	0.029303651744095	3.73523415825274e-05	3.73523415890601e-05	0.0013566652890389	0.00322040505651651	3.73523415282693e-05	3.73523415870958e-05	0.000952711921057069	3.73523415870707e-05	0.00822377079410622	3.73523415638135e-05
3.51034988216138e-05	3.51034987723259e-05	0.00145249623206544	0.00973561538667672	3.51034987754213e-05	0.00848965427552288	3.51034987726919e-05	3.51034987796833e-05	0.893459939952249	3.51034987726922e-05	3.51034987720636e-05	0.039794550877209	0.0273599792310072	3.51034987772309e-05	3.51034987726956e-05	0.00119170020214394	3.51034987616919e-05	3.51034987533551e-05	3.51034987670025e-05	3.51034987726912e-05	3.5103498772743e-05	0.0102465135746458	0.00777810128563619
0.00128363155085079	0.0141639800288009	5.03403795333515e-05	0.0085138867623446	5.03403795324491e-05	5.0340379532449e-05	5.03403795317213e-05	0.00228998600264002	0.852022171722599	5.0340379532447e-05	0.00132001670691752	0.0702447437170542	0.0314364909629322	5.03403795254372e-05	0.00137407608752588	5.03403795324465e-05	5.03403795390655e-05	5.03403795374455e-05	0.00109406786562171	5.03403795324469e-05	5.03403795323761e-05	0.00921941924153364	0.00648378517631799
0.00232363359475509	0.00520710002929348	3.40864197461916e-05	0.00697802886235864	3.40864197461942e-05	3.4086419746193e-05	0.00277379822470361	0.00151634721798	0.883495030545304	3.4086419746194e-05	0.00114093347280783	0.0611588345090794	0.0297465486299403	3.40864197482933e-05	3.40864197461924e-05	3.40864197461934e-05	0.000666072190886026	0.000243650314938698	3.40864197324025e-05	3.40864197461922e-05	0.00123246356323321	0.00317669464726847	3.40864197478916e-05
3.62652697969732e-05	3.62652697890862e-05	3.62652697866453e-05	3.62652697879105e-05	3.62652697870823e-05	0.0115643519086557	0.00433647229081235	3.62652697881353e-05	0.881055771060699	3.62652697890855e-05	3.6265269789079e-05	0.0589733094287712	0.0326782623035569	3.62652697846738e-05	0.000920844840825498	3.62652697890859e-05	0.00418194048706389	3.62652697961726e-05	3.62652697894562e-05	3.62652697890847e-05	3.62652697893541e-05	0.00574506863277236	3.62652697909011e-05
3.47996811502869e-05	0.00107533343686175	3.47996811484288e-05	0.00177983922227117	0.0101082645278324	0.0151047453148087	0.00145461590821045	3.47996811484213e-05	0.870054182335963	3.47996811504029e-05	3.47996811504029e-05	0.0494103346303401	0.0386965110418211	3.47996811461479e-05	0.00377221484233846	3.4799681150403e-05	0.00241910977188122	3.47996811777669e-05	3.47996811875823e-05	3.47996811504009e-05	3.47996811504145e-05	0.00570725279379617	3.47996811644605e-05
3.53128700629289e-05	0.00688422712653835	3.53128700676872e-05	3.53128700652439e-05	0.00696525653766231	0.00512525500199404	3.53128700664395e-05	3.53128700678724e-05	0.874199395106542	3.53128700664344e-05	3.53128700664462e-05	0.0488999334058067	0.0481726727808815	3.53128700662728e-05	3.53128700664414e-05	0.00167297303878434	3.53128700805342e-05	3.53128700573022e-05	0.00319426223349877	3.53128700664375e-05	3.53128700664264e-05	0.00438135325345818	4.56042039668872e-05
0.00150757133401831	3.60414715590328e-05	3.60414715590364e-05	0.00141497751951603	3.60414715586134e-05	3.60414715590348e-05	0.00780741043402971	3.60414715852322e-05	0.848399927690318	3.60414715590361e-05	3.60414715596479e-05	0.0577361118032199	0.0491627081606929	3.60414715590354e-05	0.00404410132724607	3.6041471559036e-05	0.00947902465285388	3.60414715836474e-05	3.60414715537393e-05	3.60414715590356e-05	3.60414715590378e-05	0.0199435864762305	3.60414715608344e-05
2.52519512363108e-05	2.52519512417852e-05	2.52519512429932e-05	0.00185240943647978	2.52519512416734e-05	0.00790327061645558	0.00900727495532222	0.00214523365945576	0.880466371830691	3.0095502913221e-05	2.52519512373378e-05	0.0583345441459182	0.0387023000905404	2.52519512374396e-05	2.52519512430929e-05	2.52519512430936e-05	2.52519512444692e-05	2.52519512354619e-05	2.52519512427972e-05	2.52519512430932e-05	2.5251951243093e-05	0.00120497244484785	2.52519512434678e-05
3.47861055268087e-05	3.47861055174199e-05	0.000879399575969996	0.00426653135481988	3.4786105531259e-05	3.47861055306312e-05	3.47861055306313e-05	3.47861055062437e-05	0.902862611880772	0.00135072524791427	3.47861055318054e-05	0.0388210909544983	0.0287428740446148	3.47861055297108e-05	3.47861055306319e-05	3.47861055306326e-05	3.47861055527008e-05	3.47861053517414e-05	0.00127550755609836	3.4786105530634e-05	0.00262230052211516	0.0129001949737361	0.00582654451776048
0.00190154453482091	0.00484855426654615	2.47493505015216e-05	0.0047992313376434	0.0157669711527538	0.0377032853417287	2.47493505015216e-05	2.47493504997652e-05	0.857350683170605	0.00275553882084611	2.47493505015252e-05	0.0428872121400226	0.0269026900290312	2.47493505017357e-05	2.47493505015213e-05	2.47493505015216e-05	2.47493505104491e-05	2.47493504955428e-05	2.47493505000666e-05	2.47493505015214e-05	2.47493505015203e-05	0.00474649146630587	4.0805533677863e-05
