Bcells	CentralVeinEndothelialcells	Cholangiocytes	Hepatocytes	Kupffercells	LSECs	Mesothelialcells	PortalVeinEndothelialcells	Tcells
0.00980411062709984	0.0170948852607638	8.7316056477964e-05	0.808246472036643	0.0839894818489823	0.0305722772846629	0.0103045697670858	8.73160564801889e-05	0.039813571061804
0.00364659283399253	0.000129583703806035	0.00108751796676499	0.753049906451506	0.114891877040835	0.014482615366223	0.0241600513196688	0.0486026269994697	0.0399492283177338
0.0208936299267501	0.0306549941612028	9.06594236276763e-05	0.820922979213398	0.0711668297621725	0.000983625201823196	0.0144673272575336	0.0279797891670746	0.012840165886418
0.0386534454555273	8.72826237072162e-05	0.055234932598239	0.707010723774627	0.0428296075520355	8.72826237072166e-05	0.0561001149309014	0.0812544566657146	0.0187421537755412
0.0474715280800026	0.0373683431761932	0.00108342739450255	0.773359770827985	0.0372621927209581	0.0315304518535937	0.0255892344184557	8.48380413439887e-05	0.0462502134869648
0.0153524719404505	0.0125711377426114	8.95668275519118e-05	0.805564316421729	0.0789801258892408	0.0255029972089568	0.0123369919477525	8.95668275520603e-05	0.0495128251941549
0.0133011516328797	0.0150836208867981	8.64005892970176e-05	0.814898134785038	0.0631441759130138	0.0508513727067106	0.0243132005451593	0.004293233747856	0.0140287091932472
0.00574854015031418	0.00296384562985266	0.0001328504221461	0.799953484725902	0.0940975785895413	0.0420965145230538	0.0236235625421416	0.00967544747818697	0.0217081759388615
0.00690680202231867	0.0314873722370557	0.000127965220486957	0.773985662564949	0.0733744619990368	0.0625551817774003	0.02553826322676	0.000127965220494403	0.0258963257314981
0.000133740886623084	0.0170152911346461	0.00338757281464146	0.816293266688488	0.083035034715462	0.0122586402946806	0.000133740886623084	0.0224147612080753	0.0453279513707602
0.0307876163949421	9.28280473752009e-05	9.28280473802951e-05	0.81116662701383	0.0472627565813392	0.0289539137331293	9.28280473752013e-05	0.016712194254456	0.064838407880173
0.0159585903155858	0.0246614308856564	0.0315821306435618	0.788329112029769	0.0565907018123383	0.0167141300152432	0.0275332036671795	0.00637202829123081	0.0322586723394356
0.00280726722199829	9.35220820943635e-05	9.35220821000348e-05	0.801591823955031	0.0738205432891679	0.0435172151160601	0.0101879929604168	0.0174245923953736	0.0504635208977577
0.0772871615384076	0.0343194339868143	0.0961093016500878	0.609434536923213	0.0688909560221281	0.000115623949046119	0.0256822918892852	0.088045070091972	0.000115623949046119
0.00447107961539774	0.000345271516552874	0.0153917577376267	0.812558426545133	0.0617756310984327	0.0170293414076412	0.00901389191645326	0.0221680985380113	0.0572465016247517
0.0153704361498249	9.05197335906976e-05	9.05197335905008e-05	0.827716509159838	0.0470764494865962	0.0460607508880845	0.0151935014752752	0.0256217555450412	0.0227795578281592
0.0289497411511898	0.00232659442137851	0.0395388862477482	0.723140838795149	0.0596233611101738	0.00722473503932038	0.0134695780055457	0.0374342492085277	0.0882920160209667
0.0223181080991223	0.0156275272350819	0.0182093853915901	0.767773421466876	0.0865280896088679	0.0332572708727141	0.000134342423134625	0.00496303536493701	0.0511888195376764
9.32776887723727e-05	9.32776887723727e-05	9.327768877058e-05	0.831701636444464	0.0919423533854991	0.0242559074245403	0.0171255937736476	0.0106470547939686	0.0240476211115654
9.10455342290096e-05	9.10455342290108e-05	0.0119241244498084	0.792479602622352	0.0491251499111334	9.10455342290075e-05	9.10455342290072e-05	0.0888000685687326	0.0573068723110581
0.00565042792354349	0.0113532429842359	8.72890275885409e-05	0.863478535834177	0.0507009051520117	0.0278144788228559	0.0133201099406845	0.0167672337956517	0.0108277765192516
0.0106636502937265	0.0096448851369394	0.00013241230748925	0.819041381478014	0.0703380253622139	0.0283917394890488	0.00780193808248996	0.00641296731895543	0.0475730005311226
0.030849780766191	0.013672445791513	0.000908078412028464	0.795700275561908	0.0788038069644459	0.0268333079028391	0.0043217956452291	9.33456031138121e-05	0.0488171633527314
9.06966836639143e-05	9.0696683663916e-05	0.0140489825741242	0.781581971744071	0.0981216976863152	0.0453587792447552	0.0261967256627226	0.00561534823379875	0.0288951014868852
0.0099496713952589	9.01379484947908e-05	9.01379484895245e-05	0.84704290351969	0.0475252080161642	0.0174947037434065	0.0243821598913858	0.0227892792643055	0.0306357982728042
0.0264198933017248	0.000133110369618804	0.000133110369624958	0.749849431977347	0.117599580736568	0.0166896953647684	0.00935738187085427	0.0295334157456027	0.0502843802638915
0.038759376294859	0.000130263519221097	0.0257320063173387	0.70554502622653	0.0438070610583994	0.0283739314777964	0.0511731400153194	0.0684349494701256	0.0380442456204102
0.048764526154914	0.035276532101143	0.00292074978193002	0.784989598567962	0.068873104771061	0.000136228418444575	0.0104103725019673	0.0187109637024423	0.0299179240001363
0.0153085058186276	0.000133057994706274	0.00914477361854737	0.829843763584763	0.049098500426126	0.0156639547044566	0.00779411144426296	0.0294953589359678	0.0435179734725421
0.0176932604260755	0.0267572747166674	9.36866574540792e-05	0.812033082072623	0.049506741048315	0.0311325686170525	0.0290727285938643	9.36866574558715e-05	0.0336169712104918
0.00909567073457069	0.00151863538027708	0.00511230451743463	0.82638252182376	0.0495564960485666	0.0527790205521067	0.00565718101059536	9.04435860849851e-05	0.0498077263466036
0.0042741790916813	9.17088897268389e-05	0.00184139288901914	0.824240552940245	0.0887699492077675	0.0259480946160335	0.0083307941525621	0.0166486355444359	0.0298546926685292
0.00328510362445392	0.0168969220321744	0.00517760324185106	0.793373280879846	0.096885197520091	0.0331988237937046	0.0121857619300256	0.00847354250408508	0.0305237644737687
0.0510047041654449	0.000125940046282409	0.0218947515024141	0.732387880857134	0.0955777594044828	0.0173988072621811	0.000125940046282409	0.0560152971899905	0.0254689195257877
0.0172348409175673	0.0602507093611095	9.09097037075641e-05	0.79699134797577	0.0649820685392014	0.0138243199005821	0.007941654310936	0.0141462722229893	0.0245378770681371
0.00376030922908908	0.000136413958542441	0.0312040078973169	0.781644416310892	0.053817221755238	0.0355517399242927	0.00013641395854244	0.0169765061709008	0.0767729707951854
0.0141077636986553	9.2268438329561e-05	9.22684383345737e-05	0.831179178158342	0.0723948407676244	0.0169864031536145	0.0228974631078052	0.0150831262141403	0.0271666880231546
0.0184137285450622	0.0489509341571197	9.26506693726147e-05	0.764363612262725	0.0846101912858969	9.26506693716539e-05	9.2650669371654e-05	9.2650669371655e-05	0.0832909310717086
0.00532220660707684	0.0384223761193489	8.83198284563393e-05	0.787206174636356	0.0976524035002219	0.0323198090590216	0.0134854624201817	8.83198284508095e-05	0.0254149280008861
0.00811802935319175	0.0316528958087233	0.000135659636565533	0.778312534617747	0.0705909259599638	0.00710484839459541	0.0186785909361651	0.0335987637135393	0.0518077515795087
0.0189059720659452	0.0066497757539619	9.04175458214046e-05	0.802456081480402	0.0904970028819801	0.0666516909564115	9.04175458172123e-05	9.04175458172122e-05	0.0145682242238437
0.0370211151992144	9.0921465894371e-05	9.09214658953538e-05	0.787093852150453	0.0918948787764768	0.0479447129688556	9.09214658943718e-05	9.09214658943716e-05	0.035681755041422
9.0764556408637e-05	9.07645564086377e-05	9.07645564140125e-05	0.822642779063922	0.0847618252743242	0.0260100248060858	0.0111726994539675	0.0179524661333683	0.0371879115991008
0.0090227475410812	8.95401321199475e-05	8.9540132124939e-05	0.793992769970073	0.0707234672911261	0.0393002826320754	0.00836591054286291	0.0199063513745069	0.0585093903840299
0.0411382598479995	8.98639144512845e-05	8.98639144562273e-05	0.822161412828086	0.07389210938089	0.0376703206883007	0.016748630742916	8.98639144512847e-05	0.00811967476844971
0.0114530682609983	0.0352758329567366	9.28400823787236e-05	0.816658305517486	0.060367263197914	0.00960149439475829	0.0290413365363333	0.00275478685059917	0.0347550722027955
0.0178151648434469	0.00929491337784438	0.00013002044488546	0.794255703220355	0.071733495111729	0.0187188097315933	0.00206968401078653	0.0267159326745134	0.0592662765848464
0.00918865158704398	0.0225121864408516	0.00404389380324655	0.808734735636997	0.0883396088416396	0.00168046263462036	0.0179674835419785	0.0074997703182322	0.04003320719539
9.18824369684704e-05	0.0337047938463604	0.000620879835017292	0.809515830427522	0.058904626459792	0.0355154504754493	9.18824369684704e-05	9.18824369684712e-05	0.0614627716449542
0.000130535716764833	0.000130535716764833	0.00214857399347589	0.771916517375808	0.138491979952919	0.0276200880808467	0.000354181196733268	0.00672758388629054	0.052480004080397
0.00682948171153915	0.0149884587834224	9.02233442712403e-05	0.784298373864803	0.0817312812810685	0.0239609785465836	0.0362015473700114	9.02233442769606e-05	0.0518094317540232
0.0105492874050339	0.0029281917194886	0.00993935621064727	0.753118542899945	0.114581866206319	0.0132366644813181	0.00893919005415908	0.0393550174676432	0.047351883555446
0.0241202384013742	0.00014059574567142	0.000140595745669873	0.828080822377803	0.0714767126343636	0.0266103719916851	0.000140595745671417	0.0166891150506972	0.0326009523070645
0.00360351409372862	0.0142187394522255	0.00732737317564853	0.804193781039324	0.0996357333720913	0.0171491510120011	0.00730259099431227	0.0315437033268855	0.0150254135337829
0.0283569625698568	0.00454633353471329	8.77496318733941e-05	0.795845955407867	0.0863009413353361	0.0350418984072958	0.0246884893287849	0.0250439201523974	8.77496318754919e-05
0.0537257198526349	8.67053734041011e-05	0.000710500976699232	0.74847756222533	0.0902032218947902	0.0384536720265545	0.0154255679954318	0.0137320420902123	0.0391850075649427
0.0192528006556561	0.0283537572976165	9.16256309945521e-05	0.794099997947335	0.0874862568074243	0.0340647210715607	0.026537561218709	9.16256309976937e-05	0.010021653739706
0.0031874355397249	9.18380873960474e-05	0.000292698950970738	0.836196299489349	0.0494653125315012	0.0249023467738895	0.0177441909909073	0.0325702443545239	0.0355496332817376
0.0528954900195349	0.0214694259732894	8.89830454094794e-05	0.777159855092449	0.0995075518460048	0.044716047386584	8.8983045409679e-05	8.89830454096791e-05	0.00398468054590934
0.00494708517435262	0.0241718427941328	9.02715358404324e-05	0.869932031725526	0.0696768304455148	0.00578906044570168	9.02715358422588e-05	0.0251879948456221	0.00011461149746711
0.0242505620556882	0.0374674856871494	0.00854222503366276	0.775782602887109	0.107082089026145	9.33935065594229e-05	0.015043874289641	0.0310740956883216	0.000663671825723501
8.9953025447112e-05	0.0351204060987043	8.99530254476466e-05	0.774637003238597	0.118937320671581	0.0221407780191607	0.0149248917114984	0.000818283034964426	0.0332414111745993
0.0219232971523364	0.00419084044555657	9.42179724724738e-05	0.81396202110036	0.0703446128566919	0.0530927776384787	0.00940927871983705	9.42179724668085e-05	0.0268887361418006
0.0138285847489063	8.96643629671663e-05	0.00292060608773989	0.83954685558823	0.0818096558705284	0.024951776317128	0.0216104224466266	0.0141834490313145	0.00105898554655935
8.94601110750941e-05	8.94601110750929e-05	0.0027306804196671	0.859951611409946	0.064913816290946	0.0200072444208426	0.0263168134879637	0.0250859343178502	0.000814979430634338
0.0315842424390647	0.0492967356167266	8.89424548657511e-05	0.82747246071282	0.0312471297194818	0.00686374257155978	0.0241757049224892	0.00684456842630426	0.0224264731366884
0.000781291040376897	0.0603157056658963	8.84444706309258e-05	0.817425645219761	0.0812669215034563	8.8444470629678e-05	0.0201830231466644	8.84444706296776e-05	0.0197620800119547
0.0372469965619611	0.0274708337029387	9.42529718433529e-05	0.77019968684231	0.117491233889821	0.0187356895671936	9.42529718451563e-05	0.0085719704492025	0.020095083042884
0.0173046894541468	0.0380787263447738	0.00609638109119586	0.802229544995849	0.0635826918053723	0.0136798625844904	0.0281569357167947	0.00426869136321073	0.0266024766441665
0.0162914916885355	0.0143518448602404	9.0237462432108e-05	0.771194046127375	0.0532658257216195	0.031417975962534	0.0130966643523521	0.040200857755746	0.0600910560691652
0.0264659664672958	0.00783165876068283	0.000130440610678475	0.784083328887283	0.109412599266569	0.0358131355999506	0.0122478332269117	0.000130440610664608	0.0238845965699634
0.0354870382882994	9.21346777355623e-05	9.21346777352085e-05	0.879293608481659	0.0554235930514671	0.0103815302399609	0.00051752403093853	0.0185970438921041	0.000115392660099978
0.0264116673022089	9.07806717884028e-05	9.07806717894901e-05	0.828092883504547	0.042183140362047	0.0297105985436599	0.00551391898365842	0.0335308407913538	0.0343753891689473
0.012008951494609	0.0178212464281453	0.000136069013320844	0.796179291794106	0.0881938630778735	0.0166121802558505	0.0160009399281656	0.00552103025295383	0.0475264277549754
0.0308506380761083	0.0332085632502305	0.00258731692538919	0.801893839675579	0.0602668393565997	9.19384676219898e-05	0.0342390602704132	0.00417370153988456	0.0326881024381733
0.000130228728817162	0.0133141447311437	0.000130228728815724	0.745038985023533	0.100513340244837	0.0362979778336951	0.00765209348609946	0.0249112162575429	0.0720117849655156
0.00889048654959059	0.0431738433122108	0.000130876484157676	0.780154427981381	0.0858661136682976	0.0253125204264508	0.0141765157763668	0.000156034819658924	0.0421391809818861
0.0476597134263336	8.42029017167275e-05	8.4202901716582e-05	0.792348500640247	0.0257094735512377	0.0708289072733183	0.0170728655270571	8.42029017167266e-05	0.0461279308766558
0.0258951686099034	0.000136196006074505	0.0104585570005762	0.743674984945576	0.147079862242856	0.0217455657845304	0.000136196006074504	0.0150765066965252	0.0357969627078836
0.0103170304152748	9.01702376819072e-05	0.000452959717516223	0.822049505354726	0.0544147963956267	0.0385420876631462	0.0282767599610965	0.0109733165328555	0.0348833737220764
0.0101804096938936	0.0101787892282194	9.21458711248539e-05	0.792576429746578	0.0735691443704578	0.0341446133260851	0.0292031607226557	0.0297210180276779	0.0203342890133074
0.0134516772736201	0.0268472325802529	8.87000003381692e-05	0.751744815853052	0.0582653349208886	0.0381200024610269	0.01232099232137	0.0401477499392146	0.0590134946502365
0.0146626164436736	0.0545484006619742	8.68609371030087e-05	0.824230552682813	0.0541798049896858	0.0291561350976503	0.0229619073129237	8.68609370880737e-05	8.68609370880731e-05
0.02295071182448	0.00327015406910411	9.04379743861929e-05	0.782394259360121	0.0791078557146758	0.0371935982722688	0.0297201566973138	0.00825112926423993	0.0370216968234101
0.0096104351365792	9.38957951292138e-05	9.38957951268607e-05	0.755031844752969	0.139365115439999	0.0349302280685802	0.0185408061946937	0.0107669211825377	0.0315668576343846
0.0110039339297924	0.01132336585827	0.00354281707514217	0.834792318686723	0.0573388463169946	0.0167825182223923	0.0374752848023187	0.00013314397212088	0.0276077711362462
0.00259775138155197	0.00975250564453476	9.23061453353457e-05	0.866385809266027	0.0619424712946541	0.0133659169217071	0.0186485968103777	0.0113895243205845	0.015825118215228
0.0229171581635732	0.0295728855072471	8.86645065216615e-05	0.783073745809465	0.0571075598152145	0.0331775946872215	0.0206954526767534	0.0184834531426906	0.0348834856913127
0.0239782866968074	0.0357504889645587	8.53080237802382e-05	0.787919097935315	0.0844031438466167	0.00771684240841346	0.0412633840225733	0.00409416840085364	0.0147892797010816
0.0107221329845441	9.70188140768109e-05	0.0121412147478096	0.823647664594674	0.0615680164484477	0.0158917069732915	9.70188140768117e-05	0.0381163450653138	0.0377188815577662
0.0230403021994416	0.0291341325037852	0.00365562989335996	0.810606989780289	0.0686877535056781	0.00219305900324954	0.00653512711036372	9.43967182448153e-05	0.0560526092855877
0.0166882212020837	9.02687632866164e-05	9.02687632856237e-05	0.793976309839195	0.104842412733123	0.0453889361312339	0.0153225914135986	9.02687632866216e-05	0.0235107223909071
0.0474075522961461	0.0157380324417024	8.72748127945593e-05	0.726558002579537	0.138916945318028	0.0106874234344887	0.0250387248371925	8.72748127896482e-05	0.035478769467321
0.0217620135133899	0.000131662681902114	0.00013166268189444	0.795033340076864	0.0452696235062437	0.0511539825960509	0.00429711922146307	0.0291211107321176	0.0530994849900747
0.0507461068149281	9.26777357062953e-05	9.2677735706073e-05	0.792762276489464	0.0623184900757855	9.26777357064754e-05	0.0168817943391612	0.039737384802805	0.0372759142707371
0.00486839359927463	0.0107382202874416	0.00497108497025799	0.794583503781722	0.101232503893325	0.00957519278858635	0.000133746984056507	0.0132516319478486	0.0606457217474869
0.0194327772086878	9.05175099262592e-05	0.00108365512819058	0.834366273670952	0.0447652449621634	0.0693393339707086	0.00584976486299534	0.00316045330008354	0.0219119793862922
0.00826779358312736	0.0109101798908133	9.0358074237465e-05	0.76580450047523	0.0978199747322624	0.0531119361323644	0.0110717426963512	9.03580742320917e-05	0.0528331563413815
0.0655891284771297	0.00484468754879049	9.2393200449863e-05	0.791635441400989	0.0772509431198524	0.0314354922067101	0.0228882693869278	9.23932004490516e-05	0.00617125145870173
0.0356996490682812	0.000124843710672661	0.140090280767645	0.670005722415765	0.0323193201252517	0.00736988874572852	0.0373721112421315	0.0680559775669766	0.00896220635754856
0.015050670038787	0.0209716864028713	0.000138325012882905	0.815415885568149	0.079054755309093	0.0120624505076467	0.0106936456131563	0.000972631330266451	0.0456399502171475
0.0330050584537715	0.0330864874774277	0.000133543948337046	0.807513497124188	0.0848959119956897	0.0239648580395317	0.0120534087973377	0.00518402115539467	0.000163213008322165
0.0224758853870983	0.00818286514600397	9.2155114913781e-05	0.771289186584837	0.0875628487590631	0.02376698640316	0.0229279999880938	9.21551149160039e-05	0.0636099175019141
0.00422130328874147	0.0436219610638015	8.89663376638229e-05	0.809092820707348	0.0434277361260328	0.0124904908167686	0.0500927141268126	8.89663376605764e-05	0.0368750411951712
0.0228803973011178	0.0407532453565224	8.8112560621829e-05	0.763520896400219	0.0832303225488653	0.0353441249996218	0.0354048783490813	8.81125606165395e-05	0.0186899099233336
8.89242905847486e-05	0.0349361921380779	8.89242905856224e-05	0.780303321165601	0.0459030828315205	0.0284411403654953	0.0380281733145747	8.8924290584748e-05	0.0721213173129761
0.0113414043598008	9.03944245158253e-05	9.03944245140895e-05	0.785935912401302	0.0805356260773332	0.0290353323895224	0.00029882009839135	0.0208099985814559	0.0718621172431647
0.0333772044906838	0.00457948357996789	8.72489130983557e-05	0.821328801862144	0.0565097269060449	0.0199655884991372	0.00682251574759718	8.72489130968239e-05	0.0572421810882299
9.33527624546929e-05	9.3352762454697e-05	9.33527624523884e-05	0.780418749521415	0.0856558751117818	0.0480207107128976	0.0316040103458135	0.0148547267814121	0.0391658692393185
0.0178484562393558	0.0169610687624385	0.0469364487696306	0.772358934316638	0.0620228305499701	0.00664231926405276	9.11541344022941e-05	0.0444071296771432	0.0327316582863685
0.00396043375475115	0.00288721802826954	8.89550631671118e-05	0.856225872070345	0.0560958504902017	0.0385974773894885	8.89550631672828e-05	0.00958274921505323	0.0324724889255568
0.00882784512700734	0.0404356544705594	9.14202842118182e-05	0.820073101315464	0.0525190796906676	0.0116895862606503	0.0372352161768495	0.0120189212788982	0.0171091753956925
0.0383565713109995	0.00157468105093119	9.26421441977321e-05	0.789041110350567	0.0387610265128936	0.0182857782497667	0.0441703869143064	0.0377505105893638	0.0319672928769741
0.00159769947283561	9.39115735461066e-05	0.00756114762169176	0.856117752013091	0.0516945012518241	0.0303059007576632	0.0224387970776965	9.39115735461068e-05	0.0300963786581052
0.0454420010604145	8.97155746659273e-05	8.97155746657452e-05	0.846161059095401	0.0460009600259096	0.0373445465073336	0.00829475580476358	0.00997744447669276	0.00659980188015357
8.8100824242347e-05	8.8100824242347e-05	8.81008242475566e-05	0.825955696243328	0.0690481555284488	0.0358401020302276	8.8100824242347e-05	0.0313545346146121	0.0374491082864086
0.0119319028665488	0.0539202543651702	8.83133980319284e-05	0.798724293747029	0.0459192831301827	0.0383185250460601	0.0346330814530037	8.83133980266603e-05	0.0163760325959475
0.0316769807211444	9.00621451578985e-05	0.0131552776456135	0.770338151011792	0.0838048313713198	0.020276385313588	0.0203876793186331	0.0601741516191264	9.64808536244937e-05
0.0168916140359183	0.000134008685856225	0.000134008685862504	0.769819460541741	0.112040984114458	0.0306118247060369	0.00831922954822356	0.0230063939367419	0.0390424757451613
0.00481292691594654	0.0521167696412859	8.89368806128029e-05	0.807898266906191	0.0737507265387993	0.0146528673826547	0.0146478607895627	0.00782945914029453	0.0242021858046527
0.015246263627259	0.0001314191765025	0.00636044725629348	0.809818797889632	0.0573797615845862	0.0229874721310434	0.0187435909504089	0.0322253287345352	0.0371069186497393
0.0260440465520832	8.83513663593289e-05	8.8351366375926e-05	0.791194760759101	0.0814161615512424	0.0590600749250775	0.0115424505599862	8.8351366359324e-05	0.0304774515534148
0.0299758200889082	0.033054186969948	9.13064554446128e-05	0.758430248794368	0.115978612626288	0.0307801270315171	0.0171470970557576	0.0102147010474707	0.0043278999302984
0.0092920235301023	0.0347391955576145	8.85789939620662e-05	0.814005480328984	0.0792523149455845	8.85789939579561e-05	0.0205585244011464	0.0241300519155031	0.0178452513331449
0.027639756543017	0.043830179062405	0.00208510752218899	0.788106954865444	0.0717156223872974	0.021863351605046	0.0323779211808667	8.43740691456441e-05	0.0122967327645892
0.015743590065141	0.00930325882437883	9.30612717028101e-05	0.878808346364273	0.044497100749406	0.0146313816046063	0.0127904560632155	9.30612717125458e-05	0.0240397437855642
0.0304746871453389	9.13324946162834e-05	9.13324946211939e-05	0.769508577281498	0.0812929380385271	0.0210977249632651	0.0233580702288974	0.0200335543199867	0.0540517830332494
0.0025872874517744	0.0778440449992764	8.55240345041151e-05	0.784290704543405	0.0790332124890416	0.0234219643977224	0.0195545468729407	8.55240344990466e-05	0.0130971911768361
0.0214635615087656	0.00901059562050837	0.000128177920922398	0.823876008119744	0.0561358308591365	0.0490398709340555	0.0253438353991573	0.000659550336275326	0.0143425693014349
0.0338714674697709	0.0313522148175705	0.0010042749634284	0.788010347446195	0.101461193366304	0.0111072204936469	0.0155504215640877	0.000135297569371937	0.0175075623096247
0.0137408062505072	0.0232223925149601	0.00232609214588543	0.847890947830807	0.0668843448124461	0.000539584606468254	0.00203262494417733	0.00763184244103603	0.0357313644537125
0.0221501527268581	9.253490180589e-05	0.00440825533458397	0.81778619620403	0.0791467885250788	0.0158586053513388	0.00401669403951436	0.0105809698811898	0.0459598030356002
0.0178361959066632	0.00629029577781133	9.20159331192822e-05	0.809308094980423	0.10030364629311	0.0251475044238174	0.0097822271411275	0.00494125907051007	0.0262987604734177
0.00174906621171946	9.22807557573493e-05	9.22807557563394e-05	0.780623609891416	0.105076031517294	0.0268667728188869	0.0141703951359999	0.0191419170470595	0.0521876458661107
9.33120284157128e-05	0.0267482463982765	0.00199502925976052	0.82060319105992	0.0764665350985341	0.00614093697277518	0.00708739799551368	0.0456172144484438	0.0152481367383611
0.00312448399322856	9.33405322300947e-05	0.000931358847458705	0.827758935289339	0.0675187962077732	0.0247310076533568	9.33405322300939e-05	0.00571001112257896	0.0700387258218047
0.00478406504454417	9.1842269843007e-05	9.18422698419986e-05	0.820737382704168	0.0591733844562575	0.044941418711424	0.0253853628635421	9.18422698430033e-05	0.0447028594105367
0.000447449641862414	0.0184015179470019	8.75787033277322e-05	0.809712438835473	0.0590568033398095	0.0261109869179273	0.0251422253215998	0.00476038843354193	0.0562806108594568
8.80534467062713e-05	0.0428845867878464	8.80534467061219e-05	0.782806602756316	0.0724044395542249	0.0217261604972806	0.0120340103140993	0.00984441403521614	0.0581236791616043
0.00685688961242608	0.0433578582426905	8.55746217253719e-05	0.809152884195772	0.0858363785703932	0.0179742072662639	0.00697032831666507	0.0123107414374666	0.0174551377365972
0.0152176431845979	0.00701170885340933	0.00875739966686279	0.77462857621615	0.101791833764224	0.0422713664877476	0.0160696190913088	0.00341442817229015	0.03083742456341
0.0177589226618234	0.0214158652743419	0.00435423584184634	0.805437156484191	0.0646944815106209	0.0160675703161315	0.0107213153583568	9.37735285656674e-05	0.0594566790241227
0.0444690868707506	0.0211070754727418	9.11723049720602e-05	0.803300171700984	0.0695879824289027	0.035048840053641	0.0177261152469326	9.11723049669837e-05	0.00857838361610813
0.0149052767145388	0.0165670210871831	8.93666298712048e-05	0.807773664408404	0.064377828861518	0.0392268734703364	0.0365562845037848	8.93666298816116e-05	0.0204143176944816
8.93437766594009e-05	0.0253847629103377	8.9343776664648e-05	0.813247426577708	0.0423494003473295	0.0354029444230938	0.0343124764138721	8.93437766594014e-05	0.0490349579976751
0.0196316602349928	0.000131220735090987	0.0204291457917186	0.755690199445675	0.0964400558060941	0.0219853071767772	0.0284209950337027	0.0432302536252671	0.0140411621506819
0.0180009217862489	0.0510845671208259	8.61405713356313e-05	0.801944677034205	0.0577867683612904	0.0092843080380104	0.00757175057673576	0.0219349449847862	0.0323059215265612
0.0264662567024738	8.99715051995011e-05	0.0293486172067793	0.757810469780973	0.0450037013409333	0.00373482502510521	0.019999418755769	0.0601908781397743	0.057355861542993
0.0115468434292035	0.0795979493539417	8.80785409573641e-05	0.815850769084263	0.0499148533205576	8.80785409590508e-05	0.0370244405894769	0.00387827991593257	0.00201070722470806
0.0178060845055379	9.47056060518399e-05	9.47056060524259e-05	0.805537255102889	0.0871846125776777	0.022030731293192	0.0319581045220347	0.0255635570470555	0.00973024373950902
0.0143452236305716	0.0300246662426239	8.57741813174725e-05	0.796222062843327	0.0450238657388699	0.0255840577711174	0.0381003929303217	8.57741813127323e-05	0.0505281824805382
0.0392306372378999	0.00398930431158701	0.000123381983939734	0.74163463673945	0.11150103773233	0.0638708371147582	0.0171674074305027	0.00771066009782073	0.014772097351712
0.00364776814350583	8.96565704081788e-05	8.96565704079428e-05	0.801588550953733	0.110100982679975	0.050121368961782	8.9656570408183e-05	0.000145215353432598	0.0341271441963463
0.0113513422092151	8.6483620704169e-05	8.64836207012483e-05	0.85144499989307	0.0558508089443201	0.0359271841597979	0.0217923652580477	0.00395959182834738	0.0195007404657965
9.26763357105299e-05	9.26763357105301e-05	9.26763357084715e-05	0.794131698627344	0.0763562612902804	0.0135290242124485	9.26763357105297e-05	0.0447844937108151	0.0708278168162719
0.0249854353556889	8.92940733232659e-05	0.0335542706574606	0.789483798778999	0.0392472895309551	0.0174512787086319	0.0585047843295197	8.92940733232647e-05	0.0365945544920982
0.00205442277057466	0.000260689116689914	9.03805999687633e-05	0.860686376963615	0.0488076213559399	0.0310845426896759	9.03805999707128e-05	0.0247409214963969	0.0321846644071681
0.021497888743758	8.76670226089392e-05	8.76670226137341e-05	0.843502540205458	0.0752638930285571	0.0251706008549312	0.0219277958190209	8.76670226089385e-05	0.0123742802804434
9.08484813963035e-05	9.08484813963052e-05	0.0384168788134868	0.756545914083505	0.0635188888904947	0.000333283796698273	0.0194048775224182	0.0696432976465934	0.0519551622840112
0.0290864919501962	0.00199237817748915	0.00249822224844556	0.803743893673954	0.0757013257374043	0.0304894958216696	0.0368190680853729	0.0195653688646501	0.000103755440818134
0.0118802317753299	0.00462957432372134	0.00751142078648526	0.793677763521904	0.0971564095831524	0.0195398814563617	0.0277527361223004	0.000134171024988649	0.0377178114057566
0.0378273301778483	0.0122036653633453	0.000763870039278179	0.796684369374365	0.0622919893540144	0.0380120437285221	0.0328090658964943	9.31974580908418e-05	0.019314468608042
0.0311556950749026	0.039942507794524	8.80731915672982e-05	0.810964944987847	0.0497419222281498	0.00779717809513773	0.0272617384294047	8.80731915724414e-05	0.0329598670068943
0.00640652289323672	0.033731960380197	8.85896105301172e-05	0.770301305831828	0.0973602615156277	0.00133908054747912	0.0174035284339961	0.0147576955162856	0.0586110552708194
0.0278480913233528	0.000131470522957537	0.00115864488610807	0.750408321515286	0.126138880932986	0.0644442005634247	0.0035931835787035	0.0126863749814899	0.013590831695691
0.00013391265338178	0.0264449567336896	0.000133912653381523	0.73387084412262	0.131152446741014	0.038612505018264	0.0234036325108032	0.00013391265338178	0.0461138769134648
0.00936762121569376	0.00753226136721536	9.33821984066692e-05	0.829336796038239	0.0735657348220837	0.0332846900590034	0.0277938822757337	9.3382198409038e-05	0.0189322498252148
0.00903762050012728	9.10126313832559e-05	9.10126313812002e-05	0.774161975693261	0.108240086030714	0.0501386157458467	0.0166907864987333	0.00322146245245682	0.0383274278160959
0.00878778271839248	0.0160956776195257	8.84084185977981e-05	0.844087038348807	0.04133167478536	0.0337334064645426	0.0152633463015225	8.84084185987547e-05	0.040524256924653
0.0299542243369007	0.022468348834616	9.0864463400446e-05	0.818968433139148	0.0695725804109455	0.0430285884183326	0.00670971255159885	9.08644634014576e-05	0.00911638338165625
0.012692394430264	0.000132157034990428	0.000132157034998423	0.827214787043884	0.051217631588173	0.0419358296398615	0.0085314835241495	0.00730212730201286	0.0508414324016661
0.0223851486372702	0.0137008069751693	0.0165102302512449	0.75788836051127	0.0927757446833643	0.0367833724812792	0.0130640719453147	0.0262710066667715	0.0206212578483164
0.0169992313861634	0.00421673453474812	8.88150925654803e-05	0.812528384844068	0.0488395204998343	0.0341984513185489	0.00629578153792739	0.0295409103007546	0.0472921704853902
0.00360640094430262	0.0373518122435375	0.0289989644036797	0.781325555259077	0.0662394823104205	0.0366943007080294	0.000130838227433111	0.000130838227433111	0.0455218076760872
0.0867318215798049	0.016852747564816	0.0842561820596125	0.672459644140107	0.0411743887405952	0.000796070419936096	0.0463404412134859	0.047130866794955	0.00425783748668807
0.0270950371839502	0.00253489242270265	9.24877111127823e-05	0.82896571488628	0.0805233282947661	0.0126786627730988	9.24877111148745e-05	0.017056810109746	0.0309605789072282
0.0252275158454532	0.000461096996460399	0.000186898884615651	0.773567727393523	0.0851244859584399	9.33917444698125e-05	0.0166461262166249	0.0535052476440237	0.0451875093163899
0.00872980865913285	0.0269508443460377	9.18850490890365e-05	0.85289350052577	0.0609446278551692	0.0337926737606945	0.0110392958052179	9.18850491003278e-05	0.00546547894978878
9.17049823943408e-05	9.17049823943394e-05	9.1704982394905e-05	0.843884447276314	0.0763831917050765	0.0281995055584131	9.17049823943416e-05	0.0323533073655444	0.018812728165074
0.0132688287071425	9.53510627267247e-05	0.00422348472317445	0.82156274543437	0.0786299221572065	0.0311516189083909	0.0179658377973237	0.00740289876854571	0.0256993124411198
0.0292303327072395	0.0141118136573606	8.54081931716914e-05	0.770254758801609	0.107975775521869	0.0610831512135843	0.0145783382291045	8.54081931719086e-05	0.00259501348288947
9.47592724675828e-05	0.000760773055154048	0.000787752811397559	0.802490064181915	0.0965722217455826	0.0477283160208208	0.0253844137055546	9.47592724675827e-05	0.0260869399346406
0.0246321238221552	0.0250899380970248	8.94925391208673e-05	0.7940902248554	0.0709603318323792	0.0203306168975979	0.0193844847814206	0.0131158293177695	0.0323069578571318
0.0196383985872652	0.00693675961370464	0.00110737092874139	0.781357578351873	0.107500429563349	0.0371916463541692	0.00283194380716545	0.016802507440447	0.0266333653532853
0.0280217420868022	8.88921956037662e-05	8.88921955945256e-05	0.799286699152303	0.0759233047602521	0.0301382545275289	0.0203913694202381	0.0175336216252608	0.0285272240364162
0.0348731849355679	9.15034644651274e-05	9.15034644661441e-05	0.808368063268968	0.0656401587812156	0.031693599462511	0.0312649356407556	9.15034644651276e-05	0.0278855475175855
0.0348187744700661	9.17705446025512e-05	9.17705446080454e-05	0.756070963524381	0.107575117306981	0.0424438007000157	0.0014416146949037	0.0113608159365075	0.0461053722779345
0.0262610637948265	0.0172193227867192	0.00140577208955088	0.820769731995608	0.070847578803598	0.0199439326718569	0.021382429078957	0.00827649555465936	0.0138936732242236
0.0141731454908789	0.00185019676191617	0.0115964062487426	0.760477893211877	0.0801338218032285	0.0408656912071462	0.0152954333594603	0.0230761839752564	0.0525312279414936
0.0262655999627946	0.0287659999866506	0.000131915197756981	0.813730840397711	0.0388510239986928	0.0215337150553831	0.0158193639313746	0.000131915197764414	0.0547696262718717
0.0588239601815738	0.0282012558079624	0.00012684009835588	0.723855432319455	0.0964367870067425	0.0194680532948628	0.0140085303156693	0.00771545670892255	0.0513636842664565
0.0188817580617014	0.0329773420237779	8.84113205694771e-05	0.808054367488736	0.0487827435489266	0.0517892179158414	0.0392493369992895	8.84113205786197e-05	8.84113205786174e-05
0.0176160282886381	9.02467380957518e-05	0.00200912186331648	0.808877058092533	0.0571669618145907	0.0302742945230561	9.02467380957519e-05	0.0507200385955811	0.0331560033460931
0.0207568555789094	9.03125654297753e-05	9.03125654347786e-05	0.822804962108196	0.0779733536508515	0.01276558771079	9.03125654297754e-05	0.0303689846852688	0.0350593185696903
0.0507158022318464	0.00413238043636802	9.2288897265186e-05	0.8023493794459	0.072230718482263	0.0117924542751455	9.22888972672367e-05	0.027539104277498	0.0310555830564467
8.82818844530562e-05	0.0150846227003408	8.82818844541312e-05	0.811599154991216	0.119900681766263	0.0122033431137108	0.00581621095732144	0.0351311408177869	8.82818844530567e-05
0.0264318496908191	0.0208518045522866	8.91822371806739e-05	0.775131091339621	0.112138130428918	0.015727675283837	0.0281522245355357	0.0133518599172596	0.00812618201454259
0.0907614412282837	0.0151234269193776	0.000129122525772178	0.699831383367146	0.14884613973894	0.0188486681576685	0.0140053060719249	0.00408508832225473	0.00836942366863161
0.0454075986961407	0.0180693497444859	8.80284777994073e-05	0.776364681680361	0.0968520048977565	0.0278761258571392	0.0282486418090915	8.80284777953311e-05	0.0070055403594308
0.0118903091677259	0.0118663226512391	0.00867266054192271	0.823362823401868	0.0737657980902712	0.0569244126002443	0.0132975263405635	9.29547007463782e-05	0.00012719250541945
0.0226964118018562	9.12709519150934e-05	9.12709519156631e-05	0.786532159096698	0.107757427533186	0.0486294757397012	0.00435634497287238	0.0118941681875507	0.0179514707643051
9.27030879751636e-05	0.00891002640504079	9.27030879719491e-05	0.877068050305022	0.0473211880633759	0.023547059557765	0.00983769001932343	9.27030879757409e-05	0.0330378763855496
0.0249000486283927	0.00910379721583182	8.84348752789153e-05	0.845886994888039	0.0381436049952213	0.0398190153965226	0.0241538895600552	0.000140817169487251	0.0177633972711714
0.00470628498124588	9.54639966813215e-05	0.00879214908529318	0.833356791802719	0.0442858543425848	0.0383335263122698	9.54639966813223e-05	0.0313952729253958	0.0389391925571292
0.0136955477731714	0.0255514328957019	9.20098689563099e-05	0.86139716395887	0.059938973568482	0.0148793828935196	0.00117305193927461	9.20098689594754e-05	0.0231804272330644
0.0353474032913435	0.00308133540921366	0.00240209939359656	0.799157089782995	0.0536153522050361	0.0571021492357898	0.0244632371560138	0.0100349580997128	0.0147963754262985
0.0101504836766913	0.000140907822563931	0.000140907822555746	0.825263857393577	0.0666480681532157	0.0307781699290737	0.00947508736179533	0.0158121657403857	0.0415903521001415
0.0110676740655903	0.0466978357130352	0.00525173929901013	0.807210014498172	0.065190598393349	0.0168402360357078	0.0270438531405056	8.9725034848021e-05	0.0206083238197819
8.95384452363129e-05	8.95384452363119e-05	8.95384452353304e-05	0.788954097364862	0.0591126862558945	0.0497736004346019	0.0582054007937518	0.0112886338703484	0.0323969659448336
0.0171869349199349	0.0269756631360725	0.000128091062992088	0.775038289696788	0.0857759284865901	0.0499697331198302	0.0213627291800956	0.00417976011915541	0.0193828702785411
0.0014706015401298	8.83568995791816e-05	8.83568995782186e-05	0.843654564999834	0.077319241394803	0.0141977758264362	0.0219604368406411	0.0187173938429894	0.0225032717560089
0.0174593091531921	0.0349087560402942	8.95912962046325e-05	0.815016410836588	0.0642065686919617	8.95912962083319e-05	0.0222228038316862	0.0257161312793775	0.0202908375744874
9.23230471562551e-05	9.23230471562547e-05	9.23230471606425e-05	0.841108798554564	0.0844005795878959	0.00442861591811101	9.23230471562569e-05	0.0429975648125519	0.026695148938248
9.03566502291941e-05	0.0257726911204578	9.0356650226969e-05	0.803649551891231	0.0922333964116129	0.0190501251488554	0.0132607549132389	0.0223073263139363	0.0235454409002118
0.0464046875174694	8.98164979749205e-05	8.98164979810184e-05	0.755413304386611	0.0900422461868625	0.0410830790689007	0.0429791087163057	0.0118624781546782	0.0120354629732161
8.69058777886554e-05	0.0206614917902859	8.69058777938563e-05	0.826585205665842	0.063982260731037	0.00147387658229632	0.0299434924676711	0.0503017431704148	0.00687811783687028
0.0248516927459029	9.03853847663462e-05	0.00778609361881304	0.752371437996189	0.0992687838830173	0.0283458648623834	9.03853847663471e-05	0.0542753699453171	0.0329199861788451
0.00667249194970837	0.00360829322105547	9.04289485713005e-05	0.82103777389301	0.0747979110649543	0.0323419816095575	0.02337288113121	0.022539459321041	0.0155387788608924
0.000132405539745551	0.0130927768720069	0.00346759242675679	0.801246535237816	0.0841195499408932	0.021472119172198	0.0325678636573453	0.0233856332777013	0.0205155238755367
0.00128078485467207	0.000133142248446135	0.00161446498665871	0.772900119105423	0.08411874124726	0.0297112772252943	0.0149714692570962	0.0276547083690403	0.0676152927061089
0.00589452980847423	9.03296577688707e-05	9.03296577666215e-05	0.784884934194228	0.094210922587473	0.0504795832734441	0.0356761753177922	0.00088744682300861	0.0277857486800439
0.0414461118208101	8.93616009557272e-05	8.93616009555313e-05	0.785333942091175	0.0590376710112831	0.0378850015699121	8.93616009557272e-05	0.0233149020490177	0.0527142866549347
0.0229958197630959	0.00250588833828441	0.00438859713956503	0.798674869189808	0.0877387352320744	0.0345973588066374	0.0065017162380142	0.0116760675441989	0.0309209477483212
0.0367641976880136	0.000133626940765713	0.00223393147954253	0.752590127460126	0.107217941945519	0.0157932754369257	0.0234438977537136	0.00475288537604076	0.0570701159193534
0.0308127362693985	8.62234146520748e-05	0.0945217135770232	0.693558586137226	0.055817527878897	0.00890045516521177	0.0279454347570894	0.0761106333393198	0.0122466894611828
0.0125750398501753	8.8345786762976e-05	8.83457867627939e-05	0.781568586894767	0.084361311014925	0.0551697700173682	0.00334309973235974	0.0118897086848478	0.0509157922320315
0.0140000013721705	0.0282584448861491	8.60940381409115e-05	0.806090558408065	0.0579648549347521	8.60940381425575e-05	0.0297201417950081	0.024717421541837	0.0390763889857347
0.0125640283789781	0.0227413701157066	0.00013653006476217	0.856563409120513	0.0507119411868628	0.0179527669345642	0.000136530064766971	0.0113427341818335	0.0278506899520128
0.00463511209115068	0.0236138649745595	9.24050910675863e-05	0.833189433213576	0.0532100870834554	0.0201862493008989	0.000244484420916904	0.0134670775043636	0.0513612863200115
