Bcells	CentralVeinEndothelialcells	Cholangiocytes	Hepatocytes	Kupffercells	LSECs	Mesothelialcells	PortalVeinEndothelialcells	Tcells
9.06049437199131e-05	9.06049436934897e-05	0.0341307549072293	0.908323619567163	0.0345553470577101	0.0116107751883946	0.0106422114967218	9.0604943788431e-05	0.000465476951579073
0.000131665651738568	0.00013166565149309	0.0287486347285738	0.891976421054933	0.0410340029423175	0.000131665651756897	0.0149269024622094	0.0167296935735391	0.00618934828343864
9.0371023670153e-05	9.03710236528872e-05	0.0247621921424725	0.923136007706017	0.0271684734180949	0.00155187396196892	0.0151489842500316	0.00796135545042013	9.03710236721842e-05
0.00469550293765028	9.28968538237038e-05	0.0596269764854531	0.87476923235599	0.0187684802624827	9.28968538434178e-05	0.0230627498734949	0.0184768189842756	0.00041444539298653
0.0148526630101471	0.0176486291937232	0.0340748080241027	0.893012151465515	0.0181455921274071	0.00012493292120545	0.0157995573214492	0.00526445079896014	0.00107721513749005
0.00189450433729362	9.05047677615255e-05	0.0269918023051368	0.919080029952912	0.0317419724948509	0.00717507257356151	0.0128451040328653	9.05047678000924e-05	9.05047678186153e-05
0.000747539821912899	8.96351044307355e-05	0.0343006012933928	0.912037682145429	0.0234309330012596	0.0154945774609504	0.0137197609638266	8.96351043758232e-05	8.96351044225198e-05
0.000336626412007901	0.000593956429188094	0.0359574796397767	0.900473505056715	0.0321959038677164	0.00708462561200548	0.0186254676418919	0.0045968923876894	0.000135542953009035
0.000128002383955756	0.00868998283016351	0.0330106526254057	0.896836831923043	0.0262394132165973	0.0122785155335388	0.0150791087600305	0.00682747888783117	0.000910013839434121
0.00108038714421948	0.000789314335505472	0.0309712141160028	0.912536592542959	0.0314509340929677	9.29832774051274e-05	0.01643921379997	0.00654637741351847	9.29832774514495e-05
0.00176969950040212	9.21970207877993e-05	0.0258934059889121	0.916967012520088	0.024202414237649	9.21970209279601e-05	0.0104972282434441	0.0141756327158858	0.00631021275190285
9.31522939774598e-05	9.31522939110655e-05	0.0544996001703492	0.898959977007686	0.0241870734068294	9.31522939574914e-05	0.0149909838557372	0.00698975638357657	9.31522939754455e-05
0.000785737137773652	9.32483793277388e-05	0.0301174422687723	0.913569111773054	0.02850580617556	0.0053450891694295	0.0154849888428162	0.0060053278739906	9.32483792755842e-05
0.0132524091874667	8.98499410868311e-05	0.0745556113817832	0.814439667505247	0.0281669170821082	8.98499410463333e-05	0.0250524144719878	0.0442634305481689	8.98499411053681e-05
0.000930590036304789	9.30972667627541e-05	0.0365727699401493	0.916028106983378	0.0228192035131099	9.30972668650796e-05	0.012095262415839	0.00590500554838698	0.0054628670292037
9.01753537682287e-05	9.01753537971501e-05	0.0192053625810054	0.917640357647908	0.0250010926576754	0.00498368198023656	0.0163485773056474	0.0165504017661937	9.01753537685506e-05
0.00243485008181101	9.01148246305918e-05	0.0496765155834344	0.866500584773499	0.0277790696223686	9.01148246636502e-05	0.0173920568892371	0.00923310834490097	0.0268035850554548
0.0010090994268603	0.000136356016521351	0.0491505454623157	0.883708600231353	0.0330280190008577	0.00715372306462135	0.00878460906985203	0.00635157644053283	0.0106774712870861
8.98226152370269e-05	8.98226151877488e-05	0.0308227524865475	0.923305887237455	0.028452079274912	0.00100550807776587	0.0145697768363478	0.00157452824130652	8.98226152410023e-05
9.28317665821874e-05	9.28317665035567e-05	0.041271789677057	0.901679403270752	0.021484425875425	9.2831766562671e-05	0.0151440305966362	0.0186149019543814	0.00152695332610023
9.16030863235264e-05	0.00328468706935381	0.0322680034253136	0.916309563131145	0.0234018771681053	0.0104637780341047	0.0136784409794975	9.16030862971521e-05	0.000410444019859645
8.85133397107293e-05	8.85133396800679e-05	0.0287325309318047	0.927401196490293	0.0220025286281289	0.00457338722478653	0.0111246985879297	0.00226538902495183	0.00372324243271479
9.23274772957711e-05	0.00763896673301954	0.0324416321794773	0.909439249216503	0.0314147431583926	0.00293998519705983	0.0139593232944615	0.00198144526649532	9.23274772952996e-05
9.13683817396852e-05	9.13683817340284e-05	0.035880034201448	0.893990138710837	0.0347376805569887	0.0112033255926247	0.0177655163865196	0.00614919940636829	9.13683817395525e-05
8.92414382866664e-05	8.9241438227401e-05	0.0279689818261751	0.922326186821019	0.0205844237083274	8.9241438328148e-05	0.0172043858377702	0.00862693696730239	0.00302136052456321
0.00514688668912942	0.000132374442635648	0.0277359399635044	0.882454726551348	0.040709561063617	0.00291099874662291	0.0104328123217469	0.00938916570790273	0.0210875345134931
0.0055563266253308	0.00844824509065058	0.0433739340690595	0.874804107883206	0.0214937128490641	0.000528190847363405	0.0226856506531639	0.0230191037649033	9.07282172584221e-05
0.0100853682162483	9.25782035856031e-05	0.0322935753348735	0.89957635674315	0.0320952922440605	0.00455332583943753	0.0137283118410826	0.00748261337396725	9.25782035950111e-05
9.52643233490098e-05	9.52643233420618e-05	0.0467904199195656	0.908787173665838	0.0223416172899251	9.52643233375538e-05	0.0147663351520544	0.00693339667923373	9.52643233540766e-05
0.00125536984349952	0.00771816812684315	0.0345728587577105	0.912017102007106	0.0176133280477794	0.00592763340719702	0.016356857087129	9.08932622901266e-05	0.00444778946044545
0.00247073207214377	9.2159672589527e-05	0.0355483339721873	0.906892680230039	0.0253953880661073	0.0169276941781598	0.0124886924636643	9.2159672501198e-05	9.21596726081342e-05
9.13582651121443e-05	0.000953946162362327	0.0278489537581351	0.923006679147362	0.0270963450437862	9.13582650639601e-05	0.0136726591208841	0.007147341972181	9.13582651134389e-05
9.01439574987818e-05	9.01439574813706e-05	0.0265132725493064	0.910842225444459	0.0324404037627904	0.00298947597442176	0.0151238346603945	0.00841181300942896	0.0034986866842192
0.00206715782596476	0.00150444648213464	0.0523343249477968	0.879002320881252	0.0411221196033079	0.000130509349461639	0.0120783996262115	0.0116302119344702	0.000130509349400976
0.00168532171560593	0.0146060865969152	0.017904612686798	0.916800001958062	0.0252657648201422	9.10356825418382e-05	0.0173417584023009	0.00621438245507109	9.10356825630789e-05
0.00013652104881694	0.000136521048804827	0.0439886831211546	0.906412734211344	0.0230243958958406	0.00256867419804603	0.0123048746625986	0.00748314735395251	0.0039444484594422
0.000307533840875724	0.00184686106125332	0.02435587163355	0.92798214715588	0.0250027460146504	0.000895948355949278	0.0150863675764444	0.00443371009799053	8.88142634063121e-05
9.3287664269533e-05	0.00727159723765661	0.0316936211772101	0.898438023907746	0.0366401979749742	9.32876642573119e-05	0.00996136656907204	0.00202042671363252	0.0137881910911821
9.03517341286797e-05	0.0076928793852846	0.0267892036205067	0.899045627231822	0.0385017530909822	0.00477871353538782	0.014857452394777	0.00815366727298309	9.03517341280651e-05
0.00232924326431353	0.00409094516350761	0.0347745038724493	0.904369844028016	0.0248429597959793	9.24485797627178e-05	0.0131457656949015	0.0141786691636557	0.00217562043741441
8.77540317864401e-05	0.00630840920886654	0.0243935263615525	0.910567610975017	0.0327064723023528	0.0165360457277088	0.00904343140372809	8.77540318322846e-05	0.000268995957155583
9.2549366311523e-05	9.25493663073817e-05	0.0250150257119985	0.912824044194454	0.0362673362917428	0.0110710165507548	0.0144523797858412	9.25493662780629e-05	9.25493663116212e-05
9.13855417419601e-05	9.13855416945618e-05	0.0290126642613987	0.929291329851747	0.0285429954357719	0.00381497194907038	0.00852895763924975	0.000534924237584495	9.13855417410447e-05
0.00129109168421851	9.02050365925069e-05	0.0289662684831246	0.913095717439235	0.0290332200482643	0.00932156361453218	0.0125999223507246	0.00551180630671555	9.02050365926723e-05
0.00380084743572739	8.91875859295384e-05	0.0258487921182755	0.916443910021103	0.0291381168200649	0.0104013738550161	0.0140993969919115	8.91875860105866e-05	8.9187585961356e-05
9.04534173620846e-05	9.04534173819842e-05	0.0249978721326277	0.923976869058126	0.0232183905504288	0.00606467144627682	0.0127099093433094	0.00450417586045524	0.004347204774032
9.26568014021109e-05	0.00228497410178301	0.0300092490642679	0.911038106327002	0.0306614908957146	0.000874972348562596	0.0130941474986882	0.00553157697807647	0.00641282598450359
0.00293280080711331	9.32029661093667e-05	0.039028375078035	0.907763920889141	0.0280724231088405	9.32029662029871e-05	0.0150327504526266	0.00658602305595445	0.000397300675976836
0.00145614897182668	0.00566535471635378	0.0262026251382012	0.917732751381423	0.0238584055070158	0.0134450052822414	0.0114550045095673	9.23522466489151e-05	9.23522467221058e-05
9.01612667089226e-05	0.000434955582119357	0.0324298663002272	0.898983889936519	0.053361392273115	0.00718000850418093	0.00733940360372034	9.01612667024394e-05	9.01612667069319e-05
8.73595874040547e-05	8.73595874313298e-05	0.0298091533873794	0.90851435104579	0.0331219712479003	0.00329525772268745	0.0165584923212264	0.00723132968794873	0.00129472541223241
9.20164394962059e-05	0.00481031545590538	0.0371703499331531	0.898883016293112	0.0374591772838128	9.20164394672286e-05	0.0119314870998767	0.00765017241554562	0.00191144863963062
0.00201402202518454	0.00286470738376845	0.0352664917131692	0.915309932594034	0.0279420442816223	0.00508950559889563	0.00909503626893322	9.22706534021139e-05	0.00232598948099064
9.4224606131245e-05	9.42246060976063e-05	0.0279796902721662	0.91593803254544	0.0311715970309436	0.00218155443558338	0.0131992929691009	0.00924715892840358	9.42246061331891e-05
0.0013292128901925	8.94079817087195e-05	0.0260482611392707	0.907619653874143	0.033048730565287	0.0081837573680374	0.0165260057044425	0.00706556249519048	8.94079817278097e-05
0.00915178982448866	0.00884378520862953	0.0271149885610112	0.8847320622201	0.041207991141394	0.00506802298642191	0.0192379367242806	0.000131029753827153	0.00451239357984727
0.00108718742165361	0.0160419132789234	0.0184172756337301	0.909771649884107	0.0337207896276788	0.00551707288122273	0.0152641243633285	8.99934546522541e-05	8.9993454703692e-05
0.00110421568627856	0.000581886747388075	0.0216240276197307	0.929620647758583	0.02038352542032	0.00132631353431596	0.0134496439236618	0.0076398077068125	0.00426993160290967
0.00118210470316103	0.00837558345298099	0.0214248293200965	0.904833188912054	0.041697362823314	0.01143946336821	0.0108681051735341	8.96811233263999e-05	8.96811233226474e-05
0.000514604039921463	0.000427976989203243	0.0272801582154935	0.925202249545667	0.0269997525696076	8.888575419524e-05	0.0109074987110151	0.00848998842068304	8.88857542135325e-05
9.26409200742966e-05	9.26409200463363e-05	0.0352729699541858	0.903899587612411	0.032154929939843	0.00176673837988628	0.0111949351359747	0.0138733846284918	0.00165217250908618
8.9895149873982e-05	0.0014640982543997	0.0280382700404231	0.902153415237572	0.0410522773609541	0.00286158357004163	0.013277868553775	0.0109726966830841	8.98951498768585e-05
9.11194674830359e-05	9.11194674701667e-05	0.0232754292236974	0.918764887145842	0.0281872322955351	0.0150425009119422	0.0118102608562933	0.00264633116424957	9.1119467487561e-05
9.02462197716664e-05	0.00230913854184377	0.0370063028796307	0.912334581138119	0.0261436965797299	0.00448631175527676	0.0153184499222988	0.00222102674355919	9.02462197704019e-05
9.05004307073262e-05	0.00544422160890217	0.0277278640837685	0.922714086941	0.023598545239536	9.05004306948612e-05	0.0141089724761737	0.00613480835850839	9.05004307093036e-05
8.84738183018057e-05	0.0108626537916011	0.0239361466127662	0.922159761874338	0.0192138115927217	8.8473818235739e-05	0.0153734121199981	0.00818879255374425	8.84738182932512e-05
8.86728609464368e-05	0.0164661473149353	0.0177433671547777	0.917495961732419	0.030902282329192	8.86728608785957e-05	0.0150108247292014	8.86728608839267e-05	0.00211539815676582
0.001323832839059	9.19863875454521e-05	0.0376089784567976	0.901897294669257	0.0370461413207401	0.00334005477561727	0.0113011036078243	0.00729862155557111	9.19863875883621e-05
0.0028674025416085	0.00224392393288163	0.039265404543007	0.906657933646108	0.0257492928993326	0.00325294184235058	0.0129125843281286	0.00691928486134379	0.000131231405239143
0.00104474749805174	0.00695089940872068	0.0181747050657729	0.912845814147817	0.0219655394588847	0.00121032031339358	0.0134299397760137	0.0108620602571034	0.0135159740742427
0.000687123128308903	8.94498982341675e-05	0.0177180149498045	0.91795006699116	0.0400249104578986	0.00814941783002173	0.0134030651703122	0.000102336369211803	0.00187561520504778
0.00194494993354672	0.000752230698820505	0.0369162514336666	0.924264187817859	0.0231043261443324	0.00110540020203902	0.0104516165285055	9.16265508185338e-05	0.00136941069041149
0.00618115783839365	8.90872996945504e-05	0.0245417706932049	0.924318435458515	0.0221217306427169	0.0100452117989746	0.0125244316690086	8.90872997528108e-05	8.90872997392618e-05
9.2878242996706e-05	0.00676609206027376	0.0335385625661881	0.911567470855372	0.0310017567795875	9.28782429094776e-05	0.0129986786606148	0.00384880434906299	9.28782429953032e-05
0.00290217908841996	9.16028923542743e-05	0.0348021386515939	0.911468413199152	0.027290094090938	9.16028923534176e-05	0.0177788315005654	0.005483534792251	9.16028923718275e-05
0.000266079346854261	0.000130189759622075	0.0316495012199591	0.894310122999328	0.0355329222409087	0.00819008544467387	0.0108814673162705	0.0116393036715768	0.00740032800080622
9.11308462791262e-05	0.000716001547377686	0.0277231391622348	0.914928853357626	0.0295258764796409	0.00589721715694876	0.0146716135179847	0.00635503708562307	9.11308462848253e-05
0.0125026146360082	8.75635728796515e-05	0.0244916502455638	0.900329852618101	0.0168452880456505	0.0249579182468926	0.0184234524827769	8.75635728899747e-05	0.00227409657923776
9.27598839218291e-05	9.27598839075271e-05	0.0289994357527525	0.899068340196377	0.0458729546688455	9.2759883910166e-05	0.0107630443136943	0.00590932487446331	0.00910862054212735
0.00214433552596487	9.02530677439817e-05	0.0267876260593877	0.916245497910376	0.020879805999533	0.00805002579344157	0.0202691898336082	0.00544301274218177	9.02530677634311e-05
9.28878129462072e-05	9.28878129353704e-05	0.0332870041495377	0.908227698392916	0.0261181283071652	0.00608518281624544	0.013899863738507	0.0121034591568003	9.28878129466223e-05
0.00057256061810607	0.00475389153510073	0.041132620744466	0.875896108702868	0.0233645410522312	0.012358263041291	0.0160800790343632	0.0142293618556042	0.0116125734159693
8.88696347523552e-05	0.0129114213749899	0.0261648870015635	0.910249167761469	0.0249178835016421	0.00723045789880604	0.0182595735572702	8.88696347524193e-05	8.88696347541199e-05
0.00116134130508132	0.00481339937202886	0.029310533104991	0.911894778258487	0.0288168447919902	0.00519499443151963	0.0143439606115782	0.00437368030946315	9.04678148608389e-05
9.24478995904861e-05	9.24478995831134e-05	0.0297232251837567	0.896901873721223	0.0434303570297234	0.013057643578515	0.0142418467649137	9.24478995753257e-05	0.00236771002311901
0.000314708526054266	0.00343230364604358	0.0287650300446659	0.92785071114928	0.0241768853660783	9.1011024215834e-05	0.014424403520015	0.000853935699464206	9.10110241831705e-05
8.93869865787198e-05	0.00075771454088129	0.0122633793200838	0.931811577416782	0.0272128416775302	8.93869865570424e-05	0.0188522031629633	0.00632303207251437	0.00260047783610882
0.00410039497892522	9.0060875633809e-05	0.0270311248752938	0.903312841108666	0.0267101187979218	0.00923027898161544	0.0170436427336676	0.0123914767726332	9.00608756427041e-05
0.00345075384445665	0.0140192546410616	0.0232281299831156	0.893292798547914	0.0357766910206824	8.99775653466932e-05	0.021864721293614	0.00357071922485336	0.00470695387895535
0.000228771721897518	9.5398517789139e-05	0.0389276011253878	0.899989401453157	0.0240478134696139	9.53985177530741e-05	0.0123304415436632	0.0145148607752441	0.00977031287549423
9.44910857115513e-05	0.00556223779571298	0.0421457614975114	0.895761788396898	0.0287294240959117	9.4491085703031e-05	0.0101975630174303	0.000317659556500322	0.0170965834686203
9.16518474905935e-05	9.1651847463151e-05	0.0306105043827541	0.904024198235156	0.0397844406940919	0.0130544844117529	0.0121597648863214	9.16518474789855e-05	9.16518474906121e-05
0.00827544267032055	0.00184022702484132	0.0195492898618348	0.898928764181821	0.0532776263511121	8.88732727867486e-05	0.0172272831451669	0.000723620219286465	8.88732728297507e-05
0.00552110625685146	8.88288030602836e-05	0.0241421985806752	0.917366438636941	0.0215561636169879	0.013282419142446	0.00883396940839827	0.00483147291305999	0.00437740264157967
8.96403713812238e-05	8.96403711566225e-05	0.0230088052230036	0.912259988365431	0.0306113508630871	8.96403714109152e-05	0.0120220439944712	0.0109593372752056	0.0108695531648524
0.000133470434236357	0.00364274998000704	0.0351528049427794	0.90785135940894	0.0323526843159509	0.00141843409328279	0.00907980824788744	0.00329532180116386	0.00707336677575215
0.000260281893048424	8.95308727680644e-05	0.0255122876499815	0.921324794413884	0.0184140500872954	0.0206889159913881	0.0118909027518882	0.00172970546696165	8.95308727851469e-05
8.89710932097285e-05	8.89710931958056e-05	0.0209258535871908	0.908533534135127	0.0376260133486665	0.018310878331876	0.0142478362242678	8.89710932569937e-05	8.89710932098028e-05
0.0107958218621395	0.00496443994989973	0.0274002863643811	0.907500630245216	0.033382917961692	0.00130039136765713	0.0144727514132828	9.13804178797684e-05	9.13804178521641e-05
9.1913182059759e-05	9.19131820444023e-05	0.0747273451778342	0.853363994689604	0.0220420812529545	9.19131818948823e-05	0.02243772898159	0.0262486630780182	0.000904447274000301
0.00531640128764107	0.00639075247230589	0.0306904719774696	0.906054275439068	0.0304488122546328	9.0524550577691e-05	0.0109415411554954	9.05245504964553e-05	0.00997669631231276
0.00474980116092791	0.013021428305903	0.0260623355126528	0.909631016351657	0.0316132210582526	0.0027507716579969	0.0102526469709179	0.00182808279621734	9.06961854742011e-05
0.00325736727971692	0.00156412538022616	0.0287931610899781	0.904348030437794	0.033710269373344	0.00459468672238309	0.0124475660776589	9.1431735002175e-05	0.0111933619038971
8.95453856359091e-05	0.0162069771571869	0.0238675286323534	0.903861808626839	0.0198438546246634	8.95453856331733e-05	0.0246754365905522	0.00201002709067299	0.00935527650646263
0.00569069827718703	0.0109313512540536	0.0222912744399207	0.899696682114881	0.0309309305054348	0.0118346084082789	0.0184460091689404	8.92229156710008e-05	8.92229156329839e-05
8.92466399889633e-05	0.0114341456751423	0.0296781869512147	0.903487689630674	0.0245103457270813	0.00562048522393721	0.0196369264865241	0.00520215212266605	0.000340821542771204
8.85189729372691e-05	8.85189729268415e-05	0.0279677759880847	0.901930108402598	0.029518249500459	0.00640546736245145	0.00856323121669541	0.00751440254777076	0.0179237270360765
0.00136312545553539	8.76259618166852e-05	0.0254239952262122	0.916731581808188	0.0241237713081656	0.00174622771059908	0.0142958411534572	0.00676335493354276	0.00946447644248356
9.01509060861599e-05	0.00832949813449609	0.0270376002269505	0.912843934931086	0.0281433784657501	0.00101344759739945	0.0148053827824098	0.0076464560497355	9.0150906086191e-05
9.1998826730364e-05	9.1998826714966e-05	0.0333922624118953	0.907234475332529	0.0279154882921645	9.19988267851627e-05	0.0132378886085811	0.0178518900478684	9.19988267311252e-05
9.09718949989003e-05	9.09718949724999e-05	0.029401365076345	0.923638980433278	0.0205480102944925	0.00467535953876438	0.0144477799693636	0.00413314802320146	0.00297341287458346
9.00530232236446e-05	0.00860352226612679	0.023850268132108	0.921157687639751	0.0222655287772762	0.00175278050198393	0.0147370392683711	0.00693317850807654	0.000609941883082651
0.00921350825716423	0.0072529866062178	0.0406263933774819	0.903770278278937	0.0177881016105352	0.00243608300912702	0.01632690826847	0.00249349225108466	9.22483409815772e-05
9.11991842412903e-05	9.1199184263091e-05	0.0357410223482366	0.918934064567108	0.0238761772750941	0.000123692909401558	0.0137782275473138	0.00719899187312785	0.000165425111213765
0.000894098184787196	8.81906113193279e-05	0.0202792041776136	0.933835497615293	0.0196360284068289	0.00696443733701372	0.0137376077267887	0.00447674532902345	8.81906113323347e-05
8.92402449068579e-05	8.92402448777568e-05	0.0228498694150046	0.919382737771972	0.0287533254921779	0.00815354046724186	0.00791538742302587	0.00970843489330129	0.00305822404749123
0.00024220318500196	0.0130018274126554	0.0171208707345793	0.929136328299329	0.0190286278685504	0.00896632031847739	0.0113925432590901	9.0003525188087e-05	0.00102127539712852
0.00389835096481326	0.00490395939498175	0.0384751388330369	0.897491161852507	0.0326472355761556	0.00402451257840048	0.0138743318201161	0.00459280797723369	9.25010027550047e-05
0.00141302266308348	9.33344339223099e-05	0.0299914199530409	0.908499234952979	0.0363121800224065	0.0112930635014361	0.011680216896228	0.000624193142949068	9.33344339546539e-05
9.16074724349926e-05	0.0123324622120674	0.0255034771545956	0.910132184803069	0.0292559686152957	0.00325649101920783	0.0157416410143602	0.00312981849577732	0.000556349213191841
0.00128908366586877	9.16840486781084e-05	0.0335523107518493	0.91729978456798	0.0243661197773513	0.00553166228885574	0.0136674448211455	0.0041102260297004	9.16840485705104e-05
8.81562237994007e-05	0.00069334483274511	0.0247947352934053	0.911003207154812	0.0327535245368072	0.0152649051197415	0.0152258143910849	8.81562238057926e-05	8.81562237982784e-05
8.98299221864841e-05	0.0097815869395105	0.0264425732782285	0.898536197327966	0.0429211713333733	0.00566224407464057	0.0132613384129581	0.00321522878895046	8.98299221860712e-05
8.96881855388463e-05	0.00449155003540236	0.0320126359958992	0.904802421134004	0.0333141411386568	8.96881855637374e-05	0.0164220147871134	0.00868817235228394	8.96881855374928e-05
0.000910108271791848	0.0191582826791354	0.0263334921168584	0.891924759644358	0.0305805415811451	0.00305427781817579	0.0205372698270527	8.81151188061669e-05	0.00741315294267656
0.00143322764563463	0.00101622118044354	0.0241246645153431	0.936554122577409	0.0195774075181328	9.01370335461173e-05	0.0149630170751231	9.01370334883271e-05	0.00215106542087952
0.0016136095881796	8.94757322208836e-05	0.0276599688363582	0.910907431782819	0.0361073466583964	0.00387944633540649	0.0120306834513935	0.00762256188294207	8.94757322834911e-05
0.00106369360075273	0.0217492479683363	0.0268062781570997	0.90286587249787	0.0286434380467208	0.000741807447135778	0.0179531349791593	8.82636514163756e-05	8.82636515092334e-05
0.00156850979372726	0.00283522427768655	0.0294372817185561	0.91782307080067	0.0220562760979764	0.0111948456797588	0.0149026325345555	9.10795485340826e-05	9.10795485355608e-05
9.31347903054359e-05	0.00705446055761159	0.0282046745049127	0.906176922500146	0.0375229699216479	9.31347902626188e-05	0.0148549653555148	0.00353464697741485	0.00246509060218367
9.29700800834532e-05	9.29700800180502e-05	0.033952430246422	0.928590697064849	0.0260878837683845	9.29700800591915e-05	0.0104307131618507	0.000566395438244142	9.29700800895341e-05
0.0024646125876635	9.28234957266309e-05	0.0306861428230348	0.921179386445925	0.0298175266508699	9.28234956238875e-05	0.0130583154643013	0.0025155455412129	9.28234956418943e-05
0.00159442575951898	0.00287142527785586	0.0292719586051541	0.916723199535807	0.0333801125421145	8.99617747049525e-05	0.0131057980275111	0.00287315670261412	8.99617747197436e-05
9.15570237565565e-05	9.15570238435413e-05	0.033867713657913	0.897703436737567	0.0390623789298354	9.15570237460326e-05	0.0141535618838471	0.0141579160356535	0.000780321683837913
9.05710487097481e-05	0.00799627333549008	0.0240612392905754	0.920669839701226	0.0291501086213547	9.05710487017868e-05	0.0155275532627376	0.00232327264249502	9.05710487093615e-05
9.13222724765898e-05	9.1322272425899e-05	0.029765218396551	0.92246648989262	0.0274645852108068	9.13222724587583e-05	0.0109108739329289	0.00902754347725449	9.1322272477746e-05
9.04920746079333e-05	9.04920745961938e-05	0.0285489410814289	0.921181669941098	0.0257810216635071	0.0113861275550062	0.012721640978807	0.000109122556340801	9.04920746081141e-05
8.77066074422732e-05	0.00604464045042081	0.0231579795341107	0.923104796592391	0.0248553648639444	0.00704228814626456	0.0114950936277208	8.77066074116484e-05	0.00412442357029411
9.13706454201722e-05	0.0130257793439793	0.0292630588264549	0.900996942219414	0.0300878809320178	0.00212282826535889	0.0157069639103894	0.00554673047519266	0.00315844538177329
8.94098483309337e-05	0.0164624130232379	0.0302431656918329	0.893978498773672	0.0318897396844445	0.0044064072109767	0.0155797269107816	0.00464273404553184	0.00270790481119149
9.31542507693745e-05	0.00266837906611838	0.0356076417711027	0.901943358948203	0.0341989027755908	0.009501396170303	0.0158008585163823	9.31542507615111e-05	9.31542507691679e-05
0.00138870781928689	8.94270656233392e-05	0.0352960423888835	0.913434763569059	0.0271246025167696	0.00274432346757496	0.016586130893324	0.00324657521384766	8.94270656309492e-05
0.00472451045812982	0.00324837204657504	0.0212442652324387	0.920539304830608	0.0301377221950499	0.00827424076270289	0.0116485922318812	9.14961212928214e-05	9.14961213216253e-05
0.00163526841417863	0.00439047891942239	0.0302050821190725	0.910881108367872	0.0271511607019389	0.00692534319153523	0.0186322125045191	8.96728907060967e-05	8.96728907550814e-05
0.000101344070628882	0.00774041085134592	0.0196273514285565	0.924805873414698	0.0217960219563508	0.00383053501609281	0.018647047969359	0.00336107828767036	9.0337005297663e-05
0.000629068112018312	9.11935368457871e-05	0.0426492580324816	0.891490511023169	0.0351240944834267	9.1193536851519e-05	0.0176036011538969	0.0113397512825496	0.000981328838760793
0.0016877858975952	0.0113929268224549	0.0309097455074935	0.913613010644843	0.0239798691583853	8.8561353749576e-05	0.0101632556001858	0.00648158337830588	0.00168326163698663
0.00485232505348622	9.23251038318221e-05	0.0583382005253096	0.875177250876818	0.0175518503158951	9.23251038225804e-05	0.0169316486068786	0.0163895817402083	0.0105744926737497
8.95265940306832e-05	0.0226458417910611	0.0312893344066095	0.907163315146104	0.019254292378226	8.95265940243107e-05	0.0168987079831258	0.00247992851278855	8.95265940296678e-05
9.35107374783699e-05	9.35107374624767e-05	0.0252029638278691	0.918574814443296	0.0296684493489672	0.000872421378511996	0.0155365776090066	0.00986424117992569	9.35107374825069e-05
8.83236249107314e-05	0.00371120221170693	0.0295319955731183	0.910622346227737	0.0221831714276736	0.00911302370044388	0.0148092475815459	0.00411533493125847	0.00582535472160564
0.00811944462484705	8.80791406821834e-05	0.028076117085415	0.893587005156861	0.0397110386903538	0.0159611101614832	0.0114495544940728	0.00291957150558738	8.80791406978165e-05
9.17377981720401e-05	9.17377981589969e-05	0.029501432885923	0.905515651410078	0.0475803381405679	0.00753811877702056	0.00818853877588209	0.0014007066160207	9.17377981762219e-05
0.000506992923416531	0.00230146740410149	0.0256758249535311	0.920133563113741	0.027599011058054	0.0047299753261935	0.0151978654024671	0.00376742830517793	8.78715133175493e-05
9.05993114589848e-05	9.05993114293128e-05	0.0292491995952943	0.914901813921783	0.0268903373346414	0.00491193426263521	0.0110511963432673	0.00834033624474702	0.00447398367474313
0.00464159771842529	9.23586252069451e-05	0.0434040450118708	0.909205570376478	0.0179646633777343	0.00157516611849868	0.016961434082501	0.0058295828071153	0.000325581882169196
8.99942068616092e-05	8.99942068580065e-05	0.0203025003371479	0.926748205380773	0.0209994803095801	8.99942067789442e-05	0.0128631918430172	0.0181414254562592	0.00067521405272408
9.06342021804043e-05	9.06342021754688e-05	0.0179509611966033	0.931236051526907	0.0308698324898641	0.00292018449605503	0.0166604334818006	9.06342022335418e-05	9.06342021802291e-05
9.26604507380859e-05	9.26604507729669e-05	0.0485982950841979	0.901492337166875	0.0222219590858506	9.26604508015197e-05	0.0130414498025894	0.014275317057436	9.26604507380932e-05
9.2538469785408e-05	0.00667910227807486	0.0349422349438573	0.904464426940306	0.0258790673210294	0.00891414310020011	0.0160708320008558	0.00286511647610345	9.25384697877726e-05
9.03246078200872e-05	9.03246077732062e-05	0.0282510593009919	0.919575119903129	0.0368906688219937	0.00228450461859862	0.0126373489240948	9.03246077769835e-05	9.03246078218187e-05
0.00164696601745078	0.0079186357473806	0.0214946017177483	0.925343774329488	0.0237277192532645	0.000812405023376652	0.0188733921747603	9.1252868264628e-05	9.12528682664415e-05
0.00347644041008002	0.00637918688266438	0.0260362442831737	0.916901095849901	0.0228678156224154	8.90626879397988e-05	0.0168182644837753	0.00225472675260503	0.00517716302744536
0.00123938491881023	0.0107075624268605	0.0267138925520816	0.902507836785623	0.0395080571811463	0.000128765748674683	0.011707088841643	0.00403751173406562	0.00344989981109579
9.24985419425534e-05	9.24985419171501e-05	0.0240742977967852	0.899718693559956	0.0438354851874836	0.0112405498154025	0.0124945957354613	0.00835888227911369	9.24985419379034e-05
9.04163928061613e-05	0.00722069674518602	0.0286181365227649	0.899549778996433	0.0426027076474204	0.00935731428835897	0.0123801166215288	9.04163926957777e-05	9.041639280624e-05
0.00142658276216271	0.000271359649523523	0.0265393602308114	0.917662729963246	0.0267733694475404	0.0118692398436534	0.0152485288352801	0.000117272791414965	9.15564763680379e-05
9.19344436272456e-05	9.19344436259954e-05	0.0258339427429477	0.904145491181766	0.0352636515254969	0.012151717622523	0.0147163990035869	0.00294978489634128	0.00475514414008521
9.04470729816174e-05	0.00298712605910309	0.0242921220083174	0.92004655192523	0.0232892114544118	0.0080560391737662	0.0124427448092284	0.00442335685967861	0.00437240063728278
0.000821120792242462	0.00712752589044311	0.0347394515835017	0.910308107594877	0.0264796674025995	0.00668696214840475	0.0136552398460556	9.09623709271046e-05	9.09623709483412e-05
8.78751776334197e-05	8.78751775886917e-05	0.0191224280082311	0.930223484909999	0.0223933993452357	0.00701180350080534	0.0073145301033694	0.00232259373437757	0.0114360100427603
9.16541815824191e-05	9.1654181495494e-05	0.0376745007755774	0.877004944786712	0.0383017784555133	0.00966543919139339	0.0140183691991613	0.00942641076081938	0.0137252484677452
0.00190219882050701	0.000384574895747094	0.0244114351279067	0.91398855814818	0.0212537758694707	0.00990352945128297	0.0157539886269184	0.00551709154636364	0.00688484751362306
9.16849289519948e-05	9.16849289382628e-05	0.0375075216607485	0.89962737739839	0.0266245670114194	0.0103276008128312	0.0116351568797945	0.00944746415628005	0.00464694222264582
0.00593320471066109	0.00120015770553485	0.0649667894914646	0.862066392718213	0.0232122448831716	0.000128389716960972	0.0255474060928773	0.0168170249641264	0.000128389716989665
0.00224784747714222	9.30104174377128e-05	0.0281465355490751	0.921158354365021	0.0363667623745991	9.30104174374256e-05	0.0111100600107449	0.000247537631068291	0.000536881757474217
9.13103208711492e-05	9.13103208428563e-05	0.0359176216133911	0.897637401603118	0.0323761861304987	9.13103208838988e-05	0.0119867059290969	0.0177804982262605	0.00402765553503653
0.000755067753343812	0.00624266190983204	0.0186654874416394	0.926511069161289	0.0273105589396048	0.00462619377395207	0.0157097101130707	8.96254536312013e-05	8.96254536368722e-05
0.000767234846872768	9.03071236157998e-05	0.0315301955877492	0.916052646978739	0.0304106180652109	0.00757563295955289	0.0110843114157837	0.00239874589883871	9.03071236371415e-05
0.00192923787387508	9.27941672141908e-05	0.0290097155693781	0.912379960976667	0.0334925132445106	0.00283703001642504	0.0170460338144809	0.00311992017020815	9.27941672405763e-05
0.00029737606689479	0.0011571527145836	0.023979033251488	0.902465009452752	0.0424692287510897	0.0184268543306756	0.0110322451285285	8.65501519749429e-05	8.65501520131347e-05
9.12048649502051e-05	0.00562375029551962	0.0345934134261556	0.912237310147208	0.0304320191372215	0.00375160851978943	0.0130882838792522	9.12048649509831e-05	9.12048649525846e-05
0.00248696793985898	0.00152851561350344	0.022699346022214	0.911104389819977	0.0318918243509672	0.000126521054885785	0.015735283890922	0.0129436486440294	0.00148350266364236
0.000892767708266506	0.00934995398726129	0.0256904155924054	0.902116157561644	0.0428323225907774	0.00393942594684198	0.0129316937400886	0.00215754371562338	8.97191570910618e-05
0.00326676059749861	0.00474776901644049	0.0282768169180917	0.914027134510181	0.0291397530033436	8.93171620121721e-05	0.0152945716369341	0.00506855999342602	8.93171620724698e-05
0.00330954148876381	9.06670359486385e-05	0.0204207203419528	0.917505789241905	0.0301105465439079	0.00965509240199147	0.0187263088736364	9.06670359298166e-05	9.06670359635575e-05
9.1149608683893e-05	0.00969851554361561	0.0227579997575576	0.903471560482875	0.041377356895891	0.0058985566761349	0.0129631342215272	0.00365057720503126	9.11496086838654e-05
0.00433512311915996	0.00451817566205219	0.0246732308649085	0.917424225416634	0.0301523654460093	0.00385991819092491	0.0122663108518818	0.00207855720771364	0.000692093240716149
0.00013181721050948	0.000131817210396707	0.0359176763131677	0.8996512952771	0.0297366030823207	0.00935945926325723	0.0124786028577339	0.00866295833106219	0.00392977045445179
8.95015582844699e-05	0.00604853489410103	0.0274807881717509	0.921706270008229	0.0216485536765485	0.00290640210566007	0.0136766007931647	0.00128013592954646	0.00516321286271495
0.0116350440805461	0.0152052234089473	0.0184913488514191	0.889286738401623	0.0432691441299946	9.0115520892933e-05	0.01415723615623	0.00777503392953876	9.01155208080694e-05
0.00277363780486379	0.0171067897087719	0.0135086142240336	0.913077177802296	0.0227759903512335	0.00570032130065882	0.0205984737805241	0.00437085522986578	8.81397977527214e-05
9.18321258804294e-05	9.18321258736172e-05	0.04337490056243	0.897050926507951	0.0231364816323801	0.00437278402369266	0.0134263329152532	0.0183630779806562	9.18321258825695e-05
9.15128992274662e-05	0.00632280106507614	0.0227887040500239	0.918950129728617	0.0330384453719938	9.15128992260943e-05	0.0121893560531724	0.00544457957188313	0.0010829583607804
0.0054412234313209	9.21909344332304e-05	0.0296851860165837	0.912690793517488	0.0366082532900499	0.00365255480080335	0.0116454161403773	9.21909344477462e-05	9.21909344959009e-05
8.80613939462387e-05	0.00807578960302386	0.0211603263280394	0.90708649311724	0.0455659437758897	8.8061393935693e-05	0.0119747726824131	0.00587249031156759	8.80613939448398e-05
0.00170528866980024	0.00395452161954202	0.0271845287899913	0.901435325065312	0.043118279306149	0.00116584207199579	0.0146191681894093	0.00672629998988526	9.07462979152303e-05
0.000950243791144629	0.00332453593976986	0.0279999211442461	0.877475706557318	0.0693156529880101	8.97384571441188e-05	0.014745351097883	0.00275707430713203	0.00334177571735206
0.00196896442033918	8.99758675639598e-05	0.0273885166896275	0.901162334113189	0.0406187367914435	0.00463015956479507	0.0186854169853379	0.00536591970012123	8.99758675826254e-05
8.85340211732258e-05	0.00693305415117448	0.0391886273218103	0.908151853054318	0.0251141347742306	0.0170081876854958	0.00333854094955362	8.85340210769937e-05	8.85340211672422e-05
0.00581546162060368	9.05793040547822e-05	0.0317133827495662	0.901009508965488	0.033644007015939	0.0084960654162297	0.0115289814375685	0.00761143418645389	9.0579304096813e-05
9.11986657050479e-05	0.00502690814463359	0.0270590370761199	0.933966368017544	0.0197192925583984	9.11986658754821e-05	0.0138635995401629	9.11986658463424e-05	9.11986657147523e-05
0.00369061591070228	0.0110927202649007	0.0282816807557082	0.918902755879991	0.0166766449027598	0.0023564354683206	0.0188178837300483	9.06315437884679e-05	9.06315437802104e-05
0.000936468674761405	9.34767928176808e-05	0.0312626698362084	0.924866793463934	0.0161407045477568	0.00495051114130229	0.0147222925851124	0.00693360616527217	9.34767928352496e-05
0.00104177019532154	0.00225779602774143	0.0265235447883277	0.9297277488399	0.0266438468398772	0.00145719907105998	0.00928227637208894	0.00237233777594863	0.000693480089735013
0.0068785444271622	0.00312845299975268	0.024051520823779	0.907638754844497	0.0237254014514468	0.0128494875633057	0.0142586517714574	0.00576635019620826	0.00170283592239095
0.000449628488162801	9.48557219577821e-05	0.0324037034108826	0.924531158236054	0.0222205143180099	0.00424543252712445	0.00913672680846925	0.00217209006292417	0.00474589042641491
8.9131104574576e-05	0.0121776940484088	0.0274498969958632	0.919375493652766	0.0241473865885185	8.9131104523636e-05	0.016493004296183	8.9131104594141e-05	8.9131104568451e-05
9.22366762680936e-05	9.22366762532922e-05	0.0320628624258834	0.905346821636579	0.0268295943083948	0.0110319011342791	0.015810140112288	0.00800101157492674	0.000733195455127332
9.03278293162833e-05	0.010764952908825	0.0146981250803337	0.919749881230332	0.0295533322544259	0.0106359884659026	0.0116193530957806	9.03278293009904e-05	0.0027977113057831
9.20328014185297e-05	9.20328013992158e-05	0.0282616612247188	0.914307617746147	0.0317978023580428	9.20328014033464e-05	0.0160701859239574	0.00919460154149025	9.20328014225818e-05
0.00208786315287658	0.0124845723004039	0.0310682255995285	0.902847389246387	0.0297853765508387	9.1459181958804e-05	0.0186029613512404	0.00294069343477084	9.14591819952114e-05
9.31935776489975e-05	9.31935775640758e-05	0.0263152633336329	0.920013949370244	0.0277236371891133	9.319357767404e-05	0.0116692447802378	0.0139051310162411	9.31935776435535e-05
9.03506027173969e-05	0.011948789054579	0.0237659973454362	0.912106369793442	0.0305555828722689	0.00304210705851434	0.014983095377728	0.00341735729259456	9.03506027197143e-05
0.000173344530289726	0.00180461054793732	0.0229798675483517	0.907883956651546	0.035559088205155	0.00878192146427306	0.0156776360739103	0.00704907842840684	9.04965501305416e-05
9.04416918132072e-05	0.0113687166170511	0.0217414326322497	0.912418705930895	0.0242774494065246	9.04416917952438e-05	0.0165072103418903	0.011196550964298	0.00230905072348287
9.15260868933681e-05	9.15260869091452e-05	0.0325790729854393	0.898138885758259	0.0340937164243526	0.00464177216472673	0.0115530361120449	0.0187189382944819	9.15260868927959e-05
8.85688632173398e-05	8.8568863199033e-05	0.0299370734254705	0.910527782020304	0.0255757047819804	0.00620682870860165	0.014290594719081	0.0131963097549301	8.85688632163291e-05
9.24398869841746e-05	0.00112180804407936	0.0244458775250013	0.917590579074718	0.0320488231867588	0.00628476945502297	0.0182308230534269	9.24398870267095e-05	9.24398869820982e-05
9.19879033462311e-05	9.19879033403654e-05	0.0379863835769401	0.899704395873589	0.0317421131601942	0.00314894202729241	0.0152964809407111	0.0118457207112367	9.19879033505189e-05
8.93195902784713e-05	8.93195902551705e-05	0.023781390494308	0.91671655493673	0.0344743256843076	0.0080780357257381	0.0161016837051855	0.000580050682919484	8.93195902775385e-05
0.00851697297632849	8.76154152766352e-05	0.019192363481656	0.902827075947958	0.0249023019099091	0.00842077158125524	0.0090054771686434	0.0112297159917275	0.0158177055272458
8.77541670159484e-05	8.77541670483452e-05	0.0260339542373789	0.914020508982037	0.0316433726993506	0.00268712623767248	0.0131069177373427	0.0122448576051328	8.77541670211874e-05
0.0048579466838142	0.00286962032142822	0.0338954112350572	0.880123291698445	0.0437963967995429	9.28544412759755e-05	0.0179348680466652	0.00864876663095956	0.00778084414281147
0.00400890941899491	9.10604103032955e-05	0.0670473613851275	0.86413018859039	0.0258064905682838	9.10604101928113e-05	0.0177198460976865	0.0210140227087595	9.10604102619736e-05
9.10097700639618e-05	9.10097700482712e-05	0.0239541909836093	0.900544034391694	0.0332610562607208	0.0162837663834555	0.0149321512209561	0.00536988002843476	0.00547290119101746
