Bcells	CentralVeinEndothelialcells	Cholangiocytes	Hepatocytes	Kupffercells	LSECs	Mesothelialcells	PortalVeinEndothelialcells	Tcells
0.00145338972245849	0.00115741675575448	0.00114313672548663	0.956273954833276	0.0234295598522983	0.0113617430470989	0.00385961283045726	0.000128574051070654	0.00119261218209877
0.000132697770077651	0.000132697770048429	0.00325009539499014	0.941694901118643	0.0289025011061123	0.0038038681133084	0.00934490040823284	0.0085576120514167	0.00418072626716993
8.97884573637939e-05	8.97884573367527e-05	0.00107770328564048	0.964998067437873	0.017759460929118	0.00606893890341863	0.00607092395661172	0.00375554011527589	8.97884573614092e-05
0.00457071015936686	0.000761746696236315	0.0363274116408141	0.910482624969617	0.0101524445259052	0.000132863084642657	0.022272016289191	0.0147914519976739	0.000508730636552866
0.0123067673017726	0.0164465648660464	0.00462992590473916	0.94062886933159	0.00957198393757228	0.00414687421334581	0.00985903942740453	0.000943223468569805	0.00146675154895919
0.00243658099249073	9.05067361245411e-05	0.00156993071565	0.960387881886996	0.0204725036012361	0.00870632610946093	0.00615525648587275	9.0506736119166e-05	9.05067360495354e-05
0.000591734915094863	8.96207448687621e-05	0.00685470848723731	0.952928666999563	0.0147515739868203	0.0171855481176422	0.00741890525901468	8.96207448833263e-05	8.96207448750542e-05
0.000199975414639573	0.000136660901376001	0.00360650597629284	0.949041916180378	0.0217928084797746	0.00783276206122234	0.0110185957820817	0.00504427361999383	0.00132650158424082
0.000126274211895726	0.00782546086178623	0.00366808519658531	0.94757075152074	0.013978891785676	0.0167497826338172	0.00911195659357452	0.000126274212215522	0.000842522983708949
0.00166948907137208	0.0014725395849122	0.00572056061881032	0.959655529590721	0.0189964345209809	0.0017076368678198	0.00654150202625474	0.00410287672370357	0.000133430995425023
0.00138967675693354	0.00156556799297607	0.00224346290485621	0.957390881951412	0.0145835544334362	0.00778488304811966	0.00554609800863691	0.00194001071833285	0.007555864185297
0.00109057090252016	0.00175792809797319	0.0192564205932283	0.949939200940015	0.0146149203026389	0.000134586016639892	0.00754030856308454	0.00546823917330441	0.000197825410595794
0.00240799155355616	0.000133241231697839	0.000133241231696749	0.95893497598081	0.0181233643170462	0.00708637064592525	0.00882167026966956	0.00315470781908787	0.00120443695051049
0.0104711264123351	0.00358214340495952	0.0675869668941782	0.845939053434385	0.0183305214644051	0.000129353332634807	0.0238496451002506	0.0299818366241241	0.000129353332727694
0.000776804205696793	0.000133992305215401	0.00797748808049802	0.961383792363162	0.0133510398296284	0.00013399230524683	0.00628097469119814	0.00569496325948146	0.00426695295987288
9.11067144602466e-05	9.11067143984352e-05	9.11067144602825e-05	0.95495824451699	0.0166908667643737	0.0104838374247883	0.00754387199282832	0.00995875244324338	9.11067144574338e-05
0.00227113538183268	9.07479518690743e-05	0.0243191155065988	0.912621994098342	0.0181030327491632	9.07479518084461e-05	0.0137620022263541	0.0078111993314625	0.0209300248025693
0.00202464967558623	0.00432442874360997	0.0164066042050346	0.932507805306121	0.0216066857258154	0.00928309895247116	0.00274426685054354	0.00072406777586276	0.0103783927649556
8.98449209754422e-05	8.98449209227422e-05	0.00410342377054919	0.968606856460145	0.0176970448211519	0.00224569373083328	0.00698760153353422	8.98449209264546e-05	8.98449209621312e-05
9.35716530947101e-05	9.35716530858733e-05	0.0124595796071882	0.947207447263304	0.0125180851162108	9.35716532143666e-05	0.00742068494153836	0.0179996427073221	0.00211384540504108
9.04747372324307e-05	0.00344584498593116	9.04732390537362e-05	0.964146421683833	0.0125846369202707	0.0119673234288694	0.00702405168917872	9.04732391704466e-05	0.000560300076460625
0.000127274966146953	0.000127274966420646	0.000127274966191658	0.971312857746425	0.0119238350899048	0.0049144759650609	0.00504998646623404	0.00195255060553913	0.00446446922807722
9.33319131123536e-05	0.00607815252347357	0.00550505858082326	0.955818139201458	0.0197823832391296	0.00577878516125787	0.00675748555450544	9.33319131155713e-05	9.33319131250444e-05
0.000131439096941426	0.000131439096843493	0.00832741688807206	0.939656563847297	0.023168735765013	0.0134206447327521	0.0132302673963297	0.000883901103897881	0.00104959207285333
0.000126018772726297	0.000126027444154377	0.000126018772600818	0.969020973623567	0.00986469603046982	0.00287353007181019	0.0115535808619845	0.00324489667490385	0.0030642577477831
0.00529637640697431	0.000133065528997432	0.000133065529122894	0.928939775564443	0.028542917100337	0.00634210558697201	0.00538495699227864	0.00575082434399716	0.0194769129468776
0.00663971662964459	0.00398412979866351	0.0215131275286435	0.906024197640911	0.0137508878750273	0.00513676876927686	0.0225431873259461	0.0203161658455913	9.18185862960668e-05
0.00883878888688919	0.000131981922733083	0.00504664791879346	0.949941818685191	0.0212577464714003	0.00652211359129105	0.00329397725361327	0.00483494334728782	0.000131981922800449
9.51036412123213e-05	9.51036411663729e-05	0.0118289547242547	0.955911782358382	0.014237066842213	9.51036411749913e-05	0.00729232816481688	0.0103494533455477	9.51036412317404e-05
9.19690778483254e-05	0.00672848755068336	9.19690778393792e-05	0.959699264856297	0.0100260414554333	0.00725325296051667	0.0110290682986947	9.19690778894671e-05	0.00498797764479783
0.00441758442428182	9.28048444392437e-05	0.00767685695157304	0.954754864733539	0.0137246255821237	0.0161861372416849	0.00296151653344719	9.28048443886919e-05	9.28048445228578e-05
0.000130544718844105	0.00190176293733544	0.00130821763426986	0.964858342873997	0.0181386842541107	0.00234410684241966	0.00419086772340811	0.00483345013231288	0.00229402288330194
0.000128580469018496	0.000128580468969818	0.00397265947538835	0.952282582663569	0.0199493821541016	0.00594885929628179	0.00771881530382403	0.00690571393257274	0.00296482623627449
0.00451802320942394	0.00440402473362249	0.0200529645039087	0.927912405950718	0.0273146775894238	0.000130901877230194	0.00599181736553057	0.00954428289299889	0.000130901877143681
0.00247625302987906	0.0168020683245563	9.07243506185838e-05	0.951193406195186	0.0141497615029505	0.00047470586643641	0.0109617369528745	0.00376061942688031	9.07243506185875e-05
0.000136299747549669	0.000136299747777105	0.0167590654420251	0.954901191062382	0.0124391061036455	0.00549472756413507	0.00268310422852206	0.00388145840564642	0.00356874769831748
0.000708861498375721	0.00122791812024132	0.00170035202983361	0.967870508269918	0.0142117508336369	0.000125974268480745	0.00705186835733825	0.0069767923538689	0.000125974268307056
0.000747793060870999	0.0111854953322376	0.00170268476158494	0.952104727781425	0.0235444101409079	9.44884038869623e-05	0.00169059498871324	0.000534835084047656	0.00839497044632548
8.95179138084181e-05	0.00652212571858557	8.95179138155809e-05	0.951259148136268	0.0238532970067647	0.0105129063994131	0.00749445108377887	8.95179137499006e-05	8.95179138155803e-05
0.00258543975686389	0.00409251507012367	0.00070318359931859	0.954992414601172	0.0152072759395556	0.000134013741500326	0.00484258354784874	0.0144741863054198	0.0029683874381975
8.77887779459324e-05	0.00624820411920049	8.77887779395259e-05	0.950498430481057	0.0228445496101764	0.0160507058913038	0.00138936148664786	0.000285918681518917	0.00250725217420952
0.00459499426492714	9.2130894400151e-05	9.21308944092834e-05	0.955890327933528	0.0219841271867121	0.0110658902973846	0.00609613673979955	9.21308944338843e-05	9.21308944047774e-05
0.00079432528182339	9.1831780391575e-05	0.000523464583131751	0.969388556063738	0.0180226447257549	0.0031888239905915	0.00324250647371592	0.00313308018492409	0.00161476691592852
0.00134492108149798	0.000128444932233735	0.00179560574167801	0.960549114022835	0.016870452691069	0.0115068685560478	0.00561106646743903	0.00206508157508328	0.000128444932115925
0.00473545420059781	8.99881134769694e-05	8.99881135018859e-05	0.959000134506236	0.0179459399812534	0.0107213948903637	0.00723712396756061	8.99881134937415e-05	8.99881135157194e-05
9.04077808850099e-05	0.00308249614251296	9.04077808290412e-05	0.9672056515348	0.012350485409115	0.00743154652184526	0.00471419471922677	9.04077806020905e-05	0.00494440233018375
0.000134136134044506	0.00242858977233591	0.00147782929962368	0.957064927199908	0.0204987328671735	0.00311016012149142	0.00526702860487941	0.00459915043599609	0.00541944556454735
0.00306125850362134	0.000710729842274292	0.00506328865826391	0.958625211835165	0.0180939284475428	0.000132742696909483	0.00792201910955542	0.00576686981696913	0.000623951089698377
0.000920655655744147	0.00863905277401016	0.00174469207089353	0.960460992762597	0.0150023578906527	0.0106829483825614	0.00169156856831966	0.000724714629989578	0.000133017265231973
0.000130109568448238	0.000553676683282928	0.00374040871709651	0.943134869579005	0.0410246757105926	0.00941248270775964	0.00174355789699217	0.000130109568344839	0.00013010956847813
8.75023883014057e-05	8.75023883276587e-05	8.75023883082749e-05	0.95755271594766	0.0218744055772685	0.00883749296773983	0.011234006252102	0.000151369701984044	8.75023883082984e-05
9.26380732067189e-05	0.00588132162317675	0.0120264236717434	0.937213598386983	0.0275442213280408	9.26380732168847e-05	0.00810288080478958	0.00693344040735657	0.00211283763148662
0.00309955922055967	0.00370491160473048	9.29054526354391e-05	0.966833542444717	0.0162266169840181	0.00576792363476401	0.00148800592079356	9.29054524378172e-05	0.00269362928534392
0.000135670407246877	0.000135670407106358	0.00394549497692146	0.957506188124942	0.0207888663164	0.0033397953914242	0.00612564616925814	0.00788699779944404	0.00013567040725688
0.00195405821454269	8.76685673897887e-05	0.00499002872278898	0.947068904716511	0.0206452490270059	0.00910902848757261	0.0110443565688352	0.00501303712797507	8.76685673785872e-05
0.00737615444470664	0.00794399714790043	0.00269832587671095	0.927848762204507	0.027154743846029	0.00785598320501564	0.0124038960525453	0.000126620832538002	0.00659151639004702
0.000702088475264347	0.010973690669208	8.97566214857014e-05	0.948794620535996	0.0213277424305979	0.0086571564016609	0.00927543162281051	8.97566214846414e-05	8.97566214916557e-05
0.00167818507863091	0.0023308690441813	0.00068242438412519	0.967453374009388	0.0109903561716503	0.00292199214300914	0.00398690674880835	0.00464854663060312	0.00530734578960419
0.00222965331131759	0.00550944364078557	0.000375032449938388	0.945228251464645	0.0294722471609419	0.0126251923391679	0.0039441280580291	0.000127904074454697	0.000488147500719686
0.00100367108442167	0.00211570451520772	0.000125159602090869	0.973562858967622	0.0151777069378448	0.000125159602125492	0.00102771844580116	0.00638140739781572	0.000480613447069996
9.35684413564347e-05	0.000154334868405274	0.00731804663493501	0.952933401918722	0.0210093546385622	0.0023579125111722	0.00378437513485252	0.0101475691250806	0.0022014367269141
8.99113412378204e-05	0.00188797012444701	8.99113412427011e-05	0.948368648752796	0.0282045153832907	0.0123502948462014	0.00862480041094022	0.000294036458601652	8.99113412427011e-05
0.00225587551416836	9.03933075665024e-05	9.03933074711e-05	0.958951316135292	0.0169093118233317	0.0158028427191888	0.00571908057805023	9.03933074634307e-05	9.03933074678056e-05
8.92763126766858e-05	0.00429371434391529	0.00338437107314088	0.966397136577237	0.0157021511421991	0.00418411497853894	0.0057706829471506	8.9276312616067e-05	8.92763125253443e-05
8.86040337286598e-05	0.00689658204014164	0.00486190758216177	0.962913476952144	0.0123261994929219	8.86040337126554e-05	0.00650677191752164	0.00622924991393739	8.86040337305791e-05
0.00213682358665104	0.0145690201680093	8.84293787708413e-05	0.965345697198742	0.00837332525001849	0.00107070779231595	0.00823913786791215	8.84293788110684e-05	8.84293787686329e-05
8.84679373854628e-05	0.0131783147761439	8.84679374039765e-05	0.95621490183754	0.0188383465377857	8.84679374797683e-05	0.00835640795005964	8.84679375111049e-05	0.00305815714869084
0.00183474508019398	0.000132046293954393	0.00898005176026532	0.949356970211948	0.0256601247031323	0.00807154807555401	0.00154716983943681	0.00428529774145723	0.000132046294058417
0.00167940560016804	0.0045412806502162	0.00896654830021741	0.951510858906194	0.0159269452990158	0.00474967363694627	0.00667081790225069	0.00307032667656114	0.00288414302843042
0.00144113478375046	0.00502238153226929	8.84476842816477e-05	0.945736025580557	0.0132372834568508	0.00434311335306398	0.00745035616708989	0.0092215317248896	0.0134597257172473
0.000722687357377083	0.000127222480019704	0.000127222479832889	0.950002978443225	0.0283004274021704	0.00934565912337961	0.00797030735594823	0.000127222480004987	0.00327627287804177
0.00223090576470217	0.00262233931464375	0.00505580689761357	0.969251709918821	0.0132721545782815	0.0016483211668066	0.00425398633793806	9.15085143363249e-05	0.00157326750685678
0.0061134640274616	0.000232498801544404	0.00194614742090213	0.95828764966315	0.012874135854808	0.0119530071327065	0.0060008637457013	0.000127849647709085	0.00246438370601732
9.28799096966341e-05	0.00697478499633894	0.00406547121560456	0.956873423364555	0.0204486215727185	9.28799098660183e-05	0.00509751744028664	0.00585415068503393	0.000500270905900162
0.00298039511479488	0.00403877193507503	0.00503521564170397	0.958092155504426	0.0153859073690892	0.000131231517544606	0.0119825440950827	0.00222254730482262	0.000131231517461428
0.0007372999989184	0.00184475378362138	0.00361577539410015	0.941717389573958	0.0237215740340253	0.00865665293660255	0.00320814987514427	0.00979791257937226	0.00670049182425739
0.000130974660782688	0.00349870687411857	0.00146537046951459	0.961697236044921	0.0192243021815078	0.00806182475301596	0.00402602537644817	0.00176458497884927	0.000130974660842414
0.00915917737902673	0.000125425409442537	0.000749738616217673	0.94638754197003	0.00938560821474791	0.0226680555392474	0.00763076988692897	0.00012542540933992	0.00376825757501868
0.000367355767744081	0.000134927560168456	0.0081124599410554	0.93813597193907	0.0336785348762134	0.00476763674206851	0.00356791954816852	0.00266986212783373	0.00856533149767753
0.00140156013158157	9.99826404354486e-05	0.00107770568734787	0.961423433856321	0.0113576986270184	0.00995172960403751	0.0136482281901084	0.000949330177439677	9.03310857098269e-05
0.000133566251855307	0.00105595709898957	0.00238620391849493	0.95524695177703	0.0163697071610935	0.0101156695956507	0.00888509543745934	0.00567328250756325	0.000133566251862945
0.000440077904388451	0.00194098173267125	0.00769651588711318	0.931427175391803	0.0139052724352783	0.00964844670022159	0.00820714407732757	0.0171509630998855	0.00958342277131157
8.8950873340792e-05	0.0101616202426461	8.89508733483715e-05	0.956155846360189	0.0128650963240051	0.00922594910933949	0.0112356844704206	8.89508733662236e-05	8.89508733441491e-05
0.00126603589278778	0.000347890383386906	9.12640147233244e-05	0.957059457631298	0.0188192046211289	0.0121529908833739	0.00833916529537139	9.12640146936392e-05	0.0018327272632361
0.00229682900463649	9.23573348557373e-05	0.00286614170563202	0.945670392885633	0.0322400899344816	0.0084103833188016	0.00698724264796268	0.00133090699628785	0.000105656171708816
0.000843674073012959	0.0013672177300949	0.00286269914899029	0.967169726872116	0.0144545282413935	0.00413100210328152	0.00891092113718552	0.000130115346990669	0.000130115346934194
8.91720625985715e-05	0.000766153550883617	8.91720626025435e-05	0.969292998502394	0.0141744618118757	0.00210810761176186	0.00806140705650717	0.00240972474084472	0.00300880260053171
0.00456049353196519	8.99299298097355e-05	8.9929929837661e-05	0.950105722621192	0.0168369682966051	0.0146833891562227	0.0102321683438815	0.00331146826064872	8.99299298376613e-05
0.00289552240979601	0.0129917526568121	0.000126786008897834	0.9383922124433	0.0233817160026148	0.000126786008791349	0.0148188938538661	0.00292541138902749	0.00434091922689482
0.0017911363054324	9.54403339212327e-05	0.00674194603451111	0.960581270441277	0.0122596656247774	9.54403340195746e-05	0.00410998669739603	0.0099710932076944	0.00435402102097115
9.30831142364982e-05	0.00389821960437535	0.00538813504560255	0.946248177195965	0.0186965032355911	9.30831142315943e-05	0.00424320863581874	0.00403555830014206	0.0173040317540375
0.00121820454453675	9.17941285399591e-05	9.1794128544107e-05	0.953138191841464	0.0281655163333481	0.0126563466109735	0.00445456415547652	9.1794128577683e-05	9.17941285395245e-05
0.00815090341367443	0.00374216137283237	0.00139288685733212	0.936845006349987	0.0375566225045578	8.98251024034794e-05	0.0120429441947442	8.98251022336962e-05	8.98251022350549e-05
0.00460090501430623	8.94731347726126e-05	8.94731347397972e-05	0.959692288619157	0.0118685317064063	0.0143549384001935	0.00251926549711697	0.00382790646572364	0.00295721802758437
9.08707340825223e-05	9.08707340294396e-05	0.00214690952417408	0.952741215399292	0.0201239200412183	9.08707340804019e-05	0.00488473194794676	0.0106452090217983	0.00918540186337821
0.000133531988842141	0.0044260589014552	0.00210157380375159	0.958684048173123	0.0211221015593208	0.00269472249889522	0.0025368043204876	0.00178726824329191	0.00651389051083246
0.00336673294364259	8.81991314266884e-05	0.00232252228934114	0.960094933200091	0.00875295117432199	0.020236802747707	0.0046132870306059	8.81991313799733e-05	0.000436372351484013
0.00102000848141713	8.92756223984088e-05	8.92756224554856e-05	0.947975592847963	0.0259231739413237	0.0169983327606351	0.00772578947878709	8.92756225648943e-05	8.92756224552797e-05
0.00982411132034292	0.0065807307471635	9.18101686070764e-05	0.951922442356175	0.0218698219054465	0.00199445605139779	0.00753300711368231	9.18101685760002e-05	9.18101686089807e-05
0.00126542776763254	0.00355987891324953	0.065004653577101	0.88326608982569	0.0122410839901606	0.000131754573346321	0.0162484341656862	0.0170905209608681	0.00119215622626561
0.00454625506216749	0.00692470546584261	0.0036141260775458	0.94859947380671	0.0195558771913003	9.09972466506751e-05	0.00475293808568884	9.09972465277535e-05	0.0118246298175664
0.00452298948535202	0.0116347524400439	0.000129664041353638	0.952123520658297	0.0215880796634334	0.00452913923039303	0.00457707149092533	0.000765118948854581	0.000129664041346778
0.00388583407253321	0.00153746550983097	0.00586495113466534	0.941767637941653	0.0231916447201118	0.00497414639269224	0.00654676793140641	0.00110825300348834	0.0111232992936187
8.98934520707765e-05	0.0133480145264519	8.98934521243713e-05	0.94630143062664	0.00873601742601657	0.00278732682510075	0.0212606275321152	8.98934521360452e-05	0.00729690270734468
0.0046700343335938	0.00730556178396411	0.00210748824591209	0.939755247510925	0.0196623268528973	0.0131876392368688	0.0130573900474992	0.000127155994197408	0.000127155994142666
8.91833057179034e-05	0.0079677461445202	8.91833056941145e-05	0.948378007936568	0.0134674887214076	0.00869071262025796	0.0137733848334933	0.00470476403935359	0.00283952909298757
8.78909197985114e-05	8.78909197373668e-05	8.78909198036378e-05	0.951104716584749	0.0181548826705021	0.00772312542947772	0.00207122847120323	0.00420720630632829	0.0164751677784
0.00370625296736142	8.76915118190467e-05	8.76915118427005e-05	0.96419238878142	0.0127515612662912	0.00729645620287445	0.00445505822842796	8.76915118113252e-05	0.00733520801815226
9.0754233625457e-05	0.00842243641922337	0.00271992309952462	0.952440159541307	0.016947906393191	0.0060274011025535	0.00958076858322634	0.00312097169602736	0.000649678931321706
9.34264267637826e-05	0.00109970292843899	0.019324907904813	0.938184442005314	0.0169250612304046	9.34264267223895e-05	0.0079170670266661	0.0162685396241283	9.3426426748316e-05
9.07679354571977e-05	0.00224168449066084	0.00126601174123014	0.964416564205116	0.0112468850589737	0.00578039481480551	0.00932527251347752	0.00208699763969485	0.00354542160058456
8.94580462080037e-05	0.00478570096712348	8.94580462327504e-05	0.959342100956403	0.0113101462405782	0.00524173489631817	0.0098189149846249	0.00748068089617648	0.00184180496633522
0.007708524822563	0.00758782206414576	0.00832689072482759	0.951386827161068	0.0100561168194017	0.00202663731852606	0.0116697991067821	0.00110558767167513	0.000131794311010338
9.07434553583042e-05	9.07379396320511e-05	0.00465848190698374	0.969477378066933	0.013079963106925	0.0043196851967698	0.00708502637947957	9.0743455334757e-05	0.00110724049258388
0.00118979613918853	8.84881220955759e-05	8.84881220527679e-05	0.971200150778482	0.0107484755345043	0.0105728649360528	0.00408420731396723	0.00193904093160821	8.84881220482078e-05
0.000854751402304743	8.95243180134844e-05	8.95243181286435e-05	0.963544781602051	0.0171404167691139	0.00981200188596226	8.95243181172375e-05	0.00455856230023183	0.00382091308607684
0.00031581582097978	0.0115730684075147	8.92416523538552e-05	0.960585499773837	0.00885822184115966	0.0097180093560325	0.00707439673695983	8.92416523408299e-05	0.00169650475882156
0.00384948847833093	0.00197153174546832	0.0117940112265244	0.941735630798819	0.022278491425716	0.00204377500216815	0.0083643123622183	0.00782948795984646	0.000133271000908337
0.00166858349131841	0.000134866247624217	0.00217934565319846	0.953077490329816	0.0253104649957725	0.00860192143193996	0.00356246017093069	0.00533000143175432	0.000134866247645066
9.09109071577237e-05	0.00795075385932748	9.09109071721651e-05	0.958144523654317	0.0174043095728644	0.00692890242987226	0.00708765118713734	0.00147159992924729	0.000830437552904142
0.00133204071343175	0.000130104961270136	0.00785545397649104	0.957958027731919	0.0145294251583018	0.00625062557108118	0.00649475314668106	0.00531946377953189	0.000130104961292281
8.74799565551364e-05	0.00148552585802742	8.74799565613988e-05	0.953768608760964	0.0208129439314656	0.0134464313224607	0.00868045757104119	8.74799567347093e-05	0.00154359268618988
9.02377037476472e-05	0.0100608397893573	9.02377037477804e-05	0.939166643465927	0.031734902318199	0.00722434433530475	0.00736528340945969	0.00134972799100851	0.00291778328324878
8.92708919577544e-05	0.00578429874841323	8.92708919463253e-05	0.957571306389157	0.021404128192033	8.92708920244987e-05	0.00875847661127832	0.0061056459207379	0.000108331462452193
0.00054284751332999	0.0131462533687796	0.00236964048928793	0.932990048345764	0.0194072499903971	0.00873860077593337	0.0153898463214862	0.000125387034797916	0.00729012616022346
0.00152558107155071	0.00277787380629495	8.99814361519326e-05	0.978336249998607	0.0103475788203787	8.99814361149049e-05	0.00478856925880202	8.99814362082266e-05	0.00195420273589188
0.00225875593507731	8.97547394814547e-05	8.9754739568189e-05	0.954687611240099	0.0256935196759379	0.00439387163669385	0.00612590100962118	0.00657107628395164	8.97547395690943e-05
0.000498232983096103	0.0160700200350251	8.82835582967819e-05	0.947891640774246	0.0195263243372688	0.00501610109608284	0.0107328300994131	8.82835582742735e-05	8.82835582974108e-05
0.00232854826673127	0.00328991034425465	0.00154320895471608	0.964523025754196	0.012844433248458	0.010376903166254	0.00483414957565172	0.000129910344835801	0.000129910344902267
0.000133540644860054	0.00860843693065306	0.0047655926844907	0.949717705724306	0.0252948781180389	0.00061877729903304	0.00766447555271791	0.000133540644920498	0.00306305240098005
9.19712922779915e-05	9.19712922993931e-05	0.00321782755846489	0.976987057394203	0.016098966545856	0.000222310204739788	0.00310595312757482	9.1971292296366e-05	9.19712922875896e-05
0.00309521753347762	0.000134232044219304	0.00169241309095725	0.967451449403884	0.0189203680865676	0.00107597417201188	0.00420685274078154	0.00328926088380878	0.000134232044292564
0.00199018798863083	0.00329212595553181	0.000336741031899455	0.95970510401605	0.0213518658471351	0.00111107838901632	0.00961062399071775	0.00251241074454231	8.98620364767238e-05
9.23764258497951e-05	9.23764257922262e-05	0.00137119549364714	0.945060873487338	0.0282524404704021	0.00248662600142753	0.00841472586973662	0.0128640909544905	0.00136529487131581
9.07277563054231e-05	0.00764237207871253	0.00352706030551046	0.962370164370276	0.0176282025315446	9.07277563088139e-05	0.00453474459194463	0.00402527285308299	9.07277563142443e-05
0.00128581818122238	0.000130989826422654	0.0027628566865428	0.967654638637863	0.0171659295897831	0.00635332814388202	0.00213184386956275	0.00238360523868062	0.000130989826040874
0.000128856458757262	0.00012885645866961	0.00231172889043575	0.959535163288621	0.0169084472591942	0.0100391380237767	0.00663033743624987	0.00145723476199607	0.00286023742229946
0.000125276624281935	0.00311213842111879	0.000678431373449679	0.958678138598637	0.0149132703791223	0.0112437702792242	0.00751761477408157	0.000125276624342956	0.00360608292574182
0.00234707661258919	0.00841570297087283	0.000896480477825654	0.95106478689744	0.019212012636743	0.00926832308906789	0.00853505560407635	0.000130280855669055	0.000130280855716322
0.000636839629709986	0.013095563488902	0.00123580021923547	0.942728483382281	0.0201808847223427	0.00551920005719368	0.00915165407634058	0.00425531174162057	0.0031962626823742
0.000134690720648068	0.00187431715669411	0.00809634321162082	0.94738044984929	0.0239221562527857	0.00871978077375606	0.00764249153100285	0.00209507978356661	0.000134690720636128
0.00248908641473819	0.00441318166071861	0.00835874044119039	0.956606194400317	0.0151678947458778	0.00315782861306458	0.00955111825332136	0.00012797773541247	0.000127977735359108
0.00477631692973371	0.0020046175724471	9.24105623582715e-05	0.960124147611571	0.0182116223978396	0.00987272946927617	0.00473333433209768	9.24105623224616e-05	9.24105623536395e-05
0.00185090753653691	0.00153109654758244	0.000295484173063836	0.958208423706983	0.0165019457923144	0.0104895014705137	0.0108666194646732	0.00012801065399284	0.000128010654340169
0.00117538449069756	0.00691890850967652	8.90277984545433e-05	0.961858446281571	0.00955078322839318	0.00570882017974656	0.011531706959833	0.000630655044109293	0.00253626750751832
0.00147223386274358	0.000130969775212895	0.0146922324088329	0.933220746506791	0.0237152033985356	0.00226953919477393	0.0131248426568209	0.0099893014687858	0.00138493072750322
0.00253371418744573	0.00565648996972603	0.000125977446246356	0.961078011220593	0.0123563413701701	0.00333775072740401	0.00662525600212266	0.00686823953533629	0.00141821954095568
0.0046983721169328	9.33053158940334e-05	0.0259932010202511	0.921241188656586	0.00875670286221956	9.33053159511753e-05	0.0114891206894713	0.0168095964069558	0.0108252076157379
8.89112879733329e-05	0.0178398580538988	8.89112879219592e-05	0.955982228135987	0.0103157394751267	8.89112880316721e-05	0.0115369577954526	0.00396957138768425	8.89112879233869e-05
9.32430842999115e-05	9.32430842891999e-05	9.32430842783904e-05	0.958918340953746	0.0192470547658482	0.00432424849145244	0.00849781745663152	0.00863956599518042	9.32430842738752e-05
8.78175964323631e-05	8.7817596405993e-05	8.78175964252522e-05	0.957769290372561	0.013117065169895	0.0120955563497716	0.00944718745820336	0.00261225464407001	0.0046951932162351
0.00808136759879647	0.000126171932258634	0.00012617193223789	0.939524071047153	0.028040739679486	0.0165553777054786	0.00638474075566399	0.00103518741668738	0.00012617193223789
9.23042019568684e-05	9.23042019905998e-05	9.23042019616381e-05	0.949268868925886	0.0349973999643879	0.00849151964367686	0.00139650378698549	0.0025833720538272	0.00298542301932791
0.000413290772788784	8.66331158524586e-05	0.00106404073905932	0.963903890393546	0.0158073111931083	0.00711116926217573	0.00855541358449153	0.00297161782310272	8.66331158746841e-05
9.16408834424158e-05	9.16408834349907e-05	9.16408834609907e-05	0.959891607301754	0.0168998018619823	0.00132991486796604	0.00310937280181471	0.0127349353842927	0.00575944513185195
0.00849817237941232	9.27840805351574e-05	0.0141548462753115	0.94957512496661	0.00963684341761866	0.00569971791179951	0.0120052494986897	9.27840805657614e-05	0.000244477389457034
9.02187062726359e-05	9.02187063709943e-05	9.02187062885567e-05	0.96636736842917	0.0113095695586009	0.0107231329134894	0.0048295925791692	0.00372246736755499	0.00277721303308351
8.9233347126429e-05	8.92333471481766e-05	0.000917831250359708	0.969550055887605	0.0175648081917154	0.00293869742452003	0.00867167385719144	8.923334719901e-05	8.92333471343843e-05
9.34151658168017e-05	9.34147841552595e-05	0.0249753052008228	0.935785728718248	0.0137133154941432	9.34151658259632e-05	0.00727813724402992	0.0152342247358827	0.00273304349107509
9.18065192464842e-05	0.00354503391221374	0.00681775687752995	0.945701922082695	0.0176323332106366	0.0095639145654839	0.011537817872205	0.00501760844075443	9.18065192347412e-05
9.04122577848299e-05	0.000624468260259602	0.00594467401884217	0.96093275018046	0.0241665017331356	0.00322885452859082	0.00483151450535047	9.04122577554896e-05	9.0412257820664e-05
0.00285538358751399	0.00525532368853222	0.00100276489511116	0.961304129473098	0.0136047522830052	0.00370767933132795	0.0120891489454549	9.04088979658415e-05	9.04088979905797e-05
0.00291877064662544	0.00714589060722161	0.000126078845477218	0.962509848806395	0.0115396794052049	0.0023702019038513	0.0093526109750396	0.000126078845394933	0.00391083996478962
0.00136910822186547	0.0100100566409325	0.00149204065474179	0.947344280210196	0.028686351661606	0.000128433454928043	0.00635146234013131	0.00229270065765618	0.00232556615794254
0.000648154857887339	0.000132897653425635	0.000865484607477757	0.948179779692788	0.0294944701157515	0.0150139931023011	0.00308472294314298	0.00242913882951987	0.000151358197706135
0.000129959105164975	0.00644132466217328	0.00156791557309245	0.942527089052273	0.0301790734314889	0.0103376701847813	0.00722095069205561	0.000129959105067316	0.00146605819390296
0.00154242141253315	9.20556767973268e-05	9.20556768743761e-05	0.961339056534816	0.0167072842272028	0.0118127318763122	0.00688092567685925	0.00144141324175249	9.20556768522029e-05
0.000132364150160099	0.000132364150060021	0.000132364150181137	0.94843874994753	0.0244923777276799	0.0141923965697222	0.00697788489841624	0.000595558628661016	0.00490593977758971
8.87172378323087e-05	0.00315226269956982	8.87172378268661e-05	0.965506017572206	0.0123386857007649	0.00910611391500418	0.00354392974980051	0.00213042804259458	0.00404512784440139
0.00132697244972375	0.00352145574160077	0.00012996268439074	0.962244002262608	0.0175540228635146	0.00922366056484891	0.00573999806464817	0.00012996268434768	0.000129962684317542
0.000932791326301309	0.000127089259386734	0.000721284077373434	0.963171711626732	0.0139010823095553	0.0093063693356737	0.000578748894667535	0.00229984490569473	0.0089610782646149
0.000132038097738174	0.000426171036469228	0.0117503343328456	0.924623366188814	0.0275233544603314	0.00788574442843992	0.00780992966984151	0.0090459109675912	0.0108031508179289
0.00187066520461448	0.00029177220283343	0.00133962485451892	0.956897342494822	0.0107039938210224	0.0117841062121118	0.00536631471121029	0.00463595290015259	0.00711022759871386
9.19189905947515e-05	9.19189906248142e-05	0.0140984738854622	0.946941186528106	0.0163331475774351	0.0162485069463452	0.00236787642889236	0.000236463056507326	0.00359050759603241
0.0104325040219894	0.000343099185411718	0.0519071199405061	0.887607194483761	0.0123974190513256	9.0762593748611e-05	0.0221994474724937	0.0149316906570047	9.07625937593098e-05
0.00331294092667035	0.000317599922276959	9.29671101548965e-05	0.963968638299066	0.0239189426706665	9.29671101631514e-05	9.2967110158244e-05	0.0049954782921575	0.00320749855868659
9.26866903841566e-05	9.26866903380469e-05	0.00476815029930294	0.948853502199974	0.0213267071323673	9.26866902909738e-05	0.0070871195665162	0.0137878045668491	0.00389865616397693
0.000818614193824601	0.00530547498912613	8.87077734936088e-05	0.965101015724903	0.0156733611527052	0.00604043562757291	0.00679497499129035	8.87077736350296e-05	8.87077734491259e-05
0.00117746642707524	0.000128995854899115	0.00541178307336876	0.960419704448579	0.019924555743024	0.00729724170353277	0.00194489422744041	0.00256326650491951	0.00113209201716135
0.00152734231382176	9.26028277178971e-05	0.00413912495587381	0.958378159312659	0.0219446184669994	0.00381732966057193	0.00991561680677935	9.26028277872178e-05	9.2602827789014e-05
0.00190861045771332	8.73176081834524e-05	0.00231848801500593	0.937359912103242	0.0293136642690024	0.0203580590954395	0.00691817398328511	8.73176081739066e-05	0.00164845685995478
0.000131902961483152	0.00569788406306627	0.00516631825674243	0.955958384644447	0.0197002963809683	0.0047005554530289	0.00678537802826729	0.000131902961488706	0.0017273772505075
0.00252141105252419	0.00132883739923455	0.00012593601851196	0.955276797888329	0.0198289206429393	0.00607201181334524	0.00872042734190485	0.00428150550133164	0.00184415234187934
0.000166199670194526	0.00609710098138824	0.00149253208660824	0.940027549038235	0.0298078720412523	0.00652287427092125	0.00702457026613898	0.00285280272115213	0.00600849892410906
0.0031859002526543	0.00232103336703625	0.000127504689082703	0.96015596818758	0.0195320381606756	0.00343187660916857	0.00774985928387009	0.00336831476079608	0.000127504689136286
0.00376181819375842	9.07716844125781e-05	9.07716844452972e-05	0.955387846069642	0.019734283111646	0.00867615210933335	0.0120768137778227	9.07716844993527e-05	9.07716844402082e-05
0.00171141486953802	0.00657577993177185	9.11590409957154e-05	0.942321080501446	0.0276057779608337	0.00882722800400786	0.00712545671708635	0.00565094393332973	9.11590409911387e-05
0.00407440682633122	0.0039844952021217	0.00183252188909172	0.959439238425988	0.0184134786299121	0.00461013162381421	0.00557617307266487	0.000792924869093838	0.00127662946098187
0.000131485219491088	0.000945955167939141	0.00409754156648813	0.948760187641292	0.0190004516998916	0.00932547333788276	0.00628844351561511	0.00710050642999559	0.00434995542140485
0.00052867658177108	0.00401258916039976	9.04851784698694e-05	0.962857232779707	0.0125624159963901	0.00688530327132601	0.00655839370243981	9.04851784061625e-05	0.00641441815109012
0.0105777618055799	0.0091909914002749	9.07888795225101e-05	0.93049969357952	0.030387383414579	0.00693946641290862	0.00761524903428596	0.00460787659380466	9.07888795242629e-05
0.00194424202423776	0.0127386972835276	8.8109739220661e-05	0.946771803566464	0.0113968505563884	0.00992600689901437	0.0152012990483549	8.81097392206243e-05	0.00184488114357213
0.000131784223380142	0.000131784223396205	0.00757956672151964	0.95090039923713	0.0136737978781883	0.00714065363979664	0.00300327601437591	0.0147749180597813	0.00266382000243183
9.06528256470154e-05	0.00409490392913078	9.06528256409273e-05	0.960515471914095	0.0218892055842471	9.06528253501742e-05	0.00593833058981133	0.00613850154866684	0.00115162795741032
0.00632206731661496	9.25871988390276e-05	9.25871988981171e-05	0.963079140968742	0.0218801006555143	0.00571875417144245	0.00262958809221651	9.25871988380687e-05	9.2587198894051e-05
0.000125368203603853	0.0072162110979613	0.00142381173965959	0.946148974049017	0.0306323314621285	0.000125368203689025	0.00722380264186487	0.00697876439845771	0.000125368203618546
0.00219053970345589	0.00722275803171685	0.00418823698280343	0.940209665925252	0.0307078685444879	0.00171525899109282	0.00986257331666189	0.00377468105969512	0.000128417444833873
0.00679903993433488	0.0054391043988904	0.000259895632470707	0.916387265338285	0.0537265551395509	0.00259489620009652	0.0114393932942277	9.1098483194607e-05	0.00326275157894942
0.00215496247607291	8.9837871480464e-05	0.00179614223823872	0.947241323345351	0.0265604188910191	0.00676877029869105	0.0147356172490241	0.000563089758650934	8.98378714720086e-05
8.88530934566119e-05	0.00867931554360386	0.0101401790512755	0.948599320609638	0.016811393361823	0.0141962641020275	0.0013069680512563	8.88530934484738e-05	8.88530934703698e-05
0.0061325186658074	9.09236632812717e-05	0.000322604030638378	0.948850081713037	0.0235889653934477	0.00899991659474031	0.00477474505201489	0.00672344737818272	0.000516797508850651
9.04375542614763e-05	0.00553622798769953	9.04375542502678e-05	0.975841346222371	0.0107015235077356	0.000949621291547719	0.00477669562570621	9.04375542262128e-05	0.00192327270220165
0.00352340694833256	0.00172087396818559	8.96034422028538e-05	0.965034394404164	0.00908893876457041	0.0101415862253013	0.0102219893627946	8.96034422165433e-05	8.96034422324292e-05
0.000816363930837928	9.40956797176271e-05	0.00518794572286448	0.964675538388023	0.00766286949674744	0.00525697510471485	0.00709832661612705	0.00911378938122147	9.40956797463649e-05
0.000895620605303649	0.00511835661858115	8.98783395278791e-05	0.973495711706201	0.0145752152373205	0.00265382933567821	0.00169634816432814	8.98783394576062e-05	0.00138516165360182
0.00800923519219823	0.00222004594971564	0.0026716375009434	0.946132479267923	0.0145438565893975	0.0157080206354942	0.00754160189941113	0.00157390667245713	0.00159921629245994
0.000555991478306417	0.000136198885802938	0.00610412843167359	0.964582078837431	0.0128982537738274	0.00519576543393968	0.00210363289384474	0.00255913095880694	0.00586481930636713
8.89727641402733e-05	0.00895396992088555	0.00406388966759068	0.957366228138108	0.0143050933349424	0.00385689708773995	0.0105020749498278	8.89727643128083e-05	0.000773901372452642
0.0001327683113273	0.000202272798530433	0.00286245844270302	0.948321499844643	0.0170122917244827	0.012561596711571	0.0139172341299743	0.00413529643807047	0.000854581598698031
9.0071468216445e-05	0.00603027389991326	9.00714682172855e-05	0.950191902276466	0.019750724248493	0.0148862667122774	0.00524110032837773	9.00714682297708e-05	0.00362951812980895
9.12580637977427e-05	9.12580638059937e-05	9.12580638192512e-05	0.958732347567842	0.0218706614958983	9.1258063810571e-05	0.0105652003490619	0.00837550026815371	9.1258063810625e-05
0.00192028949351147	0.0132105899753233	9.08245149812506e-05	0.953499353859738	0.017671823935773	9.08245150099699e-05	0.0122520892206256	0.00117337997006107	9.08245149760849e-05
9.39281375682353e-05	9.39281376351631e-05	9.39281376064923e-05	0.968042313285685	0.0184185621677664	9.39281376019372e-05	0.00109651579980796	0.0107195317312107	0.00134736446511791
9.05089129803686e-05	0.00629016574323769	0.00190421130790331	0.955572691290192	0.019690924908335	0.00390481870965434	0.00777471709810669	0.00468145311661096	9.05089129796135e-05
0.00268257312067268	0.00173835548931093	8.97998195315589e-05	0.947504126896646	0.0235152750329085	0.0122314014464363	0.0101104821805313	0.00203818619443145	8.97998195315583e-05
0.000651037688388655	0.0106017430011422	9.06719582649929e-05	0.95391853162939	0.0141277826702139	9.06719584160749e-05	0.00968858809698716	0.00861421994342268	0.00221675305377443
9.21211200338549e-05	9.21211200737932e-05	0.00811673857579697	0.941392940307333	0.0239883278032145	0.00741477156735957	0.00461666460966531	0.014194193776492	9.2121120031223e-05
8.94623216687753e-05	0.00140933496150021	0.000881972267982214	0.957295516413109	0.0163937740080614	0.00980226994731809	0.0109778168249082	0.00306039093377489	8.94623216776955e-05
9.27252319244423e-05	9.27256122294696e-05	0.00282477169823002	0.954107003549799	0.0200648204703009	0.00892998660754149	0.013702515605681	9.27256121034241e-05	9.27256121901447e-05
9.34976543330074e-05	9.34976543775141e-05	0.00704353451026692	0.948059579276534	0.0215520648215735	0.00594560673638542	0.00770920255694297	0.00874037596553116	0.000762640824055535
0.00109951360970438	8.98620466716724e-05	0.00183991721924849	0.952887932668409	0.0240728622478959	0.00932001028350382	0.0105101778311122	8.98620467329367e-05	8.98620467217771e-05
0.0071857854067474	8.83058918191526e-05	8.83058918095495e-05	0.941609332562265	0.0166022877337938	0.0079350324211467	0.00207423492609181	0.00952449538223876	0.0148922197840884
8.91188428485961e-05	8.91188428600995e-05	0.00483382141419697	0.955980740634105	0.0201501147685135	0.0120716863098918	0.00432169888753371	0.0023745814571906	8.91188428597168e-05
0.00323700307568492	0.00336562661610514	0.00697681624538421	0.929894963794524	0.0320136080529312	0.00013289356934865	0.0110432345341427	0.00695632503599207	0.00637952907588757
