Basophils	Bcells	CapsularFibroblasts	cDC1s	cDC2s	CentralVeinEndothelialcells	Cholangiocytes	Fibroblasts	Hepatocytes	HsPCs	ILC1s	Kupffercells	LSECs	LymphaticEndothelialcells	Mesothelialcells	MigcDCs	MonocytesMonocytederivedcells	Neutrophils	NKcells	pDCs	PortalVeinEndothelialcells	Stellatecells	Tcells
3.48037483198727e-05	0.00236215033746907	3.4803748319873e-05	0.00502168106333888	3.48037483198733e-05	3.48037483198728e-05	3.48037483197649e-05	3.48037483130409e-05	0.840786785784809	0.00810915338547042	0.00377883905504571	0.0554819277453731	0.0428109412216319	3.48037479969643e-05	0.00500208868511919	0.00473886813492093	0.01890393391731	3.48037481292167e-05	3.4803748319674e-05	0.0051639986015593	3.48037483198728e-05	0.00745679083695247	3.48037483215466e-05
0.0001318431703365	3.59982498500496e-05	0.0139862280387132	0.0070173811829262	3.59982498662324e-05	3.59982498558486e-05	0.00484545444128538	0.00516871276711038	0.810038366023762	0.00498111394459157	0.0024457034729672	0.0704912286763274	0.0321580583259712	3.59982498078867e-05	3.59982498558482e-05	0.00276837712751449	0.0161573479318042	3.59982479257083e-05	3.59982498283843e-05	3.59982498558486e-05	0.0107660400329491	0.00996189545017866	0.00879426341671653
2.47739361669039e-05	2.47739361612832e-05	2.47739361680781e-05	0.0316922361579265	2.47739361680775e-05	2.47739361680794e-05	2.47739361680787e-05	2.47739361680719e-05	0.852105940670659	0.00449530833609677	2.4773936168079e-05	0.045016083039155	0.0356770830251064	2.47739358768059e-05	2.55040757735113e-05	0.00629273138661963	0.00646415347357182	2.47739335071303e-05	2.47739361722245e-05	2.54179154036674e-05	2.47739361680791e-05	0.0178834807524583	2.47739361680788e-05
8.39725690039729e-05	0.00206775005785494	0.0189659602868353	0.0169230719414186	3.50936728961325e-05	3.50936728961321e-05	0.039633856475983	0.0249150520752998	0.770661994096854	0.0149839512035382	3.50936728961331e-05	0.0258030258224227	0.0148183949066267	0.00212912291697701	0.00906420833511325	0.00348427241139651	0.00634327957602469	3.50936730728702e-05	3.50936728979185e-05	0.00378548811736677	0.0284131875332196	0.0177128496365077	3.50936728978841e-05
0.000311071281771338	0.0241214633786176	0.00917762317027815	0.0115274926329424	3.35029201559879e-05	0.0462874193993225	4.19213937202858e-05	3.35029201563415e-05	0.800948967664307	0.006966770114527	3.3502920156349e-05	0.0269867025506249	0.0205760997403206	3.35029201233863e-05	3.35029201563407e-05	0.0185878386891311	0.00782363635946929	3.35029201616309e-05	3.35029201542399e-05	0.00890426095667171	3.35029201561991e-05	0.0174372063869203	3.35029201556337e-05
0.00426003997041393	0.00554671645610642	0.00403647643434033	0.0227767918116186	3.56175448706151e-05	3.56175448706123e-05	0.00159053487741663	3.56175448706142e-05	0.848778593292902	3.56175448706128e-05	3.56175448706134e-05	0.0574493916734739	0.03439319909632	3.56175451964177e-05	3.56175448706129e-05	3.56175448706129e-05	0.00333732279655564	3.56175444665465e-05	3.56175448483851e-05	0.00506436491944849	3.56175448706134e-05	0.0123391581330548	3.56175448723903e-05
0.00122914791484337	3.43688799640432e-05	0.0126067140384396	0.0139362432645093	3.43688799557225e-05	3.43688799557248e-05	0.00449788777651316	3.43688799557197e-05	0.836117988633181	0.0117659568062249	3.43688799557258e-05	0.0359217166447932	0.0551390347846681	3.43688796486189e-05	0.00562995632568837	0.00744245483085664	0.00850795360793149	3.43688814987983e-05	3.43688799579981e-05	0.00608730605720801	3.43688799557235e-05	0.000773950514340125	3.43688799550119e-05
0.00295053829215332	3.63936797735335e-05	0.000716781789367005	3.63936797831351e-05	3.63936797813296e-05	3.63936797813264e-05	0.00430914555216054	0.000955568766763012	0.833351230763817	0.00896378822701019	0.00268831583620544	0.0530751158527317	0.0398476921601015	3.63936788962341e-05	0.00957172183761406	3.63936797813261e-05	0.0213171900297261	3.63936795770816e-05	3.63936797866293e-05	3.63936797813256e-05	0.0025594835522028	0.0193294905434294	3.63936797756111e-05
3.48005599442102e-05	3.48005599403327e-05	0.0104594166078059	0.0165811684877273	0.000486622283857448	0.019930310841811	0.0031208010089855	3.48005599428875e-05	0.817842021146938	3.48005599439e-05	0.00148878311469169	0.0381154654660766	0.0560067012477432	3.48005598946884e-05	0.00099315704080182	0.000951666920680716	0.0132882529275694	3.48005607947204e-05	3.48005599432451e-05	3.48005599439012e-05	3.48005599439004e-05	0.0121728780539174	0.00824954981110167
3.66684553876507e-05	0.00106666035011502	0.0091579179247809	0.0102036802223522	0.0168472453087751	0.006072151574567	0.00669434580499874	3.66684553701863e-05	0.852837498136861	3.6668455382816e-05	3.66684553828195e-05	0.0538756993959214	0.0219075690984643	3.66684550646829e-05	3.66684553828159e-05	0.000123753057110063	0.000954484392691987	3.66684557168062e-05	3.66684553909899e-05	0.00862212121022137	0.0039585529280893	0.00734830449658776	3.6668455384645e-05
3.58689038709064e-05	0.0044766855292693	0.00495189067301096	0.00421325942764033	3.58689038567149e-05	3.58689038567155e-05	0.000609390900859065	3.58689038567169e-05	0.83974045743794	0.0127975081311632	3.58689038567147e-05	0.0308919576642701	0.0335346344131765	3.58689038834305e-05	3.58689038567175e-05	3.58689038567158e-05	0.0194488071587811	3.58689046928739e-05	3.58689038587319e-05	0.0164333966176247	3.58689038567161e-05	0.0146369057212926	0.0178705483816688
3.65415162912947e-05	3.65415163048642e-05	0.00414306931708516	0.0168861665595198	0.00642965773755486	0.000474476638231369	0.0271269931123959	0.00406141714325766	0.830367609533639	3.65415162946718e-05	3.65415162946708e-05	0.0392507020383967	0.0340291852120514	3.65415162872911e-05	0.00922048586356637	0.000513093609718006	0.00555160485878875	3.6541516291146e-05	3.65415162903475e-05	0.0100264770666637	0.00103626080035454	0.0105904683784284	3.65415162943802e-05
0.00175342043895387	0.000753661268969243	0.00353124033840415	0.0109934793563982	3.66893015600067e-05	0.0021893344190219	3.66893015590709e-05	0.000597179029704853	0.847324342590895	0.00227796764726196	0.00158452271392883	0.0480903511347462	0.0377169715964147	3.66893013389444e-05	0.00780367084745245	3.668930155907e-05	0.00477409985781993	3.66893015740768e-05	3.66893015608108e-05	0.0207486350580002	0.00108218103606121	0.00852211755525489	3.66893015609018e-05
0.00138323601292772	0.008280692053186	0.0162042904807309	0.0215198772815177	0.00198797321042732	0.0232800766087508	0.0659359218847034	0.0494024459368922	0.676415385375157	0.0111312321576377	3.30754656383188e-05	0.0444380436369686	3.30754656383197e-05	3.30754655987005e-05	3.50139562143311e-05	0.00755257677419389	0.00261600717166948	3.30754656360235e-05	3.30754656436223e-05	3.30754656383193e-05	0.0533215643762663	0.0162641348233229	3.30754656399626e-05
3.67147625740911e-05	3.67147625634857e-05	0.0130887272048871	3.67147625627291e-05	3.67147625713566e-05	3.67147625713563e-05	0.0118985511805234	3.6714762571357e-05	0.856801774561606	0.00331546791994505	3.67147625713536e-05	0.0399649866528774	0.0215430720290958	3.67147622275516e-05	3.67147625713619e-05	0.00294259818851621	0.0056707038998817	3.67147629300852e-05	0.00999712076472762	0.0243238652976963	0.00415052405448073	0.00540390189250267	0.000531558727545356
3.53031993846056e-05	3.53031993845979e-05	0.00727086825259946	3.53031993846956e-05	0.000984581355637585	3.53031993846031e-05	3.53031993846053e-05	3.53031993846051e-05	0.835726129096677	3.53031993846077e-05	3.53031993845977e-05	0.0302984076041303	0.0436946187501068	3.53031993670483e-05	3.95265940224446e-05	0.0135275438467219	0.0220900048260404	3.53031993797153e-05	3.53031993843699e-05	0.0214916858994437	0.00967322103551745	0.0147797743465109	3.53031993842556e-05
3.52084069395178e-05	0.00221841311918944	0.0159719246220192	0.00726735279596413	3.52084069395179e-05	3.5208406939518e-05	0.0339900625610408	3.52084069395173e-05	0.781477432826229	3.52084069395179e-05	0.0321063563620429	0.0477805338600898	0.0190413198663061	3.52084069318731e-05	0.00994175213305679	0.00562834891060184	0.00836567658428853	3.52084069411343e-05	3.52084069395179e-05	0.005037349497498	0.0146433458849099	0.0113579959254307	0.00489046779582227
0.00437680920082551	3.71223904723403e-05	3.71223904706836e-05	0.00647192422408171	0.0038538043673134	0.00303369803298079	0.0211321992402525	0.00048257331362832	0.810117165350568	4.30937798837512e-05	0.00990058825939547	0.0552138259335525	0.0435119817408019	3.7122390458834e-05	3.71223904706832e-05	0.0135847441552402	0.00984306987972397	3.71223904726184e-05	3.71223904710071e-05	0.00325272752324036	0.000440564380729567	0.00849768926729565	0.00602080700767046
3.5596890860163e-05	3.55968908619515e-05	0.00722526565935061	0.00753802513098505	0.0074222341308456	3.55968908534105e-05	0.00552454832787857	3.55968908471464e-05	0.863279663038002	3.5596890853413e-05	3.55968908533957e-05	0.0498341311685047	0.0276181908021039	3.55968905746928e-05	3.55968908534121e-05	3.55968908534123e-05	0.0140682662471201	3.55968908341547e-05	3.55968908355035e-05	3.55968908534119e-05	3.55968908532635e-05	0.0108733137458192	0.00615360216860317
0.000321310513805971	2.52517993094296e-05	0.00769510859782294	2.52517992997061e-05	2.52517993029077e-05	2.52517993017178e-05	0.013454647881979	2.52517993017081e-05	0.833392865115365	0.00941921661542508	0.00842840876988871	0.0401664076355779	0.000124912748098689	2.52517994528279e-05	3.1866441057247e-05	0.00480576170399382	0.00543677440181973	0.00171350026636012	2.52517993091424e-05	0.0074360023106631	0.0597649475006985	0.00760625510285408	2.52517993123811e-05
0.00289359939322427	2.45017851068103e-05	2.4501785113314e-05	0.015616598579058	2.45017851133119e-05	0.0110678788962419	3.69984154886803e-05	2.45017851155751e-05	0.859303423010487	2.51145097119889e-05	2.45017851133103e-05	0.0461333121670362	0.0338981808806534	2.45017852405785e-05	0.00417871003770307	2.45017851133138e-05	2.4501785107208e-05	2.45017862737573e-05	0.00777977494396439	7.62758142712692e-05	2.45017851126941e-05	0.0187206137146367	2.45017851133142e-05
3.54763405410969e-05	3.54763405471675e-05	0.0104870563479131	0.0214438772365804	3.93593294391413e-05	3.54763405426275e-05	3.54763405426275e-05	3.54763405426545e-05	0.856094354433376	3.5476340542629e-05	3.54763405426341e-05	0.0347458887871903	0.0302395895372484	3.54763404746162e-05	3.54763405426279e-05	0.00395207599972144	0.00828188624916569	3.54763405605639e-05	0.00169131908794008	0.00783906670946126	0.00120785816020479	0.00686836022519362	0.0167545444911861
3.62430544430538e-05	3.62430544377387e-05	0.00311714315547423	3.6243054456508e-05	0.00454068402719253	0.0144256413706456	0.00636118858649954	3.62430544368762e-05	0.851619124456342	5.21006649069351e-05	3.62430544377397e-05	0.0485900209970553	0.0310295333188365	3.62430547115519e-05	0.00176874074199368	0.00141779318253507	0.0208102239718872	3.62430534783316e-05	3.62430544463077e-05	0.00656344488741188	3.6243054437729e-05	0.00934193009549464	3.62430544395475e-05
0.00375254227227996	3.58496489644081e-05	0.000625984845553986	0.00858951698915156	3.58496489540988e-05	3.58496489540986e-05	0.0100603471737033	3.58496489541008e-05	0.812192712739496	3.58496489540985e-05	3.58496489541015e-05	0.0471267712956895	0.0504679756341674	3.58496489708857e-05	0.00731207674522045	0.00167392710699033	0.0272879529647717	3.58496489399383e-05	3.58496489454854e-05	3.5849648954098e-05	0.000334042398884754	0.0301818036955917	3.58496489541012e-05
3.47510223593719e-05	3.47510223597388e-05	0.00879201167933927	0.0196135721087868	3.47510223640194e-05	3.47510223639976e-05	3.47510223639957e-05	3.47510223605448e-05	0.869033014065063	0.00219579907131449	3.47510223639962e-05	0.0356870027677364	0.025545034029359	3.47510223217993e-05	3.47510223639965e-05	3.47510223639959e-05	3.47510223743993e-05	3.47510212879771e-05	0.00269591285556606	3.47510223639956e-05	0.00407693041867445	0.0196218703605206	0.0122870893540284
2.53078872549355e-05	0.00589602024752232	2.53078872552737e-05	0.0126211917657056	0.000337971506209712	2.53078872552744e-05	2.92521043552433e-05	2.53078872552739e-05	0.7934727023545	0.0031573622143263	0.0159886113470057	0.0705409285160851	0.0360840779502137	2.53078872188727e-05	0.0092375114021118	0.00501849318601998	0.0116094265981511	2.5307889854805e-05	2.53078872552755e-05	0.012816888624776	0.00480768655466675	0.00498665465856784	0.0132180657564328
2.41751193191868e-05	2.41751193165901e-05	0.0163958387297132	0.0259998497356025	0.0116421847044697	0.0125940543171744	0.0188335545952812	0.0460170317007898	0.747589186985264	0.00153794395553692	2.41751193191871e-05	0.0323984257629414	0.0337798544122099	0.00360657186228146	0.00994997345093018	2.41751193191869e-05	0.00265510471108308	2.41751183690596e-05	2.41751193188559e-05	0.00646595182287331	0.0270489036982677	0.00331634372129952	2.41751193191888e-05
0.00114579421180465	0.0122445658379706	3.59662350448611e-05	0.0128655516840781	0.005821880493484	3.59662350448633e-05	0.00494054392898214	3.59662350448687e-05	0.821044742381392	0.0143481761269894	3.59662350448666e-05	0.0518718198443225	0.0458948132227426	3.59662350513179e-05	3.59662350448643e-05	0.00427108733954321	0.0164012220993223	3.5966235034614e-05	3.59662350448631e-05	3.5966235044861e-05	0.00130578414102654	0.00748435633790072	3.59662350414986e-05
0.00234191012232207	3.69630374218002e-05	0.000531268080362251	0.00712255221852628	3.69630374010814e-05	3.6963037401083e-05	0.0105554565832423	3.69630374010858e-05	0.852664288785061	0.0065236352917793	3.69630374010854e-05	0.0335559179411654	0.0211342781879817	3.69630370948989e-05	0.0125095827281527	3.69630374010854e-05	0.0130714075839102	3.69630373974164e-05	3.69630374037597e-05	0.0116097552701509	0.0137901684280788	0.0142201484055411	3.69630374029308e-05
0.00122961202576724	3.59030423497923e-05	0.0107672196143543	0.0212713259668618	3.59030423506231e-05	0.0100040552854498	0.00133026062335622	3.59030423508396e-05	0.834376899669523	3.59030423508409e-05	0.00249158793282422	0.0265859559821919	0.0380891916628354	3.59030423418726e-05	3.59030423508403e-05	3.59030423508401e-05	0.00722422669454727	3.59030430007531e-05	3.59030423583182e-05	0.0199514342586475	3.59030423508376e-05	0.0192448636318532	0.00707433622763283
0.00539930398993973	2.54786977911675e-05	2.54786977847122e-05	0.00992876276013197	2.54786977847132e-05	2.54786977847141e-05	0.00646626908881252	2.54786977847326e-05	0.857061511474844	3.83058877745881e-05	2.54786977847117e-05	0.0365798722718621	0.0534127112309137	2.54786978077965e-05	2.74095970567361e-05	2.54786977847123e-05	0.016769906111348	2.5478697783052e-05	2.54786977841542e-05	0.00898964450252934	2.54786977847277e-05	0.00502055871134314	2.54786977847121e-05
0.00430882305546058	3.57261003937727e-05	3.57261003922471e-05	0.0240625390988309	0.00286457894823501	0.000715238682655859	3.71162086434677e-05	3.57261003843314e-05	0.855288528268127	0.00244114593139117	3.57261003922445e-05	0.0489459414422879	0.0264302062759541	3.5726100028682e-05	0.00135777972494393	0.00463347749426631	3.57261003916073e-05	3.57261001412675e-05	3.57261003938019e-05	0.00991185109314545	0.00401893195400567	0.0146623069191429	3.57261003922438e-05
3.52759511211948e-05	3.52759511043475e-05	0.00208396074657276	3.52759511071382e-05	0.000406631791850139	0.00670961216901514	0.00346849110315402	0.00488782079590934	0.836340241884146	3.52759510964803e-05	3.52759510964815e-05	0.050462637687353	0.033837565141981	3.52759508241569e-05	0.00477691733467251	0.00818829054964427	0.0147703976229181	3.52759511090289e-05	3.52759511034555e-05	0.00414936250108487	0.00496436898515709	0.0137672187218121	0.0109042753561676
0.00263474213618202	3.52985972549909e-05	3.52985972549892e-05	0.0091105284646948	0.0160747918869053	0.00199439802326724	0.0231381580482675	3.52985972549885e-05	0.804385114885648	3.5298597254987e-05	3.52985972549788e-05	0.0602413080060948	0.0222324544962448	3.52985969515091e-05	0.00597942244511173	0.000296196925791993	0.00751698049026525	3.52985972441227e-05	3.52985972565762e-05	0.00827570776519112	0.0169272093204819	0.0208752997308699	3.52985972567572e-05
2.4640604586325e-05	0.00249263686337003	0.0102369819025239	0.0240818971476747	0.00383044120832494	0.0456536942120051	2.46406045864315e-05	0.00599850276234414	0.819217503191009	2.67687977116835e-05	2.46406045864335e-05	0.0391252217338079	0.0166568372112489	2.46406058867879e-05	2.46406045864319e-05	2.46406045864298e-05	2.46406045847423e-05	2.46406045926056e-05	2.46406045897058e-05	0.0171611378981773	2.46406045864313e-05	0.0152473304200434	2.46406045864318e-05
0.000541121879789124	3.74483767851915e-05	3.74483767968204e-05	0.00941901393113184	3.74483767968176e-05	3.74483767968208e-05	0.0241026835256985	0.00581070379248436	0.844767818068051	4.38274790900871e-05	3.74483767968208e-05	0.0415334807905003	0.0358432025219941	3.74483769034969e-05	3.74483767968204e-05	0.00237456510017384	0.00481443207802218	3.74483771346742e-05	0.000569598753381769	0.0085257312399336	0.00697123041928085	0.00322143737937413	0.0111615660262864
3.52807202484704e-05	3.52807202714237e-05	0.00713498616155711	3.52807202576374e-05	0.0234390536650794	0.0077683950082797	0.00199922595179979	3.52807202580122e-05	0.861583756610689	3.52807202580114e-05	3.52807202580127e-05	0.037066359884784	0.0215458875759097	3.52807198549203e-05	0.00451961921811062	0.00282742895083997	0.0142040916448474	3.52807209330887e-05	3.52807202616701e-05	3.52807202580123e-05	0.00551876192562212	0.0120043454793639	3.52807202580302e-05
0.00514106583728176	2.55670837412526e-05	2.55670837360446e-05	0.0103324271017153	2.5567083736044e-05	0.0301102303920726	0.00139613366284183	0.000794063255614475	0.840518388649335	2.78772155051946e-05	0.0158690222456081	0.0609844738910054	0.00623883212627064	2.55670837062952e-05	2.55670837360448e-05	0.00472404831812184	0.00125513309149865	2.55670807917092e-05	2.55670837360448e-05	0.00937458825414762	2.55670837360438e-05	0.0130036122083258	2.55670837360436e-05
3.50777149095785e-05	3.50777149109477e-05	0.008999561367274	0.0219599031489972	3.50777149004081e-05	0.015823177429804	3.5077714910947e-05	3.50777149109467e-05	0.827706600758285	4.61158246406085e-05	3.50777149109518e-05	0.0611035004232317	0.0390640957197252	3.50777146092649e-05	3.50777149109487e-05	5.12512706053158e-05	0.0174292358664892	3.50777149174892e-05	3.50777149023766e-05	3.50777149109467e-05	3.50777149109451e-05	0.0073605478974209	3.50777149107856e-05
0.00200407137656909	0.00467444374614056	0.00461324162289102	0.0186067931615187	0.00493610554898891	0.0129830560588537	0.00145374284833329	3.67740796739354e-05	0.833795927115524	3.67740796787924e-05	3.67740796787913e-05	0.0403342136641892	0.0176392213667273	3.67740796276775e-05	3.67740796787905e-05	3.67740796787908e-05	0.0109114390657854	3.67740804721734e-05	3.67740796877375e-05	0.00350589472156645	0.0230331252440766	0.0167436114372368	0.00447092038342191
2.42455608708092e-05	2.42455608590083e-05	2.42455608590169e-05	0.0272325380798558	0.0150551476541245	2.42455608590163e-05	2.56680028293249e-05	2.42455608590162e-05	0.814740352234736	0.00256814176875197	2.42455608590142e-05	0.0490746717871403	0.063851582669527	2.42455608121663e-05	2.42455608590218e-05	2.42455608590151e-05	0.00600196806654553	2.42455608696403e-05	2.42455608539761e-05	0.00909748270278262	2.42455608590189e-05	0.0120364143121312	2.50859912963389e-05
3.62262608388497e-05	3.62262608307279e-05	0.00508519575545093	0.0137431468783857	0.0132360073680667	3.62262608307243e-05	3.62262608307278e-05	3.62262608307292e-05	0.845582332328853	0.000250689593818713	3.62262608307316e-05	0.0618792728387877	0.0455035871727708	3.62262608757359e-05	3.62262608307261e-05	3.62262608307281e-05	0.000753448523911232	3.62262603980796e-05	3.62262608375411e-05	0.00329826103705178	3.62262608307272e-05	0.0101971171124747	3.62262608325318e-05
0.00377943807541617	0.00172051465185294	0.00316422034915289	0.00820867697156976	3.60608507138491e-05	3.60608507025743e-05	3.60608507025745e-05	0.00246769068162478	0.856867408890555	3.60608507025765e-05	3.60608507025751e-05	0.0445109131103761	0.0317357729699698	3.60608504023913e-05	3.60608507025752e-05	3.60608507025737e-05	0.00926186521277635	3.60608508089099e-05	0.000173894348301909	0.0289532162949361	3.60608507025743e-05	0.00875343001743779	4.23499191865631e-05
0.0108113938647197	0.00364906516003923	0.00653958367578066	0.0145507149849475	3.48894557332572e-05	3.48894557246602e-05	0.00356490135693641	3.48894557246593e-05	0.827101912561354	0.00501857221698012	3.48894557246589e-05	0.0509202976662206	0.0455007928721379	3.48894557257902e-05	0.000901418823557007	3.48894557246599e-05	3.48894557238649e-05	0.000608806045481007	3.48894557170773e-05	3.48894557246601e-05	0.00350682775119747	0.00786212839738226	0.0191495795217432
2.44587537873595e-05	0.0085649776014889	2.44587537801098e-05	0.0110208397178435	0.000904845972343905	2.4458753780111e-05	2.44587537801101e-05	2.44587537786646e-05	0.853643618775596	2.44587537801095e-05	2.44587537801102e-05	0.0561693448233301	0.0417482425324399	2.44587533314392e-05	2.44587537801095e-05	0.00476873001123022	0.00164446060908496	2.44587507534558e-05	2.44587537734883e-05	0.00320089706951521	2.44587537801123e-05	0.0180160790914605	2.44587537813265e-05
0.000336729648437039	2.50005296429462e-05	2.50005296381722e-05	0.0202550947408614	2.50005296368707e-05	2.50005296381716e-05	2.50005296381722e-05	2.5000529638185e-05	0.862434793123684	2.5000529638172e-05	2.50005296381742e-05	0.0351543622011885	0.0392931164341085	2.50005293022944e-05	0.00757006588370651	2.50005296381706e-05	0.00954486006818784	2.50005297847719e-05	0.00884987471931956	2.50005296381721e-05	2.50005296381674e-05	0.0111270065312017	0.00510908976419471
0.00371794907892345	3.64511064064755e-05	3.64511064064696e-05	0.0127098323446769	3.64511064064702e-05	0.00369080665494997	0.00153663516089921	3.64511064086796e-05	0.858703122951999	3.64511064064717e-05	3.64511064064701e-05	0.0467431510695567	0.0261902746113256	3.64511060758424e-05	3.64511064064699e-05	3.645110640647e-05	0.0116571089336648	3.64511059697555e-05	3.645110640795e-05	0.0124084172027764	0.00251126597224967	0.0156046394481628	0.00412583440110748
3.65734871256389e-05	0.00649623278602263	0.0144011442111758	0.0170108909104801	3.65734871262784e-05	0.0034296597984632	0.00750551880164459	3.65734871298754e-05	0.847517983356054	3.65734871262757e-05	3.65734871262756e-05	0.0493568848271239	0.0237902705145033	3.65734869022128e-05	3.65734871262746e-05	3.6573487126274e-05	0.00364831035473926	3.65734853787973e-05	0.00234211533736307	0.0118175180405452	0.000812463833153102	0.011505272359436	3.65734871280932e-05
0.00221499950533337	3.62128875855484e-05	3.62128875743777e-05	3.62128875765886e-05	3.62128875743776e-05	0.0147275201804128	0.00300863479763663	3.62128875743777e-05	0.854581806853995	3.6212887574378e-05	3.62128875743778e-05	0.0439383477369563	0.0432820943001287	3.6212887557873e-05	3.62128875743777e-05	0.00219102090034211	0.0143755503527265	3.6212887574329e-05	3.62128875440214e-05	0.0118275598173739	3.6212887574378e-05	0.00938169801665929	3.62128875761337e-05
0.00215612218667112	3.55579318182793e-05	3.55579318105693e-05	0.00855742852802975	3.55579318105717e-05	3.55579318105692e-05	0.00591920370685593	3.555793181057e-05	0.812331979718484	4.32031633249338e-05	3.55579318105684e-05	0.0857126702304128	0.0351042185282722	3.55579318141712e-05	3.55579318105676e-05	3.55579318105719e-05	0.0330672502739244	3.55579318118556e-05	3.55579318157811e-05	0.0101333524179948	3.55579318105742e-05	0.00651231813247639	3.55579318093931e-05
3.4336378073214e-05	3.43363780731251e-05	0.00993312431643769	0.0207275526027884	3.4336378073124e-05	0.00160238601787939	3.43363780731245e-05	0.00313911453231326	0.811320250477793	3.43363780731256e-05	3.43363780731319e-05	0.0513755742966657	0.0358137411990155	3.4336378075996e-05	3.43363780731245e-05	0.00433691292090784	0.0237662285828552	3.43363779470282e-05	0.00239602144263667	3.43363780731245e-05	3.43363780731245e-05	0.0203541361324756	0.0148572573195498
0.00057670007844418	2.49505648617892e-05	0.00623241197025982	0.00062388408748349	2.49505648475214e-05	0.0154933671562752	0.0143642645595106	2.49505648475208e-05	0.814287124323057	0.00933462883302303	2.49505648475215e-05	0.0685261139794107	0.00999291768003894	2.49505647016197e-05	2.49505648475208e-05	0.000244573829842372	0.0108010163663578	2.49505653866379e-05	2.49505648489119e-05	0.0139970429078723	0.0150143023685445	0.0167809518968765	0.00353109544381428
2.56679353246168e-05	2.5667935312989e-05	2.56679353256437e-05	2.56679353274841e-05	0.0197656598929379	0.000430941577895163	0.00507300540554244	2.56679353256439e-05	0.847367732824802	2.73213104164394e-05	2.56679353256418e-05	0.0433339754008029	0.0370046673068946	2.56679352847302e-05	2.56679353256434e-05	0.0133142706316712	0.00519818710134358	2.56679345023265e-05	0.00622447543193752	0.0151645029866246	2.56679353256429e-05	0.00681291284142605	2.56679353256438e-05
0.00412835528976961	3.71603242606312e-05	0.00645292830218291	0.0128207553683273	3.71603242574366e-05	3.71603242574408e-05	0.00523139930837846	0.00243953229048989	0.856794360832719	4.06821677173897e-05	3.71603242574361e-05	0.0574886424636777	0.0296613967490787	3.71603239201124e-05	3.71603242574361e-05	3.71603242574372e-05	3.71603242565991e-05	3.71603243207475e-05	3.71603242708703e-05	0.000937274242189346	0.010266943309214	0.013328966109695	3.71603242442879e-05
3.44223329897911e-05	3.44223329889678e-05	0.0126336583656313	0.0125836900929134	0.0139895579560387	0.00430506825608011	0.00336417228658161	3.44223329889673e-05	0.824390359785707	3.44223329889678e-05	3.44223329889445e-05	0.0493230330029536	0.0386840803205037	3.44223329413865e-05	0.00203393173036563	0.00635895352001457	0.00522954871750215	3.44223329756902e-05	3.44223329881976e-05	0.01438506873109	0.00273195277620147	0.00967712346157691	3.44223329889682e-05
0.00186186999485034	0.000908485315656402	0.00383769544784928	0.0226906841240543	3.42413844414731e-05	0.00473947833357569	5.03732157189502e-05	3.42413844433129e-05	0.779164122053568	0.00982425694307034	3.42413844414743e-05	0.0488031130291318	0.0384983194275826	3.4241384415825e-05	0.00513385594588407	0.0203643648158103	0.0235043792124721	3.42413844290724e-05	3.4241384441474e-05	0.0237635711319301	3.42413844414744e-05	0.0165814999333489	3.42413844431781e-05
3.51291860313895e-05	0.00275211193841468	0.0117546300988387	0.0214212266362947	3.51291860345597e-05	0.01771694858735	3.51291860345599e-05	3.512918603456e-05	0.818683086359353	3.5129186034559e-05	3.51291860345622e-05	0.0541015430862715	0.0397560822683628	3.51291863447638e-05	3.51291860345596e-05	3.5129186034562e-05	0.0106529773769526	3.51291860415171e-05	3.51291860359154e-05	3.51291860345603e-05	3.51291860346157e-05	0.0201786638556244	0.00252605037377295
0.000284055663120723	0.00404970316035225	3.55012934274122e-05	0.023519337170356	3.5501293426406e-05	0.00525562099974168	0.00180947077869013	3.55012934274114e-05	0.857557422383264	3.55012934274107e-05	3.55012934273986e-05	0.0320187278906064	0.0282094677400098	3.55012933879532e-05	0.00854853544680424	3.55012934274123e-05	0.00998349453269361	3.55012934281222e-05	3.5501293418644e-05	3.55012934274121e-05	0.0053846297000784	0.00923780707149187	0.0137867145285656
3.48614411142932e-05	0.00265715299383049	3.48614411142956e-05	0.00432667913688498	0.00201228295392742	0.00589823539626828	3.48614411142929e-05	0.0019595678914205	0.82725434443706	3.4861441114292e-05	3.48614411142932e-05	0.0650651356389339	0.045217110335438	3.48614410766445e-05	4.94813727980079e-05	3.48614411142934e-05	0.029515535590948	3.48614411034185e-05	3.48614411175077e-05	3.48614411142928e-05	3.48614411142943e-05	0.0156261369591636	3.486144111429e-05
0.00558441065428913	2.43142519389646e-05	2.43142519457739e-05	0.00461122711881531	0.0213507425934825	0.0115336720206681	3.8470665072675e-05	2.43142519457736e-05	0.869328414859981	0.000551903928432673	2.43142519457706e-05	0.0412729165504984	0.0122560442212695	2.4314252199364e-05	2.4314251945777e-05	2.43142519457747e-05	0.00895021407917562	2.43142517452399e-05	2.43142519471334e-05	0.00181207139886015	0.0171569450976901	0.00529330916561759	4.08293785874572e-05
3.61102341743427e-05	3.61102342125633e-05	0.00538612879648886	0.0135441969226405	3.61102341969558e-05	3.6110234196956e-05	0.00806281280034606	0.00141235375157334	0.823966342901805	0.0128082095415542	3.61102341969552e-05	0.0583907294969062	0.0338950306313032	3.61102341690311e-05	5.11844298743641e-05	0.00772947881381733	3.61102341975142e-05	3.6110235280164e-05	3.6110234197356e-05	0.0105298707727971	0.015698089133948	0.00816446966392667	3.61102341969603e-05
0.00567977563954332	2.43987865211e-05	0.00640301048300408	2.43987865225442e-05	0.017839326723047	0.0189798056328658	2.44598632073239e-05	2.43987865229328e-05	0.811638919746334	0.00905973301499267	2.43987865228048e-05	0.0679223878910326	0.0303658216255616	2.43987856595939e-05	2.43987865229322e-05	2.43987865229324e-05	0.0153760036632248	2.43987859517101e-05	2.43987865229325e-05	2.4398786522933e-05	0.000215182330787364	0.0124009635739593	0.00385062194864727
3.57096041695935e-05	3.57096041747722e-05	0.0047333133229923	0.0106198351653806	0.0197064138651989	3.570960416959e-05	3.57096041695932e-05	3.57096041703135e-05	0.835864000517955	3.57096041695941e-05	3.57096041695895e-05	0.0330899417383234	0.0526910714346935	3.57096047156214e-05	3.57096041695931e-05	0.00228476251490127	0.023686971273973	3.57096041603891e-05	3.570960416199e-05	0.00563177347436159	3.57096041695933e-05	0.0112276918374805	3.57096041695945e-05
3.53092443797567e-05	3.53092444012981e-05	0.00743087054995901	0.00754117617342574	3.53092443822165e-05	0.0100367708650897	0.00704201387679365	3.53092443830768e-05	0.861741506407473	3.53092443830762e-05	3.53092443830605e-05	0.0405663685323603	0.0261972030199216	3.53092446472183e-05	3.53092443830765e-05	3.53092443830765e-05	0.00610933200866001	3.53092443772684e-05	3.53092443854714e-05	0.0188952101767145	3.53092443830769e-05	0.0139805282123449	3.53092443853381e-05
2.44728251641891e-05	2.44728251500577e-05	0.00302264584744615	0.00642355887072323	2.44728251509781e-05	0.0124960740470801	0.00810476642309166	2.44728251510825e-05	0.865639608417308	2.44728251510847e-05	2.44728251510846e-05	0.0348365710785994	0.0208125831122456	2.44728251170425e-05	2.44728251510809e-05	0.00351986693202281	2.44728251510823e-05	2.44728251479218e-05	2.44728251512246e-05	0.0217720411479787	0.000680929378439553	0.0223976808432765	2.4472825151083e-05
3.45050942357685e-05	3.4505094239952e-05	0.0214914199333228	0.0301980836834923	3.4505094239299e-05	0.0357377688603628	7.30690271223854e-05	3.45050942392997e-05	0.836240449001025	3.45050942393001e-05	3.45050942392943e-05	0.0256796540459032	0.0213314499293596	3.45050942404558e-05	3.45050942393006e-05	0.0101687475455865	0.00322993971635159	3.45050938432446e-05	0.00540802761373489	0.00201574977886253	3.45050942393e-05	0.0080460848286415	3.45050942392997e-05
2.42401166868025e-05	2.42401166995254e-05	0.0148161813054396	0.0137055129666427	2.42401166884262e-05	0.0505667250627778	3.86624335849362e-05	0.00659734328404333	0.824515503482218	2.42401166871724e-05	0.00211209940893504	0.0503624187036042	2.42401166871716e-05	2.4240116637853e-05	2.42401166871731e-05	2.42401166871709e-05	0.0134739239403627	2.42401173423479e-05	2.42401166869904e-05	0.00709792095935124	2.42401166871509e-05	0.00668995769988429	0.0097571094689781
0.00153458512305094	0.000903095306918333	0.00436430728249598	3.60785796302831e-05	0.0151464054517635	0.00102456343204316	0.0113788726877377	0.00266303467957939	0.832657717607769	0.00692340987339608	3.60785796311838e-05	0.061732370689822	0.0399743082826487	3.60785796154217e-05	3.60785796311828e-05	3.60785796311825e-05	0.018749719570196	3.60785776257924e-05	3.60785796405439e-05	3.60785796311828e-05	3.60785796311826e-05	0.00258682421827989	3.60785796311832e-05
0.00445884477505501	0.000183554509786981	0.00379105196828185	0.0107069487135733	0.0100875976716979	0.0106957072337916	0.00840902170295213	3.59142264413703e-05	0.839455430347171	0.00134492896478808	3.59142264407511e-05	0.0384520241206397	0.028458708733064	3.59142264033371e-05	3.59142264407491e-05	3.59142264407486e-05	0.0113977863099237	3.59142270271152e-05	3.59142264466922e-05	0.0140682608443355	3.59142264407483e-05	0.0181669060664036	3.59142264544194e-05
0.000991143447007516	2.43864534356391e-05	0.000915706880541697	0.0220838074199367	2.4386453435637e-05	0.0130931853705307	2.43864534356386e-05	2.43864534356385e-05	0.814197223528229	2.43864534356397e-05	2.43864534356378e-05	0.0276983674075134	0.0294033472251672	2.43864533961912e-05	0.00311925467176408	2.43864534356387e-05	0.0122280197980021	2.43864531546411e-05	0.00345454977255756	0.0129308514906169	0.0130776332549726	0.0124444146545656	0.0341430169979941
0.000253119117147043	0.000963483347003857	0.000208169039180755	0.0242076024585393	3.49002876148016e-05	3.49002876147988e-05	3.49002876143293e-05	3.49002876205942e-05	0.822154098118356	3.49002876147998e-05	3.49002876147997e-05	0.0606148271914497	0.035513787434783	3.4900287835533e-05	0.00403485905001441	3.49002876148004e-05	0.0221596554087013	3.49002876091997e-05	3.49002876286642e-05	0.006927901327053	3.49002876151036e-05	0.0165581504197236	0.00602044392404992
0.00266655731156141	0.00351311461426875	0.00148041399078626	3.55474815690981e-05	0.0102311444204196	3.55474815691178e-05	0.00852563366292822	3.55474815691247e-05	0.863047862413673	0.00705670418437298	3.55474815691139e-05	0.0314234597906388	0.0216306650427937	3.55474815777685e-05	3.55474815691175e-05	0.0057047059445753	0.0077747542639081	3.55474815976642e-05	0.00117230085293705	0.018393229687267	3.55474815699662e-05	0.0170595264857183	3.55474815606917e-05
0.000727909290391731	0.0113574211070486	0.00673298167660164	0.00868661566778255	0.0236995822094235	0.00227829748416315	0.0033364694548773	3.55316593953789e-05	0.846288260759426	3.55316593953791e-05	3.55316593953766e-05	0.0289635749967888	0.0427596706404862	3.55316589621086e-05	3.5531659395379e-05	3.55316593953792e-05	0.0150510182326461	3.5531659204791e-05	3.55316593928942e-05	3.55316593953785e-05	3.5531659395385e-05	0.00732790934900444	0.00243497253803198
0.00184731117973826	3.65754222693708e-05	3.65754222832799e-05	0.00107936137585321	0.0281366996107703	0.0143472027100421	0.00212767996747555	3.65754222832792e-05	0.832128697547739	0.00405036053207093	3.6575422283279e-05	0.0459421660117576	0.0219876212045128	3.65754222612407e-05	3.65754222832816e-05	0.00135571887555612	0.00876211973696782	0.00068236929597366	3.65754222795012e-05	0.0128411811158359	0.00319377714219849	0.0212251303152814	3.65754222832809e-05
2.50335009972565e-05	0.00681061216139922	0.0108378634559067	0.00507067299970481	0.00692114896155326	0.0188917866299264	0.00465792891950641	2.50335010058184e-05	0.845779957016834	0.00555753457578251	2.50335010058178e-05	0.044272648570397	0.00704933856275345	2.50335009455296e-05	2.50335010058185e-05	2.50335010058184e-05	0.00901902528842768	2.50335010035849e-05	2.50335010015916e-05	0.0164277724063666	0.00407686712722554	0.0144015418152383	2.50335010070673e-05
3.58663905827219e-05	3.58663906051524e-05	3.58663905764544e-05	0.00285101678513352	3.58663905764521e-05	3.58663905764548e-05	0.00419339155733469	3.58663905780125e-05	0.810353160466259	0.00749122397685757	3.58663905764554e-05	0.0543955178357026	0.0443382605816513	3.58663908161081e-05	3.58663905764557e-05	0.007728274135367	0.0244108616009605	3.58663905640319e-05	3.58663905673723e-05	0.00572693527031753	0.0143685569608275	0.00996997958152896	0.0137782909514639
0.000780824753798027	3.59187553748627e-05	3.59187553759938e-05	0.0386668455804087	0.000408403467989767	0.0070462895149847	0.00394881056747969	3.59187553759938e-05	0.833924784214156	3.59187553759942e-05	3.59187553760068e-05	0.0491453062552286	0.0459763659793053	3.59187550421906e-05	0.00540110494857586	3.59187553759943e-05	0.00670792788930763	3.5918755369028e-05	3.59187553728978e-05	3.59187553759926e-05	3.59187553759948e-05	0.00756231176459809	3.59187553759964e-05
3.37615399679086e-05	0.0124994261381836	3.37615399569584e-05	0.00347439305611701	3.37615399478872e-05	3.37615399569562e-05	0.00138055009241179	3.37615399570142e-05	0.818194636369692	3.37615399569583e-05	0.00676634110765446	0.0250559479842468	0.0689838584223479	3.37615403431011e-05	0.0109953535007516	0.0115906836365982	0.0173325821409916	3.37615397697753e-05	3.37615399569517e-05	0.0109579645256105	3.3761539956958e-05	0.012396886085667	3.37615399569588e-05
0.000100223145546482	3.66059366609653e-05	0.00192657492424986	0.0128342494241864	0.0134982292079976	3.66059366583741e-05	0.00887706732434115	3.6605936658375e-05	0.814003288662091	3.66059366583744e-05	3.66059366583743e-05	0.074299144403611	0.0260007617729073	3.66059366864128e-05	3.66059366583729e-05	3.66059366583743e-05	0.0169743560226477	3.6605937032169e-05	3.66059366573926e-05	0.0037134756738825	3.6605936658374e-05	0.0146125103976941	0.0127574537371989
0.000525801000775873	0.00922028963924187	2.45987423671521e-05	0.0209099511354424	2.45987423675719e-05	2.45987423671512e-05	2.46539641695357e-05	2.45987423671516e-05	0.848741562089111	2.45987423671515e-05	2.45987423671513e-05	0.0391961051232989	0.0425142154542204	2.459874212063e-05	0.00889143513928811	2.45987423671515e-05	2.45987423606836e-05	2.45987401691388e-05	2.45987423674611e-05	0.00702262130576935	2.45987423671516e-05	0.0226335815003605	2.4598742366615e-05
0.00140603004228769	3.6402754896944e-05	0.00938603469358248	0.00713755995507231	3.64027548930803e-05	3.64027548930779e-05	0.00356492501003268	3.64027548930756e-05	0.840774788438246	3.87920523780744e-05	3.64027548930703e-05	0.0467689064664753	0.050644832621258	3.64027548603875e-05	3.78854870817605e-05	3.64027548930786e-05	0.00815939423299763	3.64027548926226e-05	3.64027548842664e-05	0.0117165464083045	0.00322412229317465	0.016776154750221	3.64027548882217e-05
2.47238980167449e-05	2.47238980009875e-05	2.47238979995854e-05	0.0137153488077744	2.47238979995858e-05	0.00945828437227754	0.00708220512115893	2.4723897999585e-05	0.791079291054988	0.00953448275450708	0.0162360483066392	0.032222378566199	0.0478177388711212	2.47238979503655e-05	0.00874335375834367	0.00198705580728297	0.0142817248816609	2.47238992317673e-05	2.47238979995839e-05	0.00855260876951362	0.0206816701565858	0.0154956830350329	0.00291433455171696
2.38806600543192e-05	2.38806600593243e-05	0.0187856104215768	0.00591553707512611	0.0144453878756695	0.0291834007345572	2.38806600545869e-05	0.00107400908795644	0.828412140492667	2.38806600545865e-05	2.38806600545814e-05	0.0422363345924368	0.0322367512223999	2.38806602614371e-05	2.38806600545895e-05	0.00590414248630972	0.000150498818643363	2.38806600462943e-05	2.38806600548444e-05	2.38806600545864e-05	2.38806600548464e-05	0.0213696192717989	2.38806600545856e-05
3.56395445824823e-05	0.0015678720817819	3.56395445742094e-05	0.0167498923602922	3.56395445742079e-05	3.56395445742102e-05	3.56395445744044e-05	3.5639544574209e-05	0.842406982789674	0.000511319472214248	3.56395445742095e-05	0.040325230382749	0.0455468654334991	3.56395443854672e-05	0.00655956179787429	0.00554595481474009	0.0142226881921327	3.5639544400051e-05	3.56395445870676e-05	0.0081222120379565	3.56395445742095e-05	0.0180137461025366	3.56395445742079e-05
0.00329306566055766	0.00102539607545841	0.00903344068118535	0.00685640556108873	3.60808298895107e-05	3.60808298871038e-05	0.00347777196363709	3.60808298871033e-05	0.814750772524495	0.00268095968086491	0.00797117135136173	0.0804814318467671	0.0355371316716736	3.60808295034412e-05	3.60808298871024e-05	3.60808298871037e-05	3.60808298871043e-05	3.60808298862244e-05	3.6080829886051e-05	0.0174392706614887	3.60808298871052e-05	0.0170562931930467	3.60808298871095e-05
3.60890755549991e-05	3.60890755429074e-05	0.00438418244968054	0.0253831363266763	3.60890755475429e-05	3.60890755482649e-05	0.00502806998992189	0.00272723965246095	0.853702550815798	3.60890755482658e-05	3.60890755482679e-05	0.0368045066229511	0.0315287884341664	3.60890758006511e-05	3.83557090890481e-05	3.60890755482665e-05	0.00325245554079624	3.60890755423669e-05	3.60890755389422e-05	0.0238120282303267	3.60890755483837e-05	0.012905617321315	3.60890755482643e-05
