Bcells	CentralVeinEndothelialcells	Cholangiocytes	Hepatocytes	Kupffercells	LSECs	Mesothelialcells	PortalVeinEndothelialcells	Tcells
4.59134660114002e-05	0.000151067775378539	7.44814726453538e-05	0.961570022857867	0.0112963783147574	0.019631359321526	0.000180546585767498	0.00187052366598874	0.00517970654005851
0.00355874295171194	0.01576123493669	0.000672707798455528	0.958662421942283	0.0194580376234281	0.00129635456722913	0.000227629689708424	8.04735150383116e-05	0.000282396975455672
0.000141819995599374	0.000273374852462144	0.00188209008206941	0.950235196163376	0.0192905158997771	0.0266424580275114	0.000139197956290403	0.00118253086933716	0.000212816153577036
4.49905726536346e-05	0.00485100821738486	0.00121962947401228	0.946626485982021	0.0210688620720534	0.0231234459694522	0.00159200787252232	0.000631735441374825	0.000841834398525769
5.50856093954478e-05	0.019403575002283	0.000416882031875537	0.946150198422552	0.0157793464266177	0.0134827544684457	0.000847494537535861	0.000244284872548384	0.0036203786287463
2.23138280929307e-05	0.00343544196787062	0.00103214341780108	0.970377101824073	0.00972881841604893	0.0117067123363458	4.09691836891155e-05	0.00291307548462757	0.000743423541451225
0.00423516514873818	0.000736911169373214	0.000169054165029121	0.973567120965769	0.00831007576769048	0.0123191043121585	0.000392898733219661	0.000132413095960964	0.000137256642060651
0.000178989962718558	0.0173028129784928	0.000293360436269225	0.951379856838348	0.014691870628136	0.00835479118874579	0.00362039232742182	0.00215289428708985	0.00202503135277846
0.000293626631075398	0.0076856579341693	8.48349440117343e-05	0.944989435798083	0.027789461488322	0.0180380910780459	0.000280579723559419	0.000774763352117286	6.35490506157905e-05
0.00194521560044899	0.00318645170791021	0.00141655485516973	0.95247086431173	0.0201826615985243	0.0185882442364706	0.00067546048468736	0.000856970855236802	0.000677576349821487
2.74060263693358e-05	0.000271176079957974	0.00148976507096747	0.945361554770813	0.025433101700888	0.0190236336471719	0.00099266329105974	0.00614848017306925	0.00125221923970362
0.000330447247649806	0.00109084945443607	0.00552339803831345	0.962038671583183	0.0104441735830048	0.00257025581071014	0.000227516178509578	0.0148618194783002	0.00291286862589247
0.000774568450664326	0.000662577573287613	0.000219048693806009	0.955244918528754	0.018062940905056	0.0234117502061145	0.00045767486760477	0.000251130543355288	0.000915390231357765
0.000488608550592593	0.00169361163396195	0.0182106439238346	0.925856186909514	0.020028630095779	0.00015331374167385	0.00369228349522515	0.0246438017946755	0.00523291985474315
0.000139899660606049	0.00120574804153087	0.00228341971371322	0.950253437972829	0.0246916414439865	0.0127930804960432	0.000138601495765843	0.00834793327619752	0.000146237899328151
2.59666525539802e-05	0.0105353371814205	0.00221492338539414	0.963181380464293	0.0127383167661607	0.00764460892023837	0.00120515067590312	0.00176341485825879	0.000690901095777688
0.00337391613115659	0.000162901992354373	0.00752428244835392	0.9585090046643	0.0120711221603186	0.00820368035983446	0.00264220566178332	0.00724268900640104	0.000270197575497714
7.14629868259488e-05	0.000226826885249203	0.000383562327747911	0.956791627409076	0.014452780132469	0.0268541194055814	0.000235494699818912	0.000439182904215795	0.000544943249015771
0.000128133852971655	0.00045591466350897	0.0012547731642763	0.95472924190211	0.027903081120011	0.0132074538368728	0.00100800711960558	0.000331991307030701	0.000981403033612831
4.04846580089101e-05	0.000590375759740344	0.00132047956724276	0.942543930403329	0.0309312114346142	0.0159751718840772	2.3254516122995e-06	0.000518299606792437	0.00807772123458323
1.92720266083571e-05	0.00401344055429762	0.00143847405738986	0.956527656705287	0.0250843137428309	0.0109749332488947	6.0853362194474e-05	0.000567994698247384	0.00131306160424994
0.000398469320766722	0.024636572468379	0.000130660389917392	0.961557957633641	0.0095018875642309	0.00245220307449761	0.000214688978374221	0.000355919177911317	0.000751641392282269
2.16974710407747e-05	0.00480488074299155	0.000829410780201218	0.972058262603783	0.0100595376345678	0.00987446389144526	5.68160321690257e-05	0.00208884013578561	0.000206090708015273
0.000254595313631569	6.81641841075476e-05	0.000432121549232936	0.966251232942078	0.0129090393229503	0.0193545254300238	1.04543198891394e-05	0.000296396984088161	0.000423469953998171
1.85070758714025e-05	0.00262142338441267	0.000217417006664531	0.962525389289132	0.0165388451716716	0.0167287797542966	0.000984248847011238	0.000212625802275414	0.000152763668664313
0.00354697768255717	0.00701577793144305	0.000500263052011272	0.951635896873389	0.016508840852667	0.0173335650597151	0.00082346704615022	0.00260743772681194	2.77737752549748e-05
0.000217277119443734	0.00896472111846802	0.000768285302775625	0.959607633845322	0.0150476693018536	0.0120930100396606	0.000777028351683656	0.00243155871885448	9.28162019386489e-05
1.4559029923371e-05	0.00156826520696575	0.00163341263712753	0.958074069281411	0.0184109483228186	0.00821261991182162	0.0016076140001393	0.0102744988976829	0.000204012712110081
0.00097876880537145	0.00665803251475082	0.000211375359084052	0.955385268463933	0.0205492975305022	0.01398294567516	0.000719639848200007	0.000337040867442475	0.0011776309355561
2.95124702779398e-05	0.000205065935590991	0.000866071606412126	0.945244893587373	0.0315546014053891	0.0106855093558359	0.000302208934567682	0.0104027216554151	0.000709415049138562
0.00015479926410974	0.0293949049211785	0.00125300356897219	0.953933947867963	0.00908763218526785	0.000584557071195719	0.000496876062253213	0.00491960736547911	0.000174671693580659
0.000268427566384848	0.00449377126599378	0.00174060081873644	0.952775404837097	0.0154555858305401	0.0219886029696217	0.000610673409592329	6.70103729923691e-05	0.00259992292904151
1.57231350314328e-05	0.000701856225216635	0.000819280606911576	0.948909395620088	0.0226721417798167	0.0173692900628707	0.0012045925811594	0.00467821245678785	0.00362950753211796
0.00208656953065805	0.0176503673016721	0.00177898025140754	0.945344438386674	0.0177576698788566	0.00609101904968764	0.00105136586625029	0.000916287698201636	0.00732330203659232
0.00031913086378789	0.0227328559619791	0.0010795227540532	0.943948907393932	0.0188037262732005	0.0101264002221506	0.00118343613097909	0.00114764085325303	0.000658379546664207
0.00377219043327147	0.00136078589440644	0.000255317743018029	0.955461577082484	0.0171181138517402	0.0172027480432487	2.68129956211967e-05	0.000347452731177095	0.00445500122503278
0.00491511004636362	0.00449598611408981	0.000252936838107673	0.931796063084968	0.0377797180695243	0.0169159138528564	0.000798603102647611	0.00026928588734117	0.00277638300410094
1.23379436092757e-05	0.0067066856804404	0.000705679939831212	0.952383579316603	0.0135017098760167	0.0156678145756462	0.00100604459950528	0.00430236325763538	0.00571378481071227
0.000349017068900114	0.00435314008440398	0.00012072752084618	0.945428777242515	0.0354568494665644	0.0128019995825997	0.000115842324169876	0.000401730293431605	0.000971916416568802
0.00678848600446777	0.0129147318693604	0.000796020525702924	0.949045927941774	0.0225980418996061	0.00084751557521285	0.00103274320652792	0.000529632808774242	0.00544690016857382
0.00147869319020474	0.0185353491225731	0.00466788543470352	0.917985628214883	0.0245404861622381	0.000378374225680229	0.0132186659704266	0.0191806545337471	1.42631455443377e-05
0.00167805498506263	0.00408095942356037	0.000118631649397673	0.960910135974065	0.0222883710359569	0.00979099048517234	0.000383286079888324	0.000431988424296322	0.000317581942600396
0.00758701860021375	0.00222459917792081	0.0200470186605686	0.923518292672363	0.0300878799848783	0.000868878742788274	0.00237521442012701	0.0132484970717714	4.26006693689284e-05
0.000834242641757906	0.00120232185651179	0.000284322489754159	0.960438677322347	0.0178894119513513	0.0108553975509882	0.000170551816134667	0.0032824151164412	0.00504265925471392
2.98756367571519e-05	0.00133260316204614	0.000650950348253656	0.967700725850335	0.0135451916570663	0.00947144323002953	0.00187446965229217	0.00495476433787276	0.000439976125347633
0.00152027881072158	0.000644696879196844	0.000594505734086506	0.954137707893268	0.018231120294162	0.0200901774271345	0.000179795414161327	0.00106363675771266	0.00353808078955697
0.00137710940259224	0.000751667970998967	0.00114414381039153	0.963889514416546	0.0090168588458519	0.0170829278204903	2.17558220217044e-05	0.00200684527528727	0.00470917663581988
0.00037401462975226	0.00218442419337859	0.000861741326043337	0.94920763537263	0.0224093265908776	0.0213255186491137	0.00247542130318716	0.000647183303632139	0.000514734631384924
5.28835053541189e-05	0.00909693672584885	0.000226652450516504	0.958781500334643	0.023445803808417	0.00607137718032008	0.000511412546465931	0.00171607614941579	9.73572990188666e-05
0.000151596895263699	0.00185121431516802	0.00623082371785803	0.929664090785898	0.0194392583006338	0.000389975806958176	0.00306239995591513	0.028197015890059	0.0110136243322461
6.00644871574487e-05	0.00174568359731499	0.00140184701978721	0.96001875760451	0.0129961500503375	0.0159220800419896	0.00144283919045151	0.00151387787767072	0.0048987001307808
1.49981897411517e-05	0.00281367150752999	0.000457036915924842	0.958325069400089	0.0164260023842114	0.0125949544742501	0.000704832541100494	0.00809684896917758	0.000566585617975692
0.00606311084880978	0.0132888541155599	0.00988226071289717	0.917180428817592	0.0224980186426999	0.000229426476720249	0.00694062275489706	0.0225743869736286	0.00134289065719492
2.45943678906389e-05	0.000101900111705141	0.000953159349290458	0.956187288866016	0.02114506745881	0.0213897765333637	6.13696318065487e-05	8.49940788652295e-05	5.18496022519764e-05
3.41475964903303e-05	0.011144852613944	0.000396756198467384	0.95860977240997	0.00684777060403674	0.0160494559689419	0.00100069652669699	0.000436587678369514	0.00547996040308358
2.16736618062345e-05	0.00255077609556354	0.00215334113691778	0.96011363366353	0.0190705613237831	0.0156020845684642	0.000129107747523381	8.10009678349333e-05	0.000277820834576871
0.00396198632402106	0.0060280329407741	0.00280576055023589	0.954296260868674	0.0198573757244823	0.0100809142835813	0.000155637989672409	0.00204838310574826	0.000765648212810583
0.000592765618396201	0.000844305065583408	0.00349360320931401	0.957950222385746	0.0202323591287276	0.00796904934360622	0.00067640393294225	0.00818162104601032	5.96702696742112e-05
7.28684788904841e-06	0.00527578748887354	0.000677564611208802	0.954124947863985	0.0207414705439969	0.00701556456811934	0.000530467249138119	0.0103006370710454	0.00132627375574357
2.30093945103538e-05	0.00509814049779275	0.000908241396031815	0.96876272555728	0.0084501007348186	0.0106066671355949	0.000945413351467911	0.00390299062630887	0.00130271130619511
0.00249445292192742	0.0152915136428085	0.000859805638573796	0.951845435896275	0.0137048381371228	0.0109239180042215	0.00066789167493907	0.000612891479271648	0.00359925260486004
0.00487523833295045	0.000122837030089362	0.000800534530922798	0.948739626352826	0.0220390074531833	0.0186715622452317	0.000129282449418863	5.09739393187572e-05	0.00457093766605825
0.000866653356207623	0.00136339861195105	0.00138415068350058	0.954763402619451	0.0238117889202048	0.00700147528597546	7.98951227169096e-05	0.009982818844566	0.00074641655542636
1.34374593110274e-05	0.00177333421850324	0.00163282773546618	0.963181094856404	0.0105147032995162	0.021461041371524	0.000800282167969929	0.000231649313751598	0.000391629577554297
0.000553483546314321	0.000187627687098913	0.00117477017548911	0.958232339669442	0.0171192096885973	0.0166213988114872	0.000608633347077945	0.00517668323409059	0.000325853840402329
4.43352508187001e-05	0.0157627239166527	0.0004630223580031	0.961284495981271	0.0167915363089718	0.00279591650089109	0.000913849702898884	0.000430920032037217	0.00151319994845548
1.88203676065811e-05	0.0237436522129178	0.00235552663350233	0.958596301789401	0.00784036413684543	0.00304017444642272	0.000692738337416147	0.0017835210340719	0.00192890104181584
0.000318213772205221	0.00675413915929671	4.51241805174593e-05	0.959937322131364	0.0166934739661805	0.00443616550312644	0.000514399530846656	0.00274941669125653	0.00855174506520611
0.000185274120332164	0.000206941734201237	0.00352746287512458	0.959331504892384	0.0159035545524142	0.0140122981533273	0.00135775245242312	0.00497572937101183	0.000499481848781728
4.91773765572719e-05	0.00372021890811297	0.000832291439771343	0.964551561621518	0.0153111303079172	0.0131675032906306	0.000673647671641127	0.00158589444047682	0.000108574943374741
0.000275260124498943	0.0097197159516056	0.000853952491765875	0.960456010799859	0.0144727005329204	0.00721370210052018	0.000127556947808733	0.00371110064829487	0.00317000040272675
0.000426443517580572	0.00578430463999623	0.000170850841145549	0.972047996543371	0.0147293063088261	0.00494353244887988	7.95932123808059e-05	0.00085369963653852	0.000964272851280875
3.26876277785235e-05	0.00263112240595186	0.000420675338231097	0.962840719777932	0.020071583048758	0.0100803563437324	0.00109662248247265	0.00215856653839698	0.000667666436746456
9.40770762063788e-05	0.000178900719169507	0.0030024300990162	0.963148487711307	0.0185662492430874	0.00788600552789584	0.000237311146451809	0.00663045575865043	0.000256082718215075
0.000389335441896605	0.000844162069082657	0.00060888870366846	0.966207430440057	0.00835769063545934	0.0186374931248034	0.000893367919235451	0.00377471283397331	0.000286918831823274
4.46594849478712e-05	0.0016580287896091	0.00188239188264252	0.952794991482029	0.0159869788541057	0.0187366864635555	0.000584401647931677	0.00814468933735808	0.000167172057820365
0.0263680323236349	0.0206697999690697	0.0263139207338935	0.844360867618144	0.0343525225131613	0.00013138948412701	0.00755682536978512	0.0402198296742496	2.68123139353776e-05
0.000470999490250415	0.00255276131585779	0.000718373322898323	0.96786571349553	0.0155596206478659	0.0099976205682455	0.000238288648481755	0.001317105794994	0.00127951671587625
0.000462633126889921	5.64831189593451e-05	0.00283135068250011	0.943630642842105	0.0286126690676937	0.0128190275187505	0.000150362699112346	0.00886298896229908	0.00257384198169041
7.04429071482399e-05	0.00494314891373156	0.000569476642572512	0.953872203972524	0.0233869645805129	0.0121071127164632	0.0008339411802881	0.000236075381879025	0.00398063370487988
1.28563162360365e-05	0.000313137945395459	0.00137330953089482	0.955502538962089	0.0214761955440878	0.0187011821027468	0.00215866696232384	0.000341927195172362	0.000120185441053539
9.39485607874733e-06	0.0197606885625157	0.000220328268718906	0.967113396572262	0.0113932479197774	0.00113775127934611	3.8146370525387e-05	0.000283982761591111	4.30634091845856e-05
0.000289042054862296	0.00472212139329011	0.000422135626308825	0.954329226765996	0.0128704229548645	0.0248847051402497	0.00039977645642834	0.000815568255962707	0.00126700135203818
0.00147539163569698	0.00067924536535648	9.81451636556334e-05	0.96137521525096	0.0114491967790268	0.0150045392131066	0.000799342962087317	0.0089709666592596	0.000147956970850322
0.00371303962101655	0.0010225061225947	0.00012759769204114	0.964645943492642	0.0130097805051723	0.0135756544058507	2.6648733712139e-05	0.000666451613608177	0.00321237781336219
5.55799346744748e-05	0.00159519390083539	0.000875911092350835	0.961192952447894	0.010897571062169	0.0117285902688681	0.000553091884251724	0.0084773251739478	0.00462378423500896
4.14972970159302e-05	0.00498843082445442	0.00126793787863009	0.947793846777219	0.0176115250241677	0.0212774239797938	0.000521532386209295	0.00515633265973587	0.00134147317277399
0.000619228683085973	0.0135071433253944	0.002348008670549	0.963257586233558	0.00493409862929297	0.0120170045462922	0.000642941821222958	0.00261689774212138	5.70903484826446e-05
0.00252961447120962	0.0108746284186748	0.000606781212699398	0.950299083961639	0.0226595690319299	0.00845448604782742	0.00102056179609359	0.00273185025590496	0.000823424804020865
0.000171341646558394	0.0108451324356201	0.000823171083233384	0.947567312858745	0.0248259837648141	0.00858181677057601	0.000960846778940319	0.00107379613154166	0.00515059852997097
2.48245716405076e-05	0.000801813217892385	0.000664391983961187	0.962494024818085	0.0125332094707424	0.0105304904843421	0.000132415583275012	0.00468889825084052	0.00812993161922117
0.000387486648924616	0.000249676088169474	0.00451329258765212	0.960356136367057	0.0110427122920088	0.0133817682899397	0.000166478786379626	0.0068306239778139	0.00307182496205452
5.73681823061482e-05	0.0284300904605615	0.000310241814920449	0.954240921623465	0.0101572369708772	0.00341455183682906	0.000482248471394052	0.00246415944060801	0.000443181199038846
0.000408109950731928	0.00994854316654768	0.000170707554525303	0.949523962755448	0.028105422221526	0.00331379329249971	0.000620102208755262	0.00598727073563086	0.00192208811433543
0.000270513946574208	0.00889414791324589	0.00101479920777198	0.96490781010422	0.00935496543497408	0.00799128558830788	0.00154955381639538	0.000206565719948985	0.00581035826856162
0.000843025535791218	0.000241830574751242	0.0030406836757822	0.951816462392285	0.028492503642025	0.0080059860036441	5.14667487182872e-06	0.000991267438443159	0.00656309406240609
0.00151147224475647	0.00119290458372577	0.00238727830136896	0.955860196265446	0.0198210087541956	0.0171632921466694	0.00115120995967583	0.000237004080952045	0.000675633663210067
4.20197145501104e-05	0.0212834238438884	0.00194099530382814	0.959761200364973	0.0103250044758678	0.0026107864726612	5.8598470352463e-05	0.00192857931467813	0.00204939203920111
8.78581050196492e-05	0.00887151312166678	0.00109078770900733	0.951417217872563	0.0219899646021746	0.00981630138568507	0.000903935546469136	0.0043421025927037	0.00148031906471121
0.00255364695365354	0.00576905821946971	9.19341452884106e-05	0.961321115294973	0.0117792849451353	0.0139312008571596	0.000357133611936231	0.00340273471370676	0.000793891258677076
0.000101214727208786	0.000741493884039574	0.0010667145091421	0.952977748463582	0.0237687267845424	0.0153852419779912	0.00025249759087761	0.000197745717767848	0.00550861634484889
0.000116543898080002	0.00911320697508046	0.0015339413755809	0.968949196674753	0.00680687924593529	0.0129940312921055	0.000146272055596144	0.000160222078354496	0.000179706404514817
0.00151481554205555	0.00149267108692694	0.000552707404260835	0.950637196797246	0.0262621229873069	0.0112292852652397	0.00132210101953763	0.00671963872057308	0.000269461176853439
4.25701002069723e-05	0.00122811440452947	0.000249484129472951	0.971405475851495	0.00704414157513943	0.0145733842948542	5.34181385210528e-05	0.000519197742837185	0.00488421376294376
3.77437459886614e-05	0.000665730581118666	0.000620828449874742	0.964534434065858	0.00923747501051623	0.023886144539219	0.00057339478747171	0.000348086119469939	9.616270048322e-05
0.00109124135167135	0.00215585881974789	0.000905886172246619	0.95750271557966	0.0205926334204772	0.0115605834970011	3.41430300928686e-05	0.00253260595735623	0.0036243321717464
1.28586529322979e-05	0.00934078549007393	0.000182187035062907	0.955211860363405	0.00822425085860493	0.0253838450273142	0.00119401799981762	0.000382155880170539	6.80386926181679e-05
0.00179864194056606	0.00492829160260668	0.00177567041803993	0.949307231461177	0.024015286283749	0.0017429354614671	0.00143974896283744	0.012041118408019	0.00295107546153771
0.000833706934248393	0.00136027336152647	0.000853557918023257	0.967488776212941	0.0134076152204465	0.00736503374853875	0.000208449186038153	0.0055043808984384	0.00297820651979846
0.00854440773303786	0.00916178757460596	0.000943060204245906	0.942344485474055	0.0318302084813995	0.00649038207076461	1.70350507735439e-05	0.000614294832425507	5.43385786917852e-05
0.00316395950412237	0.0186892471730205	0.000492472079524839	0.953481538543625	0.0138661698075148	0.000797442195932397	0.000964674843348024	0.00829882459560078	0.000245671257311857
5.46192099252157e-05	0.00337930211652439	0.000860253975949334	0.960439864599375	0.0182690842257865	0.00892359169146573	0.000957840062533355	0.00703260140355998	8.28427148807694e-05
0.0100662655730264	0.023426662062925	0.000575684342753427	0.945329303675354	0.015277766584597	0.000650670773489508	0.000200462450681046	0.00340086173218316	0.00107232280498977
0.00199250343338112	0.000226696716218079	0.00234403435036266	0.959707941340511	0.0145611978224398	0.0107158969341923	0.000719657923031744	0.00939451334508858	0.000337558134774976
1.09878825904296e-05	0.000256095199982716	0.000532495897847609	0.955360322541202	0.0160266512336639	0.0241329252748895	0.000300792904768544	0.00334902714320338	3.07019218518382e-05
0.00282327929233487	0.00134346306520038	0.00274290857231065	0.964288027838269	0.0118903242257615	0.0147079181165825	0.000647930737837598	0.000170192895574003	0.00138595525612959
0.000136486889745008	0.00652583858534295	0.00298848760035145	0.954802625618227	0.029885415789479	0.00324080142781031	0.000164294013805834	0.00224261117048414	1.34389047547826e-05
3.65129023030724e-05	0.00192101708198227	0.000182612638462083	0.946184766261408	0.0320558494483201	0.00974373669392302	0.000478104951572346	0.00880253653223332	0.000594863489795884
3.98349422638891e-05	0.00396957291228287	0.00119107869040873	0.960090739174492	0.0112738993119825	0.0172548515070474	0.00169408635610596	0.000699765205535372	0.00378617189988077
0.00034564925397659	0.00770199448984622	0.000597036961724359	0.958990276521342	0.0188518011760656	0.012579663962405	5.04204526043051e-05	0.000518035988857966	0.000365121193178158
0.000150447377635828	0.000249601940353383	0.000157059695153039	0.960871665633941	0.0118495937903402	0.0234217936305226	0.000698084727416921	0.00201718723081991	0.000584565973817715
3.51928145270155e-05	0.00226389317458642	0.00104419859533267	0.950069034519712	0.0260794267354744	0.0183199985954964	0.000446138461903932	0.00153379134889123	0.000208325754075486
3.68957248395509e-05	0.000426887612335471	0.00112337081220984	0.962956258931244	0.0176512495924355	0.00559942428384521	0.000786193800036588	0.010249523121922	0.0011701961211317
0.00173717293940833	0.00594152331319501	0.000185554734603107	0.961018219380638	0.0147313933947345	0.00898299054217859	0.000174948078326255	0.00189972369114791	0.00532847392576865
0.00112827420076735	0.0397318067651803	0.00181883978244271	0.937989744388859	0.00923157289704353	0.000704182333752348	0.0055380296985775	0.00349741476889665	0.000360135164480837
2.08754849489687e-05	0.00513381507421894	0.00234652105815286	0.964824948337654	0.00646556373873914	0.0197043358430468	0.00112112484619273	0.000309448642516328	7.33669745305819e-05
0.000107135042301616	0.00412342607522071	0.000835079455789049	0.958459384394503	0.0183362518039454	0.010184029426429	0.000435513809571343	0.00701211718976703	0.000507062802473373
0.000208669247471923	0.020550546381177	0.000521101786797571	0.950940892088675	0.0188772195295709	0.00483950509774665	0.00130523047814825	0.000250021620972181	0.00250681376944049
5.8081006301349e-05	0.00472447611385762	0.000480920162614386	0.956929447467295	0.0125107941621802	0.0171558003398183	0.000158591189592202	0.00733724326608805	0.000644646292253315
0.00179159490100504	0.00465573668563862	0.000112209240251449	0.960974288709625	0.0134802005676189	0.0134448235563334	0.00047787969395966	0.00311333389845351	0.00194993274711396
1.90184547049137e-05	0.000627590692236634	0.00176010808671944	0.956278274197308	0.0207551096932222	0.00216177617752774	0.000702294096735125	0.00990453487863054	0.00779129372291501
0.00129096491249312	0.00986523129426614	0.00174323297762441	0.963647690599755	0.0133674500582753	0.00888975924017952	0.000677401715546319	0.000318582263814826	0.000199686938044995
0.000738905971084864	0.0002190494059005	0.00200453317676727	0.942238861456889	0.0362170001797646	0.0156526522104644	0.0011218849529555	0.00127745966492101	0.000529652981252888
0.00105684735442949	0.000969602623310208	0.00163102413722319	0.95727820466762	0.0160571190091237	0.00128779246354334	0.00126173491930367	0.0201632376300717	0.000294437195374187
0.0145514900920386	0.0121583622850542	0.00034229481886619	0.943691314335816	0.0184582063290435	0.00926109079388555	0.000585287827112484	0.000262824041243843	0.000689129476939847
0.000482968345930739	8.39858368437357e-05	0.00132226011271501	0.950597584548671	0.0248502805198855	0.0205636254659634	0.000343003741941378	0.00173225369245711	2.40377355921855e-05
6.91364912017638e-05	0.000397203506869158	0.000549765253862603	0.95450443625369	0.0240496525671761	0.006293084848311	0.000243647641832718	0.0120551871240137	0.00183788631304281
2.39807205866357e-05	0.00119039609278786	0.00811231490555516	0.943006456818264	0.0102961285709201	0.000251635159644019	0.00399958115624371	0.0328383520990347	0.000281154476963713
0.00149979664675096	0.0197630868569932	0.00054354809290799	0.956730589064362	0.0146211975630301	0.000429493715717458	0.00134877311188486	0.00333752959145594	0.00172598535689767
1.0898100056068e-05	0.00144545739529971	0.00224878329293265	0.965150585340021	0.0156136234609066	0.00820373854567871	0.000713413391205768	0.006584866484309	2.8633989590033e-05
1.9303186881649e-05	0.000617490464009879	0.00181122404915134	0.958549261524829	0.0169735307454698	0.0148581549661703	0.000569315338069529	0.00597265946385636	0.000629060261561866
0.00017370623183079	0.0152774449959949	7.21530442713187e-05	0.966666183481118	0.00956398509824413	0.00496069565148335	0.000571272975351099	0.0026427358312244	7.18226904814155e-05
0.00526998829468041	0.0120316321842856	0.00189201918516619	0.959977376907496	0.0115613819764537	0.00704633535608614	0.000881597130052111	0.000628713213053323	0.000710955752726423
0.00105748016148636	0.000603623477693021	0.000987209094970314	0.970088535236673	0.00923086409704626	0.0136557590747315	2.2869036290894e-05	0.000512555175057258	0.00384110464605164
0.000451630127985419	0.000152438178912238	0.000680322325612521	0.94852614520368	0.0197133769107067	0.0193926706680797	0.00021256738853787	0.0105955344615721	0.000275314734913213
0.00340690573038305	0.000240457329650539	0.00122022864941002	0.939899567269955	0.0276469198442403	0.0114333928460511	5.23462930300269e-05	0.00912163908895799	0.00697854294832247
0.00407673333964943	0.00126405992691356	0.000467682905566152	0.96329489215084	0.0120408481772448	0.0154597000749139	9.44158567549893e-05	0.00325125477129544	5.04127968212764e-05
8.6567218767126e-06	0.00043769589249874	0.0016655894703197	0.970847335035907	0.0123990686136719	0.00397750697020356	5.13018887360385e-05	0.0105731424892986	3.97029174870914e-05
0.0128928578268491	0.00313497170515167	0.000459742088634266	0.955786223671168	0.0133462194335403	0.012501973841716	0.000351738383159227	0.00127575721755539	0.00025051583222625
0.00190923236722717	0.00703023207933744	0.00409955547109481	0.955290771956376	0.0212970855772291	0.00330752711856342	0.000313362474841786	0.00548447870275664	0.00126775425257395
0.0023732772317248	0.00123454376487135	0.00660766727283707	0.961187808114992	0.0164373482326539	0.00310378618557628	0.00155155810024706	0.00749208190686921	1.19291902280468e-05
3.84122741824477e-05	0.00139888245723395	0.00178642159933039	0.957497853591385	0.0152862117236424	0.0171618104176516	0.000681625267590924	0.000498151336934426	0.0056506313320487
0.00030323630858724	0.0222486273909245	0.0015146191690659	0.95987198390539	0.010567493490224	0.000938175714937348	0.00123285816006265	0.0032799361759656	4.30696848426693e-05
0.000135818528823775	0.00175392799954005	0.000381411692137786	0.961045080986148	0.0143669317194585	0.0179369102594676	0.000913521833592787	0.000357866640972032	0.00310853033985915
0.000117418927041365	0.000136872350685841	0.00339643953620078	0.96463327347779	0.0128468600648475	0.0100425153741805	5.75643702105925e-05	0.00871037237510713	5.86835239366459e-05
0.00047911057877469	0.000443377725797081	0.00243557169213713	0.96276943496953	0.0141994658047316	0.00671313896729796	0.000310536559276711	0.00974401680456817	0.00290534689788659
2.80456484981742e-05	0.00865183535298457	0.000423089150657199	0.960123743021132	0.0122223423182589	0.0168596304041411	4.1395337333508e-06	0.000721329634365077	0.000965844936229901
0.000417201456789795	0.00637351464950993	0.0203979395803543	0.936955399549414	0.0204691560206289	0.000453836783637142	0.000586850698987356	0.0141136753560551	0.000232425904623479
6.79534516090996e-05	0.01323988838974	0.00062006071770394	0.953929484190256	0.0115899678431426	0.0107177122052593	0.000738111932274729	0.00465201668380149	0.00444480458621298
2.15749328779744e-05	0.00156309115138532	0.00623040040390796	0.963059268414491	0.0144787135629311	0.0022326031926919	0.000379140585438339	0.0118366305053506	0.000198577250925335
0.00299859214272368	0.000838047769957126	0.000366899090960031	0.95341660329662	0.0217950567543949	0.0184778994573288	0.000736607427318944	0.000615836131253147	0.000754457929443336
0.00221211997857429	0.0051525667475069	0.000404943247702682	0.960408914181802	0.0195646129260267	0.00902291494603488	0.00028448970500225	0.000819310115657408	0.00213012815169258
0.00622239414590482	0.00105301675880625	0.00429475390320404	0.959432810029859	0.0137496732404166	0.00913433181871946	0.000131761642697979	0.00294692316142788	0.00303433529896392
0.0133475330101911	0.000685700976562624	0.000845308083796443	0.948672192563054	0.0141956597816498	0.0190420167905434	0.000301765821767793	0.0027917522483561	0.000118070724078326
1.32593970585155e-05	0.0141810649593162	7.15239734730357e-05	0.963670830173271	0.0185077421008841	0.00213085700527442	0.000881460066317322	0.000511910866856504	3.13514575482142e-05
0.000205992174627879	0.00102163464942287	0.000648559685808725	0.949740377153712	0.0202303366800929	0.0182516341065297	0.00127091635557236	0.00578988731944209	0.00284066187479151
0.000256705099325518	0.000268212060198717	0.00126034381232126	0.951923630135951	0.0138092896167575	0.0251696530855023	0.00066483664318679	0.000335490749594907	0.00631183879716195
0.000143889411618412	0.00171523035285459	0.00130397016305059	0.959054254728791	0.0164193703746996	0.0205508570153757	0.000651362323730901	0.000120703214967406	4.03624149120024e-05
2.58665207231143e-05	0.00203840296576299	0.000606035323971668	0.958037524524202	0.020031798510019	0.0174920698600606	0.00027871198205394	0.000758021257575811	0.000731569055631002
0.000874383141010544	0.0144855723880779	0.00158439633675458	0.955334508478038	0.0113127540469353	0.00359436627694805	0.00173900492681014	0.00372402691063915	0.00735098749478618
0.00427811486801995	0.000576079576180177	0.00111726616696647	0.941706994487485	0.0236368804899757	0.021827760059555	0.000837798942132881	0.000107455529076864	0.00591164988060769
0.000917348425726238	0.00127412310267824	0.00024580585086468	0.958905102264313	0.00988601484824721	0.021690183922772	0.00138765025524876	0.00360044758362875	0.00209332374652141
1.1747573816314e-05	0.0125460113173668	0.000825259585900265	0.953128794506851	0.0203633887787045	0.0124538185385075	0.000529302474841024	0.000118058647815593	2.36185761974684e-05
1.53404860936885e-05	0.000608976258724184	0.00010182618354335	0.954602358063019	0.0208950387527963	0.014217582397602	0.000231908165861593	0.00772099186498762	0.00160597782737245
0.000402755355802605	0.000605360428471955	0.00166548726756539	0.96521795576262	0.0130977487877066	0.0142468808552968	0.000266422245336625	0.000226999241962263	0.0042703900552379
2.97864362317661e-05	0.000102720671588965	0.000672049851034273	0.951561295049479	0.0269349394035202	0.0147594651114217	0.000237922377233034	0.000233124374395611	0.00546869672509518
0.000396901726566748	0.000436427639864024	0.0021216761554482	0.964665957113286	0.014745404428186	0.00930367887629656	0.000744071014980351	0.00755881535524028	2.70676901321396e-05
3.52931586401981e-05	0.00484090696650747	0.000974230495259977	0.951682647013596	0.027202672183253	0.010993815394364	0.00024016305565262	0.000152724183077214	0.00387754754964955
0.000187292998304072	0.00144039710854619	0.000151136789530245	0.967047895590406	0.0137241553373971	0.00818379832557197	1.31294840970107e-05	0.000342744682036133	0.00890944968411061
0.00469224720709074	0.0001478985142019	0.000232154787794013	0.955706651134336	0.0148600534932201	0.022431791774982	5.61399915635973e-05	0.000965621742248593	0.000907441354563513
0.00434249091713648	0.000307449394549828	2.19230967101201e-05	0.940436160909629	0.0221476586747646	0.0151955661696031	7.64649710871859e-05	0.00785730402489627	0.00961498184162274
0.000275751942538845	0.000345082241196321	0.000590736382115418	0.962441774691346	0.0143681418377961	0.014928291318805	7.74164520882711e-06	0.00663122951014699	0.000411250430846845
3.53725311435744e-05	0.00865591743997883	0.00223085630231397	0.953621336269953	0.0199464572658482	0.0101657234295601	0.000403789648978642	0.00271495370191467	0.00222559341030895
5.26587367725997e-05	0.00378309181245557	0.00170200833079792	0.968813825632999	0.0105515121787024	0.0138370323719373	0.000353205527179353	0.000248634787471824	0.000658030621683869
0.00132989671412761	0.024898672789723	0.00108635515357802	0.951153498194399	0.0142503765546785	0.00306294401950203	0.0027556944368811	0.00115128567435363	0.000311276462757075
0.000268438424848934	0.0181659791807475	0.00021534127880362	0.957035234138803	0.0121830616706413	0.0117716682663139	6.26241750589849e-05	0.000254823435641621	4.28294291412292e-05
5.44344125852434e-05	0.000438604691764452	0.000141063351881092	0.969161183631425	0.00910137289193193	0.0183778726924482	6.2938958919844e-05	0.000181116543038665	0.00248141282600564
1.14556696872939e-05	0.012359212843985	0.000232135571643474	0.957846852008258	0.00684080275674755	0.0120650286938159	0.000928883391319618	0.0011281063346378	0.0085875227299054
8.94071935450351e-05	0.000614665940642951	0.00281181716599412	0.965929335952881	0.00990028077705448	0.0171234056006306	0.00038223960284346	0.00162750779480488	0.00152133997160303
0.000881276730576108	0.000265003250263624	0.000579619836388631	0.958678654895277	0.0302998475829914	0.00297230236749293	4.81270001360451e-05	0.00614097174095741	0.000134196595917007
0.00545555360608083	0.000232807245031912	0.00235712685060189	0.949498175618976	0.0214029929068422	0.0168476722667106	0.000781045337885399	0.00249636947737717	0.000928256690493494
3.52065022332282e-05	0.00814083697361737	0.000674748133648504	0.956992377897903	0.0104483608446699	0.022434172636894	0.000181632967367758	0.000975050711879121	0.000117613331787532
0.00326920667446709	0.000367961232106366	0.000851129042020876	0.959544190561423	0.013874359845484	0.0164382569578428	0.000626809200972269	0.00367925283261604	0.00134883365306714
0.00151752401516003	0.00715699362571658	0.00186313531315076	0.936003267437703	0.0411507555257582	0.00122309912773801	0.0016959952466961	0.0066381100334004	0.00275111967467725
3.88145976680267e-05	0.0298021858475097	0.000233714122302181	0.955356736003077	0.0105533934127776	0.00213466963300224	0.0014647021180892	0.000139650033794004	0.000276134231779537
7.08848381397949e-05	0.0106755823553064	0.00152060825442985	0.961565016361194	0.0187595246701632	0.00629186505960672	0.000381694103544045	0.000424118411089161	0.000310705946527076
9.13526140095458e-05	0.00424512646340222	0.00337732771505783	0.949382822036343	0.0252906523296512	0.00252082147338511	0.001001113071585	0.013870836642262	0.000219947654304094
1.82824283583433e-05	0.0351810638888792	0.000166866999553047	0.944011242407208	0.0104368036926647	0.00135936313335648	0.000268702811904446	0.000457410810224605	0.00810026382785154
0.000595921997639641	0.00525682473226753	0.000270747850831829	0.950457810301718	0.0200595995112163	0.0179634981253082	0.00019188586005889	0.00151721890077885	0.00368649272018113
7.71823289879121e-05	0.000151957006143634	0.000154842725964902	0.964379156053546	0.0244369626296641	0.00414101293424701	7.06879328244099e-05	0.00645047171208144	0.000137726676540493
0.000668645220358087	0.00233452318221828	0.000599005551316689	0.966916843522441	0.00944797250336637	0.0151433358915876	0.000123258763480417	0.00121413973410105	0.00355227563113109
0.0031086266981449	0.00811849467406148	7.13171841829117e-05	0.961709456443298	0.00988125599011597	0.0083770015190615	0.00059666717936823	0.000101273267553405	0.00803590704421382
1.80524145986161e-05	0.0206519242044306	0.000338115482044568	0.957918669189164	0.0174561088111053	0.00204565341037782	0.00123083909448943	0.000147900533589105	0.000192736860200358
3.29573047991594e-05	0.000657677258268005	0.00176912944235729	0.956556214348288	0.0159008035289361	0.012485659484947	0.00120317573023409	0.0111233633752935	0.000271019526877229
0.00263960542788822	0.0102047823249663	0.00148898572142526	0.959187056982881	0.00968712400959426	0.00115435445952196	0.00267955843457244	0.012800690492056	0.000157842147094286
0.00165493997141661	0.0104040922026321	0.000558055136246853	0.958634531004594	0.0151229565334216	0.00623429778880384	0.00124477706328064	0.00464936313301273	0.00149698716659131
2.79531019678535e-05	0.000424594039753896	0.000925310165025547	0.959243034987634	0.0157983009490605	0.0195374924520623	0.000714141627667743	0.00259089898711814	0.000738273689709763
0.00102440640526887	0.0175110140294051	0.0012299693813716	0.95741051168836	0.011134466891033	0.00207017962902559	0.000157724694675487	0.00267355911295997	0.0067881681679008
0.000103475141333161	0.000286931997829232	0.00428697300717833	0.978678865087244	0.00832789240897309	0.00592350401242046	6.52704819621911e-05	0.00062319540480197	0.00170389245825814
0.000273050013837251	0.0107927594396148	0.0130144135499871	0.942811000577628	0.0157921474007401	0.00494127320257545	0.00163016170081326	0.0102399486959309	0.000505245418873359
0.000144816154032534	0.00313444314655337	0.000385486477124098	0.956960843395665	0.0105466923953142	0.0260232197234714	0.000481277257551141	0.000956513659864628	0.00136670779042343
0.000205622628856142	0.00108184795183594	0.000514912064647477	0.958676105301951	0.00822647144963148	0.0226595208981989	0.000700625467004057	0.000217958859096728	0.00771693537877823
0.000508302529295888	0.000340849082391244	0.000595655847642395	0.969295072196105	0.012556478861485	0.00781911672019141	8.10285653122215e-05	0.0084582255582195	0.000345270639357398
0.000749608715357861	0.000358982896635022	0.000184317877052027	0.96725111480993	0.015228797792369	0.0148740459233632	4.33817535425822e-06	0.000584715136588839	0.000764078673349459
3.12291668792435e-05	9.73224708282442e-05	0.00276877050058798	0.962530974503134	0.0190755248907994	0.0121324336225966	0.00102650499232206	0.00227446570905101	6.2774143801389e-05
1.28244397573966e-05	0.00952917460424679	0.000548193906406802	0.962399875979723	0.0179577829548026	0.00194314801901666	0.000624824193734977	0.00660864323109966	0.000375532671211988
0.000160020390767169	0.000989688332454271	0.00164835018945875	0.963198257036393	0.0110754747416676	0.0130591855949621	0.00107082829395229	0.00870693019173186	9.12652286135714e-05
0.00026855960662791	0.000190753375112474	0.000262055602325088	0.96924956424937	0.0132456102400269	0.0154010117146265	0.000797084365446562	0.000525966553023127	5.93942934416901e-05
1.62236895801052e-05	0.00557746440060001	0.000512736715644631	0.958192944085577	0.00578971582315961	0.0189373408482024	0.000324160007491798	0.00111543102336542	0.00953398340637868
0.000121406252508434	0.00419313127329561	0.000800214843641067	0.964176756581028	0.012116382056445	0.0126494258031665	5.73051590702242e-05	0.00584070986289761	4.46681679476902e-05
1.29239196841854e-05	0.000577774619635969	0.00214155629131328	0.954065608893543	0.0193524366657637	0.0102342798795215	0.00094767412655948	0.0111913271465909	0.00147641845738814
3.83920931644659e-05	0.02262292195792	0.00089526644380909	0.944684599764708	0.0139765347920257	0.0031564989996747	0.00143094179772991	0.00603609528061849	0.00715874887034956
3.16702975475485e-05	0.000515290641493636	9.07063344336659e-05	0.966503198452545	0.0156668684553422	0.0143155218285915	0.00115182429129855	0.00159550087515161	0.00012941882359644
