Bcells	CentralVeinEndothelialcells	Cholangiocytes	Hepatocytes	Kupffercells	LSECs	Mesothelialcells	PortalVeinEndothelialcells	Tcells
0.000182366974517635	0.000640479454209278	0.0445557615938177	0.924959774993389	0.00623027612414663	0.0170798289213895	0.00226285483019584	0.00136199388509596	0.00272666322323879
0.00394230021336895	0.0116440641583592	0.0544620996940917	0.916258282336626	0.0106560774921121	0.000606006970216772	0.00230677326990583	4.32417969560897e-05	8.11540683634106e-05
0.000279308611327361	0.000149199313188046	0.0542894117079456	0.906591459304118	0.00997271096556394	0.0230812446107712	0.00276503835292539	0.00261514017296022	0.000256486961200156
5.65295045522971e-05	0.00403529487864437	0.0533898972585752	0.906690917357804	0.0117358069425527	0.0202590128392727	0.00329830648001986	0.000237750841798251	0.00029648389678072
5.49510501739901e-05	0.0204958368047758	0.0465218333904647	0.911039124230799	0.00908470625384981	0.00748732963705052	0.00290054210473216	5.27043339519682e-05	0.00236297219420148
2.94155194177674e-05	0.00478157771714122	0.0507816858880705	0.928546330353539	0.0054424831943691	0.0073092419835199	0.00198261856761226	0.00107854651731292	4.81002590175258e-05
0.00402767863705487	0.000903575029961328	0.0454417563773763	0.93507044536404	0.0040711988157113	0.00512879843986043	0.00274035444549237	0.00255010408490933	6.6088805593755e-05
0.000698442148791489	0.0203197278859476	0.0506168784255588	0.910146230876434	0.00804134527983046	0.00145861613010692	0.00481017662424727	0.00185464353765761	0.00205393909142614
0.000476828156177765	0.0146389596113969	0.0475538634632308	0.910319247862717	0.0166813432391975	0.00854757716015088	0.0017050005440883	4.22976199237878e-05	3.48823431172504e-05
0.0030274388812345	0.00374221210011102	0.0502652743767267	0.913981612985922	0.0115584505846028	0.0146911541067168	0.00241658996553928	4.71926208455169e-05	0.000270074378300956
3.9705929622565e-05	0.000384532743140314	0.0508119037781023	0.90687377458188	0.0147062459229219	0.0213484086332203	0.00352767840865101	0.000632277344337655	0.00167547265812345
0.000727197342841896	0.000549858605118667	0.0654774532651983	0.912556472651582	0.00551320524212229	0.00417028397676506	0.00182073435102939	0.00866075111727327	0.000524043448069292
0.00164086111977187	0.00087249443888739	0.0468254585320559	0.918229891518781	0.0103008746435722	0.0184907406716743	0.00310687961392849	0.000436754395135801	9.60450661928967e-05
0.000313651490849143	0.000249123263254318	0.0743364022857596	0.877577527609196	0.00835720738769475	6.50334658315726e-05	0.00486795611245267	0.028786545861397	0.00544655252356443
0.000505906901308585	0.00107944371950856	0.0546902681601545	0.906647123237388	0.0145271508491819	0.0131189963389501	0.0024957707583307	0.00677371959334626	0.000161620441830939
2.2301083615207e-05	0.0110257305034773	0.05701547017758	0.91768457638943	0.0069926991435285	0.00171309273348337	0.00270831463303138	0.00267085748491387	0.00016695785094075
0.00485345812397747	0.000176998817178197	0.0580403771519848	0.916026549981015	0.0058703417937471	0.00625358763876933	0.0037137101716958	0.0048543522254683	0.000210624096164261
0.000153579130510972	0.000118728938038718	0.0478763101320794	0.919366718435002	0.00812871512465296	0.0157860942854087	0.00182758353385767	0.0065285726562293	0.000213697764220395
0.000109710403485576	0.000935214073346082	0.0534060598082393	0.915625229537503	0.0161346830001014	0.0100161678208984	0.00319855695924928	0.000219358645271686	0.00035501975190523
6.07523048790286e-05	0.00039114841219175	0.0517006252028368	0.909605976544166	0.0181064427409267	0.0122511569929466	0.00181864942246512	0.000746917575351226	0.00531833080423711
2.60679482092631e-05	0.00868405139223015	0.0522611092462425	0.918328461021516	0.0150186446917566	0.00184596495998908	0.00193936212847255	0.00117101326318712	0.000725325348396376
0.000176716227473948	0.0221009091071882	0.0516787454938546	0.917241374173497	0.00496580652728109	0.000859661877740231	0.00255855477777697	7.41084713641819e-05	0.000344123343823918
1.30075318892194e-05	0.00122676891449007	0.055087321301642	0.926341163471237	0.00499726252274479	0.00981269871990615	0.00219209132325161	0.000300792559192649	2.88936556469055e-05
0.000319976938134731	9.4708001262703e-05	0.0531023327786452	0.922388779566587	0.00736970919845474	0.0153830424822282	0.000905767497881187	0.000389092831843245	4.65907049628991e-05
3.1371939937609e-05	0.000281618228969268	0.0497642454275427	0.920369193618406	0.00935699431578206	0.0167591846445254	0.00300725691105815	0.000350044784254475	8.00901295241153e-05
0.00371181590955884	0.00888412234320078	0.0485990979249478	0.913187741068502	0.00936493770964618	0.0115727292974417	0.00350629554848413	0.00115805804623785	1.52021519806043e-05
0.000233163315736357	0.0112190796282924	0.0509001195593906	0.916761088588905	0.00862455173336031	0.00907413221545988	0.00293951156752512	0.000223450280442972	2.49031108871548e-05
1.98828515623429e-05	7.76283109961038e-05	0.0581987375868038	0.906705882843934	0.00690436404432268	0.000209315119687445	0.00349599426040943	0.0240559641827434	0.000332230799540463
0.00183200495998336	0.00463076357101597	0.0500420781823612	0.916147691364006	0.0118101839729038	0.0126773934600943	0.00195016852284199	0.000200221324285233	0.000709494642508514
4.87455628073636e-05	0.000809054384374766	0.0520974159926527	0.9092713754728	0.0184774601946102	0.00782227353692122	0.00264903880273488	0.00817519220490892	0.00064944384818971
4.9862248793547e-05	0.0266679997988675	0.0569759766802781	0.908287904978888	0.0047678205219914	0.000236441003549857	0.00227945370780114	0.00068303105578843	5.15100040424624e-05
0.000418303388031162	0.00384308965052688	0.0560081347146106	0.909135206789526	0.00766257116995578	0.0166729582819941	0.00322665141643198	0.000519435432470252	0.00251364915645314
2.10266815740798e-05	0.000314180088367863	0.0535867177928551	0.910423961352685	0.01284160842339	0.00921200765095262	0.00264100905090634	0.00919993846199447	0.00175955049727469
0.00380506104112273	0.0194853661662973	0.0521068863162971	0.905866459885395	0.00971132734493377	0.00124948049069549	0.00266117756737128	0.000704225279997642	0.00441001590789
0.00030247580155045	0.0178728687009782	0.0526727514963413	0.904432794084087	0.0108461800360562	0.00692176236610824	0.00344694002515482	0.00334602132872554	0.000158206160997728
0.00328122967740074	0.000780862429503679	0.0443090127926278	0.920435512160619	0.00958440470870626	0.015837038112538	0.00129150097014237	0.0011436737278876	0.00333676542057466
0.00782622183310112	0.00391166956633111	0.0462534554601398	0.899687767498614	0.0224822447333356	0.0141320358183117	0.00266571933803174	0.000378694653078582	0.00266219109905615
1.17489856486183e-05	0.00975788821983851	0.0460468615255984	0.914642081532694	0.00794902695651331	0.0120684830265937	0.00394441704941689	0.000564793591457942	0.005014699112239
0.00214058943982416	0.00283550656439124	0.0526713213433849	0.908753310697779	0.0206048479616495	0.0110452772474312	0.00151253365723391	0.000198390074727769	0.000238223013578542
0.00933522757065935	0.00990924815545389	0.0482489022663193	0.91403751447594	0.0134069260250153	0.000356061514283097	0.00263077402238048	0.000886371035916821	0.00118897493403208
0.00302008492067468	0.000960238830728516	0.0550017044496889	0.877377389976639	0.0107428591319345	8.19571446435397e-05	0.00847166017611652	0.0443298356276508	1.42697419238753e-05
0.00107888587072084	0.00429107205435371	0.048910042627838	0.923592992036145	0.0137871962223614	0.00581892020398329	0.00236662046653668	7.31742438400689e-05	8.10962742211548e-05
0.0105302185040411	0.000800238018235016	0.0842287319639223	0.874343551333621	0.0154745444565337	0.000651472115264335	0.00464659297533003	0.00929017906087247	3.44715721802284e-05
0.0011809392664275	0.001106570758119	0.0475699348592964	0.920882304460273	0.0102768421218966	0.0120198001480081	0.00251117660771397	0.000161957550895874	0.00429047422736925
3.29831075612542e-05	0.000681840565886175	0.0512626326798218	0.924823452509175	0.00755413270588411	0.0101394789831299	0.00472059040990681	0.00047371210447975	0.000311176934155442
0.00192238633771889	0.000866869111381964	0.0451991726060406	0.917306330746176	0.0109574552013858	0.0173025923402445	0.00134569378145925	0.00140474137383447	0.00369475850175827
0.00109855587687602	0.00142254596210147	0.0623683141841973	0.914796167729606	0.00420960960015449	0.0106688987822693	0.00190770049295973	0.00199432101376148	0.00153388635807476
0.000511590716201249	0.00186727586425652	0.047572441498618	0.914584073192957	0.0128928196257262	0.0180215252493663	0.00438111909010511	0.000103250637401178	6.59041253686679e-05
4.9679937170521e-05	0.0115950427664769	0.0474132991616356	0.922629600977322	0.0139222933895198	0.00143875998564684	0.00234197931871909	0.000314745316700677	0.000294599146808899
0.000760186051576711	0.000652447169982711	0.0614807317505361	0.886793682287708	0.0091372922098104	0.000357462214165399	0.00430450348118499	0.0223428341141936	0.0141708607208424
0.000133430134656645	0.000580211453891052	0.0556740267178834	0.915629239492149	0.0069360925160211	0.0141366247365125	0.00351824966517157	0.000144767840312386	0.00324735744340204
1.99919797299326e-05	0.00131074213933191	0.0491427221051486	0.917197111776519	0.00826687477690884	0.00674998267795998	0.00281864097570158	0.014002111762411	0.000491821806289662
0.00853025812938348	0.00129023893823385	0.0694057099457145	0.872251311045825	0.0108633295440834	0.000103299500900731	0.00674463617529321	0.0301554229576434	0.000655793762922095
3.6455166691043e-05	7.67995452990617e-05	0.0558207082064736	0.913441602933192	0.0119579669621048	0.0175120454188447	0.000988401511696869	0.000143388062501261	2.26321931972026e-05
3.58967609176605e-05	0.0108491472750308	0.0507183356502631	0.916853279801428	0.00315216917649952	0.0117702806397276	0.00321865619246262	0.00123080565536525	0.00217142884830561
2.19009853229822e-05	0.00288722673844717	0.0560094309256116	0.917592733533861	0.0106651851597344	0.0103865329431664	0.00225812010498293	2.29778641249488e-05	0.00015589174474852
0.00406112940986247	0.006147139422895	0.0581676560190382	0.912381160275364	0.0112069286414093	0.00570245354382108	0.00151352517329775	0.00036221167592772	0.000457795838384339
0.000772596011697051	0.00466596524527235	0.0526122107377833	0.919546904222457	0.0113040884249771	0.00231204139839501	0.00236325320750538	0.00638042833456816	4.2512417345052e-05
7.4461372251925e-06	0.00100880716930341	0.04534405556459	0.919316618557531	0.0124602103154597	0.00271667338278391	0.00272646742149209	0.0157430482785839	0.000676673173030727
2.70269162575128e-05	0.00556324056993037	0.0495611576519741	0.926078525663945	0.00487197539678011	0.00986170659334854	0.00276160881012982	0.00112182797850551	0.000152930419129015
0.00272674328087523	0.0169958426091171	0.0584607088671484	0.907050740299636	0.00718662607908794	0.0037433798233578	0.00281780020603824	0.000114819547129185	0.000903339287610329
0.0074043478403909	0.00026621442988829	0.0493255935329103	0.912563728447175	0.0118414678036984	0.0118052485924302	0.00223411578415618	0.00180777945330907	0.00275150411604206
0.00111550139898537	0.00146113658231679	0.0490077700308039	0.918752152471543	0.0134726756409159	0.00408843135484667	0.00195773606495791	0.00950582484154931	0.000638771614081524
9.2426698406511e-06	0.000599948255978017	0.0458481242233343	0.924803909284568	0.00592280445376225	0.0173755781601926	0.0031733807405994	0.00214781506118248	0.000119197150541937
0.000485885237297262	0.00022770419790299	0.0482917733883509	0.918067077817512	0.00903153780775618	0.0151076081590078	0.00302931865798451	0.00534962109886609	0.000409473635322559
9.18418271208257e-05	0.0115275238753804	0.0463820752353601	0.926024451594969	0.00991214775592069	0.0010831325752989	0.00278150334259359	0.00139874762613695	0.000798576167219829
1.50501130362391e-05	0.02472217172618	0.0568998072691788	0.909552872976373	0.00403219732554337	0.000822727360870748	0.00239771272181449	0.000326541273885897	0.00123091923311709
0.00160999332182003	0.00624656058903859	0.0460072379561509	0.924017533336348	0.0100721292726253	0.00310031264844119	0.0022332462194931	0.000366916223883301	0.00634607043219973
0.000237948802892978	0.000181291490313543	0.0568671724489976	0.915258141681145	0.00848836650671706	0.00748337419377114	0.00343565220641221	0.00785761276538837	0.000190439904361689
2.07745246939787e-05	0.00382266106323326	0.0549369038186458	0.921940864354521	0.00883334693748653	0.00619638591239057	0.00273093787538719	0.00149519216629037	2.29333473508271e-05
0.000537957714639857	0.00139418644084749	0.0503098754412218	0.919755185968909	0.00809401181341339	0.0129758318345944	0.00210533248745782	0.00154880862479747	0.00327880967411845
0.000774242986781949	0.00244934351928545	0.046806286881076	0.933195674536989	0.00861263629526715	0.00174206810399667	0.00273865430360282	0.00329663981019222	0.000384453562808117
3.83572327101503e-05	0.00300455938898458	0.0463321244259832	0.927920467942945	0.0125645551792517	0.006314593896972	0.0025282601133725	0.000927029019633027	0.000370052800147778
0.000126578638803113	0.000417217750805327	0.0571780322162427	0.91801743823951	0.0105009301653266	0.00794283621199459	0.00262095910304059	0.00284299250002692	0.000353015174250351
0.000291176241790608	0.00444536953351419	0.0532177931718504	0.920526869263936	0.00464698656399579	0.013321708072329	0.00309901501903218	0.000401273384739831	4.98087488116594e-05
0.00010809995548217	0.00246634360901336	0.0520538850330183	0.912296446772587	0.00882750122982347	0.0169557213629575	0.00310953681449542	0.00414894232067899	3.35229019433185e-05
0.0403551839161195	0.0244323767206118	0.087429271640582	0.798862425007335	0.0146219977858687	7.1868688482639e-05	0.00741993063112142	0.0267904166807937	1.65289290855533e-05
0.000254472643907891	0.00475016825641779	0.0520022545372924	0.925846596375799	0.00898211669980589	0.00452294468736659	0.00189996666114563	0.000651105464179509	0.00109037467408513
0.000334318869602956	8.57876154229578e-05	0.0561802314319841	0.902806349089519	0.0164869871708495	0.012773830987938	0.00215319291360623	0.00635154409666441	0.00282775782441238
7.36200256544918e-05	0.00305638229177525	0.0540239563645001	0.914269701754117	0.013163522806907	0.00992314064200192	0.00279041504273751	4.47701888071714e-05	0.00265449088349968
1.22273317920445e-05	0.000575639507458534	0.0541771307854508	0.91622799641722	0.012245709007236	0.00842775365388945	0.0046103322698355	0.0036823480858913	4.08629412266445e-05
6.29341833344761e-06	0.0148790929779748	0.0516317002919812	0.925395558602883	0.00556103015881597	0.00107119583467565	0.00120919359720827	0.000228783266556029	1.71518515712402e-05
0.000673846023438018	0.00235795876890038	0.0528556876868	0.910820861623974	0.00648464757523212	0.023059346260617	0.00225563310219532	0.000491795510966619	0.00100022344787674
0.00131381641466341	0.0039428944599797	0.0470387854093458	0.923690247253105	0.00672559654856167	0.0130816506682263	0.002763456380155	0.00136946140854036	7.40914574232423e-05
0.00569934162504364	0.000807285853708203	0.0531710287537602	0.919477291715204	0.00737969329954897	0.0106552419842286	0.00155967249708967	0.000336821745352383	0.000913622526063828
8.03575416778286e-05	0.00107905186944057	0.0541107351603252	0.916583647990125	0.00624439506771858	0.0138754201468796	0.00234542276452349	0.00185421965854053	0.00382674980076936
8.23893437553043e-05	0.00482188114933432	0.04985063908014	0.908406079171247	0.00978430714869343	0.0187100244427995	0.00314956474204416	0.00356102865670462	0.00163408626528184
0.000412299213789227	0.0167494790297518	0.0588512489975993	0.911554973994327	0.00223766843393623	0.0076064247493028	0.00237597615371235	0.000195116340748821	1.68130868323588e-05
0.00415122113241576	0.0100940325149126	0.0462853023062525	0.913902100311014	0.0143081382221417	0.00707450086273512	0.00205875523293101	0.000472719620045274	0.00165322979755157
0.000799022559477917	0.0137177805623215	0.04926949496705	0.912116217071313	0.0144763285675629	0.00324279643553988	0.0024423142112768	0.000239078876087161	0.00369696674937059
3.72579414815763e-05	0.000799563823156297	0.0483350328779731	0.921238935192012	0.00620577638324738	0.00576269310994541	0.00253355574828228	0.00596905915112976	0.00911812577277252
0.00052105236364308	0.000142074009864508	0.0701629759871861	0.904708852245059	0.00529261558621643	0.0143903885015407	0.00203425767349265	0.000810084677890167	0.00193769895510717
5.82120244823226e-05	0.0283341404883999	0.0494849536193701	0.9112853257347	0.00608013182594543	0.00052104228639299	0.00185429974359989	0.00221948955393212	0.000162404723177553
0.00134601266209606	0.00962800246083569	0.0481721978696193	0.91295460220312	0.0173436971005891	0.00154465642768516	0.00284926145345407	0.00557834993172905	0.000583219890871123
0.000245227103091444	0.00645835844794975	0.0509693840574405	0.924468012603501	0.00507549116475425	0.00482698917061713	0.00359260050345127	6.41208198866887e-05	0.00429981612930768
0.0010242933086618	0.000200179383349475	0.057976615884361	0.909487848157627	0.0167371873416786	0.00591771240448835	0.00200585569687792	0.000201350967916591	0.00644895685503966
0.00216667611861262	0.00424744392866252	0.0531820561564257	0.917030730141387	0.0112142379587404	0.00689322827838472	0.00312755700936568	0.00197172329622339	0.000166347112197755
4.63591049108585e-05	0.018695419340303	0.0567539521180866	0.912703542342445	0.00548009233382551	0.0011027644151517	0.00196295306117231	0.00133494873244483	0.00191996855166039
9.8860238148414e-05	0.00534665551575837	0.0572498022405172	0.909652831581991	0.0117466094650085	0.0106041339955138	0.00308891813921464	0.000917582010866497	0.00129460681298161
0.00210137159546666	0.00413790700264684	0.048055628374798	0.922722513735148	0.00659381232799543	0.0135108004839726	0.00159597507854739	0.000832110233374366	0.00044988116805046
0.000361780990491472	0.000420259345606762	0.0551024447069264	0.911553057315801	0.0139759834751724	0.0120654691296405	0.00182946527025904	0.000259099565201205	0.00443244020090135
6.19191748838204e-05	0.00793267236494319	0.0537716061758504	0.921002559977078	0.00366357695366044	0.0117867194786702	0.00167687105910399	3.20987653644892e-05	7.19760504453621e-05
0.0015618578630616	0.00343503088555315	0.0519761663005443	0.91246021595011	0.0159294804071321	0.01053155604233	0.00299287817061399	0.000935409857619023	0.000177404523035413
4.55464098452853e-05	0.000566344721284271	0.0510260857789423	0.928992486902664	0.00412333661221603	0.0121185085757974	0.00165144067037976	0.000486738567773583	0.000989511761097725
2.3694448723963e-05	0.0006470927584173	0.0494625338735515	0.923088835564341	0.00519761455481045	0.0190419550542616	0.00230006797957718	0.00019763150723761	4.05742590794134e-05
0.00112807064592351	0.00923811351244933	0.055434862387499	0.917379976348115	0.011847543019264	0.00209669052349932	0.00168172705110317	0.000437135093675568	0.000755881418471508
1.35170578548771e-05	0.00647334864340651	0.0479005558787912	0.91469286988933	0.00408485759847397	0.0228820128682509	0.00348716911457001	0.00042647801284893	3.91909364732465e-05
0.00249227751863368	0.00491554775046765	0.0513657321521268	0.911899371604528	0.0133487697462486	0.000543546858541156	0.002880909612194	0.00995778463580515	0.00259606012145441
0.000957965897632505	0.00301310302931165	0.0470051556063502	0.927739612539242	0.00683017083155711	0.00650928952887701	0.00287293471989871	0.00195201688300425	0.00311975096412623
0.00973826252102987	0.00910495703312532	0.0554610763661175	0.902590732068215	0.0190483746644392	0.00147937924265075	0.00228519150585082	0.000244535450509792	4.74911480618891e-05
0.00343764598388671	0.0179955337247082	0.0510838171581279	0.914099965353523	0.00799928324292712	0.000508804048979138	0.00311162056800286	0.00171207326855879	5.12566512861507e-05
0.000197167483534312	0.000719077133461072	0.0514056392499328	0.917911019721631	0.00963845255292438	0.01218245606416	0.00271503802697009	0.00518046572751447	5.06840398718715e-05
0.0092451676485972	0.0235224233109003	0.0503517665669307	0.905391818737329	0.00847282183045874	0.000337475202847409	0.00193480386158424	0.000107549800666942	0.000636173040685747
0.00174660372800232	0.00038803867854157	0.0546676661428213	0.917295834910591	0.00798747539717668	0.0122963256820132	0.00275483333239768	0.00279363690000001	6.95852284559391e-05
1.37696067282304e-05	0.000223600697757364	0.049802138063488	0.91411958820067	0.00933478305673788	0.0234596499716522	0.00197417963990307	0.00105253469350721	1.97560695563653e-05
0.00256006541091948	0.000190415774109358	0.0586966492553423	0.919530901737953	0.00626088780631231	0.00972129404296569	0.0026641557944371	7.46358455479031e-05	0.000300994332412795
0.000971474806155911	0.00988922743318753	0.0558618819233522	0.91295698332881	0.0170699277515713	0.000451697325672011	0.00270204813768766	8.74276263854612e-05	9.33166717859677e-06
5.09606315084507e-05	0.00210947523252556	0.0484157588330989	0.913769477747515	0.0195096728317406	0.00870280080393871	0.00233613012165429	0.0049472477813117	0.000158476016706867
3.48228300569035e-05	0.00250235915570717	0.0526957132692388	0.9188669243077	0.00616466391654538	0.0159097503667237	0.00293763884169698	7.32408327083963e-05	0.000814886479622985
0.00040091323706808	0.0106860312918442	0.0521702073742247	0.919375272823485	0.0111068845487226	0.00208269927709718	0.00107849115013678	0.00297728576200679	0.000122214535414596
0.000245176416457183	0.000125988483667751	0.0498201253015373	0.917929790891747	0.00619022475328029	0.0226413163482955	0.00231454966304987	0.000540885306905901	0.000191942835058883
3.1169456658861e-05	0.00170697709835699	0.0564449050255249	0.90379967996919	0.0141604785675443	0.0209580319659206	0.00266944929955217	8.11644469934456e-05	0.000148144170258728
4.47198997042296e-05	0.000909619720357944	0.0571207460316683	0.920717034968442	0.00995466674060139	0.00296855563969592	0.0021192372414182	0.00574567025493729	0.000419749503174703
0.00176448775103911	0.00493113044129643	0.0465650760536277	0.924624974160205	0.00788565318867168	0.00180066697143029	0.00184112044192767	0.00708190851908381	0.00350498247271886
0.00078620046778018	0.0361973432954372	0.0535414963064401	0.89641776134625	0.00491013057119927	0.000493426083103415	0.00676901595183572	0.000628331093173718	0.000256294884781033
1.49664389249947e-05	0.00184260595093918	0.0600522259054688	0.914183177337344	0.00344211785633867	0.0161231677434213	0.00349458220604513	0.0008184862037716	2.86703577463453e-05
0.000134411742737592	0.00481979408365478	0.0576828800983507	0.915368596205953	0.0101574910671592	0.00628858475348992	0.00260581090656781	0.00285690233253389	8.55288095532409e-05
0.000332738657175342	0.0177062639028303	0.0491606356508609	0.914972418509061	0.0111904753024638	0.00105886431193072	0.00313097172206232	0.0008537085837441	0.0015939233598715
4.70981367800151e-05	0.00181741753576851	0.0515549536627594	0.91681430515186	0.00604343671033567	0.00968640577126337	0.00193113335480188	0.0117241745781565	0.000381075098274465
0.00337402952745697	0.00181423568576867	0.0484616273285147	0.920784625944187	0.00729270588786251	0.0154708957281489	0.00231391094677794	0.000186514522035715	0.000301454429248008
2.56340421395103e-05	0.000398220453882995	0.0521760259072002	0.915282429927259	0.0116764237038105	0.000541585071875904	0.00241499890245461	0.00767633422365119	0.00980834776772549
0.000290030516491988	0.0129621750721153	0.0525327230808903	0.921725395381905	0.00754138567879191	0.00166659609220772	0.00286500724638834	0.000363470171043421	5.32167601662392e-05
0.00114818106973451	0.000370985209197432	0.0510318175432102	0.906664243817501	0.0224418405186673	0.0145047943221487	0.00322952155860971	0.000301444730380744	0.000307171230550299
0.00303214440418363	6.4190746783913e-05	0.0487872893653546	0.911663812656034	0.0061885737960889	0.000115628774594347	0.00302532356378152	0.0270582946716242	6.47420215552914e-05
0.0164670669929002	0.0145156048339132	0.0447450753634671	0.909350754140574	0.0101028765436141	0.00245767513063995	0.00197555386578933	0.000190900492231345	0.000194492636870307
0.000815125725904185	0.000107357203708841	0.0524407325405345	0.91058491892732	0.0142407710256265	0.0174061929969765	0.00247191737505306	0.00190165534562296	3.13288592533881e-05
0.00020460959514934	0.000274769870665121	0.0592130165061156	0.909923895086971	0.012715203302226	0.00422371009956633	0.00243675337575874	0.01014782836318	0.000860213800368083
0.000139070955410316	0.00281072675852314	0.0615183744910235	0.897111915693655	0.00418130113287278	0.000207757616476222	0.00582102698147764	0.0273506305410207	0.000859195829540857
0.00166311414676223	0.0191049031691399	0.0471169564756195	0.918784271778413	0.00759332697392646	0.000277839944553338	0.0039168361084723	0.000692549364923506	0.000850202038189092
2.13406839939664e-05	0.0022590650912931	0.0544718322779993	0.923675271014645	0.00889822702144301	0.00253875957072854	0.00351418976738989	0.00459360432444444	2.77102480623713e-05
1.63801162115629e-05	0.00145616609487872	0.0567076618357664	0.913103486225204	0.00904930467908089	0.0151651579663592	0.00268739580387365	0.0013188560556081	0.000495591223017697
3.80471558325596e-05	0.0178874628989645	0.0477413414046373	0.92470537797945	0.00551958144411339	0.000735833332327589	0.00244941543172341	0.000872524249612381	5.04161033385578e-05
0.00411514275978105	0.0134611086167034	0.0511196134214039	0.918862030749112	0.00721270915042377	0.00121495088372036	0.0035534513666816	0.000245863776286288	0.000215129275887896
0.000791898987271435	0.000492567634111812	0.0599669245442916	0.921135071942577	0.00389099067324822	0.00620551391043391	0.0012368227310701	0.00554062398102965	0.000739585595966497
0.000532934522631978	0.000331510024460272	0.0519680998913186	0.907162537896543	0.0110592156910313	0.0198480198679152	0.0026151531343308	0.00629614907844808	0.00018637989332112
0.00479891599395218	0.000455787532075069	0.0495194325002636	0.904193714969679	0.0161076779862055	0.0116509883292182	0.00231633956327799	0.00429428392102629	0.0066628592043026
0.00543905068245146	0.00252950063891536	0.0544596977718029	0.913932175921815	0.00695575056726109	0.0151402312372219	0.00125408447521768	0.000239269490328157	5.02392149863493e-05
6.18803630400527e-06	0.000768819901251621	0.0554870892483911	0.926836311855527	0.00714187027905766	0.00403508246197844	0.0023262901636915	0.00337931821894739	1.90298348508193e-05
0.0110977498884167	0.00293927122579714	0.0521503883248483	0.916121624226157	0.00685842750266955	0.00788019163116768	0.00275794221603793	0.000131052946729015	6.33520381761635e-05
0.00210232383634713	0.00155853970205802	0.0571633223837778	0.91117744683619	0.0117857151857812	0.000660309306294285	0.00337927030945937	0.0109737504394619	0.00119932200063
0.00198212103310298	0.000794406013861659	0.0629413698076774	0.914988397885251	0.00896830162607001	0.00326332320936516	0.00301004060250121	0.00404548909403151	6.55072813883583e-06
2.84393900653107e-05	0.00210798143990265	0.05630826931082	0.914147724762861	0.00807571251341018	0.0122420708650052	0.00212483092923394	0.000105068583759481	0.0048599022049419
0.000274528722195277	0.0176721269220682	0.0586562358974681	0.913667811683899	0.00537353038847759	0.000507709863277373	0.00332757794523657	0.00050639943844627	1.40791389318915e-05
0.000454224706543054	0.00260378148280964	0.0506144348270128	0.923276346706396	0.00804409419252513	0.011448150133417	0.00278548595991399	0.000127699142763851	0.00064578284861858
8.88596643204272e-05	0.000314246617050557	0.059928124511534	0.918960639787462	0.00645371569503911	0.0121817012829207	0.00170502093486682	0.000337422649628709	3.02688571778972e-05
0.000366319912644645	0.000197005984291574	0.0508631553323567	0.921701709234793	0.00773780231673342	0.0100309674209632	0.00316583244785127	0.00304072947089357	0.00289647787947227
3.67836001047251e-05	0.0128144737031484	0.0475764875685611	0.919446066851495	0.00635441520253355	0.0110749913517426	0.00182032425564801	0.000155061447278067	0.000721396019489018
0.000915829683736919	0.00674119845416107	0.083018711175781	0.888366749944777	0.0103889620521294	0.000221536112778459	0.00295125598947632	0.00735407916927007	4.16774178902526e-05
0.000120079278815106	0.00871096601099823	0.0531916838873769	0.911756545129782	0.00590683157971432	0.0086402937980438	0.00301295163369315	0.0073676358658276	0.00129301281574929
2.44482337191941e-05	0.00118341531623483	0.0642371220981961	0.915099994855704	0.0079074581663681	0.00479777002708435	0.00312912770427923	0.00356047219660748	6.01914018071134e-05
0.00299017178735913	0.0011037934233175	0.0447364209300487	0.919825203999103	0.01340987868909	0.0141574009406127	0.00226896601194931	0.000751279453771384	0.000756884764748424
0.00189934428550831	0.00964833659402369	0.0446981881473971	0.92460250200638	0.0120640548166793	0.00356881184005583	0.00167720432277615	0.000381081713246646	0.00146047627393357
0.00629701724467688	0.000656875319372609	0.0545831924177095	0.917729974108458	0.00720706727867393	0.0073672648151319	0.00262990168588499	0.00124172357564097	0.00228698355445112
0.013775073791655	0.00526542759796895	0.0461001699221646	0.911353956175494	0.00738290976655079	0.00730005431377418	0.00276596816131944	0.00596219123625101	9.42490348222804e-05
3.15619868705902e-05	0.0126884427378155	0.0471100035079017	0.925132456688704	0.0112221423016072	0.000734574969070008	0.00287295295061211	0.00018063125164101	2.72336057774364e-05
0.0003660794955852	0.00202654853423149	0.0472580545252353	0.914487135432598	0.0110499778448852	0.0140112025400294	0.00377778060439066	0.00442011967289154	0.00260310135015292
0.000671824298104637	0.000220681718847182	0.0530628928918632	0.9144711338607	0.00702558270021032	0.0193736054503236	0.00217733533776995	0.000393402128536655	0.00260354161364413
0.000139156777679475	0.000759379930284485	0.0513526832890123	0.917766477443447	0.00873006724217601	0.0183689515300796	0.00283665039717147	2.5520440723331e-05	2.11129494269385e-05
5.52011645867972e-05	0.00574346180837818	0.0445887526652518	0.923263392969526	0.0119241741769905	0.011538080522884	0.00200024602788688	0.000202728688739039	0.000683961975756358
0.000942595665937306	0.0125841699878862	0.0544521697261739	0.910490363555861	0.00601450411014098	0.00232237888827013	0.00406824343971316	0.00207320841926947	0.00705236620674809
0.0042708570751359	0.000471538126164893	0.0448343688745355	0.907288975476884	0.013322296081511	0.0199756490692008	0.00279591940071794	5.62945352323503e-05	0.00698410136061778
0.000672340373725229	0.00363398893614931	0.0488590806515659	0.920290408429849	0.00502399567333184	0.0116477442278762	0.00320995485603358	0.00603945306064449	0.000623033790824858
1.05304911880983e-05	0.0130990829136989	0.0487846586194102	0.91707388839455	0.0119211866149099	0.00608248358507525	0.00294815623304365	6.55913573222033e-05	1.44217908018413e-05
2.64484694015569e-05	0.000485028886043695	0.0434118769586463	0.923168480792186	0.0122576894056417	0.00946754069182374	0.00205328513883157	0.0082297026941312	0.000899946963293796
0.000779177948758479	0.000762166097200486	0.0553005204741769	0.924035820377674	0.00709348505100808	0.00802604795940747	0.00205908614655513	5.77846289201212e-05	0.00188591131629918
3.15074280778606e-05	7.10199002957908e-05	0.0542108448376233	0.913267753947224	0.0150368605522468	0.0103755480855971	0.00231053326271928	4.84641929209088e-05	0.00464746779329482
0.000148184462226395	0.000307756813993278	0.0519472522138193	0.923050784567558	0.0081777392198625	0.00629565110397261	0.00306054233505714	0.0069907999170001	2.12893665102577e-05
9.15452268071483e-05	0.0097649798761034	0.0491583360062317	0.914795991032079	0.0165132509202874	0.0029931261308049	0.00252839253195837	9.34172451244496e-05	0.00406096103060349
0.000572120849349597	0.000359759516408649	0.0471915949654911	0.928098038378463	0.0081113244736453	0.00487370692956426	0.00168136370543303	2.60264091053119e-05	0.00908606477253988
0.00561311732215828	0.000175242192262687	0.0472560471502946	0.915983268753171	0.00819763135165774	0.017192241970782	0.00303336914588314	0.00173318455467222	0.000815897559117993
0.00523383343742195	0.00074300521899046	0.0455596374667842	0.904115556365351	0.0121906218099993	0.0125987450416162	0.00218451615498063	0.00743444791342227	0.0099396365914335
0.000213067627970841	0.000187269021697976	0.0494227412292077	0.919798541650948	0.00795837173183237	0.0182962631128774	0.0016612808565336	0.00217527027734981	0.000287194491582241
2.7678030983803e-05	0.0065891178887637	0.0528608839994179	0.915364364287356	0.0118613264343606	0.00939043954259416	0.00229149176548974	0.000504561272581293	0.00111013677845301
0.000111883738529048	0.00463651241852321	0.054303136918349	0.92368196959514	0.00542101594112034	0.00882381410005416	0.00204371727586314	0.00040584490893014	0.000572105103491155
0.00054573676242113	0.0226365916755984	0.05264131368019	0.909395217454242	0.00794700061998514	0.0014107174937194	0.00498889442359692	0.00034190839527321	9.2619494973874e-05
0.000277203871507745	0.0206787535826196	0.0486590744775157	0.915984183526079	0.00703340318125365	0.00550774300455591	0.00152894103338692	0.000307833222101387	2.28641009806288e-05
0.000139176181771135	0.000295836749228558	0.0438944641030396	0.929238515552305	0.00567207429800709	0.0178468313526334	0.00226300784590022	2.56178290676246e-05	0.000624476088047007
1.14166652779934e-05	0.0171967908238131	0.0483475659526291	0.915042939350696	0.00338354164365334	0.00443246807484935	0.00271891399682777	0.000583874957143799	0.00828248853510938
8.35738849312807e-05	0.000736312170358668	0.0554398998086214	0.921142982827533	0.00516769089455159	0.0132384984983183	0.00251090733580874	0.00109730769561483	0.000582826884262118
0.000287986146459285	0.002737474585742	0.0509422837307542	0.923615939442657	0.0174135310472198	0.00175585619675143	0.00267621229730993	0.00036062458499556	0.000210091968110283
0.00712200696763979	0.000167699047225147	0.0557186885145561	0.906824716388049	0.0114722916564225	0.00960504034383409	0.00306626075306461	0.00544364982210424	0.00057964650710428
1.22901325059778e-05	0.0058400849573695	0.0531859197170455	0.915263686244509	0.00507461448360036	0.0178050093533456	0.00213174604617039	0.000672008850695193	1.46402147583186e-05
0.00442020494752097	0.000697815801630605	0.0476765605981379	0.920427363318474	0.00767253552658347	0.0152493909899121	0.00253607675533881	0.00120676088812147	0.000113291174281068
0.00215000473270712	0.0090520626709155	0.0530800204029775	0.900459588662663	0.0250951105961018	0.000665946749264084	0.00327830090461253	0.00391677185982085	0.00230219342093719
3.83590292227289e-05	0.0267831432837756	0.0462832918198822	0.916733831650584	0.0060843455670121	0.000780937118507791	0.00281069531476039	0.00011308850443514	0.00037230771181964
3.90435823566221e-05	0.0119469428865447	0.0570515956773143	0.915909084759072	0.00997396269959992	0.00101050109340369	0.00305283016080539	0.000839021848240951	0.000177017292662191
0.000159276277392214	0.00780163252685395	0.0592761841102688	0.907842764287823	0.0145766674158506	0.00358181205953757	0.00348967976386516	0.00317694941625232	9.50341421563606e-05
1.95219261006562e-05	0.0284937807927127	0.0470289912825102	0.906712234822326	0.00528345083588974	0.000386097594428759	0.00183891523095508	0.0019302736608067	0.00830673385426983
0.000973403217624032	0.0070838556057925	0.046690714177313	0.916097868470105	0.0115355274392671	0.014352454377405	0.00154541976943953	0.00013984589045579	0.00158091105259813
6.66062206946841e-05	0.000214092949559091	0.0472305123603518	0.927256010570218	0.0145768257898895	0.000838104014781929	0.00194880814364154	0.00777814088925105	9.08990616120747e-05
0.00126803459748053	0.0015384939318647	0.0508822063059694	0.925329327260378	0.00441801081791296	0.0126930432688659	0.00146485984360768	0.000177004380511842	0.00222901959340934
0.0029871431153639	0.00682302897296021	0.0496394344039504	0.92549876588637	0.00569926572878871	0.00456524355806673	0.00300209620798285	6.0820058586128e-05	0.00172420206793094
3.04566397034147e-05	0.0194629421286878	0.048869839405893	0.918030277233884	0.0106760634523191	0.000218634812033671	0.00254776738054075	2.66626869805604e-05	0.000137356259957342
5.0941047516939e-05	0.000726311435318549	0.0508062025302305	0.915603191973032	0.00868401129991958	0.0153563204466587	0.00379975244498914	0.0049063230721167	6.69457502178661e-05
0.00224835712774391	0.012936026652388	0.0538869270045156	0.916994092039862	0.00474406512046091	0.00165404928632665	0.0042785576942464	0.00295434454053761	0.000303580533919337
0.00188247864554287	0.00901427854820015	0.0496141477651632	0.919556962088214	0.00821936151447276	0.00442276577346145	0.00324907436495782	0.00365936407172095	0.000381567228266533
5.92701966434044e-05	0.000549665666996386	0.0517384220103311	0.915042447427766	0.00815621325179845	0.0212608852748327	0.00212352909728151	0.000203650009864824	0.000865917064485989
0.00131350177735978	0.0135772557968815	0.0587281463517921	0.910024854943734	0.00641424031843052	0.000807514568620774	0.00208489145431226	0.00253259635599748	0.00451699843287118
3.69107811351945e-05	0.000290670934179855	0.0635898340606117	0.926558782156182	0.00425414970323532	0.00276492940811131	0.00202941840145319	9.13163089150236e-05	0.000383988246175824
0.000337911729165838	0.00101203143247091	0.0705503281225755	0.89731428162199	0.00807455780216463	0.00681791028867034	0.0035212324850943	0.011718989934134	0.000652756583734558
0.000658722995242813	0.0030761974376205	0.0504386048732805	0.915025614852172	0.00530563284977855	0.022503810949369	0.00240936859445226	9.91027639322724e-05	0.000482944684151965
0.00035189660818898	0.000626895888215021	0.0464895686583386	0.917814560049202	0.0042485271949907	0.0205530810912479	0.00191073238331703	0.000296256060101261	0.00770848206639842
0.000408138838178752	0.000148299317314455	0.0525836033898482	0.924773115290844	0.00550264967277721	0.00082358060560974	0.00222513310672397	0.0134198072497046	0.000115672528999503
0.00061563981164401	0.000289380476241172	0.0541079914447968	0.924115525886251	0.00868310450169398	0.00755618906687255	0.00186101821596978	0.00261024896135898	0.000160901635171728
2.36454474342471e-05	8.58906012397867e-05	0.0582415890299995	0.917593796328607	0.0112276031425018	0.00623313583332794	0.00281834608383002	0.00373471265491177	4.12808781473774e-05
9.06064152129489e-06	0.00476123969730608	0.0534646473606575	0.918950145866081	0.00939228528319785	0.000417307272968248	0.00330573073993597	0.00943563348762066	0.000263949650711185
6.04753556879569e-05	0.000473846461478274	0.0505282755869064	0.920407954953575	0.00504405106102581	0.00648278986862884	0.00321370358609127	0.0137731194997035	1.57836269032783e-05
8.03271954332633e-05	0.000146872679503428	0.0459522514195323	0.932881437487521	0.00731331474390136	0.0082940806948006	0.00286431089281759	0.00244793055152122	1.94743349693883e-05
1.68464901945412e-05	0.00719571053137479	0.0444840479431105	0.920605345764802	0.00302136430013314	0.0143743095962911	0.00247515251848903	0.000112879382555033	0.00771434347304977
9.92687840787661e-05	0.00456756195140367	0.0519091851469465	0.920552831784432	0.00607802297456586	0.0129915448756384	0.00280007691611437	0.00097006426502211	3.14433017983699e-05
1.36833706776308e-05	0.000506180542953163	0.057583993843373	0.909991795520971	0.0108753537084433	0.0105702202063838	0.00233422771611908	0.0069241504116647	0.00120039467941417
5.79946078588456e-05	0.0203247550028339	0.0515664024443446	0.905761577329685	0.00700933953851266	0.00239031011154824	0.00385608367867063	0.00202230085640876	0.00701123643013733
3.62777637434516e-05	0.000330772439832509	0.0478471965967356	0.923510392608885	0.00934327598351912	0.015393123490079	0.00333878898309396	5.75866655510349e-05	0.000142585468560497
0.000168179173020533	0.0010870246908344	0.0533155611370159	0.91702984039834	0.0097429105433461	0.0119247908457746	0.00130413013836265	0.00136492920058927	0.00406263387271629
0.00128892353727005	0.00141823401276394	0.0509264902049416	0.914350496814535	0.015919162309498	0.00525232054750798	0.00275459406590092	0.000219408218074322	0.00787037028950792
