Basophils	Bcells	CapsularFibroblasts	cDC1s	cDC2s	CentralVeinEndothelialcells	Cholangiocytes	Fibroblasts	Hepatocytes	HsPCs	ILC1s	Kupffercells	LSECs	LymphaticEndothelialcells	Mesothelialcells	MigcDCs	MonocytesMonocytederivedcells	Neutrophils	NKcells	pDCs	PortalVeinEndothelialcells	Stellatecells	Tcells
0.00532331062474183	0.000729990661182238	3.86885920382074e-05	0.00498055393704902	0.000293857207301073	0.00469536659221488	0.0219307377708028	1.63374855209288e-05	0.89701400444319	8.47715498345024e-05	0.00103226528169556	0.0107513816101911	0.0350251332363148	1.63665603674758e-05	0.00016192515077737	0.00018855556236742	0.00906358020432806	6.43558807183162e-05	0.00162272262006843	0.00174507677239608	0.0011235977506632	0.00154210645437259	0.00255531405186401
0.000208043000744088	0.00192170253850689	7.75045150186513e-06	0.00813969188634133	0.00926558011791949	0.0196529171442057	0.0283749141501487	5.20782697476445e-05	0.882827117268847	9.95284415188384e-06	0.00233196456356545	0.0270792483545453	0.00186935600894699	0.000336509557661809	0.000479220180231224	0.000977612110803712	0.00111562525611447	0.000120538234492277	0.000755759300239979	0.00391969205535117	0.000133572869676609	0.00820409814384863	0.00221705569240826
0.000163981732151803	0.000807377110211015	2.03285604879971e-05	0.00403481313287764	0.0020754115134756	0.000246903025913313	0.0283840902735394	7.86953287847251e-06	0.869642174774026	7.05549561418594e-05	0.00082197214192373	0.0294432167862471	0.0446758905197155	0.000102830646614779	0.00253013714150777	0.000117658527531219	0.000464223805322035	0.00105415459890167	0.000122134207366848	0.00599884456096031	0.0013166927677024	0.00564543131261876	0.00225330837188435
0.000303939425313599	0.000284841808211198	3.05056597690306e-05	0.00450995694485159	0.003746120281539	0.000777097792169218	0.025623112720636	0.0010604400865563	0.849696451376923	0.000200576442468425	0.000297597101355882	0.0231095099094601	0.0390567414147155	8.56334506815139e-05	5.18988118363144e-05	0.00647637026848912	0.00838999901940277	0.00524012840499081	0.000299637420337288	0.000147056923198115	0.000224487119456695	0.0207688282420527	0.00961906937558578
3.61951032766614e-05	0.000167336958187718	1.79297889308007e-05	0.00638306978594141	0.0129895280895024	0.038425305717961	0.0200218360274172	0.00109614821415868	0.847105566856398	4.6695361514027e-05	0.000474209611756187	0.0219239068676591	0.0138615009356038	1.89743696558943e-05	3.66808693134782e-05	0.000675564229758705	0.000301353323153429	0.00399305571212693	0.00323504557840053	0.000514409062285877	0.000141086969467299	0.0161537034776914	0.0123808970898389
2.83829379903611e-05	0.000362602935638052	1.7460986777693e-05	0.00185430876161946	0.0123883778237518	0.00216547275301844	0.0279926502070731	2.84811112898411e-05	0.892472585258401	2.19798728094755e-05	0.000158758141547362	0.0151325821291198	0.0212875243660177	1.52016615589543e-05	5.10565517546032e-05	0.00120822623012926	0.000427062856133977	0.000103226159570501	0.000172370034919623	0.000158381562950334	0.00580399632008888	0.00714585175901733	0.0110034595788221
0.00142528290659836	0.0182411999993095	0.000828957230885252	0.00708932856009685	0.0015628816147186	0.00242294071835491	0.0230004834355862	1.77772079982536e-05	0.900241154556068	2.10654941774019e-05	0.000262708389913517	0.0080072485747195	0.0160999565295324	0.000104571401051302	0.000110611991689266	0.000827641903269214	0.00314252034293603	0.000855337149059752	0.000294680111863038	0.000166011196343539	0.00040391535656638	0.00461970903122548	0.0102540162980371
0.000160791698680793	0.00141104472545535	0.000224123976491311	0.000460573415543282	0.00105825151466088	0.0363062797754776	0.0182319692687204	0.0214502827850338	0.861033709436959	2.76260137122454e-05	0.000439493627166676	0.0221999550920418	0.00315396542169064	4.84804399310018e-05	0.000258135305527936	0.000368502750437221	0.00355194446626121	0.0014000178002114	0.00032083240930194	0.00260242858038698	0.00144240825244905	0.00545768800120617	0.0183914952426536
7.11136163729144e-05	0.000735547409004862	2.00554876069287e-05	0.00284819564491987	0.0139330429498447	0.0194524192883752	0.0191811208156249	0.00129100447744185	0.862119911460105	4.6385256517389e-05	0.00344800803474715	0.0430446602032075	0.0194060184277967	5.08342768511342e-05	5.39813744227457e-05	0.000433957973832772	0.00193824061859591	0.000192787830907842	0.00027075378322962	0.00063449047511786	0.000418202705263757	0.00938559546635599	0.00102367242385784
0.00193276346340637	0.0169955616755702	2.33920198604685e-05	0.00118413588671442	0.0096323150109557	0.00568013880500119	0.0269413439421146	4.29608525962554e-05	0.858724323440971	4.52404090849575e-05	0.000336600955760926	0.0289160301766953	0.0257005674037932	2.4510522079866e-05	9.68637462179235e-05	0.00267392368565852	0.00105234426265559	0.00149756085750457	0.00124865540724047	0.000880318374074872	0.000403925508181879	0.0136541422256138	0.00231238136824838
2.26030661742671e-05	0.000120915536370674	3.44707556191612e-05	0.00594081973203005	0.00118611462762438	0.000327590812736438	0.0249051621206925	0.00389315858509533	0.855747493605844	2.66954618594572e-05	0.00759530439254038	0.0382513360781846	0.0318917720921941	3.45755994835162e-05	0.000112545757249674	0.000925296864991708	0.00732055179093297	0.00352989023935051	0.00307981039205906	9.01462404593147e-05	0.00497059274101068	0.00909661842351993	0.000896535083977853
2.73342886986081e-05	0.00016390648777266	0.000170911006788656	0.00142607305182597	0.00758060322789327	0.000274239357577941	0.0458279073511542	0.00123264697017441	0.87824164962803	4.03872047532864e-05	0.00142369471418954	0.0104472687532253	0.0024437421112435	4.12788962181453e-05	4.65565745033959e-05	0.00022381625367653	0.000100762265487548	0.000189589221395965	0.00125642308633304	0.0170532003341564	0.0278823333470119	0.00243444142845988	0.00147123443942974
0.0012013832193999	0.00158091889647212	2.4026989780978e-05	0.000766098454633542	0.0146236275439878	0.000601000739622882	0.0206930181260472	0.000117632948822116	0.874323969424295	2.04939475973362e-05	0.000956314856828926	0.0247488119480697	0.0355934290804545	1.33471285332134e-05	9.1087573263636e-05	0.000421158996887962	0.00106686242612273	0.00157131581432033	0.00235794279637423	0.000707145637652009	0.000324999292635413	0.0151918850641054	0.00300352909409341
0.00024763870568957	0.000744550885919726	4.26935533027276e-05	0.000732390314841332	0.000399703188712025	0.000291879267553306	0.0611883862715415	0.0140007056834072	0.822118272631992	0.0102867239295561	0.00860548458487543	0.0265037621690886	0.000185580164297052	0.0160692381623993	0.00109865558007999	0.00188898947329407	0.000116430539828067	0.00295999879300265	0.000310484497725547	0.00340555312686055	0.0246317181430115	0.00157817672711209	0.00259298360590976
0.000363929062647229	0.000208545042053243	3.20964989968866e-05	0.00212368470469208	0.000176531087074162	0.0035045041985191	0.0308298543573106	1.27010406872914e-05	0.86205066842548	0.000205730787682042	0.00464070403868745	0.0417933455433986	0.0159852624907537	3.16725393238694e-05	0.000158470629745505	4.260705806933e-05	0.00762727848515743	0.000141185768706748	0.00123248282761331	0.00463587397843709	0.0188092956122984	0.00500226440514005	0.000391311417525645
0.00189409487778514	0.000186487920393612	0.000159813304751322	0.00861403749267342	0.000285235694486138	0.0220759814781103	0.0367461308078756	0.000833433729326764	0.884684663798534	4.88616850313878e-05	0.000236657817977062	0.0186001729081424	0.00327837170846369	0.000143099795997572	8.14579193413927e-05	0.000220061899614441	0.000804794555374961	0.00230380861216439	0.000194854172539922	0.00129535772021409	0.00187993229320693	0.0108108274569106	0.00462186235108546
0.0021956587700248	0.00546808016316404	0.000682966312416109	0.000648045242151809	0.00542532510832044	0.000191050898523902	0.0451831586389518	0.00847329301176833	0.880942782940545	0.000269824780772658	0.00123140597478196	0.0153672401238339	0.0105467615341421	5.4420801853392e-05	3.71582049878127e-05	0.00936180464411504	0.000105418653397464	7.28529471930737e-05	0.000316562611936698	0.000107007361593496	0.00860537160271893	0.00408654069859537	0.000627268974211776
6.40277169961865e-05	0.000467324905567494	2.23579731223021e-05	0.00097101404718286	0.00899016772713906	0.000163414044377816	0.024132556330101	1.21285449172137e-05	0.879748118260669	7.68202650220269e-06	0.000827843678889771	0.0216547815129297	0.0446454726761243	0.000130213649858475	0.000133469536992911	0.000227193525330816	0.00416478947900781	0.000365889589322935	0.00112695949664935	0.00108555599892956	0.000716917742383087	0.0063840632533589	0.00395805828364751
0.000232090967534634	0.0092961562914028	0.00189877205585677	0.00538794148377719	0.000250361071790922	0.000388787031846646	0.0269993240234466	1.21448277156656e-05	0.859222327946961	1.04814327720173e-05	0.000217017072585018	0.0434181846056458	0.0107711935027021	0.000102127118073803	4.6719604176089e-05	0.000599787655549221	0.000379150363809584	0.00930647082089583	0.000158454561108295	0.00561559483570655	0.00179070239458674	0.0114425785387515	0.0124536317933051
0.00042788985588569	0.000144652520685544	4.75609395084871e-06	0.00901375229178247	0.00310142849269433	0.000788715787577954	0.0246685835005077	6.13133563222872e-06	0.827669488105433	0.000369359118830452	0.000118049720016061	0.0469450607889911	0.0258766918771067	1.78126907473936e-05	1.79567245749257e-05	0.00250864252807655	0.005664303956606	0.000346095237470355	0.000200401414249471	0.000136079513562855	0.000479517958696386	0.00315694143585593	0.0483376890510656
0.000165879040936333	8.56617933018786e-05	3.37819957206058e-05	0.00919733918046307	0.000175277914345793	0.00123517845076061	0.0278309697155449	0.000267838030316105	0.875069114513553	0.000351131603630366	0.000262298746716648	0.03748218403246	0.0207773755938565	0.000244969124817529	3.13818654312802e-05	2.6351543903817e-05	0.00787269811537668	5.38382791982114e-05	0.0084949843311011	0.000108558186265371	0.000241038261337835	0.00915317434903822	0.000838975331924494
2.47722471041263e-05	0.00184049708945837	2.1695411283763e-05	0.00774071293903405	0.00117154295543525	0.0417811488702454	0.0227744850474447	4.90263618241611e-05	0.87390788097395	0.000166567648240322	0.000506466693545261	0.0104642876167905	0.00153911811794923	1.34864802158541e-05	6.49809140920379e-05	0.000772257792960479	0.00152662753030941	0.000100939680885938	0.0186468635421331	9.59338108840498e-05	0.000276192580613108	0.0147276970273691	0.00178681866823147
2.5070790412455e-05	0.000142010015150045	2.33890096807011e-05	0.00533903861919564	0.00159267553432314	0.00377138326392918	0.0294660418068976	8.890092984449e-05	0.895816679524483	0.000268452264798353	0.00059207060181431	0.0115860417988096	0.0196893533140574	1.35228313044047e-05	0.000162828675603301	5.02622960281013e-05	0.00353145144525403	3.84997238671515e-05	0.000979128477217039	0.000907884992336844	0.001411253106637	0.00721567342191849	0.0172883875564376
0.000459801965631897	0.000337720039365134	7.0309556651252e-06	0.00339975769055036	0.0153061705703615	0.000132945594060995	0.0257235133642857	0.000127717861719855	0.882703791257202	2.17637308987428e-05	0.000217465853115287	0.0160522460930835	0.0311065959581488	1.11697027129199e-05	1.31890997989468e-05	0.000179988403982094	0.000914694128301862	0.000111832508132407	0.000235774397675361	0.00015212401445494	0.000218609992285532	0.00669752779768244	0.0158685690208846
8.19334981735919e-05	0.000446843630499317	0.000945268163908151	0.000643744369971839	0.00306043297596959	0.000889317513472755	0.0194374858052728	0.000111517484019816	0.890149250973547	0.000675608781545927	0.000264195890856811	0.0281555560674043	0.0300087594863905	0.000563795369565701	7.88444011725339e-05	0.000948296497068092	0.000257366475237981	5.59575232056805e-05	9.91056412927514e-05	0.0087010047426066	0.000113156395895955	0.0114824568647796	0.00283010144814279
0.000507772861783954	0.0162576372012586	5.03676923409369e-05	0.00465700895991867	0.00488668853044987	0.0140966198504373	0.0219860687840882	0.000442795602198009	0.864682077520682	0.00057393787468039	0.00012003071865431	0.0230332590120097	0.0220342130392336	4.76062071415097e-05	0.000649358946144468	0.000745210815300303	0.00444923386430475	0.000163838655547225	0.000250366373176299	0.00141578029973158	0.00536338589226811	0.0127385591373478	0.000848182161302937
4.42944107774291e-05	0.0017538068717231	2.19756017755124e-05	0.00879860980779292	0.000940030636109655	0.00995538000876838	0.0271857997760028	0.00233412970931697	0.879228671984928	9.36556620894343e-05	0.000678399976191524	0.022053269971055	0.0200963979253106	3.43094670166068e-05	5.84311259059764e-05	0.000277478121040267	0.00278011907652868	0.00183604674893796	0.000472612052813506	0.00452744275465306	0.000906485941414473	0.014961555884796	0.000961096485051448
0.000545308503698799	9.80170227881689e-05	0.000227630681727252	0.00373428014862099	0.000476330932969478	0.000348403473237755	0.0278569156593638	2.07053527492869e-05	0.876470857883691	7.41325016292608e-05	0.0134652457656349	0.0262016325467634	0.00454580264887373	0.00872666968259635	0.000624235769629212	0.000302958867911597	0.000725532809101637	6.75391451609989e-05	0.000275832781382289	0.000815213718105971	0.0240087323594693	0.00987187793029437	0.000516143814600317
0.000609867611160551	0.00487152333714812	1.97160948797212e-05	0.00314226332704626	0.0138095181322727	0.0109244417877244	0.0225332705255269	0.000114177497156696	0.860220054580098	0.00012175945871916	0.000857938900796961	0.0279180898738163	0.0198116314939787	1.6983865681588e-05	7.25910524662958e-05	0.000111312638258741	0.00473164860419223	0.00187820818106542	0.000825897601526079	0.000314997042107761	0.000465628741500781	0.00892249507796881	0.0177059845749081
7.59487489875288e-05	8.68221595926222e-05	3.01452131448817e-05	0.00642351227581145	0.000216924631635287	0.000460398010645492	0.0221847096076292	0.00113163499115666	0.85446187353932	0.000229388071704778	0.0164122857675312	0.0429315148643019	0.0110358987407799	1.07464770211545e-05	8.95232499145874e-05	8.92841913291627e-05	0.0140453783156056	0.00010212539517748	0.000159554365976385	0.000129815739802734	0.0186084888610142	0.0104819921788109	0.000602034603107278
0.0015587523978341	0.00136631762673408	0.000228542440099299	0.0103084371888383	0.000111735694676991	0.0553926448397291	0.0342986992270405	7.60356275527376e-05	0.867947759594341	7.08752332407226e-05	0.000430281412235946	0.0137860513617018	0.000522347508400341	6.18193498499562e-05	0.000197472445164324	7.03556962589246e-05	8.36003394293167e-05	5.83585064580766e-05	0.00127764668425714	7.61052941213907e-05	0.00138198776447136	0.00785377090997411	0.00284040285759065
6.03195266555819e-05	0.000797827580629994	0.000114892864539327	0.00656043536442909	0.00569581412183867	0.000625036822063936	0.0319287347569172	5.08356522063205e-05	0.850123932295721	4.30948347302011e-05	0.000672969358454213	0.0205554610060366	0.037921178061768	0.000127904617282814	0.000139720321630798	7.11501454052143e-05	0.00254865995162457	4.90364247642449e-05	0.0235943445447018	0.000259979000060988	7.29635276430014e-05	0.0146628847276067	0.00332282449328927
0.00104595536136954	0.000141990230873106	0.000371819800201565	0.00601427723133966	0.000508296006075119	0.000281351395541264	0.0183244866603791	6.10207334604775e-05	0.849190255744825	0.0013022802568655	0.000223708679476742	0.0328566248584524	0.0237464116235972	0.00141136309173752	0.000121245195888356	0.00288627341316725	0.00390621597202998	0.00536732610452393	0.000172958553795611	0.000365347284167852	0.00687657201574753	0.0126886432444093	0.032135576542076
2.43489390066527e-05	0.00059267251809452	4.62122355596287e-05	0.00774239790138443	0.000908539226576304	0.0270808108685742	0.0230893044767606	0.0013764850938763	0.843263827682823	0.000252494215087835	9.4485240682736e-05	0.0150324721169686	0.0077907085239557	6.71333679412179e-05	4.21807450162368e-05	0.00030247954201242	0.0168060341447516	0.000104977491059454	9.56615198592717e-05	0.00563098095679056	0.000595942728837068	0.0122372013634247	0.036822649100957
0.000654068425172129	0.0023245400177055	0.000227923173498861	0.00333197290317533	0.00100966911951196	0.0478060174394863	0.0273290374129847	0.0011783795171683	0.852568600352482	8.78834144906327e-06	0.00175173529128301	0.0237529937722536	0.00336816144923234	3.94268094885157e-05	0.00117801006041035	0.00286243905300165	0.0103832887858864	6.19961880230006e-05	0.000311544441333438	0.00181173511522073	0.000883178305203312	0.0118615702107257	0.00529492381530344
3.81601757286281e-05	0.0103432521494064	4.1430360473236e-06	0.00995110432487368	0.000208605225329539	0.00152373282630604	0.0175566670877065	9.22823968457512e-06	0.86419177455454	2.11003746649586e-05	0.000513061489761512	0.0202843834071444	0.0302891705749256	4.06277873979494e-05	1.24036251000635e-05	0.000460220499167765	0.00322880653868083	0.00865095886838529	0.000743601179245749	0.00283246410454338	0.000402295486349536	0.00721822772220498	0.0214760107228052
0.00102001719507443	0.0172579449410401	8.165537114537e-05	0.00497923557999681	0.0164242788003699	0.00754005337938471	0.020134888438799	0.00132938116198893	0.828970956632208	1.91686188914429e-05	0.000232855415546853	0.0585900619625587	0.0238134919330402	5.95916021638626e-05	0.000939460886573619	0.000960839941935417	0.00480913578315514	0.000166637894880433	0.000173503737281771	0.000151520498759283	0.000560711718934995	0.00276980255216024	0.00901480595411102
2.67658102785818e-05	9.84906078330211e-05	0.000289463113657831	0.00426315500155224	0.000613266812335475	0.00180491820220164	0.0211725941216772	0.000112943159614839	0.855206229842141	3.20470097698937e-05	0.000514330217404684	0.0188812249835384	0.0322481054181715	1.48191001055862e-05	0.000181977019075951	2.85078292154218e-05	0.00680013319824668	0.00130096892361499	0.000546636066672772	0.000170880651814472	0.0058196161861059	0.0188599820719329	0.0310129446530388
2.5417957038501e-05	0.000225027642525927	8.2604340842377e-06	0.00465088920454242	0.028660807837489	0.00979764283463768	0.0208797187883122	0.000132176225659961	0.85523804990958	9.40123115288962e-05	0.000173800583595429	0.0497721721732306	0.0183464086799785	5.10643884700983e-05	3.4597755722308e-05	0.000668045248103634	0.000887106503920564	0.00172444579589535	0.000211053889002051	0.003661031293663	0.000531624690772544	0.0038815406966799	0.000345105155567331
0.000766138653064799	0.0282056743796942	8.78941727383066e-05	0.0110157170095464	0.00045844578602308	0.014569169214015	0.0212935562084401	0.000137159861693545	0.849103669413566	0.000151669866813725	0.00110569776334041	0.031231863871331	0.000985617738848407	3.09158294345296e-05	0.000126291771206226	0.000252530856751746	0.0105397181857636	5.39099282093715e-05	0.000516359201486847	4.72819894333714e-05	0.000493425511306733	0.0152668917805601	0.0135604010067318
1.38434232187639e-05	0.00139157253046942	0.00070543722594773	0.000872504409670419	0.000984315794663031	0.000284635450900163	0.0263356287901837	0.0311402570940758	0.810507068693552	0.00459672587517519	5.5711606925283e-05	0.0288202457730383	0.000612974429191355	0.0673066734734423	0.000556417572688874	5.73927527693928e-05	0.0040986858383939	0.00112913909419807	4.95636111310636e-05	0.00160330271442471	0.018690346672313	0.000140611262861441	4.69459107657254e-05
4.12719569929266e-05	0.0156699315742169	1.74065218059427e-05	0.00762577097519557	0.00215249763734831	0.00176548316754546	0.0193288365814712	1.53461160065085e-05	0.875218466730915	2.33845112141647e-05	0.000460731662001211	0.0355632092141008	0.0157337991622342	0.000446104868072634	0.000859019540320143	4.97360667631435e-05	0.00269410175073987	0.000241829436263879	0.00928111197994204	0.000209559446119744	0.000416264825754368	0.00928893594979082	0.0028972003251851
0.000920330836635375	0.000840665799177015	0.000140617805894103	0.0139452825305362	0.000586269830706167	0.000646695194446289	0.0750145376133201	0.00894349073780674	0.819307046795208	0.0012823029760051	0.000203033485752998	0.0393501742408336	0.00163622627705717	0.00220742331593802	0.00343579241427957	0.00113209133084908	0.000239164228232485	0.0132663822721445	7.31492706827474e-05	0.000565790501581933	0.0158858303523632	0.00027679897041224	0.000100903220137095
3.9585624068932e-05	0.00137847310872872	1.97949702718265e-05	0.00965500876557871	0.00692986442478227	0.000515227141894267	0.0205086971312535	2.4396886435224e-05	0.86919963681829	1.20001115931383e-05	0.00348495287770764	0.0198313612413568	0.0223568549770093	1.43626084926129e-05	5.51328895796726e-05	3.94583476734113e-05	0.00788038136521418	0.000485760897422366	0.00165781507567511	0.000706250059996771	0.00044636650702883	0.0119001886428236	0.0228584295271234
0.000112459699875136	0.000189687836298733	3.31382005073199e-05	0.00262479825026186	0.00121736800573078	0.0015791356626436	0.0258017278019576	0.000919158314920494	0.893763205808526	1.42793046153395e-05	0.000409293020566922	0.0201211034816729	0.0148403542778451	2.85857519234321e-05	0.00466135546221733	0.00428226682003899	0.00257534283478	0.000318567473905893	0.00446007788672101	0.000450879005174832	0.00640599338219427	0.00882215929851682	0.00636906241910543
0.00288795388015883	0.00566878798333923	2.68862083664433e-05	0.000660120955664428	0.0106165255796696	0.00234596700329188	0.0147456455411177	0.000286324089573036	0.869696031938288	0.000283352737866333	0.00124896473337007	0.0273508578042944	0.0328896514292132	5.05357749616603e-05	1.37306724521892e-05	0.00153831996072789	0.00122812564514962	0.000365022470662472	0.000278663620175298	0.00435162427418174	0.00102018619441455	0.00527758723917091	0.0171691342638905
0.000486012284742213	0.00328526184501012	1.9866830979816e-05	0.0079983469078423	0.0033003382468123	0.0141756629205521	0.0263688717064025	5.52945847083824e-05	0.869919775315908	0.000421984362716112	0.000375617429004492	0.0123800651776421	0.0124745847158593	3.10852108331948e-05	0.000546294277790018	0.000983872516660667	6.82853444484894e-05	7.48097191449348e-05	0.000365739227076507	0.000249011188444052	0.00468290361563185	4.94961271897814e-05	0.0416868204446004
1.92820900795107e-05	0.000305321697110649	0.000156028791324244	0.00394724577897256	0.0114452117182123	0.00314555786689823	0.0255254508975295	0.00335002562613702	0.865216713781491	0.000149288046815973	0.000230711051221345	0.0279556944845428	0.0313617655468671	1.28982034292096e-05	0.00338983054611569	9.73477998799651e-05	0.00735790456422356	4.15748021540506e-05	7.6176747902091e-05	0.00135797729828149	0.000455719209573734	0.0138257114391744	0.000576562012063826
2.10166386750242e-05	0.00019988032558916	0.000135230480255421	0.0158064808225881	0.000324320020814349	0.0192071757920875	0.0186787528644777	0.000102064459852301	0.886390871931585	0.00106914942448078	0.000186861378228386	0.0325114780545345	0.00432078409742495	3.0135349928039e-05	3.22733073071932e-05	4.4259668625332e-05	0.00528575046502605	7.73363679122864e-05	0.000135910936211467	0.000776452886906587	0.000848264549983346	0.0109547528693356	0.00286079730817134
0.000207049611598902	7.54460672051466e-05	0.000398884235340766	0.0066251177275933	0.0011108184127372	0.00025833111555779	0.0320666234953609	0.0143978986089843	0.835420033344241	4.66955662360381e-05	0.00232191138672411	0.025790386387595	0.000743006353572022	0.00249323046913787	0.000396893853564974	0.00122318909731007	0.00037218030439153	0.0102509693103033	0.01311724767008	0.000552938659156005	0.0416245368185243	0.00065668536089104	0.00984992614389434
6.77271797571803e-05	0.00016771325604724	0.00405292878090209	0.0142177344954343	0.00111385473086076	0.000748294858860066	0.0301382754191345	0.000294233156937661	0.879629982104442	0.00184822907384428	0.00149244975102387	0.0096956110711755	0.028610236537186	1.97395034642897e-05	3.6005197311301e-05	0.00033911147387988	0.00952640985106859	0.000274201985917572	0.000549515370250907	0.000508484481082635	0.000419299546120769	0.00793026066992852	0.00831970150536994
0.000102923275622488	0.000128905660615205	2.5968152152735e-05	0.0075468736388774	0.00255134034964405	0.00398159983339288	0.0218507412237343	1.84361230468635e-05	0.887249489367625	9.18930558509975e-06	0.000467348895756471	0.0228897129970235	0.0175696003388294	0.00247934495697245	0.000143451844888909	0.000552908525941073	0.00243396633525778	0.000815428212372182	0.000664469759694635	0.00385914259088014	0.0135471248871109	0.00770726088331873	0.00340477284165715
0.00168228142502538	2.9376536297325e-05	1.43576237372853e-05	0.0156181713404142	0.000145924794024314	0.000471450417180942	0.0438844807818991	0.0319879747681077	0.819603283393754	0.000480353130856892	0.000178079138683485	0.0126930715724676	0.000610237626717735	0.0262446439669465	0.00118026757721933	0.00228265887835287	0.0112982346767394	0.00101210146845942	4.96019393670256e-05	0.000514319574706976	0.0266498986966512	0.00320688694274242	0.000162343729649248
0.00272615259768672	0.00011133417940472	3.17122531390744e-05	0.0104454386239823	0.0044291175362517	0.000134354828041453	0.0324885630386917	3.50604896489563e-05	0.875582879270066	1.8837910414808e-05	0.000420447092364443	0.0315625525444406	0.035459634290543	1.37200806345194e-05	2.002600769821e-05	3.82808935382316e-05	0.00117828597311119	0.000423772314766568	0.00022433220135867	0.00177959995109885	0.000115963362097468	0.00136876020198946	0.00139117435903146
4.36918794875414e-05	0.00014617331827477	5.31591010342063e-05	0.00915077096582203	0.000784123861788412	0.0165439328726788	0.0186348490003907	0.00160902843783286	0.870773352923407	0.00139142887428541	0.00053462694651253	0.00738277718619734	0.0233341523780698	2.14820221833054e-05	7.82453548820522e-05	0.0060660913471476	8.61047435219222e-05	0.000224561759484529	0.000802923974199212	0.0016916347774391	0.000725088888092993	0.0121444528323225	0.0277773465549448
2.08007676106034e-05	8.14858786685945e-05	1.08861266709481e-05	0.00173613712005264	0.000413877255667467	0.00510959355548188	0.0361141211059942	2.07226846297086e-05	0.869412137011714	4.07364951300082e-05	0.000427813114851819	0.0262051700324317	0.0228937774252082	1.49555043958003e-05	2.98210552955785e-05	0.000124693186723336	0.00599335129892286	0.0236301801203858	9.21753739715572e-05	0.000991628935030098	0.000277657996935012	0.00606130438498886	0.00029697356923919
0.00109166475342906	0.0111346395465552	4.00345674619283e-05	0.00554006831043914	0.000873504265293747	0.0164222082161692	0.0298452856390205	0.000310742504166523	0.869276284955512	0.000319235918274488	0.000185600126924369	0.0231336867629655	0.00971800928030571	1.26957851385721e-05	1.96941758832099e-05	0.000430456292916279	0.0105014006385244	0.00148116844889961	0.000143355425594459	0.00146035478913793	0.000801469266686729	0.00638147581995883	0.0108769645107429
0.00351121658947846	0.00231922148083147	3.34159556070061e-05	0.0039374425533253	0.000167407181714994	0.0110210914498815	0.031636548591469	2.5153506322026e-05	0.882265153195079	3.16901677086862e-05	0.000160051580935893	0.0322850935687851	0.0019064672133404	8.71925595734929e-05	0.000187547261233672	0.0076037269670809	0.000282277832241581	0.000135425967135763	0.000290675116731778	0.00218859020843426	0.0118356433633049	0.00778393563597731	0.000305032053807996
0.00388514221092927	5.97461134188139e-05	2.76387674696884e-05	0.00363238525704102	0.000122733491323561	0.00149685621871628	0.0235949720078426	3.09907826772054e-05	0.878624092794427	0.000216753269492352	0.000226346516717459	0.0332965892722465	0.009436966042343	0.000119801493314684	0.000154697135867168	0.00124921563676939	0.00137090054240537	6.74891003621858e-05	0.000531985288093305	0.00282615322923503	0.0247176305881342	0.0121289329015581	0.00218198133961643
9.76639631507439e-06	0.000131987889522248	5.29011044763838e-05	0.00256353637251995	0.0219929020291104	0.0123960641500046	0.027089742455494	0.0011418950189165	0.877668590171246	1.60638279553613e-05	0.000154625933736881	0.0109095046812629	0.0126298352313302	1.32058738303786e-05	9.89693802525765e-05	0.000182690604815793	0.000111684640656224	3.75808846225641e-05	0.000127360787866333	0.000347030387879808	0.00653540628734634	0.00768545444145489	0.018103201449384
8.65788573936665e-05	0.00344309480146105	1.61114657239503e-05	0.0094550992505829	0.00315167033605191	0.0141181876331105	0.0209298992159556	0.000255512755624875	0.866339274847728	0.00199866214607274	0.00024427460880318	0.0129897992514101	0.0194158559251909	1.94579632161756e-05	3.67197799264075e-05	0.000173266967857261	0.00466541921449172	0.00183857354096863	0.00106837527052027	0.00115067618708127	0.000151374039852649	0.0199980935750946	0.0184540223658812
6.95894980671563e-05	0.0111134356229369	0.000364679942513401	0.00322686870899555	0.00720102585861225	0.000395604533821609	0.0241234458589998	0.000835382731519157	0.862610824791042	9.40768022322785e-05	0.0162327407304437	0.0293175723350307	0.0323626332602364	4.77879685008593e-05	7.51732147098659e-05	0.00126698103731077	0.00437448454955106	0.000136684860508657	0.000406697351395392	0.0020230095709024	0.000159342660982006	0.00282419729484428	0.00073776081684338
0.00302226857081718	0.000266324498360126	2.04575485163254e-05	0.00501138335384903	0.000190146375022101	0.00106381644317583	0.0299784553636824	8.20484282728844e-06	0.866563607385443	2.66638108870802e-05	0.000627394453397247	0.0313060029256354	0.00810050925974168	4.77976065815004e-05	3.65926679949301e-05	7.33461172796372e-05	0.0129823254505018	0.00486791754097483	0.000200117361313981	0.00137156617164333	0.0197767081895112	0.0104638333896512	0.00399456067319311
2.21293367700398e-05	0.000248581155806743	3.52613728473117e-05	0.00715610933043476	0.000272158377747411	0.000664333840245074	0.0219637049328027	0.000174272204578378	0.879669360673772	2.07549393020988e-05	0.000279951866201527	0.0177469787942563	0.0326852573260377	1.64231544699947e-05	8.0038303301491e-05	0.000663921331862243	0.00043129572576578	5.93427914608158e-05	9.62450727403554e-05	8.92360887002106e-05	0.00027079714838981	0.0147126669720787	0.0226411792604283
0.000271980249078731	0.00313264551439753	2.39363019752309e-05	0.00137494817007491	0.00638861609738269	0.000296035274085617	0.0241539668303918	6.5881528938823e-05	0.880837129423653	8.46953495022201e-05	0.00829014096765516	0.0270171188681332	0.025300764926102	1.45345804576198e-05	0.00159768545973503	0.00179962425174039	0.000166374707506084	0.000167578227338153	0.000437704772748251	0.000638511016814334	0.0115355460993258	0.00540375457194872	0.00100082681101451
0.00101965410817215	0.000122895555557813	0.000201024675071811	0.0140802592864345	0.000662359230199352	0.0242963112797741	0.0169805009554919	4.8312361064302e-05	0.895071971265542	0.000901696160939172	0.00641562405057626	0.0191018792319165	0.004540451927717	0.000330997204010008	0.00159724454484074	9.06029432849153e-05	0.00522343523986189	4.74382585980436e-05	0.000285346832235766	6.17839541962507e-05	0.000327733672704855	0.00812578409928721	0.000466693162523014
8.36079132173005e-05	8.11096464562909e-05	0.000100255063215116	0.0110510405438785	7.99892055078536e-05	0.047832216311377	0.0355829210735855	0.00531274557845124	0.866384978667798	2.14505294469903e-05	0.0131432365806333	0.0100290703332829	0.00149117358173558	3.17344915763776e-05	1.42440552243244e-05	4.5863235284229e-05	0.000166495434452786	7.24665707130277e-05	0.000210071786353277	0.00230856299095575	0.000366882023429885	0.00517261225468665	0.000417272128738437
0.00142545660807036	0.000597813392868421	2.9736974903389e-05	0.0121131264779653	0.000140833060205679	0.00800147296617643	0.0162818094361665	6.47535991183166e-05	0.882969733848429	4.59132358125919e-05	0.00385348706648753	0.0161047794895675	0.0120123913514784	2.79010014805878e-05	2.98158638804276e-05	3.2534378712406e-05	0.00733178315334704	7.04913905558305e-05	0.00761840000717668	0.010642486607163	0.000896679874915594	0.00772442444403113	0.0119841757714876
0.00120430749448674	0.000118316173902173	0.000941284834656907	0.00379320096823169	0.0100480469375763	0.000387195349199611	0.0376054930466257	0.000309994948977665	0.877663377873101	2.48341537129021e-05	0.00125361739143548	0.0229141234664102	0.0244833955751047	2.56607440815789e-05	0.000985100111550402	0.00130800177156469	0.000831794751842318	9.24757569201086e-05	0.000291578591043994	0.00208459791061538	0.00496475900866329	0.00808202501316493	0.000586818127132587
4.099397503856e-05	0.000592252724523346	3.76949134598e-05	0.0046321754991673	0.00215128209880396	0.0012081645078205	0.0291388669272713	0.00152841971237243	0.883576893695973	0.000173865583267623	0.000327610498019377	0.0240032295124053	0.0239594004446617	1.7711445200613e-05	6.33748661898473e-05	0.000162557168403304	0.00094382584015403	0.00195421972416533	0.000487899319612391	0.000101102191605759	0.000830091142673083	0.0100187621960633	0.0140496060131484
1.08336011826644e-05	0.000903702731612398	8.4927940562606e-06	0.00832969098287687	0.000168095551300297	0.00253444604966885	0.0241116479647439	1.44489138029549e-05	0.86988464601459	1.26246905245074e-05	0.0112149109786706	0.0172957073590015	0.0197666338316494	2.01550742992419e-05	3.14509273670658e-05	4.87040903818755e-05	0.000355696418243302	0.00391493613591519	0.0128812332600995	0.00148581375703578	0.00675166426157873	0.00852503766973704	0.0117294269416624
6.291665655992e-05	0.00471488686701941	1.90121559704886e-05	0.00652257744135409	0.000521451875747681	0.0158417419136538	0.0219455808797923	1.13982947671687e-05	0.894333813008723	6.32832515731492e-05	0.00088666772915647	0.0253109238402165	0.00207587136959442	0.000272420501343393	0.00207053360465624	2.34438616310006e-05	0.00223725144650487	8.3207803898511e-05	0.000253114604502258	0.00138696563898206	0.000710347861756492	0.00150822250779591	0.0191443668848006
9.90454453981567e-05	0.00020859306733331	2.66235334397852e-05	0.00692588850268419	0.00390081371739753	0.000843410755354307	0.0235620221163179	0.000746719445345576	0.874983129618589	9.91029747827692e-05	0.000608968873931529	0.031222218491411	0.0164648769178949	1.83521616444818e-05	5.07510095867261e-05	0.00225429921815083	0.00339487276391823	0.00117316723160417	0.00960186166156669	0.000974566233340731	0.000732846495992532	0.0143350291604758	0.00777284060384023
9.5991489997836e-05	0.000123066606340921	0.000300502798214632	0.00422360731015356	0.000578174125281086	0.000293665314351527	0.038665143333298	0.00203974294702593	0.884659941801473	4.86161741171155e-05	0.00024504226011638	0.0253776948379293	0.0136140162083105	1.71107819564162e-05	0.000149762441693246	0.000103819441692647	0.00438369443329824	0.0084268835361199	0.00200052155298585	0.000269041012078223	0.00961921343601579	0.00421057522236659	0.000554172935183024
4.3152940399956e-05	0.000313666895768894	0.000114673965938034	0.00862592787931265	0.00308577672044319	0.000603217406531968	0.0281324782664392	2.36389307237621e-05	0.890078877795071	1.17059541939759e-05	0.000494767449373382	0.00980776366339344	0.0297315011629222	1.22059755299303e-05	8.75548957760538e-05	0.000489557352567537	0.0018786704277824	0.000428429225258278	0.000759911555510339	0.00142750292754793	0.00566911456197224	0.0119791493570343	0.00620075469050954
3.22624484927653e-05	0.000475537774039086	0.000242564396735815	0.0066272397630616	0.001947546157254	0.000732375380086973	0.0259671661750766	9.39878236097978e-05	0.870781898915663	0.000160915112304883	0.00028482175944602	0.0194763743437771	0.0325691254418268	8.66742726435587e-06	8.07496751065941e-05	0.000133475595075001	0.00352815465107221	0.000103228011581663	0.000401394429629853	0.00840146047872875	0.00963890269019601	0.0175377594605148	0.000774392089456682
6.72192206009813e-06	2.88027424924631e-05	9.06517003140518e-05	0.0198922362590639	0.000101201929173154	0.00275237174494593	0.0686783987956157	0.0602106938607985	0.715858867473015	0.000179212649275217	0.000159555011653724	0.0372574967345955	0.000385740300859848	0.0184415591521321	8.33829683667189e-05	0.000103906660564913	2.48005723685663e-05	0.0275132277860834	3.30143995247158e-05	9.15276429874635e-05	0.0479351418895586	0.000149783290985797	2.1704513564233e-05
9.40460828052555e-05	0.00248323146201551	0.000386599350935142	0.00769231099567253	0.000297868703034697	0.00807839930320008	0.0271941012066698	0.000128944005710335	0.882991689846944	0.00037365825451741	0.00112621542388785	0.0262726035665542	0.0151116883943346	0.000125783073887301	4.37925559460721e-05	0.000226179377085629	0.000166299695082635	0.00260210121770991	0.000260708527649874	0.000619436484541657	0.000324991434921979	0.00278414992212917	0.0206152011147647
5.02006584492378e-05	0.000234241814795628	3.35844063619711e-05	0.00427923980418119	0.000221702191060416	0.000171459210197014	0.0321274826410852	2.94381047986259e-05	0.853264303717417	0.000605925635211687	0.00177679416494548	0.0460188074598796	0.0209378852570411	8.25158165806588e-06	0.000865582359953312	0.0012598808344058	0.00538305845758012	0.000108745304843342	0.0002580708917052	0.00124785101324882	0.019645705931466	5.66528349393348e-05	0.0114151357247765
3.74386976175729e-05	0.00019305839233814	0.000736300387264499	0.0019200448463403	0.0244386570158349	0.000841191672133504	0.0255395964276021	0.000232113528802	0.862766064164092	0.000107636355694271	0.000694796754334519	0.0309979402890458	0.0212526231449895	2.08316760521157e-05	0.000111783966740806	0.00374581258376411	0.00121934216130837	0.000206449699125086	0.000772625444582194	0.000418286459671849	0.000208375447827819	0.0125981521826747	0.010940878702164
6.77966734654131e-05	6.52522361592052e-05	0.000110874546025391	0.00640754809687776	0.00189694830026839	0.000227433347240957	0.024144213526071	0.00244395354896956	0.864304578941119	7.03452149982313e-05	0.00662463506424276	0.0331655319216699	0.0240120362041955	2.51919331951337e-05	0.00214672995794241	0.000818671436794815	0.000315661425389328	0.0144080940719728	0.000509320138893928	0.00016781189701889	0.000291054646046346	0.0169658398942726	0.000810476977170092
0.000256975792380159	0.00014286381832386	8.34881091278624e-06	0.0010599997841601	0.000248201452259762	0.0333556571208964	0.0264649162151728	5.89532396804271e-06	0.896832903428117	0.000212388400183179	0.00190240068777708	0.0175134424691247	0.00112334581912218	3.49819530926514e-05	1.52214087180678e-05	0.000277643609607222	0.000460971721575147	6.84587156700221e-05	0.000329351254949377	0.0116001489117702	0.000231257082023549	0.00619454400030896	0.00166008221988662
0.00176928133253641	0.000671148347769474	3.23663155302404e-05	0.00301060652364613	0.00126317153370202	0.00862108269198055	0.0248728235041557	0.00136878525759001	0.866901311224007	6.42471091067331e-05	0.0260005713488647	0.0132512201559395	0.0339547060885506	9.05256188581323e-05	7.02540883000157e-05	0.000190328555534402	0.00170444167359821	6.13956646390007e-05	0.000744102942044395	0.00023910180760054	0.0013760275219836	0.0119903559213498	0.00175214477271277
0.0010210259404968	0.00909193223580156	2.22908355382656e-05	0.000639714062004024	0.0125273650044745	0.00073041750648652	0.0201175102336881	0.000293006932395624	0.884610852197579	1.5995974542379e-05	0.000362592487235591	0.0151292291874765	0.029722425734337	3.82221767470423e-05	0.00167165613234951	0.000198059286574489	0.000131929423689421	0.000263808496504503	0.00026865003108062	0.000372981694439747	0.00763506664996991	0.0095042368807551	0.0056310308958342
4.96800684531534e-05	0.0124639950255086	3.37089522933378e-05	0.00694511922282778	0.0182449757073616	0.00862136814924107	0.0222597154435238	2.97390704623014e-05	0.875849150069521	2.27448874227444e-05	0.000107559528874335	0.019635291968526	0.0167899679904906	1.32944409939295e-05	0.000200865484524666	0.00076449455629187	0.000304667632322262	3.09598355719776e-05	0.000126440630477459	0.000167053121093227	0.000864812182745131	0.00167152238260514	0.0148028736488683
