Bcells	CentralVeinEndothelialcells	Cholangiocytes	Hepatocytes	Kupffercells	LSECs	Mesothelialcells	PortalVeinEndothelialcells	Tcells
0.272921154925107	0.00118371126292877	0.000237759524470109	0.317113437074421	0.03269941703493	0.0290359968009558	0.00027603146605722	0.000768098730473541	0.345764393180657
0.238899917318303	0.00515975784388923	0.00323991660333859	0.293689690648717	0.0682157341144368	0.00211194572849915	0.000974055642986037	0.000295257203661199	0.387413724896169
0.200646260873761	0.000733537178944426	0.00848601310606587	0.306654617002581	0.0903869255285254	0.0338876484042357	0.001121153446603	0.0018251353016695	0.356258709157614
0.264490043240384	0.00395986688859586	0.000401988977512503	0.273019217759662	0.0765830072370803	0.0437908936716927	0.00717345374371236	0.000644361657439041	0.329937166823921
0.249297132666559	0.0255649116452444	0.000446887103594646	0.268898619332853	0.0584135559655371	0.0315141760428036	0.000822187081188554	0.000733077402623257	0.364309452759596
0.232076658408744	0.000831859467592351	0.0025490416790402	0.298217222433677	0.0442262422035442	0.0134557850241372	0.000120798742378701	0.00101938254788608	0.407503009493001
0.247719590907004	0.00100623299568507	0.000542272854887624	0.315176729606136	0.0185169623010324	0.00507383602296011	0.000132140748850762	0.000743151274779191	0.411089083288664
0.23792498112288	0.0167783230362624	0.000279552421233733	0.304265457050436	0.0578860912211292	0.0113190773119565	0.027921899666776	0.00177037365233365	0.341854244516993
0.257934318330581	0.00283420793692541	0.000370450476480115	0.274057454264581	0.111713580590409	0.0239164290916465	0.00149224870730699	0.00138701074726652	0.326294299854804
0.252667694807932	0.00904746886701924	0.00431906648408227	0.281130176231489	0.0896076721642585	0.0217576670480847	0.00511159630633484	0.000672456862860198	0.335686201227938
0.185810801597183	0.000834541807023375	0.0104375927440605	0.27555702596236	0.116362278388526	0.0250006256717084	0.000866215920463261	0.00246927953708875	0.382661638371587
0.198811949814765	0.00101300412816029	0.0235461804309994	0.308200967647341	0.0297041176575833	0.00154742447245705	0.000455001929102525	0.010731204550282	0.42599014936931
0.263060594213066	0.000968204292927803	0.000384638058678951	0.28258368756604	0.0679756004641646	0.0301894812396523	0.000302676674521482	0.000827546516135106	0.353707570974815
0.195211960142487	0.000978608063437575	0.138859085791573	0.253395941333537	0.0456583235159635	0.000757099244915889	0.0206721095506425	0.0282834684547737	0.316183403902669
0.182818073261531	0.00183636317590529	0.00961264682163204	0.304500646753466	0.137894767596317	0.0130994012798086	0.000230081395304385	0.0185109448307224	0.331497074885314
0.208378040588755	0.00399910092438798	0.0045601784028575	0.330908192891751	0.0397416766412773	0.0138342626937175	0.00839502305034901	0.00137895717206558	0.388804567634839
0.233186861493009	0.000381448288992189	0.0529660704321655	0.30459033136318	0.0408460375495016	0.00780259016319053	0.0162138400071086	0.00134955236282625	0.342663268340026
0.233359773117113	0.000607831242998285	0.000280142078527302	0.307197220814643	0.0607648941397217	0.044599500377601	0.00013692091101269	0.00126112245368832	0.351792594864695
0.25530230529261	0.000316953114596126	0.000334966839200792	0.278974830815018	0.116467535658688	0.00533715875019137	0.000477531841099632	0.000863479865662606	0.341925237822933
0.232991637372468	0.000787926880112848	0.00377340497298264	0.235383396591048	0.137436392789917	0.0123370700069016	0.000113438627945378	0.000750967229286022	0.376425765529339
0.184398698439931	0.00129735964283209	0.00541494580138685	0.298912548779622	0.138284700124452	0.0140930075168923	0.000176814934214835	0.000404240054348573	0.35701768470632
0.21093722027155	0.0322934379763857	0.000301880498166183	0.310327475561344	0.0237596977962312	0.00519626399847761	0.000228324965667473	0.00103406515806266	0.415921633774115
0.170249126633976	0.000925131199639166	0.00097695554945593	0.331018274381355	0.0264243447976971	0.0151823682224273	0.000101678422684417	0.000579743188135349	0.454542377604631
0.204013975678399	0.000278054145535742	0.000419438085221889	0.305075121414027	0.0487130711979857	0.0161122697857595	6.68768377403678e-05	0.000318663002739848	0.425002529852592
0.157952505123603	0.000635141132869848	0.000282844762566477	0.331754356175206	0.080055563126926	0.0299494377864615	0.00717682366133671	0.000321265700011925	0.391872062531019
0.25588452421249	0.00415940907674786	0.000465987168430736	0.27527507475134	0.0692797476537111	0.035135320249879	0.000868076290918584	0.012857975187739	0.346073885408744
0.206752364913113	0.00330640381306292	0.00126253320708978	0.299361046493769	0.0656230739114552	0.0209298408881993	0.000895792683419481	0.00145322658568114	0.40041571750421
0.237700830807152	0.0018162730699681	0.00173252771083827	0.339109525221319	0.0367788169076492	0.0165713709908152	0.00185384364736371	0.00133846862947013	0.363098343015424
0.258622194355108	0.0055899258081588	0.000302852871433277	0.278165169583803	0.0732646640231525	0.0164478619791204	0.0016108478857314	0.000552927886601588	0.365443555606891
0.18785671519052	0.00086918408159913	0.00172510530631647	0.276493957474352	0.168603557513543	0.0088530592263996	0.000284562559649628	0.0163092676472622	0.339004591000358
0.193252085565045	0.0600105061269008	0.00184105543162443	0.315376224977672	0.0290897480894026	0.00315836054451615	0.00131698540131563	0.00267714589195511	0.393277887971569
0.252393297052393	0.00234758812714489	0.00120225521918069	0.271457572267933	0.0655121938233902	0.0276290940050059	0.00146157785328817	0.000430616679312584	0.377565804972352
0.213416920095994	0.00109736902940909	0.000611305802785204	0.273469116339094	0.100336427052591	0.0244473974700798	0.00274517775795465	0.00255160351042301	0.381324682941669
0.268924947845669	0.0126225651566921	0.00088562643135833	0.259497575763911	0.0491343891044416	0.0126514807782672	0.00390291856090229	0.00285177684546376	0.389528719513295
0.248194248893726	0.015226795629238	0.00119547432569689	0.275729869997662	0.0560146018020984	0.0274074260203595	0.0119995352662242	0.00430555516008602	0.359926492904909
0.239506577140921	0.000718750806259394	0.000344065941653212	0.295369372350363	0.0752732690240495	0.0178323648937932	0.000122355388059278	0.000669203969964771	0.370164040484937
0.217508611324502	0.00282477126208508	0.000564860541054513	0.24785749800751	0.170552032514695	0.0212006009627929	0.00317761525734814	0.00118162109749889	0.335132389032514
0.184080323373731	0.0173982634891567	0.00149115205116364	0.290885937376411	0.070419801595086	0.0215816038775758	0.00121868626701919	0.00181092871402001	0.411113303255837
0.245952642326603	0.00686928836573343	0.000852930328174695	0.257412891405041	0.149914235234199	0.00973992819393295	0.000404639549366133	0.00111996334663509	0.327733481250314
0.239271602923397	0.00373568650711817	0.000418336869533175	0.27652347876141	0.0898951476539771	0.00296554343408608	0.00175631267537188	0.000670427162873421	0.384763464012233
0.238942738157718	0.00969608569947593	0.0399177668529352	0.258772892148754	0.0748355103811862	0.00364518858705357	0.0545911790838509	0.0745041653070377	0.245094473781989
0.207086416129398	0.000796304536358719	0.000185491591499107	0.292321426746419	0.101743098162219	0.00530641200772413	0.000164541900969937	0.00046951075710959	0.391926798168304
0.219598080527262	0.00150084949393387	0.129668309731827	0.237213604508721	0.100159920288577	0.00287628188250621	0.0160319194655321	0.0119689183630569	0.280982115738583
0.224755438787057	0.000766927328628168	0.000325701111043004	0.276330947893957	0.0647833218600684	0.00580574811767128	0.000337532382158242	0.000971604483260075	0.425922778036157
0.215530274284726	0.00139744375387433	0.00135062788118953	0.316124773926115	0.0572855613925279	0.0112966034197031	0.0139151594690594	0.00303119172773829	0.380068364145067
0.206282733252604	0.00160569691704662	0.000413561935363575	0.31012265514397	0.086976614054621	0.0209929103799626	0.00013463890477853	0.0013569643400616	0.372114225071592
0.245814166486582	0.00212955113069243	0.000463538465597928	0.311304654473357	0.0289834470028129	0.00369282171103607	0.000350365759154222	0.00411624914858592	0.403145205822182
0.218506291318478	0.0036085666909151	0.00140001794219756	0.282448815438659	0.110380592055048	0.0219634531577032	0.0199260067976925	0.00258545286227415	0.339180803737033
0.202636625715564	0.00284841639702403	0.00124261010874503	0.315518194150861	0.09853949906453	0.00565426923781631	0.000876644640920758	0.00161847367628493	0.371065267008254
0.181652603136669	0.00168687367871401	0.0411044324615733	0.285624665701749	0.0729493623386597	0.00298702897066045	0.00705900103997609	0.0377992534509803	0.369136779221019
0.275625549811925	0.00162135005916468	0.00195609122477995	0.279994119968452	0.0333336430911394	0.0146404897375818	0.00845672406509667	0.000907966983229608	0.383464065058631
0.213848807579058	0.00367093102226157	0.000354157491859466	0.325290687430631	0.0602574755307696	0.0216178578670063	0.00178890509835585	0.00221224490454519	0.370958933075513
0.278964148400796	0.00712415289771611	0.0561133038206761	0.229248608601909	0.043262841349812	0.00607504337807022	0.0534438624880937	0.0418616175711057	0.283906421491821
0.253103720283498	0.000421769626893291	0.00171653677293346	0.300252130222339	0.0851771062026727	0.0157621766170024	0.000174311647702443	0.000859980434336647	0.342532268192623
0.197512194339582	0.00808047789279148	0.000259052141612584	0.304439738532823	0.0204412692197352	0.0239931239758575	0.00737382900687418	0.00124425434560278	0.436656060545121
0.172202704492314	0.00272233119059446	0.0142447209553104	0.348647153025105	0.0973560279045344	0.0129528060473215	0.000128152034992131	0.000957509747312711	0.350788594602516
0.205854178640458	0.018203501403731	0.00135330363589382	0.30556792234529	0.0847257855243633	0.00491077298101162	0.00012544076915411	0.000475604626912738	0.378783490073186
0.197247889816677	0.00266293972098784	0.0125113382961785	0.310397532428753	0.112032327145618	0.00156875670076911	0.00288319268069269	0.00578093385115184	0.354915089359173
0.200043782105076	0.00248287317320935	0.00179441739191767	0.303940125701332	0.115722841468534	0.0122951240993255	0.0033962563253848	0.0180569270579283	0.342267652677292
0.243346711435783	0.00313320012714733	0.000656631988636949	0.295281895420334	0.0341438309960525	0.0145817489662428	0.0035471018477521	0.0107446230251147	0.394564256192937
0.228138708175695	0.015892808782399	0.000421355680195543	0.302675663048073	0.0514063650499178	0.0217348833959172	0.000669065213643654	0.000417099404376865	0.378644051249782
0.228024807034271	0.00111842966077166	0.003890251322667	0.276888354989572	0.0841479961551923	0.0185264658143743	0.000339464909999763	0.000699432175030846	0.386364797938121
0.186740239311478	0.00146419518517645	0.00935134828879624	0.285376414826112	0.109915284391733	0.00936214479225411	0.000304616720603469	0.00988022835428696	0.387605528129561
0.255681332053459	0.000418597572523243	0.000540905862370735	0.312941445577381	0.0500060884885846	0.0317217028085942	0.00321953545104617	0.000219071076141203	0.345251321109901
0.177353701483558	0.00168960368930183	0.000992361122049891	0.302395212953348	0.0768622299746208	0.0214716349249651	0.00175839419032637	0.00128033230071359	0.416196529361117
0.237567346377835	0.00725030730154956	0.00044353580658014	0.305065911121965	0.0519404337260718	0.00649042340628063	0.0157836402923675	0.000655358069910633	0.37480304389744
0.238777864534443	0.0339639038102871	0.00571879402511896	0.338821859721704	0.0252709797344746	0.00576218366460419	0.00371052086165369	0.00167628866462453	0.34629760498309
0.236939967497214	0.00170725185758534	0.000483726294907671	0.294032963470679	0.0570778643011943	0.00897823717538296	0.000422126640382545	0.00192394019706909	0.398433922565585
0.229317906373358	0.00082990124922753	0.0228587242731438	0.290530714517301	0.0564397477092812	0.0175454423153642	0.00707813078694203	0.00312884717815728	0.372270585597225
0.189290330919241	0.00403513499475354	0.000397104819645384	0.315854512547806	0.0750122849013238	0.0082026502003586	0.00233189517534702	0.00370102749131589	0.401175058950208
0.255650657672176	0.00215697023252871	0.000861817601277411	0.29155083989046	0.0594164950045806	0.00787539728640493	0.000255275476908978	0.00922070250869812	0.373011844326966
0.253835294632084	0.00187007422161291	0.000232465855917857	0.325007798165126	0.0616290157573253	0.00203260501994439	0.000146714900280444	0.00025271823551384	0.354993313212195
0.201951232441856	0.00306228301264815	0.000950417711992305	0.285787040884539	0.10163474002404	0.0105924151830102	0.00473992036565617	0.00136096086043855	0.38992098951582
0.192492213209589	0.00115049560929743	0.0247775023617417	0.322770945296131	0.0912000190361197	0.00565747838563816	0.000531509296127118	0.00386451375287629	0.357555323052479
0.243693375288669	0.00378563493968781	0.000632390016925312	0.318819361708415	0.0295795140293139	0.0243406442717074	0.00318990285854992	0.00411700933191819	0.371842167554814
0.242418967333671	0.00244925362488615	0.000963259821214165	0.287139007147518	0.0769027534957069	0.0248813059600075	0.000465892245669565	0.0207163834797021	0.344063176891624
0.28888801748795	0.0374088385243018	0.12441915982805	0.198284565965448	0.0772274080928813	0.00272244652681342	0.0528640782959011	0.0517488056658729	0.166436679612782
0.187119325441442	0.0014477458713843	0.000577481166361958	0.306786093644525	0.076471144317027	0.00592669568056071	0.000252623068659447	0.000784370708571826	0.420634520101468
0.181751960918499	0.000844915239284292	0.0061958725842135	0.285108694164867	0.136655972105076	0.0112107846566562	0.00101888842715007	0.0134851260643805	0.363727785839873
0.244330898932682	0.00100066027109854	0.000591099231717875	0.27644926934144	0.0803620109892921	0.0131636668472246	0.0023542376985012	0.000492216314398234	0.381255940373645
0.225454363770346	0.00135244446764235	0.000384171871961992	0.307593441148459	0.093604014060403	0.0184160383373879	0.00850614092827166	0.000754380436894712	0.343935004978633
0.223326418448129	0.00661333985351753	0.000476868585716604	0.361723657071813	0.0340845258121514	0.00775705832527526	0.000539755020365695	0.00126299449594255	0.364215382387089
0.23112914666625	0.00764213899719864	0.00074633438200998	0.323385608275778	0.0409413102823308	0.0286770819779216	0.0022406402420297	0.00548173492299962	0.359756004253481
0.202150790953705	0.000803036316656905	0.000342335330474154	0.32302623605539	0.0441648681695901	0.0252864324671466	0.00224549053958808	0.00166293437443253	0.400317875793017
0.261587624196318	0.00094371355057677	0.000388097048972813	0.279812492949871	0.0510402229739577	0.00289397838199434	0.000106822352943916	0.000613961883582428	0.402613086661783
0.227828258575027	0.000863460090496133	0.0030695449154006	0.298070058560124	0.0559680043009401	0.0109659759756686	0.0055977558962272	0.00127379526871219	0.396363146417404
0.240177388647218	0.00435132124702243	0.00180023535272912	0.284817417286426	0.0619316184815623	0.0372820388839202	0.00323712364966048	0.00189665094902937	0.364506205502432
0.213743656072283	0.0402794247293857	0.00198802441766666	0.34657558473322	0.0150229706748439	0.00960895871963775	0.00513111949014478	0.00141743663912571	0.366232824523692
0.204772271341785	0.00398523071869157	0.000662859210096837	0.281216685116483	0.0995909486796215	0.0151617040931762	0.000692873262240452	0.00626276205159616	0.387654665526309
0.232840996605085	0.00192956667158482	0.00105904378395649	0.268308895095649	0.118051067121776	0.0174214936591593	0.00101230323323032	0.00367642038546657	0.355700213444093
0.212074920408733	0.00224437442237012	0.000666531461639104	0.310137745249985	0.0418357268228624	0.00291271160336941	0.000533259550853885	0.00494240883853272	0.424652321641654
0.241794864496517	0.000757620922902847	0.0166524360229785	0.287787790535707	0.0228734405885254	0.0124941387041856	0.000169876161469508	0.0054946620083889	0.411975170559325
0.191600251978861	0.0557227906695352	0.00044833040322707	0.328246430750913	0.027534835326689	0.0101747401705904	0.00442520497789673	0.00141341825157535	0.380433997470712
0.199488686191464	0.0106770092076261	0.00138663660848129	0.263193770363048	0.124983916843798	0.00812535538543447	0.000368553161020135	0.00403666598133452	0.387739406257793
0.228005987483123	0.0171784918283303	0.00276506184549213	0.320285669433521	0.0317785960711992	0.0048987909043537	0.0108296717889734	0.000523719103415526	0.383734011541592
0.231288049952016	0.00031349808253903	0.00718389823836158	0.261234006646047	0.113269646735926	0.00166470535510509	0.000124948785126613	0.000434086468037967	0.384487159736841
0.215070297644325	0.000764612570232164	0.00994083132269439	0.302089710882214	0.104544414149807	0.0135421451036831	0.00294938359237131	0.00211036475915379	0.348988239975518
0.180412746596979	0.0140920458260524	0.00465791485291022	0.352487218925779	0.0296111590412868	0.00606379793113097	0.00148763269965392	0.00344099591678423	0.407746488209423
0.212231717487918	0.00700707944899253	0.00351586961650581	0.280909636782706	0.0902812637531221	0.0095095521287949	0.00327503632043698	0.00384514146976456	0.389424702991759
0.222962154144486	0.00299518609370839	0.000241246820208467	0.299858960858798	0.0504055538549089	0.013789563138703	0.000203835363963259	0.00236514898824605	0.407178350736978
0.247662134349948	0.0010896559102493	0.00132518465666346	0.273623101303562	0.107707221607219	0.0132962041491767	0.000202408181916542	0.000993715257116232	0.354100374584149
0.213236739972265	0.0138410438805529	0.00333135518190962	0.338400720131172	0.0254657460182674	0.0105168050202711	0.000246228250957625	0.000309905411869014	0.394651456132734
0.223015741583893	0.00321419024745358	0.000680764164461165	0.291569441787018	0.134511977256155	0.0236053855998181	0.00516313782987486	0.00214331786677201	0.316096043664554
0.265406336962648	0.00293614382171511	0.000203194337735101	0.315561483696086	0.0255407434128521	0.00387353135552672	0.000110534146076608	0.00113248557027286	0.385235546697088
0.267377692852157	0.00171216097472358	0.000336670865662641	0.287808064741978	0.0310583447941305	0.034923267384014	0.000372053104105784	0.00123905190296395	0.375172693380264
0.236687436538526	0.0025884386143624	0.00234650165020957	0.264304538056727	0.0717429920331556	0.00884376874643422	8.816793107859e-05	0.000606953435700386	0.412791202993806
0.196759351482645	0.0110332572016049	0.000302684122842741	0.327803581688128	0.0306269749498803	0.0531987493173235	0.0107087441809278	0.00169001234376144	0.367876644712886
0.221134536981924	0.000902872143913903	0.000786201216570182	0.288384821971472	0.113824178266323	0.00524007634367591	0.00789397021090257	0.0117633859270615	0.350069956938157
0.215632533147774	0.00268743833732655	0.00300506888713091	0.320751095350747	0.057323341505957	0.0029414995555564	0.000321087612884831	0.000914583151941409	0.396423352450682
0.174562053264186	0.000815481706525007	0.00046253866966369	0.293002267676245	0.170078072707762	0.0116328175573223	9.98232509828203e-05	0.000624237734587518	0.348722707432725
0.270390558812579	0.0264511143044275	0.000455300371709036	0.277868046382915	0.0490964124666058	0.00525732156097082	0.00615651827173056	0.0097011522213635	0.354623575607699
0.218767103112139	0.00549348752513014	0.00197423458387715	0.323410897461354	0.0704104156316254	0.0169975163361665	0.000295373514901332	0.00126154692224888	0.361389424912559
0.274454389234701	0.0322821976650452	0.00114085371534228	0.283000187984428	0.0608535565162889	0.00352532933091718	0.000205254406202167	0.00190904518367753	0.342629185963397
0.206807967173751	0.00109486811649867	0.009828681364078	0.31903263019343	0.0621114575361211	0.003393929286023	0.000893272002916241	0.00435225797483111	0.392484936352351
0.183596693843305	0.000590904113572507	0.000712837047996059	0.311518255866917	0.075434535251726	0.0394370122350886	0.000739492474990528	0.001869001206047	0.386101267960357
0.257390093378863	0.000303642775518842	0.00284263643379576	0.277022731541681	0.0503216363691642	0.0068512009843853	0.000680576804174261	0.000535687079334111	0.404051794633083
0.225081741447154	0.00114523857168165	0.0336342656359271	0.291012444242081	0.161483782293718	0.00291184922826325	0.000360801347244953	0.00175085950996807	0.282619017723961
0.219648874540829	0.00222279822542858	0.000647372628632699	0.252170654744301	0.1617200970926	0.0172784639897592	0.000312244195975254	0.00643721098177145	0.339562283600703
0.252376766801674	0.00186148996142678	0.000688854070444708	0.277748362467654	0.0464143817418197	0.0187723569317757	0.0175366684074242	0.000898014558221793	0.383703105059559
0.27718044744375	0.00648055952559868	0.000577584692884995	0.286810415960915	0.0727361136370321	0.0115056810578609	0.000152928885600663	0.00112222561438727	0.34343404318197
0.224159973656402	0.000494664226395097	0.0006138581062215	0.311704673177286	0.0388453333337749	0.0330674259853253	0.000795194818778015	0.000478811088193091	0.389840065607624
0.165199757008948	0.00161694859676955	0.00326200874270163	0.304822434263283	0.110639555918976	0.0226919011562285	0.0013419446605079	0.00128962976084934	0.389135819891736
0.25000304570095	0.000451112787065041	0.00387597052494379	0.29409030704457	0.0910220992486081	0.00343403347738862	0.000997460478076297	0.00612376072341405	0.350002210014985
0.242278469144498	0.00222771716583394	0.000424501317667189	0.287409745889977	0.0589233469937724	0.00758501629400115	0.000525611006018851	0.00411030146839999	0.396515290719831
0.212105846746873	0.0751961879363665	0.00151405577484236	0.295699059957933	0.0327724509955703	0.00379724110811079	0.0490626355900538	0.00745003821619784	0.322402483674052
0.218620482126696	0.00400886191856584	0.00223966132539222	0.312588569046109	0.0183379807262475	0.0212309839407319	0.00911625134117725	0.00130537058967878	0.412551838985402
0.241653973898864	0.00159134760282768	0.00195411292001111	0.283526749828511	0.063982612669779	0.00917287885965704	0.000740091436200198	0.00732334142526168	0.390054891358888
0.260415412845624	0.0134331865795191	0.00141925885447812	0.283937388103548	0.0665584616492537	0.016548186420587	0.00946983263376335	0.00211126946573979	0.346107003447487
0.210364666793984	0.00174405269185621	0.000991561824730424	0.285149853291542	0.044427740778242	0.0193546281154245	0.0063593518421628	0.0154129755034922	0.416195169158566
0.261858273761723	0.00734002846812686	0.000514830379744943	0.275261582597765	0.0439391003593035	0.0243706912551187	0.00136278835120897	0.00146381143755953	0.383888893389449
0.248899543500827	0.00129712825674719	0.00454064611956022	0.301958875188036	0.102767046678471	0.0029827422008347	0.00164632192220765	0.00339840111087157	0.332509295022444
0.255069827106951	0.0017654086824087	0.000723852355468671	0.295637849005839	0.0495904903138683	0.00411797784084382	0.0028234195496145	0.000749107071947579	0.389522068073058
0.194418790286947	0.000556775940371072	0.00943183517801491	0.267192988351267	0.179115964238246	0.0154254518126663	0.00640200437037083	0.000805916512080555	0.326650273310036
0.242486865200765	0.00103137773509672	0.00936059598320502	0.288295734214805	0.0414084527069972	0.00534860590114856	0.00156735918373096	0.0271565867285115	0.38334442234574
0.253381058425048	0.00380038046141616	0.000488404011071907	0.264913642973107	0.0679271085595065	0.0146677166945388	0.0002870511680127	0.000412762253603815	0.394121875453695
0.178047882113582	0.000607003273013497	0.0038027426890218	0.295229696135156	0.103865825153888	0.0203954310922788	0.000325292927086758	0.00795904462504467	0.389767081990929
0.223436679760747	0.000943329720688681	0.0016586208853205	0.288353323371012	0.0904992034260249	0.00442707876921666	0.000495995225132248	0.0101449617588644	0.380040807082993
0.191105685858744	0.000557140242065698	0.0598180338559465	0.308177767637178	0.0319555169499181	0.000883747033522663	0.0186190113813255	0.0677785101260286	0.321104586915271
0.203854042567426	0.0188231478458277	0.000723651216097983	0.295045264570715	0.049818427153652	0.00227313323779612	0.00995599371156645	0.000833776103503025	0.418672563593415
0.219443620825438	0.000775373215412518	0.0144084803654951	0.310022095740855	0.068993730659953	0.00656740423994092	0.00188499365689562	0.0103271469021753	0.367577154393834
0.229238669790581	0.00177236290264569	0.0117855007645221	0.293978370329065	0.0704802085760919	0.0262083635484214	0.000894908367555378	0.00162520767178607	0.364016408049331
0.216089677394125	0.00622524171539056	0.000420484410063009	0.318374918666363	0.0265519578608038	0.0139666700430324	0.00179467413004234	0.00476181880740901	0.411814556972771
0.246279695732959	0.00968819055990028	0.00231619008309056	0.309919626516868	0.0459086419785801	0.0125127895314428	0.00383429752240107	0.00130922053681368	0.368231347537944
0.246006470895958	0.000484207878410812	0.000819479727681098	0.331503283747193	0.0294130222477492	0.00810436345739744	0.000184804853035197	0.000370066915193665	0.383114300277382
0.144173090549812	0.000749442011382603	0.00386248228797961	0.30572051875447	0.113744870942177	0.0476766575919672	0.000302096207381173	0.00491453838291247	0.378856303271918
0.233414368050706	0.0015617104264503	0.000568960331796029	0.277130003966574	0.136606027801264	0.011420611342403	0.000153180603693486	0.00249527799701445	0.336649859480098
0.232073007789308	0.00182247815577362	0.00129819689503959	0.311472748787795	0.0478266093238099	0.0129775857921566	0.000247416155618077	0.00137887317094671	0.390903083929552
0.164692299874896	0.000380807804837094	0.00195156369134998	0.339379472143718	0.0580175873404003	0.00493355921000929	0.000291108786337461	0.00445974700693851	0.425893854141514
0.218776871254866	0.00433311326963467	0.000458968224299711	0.317534686914849	0.0602176543532415	0.0134700298313686	0.000408567272004536	0.000869868049436317	0.3839302408303
0.168858449451352	0.00636852868407397	0.0119145691097844	0.316613493182223	0.088135523569695	0.00381133645759617	0.000199856069156933	0.00166370163295975	0.402434541843159
0.130188942678782	0.000507932560379349	0.0711639425077636	0.348197134621411	0.113164881427895	0.00276397109723436	0.0123918299971667	0.001173220333454	0.320448144775913
0.217010888933116	0.00136581228953385	0.00174663407726114	0.294703047202822	0.0497511822580462	0.0123887852247836	0.00287322986212014	0.000991727700423475	0.419168692451893
0.248015871012125	0.0138386003868324	0.000451313678211891	0.320530699417173	0.0207474251594938	0.00825264514738681	0.0184959112240589	0.000722315529171429	0.368945218445546
0.23403107905912	0.00755466233479424	0.00157765194429953	0.283169934218064	0.0562700029812571	0.00721578474986315	0.00297173714060154	0.00127778197530444	0.405931365596696
0.17281697599055	0.000725308883728111	0.00682919734257143	0.333883009078691	0.0697059799025052	0.00846801442267239	0.000136140040397967	0.000822117499916284	0.406613256838968
0.199517380670703	0.00291255548376441	0.00847276271576528	0.345313799438045	0.0741179371547076	0.00325092965445615	0.00111132756342437	0.0113383477240917	0.353964959595042
0.188014837311348	0.0126142226907708	0.000457381639382246	0.329689819223855	0.045722576396736	0.0353940473825565	0.000185280503333051	0.00128459384717886	0.38663724100484
0.164558625991418	0.0100157102161574	0.149860590340845	0.275435244265236	0.0575760345318862	0.00206404289780119	0.00607096641840317	0.00990587822682527	0.324512907111428
0.272765950307155	0.0109446062061198	0.00116139317159611	0.280070401045176	0.0266109493029556	0.0190686521784005	0.00130320535563244	0.0119940849167345	0.37608075751623
0.180703614686902	0.000813422207050358	0.0474787776423224	0.302738183903276	0.0663405433771626	0.0040522414271855	0.000342761255847234	0.0027935584829193	0.394736897017334
0.224012320526058	0.000819722342789727	0.000447752737133371	0.278237513466728	0.100521878113247	0.016715017796598	0.000440419707704609	0.00119916546613263	0.377606209843608
0.194842460565248	0.00143615469144418	0.00214543620365942	0.307404552712895	0.087041197246652	0.0146025705396877	0.000581710599062062	0.00261318875274106	0.38933272868861
0.195550568885274	0.000306893390211868	0.0353675545634786	0.309564814342535	0.0618961252493151	0.00442229050488042	0.000629532929634447	0.00133460823329873	0.390927611901371
0.229135941753576	0.00126878773389125	0.00200960867549809	0.285983846241365	0.0531959272087056	0.0259347906182991	0.0010219465134234	0.00052795525286644	0.400921196002375
0.173942172716695	0.0071348947046397	0.000627233592890978	0.336184442688321	0.0863575742934384	0.00280219328866748	0.00118493083794119	0.000674665503615644	0.391091892373791
0.243080330655697	0.00156517555507216	0.000419295366199984	0.286826023784724	0.0853593039730124	0.0264276156940744	0.00172103939273809	0.012578108863517	0.342023106714965
0.260889746988006	0.000499835932656063	0.00151931754812162	0.281689160450289	0.0577388783168071	0.0256460700008619	0.000638093751581181	0.00047072542776497	0.370908171583912
0.179774961069477	0.00318624371049165	0.00139355263350076	0.329150846712267	0.0611765320084699	0.0215234537531508	0.00164940320461259	0.000628363773414884	0.401516643134615
0.236217133287838	0.00311098655358428	0.000266136051112197	0.283252029497559	0.0802560161398179	0.0210488215004006	0.000106393088484947	0.00169736771361279	0.37404511616759
0.186225093216118	0.00544812637545866	0.00640369506166111	0.305714333089495	0.0342443541697077	0.00946335507936321	0.0144497926153373	0.00130236221526233	0.436748888177596
0.170078350169947	0.00114036323486801	0.00119393189282521	0.266403181651729	0.127488647173011	0.0360966433917445	0.00751790879892315	0.000426934781173271	0.389654038905779
0.280358549995748	0.000904647114700278	0.000554652312560319	0.25840535501279	0.0317293932218708	0.0337901065078401	0.00619219442676816	0.0039824644922899	0.384082636915433
0.172716456788567	0.0116838242087878	0.00103068745678715	0.331603179894007	0.0958155488844737	0.0156283825117266	0.000166375194978635	0.000542735553966675	0.370812809506705
0.257099139982271	0.00076191890176651	0.000350348359012177	0.268405179419899	0.0979556457838943	0.0217867152047055	0.000186779422778369	0.00209091670793918	0.351363356217734
0.243908959753299	0.00215749262387658	0.00239740261352506	0.304964503016543	0.0446175867932166	0.00423029665283908	0.000277041741087077	0.000594834562431976	0.396851882243182
0.228041983324586	0.000321730117938139	0.00108677788552174	0.295762875836372	0.11513492973801	0.00421595596305722	0.000430440838030479	0.000655644580339514	0.354349661716144
0.171193845589994	0.000269087668956888	0.00911819217330937	0.338112994329391	0.0737523655295721	0.00685613563597284	0.000549725646524308	0.00320617957420667	0.396941473852073
0.180018197215906	0.00122981973519772	0.000398582051753443	0.273976827277748	0.14709035469812	0.0164534578994219	0.000481776384643963	0.000713676824916373	0.379637307912293
0.245603049300649	0.000264135149047648	0.000182077499673586	0.288097393221353	0.0492563192009324	0.00441732083953959	0.000114958460148812	0.000249819776687084	0.411814926551968
0.180143192877316	0.00112935672897446	0.000500463501904565	0.317826285726316	0.0531446831801851	0.0355546693932095	0.000175192074717242	0.000537349497716629	0.410988807019661
0.257175551660243	0.000663774391326064	0.000266831530450799	0.281721809609215	0.0953085232852907	0.0161569897390601	0.000114164016941654	0.00191734781727953	0.346675007950193
0.210169325582752	0.00199193821243666	0.00104398425186009	0.306796137703027	0.0480891748857631	0.0197953759516878	0.000176834229843192	0.00804466621030531	0.403892562972325
0.213602781072392	0.00707178546321798	0.00327078808858493	0.278018266541794	0.0795331325788824	0.0151284625177769	0.0014402499687271	0.00369281155607168	0.398241722212554
0.256439718363179	0.00247130779507945	0.00128308175458915	0.289999729325857	0.0291390015931061	0.0134963114419224	0.00046338960502514	0.00051437648266396	0.406193083638578
0.214478744049009	0.0173460392533757	0.00116139487204536	0.295746681694315	0.0418971159503137	0.00869680056482499	0.0348450947793876	0.00188075020535221	0.383947378631376
0.203226602956599	0.0492987823120855	0.000356766912545204	0.320227980285469	0.0592939764190196	0.008895337565691	0.000481005784617075	0.000888997198251594	0.357330550565722
0.257707442109683	0.000753425029055678	0.000246855374753603	0.315069721653108	0.036753219096611	0.0197979089302024	0.000124447901693555	0.00114174722503049	0.368405232679861
0.227052194406917	0.0143435402806449	0.000465238710951761	0.322175620688999	0.0163783231950065	0.0192073462554023	0.00329411147610312	0.00189752905642594	0.39518609592955
0.215664756912775	0.000753362107442848	0.00181533781363136	0.326598305642458	0.0277983945172082	0.0230279400790648	0.000640685196182379	0.000855485791796995	0.40284573193944
0.215566861193347	0.000284053933652518	0.00205540240309075	0.297029872275383	0.125139875258688	0.000704395814788102	0.000218710642155376	0.00234551600931089	0.356655312469585
0.231260425777119	0.000702003020807931	0.00913518206164306	0.280700545346019	0.0939931855648678	0.0132406028110155	0.000602893176265474	0.00391328274230288	0.366451879499959
0.23652065158835	0.0141729052219343	0.000535136029750054	0.308094682958867	0.036849621489282	0.0343882722216285	0.000609375238713764	0.00142469351606388	0.36740466173541
0.217704186022206	0.000535752688055399	0.000381265933046523	0.2819094227652	0.0572181757798135	0.0161519182426441	0.0015756872288956	0.00338784516551334	0.421135746174625
0.210015984571487	0.0043842519988044	0.00382638585049954	0.256558786054394	0.194319029237497	0.00262790139110592	0.00749322627944851	0.00450768039736564	0.316266754219398
0.228012122373983	0.0409540787823979	0.000477030971228619	0.329769428567243	0.0377536556649309	0.0103030434141679	0.011619037514365	0.00156427755554862	0.339547325156135
0.229572084897335	0.00169906832968213	0.00455285504745677	0.297758288242895	0.0739323910098267	0.00702588971051911	0.000816787017548283	0.00274001226021322	0.381902623484524
0.222088982988762	0.00083591188251005	0.0150699337460903	0.271408681930027	0.102841926319832	0.00613034159551513	0.00349974350278311	0.0223296082693735	0.355794869765108
0.232500988096609	0.0479923120702706	0.000398432485192195	0.285338370249076	0.0372219016418981	0.0109860258364553	0.00264380913918528	0.000620082666952954	0.382298077814361
0.258732797067506	0.00323065120761963	0.000299429428038853	0.266046301609369	0.0805269076235487	0.0182899890738369	0.000146718017617986	0.00102544696410402	0.371701759008359
0.174984900505291	0.000279068212555608	0.00113248484101569	0.307776340287209	0.109013458328716	0.00209872639637589	0.000116780377212526	0.000363836179129645	0.404234404872495
0.173369497581047	0.000964796133120943	0.00110246048590573	0.330183915832158	0.0303463634108608	0.0221647868103792	7.48038496904203e-05	0.000844613018325508	0.440948762878513
0.239299864411703	0.00270390183540115	0.000233447791063087	0.295965142872269	0.0365753514441864	0.00937664699918649	0.00185217460875445	0.000445181298545354	0.413548288738891
0.161283506659303	0.0107886823765543	0.000304835298872598	0.364759042965032	0.0844985183503543	0.00697728413775937	0.00701832548146538	0.0005653031444462	0.363804501586213
0.20339417205776	0.00227844228207632	0.0065496627128982	0.313052182288317	0.0785504077742606	0.0135042238597781	0.00791362068118397	0.0108274879414879	0.363929800402238
0.205718603236358	0.0029819407551212	0.000663435117390734	0.341599930070919	0.0293052923290492	0.00631536559956824	0.0251744669246956	0.0109388159706123	0.377302149996285
0.228627123359398	0.0112300956348901	0.000607094885009	0.295614911272385	0.0671914344115924	0.0072248894315369	0.00801145145850894	0.00547306747298482	0.376019932073695
0.204454456463194	0.00199883205604022	0.000289880836029492	0.349436003645944	0.065402761365913	0.0264114154364117	0.00353423763474525	0.00107430835599939	0.347398104205724
0.235730884726791	0.028994070228473	0.00218559323846645	0.298293482905084	0.0393177065768795	0.00235933304246503	0.000583672608693508	0.00235947812023872	0.390175778552909
0.188049914699269	9.94577801240589e-05	0.00844320671830235	0.312575136641641	0.0305868191111788	0.000354849137119975	7.05215283083334e-05	9.20616408736484e-05	0.459728032743183
0.181939588235483	0.00252773679807449	0.0892201815762757	0.279486787274321	0.0548924622191222	0.0173493665289309	0.00687338516866085	0.0116766601774792	0.356033832021653
0.245762382362646	0.00406201960352776	0.000388937009825941	0.287358417688	0.0257788383442173	0.035571027799289	0.000743485680942896	0.00141939721854963	0.398915494293001
0.244901124576686	0.00135822185648817	0.000721975690502895	0.298953341360008	0.0282477755207588	0.0193741724873526	0.00260190357829161	0.00160692962620224	0.40223455530371
0.192723772206299	0.000417761081898325	0.000636526749084703	0.324191374991358	0.0310311248980796	0.00597546539633386	0.000577503460067863	0.00125049632140564	0.443195974895473
0.210697386407873	0.000636072043930458	0.000394966880543609	0.310517358405976	0.0588161378100103	0.00903009771476217	0.000214279470060756	0.000549844801485736	0.409143856465359
0.153228785910712	0.000351433972515195	0.0131879222561058	0.341072773771025	0.125972666956961	0.00645395600980432	0.00349741890641845	0.00416116449905322	0.352073877717405
0.1711989215312	0.00168774588700817	0.00164070106854461	0.335043051333016	0.0795233202914589	0.00278968285892461	0.010417280938431	0.00301365775719404	0.394685638334223
0.183370044799569	0.00123967284993149	0.00553832307652283	0.330660719255843	0.0327140843382314	0.0196431483749532	0.00169413185153893	0.00839721360292953	0.416742661850481
0.143096100911845	0.000612046354105689	0.000292556810423058	0.362691475193185	0.0655147757806995	0.0195212874004542	0.000209502727414152	0.000333311228030874	0.407728943593842
0.237954125633088	0.00363939295986712	0.000404512680455289	0.290213859144628	0.02180956082824	0.0331429900903104	0.000148328776503599	0.000688635710713368	0.411998594176195
0.1417225621274	0.00492695020626364	0.00271517150017283	0.335574029243853	0.0558805261675986	0.0169242997205682	0.00018429129520836	0.00243302651138911	0.439639143227546
0.194039201437177	0.00161692939630439	0.0237070408904534	0.294224221858549	0.111261688910625	0.0177694155354917	0.000867011064822605	0.00748254005533044	0.349031950851246
0.223117885154121	0.0149076564495017	0.00208632851994039	0.320930179838749	0.049493619726535	0.0129904126323998	0.00523527463187175	0.0155923968286244	0.355646246218257
0.194071117298731	0.000721560498229336	0.000323612138414085	0.311788175205345	0.0747970527946742	0.00246847768181457	0.00531880584216143	0.00123495788093409	0.409276240659696
0.229672277764016	0.000946298326746695	0.00164316430867657	0.307813286612869	0.0639643318080595	0.0116500918053503	0.000288823943845987	0.000939893430661236	0.383081831999775
0.239498474004699	0.0012477041675895	0.000749514140216061	0.249335291618279	0.107829333105446	0.00326146060151808	0.000537237733894078	0.0019548471918718	0.395586137436487
0.247603558187609	0.00177723866080234	0.000841464732984236	0.33638701894485	0.033050384862783	0.00268442759044988	0.000164293630541261	0.00166724817398489	0.375824365215996
0.196719496927547	0.0422544245761588	0.00050574118974168	0.315173744570563	0.0271843126410874	0.00246705940089789	0.00183676781027243	0.000335011358982756	0.413523441524749
0.138380978696913	0.00147993032947181	0.0268519936752206	0.340290860292627	0.0929714433605457	0.00687759321987311	0.000399979810953575	0.0290248946533638	0.363722325961031
0.195159187581062	0.00366002943359558	0.0120702780383379	0.28831192602834	0.141001901618058	0.0331356805108585	0.00113830836370204	0.00445175338059321	0.321070935045452
0.307425493576531	0.00287082002647893	0.00058192410146655	0.266626164498121	0.0543447984248625	0.0235266545687989	0.00847038697749137	0.00443784166770007	0.33171591615855
0.214609905426034	0.00531396552976587	0.00102664220277925	0.301165656357902	0.0991681858053381	0.0151382338008625	0.000169286268164268	0.00106342872590983	0.362344695883244
