Bcells	CentralVeinEndothelialcells	Cholangiocytes	Hepatocytes	Kupffercells	LSECs	Mesothelialcells	PortalVeinEndothelialcells	Tcells
0.000161136089391505	0.00223551239114494	0.0508644682234079	0.830227711638228	0.051804416702138	0.0349727604110518	0.012024687786551	0.0140749036351712	0.00363440312291547
0.0254042383867338	0.0186675686692906	0.0622571986723021	0.843856566449244	0.0180334683897121	0.0132259852573027	0.0150884755566784	0.000940475644091423	0.0025260229746446
0.000504242808335287	0.00114689277089138	0.0629721792290778	0.792132668989765	0.0828726574530276	0.0230087332838781	0.0127534323722319	0.00822392579973192	0.0163852672930611
0.00165290800368575	0.0141834625444658	0.0474652303487048	0.850552435765809	0.0281670945896601	0.0272751712180547	0.0114349497577615	0.00497071088624474	0.0142980368856133
0.000390633408441344	0.0139530661400504	0.0602357344138877	0.82181079079573	0.0385840590657674	0.0114838960133353	0.0142498966256898	0.018268009963854	0.0210239135732441
0.0115713491764594	0.0226019110194586	0.0538616584144208	0.825188659766605	0.0382673826633713	0.00610776277200046	0.0125118377190848	0.0102822762947551	0.0196071621738443
0.0374579711893397	0.001768375541026	0.0805576833457805	0.776288237301188	0.033201991908247	0.0204904684695439	0.0181203469719813	0.0223926756657761	0.00972224960711733
0.0123186126084045	0.00576871741851997	0.053495364094984	0.825948278936432	0.0402069064114033	0.0306191092324369	0.0106798693983648	0.000898156315915373	0.0200649855835387
0.0422108850860742	0.0176637572140373	0.0611247139879022	0.791683465662784	0.0272059823557161	0.0350079772266712	0.0124840727552375	0.00339574866524013	0.0092233970463378
0.0133973628926846	0.0365904793453913	0.0520418178451886	0.807193353086485	0.0433329779156611	0.00970542644265107	0.0162442586742895	0.00794879452691901	0.0135455292707294
0.0137220025472804	0.00213174249518378	0.0647755038027196	0.814839762115893	0.039117665604557	0.0399181288804546	0.0109840102387528	0.0139738880287573	0.000537296286401642
0.000209232414747452	0.0520839321891926	0.0443500154942149	0.846158641257652	0.0221236563222526	0.0135059497573557	0.011795493111402	0.000139544756191413	0.0096335346969915
0.00208839206019901	0.0078726992602437	0.0630250765892235	0.868966262266554	0.00992449528295117	0.0276266161807629	0.0119103723503361	0.00395593547184447	0.0046301505378853
0.00296411692995129	0.000960774891871937	0.0992128163802185	0.782317525791595	0.0181643956002167	0.000198763416421717	0.0220676089625189	0.0608328395490465	0.0132811584781593
0.00272225677234342	0.0426650482524049	0.0615587072138286	0.843232079602869	0.0113119199831882	0.00486835582939927	0.0191130249833559	0.0132467729152497	0.00128183444736151
0.00589505301470632	0.0456961956591787	0.0520677397841859	0.850538329558666	0.0176406806612935	0.00330024830817785	0.014980381038799	0.00112728874358333	0.0087540832314099
0.00030057499150757	0.0141924659226319	0.0556787525808567	0.838561021889572	0.0263256081372301	0.0164727511328595	0.0150204380253455	0.00945350668837579	0.0239948806316208
0.00372157899678417	0.00354233277738094	0.0612603311324854	0.85504389092438	0.0282214266123353	0.0312821271471847	0.010674014256929	0.00123745280228663	0.00501684535023328
0.00255931106558725	0.00187350108597726	0.0563893766036679	0.799188943709956	0.0270942907330319	0.0288632917543497	0.0114626218522648	0.0185019842989436	0.0540666788962218
0.000981132977320915	0.023684414579379	0.0639071670223935	0.851276535574486	0.0130060774105488	0.0123188733995523	0.0173459875622853	0.00077787954005863	0.0167019319339756
0.000284643688131955	0.0035099036915442	0.0585670563274948	0.807254610617763	0.0431313514367113	0.013843834931502	0.0124176333522625	0.0157047108570458	0.0452862550975449
0.00693471754895661	0.000813819334388552	0.0955178752034962	0.818044885866109	0.0205359763260208	0.0372790510354042	0.0138272457103429	0.00143502267546538	0.00561140629981596
0.000834825422577772	0.0138023704602045	0.0731719873991202	0.830906623555966	0.0402294189845231	0.0150907334069767	0.016136668532216	0.00086068723936075	0.00896668499905473
0.000553565825684011	0.0303253908052215	0.0583716860924677	0.833884044595747	0.031960472821915	0.0214639281786274	0.0123938040691447	0.00285747520593803	0.00818963240525468
5.7480570063362e-05	0.00191603865643484	0.0585424686655024	0.837618000365862	0.0325933785050385	0.0251387846861886	0.020934073324719	0.0149823217375525	0.00821745348863911
0.00129023094355923	0.00851755925763659	0.0526390186277088	0.820864070340559	0.0256756292803369	0.0547038884243106	0.0125093915794354	0.00124223417140405	0.0225579773750498
0.000173903474319031	0.00606680412244839	0.0606058697038817	0.820343324292319	0.0385193809942328	0.032814520032863	0.0146082592455489	0.00127316339638385	0.0255947747380038
0.00371487700582863	0.0120999595549091	0.0510793543586325	0.790301750021621	0.0705345665705348	0.0108860885309314	0.01295160169092	0.00966633082590079	0.0387654714407221
0.00306289418999811	0.0197043993563337	0.0517568478207336	0.803088599655445	0.0622505581663923	0.00379564111576954	0.0134370933624001	0.0108799385706075	0.0320240277623207
0.000150158402688138	0.00036155871230996	0.0674297493347355	0.827057823425219	0.0451165568089849	0.0448232368984787	0.011076911849358	0.00303426353220841	0.000949741036016971
0.00377336170020712	0.0236678539367229	0.060814308678927	0.843636294908801	0.0213170021754025	0.0205874609038336	0.014951955347571	0.000231979087949379	0.0110197832605861
0.00161887354260181	0.0108067259429657	0.0621754448402088	0.847056125525868	0.0322668532313857	0.0244831632235681	0.0136472218517643	0.00736071217126229	0.000584879670375157
0.000180669195266214	0.000958549193753019	0.0572297097810374	0.834323997846938	0.0407243540512424	0.0299043256053046	0.0150174514472113	0.0118190459299228	0.00984189694932396
0.00972058289660405	0.0222281614303198	0.0462612973651316	0.718367223188955	0.0652605988626628	0.0296870397027117	0.0184565862163774	0.00260532476756517	0.0874131855696727
0.0181152446299551	0.0135033251603397	0.0676253864628617	0.824658989996713	0.021968791344989	0.0270935610885984	0.010751438992169	0.00072220770993459	0.0155610546144395
0.00289567250686864	0.00160138155087488	0.0524598937727839	0.831065819804124	0.0410308637378472	0.0460664997727302	0.0118636171558167	0.0011820176171302	0.0118342340818238
0.0076280283887689	0.0205829038663643	0.0664642050649407	0.831503033446362	0.0422770370806263	0.00730577598074899	0.0100323429485886	0.0132919678379995	0.000914705385601037
0.000238618515582295	0.0198652496960863	0.0597089327950674	0.858265801116653	0.0109457252003741	0.0175299371867365	0.0103791716477429	0.00919534137736059	0.0138712224643973
0.000766584050325479	0.0272701931748038	0.0624562441547337	0.84559171257792	0.0155957506805716	0.0255448677321443	0.0134302272285831	0.00103819807136837	0.00830622232954973
0.000931270171750294	0.00373825617348276	0.0527062862664734	0.84470247232869	0.0285760380649344	0.0395074473534379	0.0151544312989005	0.0031062248709557	0.0115775734713754
0.000418883419489317	0.0164820471682048	0.0788113659234158	0.811871990720363	0.028402276438689	0.00621048657524355	0.0181689423676748	0.0358806232898547	0.00375338409706465
0.00145255934951246	0.0142807650839447	0.0617852365043593	0.837882935458321	0.0251657092472145	0.0291156302154691	0.0116225846207646	0.00608370448264947	0.012610875037765
0.000118675383615669	0.0104886385228404	0.0572488171491492	0.868112355428442	0.0156405301214193	0.0160278739108532	0.0116404989648355	0.0134667537321454	0.00725585678669939
0.00569608435822786	0.00412431775427247	0.0549622227459767	0.817073710245068	0.0565564018068786	0.0249114940278241	0.0175640914282928	0.00785463816971919	0.0112570394637399
0.0206732797153734	0.00306440360066962	0.0588206751643499	0.866724597590666	0.0200044583250887	0.0133141884947637	0.0143315958087475	0.00229560411543221	0.000771197184908898
0.0117206573180314	0.0333913350556755	0.0559706908854186	0.843286796641856	0.0261682704758229	0.00715609875901489	0.0121296247024708	0.000817307673052473	0.00935921848865752
0.0270008478771314	0.000381627487697933	0.0555068433443444	0.80482538781489	0.0318247880929066	0.0467762186308394	0.00810133066361057	0.00198982085040694	0.0235931352381731
0.00287934016165322	0.00542065369719555	0.074567153779999	0.81809344311404	0.048738279560471	0.0295364562043503	0.011733616888105	0.00282320728768549	0.00620784930650095
0.00120819823336786	0.0118614706384798	0.0580269031866986	0.826568049886676	0.0410742969440321	0.0132884025094533	0.0121927259574022	0.0125841544593534	0.0231957981845369
0.00301562032813853	0.016589669012114	0.0563959138105124	0.835637101490272	0.0338374226826413	0.0310348185304771	0.014188490602824	0.000372340345938779	0.00892862319708152
0.0162024997540666	0.0112055234821621	0.0579603383958416	0.813094242811432	0.0501543427396234	0.00955453677227711	0.0118799977410754	0.00978778357411388	0.0201607347294074
0.000422504179858818	0.00645528576918732	0.0798070713300736	0.836148007809803	0.0314456700661165	0.0120618469939057	0.0154018557450756	0.0168308959747636	0.00142686213121564
0.00375000694523062	0.00396928980177655	0.0746200283085705	0.832614896318115	0.0340678046653818	0.00179924565355355	0.0134828876584094	0.0247338839628659	0.0109619566860967
0.000289018463654904	0.0307695714232729	0.0501602859358305	0.83559486289492	0.036852437931058	0.0193395958911618	0.010627320194795	0.000387020468823446	0.0159798867964834
0.000971622484147066	0.00496524078691524	0.05541978134586	0.864260283868662	0.015926130820137	0.0323942368940858	0.0181197661206142	0.000946489275205113	0.00699644840437325
0.00265451014014639	0.0021433619178569	0.0644146352767708	0.846772422579879	0.0185899507570367	0.0282894793598121	0.0109335297524736	0.0122473148254979	0.0139547953905264
0.00139143629205124	0.00304606215833242	0.0598721148642529	0.841634168743581	0.0300631304890073	0.0245958206438298	0.0105774167072998	0.0120432527025465	0.016776597399099
0.00118817963640989	0.00244842712883803	0.0632964929090414	0.853852146390506	0.0345592382630642	0.0253039263143447	0.0128028191168583	0.00522571588422431	0.00132305435671312
0.00998205234735981	0.000867152980530353	0.0548375886392839	0.853333284029184	0.0121890644091689	0.0561874824103213	0.00975990239421085	0.00103825205531115	0.00180522073463017
0.00339043235369386	0.0104196365749371	0.0631743207156436	0.855670649499922	0.0216141503344514	0.0269839641509057	0.00888517023623759	0.000304897450446752	0.00955677868376161
0.00763194091856693	0.0284299493879121	0.0609053353837613	0.853838053357603	0.0252297160917386	0.00335053654304972	0.0130030835469541	0.000625353536117272	0.00698603123429662
0.00375557534375159	0.0248862542332387	0.0479326652964703	0.837692452479709	0.0196692871028984	0.0273539906972745	0.0161804489961549	0.0101867549458827	0.0123425709046196
0.000473382188618193	0.0455885237399817	0.0606724750705047	0.847190046126507	0.0176676624564399	0.00376167008837756	0.0178136822179623	0.000584848886847782	0.00624770922476092
0.000976945948063685	0.00993987315906583	0.0546841602653158	0.865477323966797	0.0266950088806532	0.0287235154399243	0.0111373160922701	0.000740833900170653	0.00162502234773935
0.000792118541207281	0.000244509857704496	0.0721527465969358	0.829717540103847	0.032296314807823	0.0360531290972904	0.013110306566974	0.0107188490903151	0.00491448533790258
0.000173438682013801	0.0309481881480654	0.0604759557004477	0.848908489860121	0.0207856692077027	0.00375577497551768	0.0166106085007552	0.0176287958497846	0.000713079075591517
0.000175284814984286	0.0228869034751173	0.068571179316771	0.862986155561175	0.0189963221781976	0.0073006920895186	0.0146343217157426	0.00192769274237636	0.00252144810611709
0.000736842964436234	0.00437020207364559	0.0598757029964796	0.85112609764815	0.0271496181981833	0.0148898816223763	0.0126810873377687	0.0192644330307889	0.00990613412817113
0.00542976622792822	0.0235093668945677	0.0873953675445633	0.818339459200093	0.0195695204848856	0.00220466946548871	0.0200251605049274	0.0229727137284244	0.000553975949122154
0.00741608667043129	0.00849899628949725	0.0517314441832144	0.824538312295792	0.0444943555397377	0.0445952498186973	0.0147498847949168	0.000217105882531329	0.00375856452518154
0.000940583184853852	0.0358193058027243	0.0609580796301154	0.857669967180816	0.0201333280681718	0.00347079438313575	0.014558219895485	0.00403967602632303	0.00241004582837452
0.00594234821015412	0.0011239936080383	0.0562198772269796	0.812163192983363	0.0413617678364336	0.0348444878865931	0.0112500044832253	0.00447423115738104	0.0326200966078318
0.0320239418899966	0.00274578806991573	0.0511018857924951	0.8055826482036	0.0475874030668089	0.0389260920774727	0.0130109071621301	0.00320830739207119	0.00581302634550997
0.00114931678555952	0.0193460123693558	0.0452005702459639	0.849399421508213	0.0331489669028065	0.0267958282341835	0.0146586283579919	0.00517192299689623	0.00512933259902946
0.000874510648229786	0.0132417917652693	0.0532314986078393	0.854566400774523	0.0214002095733961	0.0289371312192523	0.011516673210343	0.00528736250989485	0.0109444216912524
0.0186789891466408	0.0283027012092553	0.0397713275606886	0.847749634014317	0.0387854971546883	0.00753278662919848	0.010649263135148	0.000461026757606604	0.00806877439245672
0.000960342941107536	0.00105876741360919	0.0630036280028468	0.857675449981317	0.0247183579097985	0.0290175944849694	0.018448794944427	0.00470454656396369	0.000412517757960626
0.00147278736040868	0.00217171686993832	0.0614770153912872	0.824439268027944	0.0370790892710052	0.0342332281695794	0.00888564971541021	0.0253410466498254	0.00490019854460116
0.000760961862029822	0.00297852375193754	0.0569895194567601	0.833984712349701	0.0330013363681462	0.029160954068286	0.0119568604344882	0.0186715234730073	0.0124956082356441
0.00177958647245388	0.0594584909854925	0.0510657113492915	0.833790385355052	0.0212702321120766	0.00553549840066919	0.0183111196294871	0.00190962792601307	0.00687934776946467
0.000724463339613093	0.00246557755832695	0.0580082358774913	0.833789776448351	0.029961845137203	0.0315581502121711	0.0129775023788808	0.00506809164116529	0.0254463574067972
0.00150087910527501	0.0239965664520558	0.0589849854231242	0.841089850611274	0.0206023791520598	0.0199918488937326	0.0110614438979494	0.00974049868543135	0.0130315477790981
0.0209605156783852	0.00319359200400632	0.0650620127345876	0.79276417639747	0.0240532188666983	0.000836809089755001	0.0230062296804588	0.0397980485916555	0.0303253969569833
0.0250876148344327	0.00210493691715119	0.0566021661383357	0.812196309030359	0.0405176399864506	0.0311127205254879	0.0147133706212161	0.00677654926388006	0.0108886926826867
0.00192961239359018	0.00154939176038851	0.062587755276276	0.797245792833023	0.0589647324270349	0.0397958638636198	0.0125900562103696	0.00140143219416299	0.0239353630415352
0.0153103959474604	0.00788949348205886	0.0516498436778478	0.824252285972215	0.0410104209002028	0.0439201802675363	0.0148519024943114	0.000505920884482088	0.000609556373885111
0.0955696711851385	0.00899048413714205	0.0748106757459779	0.732989156156601	0.0303288716240527	0.0114055745940071	0.0178347802008001	0.0082490050948815	0.0198217812613994
0.0020966006697902	0.00705353278468348	0.0569632724895184	0.791945861727086	0.0615678276827757	0.0138160823160859	0.0102321128722881	0.0101979058156829	0.0461268036420893
0.0267923228433299	0.00966272742400021	0.0668951063283985	0.83021240357553	0.0188487030868285	0.0155717844973929	0.0123013294136582	0.0169433988217461	0.00277222400911577
0.023987175732899	0.011432892287721	0.0661012439405803	0.835839011479688	0.020026590625816	0.00781948417644134	0.0126786013495933	0.0106624485019871	0.0114525519052736
0.000225214093088953	0.0204235454694197	0.0580418739055659	0.850347530455891	0.0270907365741021	0.0131763403813227	0.0166530782349793	0.0057480208260143	0.00829366005961652
0.00112159792798697	0.0203659614093003	0.0567953905474637	0.860129408419014	0.0150201715069844	0.0236376490577811	0.0140842134411505	0.00462379139729198	0.00422181629302676
0.000374434432893325	0.00279713247435243	0.0539308641758906	0.828860754257439	0.0274613076751593	0.0384525207951266	0.0154745686881213	0.000275718027181937	0.0323726994738361
0.000470155873798808	0.0397383489834979	0.0493139795241424	0.849438353664776	0.0159375188089357	0.00274814667663757	0.0117622169361481	0.00496234614400403	0.0256289333880594
0.0294130890113421	0.00437262223207859	0.0604067033536673	0.824161980306248	0.0216386436508094	0.0418390295995719	0.0127658291443984	0.000678603743772414	0.00472349895811189
0.00589999004183724	0.0311786079950186	0.0554013912569453	0.853552696266143	0.0176984920987524	0.00942339891430981	0.0136938441179291	0.0105193392045351	0.00263224010452982
0.0176069950312774	0.0171435936142364	0.0510171209827302	0.811633072470129	0.0644488366777948	0.00842354026016165	0.0165419637068545	0.00578710388048196	0.00739777337633438
7.18443987310075e-05	0.000424111406694966	0.0558919269333765	0.818691536243318	0.0378073352680467	0.0753514813959853	0.011334373226256	0.000298176773893662	0.000129214353697784
8.94325278584439e-05	0.0474941863788127	0.0652586577046899	0.833507411491739	0.0253065853244792	0.0105925814290108	0.0156997684397522	0.00167652945840178	0.000374847245255402
0.000201311524223025	0.0100080891484316	0.0643906479526393	0.836682044450209	0.0169463159667729	0.0306378688669247	0.0115985831674215	0.000772550875705315	0.0287625880476723
0.000563839854317741	0.023968930920662	0.0626889061696498	0.84032166918033	0.0280056921248368	0.00373293513118528	0.0103332258694574	0.00720132970440864	0.023183471045152
0.00340804290330127	0.023922210581422	0.0507673188500767	0.837725314663418	0.013880006789579	0.0072595862929051	0.0124159208024438	0.00773214342882425	0.0428894556880293
0.00101766049535231	0.0262009949904912	0.0623290051628008	0.839585007711765	0.0254320725400811	0.0224774107988125	0.00949244603445566	0.00447506660728441	0.00899033565895671
0.00640277442738583	0.0196377199678962	0.0599549432420599	0.832523039147075	0.0249436677093717	0.030337227628501	0.0156640517029559	0.00367086967320129	0.00686570650155321
0.000253671667271127	0.0378317212646172	0.0555454227916203	0.828662145170199	0.0502357201063458	0.00290469465539228	0.0167423550048484	0.000928983402639301	0.00689528593706642
0.0144752356781022	0.0257320123758913	0.0635331576687747	0.828581091256247	0.0248505452720119	0.0251864370394656	0.0136568484065309	0.00139714136714012	0.00258753093583647
0.00139991440674777	0.00142000999381252	0.0570480410566519	0.864748581045899	0.0269430474774637	0.0201961131530271	0.0147906593481133	0.00987910460666679	0.00357452891161747
0.000464393078279026	0.0200093509409581	0.0635265273259926	0.82581053578022	0.0495095171521531	0.00998540119248154	0.0143236858324639	0.00871031600017605	0.00766027269727553
0.00219927226982867	0.0561259603014541	0.0630557516682844	0.738829992751983	0.0307493547062453	0.000138321387787089	0.0366698282721966	0.0508533449327068	0.0213781737095137
0.0224512758919513	0.000883434211933039	0.0573853802200298	0.847791477043507	0.0136939121595503	0.0387322521109689	0.0128977242113181	0.00198994423686399	0.0041745999138775
0.000155253328001856	0.0518522227727701	0.053472554076806	0.848620581068877	0.0175803876614357	0.0023029849748502	0.0188584423127837	0.00681623116882009	0.000341342635655048
0.000317094375267011	0.0243641149252744	0.0590246992344618	0.852700616732258	0.0247565452236639	0.00831531513896806	0.0104472372818993	0.00512535060515393	0.0149490264830531
0.0031738051980907	0.00114108146035884	0.0630370737041288	0.842754475415138	0.0259289888066197	0.0350205218134949	0.0142166008693223	0.00430102666753583	0.0104264260653114
0.0202259244057187	0.00894637499296281	0.0799845435107119	0.79912536291121	0.0159707307029376	0.000586802877405351	0.0188539393959888	0.0559355312452505	0.000370789957814606
0.000103754926473554	0.00386317954810223	0.0708185600300801	0.814219114935317	0.021154080908588	0.0446161969237887	0.0106708405901394	0.000875325788310807	0.0336789463492007
0.00174931574180797	0.0499954358024297	0.0544966277343103	0.837754551182584	0.0252182306208264	0.00411021622627622	0.0154041019379495	0.0043394839020601	0.0069320368517561
0.0556222829252777	0.0160121934529511	0.0523762680039789	0.787066908853417	0.050666672603899	0.0104592839349908	0.0128851252058039	0.00462712992224745	0.0102841350974347
0.0066973149496374	0.0130042368003611	0.0591328641336828	0.827002172603425	0.0280034102538626	0.0233350665787518	0.0152354976112808	0.00271918386864906	0.0248702532003498
0.000414929485109298	0.0119242709290862	0.0659686699051355	0.847681453849725	0.0305764288430555	0.0257174562754104	0.0136757658683822	0.000293142177982705	0.00374788266611349
0.00400635867328152	0.0104818677028069	0.0593728037775218	0.832518240469404	0.0310113812354876	0.0313776542939016	0.0108871166211677	0.00953663198844181	0.0108079452379873
0.000346567969325842	0.0255868480098606	0.0558372564234483	0.837512792458203	0.0242684953508388	0.0121221941714196	0.0161575676702957	0.000655318884415126	0.0275129590621936
0.00543727460998678	0.0235880660657821	0.051486192403009	0.832756585721947	0.0510357791104093	0.00480297609257481	0.0148404040904189	0.00444933567229668	0.0116033862335754
0.0162408621161873	0.0297884407296831	0.0649843107683911	0.809004616596377	0.032784893415891	0.00733547886529142	0.00841692754347306	0.0169729656304195	0.0144715043342872
0.000129576523733795	0.0386425667514412	0.058328272334361	0.865296601073198	0.0176387943072833	0.0082845764162389	0.00936308185116414	0.000309516436019613	0.00200701430656069
0.0269200798967904	0.00459845471255883	0.0553052164757572	0.814186565714183	0.0265163626938239	0.0293850256060837	0.0140598057450995	0.00476862604848816	0.0242598631072156
0.0011226974062356	0.0229254382161049	0.0529998397670747	0.842593010682078	0.032601226053918	0.01572150328794	0.0122851708992922	0.00152596535165729	0.0182251483356986
0.000234433845116538	0.0582285562065386	0.0592494381058585	0.838963869936401	0.0155985851598965	0.00391737187794332	0.0161796888962874	0.00411487875924727	0.00351317721271071
0.00419103565262774	0.00519526737235586	0.054869072992571	0.853639808936617	0.0334396379291504	0.0219430469844639	0.0128014845365398	0.00825989539473495	0.0056607502009393
0.0821956557545299	0.00363995242425459	0.0523766510434674	0.805136284627393	0.0125796309700784	0.0242373238589487	0.0102678699480192	0.00128275840090207	0.00828387297240642
0.000781901772931234	0.0149776091288652	0.0661764543894748	0.846780090725011	0.0184743920629179	0.0365166829257526	0.0105398049438448	0.00112828797792521	0.00462477607327755
0.0116687259284904	0.00295483368819365	0.0543035439707435	0.802669259999275	0.0630756668161542	0.0389782586683623	0.011511904924297	0.0126572804251949	0.00218052557928892
0.000849578124451413	0.00336431309903519	0.0766754434946002	0.815791137652344	0.0294130335498994	0.0123801688506599	0.0148085186604848	0.0286809263932017	0.018036880175323
0.00770100400983288	0.0150344635858982	0.0605865130691217	0.819576955791333	0.0278197899244658	0.0256270203327943	0.0132184643604972	0.00145053137703266	0.0289852575490242
9.03370416196201e-05	0.0151957314568641	0.0580746018862256	0.851205221020464	0.0151229479617835	0.030578144636859	0.0121405160865442	0.00402804181246362	0.0135644580971764
0.000241074937936173	0.03585727102655	0.0520997604999268	0.841783021832611	0.0120840838407975	0.00917869235235907	0.0154787763820205	0.00291933988979633	0.0303579792380022
0.00209565798361174	0.00411991377487529	0.0591601045604654	0.845466091923032	0.0296672977116931	0.0368591902174857	0.0100205618542588	0.00517413492024362	0.00743704705433442
0.0234892272431058	0.0199090697567918	0.0453097866537865	0.800413711529762	0.0421556059720563	0.0320701830441263	0.0107430801748436	0.00711520339036097	0.0187941322351666
0.000407927298105191	0.0433322324376015	0.0583676002671213	0.842102549579335	0.019975787643171	0.00207801626212176	0.0153068809105347	0.000287484462077346	0.0181415211399317
0.00063683684526351	0.0207694313424793	0.0513082041335933	0.864830711778158	0.0172172197486284	0.0237108527810307	0.016192578571075	0.00072345729464875	0.00461070750512337
0.000613277734851628	0.0185546094706769	0.0574035724467181	0.858108863302027	0.0366176930173547	0.0101818914356015	0.0133574472996632	0.000394760983064053	0.0047678843100428
0.000309226211233384	0.00152272042344252	0.048602865296954	0.844123280584214	0.0357017969941079	0.0353906937477133	0.0127641704212172	0.00108383692792881	0.0205014093931884
0.00362353858326265	0.0036185273798236	0.0505457063621102	0.842257290472074	0.0389435927479473	0.0386653288591358	0.0125735113553167	0.00107621116305382	0.00869629307727626
0.000283228917150563	0.000659967558162459	0.0575181365140983	0.816410764459362	0.0763882220738633	0.0368035096727008	0.0102648091946712	0.000370492361215987	0.00130086924877513
0.00365292508684115	0.0193387923079684	0.0464628508640585	0.836483184406823	0.0423596988811668	0.0205712372999874	0.0144557708941775	0.00910329513085895	0.00757224512811864
0.00934907553092107	0.018443169227673	0.0715959674314487	0.831463849541103	0.0216465020482108	0.0205857612809085	0.0153244598805956	0.000301081693272931	0.0112901333658662
0.00123627158193308	0.0188573495455719	0.0575148580108804	0.813626985313023	0.0503410957246966	0.00955788447760985	0.0124112593955559	0.00412188764406042	0.0323324083066686
0.000120902667526645	0.00234718700011214	0.0685463133230288	0.856430454796884	0.0327594812742288	0.0252742532223207	0.00888919114946069	0.00161048032362156	0.00402173624281723
0.000700272334941761	0.0322199446744722	0.054477700263606	0.849307998836736	0.0243948008101994	0.00587067508812963	0.012514363874324	0.00124588401864022	0.0192683600989506
0.0154324243461732	0.0257975606926163	0.0445952056559315	0.823258104351287	0.0299488378077223	0.0200341173978834	0.0125937966140764	0.00178066666024577	0.0265592864740641
0.00210117500654046	0.0474858814126122	0.0524641652966848	0.826366666484079	0.0322647127013499	0.0058004600029115	0.0126393052207446	0.00350978849999857	0.0173678453750786
0.00123524975431886	0.000560800099811578	0.0719018159704344	0.843359262721029	0.0204333121805011	0.049364009954355	0.0101662524920578	0.00260896620127607	0.000370330626216368
0.000253296446867233	0.03504374334939	0.0532987874396343	0.840260648418201	0.0179463430517981	0.0107199360068698	0.015057366956252	0.0114580202101669	0.0159618581208203
0.00132504998793976	0.00306446203716072	0.0596616797807435	0.859735560634899	0.0252100381172003	0.0226850395542448	0.0151192371559369	0.000724150308104586	0.0124747824237701
0.00124305526617375	0.0391599210926994	0.0482407679931839	0.852432396318499	0.0149407922164157	0.0107276210084251	0.0130462728906481	0.000545131652707735	0.0196640415612474
0.00242938598905689	0.00736820655931829	0.0614961233515131	0.840651253640386	0.0258294190252175	0.0282510462908295	0.0149563315291183	0.00327470553797551	0.0157435280765846
0.000254901070557819	0.000848674802593502	0.0555355172216943	0.790848381260611	0.0673400143780674	0.0440441534742899	0.0123449534905257	0.0140837644107287	0.0146996398909316
0.0131144386665525	0.0056352493921618	0.0568492570630528	0.838071731689557	0.043463721521878	0.028811069518308	0.0103558849025329	0.00109216114289173	0.00260648610306577
0.00451313875409775	0.0274580469356324	0.0538983523619194	0.808154009851245	0.052766631641447	0.0222460878785563	0.0105974390709485	0.00122326408054762	0.0191430294256055
0.00391072941604152	0.00771053319191328	0.0606927187415011	0.83810661702171	0.0387514023960086	0.0257588050840872	0.0150604795896185	0.00337579353325038	0.00663292102586985
0.00024048922329175	0.0101852230096683	0.0676638940597727	0.84690778321956	0.023644970331804	0.0375444184763956	0.0109544192782185	0.00134399400864448	0.00151480839264473
0.00725025964553155	0.010381220349647	0.0562608391448354	0.803453103156546	0.0385373942453602	0.0519512891422488	0.0111495246131189	0.00220876949759256	0.0188076002051197
0.000269341631506171	0.0289375398248143	0.0456236692065483	0.838174960352679	0.0472429853205517	0.00427678161540969	0.0156228653310524	0.00154555166009211	0.0183063050573461
0.000140797729323094	0.00626197157784583	0.0633893431879538	0.854101114002155	0.024795374321344	0.0122264837831328	0.0149223390523541	0.0130938709831564	0.0110687053627354
0.00044930382596997	0.0107970490736119	0.0591411051199533	0.836594590821915	0.0212653200881831	0.0317194882916623	0.00983532248773821	0.000632817749660695	0.0295650025413052
0.000382764628567592	0.00307627093902203	0.0588338493235901	0.846389202282275	0.0405574403516845	0.0188905740043143	0.0133855342838715	0.00980868517568778	0.00867567901098672
0.000464072075795397	0.00439170160563366	0.0490639514616011	0.825903853381018	0.0524489668704544	0.0305391556824319	0.0112614805303949	0.00556291251466527	0.0203639058780053
0.00332279235797342	0.0368265401799672	0.0541379637257875	0.809624289994186	0.0196406709216937	0.0049602665855004	0.00925952224203135	0.00520828786872553	0.0570196661241349
0.00522718132519817	0.0144311303046173	0.0767427650189235	0.83309619918945	0.0334904611498759	0.0209543710865343	0.0138091964705593	0.00150040674077164	0.000748288714069605
0.00936464692698716	0.0240721184154642	0.06122323427624	0.827318604762122	0.0379915625741663	0.0109715987790152	0.0146078138200971	0.00330802121713273	0.0111423992287752
0.000263209254267731	0.0328084842245363	0.0512566929665019	0.829520980107833	0.0290261889198433	0.0121259040424943	0.0131556855902492	0.00443817180045515	0.0274046830938185
0.000934129606895874	0.0309692539507777	0.0544115262588111	0.820971940651461	0.0726940706495044	0.00633230097848873	0.0122618037460774	0.00023665939715551	0.00118831476082835
0.00168024095543258	0.008891111484242	0.0650063476858678	0.855570252031243	0.0230300000422859	0.0111357214376467	0.0151345570429031	0.00694593688719125	0.0126058324331879
0.00444570530212435	0.0266772784165467	0.0463470267645318	0.799789367056643	0.0596714491779522	0.013397489395258	0.011740217053432	0.00516063576501218	0.0327708310684995
0.00922465007725196	0.018601210512148	0.0720287544189729	0.813557225628276	0.052841577620363	0.0137395015563327	0.012878452299069	0.000382142426417532	0.00674648546116879
0.00100833908195821	0.0339365140186865	0.0416882134782633	0.846398497426301	0.0367990809109948	0.0144905056430136	0.018202599504643	0.000321920313711009	0.0071543296224287
0.00616106294941251	0.0377986026319692	0.0614211020484935	0.831255149103018	0.0287583095367072	0.00257329393270003	0.0153540284331583	0.000110630045888908	0.0165678213186523
0.00997754294396169	0.0047008839033201	0.0570841464633368	0.827067709753474	0.0452657474548908	0.0239150823886624	0.0138836990892966	0.00493834581953449	0.0131668421835233
0.00206906861210802	0.0203769552483557	0.0573312276311561	0.856947269259187	0.0226333890749867	0.0168036965040138	0.0182330493912907	0.000625384516525228	0.00497995976237691
0.0191681039703697	0.0201301545813434	0.0514963271019653	0.787446985935066	0.0829381841173504	0.0208492119382921	0.0132179771230155	0.000195340848415827	0.00455771438418119
0.000416975204532615	0.0142764196556791	0.0570501556031714	0.864111467060275	0.0134510631261078	0.0182803922996021	0.0160356537871018	0.000739086618135174	0.0156387866453947
0.00271013056227885	0.0394277445007221	0.0517831682870959	0.861326193485577	0.0199004463879503	0.00508432288526914	0.0131410109265446	0.000282981465776806	0.00634400149878538
0.00546285334091342	0.0235996015539196	0.0591885767586917	0.858831258845605	0.0108451388498111	0.0222938225645719	0.0136404499894143	0.00431891911479626	0.00181937898227662
0.00137076712084524	0.0462950368071977	0.0602616839207588	0.853715340121532	0.0117742139159129	0.00297654215843831	0.0136766122364478	0.000325754537011939	0.00960404918185532
0.00246075879526609	0.00188472478242388	0.0535888798638073	0.859789288953466	0.0222513585501636	0.0308280350138319	0.013021965197303	0.00548248449041292	0.0106925043533256
0.00503834507215518	0.0170733683802957	0.0609698678180177	0.831098236727249	0.0504524092188564	0.0201019180231147	0.00996956178061043	0.00155410167990207	0.00374219129979893
0.000994086630080478	0.0101512914024639	0.0623260980836792	0.839517696611295	0.0339233595224308	0.00718700925314866	0.0110241757235182	0.0293671563377662	0.00550912643561764
0.0287816463013554	0.00144829617338051	0.0668498755529444	0.800891080553202	0.0477046464026133	0.0367995536399431	0.0106216820275345	0.00114320845095804	0.0057600108980684
0.00013083198343974	0.000658485304713523	0.0603328333899153	0.841914816992713	0.0204043527149976	0.0350187133201957	0.0104466091016725	0.013480296974447	0.0176130602179055
0.0105802384965799	0.00707182932595341	0.066029680586906	0.830000871673011	0.0317705174323815	0.0184818804632958	0.0124270655993719	0.00489474038075265	0.018743176041748
0.00418248874693366	0.0142652302209085	0.0449704048168857	0.845917604323369	0.0262062303933288	0.0297834144824358	0.0134504675459896	0.0035531069458654	0.0176710525242832
0.000661075175272124	0.0125705885592779	0.0798253128333185	0.811489493373388	0.0434915089753881	0.0328751962471391	0.0159727610510949	0.00135007778099	0.00176398600413152
0.000581268668334483	0.0018358449396755	0.0685964696615081	0.816894928872691	0.0431613839088659	0.0507930093439329	0.0126499776280058	0.00519129747680876	0.000295819500177323
0.000131290357487401	0.00682092260271074	0.0583682101107432	0.825775236299224	0.00998743117910068	0.0478941542318788	0.013572483093969	0.000933786566777005	0.0365164855581094
0.0137579081788666	0.0106012790239275	0.0560290849527939	0.815354766645932	0.0370903875590369	0.0272344239027112	0.0118945598991273	0.000341880861191387	0.0276957089764131
0.0107373303489159	0.0207927157958303	0.0540323267755874	0.853742001629548	0.0243771546442357	0.00573533464476193	0.0157673199266599	0.00542991666383731	0.00938589957062346
0.0148672484733983	0.0288487220179731	0.0594772992129617	0.82482901537008	0.0288287669367355	0.00334993539908747	0.0147106032516743	0.00653438807792702	0.018554021260163
0.0197657952597326	0.000867254510355938	0.0692464632419154	0.818679905525406	0.0401130550185596	0.0317549972147676	0.00973563158194469	0.00871111307667075	0.00112578457064725
0.00105343627993612	0.00733445908181664	0.0633682855148117	0.836358586479955	0.0193411270159813	0.0193516111737599	0.0105593479314248	0.0212296283725994	0.0214035181497153
0.0169709253876305	0.0195481195818847	0.0542370620001348	0.849013468922474	0.0104243977945307	0.0210747717490014	0.0135626447958061	0.00360983025432609	0.0115587795142118
0.00137709283122927	0.0194316905500492	0.0613527986594498	0.833060960871905	0.0368109276546422	0.0236495618839822	0.0164234779220223	0.00179223121085087	0.00610125841586894
0.000129644847628918	0.0437667207284036	0.05489132173781	0.8490234488453	0.0194446020809298	0.0097888552691004	0.0145515442837393	0.0069729888167286	0.00143087339035923
0.00605861241108829	0.0140377429935448	0.0625082237120114	0.816150396465199	0.060143189919546	0.00924352287926236	0.016891004999619	0.0107748903125929	0.00419241630713599
0.00020106340194772	0.00565154294137626	0.0484101322535136	0.78855741322815	0.0276952644553573	0.0312773911775481	0.0151296918329796	0.0157482478138712	0.0673292528952563
0.00118842051698302	0.0128569611126879	0.06348909789413	0.830635047406839	0.0322832046732331	0.0172792406949902	0.0144311582778808	0.00289345386504725	0.0249434155582086
0.00352031007647152	0.0314030674387992	0.0596207054362255	0.85669849217152	0.0272847919567125	0.0040366114382883	0.0120020163881026	0.00315729574673212	0.00227670934714833
0.000594072284003671	0.0033654160701032	0.0623054993401379	0.848501822217867	0.0171067653397373	0.0483577098228006	0.0136262412047825	0.00153873178869816	0.00460374193186924
0.000352209943063939	0.0301844482525791	0.0564929160142173	0.853320328244533	0.0214700515272235	0.00882358928781923	0.016839892681361	0.000693833536613046	0.01182273051259
0.0012497974168399	0.0116873469766663	0.0672796726573036	0.790551464866508	0.0842961362960047	0.0256305088002766	0.00883822030952643	0.00349572630690496	0.00697112636996965
0.000651852896124398	0.0266271633134222	0.0582972950787405	0.849397402666516	0.0163599122375793	0.017302897455716	0.0173165100655347	0.00108974454851393	0.0129572217378525
0.00556933941740326	0.0276581578820275	0.0627592197338599	0.836616717640524	0.0410453460257447	0.00979590682607193	0.0130611568047756	0.000455093653139089	0.0030390620164542
0.000721468532956452	0.025244559285177	0.0699891200035068	0.847268622406239	0.0124299086249694	0.00790408020465231	0.015059969031171	0.00534175141336922	0.0160405204979591
0.00220984195367921	0.00266960771545192	0.0540507729033919	0.860196047598351	0.0237378618494172	0.0321831202679768	0.0135721605325078	0.000482055797523418	0.0108985313817008
0.0106076080971313	0.0145429259299628	0.0538503989367647	0.809192278706112	0.0415574120004361	0.0266240061793137	0.0138916888723367	0.0087905667520808	0.020943114525862
0.00113802493717087	0.0389038376687341	0.0576987879221974	0.852385469935576	0.0140609857908007	0.0086440966845357	0.0122218689964058	0.00363333391568422	0.0113135941488959
0.000295503407112964	0.0177692783979367	0.0672109051958327	0.784009298457454	0.0735941245893805	0.00553238371932596	0.0158890913691042	0.00107539858637401	0.034624016277479
0.000243262088911851	0.00605434845821228	0.0658145616976195	0.838184853388369	0.0302911598957443	0.0319690109550169	0.0171994685906388	0.00226542838096921	0.00797790654451829
0.00249462524940206	0.0144765170888446	0.0599719904065	0.841405619713063	0.0254754724395968	0.0221132903572033	0.0105265815950554	0.00444693849233291	0.019088964658002
0.000194486263429448	0.010157886273234	0.0464506220632894	0.842919187048791	0.0393706308112478	0.0342887328049257	0.0111632795141292	0.0055687892935843	0.00988638592736926
0.0147872113048099	0.000618571402567324	0.0610033936462805	0.848687180271232	0.0188902109146568	0.0322973011093769	0.0110516758979554	0.00461337063172761	0.00805108482139348
0.0369753189949205	0.0165637066071413	0.112369143352926	0.763210488685111	0.00627160442385016	0.00136927772013682	0.0264105159318743	0.0358668052067878	0.000963139077252553
0.00128344744517641	0.0277001378426968	0.0589922516008279	0.828604567238185	0.0345132699790196	0.0219740851059508	0.0132397053429052	0.0130949631837453	0.000597572261492733
0.0127303420934835	0.0425849961230316	0.05412418777985	0.82355186267648	0.0259967338745866	0.0141693523815286	0.0138324243689611	0.0113713379743018	0.00163876272777706
0.0017930810696498	0.00254686439036282	0.0690404903172598	0.83561618846946	0.0178760008087281	0.0531123442733777	0.00775118378297328	0.00181788474824287	0.0104459621399456
3.96398230128207e-05	0.00115297160614756	0.0674229535240979	0.853840321469318	0.0233168435802775	0.0371176781787757	0.016620292796874	0.000350873863530627	0.000138425157966531
0.00307994225472675	0.0245430374500715	0.0625604572801434	0.852393436292848	0.0246144256300032	0.00872312895249017	0.0145516437166342	0.00211231763131841	0.00742161079176415
0.00323644188017588	0.00134027631943685	0.0570285179129203	0.837989776352682	0.0214582927868613	0.0392001369564359	0.0140729130340339	0.00215313258463816	0.0235205121728155
0.000117352663714384	0.00543366526423127	0.0672228513364328	0.825226889943344	0.0544023724217914	0.0212672811986549	0.0123486515183061	0.0122302357173784	0.00175069993614646
0.00624847177913655	0.0406130062671791	0.0609818123073444	0.809316630707148	0.0258875615421048	0.00198413794191074	0.0128544786594161	0.00799471731441668	0.0341191834813438
0.000316575671482307	0.00997259131365772	0.056618887835497	0.839500105962838	0.0238385963671498	0.0413873166947509	0.0125779775782018	0.00128090177249921	0.014507046803923
0.0040614886948339	0.0246982355537639	0.0724599407194147	0.836169924149029	0.0203352626769784	0.00500017795450142	0.0151118139460693	0.0216632419781854	0.000499914327223893
