Basophils	Bcells	CapsularFibroblasts	cDC1s	cDC2s	CentralVeinEndothelialcells	Cholangiocytes	Fibroblasts	Hepatocytes	HsPCs	ILC1s	Kupffercells	LSECs	LymphaticEndothelialcells	Mesothelialcells	MigcDCs	MonocytesMonocytederivedcells	Neutrophils	NKcells	pDCs	PortalVeinEndothelialcells	Stellatecells	Tcells
0.000812953251968797	3.44077814631511e-05	0.0321804542389618	0.041448810188871	3.44077814726905e-05	0.0338601813179238	0.00157853841778103	3.44077814726907e-05	0.806410915752278	0.000896710629904569	3.44077814726957e-05	0.0374852090093068	3.44077814726903e-05	3.44077814726866e-05	3.44077814726902e-05	0.00601165344685872	0.0147999397772949	3.44077806370356e-05	3.44077814745368e-05	0.00140581480778706	0.00640078741151059	0.0163639539356698	3.44077814722493e-05
3.47138633965319e-05	0.00692852886116299	3.47138633966376e-05	0.0483785823491605	3.47138633966373e-05	3.47138633966375e-05	0.00159156862750711	0.00663794017011426	0.803520272149244	4.0455788882115e-05	0.0221821536340069	0.0511900500615894	0.042156361445049	3.47138633966369e-05	3.47138633966379e-05	0.000699420999827711	0.00715558231828626	3.4713863803542e-05	3.4713863396634e-05	0.000495211481490033	0.00069385562561266	0.00801225743613822	4.00481443488395e-05
3.49312463545283e-05	3.49312463420012e-05	0.00501136317491564	0.0428806566318987	0.00169324800814692	0.0365969441402431	0.00166571009101638	0.00271893322095079	0.800733779229881	0.0135024374524235	3.49312463558072e-05	0.0410875778784385	0.0106329471254666	3.49312463558069e-05	0.00671511617907742	3.49312463558075e-05	0.0208420803526227	3.49312461314243e-05	3.49312463572605e-05	3.49312463558056e-05	3.49312463558592e-05	0.0106629027014434	0.00494192259651072
0.00288071995908607	0.0126185871147484	0.0102281245579432	0.0272724787279376	0.0254197217428083	0.00920284091178741	0.00174329202382526	3.51207072750438e-05	0.836721434778339	3.51207072750436e-05	3.51207072750418e-05	0.0208632830211576	0.0385859551799872	0.00452311175090798	4.88223898935658e-05	0.0032656621247726	3.5120707275452e-05	3.51207073538891e-05	3.51207072747247e-05	0.00266386326876496	3.51207072750437e-05	0.00368113678976127	3.51207072750444e-05
0.00153457161991043	0.00385126972657433	0.0101276567432532	0.0502102477050832	3.50339525650544e-05	3.50339525650537e-05	3.5033952564747e-05	3.50339525650537e-05	0.812000196378027	0.00890184485327061	3.50339525650565e-05	0.044777756040443	0.0200075883966109	3.50339525656972e-05	3.50339525650545e-05	0.00255168381212662	0.0152091735647103	3.50339501949004e-05	3.50339525673638e-05	0.0116808346064208	0.00498028620604591	0.0138165508242407	3.50339525650556e-05
0.00445964796151421	3.54107679570041e-05	0.00549329668441734	0.0354931593846712	3.54107679595622e-05	0.00633483735305846	0.00769039589088075	0.00580762415594564	0.801244974129133	3.54107679595637e-05	3.54107679595644e-05	0.0607459171201729	0.0211075811256376	3.54107679595582e-05	3.54107679595636e-05	3.54107679595628e-05	0.0271795424220875	3.54107681056954e-05	3.54107679603518e-05	3.5410767959564e-05	0.0012140757000894	0.0167309474074207	0.00614389298523099
3.47518812743582e-05	3.47518812732138e-05	0.0045138318698045	0.0478118404885668	3.47518812735288e-05	0.0198292855809986	3.47518812735284e-05	0.000425078289287678	0.834775594205432	3.47518812735296e-05	3.47518812735262e-05	0.0496441634793776	0.012931456331704	3.47518812735291e-05	3.47518812735295e-05	3.47518812735299e-05	0.0174961721794402	3.47518821754874e-05	3.47518812731229e-05	3.47518812735291e-05	3.47518812735299e-05	0.0120860512366564	3.47518812735291e-05
2.45765884016054e-05	2.4576588414465e-05	0.00314817620253912	0.0385187410367488	0.00175383006969266	2.45765884059307e-05	0.00356833026212013	0.00170062565001516	0.834927312028971	2.45765884059305e-05	2.45765884059311e-05	0.0379726790942991	0.0369333043048895	2.45765884059381e-05	2.45765884059294e-05	2.45765884059304e-05	0.028314126108426	2.45765897089315e-05	2.45765884040191e-05	0.00258788948408236	2.45765884056527e-05	0.0102800666960384	2.45765884070323e-05
3.57102243756713e-05	3.57102243957778e-05	0.0151704863204378	0.0350529681741843	3.57102243805405e-05	0.00646507423885341	0.0315408294738148	0.011971007239045	0.787767552686873	0.000284759690589877	3.57102243805417e-05	0.0290529254303981	0.0173779826264241	3.57102243805431e-05	3.57102243805416e-05	0.00046834439755175	0.0147880567527529	3.57102244133957e-05	3.57102243830322e-05	0.0129818865934771	0.0247926171851474	0.0119641171709795	3.57102243805427e-05
0.000332979052432388	0.0153829187539232	3.55701276748242e-05	0.0424112016374489	0.00892425744310204	0.0178153925546024	0.00396139593751535	3.55701276748242e-05	0.817140242794704	3.55701276748234e-05	3.55701276748178e-05	0.042364771844876	0.0126751724058075	3.55701276748183e-05	0.00753387180030704	0.00624332633738809	0.00263012406970248	3.55701280186262e-05	3.55701276836159e-05	0.0110875406366736	3.5570127674881e-05	0.0111766735820906	3.5570127674823e-05
0.0013023623022711	3.70312274585631e-05	0.00261932492499477	0.0285940647296142	3.70312274538991e-05	3.70312274538968e-05	0.0135684965593882	3.70312274538969e-05	0.852938505736095	3.70312274538969e-05	3.70312274530717e-05	0.0196020708518857	0.0263759181033792	0.0110458604733084	3.70312274538974e-05	0.00610606218836673	0.0122315508705509	3.70312281539404e-05	0.00870565233920033	0.00232931487138527	0.00692840984496024	0.00731851857046481	3.76378138001947e-05
3.57492447632925e-05	3.57492447770823e-05	3.57492447747365e-05	0.0189729711914054	0.0216503378175051	3.57492447747368e-05	0.00186405899073957	0.000577184772181678	0.829214346327648	3.57492447747367e-05	3.57492447747431e-05	0.0434846186171978	0.0253726665278198	3.57492447747365e-05	0.0063270565078829	3.57492447747358e-05	0.0127572482453312	3.57492457284854e-05	3.57492447722167e-05	0.0178952571018882	0.0117842840635008	0.00970672814343547	3.5749244774734e-05
3.49672931988602e-05	3.49672931998358e-05	0.00785252122229192	0.0319498758475631	0.0196103578058883	3.4967293197624e-05	0.00305180698177444	3.49672931976228e-05	0.827773179893201	0.000509507978192636	3.49672931976256e-05	0.0340236071566721	0.0396605530774493	3.49672931976231e-05	3.49672931976234e-05	0.00062848284868566	0.0083732398621718	0.000462107255466973	3.49672931973835e-05	3.49672931976235e-05	3.49672931976238e-05	0.0257201198454659	3.49672931976228e-05
0.00111344289794754	3.54539318786534e-05	3.5453931878661e-05	0.0525731002281754	3.54539318786631e-05	0.0101794659745375	0.00316483841407166	0.00311879725874912	0.79574963998653	0.00461562364478414	3.54539318782194e-05	0.056139721129363	0.0375113503291612	3.54539318786612e-05	0.0112033763805814	3.54539318786614e-05	0.0146210874101339	3.54539313370795e-05	3.54539318807835e-05	3.54539318786609e-05	3.54539318786604e-05	0.00961956309583936	3.54539318786578e-05
3.5175180068026e-05	3.51751800639884e-05	3.51751800728656e-05	0.0334594898627921	0.0162148175068315	3.51751800696864e-05	0.00330947218530815	3.51751800696871e-05	0.824127522793304	0.0164057736186744	3.51751800696847e-05	0.0549807530188537	0.0233993453955009	3.51751800696867e-05	0.00794019228291657	0.000175781010659252	0.00927996409986034	3.5175180412e-05	3.51751800549067e-05	0.00102712605372798	0.00107652706086596	0.00501391250103131	0.0032727459887234
2.41860366461574e-05	2.4186036645632e-05	0.0111057101567496	0.0494537181921833	0.0134916764097343	0.0233099250264217	2.41860366448585e-05	2.4186036644857e-05	0.837511413078887	0.00313060415619308	2.4186036644855e-05	0.0189142628220852	0.0226477720830376	2.41860366448423e-05	2.41860366448589e-05	2.41860366448599e-05	0.00149626706672386	2.41860372813012e-05	2.41860366518803e-05	2.41860366448591e-05	2.41860366446047e-05	0.0186242325309566	2.4186036643737e-05
0.000193071102186726	0.00331714877285272	3.57379838469555e-05	0.00535062132763713	0.0286988537050326	3.57379838469557e-05	0.0351346627972436	3.57379838469542e-05	0.809819525389796	0.000452191177637133	3.57379838469545e-05	0.0463966904807229	0.0397769720811677	0.0184461123255496	0.00317084931905683	3.57379838469551e-05	3.57379838469575e-05	3.57379840293632e-05	3.57379838496418e-05	0.0008059887224937	0.00214581940296749	0.00596985154084782	3.57379838469564e-05
3.54043517476694e-05	0.00461393972731168	3.54043517532894e-05	0.0446764152227134	0.000546793657581619	0.0164347180053951	3.54043517532903e-05	3.54043517532925e-05	0.83726558379361	0.00167266027189037	3.54043517532869e-05	0.0263098657924878	0.0249784990000472	0.00590657168575995	0.00931604635898782	3.5404351753291e-05	3.54043517531139e-05	3.54043522108383e-05	3.54043517530039e-05	0.0150231808534571	3.54043517532906e-05	0.0128662777610203	3.54043517532919e-05
3.57237999013771e-05	3.57237998958141e-05	3.5723799901377e-05	0.00985152226927312	0.0267502452906726	0.00646243054518426	0.0158552575670124	0.0264635253288903	0.798088540065349	3.57237999013789e-05	3.57237999013774e-05	0.0417004625806868	0.0163795113887345	3.57237999013774e-05	0.0169047371727602	0.00578498461499962	0.00337979831358648	3.57237999049849e-05	0.00123834203989784	0.00264252088120015	0.0211495834151873	0.0070627481273548	3.57237999029058e-05
2.44998265039054e-05	2.44998265039065e-05	0.0292352202013034	0.0198649394454329	2.4499826503906e-05	2.44998265039045e-05	4.20744949598341e-05	0.00397845496795033	0.777321013374654	2.5606241686767e-05	2.44998265039055e-05	0.065502774073341	0.00849829366720457	0.00503802103649802	2.44998265039053e-05	2.44998265039056e-05	0.0383092160500051	2.44998267759106e-05	2.44998265039059e-05	0.0272377954410696	0.0049600973459167	0.019741495394666	2.44998265039052e-05
0.00223032406531143	3.63344043666861e-05	0.00269131495704929	0.0327799962094928	0.0219677552291079	0.0055212905840636	3.63344043686118e-05	3.63344043686112e-05	0.851064718647611	3.63344043686109e-05	3.63344043685907e-05	0.0145271895670635	0.0324520311648402	3.63344043686116e-05	3.63344043686105e-05	0.00202470132448218	0.0117877498590316	3.63344047405737e-05	3.63344043778569e-05	0.00530245924612005	3.63344043684791e-05	0.00880815645793353	0.00847896864382755
3.47512229650722e-05	3.47512229599143e-05	0.00129179059602498	0.0209270577560776	3.47512229621139e-05	3.4751222962127e-05	0.0769070106665167	0.0108695984579174	0.761952498343643	0.00408628769942898	0.0128175379390104	0.026600346829066	0.0274895838783555	3.47512229621244e-05	0.00618781704709298	0.00803795866371705	0.0096994024908941	3.4751222929907e-05	3.4751222953596e-05	0.0171696587121865	0.00985953087938094	0.00582591025703044	3.47512229621248e-05
3.57390001581372e-05	0.00652228426823	0.0066540805610467	0.020829227124654	0.00839086541692018	3.57390001585601e-05	0.00113753213112259	0.0136498407072595	0.80526098518335	0.00220253728958069	3.57390001585546e-05	0.0286928155550692	0.0499170401657472	3.57390001584242e-05	4.00663239447949e-05	0.00679336410816519	0.0323214397465196	3.57390011429967e-05	3.57390001562451e-05	0.0016307975050386	3.57390001585608e-05	0.015671211911096	3.57390001641148e-05
2.53784638476437e-05	0.00360466346421825	0.00199633071924572	0.00629021411702051	2.53784638476029e-05	2.5378463847603e-05	0.0115486219987044	0.00315881540195588	0.849385173046672	3.24906615965336e-05	2.53784638476009e-05	0.0178800288280278	0.0373675328770511	2.53784638476024e-05	0.00799880613871112	2.53784638476022e-05	0.0227456120549135	2.5378464213345e-05	2.53784638581077e-05	0.00209463881313091	0.0233170908271886	0.0123515748765591	2.53784638476013e-05
3.54512337785252e-05	0.00820834939416376	3.5451233775312e-05	0.042901409999851	0.00277773590085336	3.54512337753095e-05	0.00158251336449986	3.54512337753125e-05	0.811375832097496	0.00632458688966008	3.54512337753025e-05	0.0505921125639611	0.0370937946836296	3.54512337757842e-05	3.54512337753126e-05	3.54512337753118e-05	0.0141331857286937	0.000580389882449514	3.5451233775201e-05	0.0101546880486316	3.5451233775312e-05	0.00857566074263939	0.00534522836571387
3.50351120767662e-05	0.0017560157669001	0.0168209353837596	0.0454569585268723	3.50351120767661e-05	3.50351120767659e-05	0.00483278682696621	3.50351120767662e-05	0.827969293326325	3.5035112076767e-05	3.50351120767627e-05	0.0387958677378317	0.0256765746556193	0.00643736448159288	0.000427764124885707	3.50351120767668e-05	0.0235545159468762	3.50351142123203e-05	3.50351120788191e-05	3.50351120767665e-05	3.50351120768028e-05	0.00785150187531194	3.50351120767665e-05
0.00219575784616005	3.50982078907217e-05	3.5098207890722e-05	0.0346681140203276	0.0108479183001982	3.50982078907216e-05	3.5806777879075e-05	3.50982078907187e-05	0.867807235852144	3.5098207890722e-05	3.50982078907179e-05	0.0222434619313452	0.0231655945334296	3.50982078905848e-05	3.50982078907212e-05	3.50982078907223e-05	0.0149136280275905	3.50982078832324e-05	3.50982078946947e-05	0.0177850926742045	3.50982078907229e-05	0.00588111333414517	3.50982078907208e-05
3.53720481854456e-05	0.0212001998163037	4.88153359840717e-05	0.0301385999769947	3.53720481852835e-05	3.53720481852783e-05	0.00767027120344342	0.0128950158489135	0.818994615980668	3.53720481852793e-05	3.53720481852739e-05	0.0281553410647569	0.0335529075981697	3.53720481852785e-05	0.00511643989798661	3.53720481852788e-05	0.0202025886305328	3.53720492619412e-05	3.53720481863277e-05	0.00148883581113126	3.53720481852786e-05	0.0201472763039978	3.53720481870529e-05
0.00311403632160933	0.00192136832087645	0.00879670313973811	0.023331976352901	0.0139970415960438	0.00546308133432575	0.00906083954708606	3.50597049787486e-05	0.840764419354469	3.62290351403934e-05	0.00212263434138763	0.0261366894789796	0.0263745994639419	0.00029024171195162	3.50597049787486e-05	0.00165511081124577	0.0127888820301648	3.50597056125806e-05	3.50597049836086e-05	0.00429320262791885	0.00488401456640077	0.0147936314402865	3.50597049787493e-05
0.0017199364460655	0.00190673454488895	0.00108957980872396	0.0384767443515988	3.55956286968721e-05	0.0134423216168354	3.55956286968715e-05	3.55956286968716e-05	0.81314775108966	3.55956286968715e-05	0.00772800226301227	0.0494952655822132	0.0231145101023552	3.5595628696873e-05	3.55956286968717e-05	0.0019622870914642	0.0107625210556783	3.55956290577167e-05	3.55956287057342e-05	0.00845559379739068	3.55956286968726e-05	0.0215558036531811	0.00682258793829054
3.68573658682963e-05	3.68573658723675e-05	3.68573658600155e-05	0.034654546034538	0.0034832711085107	0.0147588195335578	0.00822110032398689	3.68573658600159e-05	0.85376942478017	3.98908988212727e-05	3.68573658600213e-05	0.0269747649220346	0.0173449702930882	0.00296696449352	3.68573658600159e-05	3.68573658600175e-05	0.0206030011993813	3.6857365864131e-05	3.68573658481305e-05	3.68573658600159e-05	0.00387692777684357	0.0129008876110726	3.68573658618064e-05
0.00299595871725787	3.48502404058593e-05	0.00583810918500377	0.0142550116721683	3.48502404066223e-05	0.0173624891673034	0.00275715688075457	3.48502404066235e-05	0.780524175311741	3.54192367385469e-05	0.00810299290529833	0.0521325548668363	0.0341092178192606	3.48502404066233e-05	3.48502404066224e-05	0.0097499511070558	0.0410115661713227	0.000886462243960554	3.4850240406213e-05	0.01529547108998	4.43827250238268e-05	0.0146551292174478	3.48502404083622e-05
0.000667307459818492	0.0081253782372207	0.010679913978168	0.0306066151081371	3.50440967784775e-05	0.0131751232109073	0.00383002905080697	0.000656371018105705	0.797707486707615	3.50440967784767e-05	3.50440967784772e-05	0.0521971970116583	0.0255363288883048	3.50440967784768e-05	0.000113941108720438	3.50440967784764e-05	0.0280004643417271	3.50440967572387e-05	3.50440967832466e-05	3.50440967784776e-05	0.000268462165026995	0.0172271081461876	0.0109279207933844
2.22608541794178e-05	0.00115076523291168	0.0172181601040113	0.0318776822791112	0.0125424171019122	0.0866511637388789	0.00154886238094552	0.0300403840777517	0.733298241901783	0.00632632327655024	0.0066416041110577	0.0210940828715855	2.2260854168658e-05	2.22608541686589e-05	0.0149954432039065	0.0157407466505776	0.000149445129021587	2.22608549542521e-05	2.22608541679685e-05	0.00307717907804762	2.22608541686584e-05	0.0174916728819708	2.22608541686604e-05
3.45789399444859e-05	3.45789399349568e-05	0.00266525786930322	0.0455293519305576	3.45789399368246e-05	0.0167618612726217	3.45789399364413e-05	0.00177785437728075	0.813289133402733	0.00421623359116347	3.45789399368227e-05	0.0294807136451192	0.0339268393547507	0.00509456837583331	0.00629006272826082	0.00107877628436294	0.0110343820224512	0.000493730571399218	3.45789399374783e-05	0.000903612812794954	0.00293406883285395	0.0196040924651667	0.00471198682371996
0.00178316815460709	3.56810713886351e-05	3.56810713768103e-05	0.00823638026757836	0.00830381021475125	0.023928887450253	0.00195151359725203	3.56810713768092e-05	0.802370130805533	0.00981317838451595	3.5681071376823e-05	0.0681106906014449	0.027764284724286	0.000754670365949762	0.0059303060090533	0.000782586468290123	0.0188284999723434	3.56810713140796e-05	3.56810713801352e-05	3.56810713768093e-05	0.00576720405193652	0.0153892403612385	3.56810713769604e-05
3.44074157598962e-05	3.44074157598064e-05	0.00876020002260109	0.0460406262830146	3.44074157598052e-05	3.44074157598043e-05	0.00345940331177877	0.00813083956215968	0.779013753712466	3.44074157598065e-05	0.00851913324768219	0.0567019749045556	0.0401050300684746	3.44074157598062e-05	3.44074157598059e-05	3.44074157598062e-05	0.0307117008474165	3.44074152977103e-05	0.00511240920297233	3.44074157598055e-05	3.44074157598061e-05	0.0130297331367016	3.67141272815851e-05
2.42883483572794e-05	0.00264249937808352	2.42883483572199e-05	0.0227232183110057	0.0151039095838875	0.0653454572943519	3.02512514071358e-05	0.00551974671042808	0.794400925369736	0.00506265082277805	2.42883483572184e-05	0.0482754178754812	2.4288348357221e-05	0.0020503803407878	0.00994090971764262	2.42883483572191e-05	0.00976252040031241	2.42883483566819e-05	2.42883483563166e-05	2.4382241379431e-05	2.42883483572189e-05	0.0188991355675051	2.42883483572229e-05
0.00178525539038277	3.55418982733854e-05	0.00528930618748541	0.0477014985588686	0.00549335948069733	0.0117609083131636	4.09372840580123e-05	3.55418982656899e-05	0.828224051316087	3.554189826569e-05	3.55418982656824e-05	0.0308514640134716	0.0373069620734871	3.554189826569e-05	3.5541898265691e-05	3.55418982656904e-05	0.00823529902876482	0.000380375093844446	3.55418982641361e-05	3.55418982656897e-05	3.55418982656906e-05	0.0225396223787597	3.55418982656944e-05
3.52400201669898e-05	0.00934630169620385	0.0070845103519207	0.0354996769864275	3.52400201556374e-05	0.000475325725306628	3.52400201556397e-05	3.52400201556447e-05	0.826090778142382	3.52400201556396e-05	3.52400201556407e-05	0.0521683361593916	0.0419625234071148	3.52400201555169e-05	4.66500789449745e-05	3.52400201556395e-05	0.0165632138424174	0.000698700699671405	3.52400201568384e-05	3.52400201556393e-05	3.52400201555208e-05	0.00964110266833899	3.52400201556382e-05
0.000942086121609429	0.00265667924503882	0.000130257310255551	0.0303562378890333	3.52322817189959e-05	0.0343515812522694	0.0016442457054147	3.52322817190015e-05	0.802581840430965	3.52322817190022e-05	3.52322817190008e-05	0.0402313669931205	0.0144448992126015	0.000265960308127648	0.00697179953311097	0.00239252809960563	3.52322817190017e-05	3.52322807199841e-05	3.52322817185497e-05	0.00940034084755441	4.65996898670377e-05	0.0262511126541781	0.0270858387362143
3.49599849516532e-05	0.00202545249390212	0.00322938607238619	0.0349684482492897	0.00444131489349925	0.00723727226421789	3.6909075000688e-05	3.49599849540595e-05	0.842211497714174	3.49599849540609e-05	3.49599849540647e-05	0.0266035918065721	0.0281479529618584	0.00102386238165237	0.00713821952851006	0.00384002935363597	0.0117986459688395	3.49599864734013e-05	3.49599849586218e-05	3.49599849540592e-05	0.00466748417090519	0.0188652888077598	0.00351992436159691
0.00192862462150711	0.000751832862160942	0.0134545121328101	0.0519802018356776	3.5770056408874e-05	3.57700564097604e-05	0.0103693847338017	3.577005640976e-05	0.804620955003659	3.57700564097593e-05	3.57700564097585e-05	0.0352409476280341	0.0241118184103013	0.00510446134034171	0.00154953935977336	3.57700564097599e-05	0.0221256486797907	3.57700568783296e-05	3.57700564169463e-05	0.0069600226408111	0.00236567946863296	0.0191144407745351	3.57700564097645e-05
3.46200879194543e-05	3.46200878947703e-05	0.0133244919620185	0.0539984999547351	3.46200878946151e-05	0.0132863986435881	3.4620087895041e-05	3.46200878950408e-05	0.818517807800377	3.60045015132043e-05	3.46200878950411e-05	0.0303260480034635	0.0197157282321359	0.00251814933477456	3.46200878950367e-05	3.46200878950376e-05	0.00196737930726122	3.46200891166411e-05	3.46200878935252e-05	0.0151586144532765	3.46200878950406e-05	0.0307354367508726	3.46200878950396e-05
0.00702252755248911	2.52192425603562e-05	2.52192425636155e-05	0.0388494837474734	2.52192425636148e-05	0.0204519863390328	0.00354505869576634	0.0027893656516602	0.840085925671382	0.00968790261604357	2.52192425636182e-05	0.0418731228832643	0.0145113978450987	2.52192425634892e-05	2.52192425636155e-05	0.00111455021056774	0.000213033005357352	2.52192427760666e-05	0.00586520689658736	0.00117170272638669	2.52192425636214e-05	0.0125917629756093	2.52192425636153e-05
3.43223607820063e-05	0.00180857531361488	0.0106492470866722	0.0233450897509884	0.00716658029420222	0.0562604921218972	4.83154063720566e-05	3.43223607995844e-05	0.815316673399177	0.0160456034475135	3.43223607995847e-05	0.0252260434193516	0.00758535639664774	0.00439344172591329	3.43223607995845e-05	0.00440297634083485	3.43223607990216e-05	3.4322362184728e-05	3.43223607989489e-05	0.0100392415774212	3.43223607995846e-05	0.0147106586779558	0.00272712615367511
3.52839809038643e-05	3.52839809059155e-05	3.52839809061166e-05	0.0428363234843066	3.52839809061165e-05	0.0208481932197694	3.52839809061169e-05	3.52839809061171e-05	0.825535612754445	0.00696765076106481	3.52839809061278e-05	0.0536885456537704	0.00887587888506145	3.52839809061149e-05	3.52839809061136e-05	0.00399526964435315	0.0192953260843767	3.52839808990313e-05	3.52839809053408e-05	0.0106856083125367	3.52839809061168e-05	0.00654947321215157	0.000298710217300527
3.58524796628476e-05	0.00142865675151874	3.58524797073306e-05	0.0261655104448993	3.58524797073316e-05	0.00633261166440073	3.58524797073307e-05	3.58524797073298e-05	0.827291972370628	3.58524797073315e-05	3.58524797073296e-05	0.0324797703883955	0.0360889443026677	3.5852479707329e-05	3.58524797073317e-05	3.58524797073307e-05	0.0264938102113074	3.58524798092601e-05	3.58524797089149e-05	0.0255135929106427	0.00101602504751603	0.0166662943470583	9.25818044184309e-05
2.42550445996839e-05	0.00452758150593678	0.0156906031233159	0.0394452305390412	2.42550445977353e-05	0.0661531509840683	0.00235958125415749	2.42550445977365e-05	0.81794129029672	2.42550445977356e-05	2.42550445977398e-05	0.0220385146041232	2.42550445977355e-05	2.42550445977353e-05	2.42550445977355e-05	2.42550445977357e-05	0.0054682047642336	2.42550446013476e-05	2.42550445967232e-05	2.42550445977386e-05	0.00349214303477797	0.0225683843138503	2.42550445977355e-05
3.5033119853637e-05	0.00547388932563627	3.50331198562512e-05	0.033132944416493	3.50331198562509e-05	0.0148908506526523	0.00273035919408188	3.50331198562516e-05	0.838611081746303	3.50331198562512e-05	3.50331198562517e-05	0.0264920139749662	0.0224347948663657	3.50331198562511e-05	3.5033119856251e-05	0.00544309751567676	0.0150237852608083	3.50331207528916e-05	0.00309769503581208	0.00857902384100645	3.50331198562509e-05	0.0166338667629565	0.00710626620778495
2.49160283052238e-05	2.4916028309639e-05	2.49160283102176e-05	0.0228325781056239	0.0283878396164818	0.0162737324472988	0.00339601001512781	2.49160283102148e-05	0.827116204799634	2.49160283102191e-05	2.49160283102448e-05	0.0292523919919513	0.0161654497433064	2.4916028310221e-05	2.49160283102175e-05	2.4916028310218e-05	0.0158676325344941	2.49160287632428e-05	2.49160283113308e-05	0.00226246896584911	0.0105124613012036	0.0111244550060153	0.0165346991611527
3.58883460105321e-05	0.00878962861573336	3.58883460419883e-05	0.024789821967792	3.5888346041987e-05	3.58883460419878e-05	0.0396971639576056	0.0126611520052499	0.782830810892121	0.0097100158665271	3.58883460419867e-05	0.0401186836324243	0.0377475106063542	0.00768622868177789	3.58883460419878e-05	3.58883460419881e-05	0.0103484293665741	3.58883467806041e-05	3.58883460436721e-05	0.00544477438655955	0.0123953678890099	0.00495577558006023	0.00250164143712358
2.40522620750477e-05	0.00438241688230821	0.0105931813138273	0.0279380030418825	2.40522620750212e-05	0.033371339316052	0.00287943600044111	2.4052262075021e-05	0.798318272014933	0.0014149450394584	2.40522620750205e-05	0.027480649296398	0.0339696696320047	0.00681012583767654	0.000725077876314863	0.00128927285430949	0.0162819573480758	2.40522632108668e-05	2.40522620748565e-05	2.40522620750199e-05	0.00906153823480873	0.0192655870635844	0.00605016241226478
3.79331818222402e-05	3.79331818246534e-05	3.79331818212904e-05	0.0314681630868478	0.015320945342588	3.79331818212895e-05	0.0183804589958201	0.00257196721383017	0.850536733967465	3.79331818212889e-05	3.79331818212882e-05	0.0205687000702112	0.0275278407831101	3.79331818212892e-05	0.00330066941391784	3.79331818212892e-05	0.00222467053609381	3.79331811349571e-05	3.79331818294001e-05	0.00553794939475904	0.0136957216700183	0.00844891452597618	3.79331818231816e-05
0.000365217419456531	0.00716137604417382	3.42292172316289e-05	0.0624763115984784	0.00911644083337055	0.0171717947594543	0.00325876994194199	0.00298208175598337	0.818800038503638	3.42292172316254e-05	3.42292172316264e-05	0.0343060694689582	0.0197858620066293	3.42292172316253e-05	3.42292172316252e-05	0.000506804337767546	3.42292172307253e-05	3.42292172185026e-05	3.42292172299577e-05	0.00403543800566369	3.42292172316267e-05	0.0192653923282866	0.000460340041128434
2.38696865114725e-05	2.38696865081328e-05	0.0102342342285424	0.0503960852633714	2.38696865081338e-05	0.0151095444967847	9.24119163225528e-05	0.00694222260620122	0.784826160560926	2.572009889999e-05	2.38696865081337e-05	0.0443324361298744	0.0448208793353203	2.38696865081331e-05	0.00221160782443376	0.00245872416894204	0.0121655007097468	2.38696868521351e-05	2.38696865079654e-05	0.0107963509399119	2.38696865081326e-05	0.0153732945418023	2.38696865081315e-05
0.0017246903149458	0.00242509652965679	3.54688019381792e-05	0.0301878222122896	0.0143569384415112	0.00467738760541493	0.00384731387932232	3.54688019381799e-05	0.84773317590802	0.000131918177754923	3.54688019381787e-05	0.0250040352619965	0.0448663438914332	3.54688019380722e-05	3.54688019381791e-05	3.54688019381794e-05	0.0031080920687671	3.54688015626039e-05	3.5468801940927e-05	0.00242737054749604	3.54688019373583e-05	0.0075616457775164	0.0116289501668052
2.46294285070169e-05	2.4629428500294e-05	0.00526820083058259	0.0493537806052243	2.46294285002925e-05	0.015017737704801	7.33917136072886e-05	2.4629428500294e-05	0.828263021012887	0.00380395131779439	2.46294285003546e-05	0.0406832466883036	0.00754366042625096	0.0105650439139069	2.46294285002935e-05	2.46294285002927e-05	0.0235438484540214	2.46294274171629e-05	2.46294285051107e-05	2.46294285002939e-05	2.46294285005983e-05	0.0155885641916887	2.46294285002936e-05
3.50385772014894e-05	3.50385772161972e-05	0.000278051022764205	0.0538200220860744	0.00699470400795962	0.00630300399850329	0.000879428372227423	3.50385772127192e-05	0.821569765144799	3.50385772127192e-05	3.50385772127228e-05	0.0318973741014924	0.0440246762624081	3.50385772127229e-05	0.00810418530309552	3.50385772127202e-05	0.00446407329623562	3.50385782117847e-05	3.50385772216376e-05	3.50385772127197e-05	3.50385772140793e-05	0.0212442534768861	3.50385772127196e-05
2.45657908531015e-05	0.00848068156161162	2.45657908449771e-05	0.0242805200283699	0.0264150019702495	2.45657908449739e-05	0.011545437141231	0.000494758639956507	0.837454583978367	0.00291052471560375	2.45657908449709e-05	0.0282100220812603	0.0302089152815237	2.45657908449754e-05	0.000470886215593862	2.4565790844972e-05	0.00389577202432495	2.45657904437353e-05	2.45657908472861e-05	0.0115500506275256	2.45657908449762e-05	0.0138371878263237	2.45657908449751e-05
2.52179366099739e-05	2.52179366203712e-05	2.52179366099727e-05	0.0352709247509503	2.52179366099735e-05	2.52179366099666e-05	0.00286687611718961	2.52179366099734e-05	0.823408437212521	0.00922396642799608	2.52179366099708e-05	0.042593253917698	0.0445602158496211	2.5217936609969e-05	0.00132959568024885	2.52179366099749e-05	0.00569628811311035	2.52179366099014e-05	2.52179366120572e-05	0.0138066954870225	2.52179366099734e-05	0.0209159132676995	2.52179366099808e-05
0.000166186438880543	0.00729174561200486	0.00616402108885787	0.0146569789184058	0.0168697951453885	0.00257652865593021	3.85150708000914e-05	0.00190409206802702	0.801328806018203	0.00891639842361443	3.49913135375964e-05	0.0353489546416748	0.0386845640419999	0.0014514955516834	3.49913135375941e-05	3.49913135375936e-05	0.0309572819420697	3.49913135405736e-05	3.49913135338208e-05	0.0245331061510321	3.49913135375934e-05	0.00886659103666568	3.49913135375934e-05
3.53299105522437e-05	3.53299105522443e-05	0.0029484615562827	0.033264947741615	3.53299105522434e-05	0.00519288122896775	4.03836346034013e-05	0.00440506735055068	0.801281141948054	0.00151708417302086	3.53299105522439e-05	0.0400932147877166	0.0491501392577298	3.53299105522439e-05	3.53299105522429e-05	0.00967975444554728	0.00759868437046846	3.53299100868455e-05	3.53299105540648e-05	0.00232061381731665	3.53299105522452e-05	0.0258371316451086	0.016352524848511
3.44018264722728e-05	0.00224430164474116	0.00733649575565374	0.0327823378306298	0.00242011298278075	0.00541379617809181	3.4401826466922e-05	0.0112853590507786	0.811876282551139	0.0106847679810118	3.44018264669134e-05	0.0278035300654364	0.0497509030149682	0.00365109837201076	3.68847752798338e-05	3.4401826466922e-05	0.0126424159607207	3.4401827775389e-05	3.44018264575188e-05	0.0159699737069991	3.4401826467659e-05	0.00582652551671695	3.4401826467288e-05
2.40422814215057e-05	0.00513942823844625	0.00748614768704582	0.0354735437173264	0.00615287515659682	2.40422814245537e-05	3.76496971862012e-05	0.00195219891830787	0.815572788472827	2.40422814245539e-05	2.40422814245495e-05	0.0377673467091661	0.0581826992291976	2.40422814244192e-05	2.4042281424552e-05	2.40422814245537e-05	0.00546081910476807	2.40422824859598e-05	0.00491798158480025	2.40422814245539e-05	2.40422814254291e-05	0.0124955565214761	0.00912054214755063
3.4529607749588e-05	3.45296077487647e-05	0.00289239690835926	0.0361365429237932	3.45296077489851e-05	0.0160409457277062	0.0021149721198251	0.0048114194803293	0.828634432936085	0.000934676257672722	3.45296077489905e-05	0.0343460364819709	0.0299742325483483	0.00205307791111485	0.00624906450708136	0.00133680758286473	0.0105493812442006	3.45296076332543e-05	3.45296077572935e-05	3.45296077489851e-05	3.45296077489924e-05	0.0117922661741883	0.0118575103345749
0.000735881710138078	3.50645802698373e-05	0.00671085809205021	0.0431028450472424	0.0130334176984669	3.506458027016e-05	0.00217030685275567	3.50645802701579e-05	0.858864481323779	4.34533104856127e-05	3.50645802701598e-05	0.036236061353241	0.0284019154127671	3.50645802701628e-05	3.50645802701601e-05	3.50645802701615e-05	0.00354476367512001	3.50645802223251e-05	3.50645802772179e-05	3.50645802701616e-05	3.50645802707029e-05	0.00673524056075266	3.50645802701689e-05
5.08227201495884e-05	5.0822720136409e-05	0.00740464119453839	0.052177583607545	5.08227201318737e-05	0.0235903636660671	5.08227201318711e-05	5.08227201318711e-05	0.847026877681739	0.00201986474233022	5.08227201318812e-05	0.025178499323234	0.0159410711750177	5.08227201306874e-05	0.00467434311552741	5.08227201318702e-05	9.80592666182334e-05	0.000365452575465697	5.08227201254159e-05	0.00603788920841401	0.000456065545806935	0.0145210616963629	5.08227201318713e-05
0.007468093361298	2.47112339000763e-05	2.47112339003994e-05	0.0222730639494992	2.47112339003997e-05	0.0145163951331903	0.00139082256843368	2.47112339003995e-05	0.835351018232826	2.47112339003993e-05	0.00530673692140294	0.0378500627048821	0.00901981240031563	2.47112339003995e-05	2.47112339004005e-05	0.00188553711794613	0.00825917049934658	2.4711233822812e-05	2.47112339016263e-05	0.0207369328652966	0.0056236933093868	0.0120505721101013	0.0180456877210479
3.53769806547267e-05	3.53769806546124e-05	3.53769806546126e-05	0.0237549288450927	0.0148080199529085	0.00691255097874764	0.00423342989968811	0.00233878568083695	0.839927203056778	0.00360524604173812	3.53769806546132e-05	0.0264650396123421	0.0317589753533073	3.53769806546127e-05	3.53769806546115e-05	3.53769806546099e-05	0.015947867912563	3.53769806584577e-05	3.53769806580773e-05	0.00397398012006599	3.53769806546123e-05	0.0163039498713613	0.0096162528680166
0.00126927830659783	0.00183243245566251	3.62830515412701e-05	0.0448487467115981	0.0126478354198601	0.00455716652124844	4.47761322622065e-05	0.000761138219641662	0.845859268394613	0.0049813909997291	3.62830515412784e-05	0.0270223486622836	0.0266225248831763	0.00627690498021475	3.62830515412683e-05	0.00473783653071126	3.62830515412703e-05	3.62830517123061e-05	3.62830515326281e-05	0.00763908090332607	3.62830515412712e-05	0.00781470438144134	0.00283058513668215
2.46576059842954e-05	2.46576059841462e-05	0.00417252464318383	0.0214151273606853	0.0154948992098057	0.0282052271554268	2.46576059829121e-05	2.46576059829232e-05	0.846677000141071	2.46576059829121e-05	7.96381937121506e-05	0.0272631522598771	0.0166372892264017	0.00326722406226201	3.30301439626287e-05	2.46576059829124e-05	0.0010959867254061	2.46576059947589e-05	0.0128522153945626	0.0131030614433191	0.00215599174851372	0.00626659765570527	0.0011084313942108
3.56171908336972e-05	0.0011156057439745	0.0122064354042164	0.0221768992708785	0.0283831623868813	0.0415112695941874	3.56171908359238e-05	3.5617190835919e-05	0.837890045388107	3.56171908363876e-05	3.56171908359194e-05	0.0259431216347049	0.00627593518681661	0.00434614931391078	3.56171908359252e-05	3.56171908359238e-05	0.00146642707990884	0.00139458279000781	3.56171908428305e-05	0.00521374870956619	3.5617190836235e-05	0.0117204455884747	3.56171908359257e-05
3.44498174206835e-05	3.44498174217601e-05	0.0106636659472825	0.040784630381707	3.44498174236436e-05	0.0034222181120009	0.00110885691440081	0.00501121810925181	0.861425939341985	3.44498174236451e-05	3.4449817423644e-05	0.0303129124437167	0.0286272715509879	3.44498174236443e-05	3.44498174236426e-05	0.00920281907415601	0.00341468436245107	3.44498177025423e-05	3.44498174251429e-05	0.00147965199628763	3.44498174237091e-05	0.00416718377383649	3.44498174236445e-05
0.000840346377846373	3.49002702385931e-05	3.49002702368784e-05	0.043400893628272	3.49002702368778e-05	0.0388073280941818	3.49002702368785e-05	0.000488159029021984	0.812419474381952	0.00053528202714673	3.49002702368754e-05	0.0383087052712557	0.0264812507548647	0.00461377121237332	3.67134313025224e-05	0.00191710188433062	0.0136580634174105	3.49002704986225e-05	3.49002702354374e-05	0.00638835487577566	0.00303843921493889	0.00878691423717006	3.49002702368773e-05
3.47940420650372e-05	3.47940420654452e-05	3.47940420639238e-05	0.0279850854907128	0.0322042071220584	0.00467246426062301	3.4794042063924e-05	3.47940420639226e-05	0.79209580480223	3.4794042063924e-05	3.47940420639223e-05	0.0606946635444712	0.0344983706145358	0.00477651246599655	3.47940420639273e-05	3.47940420639246e-05	0.011382054740762	3.47940412518562e-05	3.4794042061093e-05	0.00265187878997374	3.47940420639068e-05	0.0285866356226176	3.47940420639252e-05
3.62911216919223e-05	3.62911216763831e-05	0.00154660548114172	0.0354752677439877	0.0100070808646719	0.0118810644684599	3.62911216936177e-05	3.62911216939591e-05	0.836667612917097	3.62911216944885e-05	3.62911216939632e-05	0.0484416740525404	0.0143943279677852	0.0100491385397451	3.62911216939577e-05	0.00850816249472497	3.62911216939589e-05	3.6291121691839e-05	3.62911216953176e-05	0.0130171039006476	3.629112169383e-05	0.0053400000813547	0.00427275914923027
3.51075347910316e-05	3.51075347874017e-05	0.000262434796969085	0.0337292981483559	3.51075347898489e-05	0.020693649851969	3.51075347898467e-05	0.00660172914269427	0.811364763823184	3.51075347898471e-05	3.51075347898303e-05	0.0531652187477185	0.02189236713454	3.51075347898481e-05	0.000820791661416395	0.00105610426544009	0.0250415530340547	0.00177152840040297	3.51075347918231e-05	3.51075347898461e-05	3.51075347896951e-05	0.0232143781105665	3.51075347899148e-05
2.48230414934129e-05	2.48230414933534e-05	2.48230414934127e-05	0.0409793099257078	2.48230414934138e-05	2.48230414934123e-05	0.00625311266048212	0.00775759011411065	0.794549027279344	0.00465868738906264	2.48230414933904e-05	0.0562958947046897	0.032641819013482	2.48230414934125e-05	2.48230414934127e-05	0.0019753813673692	0.0276196588245896	2.48230414229429e-05	2.48230414937833e-05	2.48230414934124e-05	2.48230414934126e-05	0.0269468191818183	2.48230414934123e-05
2.51363392856056e-05	2.51363392857701e-05	2.51363392850202e-05	0.0205927555674482	0.0392491709348052	2.51363392850198e-05	0.00565358549590748	2.51363392850249e-05	0.845224016382358	3.11575832060006e-05	2.5136339285016e-05	0.0296968644813235	0.0315423811636777	2.51363392850204e-05	2.51363392850244e-05	2.51363392850179e-05	2.51363392850198e-05	2.51363391104524e-05	2.51363392860467e-05	0.0127371193599609	0.00887621488371524	0.00606996173706426	2.51363392850207e-05
3.50372225221531e-05	3.5037222519649e-05	3.50372225169215e-05	0.019168481105928	0.00258915293360217	3.50372225169214e-05	3.50372225169225e-05	3.50372225169213e-05	0.836109448003636	0.00584128661147846	3.50372225169187e-05	0.0236458036673598	0.0497355482026189	0.0120376138550351	0.00306417780070817	3.50372225169212e-05	0.0117072821257337	3.50372227096643e-05	3.50372225257364e-05	0.00450397767984353	3.50372225174255e-05	0.00966956376014281	0.0215422548060174
2.48774224303045e-05	2.48774224359413e-05	0.00116373435789688	0.0291504239519872	0.00187988147131817	0.0077437908735556	0.000548717486658402	2.48774224276709e-05	0.812442520437193	2.48774224276716e-05	0.00108958314597404	0.0430767029724611	0.0211573967478477	0.00276885723834177	0.00929867405826769	0.00650150978010565	0.0271900596548978	2.48774234468451e-05	2.48774224256006e-05	0.00572469629758445	2.48774224269948e-05	0.0300644321454621	2.48774224275023e-05
0.00285888129297261	2.43481827772724e-05	0.00514121588062897	0.0446390288692295	2.43481827778115e-05	0.0102055115619448	0.00250642213588303	2.43481827778139e-05	0.842710911485461	2.43481827778126e-05	2.43481827775388e-05	0.0367685329111017	0.000820175010655238	2.43481827772627e-05	0.00624019913274043	2.43481827778122e-05	0.0116625077493636	2.43481829942638e-05	2.43481827774877e-05	0.0125831960493293	0.00380093695670882	0.0198189991359882	2.43481827778122e-05
0.000438281107778592	0.00184222120838968	0.00734056677517567	0.00606167606604915	3.70703132014721e-05	3.70703132014694e-05	0.013433477199971	3.70703132014692e-05	0.843036414326114	0.000596010059236804	3.70703132014682e-05	0.0433357644570529	0.0219162626067182	3.70703132014688e-05	3.70703132014679e-05	3.7070313201469e-05	0.044776286255482	3.70703131438534e-05	3.70703132338259e-05	3.70703132014688e-05	0.00614124490544423	0.0106740215873949	3.7070313202602e-05
3.49414422338423e-05	3.49414422067013e-05	3.49414422106625e-05	0.0384176274970025	3.49414422106633e-05	0.001901829346669	0.00319664835502205	3.49414422106618e-05	0.838570482456486	3.65456507710988e-05	3.49414422106579e-05	0.0166730121662225	0.048966752790446	0.0130987116800222	3.49414422106609e-05	3.49414422106615e-05	0.0193531743452257	3.49414430537512e-05	3.494144220726e-05	3.49414422106625e-05	3.49414422106632e-05	0.0193309769625348	3.49414422106613e-05
0.00246417995997465	3.49808827402239e-05	3.4980882738623e-05	0.0453021842045253	3.49808827386231e-05	0.00741280390175478	0.00296047901548742	3.49808827386233e-05	0.814545102697213	3.49808827386227e-05	3.49808827386167e-05	0.0380019382211995	0.0303721167410782	3.49808827386227e-05	0.0128290608880903	0.0165943478634079	0.0186120596147916	3.49808827436223e-05	3.49808827381315e-05	0.0029328430263368	3.4980882738624e-05	0.00758809415600943	3.49808827386229e-05
