Bcells	CentralVeinEndothelialcells	Cholangiocytes	Hepatocytes	Kupffercells	LSECs	Mesothelialcells	PortalVeinEndothelialcells	Tcells
8.98543220942129e-05	0.00806732575251097	0.0322966401926164	0.915432519121006	0.0238936030119768	8.98543220236364e-05	0.0168010293024721	0.00323931965319738	8.98543221028889e-05
0.00443666398877526	0.00268409942956885	0.031875845831665	0.905936839570907	0.0275638587946181	0.00177360664077081	0.009142948673478	0.00415458959140117	0.0124315474788152
9.06308960347033e-05	0.0117958227102074	0.0258153404960946	0.920867782628197	0.0270539952541535	9.0630895980941e-05	0.0128181255735531	9.06308959627206e-05	0.00137704064981596
0.00457931970619254	8.94952529820899e-05	0.0281992942701638	0.930413598185275	0.0153175125856304	0.00776559127049457	0.0107469667846429	0.00279872669167855	8.94952529397667e-05
0.00341361651029722	8.96010428278676e-05	0.0311322937429699	0.923353810155749	0.0272536247279554	8.96010428352217e-05	0.00992556617843406	0.00465228555613608	8.96010427956567e-05
0.000211853309933253	0.00320211633346932	0.0321975410179102	0.908874953227069	0.0363332027965979	9.20133716437015e-05	0.0149487798513555	0.00200488170824427	0.00213465838377699
8.99510174573848e-05	0.00600071885810976	0.0192140288028201	0.934878255886207	0.030560580602138	8.9951017400997e-05	0.00898661178105472	8.99510173517851e-05	8.99510174601024e-05
8.86989300012536e-05	8.86989299369268e-05	0.0297538173313034	0.926569498431108	0.0246764057853268	0.00726626567175859	0.0113792170607353	8.86989298397556e-05	8.86989299899447e-05
0.00053852394623152	9.20825359617261e-05	0.0530627166347562	0.897598583968651	0.0189046395046318	9.20825359793399e-05	0.0153325727422827	0.0136212090229527	0.000757589108553139
0.00839999851691614	0.00299434239516633	0.0309999668481314	0.923714917838129	0.0231911605904552	9.16925601923636e-05	0.00944464516281043	0.00107158352795032	9.16925602490432e-05
9.38382189551649e-05	0.000553259613459864	0.042917520419846	0.923164387324349	0.0135296624149698	9.38382189287848e-05	0.00949841142460313	0.00457131101160877	0.00557777135327942
9.08614997281395e-05	9.08614996863101e-05	0.0294399324148723	0.928268011808907	0.0260754319048745	0.000872230681390089	0.0109444775045467	0.00412733118626279	9.08614997326622e-05
8.99317352240685e-05	8.99317351753529e-05	0.02827101803429	0.927008867840557	0.0217865551670207	0.00482194753753365	0.0126470510423554	0.00519476517261652	8.9931735226778e-05
9.00675160722659e-05	0.00308358915268407	0.0291635337161595	0.91438869361137	0.0329644138722997	0.00695726947703881	0.0131722976221783	9.00675161249809e-05	9.00675160720131e-05
9.26438130590197e-05	9.26438130384169e-05	0.0290106839000524	0.924373934267765	0.0321101170989117	9.26438131411506e-05	0.0118895774921606	0.00175503394024133	0.000582721861630559
8.9744084637355e-05	0.00993401633797482	0.026875281499683	0.931233536340162	0.0129706022730844	8.97440845897157e-05	0.0186275872105912	8.97440846331196e-05	8.9744084644382e-05
9.18615113677003e-05	0.0017236074988442	0.0610846772403536	0.898724650688418	0.0203175186587956	0.00788578603171236	0.00931115234307678	0.000768884516065373	9.18615113667488e-05
0.00335603212154469	0.00755937356537908	0.0230159338870076	0.933261369883914	0.0166117972702061	8.99850418345384e-05	0.011788913020248	0.00422661016800795	8.99850418578128e-05
0.00247900388370119	9.26854530083941e-05	0.0367373721462916	0.902065810773916	0.026128052603591	9.26854529943369e-05	0.0161541935030273	0.0124323916212985	0.00381780456217129
0.00625281810154922	9.03496044477878e-05	0.0224269676791628	0.905294898169924	0.0409443336145013	9.03496044719099e-05	0.0227579179203507	0.00205201570112934	9.03496044631041e-05
9.1410402054016e-05	0.00319372407185327	0.021339047196841	0.94764552063084	0.0132141378674621	0.00268470129506362	0.0114089557842679	9.14104020568168e-05	0.000331092349561385
0.00116600706845318	9.08174508188344e-05	0.0724410780461392	0.876922765948076	0.0171676928556948	9.08174508583739e-05	0.0163673287982232	0.006328724444943	0.00942476793679285
0.00382359608745344	9.1689078837148e-05	0.0311192875905088	0.910860490859515	0.0232366434823627	0.0113095485372121	0.0154404257236059	0.00402662956167566	9.16890788287239e-05
0.00108855769565153	0.0013099329568145	0.0366844492515099	0.921078951472369	0.0121835697574794	0.00672097053287279	0.0133886536239204	0.00745168306436086	9.32316450217026e-05
0.00440113441769302	8.99672754835509e-05	0.032678402290454	0.918738014748147	0.0279437871755577	0.00545266527681506	0.00716757104305122	0.000758110267551593	0.002770347505247
0.00242919763522622	8.93508405084031e-05	0.0289458051431538	0.925080217400491	0.0258003343790654	8.93508406940571e-05	0.0127525075254978	0.00472388539480694	8.93508405566081e-05
0.00257886074929568	0.000722557971350477	0.0265586937943177	0.936033527955327	0.0181556382712133	9.05531416579707e-05	0.0150634063547113	0.000707538768448917	8.92229936772601e-05
0.00895956308542818	9.00163628128445e-05	0.0278990836761969	0.923657998223608	0.0189678303643326	0.000332123548411591	0.0145801351642772	0.00542323321205587	9.00163628773008e-05
0.00117958226860148	0.00429052714401971	0.0308544630110206	0.926927504269224	0.0192171187724241	8.98788377979282e-05	0.0145728551408097	0.00185386313851139	0.00101420741759161
0.00198592269503129	0.00510011041031265	0.0193248583325787	0.918729907621293	0.0301249439978887	9.03079353039122e-05	0.0126946984940524	0.00230399029594879	0.00964526021759086
9.44737783663187e-05	0.0051472243278545	0.0359140821410972	0.92872795840246	0.0189740899161642	9.44737783087981e-05	0.0108587500990856	9.44737782952892e-05	9.44737783679459e-05
8.99661110409944e-05	0.00752613434261655	0.0313833342026073	0.899707879389014	0.0337711604205353	8.99661110339206e-05	0.0103894571795335	0.00904203285766069	0.00800006938595759
0.00508895928559995	0.00692197817117788	0.0277757832413883	0.905450167223596	0.032111248094484	0.000882100181091455	0.0172912826122761	0.000479565478604257	0.00399891571178207
0.00907792913060263	0.0329566665810598	0.0335556015161759	0.878119712522054	0.0170040563658462	8.46710716431005e-05	0.0220066956206772	8.46710716336333e-05	0.0071099961203072
0.000213516284193964	0.0126399224651086	0.0185625927066847	0.932803743009113	0.018582837713958	0.000832256611701729	0.0127489076183985	0.003526497349365	8.97262414767709e-05
9.17559365340852e-05	0.0109086980511435	0.021600767684686	0.914707827003247	0.0384730891388775	0.0025006912023897	0.00976666813666273	0.00185874690992026	9.17559365389459e-05
8.79786030712019e-05	0.000862101939691985	0.024992922330135	0.905049567871366	0.0357569624774467	0.00810528158351258	0.0139578038060023	8.7978603168405e-05	0.0110994027856056
0.00195718441631083	0.0208802594367205	0.0232356694716398	0.909220319998174	0.025941584578915	9.08192986931275e-05	0.0172860653365505	0.00129727816429072	9.08192987055676e-05
9.09178526178977e-05	0.0116232443372888	0.0235041709772793	0.928909874306162	0.0196210113554726	0.00239250552687398	0.0136764399389321	9.09178527349217e-05	9.09178526382234e-05
0.00344256012834577	9.01325647272142e-05	0.0248250291972794	0.922173901733983	0.0289818309315176	0.00806227056728472	0.012244009747441	9.01325646470005e-05	9.01325647741922e-05
0.001853768930165	0.0120237335670804	0.0263978078852986	0.914283949135827	0.0207088398097558	9.08724693249769e-05	0.0132877231945701	9.0872469364369e-05	0.0112624325386138
8.91104352060598e-05	0.00398741818285915	0.0276742441542804	0.933991737747001	0.0155026940035965	8.91104351568335e-05	0.0136214413434205	0.00495513326327231	8.91104352068963e-05
0.000535874725606031	9.12741885007707e-05	0.0382670956142129	0.917216802535576	0.0249104389957706	9.12741885788113e-05	0.012553971905828	0.00624199365738526	9.1274188541982e-05
8.93840145327505e-05	0.00654559067473854	0.021101088602415	0.931873739015112	0.0197500000440801	8.9384014474605e-05	0.0200702136338837	0.000391215986230938	8.9384014532564e-05
9.19237123268904e-05	0.00550167776158736	0.0316026765088217	0.928288521078452	0.0224712410179199	9.19237123089718e-05	0.00801797101505063	0.00240374040893876	0.00153032478459341
0.000818175422691552	0.018558174884757	0.0286244228934811	0.918220474918153	0.0151472801254695	8.97400664613046e-05	0.0166006294817027	0.00185136214077367	8.97400665099233e-05
0.00111530625948473	0.00311577892011602	0.0232887444837097	0.931668972125663	0.0314233239825528	9.04384573681637e-05	0.008094841977725	0.00111215533613123	9.04384572497025e-05
0.000611075215677758	0.00543896556789906	0.0251372727282477	0.931143209749004	0.0249821340203594	0.00300055062483185	0.00747094002623919	0.00212537677152066	9.04752962204376e-05
9.00655351089998e-05	0.0169689502526862	0.0211319710308288	0.922686352128665	0.0141411156226788	9.00655350730419e-05	0.0171502266489719	0.00765118771087673	9.0065535110471e-05
0.00177932202827958	0.00848128153123516	0.0300766459345218	0.924831350306552	0.0196100164848461	8.99831895066463e-05	0.0107315333812509	0.000117275001810869	0.00428259214199746
8.87301240386425e-05	0.00534198125926575	0.0321477525262621	0.932266411173502	0.0174713739490895	8.873012395086e-05	0.00857711597247672	0.00297257022566202	0.00104533464575258
0.00572219157324649	9.25185572341485e-05	0.0547494228267753	0.890219235689231	0.0235395204274297	0.00475179892566782	0.00932292163580073	0.0107057642139896	0.000896626150625072
0.00209259265240418	0.0186604371400744	0.0320079730035206	0.908617737255091	0.0179388536137848	0.000744725037482599	0.0126759499858848	0.00717294235627779	8.87889554798745e-05
9.55518641859683e-05	9.55518641415765e-05	0.0470046225125983	0.923640541039637	0.0112008198011305	9.55518641334172e-05	0.00995083847769996	0.00782097071228473	9.55518641882751e-05
0.00379798977523365	0.00868057742798722	0.0239394231069565	0.932027463915855	0.020920178799816	8.81333667442791e-05	0.00989544446046637	8.81333666970308e-05	0.000562655780243877
0.00368744199049898	0.00945416709391425	0.0224615149319957	0.910829955656182	0.0277648072630541	0.00340779995770966	0.0159496691762285	0.00635580269272186	8.88412376954109e-05
0.000200481128671891	9.02099799887645e-05	0.0305256801131211	0.932558227499861	0.0160397462498864	0.00891666005105932	0.0106446800357493	9.02099799339245e-05	0.00093410496172859
9.05030486212644e-05	0.00518456092802996	0.0274338731384594	0.925698333375897	0.0274155574335131	9.05030485966537e-05	0.0139056629296866	9.05030485751275e-05	9.05030486210188e-05
9.05311452872117e-05	0.0062204533337644	0.0273723613817804	0.927272099654044	0.019377638445374	0.0053860875055138	0.0139649266619486	0.000225370726993676	9.05311452944294e-05
0.00525178831231851	8.94414640343895e-05	0.0375256199455394	0.923599241823803	0.0196935870273872	0.00195841240217007	0.00859455475531449	0.00319791280533511	8.94414640976001e-05
0.000389634381196362	9.33268708903985e-05	0.035750106767705	0.917667049153223	0.0230521489477081	0.0113098884206307	0.0102720257895046	0.00137249279824446	9.33268708970222e-05
0.00526680820203605	0.00160968095330432	0.0339511781943803	0.91742683663232	0.0259513823867483	0.00545420233748742	0.0101615415592784	8.91848672240423e-05	8.91848672211628e-05
0.000842196573384048	0.00981157444688891	0.0291514883177451	0.902257900538318	0.0225437412251144	0.0078282722137412	0.015932254859641	0.000129921947519942	0.0115026498776472
0.000904714599079566	0.000389228400185202	0.0346258134835772	0.919893276610061	0.0179959520321686	0.0171679891049261	0.00884567907315237	8.8673348372913e-05	8.86733484773e-05
0.00129545058135452	0.000999071049749297	0.0215132983619738	0.920977051459094	0.0211799340353786	0.0149339647927336	0.0135721379226625	8.80211302231307e-05	0.00544107066683033
8.86732194336422e-05	0.00728675969037834	0.0230494539677145	0.929183984660654	0.0208338988047773	0.00165842753639846	0.0114371092159259	0.00377489329883248	0.00268679960588517
8.99553757294648e-05	8.99553756590196e-05	0.022862133360682	0.943708845200307	0.0199923329506852	0.00244903365252006	0.0106278333329702	8.99553757182391e-05	8.99553757288802e-05
9.16701894793264e-05	0.00687499204601639	0.0279741609139416	0.933602989126122	0.0146116471136711	9.16701895667642e-05	0.0157658318009103	0.000895368430840772	9.16701894521644e-05
0.000958962804717211	8.94542283408724e-05	0.0306637355251334	0.919229172988879	0.0224949104301607	8.94542283553717e-05	0.00855336918666309	0.00356897705543447	0.0143519635523156
0.000917856038195577	0.0066130948655572	0.0253010695444932	0.932772291740956	0.018299066869524	0.0020746378977664	0.0124792961670667	9.13200654195824e-05	0.00145136681102105
0.000927370270172754	0.0032446002513293	0.0284690195954737	0.937232280818701	0.0176617382034561	0.000818662206949834	0.00975466141338341	9.17628481232646e-05	0.00179990439241058
9.02330692161616e-05	0.00513088800208944	0.0202448673204914	0.930236335074153	0.0154449211864254	9.02330691771459e-05	0.0142940392775774	0.00686011551897482	0.00760836748189466
0.00220459541133411	0.00740191945961821	0.0260961036110607	0.928089790696564	0.0169202343934252	9.04048086221143e-05	0.0154723713822106	0.00363417542848865	9.04048086767784e-05
8.91743341787407e-05	8.91743341547858e-05	0.0286863890845498	0.942366308842563	0.0160869638357295	0.00237197021207065	0.00990684288456408	0.000314002138001905	8.91743341880249e-05
0.000129853302995138	0.0148490478534175	0.0195912708873429	0.916390166488636	0.0272471716373328	0.00406754051356803	0.0107959052245133	0.00479666118055453	0.00213238291163926
8.95138256562375e-05	0.0111694296631816	0.0252979224101118	0.914145626783606	0.0352554066751662	8.95138256545004e-05	0.0137735591653186	8.95138256554931e-05	8.95138256493449e-05
9.29715245808253e-05	0.00492453434674525	0.0343818071266088	0.924527812262609	0.0273855009831692	9.29715244993538e-05	0.00791236513922278	0.000589065567961777	9.29715246027963e-05
9.11390507048115e-05	0.0106689720588819	0.0164667300605565	0.917330100109488	0.0371076283543946	9.11390506938327e-05	0.0140652118974992	0.00408794036707088	9.11390507099189e-05
9.15451872591901e-05	9.15451871830772e-05	0.0310296335495014	0.914440730584322	0.0347099702188462	0.00681103754202722	0.0126424473563602	9.15451872367566e-05	9.15451872635842e-05
0.00264220761263248	9.06757768839032e-05	0.0314039307273153	0.93386961867224	0.0182372064323834	0.00425945128410835	0.00813520852117725	0.00127102519632979	9.06757769298146e-05
9.07260370955017e-05	0.00566816590995462	0.0193771589750502	0.939069614100853	0.0153617045961985	0.00858137699505845	0.00926040204665975	9.07260371557006e-05	0.0025001253019746
0.000291650014350285	0.00380918476643464	0.0311339641240367	0.918483697504004	0.0290305196007581	9.10120366517922e-05	0.0165399153395479	9.10120366111246e-05	0.000529044577605194
8.88602572471293e-05	0.00212511602081266	0.0246947891646187	0.934453037446624	0.0231201432536281	8.88602570471428e-05	0.0134647940583532	0.00187553928441707	8.88602572515278e-05
0.00106994939737254	9.30985636667524e-05	0.0364376803321346	0.919461007963338	0.0280745062090326	9.30985637706833e-05	0.0123710696780187	0.0023064907289534	9.30985637128866e-05
8.97107314368838e-05	8.97107313883147e-05	0.0213827206788926	0.928838797627057	0.0144215885532997	0.00491569900547626	0.0157356863488196	0.0144363755921879	8.9710731441752e-05
0.000925894934489026	9.01567110348742e-05	0.0321833899598601	0.918663277259376	0.0248259322475735	0.00515544700873484	0.0136599155450003	0.00123416880921831	0.00326181752471334
8.95920655366021e-05	0.012913031503037	0.0195453733103898	0.927916665844587	0.0201668810006384	0.00493064286177414	0.0124298768379488	0.00191834451055308	8.95920655352825e-05
9.00318570536814e-05	0.00925935731117822	0.0287892052151222	0.929406384262588	0.0220176039941042	9.00318570294231e-05	0.0101673217889133	9.00318569570303e-05	9.00318570535621e-05
9.14523041523527e-05	0.00180420028340891	0.024836306520746	0.93787870004322	0.0152566553383857	0.00196580352629469	0.0124220135463262	0.00162552000969665	0.00411934842776912
0.00123611452987162	0.00416114034684975	0.0440520569458616	0.912728716501019	0.0139338835572224	9.3797154992997e-05	0.0126209850884884	0.0110795087206865	9.37971550080774e-05
0.000873047841308574	9.45610737145509e-05	0.0186075186156567	0.934288740428558	0.0290029863536656	9.45610737322073e-05	0.0120812423951665	0.00486278114443708	9.4561073760495e-05
0.000357405813705691	9.41071980653993e-05	0.0539095439625414	0.91135269500735	0.0152441740488157	9.41071981400776e-05	0.0100912815517649	0.00876257802147947	9.4107198137449e-05
8.97219780729788e-05	0.0101687248022155	0.020919348210677	0.935909067434154	0.0197677607231291	8.97219781127745e-05	0.0128762109175121	8.97219780383412e-05	8.97219780878001e-05
0.00226910051336502	9.25241571352131e-05	0.0378644149231157	0.913971248727319	0.0191758949473973	9.25241571573378e-05	0.00869924667912951	0.0177425217382274	9.25241571537445e-05
0.000894324240649788	9.17741615974222e-05	0.0224335150283332	0.928990059343375	0.0262321192108843	0.00506711813000701	0.0107523406075675	9.17741615445026e-05	0.00544697511604142
9.03452939935244e-05	9.03452939800638e-05	0.0342506513900358	0.913703641722919	0.0260748517509421	0.000843881034881843	0.0177198918474399	0.00516848036893768	0.00205791129687035
9.09445536414347e-05	9.0944553622676e-05	0.0304773300749694	0.913754729538846	0.0319076976158193	0.0133972703582709	0.00791964337067801	0.00227049538050833	9.09445536440364e-05
0.00362775973873384	0.00158034984932054	0.0290281889158139	0.926692115706301	0.0255745638264426	0.00160582253609657	0.011707267663347	9.19658819627144e-05	9.19658819822229e-05
0.00118522120379754	9.08035569873966e-05	0.0199698759768213	0.920880019417148	0.0293733261525161	0.0101767161163368	0.0181424304624744	9.08035569094298e-05	9.08035570095814e-05
0.00167296401763824	0.00488317231644617	0.0269976165025631	0.916510647046981	0.0352233584944386	9.14388715063174e-05	0.0115403224385592	0.00298904144039733	9.14388714703644e-05
0.00154904868296943	0.00313926496214433	0.0247414288628201	0.931561183676416	0.0198434960209007	0.00404564164215976	0.0141750820302531	0.000853971981266005	9.08821410711259e-05
0.0010325040830484	8.99844510974565e-05	0.0203397529142435	0.933741511875132	0.0191168039862466	0.00283698245855463	0.0160372723575628	0.00671520342295347	8.99844511615514e-05
0.00047507037788742	0.00113963671862644	0.0353320745295809	0.939203787276035	0.0122276340445698	8.94640967351909e-05	0.00938032927233388	0.00137848299259223	0.000773520691639194
8.93006602818169e-05	0.0129746485425806	0.027748311014101	0.917088634062973	0.0272131090641039	0.00343589085503557	0.0112715044802598	8.93006603852961e-05	8.93006602791178e-05
8.89197725269179e-05	8.8919772560493e-05	0.0288438552884098	0.929673297847257	0.0164228036024716	0.00717032862581358	0.011990446676368	8.89197724983577e-05	0.00563250864209447
9.10098860681302e-05	0.00201497807027639	0.0264857794962641	0.942871565347563	0.0170679540979231	9.10098861021018e-05	0.0111956834435528	9.10098861806574e-05	9.10098860696891e-05
9.22860624800237e-05	9.22860625141933e-05	0.023792579034345	0.932700177019098	0.0221955233933214	0.00916274122362037	0.00972379382644047	0.00214832731569995	9.22860624807796e-05
0.00197955931641053	0.00614147663826754	0.0252319071548923	0.933200571772012	0.0275663629584745	8.86649164421359e-05	0.00561412741061571	8.86649164305781e-05	8.86649164549589e-05
9.3039158244416e-05	9.30391582175676e-05	0.0275658688719784	0.925746746036648	0.0274787994162482	0.000656448915842668	0.012813066896201	0.00545995238835489	9.30391582646773e-05
0.0071466367031282	0.0171092905631395	0.0301080613779164	0.891235391940785	0.0213146886080043	8.86567719477774e-05	0.0237684607461267	0.00914015651699418	8.86567719574985e-05
0.00393969895458143	8.94019727575145e-05	0.0290249355065853	0.941007591394874	0.0109358242013863	0.00273516694050999	0.0113733693439856	8.94019727262771e-05	0.000804609712593676
9.06812658686194e-05	9.0681265924855e-05	0.0241519564894389	0.923167340377875	0.0330046229313364	9.0681265837288e-05	0.0106661029965847	0.008647252141264	9.06812658705951e-05
0.00926241854659101	8.99278178982742e-05	0.0257539197118267	0.925484991818258	0.0226714993204932	0.000885952482495826	0.0110323057166512	0.00440187287132815	0.000417111714458025
9.30712856160319e-05	9.3071285576671e-05	0.0457557833923705	0.917295737706326	0.0168650248394932	9.30712855988449e-05	0.012994775265843	0.00671639365355757	9.30712856183842e-05
0.00205550919958515	8.99937490232101e-05	0.0247842429906844	0.929940015609338	0.0253752318494475	0.000606288823189647	0.0100524525148375	0.0070062715148151	8.99937490792517e-05
0.000134615151463399	9.23844389257605e-05	0.0434182251117807	0.921176575815604	0.012866571147603	9.23844389334653e-05	0.00975146745290395	0.0123753920038488	9.23844389367422e-05
0.00153677976639507	0.000507561899548246	0.0329292891167942	0.906056642053697	0.0360435344590165	0.00413549224284782	0.0111447906438084	0.00472391271466004	0.00292199710323254
8.93105184588074e-05	0.00366182061184605	0.0266530752709467	0.934839317099476	0.0145910736677314	0.0017553160845731	0.0142086080541027	0.00315525932158442	0.00104621937128148
0.00135161569877907	0.000129607381811481	0.0293547383765984	0.911476364456037	0.0389663683047085	0.00211572709552293	0.00913311805669961	0.0031384272276673	0.00433403340217613
0.0126791903739217	0.0042700064453164	0.0278736824916675	0.913678392319576	0.0264963847498808	8.87604663230767e-05	0.0142914253072917	8.87604663153062e-05	0.000533397379707244
0.000280884338178366	0.0013941482277128	0.0397741312535585	0.901959013844549	0.0343597339788544	0.00250233593591014	0.0122298241523713	0.00740702959670717	9.28986721578314e-05
8.96417258429518e-05	0.0109410836419011	0.021670364457177	0.937509195973316	0.0188745838161911	0.00049961666032804	0.00991168049515169	0.000414191504239246	8.96417258522577e-05
0.00631750544682369	9.0368893994987e-05	0.076790331479181	0.872159758379019	0.0151929587417977	9.036889384262e-05	0.0181997729083027	0.0110685663630783	9.03688939596699e-05
0.0017757744603019	0.00446833528562382	0.0246945523049375	0.930906445980819	0.016982290073016	8.9616165275822e-05	0.0147660346164096	0.00357204298823196	0.00274490812538403
0.00728715924254283	0.0108023944936158	0.0479463757880662	0.895857055839367	0.0191289099289961	9.27674792487468e-05	0.0169301869715425	9.27674793539487e-05	0.00186238277726685
0.00162913075078431	0.0263441078052033	0.0255668488938382	0.903468004753655	0.0189798170253367	8.84913415024571e-05	0.0138631628272984	0.00413773229840775	0.00592270430397406
0.00185145820763411	9.22165771588498e-05	0.0388189055770345	0.913960383322081	0.018085001082053	0.00487798679588097	0.00898061844672287	0.0132412134142849	9.22165771502045e-05
9.00267648648134e-05	0.00661711007982442	0.0304569954810747	0.932320150137808	0.0151091809014632	9.00267648703475e-05	0.00817386194430316	0.00636096125047974	0.000781686675311101
9.05562897279486e-05	9.05562896706827e-05	0.0367418291521216	0.92368459542976	0.027906205932296	9.05562897651481e-05	0.00887077735312192	0.0024343669738022	9.0556289734417e-05
0.00141391193531732	9.81120223582188e-05	0.0297080874337818	0.926177611029277	0.0220813064465373	9.00095272387172e-05	0.0161689380684649	0.00254665007205665	0.00171537346496836
0.00398420801761431	9.25209230092729e-05	0.02983507550413	0.915877647007731	0.026411012547258	0.00371885045790167	0.0157290727276339	0.00425909189167689	9.25209230450765e-05
9.05755803300375e-05	0.00175775097913759	0.0278587977076804	0.92736879642371	0.022968896969947	9.05755803744165e-05	0.0146723871287154	0.00469865413576558	0.000493565494340123
9.201653542786e-05	0.00313131002686352	0.0244038333476754	0.932551507949506	0.0247120067277893	9.20165352650105e-05	0.0139512929899462	9.20165354082256e-05	0.000973999352118586
8.94887640920909e-05	0.00344976582374807	0.0183878851337422	0.94309855740638	0.0204640104433737	0.00548062505168011	0.00885068984881415	8.94887640746054e-05	8.94887640946866e-05
0.00135337769966383	0.00311419158998916	0.0231282454090761	0.932197342346321	0.0288342419114336	0.000700855742626148	0.00941824281377989	8.95711084093366e-05	0.00116393137870045
9.25662528062621e-05	9.25662527237455e-05	0.0360643216283488	0.914337280293432	0.0315343151883018	0.00519906722849257	0.0101994811432751	9.25662527750669e-05	0.00238783575984428
0.00181000001490685	9.28936006082888e-05	0.0364269595863817	0.923641602819546	0.0134929161518736	0.00468975585490677	0.00794333822446018	0.0118096401466891	9.28936006274108e-05
9.30199751433744e-05	0.00222018365859535	0.0231313707001449	0.942696224492828	0.0176416350465686	9.30199750919288e-05	0.00987782466864769	0.00415370150785875	9.30199751216392e-05
0.00271230481829504	9.07590921588723e-05	0.0253723947262349	0.935198542432668	0.0230195433018201	0.00021238348464257	0.00815404840985832	0.00514926464203919	9.0759092282807e-05
0.000710051327055548	0.0127541376887024	0.0242387789934916	0.924997162639279	0.0226565650897365	8.95850507236154e-05	0.0104998188953315	0.00375029420148877	0.000303606114191006
0.00873114748235092	0.000129118996857696	0.0254720644396298	0.917939520163508	0.0201114771623204	0.00813667681451266	0.0139105422867887	0.00440748057530743	0.00116197207872486
6.39546060244134e-05	0.00693029389918454	0.0215414599868315	0.934199625477498	0.025910799885516	6.39546060203736e-05	0.00957928274633916	6.39546060386292e-05	0.00164667418654758
0.00289356186790852	0.00114198655446628	0.0242062954072699	0.915814630687911	0.0315045233981308	0.00477085330941078	0.014963955283711	0.00461156032062955	9.26331705621265e-05
0.00254987521237905	0.00108352281535737	0.0289908921736808	0.896563430768257	0.052267039825128	9.12924013952069e-05	0.0128031638804018	0.00555949052201092	9.12924013895382e-05
9.24674080134223e-05	9.2467407957837e-05	0.0350433942337885	0.924839875221149	0.0296266127418412	9.2467407992247e-05	0.00836548543435498	9.24674079025441e-05	0.00175476273700042
8.9658843278203e-05	0.000468356542038322	0.0261186405097441	0.93938625312216	0.0192658550577585	8.96588432337097e-05	0.0144022593952036	8.96588432899323e-05	8.96588432937044e-05
0.00169517324118256	9.09733673793205e-05	0.0305748891145125	0.919277712005803	0.0318638350124865	0.00327702572516654	0.0130384447987113	9.09733673653259e-05	9.09733673935915e-05
0.000994532891418961	9.30768559235466e-05	0.0326835173700346	0.923037738222401	0.0262114676988392	0.0056724822805078	0.0101135750671209	9.30768559997059e-05	0.001100532757754
8.9341343709226e-05	0.00355322187445554	0.0254646092937728	0.926043652480926	0.0245186311630124	8.93413436772506e-05	0.0178956433028304	0.00225621785390775	8.9341343708234e-05
0.00430577330530285	0.00193784864894523	0.028178272939827	0.933382297129159	0.0175347723645444	8.85441719893376e-05	0.00775342703113848	0.00236580608510431	0.00445325832398876
9.00925330867071e-05	0.0104405643555857	0.0226444057513319	0.928637392515195	0.018623965589177	9.00925330697527e-05	0.0122608960188288	0.00657564605787995	0.000636944645845068
0.00490515977942778	9.02028768836231e-05	0.0287152817556386	0.924137757436994	0.0187398572158549	0.00673111588409327	0.0155438894611725	9.02028768645399e-05	0.00104653271307092
9.189840121848e-05	9.18984011794237e-05	0.0283038038636224	0.917511132175332	0.0260139582765442	0.00826929517825081	0.0171014747774588	0.00252464052517121	9.189840122309e-05
9.17276184503931e-05	0.00908581386100638	0.0378204234317103	0.913108459384748	0.0221932454410814	9.17276184511997e-05	0.00862069898586496	0.00889617604022011	9.17276184674915e-05
0.00106504070839535	9.12730800394344e-05	0.0318791121000382	0.924870192873665	0.0182170924091615	9.12730799352691e-05	0.0150768519468873	0.00837857766672351	0.000330586135154074
0.000373094919566734	9.02339443391633e-05	0.0274961860964275	0.931830244159927	0.0165759405723348	0.0100454714248537	0.0134083609938676	9.02339443220337e-05	9.02339443618836e-05
0.00362996114129081	0.00285507466677312	0.0268881425777702	0.919767635475737	0.0176883005627832	8.94194155575388e-05	0.0130245743156378	0.0145759062386772	0.00148098560577295
9.23288892155776e-05	0.00791102657338439	0.0291839160102668	0.917448067284107	0.0280891446822012	9.23288891989378e-05	0.0135843005113877	0.00350655827102101	9.23288892178235e-05
8.98813209655374e-05	8.98813209139334e-05	0.0306791691332213	0.931825815536629	0.0106256511774466	0.0137110975540781	0.0124583502621102	0.000430272373661129	8.98813209740436e-05
8.89532098324944e-05	0.00821979204624687	0.0318646219905505	0.914904755024246	0.0257222912075503	0.00046838779561217	0.0138508892884506	0.00122564572649771	0.00365466371101375
0.0035488024135624	0.000934148648307409	0.0303061755637533	0.922552115237179	0.0235965853517943	0.00341959785305155	0.0106752297600828	0.00487669581606127	9.06493562078019e-05
8.82865339647768e-05	0.0131452498061697	0.0205142986207844	0.933120188886446	0.0130448044943603	8.82865339277886e-05	0.0192868738267544	8.82865340173807e-05	0.000623724763575397
8.99563594697729e-05	8.99563594463961e-05	0.031007990234403	0.919385271456778	0.0260069055575471	0.0167697279009911	0.00647027941234248	8.99563595578688e-05	8.99563594647019e-05
9.0059363764946e-05	0.00894369965385617	0.0266426629188092	0.920979806124635	0.0250287600779296	9.00593637087008e-05	0.0116050958552049	9.00593637067694e-05	0.00652979727838455
0.00061949047164737	9.34648060422305e-05	0.0399629649670335	0.911156770525135	0.0190854335925383	9.34648060623886e-05	0.0129445980474237	0.0156849543780172	0.000358858406100967
8.86129310788719e-05	0.0217172870120286	0.0232966290997045	0.891386117409158	0.0289189071227698	8.86129309920436e-05	0.0222425516137508	0.00762932229612873	0.00463195958438913
0.00414403711769926	0.00482089904584055	0.0224283407964315	0.927397590612449	0.0234138190401069	9.00727058538124e-05	0.0130480900884208	0.00451270251682712	0.000144448076371517
9.07199106135406e-05	0.00418907882867959	0.029297193116359	0.935588399460235	0.0203345946134775	0.00239220987789929	0.00792636437126045	9.0719910810603e-05	9.07199106647883e-05
0.000708668363497209	0.00685125950475242	0.0251002678989211	0.926793434901305	0.0224214151217487	8.96866668513585e-05	0.0141176373927409	0.0038279434833544	8.96866668287026e-05
0.00125984231580051	0.0088402411005216	0.0217151181832607	0.914681331960464	0.0253405168757385	0.00758443326325744	0.0135719511906217	0.000127616336512235	0.00687894877382299
8.6972308425592e-05	0.0191012590893771	0.0238689908028105	0.904244768135162	0.0118940185853445	8.69723083972282e-05	0.0186160860930379	0.0202987118580416	0.00180222081940385
9.32066782873382e-05	9.32066783210637e-05	0.036450811565663	0.927519275874015	0.0193605880916795	9.32066782677389e-05	0.0125776972657298	0.0037188004897441	9.32066782922491e-05
0.00101668472625471	9.12954664982324e-05	0.0327355941883432	0.91719739837163	0.0275469204251487	9.1295466492314e-05	0.014404023523236	0.00446121415413857	0.00245557367825848
9.18766343304418e-05	9.18766342689171e-05	0.0410940398516563	0.913747062291718	0.0217964544768043	0.00136001110067723	0.0109798254612198	0.0107469769149912	9.18766343338642e-05
8.93800354051516e-05	0.0091262654039828	0.0271227152556831	0.928502322854532	0.0144918955352564	8.93800353320287e-05	0.0188148330361061	0.000555876805881082	0.00120733103782101
9.43163733749335e-05	9.43163733256488e-05	0.0427229771450574	0.922751459343489	0.0144679036403782	9.43163733577619e-05	0.0162531990537206	9.4316373432059e-05	0.00342719532386489
9.15892603756507e-05	9.15892603196784e-05	0.0312502654530669	0.930439670338733	0.015829488506744	0.000610163167291796	0.0157346157371809	0.00172143134878123	0.00423118692750727
0.00638540502403294	0.00430418752843804	0.0312193669597233	0.905332029157001	0.0249579935155812	0.0112769598093462	0.0142724818606412	0.00211860296782564	0.000132973177410779
9.12397384697755e-05	0.00285373444555259	0.0332086099794222	0.932731046900743	0.0191702554379925	9.12397384175221e-05	0.0116713942825752	9.1239738359434e-05	9.12397384674349e-05
0.00159553652653765	0.00672257154419301	0.0290875358578495	0.924531555420868	0.0228040430172897	8.94730881660979e-05	0.0125163833199888	8.94730881532026e-05	0.00256342813695393
0.00877493859828767	8.9016369506544e-05	0.0351174213790398	0.922039249961028	0.0219726107315083	8.90163695275246e-05	0.00938136304578696	0.00244736717575126	8.90163695635527e-05
0.00073378723947596	9.14961601361334e-05	0.0298411192842962	0.93395149196575	0.0174221322408605	0.00444089628212757	0.0133360845069323	9.14961602239686e-05	9.14961601977467e-05
0.00201893778240727	0.00991390058724194	0.0302958851167133	0.923000774371136	0.0240886368766794	9.24972602158481e-05	0.0104043734851343	9.24972601884529e-05	9.24972602838119e-05
8.93410598155496e-05	0.00514912047827052	0.0206526957679585	0.935994678771824	0.0155224157058251	0.00709959159296691	0.014875561969663	8.93410596929334e-05	0.000527253593983746
0.00100798842863051	0.00650799258515619	0.0253193072436265	0.912307631112838	0.0177011768777188	0.000839990986489331	0.015500056533316	0.0143685218019228	0.00644733443030189
9.24319596040151e-05	9.2431959585816e-05	0.0199995003928873	0.936625182949049	0.0212142352412244	0.00185491454655443	0.0133518343855695	0.00645067920060719	0.000318789364917955
0.00403758805859281	0.00567916909691162	0.0185495761984801	0.925991578141036	0.027708623586798	0.00733223264580493	0.010524057123659	8.85875743038822e-05	8.85875744129878e-05
8.98575908757126e-05	0.0112808747974656	0.0235699805367186	0.924786202200086	0.0263486543680629	8.98575908146673e-05	0.0115943892790649	0.00121916688551165	0.00102101675140047
0.000552110170918233	0.0122884798431769	0.0319072037374671	0.915652387756197	0.0243147794608096	8.91824493058435e-05	0.0150174916834735	8.91824493331806e-05	8.91824493189329e-05
0.000545301043889064	9.3088406292122e-05	0.0431653889923527	0.917609259296792	0.0203807030724134	0.0084259609962949	0.00943108381775345	9.30884062887652e-05	0.000256125967923056
0.00349195228238987	0.000989006862095413	0.0338884797793561	0.933928092873282	0.0110618370085015	8.91689508419466e-05	0.0102461289842659	0.00621616430854485	8.91689507225355e-05
8.8878933389509e-05	0.0229610834986077	0.0284189861532799	0.906068059192678	0.019812125096157	8.88789333884974e-05	0.0223842303256548	8.88789334413494e-05	8.88789334030229e-05
0.00220250873146626	0.00214245852204647	0.0287571877252075	0.907311316287305	0.0384342968440137	0.00388884725756335	0.0129331052011617	0.00352652651802695	0.000803752913209736
0.000896129643618195	0.000225494848150164	0.0254601743448848	0.936255988068487	0.0224483497830315	0.00207763138432002	0.00957865831039554	0.000545252010906138	0.00251232160620703
0.00292164747407895	0.00305225047864434	0.0265500710058853	0.924386988063759	0.0326428105201055	8.97964451115641e-05	0.0101768431221818	8.97964450694652e-05	8.9796445164109e-05
0.000472257779931217	0.00720809774874614	0.0218795632327189	0.928609293511755	0.019029352984012	0.00211734063776999	0.0151823633122482	0.00293660780008623	0.00256512299273209
0.000296356722758174	0.00091124787720377	0.0255415997072762	0.924879826582244	0.0262672193157142	0.00327483791449865	0.0105179558806989	0.00822071615010725	9.02398494988918e-05
0.000816735706154479	0.00758843177260696	0.0248545732356145	0.919701024740374	0.0246893622401901	0.000692327020039354	0.0117609375709005	0.00250765441268791	0.00738895330143204
0.0015653736295524	0.0117376274259524	0.02051428732317	0.93040824481902	0.0156179109072227	8.87866211262324e-05	0.0184220871234846	0.00155689552933182	8.87866211404595e-05
9.01556377109498e-05	0.00578949211688211	0.0314139850372892	0.912966441157558	0.0123880338265666	0.0118616285025866	0.0126728377825431	9.01556375989222e-05	0.0127272703012647
9.26365790854491e-05	0.00453700808889689	0.0308704184163822	0.918513178358658	0.026378166521386	0.00428349663074182	0.0118531222701933	9.26365791616719e-05	0.00337933655549486
0.00307299544864653	9.25252692898155e-05	0.0353584858559437	0.921967569679118	0.0160375856334152	9.25252692626563e-05	0.0084815948471364	0.0148041927278874	9.25252692998707e-05
9.1201283649738e-05	0.00245405469580153	0.0280789849092222	0.922137581078163	0.025443647652337	0.00265666931667387	0.00927857448478535	0.00976808529571577	9.12012836508192e-05
0.00373349416112772	0.00265287915566173	0.018963966162179	0.937207270135045	0.0172930153640418	0.00609063010561779	0.0113629144485876	0.000996805466215305	0.00169902500152451
0.00525257288717138	0.0109506442861487	0.0241250010683717	0.916442521851619	0.0180023489660417	8.67472095405835e-05	0.014702744246035	0.0103506722754787	8.67472095932714e-05
0.00031081453452579	0.0193414748108645	0.0263023761413941	0.910197489604175	0.0315545857421466	8.8516544207416e-05	0.00940879956157089	8.85165442056916e-05	0.00270742651691031
0.00684384378744797	9.22353336939562e-05	0.0442235885083057	0.902716369694526	0.0303737819255242	9.22353336883394e-05	0.011459544951497	0.00410616513160485	9.22353337123977e-05
0.00216955387686008	9.04676198001521e-05	0.0228006642295325	0.940634403409904	0.017099367694797	0.00382991493097351	0.00737146544142372	0.00591369517684471	9.04676198640666e-05
0.00234755225613114	0.00099110915634497	0.0250239627629951	0.923514476876754	0.0280663313683195	9.22732832767439e-05	0.0105512799628406	0.00510700183626221	0.00430601249707547
9.02673398354956e-05	0.00424794687449399	0.0279074831361684	0.908891634995399	0.0328171721179733	0.00920551994894277	0.015349811787901	0.000651898677178825	0.000838265122106855
9.01750287503914e-05	0.0113357304029266	0.0257972689288272	0.929291692293358	0.0143216541103487	0.00965197942408266	0.00933114975428473	9.01750286770117e-05	9.0175028744713e-05
0.00244666372184714	0.00839252103247504	0.0201396577590111	0.927005870497732	0.0225034140529455	8.88785334438761e-05	0.0145388436815452	8.88785335077416e-05	0.00479527218749199
9.0054618929968e-05	0.00608245242282657	0.0252268059664167	0.92196004003512	0.0261327797383361	0.0048907764606021	0.0138758629258299	0.00165117321299112	9.0054618947085e-05
0.000100259488210797	0.000171628331582859	0.0290140999247074	0.912161119865673	0.032753434239935	0.00744212381459715	0.0124880125069531	9.22563767122065e-05	0.00577706545162814
9.01913305983664e-05	0.00605696256671296	0.0204308922651913	0.943348343654435	0.0167437346532199	9.01913304549903e-05	0.013059301538185	9.01913305946644e-05	9.01913306077272e-05
9.0284768764045e-05	0.00284499171573004	0.0251680188104163	0.92734430309566	0.0309631365163821	9.02847688077442e-05	0.0078842416350733	0.00272060877115248	0.00289412991801442
9.40407520845795e-05	9.40407520839374e-05	0.0379892649856051	0.91336245061089	0.027692162000489	0.000726466925484237	0.0136472041623203	0.00569445772792503	0.000699912083118039
8.87711560078486e-05	0.00939745366027108	0.0276856014757005	0.918458259259293	0.0164815367037775	8.87711559516935e-05	0.0136119298935791	0.00933059950080052	0.00485707719461847
8.99696906843427e-05	0.0061929061484215	0.029931231642606	0.927798713969685	0.0187446662901986	0.00452834783176687	0.0125342250452758	8.99696906618663e-05	8.99696907001117e-05
9.01972876693494e-05	0.0171341151337305	0.0276072330431164	0.910952235350697	0.0268051117084875	9.01972876597524e-05	0.0155494265996425	0.00168128630132607	9.01972876713396e-05
9.07983651386274e-05	9.07983651212971e-05	0.0267705672715642	0.927689950189494	0.0290545419623908	0.00648324745882708	0.00963849965725215	9.07983650690116e-05	9.07983651433507e-05
0.00158176453965213	0.00689640755164506	0.038999129193869	0.909464695118835	0.0240759628004379	0.00234411437749881	0.0132765977331146	0.00327019833943655	9.11303455110554e-05
9.3314250305194e-05	9.33142502753456e-05	0.0453209727018955	0.922767626589365	0.018370742654586	9.33142502404229e-05	0.00994886367030538	0.00255425267243401	0.000757598960593062
9.030920236748e-05	9.03092023586416e-05	0.0391046481138022	0.92809508746274	0.019006512080018	0.00177498971225037	0.00813810729766447	0.00157157298233947	0.00212846394645937
9.12219981602309e-05	0.0135008488437272	0.0243546721018443	0.920699940956196	0.0186649081836593	9.12219981426393e-05	0.0150051379862896	0.00750082593382161	9.12219981586055e-05
