Bcells	CentralVeinEndothelialcells	Cholangiocytes	Hepatocytes	Kupffercells	LSECs	Mesothelialcells	PortalVeinEndothelialcells	Tcells
0.0185829091547185	0.0419255700386807	0.00201514947199362	0.811542320382943	0.0587417208463132	8.72003731104787e-05	0.0524312654251056	0.00583573140652967	0.00883813290060555
0.0286150097075603	0.0111539363557587	0.0001272083128681	0.761550997001706	0.0870083797677269	0.0214557673011784	0.0148671757738056	0.000127208312859821	0.0750943174665364
0.000298557809326824	0.020702595774458	8.95429282224602e-05	0.796487770958026	0.0791074823635478	0.0202721651822572	0.0390346476861549	8.95429282285097e-05	0.0439176943697783
0.0416967142477032	0.0172017340959234	9.07921665307127e-05	0.813656760795671	0.0347462824061558	0.0342561015196853	0.0219040234177849	0.0105641792973542	0.0258834120531913
0.0348726983660863	0.0250188546302709	9.28220903223466e-05	0.78836259451319	0.0891066308876048	9.28220903330014e-05	0.0113279608686833	0.0134581354781171	0.0376674810753925
0.0213289424183062	0.0102978575696504	0.00166480729645805	0.784448715954052	0.106365479206661	0.0218260421727559	0.0133754921990453	0.000951861120241366	0.0397408020628293
0.00867732592131034	0.0329685288596096	8.93754702787489e-05	0.803057268622918	0.0898237905206671	0.0143042466893772	0.0121649847831047	8.93754702751597e-05	0.0388251036624591
0.0409546702994177	9.18851682082721e-05	0.00102293722143425	0.799952340501016	0.0784752493330948	0.0384078187233931	0.0137959118401654	9.18851682082708e-05	0.0272073017450616
0.0114819007462749	0.0205171210246508	0.0506139312758356	0.753446636759546	0.0579502695698761	0.00557448056374112	0.0228175571504359	0.0501144979634365	0.0274836049462036
0.0420325783581585	0.0211011872838933	0.00318288166239565	0.790129489463777	0.0699540400871459	0.0057014128329278	0.0212222458529673	0.000134986929135908	0.0465411775295985
9.60292423647384e-05	0.00577440158265512	0.0158977893244131	0.816627823491111	0.0381966424730156	0.0155985406966433	9.60292423647411e-05	0.0279021275281965	0.0798106164192357
0.0229405086152036	0.00580795681224026	0.000131941957303196	0.805212249253501	0.0887448907695697	0.0205149251936366	0.0113905539414	0.0108002506864769	0.0344567227706692
0.00557758636676534	0.00128966111886353	9.11546085272105e-05	0.814374752810317	0.0555190887361562	0.0469111241160072	0.0296340331021366	9.11546085272103e-05	0.0465114445326993
0.0306921166376807	0.0217862360769082	8.95309512964953e-05	0.745425054883821	0.106473718100465	0.0412636940900697	0.0261939039238858	8.95309512987193e-05	0.0279862143845747
0.0129166710313583	9.2130140440032e-05	9.21301404369368e-05	0.81306577317666	0.111565168560678	0.00931067128951921	9.21301404400355e-05	0.0201983390864806	0.0326669864339872
0.00506279625284251	0.0249919346014611	8.92713184626866e-05	0.833715922715198	0.0407837419609935	0.0282206553583725	0.0362562041760385	8.9271318466323e-05	0.0307902022981649
9.22090475944611e-05	0.0145451612364663	0.0338949451364942	0.752470364667685	0.0656743069797911	0.034048784821613	0.00904714009323641	0.0287704174553651	0.0614566705617548
0.0137263391766141	0.0408364854485935	8.98162529939279e-05	0.808292043744338	0.0499557507476632	8.98162529960368e-05	0.0306844072063595	0.0350442953122682	0.0212810458581731
0.0497846962259284	0.00448380098486527	0.0151135867768212	0.732303523619704	0.0723961289810741	0.0162388991281306	0.0457992873779544	0.0248439164717507	0.0390361604337716
0.0400179897006021	9.03901617894591e-05	9.0390161790807e-05	0.711783588750586	0.1078068383642	9.03901617900004e-05	0.0744242825578773	0.0266948455817689	0.039001284559595
0.0101034469325092	0.024927121233733	0.000136341447721107	0.844706319040448	0.0437199199706615	0.0233469950396176	0.00643946977611033	0.000136341447730201	0.0464840451114689
0.0224186441909784	8.57659896066782e-05	0.110377751934109	0.700020205950937	0.0410459489867727	0.0101471287957947	0.0134905498708793	0.0345985393739526	0.0678154649069694
0.0251599228422302	0.00584745480522111	0.0025210359021234	0.783432743942626	0.0689087572451143	0.0532983955575273	0.0372437720374153	0.0234803259353019	0.000107591732440744
0.0048448678729756	9.10412377671528e-05	9.10412377671531e-05	0.813556468443743	0.0332638690974105	0.0264251113524599	0.0220037104971987	0.0555111342294754	0.0442127560312024
0.029060153641134	9.18217817245869e-05	9.18217817296095e-05	0.768226617674559	0.10078326949471	0.0381355754640721	0.00538727291414915	0.00469375281818632	0.0535297144297352
0.0142636305307176	0.0041331363034864	0.000129426029883879	0.802121672030585	0.0668897356951868	0.020862431966245	0.0485400917052591	0.0101038274273484	0.0329560483112881
0.0206668738449807	9.08711757758993e-05	9.08711757764215e-05	0.841033423959965	0.0530893422718575	0.0191208701375213	9.08711757759005e-05	0.00383554643205145	0.061981329826296
0.0518320712753686	0.0276017356731762	9.07337174374534e-05	0.784921859363823	0.0573545764942868	0.0246001294625516	0.0433222916694177	9.07337174469736e-05	0.0101858686264915
0.0213347545138008	0.0012448798104827	0.00140212774217779	0.813310414226615	0.0582284093136169	0.00166592914722758	0.0387343038667743	0.0360055780752793	0.0280736033040256
0.0120921253869515	0.00507977612974446	9.18415300470539e-05	0.793883036007195	0.106708723190161	0.0250660999102832	0.0133480076808333	0.00702565959507117	0.0367047305697128
0.0151855692240638	0.0290254019420876	0.000137096068751107	0.846864009613213	0.0515829736802061	0.00424324831910838	0.0123819309423357	0.00928820460472171	0.0312915656055129
0.00783575456417315	0.0280264532520175	9.13252739859369e-05	0.745011666162575	0.0870933220355349	0.0271300459331489	0.0133659231463823	0.0109350476101036	0.0805104620220788
0.0435129433840041	0.0299114102196819	0.00012724643056336	0.750883998004673	0.0870327929712112	0.0206729444945145	0.0318638717665946	0.00390226620593646	0.0320925265228206
0.0701246977276304	0.118008166400309	7.83893245384426e-05	0.695933696184809	0.035877362551234	7.83893245393009e-05	0.0797425198378606	7.83893245393002e-05	7.83893245393009e-05
0.00212005579204696	0.0287354661144702	0.000129046426984519	0.789642462273279	0.0631246247240474	0.0270879264194149	0.0417030117184221	0.0210592487778196	0.026398157753515
0.0238612686492768	0.0468842533265062	8.86447454126736e-05	0.754579703111988	0.114663019457268	0.0236913820687462	0.0017074685278524	0.0109925990895868	0.0235316610233628
0.000128856133512353	0.00462956334017053	0.000128856133509103	0.753455617338514	0.12826155542525	0.0342780456103636	0.0307408149624279	0.0130702963799253	0.0353063946763276
0.0213861398147009	0.082698698408931	8.96217945763109e-05	0.783755258691745	0.0830978527309452	8.96217945785168e-05	0.012648560428921	0.00768620330371246	0.00854804303188974
0.0280076824196308	0.024704395231287	9.05563398462148e-05	0.808009002973051	0.0607110123888569	0.0285544503172047	0.0319254772601138	9.05563398516349e-05	0.0179068667301577
0.0194397604813915	0.0215150399808737	8.97231262002874e-05	0.797535715091024	0.0960942102712598	0.032789907823395	0.0135278523174696	8.97231262032886e-05	0.0189180677821829
0.0434629608160575	0.055553998994533	9.07235966170682e-05	0.777109286014951	0.0509396680260633	0.00556536069510563	0.028971685526617	9.07235966156378e-05	0.0382155927334404
0.00814403460465463	8.94760606554228e-05	8.9476060656322e-05	0.830375634586048	0.0483204096014867	0.0188673454680185	0.0397071643428398	0.0292813979867426	0.025125061288898
0.000137404121617461	0.00013740412161746	0.0106885962687245	0.811534125875401	0.0757682257185266	0.0127049671284513	0.021077598977591	0.0308080435074371	0.0371436342806336
0.0178278505457284	0.0198670612043663	0.000127906769602121	0.80492538942731	0.062749386841461	0.0165704161302647	0.0461183734927187	0.00442113984821307	0.0273924757403355
0.0102415450294679	0.0476296375182261	0.00125796270662925	0.790663406035864	0.081368896321838	0.00261800972952871	0.00250671246188772	8.99744865326919e-05	0.0636238557100256
0.0173402662145351	0.0734546922841144	8.39696950996152e-05	0.796520726598388	0.0278202540525622	0.0136355616332006	0.0299935735705262	0.0146829998212875	0.0264679561302863
0.0171879941658787	0.0191496876470093	9.3448359789964e-05	0.826032175552431	0.109079973656613	0.00314549562779103	9.34483597955281e-05	0.010151517896274	0.0150662587344167
9.47111233121709e-05	9.47111233121718e-05	9.47111233111504e-05	0.819675632287079	0.0714954988605753	0.0309785336902472	9.47111233121722e-05	0.0316853961323493	0.0457860945365012
8.63076702158454e-05	0.0877232289848029	8.63076702136897e-05	0.799395796694678	0.0300413897095294	0.00628695223346319	0.0345012541911665	0.0207970950302758	0.0210816678156546
0.0150054930729945	0.0166090616616014	9.20567989179261e-05	0.830159448662507	0.0489516570777574	0.0235233822508724	0.0277158886001471	9.20567989241046e-05	0.0378509550762777
0.00311281592660791	0.0145020262692852	9.40017147732051e-05	0.820541712176356	0.0563891857026744	0.0132409764847857	0.0173214210559398	0.0206268100795936	0.0541710505899847
0.0495060683535558	0.0159626206134395	0.0561894431887835	0.707291209303497	0.0706589054162524	0.0249320416380109	0.0131362798643593	0.0233868524439209	0.0389365791781804
0.02125645973464	0.0578157073206275	8.42962725124784e-05	0.793935455136874	0.0503248037709873	0.0317648001096361	0.0182802422143759	0.0152143373664633	0.0113238980738835
0.0209243158429166	0.000136314014499494	0.0211087307191762	0.797095376000644	0.0269390450213266	0.00368383239550364	0.0107585288268331	0.037387537801452	0.0819663193776485
0.0215237360277053	0.0240673945152606	9.03169285007777e-05	0.795902110585256	0.0622684086414606	0.0227180856949297	0.0118649651112853	0.00456116607907768	0.0570038164165245
0.0259091118441357	0.047820378672819	8.40740762841774e-05	0.76447673493717	0.0777856610832422	0.0351946751423387	0.0270396406182302	0.00680566745013846	0.0148840561756413
0.00270287982345818	0.0261715330485432	0.00381372875693711	0.846590580708489	0.0461736942756911	0.0344060472176246	0.00669754213558718	9.2437259631137e-05	0.0333515567740388
8.95307671206706e-05	0.015536475046103	8.95307671248326e-05	0.831424623197946	0.0867314307041812	0.0145313566712877	0.0221191278315123	8.95307671206721e-05	0.0293883942476039
9.02257377412395e-05	0.0362786367027349	9.02257377381344e-05	0.816131572234908	0.0638284854572275	0.0246793050966898	0.0358364126456901	9.02257377412399e-05	0.0229749106495293
0.0625404923391178	8.90471001030338e-05	8.90471001030338e-05	0.826528138289748	0.0469950240495642	0.0343756601021064	0.0137257518122396	0.00164106373252582	0.0140157754744925
0.0452647184771143	9.38496153806713e-05	9.38496153821101e-05	0.784620094681339	0.0825557421088176	0.0529456888993312	0.0120364045049353	0.00670588331998405	0.0156837687777159
0.0287227617496552	0.0211419730567779	9.06899342734082e-05	0.786763102252463	0.0746267102169026	0.0343434427487842	0.0167389243699965	9.0689934273638e-05	0.0374817057368738
0.0297235326852176	0.0189967365275219	8.94183643799387e-05	0.763122687556001	0.0712055058794285	0.042566528428008	0.0267535562707996	8.94183643785779e-05	0.0474526159242651
0.0318699654676781	0.0531378594595226	8.84106921311584e-05	0.799240557419808	0.0565859828641237	0.0219983550942164	0.0050149598345705	0.0158839494928388	0.0161799596751107
0.0215239402604863	0.010912920969365	8.61917511711489e-05	0.770886797782127	0.071272548571288	0.0550641652048166	0.0182879489887054	8.6191751171816e-05	0.0518792947208682
0.0223904279225971	0.0249686206246521	8.72606093607993e-05	0.803563498355444	0.0659649256858035	0.0252876411422412	0.019176887250871	0.00671173614662657	0.0318490022624039
0.0128175776301679	0.010668444750437	9.14359229434299e-05	0.845318153783775	0.0619160230067691	0.0224041103839821	0.00938177834339722	9.1435922945752e-05	0.0373110402555826
9.00418977258546e-05	0.0254436512405103	9.00418977241401e-05	0.834568572895769	0.041408468171714	0.0194552315041782	0.0351029312496822	0.00758774567198633	0.0362533154707095
0.00774409473411301	0.0281630355533329	9.17242773109868e-05	0.81146989482311	0.0707256985600965	0.00509662251002424	9.17242773095452e-05	0.0107319532975898	0.0658852519671134
0.0115949181154418	0.0187840615146617	0.000323664113679234	0.829248915588323	0.0473945790286556	0.0307890902999348	0.0323823343365724	9.0032062551892e-05	0.029392404940179
0.020595623230233	0.0166660800920077	9.38433607052338e-05	0.836706413498309	0.0570751853980584	0.0224087334579464	9.38433607180271e-05	9.38433607185655e-05	0.0462664342413041
0.00263771066052275	0.0222963827637696	8.87456963164688e-05	0.849560798137608	0.0502443819246628	0.0166590711319582	0.000249701966808699	0.0279315050120843	0.0303317027062689
0.0296303660517856	0.0364684188954304	0.00230354242412807	0.84402954929038	0.0364349071084701	0.0187056003855346	0.0190385905716761	9.24751693649742e-05	0.0132965501032306
0.00665640910605232	0.0384295297809442	8.73226503931211e-05	0.853189447213151	0.0518853970121682	0.0071122725104516	0.0124755840468461	8.73226503940961e-05	0.0300767150295996
0.0162185981506342	0.0728414297033011	8.72513893753628e-05	0.776384688456538	0.0774755951739651	0.0133557397031568	0.00453990965059907	0.0215460293673417	0.0175507584050889
0.0113968073568482	0.000137915281315707	0.00279744633422681	0.772488048218006	0.115630092215731	0.0481150249663127	8.92307396969509e-05	8.92307396975069e-05	0.0492562041481653
0.0111468838906962	0.00866198382796592	9.38024625470631e-05	0.819339534382765	0.0857158160660031	0.00768798848282397	0.00169221700846684	0.0152767986431703	0.0503849752355612
0.0397463779957444	0.0356798717024435	8.65266484676259e-05	0.775668070108937	0.105369618840831	0.0116372677873026	0.0215524964040534	0.00812173698548522	0.00213803352673505
0.000134479519672172	0.000134479519672171	0.0117955899009982	0.755204353024318	0.136061436948399	0.0444438200809557	0.0292007996853984	0.000134479519672093	0.0228905618009145
0.0170183706498154	9.40163073814356e-05	9.40163073839657e-05	0.814572954081576	0.0621886489392426	0.0331846982397216	9.40163073814356e-05	0.0118516651314023	0.0609016140360958
9.02196294936817e-05	9.02196294936828e-05	9.02196294935022e-05	0.83181118742655	0.047501175292607	0.0516313141736748	0.0156050468275409	9.02196294936827e-05	0.0530903977616525
0.0140853288559189	0.017985453924683	9.2417810510177e-05	0.789056940890085	0.0890721672960252	0.0155286553039928	0.0348667242108102	0.0163276053693597	0.022984706338615
0.0386794413674581	0.0109192130961285	0.00148445881330498	0.80797854884366	0.0637273168281146	8.81897729517506e-05	0.0342725912930636	0.00961350505521974	0.0332367349300984
0.00499679582233083	0.000136761936307915	0.00961758780305655	0.803693357796569	0.0936976791956466	0.0173511117464301	0.0234110128950141	0.0151227248214209	0.031972967983224
8.84723058689643e-05	0.0155128927873934	8.84723058687784e-05	0.839104409972508	0.0359628571677713	0.0483286227687209	0.00422864101261539	0.0134846820955909	0.0432009495836626
0.024815074151359	0.0221568629997885	9.13372631196971e-05	0.771526180840968	0.0843844566287083	0.0189405898367988	0.0169124845364242	0.0123198073826132	0.0488532063602203
0.00106043056806705	0.0405558029099059	8.65520293403583e-05	0.81102838910641	0.0692426400072274	0.0322750209061369	0.0212623032880708	0.0177517807202281	0.00673708046461399
0.0150201369082703	0.034683361012204	9.08293190414575e-05	0.803834294249985	0.0740925045527009	0.0231863791354992	0.0111384943791191	9.08293190436997e-05	0.0378631711241361
0.0224697696172784	9.3268649450565e-05	9.32686494485816e-05	0.835480444274613	0.0405518619333414	0.024261979702964	0.0173996289392077	0.0120584411034727	0.0475913371302239
0.0341310128202664	0.0164828300378964	0.0432974335177299	0.782987948161502	0.0437497506309193	9.03421260785754e-05	0.0150343601325612	0.064109320784495	0.00011700178855107
0.0123735986898832	0.00989099632565943	0.00358142750409444	0.804634829626774	0.0985414221926	0.00861269741079271	0.0205087283161842	0.000139622071278451	0.041716677862734
9.41415845843826e-05	0.0250624246045244	0.0249666248765589	0.822916555129406	0.0410603381799262	0.00792340193911261	0.00924430539167772	0.0287665443561577	0.039965663938052
0.0157758996586719	0.0641174672434591	0.00125223020921686	0.825070651700076	0.0624393224053881	8.9616475589558e-05	0.0155050119375961	8.96164755894813e-05	0.0156601838944131
0.00804952196186365	9.26389534975249e-05	0.010449857187948	0.790890466875079	0.068875841066175	0.0173597668534807	9.26389534975234e-05	0.0587497280363672	0.0454395401120917
0.039594348640259	9.19643752435305e-05	9.19643752434155e-05	0.788405614386717	0.0789214356820963	0.0321985304580402	0.00793441081936962	9.19643752435304e-05	0.0526697668877877
0.0412607947084797	6.13512647660502e-05	6.13512647660517e-05	0.809223582873888	0.0737522762248587	0.0234399416263455	0.0398812039589926	0.0122581468131379	6.13512647660524e-05
0.000134044966096608	0.0144960051971561	0.000134044966080985	0.782454065807785	0.100315960748584	0.0584536829304169	0.00374038210938165	0.00741801916510187	0.0328537941093971
0.0542007761535712	0.00818455976885581	0.00264787906086116	0.774660173051151	0.0692353303199503	0.0281367238863122	0.0138076620643871	9.17228013406711e-05	0.0490351728935707
0.0145777664309431	8.9158987995289e-05	8.91589879960748e-05	0.800478724974509	0.0705719468876684	0.0328075954602035	0.0365791902336389	0.00943389037190471	0.0353725676651409
0.0189200650212112	0.0140024049629554	9.1909546156629e-05	0.775614846554824	0.100028019197886	0.0264393502926291	0.0166226504066763	0.0141122297993967	0.0341685242182641
0.0331691160845606	0.0387104240072083	9.02809493167136e-05	0.825454025296546	0.0524683115614329	0.0102736395888631	0.02836289424527	0.00615779048868336	0.00531351777811928
0.00969886241441901	0.000134267482602277	0.000139280786371861	0.812600929264381	0.0678699612401038	0.0247473825816918	0.0272797939966174	0.0280133917030595	0.0295161305307531
9.21669741735758e-05	9.21669741735735e-05	0.00391863376414906	0.881221637531017	0.0448537808730694	0.0227490793799226	0.00265266604640893	0.00825388331762714	0.0361659851394585
0.00725497227788941	0.0306002500372955	8.68144321033475e-05	0.771533644336351	0.0882709801918647	0.0457453410760586	0.0135096007964378	8.68144321043162e-05	0.0429115824198954
0.0193394721012517	9.19365492001862e-05	9.1936549199176e-05	0.818450825726193	0.0509647023373987	0.0521081645108992	0.0335119920299398	9.19365492007706e-05	0.0253490336467173
0.0156379051813076	8.82969617259866e-05	8.82969617218718e-05	0.836855386841089	0.03681855827745	0.0277819181510374	0.0267129126572551	8.82969617259862e-05	0.0559284280066873
9.25057865022005e-05	0.0148839095797509	0.00465296435091629	0.811735346253741	0.0904384411845293	0.0222923417104221	0.010606099873712	0.0408706285987173	0.00442776266170891
0.0174775347738	0.0514851225203015	0.00167442280879024	0.811639336995586	0.0926190769999529	0.00721630970991647	9.20295585857372e-05	9.20295585857371e-05	0.0177041370744811
0.0219902347255579	0.00013749629528564	0.000210392797625626	0.753681281711065	0.107342600584194	0.0325712356062958	0.0257734122360575	0.021504103913523	0.0367892421303954
0.0470486177197604	0.0864728477034898	8.37629985073133e-05	0.730830047522567	0.049195417947482	8.3762998503848e-05	0.0710971370309048	0.015104643080278	8.3762998506429e-05
0.0176303258857331	0.00955045327735612	9.31836658548495e-05	0.859007972542525	0.0241983355132472	0.0261211074053098	0.00390200832564715	9.31836658609903e-05	0.0594034297184658
0.00611332922307523	0.00909672879680405	0.000131057497439279	0.766661294825583	0.104950457427735	0.0179927799936708	0.0226849121995142	0.0167555508762785	0.0556138891598991
0.0489676837500968	9.03514188175424e-05	0.00682886897461556	0.803285879829709	0.0655898387406389	0.0189257236889914	0.0201295844151732	0.015678303698335	0.020503765483623
9.45216639075435e-05	9.45216639075433e-05	0.0247784193373153	0.807444635148305	0.0463631918781042	0.00893097924012876	0.00863096487055645	0.0313265486118198	0.0723362175859551
0.0200047993948267	0.00975000463049666	9.29266566953144e-05	0.810415245631109	0.0773829094182147	0.0320434367536846	0.0101816639279916	0.00378967164299228	0.0363393419439893
0.0086946609838085	9.40603067042785e-05	0.0125913407473306	0.816924793525974	0.0543174077163467	0.000753466878895232	0.0142457314623875	0.0837231928160414	0.00865534556251173
0.00983715589871796	0.0210433689781253	0.000136551692207998	0.76587152955347	0.106533887709279	0.0054076017207799	0.0190883021001388	0.0144663525055397	0.0576152498417409
0.0110615942279281	0.000579341583329486	0.00013083165445783	0.826257456264255	0.0410820272207015	0.0291196178788028	0.0358562423032393	0.0171881633226678	0.0387247255446177
0.00164287918516374	0.00935360613004401	0.000258662860600637	0.75373965525158	0.130752774605907	0.0277072036972212	0.00394813863811626	0.000132638594242495	0.0724644410371248
0.0800524947834611	0.0118961227869953	8.72571789265101e-05	0.764850241123686	0.0773040102038347	0.0243971291687455	0.0284369566828382	8.72571789372776e-05	0.0128885308925752
0.0158163188045993	0.000132412370396906	0.00216218207586623	0.758279008538056	0.101907055007777	0.0298099975108477	0.00493897950134818	0.0358323980217444	0.0511216481693644
0.0330895664850093	0.0390094478314122	0.00260784267854509	0.837125971721919	0.0361363645120174	0.0215522020745349	0.0160900098221681	0.000976462178529929	0.0134121326958642
0.0875928606084992	0.000856151278240865	0.109978173112261	0.682884831239269	0.0328026679447321	0.000509984590332181	0.0227058481211922	0.053253181117192	0.00941630198828096
0.0169150612508851	0.0257801700836382	8.85967384637643e-05	0.821393438828554	0.050475986335647	0.0183932630674473	0.024952555644732	0.009919655161742	0.0320812728888908
0.0754225303206051	0.0207659667843991	0.0254906109852499	0.736620815444138	0.0408779745125279	0.026642014980335	0.0289151208142065	0.0149037085637632	0.030361257594775
0.0183569712547216	0.0922940203082017	0.000126937153230911	0.752667588316107	0.048339878547197	0.0180899373346908	0.0227867352860772	0.000126937153231166	0.0472109946465429
0.0141601007833146	9.208433903443e-05	0.0236485882270949	0.777996970128224	0.0790912453326018	0.0426059615875943	9.2084339034429e-05	0.0407868352430121	0.0215261300200892
0.0263822197643419	0.0618283501113113	8.88657537145539e-05	0.819006798831207	0.0233820099601613	0.00501134990369555	0.0201079258033922	0.0155170525901908	0.0286754272819858
0.0319725915740517	9.53762491954126e-05	0.00271041862570491	0.810481528181311	0.100989329581234	0.00445437081997764	9.5376249195509e-05	0.0326387380573449	0.0165622706619851
0.0139568845557093	0.0232394141232269	8.96859299331701e-05	0.853947351124266	0.0749965478078802	0.00511711781474173	0.000389291188035412	0.0146239700546886	0.0136397374015189
0.0343669898183392	0.00514483942418162	0.000135600088783627	0.792919261570265	0.084795947240525	0.035409453933009	0.0216950793523322	0.00334385320000165	0.0221889753725622
0.00524751814600816	0.0170434389211639	0.000130072326730793	0.852374136573894	0.0698644015285613	0.0170659043776775	0.0212087239673123	0.00390943434215795	0.0131563698164936
0.0191889602020426	0.0113360505730997	9.28656887146818e-05	0.826371567063829	0.0702474773375485	0.0232493565674614	0.0206207488988172	9.28656887102251e-05	0.028800107979777
8.98357182853727e-05	0.00632932360887262	8.98357182862951e-05	0.838104421690957	0.0477332275330312	0.0334488999755544	0.0162701392480123	8.98357182853725e-05	0.0578444807887153
0.0227173516438173	9.58168572813618e-05	0.00255662390361664	0.804820491913996	0.102203673977006	0.0365318174314863	9.58168572813617e-05	9.58168572819805e-05	0.0308825905582338
0.0332622789778125	9.32601257130484e-05	9.32601257135975e-05	0.773736011037251	0.112918126020921	0.0313085978940984	0.000967718325765828	9.32601257130481e-05	0.047527487367011
0.00634317801436373	0.0432947149937356	9.1589514790353e-05	0.7940705528756	0.0522830630630297	0.0318305790872249	0.00714283728430734	0.0252133316445137	0.0397301535224344
9.68531230458476e-05	0.0311475320374071	9.68531230455691e-05	0.832091516053146	0.0603118178461816	0.00605240532702335	0.0160155245848321	0.00251233634476878	0.0516751615605495
0.0287273213044373	0.0197824762723856	0.00221896826517259	0.814983762244153	0.0763556358705408	0.0208283825088	9.07548102716874e-05	0.00680023633564446	0.0302124623885947
0.00964178118690957	0.0687933737229846	9.11653298540793e-05	0.7995177712307	0.0670101680066294	0.000802126136303985	0.0117420113666271	0.0153395989040973	0.0270620041158946
0.0342445049738379	0.00932344559154146	0.00490410059100457	0.798074905071227	0.059612712703098	0.0325426031977742	0.0168509689857248	0.00743509838733658	0.0370116604984554
6.25947542321892e-05	0.016159629668816	6.2594754232202e-05	0.820539446521731	0.0592308873029155	0.0285667428087468	6.25947542321902e-05	6.25947542322011e-05	0.0752529146808621
0.0179577622577871	0.0143256372695117	9.49924731594108e-05	0.786552392840184	0.0998951576361419	0.0352711609832471	0.00846947907929822	0.00120209433348002	0.0362313231271904
0.0436480137716546	0.000132308561405415	0.00013230856141274	0.710909202773232	0.153316137048938	0.0111352444216252	0.0234388752267303	0.0393353387406897	0.0179525708943121
9.6847897925188e-05	0.00286824501748123	0.0121060301751698	0.834925023869547	0.107371503767893	9.68478979296357e-05	9.68478979251859e-05	9.68478979251896e-05	0.0423418055782043
0.0235038075288517	0.0364965285852742	9.20593445928197e-05	0.84342013934801	0.0562352973471632	9.20593445923666e-05	0.0327571247239837	9.20593445923654e-05	0.0073109244329393
0.0391742070427327	8.88901281045481e-05	0.00366254448621382	0.801061193308377	0.0938320253740203	0.03604116051182	0.0108648936549074	0.00245596746260989	0.0128191180312145
0.00596061740039604	9.44072171342244e-05	0.00313528594552724	0.813341351085638	0.101525640264883	0.0427142590414866	9.44072171342239e-05	9.44072171348162e-05	0.0330396246106657
0.00763726543354005	0.0220890309951297	8.90439444976985e-05	0.832838864913115	0.0775048845877391	8.9043944505029e-05	0.0520000528956549	0.00766276934131186	8.90439445070455e-05
0.0399786301840682	0.0134530671296609	8.97748810461572e-05	0.832036682392321	0.054688426669539	0.0176652500474787	8.97748810451413e-05	8.97748810451416e-05	0.0419086189337962
8.68513787271604e-05	0.0479732439275551	8.68513787276978e-05	0.814077119830778	0.0535494726165214	0.0308891178910809	0.02849942593727	0.000245357891046117	0.0245925591482933
0.0326593200850759	9.05321778130303e-05	9.05321778143817e-05	0.774731356155244	0.0439056638661401	0.0371367762350733	0.0553269057522665	9.05321778130303e-05	0.0559683813727602
8.9090162672523e-05	8.90901626725231e-05	8.90901626683687e-05	0.799074173485336	0.071909038163825	0.0358269830427155	0.0318668892940763	0.022096059191401	0.038959586334633
0.0225033823725856	0.0404251441513045	0.00315000257841137	0.757784790351951	0.0634227305647494	0.0117917468825512	0.0140057437467713	0.0401270189629697	0.0467894403887056
0.00539490928506299	0.0192403617469334	0.000132654165739945	0.806345178160301	0.0526429674452348	0.019177857356091	0.0360806189945746	0.000132654165741418	0.0608527986803205
0.0123106303033562	0.00878985286392801	9.1697151751563e-05	0.833104295742209	0.0439420846495839	0.0511681616599992	0.00856484469509308	9.1697151753145e-05	0.0419367357823262
0.0298691195967783	0.012557846124199	9.00782894093768e-05	0.815277817418515	0.0441294348772206	0.0283519088261754	0.0136763559906949	0.0266070002004735	0.0294404386765339
0.0154947932529565	0.0105098097418318	0.000133950371133333	0.775961633407752	0.0905280049347955	0.0267760525949864	0.022364621140554	0.0192854345524585	0.0389457000035318
0.0115539370750411	0.0332271612526764	8.94689510887905e-05	0.812002427971705	0.0270840919656764	0.0425776032282002	0.024877704447686	0.00124966074308133	0.0473379443648449
0.0187408930712496	0.0390284674203986	8.77931787460063e-05	0.786931976211369	0.0785185016388549	0.00299254818819379	0.0372599948743471	0.0276669885386494	0.00877283687819106
0.0317080853491934	0.0154930579304803	9.25838428386217e-05	0.769740489660011	0.0729275304040049	0.0247225524246412	0.0197706453017087	0.0235209297856397	0.0420241253014826
0.0153523651648866	0.00944663902420593	0.000858006752237176	0.810673211868261	0.0210592686107847	0.0469129534307303	0.0573785972057892	8.59941703297324e-05	0.0382329637727752
9.14761561999246e-05	9.14761561999246e-05	9.14761561975988e-05	0.812501122434845	0.0897221413181446	0.0689071909966005	0.00177691562345556	9.14761561999258e-05	0.0267267250021571
9.01707370635118e-05	0.0508132806346022	9.01707370677213e-05	0.801431314793004	0.0792432611816228	0.00549234532407833	0.00612698758912059	9.01707370640746e-05	0.0566222982663765
0.00946092852007416	0.0299923555112962	0.0148906644138071	0.782224880449536	0.0637272929591267	0.0202964193693628	0.00935491660095191	0.0330746263196388	0.0369779158562062
0.0151612348987029	0.108073618117648	8.54449258627869e-05	0.729605858506274	0.081076455284567	8.54449258649831e-05	0.0488711650332496	0.0169553333819654	8.54449258649835e-05
0.0173792304427036	0.0102149071238514	0.000128794969715757	0.788721831294146	0.0724409928910432	0.0187576234134389	0.0224237359429245	0.0313894449801651	0.0385434389420118
0.0163148767491291	0.0173346046585917	9.16954180268269e-05	0.87298161701416	0.063118863292713	0.0233806180063538	9.16954180290065e-05	0.00470506049599457	0.00198096894700199
0.0263856955199399	0.00589455145282832	0.000130495891774655	0.80414074178801	0.0790177335926479	0.0285325117462054	0.0350413402528999	0.0139588960711899	0.00689803368450448
0.0284743217916502	0.00960231309063633	8.65917487119021e-05	0.783918340460862	0.075062691780527	0.0670165814017506	0.0116009796072187	8.65917487120643e-05	0.0241515883699315
0.0106379857434362	0.135477423554001	8.42228334159859e-05	0.726626204893207	0.0329289992303943	0.00140141623012572	0.0389662767437378	0.0232228876843608	0.0306545830873207
0.000324967235965801	0.00315019403440129	0.0066551222935383	0.828138357205147	0.0738740792972902	0.0181623768857776	0.0148583623380686	0.00768896568562936	0.0471475750241819
9.32464527133054e-05	9.32464527133052e-05	0.00117786442666848	0.767987931069266	0.107496999523931	0.0130270579988733	0.0293490342837144	0.0384394583284932	0.0423351614636271
9.09484190637467e-05	0.0113409448296657	9.09484190627413e-05	0.803259947026002	0.0657616124029615	0.00863310956488817	0.0259907151811878	0.052012043172275	0.0328197309848931
0.0212118558666766	0.0478879063216393	8.91842804435488e-05	0.822331606615613	0.0349306713099403	8.9184280462445e-05	0.0395094212829236	0.00154495760395225	0.0324052124383486
0.0233192480782332	0.000913539147408473	0.0155558190651472	0.821926236790692	0.0472731215537852	0.013770039487237	0.0114087913992411	0.0159756869397271	0.0498575175385294
9.35720594100829e-05	9.35720594106592e-05	9.35720594152879e-05	0.832690836327264	0.0601987125106838	0.0290264837250705	0.0311979997959416	0.0049830400950306	0.0416222113677731
0.0442177672918284	0.00451055107638665	0.00674242012178683	0.72994674246209	0.0820540081255386	0.038136114875543	0.0376396546225153	0.0093048413116407	0.0474479001126708
0.0184480421705013	0.0230333528011417	9.05045462546301e-05	0.83887145556061	0.0507368862205988	0.0115342293483796	0.00999260630492989	9.05045462511009e-05	0.0472024185013332
0.0248825929849896	0.0229342319839249	9.0466683700157e-05	0.813202073503675	0.0635805207222247	0.0149444535068974	0.0178101430768404	0.0155993121109192	0.026956205426829
0.0155780826912422	0.000131239085425415	0.00126945265342166	0.827501314001933	0.0612639456017866	0.0119301180777581	0.0164779934455303	0.027433493256109	0.0384143611867937
0.0144622123600488	9.28347484983579e-05	0.0133598630986508	0.834718391209702	0.0617607026385457	0.0219723444061842	0.0258868814981419	9.28347484989391e-05	0.0276539352917289
0.0140135770262271	0.0269020288728979	0.00159091711264714	0.800231540664634	0.0721678113154412	0.0127425452212307	0.018935406492983	0.0200565593473851	0.0333596139465542
8.94457795361109e-05	0.046278550381421	8.9445779533087e-05	0.83500220724385	0.034392069705309	0.0126803836713635	0.0471833810969183	0.0103270421532492	0.0139574741888202
0.0156166054901366	0.0277100402926166	0.000838959505133543	0.800733542603062	0.0495401177838515	0.0280368941222559	0.0252478125075967	0.0472590597039106	0.00501696799143634
0.0078964162391101	9.10512659233717e-05	9.10512659209635e-05	0.794892119799015	0.0779588895054417	0.0228491275051295	0.0241460625052492	0.0206484469291822	0.0514268349850276
0.0267567559184122	0.0190478752961394	8.8930820694589e-05	0.816553555707815	0.0882059315468793	0.0299039647254971	0.0116844470255877	8.89308206968945e-05	0.0076696081382777
0.00012834803790109	0.0541122763832946	0.000128348037909045	0.781774967454608	0.0740370238605028	0.0087701274563349	0.0179576408897262	0.0258239952726601	0.0372672726070632
0.00744414338672561	0.0733196191275964	8.75904118106638e-05	0.792654973638669	0.0767413325579709	8.75904118093598e-05	0.0290636883304923	0.00304461688169724	0.0175564452532287
0.0284549007186249	0.0388765850292485	0.024124217497884	0.824064783979639	0.0620298716749278	0.0212708946707093	9.38329275628359e-05	9.38329275627603e-05	0.000991080573841123
0.0201931710699715	0.011861218523407	0.0012812073717791	0.849230087795969	0.0338834076191379	0.0126660407792536	0.0201033179560651	0.0298401854016448	0.0209413634827722
8.52420796549893e-05	0.0805373801107502	8.52420796528466e-05	0.774620050084176	0.0494130569840871	0.00693622451694944	0.0712659312445105	8.52420796549889e-05	0.0169716308205637
0.0447239850045625	0.0188688318774594	0.000937335778651264	0.72495799134681	0.135521737227453	0.0175609283599672	0.0335099656911686	0.0141467623327383	0.00977246238118936
0.0202112035914732	0.0142079555332169	0.000129016555261043	0.835875456613904	0.055518239162003	0.0136721459324847	0.00457751532106603	0.00908132835135535	0.0467271389392358
0.0224257710487986	0.0262621874965543	9.1694342356724e-05	0.799553735253482	0.100652740800638	0.00877215145535576	0.0112126538765939	9.16943423574098e-05	0.0309373713838639
0.0234350545522522	8.8788380248246e-05	8.87883802460526e-05	0.804521320923775	0.0580728375642739	0.0402720609965831	0.0397858255674917	0.0124292648845585	0.0213060587505716
0.035092866694808	0.0102434518177725	0.00101111791343974	0.774480631537739	0.0738798149403278	0.0297503247252405	0.000132854979575575	0.0369431352504502	0.038465802140647
0.0225143016106017	9.07736716953644e-05	9.07736716968348e-05	0.814301837901448	0.0727939860142051	0.0396848936041226	0.0277146640373574	0.00367208115319843	0.0191366883356742
0.0375234402708008	0.0383388084888491	8.74168682902261e-05	0.825075416229894	0.0320958498455316	0.0181960561574213	0.0468657299737847	8.7416868292369e-05	0.00172986529713632
8.65116895146352e-05	0.0396200486941643	8.65116895045464e-05	0.808088472876282	0.0283342121478021	0.0250929294712116	0.0260475723223976	8.65116895151742e-05	0.0725572294196081
0.00651902646604563	0.0281369820006984	0.000132790495434503	0.780495207512473	0.0984877070654358	0.0266859185270126	0.0204823015771672	0.000132790495437755	0.0389272758602951
0.0230125280758694	0.0144406776470686	9.2107952118916e-05	0.80707466349166	0.0543211227350262	9.21079521256643e-05	0.00560166971793695	0.0538258735407896	0.0415392488874048
0.0183128949249037	0.00617407830737244	9.27831873065073e-05	0.819926575146673	0.0721813995928964	0.028246008589597	0.0200176469291109	0.0349558301348338	9.27831873059174e-05
0.00469455319394507	0.0235486150538879	9.14168253068733e-05	0.8074667367917	0.0585797314625566	0.0329000784058074	0.0284382388561929	0.0103874566931301	0.0338931727174735
0.0277669446383559	0.0531881269384347	8.65766726979694e-05	0.780045202549672	0.0591591206305067	0.0220778096381092	0.0495709203092233	0.00653491263613449	0.00157038598686613
0.0199381309087685	0.0594283244427237	0.00386107080217486	0.758944525265318	0.0746848051792459	0.0280870831951803	0.0197244032750618	8.67951621896052e-05	0.0352448617693373
0.0399159238718518	0.0369784668134581	0.0062759990935627	0.754279532830092	0.09683768417444	0.00695558749286503	0.0308320403163088	0.00501057445972329	0.0229141909476982
0.00723778871259698	0.028782641862845	0.00013472168918257	0.817757866789493	0.0559146416324753	0.0338384173220953	0.016340112513077	0.000134721689184044	0.039859087789051
0.0253015094980305	0.0222577500077377	0.00333725872641895	0.786101988327726	0.0885834086031519	0.0123359966687907	0.0046582501366117	0.0137230128715117	0.0437008251600212
0.00476958756653958	0.0171679276803379	0.000125818829166663	0.761124501562124	0.114983426471819	0.0352923016225559	0.0280134676062695	0.0166065622516718	0.0219164064095162
0.00187064652160803	0.0693454113617106	8.88435176368759e-05	0.822176706474739	0.0283673869360515	0.0293641694860995	0.0124493803734735	8.88435176420794e-05	0.036248611811039
0.0437216832208258	0.0519195750020479	9.00697045082383e-05	0.795183560509757	0.0606542826870152	9.00697045088347e-05	0.0304977276411984	9.00697045082535e-05	0.01775296182563
0.0288542252182602	0.0227899643551701	0.00210564847718079	0.764937184649848	0.0769247387711449	0.0400026878118114	0.0361866628077352	0.00548974180565133	0.0227091461031977
0.0219291401304415	0.00512200230719096	9.10955376211182e-05	0.787265353800362	0.108309646550196	0.0322223570146657	0.00773117127470635	0.00826548502446864	0.0290637483603482
0.031218102122542	0.0424751683984921	9.0160991707293e-05	0.823063450579725	0.0467964263855984	0.0102726457880368	0.028157072241146	9.01609917177447e-05	0.0178368125010346
0.0287817382210432	0.0366595470496982	0.000511037417219355	0.789792616950493	0.0931716475649473	0.00519071126424425	0.0007770024146118	9.29931240651217e-05	0.0450227059936777
0.0351364577613101	8.90893595981877e-05	0.00415139605371252	0.76254455324417	0.0803228057009564	0.0132293827058298	0.0358312954764953	0.0208892551891439	0.0478057645087835
0.0131359954592556	0.0627066553511256	0.00711040446606234	0.811100895361189	0.0354694278300529	0.0231549093009446	0.0222398499503838	8.87659552580891e-05	0.0249930963257279
0.000926031037462894	0.0619360287319876	8.94748030938004e-05	0.835429040511858	0.0537560644291725	0.00106996253998081	0.0247185550273112	8.94748030947657e-05	0.0219853681160385
9.14496402935626e-05	0.0436063076219746	9.14496402904686e-05	0.791803292417619	0.0805700792152903	0.0300611939644535	0.0273224939016213	0.0128439258087436	0.0136098077897135
0.0118118672774541	9.28524349228166e-05	0.00449603299917744	0.783148858517177	0.0987930695159848	0.0453297267946806	0.0251860285682099	9.28524349228178e-05	0.0310487114574708
0.0179006823070395	0.0410258167686765	0.00507608392718392	0.758527054570534	0.0984557701889015	0.0184029049657454	0.0222337962746137	0.0061017031127008	0.0322761878846049
0.012479501053038	9.37094804822811e-05	0.00997940871316884	0.825677817342515	0.0567677146139024	0.0281634810960166	0.0134206594885852	0.00207956709087144	0.0513381411214207
0.00175394601874998	0.00796434504160069	9.24867512385581e-05	0.823131363166537	0.062754501807985	0.0238572102322562	0.0159833244356326	0.00180372313144151	0.0626590994145588
0.00460960858310112	0.0626658063566131	8.7598011141819e-05	0.766729183531571	0.0722958741102815	0.0152337740423136	0.0363053022423507	0.0206250817363412	0.021447771386286
0.0132463822193963	9.36327359280262e-05	9.36327359259824e-05	0.813087138581926	0.0705253808342914	0.039435285739624	9.36327359280269e-05	9.3632735928027e-05	0.0633312816810527
0.0159643156408098	0.0345625298468615	9.37456003923619e-05	0.803465169805995	0.100308596501488	0.0146610950223449	9.37456003917461e-05	9.37456003917479e-05	0.0307570563813247
0.000129728696210882	0.0353856350427814	0.000129728696210685	0.782468288491826	0.0814604117450172	0.0202570625641495	0.0338850983768992	0.000129728696210882	0.0461543176906941
0.00268635993559485	9.28318140798135e-05	0.0157824473833438	0.831387076125707	0.0789487438625175	0.0244955653492184	0.0106065546039999	9.28318140798082e-05	0.0359075891114593
0.033404808873356	0.0131941742385885	0.0199353967229445	0.760556245727925	0.0832808559380854	0.00274663568911351	0.0364815155501047	0.0214569492516392	0.0289434180082426
