Bcells	CentralVeinEndothelialcells	Cholangiocytes	Hepatocytes	Kupffercells	LSECs	Mesothelialcells	PortalVeinEndothelialcells	Tcells
0.000127984015290434	0.00761040634654301	0.00441250195604341	0.957524282581364	0.0135804909127069	0.000127984015281328	0.0129908254893167	0.00349754066819712	0.000127984015257591
0.00454868019742011	0.000950612999060061	0.00515421191346997	0.946664070925259	0.0175106430648591	0.00652003647678925	0.00468677692851227	0.00350883164577688	0.0104561358488537
9.04567744312258e-05	0.0138184332672407	0.00254357073832212	0.961201505538711	0.0163238953634953	9.04567744268315e-05	0.0043983209801783	9.04567742577085e-05	0.00144290378893701
0.0055310244292862	0.00215083220076583	0.00012713440330494	0.970572714875226	0.00638757953535374	0.0104028632450505	0.00401612985468021	0.000593194959817791	0.000218526496514848
0.00387336189556288	8.93972508614202e-05	0.000912517931787821	0.96681090176309	0.0181855887133736	8.93972507236548e-05	0.005422683576987	0.00452675436675968	8.93972508536434e-05
9.12279290101613e-05	0.00456114194532609	0.00798361085355281	0.946421851542231	0.0258920196790321	9.12279290635633e-05	0.00820761452186943	0.00400464560117029	0.00274665999874421
8.8444840546928e-05	0.00687552540182192	8.84448405428513e-05	0.969554199766903	0.0193388339821632	8.8444840509641e-05	0.00378921664647282	8.84448405006331e-05	8.84448405392563e-05
8.92543389675012e-05	0.000269348652284119	0.00407043808905279	0.967378360915827	0.0164680788527185	0.0063916797364183	0.00515433073679548	8.92543389595845e-05	8.9254338976864e-05
0.000864532515762385	0.00206020158840325	0.0257470243346297	0.936469672229701	0.0110170092421197	9.26770358944919e-05	0.0101906485948407	0.0120284974403178	0.00152973701833066
0.00647916343295161	0.00516932055083307	0.00368707457381506	0.964744772814184	0.0142386071226936	9.20954640402578e-05	0.00510060902359235	9.20954637483261e-05	0.00039626155414204
0.000135124838767089	0.00171992562859054	0.0115930774847743	0.96669088697148	0.00618712789791082	0.00178594905338763	0.00272852579516345	0.00430670830479772	0.00485267402512904
0.00013058639886018	0.000130586399056298	0.00388390990400751	0.96486735055667	0.0179789054527206	0.00197728664408716	0.00451968626679463	0.00638110197895471	0.00013058639884922
8.99086821365623e-05	0.000717642978046957	0.00195206486004394	0.963407583780624	0.0131272671452135	0.0105284367975871	0.00999727839205846	8.99086821554276e-05	8.99086821341136e-05
9.15522734794846e-05	0.00329890639482173	0.00342572575870726	0.951594591310294	0.0240114234292687	0.010471399462313	0.00692329682418085	9.15522734609811e-05	9.15522734734993e-05
0.000130635788599975	0.000130641097832665	0.00386404744976292	0.961564640293067	0.0231387058781106	0.000131504135978377	0.00708709887711223	0.00286513142025792	0.00108759505927806
8.94052840504847e-05	0.00818551629685351	8.94052839665242e-05	0.973280358294462	0.00542136057596565	0.00226615065213686	0.0104889930446291	8.94052839474161e-05	8.94052839881227e-05
0.000562578115555992	0.00135762351732589	0.0285511993598746	0.945076302732354	0.0128185911723766	0.0095518866083427	0.00158628917767279	0.000403655317165798	9.18739993314105e-05
0.00253372914639588	0.00915674551561504	0.000747106987115921	0.970252098042357	0.0089398873154582	0.0017480948930912	0.00574814583692779	0.000784520782295338	8.96714807436575e-05
0.00451159673173587	0.000160838175570104	0.00910378244679278	0.942679757499434	0.0159794274507568	0.000924268327824872	0.0127735781419515	0.0109651952139795	0.00290155601195426
0.00400779049789966	9.19123274634949e-05	9.19123274659163e-05	0.943825478117654	0.0290147231448913	9.19123274376781e-05	0.0207558868135089	0.00202847211622225	9.19123274570372e-05
9.18793631834094e-05	0.00384653827416182	9.18793630526671e-05	0.978890839493166	0.00664421898406939	0.00374289163394768	0.00325118491263215	9.18793630619929e-05	0.00334868861272507
0.000879062752059063	0.000130057613874218	0.0518801921793362	0.912652831617092	0.00951049131845686	0.0018769738571566	0.0114394276422652	0.00454883463387375	0.00708212838588626
0.00255033294369233	0.000132157276565138	0.00421043756794127	0.950441486946821	0.0160827664671572	0.0145387288082164	0.0103061134770472	0.00144448425086212	0.000293492261697405
0.000897237493294536	0.000765082823777485	0.00618048146756112	0.966887860995419	0.00601770580581059	0.00365276089030841	0.00455811641203406	0.0109485124865877	9.22416252066287e-05
0.00418226207410281	9.09546759219186e-05	9.09546759056639e-05	0.962055298686946	0.0185916266332666	0.00909206431030592	0.00264604888090808	9.09546757990876e-05	0.0031598353868444
0.00233519369861442	0.000127858333108822	0.0039912390317073	0.96550172225995	0.0160955564781914	0.003198845177038	0.00665305196487896	0.00196867472333722	0.000127858333173328
0.00271144398174937	0.00206478070557896	0.000656534353692655	0.978655772235457	0.0110419169865657	8.88847452902084e-05	0.00335577721571153	0.00133600503042174	8.88847455328562e-05
0.00673426663039674	0.00486595707784804	0.00729182850253101	0.959045768461698	0.0100239990086156	0.00280003112205519	0.00897881526754969	0.000129666964658056	0.000129666964647675
0.00215747942501895	0.00324529891409213	0.00427011885528676	0.964786538467412	0.0115795478457511	0.000127943380825035	0.00828975237341815	0.00368845315072731	0.00185486758746876
0.00151657947472707	0.0096894527973981	9.12632362630245e-05	0.951727479830786	0.0214651550053482	9.12632361183986e-05	0.00597439452705087	0.000983436624227586	0.00846097526808049
0.00013453337364415	0.00219442638501653	0.010551150650629	0.966591017267819	0.0120472917341383	0.000134533373625393	0.00451454999109762	0.00369796385043449	0.000134533373596025
0.000130302139587098	0.00665047355849991	0.0051853950218332	0.942261602789897	0.0233004507491276	0.00490925392976941	0.00668954050474807	0.00470538815888196	0.00616759314765538
0.00404545039404592	0.00367478928326226	0.000128517007237222	0.948456710907392	0.0219876180839913	0.00458224991106742	0.0120366934699723	0.00114668074132076	0.0039412902017109
0.00859009945254195	0.0338160410381823	0.00740951318754235	0.913175270906993	0.00786314440672105	8.47680000991249e-05	0.0219933262543495	8.4768000110776e-05	0.00698306875346055
8.90068861653594e-05	0.00656702284901057	8.90068861852119e-05	0.962312263545675	0.011762625861052	0.00756069741645079	0.00777024343244738	0.00376012623679342	8.90068862206347e-05
9.22577786539757e-05	0.0116472493051166	0.00173437785164195	0.946154042476461	0.0294412115688309	0.00373798383576809	0.00372722750450884	0.00337338969843876	9.22599805797273e-05
8.84592330875331e-05	8.84592330780438e-05	0.00169764406882944	0.940962114417004	0.0263339594028828	0.0103450895064012	0.011042184598678	9.51995183048432e-05	0.00934689002173437
0.0014121030657792	0.0192388023479363	0.00598187249138459	0.943181848118769	0.017833770036284	9.04802046639056e-05	0.0102219504866536	0.00194869304384517	9.04802046837576e-05
9.04065176641187e-05	0.00879540770674883	9.04065177097752e-05	0.966043078524525	0.0107238913805341	0.00396333761067533	0.00983846560755586	0.000364599616785102	9.04065178020775e-05
0.00251464990229537	0.000810293730104152	0.00233302013844857	0.957876499607386	0.0202321454054531	0.0102453947965817	0.00580841290753272	8.97917560561856e-05	8.97917561418578e-05
0.00198010880862446	0.0119644518509608	0.0010849731822368	0.952485716406894	0.0114512461680253	9.04622563470442e-05	0.0105969142831134	0.000583902446071387	0.00976222459772657
8.92236058992548e-05	0.00517132033770114	8.9223605905839e-05	0.973464205233146	0.00914923361824929	8.92236059009612e-05	0.00791964893326863	0.00393869745401971	8.92236059087113e-05
0.00144316460282391	0.00233175153935584	0.00607730015413632	0.959463581948234	0.0158664107599142	0.000131584086866109	0.00943628908615651	0.00511833373509816	0.000131584087414673
8.89696151972725e-05	0.00632707959753513	8.89696152170928e-05	0.965864017723856	0.0102414067394526	0.00203804072038414	0.0141470222921949	0.00111552408095344	8.89696152089828e-05
9.28572051488996e-05	0.00877796939489539	0.00143194153696266	0.971154637244856	0.0137567323653237	9.28572051718782e-05	0.00253932144959256	9.2857205139714e-05	0.00206082639290934
0.00064839698996481	0.0184278472134388	0.00248428418658289	0.959861832400425	0.00688452091077697	8.94975750208134e-05	0.0100207303006654	0.00149339284802941	8.94975750957882e-05
0.00125764094054376	0.00623645096001185	9.10787839972932e-05	0.96988411699347	0.021190711399004	9.10787840093376e-05	0.00106676457105487	9.10787839118812e-05	9.10787839969335e-05
0.000778804198295743	0.00393566393483089	0.000129948540570591	0.967514123890499	0.0153656492962734	0.00439891018244048	0.00218824537276722	0.0046745610976842	0.00101409348663845
0.000649118617522971	0.0199299622254669	0.00620822935454001	0.953165967099575	0.00656095296214462	8.98755955122302e-05	0.0110782730508815	0.00222774549883628	8.98755955205527e-05
0.00222325130873202	0.00722054131966359	8.98440980762865e-05	0.96735169918564	0.0111263594156755	0.00166168014344494	0.00648013769880445	8.98440981962566e-05	0.00375664273176737
9.01401588634487e-05	0.00387816221052728	0.00306686769825167	0.971062208224579	0.0103210714861645	9.01401588374677e-05	0.00346158202757772	0.00627024846512784	0.00175957957007077
0.00451631477309175	0.000131386531517927	0.0316382374624074	0.930204720359834	0.0155794625228204	0.00421317780848709	0.00245361430415822	0.00989116380777878	0.00137192242990481
0.00212416051532882	0.0146443098656596	0.000261162148239935	0.949569980078494	0.0103782287555648	0.00672023429032387	0.00898414216218461	0.00602783729511602	0.00128994488908855
0.000112321011399944	9.53712156422863e-05	0.0145995208068328	0.968488754102181	0.00572271722255632	9.53721831048621e-05	0.00324542992489777	0.00754514135077469	9.53721826106201e-05
0.00348235290363553	0.0102867938727665	0.00221675421886267	0.968233401763426	0.0115732543143736	0.000125241177361412	0.00383171939517035	0.000125241177166254	0.000125241177237784
0.00319001835024943	0.00678705261518528	8.87402887521603e-05	0.94886487346182	0.0180768104978775	0.00930777262165777	0.0114165972901612	0.00217939458554414	8.87402887521596e-05
0.00160803765661714	0.00297545601980942	0.0015815571815765	0.972736017174554	0.00789654259656424	0.009138671688881	0.00255280785016484	0.00012758372867214	0.00138332610316037
9.05997932251528e-05	0.00531263068867031	9.05997932263124e-05	0.965257427726147	0.0195182977205057	9.05997933335587e-05	0.009458644898463	9.05997932024956e-05	9.0599793226299e-05
0.000128362744748791	0.00842891918048435	0.000128362744658009	0.964065506030851	0.0113626480675501	0.00507205979936162	0.0105574159422903	0.000128362745089017	0.000128362744967189
0.00651728899379314	8.94332169672674e-05	0.00456624559475595	0.965855473993137	0.0108965440074089	0.00717214277543353	0.00454156765313734	0.000271870548348781	8.9433217018431e-05
0.000949654062960183	0.00208960028148053	0.00395274012368695	0.961647115478919	0.0163383912241946	0.010694970832573	0.00274619721720905	0.0014879817815128	9.33489974640592e-05
0.00355756465675858	0.00361641585339924	0.000701059991202254	0.95990706621668	0.01751970156884	0.00784830499684364	0.00533176531709331	0.00027727637129596	0.00124084502788716
0.000675021741959938	0.00583994355453102	0.00204927187727659	0.941955242069692	0.0151056585368196	0.0113731546359603	0.0133343852575057	0.000128881099811424	0.00953844122644389
0.00109757701817802	0.00482214151227139	0.00155384540096688	0.96302411978925	0.0101693978213027	0.0133245212118083	0.00575330987721737	0.000127543684654309	0.000127543684351512
0.00133117782230554	0.00349078233774084	8.75996148410766e-05	0.95795912493545	0.0122783035496421	0.0126961496412491	0.00652691625750365	8.75996148003511e-05	0.00554234622646678
0.000128037934964332	0.00822549889885772	0.00338976831662122	0.960708836262259	0.0123069853926043	0.00476861898713025	0.00616837909317696	0.00012803793505865	0.00417583717932715
8.8608785471725e-05	8.86092295588942e-05	0.00133244984283943	0.978487280556667	0.0118675280310281	0.00315225568914982	0.00472483245755488	0.000169826622287109	8.86087854426225e-05
0.000366200969862104	0.00701099100767135	8.93509460641372e-05	0.976486510670686	0.00644952514192025	8.93509460072859e-05	0.00809457399075593	0.00132414538099035	8.93509460427299e-05
0.00108087748323937	0.00178080519474831	0.0028568783923892	0.960674649800537	0.0131707070498545	9.03071519205001e-05	0.00298676439903964	0.00533645029687208	0.012022560231399
0.000350115212317738	0.00363579171914217	0.00220593715702075	0.969696325015128	0.0102937045970964	0.00626289919776388	0.00531699508123155	0.000130417211502458	0.00210781480879698
0.000985798363077881	0.00432535509603781	0.000654899074766512	0.977566875001817	0.0103309296497544	0.00233889376473875	0.00114980020844358	9.16470372458695e-05	0.00255580180411792
8.93626757852768e-05	0.00806161058906772	8.93626757856299e-05	0.972812770747282	0.00717026060836697	0.000167793979288797	0.00261097614539535	0.00298088882964055	0.00601697374938761
0.0028434747111065	0.012178474197487	0.00388407247470118	0.963705337494898	0.00901460428419542	9.07749595280505e-05	0.00810171195929049	9.0774959366536e-05	9.07749594264522e-05
8.82755731672524e-05	0.00062676364709999	0.00187806520699723	0.980877017705236	0.00821319421220445	0.00422989221769852	0.00391024029130822	8.82755731214505e-05	8.82755731671278e-05
0.000128467255883195	0.0142215071408019	0.000128467255878805	0.953811740330852	0.0161161656039357	0.00502506809616962	0.00366298493837148	0.00293156850803337	0.00397403087007397
0.00162116400375043	0.0140485797386741	0.00266591202549514	0.949568191759977	0.0240043628960455	0.000208880207850342	0.00770486250837936	8.90234298974952e-05	8.90234299302249e-05
9.22894776211058e-05	0.0050385636178343	0.00564915882165818	0.966516101501313	0.0174597235287144	9.22894776634552e-05	0.00383833733535381	9.22894777424559e-05	0.00122124676209886
9.03893590683661e-05	0.0119761308709964	9.03893590727546e-05	0.949289397838367	0.0275059634811553	9.03893590433114e-05	0.00945603243360467	0.00141091793962345	9.03893590692681e-05
9.10049580237173e-05	0.00292451308954824	0.00382744158937587	0.952864917154006	0.0245868333848079	0.00512744977747087	0.0103958301307337	9.10049580135661e-05	9.10049580204739e-05
0.00239961243729312	0.000931565781202666	0.00552262636597283	0.969769433615901	0.00978971391603436	0.00361602840772009	0.000889482996796234	0.00593794543843051	0.00114359104064891
9.03383790245633e-05	0.00524135844606555	9.0338378992103e-05	0.971101669974721	0.00851744889027906	0.0102148913870478	0.00207174399909788	9.03383789586977e-05	0.00258187216581342
9.14460756642738e-05	0.00625417603304433	0.00359153437914498	0.957967230915353	0.0194160847174138	9.14460756573727e-05	0.0109075589521618	9.14460757117027e-05	0.00158907677584848
0.00193369459965241	0.00145430502014671	0.00118507788928499	0.968953527816664	0.0151169179727839	8.91387685663569e-05	0.00933048659599918	0.0018477125682545	8.91387686484725e-05
0.000770143235203065	0.000399546078768418	0.0103380535372181	0.958883593944195	0.019967574797576	0.000134625412474482	0.00571579319838743	0.0036560443840395	0.000134625412137819
8.89792602973942e-05	0.00351005769192422	0.00355432011899218	0.965351515681336	0.00691278175493571	0.0121494453553668	0.00825494161662762	8.89792602743911e-05	8.89792602457003e-05
0.000478376868734815	0.000858082252834543	0.00389512311621475	0.958892487851941	0.0163812953857243	0.00688929695654627	0.00500922750266549	8.98643134593616e-05	0.00750624575187914
0.000127337991043625	0.0104644861452645	0.00309052896892798	0.955753505231711	0.012132937393401	0.00720787461244591	0.00867423056610928	0.00242176110006183	0.000127337991034935
9.03200151246875e-05	0.00887378199098612	9.03200151150719e-05	0.969447937026468	0.0151024436800197	0.00139506516869697	0.00481949207340594	9.03200150937725e-05	9.03200150902029e-05
9.12096561310006e-05	0.00156260196092147	9.12096560952834e-05	0.97406313044214	0.00814665919576907	0.00251102036367119	0.00435243728924213	0.00355258817572514	0.00562914326030482
0.0011015391653289	0.00385157363287544	0.0175568564232053	0.952692410000059	0.00780287325668369	9.35805741394499e-05	0.00737175629558293	0.0094358300779108	9.35805742140872e-05
0.00153545201937575	0.000190751886119193	0.00222722443082632	0.968285119917326	0.0175072733043864	0.00205102791250655	0.00575602413035838	0.00231292324885577	0.000134203150245318
0.000480651831399196	0.00139836206435495	0.0137860955152639	0.960832355337073	0.00872330492690505	0.000134456149529916	0.00468387986133694	0.00982643816488768	0.000134456149249791
0.0002588941647681	0.0121565933017987	0.00279115232000063	0.966360053767904	0.0109422641993886	8.95850379664973e-05	0.00722228713212892	8.95850379837757e-05	8.95850380602997e-05
0.00301834323960177	9.30336401979597e-05	0.00864854532924063	0.959469823103671	0.00975906584434754	0.00346814494447929	0.00266200402620206	0.0127880062320477	9.3033640212554e-05
0.00213865199261415	9.21064427835445e-05	9.21064428017656e-05	0.963624170875874	0.0169159597574834	0.00719909779559852	0.00569772183905825	9.21064428588052e-05	0.00414807841092754
0.00043846546160536	0.00129737623477749	0.00163497011231609	0.962983095359077	0.0154432103525334	0.00127612353719944	0.0111844087441922	0.00392745797445079	0.00181489222384839
9.08004829820328e-05	9.08004829322868e-05	0.00370229842413161	0.9542559052269	0.021658840386019	0.0149110531569956	0.00237016735371175	0.00282933400334325	9.0800482984331e-05
0.00364647360758893	0.00208638364383428	9.19900451015753e-05	0.967597613994607	0.0167076446063485	0.00471527088548176	0.00497064312680246	9.1990045137939e-05	9.19900450972244e-05
0.000603227801896483	9.12198434729987e-05	9.12198434563175e-05	0.954630185839037	0.019006773952523	0.0103813305233139	0.0147848577607575	0.00031996459209067	9.12198434517897e-05
0.00204984585637503	0.00359666489642952	0.00175747880055997	0.953552604396059	0.025302176819699	0.00231717332709658	0.00690202527612532	0.00340777291534716	0.0011142577123081
0.000929555060331402	0.00403944592010435	9.0281927387444e-05	0.972052252085864	0.0104575337608364	0.00335501250178954	0.00711171041131373	0.00187392640499053	9.02819273822563e-05
0.000961581439170936	0.00012907502131606	0.00213247838867235	0.9640721815529	0.0126449265202973	0.00584652851517993	0.0104166266810573	0.00366752686022938	0.000129075021176594
0.000825322041440471	0.000491765396290329	0.00425940094801826	0.979813504000996	0.00591278588256608	0.00112159114459531	0.00104172759980346	0.00367502341321661	0.00285887957307376
8.9231967921062e-05	0.0134678784860464	8.92319679118357e-05	0.955157314629198	0.0175906233970339	0.00572909412239048	0.00703214962417458	8.92319679516532e-05	0.000755243837372398
0.000127051057828928	0.000846029151785086	0.00315699990958045	0.965689242340094	0.00846731485926953	0.00878999056909127	0.00643383513502522	0.000127051057780806	0.0063624859195446
9.06537756487384e-05	9.0653775643298e-05	0.00163907186732414	0.974097141979045	0.0104211717654867	0.00489958685644161	0.00678477941314244	0.000618483721530483	0.00135845684573744
9.19348994892491e-05	9.19348993928608e-05	0.00557914292335254	0.964463426165081	0.0135888696110874	0.00757249236896282	0.00376746850360541	0.00475279572956807	9.19348994603792e-05
0.00183957844187777	0.00509365269716506	0.0022863116777047	0.970126706489833	0.0164909142617925	0.00274444252688468	0.0012419930024189	8.82004511599869e-05	8.82004511636936e-05
9.35340345730127e-05	9.35340346748063e-05	0.00304039809377432	0.964499084115693	0.0190728166480932	0.00357246075593737	0.00463831604466478	0.00489632223795177	9.35340346378551e-05
0.00598524846831827	0.0230870225622758	8.91864348405851e-05	0.935336892193914	0.0125589141463381	8.91864349760166e-05	0.0220911174092044	0.000673245915292896	8.91864348396345e-05
0.00349750136270983	8.99928308063672e-05	0.00111054684569681	0.978895734110384	0.004859457418511	0.00603224166885091	0.00393867657114925	8.99928309007134e-05	0.00148585636099128
9.13989154193601e-05	0.00406877447933738	0.000564017152768485	0.95895018746552	0.0231311294928862	9.13989153467889e-05	0.00680433267230194	0.00620736199101884	9.13989154006868e-05
0.00793185790568857	9.05259749847229e-05	9.05259749670827e-05	0.966780338737047	0.0133266872441887	0.00227519279400487	0.0044003516841321	0.00420793402427092	0.000896585660715973
0.000897963084508306	9.37737829284737e-05	0.00927533025288796	0.968841082921073	0.0102487475527975	9.37737829208799e-05	0.00331296743125942	0.0071425874086313	9.37737829935866e-05
0.00220705199989625	0.00124224410979835	0.00293708139039891	0.964997335696009	0.0152764836425296	0.00564384159510344	0.00485073815924778	0.000268511766922068	0.00257671164009491
0.000450100236250869	9.29607979947993e-05	0.0123467510478923	0.962863696880741	0.00652861743828185	9.29547306721489e-05	0.00489251593057442	0.0126394482070807	9.29547305122434e-05
0.000389153921655133	0.00431466482164255	0.00266270112619623	0.950183830037998	0.0260634284654257	0.000704346057594795	0.0037008946279509	0.00584646183981649	0.00613451910172044
8.83287412588242e-05	0.00498804107754937	8.83287411719259e-05	0.970007873530576	0.00747033802971969	0.000888225452482373	0.0108875917001441	0.00407460517735811	0.00150666754973911
0.00215847403877128	0.00118524029336893	0.00323584782260049	0.950489130499874	0.0278733965479856	0.00404037380530759	0.0046339985594676	0.00214873380846921	0.00423480462415499
0.0109142456380087	0.00561383464165774	0.00492703290297338	0.949205191277212	0.0156813879700793	0.00113574132969329	0.0107689415166576	8.93165787023894e-05	0.00166430814501565
0.00143000734972942	0.000133869641199929	0.0126077061503917	0.946712025687989	0.0231159406835148	0.00517093304210801	0.00496138874695343	0.00573425905694554	0.00013386964116794
0.000322786859406392	0.00589903342904673	0.00318104927248519	0.970926227910857	0.00905083507231332	0.00435187259074466	0.00537150384907085	0.000771106214334862	0.000125584801740882
0.00508815021543469	9.10572110257463e-05	0.065900295582482	0.898502409714392	0.00820162627615495	9.10572108546293e-05	0.0135204374388248	0.00851390913970546	9.10572111260712e-05
0.00173701366423839	0.00637692561538773	8.98499845144247e-05	0.968334564326857	0.00966834588819849	8.98499846701823e-05	0.00855943707513801	0.00193805361177889	0.00320595984921648
0.00788057867244529	0.00819533916986825	0.0187290838793083	0.933582303695857	0.0107788106304782	0.00529098756714416	0.012888987219825	0.000134738123495321	0.00251917104157825
0.00152278135394318	0.0189575209218063	0.00115694588709043	0.941947569979181	0.0111336062046479	0.0100828375951489	0.0087922060143271	0.00108585619422639	0.0053206758496287
0.00149872950302817	9.22220284051317e-05	0.0105822289198124	0.957751234718249	0.0103052139735104	0.00497888873729114	0.00094431941814704	0.0137549406731352	9.22220284219312e-05
8.98134652863304e-05	0.00697293574764142	0.00549867052209036	0.965090753153984	0.00869304811938117	0.000928816175199615	0.00282237957029737	0.0084245622601404	0.00147902098597971
9.15635439008616e-05	9.15609673471268e-05	0.00729849527413881	0.967215919105542	0.0196088109336063	9.15635440264206e-05	0.000421614347020854	0.00508890874046795	9.15635439499891e-05
0.000803211464776241	0.00366197120499661	8.943848664067e-05	0.973240359489865	0.0132375745214783	8.9438486532958e-05	0.00700025571211003	0.000351075216737336	0.00152667541686275
0.00327689402829236	0.000132734564921607	0.00235405419759937	0.956409743592967	0.0172859963525749	0.00795843497259567	0.0104285237440787	0.000988840249584779	0.00116477829738505
0.000597081834856819	0.0046524186954071	0.000125844645796891	0.968084776219579	0.0133661461597157	0.00143055570204737	0.00897880516508294	0.00131802644020993	0.00144634513730415
9.31996179782333e-05	0.00379834327308573	9.31996179855514e-05	0.966948321114615	0.0146405269589055	0.0025043877219029	0.00909422159156318	9.31996179172066e-05	0.00273460048604665
8.94485554255246e-05	0.000900293900193485	0.00137616777141917	0.972070301560777	0.0105698758783829	0.00944922101201641	0.00400551278008402	8.94485554306571e-05	0.0014497299862707
0.00117506970981263	0.00152589289819264	0.00184594093433905	0.965305644647585	0.0196680473495132	0.00460724708418105	0.00432260859468263	0.00012836154552925	0.00142118723616516
9.35237290235683e-05	9.35237289871102e-05	0.000173081405449944	0.961129576585787	0.0219578014653591	0.00605468532035137	0.0062838883104034	0.000246694773883896	0.00396722468075432
0.00174079246896171	9.27249235777762e-05	0.00277043402848254	0.968376356986472	0.00690117772157075	0.00777149724176728	0.000852455992743321	0.011401835712963	9.27249234613128e-05
9.36872188949954e-05	0.00401929625423799	9.36872189382009e-05	0.979768490645162	0.0119721085698753	9.36872192487747e-05	0.00247655705089348	0.00138879860381715	9.36872189322026e-05
0.00360370574451323	0.00327075821604059	0.0030991660408218	0.971174862621682	0.0134819180847345	0.00194706799807579	0.00181678856423921	0.00147686210888324	0.000128870621010017
0.00078989254091437	0.012790266909876	0.000372372299603597	0.961202213635365	0.0132810814741065	8.99504320256552e-05	0.00691628305067669	0.00271476312405713	0.00184317653337502
0.00699923715629765	0.00193172320810622	0.00192488336318672	0.956959536942284	0.012566025680597	0.00678292269922158	0.00709745109244215	0.00386117203433436	0.00187704782353075
6.32444022635036e-05	0.00947111044738855	6.32444022641415e-05	0.971399130835831	0.0158284515320155	6.32444022601045e-05	6.32444022641414e-05	6.32444022433954e-05	0.00298508517346935
0.00412498324084098	0.00132677906408762	9.33216571866999e-05	0.952007844884297	0.0211996703786334	0.00855680345542237	0.0101827746049732	0.00241450105737239	9.33216571861301e-05
0.00305060610649252	0.00373331181587005	0.00657477478065631	0.933713761814778	0.0415158670848615	0.000131878054933961	0.00758098744878317	0.00356693483870638	0.000131878054918364
9.19368912921496e-05	9.19368913535704e-05	0.0110922052513717	0.966365981998545	0.0195037400413202	9.19368913257333e-05	9.19368913467648e-05	9.19368913536679e-05	0.00257838825209135
8.89648596961951e-05	0.00428885126891482	0.00230706599696131	0.971485087177682	0.0103635177718383	8.89648597112062e-05	0.0111996183458134	8.89648596831921e-05	8.89648596993853e-05
0.00284400500172597	9.1094238619443e-05	0.00538508084959834	0.961290766642439	0.0223353442731422	0.00535277500059852	0.00251874551657349	9.10942386318349e-05	9.10942386707363e-05
0.000857327257726848	9.3256308919994e-05	0.00102832644983255	0.968205289524184	0.0169633738118836	0.0070566257122884	0.00397512610299107	9.32563090673618e-05	0.00172741852310587
8.88568975886523e-05	0.0046850435641279	0.000437519411290857	0.966510561783434	0.0151395259115893	8.88568978818087e-05	0.0122278778817832	0.000732900754691806	8.88568976125855e-05
0.00470142966240933	0.00399278438970531	0.000519657832861204	0.974767881917655	0.00941192142176128	8.92015446886442e-05	0.00176128380774799	0.00074041211458179	0.00401542730858969
8.98560002375862e-05	0.0116168306801223	8.98560002481332e-05	0.965251668088117	0.0104167171954545	0.00364609970113863	0.00721749632798532	0.000573374317205604	0.00109810168949083
0.00363289078556926	9.13884215143206e-05	0.00143388460926432	0.964312197721413	0.00993507062520295	0.00786956885150837	0.0112662588431327	9.13884215477715e-05	0.00136735172084733
9.10807243266581e-05	9.10842789407319e-05	9.10807243214156e-05	0.957196561939585	0.0172846361431178	0.00771941443225954	0.0130281825499906	0.00440687848313854	9.10807243200073e-05
0.00138388456593112	0.0111685508329387	0.0108661345061712	0.947807211543436	0.0144294821235236	0.000131616409512416	0.00586069379180955	0.00822080981711421	0.000131616409563695
0.00146766765591962	0.00383884833681548	0.000131944745551734	0.965014324786065	0.00985035147218101	0.00150651020980956	0.0129022155964925	0.00263781668714231	0.00265032051002253
0.00086438445402289	9.02237756629921e-05	9.02237756127984e-05	0.972422592093134	0.0080252668188764	0.0116651378068633	0.00570546422207201	9.02237756885238e-05	0.00104648327806669
0.00396662388473413	0.0072979566676346	9.02891725012282e-05	0.959753306599229	0.0092814892218995	0.00215121927618501	0.00942917972537928	0.0065972315379966	0.00143270391444025
9.26766620548466e-05	0.00825491058338272	9.26766620600641e-05	0.955928900429736	0.019065981825112	0.00112099579226379	0.0087033672958357	0.00490458443439094	0.00183590631516358
8.95201662449183e-05	8.95181215206189e-05	8.95201662437212e-05	0.97124885325355	0.00382797774369168	0.0139613984387111	0.00713085979258162	8.95201661511052e-05	0.0034728321513049
0.000128244924734853	0.0065763452965141	0.00240927778751729	0.956781503573277	0.0155230285964676	0.00322372032860005	0.0108890313555538	0.000128242891865393	0.00434060524546986
0.00268982303661965	0.00174171908684394	9.05792942916283e-05	0.966895654651161	0.0143421450271293	0.00355071348363959	0.00387809248755191	0.0067206936384692	9.05792942937935e-05
8.80300536404658e-05	0.0116510429227353	0.00204323205114573	0.963932324684261	0.00532664390624464	0.00158115958530524	0.0139749570283501	8.80300535234262e-05	0.00131457971479386
8.93526647316161e-05	8.93526647520913e-05	8.93526647140131e-05	0.963437338529844	0.0174548059579848	0.0169033940584219	0.00175769813013432	8.93526647016936e-05	8.93526647154935e-05
8.99196068852189e-05	0.00953186442339849	8.99196069016134e-05	0.963986627528144	0.0153175020093811	8.99196070353457e-05	0.00315786215443703	8.99196069555457e-05	0.00764646545686125
0.000478331678388808	0.00305427933419023	0.0118542980998405	0.955778944189705	0.0113680591747434	0.00117798507460408	0.00615959962195644	0.00961073294463057	0.000517769881940585
0.000125885548546704	0.0239143817313229	0.00588740411553834	0.92656503608996	0.017890291424379	0.000125885548773902	0.0193609750034013	0.00201280159115981	0.00411733894691812
0.00339617082045615	0.00789179394764586	0.000129084646192563	0.962144593380533	0.0141992606501434	0.00160170373543914	0.00687489233022142	0.00184419520843014	0.00191830528093788
9.08429343762792e-05	0.00417947741491759	9.08429343639716e-05	0.976436567432026	0.0122815625987782	0.00465656886830074	0.00137576111013616	9.0842934197736e-05	0.000797533772902829
0.00071064623872408	0.0041625503477134	0.000128262670114343	0.962706163731506	0.0146037381551254	0.00248079438337366	0.00858582496199089	0.00582035420296313	0.000801665308488891
0.00110977605336129	0.00655344859217769	0.000127362617361532	0.95146820709185	0.015525957112082	0.0117594676931826	0.0065339830757867	0.000127362617348968	0.0067944351468497
8.8046743289309e-05	0.031565566767885	0.00101808419958819	0.934632525029062	0.00591027851716944	8.80467433319241e-05	0.0180118806419499	0.00590179355363836	0.00278377780408564
9.2812209947995e-05	0.000958485397469312	0.00542206677713087	0.972979281574987	0.0113443425667354	9.2812210208263e-05	0.00565510680345202	0.00336228025009852	9.28122099701958e-05
0.0015315401062395	9.30415151933381e-05	0.00611657805320628	0.952299070067635	0.0176184779988057	9.3041515166345e-05	0.0124851805929844	0.00682749014630063	0.00293558000446921
9.2742029399008e-05	9.27447352269475e-05	0.00856719240203649	0.959569548242428	0.0136909015454931	0.00350108103777567	0.00534541857025449	0.00904762995232467	9.27414850619049e-05
0.000798195540045318	0.0113216728544641	8.91913897675157e-05	0.968347178521551	0.00523814163451015	8.91913896542971e-05	0.0118949404694429	0.00121720312523577	0.00100428507532924
9.43425582794213e-05	9.43425584153211e-05	0.010285309599085	0.97104985216696	0.00851067268844189	9.4342558217521e-05	0.00540293620672381	0.00138946704383494	0.00307873462004171
9.14513769285288e-05	0.000398576672751532	9.14513769856009e-05	0.970524155586182	0.00890663072903739	0.00378078424933189	0.0107289855273157	0.00200678958476591	0.00347117489670116
0.00675145348488264	0.00396323878941322	0.0100164200639583	0.937989894596955	0.01640116634666	0.0111562488024369	0.0119484129566238	0.00163997261898744	0.000133192340082444
9.01625460636148e-05	0.00558021886620489	0.0032190996098535	0.974099624070941	0.00991106374514271	9.01625459251466e-05	0.00487716282987368	9.0162546057095e-05	0.00204234323993863
0.00182665397041584	0.00526717984963872	0.00146903841389926	0.967016987993783	0.0131189890033853	0.00233278653077973	0.00563010756625735	8.90606096151544e-05	0.00324919606222608
0.00827640036752095	0.000609755886816496	0.00238104414260867	0.967906070196086	0.011734535200976	8.83199687159758e-05	0.00362930773409824	0.00528624653448176	8.8319968696272e-05
0.000727519803755004	9.14691991407286e-05	0.00151001941614904	0.97109551001973	0.0106545836153914	0.00652619235225659	0.00765727062905576	9.14691990818082e-05	0.00164596576544016
0.00164180364319924	0.00899662659628696	0.00390703944573861	0.960784993890435	0.0162411821056523	0.000832589229877552	0.00619384042490781	0.00126867897292633	0.000133245690976418
8.81073516031863e-05	0.00410250919673234	8.81073515956338e-05	0.969220435958215	0.0067780488859407	0.00833673608517218	0.00851528388478821	8.81073516043006e-05	0.00278266393434833
0.000996918689828639	0.00873082616270561	8.98881340717972e-05	0.955314703698883	0.00816123485471378	0.00553548086023263	0.00965970395561967	0.00605711440949528	0.0054541292344498
9.3053399062197e-05	9.43932898408566e-05	9.30533990787497e-05	0.968973488386337	0.0142065276226294	0.00422217885860961	0.00630030867815345	0.00448495443910747	0.00153204192718126
0.00318746237750372	0.00602856123951867	8.89550498726593e-05	0.95924895531887	0.0186471772936749	0.00775703600434899	0.00486394261650618	8.89550498324194e-05	8.8955049872297e-05
8.92860748742711e-05	0.0141026376613751	0.000753084896016441	0.958481252765089	0.0163112414330473	8.92860747138845e-05	0.00516608329782997	0.00125829233718654	0.00374883545986725
0.000549219109774795	0.0145402147494198	0.00176356545522384	0.956921446328423	0.0145033989268717	8.97078529366512e-05	0.0114530318716648	8.97078528932517e-05	8.97078527923672e-05
0.000141320122592512	9.32817018299728e-05	0.0112191306724769	0.963895052812546	0.0128580639489267	0.010866459640908	0.000360643483058392	9.32811803112745e-05	0.000472766437350605
0.00377711928145653	0.00405644782827105	0.00594199721633231	0.972666842623202	0.00481214223047438	0.000709104804017755	0.00582476749853635	0.00208474119535522	0.000126837322354763
8.86859290116662e-05	0.0169308855230925	0.00542832375060935	0.945483922132572	0.0102730086958253	0.00297713016245606	0.0186406719484877	8.86859289556858e-05	8.86859289901828e-05
0.00214408433822899	0.00368758898648968	0.00588438551886396	0.943182420448415	0.0284495155712403	0.00302477082084182	0.00829391274926693	0.00406775366969814	0.00126556789695549
0.00085676162526527	0.00120016390219197	0.000558971137924789	0.976494521535036	0.0131486696399595	0.00339000788902265	0.00101582794322254	0.000453432425726487	0.00288164390165097
0.00206522235245199	0.00509400731385962	0.00256169121247132	0.962433556503294	0.0210854635558222	0.000127774154188207	0.00367826432047361	0.000127774154240599	0.00282624643319894
0.00122176427045765	0.00367261540848045	0.00112159227764435	0.962473015897899	0.0104009146351394	0.00635292026997454	0.0100376943521493	0.00191064041308428	0.00280884247517059
0.00207802448996144	9.02383413263953e-05	0.00454547478249635	0.957395592844593	0.0173787012907869	0.00122321964843402	0.00303791806157173	0.0141605921994609	9.02383413697243e-05
0.00133077952285324	0.00800655316295177	0.00012972836725359	0.957882023370938	0.0148802135571389	0.00351309642016178	0.00633768410692759	0.00012972836742571	0.00779019312434944
0.0015682385688238	0.0123839445824242	8.79801616922712e-05	0.963875100108775	0.00635100487938578	0.00251198615833978	0.0130457852171582	8.79801617081423e-05	8.79801616922643e-05
8.91208867372702e-05	0.00434665359262572	8.91208867183959e-05	0.96219548647219	0.00519331647827125	0.0108275631770216	0.0072869510915355	8.91208865582857e-05	0.00988266652834199
9.31022441701052e-05	0.00566711969604795	9.31022441723251e-05	0.959382429760635	0.0185161199979676	0.00405794494879264	0.00853268832087682	9.31022442435731e-05	0.00356439054309425
0.00344111446542369	9.32530875633265e-05	9.32530875541339e-05	0.969245980384551	0.00937264378981255	9.32530875651949e-05	0.00124884786001266	0.0163184011500373	9.32530874803343e-05
9.16192112500469e-05	0.00305038003895477	0.00175377195925851	0.960909881014108	0.01630009635226	0.00286748971383086	0.00285864859815286	0.0120764939009281	9.16192112568305e-05
0.00385203825438925	0.00460611318467219	8.91255873881333e-05	0.966664159506902	0.0119747775760962	0.00648926813893097	0.00244535151444111	0.000998364865843352	0.00288080137133647
0.00459989084123996	0.0111734786171364	8.69322605427347e-05	0.954422613379779	0.0108231143911424	0.00495924976299584	0.0107417837468504	0.00310600473977441	8.69322605387588e-05
0.00171592941482615	0.0195765958680316	0.00682129828371191	0.942341704182047	0.0205895304947902	0.000411743067781099	0.00660470822786009	8.92811815359949e-05	0.00184920927941614
0.0056919377240464	0.00434838319826294	0.0169673735999892	0.938327409595092	0.0210915595955497	0.000890854573079468	0.00758810359659782	0.00123574353359351	0.00385863458378866
0.00389078370454537	9.07370970174829e-05	0.00220677694550754	0.971195829364108	0.00989695548687738	0.0106048363479895	0.00193260686007826	9.07370970101212e-05	9.07370968665519e-05
0.00228379048458387	0.00270880300090952	0.00113992664665906	0.958739661996623	0.0202649232028322	0.000131551055191816	0.00470674364151832	0.00451422518191567	0.00551037478976689
0.00012888491861255	0.00351878215243601	0.00325740528128647	0.945999166028709	0.0235639695229436	0.0101736572259636	0.0102710064454969	0.00171435100448235	0.00137277742006939
0.00045193473142829	0.0117582985680797	0.00177501396533446	0.965975381516452	0.0073383124809936	0.0106934755243657	0.00175271757334582	0.000127432820025569	0.000127432819975149
0.00263735582942935	0.0101693802610656	8.91331321448632e-05	0.961755893214641	0.0119100413785456	8.91331322817804e-05	0.00876426374737454	8.9133131912318e-05	0.00449566617260459
8.95912652373558e-05	0.00681846116533449	0.00213830145049459	0.954658658431951	0.0162740325640992	0.00895147263040954	0.0105116197238183	0.000468271503399797	8.95912652561455e-05
0.000132005632671057	0.000350910646895091	0.000132005632493049	0.954177376241668	0.023540040215828	0.00998880081384361	0.00484361504840375	0.000841072203253197	0.00599417356494433
8.94226356684021e-05	0.00453976813760918	8.94226356365478e-05	0.977234495890696	0.00936032481244404	0.00275935522254789	0.00574836539412908	8.9422635629944e-05	8.94226356384798e-05
9.11730765003972e-05	0.00793646801785814	0.0024637730470194	0.962177536646974	0.0206488960730463	9.11730765069283e-05	0.00128698370290446	9.11730764233094e-05	0.00521282328276689
9.45426421104992e-05	9.45426421225738e-05	0.0103017208591049	0.952528636794615	0.0169945824641681	9.45426420223093e-05	0.00831296243407993	0.00983228927317307	0.0017461802486041
8.91068591853988e-05	0.0145620595903811	0.00572926519887395	0.955504886047527	0.00880549347784794	8.91068591680304e-05	0.00678361633107082	0.00342762656813502	0.00500883906781094
8.90196230488832e-05	0.00746586928754037	0.00244049476247603	0.968359787069848	0.00910473006757554	0.00386176125653893	0.00746423741398385	8.90196230829908e-05	0.00112508089590558
8.973048436297e-05	0.0191199671012896	8.97304843744566e-05	0.951245782087315	0.0166027615561816	8.97304844646923e-05	0.01055546167167	0.00113528278089002	0.00107155334945196
0.000509871445301273	9.13235944750251e-05	0.00237503678289771	0.963934087205611	0.0197560180687626	0.00737651176158148	0.00577450395249291	9.13235944539937e-05	9.13235944238693e-05
0.00141866885557753	0.00779463295855922	0.00909230872276629	0.950663136270069	0.0160480411483642	0.00475278621728098	0.00628722561231157	0.00203670349116155	0.00190649672390932
9.41202066231669e-05	9.41202066915961e-05	0.0125159174588513	0.965526139328905	0.0105633509731582	0.00208055232463797	0.00349823574568372	0.0026779927314557	0.00294957102399313
