Bcells	CentralVeinEndothelialcells	Cholangiocytes	Hepatocytes	Kupffercells	LSECs	Mesothelialcells	PortalVeinEndothelialcells	Tcells
0.00156708718970239	0.000666558042397685	0.00528414665799214	0.929012639645901	0.0306277990376882	0.0308951734731241	0.000123929837481729	0.000403002881645883	0.00141966323406686
3.5305779484124e-05	0.00257999363274622	0.00315173132026785	0.926163207286199	0.0390244596763509	0.00722746818784897	0.00100162657314968	0.0170313775205436	0.00378483002340955
8.70163715737164e-05	0.00544248164114125	0.00308009045220054	0.948102487457705	0.0239690404941834	0.0102499125040697	0.0008310657631933	0.00795968909608864	0.000278216219844818
0.00288876332692378	0.0113192096665684	0.0169480828169549	0.918119345626901	0.0189412273261076	0.000562901434706399	0.00535283235353144	0.025589781975932	0.000277855472374696
0.0195136081875073	0.038372817041807	0.00443470736694969	0.911508024890769	0.0174704243127276	0.00275931026746132	0.000759260115945562	0.00394421660869532	0.00123763120813694
0.00314416991730798	0.00558380682039633	0.00247812054181852	0.938092971396986	0.0279287526177918	0.0200924914378583	0.000174859695385083	0.000538202618416513	0.00196662495403957
0.000926725066829048	0.000340757233908082	0.00669309662357113	0.931682721811327	0.0228094792293131	0.0341657008764365	0.000348896571292751	0.00245758121643573	0.000575041370886597
7.13800849320623e-05	0.00185042831876046	0.00652385863500234	0.932685753758386	0.030280323312927	0.0177525490098523	0.00191970166429383	0.00873994163587477	0.000176063579971679
5.75155774804996e-05	0.0191781299550926	0.00548396762797196	0.925041378261873	0.021600799699052	0.0250934879764674	0.000444774675821843	0.00184311751030888	0.00125682871593199
0.00113308238313357	0.00473448208659194	0.00268514518584227	0.942775265168017	0.0274853054972609	0.0105374069641323	0.000605274650956401	0.00898632092809275	0.00105771713597253
0.00241514301441598	0.00497995934363479	0.00280535503109821	0.9374876938767	0.0212326721884392	0.0179603254596575	0.000331075425051819	0.00233669466216073	0.0104510809988419
0.000350511202427925	0.00247256935940937	0.00924644556542001	0.944281200711908	0.0211741659683227	0.00760605710065218	0.000807066102509508	0.0130894244664969	0.000972559522853496
0.00175745338117019	0.00353753406627787	0.00232816168664085	0.938537920180142	0.0269628127434906	0.0138318639446663	0.000453057306300749	0.0120895640081777	0.000501632683133011
0.0130568087999169	0.01220682798717	0.0266847114295864	0.869362520777109	0.0306889646989071	0.000281490667292688	0.00500697557368182	0.0426413963003668	7.03037659690293e-05
0.000528798150609255	0.00424382481153702	0.00581647812220998	0.946448378528118	0.0208328605584747	0.0133058658263817	0.000678225046014378	0.00510016062880481	0.00304540832785072
0.000215609412579885	0.00106701941633053	0.00210174776463963	0.935376958585919	0.0223038320591592	0.0208469773827823	0.000334794792314756	0.0165763969119651	0.00117666367430965
0.00158768685140979	0.00186754584214257	0.0117468025467519	0.914383865155689	0.025112927605271	0.00230996441104297	0.00181767769778864	0.0179812952728716	0.0231922346170324
0.000891809629293143	0.00400895476831821	0.00868637609042667	0.924613851055971	0.030915274391286	0.0204923507824342	0.000121765766818299	0.00300580138484021	0.00726381613061215
7.63623244954108e-05	0.000879109679193872	0.00468002139203612	0.946075400253768	0.0266365468631806	0.0180312168871237	0.000438649720165132	0.00267858655026337	0.000504106329773959
2.50932171740979e-05	0.000225815570490276	0.00546767569797138	0.937800978877796	0.018884978355271	0.000727010151753559	0.000684509004496316	0.0353517055702003	0.000832233554847254
7.10671812463038e-05	0.00186707255979451	0.00601087295109255	0.941062497158296	0.0213608358728997	0.0223490282307312	0.00042943193135143	0.00634203159365847	0.000507162520929205
0.000247650454625187	0.00812119415365769	0.00336933667462362	0.941677702547255	0.0180066148510631	0.0128391075773611	0.000278576263273053	0.00274171854533233	0.0127180989328089
0.00395639295632252	0.0149256423485804	0.00420542395941186	0.935558153687969	0.0274954440110464	0.0122501442887817	0.000323594193592576	0.00120519356480477	8.0010989490724e-05
4.12256528788848e-05	0.000689693749299663	0.00593424385828301	0.928568060238772	0.0301365488992952	0.0293057329579988	0.00157545541875449	0.00347273579120669	0.000276303433510819
7.63610700105705e-05	0.0115272718045133	0.0038802159452503	0.947857670364859	0.0174459753707489	0.00613406986039234	0.000824401828083941	0.0100461571123251	0.00220787664381687
0.00243730002053924	0.000226781454568875	0.00432809797421102	0.907130483663231	0.0398112698974231	0.0174708959324584	0.000149503757879099	0.00742232920003431	0.021023338099655
0.00113681654686852	0.0277352885976149	0.00903097933491909	0.912498190183127	0.0224504910526724	0.000915647745975625	0.00273134149068874	0.0228382196667629	0.000663025381370768
0.00917817419667809	0.000284659068424055	0.00538419483621585	0.930192204703256	0.0281008047138544	0.0139450232537079	8.21150522946589e-05	0.0126627710907566	0.000170053084812094
9.44541166569984e-05	0.000769665260617345	0.0078501155532094	0.942962705952959	0.0213949831451204	0.0102853253427109	0.000248701335008169	0.0163605833762089	3.34659175089707e-05
0.000346849483863975	0.0181682484362922	0.00464702185016834	0.935922697983241	0.0158919101727784	0.0119024389403496	0.00119386127138093	0.000671383730040779	0.0112555881318851
0.00117296684093082	0.000699806550733623	0.00498871669627385	0.935914072790797	0.0195489264041671	0.0372164214896157	0.000121897528688699	0.000187858603496484	0.000149333095297142
0.0011656340130666	0.00343255870218969	0.0023848720132517	0.947308284506867	0.0250792224624405	0.00977206802359242	4.4148579850149e-05	0.00950831627797195	0.00130489542076976
2.62040515675621e-05	0.00565175698949329	0.00300094966218173	0.934603848946481	0.0284279643519574	0.0207353568821364	0.000749022250251382	0.00323091566055895	0.00357398120537286
0.002168437417012	0.00172133674903997	0.00891472439082239	0.923390239681612	0.0373689849508662	0.00623278907887118	0.00043396041896964	0.0196616191225531	0.000107908190253665
0.0019866559410501	0.0290705858733867	0.00185659654653788	0.931975640239732	0.0200250017895227	0.0011320592730081	0.000663481620080895	0.0120532785717559	0.00123670014492584
9.25187641009268e-05	0.000476617820832225	0.00731514142309477	0.941064744597927	0.0183127299273311	0.0139364295844632	0.000349803565369885	0.0131120903688069	0.00533992394807441
0.000331196185252128	0.00797825509872752	0.00253969350355896	0.949257798699207	0.0217169451087393	0.00985541564071534	0.000576401950215836	0.00500497105889385	0.00273932275469023
0.000152165320258713	0.0101204374326018	0.00393926167277213	0.937022852443928	0.0319422066770522	0.0101389484199055	3.53972289376717e-05	0.00111009135668748	0.00553863944785666
0.000183824600659609	0.0130358177616281	0.00297405997596135	0.923591475671906	0.0328121038240059	0.0188360006770597	0.00038874085238989	0.00146967706205341	0.00670829957433665
0.00141768393541742	0.00537838471128166	0.00619279811353252	0.939459984077625	0.0228253667661472	0.00317566923324824	0.000340089370628913	0.0199804286493263	0.00122959514279311
0.000139055877155959	0.0063197944014004	0.00205119272694075	0.929870486544802	0.0264627040995969	0.0283018573663581	1.4951167774506e-05	0.000733098675544174	0.00610685914042711
0.00312897931843464	0.000250362870419979	0.00327510706526332	0.93339163278341	0.0306001397959957	0.0283952414112059	0.000336837709493143	0.000316163180454064	0.000305535865323471
0.00115207958315353	0.000274453976164643	0.00284700407082091	0.938884611995001	0.0267375173317159	0.00960642456437257	5.01241002850539e-05	0.0167715511026428	0.00367623327584409
0.000591237874062769	0.00125145269372864	0.00250198545300461	0.929561005765759	0.0272781819028119	0.0191944074323472	0.000296482432518314	0.0104871112678023	0.00883813517796593
0.0050663820331008	0.00217381364515747	0.0024907673877374	0.936109224726847	0.0269308250727395	0.0255803092866705	0.000590111054588249	0.000308324930268639	0.000750241862890656
8.50317088080521e-05	0.00524811260460229	0.00355425165260423	0.947179032589549	0.0189532159191368	0.0138312256492768	0.000141512865260796	0.00444764943174975	0.00655996757901188
7.26871099503403e-05	0.00178263191078942	0.00456966587667596	0.935229336748705	0.0293776276835252	0.0152421997878845	0.000325856487659112	0.00821797312422286	0.00518202127058703
0.00371929052313975	0.0053816725374658	0.00526959779711161	0.94052201686509	0.0274599118217222	0.00700727189460769	0.0010151412657618	0.00912009911252195	0.000504998182578805
0.000390631574914444	0.00800256038523117	0.00246324030645063	0.942122901488673	0.0227173974730318	0.017580065943239	9.03712390035482e-05	0.00632850475029204	0.000304326839164806
8.26625341096832e-05	0.00287654818153037	0.00361902415769445	0.921329376916221	0.0494563911810783	0.0167906082903528	2.08101030110623e-05	0.00506398008491622	0.000760598551086134
0.00011115200025133	0.00808487309446502	0.00239779532853653	0.933133582549542	0.0299380538217783	0.0137441021493829	0.00118897666951085	0.00399659310874979	0.00740487127778302
2.0579538607983e-05	0.0146485842917961	0.00684124500550231	0.923899700839935	0.0361927300611065	0.00207417080141076	0.0005082470453562	0.0153457631891585	0.000468979227126607
0.00121827705126984	0.00118444166075844	0.00581651065976995	0.945347546259878	0.0228839285693327	0.0193860280757228	1.40539211545633e-05	0.00261650804775513	0.00153270575435883
1.7659985324811e-05	0.000469804963756629	0.00322474903779429	0.939850780469706	0.027788915751402	0.0161916518344762	0.000928171655779239	0.0115013418076459	2.69244941149412e-05
0.00363910306078099	0.000815203783423506	0.00257400834551912	0.928036446914189	0.0274039857493778	0.0233934495085907	0.000700384646980825	0.0124569562307837	0.000980461760354636
0.00947385051991862	0.0139177912601574	0.00429942688338692	0.904375519670391	0.034311106005701	0.011171340220228	0.000717485209531568	0.0114342157208376	0.010299264509848
0.000309790745104874	0.0248238665021372	0.000906083460859968	0.929132771372675	0.0273493696933509	0.0127919496849227	0.00073202723658157	0.00053038937250381	0.00342375193186377
0.000943731178645485	0.00182443578628195	0.00103491486152742	0.944689298898865	0.0168753306514217	0.00532245412386879	6.91241968395499e-05	0.0240221276121186	0.00521858269043103
0.00121062076685751	0.00859609605797879	0.0031934926427112	0.922881442004853	0.0376660391680913	0.0256429432720672	5.07302903086687e-06	0.00028704858923407	0.000517244469176127
0.00033736105573304	0.0048933525812354	0.00186069909348305	0.947495509878053	0.0221508361626197	0.00246897203327447	2.22527915409219e-05	0.0185011966982159	0.00226981970584432
9.74982451249729e-05	0.00627123946875711	0.00516433014327012	0.936219618869719	0.0301015014015876	0.00639313525014943	0.000140824256875204	0.014894986708455	0.00071686565606102
0.000122411549282142	0.010974420425951	0.0048274691420415	0.924724768715318	0.0378358171259754	0.0141636894270575	0.000620670919580376	0.00273349875938501	0.00399725393540917
0.000459047367212625	0.00173239909184566	0.0017217522473232	0.939045968645282	0.0226876525681102	0.0284082102694282	0.000278125025905603	0.00176441476458698	0.0039024300203055
3.71264598533494e-05	0.00067264789353136	0.0049058826670232	0.946811749129313	0.0236868524594733	0.0100739931188302	0.00093007360002268	0.0128157049355587	6.59697363941761e-05
2.78515740582872e-05	0.0175516372305421	0.00529192211768132	0.948018384424788	0.0191203083597547	0.00114623187697784	0.000916052003567608	0.00786134553551917	6.62668771106414e-05
0.000253509884697384	0.0193044175130063	0.00518491165795487	0.938652910794655	0.0191441040592892	0.00361803381596666	0.000752980326697973	0.0120017519834355	0.00108737996429762
6.71324674646294e-05	0.0293068154449612	0.00145838321893959	0.929010056341981	0.0271676281916489	0.000727168543396061	0.000673398506456847	0.00500931468595495	0.00658010259919645
0.000475865713466616	0.000629098704811141	0.00799623322397787	0.930334866516959	0.0359179944934786	0.0118495349576276	1.70494329899057e-05	0.0122054261278751	0.000573930828813916
0.00122700858414136	0.0121679289232983	0.00720215930325794	0.938537121623218	0.0217091857772543	0.010163537792686	0.000297627723167156	0.00532124781493867	0.0033741824580387
0.000292369668853909	0.0214428892762867	0.00248509879142399	0.921286054554879	0.0182539586895016	0.00363571928667052	0.000284765843414779	0.0102358831281303	0.0220832607608392
0.000980399236279392	0.00434946681854606	0.00151042483687661	0.930389098060127	0.0362242914337705	0.015366181189897	0.00049963273079863	0.00643840646747533	0.00424209922622979
0.00228307555298451	0.00556686305840698	0.00629998073102301	0.951799525636851	0.0204979936204483	0.00409678721127712	0.000102543630070492	0.00844711494371022	0.000906115615228454
0.00487381692169491	0.00526815036903181	0.00314525252329365	0.939338831223825	0.0186753080070548	0.0161570802074508	5.42631211865405e-05	0.00533336617332667	0.00715393145313593
0.000127544697711052	0.0106724317770272	0.00479381703461529	0.9422905138523	0.0268012725985144	0.00118489850619078	0.000496993934633567	0.0125961099187185	0.00103641768028881
0.00266064949844798	0.0083355400829428	0.00554889946192296	0.943391599275691	0.024089413925574	0.010008144805686	0.0012314760359302	0.00445983808504494	0.000274438828760166
0.000304046787643212	0.00240738615251854	0.00283466763655233	0.927220814142367	0.030867183383585	0.0171031721407322	9.23177051423684e-05	0.011549981615426	0.00762043043603328
6.41660261983342e-05	0.00636083997782733	0.00419464314882659	0.939263438585736	0.0263510941350032	0.0214486358651756	8.48646655577367e-05	0.00114596342562215	0.00108635417005267
0.0120147531340441	0.00245103988576626	0.00218594402861044	0.918626744302117	0.0180050830278266	0.0383861652274814	0.000395170468185077	0.000604784962453177	0.00733031496351573
0.000154205554683147	0.000372402252839023	0.00429152978385217	0.925523429866314	0.0398648515650424	0.00899917235289099	0.000125690106842221	0.0104976049013746	0.0101711136161619
0.0026650679752152	0.0163792508772309	0.00276376063327183	0.939873193728184	0.0179854637540218	0.0110972651572183	0.000811486880793059	0.007988997634546	0.00043551335951877
3.1663283605347e-05	0.00247732211013872	0.00381856356928004	0.936263343849976	0.0250545485959052	0.0238012749552408	0.00124156206629256	0.00726373599410311	4.79855754576757e-05
0.000187626522058419	0.00368986987176828	0.00544149882810255	0.92008110168649	0.0191478327814247	0.0222422085173768	0.000837254894795017	0.016101144241817	0.0122714626561673
0.000644050699412679	0.0207100782055413	0.0016672548302689	0.933023810782959	0.0238148796442502	0.0161862177979035	0.00173706464074645	0.00139737874102808	0.000819264657889661
0.000581428038857485	0.00100316330538681	0.00266913111719578	0.93560462531153	0.0261069395391127	0.0246857697696791	0.000680749806937886	0.00394746093117115	0.00472073218012962
0.000964068046161731	0.00153528765024746	0.00309309390684791	0.926200559718204	0.0405523989474461	0.0235242021753051	0.00103744015504478	0.000730245186563132	0.00236270421417949
0.000827554051192621	0.00521167545605597	0.00279022873057336	0.95053344208068	0.0218043928387199	0.0117569815930977	0.00140949982929048	0.00526638167278271	0.000399843747607141
5.3314250853769e-05	0.00169457415032588	0.000293852097519976	0.951295201930837	0.0220358362053854	0.0138585537693836	0.000600042504765978	0.00795836138649402	0.00221026370443462
0.00453201569308862	0.00321249090479006	0.00246791180268934	0.926214729770872	0.0249722259231944	0.0252489602232819	0.00134512948708974	0.00687495730311067	0.00513157889188328
0.00264608577857652	0.0278032199396257	0.00225341722090192	0.924668763168177	0.0288889418259876	0.00139735827145421	0.00130910977975751	0.00831471277016762	0.00271839124535176
0.000680629098373298	0.00476814963896892	0.00671516968773943	0.946520499183028	0.0200615623434995	0.00533344230352156	0.000166073662928849	0.0110667681555055	0.00468770592643502
0.000381875421006132	0.00565523215083624	0.00431083752591594	0.93504680972678	0.0247513690823751	0.0028960403554665	2.79125073565228e-05	0.0109118783295581	0.0160180449007056
8.57551496571253e-05	0.00119820311240629	0.00386546576445035	0.931250256076283	0.0334142950500175	0.027636675864486	0.00016521305083674	0.000810470172680624	0.00157366575918239
0.00904696729252107	0.0157503981088067	0.0023846166693145	0.915942500870699	0.0476503346066398	0.00188565981648999	0.000972212014842381	0.00188535323847667	0.00448195738220985
0.00690913272404416	0.00119616694416491	0.00114002745692057	0.930898495756426	0.0193615493144772	0.0281240219131603	0.000107997913189805	0.00717197648102238	0.00509063149659484
0.000286146875308997	0.000895878158774378	0.00158215458633365	0.925093732086398	0.0315283155083675	0.00537142457811001	0.000102072777455006	0.0189496166194067	0.0161906588098459
0.000157505014993196	0.00178998841479365	0.00400429390023299	0.93638692435937	0.0293651854438238	0.014597195962856	0.000200377343063839	0.00431534495302677	0.00918318460783992
0.00161942464661069	0.00436838852964202	0.00472529900846155	0.941081544432266	0.0148574251399186	0.0310102403567253	0.000284296716577878	0.00182527198684226	0.000228109182955428
0.00132100118334759	0.00604997149200579	0.000904243396147188	0.923761916059785	0.0340128452868394	0.0227515813652862	0.000465335166991007	0.0069020949444784	0.00383101110511967
0.0133384441370257	0.0157008182191237	0.00130260799925216	0.927223052413288	0.0308332108701533	0.00861069017152735	0.000708062281151267	0.00167357412326764	0.000609539785211182
0.00010705859784056	0.0109633453805968	0.0267227563470463	0.907466597627627	0.0220002183714835	0.00385180063472169	0.00421853908423332	0.0243901992072074	0.000279484749242917
0.00443532993314389	0.00995433435025164	0.00457296517360982	0.931069203880667	0.0263474367026189	0.003925706394471	4.61088688853819e-05	0.00626437504316434	0.0133845396531881
0.00549425060582598	0.0153945947284783	0.00392272304942076	0.933715854179539	0.0282860646786216	0.0117764750567228	0.000215336961865413	0.0010470891453468	0.000147611594179445
0.00468822714896597	0.00860300114721468	0.00334568888238068	0.931566312996755	0.0301767106529945	0.010666982835595	0.000891463755468422	0.00135328026525152	0.00870833231537411
7.40464445316984e-05	0.0295942105390332	0.00442318965814509	0.929003879278024	0.0184769835380679	0.00188053756377937	0.00342861168940131	0.00756323122122083	0.00555531006779661
0.00551080700708485	0.0147727142242273	0.00181183369604439	0.921148572735257	0.0279875290293567	0.0241435215659956	0.00137101406312512	0.00174784022796458	0.00150616745094479
9.33096428709802e-05	0.0220234895742662	0.00357972861930082	0.933246448097461	0.0199674668189182	0.0120005382924508	0.00109765815208989	0.00513781609716404	0.00285354470547779
0.000103513201238082	0.00279356795304988	0.00262541950863284	0.922237332898503	0.0261165015908373	0.013226424093461	1.61093561458734e-05	0.00965944487453347	0.0232216865235983
0.00214754765416556	0.00775457210683833	0.00477886998547533	0.935233408547526	0.0217825653727802	0.014800258515794	5.74977953041799e-05	0.000454089852343339	0.0129911901697727
2.40795293822462e-05	0.019087463170805	0.0020473833127466	0.935356251817018	0.0246530091288867	0.0134936355851103	0.000399313677798611	0.00174283755717398	0.00319602622107857
0.000126011557053506	0.00521053071872881	0.0100303784671717	0.936925663017852	0.024868736256432	0.000944542248757594	0.000734931536672742	0.0207985858129382	0.000360620384393573
0.000172477908257474	0.00357350898752813	0.00606294753815556	0.94280598215524	0.0177139707734264	0.0158788865963797	0.000943371165249246	0.00986309558771318	0.00298575928805072
0.000110093495962414	0.0196435984860781	0.00456511442274048	0.941076095682586	0.0171840060241892	0.00746786066149917	0.00070295167179316	0.0051825533517081	0.00406772620344307
0.0106025973552128	0.0135877562451398	0.00762487801931466	0.935343599468541	0.0175758486046259	0.0112304599046505	0.00106076252019787	0.00257189029297532	0.000402207589342041
9.56927399937817e-05	0.00713049818684102	0.00456026381385739	0.94961164287196	0.0217298416455937	0.0138604035423851	0.000599550247356332	0.000963983379970064	0.00144812357204234
0.00131153354906262	0.0149313722800419	0.00128170563597244	0.949353708595077	0.0169868062572593	0.00752450000678679	3.3116709188659e-05	0.00839114901206332	0.000186107954548075
0.0005793289354786	0.000699973927830038	0.00209891164111529	0.932653359407188	0.0259904059760443	0.0204425577260736	7.12910152915933e-06	0.0152150257772652	0.00231330750747623
0.000164490032999134	0.0210043582594303	0.00156163429816918	0.938219360677138	0.0137801931744392	0.0189358789598969	0.000808145260689352	0.00167761195708151	0.00384832738015657
0.0027031803195445	0.00257086206352729	0.00487794922288953	0.934132034251902	0.0288616510087705	0.00760063371070397	0.000743569318120113	0.0184302969366423	7.98231679000007e-05
0.00100707958479479	0.000263114699723706	0.00290631026420442	0.929179684745457	0.035374191480599	0.0228230966319757	0.000183855419205488	0.00817662761208325	8.60395619567719e-05
3.3542638402757e-05	0.018091987785437	0.00333299901230183	0.936325529675725	0.0252257874840611	0.0124312595329176	0.000631787413222039	0.00331963863162392	0.000607467826308261
0.000675311032408933	0.000245970129035242	0.00460011270946237	0.938482574287057	0.0238424522468968	0.0162699669750185	0.000699956256613355	0.0149265589564437	0.000257097407064669
0.00028056301460097	0.0156907105486064	0.00222959782472824	0.93067293028287	0.0280858196666437	0.0182893611470199	0.000508537954608817	0.000252398890602127	0.00399008067031977
0.000130907137501764	0.0147065657078152	0.00202269401497059	0.920926571677513	0.0377038542824063	0.00915013007352252	0.00043767058166859	0.0081672227848619	0.00675438373973957
3.21749184247821e-05	0.0143182901019825	0.00359029860028608	0.941424005857117	0.0299354914848523	0.00205328567112669	0.000803705797890472	0.0076700680361042	0.000172679532216292
0.00056561879527785	0.022645130582747	0.00514970573615013	0.918538634398341	0.0284485028669623	0.0161232676714412	0.00131440398255525	0.00126971234213795	0.00594502362438779
0.000805059941539817	0.00226971370925353	0.00435866320604741	0.956873067473973	0.0172551798050056	0.0113207665639056	0.000385427621973023	0.00441680953728206	0.00231531214102031
0.00160301168035707	0.00184378711880127	0.00195874665657807	0.929008941043948	0.0314067873767812	0.018149856503957	0.000375315815615506	0.00448794685268166	0.0111656069512802
0.000417548267702226	0.0407891890007824	0.00271281931649628	0.921119271371373	0.0266211220622721	0.00715305892947424	0.000707710695093962	0.00035649573975295	0.000122784617053125
0.00126163743716728	0.00388179772238695	0.00406304631971249	0.940825727825073	0.0215374710772157	0.0265222994342948	0.000561002486200689	0.00119621561468018	0.000150802083269113
0.000181924800588679	0.0125644831840757	0.00313511920908686	0.932041813454159	0.0358416633821589	0.00772968989658507	0.000705041208392587	0.00552513259500656	0.0022751322699466
6.83443305051016e-05	0.00142834518748289	0.00591137926728522	0.951103299316803	0.0259035328372877	0.00225405189438351	8.48882367413937e-05	0.0105625986153885	0.00268356031412249
0.00153503881294419	0.00038577789097851	0.00472919857889658	0.9496059942184	0.0266341016634137	0.0113933801242547	0.000281293543086748	0.00525289125147408	0.000182323916551669
0.00235439344222859	0.00470007731735649	0.00436407084400202	0.945311403189685	0.0300805340602022	0.00981457221928394	0.000648615942901359	0.00244661044484005	0.000279722539500891
1.35985661929834e-05	0.000196330919337421	0.00621966188217003	0.925175035026104	0.0380833072831752	0.017172652891191	0.000678373000089667	0.0121490326145361	0.000312007817203303
2.91354116259485e-05	0.0128680621050636	0.00387870932701292	0.948812886049849	0.0246899791873122	0.00075887044779313	3.82953557992568e-05	0.00799599767875943	0.000928064436784404
0.000998429071272197	0.000944363085413425	0.00349715541230612	0.942582753876117	0.0275419086640482	0.0170488004304968	9.63143628130982e-05	0.00576486181687496	0.00152541328065806
4.64796566625513e-05	0.00778087798852782	0.00345777499951437	0.9425501801963	0.0217869511807769	0.018674364441721	0.000400644929124905	0.000606705287393323	0.00469602131997942
3.94515057603343e-05	0.012421126388691	0.0015628756983362	0.939295187021849	0.0209073059696335	0.017872150577025	0.000597164888359223	0.00330548534871902	0.00399925260162707
0.000119668689144357	0.0127172868837123	0.00465109206281898	0.923252571881134	0.0297562945101674	0.0195006084987756	0.000513416378323243	0.00935311126040431	0.000135949835520078
0.000118789455296866	0.0249002992153064	0.0040382077878227	0.922425681272828	0.0271683298336252	0.0122868083920923	0.000635474318111516	0.00633570795405616	0.00209070177086112
0.000357117399879175	0.00413777432689566	0.00505897170069747	0.934504632011113	0.0318231696804376	0.015171504327202	0.000377176533715355	0.00817916910101535	0.000390484919043971
0.00313695367379732	0.0156804227886372	0.00447331294070312	0.940562392649669	0.0245883254150025	0.00626721810235178	0.000367824669859008	0.00339470169854601	0.00152884806143427
0.00375561723531366	0.00316899174197196	0.00182810716592586	0.93645174428574	0.0271072413110764	0.0270533964505067	0.000285052681548282	0.000284896083552166	6.49530443651581e-05
0.0021547294552041	0.0116384744010551	0.00515740812172259	0.933272360249443	0.025774640765305	0.0172729686731964	0.000552029944430129	0.00214550520095812	0.00203188318868599
0.000880744568250508	0.0185478608287874	0.00229169009653177	0.937219456939302	0.0165170496047824	0.0105040489379645	0.00123076849769076	0.00443597473470996	0.00837240579198059
0.000452929534511642	0.00680452534027507	0.00750461400983904	0.928826776762913	0.0328127855143441	0.00393860298678775	0.00131856152222283	0.0170086769010571	0.00133252742804951
0.00230233406737896	0.0139248122281868	0.00508571767045817	0.933122495309674	0.0217166396844548	0.0109186613046752	0.000154346448863718	0.0107452603478994	0.00202973293840914
0.0029229775219814	0.00674789456395676	0.0108688032302818	0.923342963787687	0.0154720562134166	0.000837024417476256	0.00214590343256004	0.0271333492821411	0.0105290275504989
0.000147676399813548	0.0320412059980714	0.00410227069739114	0.934920896951733	0.0151853272355132	0.000697571635713761	0.0014097252434097	0.011360640958578	0.000134684879776183
4.23682345104379e-05	0.000396758448344121	0.00360551339259452	0.940254915816653	0.025941450627422	0.0237838850976559	0.000740635047824926	0.00499416150235016	0.000240311832644568
0.000116012974225977	0.00889907707580205	0.00384135575637388	0.939114599422948	0.0183096563743176	0.0176015237804464	0.000334979341354877	0.00789032810442034	0.00389246717011066
0.0102426838938984	0.00334809378465671	0.00359542850140571	0.913457043411741	0.0353136166530179	0.029217957978909	0.000376860044418181	0.000806264495531222	0.00364205123642168
9.70077647701713e-05	0.000983380913519684	0.00359062971249633	0.925398818019989	0.0462853604284233	0.0188797710180378	1.65376631494631e-05	0.00451949231500271	0.00022900216461169
0.000441930738708178	0.0054010328141625	0.00550923667890659	0.944022592042805	0.0234221421368183	0.0164460645308325	0.000765130735857335	0.00369487427883362	0.000296996043075916
2.15225823387583e-05	0.00394414537465761	0.00357346290158311	0.933004270180251	0.0242827088468446	0.0107414209928625	5.8828725892481e-05	0.016730023375469	0.0076436170201013
0.0127792901109102	0.00585805314194528	0.00809740376957257	0.93897795030789	0.0140231447691836	0.00781675903415475	0.00127877149528472	0.0105224562174656	0.000646171153592984
7.50185205256694e-05	0.0022020107538806	0.0027626616897447	0.94393756544596	0.0196963145999003	0.0179400494829893	0.000413628875073625	0.00851768188607637	0.00445506874584987
0.000127412190018711	0.00373738588567699	0.00236741967876556	0.946621369932812	0.0283178336862255	0.0164042899304403	0.000284938529285887	0.00138495172927176	0.000754398437503483
3.46107514076232e-05	0.0017021853394327	0.0131158935328834	0.930747608693541	0.0220668584715424	0.00151688759261842	0.000610098220883898	0.0277658878963841	0.00243996950130667
5.39089120555649e-05	0.00370760151159805	0.00541883175783905	0.932653060367501	0.0247304826234	0.0281930418420643	0.00121629927243493	0.00396820739406345	5.85663190434908e-05
0.00125430884015873	0.00199986519455633	0.00513378306386857	0.935714617204409	0.0344218702863765	0.0182227090150169	0.000653805227347123	0.000411501551276416	0.00218753961699045
0.00617678806368716	0.0212049525887731	0.00162885305376585	0.941715424149336	0.0199136033831619	0.00767109503682656	0.00121156114752322	0.000178843728130025	0.000298878848796862
0.0039308632113384	0.0136991978044041	0.00500880627974005	0.937227594331454	0.0198327923072916	0.014050247812194	0.000990903237022349	0.00201380997220926	0.00324578504434596
0.000513230572161659	0.0173768326388159	0.0027712036675049	0.931602422531321	0.037008800626448	0.00522347190271021	0.000504007056442927	0.00337694920418902	0.00162308180040618
0.000270103261552428	0.00145519383274694	0.00276931212665321	0.92010783996107	0.039433711995136	0.0341492519961789	0.000373842423398991	0.00129955306448939	0.000141191338774004
7.98979431383618e-05	0.00746721729996685	0.00361773885919597	0.919975943849823	0.038936155504705	0.0244589916279766	0.000932269608337936	0.000885166696536189	0.00364661861032035
0.00201587699733292	0.00305257142478469	0.00327439897928947	0.940467220402545	0.0227384948560118	0.0190891483903833	0.000513540344704718	0.00848594832951518	0.000362800275432323
7.81017639574444e-05	0.000381102744775365	0.00326464084575317	0.926347244893464	0.0320980746704905	0.0304691958492081	0.0005703847415444	0.00224832836314851	0.00454292612765885
6.33823426217405e-05	0.00826332127170841	0.00285911969838392	0.945779293168329	0.0192032296482181	0.0131482982368516	5.37180925646536e-05	0.00567552939474003	0.00495410814658187
0.000295518186405945	0.00850336791642631	0.00521100981133294	0.939233688151745	0.0253687978613064	0.020803584320624	0.000104032985565223	0.000413922155680595	6.60786109137108e-05
0.000515253309884309	0.0119873764000375	0.00128957636887572	0.934000235828937	0.0190644696175194	0.0136021897787258	1.97766708535873e-05	0.00152028843435549	0.018000833590811
2.98189698387704e-05	0.0120543531763452	0.00592449364630874	0.915858953806374	0.034767374351227	0.00698366436206535	0.000764519229340789	0.0143931002936779	0.00922372216482244
0.00137603839270152	0.00162596939564157	0.00310029779879067	0.938502036131574	0.0183901285788937	0.0158363843299313	0.000396324163765365	0.0102730916618174	0.0104997295468842
6.1366735097896e-05	0.00151636527240529	0.00593175838759221	0.932220298204825	0.024408877013272	0.0274690354888052	7.87936653111503e-05	0.0052319111362247	0.0030815940964662
0.0134997239308471	0.00608132725972178	0.0187712701927122	0.903691653527852	0.023522447272336	0.000922383334339679	0.0049934409911054	0.0272574245532552	0.00126032893783097
0.000984216276718235	0.000331486419015448	0.00147886884824678	0.94718105923529	0.0313405136210723	0.00161536664316152	5.29296910411198e-06	0.016378488998321	0.000684706989070714
7.0609218732013e-05	0.00934422580218304	0.00320526363819827	0.933345770364556	0.0282836772457193	0.00206457928201966	0.000467291302334377	0.0182589059804133	0.00495967716584381
0.000834187023283235	0.0127346380425413	0.00173211956388116	0.942002362733371	0.0241910759596755	0.0165743590909543	0.000295243044921083	0.00119150426672855	0.00044451027464365
0.000398332080287012	0.0047875976835176	0.00514946159344835	0.940268996567294	0.029917297199577	0.00993414544344776	7.23365506609095e-06	0.00907657479777379	0.000460360979587729
0.00164416388483257	0.00874557143275913	0.00386500412967833	0.944059046268475	0.0268637416580188	0.0112916576496551	0.001108623184375	0.00177383287870457	0.000648358913501521
0.000911534852259794	0.0079338189736423	0.00308051253533755	0.921360348305306	0.0361493853760846	0.0270756087273298	0.000879406913605542	0.000368508133194009	0.00224087618324051
3.34171399214505e-05	0.00912885537659354	0.00406242101870664	0.937250412570047	0.027723807125818	0.0182524077951024	0.000507059611808239	0.00208816536243123	0.000953453999571434
0.0016868669811323	0.0106852311521241	0.0021398453681675	0.930395229710008	0.0293229713711786	0.0143865129794169	0.000738180614792578	0.00451002181296877	0.00613514001021068
0.000179042345244787	0.0112514024511418	0.00282631757575879	0.921239083429511	0.0365897758354908	0.0110679443201719	0.000501743936777756	0.0104450993346777	0.00589959077122587
0.00300404962783691	0.00712423534354275	0.00237778116454468	0.939939373503122	0.0266076196823693	0.0109522055965792	0.00075557659452031	0.00860777731874658	0.000631381168737988
0.00398052169554306	0.00757610816477481	0.00295200822176055	0.940531951468435	0.0262375912145552	0.0151447018505996	0.00143341009319272	0.00134573869944249	0.000797968591696249
0.000521183758085129	0.00310478371440659	0.00238527743136069	0.921975020924802	0.039026883210488	0.0146062620930454	0.000236647581378384	0.0171866463319615	0.000957294954472458
0.00810333775250435	0.00527927650761455	0.00473708153856568	0.931434132744974	0.0269217232452112	0.0174664877627151	0.000634178469343906	0.00398178552618465	0.00144199645288666
0.0001020645098987	0.00308386207658273	0.00467529619017237	0.931638533597006	0.0267138910784876	0.0157049888956871	0.000152497275781714	0.0128721894215882	0.00505667695479571
0.00018261832833007	0.0105468592119676	0.00403708175835003	0.941295788231092	0.0172626574353186	0.0165189880396988	0.000205253417032236	0.000553910205093367	0.00939684337311772
0.0153513428508938	0.0157867090387186	0.00145547292609283	0.90490701259825	0.0436786718067314	0.0142235456691678	0.000744442016301901	0.00332377747149061	0.000529025622353509
0.00192251841560148	0.0269586142806147	0.000784786213783327	0.932837597618458	0.0177898033489474	0.0153081106148211	0.00143829097840442	0.000495526895798618	0.00246475163357125
8.00085569520669e-05	0.00131122377230982	0.00732036714965619	0.929584047300246	0.0234527581471244	0.0186649647361596	5.15839022030049e-05	0.0194762568631355	5.87895722130453e-05
0.000120302601460725	0.0110523545167483	0.00131043060867997	0.938946058939137	0.0324456979234279	0.00365274035313447	0.00017678600761595	0.0117430470296916	0.000552582020104343
0.00384084784536318	0.000629620773543081	0.00353487517004401	0.936653765782791	0.0322408855941271	0.0195054625237046	0.000200576121343311	0.0032380491979566	0.000155916991127354
3.24554346931028e-05	0.0115377887242851	0.00214321779789503	0.927348906153996	0.0403417400484709	0.00164052423200254	0.000482343793190341	0.0159510583661295	0.000521965449337665
0.0023047559307505	0.0118903696792228	0.00321939999946535	0.930250604541419	0.0389169314702418	0.00836327924698172	0.000845546754753296	0.00326502706654383	0.000944085310621601
0.00281861898912136	0.00833708714541682	0.00360924859901249	0.910698351246518	0.0616770353497215	0.0051960267584056	0.0015436019712919	0.00333786477472754	0.00278216516578429
0.00173561899016236	0.0111096443177294	0.00326981114874653	0.927320753606103	0.0393936523703055	0.0126644021316352	0.00129884627825025	0.00125532944973233	0.0019519417073358
8.74646384362856e-05	0.00302649938976771	0.00568224615412288	0.928805483104147	0.0216062765857839	0.0373795622178682	1.150917439747e-05	0.00121603233649325	0.00218492639898311
0.00499439792125197	0.00202926744854591	0.00272996839291052	0.934892354749873	0.0292012411391338	0.0218368727940191	0.000105414816101708	0.00401466835932958	0.000195814378834414
4.90765368880605e-05	0.0157076268913303	0.00323129948106063	0.950580615385194	0.0175489279698858	0.00608751411390147	6.91122465803054e-05	0.000533311921761415	0.00619251545339838
0.00630920771216618	0.0157927144711833	0.0030385052620174	0.942031411820479	0.014740709912379	0.0169466141796828	0.00012073750088793	0.000824476868995144	0.000195622272208849
5.84590565919543e-05	0.000242049258641965	0.00562318562264871	0.952515630016416	0.0117838548673407	0.0118682381426735	0.000630887787335811	0.0169860156212867	0.000291679627064343
0.000544591497186761	0.010324963345357	0.0021093623401539	0.950403425314865	0.0221265823971099	0.00851630105610979	2.22623152075998e-05	0.00172920622656384	0.00422330550744679
0.00986520503976961	0.0102182510555261	0.00391444624248204	0.925276663179383	0.0217584543613881	0.0256332152997539	0.000538967164882808	0.00211158044934261	0.000683217207472045
0.000120144991922162	0.000257262645440791	0.00460843484393882	0.945506795853716	0.0212476349435522	0.0194161819536756	0.000119775333708526	0.00460618691289797	0.00411758252114801
0.00057737987381798	0.0226601214449865	0.0050225538171119	0.94008596253179	0.0207302714552721	0.00535968505548603	0.000820271779999287	0.00409279223196128	0.000650961809574511
0.000114138329065939	0.00443458950680967	0.0065283654059197	0.930069082754235	0.0235093124058857	0.0277104379413766	0.00224485893657357	0.00486158662214918	0.000527628097984718
0.000113145075769383	0.0110104138346548	0.000320880124237922	0.934164275247273	0.0270451810761969	0.0188136781151792	0.000352056034912581	0.00403703713282847	0.00414333335894793
3.03695887155492e-05	0.00385222868733842	0.00370206868637285	0.93461220100723	0.0324705567218278	0.00798188211534482	0.000559791321154797	0.0165479850555209	0.000242916816494834
0.00125379978789164	0.0334779893424561	0.00622728269220554	0.927279572977498	0.0253547621341572	0.000379681482806576	0.000492207395675365	0.00530020510027778	0.000234499087031931
1.45967478794158e-05	0.000538649786753569	0.00395472827416889	0.946624209241061	0.0254725580777203	0.0134734764684874	4.10295277058636e-05	0.0097423363832744	0.000138415492948871
4.63650053868091e-05	0.0235359128834518	0.0029894894115565	0.934239723246787	0.0269930760195069	0.00297591504476576	9.49053279631423e-05	0.00808093600151608	0.00104367705906586
0.0010227705816115	0.00633752782422017	0.00252239064215523	0.934945238373175	0.0281748886128929	0.0202940899901964	0.000785815672376502	0.00408394372383772	0.00183333457953463
0.000420268156967023	0.0235382648505017	0.0033240220708761	0.935849701840816	0.0203074956778858	0.00150134880665208	0.000635845166806145	0.0129075207264918	0.00151553270300354
6.18854133327817e-05	0.000970363501723277	0.00524974716973737	0.926650813670221	0.0300387076539557	0.0170622221112788	0.000376412390882395	0.0193025053176655	0.000287342771203569
2.92961109075361e-05	0.00636976444649156	0.00305767949773766	0.938542241028999	0.022202460392186	0.00995299765372592	0.000623276160537339	0.0188217015163203	0.00040058319309438
2.41135142933138e-05	0.0134159328059572	0.00500192713328183	0.936937274147569	0.0297147254259396	0.00796249471766352	0.00164353811794642	0.00522652506332496	7.34690740234628e-05
7.39188650733495e-05	0.000364455758766735	0.00521348923211416	0.935054266365296	0.0284393251370145	0.0117802008698195	0.000352981246545678	0.0174658027719959	0.0012555597533741
0.000824792311316445	0.000317013740484824	0.00214536872066371	0.931199719056477	0.0329381622057516	0.0244320432054482	0.00135466978258725	0.00669231774040389	9.59132368670034e-05
0.00763404685469066	0.000341735924446252	0.00129443795852468	0.919067878740047	0.0216805851051406	0.0169661378981584	2.78235530970303e-05	0.0144929852456322	0.0184943687202635
8.51487203057911e-05	0.00043113283617093	0.00294544566280739	0.933737323944093	0.0338541448222385	0.0205705663880346	0.000457688946764968	0.00675619372813263	0.00116235495145216
0.00189539860891885	0.0150050559567393	0.00539692150011154	0.914283442964391	0.0412888621066032	0.0015948185950682	0.000890491085130758	0.00721945490592849	0.0124255542771091
0.00189787018558913	0.00091396284955653	0.0228386584126041	0.911028473672369	0.0257896469770365	0.000914694359216641	0.00213588107958341	0.0344007027507694	8.01097132752003e-05
