Bcells	CentralVeinEndothelialcells	Cholangiocytes	Hepatocytes	Kupffercells	LSECs	Mesothelialcells	PortalVeinEndothelialcells	Tcells
0.205826951946225	0.00208928225925595	0.00270351341324777	0.293432247229912	0.129231430049518	0.0204849373858671	0.000809915759870961	0.000713627950268277	0.344708094005835
0.208674926433344	0.00121707958966738	0.0042776923481321	0.263126469714075	0.158736195480256	0.00586379922635303	0.00296264146606424	0.0158201758166208	0.339321019925488
0.195772012622366	0.0021323198162992	0.000263184544430103	0.299970357550452	0.0864244951261356	0.00685697292079168	0.00088817498788701	0.000604786941783389	0.407087695489855
0.203179011140869	0.0028467557768	0.0746988518519118	0.272366630568559	0.06093778044358	0.00116326551629295	0.0385306341101669	0.0428740731160128	0.303402997475807
0.261102858963322	0.0279179860111582	0.00352677243008037	0.26228238110519	0.053005772096468	0.0116775580635287	0.00968944928052217	0.00265481943887273	0.368142402610859
0.215832305863	0.00166862785885743	0.000369778795093739	0.284465775793128	0.112293756196698	0.0102333098404475	0.000475578563559958	0.000550481077398212	0.374110386011818
0.233465488163945	0.0025859011783145	0.00802794893041269	0.294090151564277	0.0905333294788901	0.0326838222552758	0.00040079172865607	0.00141525381424606	0.336797312885983
0.169472192618218	0.00184936725746856	0.00365200510309033	0.31488292994041	0.132976778702491	0.0161671955508941	0.00858800370610481	0.00457060320682477	0.347840923914499
0.242333156987854	0.0112418937469599	0.00441283826896833	0.249477730834153	0.0963093321055439	0.0345529899211829	0.000674737257543522	0.00900701906837723	0.351990301809417
0.207559643830248	0.00160627125328962	0.00256240717315318	0.300181119728948	0.105510374631271	0.00837741121059215	0.000164163327109541	0.00126940748804256	0.372769201357346
0.238333441213385	0.00398728827326214	0.00068483533592242	0.265318973423639	0.0667105833679874	0.00951660034176614	0.000146619598058918	0.00089841879753852	0.414403239648441
0.225001003539692	0.00287914978711974	0.0353822173149973	0.285851993295492	0.0637054426057074	0.00427758984236846	0.00481843921984494	0.00565076690407798	0.3724333974907
0.210160638729327	0.00127732774277811	0.00024101804640754	0.293125569432145	0.100226168955233	0.0159418900713755	0.00170060410851093	0.00271235460708177	0.374614428307141
0.214842862002712	0.00807452729825443	0.10953020685211	0.222317117469499	0.0890530258340495	0.000876179390715514	0.0254546196455443	0.06966505196181	0.260186409545305
0.201987258650174	0.000998669092282785	0.00805240861098319	0.297320939366542	0.0829884769334105	0.0064653350902269	0.000442203511251862	0.00477101178061618	0.396973696964512
0.208885014986227	0.000682849171791817	0.000215816539072273	0.302037654843484	0.062644025332578	0.0280741456721189	0.000545551543709991	0.00582735151032461	0.391087590400694
0.213631860245668	0.00136775273242735	0.0497439317093829	0.271199722440358	0.0844953185402808	0.0033090576822285	0.00311586859266291	0.00607834364941959	0.367058144407573
0.209425101241519	0.0042873437913183	0.0202536766740572	0.274930120927205	0.109485302576081	0.0140879250401674	0.000141007932722764	0.0017327536035151	0.365656768213414
0.242008669192671	0.00058458188037841	0.00482780188787445	0.279934769300854	0.119705459502166	0.00582653010499073	0.000428539723839725	0.000892429170935486	0.345791219236291
0.128640799122477	0.000479561121402998	0.0154563632185678	0.307049975025864	0.0699923612090387	0.0020425116742082	0.000164662421535811	0.0421842575479869	0.433989508658918
0.207692248549884	0.00407771847694074	0.00156677614984627	0.316859491220189	0.0775991495062463	0.0152171495345035	0.00532634992157119	0.00130128853926189	0.370359828101557
0.229921476669804	0.0019868004973664	0.000844935480551506	0.270232032703664	0.0775019561884333	0.00874182537286958	0.000900696558449046	0.00190836592078019	0.407961910608082
0.240501410725583	0.00216209304048114	0.00217872347469234	0.285772697741021	0.100217435757858	0.0110731992540409	0.00011123591690271	0.000860927336062483	0.357122276753358
0.231358525015934	0.00154516155440652	0.0105924236660769	0.275735869424378	0.116798834370098	0.0210768280257578	0.0031940350412781	0.00383572030882965	0.335862602593241
0.233369480774948	0.000806128237299951	0.000712485209734263	0.30229827154088	0.0528766628918163	0.00800494264227003	0.00386527311808516	0.0049952344433946	0.393071521141573
0.22413869346728	0.000450506828055294	0.00180892882762744	0.234599072362178	0.151803039165272	0.00780432789796979	0.0002361169786023	0.00597202090997241	0.373187293563042
0.229762370839898	0.00365688685998849	0.0214405492712303	0.253226783590725	0.0518038746562451	0.0054817194707553	0.0346143199933062	0.0418449350480061	0.358168560269846
0.244270898012588	0.00110968805185166	0.00255203728128037	0.276252414984286	0.100125470985721	0.00245626367274453	0.00030396378534301	0.0157355451484852	0.357193718077701
0.180804857362446	0.000812133078915568	0.0204361483121993	0.350435317420745	0.0767859476144926	0.0078091787771182	0.000220291195620128	0.00530887346638819	0.357387252772075
0.24778567090043	0.00214731477336377	0.00151880319870646	0.271296766456819	0.0579582248771181	0.016832380724687	0.00947530104414603	0.000603047917408941	0.392382490107321
0.190799047440894	0.000669427388014526	0.0015362963818722	0.31708497587442	0.0608359744150998	0.0219937601386016	7.19127626244702e-05	0.000385358916700755	0.406623246681774
0.180639803439403	0.00119830858120441	0.00247778466891585	0.292838448383407	0.100474554395211	0.0070906902979162	0.000241937122975311	0.000738670905773897	0.414299802205194
0.189568549780822	0.00111924506180333	0.00174567680504527	0.291991781205712	0.138889906720254	0.0137666783721188	0.00404291814553519	0.00624358968197333	0.352631654226736
0.22597254109653	0.00150836579995151	0.03082619582689	0.279440439343054	0.141416806400361	0.00639488709017369	0.000181072955523239	0.0236577621031929	0.290601929384324
0.27843346849954	0.046263811256884	0.00167765946509265	0.260061954391658	0.0654080907357162	0.00354677142856349	0.00081374125756515	0.00238412114467844	0.341410381820303
0.22588092833546	0.000783255191546306	0.0302778948660891	0.28201453786404	0.0723165607786121	0.0159651555132829	0.00015961529283292	0.00132313155490009	0.371278920603237
0.200050490840674	0.00144519558529704	0.000969530389618202	0.292918769720782	0.0890535530150381	0.00674007851394593	0.00136469258398364	0.00359646869355732	0.403861220657105
0.199700918713799	0.0116123250177971	0.00061805925191295	0.286771344311713	0.108877166269211	0.00231911403802216	0.000103464797609419	0.00105357313715444	0.388944034462781
0.220657317472467	0.0159208959332297	0.000688362554938358	0.262846158403975	0.124739734942833	0.0124481245850696	0.000537872880795992	0.000802528174833109	0.361359005051858
0.192182675500793	0.00394173206592157	0.0102242979388819	0.271580800166138	0.0866545125905057	0.00189728827181505	0.000359469424705928	0.0302593166841291	0.40289990735711
0.267552628058258	0.00215787284838367	0.000391928434279334	0.254978737765185	0.0837907609076403	0.0291493361051035	0.000112269732030077	0.000552326195538222	0.361314139953582
0.209496081615238	0.000763870940278188	0.00031226231584608	0.279715652990527	0.120349824408074	0.0217235190114335	0.000188764495964836	0.000671615645516958	0.366778408577121
0.21019535234782	0.00052702822227435	0.000309166744042543	0.298226641678473	0.100037476904905	0.00845077916261801	0.000253007372891432	0.00130683811389069	0.380693709453086
0.203911836935481	0.00145676645560666	0.000563155621236953	0.263445820026262	0.0910256632019013	0.0172760475469235	0.000383535495588147	0.00272993963164756	0.419207235085353
0.221613205842125	0.000517805571992026	0.000265297910411022	0.291434450113744	0.105417918819646	0.0206217456578726	0.000187500484956078	0.000409682241942968	0.359532393357311
0.19074816023522	0.00320965774877598	0.00120842984094271	0.290351482454344	0.0637879047636939	0.0051265264107067	0.00167263147516584	0.00115282016912336	0.442742386902028
0.223591647118881	0.00346052518754146	0.000825039664794302	0.311145179593202	0.10597330786653	0.0108635471011744	0.00022964635860491	0.00138184960417446	0.342529257505097
0.212329617336846	0.00247958407488033	0.00645419824204513	0.287424953935245	0.11027757136248	0.00279325260035597	0.00307740052607464	0.00150641144530752	0.373657010476765
0.162319463805588	0.0115054844592519	0.00190586971583455	0.312348416055319	0.0928864114029477	0.024674011990347	0.000155291647921989	0.000666827653714398	0.393538223269076
0.179441830305923	0.000936163679688885	0.00146352775654157	0.240820457235872	0.204352981474835	0.00909552133310547	0.000288549205323125	0.000886156056378584	0.362714812952333
0.244969229620982	0.00243581042757522	0.000499590674284555	0.244359955447821	0.112193006654319	0.0089332373897391	0.00448508081873565	0.00156187815212187	0.380562210814421
0.183964142438362	0.00137931482352664	0.015003854521572	0.283692760494924	0.150251368169793	0.00432301055976688	0.0017070069664323	0.0185720857570075	0.341106456268616
0.260660243505885	0.000802011545209171	0.00599990338836387	0.274838142075055	0.0819665065313379	0.0111851347083472	0.000109042494066783	0.00163435921919784	0.362804656532537
0.185936690895219	0.00106409813358843	0.00458446431197157	0.30528568450665	0.132327165203456	0.0082608340888061	0.00361936580594853	0.00203672508605945	0.356884971968301
0.267741530584898	0.00186058186603326	0.000659214588132583	0.267530807695823	0.0946846579803454	0.0277376201165336	0.001724164614663	0.00206789445131895	0.335993528102252
0.268057587621742	0.00180879779879511	0.00262973177483398	0.240539021259595	0.122158084736568	0.02146892387482	0.00379485609466574	0.00424978794319107	0.335293208895789
0.226726734577049	0.00675972060358004	0.000347080731534724	0.270792139399726	0.111243504000467	0.0167165077431431	0.00145565755288094	0.000915772059980196	0.365042883331639
0.238018273172963	0.00163118984732008	0.00135555018459605	0.280016310359255	0.0645372045739393	0.00930282726838923	0.000220288901043931	0.00565964581657293	0.39925870987592
0.2231026255452	0.00409072997261309	0.000278670667755543	0.276256444741061	0.148233016292532	0.0210852161968982	0.000166275734386363	0.00104789463353435	0.325739126216019
0.219652462086007	0.00341759960437796	0.000275763099558243	0.311139452124776	0.0800030970924402	0.00360258368529305	0.000109618699182913	0.00473977996337453	0.37705964364499
0.206270031853842	0.0116671409490832	0.00812527683626399	0.275725245689332	0.129906030666405	0.00204999602452043	0.000168205945703676	0.010887910713828	0.355200161321022
0.214915279041672	0.00741907924754421	0.0048047644975482	0.241458168803046	0.143757669138905	0.0100210110975439	0.000815453795847842	0.00112727005043306	0.37568130432746
0.255411522110274	0.000732708849765484	0.00034693949251957	0.266103869435544	0.0827265163829658	0.0235210137148969	0.00021766792530229	0.00118294867035626	0.369756813418376
0.193710643330952	0.000949452686444483	0.00803798827694587	0.310909033714433	0.0978229042285875	0.0103982512189655	0.000640505284830621	0.00507157571448572	0.372459645544356
0.225116418924951	0.00129684476777269	0.00311000311413196	0.327669283756206	0.0828140537085087	0.00585204096691942	0.00571998010744777	0.000862269458844786	0.347559105195218
0.251620380527949	0.0259977600448579	0.00575180300140582	0.28446121511976	0.0478350556249128	0.00279197404200447	0.00134092039157293	0.00125919469905777	0.378941696548479
0.228767141437143	0.0113591641051473	0.000715775408551709	0.278665506252516	0.0998710795032161	0.00170358084460777	0.00315474295821684	0.00544590967449923	0.370317099816102
0.198739130277993	0.00125428953290978	0.0146569230970418	0.257365772630263	0.146589218304659	0.0080347186956264	0.000169563241310501	0.00407433223080495	0.369116051989391
0.239420888140663	0.0069071991668061	0.0205464287239312	0.278540166453487	0.0859312844007874	0.00733843698445436	0.00101566079422142	0.00224233743400801	0.358057597901642
0.242952682742826	0.00778419001643639	0.000316893175181411	0.237390159000663	0.0610478226055509	0.015070039556297	0.000262266847185781	0.00280515916715144	0.432370786888708
0.218570762765904	0.00218924982661852	0.000417707165503445	0.251061917728168	0.150052252974312	0.0114819611095288	0.0036518558082638	0.00192764696378908	0.360646645657912
0.221215346956268	0.000459974088658355	0.0059899633149636	0.341031492923467	0.0668975450302314	0.00232939135998146	0.000148417526974897	0.0013737058190899	0.360554162980365
0.222349434554619	0.00146788961216636	0.00117348620539129	0.297389440442043	0.0598914643239409	0.0114558340022894	0.000632629541130782	0.00898693782829573	0.396652883490124
0.22648169348386	0.00533917433009598	0.00508866125079395	0.263624922471223	0.108204871459383	0.00375254258412771	0.000784283856206219	0.000594883961835786	0.386128966602475
0.236089302990509	0.00601482368219167	0.00245298073616586	0.290033080439791	0.0766415244406793	0.00190148560695052	0.00315253482834677	0.0020982535926945	0.381616013682671
0.194307665624861	0.00221022537053548	0.00276239101123373	0.257614225165427	0.148861138065915	0.0159632112864638	0.000331204855462058	0.0149617505419888	0.362988188078113
0.215335683013866	0.00510437064144424	0.00257776238816563	0.261071777247313	0.115647747465791	0.0159745114546035	0.000196088326209349	0.00365039988131831	0.380441659581289
0.228431934925361	0.00161084293204601	0.000643865628141939	0.283969118133656	0.0420220564500996	0.0515669202470841	0.00265222415066768	0.00111344437307516	0.387989593159868
0.205554915595997	0.00113297277318753	0.00765467392018874	0.233460631377253	0.169064057867871	0.0063412754857763	0.000189646259450761	0.00130606340352561	0.37529576331675
0.251766542226228	0.00225220710676467	0.00200242471422198	0.295280138451971	0.0670085502021442	0.0107526351226289	0.00541223142366252	0.0026255454994817	0.362899725252897
0.194630393838096	0.00817545777337352	0.00318272560193647	0.296085585495774	0.0968323681083454	0.0109319750876199	0.00394502109628646	0.00471815011547684	0.381498322883091
0.23122132949782	0.0103950399840825	0.00991698088100115	0.26001316427341	0.0709190497362106	0.0253637779093162	0.00175189092378043	0.00786712478264127	0.382551642011738
0.204723856388107	0.021173137039327	0.000362971326510567	0.292666150271569	0.0787495794069202	0.0138806674260387	0.00776640152036526	0.00283881669852955	0.377838419922632
0.213655817687874	0.00142900629273619	0.000457167399279188	0.278882510163494	0.0951105620239085	0.0177353033935862	0.000295504226658208	0.00134826831731675	0.391085860495146
0.205542484987744	0.000720875967869018	0.000644561125492469	0.25953811787301	0.175463898350528	0.0105171662525561	0.000714717797498121	0.00234231060368049	0.344515867041622
0.278954498295767	0.0011329724924264	0.00325206917155882	0.284426346921281	0.0616840868085052	0.00822191316970717	0.00332474876636363	0.00204972052424314	0.356953643850148
0.211964173768144	0.00478616229392318	0.000150131521529117	0.317148253174909	0.0768688914547987	0.00459952343457384	0.00214874132179999	0.00397899837099556	0.378355124659326
0.221730535401691	0.00867250053302259	0.000934048745163257	0.259190618417506	0.0827291469075966	0.0201390010031035	0.00108859926340268	0.00342829041100059	0.402087259317513
0.202960268165629	0.0129102920937511	0.000608183033728145	0.293058187594426	0.130451601070633	0.00436545853160054	0.0165478602986173	0.0067422557679994	0.332355893443615
0.230316178834492	0.000651113719242847	0.0132397400044621	0.285624851196744	0.0661094620538164	0.0059502613144839	0.000140631702646815	0.00465102748783096	0.393316733686281
0.197606194259401	0.000409863057323779	0.00111670463103744	0.268580164698222	0.0820269651955936	0.00186382693652228	0.000117348198916546	0.000394412383354489	0.447884520639629
0.148370879255313	0.00143872318268207	0.00201356463622016	0.294707835461347	0.145635621285731	0.0237315841591519	0.00073573439095044	0.000419856772299693	0.382946200856305
0.218165255829642	0.00301273081993077	0.000850322723104625	0.230976344105419	0.179516509164404	0.00233121929485155	0.00473073207179908	0.00197270653392374	0.358444179456925
0.2308591691294	0.00265396423425886	0.000665750674608067	0.252775844496602	0.0790953827888787	0.0258788571400852	0.000260756910091202	0.00901470518051184	0.398795569445564
0.272189747900872	0.00225604134466163	0.000324987825167318	0.241434686184778	0.0963783398635652	0.00125272113642033	0.000372963450123733	0.0113644406135257	0.374426071680887
0.233230436456527	0.00157670254520785	0.00492207735435395	0.261647443230643	0.126231799544564	0.00258340799291573	0.000156039160888306	0.00245777832180815	0.367194315393093
0.235312505548313	0.0010101737984988	0.000906912157365638	0.304587907929628	0.0567066914098105	0.034349231985962	9.40118218017035e-05	0.000834443325390709	0.366198122023229
0.253765040683404	0.00111560935732445	0.000413751752657819	0.237142873446157	0.127183831067582	0.0253371638113506	0.000448518465198315	0.00112769179799577	0.353465519618331
0.247296219363095	0.00283944698704818	0.000511819612071862	0.275366174912032	0.100158738888566	0.0100141216737911	0.00602331353813518	0.00083585126828339	0.356954313756978
0.224863018580364	0.00359870382682965	0.131859412367658	0.238949555649265	0.0530248574108174	0.00348715786182761	0.0244552105798183	0.0276662383843609	0.29209584533906
0.243761215311184	0.00115775609139325	0.00282690536968585	0.244709027368762	0.0874273691447788	0.00541597558925572	0.000131285755045975	0.000652177332910567	0.413918288036984
0.233527576097601	0.00738087897459351	0.000706128600479226	0.259389597962523	0.100648186050037	0.00822339813852693	0.000748540356076207	0.00286722874027296	0.38650846507989
0.239204270903538	0.00178614028911493	0.002077044639307	0.266858118448425	0.13290247782201	0.00521647354893483	0.00128553939286796	0.000595287483424606	0.350074647472377
0.227127173222527	0.0218829277930596	0.000512122246575772	0.292705755667076	0.0568873292163458	0.00443032594457246	0.0250740809032169	0.00193199141613466	0.369448293590492
0.254432698430827	0.00885865476139042	0.000384229911146096	0.25829405846377	0.102767892887768	0.023370671340866	0.00958620478760526	0.00225145865686801	0.340054130759759
0.251147823007388	0.0062402716007983	0.00045271530395836	0.27926758120622	0.062788406626906	0.015883382890524	0.0048769155963354	0.00284621719640622	0.376496686571464
0.285460719432022	0.00123927434541574	0.000662407629097228	0.237362053683925	0.104822065339601	0.00959200027042994	0.000161355437494488	0.00527450291074713	0.355425620951267
0.236856467951348	0.00117601974819478	0.00509433893540273	0.297830928351565	0.0641816735356369	0.00441144974526522	0.000138420463546119	0.000404565084009858	0.389906136185031
0.231215639106246	0.00124756447519314	0.000985600308911864	0.260070279843105	0.103026001019938	0.0144415988798877	0.00308713505898782	0.00529952885633617	0.380626652451395
0.16762638213677	0.00214226739047398	0.0425041908527547	0.290301175963618	0.0686554754900762	0.00124577327192249	0.00029182283398623	0.0202477258589754	0.406985186201424
0.218466870913439	0.00108763543344825	0.000244543491747629	0.323529790121551	0.0636968991269675	0.0209530632951826	0.000184539279942503	0.00346939695238377	0.368367261385338
0.274317718311055	0.00790730012946859	0.00159324276041665	0.280841011308899	0.0551483526021253	0.00449537768665255	0.00452106824100642	0.0125202639310161	0.35865566502936
0.226885714425848	0.00175022431357603	0.0197049104241314	0.296110420200814	0.0542270111234788	0.00633394581338853	0.00805545940649587	0.000878402305573346	0.386053911986694
0.233098353023655	0.000667162733569359	0.00778308388845432	0.291133015812089	0.0674794784856953	0.00638346221019562	0.00207288154389401	0.000760950959408835	0.390621611343039
0.273285937415356	0.000842410517077578	0.000315709993577946	0.294547011332357	0.065748051983863	0.0134078053589075	0.000335477900959812	0.000533783755040241	0.350983811742861
0.185933465870278	0.00093192490612098	0.00030007995318289	0.308903915916718	0.0911944667405359	0.0293215208572071	0.00034295710452596	0.00251187773304304	0.380559790918387
0.238495898919964	0.00951916964316364	0.000442409547731415	0.279501520038219	0.0465194404566375	0.0298489166076344	0.00568197305612405	0.0013055973433492	0.388685074387177
0.184204329654882	0.00132052827662012	0.00942604970444794	0.29518399331778	0.131195436483583	0.00830388132529323	0.00334109559479601	0.0167188685195519	0.350305817123046
0.176302331575375	0.000363902821837644	0.000545956289910508	0.277230936742636	0.160098763910358	0.0183980363039333	0.000333579704763214	0.00260471281877907	0.364121779832408
0.240572077576842	0.0232968040146228	0.000535832398188966	0.297535415045966	0.0884666463948336	0.00949942321651752	0.00118536152413233	0.00399085796316759	0.334917581865729
0.184558049806605	0.000581096686865278	0.00519262446228584	0.300244863981133	0.0816959729863463	0.0166664619589067	0.000672791538525701	0.0050696685113554	0.405318470067976
0.235095179894661	0.0021826435741852	0.000824550992031935	0.257895515554469	0.106719601324029	0.0270059464979272	0.00137807619373391	0.000798542174403135	0.36809994379456
0.248329140379613	0.00687302337542098	0.000424145452309736	0.231463971578301	0.136392911373485	0.0130423793762789	0.000570143084581683	0.0104395637479271	0.352464721632083
0.258693666179684	0.0118029689236248	0.00045374871199333	0.295351838499468	0.094696410192167	0.00283979051613615	0.000420933564711992	0.00223956555952716	0.333501077852688
0.223143610699847	0.0308452599728911	0.00373669792526005	0.275707616495061	0.101506476756194	0.0131451700620659	0.00243999726168727	0.00261450773297037	0.346860663094023
0.244944245006401	0.000572395788994722	0.000136640105589127	0.306000149918245	0.0596620243431867	0.00299311726805575	0.000128899413249995	0.000246140013594011	0.385316388142683
0.244804785404294	0.000725836348004753	0.000559031231925677	0.243043405399371	0.102717211950896	0.00634621661408428	0.000787467827819319	0.00339302071331989	0.397623024510285
0.212185030692739	0.0499864922721434	0.000799460585614471	0.274813448206182	0.103079139323577	0.00716152671353647	0.000699103981023622	0.00118771650324194	0.350088081721941
0.228205361442855	0.00302694627074493	0.00282544457117027	0.305620736785728	0.0895567841626421	0.0230775900361622	0.0031219720406575	0.00231930207605041	0.34224586261399
0.244649867673289	0.00224511788311319	0.00112603772765882	0.270418129976547	0.137543584094029	0.00745896041182734	0.0025704221872191	0.00119642337655269	0.332791456669764
0.182504843680973	0.000490527985428158	0.00767198723923525	0.316548580977081	0.0845320328917208	0.00144583065228717	0.000118280999737477	0.000369259434749371	0.406318656138788
0.199948520407401	0.000247933963508374	0.00192217682377876	0.313103355149906	0.114726282569794	0.00401497888584556	0.000191405424599246	0.000793899428408347	0.365051447346758
0.210525091400436	0.00121246666224758	0.000339844931740375	0.291474539424655	0.139724429469532	0.00771832182760483	0.00128283433778308	0.000864397529355589	0.346858074416645
0.157493280503865	0.000658461120402053	0.00828992591819467	0.280278512564674	0.165784756867292	0.0117947601316006	0.000862716542059489	0.00401205241936679	0.370825533932546
0.203926216454303	0.00735171837185827	0.00161552351756528	0.285593459788343	0.0921287266814773	0.00349267954862617	0.00014665428300459	0.00142544173758717	0.404319579617235
0.185258286315827	0.000894195102375857	0.00102387980597863	0.27859812004295	0.0931922458802995	0.00892285345102828	0.000136492537775998	0.000478541801942992	0.431495385061822
0.200160526222591	0.00103047725185466	0.00222868036801357	0.284765553802128	0.0676881167740047	0.0185685530951198	0.000245404795417911	0.00237539477965314	0.422937292911217
0.175340512616191	0.00473015766839109	0.000677710404284611	0.298057551868596	0.0912607329922974	0.0169734759468284	0.00341318634703424	0.00202760208450551	0.407519070071872
0.142315681168962	0.0180119839829361	0.00108059611086145	0.312459646858658	0.117795536769498	0.00880915092503137	0.00215952726682215	0.00360369839614501	0.393764178521085
0.207670501725985	0.0303173959849968	0.000872085813745001	0.28770715063365	0.115181627275446	0.0132668093742755	0.000666073340610097	0.00547910092573123	0.33883925492556
0.25213387154313	0.00148527997054852	0.00727737367476971	0.265133246381589	0.112357160961207	0.0132796183981686	0.000931548220882933	0.00091869208752209	0.346483208762183
0.197398803108308	0.00312897885953185	0.00517577213351158	0.294280446027241	0.0745381186925821	0.00509300197411856	0.0017337034910892	0.000869250904579807	0.417781924809038
0.234108301656842	0.00134535924873035	0.00036586768553329	0.308141179102284	0.0886689592484912	0.0193072669512833	0.0017312371988649	0.000431555467368057	0.345900273440603
0.238487300281506	0.00603679307515517	0.000983420041521394	0.27141235108958	0.0950088031965459	0.0191436643921981	0.00388335872490675	0.000583218389020937	0.364461090809566
0.248543919756672	0.0135664180898916	0.000375869879325624	0.279295127873515	0.0480725195502636	0.00802396573703568	0.0036827984036065	0.00103412631939378	0.397405254390296
0.181109136633461	0.00120392315187392	0.015941615876887	0.257666468967655	0.134701337057336	0.00902907927846805	0.00593002007097349	0.0130239803617513	0.381394438601595
0.254643507706686	0.0162660856760568	0.00111031713771244	0.289008290299428	0.0633323410960842	0.0105003919919945	0.000425941866136593	0.00640718693817828	0.358305937287724
0.236519390514495	0.00133168467774084	0.0442170080188991	0.27281210797654	0.0487301797675506	0.00175254376982568	0.00840827086145933	0.0170140156398513	0.369214798773638
0.202351632393957	0.0436495767911605	0.00110320028126098	0.313963920233625	0.0561323114473209	0.00309779973245088	0.0106232942943145	0.0044605035059546	0.364617761319955
0.17517495872051	0.00043172883485562	0.00137578938768621	0.288327270807674	0.0989644607652132	0.00788226313087655	0.00069524193671849	0.0041315981605501	0.423016688255915
0.231583202242039	0.00280530588519093	0.00108470160869933	0.303378500272887	0.0612282417842981	0.0153652097096358	0.00435909641601684	0.00292280431847329	0.377272937762759
0.25324515471951	0.00203357303826117	0.000790370012893279	0.236239754311643	0.155058017115532	0.0291851897512996	0.00106935148303332	0.00223049943799778	0.32014809012983
0.163665790078321	0.000723664528033533	0.000970328353330398	0.300680922346904	0.19943927848419	0.011087147864675	9.40316476076665e-05	0.0013570376153332	0.321981799081606
0.198058979853616	0.00092796528438608	0.000623678192908972	0.314543837295398	0.0718780130222815	0.016373690357534	0.00118305333652136	0.000450596131987577	0.395960186525367
0.192531531094006	0.00404084526517824	0.00107149570518866	0.28368782011724	0.108520720873717	0.0062240658738328	0.00139456077123775	0.00568269439321534	0.396846265906385
0.221241551271563	0.000836940205864265	0.0194326867366058	0.294279774297722	0.0643412971949088	0.00496427997657531	0.0180946197208214	0.00116795936758327	0.375640891228356
0.294787912454111	0.00148748756474762	0.000307122283286521	0.293489243535952	0.0519446635032326	0.0121585054264639	0.000286972362348478	0.00398121674043737	0.341556876129421
0.254294155024658	0.0011201721037794	0.0003369483074896	0.285213891807015	0.0909927790343371	0.00668866108186651	0.00196934014633924	0.000410475641174618	0.358973576853341
0.196384719226256	0.00186944467801328	0.0427743928551388	0.269970471729523	0.0855233702325426	0.00193271273232319	0.000983005602911877	0.0167117324510934	0.383850150492197
0.237378697610124	0.00109628640124505	0.00236213245921114	0.282319545858415	0.0937894596023903	0.0188731935476024	0.00867182310468484	0.00221924850239596	0.353289612913932
0.247527755378506	0.00110865161180546	0.0079402543499604	0.246435444559777	0.122578528867993	0.0035890554932361	0.000557072512171539	0.000614055618787052	0.369649181607763
0.20991919428611	0.00343365058608075	0.000858498960613675	0.278775624557676	0.0813933278272505	0.0123368156970791	0.00617826844492828	0.000653321078431822	0.40645129856183
0.22465902137609	0.0170791964408823	0.00293934802267437	0.30206463761913	0.0704933382756578	0.00966344964468617	0.00473207499318826	0.00126703454204436	0.367101899085647
0.219029537603074	0.0128775448487869	0.000873417145473445	0.274776916017648	0.13490912446709	0.0018002169767731	0.00212014740667958	0.000907479885771468	0.352705615648704
0.178745189297864	0.000674026108542297	0.00147388948338686	0.261541337986516	0.157453343199118	0.0351444733594997	0.000185771228462427	0.00261175647197346	0.362170212864637
0.212351137243799	0.0110279633865334	0.00190761224225323	0.237202619158846	0.161239494766114	0.0163682152319975	0.00310255647749157	0.00134726376999781	0.355453137722968
0.245060947946801	0.00139181901913426	0.000822254401577989	0.268927368694643	0.074010504259836	0.0161573331599104	0.00118521454957259	0.000625580027495203	0.39181897794103
0.177432102457386	0.00101850463315175	0.00110495195697633	0.286792583945183	0.137801138522402	0.0327793193442202	0.00106518273379055	0.000835584274359979	0.361170632132531
0.2256941616784	0.0068082631530967	0.000789404396131827	0.302163307044723	0.0618301904262433	0.011096100854338	0.000386904267884708	0.0025166176670839	0.388715050512099
0.199928334367539	0.00435413735003966	0.00272713188795519	0.316542874862074	0.10302236837579	0.0241923700101471	0.000251933397543302	0.00105470105669919	0.347926148692213
0.24298394334872	0.00154422676553628	0.000495863122765651	0.256222037210059	0.0688417696675507	0.0134616413345631	0.000160820398628686	0.00195315727998151	0.414336540872195
0.221460394356207	0.00317087057689932	0.0127245517639381	0.261745651493175	0.138596577850783	0.0140383836324116	0.00458365033513195	0.0168911931114344	0.326788726880019
0.202225534170831	0.00479905412524703	0.000578229514204494	0.289842792720868	0.0646291349832184	0.0166774994644733	0.000480941922199626	0.00402052408923243	0.416746289009725
0.190838118439775	0.0033252956099137	0.0266872627914516	0.273264648889514	0.08147661685707	0.0244615256680221	0.000183202654457525	0.00203208793003618	0.39773124115976
0.236866762303525	0.00486400318739813	0.089279341982559	0.233038791476202	0.0535240239658263	0.0011334832707483	0.0332030407582663	0.0403876686458178	0.307702884409657
0.214916416838892	0.00255606493127159	0.000277322396042009	0.308442207948427	0.126635763194333	0.00358787688916097	9.15317755255553e-05	0.000525119953603558	0.342967696072744
0.256183489113273	0.00300587840801597	0.00154809727056933	0.260353070856592	0.0982172792884893	0.00185972502092601	0.000344677263771187	0.0089917754680376	0.369496007310326
0.23132659159344	0.00770991794796674	0.000311167847907741	0.280417520916515	0.0841288851470063	0.0168069573258812	0.00167623119941898	0.000639046392381358	0.376983681629482
0.215237248256372	0.00134118281606326	0.000846479598431579	0.304856604559804	0.108140721106869	0.00886797511746199	0.00010719209023998	0.00277354118655235	0.357829055268206
0.224116625950703	0.00122074766701401	0.00278990767010491	0.291023747433293	0.0921617249845361	0.0117468314735881	0.00376431348490749	0.000549987975662034	0.372626113360192
0.242005535281213	0.00406366508618922	0.000816681412479688	0.249196658230252	0.139274333818328	0.0270294226348932	0.000697566243832008	0.000784283031470487	0.336131854261341
0.194072233076926	0.000821599583525935	0.00184129993805887	0.274442874170714	0.111592623674136	0.0189782039568025	0.000484762319624182	0.000677884383218928	0.397088518896994
0.246782060114586	0.00539946363375365	0.00057350404561397	0.263935364459983	0.100452888970911	0.0122251909577548	0.000601681165288247	0.00209902503992658	0.367930821612184
0.195633595591235	0.00422428964274195	0.00137371927118056	0.257320721964742	0.154321969768752	0.0138196238701091	0.000335857568913898	0.00744316964313572	0.36552705267919
0.193688325748001	0.00118670216921662	0.000720140814053805	0.301608378917587	0.114680471633549	0.0132380076950143	0.00190063185415443	0.00171630643185678	0.371261034736567
0.238127899628449	0.000987742048027003	0.00067854900839994	0.29174861997117	0.0815991462423239	0.00850759838919511	0.00547968149979814	0.00123626596812388	0.371634497244513
0.208822509375213	0.000777776907732228	0.000416363205823152	0.261247030332517	0.136765431790513	0.0231399817640345	0.000447956485685349	0.00141713266581535	0.366965817472666
0.220351007091804	0.00288850118329646	0.00259667831057213	0.27694219952576	0.102908405713336	0.013361806754132	0.00154008379307931	0.00204399764921958	0.377367319978801
0.18845907231909	0.00102355387592348	0.00590412802613661	0.260929206401154	0.106575591901195	0.0190464656725105	0.00124407466061109	0.0132541827257952	0.403563724417585
0.249786134878421	0.00306788830390577	0.000763386496804437	0.28218545382472	0.0487237039538971	0.0161695405994914	0.000963399503516948	0.000510501033226288	0.397829991406017
0.275294237364823	0.0111078212842589	0.000415904253186771	0.226079802343195	0.145722690541365	0.00583025319507287	0.000300062534473076	0.00453754945867936	0.330711679024946
0.227197909518038	0.0260900093859306	0.000256769293680632	0.276873879245786	0.0622442780711631	0.0203643629418461	0.00986515348241143	0.00120528363922666	0.375902354421917
0.177286479552609	0.0010145541157367	0.0106627900288288	0.326265599966137	0.0759201325916631	0.0221999607515177	0.000289496350007923	0.0224438618686452	0.363917124774854
0.19039565222213	0.000817813977289037	0.000252787106672769	0.302161963905711	0.123834152121359	0.00756486069151764	0.00329394437607618	0.00144690418948232	0.370231921409762
0.215054338345809	0.00049069733980691	0.000558863722110247	0.295850756370178	0.117469115965553	0.00461139443488609	0.000107457163535596	0.00135154246990493	0.364505834188216
0.201243688786744	0.0124819482050837	0.000885006907353657	0.263537929065608	0.179234713396461	0.00692129197107972	0.000425707249507693	0.00468630874585053	0.330583405672312
0.230986756560583	0.00416008445519879	0.00148109684025151	0.257018146739511	0.168997679553114	0.00903764573934126	0.00239423959551853	0.00139439506298936	0.324529955453493
0.234465170949	0.00159569202440443	0.000842454606531978	0.220918387215921	0.224449424737719	0.00404066391326655	0.00129633754816656	0.000820651282803246	0.311571217722187
0.263556580076706	0.00315813768129435	0.00139602080468062	0.264423682021293	0.125829768596633	0.00616318144475228	0.00911574016046281	0.000766343799902061	0.325590545414276
0.258078976736458	0.00203952031656416	0.00732652326506646	0.258488901674355	0.07832862608897	0.0351710502456743	0.000481426737416849	0.00037901975787754	0.359705955177618
0.180667293371894	0.000554290518232743	0.000447564879901834	0.29997806308267	0.155208676865853	0.0215567073141984	9.60490640149677e-05	0.00108351994523769	0.340407834957997
0.250297915152338	0.00187607055069779	0.000358184098630788	0.292760966827772	0.0620307748553824	0.00661363490243284	0.000151431927096307	0.000455765372540168	0.38545525631311
0.226025729558662	0.00549303053759175	0.000421086359640588	0.312063192570282	0.0613489105275781	0.0136448448495496	0.000610787279348683	0.00280911317520601	0.377583305142142
0.142859900578256	0.000491175448294653	0.0129032780396936	0.315823377790135	0.0639065178359986	0.0271855610017497	0.00037719555500783	0.000527104823077981	0.435925888927787
0.235764534514934	0.00542958904598619	0.000854850206406556	0.281093419845501	0.0707946514193058	0.00496589662536237	0.00011339316408478	0.000448916990401662	0.400534748188017
0.230139239833033	0.00231215134347669	0.001754736204204	0.280108232869025	0.078782458808193	0.0242286994994872	0.00216836977059262	0.00735378471864051	0.373152326953348
0.259965856746447	0.000586342510250025	0.00273243468782776	0.273278624919709	0.0804939976539221	0.011590020718969	0.000213778586554992	0.00148752018720669	0.369651423989113
0.245473111283492	0.0243037187103463	0.00913866258881301	0.266944766726402	0.0801344514627671	0.00448557529180885	0.00327701598803316	0.000650078581203166	0.365592619367134
0.206583465983905	0.000802733783586762	0.000955026099392602	0.278496385397645	0.0775911410858561	0.025934680391224	0.0205953401280195	0.00617874467050295	0.382862482459868
0.224621745360445	0.00579277627001857	0.000194417486224496	0.26080996584684	0.112373051876962	0.0195038362606013	0.000719798882115381	0.00352047903662563	0.372463928980168
0.203498649215665	0.00137342669817312	0.000939408911077882	0.316446141391356	0.121248525539033	0.00813907833662275	0.000458258610404877	0.00250997599315277	0.345386535304515
0.204436984708611	0.016785881132781	0.00146514501280825	0.287716819744945	0.0929765490244946	0.00163916533604967	0.00406427689109598	0.00948037346849638	0.381434804680718
0.185000557522659	0.000844142648555321	0.000445862292518843	0.320811357956202	0.118765716106169	0.00264863343291081	6.35440730286882e-05	0.0146281166622411	0.356792069305716
0.229804870422464	0.00670207564277902	0.00166865900556931	0.275804757538728	0.118885874684533	0.00849300996536941	0.000184659519565069	0.00523190060804719	0.353224192612945
0.243162128497119	0.00306921484663325	0.000454643966796344	0.259916092202543	0.10686138514966	0.0162588755115687	0.00629900176064211	0.00286701151877875	0.361111646546259
0.235783195374207	0.0298420516240184	0.000533201895984599	0.299438912349169	0.0767107033491114	0.00219361109890299	0.00381785306724285	0.00336540878596159	0.348315062455402
0.245234168682382	0.000557161450999214	0.00623730416247399	0.259879268203551	0.127928910205385	0.00795755254434611	0.000137100233174747	0.0310565973124729	0.321011937205215
0.174990925195925	0.00144225950524741	0.0004028926630646	0.296342148506188	0.0996270750623662	0.0109698559477949	0.00183737565013758	0.0155742328641425	0.398813234605134
0.186174568879074	0.00282167089121532	0.00296418848004868	0.289739146936786	0.122281041534365	0.00873232801167729	0.00649436933622551	0.00748823760854043	0.373304448322068
0.192744293609844	0.000899006444403051	0.00974963927691788	0.279318320767575	0.120146866598324	0.00873098686468266	0.000423817164682082	0.0118174580587351	0.376169611214836
0.159581360884767	0.0010338984148396	0.000359421820895839	0.289050265348265	0.140680114815644	0.0163189375389872	0.00589558409463828	0.00334873533538519	0.383731681746578
0.301215147879206	0.000742969075254972	0.000251738250840018	0.267518132708415	0.0740886990042171	0.0169356673535573	0.000111544616161093	0.00374276077902801	0.33539334033332
0.213562848214859	0.00151868358193276	0.00150561186360548	0.267801651910438	0.109327058580039	0.0150839592266442	0.000324877074221346	0.00149319877514753	0.389382110773112
0.196026290130108	0.000746031859893292	0.0020317267692811	0.242297308363219	0.161028597160539	0.00504004597555558	0.00526235272936822	0.00277527074959717	0.384792376262438
0.206354702288461	0.00117500656512	0.114563170451877	0.239311414699002	0.0645992699268914	0.00225579772217742	0.00566239836287395	0.0463405439546131	0.319737696028983
0.215124273820219	0.000635275449091444	0.000262629808233169	0.274516003954667	0.103486172326031	0.031505807942995	0.000127203988903425	0.00399477320319389	0.370347859506667
0.245308384681108	0.0150195504086055	0.00350439149402099	0.290113491746912	0.0831156508515668	0.00260629358940675	0.00184932322814814	0.00217442931496237	0.356308484685269
0.173796099263379	0.00422687135951041	0.00292374620234295	0.345819662567942	0.0768536737158827	0.0104909634127659	0.000228506613002562	0.00844806149339642	0.377212415371777
0.255732034731138	0.0175982982896846	0.000257508607667527	0.274357791360145	0.0683224449759281	0.00482031251527707	0.000253206609113649	0.00206976524231976	0.376588637668727
0.241799429498547	0.0107121187870686	0.000407128728409678	0.272382110086066	0.0950255141264743	0.0114095966388981	0.000461174668643423	0.00554713135718915	0.362255796108704
0.233573222195069	0.0105146237535617	0.000210742538680729	0.269909279683092	0.086496585398008	0.00876450837277755	0.000246137754935457	0.00204274848173573	0.38824215182214
