Basophils	Bcells	CapsularFibroblasts	cDC1s	cDC2s	CentralVeinEndothelialcells	Cholangiocytes	Fibroblasts	Hepatocytes	HsPCs	ILC1s	Kupffercells	LSECs	LymphaticEndothelialcells	Mesothelialcells	MigcDCs	MonocytesMonocytederivedcells	Neutrophils	NKcells	pDCs	PortalVeinEndothelialcells	Stellatecells	Tcells
9.80916895133858e-05	0.00477844547390642	1.72558724692058e-05	0.00535112763404252	0.000613997245946334	0.000948659035910978	0.0488866414491042	5.09139397911246e-05	0.823477119623052	2.99328117439409e-05	0.00108479832444598	0.05191482009692	0.0394180133635102	0.000223186232673807	7.20785328194346e-05	0.00103929769366976	0.00710723589601798	0.00225068308331634	0.000618539537347492	0.00399835035493645	0.000273965175043949	0.00690978391011042	0.000837063023707787
0.000391860637877339	0.000119107222896787	0.000307558129209414	0.00626649566122173	0.00032742846272743	0.00072008630160675	0.0377035594256254	0.00176023594826117	0.810384057043924	0.000237962536518814	0.000693215917481573	0.0685281418567141	0.00569797037376749	4.76231575121155e-05	0.000368117044896366	0.000692561753705733	0.00966315492436027	0.000909450058669791	0.000489033695989694	8.68565920170946e-05	0.0267881421857361	0.00930047229617029	0.0185169087731103
0.00220619260280145	0.000123554712910754	4.50747183658208e-05	0.0188244816092142	0.000340483358613459	0.00404317647231938	0.0358385613325286	2.87496437406241e-05	0.862881390293134	0.000217616060276572	0.000177145296205284	0.0356246866504057	0.0180273072258173	1.76194734363269e-05	0.00104150630074916	0.00190584182475898	0.00180231608063788	0.00013133071114022	0.000175699486415669	0.000260806277303036	0.00265585254222925	0.0130184061872195	0.000612201139776616
0.000492219109830728	0.00111763256086093	0.000102690949206097	0.00254113198778816	0.00104813201385549	0.000227618136247293	0.069307239212952	0.0225494604309775	0.814679804862447	0.00236375664286434	0.000328260621350947	0.0246124643254311	0.000541939489079485	0.0138116819045674	0.00219690848239074	0.00202492865664431	0.00188865466064417	0.000276460437686155	0.000134796969826883	0.0017295321744786	0.0279128294738502	0.0100199274828386	9.19294141820205e-05
0.00029209659976727	0.0467189087283704	6.1735762571378e-05	0.0109896284711121	0.000316976363193342	0.0495153053531039	0.0473124970817548	0.000303214589782703	0.78072717218556	5.50958198651656e-05	0.000645972533625325	0.0267142610991908	0.00225664185905781	0.000350589177576953	9.54557730766935e-05	0.00744407636599735	0.000450268500791598	0.000765910830757798	0.00493209845765389	0.000310085238055759	0.000908928043017543	0.0180122995084682	0.000820781657649068
0.0021720236036545	0.0153324010111856	6.11605291971693e-05	0.0136383766766842	0.00101809283265902	0.00926889346781653	0.0369846746857498	0.00012908718664049	0.83326283735386	0.00087411646039913	0.000424165272371239	0.0530150548730855	0.0171994822462372	3.10291644191965e-05	0.000461484410943199	2.7662659646893e-05	0.000369573501418254	0.000234638928139565	0.00400731832477293	0.00080789221327843	0.000321912643931707	0.00878971993508893	0.00156840201882077
0.000137271024787696	0.00363897813305702	8.51954953532295e-05	0.00731865911504875	0.00050945578162494	0.000477029522525497	0.0518970968054628	3.69374203516301e-05	0.832264019646306	0.00160569982518557	0.000213598638995958	0.038806454374547	0.0453444494329976	9.45429681752229e-06	0.00161377517903502	0.00437714065177568	0.00179042011020486	0.00013833557250728	0.000186979434202073	0.000895554584071992	0.00100835084411739	0.00342006073408286	0.00422508337694186
0.000423714515610282	0.000295470926803104	3.33714036678899e-05	0.000198156478052886	0.000448574225989746	0.000503896032911847	0.0484436124965461	0.000858007404727693	0.828816138103292	0.00130639268201661	0.00309819959026061	0.0520814698597821	0.0257275294670188	0.0011426335424146	0.00080635450163121	0.000220508636387931	0.00803433594812661	0.00549480041077266	0.000156312759570741	0.00230651647656968	0.00202838458434839	0.0173953654134453	0.000180254540053649
3.48063182855797e-05	0.000257152190155422	0.000278316077902025	0.00825774403600306	0.00484639582741975	0.0159015790346392	0.0483556699907617	9.83945070452767e-05	0.810711331157635	4.08053395321904e-05	0.00028760009581351	0.0386173479603896	0.0376792704600135	7.0995891620137e-05	0.000239876230241962	0.00298577988340132	0.00213581299824038	9.30031725080859e-05	0.000153319337671584	3.72073070716926e-05	0.00205257308212512	0.00993215941418387	0.0169328596873404
4.49673721876547e-05	0.00141529024511018	0.00109029250131545	0.00514528034419916	0.00884539515429261	0.00436719234871249	0.0397935038348823	7.97643087210285e-05	0.849907756543481	0.000108079329726214	0.00728781518579346	0.0485600393818898	0.00905896173287431	2.51938840468503e-05	0.000596106200530957	0.000217356225509064	0.000505197470244828	8.89906527414208e-05	0.000409253644112933	0.0017222926639616	0.0119935729962999	0.00698509699878956	0.00175260098057663
3.6466017728199e-05	0.0150970299192737	9.86452707391486e-05	0.00131133884297122	0.00750578099642909	0.00110631960327619	0.0366501489159475	5.94100886644945e-05	0.823625511019898	0.000250265377331968	0.000245924733061236	0.0324809520074975	0.0214981155188362	0.00125175590272411	3.66570733193225e-05	5.19520761850104e-05	0.00574055626128823	8.22203710876962e-05	8.32512920810907e-05	0.00356169650289813	0.00161766693028645	0.0102922345067205	0.037316100771755
1.50844153145965e-05	0.000219969817944949	6.55660150312734e-05	0.00628494236749429	0.00586052867945612	0.00639089126860075	0.060118117723905	0.000878245966037232	0.851044472494383	0.000643103831505188	0.000300330512643303	0.031489801369045	0.00669806188753026	4.70202804707179e-05	0.00214095086044704	0.00128837956593369	0.00130688963656447	0.000158611442720214	0.000150077039430642	0.00368578322700529	0.0126328813717215	0.00810088151168573	0.000479408715129782
0.00326793531321624	0.00209362962953591	4.17274945361355e-05	0.00479706688606019	0.000229786982972818	0.00396610580418912	0.0391356478069827	0.00208337324023198	0.847942982774524	0.000336809933590205	0.00217737080397649	0.0455723062258944	0.0228260613457886	4.00364818370046e-05	0.00164233693846157	0.000363478049233026	0.00317693781929469	0.00142333207626266	0.000483560182650726	0.00830362319944806	0.00453057277083281	0.00505228558124637	0.000513032659234551
9.14315896999085e-05	0.013290642683756	0.000506834789685388	0.00321919519394052	0.000207737380251645	0.00045345441886242	0.0842478987882219	0.0405231578952649	0.724373661799702	0.00482490089623293	0.000228314482016919	0.0483117267361757	0.000212977732528261	0.00057869049538818	7.81710937151666e-05	0.0055774232239589	0.000106150054151174	0.0115531479509374	6.61772978565985e-05	0.000236384149775239	0.0572999796169125	0.00393996119832463	7.19805326414525e-05
2.68101717072315e-05	0.000367061105033213	0.00382805691111114	0.00206043238223486	0.00241733603866564	0.00104243937141025	0.0523933947781595	0.000116194304137591	0.842170477621872	0.00179632767543292	0.0185826221219524	0.0374021728972234	0.0170352897343404	3.70241401253224e-05	2.87776265044291e-05	0.00183469980154027	0.00127090902491028	7.54557131537612e-05	0.000761536222147891	0.00583375129336757	0.00492899239247677	0.00453441658326941	0.00145582208922357
3.74822760961353e-05	0.000504068984929372	7.11365610071887e-05	0.000292172175952616	0.0101652730359443	0.000483601589529719	0.0361507912272621	0.00149230704368422	0.843833305091288	1.16122532170992e-05	0.000305670696032409	0.0243347522709177	0.0260293615963501	1.10549513292975e-05	0.000110315454544461	0.00689118729848915	0.00643417393479089	0.00445337034755111	0.000335502296761212	0.00694994927295994	0.0181594578162535	0.0119186901104007	0.00102476371470879
2.52049871763513e-05	0.00178051355191168	0.000241500404081516	0.0023025476323109	0.000222406079341683	0.000425963414260652	0.0612473137446372	6.58522710189861e-05	0.785347610409948	0.00012839393618802	0.0525068605743362	0.0388672616416362	0.00122812024145006	8.63980378127715e-05	0.00467220400126363	0.00043457374629495	0.000886175270917027	0.000761097607719468	0.0152051480774748	0.00306728169535995	0.0200880006364896	0.00901184149941608	0.00139773053895431
7.4835516282454e-05	0.0006608068380642	7.75817400808889e-06	0.00353896447192821	0.000860310978439025	0.00134789228661878	0.066305892412769	0.000556973974464978	0.799969758041432	4.35312345452604e-05	0.017056374628989	0.053115659276178	0.0269846089246419	3.17039633383716e-05	2.91541121493769e-05	0.00601347907464935	0.00212835592705381	0.00758093660438108	0.00074916130084062	0.00115736764061117	0.00129026917061443	0.00721728124236596	0.00327892420563516
4.89590530993479e-05	0.000568050777012367	0.000115851033558848	0.00768085848255934	0.0037928112381606	0.000369457337748753	0.0530283796437144	1.41050079778151e-05	0.841333535767436	8.31426913473888e-05	0.000168058857581493	0.0474782107686672	0.0162280333646069	7.96449245059494e-05	0.000214901518396573	9.5611142605313e-05	0.00378754434642858	0.00133721160094829	0.000288640323551737	0.000195119733870862	0.000914407045379251	0.011554289530198	0.010623175810645
6.79900247561416e-05	0.000156658499336988	7.51249424381783e-05	0.000302958255074422	0.000327786909764248	0.000166946838539018	0.0486849124166364	0.00255516777953877	0.830586382528333	0.00108263182355275	0.00996333934164562	0.0346865333249001	0.000443842463509101	4.1573950925091e-05	0.00138294648563009	0.00189794581393887	0.00091597732992372	0.013672435759779	0.00032216518351085	0.00166082740869614	0.0475681660782931	0.00299193295898047	0.000445753882298128
0.000622835728911041	0.000377031139952779	2.5852537617919e-05	0.0078613128166683	0.000313251633138083	0.0030929111856889	0.0546907740988083	2.3552474541855e-05	0.845030381890932	0.000239749424876503	0.00228261351417239	0.0420878596390731	0.0247987014131413	4.53746687427724e-05	0.000101940860220227	0.000579073880873763	8.69920946992281e-05	0.000368126670638464	0.00148996168815922	0.00123522140922267	0.00221296881119919	0.0118432762644961	0.000590236154226022
1.58252249467611e-05	0.000419022673152771	0.000105205754187984	0.00936087868377815	0.00730501026172193	0.0055364786499383	0.0483960131027599	0.000132944182059517	0.82831616473918	3.37803996546661e-05	0.000231713134851652	0.02919514636046	0.0185915434797878	3.16755837827116e-05	0.000337277628101567	0.000254877423588948	0.00246595471799206	6.29729948832086e-05	0.000367498004156583	9.04681416942269e-05	0.00109112517159066	0.00630262720277528	0.0413557964849557
4.24886962579886e-05	0.00482695021558441	3.94424932612382e-05	0.0013467605312372	0.00278350915161938	0.0127045325355025	0.0469252596436293	5.00925240839896e-05	0.840450128839031	0.0011646459995119	0.000424416912537922	0.0437482362998538	0.0156657420286855	1.68182534281745e-05	0.000420260082996536	0.000725646000979031	0.00865182305360558	0.000105785370887781	0.000236730631285182	0.00721805925435987	0.00133590728766161	0.0107864494270166	0.000330314766983148
0.000226041878667291	0.000140494076464735	0.000158533186376953	0.00435825417320466	0.00107942699930171	0.000395832796710622	0.0485498038748522	0.000255193694802931	0.823871617972749	0.000167343581539086	0.000753236721574383	0.0406851176029111	0.037069469398924	3.48577737271575e-05	0.000686400915421761	0.00304176978604416	0.0124338801944429	0.000467750994626407	0.00043739399979563	0.000247407668449467	0.00148329223418587	0.0225544392856065	0.00090244118962159
0.000180947901590689	0.00027085974754748	0.000146428703577754	0.0111842032894955	0.000262716795926486	0.00151060503738614	0.0473921988511518	0.000412709517674881	0.848382954155194	0.000301061099021657	0.00196230763720462	0.0327409397171549	0.011477206389233	0.000150556035470089	0.000238713054782606	0.000329366151386384	0.000135227181641615	0.00024057026939614	0.000548714730738697	0.000278513050283771	0.00960252762927583	0.0163287208241267	0.0159219522307388
1.08662078679468e-05	0.00678892083723513	3.56285628125845e-05	0.00195008017691482	0.00135972079715774	0.000209689356433872	0.0423189236739412	0.000454185872935535	0.77476560634876	1.89151184869742e-05	0.00641011869373753	0.0661469279681416	0.0179920298468413	1.71957242479579e-05	0.000272664551314917	0.00689874590433946	0.00213094344044422	0.0133759954358035	0.000443549945815334	0.00186405812214373	0.0120230627264905	0.00267053308029785	0.0418416376078364
6.55361473560691e-05	5.62698736909942e-05	2.18775121333776e-05	0.0110880334950556	0.00313818824479437	0.000465490922974354	0.0498360740385367	0.0351610981191304	0.808002952862984	4.62452790329162e-05	0.000342484250574447	0.0251535129186283	0.0163970160616012	0.0289969658152796	0.000200299343982755	0.00217822983471483	0.00031203658900386	0.00185801166681207	0.000310955952940128	0.000351856037422314	0.0143085964469212	0.00141862172103025	0.000289646865399699
2.75264808065997e-05	0.015119455710923	0.000103142429382255	0.00455349826471579	0.00646461287475622	0.000319873900686048	0.0440720079305101	3.36085837096718e-05	0.821860570669813	5.64692022016298e-05	0.000454976925468257	0.0445040882477402	0.00949485406795228	4.53910313678569e-05	0.000102421820265611	0.00342865961308803	0.00681587526699355	0.0081384140915256	0.000305627212685274	0.000163931562319348	0.0228720158271919	0.0104756945724944	0.000587283713403483
0.000302640920063153	0.000117957086424145	1.99536666891078e-05	0.00189692832948908	0.000120483442967534	0.000267531714007671	0.0567313216407026	2.69532614193405e-05	0.854453979691233	0.000693834670306359	0.000544688074745656	0.0321854367640908	0.012074989188076	7.60679216244275e-05	0.00248556199599846	0.000166822163762127	0.0045050664867315	0.00789089116017444	6.14641456980814e-05	0.00227729559987039	0.0131821645276065	0.00976250374715055	0.000155463801168698
4.87894283079432e-05	0.000417906811479579	0.000236154237479245	0.00577059840019643	0.00770351028499437	0.00940786107097022	0.0486690264864128	0.000203611971527528	0.834400380811472	2.48965582458011e-05	0.001807590143978	0.020576953799537	0.0196509890032468	2.52359128430816e-05	0.000203247559688872	0.0026215478476774	0.00250581384595879	0.000127918824718217	0.000649613520855238	0.00238982908993687	0.000229757688570504	0.0149860648000291	0.0273427019018741
0.000348555791227419	0.00162270574850614	6.08427512343021e-05	0.0017778549257091	0.001598783721263	0.00135731096682745	0.048838749467881	3.36231539557407e-05	0.848962430203388	6.22978143129288e-05	0.00174937821000686	0.0301390841091013	0.0458352606460982	6.6009127910654e-05	0.00016408025135895	8.59123006361802e-05	0.00898452415076437	0.000188476400884724	0.0018248866336941	0.000770820843006894	0.000339620236171775	0.00459831344380053	0.000590479102260302
0.000425683959301175	0.00922125028980454	1.08842484369608e-05	0.00983696232599249	0.000724097734151883	0.000922945162930321	0.0403161876140153	4.5369876166245e-05	0.85233623272775	2.86783940575911e-05	0.000376021686707	0.0443891563024566	0.0139011066569889	0.000113581222984671	0.000173277559410818	0.00547373755995252	0.000115559733107237	0.000126789491828151	0.000557877157287405	0.00380760316877903	0.00385952891989629	0.0109572402479185	0.00228022796007667
1.67405674882314e-05	0.00017806628704211	3.61602757500906e-05	0.000527124643011801	0.00548112174089781	0.000861412377374552	0.0358564149641239	0.00233830890856111	0.835701638046706	1.29130028426895e-05	0.000615918362718913	0.0484502077828768	0.0269360457183463	6.36818200982573e-05	0.000875394924556175	0.0016800777502249	0.00711504076652619	0.000138223863673562	0.000724075572505883	0.000293631790182144	0.0037046225466202	0.00895445282388853	0.0194387254639835
0.000146289994283192	0.000113686564635221	5.53338417848935e-05	0.00374511779183692	0.00532372298199616	0.00105260709072632	0.0559825518995723	0.000330580371359672	0.813167313183472	4.50057826731495e-05	0.000374375588012038	0.0603392195918179	0.00571479368107217	3.19983423819548e-05	8.17431722604215e-05	0.00105653205159986	0.00197408911965654	0.0081581958311538	0.000189806961256413	0.00474102583507221	0.020222106014952	0.0169917528780999	0.000162151430324639
4.33010998968796e-05	0.00336185783650545	3.4172231171699e-05	0.0118468240107364	0.00035448916424549	0.0342367808863836	0.0394314106662433	0.0129871777884942	0.824797711797229	0.000281717627709194	0.000554325182910889	0.0351301991443858	0.00117362006168466	0.00147729706679121	2.47685952829275e-05	5.99458139056029e-05	4.44431639233603e-05	8.69082172449849e-05	0.000705550810374974	0.00245223615092003	0.00811187585275012	0.00874295284717423	0.0140604339840355
6.12501811481801e-05	0.000231679813870586	0.000219473049716708	0.00522796226140579	0.000445683945733118	0.000426838478983443	0.0575573714651378	0.00195829780267609	0.838039985876234	0.000144833140664621	0.0011133208615123	0.0333990947978863	0.0176269279710333	8.63057516367849e-05	0.000397516786464925	0.000113009629283484	0.00110680516337163	0.00017950660724643	0.00365946857036701	0.00276211626779954	0.0122821116693508	0.00299193976019825	0.0199685001482794
2.19853161747396e-05	0.000237667516941466	0.000226800870343025	0.000821193201550108	0.018736957848541	0.0110653537312843	0.0468565389310623	0.00109229190648593	0.847000082157341	2.64351743629089e-05	0.00107954401336112	0.0348239294265274	0.00464492096544958	3.46714758608816e-05	0.000144704975672178	0.000849415761840773	0.00345751300091216	0.000263016061986539	0.000251829259961576	0.000584992440892419	0.00752293306295975	0.00861328154282944	0.0116439413576597
0.000877657401190223	0.000201428061986082	4.4724577969033e-05	0.00428487933815163	0.000339446395268171	0.0146037971582466	0.0422807458939852	0.000814032331351725	0.815817845028711	5.23111063914835e-05	0.0490531898543233	0.0542541467554657	0.00489248987438079	0.000216976562841318	6.56968510999442e-05	0.000242755656542868	0.00164671638821514	0.000352787833928985	0.000769202362948654	0.00110079555558742	0.000942618801177669	0.00684973218432096	0.000296024025915794
0.000650781545873856	0.000457375194486802	4.48559580758549e-05	0.0107508379143021	0.000244929442662066	0.0156988517810041	0.0476386257873922	6.04633523918329e-05	0.80633581266944	2.41533190373553e-05	0.000882171517606598	0.056400574983161	0.0214927570046467	4.40283912164666e-05	5.20248665903304e-05	0.000389158692423664	0.00352310825080338	0.00184935378731326	0.000951754973908172	0.000399671976518503	0.000489575433236391	0.00945275796708682	0.0221663751908224
0.000322294201015386	0.00293877744201365	0.000151813903199996	0.0059431235157833	0.0106488469475916	0.00254013089203664	0.0528950166812665	1.88917252647736e-05	0.833696902934239	1.58663618610946e-05	0.000875909945908934	0.0368669031442424	0.00224994984218092	0.00082555286556951	0.000337248377499067	0.000154336638959542	0.00361354141147541	0.000150607161306584	0.00116999868531177	0.000181226293289927	0.02594565060801	0.0163582247499956	0.00209918567197879
3.12272785925503e-05	0.000217567739994182	7.13311806679111e-06	0.0140228335242735	0.00118141862515549	0.00515563836794179	0.0426579241453944	2.59921765803335e-05	0.810056885041992	0.000570983990041131	0.00018375389607969	0.0420665015054714	0.0369345483427121	2.76517945901914e-05	1.67409983868119e-05	0.000109777255689618	0.00093046539278549	0.00103375225924749	0.00013626100240425	0.000167556317816199	0.00033077573276493	0.00868102681213105	0.0354535846818885
1.48418281475257e-05	0.00778674511078383	0.00141812959559508	0.00211977939457482	0.0139447291532358	0.000410418016220446	0.0424028376141857	2.28082066126448e-05	0.831401553720602	9.9665127520438e-05	0.00155556153993199	0.052823347983887	0.0359476369282525	8.93683186169666e-05	0.000434288423106061	9.57105223392e-05	0.000328515329571527	0.000708304075568085	0.0005211173629486	0.000595050398167093	0.000302320155202807	0.0066319999858924	0.00034527120903716
0.000143090877738606	0.0027067329009067	1.56486788680264e-05	0.00186271227022715	0.00292878870408216	0.000565898654641469	0.0386614848296606	0.00203936283787517	0.842429143987939	9.81433393806698e-06	0.000856468934929649	0.0443090337867507	0.0114457357235925	2.46035733887838e-05	2.92467154665149e-05	0.000531863386686347	0.00252866016574822	0.000242949419911356	0.00170838038871347	0.00718177293114449	0.0123935002419112	0.00543110307126439	0.0219540035846161
0.00413807187479272	0.00224702289973609	6.72349698814827e-05	0.0088576268260017	0.000522659040230946	0.000743665920707767	0.0379808872273237	6.29967377962864e-05	0.805703492424551	0.000659237312199351	0.000331942962511787	0.0493958079331679	0.023012155462334	6.72066595267665e-05	0.000767581264890862	0.000313787402887016	0.000438757239567789	0.00190841589926054	0.000215517624301254	0.000106483397101277	0.011105839847844	0.00717476742125915	0.0441788416521267
3.4208728717539e-05	0.013447131341653	3.49782903501226e-05	0.00486589286963323	0.00121350374717683	0.000559242596602054	0.0421634808235614	6.11095102103505e-05	0.832872955893243	0.000152333636101213	0.0036368584051999	0.0505595199160485	0.0299832312821237	5.47449920460261e-05	8.98182809116851e-05	0.0010448672328066	0.000369731281631562	0.00016054121566164	0.00158048452386265	0.00235796294300572	0.000174852122991382	0.0135719757116896	0.00101057465477231
0.000709181631112333	0.000269675589161196	7.84018513995532e-05	0.00863023554491051	0.000276120635683773	0.00747643665852761	0.0417440752594493	4.4376117008871e-05	0.844089770951587	2.11306088803695e-05	0.000590608180761089	0.0297682550755479	0.0116561696759454	0.000137166013153801	0.00097960206928695	0.000126167509184289	0.00525035321517175	0.000261679420105799	0.00148748551904599	0.000417368138965621	0.00452685362900292	0.00974478486751608	0.0317141018385924
0.00281871345630874	0.000113795343346174	4.50211508273216e-05	0.00508581362811687	0.000453776345910506	0.00136713848579235	0.0450753713888692	6.90827724692569e-05	0.838732412402988	2.39752639408635e-05	0.00879797897884978	0.0495419046870694	0.0120565740409293	4.1275906784604e-05	0.000410362360817704	0.000207313663768738	0.00129319591347427	0.0028200621130152	9.46794348710517e-05	0.00664343917490462	0.0100526367697041	0.012829521306274	0.00142595541096811
0.000127856298431957	0.00801561877507656	0.00434026886104501	0.00993244387320021	0.000547952316060103	0.00413734926317396	0.0529447600829784	0.000282092160391459	0.838844546252235	5.92121369918255e-05	0.00262964562687915	0.0449695813110139	0.00823395866688012	4.49615325909358e-05	5.15270437482103e-05	0.000116572061296942	0.000760212254396172	0.000902909045672906	0.000518076463440031	0.00449164758568583	0.00904884013574898	0.00818192602132428	0.000818042231737848
0.000676348260754222	0.00041347317174889	0.000178688181710214	0.0033411333687669	0.000529165804907402	0.0182809664518544	0.0375522289492635	0.000537037438675149	0.853055531000168	7.6175761078012e-06	0.00152543177277119	0.0418251027085376	0.0211699072452152	4.51963163044251e-05	9.27748498863524e-05	0.00120158603126858	0.0027628330424328	0.0054442410738899	0.000679702188236104	0.000949885769110212	0.00181042054539002	0.00643415519532399	0.00148657305767757
5.67952206181335e-05	0.00016692942754826	1.3421619715685e-05	0.00446633779540987	0.00383604119110158	0.00136122157235945	0.0404495252160896	0.000187046232072183	0.794804392864825	5.09310871297944e-05	0.000309907163705578	0.0731772586363222	0.0228435888801483	0.000110540804402138	1.75309251800046e-05	0.00017412250946299	0.0231717558506313	0.00300428661328122	0.000216074067730143	0.0084615362414766	0.00174686519363932	0.00600341398509128	0.0153704769020594
4.84365088052008e-05	0.00035643569046175	7.60215536750201e-05	0.0132667882041775	0.000562386358033808	0.00124240500609233	0.038150643538628	0.00273067430585139	0.811602672996767	2.01949443399625e-05	0.000204736335260229	0.0467701383416616	0.0190812938903597	0.00250458028524641	0.000457584899554526	0.00103047037648486	0.00904217949245217	7.89951312362113e-05	0.000690141684402963	8.33341415021999e-05	0.00173903089788721	0.0172755461897575	0.0329853092273629
0.000364540822782592	7.47940959563762e-05	9.20872938693515e-05	0.000848617169713679	0.000268462166165615	0.00438918995054211	0.0584072707662791	0.000213936286292486	0.818950167927316	7.48398554996204e-05	0.00159935577165347	0.063321377963539	0.00758579726991544	0.00342260196785286	0.000104645073843743	0.00187786779273277	0.00548885130837917	0.000589882941731194	0.000493303239278855	0.00512811015682945	0.0144937085957247	0.0117652736247134	0.000445317959388824
3.06146368286343e-05	0.000228513203104737	3.29103524724358e-05	0.000305357635870796	0.0249375875051493	0.000509192803139567	0.0558256666940841	2.12333030254955e-05	0.838219036400935	0.00077798508101741	0.000533267430458828	0.0377009058210517	0.025660938871685	5.35478116664995e-05	3.1083115138278e-05	0.00199821108392043	0.000517400561940378	0.000125872330779158	0.00116522307367618	0.00254822565742126	0.000619694101563193	0.0056759684679894	0.00248156405708257
0.00161416659644195	8.32237263693337e-05	0.00258167333879765	0.00607472499457555	0.000164771688714541	0.000574003884872441	0.0406052574270931	0.000135852814935713	0.848811576159575	5.62173075675636e-05	0.000228931773166192	0.0528780928565887	0.0147571106450348	2.93164492777296e-05	4.41173605931897e-05	0.000181727582932477	0.000145069336580701	0.00341556860778018	0.000323128217746983	0.00426405054806975	0.0136629945839826	0.00911538896925755	0.000253035130046746
0.000121608427313405	0.000905789340619932	6.06205583405071e-05	0.00647882725745049	0.0127965862499126	0.000602260778660159	0.03863606303725	0.00469830394883458	0.828016274760155	6.90651220630221e-05	0.000118652829520001	0.0411787086412206	0.0347156345435186	0.0001064007723505	0.000223044710099447	0.00430937638231645	0.000877768085541473	0.00012805618969123	9.09389990063785e-05	0.0150659149142021	0.0030790782348133	0.00702530799926038	0.000695718217860205
8.30556681327546e-05	0.00218408675406365	0.000364847312423687	0.0129540055511319	0.000178086516505261	0.00174870210425773	0.0387419288835023	7.55321500277915e-05	0.790047085288436	0.000904608829472246	0.00219742149400521	0.0413314096388209	0.0295878393226039	0.000214878868005632	0.000283743918161479	0.0127893212638204	0.0101545474322551	0.0211078341646256	0.000592007775806549	0.0155934373132651	0.00215171028390217	0.0162457159175267	0.000468193549247883
0.000231565674349413	0.0005596312502813	8.67150836857858e-05	0.00916198404154228	0.000240374437974374	0.0303022565326035	0.0339618329061204	0.00324365035820562	0.813461735736817	3.02165584586941e-05	0.000483483984899498	0.0525242711852362	0.0128846360181866	2.17823190681948e-05	2.91302453465888e-05	4.71221845242095e-05	0.000557054756982916	0.00140861865334898	0.000469047853250982	7.04225355638209e-05	0.000405261927651427	0.0134605690435383	0.0263586367123643
3.41684668187563e-05	0.00420766193874199	0.000118361080170461	0.0139026431707656	0.00370755005648292	0.00257649071922454	0.0363038806353976	0.000245629582806091	0.850274431915797	4.7277362692202e-05	0.000203330501973391	0.029681818921741	0.00875075408646185	6.46405964431209e-05	0.000290535842850701	0.000651613059042998	0.000922613390027757	9.99585230208762e-05	0.000750422797840463	9.2185313313409e-05	0.0219603655420553	0.00574441035986949	0.019369256136462
7.67649480419547e-05	0.0093571621179268	1.35383181410256e-05	0.00345323084123923	0.00141774877444556	0.0248792681767282	0.0399862383763966	0.000183642367400819	0.820467167469726	5.72500639662712e-05	0.000320287173496158	0.0535371822108112	0.0141789764199483	2.21836150431671e-05	6.30654758009866e-05	0.00163677035718226	0.0132708918851314	0.00322894086513895	0.000115851780194186	0.0013779322118951	0.000307384116453611	0.0114490231154963	0.000599499319395834
0.00248677966568896	0.000149604216766686	6.48277106086695e-05	0.00458718602549737	0.0149984172712267	0.0125567428477999	0.0372312826213234	1.54656623866931e-05	0.843864958827336	1.05462035317096e-05	0.00033059772943514	0.038068996330036	0.00162087307317397	2.04819024720015e-05	0.000145658245816929	0.00019390489614841	0.000609858075108131	7.56511353776128e-05	0.000214943785179943	0.000285166369608904	0.020648564379726	0.00383587828273213	0.017983614743019
0.000301314710219167	0.000469552640431975	0.000168284129396043	0.00346364822103516	0.0064745684566418	0.0197171578398879	0.0445875719231727	5.7681652252985e-05	0.838838449298817	7.91171580701413e-05	0.000305718373286879	0.0558594677523041	0.00136449166770187	0.000108982341650004	0.000152977820853041	0.00264232153193796	0.000331827212145935	0.000204497665912349	0.00026438303332851	0.00273660266226678	0.0164698773010367	0.00490376652827404	0.000497740079377042
0.00381504650639477	0.000529525542701464	5.75620547447849e-05	0.000150759307280214	0.0148465373649404	0.0145756766468266	0.0528846215478832	0.000623743282163013	0.792781289875431	3.06106722451468e-05	0.000152681653970027	0.0656376703836093	0.00831604305849549	0.000161453087250547	3.97192540815937e-05	0.000604192354285986	0.00378151001498614	5.54815481094561e-05	0.000132851015861901	0.000155774636908509	0.00528388297513459	0.00999850280473021	0.0253848644119657
0.000144435709158765	0.000339937865344232	7.41995233620253e-05	0.00792834303783132	0.0143776870797176	0.000649865680085962	0.0372864142962463	0.000111325547766085	0.834742115345854	2.46635229539271e-05	0.000174704113789909	0.0299390335754522	0.0391349095656412	3.69629250996935e-05	0.000119207623219264	0.000668628367542109	0.0091882817200167	9.47241435890374e-05	0.000126102435329717	0.000362629073977667	0.00155951690128878	0.0111332491753309	0.0117830627714025
5.51661941604073e-05	8.0746134784994e-05	0.00112670758533698	0.00523576212770804	0.000311623009906733	0.000564841286374064	0.0512708618449026	4.20424393402046e-05	0.853583247459804	2.50858439472079e-05	0.000212850894350877	0.0410350996293432	0.0156533913969762	3.30230349016367e-05	0.000452770980454356	0.0010590637034256	0.00287890802945113	0.000775672505759897	0.000151759602080948	0.00510983716635563	0.00637537666916354	0.0137432868805169	0.000222875580955214
1.73221309832909e-05	0.000187003964703267	1.53062932433498e-05	0.00926076255813944	0.000453493147050487	0.0117909671757128	0.0454100773582654	0.00372295381245265	0.862341874853212	7.6675489604544e-06	0.000194653676649098	0.0368306506853444	0.00207797515882228	2.04474821052985e-05	0.000100777907413346	0.00067325928272384	0.000122220333091665	0.000564247772000095	0.000147323716390193	0.00138658284447524	0.00638768440522101	0.0163815151392991	0.00190523275374169
0.00109619835546864	0.000215908725907769	0.00288472064565532	0.0131744369641171	0.000435736947538596	0.0355538853372991	0.0498366651052222	0.00107242539904436	0.837102948144435	0.000367596895032886	0.000788302116441263	0.0289803733479442	0.000948574068523162	0.00600981605249072	2.81089970161629e-05	0.00515768210434688	0.000198451677834612	0.00151516305601644	0.00334271777423818	8.88297324945025e-05	0.00139107765697517	0.00540338821515965	0.00440699268079862
0.000168159258276805	0.000235337207375171	0.000333756562459237	0.00680453015010042	0.00396914860381636	0.0402724158289737	0.0345388052437187	0.00723916724660346	0.820809667499818	0.00122762909598729	0.001537032553527	0.0482643392662034	0.000496023591360189	0.000294851126634511	0.000172754690842315	0.000112520971430004	0.0029260422178055	0.000145917145229412	0.000306755046297607	0.00434296141250437	0.000583054242909554	0.00297093942493706	0.0222481916131903
0.000606013492208268	0.000802840287464494	0.000962646375018239	0.00088083441167062	0.0139157052609372	0.00057553227392694	0.0570386947475022	0.000152284776666643	0.820841249904921	4.00496493246967e-05	0.00154101358435477	0.0611067904586187	0.0138837970125833	2.98129261130836e-05	0.000326317953552066	4.56580167447703e-05	0.00760107769563259	0.000260701448833067	0.000236130658588431	0.00150852710855031	0.0158089172513812	0.00147827364809048	0.000357131057316873
9.81130195349726e-05	0.00303678420694487	1.57508031941764e-05	0.0040408915443571	0.0111117991794561	0.00165899429010056	0.0527627765992849	9.61178267160086e-05	0.831175906194239	7.8281559438872e-05	0.000350669002423855	0.0347193723406413	0.0169498284569215	5.21185146700972e-05	5.10160606760152e-05	0.000333513485583468	0.00444867475247174	7.49576411134733e-05	0.000221269563054821	0.00240162619968471	0.0058588114738502	0.0177458425882869	0.0127168846973561
2.56115290941911e-05	0.000272307107015536	4.11024497729591e-05	0.0166093064398965	0.000700887772962128	0.0252099722436546	0.0310782240098282	1.62355510585806e-05	0.797223931869218	0.000177863787168567	0.000248877911571848	0.0252569230328512	0.00297375783508692	3.42917748806974e-05	8.66739230316591e-05	6.07137684706471e-05	0.00424966585688595	4.43244673772251e-05	0.000211899174359217	0.000911328442232744	0.0142670686585507	0.0107332827609064	0.0695657496341263
7.54891666760931e-05	0.00505999662038266	5.43643074642349e-05	0.0167699794269202	0.00110726996475651	0.000565403034557774	0.0320815175253339	0.00192573267255647	0.823842849974672	6.04968407307042e-05	0.00043162940863478	0.0548265436444574	0.0190892309847026	6.92672680782251e-05	0.000196424412984774	0.00132121005631756	0.0110151040890827	0.00127016582722883	0.000197873255466291	0.000247746677503239	0.00534165050669784	0.0145331500060916	0.00991690432870396
0.00023012171434679	0.00282250542168124	4.32923046227469e-05	0.000152677978792997	0.0138785897494646	0.000785484990636399	0.0567973047561417	5.50743367603777e-05	0.859888267706111	7.03165939436539e-05	0.000416687490067976	0.0320383186730463	0.00599264665422894	2.43044876257124e-05	1.41757141922396e-05	0.000374447912802552	0.00098880008431552	0.00027092790167583	0.000699924033559261	0.0049453653125177	0.00754864507670179	0.0117247938789498	0.000237327227815559
0.00025833255198919	0.0118103814262788	0.000579222891423152	0.00647130220211487	0.00471552991455922	0.0024109215384984	0.03953621074224	0.00182467295355028	0.840478014264721	1.87796660016378e-05	0.00173458511445802	0.0287560780415956	0.0220274594926698	0.000339936756086323	0.000234027024737989	4.90282718961362e-05	0.00736999968060125	0.000115650650804823	0.00036637271231154	4.83605684943823e-05	0.00427306700057539	0.003754416625569	0.0228276499088233
0.000273247227397046	0.000160850327565135	9.390939760761e-05	0.00478494487202971	0.0178679515713746	0.00446094537354367	0.0460542275236429	0.000121902829812694	0.841838802581985	6.33588186152552e-05	0.000233459999093903	0.0379914395115479	0.00451342168766446	4.15255483337764e-05	0.000691303512683828	0.00060413765884587	0.0054479473648923	0.00229428911219808	0.000375367767334087	0.000381643451515228	0.013360514956075	0.0168362907562493	0.00150851814999244
3.53914783827209e-05	0.012406564130501	9.18582797125162e-05	0.00153707919762391	0.00686804705187872	0.00996615971308597	0.0489676184231426	0.000475283362305895	0.844621179229067	7.26823655043438e-05	0.00114273706383958	0.0410367036896504	0.00438418743576629	4.67767594917744e-05	0.00292931027088407	0.000552807171084497	0.00138618830832508	0.00131787188312215	0.000500042904539349	0.00513201827034555	0.00514185029274489	0.0102477023776118	0.00113994034138996
7.73437894176878e-05	0.000274033608991848	3.80350228005888e-05	0.00344713929665778	0.000265284006438566	0.00200282549219728	0.0374317510009589	4.61147233190477e-05	0.812009329548644	0.000370089071073657	0.000262741867042781	0.0491861391816224	0.0191547267566446	0.000496085728571034	5.41195547756414e-05	0.00506411340659288	0.0113664821453302	0.00045276011029964	0.000202271477722096	0.000476670718894425	0.0177267156168569	0.0102310388148745	0.0293641890602732
0.000114014784721178	0.000180463792785614	4.54668938994429e-05	0.0170783760801633	0.00487931474125414	0.00607790007175459	0.0463585940346121	4.21977056304664e-05	0.836295934511336	3.16314384094445e-05	0.000184258690011012	0.046198870386445	0.0270121999657172	6.20938240000292e-05	0.00139573194584823	0.000120419828310334	0.0016515161095692	0.00184217572516428	0.000111752767602496	3.90698699656723e-05	0.00169981056916347	0.00615185512231879	0.00242635114131878
4.61704054634903e-05	0.0233904374623119	7.16409647329103e-05	0.000928637893833363	0.00131350705770774	0.00447130138872791	0.036312932295569	2.69580751116439e-05	0.80498506657723	1.50684021664043e-05	0.0141942493358251	0.0231874095717825	0.0502084106335042	5.00634793016594e-05	0.00127888854573388	0.00928021054795684	0.00865130803311179	0.00375944585003795	0.000487852957827838	0.00528895984559917	0.000392486712454756	0.00820154634869735	0.00345744761531301
5.68077582129831e-05	0.000188102463576645	3.1425785759276e-05	0.00303683183956464	0.0105290531972505	0.000546874277100191	0.0414077532900552	5.18891675786314e-05	0.819086598909055	0.000115503256648177	0.0002434212298427	0.0644095166031815	0.00822369066563581	6.37597521183613e-05	0.000652251231734401	6.41314425731444e-05	0.00871047868454516	0.000770070935122445	0.000267077290579873	0.00428318211647036	0.0059634781114709	0.0115181730744366	0.0197799289174871
0.00132535740978204	0.0208499117493676	2.19052877862373e-05	0.00536493947597463	0.00562483404534385	0.000940189676285779	0.0455379379821295	9.99484554707384e-05	0.835171921698127	3.30856220351825e-05	0.000408640246331406	0.0307025515582271	0.0283717795187749	2.68144781887978e-05	0.00134489540449243	0.000245479570684815	0.000143897356247112	0.000363071170510813	0.000406108331112467	0.0012524261822075	0.00436711263292692	0.0163326996972508	0.00106449245074263
0.000289861264025736	7.30537486417561e-05	0.00112053812678728	0.00337369045380614	0.000219752760644077	0.000768037233817771	0.0421435931282913	3.93678651551237e-05	0.838970660257478	4.50563969460717e-05	0.00037547313600572	0.0438739516200228	0.0283968346094136	1.42781148949548e-05	0.000231625626564176	0.000449806662658048	0.00435540617098017	0.00092214417134562	0.000226368007528179	0.00977323006843496	0.0115684379569481	0.0125777474553922	0.000191085164217302
3.12814739248493e-05	0.000922288267921138	6.3992910042658e-05	0.0061668223092761	0.00150910583991541	0.0065113053879843	0.0504721064392784	2.39846632675258e-05	0.800872318543779	1.45222677442035e-05	0.0371930526842134	0.0292142670710106	0.0235420467772451	2.87466558362884e-05	0.00372184147522315	0.00045252755230057	0.00390089698166893	0.000839934539904376	0.00060120164566777	0.000294871982127258	0.0206602165893192	0.0097007339866435	0.00326193395570631
0.000488915409361219	0.000764353766703442	0.00171786712806724	0.00362070497101144	0.00220211437771931	0.0244095043194833	0.0416002895724558	0.00505973157181646	0.824412520831568	0.002632313865421	0.0017930584475044	0.0429742015529035	0.0116467687276323	0.000676048605449644	9.15257492555897e-05	0.00601657839152715	0.000272276473246315	0.000367157152817693	0.000444475283686259	0.00170687401449659	0.00138590060688806	0.0142178271641917	0.0114989920167939
3.08824189099777e-05	0.00225131645322559	9.78120651679611e-05	0.00474504753447283	0.000532372980033861	0.000972664611059621	0.0354611195645749	2.58512839673731e-05	0.839284499766638	0.000164422343986991	0.00604843280516404	0.0378442243224286	0.0313780136750011	3.90248947300796e-05	0.000263354221552845	0.00629914053222961	0.0072995853854463	8.57800567066669e-05	0.000609703895862664	0.0037237976953201	0.000670112149628579	0.0129291494247547	0.00924369191913747
8.35359930517205e-05	0.00194221221440756	0.00118816512624052	0.00377549880851244	0.00155386246878803	0.000690557474698798	0.0390833830292405	2.35435209577228e-05	0.800407074507613	7.78612039524152e-06	0.0348375057439473	0.0696287728899355	0.0197049257812132	9.09290791695558e-06	2.56578508520383e-05	0.000373532962274585	5.91191456997645e-05	0.0053086560922952	0.000510432072496336	0.00275645714349122	0.00217932213856479	0.0152602333453198	0.000590672662087789
2.03561846504182e-05	0.000205921419513644	0.000155360111175482	0.0154461654640351	0.000774577366024907	0.00106405309122185	0.0437778477349436	0.00623766393245413	0.856721813781459	8.36630934935491e-05	0.000611853717535133	0.0324836260143076	0.0118846734785491	9.83714173890266e-05	0.000484489470812708	4.23226113836912e-05	0.000580595138258333	0.000226887259215606	0.000216282395323416	0.0113008068452758	0.00860174826645541	0.00527050239201124	0.00371041881451132
