Bcells	CentralVeinEndothelialcells	Cholangiocytes	Hepatocytes	Kupffercells	LSECs	Mesothelialcells	PortalVeinEndothelialcells	Tcells
0.000591985830930137	0.000281740151001308	0.0705112388223788	0.886987270603357	0.0194877531887515	0.01846205668268	0.0027917421169698	0.000101397523590914	0.000784815080340539
3.77408059407195e-05	0.00109926428036143	0.0657476970186853	0.883997973450976	0.0250461931243732	0.00304652777035054	0.00367293521426648	0.0132934109889164	0.00405825734612995
4.81631980202048e-05	0.00505908872447097	0.0647876870886197	0.903657246820278	0.0153703153248931	0.00583891436030397	0.00419244634837488	0.00101468486050675	3.14532745326325e-05
0.0040885337273557	0.00351486380962172	0.0849982183123936	0.87028285263141	0.0101917601492147	0.000412661834628389	0.00726000001778854	0.0191937380687547	5.73714488324949e-05
0.0159428948047936	0.0244574608026546	0.0735896519043256	0.870869205892929	0.00981894097444806	0.00105728905243573	0.00322746647183339	0.000861850875797032	0.000175239220783123
0.0026161471016518	0.00350356557175839	0.0668175688174875	0.89708763341547	0.0174924638646654	0.00817811244605491	0.00338771068711073	0.000731063600349204	0.000185734495451754
0.000652782710286731	0.000259756800023436	0.0755963260091033	0.886725115962904	0.0136402680442435	0.0199845249030606	0.0027290399141014	0.000307159747552889	0.0001050259087246
7.60157543502243e-05	0.0011676538460441	0.0733423935758804	0.886425233403191	0.0193562157608149	0.0129643986084194	0.00472601770738272	0.00188734436007929	5.47269838382108e-05
3.53540363033811e-05	0.0109364023855305	0.0683948555171227	0.884547136014371	0.0142856334002321	0.0161480586473407	0.00311366734068447	0.00243044163334048	0.000108451025073954
0.000792395833354556	0.00225881273861514	0.0663539848729536	0.899328788399974	0.0172630726168492	0.0042508700947016	0.0042683400623891	0.00496236545974033	0.00052136992142223
0.00238878412194545	0.00146336733555901	0.0635483423803591	0.897381280703628	0.0121293152162702	0.00171484782128215	0.00234128934396414	0.0126861022091119	0.00634667086787989
0.000120326826638116	0.00285010157583191	0.0779661544706496	0.894043179912425	0.0129722814593705	0.00439840991516869	0.00431298162672985	0.00312561148326985	0.000210952729916798
0.00095417239024395	0.00301404459326398	0.0688886022790331	0.895807860460518	0.016445473285641	0.00938584645086109	0.00367743725314255	0.00171029142615816	0.000116271861138212
0.0131544553432259	0.00362811405134161	0.0968658395169216	0.827677738047505	0.0162452357342855	8.93992225262567e-05	0.00691662962537381	0.035398409712195	2.41787466257082e-05
0.000432478614757137	0.000711892698094881	0.0734435699981372	0.898352400694614	0.0121393629452296	0.00619220962451638	0.00338279281008138	0.00361253038057284	0.00173276223399621
0.000182813320100557	0.000888803867626733	0.0684430042602679	0.893400106894117	0.0134494124377257	0.0147421553292181	0.00348503282988082	0.00514845056118987	0.000260220499873704
0.00159966714781783	0.000474192145665796	0.0819724223814917	0.863486696020446	0.0137616084501079	0.000582058365104173	0.00463256657430993	0.0101459909093116	0.0233447980057455
0.000505428191578004	0.00095919301540489	0.082394317904597	0.877072033701315	0.0189074610338179	0.0111543639361376	0.00187327709073227	0.00209922887184371	0.00503469625457386
4.77320698303875e-05	0.000481799706963531	0.0700154965221286	0.901167727960372	0.0167112795824706	0.00711466952859983	0.00346447566965678	0.000947188062557233	4.96308974209833e-05
1.50492050496803e-05	0.000423095996778246	0.0691344488251332	0.894525120007675	0.0121143493820771	0.000370881973060875	0.00358881281363771	0.0193893657117817	0.000438876084806832
3.80720903751414e-05	0.00265363895264668	0.073000351348862	0.892708483071897	0.0135489198626743	0.0149322834197297	0.00287057773976848	0.000119350296994325	0.000128323217051869
0.000317031319335524	0.0017060788306114	0.0696977736311797	0.89892251796896	0.0121097147983687	0.0090287079684965	0.0024025610668648	0.00027674296788328	0.00553887144829995
0.000913990839422825	0.0114564180600005	0.0711677366044754	0.892728523689248	0.0173979723659053	0.00280931400153695	0.00303846830351644	0.000468618861325964	1.89572745690221e-05
2.80822187705735e-05	0.00027107079280592	0.0709814603153041	0.884622954562661	0.0187130847106042	0.0186098859262275	0.00461290588704455	0.00208330412511493	7.72514614672807e-05
3.50343430765633e-05	0.0026768130059486	0.0718632603166974	0.899981661631214	0.0103713250032046	0.0029948868626943	0.00358065244368205	0.00732880992418909	0.00116755646929321
0.00266870797069266	8.50635142388287e-05	0.0639878862245601	0.873478865613586	0.0237603939221753	0.00771887135910265	0.00220503605709903	0.00557919106711392	0.0205159842714314
0.00251510999787661	0.017250379692304	0.0754675872383856	0.874572072587934	0.0120526594018118	0.000360193284780788	0.00534735130761644	0.0123426878375844	9.19586517068683e-05
0.0085801492444248	0.000257420011803377	0.0667982369794339	0.889240706389163	0.0176515891373353	0.00903937630450822	0.00363591011146242	0.00474388926882324	5.2722553045987e-05
3.33332903407936e-05	0.000777239587123467	0.0765449642633001	0.896518834428961	0.0127946272870087	0.00566886793408638	0.00394452669293966	0.00369983567272665	1.77708435129732e-05
0.000493882850996319	0.0111005685900775	0.0704299225779911	0.895355899966289	0.00935971639957378	0.0041546171975184	0.00401433518009448	0.000552272102677348	0.00453878513478233
0.000329118132584938	0.000260406170856202	0.0701226708127672	0.891489324419245	0.0123755613468551	0.0221390870172876	0.00314575431212973	7.23255811352199e-05	6.57522071388439e-05
0.00109695436463122	0.00444438078666031	0.0658923039765343	0.905048465591196	0.0155920430440794	0.00213966659140657	0.0025845209862705	0.00295629934568353	0.000245365313538518
2.68525703698602e-05	0.000689347839603386	0.0591502406947809	0.89938091760025	0.018863796088584	0.0126908031657488	0.00343589930121386	0.00280506173643397	0.00295708100301489
0.00169273986455424	0.00126583607601799	0.0772378444873996	0.879486096616017	0.0234480259577262	0.00271156487293008	0.00329496728976475	0.010809551764921	5.33730706686935e-05
0.000697854545951492	0.0204442114892487	0.0699777059654878	0.890143598573194	0.0125234818578871	0.000386682574620669	0.00325839555195267	0.00236756163303842	0.000200507808618859
5.36185844732616e-05	0.000187389140904684	0.0741520210931266	0.89386116814826	0.0115008648847898	0.00803816396127737	0.00362907965317992	0.00539086011752015	0.0031868344164679
0.000180835359494646	0.00309738748553468	0.0684834807505378	0.903744633258897	0.0135033718261015	0.00681199331110277	0.00299180263379628	0.000923238597487311	0.000263256777048129
0.000284360386229354	0.00683958362962907	0.0696325035380393	0.892368618083983	0.0191698228198867	0.0010052251992177	0.00264561633695066	0.00188042441353071	0.00617384559253323
9.30532564426966e-05	0.00709059832727299	0.0744587374122717	0.882149836928464	0.0211045172409913	0.00771591023128899	0.00263334837269727	0.00432630170461733	0.000427696525954169
0.000678941105751045	0.0058930203416908	0.0716976212710872	0.892154427033857	0.0140835944047357	0.000726074800527564	0.00408680396018173	0.0102234663361473	0.000456050746022314
0.000150458473338153	0.00833486547529656	0.0649198203321463	0.89301514929829	0.0171070648801152	0.012943337124565	0.00126137027261311	0.000542193537660835	0.00172574060597495
0.000631630202108438	0.000180730911080964	0.0672184393315124	0.891202181956259	0.0192043789179389	0.0178111382637936	0.00354580654451606	0.000134612671661343	7.10812011296388e-05
0.000436412270031644	0.000473218626750298	0.0693865765932783	0.899349236835847	0.0175625243449008	0.00943057912268485	0.00182849197930144	0.00071879918274272	0.000814161044462791
0.000461728645614821	0.000764889326424876	0.0724002503102786	0.88727713924365	0.0165072410155429	0.012742928845352	0.0032351807830049	0.00320178138564183	0.00340886044448971
0.00369740812199525	0.000591233335628306	0.065886302789113	0.895318850930488	0.0170672899149615	0.0142491633115717	0.0029698231699261	0.000124324613184129	9.56038131320324e-05
6.39233516692311e-05	0.00422213129179864	0.0658095028986888	0.905756914118574	0.0124558933288422	0.00374969884917573	0.00313488100849953	0.00213731465244782	0.0026697405003037
6.09866297686599e-05	0.000610611347219913	0.0750129790352986	0.888470104462076	0.0181076640069584	0.00908289414672255	0.00358335214640995	0.0019049186079021	0.00316648961764338
0.00256779585242661	0.00309653082530373	0.0753977012201336	0.892705591107936	0.0160652372367378	0.00266075100255896	0.00418347932117019	0.00319685581375035	0.000126057619983255
0.000454575844517973	0.00356515436558504	0.062732365254847	0.898147926340999	0.0136373269440189	0.0172707634199712	0.00365869361827169	0.000482121403041845	5.10728087467828e-05
4.90709693945846e-05	0.00290884639702874	0.0701505585086172	0.883328075122446	0.0322093319180358	0.00886008819595837	0.00164223258144799	0.000446064990808034	0.000405731316263403
5.06693554554025e-05	0.00320063669699138	0.0707479831453643	0.892165692756679	0.0181375889422927	0.00411755216588521	0.00355518890205821	0.00725760951545703	0.000767078519816816
2.36996024706554e-05	0.0102080740706251	0.0765410126120925	0.880605297955142	0.022779514368109	0.00392934673052134	0.00269699790196918	0.00241220292801571	0.000803853831054789
0.000769757018072194	0.00175648452516194	0.0709567178107488	0.898952471130922	0.015102761561655	0.00945650613010901	0.00222158545074923	0.000464778778619079	0.000318937593963323
1.87053623429054e-05	0.000557166107657004	0.0612343341457485	0.902793432271604	0.0176854255288728	0.00996702964195202	0.00379093300289938	0.00393434700092958	1.86269379937734e-05
0.00387172823985962	0.000639366858022342	0.0655802916851655	0.888867434351096	0.0171646603572651	0.0188621171875366	0.00345116277259934	0.00150028186799133	6.29566804644802e-05
0.0114690630164283	0.00886710253238373	0.070099262900767	0.86865208038396	0.021664786992251	0.00901278712866455	0.00409829688592945	0.00188038674841464	0.00425623341120157
0.000368498014746934	0.0225719286101346	0.0607577259468602	0.892152446705888	0.0183047750015208	0.0019143747981992	0.00323406930305971	0.000347513156860099	0.000348668462730514
0.000779319242441145	0.00222988137270787	0.0644248542599033	0.905715316622081	0.0105458511742985	0.0035783995435678	0.00275533521082767	0.00912319452131398	0.000847848052859057
0.000575289731698883	0.0139463212801897	0.0647104488686442	0.887517432700849	0.0246073722806279	0.00661847291671967	0.00188701847515021	7.9271011535664e-05	5.83727345843405e-05
0.000135236281080485	0.00576475614586259	0.0686239075391363	0.901066997579035	0.0141637165503279	0.00213463204907741	0.00282290053267532	0.00509012056787475	0.000197732754930654
6.64376274860799e-05	0.00821246485144378	0.0661279276780918	0.893654326410392	0.0193250726116963	0.00079619725726948	0.00333489010858227	0.00832795077471041	0.000154732680327846
8.3086285734508e-05	0.00432450383534095	0.073123048464836	0.884954821208902	0.0232045325897256	0.00129303933045558	0.00291280266378502	0.00984207028567458	0.00026209533554565
0.000270804335060611	0.000495615318273792	0.0626478657618802	0.899921460096476	0.0143300378602208	0.0153079532778681	0.0027608567807877	0.00411527993148832	0.000150126637944811
1.96072331521468e-05	0.000516211832142588	0.0717603180441744	0.897572722972708	0.015155839718542	0.00917589974913565	0.00418196872853075	0.00159688491527826	2.0546806336608e-05
1.90113158660679e-05	0.0120984634459603	0.0651073866126124	0.903981489456142	0.0132711646056943	0.000697518530334108	0.00346744918345516	0.00133048586392708	2.70309860088062e-05
0.000125676626233196	0.0117130371630269	0.0704308487979502	0.89267227145061	0.0105995004272352	0.000317316072367205	0.00317037705063182	0.0108239682248518	0.000147004187093921
0.000110126447274682	0.0202308759456094	0.0680926650003769	0.888283271760778	0.0169635805909443	0.000250131369247563	0.00316226041612362	0.000349897906065591	0.00255719056358019
0.000926189405927701	0.000245780391348138	0.0724498036470647	0.887444509423321	0.0221404716914241	0.0048539142273872	0.00364924860496836	0.00819388200477676	9.6200603781878e-05
0.00183287355977404	0.00564868523572537	0.0728396139684831	0.894761078265543	0.0137800462259116	0.00575335881296237	0.00325327675507401	0.00184646311676204	0.000284604059764539
0.000664974736932052	0.0145195102385723	0.0584285825835279	0.89254446654101	0.011517325042429	0.001588435684346	0.00299280638517027	0.00499331020808017	0.012750588579932
0.00107251489581646	0.00259562354657261	0.0593995472285321	0.897488474683182	0.0236327411717076	0.00964460645042608	0.00304960879762802	0.00149979520097894	0.0016170880251568
0.00098568506889981	0.00491084070659939	0.0768199036010206	0.899394886360297	0.0135542988794637	0.00121390106910735	0.0023975885692223	0.000474090697505449	0.000248805047884171
0.00635102938367194	0.00117284368901504	0.0652931271951505	0.898892625453947	0.0119683855563334	0.0120866597593814	0.00304993224657252	0.000666891541616663	0.000518505174311847
5.6406141806629e-05	0.0094842456839949	0.0704910706864323	0.897127190610944	0.0165429559592285	0.000408241977883895	0.00390396044937791	0.00188633760976443	9.95908805670436e-05
0.00211502553481834	0.0046090118017024	0.0730184830585058	0.895749560033064	0.0144486244317255	0.00191836179432245	0.00399297124281419	0.00411535829785823	3.26038051893403e-05
0.000194972553498008	0.00347754661892154	0.0597638914993687	0.890576174099043	0.0205260369508122	0.00885169480395349	0.00345164024524327	0.00738405846550604	0.00577398476365346
5.33379196911113e-05	0.0015924580426744	0.0666847520275741	0.896012279660158	0.0164405676050664	0.0115226343958157	0.0035500107596923	0.00403951112677156	0.000104448462556318
0.0114605393994038	0.00152461227336597	0.0665946195156223	0.877896675052394	0.0100347751703594	0.0251597754330306	0.00461459648603765	0.000201519989325594	0.00251288668046081
0.000195650239475531	0.000812170569413665	0.0687245099114217	0.887895028831703	0.0262943832621434	0.00148382421097369	0.00308527082782556	0.00459836119540976	0.00691080095163347
0.00162600581745585	0.0110692867427799	0.0698857552971281	0.896317791583225	0.0107972402513058	0.00509013268349712	0.0038365519929023	0.00128696339675997	9.02722349462401e-05
1.46661247431945e-05	0.000953301264245606	0.0668734473898791	0.892681948492951	0.0156805970681307	0.0136790071348668	0.00394997196886044	0.00614920632665615	1.78542296669788e-05
0.000379398187743847	0.00671142004863288	0.0730466242534643	0.876557639690569	0.0109789975383261	0.014323332765971	0.00465900321089872	0.00484571188879847	0.00849787241559552
0.000154279951423713	0.00884457515224136	0.0692466608928625	0.889951130029491	0.0140649463108648	0.00287525663451046	0.0042275847697696	0.0105679378278724	6.76284309643928e-05
0.000953178991040099	0.00182865447455186	0.0670079289072018	0.896687415437015	0.0159646469981687	0.0101827318533336	0.00354712089704998	0.00215415106535279	0.00167417137628595
0.000480998523702666	0.00132587808568191	0.0641628652144508	0.887425624472149	0.025089009520578	0.0150464393652643	0.00424193587311051	0.000265440621630679	0.00196180832343165
0.000371465179596369	0.00713155145376443	0.0667947581918412	0.904861493002607	0.0136770234122215	0.00256418864166621	0.00410287868328396	0.000437208051443714	5.9433383575779e-05
2.4262091637078e-05	0.00793488445522015	0.0605383686656596	0.91077648102796	0.014323304706573	0.00138807342762205	0.00350391749232147	0.000688117485579568	0.000822590647426645
0.00418967517161024	0.00113900362665497	0.0693789883807302	0.886975340189067	0.0148821341291184	0.0114864519204176	0.00369695861727819	0.00799288343128099	0.000258564533842064
0.0023352757109426	0.0178380564570914	0.0628254801955359	0.888382965130879	0.0185137891620035	0.00117073496939228	0.00476427268808692	0.00228809642333739	0.00188132926273133
0.000253041769995071	0.000517379114332046	0.0725063609077815	0.896763005696204	0.0117654329579703	0.000624692732496106	0.00308279033371958	0.0119305617210952	0.00255673476640608
0.000290166280668148	0.00867901745341943	0.0714426536637449	0.889735631907043	0.014647102666625	0.000530511391090849	0.00145651139983831	0.000213898896002469	0.0130045063415678
0.00023064975495221	0.000521066793729792	0.0695090686497054	0.888348333174311	0.02002661609698	0.0169300111573226	0.00349240851433825	0.000428296805533184	0.000513549053127493
0.00792444070486423	0.00472731459761309	0.0658162470168967	0.88228539875296	0.0308444813706534	0.000315536742682045	0.00379018555581166	0.00283439305864569	0.00146200219987355
0.00513549142570326	0.00302536751952266	0.0664992633769496	0.892143437564899	0.0113880004548905	0.0161321541927086	0.0018408428254502	0.00229965605618659	0.00153578658369013
0.000276952143709404	0.000514672107181874	0.0565087355450872	0.889734732525086	0.0181301570415926	0.000461439827761241	0.00288887770801065	0.0159575126847236	0.0155269204168472
9.6457580665247e-05	0.00204425468243303	0.0683205649873728	0.89441021854282	0.0186211088679146	0.00632406007025972	0.00278393604773542	0.00126980500622134	0.00612959421457788
0.00136170818171472	0.000908587263180974	0.0688396159139554	0.894040483139052	0.00944017358337873	0.0224302332509719	0.00236899059909222	0.000576612030718543	3.35960379353912e-05
0.000920437888108841	0.0056979379242702	0.0657964403109908	0.886192475571488	0.0216547995049129	0.0156187657988126	0.00299436288586747	0.000483842445245801	0.000640937670302948
0.0120369483494373	0.0092482489770541	0.0679009262902561	0.885901735657733	0.0193562223228576	0.00170953503783376	0.00337741891869457	0.000291112302205174	0.000177852143928386
0.000148487993544714	0.00263740458572805	0.101238375742714	0.854669154507386	0.0118135192981685	0.000391547162269334	0.00652071373462283	0.0224109513622079	0.000169845613358385
0.00505877572955294	0.00984055115057082	0.0695765025684936	0.891485760388352	0.0162426268199814	0.00061936068801995	0.00222657723519141	0.000160304708348675	0.00478954071148938
0.00451735931053505	0.0104934893404898	0.0653774471987923	0.893760593159636	0.0179684669639559	0.00469682046723714	0.00276538894020685	0.000383329661353868	3.71049577928951e-05
0.00488701360388351	0.00362970043312228	0.0596193936332563	0.895767665563427	0.0186374021631612	0.00707652884379387	0.00336319780563792	0.000345675970049508	0.00667342198366866
4.83507232967951e-05	0.0191961100417479	0.0752279366006416	0.884492146210115	0.0109901473410597	0.000891910437606782	0.00560938940088992	0.000698550766160232	0.00284545847848244
0.00522939973776012	0.0100808951353046	0.0645767520040934	0.883058407359023	0.017752069357443	0.0151421932293322	0.00383882200771047	0.000228175369208221	9.32858001253501e-05
0.000109309591094809	0.0156997246246648	0.067707634744018	0.891513152476065	0.0122845293970624	0.00652014538355291	0.00382591521294327	0.0004635789065355	0.0018760096640631
9.47101961188139e-05	0.0012736909337031	0.0653902534460358	0.887837628889616	0.0166194804395549	0.00974768004973036	0.0018361459346952	0.00297553620492257	0.0142248739056233
0.00180742223940995	0.0029535117129412	0.0667746053124322	0.893542253617879	0.0129437045691849	0.00264294467596229	0.00371906467628498	0.00481759515824661	0.0107988980376593
2.22662894949976e-05	0.0172342330841383	0.0598595457135644	0.899231973572182	0.0156317884426532	0.0022332409979512	0.00320691816786925	0.00183762346823833	0.000742410263908229
8.33333013069849e-05	0.00180718947237564	0.0678866354008644	0.895893045799014	0.0146831996544629	0.000332933758659794	0.00352787534041752	0.0156689821861872	0.000116805086711708
5.6817024526867e-05	0.00276206253995129	0.0763069159078133	0.894749471743899	0.0110588672283265	0.00934511925625733	0.00297272060663446	0.000991036683696592	0.00175698900889484
8.34221704614734e-05	0.0161539496944548	0.0655181463107118	0.899388040508144	0.0113388987715728	0.00316583225484665	0.00269206877167269	0.00070515534282911	0.000954486175306825
0.00805914940318558	0.00616161128586256	0.0748272306796868	0.890060654648307	0.0102789445595313	0.00505793416619967	0.00421507526338859	0.00127833686791348	6.10631259253415e-05
3.84188068488282e-05	0.00244315567412493	0.0755015849530415	0.898709327565987	0.0123119553934384	0.00102509914811194	0.00291625041871797	0.00686309305406881	0.000191114985660221
0.000391256687954028	0.0113944729917624	0.063958276989343	0.906641573409699	0.0108437238255209	0.00280649215135072	0.00313988605743451	0.00079499130556015	2.93265813749906e-05
9.71197174483521e-05	0.000253718550434255	0.0697410089020937	0.888765052982293	0.0156350702626199	0.0152617342040512	0.00156345706146836	0.00689509156792917	0.00178774675166221
0.000255948385411692	0.0184136686153633	0.0641627634414998	0.896617933375897	0.00876805234690232	0.00805521027878346	0.00242995326161753	0.000628574548574226	0.00066789574595073
0.00217574674033027	0.00628988708681922	0.0734026868104219	0.888423407105722	0.0185260848676823	0.00400219333570911	0.00326845393939565	0.0038858925296579	2.56475842618662e-05
0.000685783757920583	0.00013086844674155	0.0653271141334005	0.888388396327732	0.0222634081932819	0.0191003331150825	0.00304429223033496	0.00102376429877558	3.60394967305677e-05
3.74256339196568e-05	0.0168358292581447	0.0663450141058301	0.893267625534503	0.0152930710037456	0.00329094692870293	0.00377807640921472	0.000780004912813987	0.000372006213125295
0.000288384453026881	0.00026015170396942	0.069386601143812	0.89417554659099	0.0153456949482634	0.0131935195292786	0.00339177318690566	0.00391299129757834	4.53371461756969e-05
0.000166023816892779	0.016868469644168	0.064690931597877	0.891472777891919	0.0183215997138104	0.00483421542118619	0.00284527532234884	0.000128563911915008	0.000672142679883057
0.000178835662325254	0.011625483061199	0.0633927958175981	0.888694865914163	0.0248540639833664	0.00391800253488249	0.00304590450956984	0.00350414411303692	0.000785904403858781
2.20117670398905e-05	0.00372181807108069	0.0635495284902626	0.898142725707909	0.0175282358282141	0.000177543032616055	0.00365256614369315	0.0131830423797068	2.25285794781491e-05
0.000562758844976994	0.0234306224220921	0.0642460806164407	0.883383823223269	0.0174731810461509	0.00276537083325541	0.00385156113580179	0.000616556920566298	0.00367004495744662
0.000105449193216968	0.00214407039591833	0.0739449831360252	0.906209048370275	0.0102069881740245	0.00374861139777405	0.00297351853961046	0.000173409280375228	0.000493921512780543
0.00129700072769996	0.0025108812863066	0.0690300245149958	0.890699951879726	0.0200193322550236	0.00882771872723608	0.00286520556824344	0.00125831337693323	0.00349157166383532
0.000153009674656744	0.0294851611336679	0.0670164708611617	0.882587282777002	0.0164617358153593	0.00104350715968672	0.00316751693469927	5.45219706221974e-05	3.07936731438821e-05
0.0011834454039459	0.00288054179140655	0.0657286753302379	0.895309291910921	0.0133924130754349	0.0175488141776265	0.00379155281895414	0.000101582235755805	6.3683255717733e-05
0.00037395336960012	0.00804891516361564	0.0649723133137596	0.892101945608192	0.023064037442859	0.0015353923802207	0.0039497655943605	0.00495975953057463	0.000993917596817286
6.00890192915663e-05	0.00140956431444165	0.0729241997833401	0.905245670309036	0.0147935251294333	0.00160565494528753	0.00272028404980136	0.000749220624336711	0.000491791825032116
0.00255994689556768	0.000186618901990925	0.0698906950778141	0.902213675080514	0.0153694611458908	0.00592688830358948	0.00318564882655472	0.000581273640191414	8.57921278865738e-05
0.000821642447321313	0.00290130407785711	0.0653962861406243	0.90418263440527	0.0199240392906977	0.00335990619252461	0.00307469997812585	0.000289296212794889	5.01912547839372e-05
1.09174400610424e-05	0.000105464236977283	0.0689666704816882	0.884699421928819	0.0233628805828463	0.0075126852923529	0.00418173608303508	0.0110292138584243	0.000131010095795705
1.37612086482646e-05	0.00753303858709715	0.0686218820403253	0.903129542553224	0.0159718129255624	0.000288181211133988	0.00341725295120728	0.000982992130336897	4.15363924643302e-05
0.000283418090874669	0.00130642729953179	0.074637936258514	0.89639740701948	0.0153399331901957	0.00326610753224947	0.00293983156228322	0.00569173500845084	0.000137204038420662
4.77959362620338e-05	0.00567060858223815	0.06674472426092	0.900446564499546	0.0139311466131418	0.00978959009383011	0.0025974226023134	6.361169323194e-05	0.000708535718516249
3.68712893487414e-05	0.00663456038368197	0.0645690332624842	0.898875724148964	0.0132736622704124	0.012199847298213	0.00227889693052613	0.000153621125171948	0.00197778329119774
4.63262587797067e-05	0.0113184944660945	0.0726699391758989	0.881457301197404	0.0178772174146455	0.00964018220849113	0.00349064294892025	0.00337287661819816	0.000127019711567893
5.98560814488417e-05	0.0232105554003252	0.0735535881669363	0.877921538071337	0.0167585678266595	0.002436659271669	0.00337754064617693	0.00204676310008316	0.000634931435364344
0.000384156027591123	0.00254547908660705	0.0689062001404455	0.889720136958117	0.0192360612433254	0.0145253546585792	0.00433015577250722	0.000267057769803231	8.53983430242657e-05
0.00120404316072407	0.00243501043528506	0.0720632003514966	0.897086627734457	0.013920254646693	0.00696532749121569	0.00426996457919726	0.00140151162375444	0.00065405997717692
0.0027751514566391	0.00265821003333254	0.0644891933418114	0.894545682551522	0.017079505824265	0.015465406024895	0.00288141032061964	6.59043790626671e-05	3.9536067852184e-05
0.00270321954818351	0.00788154652533	0.070757208842712	0.890359879573786	0.0162423597240346	0.0080573786550695	0.00359880294595284	0.000208826839236344	0.000190777345694654
0.000397907991833542	0.0160546221530481	0.067442749633839	0.896489413688726	0.0113391556017284	0.00302852333263863	0.00326580022508438	0.00166506002234825	0.000316767350753378
0.000332676699467994	0.00722566481576055	0.071681394649767	0.888183539904212	0.0200825008266837	0.00107195725554319	0.00463508254712732	0.00637289042005814	0.000414292881380177
0.00164077629261249	0.0165658174340919	0.0715148905788741	0.890233096261471	0.0130710833766171	0.00364713792307785	0.0019842948673621	0.000831830148327984	0.000511073117565415
0.00357992437503945	0.00526901846797943	0.0794117206288038	0.876131262181449	0.00837619616859284	0.000511580436119948	0.00527607114950501	0.0124758706652672	0.00896835592724364
4.79723389743635e-05	0.025670119941128	0.0703206524150602	0.889045037935938	0.00994538143709938	0.000328931432260157	0.00338461740626732	0.00123448223088632	2.28048623864572e-05
3.18690720439109e-05	0.000424358591135136	0.0645012009826662	0.901266388593107	0.0164091851966239	0.00961060474736113	0.00388605708497528	0.0038317880516499	3.85476804370407e-05
8.77392909068046e-05	0.0145409104502524	0.0645834213577446	0.898205185855514	0.0110749958708588	0.00385593228924431	0.00256612775316045	0.00160211713977077	0.00348356999254756
0.011570744284623	0.00053347708268029	0.06315658366036	0.877223926152221	0.0231310581923996	0.0186742924904821	0.00270173259273038	0.00224333825354992	0.000764847290954088
4.52785273088097e-05	0.000844307314275901	0.0779077209987727	0.880002603736313	0.0285228822657583	0.0105646118018033	0.00184747723721196	0.000175217696968533	8.99004215879142e-05
0.000231944513757704	0.00657035126468135	0.0763486674924036	0.89322511340559	0.014570344516862	0.00480416534287875	0.00291602704721263	0.00128498091719576	4.84054994180747e-05
1.52268637607915e-05	0.000907113004418497	0.0669732199901317	0.889867162120133	0.0146180172719098	0.0145758383305412	0.00308061440215108	0.00365654723483306	0.0063062607821211
0.0051004727811956	0.000623702180593105	0.0761908860309279	0.896811519439452	0.00839327022122149	0.00504367469878665	0.00423451095811579	0.00346582680694501	0.000136136882762554
4.87920286548067e-05	0.000268211126384405	0.0668541739546266	0.899406821361259	0.0109020501353355	0.00597237634954901	0.00303558880070926	0.0125817442631105	0.000930241980370573
4.54973512309663e-05	0.00151887245189389	0.0687266101084566	0.900057253007078	0.0173846911089568	0.00874065801000994	0.00336336371928394	0.000128726660906472	3.43275821838945e-05
3.44665595084794e-05	0.00234041921702731	0.0813561593071896	0.884253057691201	0.012692152518811	0.000547481260456269	0.00313990853000769	0.0136434955562019	0.00199285935959677
2.73620401892941e-05	0.00337840518240513	0.0681330986596338	0.891212123802812	0.0145672906742937	0.0180667539127006	0.00377565848539642	0.000818828171546877	2.04790710222509e-05
0.000709422197122093	0.00150103221866568	0.0657805734727567	0.898207750641569	0.0217727690315637	0.00787960528200378	0.00324947614078429	0.000597179967012838	0.000302191048521785
0.00316813244188343	0.014433744396623	0.0584754761274099	0.905242707355751	0.0127323364054754	0.00112713942335826	0.00431711105144969	0.000472476836433288	3.08759616160424e-05
0.00302016447375584	0.00950365283462347	0.0698814135596681	0.892751675768928	0.0123609181612902	0.00307586903861215	0.00390145873138377	0.00360553581200512	0.00189931161973293
0.000648251009219355	0.0157800990523439	0.0625802006326635	0.891379867133898	0.0231594534591312	0.000561531835415183	0.00337222916811194	0.000602046285555002	0.00191632142366173
0.000118367918584046	0.000374094358282837	0.0622475842268148	0.882697659217357	0.0257228134794618	0.0180859743003142	0.00400427889175954	0.00669421340464982	5.50142027755137e-05
0.000107143814413643	0.00479348626267797	0.0679850357448928	0.88249325118098	0.024996047608861	0.015146661615613	0.00337285438722033	0.000150468466232465	0.000955050919109316
0.00133560160570794	0.00112535251326182	0.070753648286982	0.891869003690911	0.0144950745105086	0.0165460493573367	0.00369239081236224	0.000151751469076384	3.11277538535885e-05
0.000125277485087045	0.00018634382898568	0.0659422624906032	0.886661435038737	0.0196904679496796	0.0208549343665331	0.00325140758750643	0.000784736277250779	0.00250313497561744
5.95591639539019e-05	0.00588092574251551	0.0636840253303219	0.903792880306808	0.0127657873094413	0.00900518902053009	0.00188999410053161	0.000250199199163073	0.00267143982673492
0.000170961197146577	0.0056103843455482	0.0673443272355362	0.897200268623948	0.0157087872122133	0.0105761853478178	0.00329371541245552	7.49983206533132e-05	2.03723046809281e-05
0.00029593150382047	0.0109895109888705	0.0616172199878117	0.898788944933796	0.0120218613407606	0.00411279675958624	0.00146814951825219	0.00110928193371955	0.00959630303338291
5.05932586569611e-05	0.00392594977046329	0.067963535423501	0.879111552003071	0.0217664728362767	0.00525362768913064	0.00393691085539049	0.00944032317423755	0.00855103498927214
0.00148529929107582	0.00291774271520777	0.0654627833810805	0.897775526015771	0.0117709269691486	0.00753304313006901	0.00378536361522555	0.00421964310377995	0.00504967177864174
5.43551962283003e-05	0.000548578564200166	0.0739142451546609	0.887456999279902	0.0139967032998947	0.0134989009087428	0.00326876057979297	0.00528835106224239	0.00197310595433562
0.0159936518332038	0.00613590104625093	0.0855699842290133	0.85975745061542	0.0124393779464101	0.000283095845172018	0.00789049121991992	0.0117072094244515	0.000222837840158072
0.00124299486157631	0.000898914529955649	0.0630430118571157	0.906316426655093	0.0202228088213657	0.00133403767272737	0.00341015588511296	0.00316666658055263	0.000364983136500455
6.07827653434871e-05	0.00485875141525023	0.069187215892283	0.890646609094916	0.0170849963468881	0.000323946445547611	0.00265486509765054	0.0125268784271417	0.00265595451497996
0.000344855444844183	0.00612501544708217	0.0610962152477228	0.902006543276048	0.0157377576816434	0.0100908461780562	0.00360324004325772	0.000963921270776814	3.1605410569102e-05
0.000240227774597991	0.00273224057984426	0.0727863235311928	0.89476871095245	0.0184407728980354	0.00787200766039916	0.00227350518643087	0.000749142776262211	0.00013706864078734
0.000765559328715491	0.00325180120559712	0.0670535277964429	0.899571609101897	0.0162036344301299	0.00231075287582399	0.00427059224380734	0.00650578575017939	6.67372674065262e-05
0.00204316813131439	0.00642921090716653	0.0630639624401499	0.886241338871337	0.0237769369896298	0.0150219075181662	0.00255659367179872	0.000123604072408173	0.00074327739802879
1.86389044409123e-05	0.00358603961752917	0.0712963738183866	0.89345865503778	0.0176876874776031	0.0096992740723704	0.00343525377368771	0.000754446949756722	6.36303484456629e-05
0.0017647224278827	0.00863632260152907	0.0646062402650949	0.892864074751508	0.0186304757400606	0.00166060393531794	0.00331456796756697	0.00576792339407051	0.00275506891696922
0.000344336909407768	0.00743202981543923	0.0669499210937344	0.886611219317615	0.0240138383178599	0.00627756123502608	0.0032773619512111	0.00475057711943448	0.000343154240272438
0.00255211456808728	0.0075841316770618	0.0658749748355207	0.897937951880327	0.0164295877497218	0.00428069166102785	0.00410756858044399	0.0010463134050944	0.000186665642715743
0.00318021987893517	0.00402196562817312	0.065567254119599	0.898250700043809	0.0159323466611001	0.00861543261822948	0.00407230023887743	0.00024108043806735	0.000118700373209142
0.00144124100463477	0.00554652578776666	0.0689621756229518	0.884377936766203	0.0231777344533686	0.00698084414151548	0.00285558860028892	0.00656349833224818	9.44552910223312e-05
0.00584477622595758	0.0058343512031538	0.0677989714459967	0.891136064208548	0.0174921381716016	0.00801105521359546	0.00299823646092499	0.000498493067414202	0.000385914002807071
0.000107058821444294	0.00106508047095361	0.0677350018943677	0.891725288948829	0.0173364888650028	0.0118689050291083	0.00337877279735103	0.00585138750504126	0.000932015667901669
0.000217428772739091	0.0085322953491991	0.070517060015814	0.897785883747447	0.0106841575102055	0.00392059439577674	0.00301794203850021	0.000641938720886219	0.00468269944943192
0.0162213573963161	0.00378391013377285	0.0566860586226366	0.871312225302796	0.0241111248901533	0.00149186704304523	0.00303888568439145	0.022748091651888	0.000606479275000772
0.00204051066975938	0.0170409264716005	0.0583038902042094	0.898828125217034	0.0104210099902447	0.00568433653580952	0.0038319927261469	0.00361125346553088	0.000237954719664693
8.9230229029688e-05	0.00301808832897057	0.0780240146766333	0.882086013264635	0.0139108092056321	0.00788766673092203	0.00344170634743698	0.0114947722200788	4.76989966617653e-05
8.00092547123883e-05	0.00630383226042304	0.0626392151469488	0.900376471459191	0.0206043031748644	0.00218812067521823	0.00341549847775369	0.0040704449557794	0.000322104595108477
0.00231972993097969	0.000717786942930435	0.0669774027027543	0.895125072752542	0.0200208850380757	0.011481019857189	0.00297282096018103	0.000336785051860647	4.84967634877811e-05
2.15255934861673e-05	0.0111524906849399	0.0593301444921222	0.893264530011375	0.0280581538119735	0.000505940345730696	0.00251635454365677	0.00495536885164494	0.00019549166507043
0.00147451490668967	0.00904372223819355	0.0610232696510827	0.894822972632417	0.0265509883551178	0.00210298227463817	0.00305732172563128	0.00187042082972454	5.38073865051276e-05
0.00591613331790068	0.00457491438954446	0.0615851344879988	0.879179482042813	0.0401662558722181	0.00039317302923816	0.00454530039631468	0.00319043346071936	0.000449173003252531
0.00166354669685546	0.00691034113543132	0.0684678440707639	0.8862860501324	0.0250766634721486	0.00393031373056808	0.00440675330850807	0.00291491635226615	0.000343571101058731
6.55987969202969e-05	0.00549432074199245	0.0681382443982295	0.889752487980316	0.0136173694635267	0.0223234438567746	0.00036353572630126	0.000116191822303196	0.000128807213636069
0.00485549776451728	0.000353522814037462	0.0593065231058149	0.895390438092017	0.0193269164455835	0.0174680111530585	0.00266315789214657	0.000558242411029884	7.76903217947947e-05
2.36337679748924e-05	0.00863467227684593	0.0708874753197792	0.904942966669307	0.010597334318781	0.000710674264059031	0.00304978654446651	7.5139607130041e-05	0.00107831723165622
0.00373272218358597	0.00914782888425967	0.0647347129857448	0.900702604081691	0.00886948116212202	0.00896050785427665	0.00357085998419023	0.000223612463114333	5.7670401015378e-05
1.9621079287567e-05	0.000465797608156833	0.067526252760497	0.906152138368563	0.00706803829918458	0.0123926551719405	0.0045842159201009	0.00172165810153517	6.96226907349219e-05
0.000184916038135337	0.00884902123591158	0.0659743162984027	0.906398314201661	0.0148590923941919	0.00122743977972758	0.00163755581798887	0.000263671250486457	0.000605672983494624
0.00730718496462558	0.00809232349091769	0.0614301276999772	0.889012382561661	0.0130168443366879	0.0131377950943839	0.00336963958905376	0.00400623570984692	0.000627466552845729
8.19326000688289e-05	0.000164438559559807	0.0720192506345805	0.898938645898328	0.012679646800279	0.0099062563391094	0.00266083150446496	0.00207117779511418	0.00147781986849505
0.000182933884592323	0.0165892322356713	0.0666450305273661	0.89723842272341	0.0132943046249021	0.00102995366830718	0.00370778421459227	0.00123512851798347	7.72096031755778e-05
5.7138965233505e-05	0.0039274493983226	0.0670663499450619	0.891160490672252	0.0153591430574847	0.0148494078938286	0.00454462036144765	0.00265437580660346	0.000381023899765842
0.000126749075904018	0.0132647046345201	0.0557579969001203	0.900149450939293	0.0178052553093341	0.00847269724838793	0.00251328296304104	0.000169246880439623	0.00174061604895955
1.85222012528532e-05	0.00479530623689227	0.0756790175557967	0.887814649623791	0.0202462528671851	0.00115999887976461	0.0028212677079534	0.00743103500315952	3.39499242043553e-05
0.00086973057334868	0.0177074069206716	0.0774874341368234	0.88366122027262	0.0154071993083876	0.00032453295049422	0.0029267186343036	0.00155829776477076	5.74594385796861e-05
1.04998402597431e-05	0.000532623364499896	0.0691912331495472	0.898776093212968	0.0154364372533235	0.00553018378127309	0.00307614366642597	0.00739476566220946	5.20200694930273e-05
5.00808940305901e-05	0.0204533850393903	0.0649081623928283	0.892960462481239	0.0171453534213384	0.00126058097295723	0.00283868182661801	0.00024547277557116	0.000137820196027504
0.0023645188512378	0.014220054868365	0.0598903054539405	0.898511459445058	0.0175903226661899	0.00290980970969876	0.00339218564885241	0.000738152689422976	0.000383190667234807
0.000109920289088841	0.0191019448316749	0.0662856246640835	0.894364429555259	0.0131319823859338	0.000239375963310581	0.00357341293056445	0.0028500058163551	0.000343303563729826
6.23579042473894e-05	0.00292254231460918	0.0687256892352711	0.887243072634985	0.0184999105402474	0.00713017237275837	0.00304653241160136	0.0122402282742211	0.000129494312059277
1.65862387208037e-05	0.000854654731570976	0.0625322808339565	0.898657610524041	0.0143264963308536	0.0123410832079129	0.00289625162750707	0.0083263302425454	4.87062628917644e-05
1.72916726871151e-05	0.00949158351105153	0.068551260505553	0.895410510792154	0.0194729157001551	0.00248438102706007	0.0039359712810392	0.000597308274551693	3.8777235748788e-05
9.95771896839568e-05	0.000299254705557479	0.0724974396153505	0.88955798285813	0.016917145271004	0.00754509720096606	0.00390354172667566	0.00839580316639045	0.000784158266242266
0.00020076195869895	0.000380749699479047	0.0587558297297602	0.897829562571508	0.0213141131787327	0.0163900648192762	0.00356024123377313	0.00153302949750858	3.56473112631145e-05
0.0097319996529773	0.00101127236201066	0.0559077894669338	0.88786265559912	0.0131652811136464	0.0143546057132938	0.0018916053615741	0.00301953012720155	0.013055260603242
7.46554722546364e-05	0.000272326492396552	0.066674768847031	0.892474927935023	0.0203175088214208	0.00819868134731967	0.00360791866194912	0.00786923298676937	0.000509979435835693
0.00256704493538943	0.00725296421753874	0.0701449039463845	0.8746904372689	0.0252284819686195	0.000601213503853978	0.00469975212285029	0.00382895653597172	0.0109862455004913
0.00183789964840942	0.00015750594224716	0.0931680535069352	0.861939852631797	0.0132506151058168	0.000113570689490616	0.00436601355097643	0.025137790401969	2.86985223587053e-05
