Bcells	CentralVeinEndothelialcells	Cholangiocytes	Hepatocytes	Kupffercells	LSECs	Mesothelialcells	PortalVeinEndothelialcells	Tcells
0.000136335125643976	0.00119743747469241	0.0422225748009615	0.825668612811749	0.03887201585703	0.0387136211260665	0.000768866330039535	0.0134408667336328	0.0389796697401841
0.0262701867428097	0.0156968279833502	0.0630134947849829	0.823456176408052	0.0132403266739427	0.0176976189231214	0.00231539795220892	0.000676765368803653	0.0376332051627286
0.000288327274121392	0.00434263726056899	0.0664421288406313	0.795263027177295	0.0611248912666388	0.0219775712987039	0.00100814419250131	0.00373660563786284	0.0458166670516762
0.00133872314175308	0.0131669596275592	0.0446362765040299	0.830463103343409	0.0205208928723815	0.0270383617679337	0.000883030313078963	0.00825151743321236	0.0537011349966425
0.000367979914414639	0.0101823348473936	0.0589397462508818	0.806286787938612	0.027610088965225	0.0128519822997835	0.00291197086880979	0.0240706649163204	0.0567784439985598
0.00898494651539069	0.0196353244744785	0.0544949982424483	0.806098506911954	0.0289977520195614	0.00722617612757649	0.00152463338656615	0.0137598341143823	0.0592778282076421
0.0285277352410492	0.00265729874408337	0.0852466290232206	0.777478202746185	0.0274475533567757	0.00638313311865966	0.00973082280137072	0.0413626677068886	0.0211659572617671
0.0120606894662826	0.00246796722153946	0.0546490463287313	0.819278718225893	0.0283618923885171	0.0320093667283267	0.000826603222720889	0.00378769963317642	0.0465580167848126
0.0292927300982411	0.0135861974380862	0.0610836585258562	0.778841617933751	0.0204430989115372	0.0438802718557896	0.0022142366427158	0.00697536168595166	0.0436828269080717
0.00759275447219546	0.0385788567459191	0.0502436437856432	0.773292423224392	0.0314906444574659	0.0154772379782755	0.00405087335709959	0.00843786628350905	0.0708356996955006
0.0142991091400508	0.00152919921635774	0.0627681559081236	0.816024037654868	0.0305771202083948	0.0359712218904546	0.000124297467512801	0.0228848999057882	0.0158219586084498
0.000182092705213179	0.050163978435815	0.0457137809520703	0.822332991494537	0.0156746919432665	0.021959137967911	0.00101526870051361	0.00113369329489639	0.0418243645057767
0.00205555403498811	0.011682890458214	0.0616728317875027	0.84305349193056	0.00873865474562897	0.0259274595288	2.91466615035349e-05	0.000590700131228716	0.0462492707215741
0.00146021667259307	0.0128195464558566	0.114764140383093	0.757765411027595	0.0182672806866831	0.000567476424612141	0.0147921780185353	0.048382467695812	0.0311812826352202
0.00385194870247944	0.0420544099424009	0.0632518218094072	0.818053243360649	0.0106194794446718	0.0119491346797636	0.00763614587307661	0.0141074266463951	0.0284763895411567
0.00590661479774673	0.0469981652842061	0.0475988175840668	0.816943295649719	0.0130251138471555	0.00394470064720234	0.00232552443361499	0.00548031331997776	0.05777745443631
0.000385267147371395	0.0127437623913276	0.0507860215870289	0.816331765547784	0.0196454919697649	0.0232931479089734	0.00137847522378232	0.00528311928869592	0.0701529489352715
0.00440174424080989	0.00430483689058325	0.0562805199321143	0.84633540112299	0.0200525488867416	0.0267805816974066	0.000227445873003736	0.00219070947666395	0.0394262118796864
0.00289204615632063	0.00141972168243307	0.0586326861927902	0.770585561005003	0.0212922065209265	0.0384517597059745	0.00112864062634281	0.010444392691413	0.0951529854187963
0.0011205835438766	0.0254876137541204	0.0670652467635726	0.819126524054371	0.009571651208374	0.00452653888411671	0.00471689423622709	0.00596237975032467	0.0624225678050167
0.000307267760841167	0.00539976122597196	0.0503751618188344	0.801261756195529	0.0358222355697262	0.0120432669324419	0.00183026847530938	0.0162628719599742	0.0766974100613718
0.00793145667790441	0.000830878248034075	0.105674250459772	0.807703555990022	0.0183012179618412	0.0338748752491053	0.00272103228367047	0.0028756330967365	0.0200871000329144
0.000869895654272219	0.0142189382737489	0.0644859125416799	0.849618436655112	0.0315253780720648	0.0144033820176245	0.00101928683537439	0.00104233207516718	0.0228164378749562
0.000402671280962993	0.021481216742083	0.0611667905614323	0.814766994111866	0.0236979931021536	0.0351573924230811	0.00162484635626709	0.00344578173471363	0.0382563136874406
0.00013026082192263	0.00261335738818122	0.0503489207486265	0.844533070355805	0.0259831250843455	0.0189953208859248	0.00671545066809991	0.0223164206861512	0.0283640733609428
0.000723285480421933	0.00143506067712541	0.0479925761250415	0.809370422363093	0.0205643863351961	0.0633565517223124	0.00160597327622438	0.00612207679248643	0.0488296672280992
0.00021428406924064	0.00998341030329062	0.061470566874374	0.807046209699471	0.0295373022436519	0.0277915624074959	0.00231393857673685	0.00245852199240185	0.0591842038333372
0.00278447409775078	0.00989312011362336	0.0524800067442269	0.783408056804135	0.0511562697073445	0.0110312572699255	0.00186594516522582	0.0130016481924828	0.0743792219052855
0.00274266025215812	0.0155214462403951	0.0479856098332387	0.794681711926016	0.045059119954121	0.00281987065772697	0.0024302043456464	0.0173595389407899	0.0713998378499074
0.000251716145363474	0.000467582428692217	0.0661982602760378	0.836168815698928	0.0354790321223375	0.042655015718787	0.00146573684107463	0.000731564827938188	0.0165822759408414
0.00245233443209231	0.0166942224056244	0.0576716937284116	0.819579806528864	0.0160782832513423	0.0281885901569335	0.00313899408223274	0.00302598648583549	0.0531700889286638
0.00273785649633238	0.00849779121075195	0.0554804942826994	0.844408790312937	0.0237661049909805	0.0251210327340576	0.00135336340919754	0.00830385049660316	0.0303307160664405
0.000292759315965669	0.00128371226171641	0.0529991947023407	0.829553211847749	0.0304236841960389	0.0306186144844576	0.00240813844824553	0.0106723645006424	0.0417483202428443
0.0060040620794139	0.0292623558960232	0.046181699531472	0.71154376736722	0.0517498333203318	0.0370256142305404	0.00653945285782393	0.00197406856683511	0.10971914615034
0.0133420517043519	0.012478911147423	0.0658567644928934	0.805501992655689	0.0189381677537729	0.0232850791222592	0.000106435295363961	0.00345123267790396	0.0570393651503428
0.00227449008050942	0.000857017429290116	0.0530258205140563	0.816292646585675	0.0298264813885639	0.0415428516300354	0.000219716392661457	0.00930829774519021	0.0466526782340179
0.0111046990668017	0.011602440620018	0.0674810306273011	0.834108614597289	0.0329196782313373	0.00611528122750628	0.000398890779506596	0.0235950461479745	0.0126743187022652
0.00021896374709992	0.014833722466228	0.0619339740981763	0.831669515070655	0.00966583255889684	0.0115309827310813	0.000327409026967475	0.0206890159869972	0.0491305843138983
0.000965654229123126	0.0239143529781643	0.0594361224840062	0.81478466235411	0.0117418087770106	0.0282927768473038	0.00237879866446076	0.00413482646497533	0.0543509972008461
0.000845472896861018	0.00743240936641217	0.0521670793386294	0.822186560822851	0.0217300192522254	0.0369388890649514	0.00356680296626947	0.00131383810503143	0.0538189281867684
0.00113333444849723	0.00882838614432744	0.0883894901939476	0.800328142402335	0.0257254337939565	0.00332331919634443	0.005940423547086	0.0548239679380869	0.0115075023354193
0.000551205461312612	0.00914913451171905	0.0590670182996672	0.808455224136064	0.0186837431753071	0.0374560675591292	0.00179240692066574	0.00602378477317409	0.0588214151629616
0.000185987451924461	0.00764334963150151	0.0560017759354459	0.849962548077344	0.0121692478727431	0.0111752857781709	0.000919804817029533	0.0246111193032701	0.0373308811325701
0.00612722188857749	0.00907229794513845	0.0536062787202387	0.809635930865092	0.0416161570875221	0.020121480721142	0.00558011327379184	0.00764304243734876	0.0465974770611487
0.0180097797629243	0.00947341422643856	0.0559927602339957	0.862682846670707	0.0144254862129538	0.00563379180762819	0.00291169763203433	0.000329540492279165	0.0305406829610391
0.0133524401806835	0.0319727791997312	0.0505739119500108	0.825264355684151	0.0198008108612565	0.0106062061618138	0.00215540054296822	0.00272213415935369	0.0435519612600317
0.0302056523453366	0.000390483173670992	0.0503367501451533	0.795933946889391	0.0257062148767963	0.0491107561395073	8.09199732341065e-05	0.000737100569614853	0.047498175887295
0.00407240460227179	0.00409955475682444	0.0643551948847105	0.834307914785801	0.0362199585952949	0.0306458255985854	0.000369956165667791	0.00331571805687345	0.0226134725539707
0.000546223715259995	0.0142077541610578	0.0539994199952473	0.807720600291679	0.0289043326160711	0.00651234277064975	3.02875846669244e-05	0.0215418246268989	0.0665372142384693
0.00272527182892806	0.0201390622376829	0.0555976311061984	0.814381844045502	0.0254729243605858	0.0270650425555629	0.00230568582367327	0.00154991994987033	0.0507626180919965
0.00932985533101429	0.00947715702884624	0.0544177299453092	0.803101747572448	0.0368390767197456	0.00543135233634236	0.000940567920660888	0.0175441702570094	0.0629183428886242
0.000494887867785343	0.0127591285140311	0.0671958601108905	0.854241055557592	0.0247617404678651	0.00285434712030457	0.000479139124267844	0.0247997158577896	0.0124141253794733
0.00303533827067547	0.00167681184290077	0.0762308516127127	0.813602526385552	0.025458684936148	0.00127033583323185	0.000509550744660987	0.030991470631875	0.047224429742243
0.000245608097167853	0.0366585484530551	0.045567018040668	0.817169206501313	0.027186512850954	0.0134046706429198	0.000486244934741026	0.00154442060858895	0.0577377698705924
0.00122078492549797	0.00507773386107701	0.053338485196962	0.861019301994175	0.0143246228867821	0.0270405011556075	0.00271404835215402	0.0040242703983364	0.0312402512294075
0.00212536650436025	0.00369816718402966	0.0526767174517219	0.838495758612796	0.0162796690764737	0.0142443496059124	0.00093065189128583	0.0219007493073177	0.0496485703661022
0.00148936859495814	0.00206700176495182	0.0553297938054489	0.823877991262779	0.0241359781850021	0.0313126818161864	0.000505863497113969	0.00614780780963614	0.0551335132639229
0.00187836612244847	0.00486616922849332	0.0580678696729781	0.861016853028865	0.0249875808000699	0.00724684940322513	0.00180410193411748	0.0184702075423292	0.0216620022674728
0.00691934015221101	0.00108057341791383	0.0503361271824359	0.843026591431385	0.0095908101053342	0.0569983726097395	0.000831277658655846	0.00180964057941205	0.029407266862913
0.00531222747323365	0.00369657002171809	0.0649677842096624	0.843002487815637	0.0162378437942224	0.031843746621247	0.000484659205863655	0.000470961265557695	0.0339837195928583
0.00524478262183865	0.0190595042941197	0.0580946130034273	0.824627558192083	0.0175148615922217	0.00789603894297395	0.00106290926106236	0.00130122545894236	0.065198506633331
0.0038760905085619	0.0216739768819249	0.0517942996845653	0.80344356481688	0.0162651294128812	0.03923578694982	0.00310490244471621	0.00789707906410637	0.0527091702365445
0.00169483217656949	0.0487424136410732	0.0595956727875547	0.843469077336211	0.0138405992707329	0.00604740758450901	0.0042948913275946	0.00479751905382478	0.0175175868219306
0.00339031686814866	0.00783714331705498	0.0431099949360323	0.874406335731441	0.0182125468512008	0.0272860563483443	0.000406236391843864	0.00457969360509827	0.0207716759508359
0.00145848358321555	0.000485023376846455	0.0706940526392789	0.827644166156595	0.0261289796062787	0.0390917689603274	0.000742436219409764	0.00571415647557251	0.0280409329824761
0.000838044888047929	0.0335706809149864	0.0648569951859862	0.833175264225706	0.0178237038788167	0.0134783763158358	0.00600024387104104	0.0084828287711552	0.0217738619484248
0.000224034484364306	0.0226662834097343	0.0636770871196883	0.856284399602545	0.0140127798538216	0.00970870626921886	0.00168408159333712	0.00216388094324299	0.029578746724047
0.000931602689527239	0.00819681626701244	0.0564136551193994	0.837791379976012	0.0205210457108162	0.00724272520257573	0.000341499238500299	0.0228135322435593	0.0457477435525974
0.00713942977659013	0.0151725336444966	0.0937373510484418	0.808857884323366	0.0186165058399793	0.00200113236633792	0.0107410617533142	0.0386365057526997	0.00509759549477438
0.00467169939425825	0.00273818805922857	0.047761123536548	0.814382720749581	0.0316579732558199	0.0532404702555283	0.0045564369665695	0.00124375015726982	0.0397476376251969
0.000443078219226072	0.0311298404601809	0.0614421735326679	0.828457169349074	0.0152255494442387	0.00362673999930338	0.00313357656540034	0.0146455287886236	0.0418963436412849
0.00396044751862788	0.00156437317320753	0.0570016323034229	0.784648152600937	0.0294283429175683	0.0351148355885007	8.71076648323165e-05	0.00274061651883174	0.0854544917140719
0.0200081484227651	0.00132440663897959	0.0453017279708029	0.799671141980372	0.0351094784102444	0.0454585046893245	0.00166323806033126	0.00205895616674284	0.0494043976604373
0.00152134720064173	0.0143231561740362	0.0430257993071542	0.829672250496997	0.0248026451165174	0.0322508492897719	0.00270330758610646	0.00761368967742466	0.0440869551513506
0.00166191655016252	0.00487428389450787	0.0481961931203279	0.824095079473594	0.0156866400739851	0.0276097086941861	0.00110527312677576	0.0183798303930208	0.05839107467344
0.0166689509799408	0.0313191519114036	0.0324235942530041	0.835281257060846	0.0263692191995152	0.00410085640130996	0.000582101039330046	0.00220135930640721	0.0510535098482436
0.00170840224488108	0.00144089757762793	0.055185169480063	0.861813428294967	0.0197678129172648	0.0227189566240578	0.0032397828719959	0.0121595368697422	0.0219660131194004
0.000772088375764878	0.00263654812518369	0.0611405133033275	0.804243539338969	0.0288799850367014	0.0260046791918581	0.000750948444783895	0.0417489098185794	0.0338227883648325
0.000816838481944314	0.00860935214743641	0.0523468877597759	0.826782376033579	0.0267098250344139	0.0260251114030812	0.00309920168273373	0.0125975202811134	0.0430128871759221
0.00246181764782056	0.0608935100680328	0.0514598680059828	0.805980595978223	0.0150467756427914	0.00708740344441286	0.00522528009712804	0.0138204734173167	0.0380242756982913
0.000450561676390044	0.00329420390899527	0.0609819163525366	0.812072602331932	0.0225048768613108	0.0375261319354271	0.00143785003286736	0.000306342021125791	0.0614255148794154
0.00113729364878913	0.0162386068388504	0.0575793987710996	0.817035515900006	0.0182816990160478	0.0257622028254916	0.000442795766003338	0.0149415762450808	0.0485809109886312
0.0143527869339477	0.011165129853084	0.0698490586400348	0.771013159382082	0.0207966396953337	0.00188862966801765	0.0189466188621138	0.0335587273617013	0.0584292496036846
0.0220079982355913	0.0025570460270629	0.0523489238737482	0.804780729796684	0.0305898010841001	0.0300028025478347	0.00311261288830566	0.00532880679613811	0.0492712787505349
0.00106529905596201	0.00092962009239105	0.0571607975857567	0.804327415343688	0.0444698131289401	0.022019030282907	0.00156733037615593	0.0204784537871871	0.047982240347012
0.0222988922041304	0.0112778930352378	0.0510173058697554	0.82060143278596	0.0300661743857165	0.0337450951352284	0.00301062113095636	0.00823644629939979	0.0197461391536152
0.0694272987441381	0.00465250183993954	0.0888153575634474	0.729195151803917	0.0290344573032006	0.00254100187375404	0.010745115847683	0.0262522271173002	0.0393368879066199
0.00157880864538587	0.00333123047779975	0.05452672962763	0.774928536952568	0.0425289379393208	0.0173496698449872	0.000937398088258622	0.0127597939922498	0.0920588944317995
0.0274624964836941	0.00187261189796004	0.0624923423222934	0.831105219740784	0.0184030979291663	0.0200534191670839	0.00116041457107241	0.0240723825080594	0.0133780153798867
0.0170427701704238	0.00664028699709387	0.0685936570239877	0.809113562335623	0.0155162763975444	0.0122220740811946	0.00207675714870535	0.0102565053283847	0.0585381105170428
0.000289427354048036	0.0146912243418551	0.0638686762844909	0.826920120892053	0.0207947631230724	0.013990676239567	0.0033411370874687	0.012661329871818	0.0434426448056265
0.000582220250184856	0.0137292920044703	0.0555701793847258	0.822086511645998	0.0116035897251194	0.0357246950871042	0.00283042717769188	0.00231521466608928	0.0555578700586165
0.000590670762307214	0.00352334283227988	0.0495230452933405	0.806953055172455	0.020936788120886	0.0378613578689009	0.00348860973601311	0.000556874940061869	0.0765662552737557
0.000707337699728596	0.0415328194588362	0.0375708872195605	0.811677598739656	0.0109583230194826	0.00456955277816808	0.00160343229231747	0.00695000771363786	0.0844300410786133
0.0291674738766212	0.0016437742081096	0.0570711920557832	0.820189967530318	0.0193026917340181	0.041240572073677	0.00195380655894013	0.00347340955520496	0.0259571124073275
0.00886059532366385	0.0210371731316373	0.0605165688382898	0.830841556781998	0.0137923759240608	0.0198507936338768	0.0021681478876194	0.0151581468910436	0.0277746415878108
0.0167991571383392	0.00963159682177784	0.0525495323309324	0.809175715360018	0.0470245496460247	0.00654965852529413	0.00378536041211589	0.0179445328289307	0.0365398969365666
0.000112600645259995	0.000520046359304396	0.0542621314607314	0.834034804339817	0.0300997151469494	0.0745745882592581	0.0018186984749562	0.0017542244058502	0.00282319090787349
0.000130557989558876	0.0474033997928763	0.0687973237402378	0.828103778815457	0.0201676364008448	0.0221201464637962	0.00390133863712135	0.00223878092170985	0.00713703723839809
0.000235282777466518	0.00678436573219496	0.0628682520423872	0.826578117475941	0.0162518095106704	0.0226589341155071	0.00141698228465994	0.0096191735533551	0.0535870825078177
0.00166989681304661	0.0246201616691459	0.0582715572844077	0.817769474279385	0.0231022764848262	0.00237205499210859	0.000489526605145366	0.00837365095429545	0.0633314009176391
0.00173922047865301	0.0163486205892296	0.0435444200948567	0.796718421314942	0.00953150087062078	0.0211225610998267	0.00100025904013291	0.00436518741285452	0.105629809098884
0.00100449009946243	0.0206957830619499	0.055328972423909	0.82867674629846	0.0192179804354512	0.0203535882404618	0.000148671054933498	0.0147540438490586	0.0398197245363135
0.00312933314046861	0.0181422928688761	0.0569069804641216	0.814355225057662	0.0196543331533434	0.0328475799984253	0.00133309499043222	0.0107499607496838	0.0428811995769873
0.000250979571723435	0.0296079844335223	0.0581114253316817	0.80659456411141	0.0357796062988526	0.0115303436882257	0.0055618737354864	0.00237832092497806	0.0501849019041202
0.0172029392981304	0.0200021398526213	0.0652837871454965	0.815776938664013	0.0180091507403426	0.0307764312374223	0.00253648400969061	0.00412111286377247	0.0262910161885107
0.00175562666911246	0.00273585182273054	0.049834151795412	0.863677568320751	0.0203172281503107	0.0239470342496752	0.00180469330437958	0.0016405647292774	0.0342872809583515
0.00086479449413285	0.0101094948154316	0.0609218820064599	0.82253627867246	0.0374343671946592	0.009340597027586	0.00216632478928773	0.0242027057016045	0.0324235552983783
0.000279671254857047	0.0876774823356924	0.0536047746426786	0.703792651362868	0.0264145502907606	0.000115353690840962	0.0381266729154461	0.0401572431657123	0.0498316003411442
0.0175443144578836	0.000549743483765185	0.0543582660133789	0.83674962503118	0.0116644134043395	0.0255264250304363	0.00116184764423644	0.0159647717650889	0.0364805931696911
0.000358268863000022	0.0566748416430857	0.0603103693148077	0.829316304767503	0.0156329348747686	0.00547154317097616	0.00393501098069157	0.0143061282873444	0.0139945980978232
0.000339134970055027	0.0112322968792398	0.0536756601287011	0.832139019412999	0.0185559772397839	0.00892202077963019	0.000678406054931882	0.0163415185478673	0.0581159659867926
0.00272362418177191	0.00160720976844153	0.0537336312822341	0.832019701420841	0.0192543410251893	0.025630187047173	0.000908335346328709	0.0129247432652411	0.0511982266627795
0.0141553883514302	0.0141985744750162	0.0929125430996042	0.79238768010143	0.0194921958331221	0.0017655931811996	0.00926737107052955	0.0519208099936869	0.00389984389398121
0.000151423522682084	0.00100224559904588	0.0665048473366616	0.801366671986228	0.0164830964785001	0.0493141413825476	0.00194465230711563	0.00205496860744423	0.0611779527797746
0.00238067266567932	0.0502023288151558	0.0556081959470772	0.806551452153302	0.0175635450575608	0.00988800746354838	0.00246139667790151	0.00432631601307232	0.0510180852067024
0.0388175300049105	0.0191989368788869	0.0494451451689573	0.785335057380201	0.0364990885000887	0.00582190006897749	0.00112681920552311	0.00918372848849214	0.0545717943039629
0.00431933314548937	0.00872979431020127	0.058022965875097	0.805285944267148	0.0213510865879629	0.030010397149604	0.00116098193801274	0.000756685115490556	0.0703628116109947
0.00103896853950189	0.0103979382521885	0.0557668544154311	0.845169508568316	0.0215799502989049	0.0233181193071299	0.000789691584846477	0.00327903411203967	0.0386599349216414
0.00373457180863464	0.0042217214987756	0.0568298476779832	0.809471879943588	0.0225989451288146	0.042736375168716	0.00107003022862397	0.00524983935688684	0.0540867891879767
0.00020355991380351	0.0230612778604534	0.0515659872099032	0.804031793529156	0.016035905745629	0.0152336638170139	0.000796158703116543	0.00186717456313233	0.0872044786577921
0.0029111742602933	0.0234438871441734	0.0444143572250387	0.816170485404243	0.0366081341946568	0.0025057377840531	0.00188785397031228	0.00896057241757659	0.0630977975996532
0.0130612849704839	0.0214720875117995	0.0713383377795999	0.789705329857696	0.026803885600385	0.0137755423889872	0.000436372458805503	0.0230353154195079	0.0403718440127353
0.00016416602157868	0.0286083372054558	0.0523813078205868	0.849437738350367	0.0138381376448825	0.0181974290206303	0.000697934326435825	0.00102985188008074	0.0356450977299825
0.0253732323088945	0.00401469216381952	0.0545031840542149	0.800553725860513	0.0206348193639354	0.0332678433891456	0.0033955156172694	0.00339637858034085	0.0548606086618673
0.000627424137901689	0.0154432827086374	0.0473170214604266	0.821293064748365	0.0237847763807887	0.0189279216551379	0.00247617147881268	0.00996489337959831	0.0601654440503314
0.000289352275611521	0.067340092852529	0.0634543723068332	0.806646058315795	0.0123890565976538	0.00322678087182258	0.00234394609997005	0.0102537137218452	0.0340566269579397
0.00536026665359978	0.00262628028342993	0.0526090159491457	0.825885952191862	0.0233655321439512	0.0317182612012865	0.00106552073841032	0.00114985489886944	0.0562193159394453
0.0935346879769999	0.00228058265229884	0.047006637870295	0.792583366183092	0.00928494853289025	0.0209336503768013	0.000786318463991563	0.00810853456467167	0.0254812733789597
0.000511464060451553	0.00600706375133541	0.0664259575706429	0.816317284761007	0.0143070810048224	0.0497990523615458	0.000643618899278575	0.00141575315678132	0.0445727244341357
0.00963446881161729	0.00246683236431011	0.0442027547725996	0.802956557113851	0.0433651460460224	0.0416662040324037	0.00156185720982046	0.0141408894618161	0.0400052901875595
0.000593413530764974	0.00348331171352407	0.0830769459164175	0.801630110693201	0.0241938225026129	0.00718908212373031	0.00245550187879303	0.038982502580782	0.0383953090601743
0.00497783231914637	0.0140259376678579	0.0592193256615916	0.795699322464925	0.0210060425752281	0.0288434412780957	0.00193588749412466	0.0018080694351136	0.0724841411039165
8.97764148923665e-05	0.0112559877387976	0.053926944033784	0.827983350416048	0.0118672030952897	0.0300658355965343	0.000617199120185732	0.0114755978763333	0.0527181057081351
0.000196242111158069	0.0269184944809117	0.0464817297325557	0.809531142245574	0.00902481082032497	0.0214313470338434	0.00277457553018717	0.00532333509650616	0.0783183229489389
0.00259783352923578	0.00179245587993247	0.0525589535701005	0.829159654328694	0.0229246981679221	0.0225790267605799	6.51712362043974e-05	0.0187900896624275	0.0495321168649036
0.0198095478342335	0.0226900897997829	0.0434166675696807	0.785184208742871	0.0311440080347491	0.0299933540161652	0.00168296486421193	0.0125212190868542	0.0535579400514511
0.000521858403086556	0.0432523874180104	0.0628706978662854	0.814300304928494	0.01475568109016	0.00565911595381333	0.00231509708340267	0.000546072457904918	0.0557787847988423
0.000681976906516086	0.0273512538372379	0.0444383911670324	0.83964555328881	0.0117338630699396	0.0206848806825755	0.00175066373528953	0.0017155425233683	0.0519978747892309
0.00135051513520369	0.00724121998583252	0.0499258699063796	0.845856661696801	0.0259385163489226	0.0145028478987473	0.000847390386649941	0.00279827264123906	0.0515387060002245
0.000303811624645868	0.000912277728188124	0.0460980426809044	0.824883333136445	0.02485550108055	0.0293555354918643	0.000722493226092405	0.0102484513586328	0.062620553672677
0.00102592079065927	0.00303802239262572	0.0466207168605056	0.828585448889062	0.0277282257561866	0.0415372040392604	0.00086501523471534	0.001053426146145	0.0495460198908406
0.000319551068213019	0.00106949979883259	0.0532240503457799	0.834600023911823	0.0568678482096278	0.0294733375519537	0.00164303302974314	0.00211780917140338	0.0206848469126238
0.0034195926554447	0.00445887551095847	0.0473522646216821	0.821480013794818	0.0305920739036254	0.0296833388835211	0.00212001803072462	0.0192802713777834	0.0416135512214424
0.00601111348660877	0.0196429996615003	0.0736865121595293	0.813106776407961	0.0172625444607527	0.0183572296331549	0.00222936862797224	0.00271798063637251	0.0469854749261489
0.000656190338877102	0.00976735638270287	0.0540016518687826	0.790936368032867	0.0359467292151646	0.0126511652600045	0.00133100163481688	0.0105122707694251	0.0841972664973595
0.00016671680929371	0.00177200211722083	0.0668320920675795	0.851355821566131	0.0254587640159966	0.0281724632921785	0.000925572543322213	0.000528407100307967	0.0247881604879695
0.0011534337762907	0.0255303269717558	0.0558778990570559	0.827006543525438	0.0194275873439034	0.0087392829529329	0.000586354694662236	0.00223755254015573	0.0594410191378047
0.00842317267918675	0.0317173406896038	0.0357644947099055	0.783223261191373	0.0213861700770545	0.0216296917148877	0.00131836192320122	0.00403307947365916	0.0925044275411279
0.00302128518979784	0.0385217700546856	0.0545471636852571	0.803349206303966	0.0239690331502694	0.0145708669498512	0.00153774763796023	0.00988353454213278	0.0505993924860798
0.00284783816621257	0.0008415661619683	0.0714458285580969	0.847099161961813	0.0205045226882635	0.0381929721186387	8.10291128744208e-05	0.00879570520212947	0.010191376030003
0.000197710169550073	0.0351341706947653	0.0467153864304008	0.798620446128084	0.0134792566124244	0.0301519248160151	0.00173133997137327	0.000569420232640896	0.0734003449447461
0.00249022882779528	0.00248591994106305	0.0581129430507978	0.834759126842643	0.0187855704146633	0.0203184597469622	0.00139687211866113	0.00141179748271209	0.0602390815747024
0.000913658304953308	0.0308677667650307	0.0383667620518556	0.817876550245573	0.00986469374362128	0.023750198765424	0.00105422389568892	0.000832730740260709	0.0764734154875928
0.00161196085222528	0.00756125439243458	0.0670675881935589	0.804844340896041	0.0181075755235103	0.0301233948839698	0.00234289403183578	0.000785723722135253	0.067555267504289
0.000282523195918518	0.00142651827280999	0.0528622709068477	0.788120000740746	0.0489624121471025	0.043271868228484	0.00203676393674373	0.0183089451514509	0.0447286974198974
0.0121689980119787	0.0049110017951159	0.05596623701685	0.833227063604052	0.0311493074021685	0.0256747737885468	0.000669130642890941	0.00238987842389812	0.0338436093144992
0.00305969816755697	0.0237042324709812	0.0521005882728708	0.790039643152486	0.0382239816676831	0.0284374503069935	6.64476453618699e-05	0.00145786057754365	0.0629100977385235
0.00405533312524223	0.00288213872672899	0.0574913999638534	0.836461668297607	0.0274988309627771	0.0248188104469908	0.00265695071255368	0.0108905419326727	0.033244325831574
0.000775259041387977	0.00930223042390313	0.0647292767588883	0.842805685958886	0.0190090362903776	0.0304201485173675	0.000244631933781038	0.00403440896699566	0.0286793221084129
0.00703568970655935	0.00946820643964216	0.05020859135671	0.796817487864288	0.0320388198223393	0.0559177808522239	0.0015461750136611	0.00172488646202458	0.0452423624825518
0.000236021000035775	0.0217867803490114	0.0427268946662678	0.825511737438818	0.0327018632011706	0.0115614497915641	0.003769021656908	0.00397877329332004	0.057727458602904
0.000209412874367983	0.0155247266763157	0.0593181576786898	0.836245784267096	0.0189182177332896	0.00479558591223642	0.00166571498395778	0.0131389182460234	0.0501834816280234
0.000535212582756214	0.00342807275914519	0.0496713248776818	0.813415844839907	0.0175880126867639	0.0352026667166985	0.000562358656194869	0.00286804977424734	0.0767284571066058
0.000479059658468396	0.00384685452168397	0.0548633717447941	0.835358054140976	0.0296340187635728	0.0204039697965696	0.000141363789708458	0.00347087638792875	0.0518024311962979
0.000354112674861762	0.00408818680714517	0.0499903943721906	0.809396285997652	0.0388595128034192	0.0331051186261052	0.000729880136796468	0.00238422048641052	0.061092288095419
0.00267010439925268	0.0250417317486203	0.054103853323723	0.783743662220134	0.0172297487861503	0.0139333418265371	0.00046603126838755	0.00973507858981066	0.0930764478373848
0.00756180922873261	0.0093359828762479	0.0721073503178537	0.84259940345629	0.0279805877670347	0.0125870768757854	0.00272903448937948	0.0115868896015249	0.0135118653871513
0.00965703116542723	0.0155502964550213	0.0654960396865617	0.813012380130285	0.0292506855095866	0.0128159571343035	0.0028878178397265	0.016105800615806	0.0352239914632822
0.00030230624939465	0.0329844120888876	0.0518855031055861	0.803347642536564	0.0209356363760129	0.0233415564217399	0.00236671530574463	0.00133732163313292	0.0634989062829372
0.00109687871509949	0.0182834920916945	0.0504310953423059	0.828883821049462	0.0525146008233671	0.0136640883929617	0.00306962138639276	0.000904809440042229	0.0311515927586745
0.00174675256923609	0.0170592640869206	0.0602250131607718	0.832548388761988	0.017649995384194	0.00754258747513464	0.000958300040644633	0.000638375547939878	0.0616313229731702
0.00274200615773293	0.0184625636452185	0.0430296467324912	0.772958052398511	0.0420676619363338	0.0263335778087676	0.00293596664665165	0.0035972064043138	0.0878733182699795
0.0080515118142415	0.0145850168918345	0.0626389199933718	0.824951588471562	0.0401969091451526	0.0121667794491039	0.000662617171105349	0.00312596466261484	0.0336206924010132
0.000924262287585965	0.0455796350787562	0.0402698839432946	0.834115991295053	0.0279838747260607	0.0107932388842361	0.003055679925873	0.000763556165640267	0.0365138776935004
0.0042034600894198	0.0354978681803596	0.0676885092085802	0.808665402554847	0.0224056105363687	0.00496975009278403	0.00414750078592576	0.000439304769500711	0.0519825937822146
0.0113116745670828	0.00353565504031384	0.0588137055161741	0.828404483933522	0.0342714400960883	0.0185024789340068	0.00201160658320931	0.0124353925362605	0.0307135627933428
0.002313983906543	0.0181071121673803	0.0588398309613085	0.835561422439311	0.0171408542050341	0.0175219004877798	0.00419858291340467	0.0012917991569423	0.0450245137622967
0.0167455550390377	0.00439920069391865	0.0475479433009672	0.79809856150399	0.059894809787312	0.0335359769522218	0.00208823025856394	0.00613447285278013	0.0315552496112088
0.000463633872695135	0.00879887314209779	0.0481621288678023	0.843336038610046	0.00922281270522831	0.0221886439527639	0.00145259590774291	0.00181574983095431	0.0645595231106692
0.00235696057323646	0.0387069676613789	0.0528413772661347	0.834470520048161	0.0133508705155861	0.0103947080509484	0.000602020802732206	0.000364881980330511	0.0469116931014919
0.00407435315697392	0.0165243505834785	0.0610545904124865	0.829587921723749	0.00879283008687634	0.0272090160589815	0.00277664242680775	0.00759173108564626	0.0423885644650004
0.00229063843873734	0.047436327137412	0.0626748101144564	0.832908751957335	0.00911069877086714	0.00390467912569354	0.000587130390538828	0.0036147531692428	0.0374722108957168
0.00549816810728958	0.00144397691550423	0.0473840167411795	0.840915587987607	0.0184235250349769	0.0350119205544159	0.000592087335757354	0.000462759603692419	0.0502679577195772
0.00196133954772951	0.0150531443707223	0.0577628817634577	0.82646143072223	0.0363887172900038	0.0201150881381324	0.000434561193399877	0.00402692427860451	0.0377959126957203
0.00087316397447829	0.00183192817173268	0.0622122997107425	0.825213813965152	0.0272701733101557	0.0133092756162925	0.000300211425034506	0.033170236545551	0.0358188972808607
0.020050989387898	0.00117475765906788	0.0647618851214812	0.817993857491422	0.0388606987548186	0.0287136341957355	0.0022224561474542	0.00573509031038039	0.0204866309317424
0.000172807240435368	0.000456789125543024	0.0493429120317871	0.83940369052392	0.0160114601826142	0.0240248863291297	0.0011433466128309	0.0249978631503832	0.044446244803356
0.00910637456542796	0.00566076661784558	0.0628823189587304	0.807934855477781	0.023361541605747	0.0101019725476023	0.00261083185490241	0.0116310757983742	0.0667102625735891
0.00312874369128216	0.00636915647424664	0.0439582120301144	0.810724833003671	0.0182941210614413	0.038589246700047	0.00235339729735576	0.00911954788227868	0.0674627418595631
0.0003975963608034	0.0125784693878522	0.086341555159241	0.80297267405258	0.0331931899428033	0.0254489330551075	0.00740075331565181	0.010994373214675	0.0206724555112863
0.00177930873430945	0.00350138344814976	0.0705483246797077	0.829093928839398	0.0340948173856418	0.0476537398100749	0.000802815302814482	0.00549417309226899	0.00703150870763504
0.000129273181075879	0.00924025512368104	0.0555651078123492	0.79383920933879	0.00839450629635345	0.0513617379744041	0.000264178542216493	0.000845162585442201	0.0803605691456875
0.0114604520454533	0.00296880296929231	0.0571337672236285	0.809123640542719	0.0297905321416039	0.0356613146215706	0.000240462513108143	0.00109739015401086	0.0525236377886129
0.00974663390857929	0.0126670379057619	0.0517673474137835	0.821494568360938	0.0166416000775989	0.00524454013285459	0.000593237585357529	0.0160675284424976	0.0657775061726291
0.0163641535625045	0.0136245751675087	0.0548374443072368	0.804319574164103	0.0217874293652151	0.00306208149277887	0.00236382013952884	0.0270043640939163	0.0566365577072079
0.0252231186141153	0.000985074435165428	0.0733306520144181	0.817826074420591	0.0321327369423967	0.0371413083508907	0.000451204117025344	0.000525424235507968	0.0123844068698897
0.00107280303649055	0.00812735344782627	0.0589322778445201	0.826150812034198	0.0172188078675973	0.0211038639747578	3.29492806594069e-05	0.0176006197888681	0.049760512725082
0.016729683630961	0.0133001420385391	0.0498497484580376	0.823713119793086	0.00808667184479965	0.0325057427227503	0.00197796396420715	0.00121532618229919	0.0526216013653198
0.000998058871582554	0.0169041468170697	0.0627500625188917	0.814006386929327	0.0272274291370858	0.0268148937952307	0.00287581116254573	0.00126268800486549	0.047160522763401
0.000160156027018881	0.0382015513962608	0.0596917142377489	0.816397986027808	0.0146218319573617	0.0268651913659702	0.00207253670902043	0.00199349366750618	0.0399955386113052
0.00450036759287166	0.0110818658814376	0.0542513613592125	0.818901200409958	0.0425993031879253	0.0123983943715516	0.00310740164082269	0.00972579708526884	0.0434343084709521
0.000146479597544667	0.00556989001112749	0.0443317772123818	0.774856647592716	0.023382453865587	0.0357963490229739	0.00366272729142607	0.0197001173384613	0.0925535580677815
0.00191951935468561	0.00933531576465262	0.0579678732325051	0.829489073024961	0.023377373967085	0.0217846153433812	0.000647559724510567	0.00276587689451363	0.0527127926937053
0.00585561803611399	0.0241885825002339	0.0630857012574002	0.848058313905108	0.0197894019429816	0.0036492685459071	0.000715490778585571	0.0121330334274024	0.022524589606267
0.000702839606493282	0.00163598289432934	0.0562578060678807	0.835549589995208	0.0147644232523945	0.0372377919117304	0.00143535684303105	0.0148572078974832	0.0375590015314498
0.000573262144044278	0.0249875576392559	0.0494704050478898	0.829231261350511	0.0172278263764857	0.00930623011359659	0.00201820618045034	0.00527504103862416	0.0619102101091428
0.00038645108102886	0.0128870255299087	0.0678199983806398	0.794854365332708	0.0605216045564809	0.0261650944769158	0.00055824493363081	0.00176582068242725	0.0350413950262593
0.00059558847434369	0.0154791196123905	0.0535995774513065	0.818924150753424	0.0115057745670546	0.0255961600749267	0.00298946464722499	0.00763114056719419	0.0636790238521345
0.00219445719037605	0.0185483569851295	0.0597326928748538	0.831999056215629	0.0303772918237105	0.0096510036481858	4.66437656499556e-05	0.00973843107039084	0.0377120664260749
0.000641755351392223	0.00920765840440269	0.072410469197649	0.813032680874819	0.0103362614385647	0.0169677134580414	0.00254377208575321	0.0117978054782104	0.0630618837111673
0.00443392233195492	0.00138633145957721	0.0488295289793698	0.852964020096393	0.01693771141326	0.0309318868165687	0.000611170158489917	0.00297930163145551	0.0409261271129307
0.00815918771267692	0.00676492661847233	0.0470279794730771	0.785104642597503	0.0290444120110138	0.0368732092555986	0.00410159014499314	0.0088894728975441	0.0740345792891206
0.000596866331622691	0.0248443647164112	0.0566958205454444	0.817963757841856	0.0104621135271213	0.0162945146871071	0.00107333283682819	0.0164006279972971	0.0556686015163117
0.00042350640526827	0.00364058708237834	0.0622893682629879	0.785757051850776	0.0540165194274904	0.00597713348437235	0.00106680007234105	0.0131491969430427	0.0736798364713429
0.000333005372824293	0.00433558405545603	0.0618297783626528	0.831146500927978	0.0247986431232914	0.0309376807384483	0.00342752379366381	0.00262338114026368	0.0405679024854213
0.00230165644221899	0.00989959382443296	0.0546111989418017	0.826173328336626	0.0202443163571277	0.0296718796213303	0.000246489668206921	0.00169979310850694	0.0551517436997477
0.0001618419601317	0.01211031142471	0.0410018426471237	0.827293001231707	0.0289057306968867	0.0399838403295711	0.000906652042490915	0.00174340699513119	0.0478933726722475
0.0156228468601476	0.000641586111320061	0.0592002238068755	0.829170601185767	0.0140398895441396	0.0275637015193974	0.000226752750882771	0.00610374897588772	0.0474306492455827
0.0302515063279479	0.00190055716642431	0.133309904335452	0.735003238343367	0.00844453888804538	0.00118474828486986	0.0186994188739394	0.0632024731722604	0.00800361460769358
0.00140247021863427	0.0281261044881248	0.0599704298255568	0.823104947503973	0.026985369797837	0.0201625026033057	0.00394196356430267	0.0192192871781338	0.0170869248201317
0.0117061758495375	0.0463593720175741	0.0525686828637344	0.7954095905768	0.0187594387790315	0.0183519920731334	0.00362837332666466	0.0180235174683806	0.0351928570451435
0.00106496102329421	0.00598583945284733	0.0693559608350165	0.815086097509071	0.0143899940840527	0.0531129729498657	0.000386569017537478	0.00121081402038187	0.0394067911079332
0.000105915197718017	0.00200605287220952	0.0633522723178766	0.870905086176459	0.0197739186120455	0.0341563798386156	0.00321960598170339	0.00108301061386904	0.005397758389503
0.00291906593690752	0.022066806211822	0.060422162173986	0.82947992061247	0.0183732449769573	0.00588226689705317	0.00352509259849929	0.0096829482722061	0.0476484923200986
0.00130088883957799	0.000910027500533691	0.0505019106743656	0.815264361019084	0.0171335747330802	0.0370110284488392	0.00143717885789283	0.00842199681959075	0.0680190331070361
0.000299948149518418	0.00169493785204155	0.0613422538829198	0.84769671158556	0.0395406915357038	0.0104553781472842	0.00133150337343408	0.0285475207247358	0.00909105474880205
0.00619324910787388	0.0513177061999177	0.0626703150109172	0.78247754459485	0.019293548975801	0.00171779156999789	0.00134420087766464	0.00806932207450386	0.0669163215884738
0.000319241968794403	0.0139496242442376	0.0524306297576837	0.817752588709917	0.0178681861461296	0.0361823705412108	0.00145297920701435	0.00640835237259157	0.0536360270524213
0.00396340263959491	0.0172087895786345	0.071494111252495	0.838651388196747	0.0181033533491085	0.016317614440137	0.00446549810896947	0.0241329755799092	0.00566286685440505
