Bcells	CentralVeinEndothelialcells	Cholangiocytes	Hepatocytes	Kupffercells	LSECs	Mesothelialcells	PortalVeinEndothelialcells	Tcells
0.000152128247877706	0.000283485293877404	0.00192205764388892	0.956424802435791	0.0198027557139125	0.0149845754008903	5.13832185570167e-06	0.00287028752061395	0.00355476942129214
6.42554402501947e-05	0.00386035969226892	0.000394258645706258	0.951021047566819	0.0228639716772078	0.0142259824989454	0.000328878192945566	0.00628922046244683	0.000952025823409715
0.0103097189598494	0.000849846275225262	0.000594019267662302	0.941834898139002	0.0126254444135065	0.0237884913580283	9.62422507807568e-05	0.00615407161095571	0.00374726772498981
0.000387815981937685	0.0105193421177539	0.00120925708790274	0.955911612739563	0.0190081559726712	0.00891174188439205	0.000610622955416666	0.00210650604630007	0.00133494521406282
0.00949676504909595	0.00679561327079276	0.00132890435698491	0.94321437559864	0.0212450467600965	0.0132775060261206	0.000224020503662747	0.00171948611408457	0.00269828232052217
3.80018163797268e-05	0.0106312080444227	0.00158164410796614	0.948085019178369	0.00903540096100978	0.0286142008586033	0.000382208989755081	0.000339473183967121	0.00129284285952724
3.76362774664367e-05	0.00285304475563271	0.00129354294954634	0.957123261794546	0.0160715959638464	0.0206893602100581	0.000126992901413359	0.000354736472416854	0.00144982867507353
0.0314584348069666	0.0182505997514572	0.0160119184484368	0.88301973988716	0.0199179119101651	0.000331535896842841	0.00945781042486115	0.0124008173125256	0.00915123156158517
0.000574257072309712	0.00197357215720002	0.00108247394050878	0.959643484908136	0.0117426077411297	0.0234624093307203	0.000147120043909253	0.000873853131892382	0.000500221674194295
0.00223819338039182	0.0144916982419107	0.000149023185855188	0.958899385334493	0.0101346573084663	0.0123802750109011	0.000460628010311775	0.000272118837640109	0.000974020690029844
0.0218986095545397	0.0209755247243191	0.015547043325504	0.869291150313996	0.0213737570296051	0.000500919222975939	0.011531305194782	0.0363165074359995	0.00256518319827843
0.000449021629084919	0.000351435640685176	0.000223811028408467	0.941689343125611	0.0163874925753522	0.0328935996788834	7.55037934840824e-05	0.000785331167502508	0.00714446136098822
0.00249877611372295	0.000576112065547216	0.000202356198629903	0.938792321234948	0.0157423676361278	0.0411171298631186	1.33101048211824e-05	6.56953009463519e-05	0.000991931482137856
0.00284350706424251	0.00786909431689543	0.000738841535694353	0.948554153064547	0.0155136279234509	0.022582335208318	2.23182659725765e-05	5.46065337118309e-05	0.00182151608716713
4.39732541571202e-05	0.00592880811557654	0.0015275887376694	0.945416490016163	0.0202527293059985	0.0178666866739614	0.00125509122439332	0.000257747369671167	0.00745088530240945
0.000294561266924664	0.0135559513122678	8.99254981919164e-05	0.941110710653956	0.0106976052181479	0.0284628963887881	0.000790862525744741	4.82505465372437e-05	0.00494923658944165
0.00277205046671097	0.00122181054630541	0.00360949794667835	0.941940378122077	0.0285531793085976	0.0152488511929702	0.00017283644335041	0.0063421363312529	0.000139259642057535
0.000990051373342054	0.0126647849697494	0.00142914905964072	0.965683149563405	0.00464173317502806	0.0103712740303335	4.59144310559265e-06	0.0012605358974589	0.00295473048793646
7.6688819905113e-05	0.000332468388505576	0.001498739020105	0.965995627849954	0.0155598666937268	0.014959069941987	1.03657671913891e-05	0.000919155245347437	0.000648018273277459
0.00214760578539936	0.00166105385688579	0.000497114594245654	0.954142125668086	0.0200326563832879	0.0183422853966139	0.000730879996217045	0.000624176623510774	0.00182210169575403
0.000607078300423664	0.00535508166275552	0.00126175583028152	0.945184693926927	0.0106838706329762	0.0345733265243953	0.000594802956710098	0.000623689057544989	0.00111570110798552
0.000373282980872407	0.00921225449908923	0.000942792106020373	0.945348787802255	0.0127154252504068	0.0296535169426919	0.00066297582831327	0.000881950920658082	0.000209013669692706
2.51925385742752e-05	0.0187287164260458	0.00308122825357846	0.933877869228142	0.0116556912232095	0.0176364703196636	0.000870286100004305	0.0026039493672521	0.01152059654353
0.00606522072252741	0.0117395320610519	0.00103557824931334	0.954908828588668	0.0100866210988586	0.0125783356836842	0.00013971640049552	0.000449503889548144	0.00299666330585271
9.89821320825516e-05	0.00396252806308055	0.00111560902362328	0.94929350746319	0.019261235432059	0.0198333104071342	0.00122602877058538	0.0051191207325458	8.96779756990724e-05
0.00170960357720094	0.00379086696066504	0.000963660739738787	0.951442494090275	0.0182194203423299	0.0159899460639913	9.44203478308017e-05	0.000575940384878991	0.00721364749308972
0.00525077095055743	0.00840837481722934	0.000560055217806198	0.953543666994044	0.0152965437661453	0.013802369893868	0.000809858191330411	0.00140646664466243	0.000921893524356922
0.000247377329459951	0.000460781548564837	0.000315142021665596	0.958087189700787	0.0118036387761006	0.0215632895740537	0.000537501264618057	0.000697418798710505	0.00628766098603967
0.000292597453085924	0.000994508727824838	7.57280501329229e-05	0.956024673766869	0.0124421011839837	0.021637384160734	5.49843654544537e-05	0.0025587089690316	0.00591931332288384
0.0138165327104628	0.00034429666563416	0.000276128546143161	0.929257529426752	0.0282601910384431	0.0238104188075896	3.27783680291265e-05	0.00193766681022563	0.002264457626721
0.00570711281373103	0.00897278446173814	0.00403632940280102	0.945579182155722	0.0169812190766541	0.0181210015753202	0.000190814430728894	0.000203246505588403	0.000208309577716108
6.28198564972221e-05	0.000276663095986662	0.00160963154372422	0.958086067010673	0.0166684865305136	0.0126235291109461	0.000257795813978092	0.0103031793537885	0.000111827683893004
0.0158726401833486	0.0419825625865787	0.00269474726321796	0.887309720208579	0.0163453016399759	0.000440947748282668	0.0109865369853544	0.024264592292634	0.000102951092028759
5.15204230143145e-05	0.00159419807440307	0.000143955239193615	0.956254157309006	0.00877275003710917	0.0273002456866817	0.000362463722082725	0.00233645030907921	0.00318425919943048
8.70609058308808e-05	0.00200147416211702	3.26044953947991e-05	0.940451438795663	0.0130134014635032	0.0294416009630388	1.62452479804186e-05	7.49248717141565e-05	0.0148812490947575
0.000150811835862461	0.000153403437074176	0.00063064459382514	0.954343735619465	0.0176930773514117	0.0229275346705662	1.35575719576791e-06	0.000644369706568397	0.00345506702803124
0.00343606792992946	0.0304155506152826	0.0016986085946486	0.931498759342428	0.0221313640179003	0.000878945280512163	0.00308201881792526	0.00504756496162346	0.00181112043975032
0.000868390813050557	0.000192844739348017	0.00130924686102091	0.952683370701224	0.0172015951718509	0.0178222706177587	8.88135210312247e-05	0.00829100518243668	0.00154246239227896
0.00538112027711386	0.000151211830913475	0.000311061731537323	0.957837334799678	0.0167404228620979	0.0122180495793694	3.4439066345269e-05	0.00245491010109208	0.00487144975185277
0.00351961147849774	0.000386097932922533	0.00189261655621315	0.943009319221458	0.0184009046731273	0.0223454339754788	0.000918891536529117	0.000125204455814161	0.00940192016995885
0.000251309529763026	0.00548823678288512	9.29882503478294e-05	0.954820826029439	0.010813121831942	0.0269584386386373	0.000340536618356038	0.000660026809822223	0.000574515508807617
0.0112909510557474	0.000257500384760675	0.00746552270290095	0.932284177156705	0.0129780346176195	0.0130526454466996	0.00101115579741014	0.0211959439969419	0.000464068841215116
3.4243793272267e-05	0.043889372790769	0.00211635980263548	0.939727062878313	0.00606651805479578	0.000274612783219723	0.00322952671471597	0.00263956775863706	0.00202273542364185
0.000948531425286457	0.00309783875325319	0.000132597182431502	0.950664291044382	0.0166918674025612	0.0267874590958351	6.90027361224435e-06	0.000330981641020089	0.00133953318161785
0.000806927387455647	0.00841835287406189	2.55829893199908e-05	0.948445250322079	0.0185753292780739	0.0159783857426564	0.000486456562476375	0.0028740152711369	0.0043896995727397
0.0153110198769759	0.0137298976743909	0.00343339014962536	0.940535785438746	0.0122011309774217	0.00257434019983253	0.00611758007732444	0.00600872592264479	8.81296830387874e-05
9.88133663370951e-05	0.010511075052678	0.00164530781784851	0.94138339792703	0.0133991511824032	0.0285713260312539	0.00169906218086551	0.0012101872765885	0.00148167916499517
0.000183517896850171	0.006379028437379	0.00013552072618733	0.932527429849978	0.0262432172665814	0.0221131369592688	8.87148054104153e-05	0.00166744535712043	0.0106619887012248
0.00129905876022847	0.00787652173419411	0.000456594347021438	0.953984628596149	0.0193051346521502	0.0156291965742431	0.000390233627165625	0.000205084244530458	0.000853547464317924
0.00357314928550883	0.00613851689466768	0.000537286722179611	0.943492709682105	0.0256138358943978	0.0189710587668086	0.000104026825397842	0.000641375234965738	0.000928040693969278
7.2485100705298e-05	0.000446946941426572	0.000684766280056237	0.953050620745006	0.0154434233212162	0.0201933728325224	0.000138085778568325	0.00317811343006495	0.00679218557043426
7.25861444800502e-05	6.511428532916e-05	0.00177425253387054	0.943384818902716	0.0291131866303509	0.0187910121471164	7.63477573877066e-07	0.00672359380868133	7.46720698818927e-05
0.000446572147051755	0.000613227790644936	0.00477193291991884	0.959860152051252	0.013769714022898	0.0131118482093102	8.62528712982785e-05	0.00395629187488974	0.00338400811273674
0.00208852245878439	0.000111558499013444	0.000223023408779131	0.950626236425941	0.0128444352321462	0.0218101650647008	5.57533360049313e-07	0.0106902420353907	0.00160525934188393
0.0113239077826002	0.00501021264647895	0.00091386237963801	0.955908629240232	0.00858836493549434	0.0146266684010979	0.000165223186365242	0.00219100823650528	0.00127212319158809
0.000948089268917743	0.00138000375385696	0.000851698754690844	0.960109483475705	0.00942005288553392	0.010733696478001	0.000331363612514254	0.0152056696599376	0.001019942110843
0.000711823732598589	0.00107937352985243	0.00127483210949096	0.946207248268248	0.0192690566987999	0.0275568301994653	0.000324681166349862	0.00353263029047533	4.35240047195582e-05
5.01470840349073e-05	0.00533222047976282	0.000890906170400668	0.950989488775432	0.014708664648875	0.0263453538135302	0.000555702901941147	0.00104425816830442	8.32579577184526e-05
0.00977453011267313	0.000194512467209825	0.0013924611046789	0.953027601293356	0.00899565546904057	0.0261884756873643	8.84591888757683e-05	8.59035484263624e-05	0.000252401128374809
0.000711853826510986	0.00122727049868999	0.00161967097157847	0.942497570857661	0.0224312095473836	0.0216978115599642	0.000660963574949724	0.00218829323241112	0.00696535593085082
2.52190722624647e-05	0.0157816506243552	9.10691840841193e-05	0.954014003960224	0.00966306700963281	0.0155080965401345	0.000775128730911877	0.00107215325656617	0.00306961162182898
5.80151157276163e-05	0.00550039907901848	0.000939052306723212	0.958654463003692	0.0141544552969002	0.0184873768660182	0.000201989170464473	0.000796592624310365	0.00120765653714553
5.54610733687371e-05	0.00478733150258805	0.00116662216130429	0.943483596391261	0.01586968237219	0.0235555613989664	0.000957067316151469	0.000295725035637036	0.0098289527485336
0.000148018016830933	0.000765388074201708	0.00085172978911382	0.94814138958082	0.0191264106577051	0.0284371669841475	0.000324551789120072	0.000812974597086144	0.00139237051097441
2.98865809596574e-05	0.00431778181351615	0.00283334321563536	0.961804708622668	0.0129005670405387	0.00895143863401994	0.000388353510052612	0.00694710523373648	0.00182681534887304
3.09120351490854e-05	0.000101788814499472	0.000368851180035365	0.943038529575184	0.0273400231847316	0.0259369742949964	2.36090912888602e-05	0.00307261650249193	8.66953216231754e-05
0.000521878304201234	0.000225147332966237	0.00146191125296285	0.945781885823337	0.019138117121785	0.0287356206661777	0.000204035124955693	0.00344871276596329	0.000482691607650881
6.0952762044411e-05	0.00382485072542452	0.00104318063258161	0.95475303150681	0.0210131774574944	0.0149834392508409	0.00017118689595241	0.00144900732768109	0.00270117344117062
0.000851682857060264	0.00124443608912033	0.000199155621360249	0.961668401586524	0.00851618297994322	0.0203928238006488	1.77214157252723e-05	0.00035103199117178	0.00675856365844586
0.00118261368082171	0.0218002922593967	0.00115105755950845	0.950353213737	0.010475054924054	0.00698169980545559	0.00132138767094113	0.00633608433679269	0.000398596026029538
0.000689172938870298	0.00103277890802102	0.00383592451178748	0.948423674338195	0.00824608398853665	0.0153141609689957	0.000468587578932958	0.0182225369821603	0.00376707978450087
0.000114065390787069	0.00130563606637067	0.00142399198966372	0.955136318577205	0.0195730836300741	0.0207673608966032	0.000551826762162905	7.73744121662426e-05	0.00105034227496689
0.00786277413375717	0.00120716839224791	0.00146215477161309	0.936639941299861	0.0100954764152985	0.0333125748009586	0.00032561938990278	0.00484961556289713	0.00424467523346437
0.00166800717289055	0.0253160481214811	0.000728374551268489	0.947226622322224	0.0105059611556711	0.0107965141680071	0.000474216176613437	0.00215249877853076	0.00113175755331372
8.46183540526345e-05	0.00586728310827398	0.00444563663899549	0.951363383059873	0.0141129311988582	0.00648901115258007	5.94035706298558e-05	0.0166201511160555	0.000957581800681337
0.000248822291228035	0.0031602278219514	0.00213396182140631	0.948579156104928	0.0243201558315641	0.0173185038865125	0.000136488892150407	0.000705937165919266	0.00339674618434027
0.00782345318889737	0.00126010760910587	0.000311118076294619	0.950451144917299	0.00768223296893351	0.0253844912591887	0.00101894725462421	0.0042887473852529	0.00177975734040354
0.000267284487429235	0.000215837481390969	0.0016313995646112	0.936812182089586	0.0387663614935403	0.0155366998721635	8.70509663507431e-07	0.00145730299197213	0.00531206150964284
0.000224903936174566	0.00122923318140161	0.00145301142769759	0.937411778431755	0.0203410997456365	0.0372613052336558	0.000900304013201341	0.000685321853910785	0.00049304217656668
2.16367418863283e-05	0.000270665676099501	0.00972858289255817	0.944183681768794	0.0119635613139297	0.00465916937743994	0.00101805399691378	0.0199324816034685	0.00822216662890971
6.49199028183511e-05	0.00359444377046162	0.00163571009858192	0.946925335206378	0.0227988593148181	0.0237413503208822	1.53688208234756e-05	0.000986417255087938	0.000237595310148782
0.00476716100702048	0.00129693313354442	0.000625735844112394	0.950280543424958	0.0151442407640016	0.0260351765625578	0.000542348480347901	0.000166772278218525	0.00114108850523897
0.00111083779126718	0.0053938715619233	0.00147456651449243	0.952606487492953	0.0222212238042604	0.009202503092251	1.79151876570431e-05	0.00625097784631966	0.00172161670887595
0.0531067128396455	0.0225134829944272	0.0175799399059772	0.822219660301967	0.0245520942773193	0.000330229948509146	0.0161615612838548	0.0128283116052241	0.0307080068430755
0.000849198896460242	0.00127289103297843	0.00140825500554747	0.95559282544105	0.0123672790105155	0.0254147114030245	0.001090907080957	0.00116024457193309	0.000843687557533735
0.0537321553147472	0.0267178610485659	0.0806268794780675	0.688162842321516	0.0276514976630848	0.000167771700757578	0.0496467643608909	0.0231107959349844	0.0501834321773863
9.2885742685994e-05	0.00677527338045088	0.0012065285729453	0.95449065551114	0.0162951335120986	0.017298521912541	0.000626340305732955	0.000143722487506112	0.00307093857489928
0.000380202831818341	0.00115773871498122	0.00291972336312839	0.955081047028875	0.0140867011949622	0.0116519282739311	6.88153765215174e-05	0.0137858176639366	0.000868025551845689
4.03771066928025e-05	0.00263100565106496	0.00120941352604728	0.947832247679797	0.0194029934590866	0.00929529426434401	0.000514214155732842	0.0132656074399244	0.00580884671731029
0.00153165107619	0.00226294431635651	0.00122908400114924	0.949039912610829	0.0167401008413868	0.0277482262950582	0.000493996115265438	0.000789895279562378	0.000164189464202349
2.33665858181131e-05	0.0131267666716604	0.00134805608018718	0.931533940536617	0.0240126929586994	0.0267377105312307	0.00129134337973807	0.00128405964842999	0.000642063607619425
0.00125348333978807	0.000624387056893774	0.00135968567231915	0.960706001767335	0.018486845873002	0.00894317907499247	5.4466902755672e-05	0.00837019985122282	0.000201750461691646
0.000929999652516839	0.000908948119922112	0.00103807379849606	0.954528048774928	0.0115841530217425	0.0291669649217956	0.000406096009166609	0.000271194922234633	0.00116652077919746
0.00895674875703301	0.00161311961535313	0.00418510370898516	0.950243365600503	0.00689243713419576	0.0101997143701964	0.0024990453039934	0.00656056718391727	0.00884989832582267
0.0039863279559518	0.00377758801485075	0.0020691903367855	0.938765691030415	0.020725090703291	0.0285431176823815	0.000800468684515461	0.00129679330751265	3.57322842964327e-05
0.000227733615705158	0.000326697161845619	0.00029147158937508	0.956751836609224	0.015207851657823	0.0186834011099932	0.00036348853862576	0.0033767511189763	0.00477076859843158
0.00996010801701197	0.00290018281312042	0.00215622294758067	0.957439961657013	0.00803353644493772	0.0167672140620213	0.000250380530195407	0.00064069551496467	0.0018516980131552
0.00188287286980905	0.00012702347519696	0.00107194739103139	0.948724402126678	0.0163718286944742	0.0230427133618198	0.00068085452377909	0.00743760774053102	0.000660749816680495
0.00121545530801481	0.012880362044103	0.000407439079056057	0.946096277934348	0.0258071994058534	0.0115147605421626	0.000402836370456704	0.000651963878923477	0.0010237054370822
0.00421411360425653	0.000725884946188984	0.00148429525237779	0.951607974673757	0.0142238824348928	0.0219608028372322	0.000187594987137745	0.00398585299712444	0.00160959826703238
0.00874341454351407	0.00673976208580111	0.00102148875402477	0.952599173551211	0.0130396684477102	0.0171203644376205	0.000329549605968716	0.000325070001958478	8.1508572190852e-05
0.00188898964267129	0.00425384007085966	0.00261393679071763	0.953543864929602	0.0118868138765679	0.0231411724626579	0.000993042860257937	0.00139368568468522	0.000284653681980327
0.00016117956797639	0.011523738493612	0.0117391075390183	0.934690762134473	0.0179028252411189	0.00223365349506304	0.00164578380587025	0.0155143536366494	0.00458859608621819
0.00708323195040515	0.00134754220088931	8.71923366947188e-05	0.931453400998278	0.0279325420203875	0.029766498927845	3.43061303923495e-05	0.00225492134995274	4.03640851558172e-05
0.000325581846530309	0.00962105128544578	0.000540894244448639	0.951170508155726	0.0166322338973626	0.0204598901501759	0.000714227489286978	0.000186845557766551	0.000348767373257545
0.00142809848574727	0.00179854526829156	0.000567013230521652	0.939101495907831	0.0214583906358694	0.0252330109890717	0.00039724581723723	0.00043006291274018	0.00958613675269017
0.000383949139889391	0.000681076515057848	0.000161562333989164	0.95130025137111	0.0192748911025844	0.0152111082055106	0.000840690759778774	0.0099041388564183	0.00224233171566158
0.000550779679867853	0.0013557453271297	0.00525678535379798	0.956823342588298	0.0119893286906002	0.00482611093171847	0.000474207769762303	0.0172080052376271	0.00151569442119823
0.0023533936007179	0.00467255926794524	0.000138355441685412	0.952177177302066	0.0149320071378955	0.0196841218316012	4.73554146347219e-06	0.000646623178045453	0.0053910266985801
0.000196936278726082	0.000151665604303123	0.000616164848352086	0.954638035255704	0.0135466689516143	0.0208917964486986	4.74050860124067e-05	0.00513051329195509	0.00478081423463441
0.0273624412765415	0.000547746623318087	0.0484413206786844	0.737565707836314	0.024042093994248	7.6050561515767e-05	0.0137420258632469	0.114808380140488	0.0334142330256439
5.36571131205188e-05	0.0147093779016049	0.000452033765924724	0.948357278755974	0.0102382817255697	0.0214531319491439	0.000322293064081975	0.00022463309350556	0.00418931263107417
0.00155389149765758	0.00573333017261327	0.000880025232084502	0.947326316930157	0.0153817252036437	0.0256346339541642	0.000263797718983829	0.00107922149120466	0.00214705779949092
0.00868774188346168	0.000292587528512492	0.00705638250128135	0.943889092815355	0.0134500549472232	0.00446890210829605	0.000734456281367779	0.0212189633745837	0.000201818559918321
5.09613573644675e-05	0.00811815844126406	0.00493999709623492	0.956668864541504	0.00663518821444327	0.00108701253274508	0.00310938451015686	0.0164847287660217	0.00290570454026602
0.00659546122160601	0.00834384986744546	0.000267764396604309	0.945169855145062	0.0173693470345535	0.010735489219202	0.000258722085162145	0.00507278883089332	0.00618672219947147
0.000125535700057735	0.0054641941263313	0.00288428375144548	0.961294420329892	0.0110322094680573	0.00426888726546412	0.000913747023004731	0.0139472789302178	6.9443405529729e-05
0.00308333162665962	0.00040008924713401	0.00101606019834269	0.956751787324818	0.00883988642577853	0.0287542338969586	0.000411633546496958	0.000398601526080249	0.000344376207731127
0.00142997661292525	0.00231465705948743	0.000641429252153266	0.960542314423372	0.0110253277310502	0.0159172172330428	0.000410259003996946	0.000459591216812389	0.00725922746716013
2.90727142918678e-05	0.0130584418824151	0.00214926381047863	0.94883545589436	0.0197234327323833	0.00612167045101953	0.000448118312456577	0.00959272882205829	4.18153805362971e-05
0.000894128530188137	0.00022968836477512	0.00127564585577279	0.952788172267969	0.0247149161184888	0.0123138286701078	0.000258714060236001	0.00670462345072536	0.0008202826817372
0.00204089489987886	0.00470809730375653	0.00222088414804904	0.944981653233553	0.0243190265335918	0.0172870064628856	1.31561522136412e-06	0.000142065258941384	0.004299056544123
7.93007250934762e-05	0.00375985141473653	0.00144995523153146	0.953901752595435	0.0142225118651992	0.0145966817677769	0.000753189583319764	0.00421611989981247	0.00702063691709529
0.000620047676463968	0.04157062906216	0.000387340655155876	0.93907526746289	0.00953880307104046	0.00042822670084496	9.67602812235883e-05	0.00268998434476827	0.00559294074545238
0.000920689060366353	0.00177505968370958	0.0068925900625495	0.941292237083099	0.013732813387808	0.00281381147941012	0.000342915344366199	0.025706126647294	0.00652375725139697
0.000127979680805974	0.000156842248155043	0.00167831869263406	0.956208595519507	0.0235316238996919	0.00905435562938482	0.000101260526468687	0.00846180567052367	0.000679218132829276
0.000675093146810921	0.000175311987318578	0.00183069471205109	0.916919078421904	0.0378203596694792	0.0220865180839328	6.12318622118977e-05	0.000129881452386216	0.0203018306639059
0.00375622637961602	0.0024000868186185	0.000266646742219923	0.94634779374202	0.0297873734072332	0.0141409016859623	7.69875466671213e-05	0.00298586473678434	0.000238118940878332
0.0017827287551464	0.00525554250411575	0.00132025739991061	0.948546337703261	0.0208105304132394	0.0217445579850196	1.05102652459841e-05	0.000436990161162514	9.25448128984335e-05
0.0027284917902491	0.0126148747200815	0.00340788722746791	0.935629837488971	0.0241994422620143	0.00839428351957921	0.00370804663982711	0.00127694173666281	0.00804019461514705
0.00396077006568455	0.00299240154505294	0.000964794176952194	0.950398981938207	0.0122655746057138	0.0216120747504968	0.000206297868007763	0.00286382284942561	0.00473528220045929
0.000129200824697795	0.000286713625470747	0.00153780892024014	0.94996460187578	0.017446072783998	0.0279653126386719	6.43588435538956e-05	0.00038329608604525	0.00222263440154214
0.000734064611972552	0.0139782500468943	0.000619710803541425	0.946280250003047	0.0142795974908042	0.0172664801051277	0.00108167612848021	0.00341525464354706	0.0023447161665853
0.00395581084824549	0.00718395908494179	0.000703650902861037	0.958892961173105	0.00564014388900764	0.021353998401676	6.06398470718335e-06	7.88948106897831e-05	0.00218451690476543
0.00353824241726206	0.000154596513908401	0.0023686764112145	0.955714957087163	0.0152093468076472	0.0190442919071136	0.00025861177494414	0.00351747473676379	0.000193802343983323
0.000311369573774784	0.00778432033494318	0.000447184046376139	0.951614505588494	0.0148528740604983	0.0159717984854211	0.000233527140830959	0.00107659937459317	0.00770782139506824
0.00119238061039148	0.000374525327929343	0.000185351559053762	0.963284221546581	0.0117843564300004	0.0216345647951719	0.000235550739896606	0.000583524064905901	0.000725524926069831
4.804370718306e-05	0.00112240458814255	0.00205551376554505	0.946063574549999	0.0144245290646794	0.0341880500540045	0.000579634608431651	0.00121702525932418	0.000301224402690694
0.000173144046727859	0.0167744058868346	0.000486966935127845	0.948012186049509	0.01790777742314	0.0150139685822169	0.000777076968018908	0.000100019235841721	0.000754454872583184
0.00685885487885424	0.0161022031208431	0.00151456906899047	0.946718234906558	0.0154133039148526	0.00959003289229166	0.00048685583149579	0.000579449260878365	0.00273649612523618
0.00761967514462529	0.0200552785358922	0.000109047686674154	0.947074853861466	0.00858466419960676	0.00726818462588011	0.000233465278105505	0.00399607104301274	0.00505875962473778
0.0116489521719076	0.00307631442502963	0.00163960191296913	0.948516276284727	0.0102161115516965	0.0160466709469618	0.000343265691489745	0.00589053835268197	0.00262226866253715
4.43645280127083e-05	0.00105398370271656	0.000648710431764581	0.94979060259859	0.00753973697376165	0.0250673944750693	0.000448400694448223	0.0022343120602732	0.0131724945353638
0.000258470400065244	0.00276352455916023	7.71248467590909e-05	0.945005532137904	0.0291664218812552	0.0213243365456448	2.29844597751075e-05	0.000129776629630444	0.00125182853980642
0.00571169587013984	0.000574999341705403	0.00195228562476612	0.956537436558448	0.015621894766426	0.0102285740588261	0.000303881179306833	0.00858447676915059	0.000484755831231162
0.00193448399130754	0.000694469672013595	0.00312647891157059	0.939711113748464	0.0132278038796148	0.00575767918086269	0.00193430247842579	0.0236092243692313	0.0100044437685101
0.000479774272095739	0.00634099642574349	0.00405611812637533	0.950074518028007	0.0160487065595771	0.0099009986567789	0.000135700196694254	0.0049968270204494	0.00796636071427852
0.0239839130977068	0.00722472583407622	0.0146172138890786	0.856769828429263	0.0321529201956684	0.00036064066620799	0.00423271581502915	0.0371264350926349	0.0235316069803353
0.000253563722828982	0.00214717008419698	8.18819684443674e-05	0.951651712940192	0.010869296220467	0.0315514348490645	0.000116211463373901	0.00151737142833169	0.00181135732310016
0.000463321791103392	0.000119460012441217	0.000906129503529973	0.948387520009375	0.0197954485459801	0.0212462632078932	5.01433605802572e-06	0.00791980714041094	0.00115703545320846
0.00067960353194112	0.00224604480125287	0.000803849755292484	0.951839797880815	0.0283077486838049	0.0100669178316548	0.000151198221172505	0.00434472909234875	0.00156011020171736
0.00225490740186154	0.00112179733703934	0.002847801348785	0.952219843113466	0.0205185147867713	0.0165732260629334	0.000618930265397409	0.00326959811919256	0.000575381564553364
0.000451614145304007	0.000177315193292989	0.00012403585756358	0.960683770719114	0.0136819502396441	0.0101720893238338	1.27850538384453e-06	0.00828976771153155	0.00641817830433261
4.54560723524561e-05	0.000270841926939419	0.000355350191848728	0.956253840808744	0.00933088177252247	0.0256634390153573	0.000109502833524423	0.000525448879269783	0.00744523849944159
2.99371717052427e-05	0.00195844992193681	0.00127802109016616	0.951472586879081	0.015672562815682	0.0119270522294265	0.000184751368686221	0.00897756279065669	0.00849907573265913
0.00136101450896624	0.00663384264275843	0.000116873927972404	0.952793146445841	0.0173753947801232	0.0121813563524501	0.000235107820691159	0.00233609335666903	0.00696717016452834
6.44014029667677e-05	0.000497773523026643	0.00587431823346661	0.95166819519192	0.0112454330767419	0.0211299401285831	0.0001730721882045	0.00881870206259898	0.000528164192491512
0.00141543655717533	0.00648288394430796	0.00174903492357995	0.950903131632426	0.01017473578525	0.0145452975355879	0.00237275687148024	0.00932746247567123	0.00302926027452103
0.000918308637205944	0.0076787640665528	0.00195989204917903	0.96261213811443	0.0100137381015353	0.00835113972730896	0.000205756615205627	0.0080133781603484	0.000246884528234183
2.29338545728454e-05	0.00049683124363987	0.00276364262677836	0.963004601239421	0.0162339611432721	0.00949330148343336	0.000217440206190566	0.00662488584149227	0.00114240236119939
0.0073692055133246	0.00108657439933642	0.000244453155044071	0.949436259191467	0.0199351968009718	0.0162538125055263	0.000139045862155003	0.000638794290494878	0.00489665828167978
0.00134902196038108	0.00690201995517833	0.000290107579896292	0.949265443596388	0.0149906107718755	0.0147872409872888	1.75541540488772e-05	0.00562679042500698	0.00677121056993669
0.000357255005426445	0.00344748321308956	0.000685605928231963	0.945759967178299	0.0158099871021292	0.0242148587482506	0.000543076201249235	0.00602063341515354	0.0031611332081709
6.42551094818521e-05	0.00107494814385468	0.000193688583341833	0.957282700407413	0.00878465770649378	0.0267269729827177	0.000105619944136885	4.85983845562267e-05	0.00571855873800395
4.54158041070772e-05	0.00292857312512564	0.00165655135197687	0.96151446856462	0.0122996534006576	0.0137113735995061	0.000108343498312951	0.00767485625303316	6.07644026606456e-05
0.00161214142532893	0.00871657811853412	0.000316600330042008	0.957440087453563	0.0169960377529063	0.00959575128559904	0.000250299761131176	0.00109872829009849	0.00397377558279718
0.000239266398500595	0.018329814568476	0.00104350845417133	0.935929728829229	0.0233711335303051	0.0109708484762879	0.000844113435964877	0.00404054989935871	0.00523103640770616
8.61564495304614e-05	0.00236191536782172	0.00119422072738371	0.964818648059115	0.0148859119352044	0.010869407142532	0.000759319949669175	0.00497628213467388	4.81382340698083e-05
0.00301582697735173	0.000260669601066644	0.00272209800147032	0.942807932465537	0.0151667961608321	0.0287956238281041	0.00133387361250932	0.00587590656753926	2.12727855897168e-05
0.000702122837985382	0.00660994576055026	0.000456715685400232	0.955041098818129	0.0116995830308904	0.0184470531489187	0.000386479849556571	0.00175763708929411	0.0048993637792756
0.00016327612852282	0.00973342526346777	0.00349562209324077	0.951642315920901	0.0165748307505456	0.0150232296974425	0.000540915934974405	0.00189619491704447	0.00093018929386111
0.00245962792026053	0.00290373259771135	0.00840077694507269	0.952316594228956	0.011012373675651	0.0027808668646008	0.00150862098490157	0.0180140219139344	0.000603384868911816
2.79083036116932e-05	0.0097265298660581	0.000463421494345693	0.952271058039645	0.0121260379393008	0.0203165120925488	0.000236319533513284	0.0034695384635452	0.00136267426743185
2.84502735286435e-05	0.00745718097667	0.000770218501662293	0.95339109074733	0.0211752636537408	0.0140756030740968	5.68526216645929e-05	0.00218230166157136	0.000863038489735901
0.00528753267344702	0.00223325360377632	0.000465164167358246	0.950678528274316	0.0163377957570763	0.0235151177133821	0.000631406133592131	0.000346165647681726	0.000505036029370718
0.0026178361829567	0.000357275158142422	0.0018753611880183	0.924382894401841	0.0231494368753465	0.0348111303960587	0.000137696326040953	0.00640003130192384	0.00626833816967136
0.0032951474418287	0.0010888964342068	5.73887283255832e-05	0.954825958278879	0.0149709984106819	0.0248872166695948	9.45636719467481e-05	0.000138638689124414	0.000641191675412628
0.000146020010250362	0.000906989354357784	0.00108814475311477	0.949687775382171	0.0147294800961267	0.0278072643761016	1.43865192307776e-05	0.00498791842956839	0.000632021079078887
6.73849909919142e-05	0.000432592008522445	0.000211408849776711	0.956209933831082	0.0135407338256449	0.0185747458627901	0.000196578672484946	0.00395753585775888	0.00680908610094758
0.00505545996173371	0.000216248198558957	0.00140750225152218	0.947410574352781	0.0155355832729492	0.00618484521421059	0.00016800392129793	0.017710033413471	0.00631174941347572
0.00202724209950659	0.00895891181065115	0.000862461291916872	0.955369662776337	0.0109527360931963	0.0166789739628903	0.000418550310772858	0.0001536932459167	0.00457776840881162
0.00800274725086554	6.58255034029817e-05	0.000108816513151251	0.949384922836849	0.0107594073722428	0.0277228931526587	1.228974173313e-05	0.000383361231831196	0.00355973639726532
0.00312371274579714	0.00311627850423257	0.000462445427113707	0.947182242291477	0.0262201308279842	0.0177133228310387	0.000193387751323344	0.000107541714818231	0.00188093790621515
0.000113569368481327	0.0245646521974219	0.00117651650961937	0.951524169067275	0.00791655549630586	0.0111844596613558	0.000187809847103342	0.000902628248964011	0.00242963960347362
6.50158680237655e-05	0.000527700806215569	0.00212777304866863	0.960291909531181	0.0114894783870119	0.00863361212081713	0.000135122899473444	0.0143466219510871	0.00238276538752182
0.000143135537925903	0.0128885866451793	0.00011583632768588	0.956162142780713	0.00967964893948725	0.0127642523968784	0.000435693518647928	7.88489119320243e-05	0.0077318549415499
5.26648554513847e-05	0.00504389799394653	5.13857864066548e-05	0.959941170989735	0.0165683858949247	0.0138024925497449	0.000639638517492525	0.00146271220229047	0.00243765121000828
0.00041688069595824	0.0023042973358139	0.000396556218867168	0.956614766562622	0.0100854601168135	0.0294163650443641	1.08450890434002e-05	0.000635491991233636	0.000119336945284317
0.00359225874125508	0.000488961376332176	0.000202627409766558	0.950329579821839	0.00859155806098096	0.0337379124338646	0.000457059198679219	0.000202844297901886	0.00239719865938028
0.000210043309797298	0.00177943595063133	0.00230993167905868	0.953587211641461	0.0190979374954552	0.00517283118954822	0.000289685357114712	0.0175098112401781	4.31121367554686e-05
0.00857172255995637	0.00442220626699408	0.00185225759386329	0.94943832243723	0.0166343189364921	0.0179236343112845	0.000245693471864796	0.000476610855034987	0.000435233567279252
0.000602611216801521	0.000849995737891058	0.00108347379057956	0.959677979108816	0.0152424606739426	0.0213988950264336	0.000228617111127243	9.21355832447375e-05	0.00082383175116324
0.000234971873631229	0.00027231023217058	0.00266594962310195	0.951890502835606	0.009513898083931	0.0146976757672928	0.000563689781960835	0.0180597933479351	0.00210120845437093
2.02891288349102e-05	0.00608430080236516	0.000210502460306504	0.943870487180471	0.0352300560854062	0.0142754073860146	5.64816259181735e-05	0.000231087318580825	2.13880121026434e-05
2.98042831483853e-05	0.00855920610040832	0.000957527453661214	0.9671659128672	0.0102494829752582	0.0123053582445916	0.000126921275414969	7.24454276466691e-05	0.000533341372671085
4.54480945256318e-05	7.80928575791491e-05	0.000424151894893068	0.945874517348394	0.0154258832168443	0.0352325983702199	3.78442209319863e-05	6.85666894515764e-05	0.00281289730715992
0.00039619682785857	0.00669429033712736	0.000762565837394555	0.953305400626838	0.014343988748367	0.0214067557092245	0.00028592374468247	0.000221788103792917	0.00258309006471501
0.000163488106925721	0.00376250151326959	0.00138392239539958	0.94918402394465	0.0289197415536432	0.0113329710077955	0.000280314963637468	0.0042226629105293	0.000750373604149462
0.000179609805263054	0.00052572446303475	5.33468953617004e-05	0.955336489289201	0.0174319957479149	0.0219488174494553	0.000191605801909518	0.00104908738444096	0.00328332316341895
5.44832827464318e-05	0.00492096832531723	0.000969783917532808	0.958923812156899	0.0137489554317197	0.0163213296301615	0.000367453570879433	0.00405542872338588	0.000637784961357994
3.21029328102701e-05	0.000527579489617109	0.00114948378372534	0.94667499071603	0.0270425410912155	0.0207894000692683	3.69718968311818e-05	0.000304062456763309	0.00344286756373909
0.00189291829888774	0.000176016215663136	0.00175596261061079	0.960975346321871	0.0151023200708154	0.0128746329494594	0.0001559299366845	0.00643417573841836	0.000632697857589267
5.14246770862537e-05	0.0029135758484693	0.00580274155264464	0.954972430643021	0.00957133847235772	0.0105194518549345	0.00161404124617595	0.0104756923615714	0.00407930334373934
0.00323286382151653	0.0138836100388962	0.000320149494985817	0.954298734613791	0.00942346476209039	0.010089171741918	0.000123689979875314	0.000475481948999424	0.00815283359792802
0.000150832940184994	0.010185622496383	4.56856531522575e-05	0.943261067948935	0.0187268604213334	0.0235792221058813	0.000177932627842703	0.000447684869770261	0.00342509093651647
0.00476177578310325	0.00124651205133357	0.000196257883423832	0.940710202771061	0.0296178699705006	0.0148655147892049	0.00070849668557023	0.00715344288042574	0.000739927185376748
0.000265662092826508	0.0130057292961253	3.94742008999014e-05	0.943208960382964	0.011556670546964	0.0199578933235004	0.000770045680618058	0.000809138683368739	0.0103864257927333
0.0240125343302898	0.00345351481160462	0.00619219562498784	0.90178845020706	0.0135327168314827	0.000283707422232866	0.00772834837209331	0.022300432808214	0.0207080995920346
0.000194830698268769	0.00165601480252751	0.00136126375165196	0.93723826464961	0.0152646838504007	0.0255005729219138	0.000436282284176836	0.000508365310693624	0.0178397217307568
0.000276339004993857	0.0101929912554741	0.000324161035208111	0.945748084031533	0.0175043025545412	0.0180350250214145	0.00015128360679572	0.00227664745429701	0.00549116603574281
0.000555421514954054	0.000471810099160653	0.000384203916927903	0.943873652522818	0.0162943323629774	0.0249381091761981	0.000277818024197935	0.000452558228038758	0.0127520941547272
5.48684795670812e-05	0.00325777050477705	0.00100948945830701	0.958092871894695	0.0175258992214864	0.0189467680448638	0.00041012356999125	0.000292725581713373	0.000409483244598594
0.00160916728545082	0.00249066080918883	0.000602836673742494	0.947513396105556	0.013732521936163	0.032992832114089	6.3387434962765e-05	0.000341112268090856	0.00065408537275653
0.00202080533533233	0.000749495698594792	0.00193854731030545	0.950809098947163	0.0138077824174832	0.0246936238142235	0.000229792157655011	0.00534292793898754	0.000407926380255089
0.00197622487724305	0.00649734260065607	0.00133750587507262	0.945398454606674	0.016947755560612	0.0266243104026096	0.000331488845428709	0.000832896258666702	5.40209730375953e-05
2.42642214911528e-05	0.0116775681261082	0.00130895565495679	0.964733919309436	0.00859964587679555	0.00655159329884134	0.000690412929232231	0.00350589130697993	0.0029077492761593
0.00840330358380729	0.000962211362818397	0.000130989039101866	0.947504701912091	0.0240331496646887	0.0138304681453793	0.000449660582057772	0.0043169766799362	0.0003685390301191
0.000125488791739203	0.00241436504582847	9.09060085788444e-05	0.957074798990638	0.0139457579604377	0.0246376543293903	5.87004829173986e-05	0.000245730673645253	0.00140659771682513
0.0086612862379793	0.000150401230638297	0.000350395492957454	0.954103948159534	0.00903205785304621	0.0270906803396629	1.89256182275696e-05	0.000325445384591655	0.00026685968336274
4.57639387926192e-05	0.00432326436882666	0.00129282071028587	0.943939184050676	0.0139330215204895	0.0263983717932102	0.000422135446094336	6.74218965958409e-05	0.00957801627502875
0.00792073149954206	0.00466243350270126	0.000536413413420446	0.959173117020105	0.0151944944956114	0.00965346100516538	0.000288887787527901	0.000524759224762549	0.00204570205116367
0.000482004131205095	0.00382085305357602	0.00139697574779305	0.945729469147278	0.0209306099608979	0.0267873841747037	0.000591591390834847	0.000152341551726626	0.000108770841985335
8.62927315769177e-05	0.00514245195081139	0.00201635724011296	0.959672641492407	0.0088053069360646	0.00169484739994711	2.8822171030726e-05	0.0175942394313131	0.00495904064673618
5.50727522181427e-05	0.00128566504364829	0.000106655801184549	0.962613985973143	0.00841826024701167	0.0224586464018927	0.000203464422236005	0.000216197323882444	0.00464205203478287
