Bcells	CentralVeinEndothelialcells	Cholangiocytes	Hepatocytes	Kupffercells	LSECs	Mesothelialcells	PortalVeinEndothelialcells	Tcells
0.000134748203105997	0.00019614789265143	0.072318116452275	0.898689772266505	0.0124073933448583	0.0111171369109398	0.000145665983442815	0.00116959605879758	0.00382142288742388
0.000310196964416139	0.00761821858752599	0.05930165274748	0.906549350341704	0.015598615244247	0.00704454398521028	0.000448694953486015	0.00223026660507065	0.000898460570859575
0.0108448726537654	0.000310026084222031	0.067621382165182	0.891585759363486	0.00726817317127571	0.0169774576894374	0.000267117135057519	0.00383410403839574	0.00129110769917858
0.00103360197450865	0.01121807656975	0.0627869791473323	0.90695015848056	0.0121611696579663	0.000792699268912917	0.000838383492078052	0.0041408582790815	7.80731298105198e-05
0.0107623618720405	0.00790765428492727	0.0726054576154079	0.884238727454225	0.0137810518539836	0.0066062047683619	0.000740070148027532	0.000731985301096314	0.00262648670193028
0.000173851585366312	0.00417483808726465	0.0638223551670548	0.897301129208502	0.00547121087624573	0.0261653211114793	0.000641226522075258	0.00115138928637334	0.00109867815563878
5.57707270597732e-05	0.000867873694584805	0.0682949436573269	0.901784915030499	0.0106736801873275	0.0161502498039312	0.000488340418960086	0.000283736886459067	0.00140048959385211
0.0375320384686817	0.0104242959341457	0.0923895677774768	0.828745959136338	0.0108610818032325	0.000199985047852708	0.00639949983083974	0.00739535102378093	0.00605222097765188
0.00064225874244337	0.000966444168485537	0.0713816259800498	0.901338383307655	0.00732336180883445	0.017023640726464	0.000426999303905471	0.000180541541246659	0.000716744420915945
0.00223917324617903	0.0110154958583318	0.0688801246014686	0.905412798918031	0.00657967691831233	0.0041198920115698	0.000878955748052914	0.000495865850315351	0.000378016847739608
0.0301083375647963	0.00876169080062154	0.0915863694430543	0.811665706276605	0.00952075276995221	9.92133914756207e-05	0.00678120533767466	0.0395456827229157	0.00193104169290425
0.000192900759349816	0.000220959883602579	0.0616843429614925	0.892304961700431	0.0103997188734916	0.0224749768957995	0.000188734130949377	0.00385455342304407	0.00867885137183975
0.00349094673175196	0.000635335307799472	0.0616925202368228	0.89103757299388	0.0100732544300946	0.0322316107309138	0.000205578034788795	0.000170055210747985	0.000463126323201129
0.00535085965837714	0.00754671244686263	0.0672898934358743	0.893606942855368	0.00928431241223764	0.0149500005917157	0.000210327298051519	7.62256641962999e-05	0.00168472563731709
9.20420745416227e-05	0.00617612474319867	0.0665020713343686	0.893954559202379	0.0129273330636094	0.0100046445200514	0.00203815927730881	0.00040325622948296	0.00790180955505941
0.00171602677380489	0.0125861362068815	0.0566669626877805	0.896078035644744	0.00627359549697711	0.0218953679205137	0.000723314240930449	4.6139032282534e-05	0.00401442199608488
0.00302256181356358	0.000398314978210375	0.0800999525495238	0.882291638607123	0.0179793235768727	0.00605065749651185	0.000571886102625694	0.00951740768263834	6.8257192930867e-05
0.000979060339118556	0.0170890114940052	0.0682013098708436	0.909422686252162	0.00256090477910533	0.000850674328749234	0.000140085785864442	0.000215899657853652	0.000540367492298152
8.01292848925529e-05	0.000210740183964555	0.0676821567865068	0.911089317104404	0.0103772531958034	0.0098354722176007	0.000228175991622719	0.0001016812361642	0.000395073999041319
0.00262488866815403	0.000292378471254947	0.0675181845481053	0.899226875988323	0.0127878228200987	0.0136024378622429	0.000935586475071012	0.00215503230621657	0.000856792860533786
0.00153742144287877	0.00600287713585828	0.0625896492216228	0.895860402730903	0.00650558145386899	0.0257051687928839	0.000834923027984088	0.000742633496407142	0.000221342697593072
0.000168924952558047	0.0093091556930631	0.0673050873712753	0.892426334744036	0.00783880298056558	0.0197787426723246	0.00128561388954458	0.00181218196590932	7.51557307227629e-05
3.33941904244896e-05	0.0154545766640126	0.0713360902845842	0.884214561765104	0.00686567814432872	0.00941507911101355	0.00108571907263805	0.00282003841051639	0.00877486235737839
0.00562868994999532	0.00835722708306923	0.0677461805407086	0.903178911426829	0.00630351049483169	0.00461353993825412	0.00052231424010569	0.00143370938023709	0.00221591694596938
0.00013089696327104	0.00589766297745221	0.0686808244834656	0.894609574924776	0.0114662522098123	0.00297709930825757	0.00114701875868972	0.0150494937594702	4.11766148054921e-05
0.00118922129100559	0.00289126373129315	0.0632681280889263	0.899651743732388	0.0115653270861546	0.0107073115477445	0.000212088924954966	0.000688694325826371	0.00982622127170596
0.0045693460673889	0.00332420706877306	0.0718981957545994	0.896261885193433	0.00999914240928194	0.0090656751337191	0.000671110992305083	0.00338159691139268	0.000828840469106551
0.000858984689285964	0.000191075957182027	0.0602180028669798	0.912058362085452	0.00727230703247315	0.0114397985363672	0.000557329064230366	0.00321310285752966	0.00419103691050016
0.0038604590459741	0.0018338901844221	0.0622349449588457	0.907587885453243	0.00740332375529332	0.0129224776169286	0.000344139700174416	0.00189731826288454	0.00191556102223396
0.0180956419892756	0.000243010814484973	0.0635520069598834	0.881106106412414	0.0175394980408449	0.0133639452492426	0.000272653282650982	0.00488138800029997	0.000945749250903696
0.0050113911368252	0.00273004168898641	0.0670949931444387	0.895778602525563	0.0104756447809182	0.0123265611191516	0.000384170482089067	0.00586207872288862	0.000336516399138742
9.56224521300374e-05	0.000231237485128364	0.0712250380548648	0.900974386981222	0.0101655883050595	0.00811307503356727	0.000622928339470174	0.00845851061761176	0.00011361273094619
0.021854992094295	0.0357160941692956	0.0661107684619034	0.842689472496025	0.0096996304228246	0.000196239605702664	0.00671471774358655	0.0168722619907243	0.000145823015642973
6.66193417991596e-05	0.00127509382418681	0.0669673042056718	0.900872104854276	0.00552765637795405	0.0192359464758258	0.000620708283547686	0.0035228458887724	0.00191172074796638
0.000145885737326184	0.000839625183362977	0.0600551571957547	0.889877171321009	0.00847228294790303	0.0246090209698823	5.43804248555808e-05	0.000104755155584962	0.0158417210643212
0.000356291771115567	0.000315537200069363	0.0668946478810808	0.903500025584121	0.011250461388817	0.016196733549431	8.30914608610132e-05	0.000136334332768349	0.00126687683173586
0.00664102368878686	0.0253760350857016	0.0696822193319526	0.878235482042469	0.0135457751949454	0.00024247016890768	0.00261866354422168	0.00286439472997382	0.000793936213041289
0.00132883435279196	0.000216181759900588	0.0692151533502229	0.897366140035434	0.0101207958070873	0.0197818609122191	0.000371024978953227	0.000529600727253134	0.00107040807613828
0.0094356839180194	0.000515975644482111	0.0573432925283536	0.91119146834473	0.0107435316521514	0.00542464920775712	0.000349174208387895	0.00158049106932595	0.0034157334267921
0.00599592570161175	0.000351627131137459	0.0669068107657502	0.891134939944963	0.010724798388648	0.014716015439223	0.00103559958419286	4.76352002652792e-05	0.00908664784420899
0.000460944500086049	0.00464426103000428	0.0670859738647738	0.901615510691033	0.00689422860175952	0.0176935187099274	0.000535548722413948	0.000689956861824356	0.000380057018177823
0.0132590107730926	0.000212200016161059	0.0815642800035601	0.872093179840159	0.007253354032012	0.00591882713862775	0.00117072586143884	0.0183854429966581	0.000142979338290587
8.02570022371954e-05	0.0323706793263714	0.0693057548275745	0.886773734107607	0.00389785254863105	0.00012485607688785	0.00262228821375733	0.0029402279613614	0.00188434993557262
0.000780192915079419	0.00152234615693047	0.061753567877272	0.903911175539491	0.0106729179009218	0.0202325368591986	0.000136242362189199	0.00037719485249088	0.000613825536427124
0.00136386010785503	0.00834795005749568	0.0556462858868648	0.90623275921521	0.0120289973970671	0.00899341392079504	0.000758815313536586	0.00269711002066693	0.00393080808050932
0.015185135025427	0.0109698543258216	0.0731698483546108	0.887199128345237	0.00716029562472532	0.00108829795664866	0.00421687271969148	0.000960811040514592	4.97566073237969e-05
0.000146119020695791	0.00726004002746489	0.0692242041855281	0.887646783609807	0.00828730765765878	0.0220457534377983	0.00197195556662103	0.00276623637112288	0.000651600123303344
0.00133090771132974	0.00427431065523003	0.0643113428790143	0.886024081099277	0.0164702597332717	0.0160515662065343	0.000469916390836415	0.000829824595384535	0.0102377907291223
0.00117665456796662	0.00916683617369714	0.063420322935156	0.903442825637054	0.0128212454622418	0.00876843618851865	0.000792287379578297	0.000236405746992496	0.000174985908795483
0.00461776155134252	0.00100809073337356	0.0662126824176696	0.894623488352848	0.0162091137348351	0.0155572213327394	0.000339986197135999	0.000914228950998359	0.000517426729057209
0.000110729849861607	0.000815145293131352	0.0635715119969433	0.903359401882542	0.00931855455461533	0.0108170347682555	0.000372463656693525	0.00458577184344992	0.00704938615450753
0.00123683123328488	5.87213457196754e-05	0.0679415740106342	0.890677171248063	0.0193769784119356	0.0070295605696658	5.1157265510734e-05	0.0135751489347277	5.2856980458494e-05
0.000333361770516306	0.00107362736948961	0.0801056512632812	0.896616334644052	0.00810083661434585	0.00458766184304728	0.000126684549318833	0.00504731995611569	0.00400852198983365
0.00326323390781676	0.000306243453213912	0.0644737836109686	0.898834276553533	0.00746175663361177	0.0126820079996111	2.77832960341903e-05	0.0116330249262517	0.0013178896189593
0.00898883470901052	0.0123243824728978	0.0663791808387788	0.902808136895309	0.00533363693150828	0.00263092773954961	0.000478362447010086	0.000924217847664599	0.000132320118271085
0.00208778095999901	0.00388293086026422	0.0685858071236422	0.904178005286251	0.00527860800740467	0.00550614341669899	0.000627492290488681	0.00908586202186807	0.000767370033383316
0.00141457855124964	0.000326729790866187	0.0694841519933829	0.890498880434567	0.0124683606867241	0.0205948596669332	0.000901580023387931	0.00427823071244881	3.26281404399258e-05
9.78417820345225e-05	0.00459037465009038	0.0674507917761303	0.896600530372156	0.00879321126630336	0.0197464512116155	0.000883724418996731	0.00174384312904879	9.3231393624857e-05
0.00850948265256801	0.000240558447556117	0.0712431298925466	0.896948180931458	0.0046381061272838	0.015555223740276	0.000274476248092003	0.00243064237592678	0.000160199584292678
0.0010958279568565	0.000442432180615393	0.0645564026867225	0.891238985192694	0.0142335859091605	0.0115164166050746	0.00113553923193531	0.00769570571240691	0.00808510452453403
3.75015772174541e-05	0.0108777498683206	0.0593926671085081	0.906209857699458	0.00627968802337987	0.0125360167890808	0.000903548908279115	0.000964377676973215	0.00279859234878258
0.000107208048550399	0.00151112210227011	0.0692089741372656	0.902589984050562	0.00894572763151121	0.0157135859814969	0.000517145220809148	0.000714627049611309	0.000691625777922949
0.000126912058729636	0.000632560947675344	0.0724682133148769	0.887763178046608	0.00956746579666269	0.0154849907359453	0.00137918324467214	0.00265269285719748	0.00992480299763228
0.000599650070317246	0.000709463219377457	0.0632123467329021	0.899144279133581	0.0119657735058371	0.0213465267851206	0.00047825199068874	0.00138123620410816	0.00116247235806745
9.11753469743085e-05	0.00135544974691186	0.0761609124227424	0.902662442424185	0.00710659354412193	0.00325906089024195	0.000693520610172445	0.00755275764738566	0.0011180873672647
9.96229759412601e-05	0.000118490048862795	0.0620198180952798	0.894871180176581	0.0188867102637898	0.0201090634509291	0.000211423063232173	0.00357544286570803	0.000108249059675827
0.000625482547418385	0.000185879471998305	0.0667208554396522	0.891984245297009	0.0119922417462529	0.0204761819034997	0.000516245192284944	0.00740849840123946	9.03700006454481e-05
0.000137894530011558	0.00191674870376377	0.066723882303345	0.904042422825597	0.0134240227641143	0.00691870810916183	0.000479074054308093	0.00406328083663063	0.00229396587306775
0.000472139925252042	0.00150970514319047	0.0606028545460469	0.91117300583429	0.00531777975408756	0.0116836343204978	0.000193376206628696	0.000173392249198628	0.00887411202080776
0.000204207945844859	0.0143578165730742	0.0713493172642641	0.895054258910215	0.00564060925994376	0.000829441978237596	0.00102483814542114	0.0114526220153929	8.68879076061283e-05
0.00061074792800853	0.000151917804995262	0.075403375974781	0.889532530566188	0.0049392074103631	0.0135160440572894	0.000927872408377038	0.0120727262496573	0.00284557760034078
0.000424947164120552	0.000735706765798706	0.0604944986336223	0.909639525464084	0.0129446496287475	0.0115344151197089	0.000543432702818833	0.00262087117753799	0.00106195334356078
0.0105625738175405	0.00197582487318017	0.0716051982270574	0.880080664012722	0.00561298997017081	0.0213107343344353	0.000528241783820458	0.00655125868543537	0.00177251429563852
0.00238840261309787	0.0259074682727385	0.0561695019338642	0.902517451968663	0.00579600905865864	0.000846049086585938	0.00080477653582751	0.00470699915467719	0.000863341375887544
0.000159030449701702	0.00377873076196243	0.0668146608291413	0.901593146022632	0.0091489982009038	0.0036946595772207	0.000523237484225409	0.0136627659487439	0.000624770725469199
8.1499517607245e-05	0.00386791829650348	0.0688064801471656	0.897529733196316	0.0151041890129615	0.00853474286312723	0.000563762929499085	0.000442979431032585	0.00506869460578739
0.00891181025668929	0.000712816737153322	0.055247917205562	0.904242361111234	0.00480061904387881	0.0173324063487647	0.00105384180190154	0.00747727657372585	0.000220950921090784
0.00188683581568495	0.00112730800041569	0.0645458642753743	0.891051893040141	0.0259477888150826	0.00885167968506276	1.71606519922606e-05	0.000387263565754436	0.0061842061504916
0.000188959219067838	0.000437305065945806	0.0672942150442413	0.885290801726431	0.0130377344327913	0.0292631403414002	0.00115250232549449	0.00297609413116708	0.000359247713461309
3.45024576631958e-05	7.0900648684745e-05	0.0835238188746822	0.882048970445726	0.0058635736283869	0.000219171368558368	0.000985457527917947	0.0180089491096432	0.00924465593873769
9.57540285306932e-05	0.00412911246279693	0.0717160866940175	0.893348386776633	0.0143795770320594	0.0156665222455254	0.0002863286481658	0.000101061799363204	0.000277170312908169
0.00426581951634904	0.000560271888100223	0.0681924616225763	0.897744486863269	0.00936860754761666	0.0161429338114009	0.000689319609180549	0.00216969726427018	0.000866401877237594
0.00175154352157608	0.00612407113442635	0.0649824050849198	0.904745953632831	0.0136115950088922	0.000782092304554883	7.18377315793131e-05	0.00624732002595809	0.00168318155526225
0.0688930926134883	0.0182004064519947	0.0937368072042718	0.76818653489532	0.0120432351541673	8.92235655502677e-05	0.0102246401354117	0.00351506048408886	0.0251109994957071
0.00109392857570085	0.00132016934387095	0.0616019387212745	0.907048165574164	0.0074336159949404	0.0129342922799325	0.00118168658904678	0.00607001583920948	0.00131618708186106
0.0759943989374292	0.0152242998994589	0.174880444484342	0.630174040124562	0.0138761050768959	6.04605950716407e-05	0.0310429786812289	0.0140211064313768	0.0447261657696344
0.000211250287252619	0.00787578478514186	0.0611619456660412	0.907086110595514	0.010798227454847	0.00685383460376358	0.000873408035106131	0.00252488075129258	0.00261455782104127
0.000434491741917601	0.00314721377808811	0.0695499312476457	0.902070920698078	0.00903470868599715	0.0065628631672725	0.000350356617378116	0.00809889235477356	0.000750621708849303
9.03158395582277e-05	0.00329563852910542	0.0658670453952088	0.898167773477037	0.0122842166431438	0.00383892759517662	0.00095904543451552	0.00953195092575606	0.00596508616049841
0.00156120151062867	0.00164925111262855	0.0718481632028686	0.889928067108669	0.0107893493036862	0.019620819892319	0.00108776978942391	0.00345535866314825	6.00194166279646e-05
0.000102879167092562	0.0127535158262769	0.0673945250716783	0.880688701780787	0.0153159147076323	0.0167249465558104	0.00197497647132757	0.00453887565569373	0.000505664763701473
0.00080264869820876	0.0051089637975926	0.0677204346842754	0.904207047544791	0.0121889179308942	0.00119086975285277	0.000352000607447164	0.00830354290580121	0.000125574078136699
0.00154663428862506	0.000214509158993743	0.0631163858358056	0.903442741165018	0.00690900760932501	0.0228467159082403	0.00061133564855926	8.62926019751144e-05	0.00122637778345779
0.00965166984665111	0.00343826751820895	0.0796886782486435	0.890805447444751	0.0038777934474994	0.0018787326566384	0.00204389868812616	0.00496294081476616	0.00365257133471547
0.00570097973628895	0.00218777796871743	0.0669788400123622	0.884529145507609	0.0138531747864463	0.0242997843970586	0.00129570409673077	0.00111937241518962	3.52210795969476e-05
0.000660024460733892	0.000230339632674905	0.0627085477353136	0.906913512622509	0.00859104197802788	0.00701654168232835	0.000507226245930724	0.00903461746603647	0.00433814817644465
0.00871416139400122	0.000763724782876779	0.0653114162489723	0.906943498769504	0.00450236613128509	0.00837039664608536	0.000530404355718892	0.00451082809119826	0.000353203580357563
0.00141600262144588	7.48778200892435e-05	0.0748767426447222	0.890832399645079	0.00932877386263617	0.00886726042366462	0.000724253354757288	0.0137410645991064	0.000138625028499092
0.00660279862001102	0.0156261176619693	0.0595810051190512	0.898250766102608	0.0165030292536407	0.00187959613454637	0.00091999312780268	0.000498381711698637	0.000138312268672002
0.00378214128638021	0.000383523841020719	0.0674683827437728	0.90016784051933	0.00822349470883242	0.0152531688588954	0.000400357451780472	0.00318601256262145	0.00113507802736653
0.00883185686018811	0.00461558584427624	0.0675983918622665	0.897867568687307	0.00803842987401164	0.0122993847026438	0.000553237575967966	0.000145192473801537	5.0352119537475e-05
0.00218422494672575	0.00549896460974242	0.0707281254210924	0.896757141536677	0.00779355776858793	0.0146285153866801	0.00129629033002178	0.000947535892201088	0.000165644108271473
0.000590597480577117	0.00119581289988342	0.0835981007476345	0.876495896859251	0.00931640463018657	0.00031572927397117	0.00179805778341486	0.0216895946991802	0.00499980562590138
0.00933572629122371	0.00059797157999333	0.0648619275787438	0.881357456449234	0.0177435981760773	0.0245571076118828	0.000229317479757886	0.00124267576481725	7.4219068269461e-05
0.00029034807626464	0.00907427026581578	0.0733687981257317	0.893821615988292	0.0106606009105981	0.0115707622797654	0.00100240430767392	0.000123278689651914	8.79213562068208e-05
0.00313023753114621	0.000661210018209987	0.0632891802688002	0.889136409393072	0.0133529718236737	0.0165565108368083	0.00102022178862401	0.0050040486198196	0.00784920971984588
0.000510653139294922	0.000449601091118623	0.0636674783515271	0.901011722548604	0.0123617582755677	0.00532287042529609	0.00110478829646035	0.0135499240435738	0.00202120382855766
0.000989052106785626	0.00189961939618046	0.0817651587313393	0.894259906572593	0.00659435950894121	0.00152367388246681	0.000948470146210195	0.010258925901359	0.00176083375412481
0.00318126196349339	0.00281354862581214	0.0641450894377852	0.905712837896116	0.00923089644597672	0.0124822293766993	8.90046124830849e-05	0.000531874270581824	0.00181325737105216
0.00056175900880133	0.000426537836432528	0.0660547147793715	0.903813792484916	0.00876196363835768	0.0138294238999835	0.000146039848023934	0.00404540243953074	0.0023603660645828
0.0460697023572663	0.000102753668870303	0.14340193745434	0.680768173494809	0.0111963403144333	2.09462903334233e-05	0.00823376084383419	0.087622722478779	0.0225836630973348
9.91114581116347e-05	0.0118073712417237	0.0618241866782992	0.898804686082737	0.00683259700657662	0.0160005455899902	0.000728679082627722	0.000110634268583045	0.0037921885913508
0.00207174840130555	0.0086314265832857	0.0670490444573744	0.890252860370582	0.00970481947142897	0.0185115120253317	0.000791672522601026	0.000459555454135066	0.00252736071395547
0.00937605798836795	0.000232124245532557	0.0770568149072522	0.887653859539739	0.00683856010722752	0.0039791705630307	0.00110982285501838	0.0135677182703599	0.000185871523472034
5.714279591789e-05	0.00560416391217387	0.0800486385201725	0.894050663318124	0.00374061413605284	0.000424341198455387	0.00264115684802662	0.0105942742714562	0.00283900499962035
0.00920643750857277	0.00879332805817509	0.0594542931857317	0.895651349030236	0.010554552735473	0.00174525320400761	0.000740338817209958	0.00801041381833126	0.00584403364226217
8.39821242278749e-05	0.00340373602507598	0.0743720171907805	0.898717985925699	0.00652321976845786	0.000764025894676641	0.00149832597008492	0.0145928928867181	4.38142142793387e-05
0.00314830019961695	0.000364437505968995	0.0657395629226399	0.903758062493374	0.00519646416085962	0.0207850607115891	0.000371043373996794	0.000485760144089547	0.000151308487865435
0.00132296007251647	0.00128603569984765	0.0642382659742992	0.906935704319794	0.00686175300143516	0.0108202030563918	0.000684514706919259	0.00106175238744138	0.00678881078135488
6.20866889685931e-05	0.00857961714727804	0.0682179943055583	0.894896696976088	0.0125924587279042	0.00426818431706837	0.00110341522476573	0.0102532278361919	2.63187761773813e-05
0.00117271897571018	8.43659549150789e-05	0.0715457142647523	0.896548196921033	0.0154666946406738	0.00386426164551819	0.000638804653227651	0.00925585349072109	0.00142338945344854
0.00316683389888294	0.00698488174598051	0.0695797510735053	0.893317038360411	0.015508914251955	0.00650625947250857	2.87003823945867e-05	0.00016553550719878	0.00474208530716296
0.000148452593127753	0.00250853790645855	0.0658193168428233	0.903248950536291	0.00891851823634393	0.00354925637198184	0.000714931503328521	0.00958237875553467	0.00550965725411036
0.000682176388006791	0.02872457987042	0.0717591599024684	0.888817696435324	0.00499518440804091	0.000385487298444358	0.000370085822963449	0.00260884588834497	0.0016567839859866
0.00132568372113917	0.000605624341106519	0.0814938140485803	0.88176362986012	0.00762355239636904	0.00104851796063992	0.000953204971259323	0.0177579783277209	0.00742799437306492
5.15413789241973e-05	0.000248936468320641	0.0734410768555072	0.899417695776736	0.014275579815351	0.00344921395144108	0.000510071224672929	0.00668121727036119	0.00192466725868591
0.00572224208101685	0.000150839194559763	0.0647240458841155	0.870624148270449	0.0242061316831268	0.0152478309217115	0.000521560053867297	0.000209093146222064	0.0185941087649312
0.00356961266049008	0.00144706780380878	0.0623715732014533	0.899181478267979	0.0185463123967047	0.0098335004724662	0.000571731180213057	0.00244881474182596	0.00202990927505935
0.00209363189970648	0.00442387884270065	0.0643509015410438	0.898455687995061	0.0132939047263299	0.0160998509940903	0.000250574493719605	0.000915375372127179	0.000116194135220923
0.00837562339373824	0.0127949901329168	0.0642068559759447	0.888990322172922	0.0148299244103276	0.00241677651621103	0.00286339356001772	0.000172773051223651	0.00534934078669803
0.00490546860028191	0.0024660442424956	0.0695895301500602	0.893903624566271	0.00755459542599137	0.0176808993445017	0.000579980798774372	0.000624763673784411	0.00269509319783965
0.000194831217075731	0.000227334939530517	0.0680753743714781	0.897311351771326	0.0114371488839139	0.0186358273243318	0.000186015733934032	0.00214756385579145	0.00178455190261806
0.00091159460428335	0.0159751312634868	0.0661018197823391	0.891291934873479	0.00989973162967977	0.00915251408821982	0.00135046953666387	0.00114892021559188	0.00416788400625605
0.00454167389177689	0.00252943674794066	0.0584206891088302	0.913503581347496	0.00314863121419539	0.0156739866259477	0.000169790516627365	0.00106089374295823	0.000951316804227703
0.00526583563383116	0.000131716603282946	0.0700217060154587	0.899130177987261	0.0088300088385928	0.0155863899402941	0.000418841636784132	0.000407747319135463	0.000207576025359544
0.000330035820062545	0.00833457753908099	0.0622631341055575	0.904541833201256	0.00964949215293793	0.00496098383362884	0.000410020445966976	0.00185748427265184	0.00765243862885687
0.000436498482991387	0.000826588769503418	0.0664691848949027	0.90999520129504	0.00781885773109943	0.0133282706949202	0.000276631675166909	0.000183862549116656	0.00066490390725986
4.54764950574496e-05	0.000196374783716837	0.0706673219201634	0.888891907098168	0.00889949674272177	0.0244583343529672	0.00067396660429394	0.00606618929366248	0.000100932709249227
0.000301924025012197	0.0170179777251194	0.0662161974038496	0.896042848183415	0.0115828772534464	0.00634393363314911	0.00110017778760409	0.00109983972711088	0.000294224261293522
0.00790083221582971	0.0167644929244194	0.0710819956056266	0.888730574878159	0.00953027694249929	0.00113535954814989	0.00117002670553195	0.00120775332249873	0.00247868785728523
0.00555533095000542	0.0195054676700322	0.0601508836331327	0.899434071241885	0.00568562495414803	0.00102713567408649	0.000327499497661962	0.0037098993132887	0.00460408706575921
0.0110282936583505	0.00216560294184575	0.0623896834821032	0.902759229779424	0.0061751987445778	0.00861793246638261	0.000428622305432884	0.00601892800070509	0.000416508621178078
0.000104861042340209	0.000233386095914322	0.0647683384158183	0.89906673652744	0.00450177076975873	0.0204106862733574	0.000462328769356058	0.000340787196902135	0.0101111049091125
0.000539100694319579	0.00185285607697858	0.0610874842569483	0.8983764798493	0.0199822711963763	0.0173029096529822	0.000133641183773479	0.000115954696422249	0.000609302392899746
0.00583788028165148	0.000334259815761852	0.0724052520649796	0.897926566527015	0.00928723132560254	0.00268901603613265	0.000438065237229206	0.010758386289484	0.000323342422143859
0.00292756214539059	0.00218051378785991	0.0737573242003901	0.884565754981058	0.00779993816577634	0.00414537498434081	0.00177721645120328	0.0126535066375871	0.0101928086463933
0.00189216406182638	0.00197379582887247	0.0751827535529374	0.894079206456504	0.00952772979073008	0.00969740365344131	0.000473525852119093	0.00323088632245717	0.00394253448111258
0.0390160585556861	0.000348845303458311	0.0903450251000029	0.796305700635539	0.0158227268939932	0.000139645032211834	0.00348290327535323	0.0336468781539425	0.0208922170498128
0.000157262146376355	0.000246820650193249	0.0689373721354826	0.896344541911076	0.00618489571782539	0.0250357178871883	0.000243050039995425	0.00143027644106947	0.00142006307079313
0.000773779585954103	7.21529780838625e-05	0.0631451716938167	0.900554917832931	0.0122660105026781	0.0137064923314279	0.000129521468621841	0.00644162015588957	0.00291033345059716
0.000802083764595921	0.000929048489567321	0.0683053418793124	0.899797886252429	0.0186622063030173	0.00746320305561682	0.000505424930216462	0.00258520352338275	0.000949601801862096
0.00289368032014344	0.000186159347582519	0.0624351114334526	0.903171120897583	0.0126294351252737	0.00910943289176568	0.000975303890381836	0.00726599402455881	0.0013337620692584
0.00069295044797921	0.00066649629126997	0.0614162168480704	0.910837018989822	0.0088707934684337	0.00305760873260702	2.44709952020986e-05	0.00832938461455888	0.0061050596120569
8.02066131331142e-05	0.000281105437184049	0.0643373701397757	0.905054705626597	0.00573195779532265	0.0184275156291136	0.000221139812839506	0.000105785643519392	0.00576021330251499
5.20105472748012e-05	0.000439251903872192	0.0634999405512932	0.897752139542729	0.00953900020238064	0.0102196307000185	0.00031555180280284	0.0064828020712193	0.0116996726784097
0.00189160520684383	0.00711513227369253	0.0630628391997124	0.903437770701352	0.0105788651002272	0.00635954310223904	0.000352573115671348	0.000542267498821417	0.00665940380143973
0.000308010081404504	0.000417763220517081	0.0771548397681291	0.890245259269326	0.00695228906378676	0.0150419496389401	0.000340525641089422	0.00928340990993259	0.00025595340687414
0.00198284879913206	0.00597148602491393	0.0677117055117248	0.900329445351691	0.00612863797935425	0.00574957926838515	0.00244326510643174	0.0079706974730862	0.00171233448528087
0.000370012381126601	0.0102417469889372	0.0753502919619481	0.902400785639562	0.00582890890380225	0.00130481750311122	0.000616023126629759	0.00376586325744506	0.000121550237437436
3.99414320798691e-05	0.000763286742381296	0.0759905613378	0.903248190264931	0.0100974102803511	0.00233560597384616	0.000630336263505755	0.00573252283314747	0.00116214487195685
0.00665543590754821	0.00100903641982569	0.0657019238729068	0.900818722856418	0.0122613866095303	0.00916605877435195	0.000462600996502967	0.00140841369861514	0.00251642086430113
0.00251920989414261	0.00528209587423888	0.0644127982957537	0.899303228312594	0.0088663468939832	0.006353781125652	0.000277950590625984	0.00721374850473836	0.00577084050827094
0.000292458974039456	0.00837661638805954	0.0627034987179981	0.897792629944078	0.00961024029404931	0.0103517157363174	0.000947045456754647	0.00648579595192683	0.00343999853677644
0.000136250626302218	0.000908010243852858	0.0644480295084516	0.906416438861199	0.00597203396149232	0.0191134894670898	0.000130304243483069	3.79154724928449e-05	0.00283752761563618
5.35436583516235e-05	0.00190422109185108	0.0645646985422588	0.908805869108424	0.00830719063053289	0.0114122750029255	0.000286347755775884	0.00460859190849797	5.72623013821029e-05
0.00314772990289994	0.0108484019518417	0.0555025298867232	0.91217514960306	0.011749177076487	0.00367681092566381	0.000380427406855492	0.000141948085359262	0.00237782516110915
0.00246929591801472	0.0181219216104667	0.069802567000658	0.883401858968134	0.0146718271525221	0.0046161684156032	0.00150089395828045	0.000883219412029337	0.00453224756429159
2.55230192874578e-05	0.000609220987732471	0.0671240447838053	0.906753675926751	0.00968369533910826	0.00502456184334347	0.00114867245489796	0.00960769666610252	2.29089789715096e-05
0.00379435104416448	0.000241307570671229	0.0740736539405938	0.882106807511726	0.00929578001072701	0.0168515349557459	0.00173321206987421	0.0118812391187072	2.21137777905488e-05
0.00158862780984046	0.00754937416280021	0.0626487288508874	0.903322965079407	0.00705344748591542	0.0128537301658889	0.000593165496601562	0.000215751913434751	0.00417420903522419
0.000712330214872384	0.00883141599436132	0.0724155924342552	0.896591514665346	0.0102730076682618	0.00801983483842561	0.00101597891534205	0.000898431357800871	0.00124189391133525
0.00409480674036223	0.00169761716326289	0.0800248303485764	0.890250888506559	0.00614948926886115	0.000844039420788082	0.00149955816446908	0.0151243628634701	0.000314407523650953
5.0808316508885e-05	0.0113850505332928	0.0619876083315022	0.901812437456031	0.00728101655159227	0.0144399825727126	0.000665608982369314	0.000269760891639553	0.00210772636435157
5.3548381237612e-05	0.00864948105445635	0.0669526495335739	0.902007248957306	0.0137895615935424	0.00388405818735488	0.000217839981184075	0.003797072231443	0.000648540079901379
0.00524954534279487	0.000844837237394204	0.0694040150975055	0.892469077181976	0.0103660073667921	0.020333993579918	0.000907785287378464	0.000300079944001609	0.000124658962239229
0.00265574220099222	7.56325662236057e-05	0.0690288019795448	0.874114394590516	0.0118668669639932	0.0146924715996348	0.000626419538369073	0.0181431379536876	0.00879653260703823
0.00342691170754575	0.000572094566193902	0.057484489485252	0.910667568764604	0.00956483437783345	0.0166138465572592	0.000262024999399868	0.00108658149834954	0.000321648043562622
6.63135288898527e-05	0.000662326018304577	0.0736469433410698	0.891296088262634	0.0092550744535196	0.0233627570212256	0.000227728127849171	0.00130845203568194	0.000174317210825579
9.91663470229171e-05	0.00183892878803385	0.058712843201472	0.910046561048046	0.0080836292368521	0.00947163522660503	0.000465106755724795	0.0049452142512152	0.00633691514502796
0.00541008248648768	0.000952142516436073	0.0684780663820885	0.893803578982262	0.00919391894893452	0.000967481587415489	0.000504277305125969	0.0150417115359997	0.0056487402552498
0.00188847407395165	0.00975788248258954	0.0612804886011918	0.906266979410313	0.00636681645070092	0.00830210243358831	0.000457246714448271	0.00110574425963945	0.00457426557357737
0.00830176869313265	8.16254924652219e-05	0.0663511687468398	0.897924621563231	0.00685205178005783	0.0193991413951105	0.000166139372235029	0.000432819368635212	0.000490663588292511
0.00371482219951565	0.00416421547551111	0.0657125295319695	0.898959225187342	0.0172958550173102	0.00912447863922708	0.000372842699641319	6.13782416799412e-05	0.000594653007802995
8.91447531945404e-05	0.021077424214357	0.0693566952537059	0.896912191272423	0.00511156269726267	0.00192651492718522	0.000667546734698004	0.00401858211657672	0.000840338030597285
0.000497743534811552	0.000225027983179812	0.0692507531844846	0.90687456568427	0.00687328709236671	0.00570269988520947	0.000299309181787393	0.00955852363221639	0.000718089821673723
0.000310837697599637	0.0119195527741569	0.0616701495327501	0.911096507974421	0.00634897319211043	0.00492929184590451	0.000640265489123645	0.000153090492020548	0.00293133100191349
0.00010226900242305	0.00763640226144743	0.0609414807762362	0.911197808091023	0.0109011302511739	0.00371949689031298	0.00103532317027097	0.00248087883020127	0.00198521072691138
0.000526478148598481	0.00131293335713817	0.0657682500921462	0.901940338074889	0.00639752367217386	0.0225403137535483	0.000375547920957658	0.00108756864785851	5.10463326894038e-05
0.00365195432186566	0.00119203644978101	0.0561115037010398	0.905592155595588	0.00581358256027436	0.0232875352868591	0.000640758517375991	0.000856707911532069	0.00285376565568441
0.00048751271535503	0.000716636461511593	0.0783678500366542	0.888444463781103	0.0119956239355238	0.00190620564905856	0.000833243319943945	0.0171830894187981	6.53746820518738e-05
0.00892660494263877	0.00337777038601511	0.0628552389272373	0.900510319070582	0.0106458085811242	0.0117425413890315	0.000504367440968154	0.00105564371360985	0.000381705548793603
0.000676700381896266	0.000266880741831004	0.0750562163929825	0.898253973799252	0.00874208726362904	0.013981186705215	0.00045458297771289	0.00216214651273755	0.000406225224744142
0.00026579211231452	0.000183691318342289	0.0724677514106877	0.896654860489402	0.00574658403765975	0.0115199621326404	0.00046295150195795	0.0120438042947374	0.000654602702258587
6.01355850529998e-05	0.00509946465719068	0.065797787728534	0.893792530508481	0.0246785552606024	0.00308995950744601	0.000346006682224764	0.00709840310410073	3.71569663672113e-05
2.61017289066566e-05	0.0120052868784065	0.0665391351757067	0.911456490182943	0.00658987335042763	0.00279150132565357	0.000250516507170205	8.20353146164191e-05	0.000259059536169885
0.00012431618659983	0.000212101908354585	0.066592081026006	0.895543071051078	0.00983082811291979	0.0257998716347571	0.000220815083307701	0.000167589180816543	0.00150932581616069
0.00052481973372918	0.00891104605708254	0.0639311577104145	0.904578355772278	0.00925274533113546	0.0101441027953238	0.000469100429378406	0.000261539825843656	0.00192713234481416
0.000185851163244718	0.00496686228126059	0.0714054650843078	0.893504063913066	0.0197637611102227	0.0056037716883528	0.000985010108397528	0.00291562082450662	0.000669593826641559
0.0024042627231312	0.000954836198841366	0.0600088413461488	0.907710876186436	0.0109314786483701	0.0153993769343873	0.000248977045497496	0.000404641420885487	0.00193670949630182
0.000111351755586894	0.00520475204039618	0.0667756422996893	0.902905137902899	0.00900577244177509	0.0112404405158652	0.000700869042485956	0.00385073415332497	0.000205299847977424
3.9807290584198e-05	0.00027506389540793	0.0662154279892709	0.899313863767621	0.0173819855770196	0.0121269826494732	0.000265246989666091	0.000837027802059631	0.00354459403889751
0.00259034223845769	0.000183310078645571	0.074845342196001	0.899998435002573	0.00954547423614001	0.0106651981492193	0.00053417533888962	0.00148303079492392	0.000154691965149444
7.45668018609505e-05	0.00276886499076281	0.07454402093746	0.896792278727915	0.00518641016943951	0.000886083250242548	0.0012829985750333	0.0144630835106254	0.00400169303666034
0.0076869368980372	0.0120360355188031	0.0633723757931949	0.906891407866577	0.00570814517826541	0.00253420030852148	0.000884443766989866	0.000195099095890238	0.000691355573720275
0.000880265962109152	0.011405195028339	0.0618153322245373	0.896470719268435	0.0125546650723768	0.0147979195250537	0.000308334114510688	0.000148302420295353	0.00161926638434354
0.00775724909337047	0.000741256128532184	0.0626366851499276	0.890315739965555	0.020324027197785	0.0106048320867137	0.000824717674611156	0.00621332057357968	0.000582172129924627
0.00143272867096498	0.0180126256119226	0.0639803581979974	0.892731857773779	0.00716399577869415	0.00487845187879461	0.000909719919640239	0.000450508400092856	0.010439753768114
0.0292981730257788	0.00318342959338836	0.0748329523678581	0.84882634102718	0.00736784242503425	0.000143639493539175	0.00626244999298582	0.0130930036334803	0.0169921684407544
0.000633011288707821	0.00176639868971199	0.062874108743108	0.890786667251478	0.00964674106259134	0.0162296019822761	0.000448434499566371	0.000271377908115892	0.0173436585744449
0.000501211081052948	0.00843348799627493	0.0597185873710893	0.901498441799447	0.0110366472582702	0.0111387115830443	0.000385639820120751	0.00462917248799107	0.00265810060270955
0.00251526444717976	0.0013833630796804	0.0636410903203461	0.895856146637398	0.0102294962627701	0.0161646863818071	0.000374110300351911	0.000231629131792337	0.00960421343867395
5.28999227274031e-05	0.00184923045572023	0.0684349222095024	0.90477469140872	0.0118230786178347	0.0112056435487288	0.00082966011994069	0.000789940609563189	0.000239933107262802
0.00184613660405355	0.00309292390144893	0.0589167570434711	0.901394698678575	0.00858125940056339	0.0202040896448806	0.000202657896513799	0.00552505103812977	0.000236425792364111
0.00182079901641839	0.00114484130365947	0.0714896894725616	0.896338941379634	0.00788705344581871	0.0192656171421137	0.000539564305401597	0.000830927644729975	0.000682566289662591
0.00221873796157083	0.00193688955146725	0.0748221104078747	0.884572026812149	0.0111237977934435	0.0216528974329768	0.00105481559486675	0.00256726751384325	5.14569318079153e-05
3.68868753545358e-05	0.00790951758811641	0.0709496321631378	0.90788907785323	0.0059945610288979	0.00280729883064871	0.000975115594585338	0.00182284280080839	0.00161506726522087
0.00918131424366311	0.000931615551803276	0.0615083563730008	0.900855186354107	0.0155423647898017	0.00217140619361403	0.000792146166393145	0.00882735726468809	0.000190253062928546
0.000223405956423827	0.000672432383787434	0.0647458133402797	0.90384889174653	0.00829556625159596	0.012455673140574	0.000407917994862204	0.0090166457564363	0.000333653429510633
0.00730294569450718	0.000207114538475432	0.0671289548520394	0.899997507756341	0.00524473940042997	0.0185841416204666	0.000279419246098554	0.0011921962247351	6.29806669069906e-05
8.02679384711899e-05	0.00540767644189439	0.059462556204494	0.896146651404067	0.0089321332014911	0.0197522703338829	0.000520035207019293	0.000114823417229761	0.00958358585144987
0.0067381278357176	0.00447336754605822	0.0646798610242897	0.908724538464015	0.00990701653087513	0.00231517048149467	0.000402613367628286	0.0010128532214122	0.00174645152850945
0.000342201491656628	0.000348930968408184	0.0711005609637953	0.889612413170382	0.0132568207910747	0.0235323268107115	0.00158336277334019	0.000112314118490054	0.000111068912142088
0.000168938063719465	0.00135656636595826	0.0706401972483789	0.900235276152121	0.00514383609813932	0.000450971782182888	0.000270311236425329	0.0159006384053905	0.00583326464768411
0.000125721047394644	0.000887145045403529	0.0610598911896592	0.911250665948766	0.00567373326766177	0.0162018334562439	0.000441666813564006	0.000552368896351991	0.00380697433495516
