Bcells	CentralVeinEndothelialcells	Cholangiocytes	Hepatocytes	Kupffercells	LSECs	Mesothelialcells	PortalVeinEndothelialcells	Tcells
0.0677134088872645	0.000271613788307835	0.000909732660436668	0.483830019569679	0.0789804260663597	0.0114465016845437	6.68192763493499e-05	0.000287443145437665	0.356494034921621
0.0695973139424085	0.00127201672173184	0.000294325551992292	0.437423480872751	0.127865500184243	0.0166642089680629	0.000888202201388529	0.00803782388637001	0.337957127671052
0.147449311984977	0.000599191221679918	0.000494318574586184	0.448345528172547	0.0448477366778736	0.0312754993844358	0.000121263455727507	0.00906098866029055	0.317806161867882
0.0862337101519847	0.00954650475797227	0.000219211128511284	0.452086922091002	0.0843988465975296	0.0167487099997506	0.000401762737456319	0.000659910665203248	0.34970442187059
0.146613913860812	0.00782619422369532	0.004640322953958	0.427750012350397	0.0836920680023397	0.00862634976700054	0.000182097905003303	0.0023409576185618	0.318328083318232
0.0755676563585779	0.0165158957674751	0.00191407722543972	0.477748413656215	0.0261974687014664	0.0535584001493378	0.00387300083390414	0.000647470165688732	0.343977617141895
0.058298818344449	0.000858495373751925	0.000493686815929806	0.482445282633351	0.0666583899570785	0.0352419437138407	0.000782431869215156	0.000449331097187949	0.354771620195196
0.192005022548769	0.00121013862766826	0.116061245315997	0.277024457615613	0.0431331442155669	0.00267713696780859	0.0747060135656959	0.0273327312221916	0.265850109920691
0.053663543821598	0.000723447139911448	0.000442993564719848	0.532224042435675	0.0482767532255373	0.0315623404839317	6.26554203519717e-05	0.000508722918725687	0.332535500989549
0.0625549122756625	0.0118927789445943	0.000333706899003531	0.514363727909607	0.0296305763739466	0.0151600401236935	0.00102454928536153	0.000613051187000532	0.364426657001131
0.183840506382446	0.0160135716564189	0.13183230142479	0.270812509218759	0.0345918943182066	0.00543521726170819	0.0708946849163773	0.0886892948113377	0.197890020009956
0.0469302662287375	0.000211898620856324	0.000299602112594186	0.452182256105732	0.076065178569848	0.0663696276900907	0.0001168031690224	0.000429718732088162	0.35739464877103
0.107629195871679	0.00341190069936655	0.000170479110554468	0.42992603448826	0.0544244470716334	0.0865239887957541	0.00012583586180308	0.000589354843917657	0.317198763257032
0.125516327775908	0.011135082116461	0.000287306728031793	0.460994805545613	0.03736245318535	0.036301909352256	3.47197264455328e-05	0.000287464949313434	0.328079930620621
0.0704818411998027	0.001347292345339	0.00937023919278924	0.420607576557788	0.0932196794899655	0.0295268722901298	0.00135428197242799	0.00127706123726088	0.372815155714497
0.0967790841086981	0.0212019816099041	0.000256303280763208	0.45308801678236	0.037244347951812	0.0641995484268149	0.000910453684580035	0.000186081927471548	0.326134182227596
0.129418888581092	0.000955537134855447	0.00271820861015756	0.423713071623135	0.129804407728759	0.0223654448620456	0.000149473895571305	0.00433673666818158	0.286538230896204
0.082630228398235	0.00276093628584459	0.00174230002800145	0.566809438423437	0.00444247004681903	0.0280876415643763	0.000485930176790562	0.000220522219399521	0.312820532857097
0.0596627254053048	0.000356453395646155	0.00282079812889525	0.50057915540242	0.068297721746588	0.0146213524713139	6.1853247618774e-05	0.000335443525959049	0.353264496676254
0.11488727235915	0.000328751821079434	0.000478312261399049	0.455428050910495	0.0879617791686852	0.0269633224131273	0.000185466845056011	0.00321741832753111	0.310549625893477
0.0946080425277613	0.00332390171821506	0.00111362223014046	0.445093418618535	0.0367492740924917	0.0812862066670387	0.00151673899080302	0.00397954490540344	0.332329250249611
0.0412388088039024	0.00503450858309377	0.000274122166833276	0.463802605529045	0.0499389752866444	0.0731598576925301	0.00246203619199129	0.00327119000063606	0.360817895745324
0.07159447745474	0.0455596520576324	0.00380565539940827	0.473499931467689	0.0380033936102499	0.0368618843273029	0.0173702673592008	0.000589384075591871	0.312715354248185
0.107593949585034	0.0103505043273711	0.00138282574238302	0.460753226652461	0.0312036470682591	0.0256947344014679	0.00033304151402605	0.00032613785488708	0.362361932854111
0.109748466461435	0.00151939668568282	0.00225030148093065	0.409667947367694	0.0730258403484921	0.0341184197258789	0.00637149257440086	0.00793883441387375	0.355359300941612
0.0928889158301612	0.000320827562548281	0.00458410148431797	0.471363092603925	0.0723668236511806	0.0178750980095242	7.25894786229226e-05	0.00054143390204876	0.339987117477671
0.0726607568404042	0.000896634934231356	0.00124867056938299	0.485751845247266	0.0644639656932321	0.0378498214972561	0.00286596723657808	0.0016825143326133	0.332579823649035
0.0854887545004942	0.000328463665337962	0.000421535970086973	0.476682280760809	0.0391251363310342	0.0289218737716027	0.000701267889357934	0.000390683039019299	0.367940004072258
0.110952963163343	0.00040526469820167	0.000110346355883763	0.480318682976363	0.0428935918037867	0.0277250165761047	5.14666228108295e-05	0.000953213406893196	0.336589454396613
0.126235115187855	0.000552859250857489	0.000493967442779766	0.407930802489483	0.136133523723194	0.0302665829850602	5.21217828742292e-05	0.000784998374455665	0.29755002876344
0.110206530090424	0.00567876197614202	0.0187175185420123	0.432820944583543	0.064591422023801	0.0315611615981976	0.0012533402550973	0.00271339896838702	0.332456921962396
0.0674546131638844	0.00103003282721374	0.00531138495015451	0.471620856201067	0.0831098889559882	0.0292073399799754	0.000186145476075771	0.00334204098787697	0.338737697457764
0.135084524217235	0.101804355085872	0.000795048659897298	0.367907291699693	0.0401327446503982	0.015214032327647	0.0989772738859879	0.0206713947813518	0.219413334691918
0.0519402417227387	0.00150902881400117	0.000236812277458727	0.490981550052898	0.0274585777736087	0.0565808153386989	0.000511146004361363	0.00636039450645735	0.364421433509777
0.108442231786809	0.000389468251868186	0.000173748313036196	0.460426609820606	0.052560211106661	0.0585198909209765	0.000114105550863174	0.000253197732031842	0.319120536517148
0.0507679322270458	0.000376762626008296	0.00022059521114961	0.465297125162558	0.0711250200220244	0.0279481897647392	4.18647762478909e-05	0.000353492069567347	0.383869018140659
0.133726956887526	0.0493894437691476	0.000604347988798337	0.392193871737215	0.0703591384782044	0.00678230252545908	0.0390079844272696	0.00467384828842669	0.303262105897953
0.0848927729480348	0.000554864796662905	0.00339083794824107	0.479318935663394	0.061265300768829	0.0129018301372978	0.000354472032413156	0.00592924179852683	0.3513917439066
0.0791780231176605	0.000116498935072751	0.000276996812281329	0.491344580337721	0.0801765838434524	0.0101896641973545	6.92002664801988e-05	0.000263293986842784	0.338385158503134
0.12746869526558	0.00023873540944643	0.0016625668310102	0.44312426824534	0.0619779635442174	0.0226685868292114	0.00353120641042361	0.000374816612444518	0.338953160852327
0.083899750045055	0.00130195486363361	0.000176203238492744	0.493840871793005	0.0290828554714751	0.031162113466784	0.000455636404642972	0.00105991924835832	0.359020695468553
0.129011707480145	0.000413760253057793	0.0596753668698309	0.407229955584592	0.0303616002346685	0.0144291795184535	0.00507524714435794	0.0284399059455733	0.325363276969321
0.0500782418702189	0.100163040875206	0.000506455193860042	0.453261686468602	0.0119442148053093	0.00256035426819758	0.0337202258478609	0.00121992190010178	0.346545858770643
0.0842620928476653	0.00117816333787924	0.000130962373325141	0.460694967773432	0.0694122019346516	0.0480261214038063	3.58429212776054e-05	0.000385950828929692	0.335873696579033
0.0627455252132709	0.0151539587579783	0.000532987504024271	0.439712113900435	0.0744465244629204	0.027132040928687	0.000620645536110348	0.00175418598837589	0.377902017708198
0.133912955986699	0.00155600700824469	0.0288026921707868	0.417633656863266	0.0259730903088694	0.014321439474699	0.0594214608936187	0.00638452006956332	0.311994177224253
0.083320181339389	0.00811345157849581	0.000875854118408176	0.452377628442005	0.0445205898746244	0.0663143125372137	0.00992281879836486	0.00249193881557431	0.332063224495925
0.103665455088043	0.00951846840575161	0.000371303309827184	0.435664217570591	0.102562633487071	0.033041272687732	0.000840027161468573	0.0043312770477912	0.310005345241725
0.0445609203249912	0.00212832782728738	0.000324156184042789	0.484965543560482	0.0981501930870989	0.0392431811868943	9.93346592583442e-05	0.000500801238210841	0.330027541931735
0.0420555098108265	0.00169021047642169	0.000223989489992612	0.485002398675963	0.119711173614018	0.0222907683160035	0.000177362998068543	0.00031250795901886	0.328536078659688
0.0610941692381494	0.000729725516026282	0.000291698127860925	0.483272430999289	0.0821542637932612	0.0199688560665133	2.66837908288752e-05	0.000581536382013512	0.351880636086057
0.119268501521238	0.000634443554917717	0.00975267407523383	0.419673065008327	0.133014913261488	0.0249946427777701	0.000207912215339948	0.00431108132625863	0.288142766259428
0.0773674989605516	0.000350030360536389	0.0276034686491966	0.509757856136077	0.0518972174666937	0.00348944895150688	0.00335749373284111	0.00700580258724798	0.319171183155349
0.0472172378050153	0.000453879215237938	0.000535884998976802	0.441524065880152	0.0438276185332124	0.0447205717010013	3.03437340909495e-05	0.00420401174656931	0.417486386385744
0.111842065731882	0.002118632723879	0.000206410478889865	0.50011968663094	0.0176262442888771	0.0228014296586501	6.62902115734623e-05	0.0033808795192383	0.341838360756071
0.0492481618311888	0.000754547466720395	0.000750236502802836	0.504564813634638	0.0288943125833151	0.0172354305390404	0.000106577578736716	0.029466167560541	0.368979752303016
0.0587235343865685	0.00086820056196418	0.00161029819115469	0.439327748291976	0.0838400112110307	0.0461155846300341	0.000706568391964036	0.0051714260488606	0.363636628286448
0.107481815575686	0.00123012157020638	0.000247639953620444	0.450003171486636	0.0491853837430967	0.0556318833425207	0.000103700968515234	0.00149965806110626	0.334616625298612
0.115292118344561	0.000722977338936004	0.00883919070569573	0.492707685643893	0.0190456701048421	0.0245799859621551	4.86933341578364e-05	0.000317063479340374	0.338446615086419
0.0675054713110589	0.000362567033756533	0.00125697579612308	0.441663305475119	0.104182514697569	0.0371870211309075	0.00313747303082658	0.000731307087523667	0.343973364437116
0.0384761984853203	0.0172997792599116	0.000253596681080627	0.492116237932769	0.0342419660147761	0.0320564488859291	0.00683204722277142	0.00103810610014197	0.3776856194173
0.0605436199673272	0.000530768185723367	0.00103656711181212	0.461843493126325	0.0540172180454993	0.0375574358240174	0.000213009212842122	0.00297883905875083	0.381279049467703
0.0956197788622352	0.00334756502887891	0.00105661414304436	0.41911836106748	0.0384156076022368	0.0410498322109869	0.0139653535224166	0.00120429472658838	0.386222592836133
0.0731802426270718	0.000886744037488861	0.00156031723225758	0.472752918771118	0.0877894666046683	0.051989370208321	0.000888199950659279	0.000756852328430022	0.310195888239986
0.0640686904487899	0.00083376257560045	0.0164964309012704	0.491189094751272	0.0387993501927106	0.01376673240331	0.00263628629736193	0.00143472183126887	0.370774930598416
0.0572585690604861	0.000328392296352879	0.000512334654192232	0.424366262239965	0.139118269745857	0.0448376168339002	6.36192138104163e-05	0.00249440196680989	0.331020533988627
0.0599070075106811	0.00130245001772168	0.00615783689925471	0.443326759038126	0.0832363511316622	0.0554595912520386	0.000291800215839675	0.00299512674932706	0.347323077185349
0.0649608289729858	0.00073943911552883	0.00465352092718163	0.479955221190861	0.0951197021621338	0.0223350709858291	0.000246636169646796	0.00117006618145532	0.330819514294378
0.0524114009138726	0.000487229541613941	0.000308419561539484	0.503936726120019	0.0233417612056766	0.0329077700902253	5.06106900184165e-05	0.000397678997882739	0.386158402879152
0.121706693288276	0.0464440418464406	0.000870906237285711	0.488073879815076	0.0263443038567177	0.00939862751758401	0.0218218529520954	0.00128983112555962	0.284049863360964
0.0615496094439501	0.000498235466597855	0.0192307578365124	0.449787016019556	0.0260328000995361	0.0247528963672872	0.000616437290902151	0.0505314606991658	0.367000786776493
0.107855769204147	0.000431159711952891	0.000584645650017245	0.445075764211224	0.0809197807819141	0.0336649936477658	0.00220085836541501	0.000171726488427454	0.329095301939136
0.134102169471533	0.00237272680558043	0.000410655303178755	0.457729956949228	0.0196944857816861	0.0569202949779724	7.86337526428811e-05	0.00179579695585338	0.326895280002325
0.0770332480559779	0.0568332318778437	0.000135954808748661	0.497270567255145	0.0187531997481711	0.0218830503231379	0.00355218023292892	0.000496189634337341	0.324042378063709
0.0590315731418926	0.00507578808040861	0.0576106017918748	0.428195809136304	0.0525427701521005	0.0135217222103854	7.85017541495577e-05	0.030636397316662	0.353306836416223
0.0897189463129469	0.000755689380075179	0.00293933788222636	0.439527010658611	0.10558120245156	0.0147135192958433	0.000101048437862116	0.000902945965915663	0.34576029961496
0.143465201580875	0.000479872772764211	0.0031326260787959	0.455404937768893	0.030653029395889	0.0515298650568845	0.00645506824379674	0.00109736847363781	0.307782030628464
0.119092599234472	0.000312224241921024	0.00596145779467394	0.373744343134059	0.167350221189437	0.0131240191428414	8.36260629750843e-05	0.00357664337034715	0.316754865829274
0.0634295617617879	0.00109497797775945	0.0126166428957338	0.427977937205655	0.0927714612372359	0.0701712270127484	0.00266631842541524	0.00375573929698602	0.325516134186678
0.0445459107998532	0.000323660812827453	0.0968826648306576	0.432531720880478	0.0204578792232873	0.0047734253925016	0.00313171633844337	0.0283735252159147	0.368979496506037
0.0592438631103488	0.00150777456433705	0.000351968437678838	0.500710014797745	0.112472912070183	0.0381657364757524	0.000118471853795102	0.00102527164347034	0.286403987046689
0.101881039372371	0.000668550894804853	0.000245245681373811	0.455296105576687	0.0453363831015365	0.0427471242590105	0.000561722149800809	0.000537480273738998	0.352726348690677
0.112679742907527	0.00283912548512628	0.00216316863798172	0.444680053855051	0.0901403751883536	0.0117190637806001	0.000490447679620538	0.00586328783089664	0.329424734634842
0.260431068709469	0.0040306112494942	0.114371235443689	0.21356183872615	0.047279840628377	0.00320188304489335	0.111994744538733	0.0149183198838999	0.230210457775294
0.0698939584689235	0.000805750706473415	0.000929603686858477	0.472268466985161	0.0321973307317745	0.049736295160099	0.00329501652825887	0.00144219966569155	0.369431378066759
0.207505280568732	0.0133680182992223	0.246746473042295	0.101197454445929	0.0271760101819201	0.00314553326295937	0.208601111808437	0.0150193695160495	0.177240748874455
0.0454187894966805	0.000551458141699939	0.000385195273860304	0.481894781936583	0.0692895246866444	0.0304414551931397	0.000776829970708138	0.000373496670553837	0.37086846863013
0.0758667611320311	0.0058584546882379	0.015361352026718	0.462297006130293	0.0552560605712468	0.0235856786337324	6.22373552026439e-05	0.00891793060825243	0.352794518854286
0.075233812075242	0.000814485492600269	0.0145825862770085	0.442959511673259	0.0858141957941126	0.0150699204310743	0.00115228230119668	0.0221125906015196	0.342260615353988
0.100481645314329	0.00257736488710391	0.00105332447102683	0.473469877614623	0.0763295075281682	0.0405829499857495	0.00294850504592122	0.00836928024554258	0.294187544907536
0.0778820672026195	0.00725759575584069	0.000404931710978872	0.411168084890004	0.0979338718097765	0.0631542391160262	0.013974012860522	0.00242257155302965	0.325802625101203
0.026941853708012	0.000606882604671249	0.005730709082389	0.521821851007457	0.0853176369423049	0.0114571316306339	4.76068307940092e-05	0.00930149913152355	0.338774829062215
0.0843245159413366	0.000887927431617289	0.000503174647656689	0.442500076417733	0.0415244383868792	0.0487692291685758	0.000100505537684646	0.000742688234292972	0.380647444234224
0.117943754460906	0.00110259150123972	0.0403380597501047	0.42045071251846	0.0121274207758431	0.00639725335632188	0.0208289361772258	0.00814261247798284	0.372668658981916
0.102402591481216	0.00137842206699926	0.00114707382972927	0.420611615105429	0.0893518779102392	0.06057787739498	0.00202088424526374	0.000645776809723863	0.32186388115642
0.103360065192386	0.000152473400728239	0.000239507358841695	0.448443919905282	0.0506729788779611	0.0218607489601782	0.000228233523062078	0.000358474553317388	0.374683598228244
0.0901853589450204	0.00125682498106107	0.000190210472693491	0.496242554946478	0.0206442658071019	0.0283556986680964	8.75644751376847e-05	0.000298587599875156	0.362738934104536
0.0718407720046753	0.00043996528299807	0.0030831813061759	0.49861081818939	0.050548733517693	0.0300545740060734	0.00225975262628475	0.00342441014547373	0.339737792921235
0.10021355460328	0.00657274540345286	0.00029468743193695	0.399729523836685	0.128242063876251	0.0208148857830072	0.000296630617322502	0.000916250284411302	0.342919658163653
0.0780898992035311	0.000517444648172148	0.00713624585411808	0.490148528539768	0.0487572975674845	0.0422872071358565	0.000159367420507708	0.000757958356057868	0.332146051274505
0.103920427490485	0.0032538383141389	0.000384502475734935	0.463138079534597	0.044338339004449	0.0286607514790134	0.0007788367945861	0.000711585991952037	0.354813638915044
0.0518829927026152	0.0137506827531586	0.00930673737262812	0.477398873981945	0.0446490225400156	0.035284924524894	0.00283594836290445	0.00314370696642188	0.361747110795417
0.0799827471934173	0.00195593644302418	0.113093739088639	0.396155030851496	0.0361180407647171	0.00813116696006033	0.0130811755113264	0.032850436428283	0.318631726759037
0.167502695827313	0.000833973731085005	0.000541302676938077	0.409952934232977	0.123035809590706	0.0506385736935747	0.000414152805093734	0.00141907516921746	0.245661482273096
0.0709253779353202	0.00642130533889829	0.00030597815874668	0.4885731819157	0.0806970245018121	0.0301045833340539	0.00354611628321009	0.000569422701957166	0.318857009830302
0.109374550467134	0.000612622504977559	0.000736031331319616	0.41652272061692	0.0895173114586429	0.048058835555006	0.000435777978889011	0.000571807126980923	0.334170342960129
0.0915976995981977	0.00328508605734872	0.000220220940323715	0.436105068138715	0.0872024014347644	0.0336859156353097	0.00103376015734245	0.000883784785481783	0.345986063252517
0.0577140815767473	0.00538188170417837	0.0453014323806055	0.492139403993465	0.0305308098389608	0.00625063244449413	0.00387093430444319	0.0243627200478682	0.334448103709237
0.0935179729818806	0.000814508722590455	0.000124357933755744	0.478328520490502	0.0612466942283825	0.0326426648106342	3.16744137944066e-05	0.00093054585004257	0.332363060568417
0.096000813167059	0.000455072748852926	0.00106808806750795	0.450220014337817	0.0501987027078487	0.0353967136685581	0.000143108128152488	0.00243631220481191	0.364081174969392
0.174442439316754	0.00601730953062074	0.244843268059396	0.12593581901626	0.0345680745310605	0.00179793261385526	0.0697522607074887	0.186675118195875	0.15596777802869
0.0535428754144617	0.00403817925330899	0.000220625258283371	0.479927052695022	0.0413826998535568	0.0614464632242526	0.00676801259495745	0.000774944856778465	0.351899146849378
0.0608623778478141	0.00568246645696581	0.000345917677382111	0.478445671942786	0.066762742549286	0.0377231400383307	0.00166553898021166	0.0141004041944771	0.334411740312746
0.0695082406227079	0.000364915501770142	0.0677972731797104	0.448113670588406	0.0318740758618031	0.00370330694298982	0.000229248464276966	0.0245813946354937	0.353827874202842
0.0486688491646375	0.00753169223639135	0.0217234349006274	0.481010816534917	0.0159731104675269	0.00334716080779129	0.0206428438335699	0.0207693926989009	0.380332699355638
0.103083132944855	0.00679973976829965	0.00200660711835786	0.432192691328811	0.0625218798265394	0.0191195356663741	9.36633730701743e-05	0.0115278299158536	0.362654920057839
0.0488896193899716	0.00228835951854303	0.0223172973993132	0.507802470964649	0.041552362690041	0.0052555292060166	0.00344212846111314	0.0270363053413205	0.341415927029032
0.0638042329732399	0.000249107482580865	0.000240709316677813	0.522544707310758	0.01988956310361	0.0479479182098872	0.00014812698465929	0.000128748832352897	0.345046885786234
0.0919340353731796	0.000826860228915023	0.000834866773082724	0.490150361812143	0.0342334927524751	0.0111316737131703	0.00236562529524949	0.000982122905454354	0.367540961146331
0.0735973819050392	0.00373147305920007	0.0200151586011558	0.466887861332799	0.0903866780997731	0.0117833949983601	0.00016696194346525	0.0293971560985424	0.304033933961666
0.102897108168637	0.000361658764054204	0.00239358657417075	0.45271393504323	0.113203958539042	0.0134277546621293	9.88357943952797e-05	0.00830197078774204	0.306601191666599
0.0518121376938239	0.00618909584947749	0.00318777863135911	0.464144378370589	0.116635447180805	0.0184516578099399	4.04619055070235e-05	0.000579876733898418	0.3389591658246
0.0834402040751215	0.00215262159078118	0.00487881924856039	0.462819838123631	0.0576624398274185	0.00903849163038389	0.00662098612179873	0.00647228239569887	0.366914316986606
0.0784089080651411	0.0795242544804487	0.000262308904400133	0.484685176119357	0.0123660974123389	0.00608017001749799	0.00224781913376543	0.000642695201681107	0.33578257066537
0.0621603396393511	0.00349056112619869	0.058918036390545	0.430093469125598	0.0317152498464683	0.00666125362447728	0.00113575440092065	0.0409430713781569	0.364882264468284
0.0335860349741349	0.000699519329078836	0.0181516097003246	0.464650596398723	0.115712716980715	0.0138313968114732	0.000227659266634109	0.00121108929081267	0.351929377248104
0.164541381595457	0.00104333033202991	0.00153060658067428	0.337827373509743	0.15901594728984	0.0276111641667155	8.56064210608323e-05	0.000379353198768502	0.307965236905711
0.0695802752616282	0.000819794666772391	0.000236416862713007	0.435263528421248	0.127920197783511	0.0177224568021525	9.76487778237415e-05	0.0011423172135363	0.347217364210614
0.0644784540955924	0.00761489710987924	0.00146613000539771	0.446855624000915	0.100500304798097	0.0211297401850698	0.000144319553790888	0.00231108541579781	0.35549944483546
0.158564229423254	0.00114722902836627	0.0130951634200874	0.379546621223961	0.0941049863320305	0.0223343123222715	0.0346036356501688	0.00652752158658051	0.29007630101328
0.108906919347528	0.00484345429060349	0.00140159130407228	0.486805764671295	0.0459794166141863	0.0366102653821962	0.000621232614750576	0.00131535815613002	0.313515997619238
0.0558478216553819	0.00166620504315555	0.000420763347504759	0.450045247161987	0.0682695949330352	0.0398559444038936	5.88153456758241e-05	0.000438094482454891	0.383397513626911
0.118872108116522	0.00776365579658506	0.000799377697352254	0.444150956576211	0.051951697413107	0.0463640338041774	0.00795362432768492	0.00788962936326209	0.314254916905098
0.0776008252247555	0.00173491895814364	0.000410223317653725	0.480168829259188	0.017785733028723	0.0449574609835723	0.0016627796249116	0.00105198446240079	0.374627245140651
0.10687111455135	0.000634158505543278	0.00877074422148655	0.448681344443242	0.0551962696891023	0.0264817492526638	0.000299569342119324	0.000476318335006418	0.352588731659486
0.0550291506946568	0.000757562678616817	0.00108451502991425	0.476698728168998	0.06343286082626	0.0328298185057514	7.25997143273466e-05	0.00392615208758853	0.366168612293887
0.0580315646479428	0.000354786411101771	0.000156522474200122	0.480126305596794	0.035071929152903	0.0332103962389273	0.000894984482421861	0.000262024564010038	0.391891486431699
0.0434413934747287	0.00053704598534677	0.00233114358574905	0.46954745311828	0.0515697052237558	0.0707247687170916	0.00085121435805922	0.000928475905203747	0.360068799631786
0.0706344132610372	0.0309256238147302	0.000409070123531805	0.472041729781688	0.0843321236230475	0.0260482465591057	0.00284557760184835	0.000759248011111206	0.3120039672239
0.104849005683932	0.0215241131172346	0.00722177847768242	0.427219247765942	0.0560737525300213	0.0155476034143064	0.000262385275847248	0.00160979008804805	0.365692323646986
0.104830028329421	0.0378574653301245	0.000171685577748187	0.480449922226168	0.0262551965343933	0.0195463374808264	0.000331267974835471	0.000356638500341482	0.330201458046142
0.0817391859072153	0.00083044215155779	0.000365363230348037	0.464609149636565	0.0251323222485586	0.0421932294968601	4.14182868464012e-05	0.00124400120025314	0.383844887841796
0.103820861382775	0.000650294818470013	0.00219652598051041	0.472766286285721	0.0165874286003907	0.0372688551280916	0.00666818043075355	0.00115504444052522	0.358886522932763
0.0766859547515999	0.00107806179934023	0.000302343790250275	0.414605704315191	0.132704456592844	0.0376310969254805	0.000221436178076462	0.00023637770364121	0.336534567943577
0.117125149288053	0.000662196254728853	0.00156215746254909	0.468886746253189	0.0555497258220633	0.0114462176849941	0.000394151593321135	0.0128452185167016	0.3315284371244
0.104088456831624	0.000538833394418638	0.0193082946236022	0.408651584050246	0.0249760865192784	0.010206348266252	0.00493880315198115	0.0333570431659672	0.39393454999663
0.0848368735743627	0.000899262285087669	0.0185040403332638	0.450035907805004	0.0628142600149189	0.015838611795868	0.000424078244461744	0.00781003045904256	0.358836935487991
0.185526974096595	0.0109447270431506	0.115414088079682	0.2536248420177	0.0538975365754935	0.00350560252082449	0.0208748499872273	0.0557545355622315	0.300456844117096
0.0847686748209335	0.000655112861228334	0.000170015242524678	0.491293118061068	0.0365550063783446	0.0584132866192264	0.000170861525147513	0.000409363898719351	0.327564560592807
0.0420350181337881	0.000161602182166988	0.000300008261393738	0.47020110039946	0.0803171117276898	0.0487613493253826	6.0316897027369e-05	0.000740271296233302	0.357423221776858
0.0667144229962771	0.00153669721632119	0.000584709274435859	0.419333174802925	0.150341867022127	0.0118394449715779	0.00016962065049419	0.00249193008596619	0.346988132979876
0.0900966520986346	0.000549649257047094	0.00681501877501908	0.449967815603991	0.0826647985605646	0.0258004475154492	0.00624280119830167	0.00175601867142613	0.336106798319567
0.0732137712571994	0.000490317497674502	0.000560885732733112	0.469805774456381	0.0564370088437767	0.00852426338737956	3.59707664154043e-05	0.00683582641532366	0.384096181643117
0.0571806282997747	0.000156927401466985	0.000442339691985888	0.512656453506416	0.0386884643200004	0.0365082849647292	1.81743156441186e-05	0.0001564682646892	0.354192259235294
0.0368716444211987	0.000315077234388508	0.00577991601964419	0.476512979967754	0.0624141932922233	0.0250532521971461	0.00115630849489057	0.0108998962126433	0.380996732160111
0.0705102077358826	0.00853204060200783	0.000175466048913985	0.479422279556049	0.058440509211139	0.0138572773934658	0.000246458444649141	0.000325081858801232	0.368490679149091
0.0925195976532291	0.000625218638046325	0.066994308056308	0.474607897623733	0.0353567316443452	0.0216459542487124	0.00137529324880273	0.0231606567002223	0.283714342186601
0.126901186762088	0.00117263257175551	0.00215710387233369	0.452281807068726	0.0227859311191328	0.0321571186626344	0.0293010474846582	0.0155761900263257	0.317666982432346
0.0420761543427773	0.0090173116441187	0.00309735125396614	0.487211686810368	0.0261701499278891	0.0177110860829551	0.000135575101531344	0.00515647924266358	0.409424205593731
0.0400164281320205	0.000871566875445087	0.017332614659859	0.505779035213351	0.0739931211882828	0.00520554716866905	0.000103686454390276	0.00478284517864917	0.351915155129333
0.1232908647305	0.000623564431728095	0.000591724995973656	0.464030079188061	0.0881098762951469	0.0151441513162288	0.000133820082132664	0.000434355473115568	0.307641563487113
0.0778217192744181	0.0048705387578552	0.000546439800369186	0.499680539167615	0.0528602718704428	0.0245348699000761	0.000108264355663023	0.00494355623343748	0.334633800640123
0.0800871102757516	0.0027648757498886	0.000911486416003234	0.426389708849629	0.0627128603650675	0.0456627620381969	0.00116114170212315	0.0115367081634868	0.368773346439853
0.0366991177113569	0.000336477087916237	0.000171080691283369	0.512799299682116	0.0348252466829838	0.0409474423516292	0.000287327571735343	0.000246115028257335	0.373687893192722
0.0479431819861228	0.0031535386134186	0.0119080884075844	0.501741032988377	0.051459174660884	0.024868438492001	9.48494873470264e-05	0.00495380698138221	0.353877888382883
0.0912320494845752	0.000958267661526958	0.000479934532774212	0.444672721233255	0.0826080624952557	0.0148246928337149	0.000156356874932705	0.000484889819277173	0.364583025064688
0.101664393952759	0.0168547840406142	0.00193816721078462	0.403939120426023	0.101880066087861	0.0350714483596921	0.000909039529478537	0.00342390060479741	0.334319079787989
0.0505862152997421	0.000664140349394826	0.000742469889978742	0.524668089963662	0.0736623544154872	0.0088685684884025	0.00284695074212217	0.0146258284477305	0.32333538240348
0.126183274389326	0.000511410986860876	0.0105289065202092	0.489464113153358	0.0604170825143545	0.0375277365912879	0.0105435867315788	0.0151586879087427	0.249665201204283
0.0872061657492069	0.0214268633724798	0.000286538397143004	0.481879658125572	0.0420270633282849	0.0203567246265848	0.00189850478405087	0.000368597105449935	0.344549884511227
0.0631978249005762	0.00892372342904126	0.00476813158622973	0.455953068578486	0.0508268432600793	0.0214702320012296	0.00144906042787502	0.0060897239387577	0.387321391877725
0.0888291008391023	0.00104466276383316	0.0787845774381239	0.430964376711891	0.0339427330784203	0.00363033855319192	0.0139040342981412	0.0250395424702029	0.323860633847093
0.0973479856127674	0.025702730100726	0.00127977764609757	0.477988165748958	0.0447395474654715	0.0240210139336055	0.000644691712547979	0.00844727442419846	0.319828813355628
0.0824367566189594	0.00264325496569376	0.000424428347481311	0.468110701412852	0.0938310506666931	0.0241240193704858	6.91606078219377e-05	0.00205503526765681	0.326305592742356
0.0884380303694119	0.00533049647080461	0.000451813174620406	0.470002495099949	0.0610288264408926	0.0299419551520402	0.000239944529583874	0.000719374019634229	0.343847064743063
0.126155359850579	0.00103532207076702	0.00529267740399098	0.387840423528552	0.0691316588403839	0.0494125144587518	0.00235580529581359	0.0114663077421238	0.347309930809038
0.0855827362366725	0.000874203686481029	0.000439693782094683	0.470220892737284	0.0700548187209277	0.0387015184570601	0.000185923517959287	0.000329930467044133	0.333610282394477
0.0747620167402155	0.000580979224820624	0.00295451997760451	0.477003068350894	0.0609029968247274	0.0396969961404292	0.000148329420204954	0.0147572232448054	0.329193870076298
0.0739678995596401	0.00106860207560355	0.00045451599451349	0.467097757237486	0.0414503660771284	0.0193867943626743	0.00269509526727756	0.000437753955746719	0.39344121546993
0.0942608573350415	0.000398961199323561	0.00877474095779643	0.43072897778201	0.0520748854767852	0.0115447011623119	0.000181054297959505	0.0162433409449694	0.385792480843802
0.0908107475650688	0.00241828789508608	0.00128215686180928	0.482632247296127	0.0275784274345777	0.0278333620872467	8.42241253576255e-05	0.000516349407205096	0.366844197327521
0.114292219031618	0.000149964121286771	0.000117145998811685	0.451291848850381	0.0414479410710146	0.0372009523491588	1.8315844430063e-05	0.000236675229789578	0.355244937503509
0.121268933518159	0.000354979430184127	0.00146464724651565	0.425827215682846	0.137738886072416	0.0194583021617431	0.000445264213584139	0.000402013724722514	0.293039757949829
0.0739095717300482	0.0602475219207303	0.00038045406597269	0.487714464309236	0.0227112308821559	0.0201717769235972	0.00487740501666196	0.000916947366146403	0.329070627785451
0.0738479842226517	0.000263522361127463	0.0143023714016794	0.468996939806185	0.0376079240019079	0.0144966076873792	4.02607439202404e-05	0.0160153198598588	0.374429069915291
0.0587749581353629	0.0108114921615585	0.000144991557284404	0.506028483721323	0.0279384653841686	0.0224843180220667	0.00230641207994946	0.000272760634744508	0.371238118303542
0.077897229508181	0.00598794185776421	0.000248693617315289	0.478584069436459	0.0629754697813823	0.0285583449444292	0.000669128840996669	0.000460067071007092	0.344619054942465
0.082272781709031	0.000376401992836427	0.000228586533362862	0.498649201614588	0.0279969989510905	0.0538891719669742	0.000135656032702566	0.000475771143175794	0.335975430056238
0.0557737294551398	0.00217210726608941	0.00082183223071194	0.48956416055494	0.0366306164648735	0.058694246082336	0.00232270261906857	0.00138325392507719	0.352637351401764
0.0770360864376969	0.00198859282299639	0.0186565184346891	0.466465704537196	0.0727881175052211	0.00591333677408817	7.35007838233982e-05	0.0336345420850763	0.323443600619212
0.0999040473610006	0.00247553429242346	0.00199393389692383	0.461157002722949	0.0644078029544859	0.0249794455914368	0.000186893875083778	0.000452467173114677	0.344442872132582
0.0902955596609274	0.000296480269261539	0.000348108954406685	0.468840798312392	0.0451232972984142	0.0309902832134454	6.28714856646726e-05	0.000211832982546374	0.363830767822942
0.0889474608927618	0.000544645694208008	0.0287320620803883	0.455620144291515	0.0268099184229612	0.0291076013243431	0.00127504987226756	0.0366923481104372	0.332270769311118
0.0782754844261716	0.0013570327489183	0.000296609500494684	0.434896384132945	0.184054407333505	0.0299593487174017	0.000188950283259612	0.000181347105541226	0.270790435751763
0.0363360451655022	0.00577805277683891	0.000230959322904697	0.543122093197832	0.0228295163871009	0.0293901112223598	0.000221359910811692	0.000169150709029498	0.361922711307621
0.0709618953935957	0.000229399872391669	0.000451203178378412	0.456677832471336	0.0567778753545918	0.0493634723222423	5.47887863083563e-05	0.000152016769005178	0.365331515852151
0.0745260699955356	0.00264309720034617	0.00133620376928217	0.476135236147554	0.0597765051254652	0.0358843252691932	0.0033634518741692	0.000380772270650832	0.345954338347803
0.0574452506886646	0.000835156617123918	0.0103403109103135	0.42807391354964	0.143017569869588	0.021638457595003	0.000661622381321285	0.00296748991821368	0.335020228470133
0.0872456293687698	0.000438335139159827	0.000153259031857483	0.464859388076199	0.0822601900407824	0.0386357844991726	0.0002115367135226	0.000383153780409277	0.325812723350127
0.0661854576084569	0.00311237847527459	0.000164401920871383	0.498692733012442	0.049081010604153	0.0396630850983059	0.000278320241481392	0.00310361767324552	0.339718995365769
0.0426034098248369	0.000510577956953662	0.000718079721846106	0.436447836446335	0.140318720385683	0.0212356757168376	0.000105410403982189	0.000359272894360481	0.357701016649165
0.0709515616986096	0.000299714233156241	0.0151674515242702	0.487145893006647	0.0677651844417163	0.0216662354692306	9.15041818654734e-05	0.00114788901410534	0.335764566430399
0.073208517427412	0.00454545304252355	0.049701412658635	0.447943375153704	0.0218563865226015	0.0112728924491532	0.0017657142554564	0.023600561034849	0.366105687455665
0.0633244395115201	0.0033389089526432	0.000611528767485376	0.486787010890546	0.0362975987364331	0.030008570514521	0.00159920077543581	0.00023204830701299	0.377800693544402
0.113585183712767	0.00569159288532933	0.000288223323069179	0.406897416594863	0.0850440139339133	0.0477861328063909	0.000792549903723303	0.00213980836379146	0.337775078476152
0.116640753669546	0.000639169537491474	0.000487029386652723	0.41434580989603	0.152344276824383	0.0170985172230196	0.00147389165217671	0.00810796430749099	0.28886258750321
0.0978138767914697	0.0330976425895456	0.00018746763912614	0.488478055266326	0.0315082373756498	0.0147484747123233	0.0130574292386014	0.000468247041538093	0.32064056934542
0.193904382312326	0.0030113858958894	0.0324139241626898	0.330858646975048	0.0282582512053285	0.00233903632145497	0.0803100066259697	0.026399530713091	0.302504835788203
0.0884468703723182	0.000509497799140192	0.00500694174072352	0.436276967512728	0.062981353507737	0.047918504220272	0.000403979436643597	0.000680241503829902	0.357775643906607
0.0975337605412676	0.0076317574332363	0.000234053000905878	0.445104623146031	0.077755761282967	0.0412645693186143	0.000874914725712593	0.00437639596316594	0.3252241645881
0.108396398404794	0.000660013433432334	0.000256189231870293	0.454440508229619	0.0609584679548704	0.0362586051492427	0.00031431495203801	0.000654577933683755	0.33806092471045
0.102322070651147	0.000392955643361792	0.00220858375550621	0.447699451280347	0.0868257529009122	0.0305137899989653	0.0006006578208525	0.000272705552680414	0.329164032396228
0.101770280872797	0.00131638364632661	0.000348524489073729	0.445355928767014	0.0411073949276076	0.0650315027956523	7.46397413990255e-05	0.000292159813220502	0.344703184946909
0.0898527777191116	0.000488641233408836	0.00108533849464959	0.479803154168272	0.0444803207071837	0.0426708840620643	0.000322699282216425	0.00141522197591842	0.339880962357175
0.0755850915508333	0.00720538925584769	0.000558586758051324	0.457068536281905	0.078880743895783	0.0561959127319704	0.00121561833701299	0.006023507777227	0.317266613411369
0.0747983839300687	0.0127926582576691	0.000328782464172241	0.517019183120285	0.025018390190508	0.00531258139102744	0.00474604147837114	0.00201373179218903	0.357970247375709
0.0962765912677276	0.000358094635793229	0.000242781972051489	0.439178089933265	0.122147868236967	0.0224522812445214	0.000149580853972261	0.00078698013369638	0.318407731722005
0.133658589975321	0.00135365058376706	0.000315212990692628	0.466845035475183	0.0458263356842841	0.0303021914990975	6.04839612696096e-05	0.000743846473669939	0.320894653356715
0.0997091413630043	0.000737156282348046	0.00240565996814497	0.497507527995615	0.0276056401880454	0.041254563707703	0.000184178279383497	0.000253977611051224	0.330342154604705
0.0862522167288775	0.000559672279127511	0.000241124123430735	0.444179143871923	0.0536733772720122	0.0574824418621986	0.00120556519259288	0.00028994628930315	0.356116512380534
0.135269818379397	0.000355217572208685	0.000116652799239932	0.486869490734758	0.0544444777798236	0.0131110593000587	2.59480516183967e-05	0.000222321714891928	0.309585013668004
0.057051288399197	0.00104276627983362	0.0113747201741553	0.44915359039635	0.101272335104999	0.0503263919738181	0.00120606620203478	0.000547711213622428	0.32802513025599
0.100418896815022	0.000288759296358636	0.0148651536092522	0.471053726662905	0.0227169948757093	0.00302493354847278	5.71285040575382e-05	0.0406744674347507	0.346899939253472
0.0526325504226419	0.00038094670621755	0.000205524733512916	0.515049912398176	0.0249977561042835	0.0418204023532036	4.44711790580778e-05	0.000568419166622489	0.364300016936284
0.119338818751585	0.000933448319869547	0.000571951652881331	0.468969487806988	0.0454855036419197	0.044739081730955	0.0013625339748462	0.00133207456545355	0.317267099555502
0.0702710043228732	0.00240027284488183	0.000146602003669331	0.45545197872827	0.054364776175738	0.0474731228544761	2.22771560730117e-05	0.000199215944173714	0.369670749969845
0.0628602663803315	0.00764815252641974	0.000159487462172028	0.484437203438766	0.0997071456767332	0.0175566490856418	0.00229699622713951	0.000948269729036511	0.32438582947376
0.0697483425757426	0.000242873984147011	0.000286940830003128	0.4513435307538	0.118869635479272	0.0378012056870142	2.35289680525528e-05	0.000619695422929717	0.321064246299039
0.133482478531956	0.0447451735902712	0.0101110925467985	0.203253444386455	0.0530713658511544	0.00494187946678649	0.20918121279123	0.105507438053762	0.235705914781586
0.10594249937337	0.00216601935820882	0.000681392010435935	0.496747390304674	0.0304036884450692	0.0191610379166949	0.000306381805235212	0.000621965189187982	0.343969625597123
