Basophils	Bcells	CapsularFibroblasts	cDC1s	cDC2s	CentralVeinEndothelialcells	Cholangiocytes	Fibroblasts	Hepatocytes	HsPCs	ILC1s	Kupffercells	LSECs	LymphaticEndothelialcells	Mesothelialcells	MigcDCs	MonocytesMonocytederivedcells	Neutrophils	NKcells	pDCs	PortalVeinEndothelialcells	Stellatecells	Tcells
2.15852264177006e-05	0.000239690144753836	7.47155280777784e-06	0.000185012062882119	0.00112635761266901	0.000622179599239271	0.0226247034748168	2.09636955881431e-06	0.885867730141391	0.000503424262786747	0.00459482777286251	0.0376766396969863	0.0161534933590167	6.59981519998032e-06	8.26407117638263e-05	0.00109638045777195	0.000781834678987521	0.00168006163038778	0.0168364988024536	0.00141967708541284	0.00341523042432746	0.00306800744769681	0.00198785766980967
5.91748062967162e-05	0.000178599392942237	9.80224223227159e-06	0.00154995207948073	0.00106255276651631	0.00513996499443871	0.0162449305029982	8.38420386013197e-06	0.880990839280264	4.31057587911479e-05	0.000572790683574225	0.0397716436135409	0.0171897318608732	9.76432299465556e-06	5.57968651981139e-05	0.00206778795935586	0.0047672170028415	0.000214215775052282	0.00108296304093484	0.000329144923474277	0.00663844316322463	0.0094587510842314	0.0125544436768833
3.9492193313433e-05	0.0258431962389148	4.17048591889944e-06	0.00465476959163331	0.000673635999062629	0.00031185376679948	0.0189417689971693	1.67392755447074e-06	0.845457193928097	2.18013599521979e-05	9.24692077919384e-05	0.0193447240426953	0.0302628155919312	2.50173098408849e-06	1.77525900069511e-05	1.88801003585584e-05	0.000461411180370483	0.000116166512943757	8.69549256090912e-05	0.000110689148003078	0.00592191296213343	0.00844633626695644	0.0391678292518003
0.000410451103321589	0.000374275396530928	5.91660958631175e-06	0.00530933113199921	0.000709525267624156	0.0122011614670246	0.017597402466626	7.37099383792886e-06	0.882632300815431	7.7530961136412e-06	0.000119369369932104	0.0315822290670967	0.010214389636375	5.11758298946759e-06	4.2513642117715e-05	0.000794955168560805	0.00129374050863132	0.00171561828186298	0.000118003016103291	0.00117196812868939	0.000559691927927821	0.0143977806770061	0.0187291346446115
3.70827905982214e-05	0.0211052511815903	1.83599374023246e-05	0.00341026203408383	0.000174628909557173	0.00552165361745871	0.0192142446269261	4.98002311906134e-06	0.859028802362766	0.00101573692299524	0.0168028442184419	0.0364237931017186	0.0158055359065292	1.73006646963347e-05	0.000188596771997862	0.000421850142270598	0.000145579319689339	0.00215621988074311	0.000437815371520165	0.00385176546787111	0.000398959521547543	0.0132509610574428	0.000567776169035065
0.000126466448312051	0.000265917581627337	4.43724050746946e-06	0.00323041903535518	0.000212191743774002	0.0217371323613599	0.0220857577724104	2.11436241775013e-05	0.867396289742464	1.75538890931978e-05	0.000107554105600306	0.0172068808921349	0.0291175147436199	6.73512003869861e-06	1.18448822029342e-05	0.00189841985911495	4.06252084366397e-05	1.92043016429679e-05	0.000110065889243545	0.000107262560613748	0.000142034910896209	0.0122906977707925	0.0238438503165815
2.03112770656857e-05	8.14752957269421e-05	5.79279001329192e-06	0.00312716035819665	0.000140991520263318	0.000621366253314839	0.0206099447768324	4.35951498002493e-06	0.885182387007995	8.50069865701247e-06	0.000290188700887408	0.0279688905440066	0.0298471030415994	7.64274235121638e-06	0.000248176363210017	3.83146167118233e-05	0.000523002229546087	7.80148510590913e-05	0.000275286772227294	0.00282851418440104	0.000209535949284388	0.011115354736604	0.0167676857750663
0.00041565830966086	0.00174494499267688	3.09606618416844e-05	0.014925183128037	0.00589418238276092	0.0080912233831577	0.0485711287399069	0.0536198934599316	0.813970390028939	0.0031592190180488	0.00266397013169757	0.018789486343677	0.00156472261412784	0.0138227579684528	8.84740109035035e-05	0.00183713379280947	0.00633393134815498	0.00117881318428559	0.000352619322614467	0.000594502041383645	0.00162740142847845	0.000113488053975413	0.000609915654477892
0.000138440506008094	0.000186178009256086	1.2765888060106e-05	0.000494312955129862	0.000179919059187248	0.00251344745632185	0.0234781195339447	1.49252797737571e-06	0.90163544569996	8.84575271470248e-06	0.00125196351572943	0.0193983220415352	0.0293878367342899	8.86011447498296e-06	4.06624992341687e-05	0.00106317804727419	0.000965436927802811	6.59016183688065e-05	0.0100724447081925	0.00338346229747806	0.000335700988720427	0.00488752873139454	0.000489734386945147
0.000208158872353789	0.003023298485579	2.30824087690267e-05	0.00010067328138456	0.00277276637936699	0.020948592484628	0.0219050704484561	0.0013591399941508	0.891328276013269	1.60554630296333e-05	0.00152314456400665	0.0183251130078293	0.00584581186281654	0.000103176631755335	2.70999761713709e-05	0.00081914295125275	9.48585081177795e-05	7.40773788159714e-05	0.000471467563574665	0.000441743362412699	0.000251537496813617	0.00845719261080083	0.0218805202546458
2.8923595870593e-05	0.0107007596827788	1.14050384546597e-05	0.00772425010015608	0.000119390703879528	0.000338125864981033	0.0428176753944788	0.0493449950831585	0.754706932292896	0.00412246942882802	7.59851537215362e-05	0.0195232259777869	0.000946608711790302	0.0488562488210042	2.50779223631083e-05	0.00518582985212332	0.00190931494417651	0.0230997715531705	4.84777755517234e-05	0.000564462658531133	0.029604653091836	0.000106981720605796	0.000138434631857562
0.000131993485106763	0.00137385512344125	1.4591967634822e-06	0.00103629404422089	0.0009758483029744	0.000260180024552894	0.0158997255854735	1.65692902425635e-06	0.856116820642	0.000220554338870933	0.000740011416991233	0.0285787076402068	0.0449721220971295	5.67782757954669e-05	8.77738103184056e-06	9.14372147051588e-05	0.00125244636803517	6.1520322001754e-05	0.000169072804447616	0.000992983482663925	0.000422122012278098	0.00762902958390754	0.0390066037283773
8.20355168371444e-05	0.00731658328470376	4.54014514460907e-06	0.00166422416119204	0.00315311626268168	0.00205178363676241	0.0166409975635239	3.89608070373948e-06	0.868632838842163	1.32738422426177e-05	0.000472358141566076	0.0235208451915071	0.0538683153102654	5.09363635583052e-06	7.13661470232843e-06	0.00339416482106338	0.00343710548010743	0.00280313165935582	0.000592499217148534	0.000130799637385171	9.64538907047159e-05	0.00802172812550744	0.00408707893837656
0.000528226523927135	0.00134097299670288	1.49297885849341e-06	0.00100278445991509	0.00589935563081184	0.0165465676861313	0.0188971103345656	2.2093546824421e-06	0.87768122238577	1.4695838520121e-05	0.000238153943927215	0.0225587767813182	0.0231997626613661	3.41547093155021e-06	3.38932020503753e-06	0.000531261060123143	0.00202939179405348	0.000175316694514354	0.000152189789118414	0.00184229279437811	5.30683082293995e-05	0.00705613299621688	0.0202422101957331
5.28720315922841e-05	0.000297616215726693	6.85526157030957e-05	0.000587678324566317	0.000710024419819994	0.000774278831854722	0.0231552523528542	8.82837478633159e-05	0.850912570707734	9.52605494086175e-06	0.0337781759552414	0.037116328638895	0.0243409078849172	9.33384947734902e-06	2.81434450734815e-05	0.000104266954890137	0.000179313555729826	0.000147519724096242	0.00128650975069942	6.49258772359639e-05	0.000126325410368638	0.0228883785939483	0.00327321505677182
1.37939683845377e-05	0.00169358203600583	5.51873760909627e-06	0.00265732976229515	0.000240809574876691	0.0344366377207517	0.0132325669181612	0.0023447028328257	0.855421796061686	1.98507150998151e-05	0.000159091761856757	0.0174962787324161	0.0225189068845657	4.83744510815727e-06	1.76237350363033e-05	1.80415820661365e-05	0.000122673102839253	8.53967769635867e-05	0.0028935025397679	0.0018883456021135	4.39909305062867e-05	0.00730813956017959	0.0373765830188852
0.000240602581545382	0.00981497421276019	6.07949352115111e-06	0.00207148913921645	0.000122092739905644	0.000854656985376803	0.0305042007487525	3.73825665500283e-06	0.86012283929259	6.42634742890183e-05	0.00220246225542146	0.0524606864028175	0.0211265219087743	1.36251585606759e-05	2.14928987630205e-05	0.00105429123069604	0.00169888161231193	0.00125068394091396	0.000261601106805606	0.000602497765555689	0.00339252513129571	0.0110879711659671	0.00102182249750459
8.39027122971184e-05	0.00218431451627599	2.81644311487483e-06	0.00239503383418591	0.0042825661345696	0.0276893734278345	0.022416416470754	8.12320839104783e-05	0.900273318575368	2.4650282425791e-05	0.000395040017246783	0.00516157427166122	0.00373175660544922	7.86372337403277e-06	1.22876068347402e-05	6.88034186209185e-05	6.00686400948196e-05	4.69639098063813e-05	0.000143115567614554	0.000542039453386934	0.000169855843031428	0.00763468269067512	0.0225923237714669
1.38881764037409e-05	0.000119986885611684	1.82303006303528e-06	0.0030231146717012	0.00021832013893121	0.000161101749837978	0.0248256482029169	6.63648666342412e-06	0.906251035212806	6.04288544728847e-06	0.000468715787972179	0.0260227231048541	0.0196813371806109	0.000561948209211602	8.17776583722213e-05	6.32570831743836e-05	0.00212547747704706	5.04634791432172e-05	0.000243005882152451	0.00253381175582411	0.000209543613443885	0.00318336281673143	0.0101469785110796
0.000133654708315032	0.00615165262908107	5.04087212962245e-06	0.00196634321526236	0.00107806365888042	0.000880871875952803	0.0209452265789135	1.39236084957235e-05	0.8853626406153	1.08437850494618e-05	0.000194874893473869	0.0363783258188217	0.025691287549434	1.9412883635311e-05	0.000490542281711458	2.94365421702302e-05	0.00329432221234792	7.14456992647373e-05	0.00027141715502498	0.0007987561791614	0.000292055984815964	0.0104608521152867	0.00545900913747148
0.00012017973207834	0.000118849781518666	2.04878857592907e-06	0.00271872559050317	0.0110854476205603	0.000893886757010003	0.0162923918012396	1.6876195809756e-05	0.87585346213774	0.000204797369770457	0.00112398523560512	0.0146433856629911	0.0481813843798028	0.00115329391531515	5.82005298161793e-06	0.000627912464505166	0.000223061270152107	3.34984927771164e-05	0.0034780315152793	0.00142596240791955	0.000194882626867313	0.020946358053083	0.000655758147914773
0.000371474019813561	0.000445794332076406	1.62640683251155e-05	0.00168008676739042	0.000234734542983706	0.00945080603139655	0.019531675519871	4.1606428953005e-06	0.872404551677447	1.10190924441583e-05	0.00221295588875786	0.0211394144900418	0.0413694918595167	8.94025036101437e-06	2.60579298630106e-05	5.23251801408986e-05	0.00149934712296324	0.000687264216995067	0.00586826183340948	0.000424863348104346	0.000281984511463046	0.0188969973299895	0.00338152934375048
0.00362528122797002	0.000105916962816533	3.60000687653063e-06	0.000995590498899387	0.000384968739794417	0.0340040760508644	0.0264333072256843	0.00607934427113186	0.841330826145099	1.09340415048174e-05	0.000125036846699492	0.0164242136381048	0.0134211053207983	3.62854843307897e-05	3.21977015316732e-06	2.65528455832911e-05	0.00174855335834418	0.000116504142425885	0.000114779524360148	0.000143099628015781	0.000777864279490282	0.0101878284500138	0.0439011115410384
2.62773968109505e-05	0.0174812547091329	8.26319148422421e-06	0.00309785716955606	4.90182284585559e-05	0.0278198779397689	0.0238869741370366	0.000117236653586862	0.88175556702714	2.9733907717459e-05	0.000512693004117841	0.0171065608056266	0.00266718845673444	0.000209643062144257	7.20556879747542e-06	0.000202481123814314	0.000404300967143851	0.00035077745839457	0.0103752943562509	0.00209124922934414	0.000159259633931876	0.00765809592857286	0.00398319004443411
0.00682398876573581	0.00030261494225901	0.000158713515453163	0.00220673974471184	0.00492711975798	0.00946023446586085	0.0226219577040028	0.00214084273409935	0.876132921587229	0.00020592705559201	0.000126914008213417	0.0311115390513705	0.0162602814829755	0.000182002718465033	2.09027760440375e-05	3.21999797125851e-05	0.00161728372337349	0.00010735561813245	0.000125395164216929	0.00044390209052488	0.0106496994560887	0.0120451453652631	0.00229631829269517
1.49258280613419e-05	0.00275412891446966	6.60815527032911e-06	0.00110937213620912	0.000114446861130549	0.000817641838474682	0.0199556445736021	1.36092835826885e-05	0.875597255872601	2.44757009848994e-05	0.0341350360080681	0.0308611496110322	0.0210726842257846	0.000381052033190164	6.85474520084465e-05	0.000441774374857451	0.00337640188493262	0.000150035066771781	0.000823017705185945	0.000365229238357969	0.000672088156007465	0.00546396029425128	0.00178091478516552
7.93679777471688e-05	0.0143637717480587	3.86707948198e-05	0.00176310992737348	0.000204911057957434	0.00820089688853819	0.0204936648231124	0.000103787522733067	0.884948175013543	3.09793792659416e-05	0.0015023036458262	0.0275558795037352	0.0164437367156636	1.40553679403523e-05	1.81840941363241e-05	0.00065332237234894	0.000852774925904314	7.22259635969036e-05	0.000299211734458044	0.00331326557509956	0.00128507750685553	0.0128890908701339	0.00487353659115167
0.000336275484429347	0.000300842954522702	5.05464302484499e-05	0.00100914458052688	0.00640782755869789	0.000150001718660121	0.0154816682126196	0.0014962567774968	0.874167181027414	4.18328602823036e-05	8.48126968510496e-05	0.0191973938861608	0.0277249363627545	9.15748223105223e-06	7.29256202483807e-06	2.98430036484344e-05	0.00040945836667253	1.97096155393556e-05	0.000283374274492303	0.000466307868602854	0.000271771745228308	0.00618550074142659	0.0458688637894696
1.36405704704329e-05	0.000693097544933177	1.36487877172694e-06	0.00468669239839464	0.000174912492089585	0.00335925241226758	0.0136720146914645	3.27363093014232e-06	0.872786668152818	8.59709293618698e-05	0.000207643675632853	0.0210308677308511	0.0256451644141323	7.10303587491014e-06	3.73438852761896e-06	3.55825354619265e-05	0.000337080574317033	1.88698455631944e-05	0.0010081910613871	5.78724148967162e-05	0.000725163689003225	0.00665647409843797	0.0487893648344129
0.000119958774346606	0.0342094621778041	5.14187484475677e-06	0.00290278274229584	0.00409611144609408	0.000949739377631672	0.0138304477308027	3.29529192647919e-06	0.84613219275977	0.000237904392170911	0.00251109225862246	0.0450239134185839	0.0267718454474774	1.81217245506291e-05	6.4602413994393e-06	1.81414223080168e-05	0.00222396882614399	0.00233856777098028	0.00726332263251916	7.95810658973398e-05	0.00128449207617863	0.00891384556341537	0.00105961098423574
4.11324930793917e-05	0.0163017682409578	6.99319454621223e-05	0.000576741398642541	0.0023508753913979	0.01067091226046	0.0285359616564421	0.000243867488407766	0.87177388578996	5.61615212833553e-05	0.000437466951431204	0.0294643919215749	0.021964148057473	0.000130817631978085	3.26613650179212e-05	0.000125895141356107	0.00151364108802419	7.77222250409564e-05	0.000496181919405907	0.000628466782002868	0.000297860338614135	0.0108177771437582	0.0033917312482299
2.19286896744029e-05	0.000146601049901278	2.610022123725e-05	0.000228800151894063	0.000329088561417633	0.000226958936720262	0.0227269357587659	0.000226289840933067	0.893940796412244	5.41340547764148e-05	0.0043906266385752	0.033203621431698	0.00913758849097318	5.87799405745658e-06	4.08208523268775e-05	0.000275340527058229	0.000558153055158341	0.00426134630249904	0.00207341399729855	0.000185047701716903	0.0191022394009783	0.0081620664812933	0.00067622344880265
6.81858922858913e-06	0.0201027966794242	9.1439191957124e-06	0.000908277276615533	0.00147206023655635	0.0455974310859404	0.0115389115231922	0.0797452625985082	0.7916365149347	0.000229526778494931	0.00143195711951557	0.0157874521628782	0.000300125165390671	0.00482196817451906	3.64522168780152e-06	0.000156523434281831	0.00577038289048598	0.000876571405243904	8.68214175146334e-05	0.000102943869411046	0.0191526541976463	3.69123885198033e-05	0.000225298931049047
0.000265761592696912	0.000157965961966263	5.86941921194389e-06	0.00275087469614416	7.49117510088765e-05	0.00267559382253354	0.0199023686752877	7.11083606892114e-05	0.876807145653797	6.8392299127188e-06	0.000185443683657239	0.0152329270676277	0.0334012894746383	2.05220339684826e-05	7.02984263536913e-06	0.000135034097545009	0.000399829364528035	3.7916546046225e-05	0.000249880420153737	0.000150668015010327	0.0046165319681594	0.0116078306756898	0.0312366576470924
1.67267814744221e-05	0.000341702781462213	2.36486504432044e-06	0.000891714462289309	0.000453782810085507	0.00122188337361619	0.0114973959913799	2.30395188675149e-06	0.859357966928847	6.41171440408283e-06	0.0103556956341081	0.0210382165046956	0.0392419119616292	3.84695254622965e-06	7.04279800465556e-06	0.000253629167812967	0.00158710680436398	5.35360393059669e-05	0.00433195547514445	0.00370299063165713	0.000100063202552492	0.00561785801797543	0.0399138931497143
2.27898646703562e-05	0.000224899055354789	1.25095396190339e-06	0.00414779193290047	0.00156443729760887	0.000289699485265783	0.0206409018640474	1.24151238520349e-06	0.872616866758022	9.32903685158893e-05	0.000111737951076541	0.0318696138728888	0.0282881816376891	0.000276526681012661	3.23004065331927e-06	0.000291326537904155	0.000110419314182587	0.000927753701760118	0.00010605648938551	0.000240629833210167	0.000273596485922895	0.0047326209071008	0.0331651374544808
0.000194777080767586	6.9608507906794e-05	1.14023547913592e-05	0.000688344669701352	0.0191482651223106	0.0441401857407818	0.0203094717327975	0.0215700422069422	0.851215449136625	1.30848215168299e-05	0.000652021319323813	0.030724936402404	0.000457804710044684	6.98389498266607e-05	8.06225485028222e-06	0.00081914736302008	0.000749382205067598	0.00304084604666817	0.000553105984086487	2.77263953648495e-05	0.000583619170494087	0.00461167993912399	0.000341197885584196
1.13815514645695e-05	0.000112503647796105	2.69411086685615e-06	0.000116468630789956	0.000492394312168557	0.000190717745427148	0.0210686288938076	8.19787299140127e-05	0.88872959148898	0.000155466129807736	0.0112965965900234	0.02406566490692	0.0225531718093573	0.000705275949321691	2.37665997454399e-05	0.000492288579496439	0.00839386851204246	0.000850132756393399	0.000222379826107144	0.00469405999681406	0.00840972986529123	0.00658941282817219	0.000741826539292358
2.26566081358287e-05	0.00672499863612407	1.48917491462412e-06	0.00138637987404616	0.00770705992040524	0.000166082866562823	0.012860545221146	1.84110543940538e-06	0.890071971930663	5.36732191370389e-05	0.000225854183068919	0.0268363042048679	0.0129847498546283	5.15330972975157e-06	5.28842255457115e-06	0.000120370463466637	0.00141306086004812	0.000504820405222908	0.000213773163665153	0.000391302203066976	0.00288938380609758	0.00604085107690486	0.0293723894901043
5.06771575178997e-05	0.0012841993397086	2.30118189780523e-06	0.00477338490687803	0.00589330114428303	0.000462648826446049	0.0201499945653414	0.000112700009738772	0.858985219803717	1.52300029920784e-05	0.000153167669221736	0.0262406963548605	0.0229918612682258	5.29735817687839e-06	2.28792202370069e-05	0.000525559053353817	8.77537869912858e-05	4.87046764056263e-05	0.000112759605364505	0.00220815023327541	7.99266682774685e-05	0.0159928755951283	0.0398007115719611
0.000728867358279422	0.000494694237208104	2.62274422860818e-06	0.00141494016780057	0.000276049531067732	0.00587432497392656	0.0162355311965054	6.77815460420703e-06	0.893852893332848	2.18258951126733e-05	0.000314919254470695	0.0157720502776798	0.0317591557065128	4.62781182868077e-06	1.71665026087372e-05	0.00116604941628721	0.000615726889511904	0.000357634955524326	0.00387774098325368	0.0101600030474693	0.000484824852491368	0.0122515272875729	0.00431004542320758
3.48481798390676e-05	0.0130768863303776	0.000111118960616014	0.000176249966907369	0.0109825358615711	0.000508499278423812	0.0356218642242635	0.00423475911857087	0.857373648363937	0.0011619520033797	0.0015561254203533	0.0183102811384306	0.00957734322146332	0.000340194650321818	0.000353466792116697	0.000824916400876457	0.000306602839654239	0.000970521074942323	0.00559987203639037	0.000386058985345749	0.0319836266264999	0.00575866760944242	0.000749960916277353
4.65762347650885e-05	9.33649058144632e-05	1.4313072324442e-05	0.000166597634730551	0.000124297973507781	0.0579117777828817	0.0243380992176312	0.0144485906389514	0.85910586864526	1.90492214409966e-05	0.000680770590917247	0.00964050060400263	0.000260491947894217	0.000313229282959774	0.000224224613045858	0.00131314199085372	0.000311815936099736	0.000186949769396164	0.0100336787808879	0.00018937738245033	0.000535891539906537	0.0122769207832911	0.00776447145098733
3.40851547846751e-05	0.00148208221818737	4.99727789761448e-06	0.00162936138352497	0.00574301063470163	0.01031874478305	0.0133251749966134	2.31194527888719e-06	0.875872981952848	1.60821122876094e-05	0.000108646603587718	0.0255742038340767	0.0297742711467174	7.26147905208781e-06	1.0873337003065e-05	0.000817732539537285	0.0036804097242587	3.90035583259093e-05	9.77885558864633e-05	0.000440003064438578	0.000228743667592492	0.00456730572911872	0.0262249243012306
1.53298717348777e-05	0.000308083982220726	7.25859787114763e-06	0.00137405421737759	0.000334523975312007	0.0166860960629814	0.0122680794030141	4.67575182620228e-05	0.859566474581496	3.65766237798367e-05	0.000119551255670526	0.0290046853326557	0.00986768683835834	1.81834535661667e-05	7.2316692349301e-06	0.000463545782976327	0.00408851991699241	2.87919872348066e-05	0.000462681770884922	0.00175224993770491	0.00555173039744857	0.0122960797455323	0.0456958270776906
0.000367372700544062	0.0135367070471746	2.06091995657248e-05	0.000605608508089475	0.0141388507817241	0.016963156613789	0.0308930782028227	0.0288709858670996	0.86827692721872	9.15812374553339e-06	0.000725200300041453	0.0142013229211718	0.00294152796864579	0.00113104557987331	0.00416555735175315	0.000105587784925977	0.00167337843705153	0.000293917605328394	0.000239049115877504	2.73065287664061e-05	0.000264768701337402	0.000260411078169187	0.000288472363783179
3.43563309354748e-05	0.000184256308778568	3.30477320703721e-05	0.000861531101304024	0.00029492092196559	0.00681443485016441	0.0218118832493482	0.000581725836237607	0.866201394665041	1.60132009445754e-05	0.000910445652165841	0.0183364897758394	0.041474127661926	6.05966174902568e-06	3.14169211896171e-05	0.000363518815422066	0.00698979841640334	0.000120048865131309	0.00138652464121629	7.06739764627674e-05	0.000572305850766997	0.0255694794920739	0.00733554607286372
0.00405686741556329	0.000430077674090693	4.48965293607312e-06	0.0024514010810369	0.00197178205837773	0.00101101078762193	0.0141525426068893	1.17860357180805e-05	0.843068136354806	0.000268160849715271	0.000530483854756901	0.0438939117144995	0.0336523556526179	0.00200035276794933	1.11613846372269e-05	0.00147737922010199	0.000143367568465754	3.64683663816353e-05	0.000260950400406469	7.75414026341014e-05	0.000414591440940102	0.00929683222568814	0.0407783494841654
2.98534047378463e-05	0.000616577552127117	1.82117693447504e-05	0.00109749845958252	0.000159060596258771	0.0105360540274361	0.0148674690266006	8.12409215122621e-06	0.881510938927083	9.987565764923e-06	0.000136148088953734	0.0352216216524731	0.0189594532503747	5.92429146165503e-06	2.13477655289472e-05	0.000313103999799712	0.000389331752828364	5.0255022836529e-05	0.000207827713028697	0.0051105937522305	0.000234615695005826	0.0110415945100947	0.0194544070842973
0.000192437690240427	0.00918164987068361	1.32176756229901e-06	0.00022631077061006	0.00189386827873048	0.000320757645613105	0.0150057003007097	1.35012009002919e-06	0.859852469594241	0.000361844216065885	0.000166108208595231	0.0385169191676845	0.0297359038592212	8.55718475671292e-06	1.82735159447612e-06	8.62014422037942e-06	0.00859695229535706	0.00134586332640936	0.000398399350093768	0.000263495159686428	0.000195357250425698	0.0107423119203074	0.0229819745271006
0.00221790024337024	0.000776489368675027	1.8047887832894e-06	0.000304307086203584	0.00297513569435599	0.00138501017855409	0.0161551490016244	1.93528433081595e-06	0.879451546213294	4.61279938964098e-05	0.00230264270263537	0.0277996661645063	0.0248926103181147	3.43545128100969e-06	3.11364943631116e-06	0.000289375150556485	6.86816880924637e-05	5.88570510724073e-05	0.00775018825359806	0.000216050761075913	0.000989222507670197	0.0107040451118088	0.0216067053370637
0.000453329599506032	0.00011885834361614	1.01188086177473e-05	0.00280242803746705	0.00716254843033603	0.000110946520802359	0.022597723783658	1.00938669793597e-05	0.873289045400445	2.2472171242796e-05	0.000245244483989458	0.0512334980171584	0.0219489740993705	4.26848030514386e-06	0.000121427859098969	0.000160633348367072	0.00260595434874156	0.000151726127928115	0.000382764821569245	0.000174422420068898	0.0132158042879265	0.00283617088485828	0.0003415458579475
3.8916330281676e-05	8.45488460805565e-05	8.8807742882157e-06	7.06926095404534e-05	3.7723234906178e-05	0.000965183988798095	0.0326957813652573	0.00010746453856598	0.882144515131853	0.000243754275541511	0.0265117068753448	0.0261957904717067	0.0107216349442221	4.82775366124373e-05	5.30379192992305e-05	4.42857459882589e-05	0.000125574545977569	0.00287640340167211	0.000122485752060952	0.00437704418592218	0.00410907187173308	0.00828185062785093	0.000135375026496466
0.0056690186601211	0.000422040678585131	4.46880766072098e-06	0.0025319037489101	0.00458635696064488	0.000501692020532722	0.020342396333854	1.2856930415869e-06	0.872152430841128	1.31750691905984e-05	0.000122488321883038	0.0190492918691208	0.0213429041140579	1.29219522471213e-05	5.46399439444022e-06	1.64429140200433e-05	0.000259633879117574	6.17874694213327e-05	8.7145741017935e-05	0.0017238892100936	0.0202218771689965	0.00244820891178412	0.0284231756401763
0.000121310105689317	0.0289448369744787	7.3833167306372e-06	0.00377695795805148	0.000117069847690318	0.0187770896785545	0.0204368142785525	3.21108235497404e-06	0.883130572245372	8.35367703556595e-06	0.000137058447273575	0.0137537487298614	0.00968757795289612	0.000309611091700604	1.13634804742363e-05	1.7245293038254e-05	0.00152853032764304	2.06848877637504e-05	0.000219379034687192	0.00455745664531291	0.000569293650914746	0.00585469366853337	0.00800975762539128
0.000193829761241613	0.000879003299180699	2.65381425863029e-05	0.000822502295252175	0.00233299951675168	0.0058693841111892	0.0231838848353084	0.000437285452671311	0.898874862707198	3.20291889117093e-05	0.000162254832442832	0.0136453450541604	0.0051605170361504	9.36440505383254e-06	6.78375258801527e-05	0.00046800914737728	0.00251514475592177	7.6237166486623e-05	0.000100046438687532	0.00301554305352004	0.0234754071315408	0.00678277384801139	0.0118692002944754
1.676730762766e-05	0.00471532852398916	5.05717630410325e-06	0.00142355565856614	9.98885562582021e-05	0.000268136720560436	0.0229996982775289	1.89764971071751e-06	0.871211486711083	2.6553407611276e-05	0.000223073589720301	0.0331012334827756	0.0357790557998054	4.49517771932227e-06	5.88547478059431e-05	0.00104699937070075	0.00206888945804693	0.000738626409621292	0.000267318783058398	0.00068133148217274	0.00352967533078159	0.0208942009114264	0.000837875467125814
1.82489406590735e-05	0.000327660093083756	4.66586953791007e-06	0.00108170261526898	0.000252721457694238	0.00240005678859475	0.0187988038065002	4.16758789611121e-06	0.881943459945677	0.000692845143563117	0.000766970943784399	0.0245785234859052	0.0358090325867236	8.12475987859164e-06	1.76341878560368e-05	0.002203353744218	0.00258637886825776	5.63924032325635e-05	0.00528163946286388	0.000348440365653477	0.00028126428915931	0.019727191851329	0.00281072080266268
0.000126914502832101	0.0211126234082718	0.000114688394236197	0.00165445253777752	0.000138110685307825	0.000665319788862328	0.0247930395135609	8.2736518278625e-06	0.885406660398411	0.000577584859207339	0.000756074735615823	0.0152543153761325	0.0323489530696616	0.000405884325153889	1.35063440599494e-05	0.00363466174348254	6.09270520005109e-05	3.77918670074302e-05	0.00182557659699333	0.000121910774479771	0.000139053899769455	0.00257402644896308	0.00822965002638508
0.00110503032223108	0.000218827901661411	8.78343108344014e-06	0.000868927029244812	0.000627840034483159	0.000163509136230881	0.0188508411517374	2.23813839112504e-06	0.861210727722361	8.05239340945134e-06	0.0117608820425161	0.0405023786403251	0.025819270173794	4.24155047598758e-06	2.46447391446046e-05	0.0022311796017855	0.000403501075658044	4.29131042898704e-05	0.00106579897555834	0.000900709451412851	0.000843978098903929	0.0207059387821971	0.012629786503105
2.40810121043662e-05	9.43354463185424e-05	1.74011128240256e-05	8.02059975954305e-05	0.00046407432369537	0.021888816186202	0.0128030986408579	0.000305263971319732	0.880175152369998	0.000465610640810763	0.00109991867904298	0.0149579925900156	0.0140814577853388	2.09581511034391e-05	3.33856186743755e-05	0.00105613804799735	0.000644878203740209	0.00151243854063635	0.00192238058300945	0.000539792737320368	0.000896154523246045	0.0147197526160739	0.0321967122220749
0.000184896989380002	0.000126510399221938	7.88826340380726e-05	0.00468442780209247	0.000362574695766327	0.00299422237538462	0.0286859353951283	0.00149680438190722	0.893964614523924	1.25101497220498e-05	0.000731752957551041	0.0230649881630971	0.0292787451809365	1.69742814192286e-05	2.82917713481914e-05	9.05124500600308e-05	0.00105783733800006	2.29472641046685e-05	0.000632110269388795	0.000701310276561983	0.00100894876528229	0.00467111884163352	0.00610308309405147
1.56394291098199e-05	0.000111232051319734	0.00144986914519617	0.00430937864208301	0.000280894369882574	0.00122348977695368	0.0270021691894828	5.2586084154663e-06	0.853106024616222	1.14682819600109e-05	0.0340551765862019	0.0261639226408564	0.030923986798625	8.85015258054604e-06	1.15372415525255e-05	0.00085699558354004	0.000602326073642979	2.35113510099357e-05	0.00292040961834122	0.000478495406182087	0.000219357139240517	0.0152465020586317	0.000973505238970313
0.000154571561746708	0.000194664088644432	2.95866467156782e-06	0.00153010039200781	0.00283023651658643	0.00031446646141343	0.0187987640220786	1.91102520283012e-06	0.876182272749855	2.222124348548e-05	0.00790331821470077	0.0325993032740655	0.038136141688479	1.12439316117203e-05	4.74136470784942e-05	0.000565393163532288	5.92124142530461e-05	0.000211998966401451	0.000612052536345368	0.000625665665351036	0.000422233070597475	0.0107660242835798	0.00800783241831227
5.61123412774168e-05	8.27296893461464e-05	5.13145890801548e-05	0.000442288748764278	0.00801255034885882	0.00508400475861118	0.0298009204467821	2.76070764224712e-06	0.902700475163628	6.69856880866722e-05	0.00559111114513023	0.0218160906603415	0.00634989811016299	8.48956513080339e-05	0.000279079224973555	7.26636056861904e-05	0.000127145792939713	0.000405962394254626	0.000203290064593708	0.0010033378230743	0.0123058977901331	0.00443251891725068	0.00102796633807445
9.55403989577168e-05	0.000188443821982409	4.31071408675444e-06	0.00433401982002117	0.00070977668390323	0.00021580142813834	0.019188045058742	1.94838763711191e-06	0.872421432389416	1.23021332661024e-05	0.000276289829114626	0.0529664828181112	0.0323460469406357	3.39392052280326e-06	6.14189328265876e-06	6.07722053597496e-05	0.00141839541720751	5.60828466611318e-05	0.000242521150619711	3.32090052820587e-05	0.00649648124814002	0.00673571688074654	0.00218684500816536
2.46867089479059e-05	0.00105408650236401	5.57712019417374e-06	0.000902549274586484	0.000180686704958293	0.000294635254056358	0.0224627480232051	3.4250126697742e-06	0.878964451139967	2.99935930589299e-05	0.000644248851150693	0.0375518405820434	0.0401445574627394	0.00106375571194768	3.08746314873248e-05	0.000118710478201963	0.00161362058401406	0.000458090997219489	0.000284265984398344	0.00161624525480363	0.00486263568625157	0.0068353513058875	0.000852963135846622
0.000121994220487688	0.000256021592801958	1.29763986079284e-06	0.000712224518929208	3.31802477159932e-05	0.000345274086958875	0.0203349199162711	4.78328558425198e-06	0.879021929523012	1.39238967188735e-05	0.000376271363948368	0.036476729143789	0.021702668670734	5.55342133240828e-06	5.61921449834472e-06	1.42465577423722e-05	0.00464338985420885	0.000622029403220919	0.000138408660220646	0.000545259678375539	0.000700378575772098	0.0124300103207085	0.0214938862071079
7.43621535172511e-05	0.00214169212959567	3.18356581055134e-06	0.0021869181248444	0.000105905747056327	0.000722404966643542	0.0189352167730354	7.01998430246643e-06	0.892834317176919	8.47367750511892e-06	0.00362323712321191	0.0152306954125345	0.024858610105684	6.41992533968634e-06	4.07115910279336e-06	0.000242156707900069	0.000130261882082656	0.00238342477697048	0.00294788790320785	0.00056946794155506	0.000214541430319453	0.0054801266057234	0.0272896047271383
0.000338664085627363	0.0116787077596072	2.80121689000247e-05	0.00312759453910405	9.34328677159142e-05	0.0334345920092503	0.0262608248637069	0.00983534527934648	0.874113770403973	0.000130346684871713	0.000166572365879222	0.0198370232124724	0.00288075982804381	0.00025808087241478	5.3529894847323e-06	1.0524456738448e-05	8.26264945247304e-05	0.000117995576975469	0.000648171041043244	0.000134503572343281	0.00254814694708521	0.00523905067635581	0.00902990130453555
6.20101148274446e-05	0.00153551220402593	2.90082869647726e-05	9.12516609590746e-05	7.35653040802344e-05	0.000127150456577699	0.0339831637692347	0.000308388379342285	0.874279456930087	1.36730844119131e-05	0.000707356426786149	0.0109564702419611	0.0173668838956042	2.46725735988499e-05	0.000234658745241699	0.00335492199548418	0.00197393208195	9.73205305440728e-05	0.0140095803101661	0.00179695040047575	0.0263235371181212	0.0108781892715916	0.00177234621796343
0.000168380314630324	0.00022176690547819	4.80810367725562e-05	0.000394113379250828	0.015001884603437	0.000662461336534308	0.019781646682704	3.30157507750865e-05	0.882796544954937	9.28143237895224e-05	0.000147927657857056	0.0316848880770668	0.025642065590008	2.08673545901019e-05	8.61406933234373e-06	0.000793337601824735	0.000972557679354474	4.91433016419734e-05	0.000228235876050405	0.000157198664037544	8.17344598693765e-05	0.0109628572032864	0.0100498631767724
4.05934707144713e-05	0.0044555193524528	1.75208928406745e-05	0.000232360718907176	0.010474115845529	0.00261280881692076	0.0186571484769191	4.26232347800837e-05	0.853785252496227	1.5893852730993e-05	0.000249903438360401	0.0133179239249631	0.0402629907191531	2.74482526325082e-05	3.24011125022481e-06	2.53633919410801e-05	0.000177667934250108	4.59171555935951e-05	0.000165343671686963	0.00568349000496651	0.00175134885124883	0.015816703429752	0.0321388219561798
0.00135640939767877	0.00862322400500009	3.89529155482417e-06	0.000558162838057606	0.00405909491611166	0.0406988764541167	0.0100597518363703	2.26064525484621e-06	0.864265796747448	0.000226803008679222	0.000143597319071056	0.0122943686093533	0.00508353033013824	0.00113049898201958	1.36293457059159e-05	0.000472684690271344	4.26548980787605e-05	0.000219441647682831	0.000104983507377294	0.000109830584603696	0.000339231570193716	0.0251207859773296	0.025070487397903
0.000325196606421168	0.000172666188575926	2.07552137568397e-06	0.00293823323853967	0.000157416078677338	0.00064972725710714	0.0260741599293265	7.58556020113188e-06	0.883820963818713	0.00185638684761674	0.00361262494513997	0.0232521715832127	0.00727752996153082	7.64983867078457e-05	1.34398636516694e-05	4.79936958004578e-05	0.00197358467393074	6.28992293484263e-05	0.000514140774663686	0.000252563115181835	0.0289591230747522	0.0134045612838782	0.00454845836564763
0.000341377779392105	0.00103171425424729	8.30165922095298e-05	0.00017813162119729	0.00319320057250228	0.00123307078113615	0.0241351517518014	4.68315710294576e-06	0.881705501289456	5.87875032161906e-06	0.00452980831655327	0.0399802165389255	0.0218336954554081	1.1861215304514e-05	3.15335199103292e-05	0.00226414336228731	0.00201635548681392	0.000190578961935277	0.00314500547001188	0.000453613998949156	0.00032609842020749	0.0108015491728261	0.00250381353150079
1.43154276773767e-05	0.0159928067166079	6.25557053178303e-05	0.00186158023963761	0.00415842143972527	0.00117684552097738	0.0142193940117693	0.00125021942296692	0.879379910765921	1.62603255694389e-05	0.000123015844899994	0.0137900515384205	0.032113491544158	6.92979325100913e-05	0.000217600932806042	0.000264794067799093	2.56745637789003e-05	0.00139665598322457	0.000144401634138817	7.93157096141395e-05	0.00893989782193482	0.00799241576914968	0.0167110770813952
6.00545821086413e-05	0.000124078476283659	1.84650121757464e-06	0.00412318958742828	0.00318648018372328	0.000509414062064837	0.0212883581289051	1.56007036476687e-06	0.853831042876803	0.00123020855069927	0.00173791895659992	0.0586007411552584	0.0179849879913089	6.34470975118149e-06	1.92769932412023e-05	0.000104211391778605	0.0156477490072885	5.48097081885926e-05	0.000200100778920201	2.93894718848903e-05	0.00120362527532506	0.00445336900990504	0.0156012425309509
0.00255601422417284	0.000962249758301197	3.3660002349259e-05	0.000151584884709434	0.000387065681727279	0.00113236118555016	0.0200226034023428	5.75157508970302e-05	0.860270722860706	2.65112618263931e-05	0.00221614983146864	0.0326713365177923	0.0496007327700253	3.49024836752735e-05	4.63521312736785e-05	0.000362473527681005	0.0041149304785505	0.00438508455260559	0.00110755422085754	0.000522379130875586	0.0003775987978697	0.0168520197915107	0.00210819675323137
0.00453818509876323	5.86184364099917e-05	0.000132926007453126	2.94125621006429e-05	0.000442444206666022	0.000105193559115146	0.0436291130165327	0.00411377087735926	0.857291955294226	6.37450680357463e-05	0.0252568576256319	0.0177849260958857	0.000645676987972781	2.6072416772226e-05	4.19626350722535e-05	0.00149404588449828	1.57527243198278e-05	0.000321865773888802	0.000392735947019071	0.000209647727504391	0.0305307611329335	0.00361497459179862	0.00925935633004079
0.000696734737968466	0.00032540999959441	2.130758353944e-06	0.0009688123030219	9.88357627736609e-05	0.00440084870356533	0.0229563659562533	2.85344777973023e-05	0.874142257226775	0.000291250418033199	0.00308055217589425	0.0427659049511524	0.0282619258032802	2.68698422556383e-05	2.68274893128142e-06	0.00112660981898822	0.000597232347555993	0.000115483648196821	0.00116004746162126	0.0001648171614494	0.000308236412854266	0.00891568312981153	0.00956277415387196
0.000836388789937085	0.00742297926601289	5.36723419491056e-06	0.00524221279219119	0.0029225054178689	0.000230079500980527	0.0184909635676802	2.2778479158796e-05	0.877677463859713	4.99817292628831e-05	0.00044626141007196	0.0230490699976837	0.0323044232345869	5.07970399258118e-06	5.10142612044344e-06	5.7803617318103e-05	0.000195678685429428	0.00307282703837025	0.000317480553983932	0.00303676124712259	0.000119084263268731	0.0137700162457051	0.0107196919393456
0.00134147297706919	0.00729691599633387	1.94739251313539e-05	6.19025248204331e-05	0.00531811392315276	0.00470081559452326	0.023521474287844	2.61177091454516e-05	0.880408992236158	0.000106180456763416	0.000468321548323561	0.0321288488233157	0.00562322496738323	8.9185732790611e-05	4.37563834995731e-05	0.000219542541718697	0.00097172082967992	0.00561683757479935	0.00117639152751748	0.0062233687560451	0.00831841594036412	0.00943162166435205	0.0068873040792688
5.06313583756717e-05	0.0430164994342366	0.00151605255737365	0.018908691506347	0.000439259156964382	0.00366735274715828	0.0512370217148663	0.0703807639309814	0.699242344102048	0.000345176726202831	0.0514276995178108	0.0212604533254209	0.000608395224248501	0.00248412409055443	0.00096371595960381	0.000644968612713598	0.00357490037550745	0.0197530087728676	7.24546180449059e-05	3.61499608638854e-05	0.0101403491710577	7.02448856638722e-05	0.000159742251088906
0.00152620656614229	0.00143721687624826	8.40357844994172e-05	5.18790937574911e-05	0.000451139501219482	0.000912297173149684	0.0176445378239215	3.17327826893581e-06	0.874110368929403	9.74099585068255e-06	0.000339875657612104	0.0187037392909677	0.0283712170222153	1.34649558685389e-05	9.26124946962593e-05	0.000803682158035986	0.00409584914678282	3.67309082581427e-05	0.000693735184813221	0.000260712723735526	0.000573278287021453	0.0182356185814399	0.0315488875660929
