Bcells	CentralVeinEndothelialcells	Cholangiocytes	Hepatocytes	Kupffercells	LSECs	Mesothelialcells	PortalVeinEndothelialcells	Tcells
0.000582733390716595	9.05899160104749e-05	0.00832738689430667	0.944819940066481	0.0318319480916133	0.0112039666669607	0.0028487798009787	9.05899158308915e-05	0.000204065257101673
0.000242418591107707	0.00659085484856304	0.00608767530359213	0.94493641473836	0.0342185487577379	0.00563907855693088	0.00204840156037955	9.01526406950256e-05	0.00014645500263333
9.41939063212567e-05	9.41939062485113e-05	0.0161536080991054	0.945208516486769	0.0303679161514067	9.41939062940914e-05	0.0034089809164894	0.00448420272104205	9.41939063240989e-05
9.36932781786308e-05	9.36942216774477e-05	0.00913447673342673	0.955501281442244	0.0290140006360919	9.36932783056948e-05	0.00312443094493376	0.00285103618688528	9.3693278256228e-05
9.23658698825018e-05	9.23658699390557e-05	0.00637776586820945	0.931506718390161	0.038250228620641	0.00113391211415131	0.00527261827900819	0.0135696058843101	0.00370441910369716
0.000685654241639686	0.00477939081388695	0.00830140826644868	0.940377786544649	0.0258348843611699	0.0110460401564804	0.00668406735847271	0.00220001461812734	9.07536391252315e-05
8.9102074211713e-05	0.00669661100227949	0.00295134565315016	0.960881921252109	0.0249115810529544	8.91020741966318e-05	0.00407872290944558	8.91020742948883e-05	0.000212511907357835
9.2262757375097e-05	9.22627574303007e-05	0.00796246850632332	0.951920414216046	0.0215651221917773	0.00258995599320948	0.00595777616388885	0.00972747465655803	9.22627573911101e-05
9.09487310921986e-05	0.00757822093930529	0.00584856791500148	0.943529883034856	0.0353962454546732	9.09487311566915e-05	0.00312784494867481	0.00424639151414164	9.0948731098798e-05
9.02331002509637e-05	9.02331004107031e-05	0.00514848746618595	0.956966993594747	0.0247389539530152	0.00318792323098427	0.0050206604555226	0.00466628199862237	9.02331002611513e-05
0.00403491265418462	0.00219561025971717	0.0256259517466844	0.922670659339747	0.0184678547898576	9.3673125341166e-05	0.0113075959867214	0.0153542541918294	0.000249487905917256
0.0128731484016362	0.0213304267317651	0.00751029474359477	0.934811682947432	0.0172013466297977	8.76214434716226e-05	0.00536945965271863	0.000468126888411925	0.00034789256117189
0.0063844453097527	8.94839641129286e-05	0.00426573701208111	0.923704345191511	0.0362496826976525	0.0137958513054592	0.00700106265856008	8.94839641972606e-05	0.00841990789667265
0.00545047358395124	0.00179890647707828	0.00972548103204158	0.943251652981683	0.0294025005020953	0.00106602599212429	0.00389250360718474	0.00532126321426826	9.11926095733582e-05
0.0039285452018471	0.000156533422812508	0.00670178888375018	0.95062003166666	0.0198661071122679	0.00961102424809595	0.00291393649487529	0.00611409317801191	8.7939791679644e-05
0.00048618374531018	0.00753138718976099	0.00516417785940314	0.951684062161353	0.023198309183987	0.00221369015666567	0.00408432389760818	0.00554834447469588	8.95213312160737e-05
0.00164716814089034	0.00509467378486097	0.0115730581377619	0.964926087480382	0.014243518449542	0.000389228875744733	0.00192051184873753	9.21473323337885e-05	0.000113605949746688
8.87137737022782e-05	0.00717560921443503	0.00480043333471752	0.952069499641071	0.0282382090154813	8.87137736679109e-05	0.00553222274007281	0.00191788473318219	8.87137736697534e-05
0.0071360058893966	0.00499267864956852	0.00962584891531346	0.93669242741738	0.031982006090883	0.00013677864130471	0.00459429689288405	0.00348423140820199	0.00135572609506729
0.00167722950001742	9.03250977754796e-05	0.0043116654964671	0.953480914074777	0.028976647828162	0.00781645096341454	0.00346611684373862	9.03250977966568e-05	9.03250978510596e-05
0.000435592746320979	8.96961675248785e-05	0.00874182616799117	0.948252429771779	0.0218786849400292	0.0158337521009247	0.00458862577037441	8.96961675556262e-05	8.96961675003593e-05
9.0815116959232e-05	9.08151169652514e-05	0.00410018302314989	0.944755828096831	0.0340277578998008	0.00209666075734877	0.00314497454807338	0.0104880642103148	0.00120490123055719
0.00131310809789396	0.00210613071466803	0.00946245108696521	0.939890269622413	0.029772612198441	0.00713341389724224	0.00722128780306739	0.00300574448454606	9.49820947628443e-05
8.84336619490268e-05	8.84323238652171e-05	0.00685947353928828	0.947157585328852	0.0290174613928156	0.0078123829472865	0.00247192280333866	0.00558820499856492	0.00091610300403946
8.97702691356301e-05	0.0105478927452473	0.0080327141157074	0.936257119652495	0.0240660685748481	0.0124917309486922	0.00512325492896337	0.00284822207853562	0.000543226686375663
8.93742411371483e-05	0.0132870771077602	0.00469236292274206	0.95502962963067	0.0196243805770323	0.00161113463114739	0.00465846927005921	8.9374241065694e-05	0.000918197378386531
0.000556912157168715	0.00263630234960193	0.00673342865450797	0.959963456319213	0.0176686082875037	0.00913723996910572	0.0031250275420027	8.95123605177565e-05	8.95123603788516e-05
0.000988593729261612	0.00962491865253584	0.00518203022171987	0.960657434250404	0.017673323825954	8.83681101176201e-05	0.00543148390481905	0.000265479195113847	8.83681100745766e-05
0.000750934290246226	0.00287973301825347	0.00727076846152537	0.94955723439865	0.029287546080589	9.30181286452239e-05	0.00544374456885202	0.00462400292454365	9.30181286948839e-05
0.00406276446916166	0.0086766822647686	0.00437412951766479	0.954790809607198	0.0219611169948578	0.00293665246925202	0.00235495834009554	0.00075415768007358	8.87286569282532e-05
8.80334665532296e-05	0.0061290752516692	0.00651757216690308	0.958914589851337	0.0186152432876986	0.00377560333221286	0.00148024552613123	0.00213286262313775	0.00234677449435676
8.83462298720368e-05	0.00606047201402018	0.00843510609830423	0.946536748555398	0.0158596598779437	0.0171760429020376	0.00486278191116268	0.000892496181377779	8.83462298838151e-05
0.000891808588123022	0.00809034715703961	0.00501153367333422	0.956412060929915	0.0230435292152832	0.000155478169422276	0.00571895017840017	8.87971544685157e-05	0.000587494934014107
9.20249648857832e-05	0.00274156590370705	0.0125987474678363	0.942797089563956	0.0285566514052237	0.00858053659244803	0.00444933417211111	9.2024964935956e-05	9.20249648966297e-05
0.00138374144877264	0.00186715058563008	0.00545039783833609	0.951866097257573	0.0223151589112006	0.000662421431895052	0.00304343792280679	0.00935585788160796	0.00405573672217819
0.000134580877442486	0.00194974996593385	0.00934132343702357	0.94798817358858	0.0247461513488536	0.0101093271586883	0.00476164175286803	0.000201013425688812	0.000768038444921204
9.1840217535313e-05	0.0132236053480671	0.00174468178050155	0.957713063080191	0.0194755929896547	9.18402175856916e-05	0.00543722794845368	9.18402175316261e-05	0.00213030820047914
9.34750738958897e-05	9.34750738201543e-05	0.0189800784807644	0.94452604289027	0.0236125249646524	0.00193229897186389	0.0055772918426791	0.0050909680496733	9.38446523804087e-05
0.000596527612294104	0.00202235136378341	0.00626593369012356	0.949411354240682	0.026395985689495	0.00477934789206966	0.0051767482346428	0.00525852340638845	9.32278705214533e-05
0.0113276063713612	0.00769266690857845	0.0359164138060747	0.876838990301909	0.0316463336685693	0.000131387054111495	0.0215651558550731	0.00866610136676654	0.00621534466755603
0.00138283324681777	0.0100722341257677	0.00467263549226014	0.952554758083059	0.0235537248341041	0.00190305327300847	0.00565275350452202	8.75889643886664e-05	0.000120418476071841
9.40491447088566e-05	0.00092456682619451	0.0106800160799881	0.955977921825438	0.0192371386434007	0.00907508308850451	0.00382192574541408	9.40491448767226e-05	9.52495014741204e-05
8.77134621773921e-05	0.000200374243391464	0.00612654751456742	0.965059260050138	0.0127733625326283	0.0116478232369878	0.00227015825661083	0.00107043863670514	0.000764322066793631
9.05993173031322e-05	0.00784462415586612	0.00893372450239503	0.953677661845121	0.0217172315979687	9.05993172788484e-05	0.00539066367500737	0.00216429627175421	9.05993173051594e-05
8.85620271801012e-05	0.0100850116142411	0.00644541861954839	0.958893589962203	0.0198278070286827	8.85620271066333e-05	0.00439392466669654	8.8562027161669e-05	8.85620271794807e-05
0.012001269102494	9.13179971474046e-05	0.0304547345084589	0.873807346268727	0.0279222751116293	9.13179972695667e-05	0.0116652751156809	0.0438751459013824	9.13179972106611e-05
0.00228935682702313	0.0130382527865337	0.00302420015076648	0.933463353243281	0.0339200858183446	0.00585902981293512	0.00512738989612703	8.83169477146541e-05	0.00319001451727403
0.000673135299318439	9.30991191404546e-05	0.0105230585780208	0.954610309392368	0.0218973257641232	9.30991192472326e-05	0.00337978205460498	0.00478008078612219	0.00395010988705441
0.000192217338325241	0.0116063573987011	0.00529790229819541	0.959811446961678	0.0170373649210423	8.83497138121635e-05	0.00578966194064123	8.83497138173349e-05	8.83497137874717e-05
9.28187404102719e-05	9.28187403802533e-05	0.016543027997215	0.9309868251086	0.0214653495836597	0.00358442890700986	0.0101292669501266	0.0170126452321839	9.28187404144517e-05
0.0086610331040462	0.000452932252019206	0.00796611899799112	0.934090973741098	0.0267323563817926	0.0125053654735952	0.00428301381275473	8.91932325521959e-05	0.00521901300415142
8.9981906319874e-05	8.99819063227314e-05	0.00142109868526443	0.950712784160258	0.0225766533390787	0.00719415295243632	0.00514316399846115	0.012682201145533	8.99819063263044e-05
0.00396960663196024	0.00792968421748983	0.00866509242802558	0.951869590742053	0.0178601297884935	0.00569949741161075	0.00382863100986486	8.88838852512975e-05	8.88838852504581e-05
8.75863144850861e-05	0.00862730748493246	0.00346604312718746	0.959286141350401	0.0199830764742211	0.00096695862470368	0.00348868889320512	0.00400661141636376	8.75863145000446e-05
0.0261338086438946	0.0124232437697949	0.022738520049827	0.858152008190318	0.0278079559773618	9.11317240052404e-05	0.0187496072980941	0.0313029493385936	0.00260077500811108
0.00215179761532573	9.08173695666604e-05	0.0193688030304831	0.91426252534624	0.0269386838623019	9.08173693188354e-05	0.00660671953230269	0.0090263711774911	0.0214634646969698
0.000831864925395193	0.00443584636030734	0.00428025079414809	0.949949153786552	0.0301215801114795	0.000407791165774809	0.00339811267996935	0.00580206090987837	0.000773339266495196
9.32238351089874e-05	9.32212065154615e-05	0.00620812214000875	0.940214205688482	0.0280077006545347	0.0137265164562767	0.00260909077932728	0.00406866530718649	0.00497925393255923
8.82409862101279e-05	0.00185977399787722	0.0069211517333365	0.950492777727802	0.0284569358629764	0.00357773284857449	0.0066539048247935	0.00186124103222376	8.82409862060913e-05
0.00137654813813666	0.00152785948456305	0.00622195137687287	0.941179551366989	0.0257190125191411	0.0211443214203554	0.00265073644135802	9.00096263571783e-05	9.00096262262408e-05
0.000922469807623081	0.00259098647118299	0.0159134291856202	0.929096443802298	0.0309051158569561	0.00811777538191099	0.00201395604803909	0.00294555048457744	0.00749427296179263
8.97844736113675e-05	8.97844736338937e-05	0.00702631096505065	0.957948993442831	0.0260747959061184	0.00332020834723454	0.00481658621227543	0.000543751705627327	8.97844736172182e-05
9.31292514843697e-05	9.31292513722885e-05	0.0135137605964315	0.942818461080235	0.0200453884229129	9.31292514681021e-05	0.00556235320472264	0.016816718122098	0.000963930819274857
8.87719276101444e-05	0.0260405316544769	0.00518225047329628	0.941681707563933	0.0174962338897797	8.87719275878514e-05	0.00351989730569488	0.00180965216708926	0.00409218309053259
0.0001107699755994	0.0117365431563217	0.00554429964552044	0.944999887909414	0.0283546347578181	8.85072407341363e-05	0.0038055908976941	0.000927450614321847	0.00443231580257638
0.00221140435119318	0.00813780699815855	0.00571101313586352	0.95334497231119	0.0147017450486546	0.00612944121729796	0.00384073165855637	8.72629547718049e-05	0.0058356223243141
0.0012647797028026	0.0108933246644739	0.00748673546965205	0.94714205251979	0.0246116417250386	0.00505910733700128	0.00336184686307792	9.0255859083277e-05	9.02558590800445e-05
9.1392466265777e-05	0.00557540781619307	0.00696655946983047	0.953081952982898	0.0214390367622591	0.00863694867108952	0.00399217222417942	9.13924662707706e-05	0.0001251371410139
9.48741819717877e-05	0.0120316548042874	0.00892067756542904	0.932872333858476	0.0299261390415877	9.48741820339418e-05	0.00822308406351269	9.48741820902148e-05	0.0077414881206117
8.8363485191226e-05	8.83634852077979e-05	0.00595586162892796	0.961279832049597	0.0201078035951446	0.00593886556313866	0.00297545049703838	0.000872075292917169	0.00269338440283682
8.82538355209678e-05	0.00787194147019422	0.00381324277258154	0.9442012614177	0.017777354425306	0.0183439077838086	0.00571492976822123	8.82538354757448e-05	0.00210085469119189
8.9885818776284e-05	0.00213097640239117	0.00774804926297611	0.952798702437179	0.0217500309182763	8.98858187747896e-05	0.00615310407681444	0.00893164122361042	0.000307724041201806
0.000324090459918195	9.26961960916003e-05	0.00607606397816043	0.941873209276439	0.0415054648752031	0.0016093044873378	0.0042206152581147	0.0042058592726094	9.26961961260945e-05
8.78073501006931e-05	0.00304926797660815	0.00615090848225974	0.952769311215492	0.0261255138801859	8.78073502398355e-05	0.00609598521511361	0.00382193691920907	0.00181146161079056
0.00040381257560802	0.00150982296602343	0.00990203443002118	0.934666090593139	0.040542183882555	9.70673025938442e-05	0.00465974124152554	0.00812217970597099	9.70673025628494e-05
8.88733861054886e-05	0.00927649594704636	0.00194570379667159	0.962098513201219	0.0213702859321166	0.00199773484897292	0.00261730678964092	9.78556454917528e-05	0.000507230452735095
0.0069410915030592	0.000534164175426217	0.00536380089243676	0.937844592229925	0.0324029655993119	0.00658150110121394	0.00489465063562768	0.00114785223762608	0.00428938162537326
0.00213087094158423	8.67071634686119e-05	0.00530101093125905	0.951250224791304	0.0310596748976976	0.00392944192455212	0.00292906576470832	0.00322629642185566	8.67071635707571e-05
9.2413212062657e-05	0.00891244488765923	0.00781375656851192	0.945679579753313	0.0291444679030581	0.00345808650038626	0.00471442475096919	9.24132119673707e-05	9.24132120721193e-05
0.000486441889052734	0.0139815854513744	0.00622211293501434	0.952301343138924	0.0244936403878692	8.78787256269118e-05	0.00225124002095797	8.78787254654864e-05	8.78787257150483e-05
0.00288189129897966	0.00746484169213155	0.00327413382819381	0.948301586621076	0.0245587031347612	0.00702190176829263	0.00290924678488998	0.00122188628730827	0.00236580858436649
9.16214450992191e-05	9.16214450372977e-05	0.00952487992531535	0.934269598582709	0.0320429718070087	0.0133667564120234	0.00709596732853232	0.00342496160917477	9.16214450995645e-05
6.38051154723169e-05	0.00287217941156346	0.0135641658561275	0.94625684351261	0.0271971649514538	0.00312165586195647	0.000917839403588553	0.00594254077175568	6.38051154721415e-05
8.920593532893e-05	0.000554894928582976	0.00565621499863834	0.95779442007326	0.0192646457376119	8.92059354582602e-05	0.00655553570552847	0.00797568294090644	0.00202019374468434
0.00470288897164669	0.0185913109510716	0.00455839985406323	0.943206936800515	0.0218270286848901	0.0013869580147807	0.00428880067125517	0.00134861327511742	8.90627766604566e-05
8.89493905827909e-05	0.00935918399019847	0.0101934857535883	0.94165359626655	0.0343218353734964	8.89493905149404e-05	0.00411610105392118	8.8949390561829e-05	8.89493905856929e-05
0.00541368190770752	9.29723782564636e-05	0.0064510370015365	0.921380824120225	0.03739735603178	0.0053598945411404	0.00272582034117458	0.00591280939025852	0.0152656042879213
0.00462397336961403	0.0141483484450734	0.0134655323776505	0.919655633702113	0.0208428708478633	9.12906547745956e-05	0.0104598354760732	0.0166212244720347	9.12906548034004e-05
8.89693668014783e-05	0.00445782857764708	0.00447948023379779	0.946501248071263	0.0225637659135076	0.0163259681267024	0.00432747592106348	0.00116629442240759	8.89693668097682e-05
0.00070111885873818	0.0134329073764319	0.0080631968131996	0.961374195947169	0.0125800782638468	8.98418411521932e-05	0.00357897721707094	8.98418411131488e-05	8.9841841278151e-05
8.77633707078076e-05	8.7765116321749e-05	0.00508497567566642	0.954269575346632	0.0174572080882776	0.00921816515037055	0.00223755256528858	0.00192887585301398	0.0096281188337211
0.00455955148855771	0.000216067677578341	0.00555050775790529	0.944694884614713	0.0282492004662722	0.0143424145021479	8.79176080174853e-05	0.00221153827681579	8.79176079928601e-05
0.00839781121574049	9.27535085554207e-05	0.00891247847192237	0.937755292223374	0.0292548186850981	0.00781370223308907	0.00379614333367365	0.0038842468199845	9.27535085629361e-05
0.000965664905672947	0.00812970272846136	0.00463214558214252	0.952168603156444	0.0303480509527463	8.76863510401921e-05	0.0034927736213526	8.76863510400207e-05	8.76863510998751e-05
0.00253407354274919	9.24491409447979e-05	0.0109971692769079	0.950588237421245	0.019982465156828	0.00164327534288371	0.00217344006444547	0.0105914918394945	0.00139739821450127
8.78186422004105e-05	0.00810401546365325	0.00131812199384602	0.956581327995575	0.0282197693276115	0.00132190230023758	0.00419140699241486	8.78186422496548e-05	8.78186422117548e-05
9.42460757961485e-05	9.42446889490534e-05	0.0108807892805752	0.959061553436357	0.0246617301822292	0.00136973372317491	0.00364921046156983	9.42460754982357e-05	9.4246075850441e-05
0.00228010281195816	9.31949636554759e-05	0.0107106924694824	0.93902200358794	0.0329708770763991	0.00562102237861519	0.00639207751523606	0.00240040521299982	0.000509623983713305
9.04803032765725e-05	0.0118991669787192	0.00693420185084167	0.952672625601416	0.0161315742694909	9.04803033720451e-05	0.00771252029183712	0.00437847009776127	9.04803032854517e-05
0.00249560691363677	0.00796868486610515	0.00508712737337509	0.935135620746556	0.029926962504962	0.0100215337006916	0.00394702933181389	0.00532618256805024	9.12519948094466e-05
9.54637695583248e-05	0.00326823799150922	0.0144170469016348	0.95053114999606	0.0215403107579446	9.54637693983943e-05	0.00474762500534648	0.00520923803898338	9.54637695645601e-05
0.00121651664093783	0.00859044597212265	0.00791975517423696	0.951126437385376	0.0166407808263147	0.00537762863696573	0.00619224433806787	9.09708243752269e-05	0.00284522020160318
0.000802026929267539	0.00512904887088792	0.00641492354143948	0.949610234510211	0.0312658766490887	9.05545797747334e-05	0.0056399901988175	9.05545799724777e-05	0.000956790140540349
0.000968527692613547	0.0087679215081732	0.00583501650547613	0.942687783117474	0.0208647150057322	0.015158623631699	0.00530392033203197	8.94305188281914e-05	0.000324061687971835
0.00226806104908098	9.22107459174575e-05	0.00881934540694894	0.944985676311764	0.0236588470015925	0.01638747435317	0.00360396363964331	9.2210745940701e-05	9.2210745942477e-05
8.76832616265689e-05	0.0145466914999497	0.00492374654225879	0.954605735913443	0.0155608790897567	0.00464174652778731	0.00336130703093906	0.00218452687256323	8.76832616757205e-05
9.12375476349339e-05	0.00414970195422563	0.00628588231236966	0.956294459975138	0.0249729915692761	9.12375476102865e-05	0.0036877108406295	0.00433554070547745	9.12375476385989e-05
0.00252646864424145	8.87479291707524e-05	0.00813239566654038	0.950376754951576	0.0303629173390437	0.00413891129358538	0.00419630831725824	8.87479293686839e-05	8.87479292157397e-05
8.91497556458834e-05	0.00317848211962728	0.0048020921484354	0.95783409087615	0.0247141751364641	0.00574001581786162	0.00346369463460129	8.91497555658552e-05	8.91497556488642e-05
0.00363046935009804	0.00549630168177413	0.00656005686196438	0.95798011826651	0.0155841256387372	8.751198937916e-05	0.00256630221783492	0.00734193622410884	0.000753177769593457
9.42417963055781e-05	9.42417963151815e-05	0.00780092777566307	0.941193299463126	0.0354187996587719	9.4241796392671e-05	0.00476130321699854	0.0104487027000888	9.42417963385649e-05
9.02331766626604e-05	0.00319461995025432	0.0058120170244809	0.945859032972586	0.0292331063449875	0.00306019561683236	0.0053080932392122	0.00543752769943855	0.00200517397554577
8.9375555528119e-05	8.93755554846665e-05	0.00464548739250331	0.944222268420383	0.0286985998352079	0.00537710583573632	0.0063778534544799	0.0104105583951551	8.93755555213771e-05
0.000660127350040828	0.0145657779826711	0.00730125149831697	0.936204014068118	0.0191542183728241	0.0103664258670233	0.00811744176038233	0.00349407232498703	0.00013667077563616
0.000925150705810653	0.00358272023672529	0.0176728694284054	0.925035135508625	0.039043565718064	9.18464997760425e-05	0.00402671854369313	0.00953014685906063	9.18464998403278e-05
8.84821153840521e-05	0.0150759941235076	0.00567148578314234	0.945022596070227	0.0289990284854134	8.84821153635116e-05	0.00240524875071859	0.0018589801932552	0.000789702362988309
8.86983692803697e-05	0.0158157891961355	0.00797912930511581	0.936062865247769	0.0191511056004997	0.000744143031943204	0.00725232297320793	0.00902846660196935	0.00387747967407888
0.00338965429680117	0.00684351974429469	0.00855180704584911	0.951654817873253	0.0183566201913914	0.00411350875994186	0.00401318217286144	9.09987850717839e-05	0.00298589113053543
9.27241645150325e-05	9.27246656803683e-05	0.00889149045561065	0.941037289326725	0.0275942881254597	0.00858738124253778	0.00660509649893123	0.00700628135595435	9.27241645856872e-05
0.00112786054072029	0.0170439198148588	0.00196721774573074	0.948638106279435	0.0230856709715005	9.08934078208098e-05	0.00566875296503303	0.00228668486707175	9.08934078286355e-05
9.56290164327274e-05	9.56290163691795e-05	0.0145632045857225	0.947286407522424	0.0216996094191081	0.00475819548237579	0.00315587559480447	0.00537586275037185	0.00296958661239153
9.35240088086047e-05	0.00375075895086139	0.00931884436162463	0.945541602168665	0.0277599546653546	0.00172520963547453	0.00414720097931178	9.35240088918073e-05	0.00756938122100756
0.00223112696726736	0.00466895436715807	0.00677535296193616	0.947502422809308	0.0239330146959326	0.00321450694119592	0.00590232066606639	0.00451760801479917	0.00125469257633626
0.000804429064345931	0.00226932042473565	0.0100577263286849	0.95135770303791	0.0178681987455218	0.00820385558915521	0.00220897330022126	0.00713886162767329	9.09318817524206e-05
8.8331510399055e-05	8.83315104996317e-05	0.00441800642998223	0.960173018452791	0.0199400277561257	0.0049689354695623	0.00371062945299295	0.00624183045821726	0.000370888959429522
0.000152492874432381	0.00364666294832599	0.0047169222245708	0.960020512578678	0.0229962450802772	0.00157010458013698	0.00521241642840687	0.00159599846855311	8.86448166183069e-05
9.34516835707011e-05	0.00918297782386629	0.00708763600980283	0.937959967767249	0.0345735029419499	9.34516835606554e-05	0.00180869422892273	9.34516835311456e-05	0.00910686617754608
9.20027674565647e-05	9.20027674441926e-05	0.0114998469683752	0.932105781291846	0.0333208074064871	0.00888979081366185	0.00343605589953211	0.00686570667090366	0.00369800541429323
9.00113945985527e-05	0.0040249930585881	0.00393240489144051	0.948220759900813	0.0354372636190826	0.00228344241230458	0.00583110193399909	9.00113945595665e-05	9.00113946140333e-05
9.18083717155132e-05	0.00135880175656167	0.00700032892515822	0.927231370223802	0.0374971239443932	0.0192162057555043	0.00462060427951966	0.00289194837163028	9.18083717150252e-05
9.03594453993383e-05	0.00856548124646104	0.00387024366444853	0.937722068167391	0.0349968030264734	0.0061540365088206	0.00478406692498075	0.00372658157062421	9.03594454014344e-05
9.09374270572663e-05	0.00338422597526158	0.00971509036979549	0.948949136068326	0.0305560564431623	0.00293488888489294	0.00162438378821021	9.09374271113475e-05	0.00265434361618332
9.34456775920587e-05	9.34456776303575e-05	0.0120072751694957	0.943011711637096	0.026422730885482	0.000525403533433858	0.000897840442500267	0.00865830368105168	0.00828984329571771
0.00205402930534332	0.00692082729568996	0.0085544927874334	0.943926534916114	0.0237982243401682	9.23954870949628e-05	0.00373784174000769	0.00949257594996678	0.0014230781781815
8.90532026514628e-05	0.00146653979897837	0.00228122226883575	0.962835676661815	0.0218383496805112	0.00534709091149234	0.00331847178501032	0.00273454248805368	8.90532026521268e-05
0.00554761397063825	8.88462744038042e-05	0.00443132891650584	0.938756277302617	0.038676703158682	0.00744344587172221	0.00304918454423804	0.00191775368668693	8.88462745063523e-05
8.98709817932832e-05	0.0164635021937852	0.00622533638588136	0.954710893766096	0.0155226117910492	0.00494984184151412	0.00185820107622211	8.98709818380561e-05	8.98709818207165e-05
8.94752859936831e-05	0.00724147532951277	0.00358058186039391	0.939109635167252	0.0313152953863296	8.94752859772612e-05	0.00596773388232007	0.0125168525162278	8.94752859932488e-05
0.0037296215157517	0.0086301895124811	0.0145163902979809	0.938763832877011	0.0258316115150966	0.00527385750138406	0.00307123692948171	9.16299254630085e-05	9.16299253499008e-05
0.00455253049962557	8.90716624841395e-05	0.0046310249571073	0.949635266726434	0.0199032232217748	0.0157570420249365	0.00525369758250785	8.90716625927951e-05	8.9071662536955e-05
8.80481248963628e-05	8.80481249482345e-05	0.00568711621464099	0.962559224118322	0.0175380589699763	0.00610108798911454	0.0014920319368674	0.00422969893704187	0.0022166855841924
9.04197658599788e-05	9.04197659492492e-05	0.00814946943142453	0.943447022906086	0.0266683249504404	0.0125068318759577	0.00641300399791626	0.00254408754049066	9.04197658750885e-05
9.64848703394345e-05	9.64848703812226e-05	0.00947608767308538	0.947679695809853	0.026937369501478	0.000725576383946101	0.00502815483395253	0.00986366118659998	9.64848703648215e-05
9.03665375439084e-05	9.03665376271913e-05	0.00773248716210709	0.947735942006694	0.0355645689048273	9.03665375954486e-05	0.00207608500063667	0.00649216047672231	0.000127656836245717
8.98851161120973e-05	0.0117903009525944	0.00441946632176544	0.942557746597608	0.0283864998011788	8.98851161998331e-05	0.00506106055000139	8.98851161829815e-05	0.0075152704283568
0.0115625128248848	0.0260407188922263	0.00308559409535518	0.886643167755136	0.0305899574757519	8.78441554934862e-05	0.0205576295648126	0.0213447310808455	8.78441554946026e-05
0.00377968461408743	0.00638208535974765	0.0057970640930605	0.937508685655958	0.03331054651439	8.92062075773207e-05	0.00215740629124358	0.0108520606248854	0.00012326063905025
9.20275458547672e-05	9.20275458757207e-05	0.00982324944021453	0.952272848221802	0.0244912518715793	0.00980459039485583	0.0032195242919458	0.000112453142017418	9.20275458542875e-05
9.39022252581518e-05	9.39022252124559e-05	0.00884628739937804	0.939435988002263	0.0374544967456419	9.39022252642943e-05	0.00288103011181912	0.0110065888399036	9.39022252592712e-05
9.10122780405608e-05	0.00198554509012451	0.00584994139888123	0.953848783605533	0.0166290824614358	0.0126005517537522	0.00444164622069551	0.00411142796458676	0.000442009226950191
8.90903126964122e-05	0.00349779005331107	0.00298057815421167	0.947859776139218	0.0214968605640628	0.0142494997709337	0.00254391522504185	8.90903122909845e-05	0.00719339946823384
8.8817015900774e-05	8.88170158387774e-05	0.00799739739722714	0.953074140419029	0.026983238992523	0.00819512060877069	0.00245453748911457	8.88170158897672e-05	0.00102911404570659
0.000483318554397422	0.00248856470098818	0.0036494855577436	0.954566579440394	0.022103204474734	0.00734493638166863	0.00480884776638821	0.000385800076182298	0.00416926304750346
8.76534448073181e-05	0.00497814133106461	0.00420232719717703	0.943346750101323	0.0289703851300109	0.0163731189480637	0.00186631695803924	8.76534447073798e-05	8.76534448061085e-05
6.23847692061579e-05	6.23847691953856e-05	0.00721477721909541	0.951743306265318	0.0327814087387169	0.00541915813497244	0.00259181056508726	6.23847692018119e-05	6.23847692066464e-05
9.24826108070215e-05	9.24826108022476e-05	0.00477110645214352	0.946913829711878	0.0329019003420763	0.0106928166092988	0.00435041644129375	9.24826108898019e-05	9.24826108101607e-05
9.11560686962709e-05	9.11560685816014e-05	0.00651601788334976	0.960928741886638	0.0261499472182278	0.00487492879234627	0.0011657399447933	9.11560686725805e-05	9.1156068694349e-05
8.96105523660372e-05	0.0128420086654087	0.00474852257841875	0.949429926100479	0.0271626379870822	8.96105523466416e-05	0.00410280022223723	8.96105523455337e-05	0.00144527278931577
0.00755760082316794	0.0328949759276535	0.00411893812876188	0.910639995183116	0.0263656066091812	0.00556735281118874	0.0117061466917718	8.67441720713493e-05	0.0010626396530869
9.00065752748659e-05	0.0120969985452129	0.00569425004217708	0.949712685078429	0.020860433483044	0.0069510598381111	0.00441455328717023	9.00065753054325e-05	9.00065752753409e-05
0.000884149863022993	9.01568691511081e-05	0.00468249348884381	0.949571109522855	0.0267982636691837	0.0106623522089949	0.00415519413985542	0.0030661233688913	9.01568692016169e-05
9.22579079099454e-05	9.22579078641273e-05	0.0106897153283897	0.927853953030472	0.0425010296319578	9.22579079124918e-05	0.0037012834086734	0.0140503043468286	0.000926940529991972
0.00281807771313994	0.00353338996875663	0.00478078586706769	0.950015263480489	0.0267373489717655	0.00767792028742286	0.00425904094785801	8.90863817216897e-05	8.90863817788448e-05
9.01431818270831e-05	0.0210383783145173	0.00589326952711505	0.925151244698514	0.0333731764918164	9.01431818344173e-05	0.0110652996882522	0.00320788534523724	9.04595708866011e-05
9.03008983222354e-05	9.0300898247681e-05	0.00471256969112423	0.957274042159994	0.0214526311661605	0.0096809212814975	0.00341389198550521	0.000167341802877586	0.00311800011627125
0.00114012967043055	0.00756751859905302	0.00345461330878933	0.945963794604087	0.023435105352228	0.000448259063832481	0.00643113673223477	0.0101203950410888	0.00143904762825579
9.2645369324046e-05	0.00434010384338903	0.00579242866779965	0.948027014550719	0.0284030675725611	0.000444615261996694	0.00413636388514973	0.00367099820688981	0.00509276264217103
0.00425155154547271	0.00224496622270058	0.0100900111080585	0.950888819235095	0.0262384079577862	8.98663299927696e-05	0.00137869986872575	0.00472781140212682	8.98663300419587e-05
0.00237991421447054	0.00238005138659988	0.00991221575994997	0.949442377264467	0.0267173141382275	0.000127241015473419	0.00528007121769281	0.00366750587744911	9.33091256693795e-05
0.00104572098648301	0.00548937186973059	0.0064903922506832	0.949761958992424	0.0219084255225679	0.012455731819688	0.00266398223987679	9.22081592740645e-05	9.22081592721606e-05
8.82235204983485e-05	0.00806700394578368	0.00542765629741734	0.961341793862764	0.0184276981806233	8.82235204972105e-05	0.00381533131706498	0.00224883928534451	0.000495230070006959
9.02362493028865e-05	0.00178693636837405	0.0067994557137088	0.935624962858756	0.0483503802985387	0.0062606987054277	0.000906857307221982	9.02362493722059e-05	9.02362492977605e-05
8.7433042365401e-05	8.74330423116403e-05	0.00579884374755472	0.947289577148578	0.0310184891160254	0.00615656326231876	0.00615612166612596	0.00331810593235538	8.74330423646321e-05
0.000599246065811667	0.00390235416270406	0.00459579524629114	0.965161372529647	0.0199365962505265	0.00179504898915936	0.00203843196386806	9.26871665431698e-05	0.00187846762544919
0.000473756989354055	9.44512248682719e-05	0.0119151741683957	0.948908914022522	0.0252849202750458	0.00980792937557707	0.00300499391477727	9.44512249638004e-05	0.000415408804496513
9.21999702689472e-05	0.00760651440017491	0.0103753255386298	0.938612194098774	0.034504489201179	9.21999702476691e-05	0.00375713123468042	0.00382201226817091	0.00113793331787374
9.37987603317574e-05	0.0114507146686365	0.0112757881801118	0.946073085442578	0.0238968579477196	9.37987602737351e-05	0.00295956920393481	0.00406258827608057	9.37987603332294e-05
0.00270958277463829	8.91284514269108e-05	0.00407216373009662	0.960246965782705	0.0267038092982997	8.91284514721989e-05	0.00350371912953405	0.00216783659134619	0.000417665790481096
0.00152474470831697	0.00268605956893541	0.00976787209361987	0.952231606143681	0.0260419735855104	0.00517574198564505	0.00123226843717057	9.22580677631734e-05	0.00124747540935742
0.00197347487572868	0.00582113718395814	0.00280242406003132	0.944099830627798	0.0250891019731594	0.00681784771984397	0.00570913321665808	0.00215333429947808	0.00553371604334419
9.43035355872295e-05	9.43035356051906e-05	0.00607422222981533	0.949524496998149	0.0283099948237269	0.00425886364999611	0.00503089645083824	0.00651861524070092	9.430353558113e-05
0.000890598380604626	8.94564141280312e-05	0.00567921901038523	0.942612396770865	0.0298791314395747	0.00830888004137036	0.00618517418843944	0.00626568734051818	8.94564141138631e-05
0.00241564109974974	8.71317655286162e-05	0.00594564641087922	0.94819551695627	0.0284829407433285	0.00561107545485397	0.00718834254928915	8.71317654767643e-05	0.00198657325462372
9.13672223993198e-05	9.13672225025187e-05	0.00758051352384506	0.953876607582539	0.0280757774018962	0.00417415794340295	0.00414639246734941	0.00187244941366678	9.13672223988196e-05
9.86589330956878e-05	9.215311573808e-05	0.00495500572647113	0.944939733113294	0.0382152104629988	0.0044066257552082	0.00250123213215137	0.00388278190978417	0.000908598851258465
8.90276314643702e-05	0.0112299531968329	0.0060993437654315	0.950552698465742	0.0241868892238681	8.90276315330584e-05	0.00426349538978155	0.0023543745878342	0.00113519010751219
9.08274166522112e-05	9.08274166347221e-05	0.00470703379815252	0.946179725416435	0.0305785889791925	0.014325823569316	0.00384551857012257	9.08274168213914e-05	9.08274166730866e-05
9.12013904015198e-05	0.00327881282421345	0.00532486154861875	0.954581778771076	0.0192012450240294	0.009913981906465	0.00431064730100671	0.00320626984377394	9.12013904152227e-05
0.00757002782280904	0.0121933136226057	0.00572723963541634	0.924904069237352	0.0379259099034781	0.00230876027765905	0.00680605149332088	8.98377308253663e-05	0.00247479027653298
0.00873060796624883	9.17584349452541e-05	0.0182475850703926	0.928452545913296	0.0185749686389312	9.17584350107047e-05	0.00654490676673248	0.0191741103394568	9.17584349866923e-05
0.00254705149982714	8.95253763735864e-05	0.0077059482443029	0.941554528292855	0.0276646075002721	0.00129428696095752	0.00785500862079978	8.95253764479015e-05	0.0111995181281638
0.000733297233435406	0.0147029149340478	0.00210507319092609	0.941939318354885	0.0302639679922556	0.00479724860185678	0.0052783767552277	8.99014687317148e-05	8.99014686343666e-05
9.10252690901417e-05	0.0264952748955809	0.00696093463965728	0.933614158392621	0.0144939152757382	9.10252690744538e-05	0.0123571867262185	0.00481902462418687	0.00107745490783226
0.000970502219315627	0.00150803883516047	0.00262306267189427	0.962214922238335	0.0189168044738404	0.00225788582460863	0.00332890773885927	0.00519600115597649	0.00298387484200951
8.90087607351681e-05	0.0112554903817195	0.00508307266847637	0.945745934749637	0.0238834026908636	0.00236423391905493	0.00942425835130543	0.00101663234907348	0.0011379661291342
6.36268952601367e-05	6.3626895255517e-05	0.0100336892238777	0.947143575094868	0.0236642829517033	0.0142711495783113	0.00438344580610342	0.000312976659360605	6.36268952603024e-05
0.000906170760062377	0.00784503773218536	0.00402358124437911	0.936561276785058	0.0383300010519595	0.0106282978818604	0.00152657495604409	8.95297942863998e-05	8.95297941644353e-05
0.00656528528986076	9.15230096871115e-05	0.00796831282604531	0.950983972489768	0.0228279466026091	0.00771482074266597	0.00366509846481448	9.15202871838771e-05	9.15202873650723e-05
8.95434733500052e-05	0.00508459913658313	0.00359056610640044	0.953174094301961	0.0272746031545455	0.0081507177228327	0.00245678915752825	8.95434734233736e-05	8.95434733750118e-05
9.10916756827123e-05	0.00541854732008697	0.00538640339312998	0.962909048010296	0.0174618969641181	0.000925732539765095	0.00518425474001163	0.00253193368122613	9.10916756835479e-05
0.00047153218827482	0.00211605522656698	0.00476845945579773	0.960243470387958	0.0245960658132919	8.86705755230164e-05	0.00207225335203775	0.00555482242499889	8.86705755513119e-05
8.81632900724536e-05	0.0113900790378904	0.00254555112461673	0.949689653043056	0.0276153376418102	0.000215390324398506	0.0059149849622338	0.00245267728583665	8.81632900851612e-05
9.27364579838033e-05	9.27364579565996e-05	0.00951333503908625	0.942099593162357	0.0294477225697092	0.00439996641712554	0.00306988686703173	0.00993848677620949	0.00134553625254043
0.00888806001472501	0.00575597926304884	0.0114722831749955	0.934455780743284	0.0233592676170177	9.20131067053124e-05	0.0142134310040599	0.00167117196955607	9.20131066080442e-05
0.000630888563359834	0.0109310175156044	0.0021956112590161	0.946885472543857	0.0240444924198956	0.00651920375189298	0.00583567624706432	0.00228509427952789	0.000672543419782277
0.000129442862311192	0.0100683131961031	0.00730684189786909	0.93355181734198	0.0218595396495831	0.011513951486841	0.00935684390545114	0.00583627754451706	0.000376972115344554
8.99838748345184e-05	0.00345738545039236	0.00540674408030846	0.939201136136099	0.0374278712342132	0.0033286711756957	0.00463127607141424	0.00636694810220477	8.99838748374797e-05
8.92322168277788e-05	8.92305219505957e-05	0.00589736542273642	0.953804283227483	0.0205656479213583	0.00963296073114227	0.00202640720059486	0.00382061803369863	0.00407425472420868
8.99220100561991e-05	8.99220100292134e-05	0.00363075808611663	0.93093975334345	0.0440435098422961	0.00735397702422332	0.00546898975510446	0.00218371872245108	0.00619944920627272
9.10397744419849e-05	9.10396467947519e-05	0.00352258633387923	0.951411204357612	0.0255470585796254	0.0156850715658444	0.00346992019284589	9.10397745123218e-05	9.10397744435865e-05
8.88751968201584e-05	0.00601548191262027	0.00351467527275257	0.939640064754502	0.0288502566574732	0.00630504033729162	0.00592697550973466	0.00681535079541203	0.00284327956339348
8.8645046668935e-05	8.86450466425934e-05	0.00517836829957398	0.93080957740574	0.0391816813170294	0.0113035897744063	0.00443822128692962	0.00345118736355252	0.00546008445945665
9.02400268680084e-05	0.00400181208672194	0.00888556033778468	0.951826858993143	0.024391974971704	0.00565959793403068	0.00496347559596232	9.02400269078875e-05	9.02400268774661e-05
9.03871340353573e-05	0.00817510901836462	0.00687867337932301	0.956142691151811	0.0215192427230699	9.03871340200045e-05	0.00414464444339201	0.00286847788194049	9.03871340432845e-05
0.000856326865671913	0.00917140779255764	0.00571619365713919	0.94701988890797	0.0293718990987951	0.00252751120343498	0.00515018853601317	9.3291969273133e-05	9.32919691451539e-05
8.98825659417832e-05	0.00489802242760594	0.00476739416045723	0.948908553627824	0.0294406932041262	0.00176323472246694	0.00607764167907796	8.98825660506279e-05	0.00396469504644917
0.0055604285817692	9.02393349682794e-05	0.00735526143781678	0.93808655090862	0.0297006737022907	0.00305994151091621	0.00446555626007128	0.00587929939707746	0.0058020488664699
0.0048703100356717	0.00429062268799663	0.00951197554315946	0.932551323203003	0.0320468310299599	0.00348912074971215	0.00311557635975704	0.00415965321043558	0.00596458718030433
0.00135374243390555	8.86223670153249e-05	0.00697309987083542	0.954949014431652	0.018841258865943	0.00872927327230492	0.00253436841108191	0.00254875367184525	0.00398186667541635
0.00027740087867222	0.00709331387383506	0.00643602536550935	0.946546027672724	0.0351108196033191	0.000283821917886506	0.00407255368561467	9.00185012532404e-05	9.0018501186089e-05
8.72533498900469e-05	0.000116367798619066	0.00572018580245551	0.9325850807051	0.0469093181692562	0.0115841332885923	0.00282315418630752	8.72533498870932e-05	8.72533498914312e-05
0.000218255300944421	0.00717827612423055	0.00855197455846192	0.943768232675301	0.0364389814976878	9.06952668654862e-05	0.00338538167814554	0.000277507631556551	9.0695266806913e-05
0.000998693101724912	0.00746635545681505	0.00533931822747401	0.947733689396676	0.0317550839623297	0.000992237279354618	0.00553374281445223	9.04398805854406e-05	9.0439880588295e-05
6.1808141629279e-05	0.0122655311706388	0.00415114072905686	0.955989446751834	0.0178804389016767	6.18081415907154e-05	0.00524447707775583	0.00428354094418593	6.18081416319451e-05
