Basophils	Bcells	CapsularFibroblasts	cDC1s	cDC2s	CentralVeinEndothelialcells	Cholangiocytes	Fibroblasts	Hepatocytes	HsPCs	ILC1s	Kupffercells	LSECs	LymphaticEndothelialcells	Mesothelialcells	MigcDCs	MonocytesMonocytederivedcells	Neutrophils	NKcells	pDCs	PortalVeinEndothelialcells	Stellatecells	Tcells
1.45832027066952e-05	0.00523005407064952	9.7926213674551e-05	0.0101055176521898	0.000327528882353454	0.017317683226716	0.0549537703001726	0.000511108814265787	0.83360146365809	9.297547680725e-06	0.00027881793433333	0.0254045798982923	0.0152184983960204	9.68301662984425e-05	0.000194213695261533	0.00224385580697488	0.00660390600555924	2.71647084633769e-05	0.000455446235519199	0.000654272097036082	0.000992665477776571	0.0215829973096649	0.00407781870030101
0.000106303886584132	0.000263114708605967	0.000222735166882358	0.00538549526395493	0.00612353123314248	0.000568083959246562	0.0525168711319079	0.000898654368546778	0.814451528263115	3.44440865990112e-05	0.00727447861680351	0.0481699098334581	0.0298756961956644	2.59638612180337e-05	0.000604126777625377	0.00298571026099875	0.00234295435051285	0.000260492522753818	0.0005801527166582	0.000470530789621977	0.00215481806350995	0.0128397721639254	0.0118446317786648
0.000164975916003588	0.000127557052364032	2.27422101815617e-05	0.00938115586466684	0.00518304845448584	0.00262854514460048	0.053300762148069	0.000128343524083399	0.842844204527014	1.96711483741532e-05	0.000318587831925433	0.027226211414485	0.0225844484809582	3.88955778240449e-05	8.77818162119371e-05	0.000780640586014165	0.000131820699101632	4.05918058333762e-05	0.00014316336829041	3.68156550460846e-05	0.0173796113749091	0.0114606043547699	0.00596982104478751
6.62786681443056e-05	0.000846099024521173	1.38638383220621e-05	0.00339034645490882	0.00653228384449788	0.000266598340811585	0.0594423174302655	5.14316423130335e-06	0.843828734197674	1.64784766192471e-05	0.0112008025015187	0.0232885184954134	0.00746817028351382	4.87030333611913e-05	3.69024593966684e-05	8.53157217688365e-05	0.000125582213667364	0.000310842749606496	0.000270553049808724	0.00154763458279218	0.0325947220340925	0.00815297977906015	0.000461129656004238
6.43754668495862e-05	0.000109768968401113	1.96814244041966e-05	0.00693435230045383	0.000117623035764063	0.0331170501514411	0.0603071645192237	0.000285774501747329	0.825018690103	5.91037736609405e-05	0.000144874770018408	0.0306766687709904	0.000695460271003852	0.000165755752552962	2.68122284228136e-05	0.00540986041451824	0.00250187930252319	0.000289630499180848	0.000172127518671758	0.00303771117608491	0.0159663166207158	0.0145119897927066	0.000367328637664363
0.000361360865074376	0.000114786232189702	3.13251589507705e-05	0.00624033760687165	0.000632319297664074	0.00128688599003602	0.0569346110813577	1.11225028762026e-05	0.848920284360836	7.97854940000857e-06	0.000348856956094712	0.0438516873510488	0.0220353521371407	4.77738342638198e-05	0.00190570290550627	0.000332115586337475	0.0084398246731836	0.000121792742139636	0.000149423330810602	0.000907849936839964	0.000961970176059034	0.00543599014693692	0.000920648578381771
6.16340395501415e-05	0.000493386635562518	0.0020938486849718	0.00107892042781411	0.00678465594601824	0.00263984303458352	0.0573978613278084	6.6114211232102e-05	0.806476151179937	0.000102883738013785	0.0117035724953543	0.0278313109019802	0.0168814329768694	0.000185777187310873	0.000367242174394177	0.000809794404664529	0.00605898200251545	0.000296887856266895	0.000362670987719037	0.00640455228303103	0.0265515574358652	0.0152733832456598	0.0100775368228777
0.00018655932829495	0.000156777154175525	1.08296881999858e-05	0.00115407283907227	0.000314008695078068	0.00670156294457667	0.0626496396699842	1.50087473110031e-05	0.823678929220363	3.110903712143e-05	0.000566214890111456	0.0396716089990377	0.0250611827318758	2.90784429908506e-05	6.68916035356635e-05	0.000186716805757868	0.00541966402594876	5.40926266095936e-05	0.000432208075182028	4.71919007438275e-05	0.00604907908257038	0.00998638655153956	0.0175311869399194
0.000153600877174686	0.000441962337852729	0.000211264618309904	0.00219188275309011	0.00342259499443033	0.0138783135599585	0.0482626430931089	9.48385090354867e-05	0.840756937838599	3.73052914571021e-05	0.0173237418724932	0.0242882984016937	0.00656173615541558	3.51168196492879e-05	0.000909225931415601	0.000472797562954375	0.00334820587939186	0.00126760995285092	0.000452484445210157	0.00100249312574053	0.0174537465028169	0.0166138991054885	0.000819300371862575
8.82644996877088e-05	0.00160245399161931	0.000275299203159784	0.00687339969950099	0.00393545957350366	0.00257240082389062	0.0656719207302674	0.000184157601743409	0.826755495999074	0.00137710733625499	0.000766624252520233	0.0273770684590995	0.0334541962871468	0.000254684034237821	3.87505339016524e-05	3.30637924131565e-05	0.00291094852820558	3.82814625176976e-05	0.000150576076821692	0.000913090765403828	0.000418877975260728	0.00564982148569009	0.0186580568880797
6.99438378090226e-05	0.000281597202831526	0.000298140993517381	0.00311545567921608	0.0139398041942179	0.00776928042209847	0.0598409080505335	0.000391195247161226	0.841721692847534	0.000458391472905767	0.000132060216564733	0.0243012339713811	0.00943372970674684	0.000423327783104875	4.9875267663651e-05	0.000257005990759397	0.000163881077000015	5.07575603053721e-05	0.0013032396819548	0.000594534866723109	0.000314927429484188	0.0178377516481519	0.0172512648523346
0.00291408005743021	0.000168373544587375	5.19138572014394e-05	0.00567862139584252	0.000216614706436926	0.000746809705947954	0.0659402931621769	3.9957968032548e-05	0.827488740729835	6.03707718238673e-05	0.00192999921780806	0.0362371184780293	0.0310039777918495	1.24144389887092e-05	0.00105088891544632	0.000954986748766819	0.00211731423065058	0.000758842782582981	0.00018494984861883	0.0034815193737093	0.00218179558966676	0.0137227649658751	0.00305765171869253
4.64523788337276e-05	0.000131001209830733	0.000235432343052409	0.00666840525656946	0.000501635586512525	0.00222321618063715	0.0562478539259906	0.000651637319145259	0.84496942033232	3.33237201208002e-05	0.00621952016253045	0.0321371683472951	0.0223364082585239	7.93795026561875e-05	0.00020790625978564	0.000953275371287005	0.00159387895662485	0.00286232870208419	0.000550791267459715	0.000254677144051874	0.00735036141818294	0.0129257046084876	0.000820221748017871
0.000342933866354886	6.67718772924955e-05	3.37852789927434e-05	0.00493636736131188	0.00118839736546512	0.000272908568999516	0.06143477855693	0.000446197754738826	0.841240546536992	2.64919318903939e-05	0.000293374039285164	0.046188091115744	0.00754626937686763	4.85700469916912e-05	0.00325479878451704	4.00394665799763e-05	0.000836373928323893	0.000222186024836292	0.00020196498903047	0.00427693531714791	0.0156700749361359	0.0113101294257267	0.00012201344984562
6.26022496750422e-05	6.81586418322777e-05	5.63787573437739e-05	0.0024860908646016	0.0046813138525433	0.000305686310304107	0.0591952126202542	3.80990492744973e-05	0.841258355220237	0.00318121563869569	0.000229150036765398	0.043742409131333	0.00127433586600658	2.56323407388528e-05	0.000802617811111611	0.000429205200031066	0.000745842315273522	0.00036372338828832	7.90927539376177e-05	0.000212823934098136	0.0281279535525914	0.0125242308765147	0.000109869588548681
0.000865722755139961	0.000231792175812459	1.60005998323671e-05	0.0093026163032768	0.00056058526192498	0.0262815090768789	0.0629364527800668	0.00368628490320324	0.845195797632054	2.57371567356462e-05	0.000276203169166799	0.0168746757866686	0.002049588346096	1.22790166947834e-05	6.48199359273123e-05	5.45319567636302e-05	0.00172054626750982	7.15456919730552e-05	0.00652396471140373	0.00162056573968667	0.000197542907234194	0.00503310564231433	0.0163981321836365
2.44874598600721e-05	0.0131584268333973	9.64076160180991e-05	0.0103310798451147	0.00597952273108699	0.00127523785122205	0.0585900321275049	0.00015007497959729	0.812008859690821	3.12356899264909e-05	0.000157556111956652	0.0244536112960467	0.0394395248051738	4.00625228248821e-05	0.000101444706290742	0.00255037229450565	0.00539583531817932	5.21280325368791e-05	0.000215415625292087	0.000240384220862676	0.000968749187106895	0.0154112076881902	0.00932834336648434
0.000907654666864132	0.000403805953320802	3.14703374142616e-05	0.00673619733013977	0.00258388048666697	0.0412113113715069	0.0613844450591237	0.00708980427447806	0.81918076690351	0.000477607121860934	0.00150395255771129	0.0227040093109239	0.00306751071585515	4.49674839563453e-05	2.63131526665477e-05	0.00365410495956097	0.000225961342970912	0.00255795970960204	0.00045259277588224	0.000331030348952774	0.000857515799188105	0.0224345740462137	0.00213256429163034
0.00131751877523716	0.0344082162830837	5.29478613892719e-05	0.00411023586599538	0.000207662614129483	0.0312711485358132	0.0468605122868165	2.51439810166434e-05	0.815584728179256	0.000261955209764219	0.000109843068384775	0.025111303706724	0.0113737588863928	5.15895568435731e-05	0.000108809314740686	0.000469066652347435	0.00789074255237229	5.71017491746866e-05	8.7705899277171e-05	0.000503421931810601	0.000398939749925989	0.0194055022236404	0.00033214511586378
0.000117092020490489	0.000172431081759641	3.7067513149182e-05	0.000116343486114647	0.000241870956873653	0.000335189838689159	0.0607087721890117	9.16382035309045e-06	0.841807595091826	8.68117783025682e-06	0.00284149710588479	0.0384971202551455	0.0324975674724522	2.37412803969653e-05	0.000129790704184991	0.000216753748343358	0.0031826630608099	0.000165815006277184	0.0111012334341524	0.000566006095320791	0.0008498150645699	0.00565153263993246	0.000722256956431352
0.000257675929049614	0.00236051188235427	0.000157711073589767	0.00585613643775167	0.000640249894579326	0.000229240431654174	0.0497927770226554	0.000149974248898997	0.839624371202759	2.91537358765055e-05	0.000519464358308819	0.0516989591668814	0.0168978312871075	3.64261054101173e-05	0.00146239158810815	0.000837389201421382	0.0102522856741209	0.000207241154355999	0.000508109553454587	0.00132277220339771	0.0117411772803717	0.00506570837853695	0.000352442189356463
0.000198253079235461	9.37507272755495e-05	0.00153245610047202	0.00197255897137841	0.00762758110182965	0.011147237432459	0.0572099467560142	0.000167364990664807	0.841018734314356	0.00107083884493269	0.000845745799552176	0.0480280354869455	0.0151700451256535	0.000156130164868554	0.000219351898120096	0.000729035759192473	0.000418293311611079	0.00464120734186001	0.000250395512039698	4.34940485745809e-05	0.00128115567983817	0.00561194355534482	0.000566443997781282
0.000332621943750146	0.00945121106173138	0.00014110542520946	0.0112733265802967	0.000611723994255298	0.000421697776314902	0.0612209680920365	3.03510858060716e-05	0.851816768219361	4.88934641103496e-05	0.000783995854567576	0.00917212281485129	0.034115021793382	3.45624276140606e-05	0.000118839474001445	0.00044685485816595	0.000868842566710571	0.00071711538796304	0.00161942646307373	0.000279805323299844	0.0012101517119489	0.0106028409447414	0.00468175273680865
0.000418018657275877	0.000233761327556859	0.000158516439210336	0.00525410190098002	0.00501709867028558	0.000323887789525952	0.0550075553565156	0.00138464268694794	0.838804326291725	3.37054458840902e-05	0.00263274981472239	0.0384859460673403	0.0297984237650128	2.70854919362711e-05	0.000350684232159185	0.000141148586087509	0.00515041285691935	0.002024847260344	0.00146192954207114	0.00132210888003079	0.00275112921270772	0.00814590645040655	0.00107201327435522
5.31513386828788e-05	0.000148041610340086	0.000107241990478563	0.00177242786493377	0.000485050345354102	0.000715806404490042	0.0809953314422426	0.0107532536068151	0.822177399300383	0.000141614588251547	0.000392664754700725	0.0242607159160617	0.00857165649489756	8.19946616471893e-05	0.00244719007830384	3.80972532432953e-05	0.00163887999679589	8.66691370972693e-05	0.000149865550110932	0.000109702717591307	0.0289070706359807	0.0139664089561351	0.00199976535546248
1.82541791799625e-05	0.000216274096356644	2.24984330821759e-05	0.0107276293015654	0.000451831375427062	0.000536886615544714	0.0502909624348271	0.000123545757126814	0.834058207498185	1.77061420776149e-05	0.000517352830197406	0.0182378780035059	0.0335077024030219	4.88062241976521e-05	4.7731272966264e-05	0.000228558080987392	0.0015416094286006	0.000682328561791109	0.00232747213876774	0.000237047980360172	0.00128590632558344	0.0117338682852962	0.0331399426313519
0.000405880092508414	0.000626342046939127	0.00618010433330176	0.0103533087472374	0.000779431516226245	0.00850399978251155	0.0595377006197009	1.24694249154451e-05	0.845915953025144	0.00217694352366026	0.00210105154018226	0.0275977784292976	0.000802727833736245	0.000148325750200877	0.000358684147481361	0.00659100438599117	0.00102356871094116	0.0014314604023995	0.00055334664533961	0.000485742363504629	0.0157594542354118	0.00842782175647988	0.000226900686888572
0.000227617155948399	0.0253750751940331	4.85248992274305e-05	0.0101624797963567	0.00299983107156847	0.0132400727191916	0.0547478746301983	0.000165550330540403	0.823487052028217	1.04599072548187e-05	0.000165836646562097	0.020140441314838	0.0217870765046597	0.000509685301818623	2.75027788196338e-05	0.000173765376686023	0.000156756532705374	2.88181361750936e-05	0.000241716929017343	0.00013127997080058	0.000898755571594985	0.00952894378367311	0.0157448834201127
2.05692655099694e-05	4.14631508863611e-05	0.000197574260817016	7.86199845696422e-05	8.34669861878024e-05	0.000338546719876651	0.0598711041881374	0.000112180029357396	0.851068632106909	8.54581263580587e-06	0.0178700546421961	0.0344278373977037	0.0226763080699392	2.25537859304196e-05	4.01353804570692e-05	0.000109954784122046	4.44580064957732e-05	0.00037175434640393	4.96987301390795e-05	0.00212194568538441	0.00127050057151831	0.00906964970323357	0.000104446391589559
0.00675267223467386	0.000423484365934532	0.000177128521592431	0.00569189607527207	0.00783573305503325	0.000427931596073289	0.0547874704339301	0.000777354652723065	0.841490944317545	6.72326772268938e-05	0.000328355544141078	0.0179147192035139	0.0324250887157357	3.02937472236661e-05	0.000781831868478552	0.00118482026926982	0.00084011742703822	6.21622043454171e-05	0.00216095343822251	0.000697596917918219	0.0113093161510441	0.00393426252622994	0.00989863405683481
1.95678689550444e-05	0.000160464183710208	0.000161257109007549	0.00025849917505029	0.023661809242445	0.000347340045831048	0.0618862354242193	1.30980602645944e-05	0.841445739924121	6.19405560535881e-05	0.00041808697973574	0.0287860411999804	0.0205927022540319	2.18763633827087e-05	4.72225295865849e-05	0.00177288985773286	0.000406917221616443	9.94787552568916e-05	0.000688337181134693	0.00221074622837142	0.00979828590176999	0.00576629998003468	0.00137516395770824
2.84622203762869e-05	0.00187780770706912	2.20665256897978e-05	0.00487229668246188	0.000357880215965627	0.00533444247445606	0.0664459239259159	0.0091786152769857	0.838293617794257	0.00188932068717753	0.000741472471081607	0.0225089477806054	0.00327919662293184	0.000119349955151172	0.000130046876112011	0.00216644299052207	0.00570988197301212	0.0120741216288958	0.000481037339194251	0.00105789960904898	0.0169843251124265	0.00612926423266055	0.000317579898003074
0.000155936551396877	7.55934560471326e-05	2.36635561858453e-05	0.000222168199628489	0.00446322617341769	0.00992577538174119	0.0616633829773818	0.000730623954102736	0.861886286379599	4.46534693781574e-05	0.000365552706173741	0.0396074644086879	0.00572005182293355	1.84426043071157e-05	3.632506791363e-05	5.11171773210544e-05	0.00239350687182114	0.000150339824715985	0.000360382455235784	0.00643751952370441	0.00129822010905287	0.00242791383517778	0.00194185349407647
2.43062336988467e-05	0.0127780160365805	0.000103794370755049	0.000386354387778805	0.0190682790748879	0.000308346424344379	0.0630869766039635	0.000469316510880822	0.839412045822996	0.0006762190712095	0.000155069943974078	0.0208317652133248	0.0244312721884847	1.3475420943688e-05	0.000173590382704759	0.000401033319664359	0.00135144414482055	3.75709909909841e-05	0.0007961019121164	0.000934157076676682	0.00715175188666287	0.0064957366102829	0.000913376372257123
3.74359541680789e-05	9.08225663027479e-05	3.15238953794889e-05	0.00552072668588155	0.000161213042326776	0.00938337474520073	0.0443185310967341	2.91780112778343e-05	0.830752492475576	6.94249447555647e-05	0.00685934300824424	0.036756875324571	0.0270576067240263	2.44627664523613e-05	9.65341113760628e-05	6.01999017281277e-05	0.00098500343023645	5.17099102418125e-05	0.000423746771927802	0.00356667397385804	0.00239901286685485	0.0153585414292305	0.0159655663636491
9.05728436821227e-05	0.000575450354794812	1.62784978283702e-05	0.000140331278308112	0.00594762190954969	0.0224934106278288	0.0598681941157905	0.000185099372157069	0.845396770346789	3.83179207071843e-05	0.000264004048662327	0.0310250504836474	0.00426662084733257	5.44431869391243e-05	0.000126128283338346	0.001184357949979	0.0050794347270502	0.000100097915826978	0.00011949851493258	0.00166986251174521	0.000232656666420543	0.00949593194206385	0.0116298656546267
6.33969720478412e-05	0.000347913435620609	1.65494145716813e-05	0.00322545788958529	0.00824041423924935	0.00546541196786737	0.0607931909583288	1.60601128018956e-05	0.845273290522628	3.0213171699604e-05	0.000595423992369773	0.0376992274830375	0.018380419096879	1.5544211658726e-05	0.000162186640341451	0.000303256698930306	0.0040438839148474	0.000267652767251911	0.000272297197122438	0.00148547081405945	0.00612331884474183	0.00549222776690944	0.00168719188745022
5.58411563674349e-05	0.0078047785834872	0.000190118649843993	0.0014613663200087	0.0213718306637717	0.0308865041810711	0.0450056501982459	0.000188401073362177	0.818007659983854	0.000653294008903931	0.000281349225284223	0.0450043005576473	0.00794901657219886	1.26680763843816e-05	5.48092569496219e-05	8.48477299761153e-05	0.00185914684789198	0.000104080908867723	0.00100798517558548	0.00010367509638876	0.00201617491661826	0.0119365010410986	0.00395999977619256
0.000100805850709812	0.00763080914389282	2.9887434287107e-05	0.00178371224095103	0.00137734340012658	0.00323370313005069	0.0575350186068875	0.00110350186812958	0.860275892375726	1.95610767393358e-05	0.000270700564044736	0.0171846389607119	0.0160522550875313	0.000572085261286721	0.000423928936890328	0.0004806608845398	0.00210694820020612	0.000138372302296048	0.00347861722406639	0.000131226413953274	0.000934396812454337	0.00748295989310083	0.0176529743314183
0.000106971761876969	0.00210521109536382	0.000447030047942275	0.000160846616989872	0.0136128868682397	0.00464257164565593	0.0651651363389287	0.000229506462355099	0.85187483756695	2.02893814877045e-05	0.000193571549046252	0.032973110818204	0.00303746910358598	0.000455206370434518	4.59491272945452e-05	3.55199011327385e-05	7.49327884997321e-05	0.010249148947117	0.000271555926472671	0.000899548075333867	0.00876746186939375	0.00429191435899366	0.000339323378701394
1.66130752109372e-05	0.00011127002211911	6.74023126975443e-06	0.00296310365073073	0.00100767510210565	0.000224132062051114	0.0646142911964976	1.3354033293829e-05	0.83152110540545	2.22590165210733e-05	0.0010261840428915	0.0424394466493951	0.0195228960396689	1.67153520581386e-05	0.000629510836949763	0.00347824007025288	0.000171173169896345	0.000499477544314422	0.0203567639620364	0.00519256904713329	0.00105187256606137	0.00472948317472842	0.000385123749363386
2.02434383666589e-05	0.00218788810628861	0.00120642026382545	0.00807591567530107	0.000263894728153623	0.0346270273210229	0.0566435371540928	9.38341228307978e-05	0.839729648212089	0.000126908310973324	0.000529084467798744	0.0264101189821611	0.00384440669920509	2.30248194299087e-05	5.36891349155193e-05	0.000168750534423365	0.00244158058946652	0.00356232422914284	0.000335997667354829	0.0029111448286555	0.00149815012770167	0.0107548929745996	0.00449151761220079
6.88551639575152e-05	0.000366294388901303	4.26299022361965e-05	0.000629141946945326	0.00720264529534401	0.00159473815311668	0.0561967763905759	0.000306817438974119	0.857165866023312	0.000846717640696005	0.00054482763423328	0.0204368387298193	0.0341051716483029	8.04084452393931e-05	0.000440935522831618	0.00111981650014952	0.00720183400012196	0.000324207575765693	0.00134341449763784	0.0044825324555823	0.00285386841842267	0.000443038272973557	0.00220262395486149
0.000101116459117361	0.0129837807331556	9.07273722334338e-05	0.00365024726852812	0.000199863269449605	0.00013257257273913	0.0565062598661302	2.504458156563e-05	0.8360456750329	0.000163244279268852	0.00732865048428884	0.0245221418139858	0.0323401124705751	2.08810449430016e-05	0.000337971085261744	0.000179526594291835	0.00295034521451822	0.000944024223625795	0.000207171942064696	0.00204203044292376	0.000142544869591224	0.0188427680815308	0.000243300297310767
4.29600758758656e-05	0.0227528219101081	0.000403773909761335	0.0055519725662525	0.00361870742854609	0.00160048747028528	0.0627304407409406	0.000312329094492507	0.829008334405431	4.6783705555757e-05	0.000832281231534106	0.0296052587775441	0.0210918265933128	5.23731374367294e-05	0.00019396130499321	0.00118960770584585	0.000381191428252997	0.000854915831527341	0.000567142837647798	0.00303203114517797	0.00025242971708748	0.00564652242367489	0.0102318465587154
7.98139949264321e-05	0.00194518537072441	7.21180184911535e-05	0.00617458582645465	0.00299595749558454	0.000374245185814773	0.0576583288567363	1.22926109636765e-05	0.833595728442544	0.000155501887634669	0.000125684378300993	0.022479565217514	0.0226403682682306	9.56436886026768e-05	0.000128886535202087	0.00335723906520541	0.000727083918864536	3.33342535459987e-05	0.000168224462098304	0.000128527204241529	0.000301979531373925	0.0102035959114756	0.0365461098754695
0.00011463063842964	0.000113363636223953	5.83083909679201e-05	0.003383830521677	0.00974312954483097	0.00066220878497986	0.0675379231985395	1.78543953348553e-05	0.842817542761019	4.863604054509e-05	0.00134046185829118	0.0326728910275713	0.009320194745886	3.73548388433804e-05	7.06248552333024e-05	0.00148599590785572	0.00231209932024498	6.23209517226077e-05	0.00209178314806651	0.0014342507322865	0.0108228316279286	0.00690849822851593	0.00694326484500675
1.22072724655517e-05	0.00816046669796065	3.96874719815692e-05	0.00456719717984662	0.0134448931820719	0.00303209722119215	0.0547857621814443	4.03137187464609e-05	0.851607280521153	1.83200242073916e-05	0.00088386352985922	0.0184082571232681	0.0186229330967391	1.6566410111476e-05	0.00219842304100662	0.000107522147591148	0.00014595498012536	4.45661228507109e-05	0.000662961509754761	0.000581266885421548	0.000402469926571258	0.0193215824447003	0.0028954073109302
0.000297632415745368	0.000482988231556157	7.69604494313328e-05	0.00487023777743633	0.000305510784319069	0.00124982692730551	0.068818364142659	8.88866447684201e-05	0.863964876105653	7.62075654353204e-05	0.000287986892699651	0.0205104943778007	0.00316254408512499	3.23341779347515e-05	0.00130408762979224	9.65536765751312e-05	0.00304157353653949	0.000144196233635812	0.000117556758183411	0.00102405168876656	0.0247241846060134	0.0048633514383686	0.000459593854256322
0.000216106938300404	0.000171336150178647	5.32052905581163e-05	0.00294933638505215	0.00824005553801655	0.000963093709942627	0.0501041970595858	1.72995873494225e-05	0.821716172764716	4.05566014760947e-05	0.000363814713788013	0.0378405821733771	0.0348087631836325	2.17128808650241e-05	0.000450850932220246	0.000121261587921483	0.0125028166526776	0.000421877623512245	0.00396653146064526	0.00130388220428757	0.000449000025783166	0.010697262406704	0.01258028412941
1.72468707530893e-05	0.0168340249720661	3.01715270707189e-05	0.00578655003117143	0.00118245236163072	0.00284488772494338	0.0512986455902666	0.00129169508970693	0.81851131578944	2.52133849536977e-05	0.00111176127659138	0.0236981545189935	0.0175807009448509	1.70495722865547e-05	0.00101637155578699	0.000180959240399067	0.00743043786806237	4.80790681567967e-05	0.000357760599967767	9.33136464260842e-05	0.000461306262302394	0.0256490083649531	0.0245328937392205
0.000587300829053999	0.00193720213063349	5.21321187308355e-05	0.00632964726049764	0.000552065086556012	0.0108391296501575	0.0580427826457708	0.000805415866705566	0.846629839053291	8.20026444059141e-05	0.00179894243953757	0.0186816796381102	0.0273148875477881	2.51487817596289e-05	0.000166504543217898	0.000590700405469774	0.00381021675551431	0.00635831202061365	0.000928089444244284	0.00650492209067893	0.000666625099405775	0.00679433269347623	0.000502121254381331
5.02288390537854e-05	0.00267227770975893	5.11601639512959e-05	0.010070606607131	0.000606691480774049	0.00497956030373123	0.0625188930793773	0.000539563775794663	0.855622734362428	4.97238723979061e-05	0.000555985949950819	0.0180358724889641	0.0129762369725927	1.52051207168922e-05	0.000178993797455633	0.000258129846304775	0.00987490622759279	6.3090827703389e-05	0.000338089611971089	0.00909295213797491	0.00390226989946985	0.00552610886636301	0.00202071805854218
0.000317721317707569	5.31728893532881e-05	0.000353620277513625	0.00958758597634076	0.000559913369203765	0.00014590861302311	0.0582249431112082	2.07590916975968e-05	0.863559186510997	0.00128008665858131	0.001120231916405	0.0219934564745014	0.0281437839768653	0.000124311940327587	0.00428563749979937	0.000199486297895022	0.00324915905149145	0.000976158585652599	0.000501843254883602	0.00159952938209246	0.000340312128717965	0.00301400332340056	0.000349188352341351
0.000349446159897278	0.00018057064440534	8.93752159282046e-05	0.013321308766169	0.000308998428032274	0.00762040603341643	0.0474857974582908	4.35873287399477e-05	0.838937998183267	4.39078180807432e-05	0.00349187126485362	0.0204427048897908	0.0466620160070194	0.00102608335391757	5.48335396571504e-05	5.97716374761665e-05	0.000277393310024479	4.90320243167742e-05	0.000442138270524391	3.66472439256082e-05	0.00564755868642945	0.0122664314650489	0.00116212227078857
4.59050582315366e-05	0.000255410091651596	9.54868121521347e-05	0.00254356558188626	0.00354532655207716	0.00294149286676482	0.0528830073848771	0.00128247080420176	0.845615494925142	3.13127613226001e-05	0.000243701263597746	0.0163604636089873	0.0289242979046685	1.29881006834711e-05	0.000322089464232704	0.000198495260752295	0.00952138370102246	5.19351442344006e-05	0.000610591965415833	0.014699199501517	0.000858494767684197	0.0137408242780504	0.00521606220084714
7.01894165252696e-05	0.0248994093961306	3.91744722239881e-05	0.00595366624862447	0.00186388124578501	0.0198163642701864	0.0557806025388307	3.70099098540565e-05	0.820394631063585	1.09158734482324e-05	0.000723674838934854	0.0301715829249615	0.0209403167191685	2.11845703320677e-05	4.06512340894684e-05	0.000234915084340598	0.000342266391851644	4.10026467529336e-05	0.000679014002688443	5.105769047439e-05	0.000913730002336236	0.00560178387251583	0.01137297558636
0.000338997818853041	0.000182425378529144	0.000125463007316652	0.000205813605720655	0.00412532227544199	0.0239335949363882	0.0628245967342365	2.57592777997745e-05	0.863994421868056	0.00037632013337397	0.000467173691889743	0.00934524911437925	0.00184945691150664	8.257931345309e-05	0.000173344727153076	0.000376550911996633	0.00184604105736103	4.5004272367606e-05	0.000489708522813303	0.00646081405269659	0.00733699482940002	0.0097488803382222	0.00564548722104468
3.26903300562732e-05	0.000369198163889991	1.45837737027674e-05	0.000472639194872706	0.00446749315071611	0.00744312024634282	0.0543604686739911	2.96228599176525e-05	0.85931407734184	0.000106213114554838	0.00388396743333687	0.01767103046358	0.0145058262108474	0.000173386683093216	5.04680663159359e-05	0.00396933773266517	0.00736913211016201	3.88154280577531e-05	0.000862792305898891	0.00899343921409938	0.00589768917490521	0.00962290142427553	0.000351106902878975
1.89256710199404e-05	0.000120961330134789	1.67312083357149e-05	0.0108191727323268	0.000419822653710997	0.0286935077034175	0.0498502965088665	0.000110410603411073	0.837951200634745	2.77545054542836e-05	0.000189801862571202	0.0117888666756854	0.00600639706441012	5.3625544001678e-05	1.43169769719095e-05	0.00183956956381698	0.00378153882562619	9.22539206822987e-05	0.000415232667465905	0.000291976594222762	0.00338159975909283	0.0101109562134655	0.0340050807805643
0.000992299139995201	0.0132073499708036	2.92716179350846e-05	0.007454020483238	0.000658069536804046	0.0214717049819735	0.0520017568064421	0.000862835960721778	0.820879756701614	2.89674604521409e-05	0.000238073953092304	0.042011006394355	0.00864600654939927	1.92736921357991e-05	9.31939623694762e-05	0.00568671943649683	0.00299690999041596	0.000215348188573438	0.000306043613121721	0.000657638291153336	0.0113341287811816	0.00881564963253202	0.00139397485519367
1.0093172500991e-05	0.00292243762916695	8.103807284697e-06	7.07424915343787e-05	0.00408031565308299	0.00299745229255402	0.068118898644803	8.20198165794358e-05	0.846988227583629	0.003732943891612	0.000739135120864029	0.0354454745050733	0.00143118896377074	2.20866550748786e-05	1.2524388374506e-05	0.0001037126791067	7.11368387772728e-05	1.68811158010791e-05	0.000379212912780218	0.00921168069315277	0.00848645430049775	0.00591414391957898	0.00915513292440036
3.83397637967843e-05	0.000116510938440325	5.86984601602408e-05	0.000372910753112905	0.015158879994698	0.000209393105195331	0.0664723528512361	0.000103689116638605	0.864870297643702	0.000113465379067001	0.000740943650532123	0.0123162207535408	0.0170696397519894	1.83854182514594e-05	0.00467200400690247	0.000224188143226074	0.000709847024625321	0.000215840637654458	0.000811027200788251	0.000320845228766786	0.00915573767366158	0.00596569015102388	0.000265092352990146
2.70998588106973e-05	0.000108524168455361	1.2207419354354e-05	0.000375912904871184	0.00107021672446262	0.0134123922193003	0.057249648428594	1.05929845011893e-05	0.82658452336884	5.10178562966399e-05	0.000456679410713169	0.0431031784334416	0.00144148292095411	5.55520517352902e-05	0.00106828203896315	0.00303645734194086	0.0137170856595153	0.00144487458320114	0.000169878075856	0.00181015615181955	0.0168164958613493	0.00984061271796531	0.00813712881905836
1.96632153228062e-05	0.0208664354341312	0.000410392690685713	0.00555867714289575	0.000122963118658037	0.00214129460194118	0.0527105989291961	0.000642916643438645	0.856017680781937	0.00270998804423983	0.00163736209414909	0.019275827568092	0.018486257200776	0.000912103906345721	6.92026898787929e-05	0.00190235888796496	0.000107426419303484	0.000138904513445655	0.00154097256650009	0.00264486004076286	0.00317262207942543	0.00847108136976796	0.000440410061141952
0.00011622323434185	0.006743004628423	6.06870633557463e-05	0.000661995715813897	0.00506741371904278	0.00435205668718363	0.0623289107848109	0.000613510288359301	0.828294127615972	2.31590061297515e-05	0.00711384408657649	0.035314653268301	0.027258809931272	1.73002163256226e-05	4.76146746717891e-05	7.12609983880217e-05	0.000629336397706841	0.00033426693322091	0.00184025246904937	0.0035956662727488	0.000157837235956143	0.0142843316927887	0.00107373707956142
0.000105806713628436	0.00100530946672028	0.000158290085718297	0.000316694236503335	0.0120465441043365	0.000464313753935807	0.0646935197069088	0.000201084485563532	0.852906531911932	6.5841744730571e-05	0.000529167805922296	0.0158606471270204	0.018257893331684	3.11330896615839e-05	0.000727599443486328	0.000821471771364833	0.00225460088594223	0.00106733042684937	0.000480095827121931	0.00138408027580921	0.0167707020609223	0.00836679484594343	0.00148454689829443
3.23329611518527e-05	0.00658968854686315	3.10206567255736e-05	0.0103927617818496	0.000742630074781897	0.0115292321864035	0.051056704475295	6.60592678160316e-05	0.861184956711997	0.00543923445694281	0.000948628829980798	0.0229028923091632	0.0108796916211507	4.18202718592014e-05	0.00351485275190478	8.5870999565961e-05	0.00656163231606254	4.65098938832194e-05	0.000598655419803205	0.000506970755692129	0.000422774024213654	0.00440719505722196	0.00201788462967268
2.29255749914056e-05	0.0164728652380636	6.94033513110036e-05	0.00248739983333415	0.000294576248991594	0.0120462746164019	0.0574534051999535	6.31628464586364e-05	0.821555516410411	0.000333438515750529	0.000531531678144758	0.0265151310053784	0.0136966005212565	0.000189740673447183	8.76638467407577e-05	0.000264002342611407	0.00299891427158349	0.000367348142194468	0.000134865946457743	0.000534985566363949	0.00932236174964566	0.016412395212358	0.0181454912081497
2.79656196296452e-05	0.000110744692877974	0.00283333149356406	0.00392865739168488	0.000344907156267878	0.00630353866499086	0.0880947013519191	0.0214886957053245	0.808768624325937	0.0024923118540162	0.00234624346853023	0.015484053940622	0.000928689994296036	3.35960707427908e-05	6.02983173350366e-05	0.00168262079047506	0.001739859686057	4.63557099827227e-05	0.000109520462277794	0.000138755924267772	0.0264267041691314	0.0164959495628498	0.000113873647220175
4.900363879557e-05	0.00013562659069958	8.90619414229671e-05	0.00174647672637808	0.000366994397320877	0.00100229452843127	0.0578258778149551	0.000418570146024076	0.832325443183623	0.000764289165948188	0.00255590720095716	0.0387072766113746	0.0265873196699648	4.80119489602558e-05	0.000755241368348785	9.41818674989613e-05	0.00392606444727892	0.00451370321219535	0.000112236515209556	7.06071720043329e-05	0.000442132407285183	0.00951079028999187	0.0179528891553311
5.63266203758075e-05	0.000139266327709407	3.38935491925424e-05	0.00243234745363261	0.000662897764833278	0.00720205548097655	0.0516087494314378	0.00205497372536127	0.838822553787467	5.09480212220206e-05	0.0018981480828511	0.0307650753180222	0.0337129425629607	3.8214734375077e-05	3.83040826400069e-05	0.00230776469431399	0.00246122277713303	7.30414997116049e-05	0.00656396515655302	0.000227315063671532	0.00101579576811833	0.010404413428786	0.00742978466865508
6.71442521714238e-05	0.000335957516078508	0.00047185855616465	0.00840808514190267	0.000770997837096609	0.0291894908111281	0.0492410181958668	2.58703493823972e-05	0.832273708975522	2.03459645837024e-05	0.00835314904161192	0.0210574584416499	0.0134039846397777	1.76914790435787e-05	0.000193984876201246	0.0017148168716981	0.00344293048262681	0.000197932958668059	0.00228472359068469	0.00379708719525025	0.000732653190062661	0.0188510866772333	0.00514802295559507
0.00126122092083915	3.38301255615573e-05	3.04103510792656e-05	0.000991099680896013	0.000463629684928445	0.00267202888436945	0.0760871267629836	4.95487036146449e-05	0.832146892014597	1.68896630459915e-05	0.000205990439078881	0.0296717777821431	0.000620301803370616	3.59616519763072e-05	0.000364327632270168	0.000149086649991551	0.0102060288102085	6.37958367973698e-05	0.000185223599867905	0.00665039726688166	0.0219201383331223	0.0160597450878478	0.00011454831452909
0.000271560169409818	0.00334281797347418	1.82194891380739e-05	0.00881459720356135	0.00153849390679171	0.0114245051872038	0.0509380579988882	1.62862916793357e-05	0.847308226145481	1.54865591006998e-05	0.000390715902805607	0.031637952053894	0.027169673890987	4.39891113182453e-05	5.94643273175591e-05	0.00115905155959334	0.00016601909674608	0.000186922697355844	0.000355014969704805	0.00112630831051097	0.00026081570992849	0.0134672851821131	0.000288536262997307
1.3492551356852e-05	0.000169488938871378	0.000531349730814928	0.00122135482469027	0.0112935370159444	0.0162431509293344	0.0479437027085151	2.22496750021226e-05	0.840308900524985	0.00209641482055147	0.000807049231826885	0.0608360871388691	0.00521613757078225	1.1713438945199e-05	0.000114394545494397	0.00095250311599589	0.000229816581076197	4.10853938701173e-05	0.000161986785479501	0.00130694333212312	0.00403219190094264	0.0062945341039429	0.00015191514058594
0.000243234143373686	0.0135983533920702	0.000112817630482202	0.0025230478402738	0.000493146975036457	0.00125974892154635	0.0684693034978767	0.0080092197843784	0.825655049517051	2.26307225593468e-05	0.00140130588302071	0.0265103389302461	0.0244785066249634	4.7333661014112e-05	0.00119635774336414	0.00155290458270063	0.00424650571567644	7.25921851084731e-05	0.000329910890318768	0.000354336076221789	0.00609758523160943	0.00845745967292148	0.00486831037818644
1.88117880829921e-05	9.95529475919648e-05	4.21626476999366e-05	0.000255764229881307	0.00163750775515559	0.00476161787978791	0.0598587055727285	0.000828187409321134	0.826431372834563	0.000236616546242698	0.0500117702905283	0.0297585916301756	0.00123613201462659	0.000153424553232731	2.83769703686965e-05	0.000401955246753312	0.00750904745107192	0.000107506474362671	0.00140225873311639	0.000804759852062063	0.00169748643436959	0.0123603201073572	0.000358070630919829
2.16469310182993e-05	0.000716370611653888	1.98616932996132e-05	0.00131355407629772	0.00179020180033374	0.0290071701180861	0.0373835522378104	1.89494958878012e-05	0.850595593278889	0.000713302928852127	0.0105652183998481	0.0427537781910301	0.00291106803230913	3.53208635624624e-05	2.38377693690015e-05	0.0028123368690427	0.00236200254415855	4.7234069917843e-05	0.000312587025863858	0.00458774559134276	0.00206807132705642	0.0047214157062437	0.00521918043812621
1.54389986564364e-05	6.25242709484998e-05	0.000134466773673467	0.000122975549317011	5.97513359314527e-05	0.000319970764725354	0.0815826711033322	0.000274889700573502	0.829561019024979	3.80882830924903e-05	0.000412646478421685	0.0139335130685297	0.0114143665229138	0.00016322193338096	0.000544611459574512	0.000610785788332019	0.00445583394534388	6.30796724377383e-05	0.00283779888204665	0.00297106199631932	0.0410453468765916	0.00918025192521684	0.000195685645661599
0.00190367102455399	0.000142541148020803	0.000162180899849115	0.00595426005105402	0.000659003851920924	0.0371049937699853	0.0537290234739175	0.000197368918399072	0.826271844148514	7.70228999390251e-05	0.00139099167308178	0.0326994355062626	0.0156518886593646	3.09021938959347e-05	0.00238195887344687	0.000607421702359009	0.000204117582231467	0.000766360882498842	0.000515297726018948	0.00201470693996225	0.000226428692448883	0.012875687012128	0.00443289237014728
7.24918076417146e-05	0.0010923364652266	0.000122050729088386	0.000538305173442062	0.000202348250091391	0.000111285399229546	0.0668733659907353	9.90356234909023e-06	0.863371849431608	0.000116959894478478	0.00283827658530334	0.0202764590015158	0.02462774469994	1.54950942404763e-05	0.000169231718831255	0.00416706081108052	0.00233427170324851	0.000349819045941144	0.000885115616156224	0.00457183263979055	0.000565783194018837	0.00650008626560803	0.00018792692043422
0.00235962599389426	0.00684331460716704	3.04783713886566e-05	0.00521739605507353	0.000245941755201459	0.0578062493756953	0.053671748638512	0.0173650333700031	0.799495348425151	7.90383429391145e-05	0.0186673086608893	0.0176121879274106	0.00182712234056669	2.08533705614271e-05	0.000264602342602677	0.000490492260261925	0.00350382735529954	0.00487001857568684	0.00407545429088771	0.00386656096179635	0.000591759501023107	0.000922168179260098	0.000173469298727828
3.38008302820415e-05	0.0039119142969898	2.43434024039402e-05	0.00518191736151627	0.000760207274483603	0.000410489895999607	0.0677328059476117	9.5148596157502e-05	0.85416747636868	1.4018241814482e-05	0.000536851347456462	0.0356826170151555	0.0173818044598675	1.31421794892801e-05	5.87411500106036e-05	5.19132397283624e-05	0.00271172286931882	0.00126804405207232	0.000724532009092935	0.00113417030530096	0.000151595380990793	0.00686508021967131	0.00108766355590567
2.12137397633775e-05	0.000104389109068838	1.40448100787795e-05	0.00137526138226157	0.013015752803115	0.000351519379914718	0.0549403063677805	0.000148219987274615	0.840705152316166	1.5188737165271e-05	0.000846138982500566	0.0454177904998878	0.0141083368903686	0.000217468094041218	1.23342112187281e-05	0.00349794963883848	0.00359680519885293	2.05918171034841e-05	0.000371160135469199	0.000294457733968648	0.00946577166154998	0.00821478360404715	0.00324536289956471
