Bcells	CentralVeinEndothelialcells	Cholangiocytes	Hepatocytes	Kupffercells	LSECs	Mesothelialcells	PortalVeinEndothelialcells	Tcells
0.222453119492311	0.0145283853188979	0.000321504649880811	0.291096387812549	0.0796571560428983	0.00971619100835725	0.00544640039451192	0.00933390843524281	0.367446946845351
0.201402313651897	0.00166869312405555	0.00150263528075955	0.278611085885635	0.13071130857184	0.0219468620507506	0.00501663970696123	0.000580578549663714	0.358559883178438
0.18923984206864	0.006917788571511	0.00346178860762018	0.307663632226412	0.0908645657097905	0.022793922072143	0.000225279487916124	0.0105915323301418	0.368241648925825
0.206987673956136	0.000563687405648167	0.00203595583901824	0.325511580328947	0.0652169784240359	0.0112039149097675	9.33582489923074e-05	0.0193856249308396	0.369001225956615
0.166570231054892	0.0601690900079743	0.00193690549043603	0.31472830185606	0.0804123930895177	0.00303923510795541	0.000564155370924323	0.00317629732054087	0.3694033907017
0.160731940160558	0.000654937374862746	0.000954959184196304	0.324259745823089	0.138458946800091	0.0114657272090192	0.000140129084725381	0.000616628889835734	0.362716985473623
0.211763551808565	0.00520932364161443	0.00612480939774317	0.289931823743514	0.080145851974333	0.0192470134526123	0.00526953236268568	0.0139736492436976	0.368334444375235
0.206425516991471	0.00640635781955944	0.00324376326535852	0.309044037762547	0.102845549971816	0.0229402860006309	0.000239223942429691	0.00242047765547598	0.346434786590711
0.18843463430516	0.00923807051101342	0.000474428197967027	0.311778190283831	0.0765065317829007	0.0147374356587907	0.00367780042006125	0.0056405972630347	0.389512311577241
0.237143252610501	0.00245774862259576	0.00199233337209423	0.290642901938928	0.0818397827319347	0.0223038625670302	0.00045499759000378	0.000911527625338411	0.362253592941574
0.257135069268881	0.00316487114560624	0.00138966634854959	0.309056532010251	0.0585714130858963	0.00579449883657385	0.0111234292821355	0.000816879764106487	0.352947640258
0.155770685601799	0.00121347088981986	0.01348829609892	0.304345089995843	0.118077901319631	0.0348436840584143	0.0082077021109019	0.0017879141491619	0.362265255775509
0.177221841988186	0.00125708964908102	0.000867331418919785	0.327402748629984	0.0883663189360058	0.0173713212099797	0.00231226338556811	0.00510174821916189	0.380099336563114
0.177390795643468	0.00101921716637223	0.0113154301042907	0.314329094043485	0.107014234364802	0.0127727998215413	0.00234450657288139	0.00571056971212334	0.368103352571036
0.184646649051308	0.000863282115510321	0.00833563884842263	0.330950461792517	0.114585693902705	0.00290452836845759	0.00139164536018416	0.0245866982577432	0.331735402303153
0.198168437173224	0.00386929906923287	0.000926296369559955	0.332183993133527	0.0373824551314725	0.007275142147763	0.000673604660436497	0.000937169332299045	0.418583602982486
0.212347730308484	0.00399010939129841	0.000659406744275575	0.281723822526111	0.0867748220563678	0.0336959422591616	0.000308464561008744	0.00347380339392416	0.37702589875937
0.199685754108358	0.0532239527068828	0.00219962437989498	0.319448246790902	0.0455851727960908	0.00585032303019755	0.0150370096582212	0.00360355277276513	0.355366363756688
0.189421479702184	0.0178112064985923	0.000752249826765567	0.306146753700885	0.0809528350647103	0.0189146595793461	0.00547216289150629	0.000617018978617495	0.379911633757393
0.167770827237377	0.00040924150955415	0.000526707082860351	0.346216137032415	0.102541980570115	0.023458698109399	8.78883778608788e-05	0.000315571434219082	0.3586729486462
0.212855470510434	0.000562724775289275	0.000696486448775642	0.296677744616294	0.150102677905914	0.00637088021242249	0.000195526709842848	0.00835256608412366	0.324185922736904
0.173718098969035	0.00523305652591481	0.00385535057606709	0.328493237967634	0.148073547458056	0.00875368476366544	0.000913071304192004	0.000941834515506226	0.330018117919929
0.22692755015531	0.00133660994931563	0.000627803871797767	0.329988703891267	0.0211949124844254	0.0230601474092069	0.000608109540376139	0.000747655701019588	0.395508506997281
0.174503909945927	0.00080909592096939	0.000758381269812909	0.300914270953728	0.115452967795624	0.0137035848027149	0.000480314164846485	0.00188157409439389	0.391495901051983
0.135612220551657	0.00114672706776928	0.0640079469852953	0.31891272792606	0.0608871669267393	0.0116427752006961	0.00498132725521199	0.0483000784508497	0.354509029635721
0.243096753407203	0.000877545572864625	0.00118394304715676	0.306935130752985	0.0476576725466377	0.0265473890753122	0.000655240490893446	0.00135893149375427	0.371687393613194
0.162832425763961	0.00419028501277445	0.00695740100857489	0.320244354677595	0.0698093769197782	0.00180361187076735	0.000763015858896131	0.0121238989488004	0.421275629938853
0.279456681959455	0.00551163561696218	0.000951423296559121	0.301456336984062	0.0485369697137549	0.0225192417130259	0.00220131353681373	0.000939870284060762	0.338426526895306
0.129846201213985	0.00145255166810572	0.00334577208747938	0.385000580386366	0.0952979432056371	0.0126875636392956	0.00020091398943832	0.00458558447092465	0.367582889338769
0.267298946774642	0.00183294364640675	0.0030870544163041	0.28411091288807	0.06345433996393	0.0298816256188679	0.00108254386156233	0.00198239280451672	0.3472692400257
0.183369077561763	0.000896198837421348	0.00440801229049084	0.30745703411996	0.0907205381910722	0.0207406338662682	0.000215048761086955	0.00312348012080801	0.38906997625113
0.200065968371343	0.00450065692614062	0.0294411433636649	0.318212912226819	0.0644971133276419	0.0112567660495732	0.00306439418275182	0.00466350115023698	0.364297544401828
0.110402737539439	0.000498948620282463	0.00115682263869412	0.345010751615362	0.117121465726852	0.00646313446981367	5.86109591242203e-05	0.000305630337896034	0.418981898092537
0.205246359323236	0.000605672544274333	0.000426809928549308	0.318351664705345	0.0544770384648047	0.0207297943359977	0.000111811249188536	0.00622107113112135	0.393829778317483
0.133204121097067	0.00341537544912482	0.000210699657454428	0.299899955262345	0.111087789292978	0.0294734672671587	0.000179874517314021	0.000690965520195839	0.421837751936362
0.196151573798434	0.00662061959654774	0.000379822689281312	0.321839957021713	0.0960692590511479	0.00864756323082023	0.000275572812692804	0.000623454700503334	0.369392177098859
0.202543282217507	0.00191302737668671	0.000738157444312149	0.316047430926209	0.104531626934643	0.0145235265077085	0.00011406145462897	0.00245462668069675	0.357134260457609
0.240767997632333	0.0118187909783966	0.000295125951629201	0.271608482866893	0.122403797736818	0.0184838527168703	0.000259532364185945	0.00253158461240803	0.331830835140466
0.21240402880925	0.00357706410026338	0.000147119879243499	0.329224842658741	0.0419008906025312	0.00721263264428012	0.000873503006207838	0.000524798428222586	0.404135119871261
0.199442411630736	0.000767558468952455	0.00139497764235435	0.3387519017792	0.0800423054258733	0.00109906420347526	0.000211692226932744	0.000333059141450602	0.377957029481025
0.193892550527354	0.000516049481679066	0.000743681665474782	0.309878117124222	0.130729425641595	0.00448363073241527	0.000270944702656121	0.000318077443521358	0.359167522681082
0.225815071165946	0.0276760466473942	0.000724669101926767	0.329232122079323	0.0673679952174036	0.0116169100887568	0.000902500270093772	0.00478568833917124	0.331878997089984
0.218455281000984	0.000767610652076999	0.00116016788890163	0.309050803964249	0.0620671495671324	0.0228963005795169	0.000106060693204778	0.000461986696940951	0.385034638956993
0.194366272316439	0.000850598999992851	0.0152385307342782	0.335019511801116	0.0722334886651559	0.029969554782752	0.00590221074753039	0.00045318724939924	0.345966644703336
0.248863931448558	0.000858969352566024	0.000869682220293359	0.298089399549428	0.0752816209742494	0.0101645771308602	0.00021569423597999	0.000541822417799258	0.365114302670266
0.227031392056307	0.000659217854717308	0.0016000978275949	0.305904856187032	0.0550432523141159	0.00886914289828071	9.40752498618764e-05	0.000394478016495846	0.400403487595595
0.2210405425708	0.000700504586801645	0.00566911907722898	0.325206209905428	0.0862214702182108	0.00296070074698644	0.000519403564896786	0.00608084604378436	0.351601203285863
0.202766763662724	0.00447873347099471	0.000271676440350579	0.331335397189217	0.0502618892059953	0.0107886777993446	0.00112710230695641	0.00095166368455962	0.398018096239858
0.214249468417854	0.00134995824618267	0.00168542002075381	0.349264905057241	0.0549361706717161	0.00894145106143095	0.000232314714502655	0.00214077787913894	0.367199533931179
0.213631152855363	0.000993150793064885	0.000617664336818453	0.286893453842466	0.111660163886338	0.0166365002772545	0.000997489736632821	0.000884236500446316	0.367686187771616
0.193484966583437	0.0059133259271087	0.000410903527190618	0.292775790123615	0.075004312799968	0.0106387703398214	0.0110667731523237	0.00248905544243507	0.4082161021041
0.208110100502672	0.00979505636890796	0.00109026255819871	0.34145748984104	0.056588164726863	0.0216266577733886	0.000310918459464413	0.000810952146867772	0.360210397622598
0.21037237519607	0.00374492888266447	0.00127240428264695	0.309368083320275	0.0660997135759884	0.00622429443063538	0.00152390373887748	0.00102241734098235	0.400371879231861
0.219789729574705	0.000464041118543349	0.000294768843047583	0.335315278179503	0.0605536423962811	0.0148048417592912	0.000852393757600134	0.00111916711020685	0.366806137260822
0.209965261702135	0.0177903348563379	0.000528581329559661	0.309873311345614	0.0518453049305225	0.0612594925399653	0.00168732753543206	0.000853672830184839	0.346196712930248
0.211053978657101	0.00315171362409944	0.000434935700861057	0.313177481052407	0.0557363436689177	0.0253709683352509	0.00245559314155134	0.00116471604775909	0.387454269772052
0.235683916570528	0.00747072101554428	0.000649988350190244	0.314602062950084	0.0703052334700607	0.0243903970071566	0.000707772996027902	0.00162336174805528	0.344566545892353
0.186620137588901	0.00694317964691453	0.000260574895053929	0.34892558634336	0.0227883376171823	0.0114711768098707	0.000521769672766129	0.000394079676584977	0.422075157749367
0.23477623794283	0.00362270775531998	0.000933627430120171	0.339079623331556	0.0755808186345737	0.0187325679079766	0.000777673778611194	0.00184945035736346	0.324647292861649
0.228562982538344	0.015022760631689	0.000193189692835434	0.30624975082658	0.052743606097624	0.00816912692394282	0.000172715037920841	0.000734206015015254	0.388151662236049
0.193534721450225	0.0178337693341003	0.000587063533615211	0.282516560420726	0.128068000463473	0.0161767450655635	0.00056219327332857	0.00526311419590691	0.355457832263062
0.248160347260026	0.000606294258619147	0.000738572120339378	0.323441123441736	0.0774407894740392	0.00407889297736927	0.000124204992183322	0.000876148650970983	0.344533626824716
0.256693346391908	0.000539179255189992	0.00525955669512772	0.351294442107248	0.0237342665508582	0.00857021984110335	0.000296588902602822	0.00172592284825112	0.351886477407711
0.19536790433706	0.0134551926186196	0.000324012556881855	0.29285252418687	0.145994158536703	0.00288730278745871	0.000911303373461956	0.00175330979341984	0.346454291809526
0.227548656087596	0.00327790662460151	0.000573451671335479	0.341283985575054	0.0457770577153402	0.00717632405429648	0.00456027823820329	0.00430277696333705	0.365499563070236
0.196997506868459	0.00196240043280284	0.0110975691763684	0.31118952154213	0.093263818313993	0.0246065198694572	0.00837557533541021	0.000321005714955369	0.352186082746424
0.208010164508769	0.00170359674505229	0.00146447574831853	0.329078767111415	0.0483282779904324	0.00987118323214697	0.000886269193097004	0.00596280038809999	0.394694465082668
0.186812088656986	0.00553132403329638	0.0015057929587689	0.337730737416223	0.0688234990690276	0.0102226218062941	0.0022364492836384	0.000774646974703023	0.386362839801063
0.244397333727315	0.0237542356858238	0.00190621977657889	0.307406471642173	0.0792129789051767	0.00829482007848874	0.000561252202776259	0.00152808663618572	0.332938601345483
0.140445170039473	0.00552676113485554	0.0930465011870013	0.299640642588912	0.0496037215313075	0.00419481513457242	0.0273879656991094	0.0539074302743613	0.326246992410408
0.217283897393649	0.0021679467607879	0.0023106623250354	0.321111321878959	0.101367671553268	0.00718334229375992	0.00528892157900481	0.00241510521340663	0.340871131002129
0.208691213193048	0.0125556572975093	0.000399327629415048	0.32057838242165	0.088226346249991	0.0249021101049118	0.00371664768078718	0.00264190715013336	0.338288408272554
0.266931190209531	0.03773622992503	0.000491953664947361	0.29495673096774	0.0596780421780631	0.0117695135220194	0.00308295583004113	0.00146279308911975	0.323890590613509
0.178626003987706	0.00868888351462105	0.0214281472127371	0.322907041688308	0.104657740572033	0.00148519026700564	0.00428813614922381	0.00443259753165501	0.35348625907671
0.196644094023263	0.00435585606322717	0.000342571796571539	0.322899516112951	0.0882059369325843	0.0260441925648204	5.15633697352664e-05	0.000753734638423875	0.360702534498423
0.158967118538154	0.00944043135815877	0.00650153721955744	0.310972539344018	0.173863517855396	0.00214779838322629	0.00225497428956633	0.0017597507403773	0.334092332271546
0.210829496240882	0.00214557942922048	0.0162999663421325	0.304621110818674	0.0693488784912205	0.0174220649628264	0.0154763052665334	0.00834621888415002	0.355510379564361
0.216299869208593	0.00142128616172619	0.00474753698787296	0.318625104061112	0.085561023509306	0.0039878487792445	0.000366874960460772	0.00325919864634074	0.365731257685343
0.158957766069868	0.0123972800422954	0.000152715067221403	0.313503189561751	0.13017373939493	0.00585756207313759	5.19079488328081e-05	0.000726260317970845	0.378179579523994
0.147165972368348	0.00449423141504342	0.0536250373979572	0.369766876141849	0.0439088507440422	0.0135219885251811	0.00284458455435447	0.00949109406130339	0.355181364791921
0.245096530043541	0.0327978882785408	0.000713587333782637	0.319309883360727	0.074244462270823	0.0275593193636229	0.00349077016808753	0.000536976500113083	0.296250582680762
0.203112313748592	0.000423833262610067	0.000697702381249643	0.355787032025539	0.055834717977141	0.0186199862744225	0.000301042297886229	0.00254023024611778	0.362683141786442
0.23895011824469	0.0552117387943835	0.000752607094088245	0.304366626572719	0.0470211911516986	0.0080648787500947	0.013273409294912	0.000691129798456098	0.331668300298957
0.178442685298634	0.00245581867424142	0.000965125914068312	0.325181670698984	0.100711087559553	0.00570139381315883	6.42123772901262e-05	0.000301785665862839	0.386176219998207
0.191615746912527	0.00093735214401886	0.000227078114498187	0.30436171380962	0.118026771637732	0.00828396820215316	8.7584433225526e-05	0.00194596366150973	0.374513821084715
0.173537068660986	0.00455977156193129	0.00039268225878696	0.334494802109565	0.093464108867488	0.0044469181145015	0.00755129210449925	0.00270961675847877	0.378843739563763
0.19148231174295	0.00101300577745054	0.000931086805773193	0.32168189130734	0.0749255314323377	0.00427927936151243	0.000237348980266368	0.000697168736162688	0.404752375856208
0.182606751107757	0.00112690471543286	0.00586792047483182	0.343096226677678	0.0626967446681566	0.0262073374483702	0.000357450640812632	0.00599100547169142	0.372049658795269
0.2449614391816	0.0132387842319969	0.000330186893932843	0.327329970270048	0.0437609045171881	0.0180623444873538	0.00170956799120748	0.00434221262975616	0.346264589796916
0.182517112605593	0.000843131928354227	0.00251985335514975	0.34772701963637	0.0580290388462072	0.0057940255669551	6.6422086215642e-05	0.000555695786543156	0.401947700188612
0.197162551313424	0.00148972894182057	0.000507429002732529	0.308698194245987	0.0861019902519711	0.0156273630593737	0.00359534813088778	0.00176578158586589	0.385051613467938
0.201455578883583	0.00640864986507994	0.000441294812713088	0.32528731793782	0.0537377317820475	0.0328447215761518	0.000164933519103395	0.000582278861451764	0.379077492762049
0.197319170330253	0.0168158687414301	0.000430907857499448	0.275535095259522	0.101413987945636	0.0383822035088171	0.000693565980532635	0.00650062159106277	0.362908578785247
0.186715940187037	0.00477436519576502	0.00191657481729823	0.336238581925299	0.085690366640227	0.0112628660268047	0.000548459044907836	0.00044731147513401	0.372405534687527
0.189162700993065	0.00474306724437014	0.00133764676565297	0.339057915899786	0.0313873693239553	0.0044604106054846	0.000230480584578894	0.000616312543314144	0.429004096039793
0.163877039601738	0.00533162813167606	0.0469476480775448	0.295475699822302	0.0689335501878201	0.0063394808525336	0.0270909759485102	0.0175004079857831	0.368503569392092
0.261023276794038	0.0372962447927317	0.00138292761576065	0.283022109582471	0.0451711635888083	0.0115257344116553	0.00434078190079874	0.00241108940483053	0.353826671908906
0.240823954223965	0.00537884300907482	0.00165757617080864	0.256886200212529	0.0917515970630242	0.023129435768878	0.00235717248089404	0.00579096675455313	0.372224254316273
0.181676321020131	0.00112609692523245	0.000657520454701908	0.331629122920649	0.0913907250869617	0.0192651471800618	0.000522901439320252	0.0066012298761475	0.367130935096795
0.224381559303972	0.0111108895844305	0.00336109386228365	0.335442557541649	0.0465849446387862	0.0251194024325241	0.00143178500073918	0.0011150386504048	0.351452728985211
0.207209527359991	0.00143016016190106	0.000829944882678406	0.340948218931284	0.077761578322031	0.0018984823158586	9.07933998517673e-05	0.0065039236318746	0.36332737099453
0.236326155308028	0.00163218473295572	0.000675429057693577	0.31473042825486	0.125339438718804	0.0260047438977323	0.0001976567216607	0.00114001359573605	0.29395394971253
0.153872149982602	0.000255719743538853	0.00886349578830347	0.342104970607265	0.117750979336154	0.0023082656814918	0.000382664994093556	0.0100905478410456	0.364371206025506
0.189206156554724	0.00160784366141474	0.0639928030368638	0.236431617454532	0.10075410262624	0.00699468747733682	0.00540553418084148	0.0516821619794071	0.34392509302864
0.210438945026678	0.00129905644769147	0.000955416722773093	0.312778055993138	0.11816069437976	0.0101532832774922	9.26730594692253e-05	0.00521475087582679	0.340907124217171
0.116835691556703	0.000908785934978934	0.00054877060552382	0.307097938273756	0.228446042035888	0.0197543890694044	0.000170919645002679	0.00127144793353648	0.324966014945208
0.232795326872936	0.00333515353407197	0.0031505790693561	0.346485041898693	0.0508632793569768	0.000837765502108317	0.000303077998924256	0.00157888609548	0.360650889671453
0.175937639670048	0.000739868703654813	0.00198193523582792	0.337388380254971	0.125397081330975	0.00219598681875525	0.000136549706835052	0.000600905099764571	0.355621653179168
0.273712707455011	0.00938674000176876	0.000265186319099598	0.320757775536441	0.0390201604282325	0.00264761970190058	0.00109424322125138	0.000647993605453077	0.352467573730842
0.203869815097072	0.0113588565399056	0.00218064205844816	0.319295310868696	0.0543845159703482	0.0177661073872211	0.00178640905608785	0.00636115664812191	0.382997186374099
0.275294030981957	0.00289517916709231	0.00297808427808259	0.282845044450151	0.0643758491337947	0.0110666219965574	0.000215662118042273	0.000377858479761802	0.35995166939456
0.223028217993193	0.00429542719508956	0.00122753843667798	0.302186025094275	0.0898142682847349	0.0100929467136579	0.000592764089737072	0.000742693090115072	0.36802011910252
0.192178644389582	0.00285085308758691	0.0126687594584951	0.295429768300891	0.0621406789106499	0.03846383577659	0.000129867471135635	0.00408198219212759	0.392055610412943
0.21592596008181	0.000991930820175432	0.000271825234934421	0.327941679861576	0.0883735170254009	0.0148362566199275	0.000314268668614938	0.000524857684097571	0.350819704003464
0.210275022937232	0.000865170684166865	0.000531413698142253	0.304289372533035	0.0854497401735608	0.00528991112262178	0.00302888606862949	0.00107415561080351	0.389196327171808
0.209017599411026	0.0018699623412859	0.00152022626374672	0.280376184194016	0.0883831951752152	0.0069253021394736	0.019884501727431	0.00259901681333244	0.389424011934473
0.202603102148523	0.029065389782545	0.00160973886280255	0.309728505923485	0.0750331588614163	0.0100751233492343	0.00230135376334175	0.00215532712893337	0.367428300179719
0.230410530131798	0.003032472164299	0.000507192265546028	0.271209039637784	0.128802337828225	0.0033046321699872	0.000345425195125993	0.00223516237455906	0.360153208232675
0.165140073903703	0.00773765722000513	0.000975435153941608	0.284291489660645	0.123324798317953	0.0330202620764726	0.000262914808663134	0.00320569325850159	0.382041675600115
0.230315140447459	0.00587347295830395	0.00179608123572834	0.293738294742439	0.0853355986058376	0.0295192647832818	0.0069238815172682	0.00576444212471101	0.34073382358497
0.182650946670348	0.00437858325634323	0.00064485400290867	0.309629755102774	0.0674055655147763	0.0398592439591352	0.000268377859578507	0.00516647934006365	0.389996194294072
0.150707883652105	0.02966529868597	0.00054057110398788	0.332959109894242	0.0532174966532573	0.0132525474674471	0.0137958662045928	0.00118241746122122	0.404678808877176
0.157174618360326	0.00123171046733572	0.0314655210680094	0.336140190754251	0.0788217072709193	0.0292319367648499	0.013160121556135	0.00131920604536025	0.351454987712813
0.240983897098898	0.00192280963342294	0.000208645554813732	0.311363808334041	0.0548965251818884	0.00605984049986502	0.00109262461580706	0.000989301697161867	0.382482547384102
0.2049746715403	0.00280493269142365	0.00304638237961387	0.282534334741293	0.0973717998258715	0.00544703574715105	0.0165217386596252	0.0174975644980758	0.369801539916646
0.205262751705396	0.0113894470061778	0.000232807033568249	0.324760670329089	0.0838731855542403	0.00393715592555755	0.00167939764890914	0.00267445075746578	0.366190134039596
0.210919013845507	0.00531849333870404	0.000285478508782835	0.310860809050178	0.0609681704468548	0.00709986195649974	0.00697272883043559	0.000906042165770291	0.396669401857268
0.222030435710506	0.0186168172270249	0.000832723647958456	0.312022255468762	0.0367853561987434	0.0290491560435548	0.000749400786955773	0.000747913035713435	0.379165941880781
0.227185328865022	0.00204633944195638	0.003613671725925	0.260188445852347	0.120179125974767	0.0168272959706718	0.00392013811268925	0.017796134344738	0.348243519711883
0.216664684904349	0.00207358834434752	0.0025540595766549	0.280200050625137	0.118315941108258	0.0177871011310866	0.000879281780320446	0.00324260251952559	0.358282690010321
0.140573205692197	0.0139957999316816	0.00288614329870815	0.317095688211608	0.097464880855602	0.0249243389027884	0.000186687394755329	0.000758054232314541	0.402115201480345
0.194961455497818	0.00166969126842564	0.00174541935283054	0.307154048068168	0.107113837117638	0.01564315470128	0.00040322376317729	0.00273140789579901	0.368577762334864
0.147208893985687	0.000959605380307024	0.00176805337288582	0.318678923690082	0.122790470431112	0.0151944666123269	0.000670474797295798	0.00367498410700079	0.389054127623301
0.198276319426692	0.00465735555600044	0.00073242210256333	0.314601162751267	0.09679616270417	0.0132837923921701	0.000237870234628872	0.00134832339472708	0.370066591437782
0.186266875490243	0.00262757098513084	0.0169404666456633	0.309187747796882	0.0835096564622776	0.0105720449067244	0.0102558811352076	0.000562453344735756	0.380077303233135
0.201391168001531	0.0015575742957583	0.0267072409094272	0.346385133069356	0.0669520985486435	0.0019926336556806	0.000248888465842255	0.00430689722277904	0.350458365830982
0.174855794526085	0.000669250978461618	0.0926310394685335	0.304665254961604	0.0610553750354484	0.000842453067817488	0.0370021977618734	0.0305327141150375	0.29774592008514
0.243492164504248	0.0179740209165131	0.00202433248999495	0.32430509734739	0.0707443232026551	0.0147267550903681	0.000763409436403106	0.00104414466895596	0.324925752343471
0.168843957321638	0.00146957987034882	0.036293627022037	0.33909026156934	0.0476716603653579	0.00944588347291771	0.000127410743218164	0.0190668276550955	0.377990791980047
0.280177989200748	0.0169245459011901	0.000384295357810468	0.286331722731046	0.0515630226999961	0.0242983525892591	0.000126511448772855	0.000665532357054656	0.339528027714123
0.2093877738672	0.00064444850977687	0.0003230918656929	0.299319720647613	0.0768210967018564	0.014917660234776	0.000237442402512534	0.000341821458966481	0.398006944311606
0.190597573836868	0.00481762282570072	0.00575156117057386	0.313540884658812	0.0804789586892008	0.0159163631005955	0.000134958368585717	0.00281020393613836	0.385951873413526
0.20939061971716	0.00127626883855672	0.00140871304546267	0.30524448828367	0.0642845108313335	0.00918543833875317	0.000243261463379654	0.000892833885117589	0.408073865596567
0.170697165400716	0.000737373275712842	0.00791422224892085	0.30935805131939	0.0896608606304953	0.0175699798857517	0.000893450036377587	0.00204650969201293	0.401122387510622
0.201810982961363	0.000929567492052936	0.00299689389739752	0.317177941516456	0.0840994055834355	0.00851305378107186	8.06863587146333e-05	0.00159947895428973	0.382791989455218
0.226609622328855	0.0159553378795424	0.00039746829838173	0.264782521147082	0.0954084718970113	0.00870284816371769	0.000129117880040315	0.00288181126638795	0.385132801138981
0.241817865224303	0.00750964029398883	0.0213875593774872	0.299447077563081	0.0462768763608331	0.0113091531572424	0.000150864415585035	0.00393864102918527	0.368162322578294
0.177556438289952	0.00580437568580555	0.00153274241320839	0.336513109010961	0.0797595496586445	0.00941046879818652	0.00705415459654628	0.0069541781642584	0.375414983382437
0.225166723652096	0.0105057300909303	0.000321292186661722	0.33176349097886	0.0563658344289645	0.0206567941387846	0.000696639703781914	0.000468843478529955	0.354054651341391
0.146051570094852	0.00117984987746661	0.0265688164269209	0.302542293284531	0.118762956620823	0.00295715726231486	0.000120159130250654	0.0215652477291816	0.380251949573659
0.171761456270068	0.000793940122312479	0.0623955772256352	0.337835143490191	0.0664453399832824	0.00126886132872167	0.000860718312429023	0.0477659276284155	0.310873035638945
0.181559920867872	0.000514384619858801	0.0209253799281824	0.353758448128033	0.0641552225929327	0.00110767820219242	0.0131515473052787	0.0152173355037476	0.349610082851902
0.178461024680937	0.00148972904615339	0.000679202466828483	0.311603667802932	0.102745020557805	0.00870271725266443	0.000176414482485046	0.00980897877501114	0.386333244935183
0.197878839685385	0.00287996981822548	0.0182642657384412	0.32640418851211	0.0462800967368535	0.0123986895819869	0.000895612192877813	0.00184998328429774	0.393148354449822
0.151888143192976	0.00576260299482943	0.00287416977999169	0.354667552520024	0.0916715385375931	0.00775947340191832	0.000293355575273767	0.00925002278053446	0.375833141216859
0.140568796159637	0.000820539788524069	0.000352040861478772	0.347625027227172	0.112800200774472	0.00887435690047965	8.78930068953444e-05	0.000718762937967995	0.388152382343373
0.15197394163429	0.000711452493965262	0.00191010038785236	0.292653481732145	0.147322743766132	0.0316762438991009	0.000176184253078373	0.000634049407155756	0.372941802426281
0.233011867905089	0.00105899630754879	0.000771324297676916	0.320993277987763	0.083751210534723	0.0209624285252474	0.000736362629738252	0.000564694291889341	0.338149837520325
0.22761954796225	0.00662108927088762	0.00153218822614744	0.29850763117276	0.0429578580431107	0.00406858642374125	0.000416257144040693	0.00144285746583231	0.416833984291229
0.212653413961854	0.00136402347091594	0.00103973244908827	0.281188012716989	0.13444323484018	0.013101711959903	0.000245519178310163	0.00979361222709673	0.346170739195664
0.20091505110779	0.033822127130062	0.000916522610344064	0.332802194826119	0.0416917332870184	0.00535861248418626	0.00150730488692851	0.00206927697276877	0.380917176694783
0.218717007659439	0.00204357467933307	0.00286166906929928	0.295369360687442	0.0902489884002019	0.0194658192775306	0.000327876105232877	0.00794442686460252	0.363021277256918
0.21329938470846	0.00259353683311586	0.000879082791910278	0.269591459835919	0.0757818656446064	0.0164371378728295	0.000143556631381037	0.00568877786367596	0.415585197818101
0.196328007587631	0.00702427294121916	0.00155475779617128	0.297342554232426	0.173617169667346	0.00837823924575799	0.00123941141605174	0.000818753584904964	0.313696833528492
0.172670194801419	0.00276176070221235	0.00163130554025019	0.357768907802756	0.0434474930157563	0.0240013958004685	0.00307301265526777	0.00100129795358339	0.393644631728287
0.173323111773729	0.00348563741159345	0.0021795903780175	0.302621191296843	0.0985484610423848	0.00316096786250191	0.00075623880121701	0.00145931077850904	0.414465490655204
0.2401931513709	0.00444893839440041	0.00138781296670833	0.308330262393493	0.0754046454971842	0.00464431905876995	0.000517797428081747	0.000685301068789158	0.364387771821673
0.17072963844492	0.00145053386726693	0.00960117156740134	0.29276299352464	0.166683002798841	0.00655797973633739	0.00163941167655393	0.0104646331352841	0.340110635248755
0.234870655934943	0.0015829729858177	0.000674113433044616	0.329259724262429	0.0885435815029521	0.0111283074397163	0.0019788498839765	0.00292382447499472	0.329037970082127
0.190086909953858	0.000505378679468524	0.00045340339451968	0.291710096282361	0.100775319322255	0.0108573582904901	0.000448000826354204	0.000713805834648821	0.404449727416045
0.209806866543837	0.0168769774801003	0.000676681864184273	0.306168794781332	0.054760049163038	0.0062223416491672	0.0182881477761607	0.00112605491739594	0.386074085824785
0.161917204351472	0.0650521081758008	0.0004836090391174	0.340078497187268	0.0393009420671944	0.00557346255749474	0.00822011480488377	0.00101787632745833	0.37835618548931
0.185425002710858	0.00357196737894978	0.000305440804582649	0.32424957035651	0.0493527430014855	0.00932881872525955	0.000829444394015139	0.00251728398682056	0.424419728641519
0.203149049284997	0.00116156753181622	0.00697632253732105	0.341160494376081	0.0269578174686393	0.00285485476308354	0.000220704120469641	0.011525654980513	0.405993534937079
0.206749523938974	0.00396261400332067	0.000819262659330935	0.299244379072694	0.089563655051598	0.0114473788702509	0.000242059473810977	0.00274965384123796	0.385221473088783
0.21226742629121	0.0012484225431151	0.0180478360146229	0.306801921586098	0.0565061470627209	0.0119885584955736	0.000311036747439858	0.00199780263587645	0.390830848623343
0.234809579123516	0.0268873767220152	0.000617440040265284	0.297456079842349	0.0685006157684207	0.0165330493614485	0.00103751191118351	0.00337591134323814	0.350782435887564
0.230414811983613	0.000673074910433203	0.000425845398807435	0.289121124860303	0.116796071340723	0.00986187142329744	4.90208123083105e-05	0.00194681861538878	0.350711360655126
0.225705794305575	0.0289747224350501	0.00119583843958562	0.305785178070942	0.0476929663169451	0.0105270288856624	0.00221813220435335	0.00220209056104128	0.375698248780845
0.155647250748406	0.00401232705067372	0.0545462179154514	0.347133213249247	0.0382667010240157	0.00183386120124927	0.0191857025180311	0.00284535638630332	0.376529369906622
0.265879062901891	0.00212914403347704	0.000373642288153577	0.279830744623178	0.103023608894637	0.0246310127614865	0.000578938558483669	0.00131832888072453	0.32223551705797
0.214722576750447	0.00341371755493746	0.0172928385637192	0.296156220791414	0.0975606680773334	0.018186211508276	0.00140739075855017	0.01384758055097	0.337412795444353
0.186589986126906	0.0289303478820877	0.0021185814821819	0.281494445347606	0.103436242787076	0.0249034243546629	0.00900002838326356	0.00176453793681248	0.361762405699403
0.21451156552929	0.00909654670952151	0.000543729120163737	0.336376289184244	0.0716272683624547	0.00427206247649055	0.000442908178018183	0.00742457793823551	0.355705052501582
0.166177178832738	0.00304764713199547	0.00318785228223208	0.332698384224667	0.101884495204511	0.0264483111791926	0.00143813358027783	0.00208190550517114	0.363036092059214
0.182211418335741	0.00102569430862772	0.00121304672917192	0.342320272016468	0.138092697048641	0.0230431864132395	0.000159395003628597	0.00397475504952284	0.307959535094959
0.20893679979364	0.01578430410177	0.00334658388351858	0.323784087639899	0.0474171119725094	0.0167539794937629	0.00349636969197732	0.00158484527672894	0.378895918146194
0.201161800408068	0.0020080698584719	0.00918101485319211	0.287432527158199	0.115709025516916	0.017611445516683	0.00197431389832185	0.0036874282043975	0.361234374585751
0.216838130002036	0.00506446842175803	0.000978480872724271	0.312369059491185	0.0589604174503287	0.00406513607233409	0.000226022809487294	0.00124909656330726	0.40024918831684
0.180391696319766	0.0100272270285118	0.000976210560983115	0.304719475058177	0.102931559687104	0.00940606207589487	0.000160867804875092	0.00146403218855389	0.389922869276134
0.193722550630567	0.00160951298908327	0.000679518750790467	0.312875470882213	0.125454208385671	0.0217291943518846	0.00101111303188019	0.00522661664547707	0.337691814332433
0.193885284511839	0.00339413344630235	0.00124230029075966	0.336488153869824	0.0655550622063382	0.019061387013973	0.00033854603312224	0.0041518885815742	0.375883244046268
0.243077341909019	0.0209954013035558	0.00285896434257823	0.325301717384244	0.0429561494556337	0.00414200977776929	0.000272282309256648	0.00198719052326469	0.358408942994679
0.187069663845196	0.00143496337401131	0.000254092793266322	0.338627648866518	0.0611903733053474	0.00643179696793843	0.000117363555838566	0.00164413670971149	0.403229960582172
0.16454444690917	0.000787987534492107	0.00175885262703045	0.34954383765015	0.0806101978033631	0.0100973597469752	0.00290716296962378	0.00428998571835193	0.385460169040844
0.214824986248139	0.0019069983184587	0.0010445368032444	0.301087083408551	0.0974267024485534	0.0114150694845206	0.00162579881682064	0.000544346321535077	0.370124478150178
0.1677383239555	0.00348544338545483	0.00440552846023003	0.378166136589861	0.0735520729328143	0.00261298536219611	0.000135197657684946	0.00527689146128657	0.364627420194972
0.151037672439931	0.00941705057332862	0.00642867754459398	0.313619243684741	0.102648969719969	0.0138324024108442	0.00188822911309235	0.000566259279072725	0.400561495234427
0.207771171291796	0.0748955634761264	0.00320957861320216	0.272081087940127	0.0549795915401498	0.00434495166687941	0.0351453502627205	0.00345835242386391	0.344114352785135
0.25062973747218	0.00880106940570891	0.000798417837470286	0.308224328452042	0.0659598690906504	0.017327266710637	0.00140203844107691	0.00266501234874838	0.344192260241486
0.201743807791774	0.00518700364459821	0.000493021435346505	0.270140787727388	0.162386464443074	0.0250239669047087	0.000212744072647662	0.00128422785807241	0.33352797612239
0.223441133687874	0.00590951139136624	0.000378349605173581	0.299821385514003	0.103178437844268	0.0189741805558322	0.000517318664601967	0.000720943408499927	0.34705873932838
0.221350603696576	0.00136023877199312	0.000851760524284892	0.286545989395536	0.13681341248454	0.0142547704649277	9.70735539949979e-05	0.000714153610392525	0.338011997497755
0.222279823956935	0.00527832613031623	0.00102776476898496	0.277514233051559	0.121494317930888	0.0272463671307137	0.000589463191247432	0.000879998430537615	0.343689705408817
0.236315125169522	0.00228036724663358	0.00115325623722888	0.311702706045903	0.102804336668216	0.00491435716776487	0.00555096853698421	0.00124731259168688	0.334031570336061
0.191294858812088	0.000598312247652603	0.000505972018242663	0.303545520945093	0.149352540093985	0.00706235755134772	0.000398241826742561	0.00512240904768948	0.342119787457159
0.297474279808771	0.000993138096368361	0.000853887264985701	0.298067268825971	0.0662986343717005	0.0524189825584748	0.00500432129401252	0.000586930841491312	0.278302556938225
0.191450055821412	0.00560881541228061	0.00258337122491825	0.300321727811744	0.0553032580938116	0.0104814898806459	0.000303938620480181	0.000573813440176064	0.433373529694532
0.212374369443785	0.0047667417610896	0.000374308462209732	0.279873240422776	0.0950480841898949	0.0311116675723217	0.00920020997012993	0.0120387334270989	0.355212644750695
0.190463887287315	0.00146217998281386	0.00161690181087725	0.276707929424958	0.143431818046785	0.0205661699563097	0.00286343962577071	0.0209276883651228	0.341959985500048
0.212301466429374	0.00494322324521723	0.090125635900176	0.31402410598247	0.0339105010594788	0.00261881935561854	0.000167066728051789	0.0196389863967438	0.322270194902869
0.205812993558426	0.0010021226280121	0.00569843827986585	0.269711547843147	0.163988714543818	0.0101396159969824	0.000353065934096365	0.00467326063307273	0.33862024058258
0.235144230953733	0.00664644586494145	0.000711213478184565	0.269676921100822	0.130799174000388	0.0243018689277077	0.000482590611522464	0.00220743854618606	0.330030116516514
0.186707918851362	0.00618617711769364	0.000402973517916291	0.326499297502544	0.0429054131509492	0.0113992489836293	0.00156568031045144	0.00156926524128745	0.422764025324166
0.252476970917293	0.00493522537842373	0.00463944984016218	0.287085787834222	0.0577088090901496	0.0176287219848268	0.000690915229242068	0.003372670166631	0.37146144955905
0.193859183889135	0.00403488496702137	0.00166228221414634	0.316981339165005	0.0754650335986709	0.0212123313704288	0.00028978361712886	0.00384224820700965	0.382652912971454
0.210331936766458	0.00105556659342505	0.000324096613294781	0.330862318933371	0.0571389265624518	0.00925910192438094	0.00372285875959854	0.00505078192819039	0.38225441191883
0.251311526414302	0.00944599912578208	0.00378339306234587	0.279752828400148	0.11463042318936	0.00356889235960398	0.00551972778734723	0.0058547991377523	0.326132410523359
0.18021584894009	0.00112902299340062	0.000252382822230521	0.33227089926582	0.0739784011448768	0.0048460907137105	0.00464458667694547	0.0251445060326708	0.377518261410255
0.196595170649955	0.0145471144144916	0.000763864324225878	0.331183828183013	0.0787694736157375	0.0168638133588104	0.00865145361044936	0.0020492208348705	0.350576061008448
0.212727971962603	0.00204780590099694	0.000866799708869917	0.307459836137224	0.0652215345541405	0.0282953086656247	0.000400801843933473	0.0013804118455255	0.381599529381081
0.250246209250627	0.00991421010372475	0.000300499446385026	0.322745868389336	0.0597838652297422	0.0123607750229838	0.00062408699764899	0.0011829842731969	0.342841501286355
0.187394071663898	0.00591997044283716	0.000213250576959902	0.298703059446256	0.108357679194676	0.0172837536598138	0.00195308294118286	0.000653241354935839	0.379521890719442
0.212823200318513	0.00874009775189183	0.000322788079662309	0.353819283699422	0.0389873716875492	0.00205862157332564	0.00310024065103598	0.00133703596774526	0.378811360270855
0.168678361493968	0.00456679722670498	0.000286333950895227	0.33464714394399	0.147932857669509	0.0110197758588039	5.42790164492967e-05	0.000661179643725888	0.332153271195953
0.255304615756795	0.00753207231396219	0.0781664562117406	0.211782458616941	0.0526157804082935	0.00371533756209848	0.0385980763506053	0.0743752164823417	0.277909986297222
0.167558664075755	0.050172470745843	0.000286544609213519	0.31862609952547	0.0841822600747716	0.00185002963862003	0.000771753008889859	0.000441279261792641	0.376110899059644
0.207009475061989	0.00176959602794454	0.00527816724013231	0.283453961445556	0.159193694507591	0.0192677684218395	0.000807377169391045	0.00198723029348963	0.321232729832066
0.186885637459644	0.00205713435074196	0.0257636201558804	0.337931000125304	0.0386338857584379	0.00397298079097187	0.000319456959615835	0.0094481081299764	0.394988176269427
0.165886452185858	0.014278156134507	0.000955204846228631	0.286923375430523	0.0904120839054191	0.0438542164787853	0.00380305117320287	0.001530177107705	0.392357282737771
0.223268239017591	0.0017535389130744	0.000219904634990866	0.324920249959769	0.0469590971294354	0.0223289860317147	0.000308071545144403	0.000828878013116907	0.379413034755164
