Bcells	CentralVeinEndothelialcells	Cholangiocytes	Hepatocytes	Kupffercells	LSECs	Mesothelialcells	PortalVeinEndothelialcells	Tcells
0.00215459118342957	0.013521054094427	0.0710372126089682	0.891384317769517	0.0123407226899594	0.00268249867062994	0.00434369854144399	0.00227459746839721	0.000261306973227743
0.000160783455861361	0.00142364369402369	0.0782382649875355	0.875625352042558	0.0195412173241667	0.0113595305197735	0.0040185845517497	0.00158900721086335	0.00804361621346844
0.000485009626073066	0.00169136038999346	0.0753123678947667	0.890230173202044	0.0117781697461375	0.0116610661399359	0.00260259957957503	0.00613141588175383	0.000107837539720165
0.000118034469189128	0.000178224834895915	0.0777130799753328	0.890707062289311	0.0107264229752077	0.00775009183781259	0.00238801562759508	0.00998067612416711	0.000438391866488578
9.36754052484306e-05	0.0181092389494974	0.0804233606980036	0.877965426420258	0.0147617655468983	0.000261195167725354	0.0030570948065268	0.00530391531400237	2.43276918396505e-05
4.54964188856248e-05	0.000354590140262116	0.0767510811316598	0.890929406452668	0.0190252076231914	0.00866841743208287	0.00387653989709767	0.000183402525013475	0.000165858379138679
0.000911805945135637	0.00190437498399735	0.0833352536142932	0.866434714045616	0.0126742418690489	0.00887082729107745	0.00523582236253368	0.0129330809809595	0.00769987890733878
3.68158040566985e-05	0.00148361210641479	0.0783443403469891	0.879570636701975	0.0165034737255792	0.0182139038891346	0.00241584106673629	0.000381336497335644	0.00305003986177906
0.000139721205838915	0.0118265373335557	0.0700231196806399	0.892230528004158	0.0122089792173353	0.00129524018137017	0.00435481256545218	0.00753746973315369	0.000383592078496156
0.00182912991397894	0.00131142295459748	0.0815106340354258	0.882300446269951	0.01288697957148	0.0167325612015637	0.00269489400640204	9.15979827569738e-05	0.000642334063843695
0.00037321456707225	0.00604422382239184	0.0812848086658703	0.892634136997817	0.0102900985988295	0.000656676374451475	0.00359068244281423	0.00442740496613652	0.000698753564616732
0.000148634279738824	0.000667180468710759	0.0818838359962525	0.880336451859692	0.0167779717991897	0.0123329219166101	0.00385945063383957	0.00301864238938216	0.000974910656584389
7.35603092000703e-05	0.00307790776486188	0.0787351421535464	0.885291406365512	0.0139068788325805	0.00881229619811149	0.00395959840495578	0.0056529218783129	0.000490288092919022
4.21992807796312e-05	0.000435661720571016	0.0802757433691144	0.886769014175236	0.0187143473246351	0.00226833212128667	0.00415121407933639	0.00729095418596696	5.25337430733711e-05
3.8523027090993e-05	0.000494298512110639	0.0773079640920311	0.887683389665824	0.0173610520827699	0.00230003801768665	0.00394455847655104	0.0108518675738591	1.8308552076126e-05
0.000183546805515092	0.0112719998896204	0.083868658640803	0.891574320770049	0.00904716243398676	0.00101543937903404	0.00277442444688941	8.9487588144769e-05	0.00017496004595815
0.00377758863659862	0.00389321561553075	0.0808586104844678	0.876226640523732	0.0129381821390983	0.0184610818602851	0.00295695284144019	0.00017081911704552	0.000716908781801716
0.000222942515993626	0.0238912192182449	0.0779555648809644	0.877838675892843	0.0104309549928717	0.000769708454946668	0.004682445658204	0.00280001448561397	0.00140847390031797
0.00703379548030222	0.0208517353512862	0.0714423160007149	0.879162033401581	0.0134157799796171	0.00382359458208235	0.00414721005474828	0.000102773076662227	2.07620730055427e-05
3.24665499240985e-05	0.000129170595398555	0.0772573073004846	0.889793539285971	0.0145555741131411	0.0125408065268227	0.00274895703277118	0.0017696203841764	0.00117255821131042
0.000828358201814346	0.000133118599373333	0.0765645537957221	0.882991548279275	0.0233414432612136	0.00849378085287464	0.00357714734524954	0.00403280564069324	3.72440237837909e-05
4.36010249912152e-05	0.00752847035361198	0.0804251216713909	0.882947960255033	0.0186824718798475	0.00385727744811581	0.00451051340097848	0.00161326754014162	0.000391316425889098
0.00537202908944996	0.000240190658188157	0.0778144595138825	0.890795369870223	0.00582015002303827	0.0140373742920697	0.003479508507039	0.00226810955628091	0.000172808489828937
0.000336153450662224	0.00017483148600716	0.0755441666156026	0.886515695276171	0.0176492040038688	0.0134681030677118	0.00400989253487139	0.00188227302550948	0.000419680539595684
3.1539306030811e-05	0.00108644926758019	0.0922993183899368	0.872280725490296	0.00891353213969493	0.0028801528395575	0.00563824106553988	0.0166548074775199	0.000215234023843778
0.000972475111325491	0.00345173227423053	0.0750525460958918	0.893529388930719	0.00962590312293395	0.0128857407216735	0.00204778283905729	0.000608049553584588	0.00182638135058421
0.00340916918364199	0.00196282739157412	0.0841527061761886	0.879373092798732	0.0122179469929223	0.000226538918310056	0.00506443373494802	0.0133454010559509	0.000247883747731344
0.00729349003269026	0.00666366137939098	0.0787415974546017	0.884287288770476	0.00871245622763765	0.00821088565693876	0.00257941851615263	0.00337331273205098	0.000137889230061579
6.44414025664143e-06	0.000279274999688664	0.0745966816729029	0.894315529949487	0.0131788897799834	0.0134818269836356	0.00384374222219991	0.000103704569220621	0.000193905682625636
0.00121984214290577	0.000160597359976631	0.078767362215607	0.884255659115777	0.0089055589193648	0.0169581160469549	0.00311661065488174	0.00437903962625253	0.00223721391827945
0.000489345993309149	0.00058884654944979	0.079977411493703	0.887447057694142	0.0137848829400237	0.0108442283360874	0.00279373974508691	0.00209783611158526	0.00197665113661302
0.00248796897079024	0.00587525815841693	0.0897464533735778	0.877412779913869	0.0133134932477609	0.00299450182158131	0.00368598452563132	0.00434563308578561	0.000137926902586983
1.37217069531386e-05	0.000380536307171094	0.079483081783278	0.895918734593353	0.0168502850694728	0.00400445504466578	0.00209047575301538	0.00117232400037507	8.63857417161411e-05
0.00518376143769674	0.000244746758569259	0.0803833726045571	0.888303985691852	0.00974938694247602	0.0105693555942891	0.00286705726227528	0.00265524567681529	4.30880314696321e-05
4.64505519546344e-05	0.0145265562606081	0.0657736324924577	0.89116218600975	0.0152223713885354	0.00192064265905237	0.00395361439384152	0.00504169749138612	0.00235284875241401
0.000102763569545416	0.00529777061946188	0.0759905125106294	0.893158975588686	0.0135772388786985	0.00598506161544716	0.00314191374164372	0.000160045478199605	0.00258571799768822
0.000717560141882801	0.00424332290619651	0.078630035702816	0.88685319260239	0.0164209373861059	0.00695213446845701	0.00264380002141729	0.00349919075063109	3.98260201037182e-05
0.0059128048639838	0.0170541483725923	0.0707333552153245	0.879536607655083	0.019575842445869	0.00112171637391113	0.00323578431731013	0.00272799900002369	0.000101741755901984
0.00276976432261033	0.00257401872475713	0.0711982099310276	0.901034902788068	0.00769220200617544	0.0078914537958064	0.00289445679238227	0.00019845037026784	0.00374654126890501
0.000774700902709562	0.00211858347591005	0.0792953255480517	0.894958525841617	0.01207375983561	0.000817969939806261	0.0023624887293731	0.00753233622324221	6.63095036797437e-05
3.36880850282864e-05	0.000326821016154195	0.0867902593190834	0.882885930893067	0.017372922688954	0.00641423718108647	0.00214410910133086	0.000462647775288044	0.00356938394000763
0.00116948742422256	0.0148432583670423	0.079240589768102	0.885081166116324	0.0125292658831617	0.00145673895022759	0.00415412469322449	0.000957029998165147	0.000568338799530595
0.00223349238116654	0.000295974346916554	0.0705831815164002	0.893625232745541	0.0115408148581079	0.0188154156840577	0.00262735631024541	0.000143870544977227	0.00013466161258758
0.00638509977101615	7.47400159731033e-05	0.0753245789663525	0.882721342462084	0.0118776740853473	0.0170934161802519	0.00521425430577442	0.000884766114348125	0.000424128098852831
0.00940713838699719	0.000645492208119612	0.0795965846024279	0.883409597704964	0.0129172395268591	0.00902861209422833	0.0032435207584372	0.0006395907135466	0.00111222400442057
0.000858844834587705	0.00356330258318076	0.0774968958692872	0.894953787963853	0.0106916062258758	0.0043258056566123	0.00337209535837685	0.00141617678720385	0.0033214847210221
5.69033189912406e-05	0.000373283920416683	0.0853370079067477	0.884993443532657	0.0145952058056979	0.00522728851359687	0.00257625544864832	0.00386553396137694	0.00297507759186769
0.00704778685811087	0.00683186012801087	0.0745905812908862	0.891351952514165	0.0102846489713894	0.00330151262275577	0.00479517791638542	0.00047630983170033	0.00132016986659607
0.000185531883801128	0.000178869240046273	0.0812291498074801	0.893813501434496	0.00850296929334944	0.00565374853007626	0.00321746168557632	0.00720321923426055	1.55488909135244e-05
7.95821771486685e-05	0.000466153998055743	0.0763909981088269	0.881569121804401	0.0189163480136004	0.017037416954097	0.00395724961340668	0.000149218378789646	0.00143391095167436
0.00499483063642356	0.00661456895765529	0.0757442244589917	0.88966632922939	0.0119880113406728	0.00414433587082456	0.00433139856785802	0.00165079633181243	0.00086550460637186
0.00214491148758552	0.00664207986216052	0.0747475673018936	0.887107016945594	0.0112728275117417	0.0127463525368638	0.00297923824009847	0.000738834757976549	0.00162117135608565
0.00298027085541536	0.00227686596797019	0.080529953467057	0.893664282474449	0.0110859576801504	0.00511379724134871	0.00315093591656663	0.000944657958714821	0.000253278438327465
5.17346732023272e-05	6.82320982732302e-05	0.0791831378481196	0.89242866587535	0.0109912373505468	0.012739355950507	0.00431899430655005	0.000102748087534315	0.000115893809916374
3.93497493060473e-05	0.00119875981231566	0.0699880251902923	0.885137402650577	0.0091057127475461	0.0246109202912508	0.00300772455867176	0.0064073035729288	0.000504801427111789
0.00066932702646715	0.00430181112246561	0.0761026095944105	0.889817464545788	0.0115804955728055	0.0127958708010934	0.00429986575192541	0.000308700188070028	0.00012385539697398
0.00707604458314617	0.00314450824901284	0.0782490826382621	0.88263490990657	0.0115713828705132	0.0110342670901656	0.00212947098611484	0.0036754367203184	0.000484896955897046
2.40232661785964e-05	0.00862506320278157	0.0816579593840963	0.894711220869222	0.00503275821322569	0.00109776774952077	0.00308362294565334	0.00399684490741962	0.00177073946190236
0.00281656001645299	0.00596566214014902	0.0749109074040353	0.894280310084731	0.0123972361305187	0.00524551021306334	0.00247267297809604	0.00145704837146017	0.000454092661493693
0.000387080358500239	0.0123111724319377	0.0698280843610965	0.897299348278124	0.00708060900743285	0.00227083364973736	0.00229464456872636	0.00266579173780244	0.00586243560664248
0.00406235759301825	0.0093684533339228	0.0747973556657597	0.879781578980354	0.0182838445874058	0.00492806557546394	0.00373180440193184	0.00494954777574557	9.69920863984802e-05
0.000639253776365183	0.0043954241890627	0.0866060177915659	0.89117575809845	0.013861295720016	0.000433084375605143	0.000761520198639459	0.00106465617329191	0.0010629896770039
0.00326279604349046	0.000157986400272014	0.0777731209414739	0.895038787279667	0.00667464874633849	0.0108613248627992	0.00482182453309413	0.00123366635375937	0.000175844839105297
4.1634451143354e-05	0.00276575031626488	0.0804756452851853	0.883786420563309	0.0195762430130237	0.00354550128628635	0.00272059932712044	0.0069199700122876	0.000168235745379206
0.00638049124217608	0.00197881636512947	0.0754585012265926	0.893336064231774	0.00801376026811731	0.00715763621979683	0.00396079471054151	0.00363944970856832	7.44860273039258e-05
0.000752213773812648	0.00263190005188374	0.0759012168157928	0.884715386906666	0.0152682896290699	0.0149780590495471	0.00433033263799266	6.40362397419298e-05	0.00135856489549318
0.00189984384575164	0.000214884209563935	0.0766692635942052	0.892023540298594	0.00950533881637987	0.0125792973016768	0.0036138922209927	0.00341407470271971	7.98650101159292e-05
0.00320507346013088	0.00359786619244068	0.0734769148851984	0.897632054953316	0.0116032367559632	0.00615045669457896	0.00394272949584569	0.000282326338276415	0.000109341224249988
0.00267831923984777	0.00879210355027109	0.076240091179952	0.884145437883532	0.0107198832895851	0.00829583757055915	0.0036118374804387	0.00284071310246161	0.00267577670335284
0.000123002615126105	0.00924179921120843	0.103073035417225	0.859404987175122	0.00783324320988212	0.000324986080086721	0.00669935097721614	0.0132778441309929	2.17511831399723e-05
4.98045301322585e-05	0.000254569966041373	0.077906351431502	0.881973186226587	0.0157059854176022	0.0145011265776954	0.00331642816517882	0.000132758241425428	0.00615978944383631
8.19099116748883e-05	0.00741731293006481	0.0735518922523658	0.884910448478664	0.0125917377534186	0.0136478299833189	0.00282260863923115	0.000214859642505566	0.00476140040875633
0.00213832828284855	0.0101133815632759	0.0709730968184935	0.882419540250197	0.0116108190485023	0.0137280913235852	0.00394382253608217	0.000183546983212731	0.00488937319380268
6.07423134664934e-05	0.00307016174596815	0.0881808128606142	0.878832837750622	0.0161227928796882	0.000533027251500923	0.00327133018175292	0.00986532018187185	6.29748345148669e-05
0.000600343142317887	0.0116304945746449	0.0764023915515707	0.887526011630327	0.0137863926900487	0.00602635231645291	0.00335839290922071	0.0006382519531196	3.13692322976491e-05
0.00070507069857726	0.00645943311608895	0.0747144650089732	0.884467851462871	0.0245221796744875	0.00186352082635894	0.00256597562255034	0.0046758463710572	2.56572190353061e-05
0.00456390238649242	0.00159686321193847	0.0840549626886382	0.876843650150065	0.011566030429538	0.0127023760189526	0.00464556756286017	0.00392136189905415	0.000105285652460861
1.66163195564775e-05	0.00261885137684356	0.0784665960864796	0.88996300722787	0.014725937955467	0.000129960043064369	0.00327013072221372	0.00231581266818954	0.00849308760031567
3.56756521615926e-05	0.0112540996217347	0.0636366367445174	0.896094014474232	0.0189579410153102	0.00202710233502383	0.00254744256477239	0.00110679155469861	0.00434029603754943
4.96232779173736e-05	0.000168913325416489	0.0921068013557209	0.872444181271583	0.00714614144753373	0.0148158558424028	0.00348755522314108	0.00948090390285409	0.00030002435343062
0.000393238539624402	0.0127957584786752	0.0769110088566459	0.878348544824427	0.0141359048738848	0.0120301791438543	0.00424340662643264	0.00030459936947049	0.000837359286984804
0.000261695266275281	5.7550070660719e-05	0.0825601401145006	0.895394737322789	0.00776492716886196	0.00671988736892625	0.00378441732875107	0.00266129522752334	0.000795350131712219
0.00795803735431351	0.027858528686909	0.0803915580548145	0.86280062670353	0.0107007585323428	0.000850339359082876	0.00433833252620809	0.00151530616118771	0.00358651262161182
0.000323301939856255	0.000230174862806037	0.0788616361919201	0.897473603461517	0.0156169463501924	0.0049764575257101	0.00238659909530129	0.000101052721205689	3.02278514915042e-05
3.34971267096692e-05	0.00029795406596829	0.0795028478682948	0.887032620972653	0.0192062733914583	0.00392184142486896	0.00202261977216045	0.00791090948787673	7.14358900097377e-05
0.00121478551428631	0.00413532776942406	0.0818406275393772	0.886492659419391	0.015264485366019	0.00128441800679348	0.00384571838893594	0.0040318875662518	0.00189009042952094
3.06778937171541e-05	0.00504669638713353	0.0742829105856365	0.899384628525211	0.0125297811487831	0.000648078278992719	0.00267435818341556	0.00293319020129616	0.00246967879581444
5.99720085469235e-05	0.00412253180759229	0.0840793570667938	0.885492365138921	0.00953213989785847	0.00745493854155605	0.00341456706623143	0.00574886573707901	9.52627354214235e-05
0.00145518756766426	0.00635313333731995	0.0722952723212795	0.896293188403352	0.00665599218448529	0.0119590240575412	0.00345406526455107	0.00145627756105806	7.7859302748741e-05
0.00121157447598025	0.000507101175770885	0.0774718918369368	0.900299843014403	0.00897509239523433	0.00938890720287375	0.00169457380487737	0.000389708122125808	6.13079717979053e-05
0.000178035836739574	0.00252633593839888	0.0839267413776302	0.881743936570897	0.0137653670414887	0.0128381259747446	0.00464427566831528	0.000295187499791158	8.19940919941636e-05
1.87712538221148e-05	0.00207821531350199	0.0699162560010575	0.891477182623335	0.00982337922620642	0.0205766689570482	0.00320910040899946	2.38375821969628e-05	0.00287658863383203
0.000117906746431274	0.00323242777001441	0.0746159910540782	0.87409443836498	0.0140961688055393	0.0237569593325402	0.00352596979543681	0.00258317689972436	0.00397696123125585
2.56054569175655e-05	0.000830093604726549	0.07670060427255	0.894368129505334	0.0138786486280772	0.0109450392158333	0.00304163694713049	0.000170339233142267	3.99031362882748e-05
0.00188916977958626	0.0136464326937831	0.0837858127743503	0.887719286673114	0.00946839080328486	0.000454020710249376	0.0026598207641327	0.000203864024553167	0.000173201776946361
5.81099056677275e-05	0.0046939087897	0.0916761690938992	0.867414438263006	0.0112148199383341	0.0033191669333522	0.00680753613728049	0.00684865377525364	0.00796719716350683
0.00361184722669055	0.0178731360772175	0.0733023261385326	0.881599863138678	0.0104161516549858	0.00936423022105872	0.00357654727220793	0.000178724189532155	7.71740810964936e-05
0.0083642865534005	0.00495813489205533	0.0788435314199733	0.869975211061159	0.0170043066737919	0.0135742934168335	0.00511533724732113	0.00198225890588803	0.000182639829577007
0.000154289261848813	0.000152709852155828	0.0833110316331775	0.879935419075945	0.0150079331417167	0.0148872615885357	0.00294564104543587	0.00354715624936021	5.85581518248716e-05
0.00415382575399562	0.0054254854767363	0.0757929953882927	0.889862810169476	0.00767675693077643	0.0130230875482207	0.00349703307716587	0.000529427996370279	3.85776589665483e-05
5.5981567398433e-05	0.00636152066631776	0.0863320394826737	0.889684477124006	0.0133670422265177	0.000213392458579522	0.0025766820905317	0.00139394403004616	1.49203539290802e-05
0.00171854003813018	0.000239111571859876	0.073044063228044	0.885412822469283	0.0181724076219286	0.0127222081914853	0.00296080764227593	0.00569312403987565	3.69151971173352e-05
1.77628245199049e-05	0.000265119341272772	0.0823171801975403	0.891958675628082	0.0143838879114955	0.00202572320822113	0.00291948536116902	0.00607325702795534	3.89084997439861e-05
0.00549468276234428	0.000946462428953807	0.0905762090503872	0.836223303668372	0.0159330856440818	0.000714117873968589	0.00449046685221756	0.032627352569549	0.0129943191501255
4.01697924624769e-05	0.000191119301027705	0.0791650811722504	0.887626760956029	0.0162097669330638	0.0061737504863671	0.0029397536285634	0.00757723353578115	7.63641944552519e-05
5.19689404115859e-05	0.000993491400625511	0.0742002471670572	0.876874817326889	0.030123860529221	0.0107851969684973	0.00324744254860186	0.00369834210362615	2.46330150706267e-05
2.2844391543861e-05	0.00297120198273166	0.0856169246223474	0.893107825672071	0.00968614807571984	0.000349547510697128	0.00230337819634214	0.00395938353503899	0.00198274601350798
9.59115867953344e-05	0.000182810691547062	0.0804784896748888	0.887262968783303	0.0182756938938938	0.000941445451407677	0.00413166376288376	0.00809609033356187	0.000534925821718343
0.00189488650449653	0.0100359337992887	0.0721771671674154	0.901760128731315	0.00855830557284258	0.000477734203651204	0.00448425285381482	0.000110821846903358	0.000500769320273064
0.0021814501283744	0.0154578371747572	0.0719207343839853	0.892811682553382	0.00931422618498011	0.00125478549918742	0.00348453583804974	0.00322902199166966	0.00034572624561421
0.00091073601789542	0.00136061715487627	0.0872258300925266	0.886590895109667	0.0115539186247284	0.00800791493197334	0.00305418154682885	0.00046283193748042	0.000833074584023573
7.89498319709944e-05	0.002539247619696	0.0805394981593026	0.889817329643674	0.0137109401009314	0.00695282856121498	0.00345403261910996	0.00114697688117327	0.00176019658292633
0.000301549038126665	0.00032486542969088	0.0832238790039377	0.874460180710704	0.011572257678205	0.0224625377086919	0.00281058105639335	0.00422105635491265	0.000623093019337907
0.00525797868869004	0.00307850087258149	0.0710247693479497	0.894142228588954	0.0154870476730974	0.00760895247249081	0.00248210766525149	8.23114582379241e-05	0.000836103232747448
0.00909809594465451	0.000988151755763606	0.0735036808238131	0.890375037700351	0.0136251055665698	0.00574955785006853	0.00467469772921954	0.00065226378020438	0.00133340884935586
0.000455474058031842	0.00706433508410084	0.0851019541652284	0.880173117764702	0.0163593698832436	0.00219584455502129	0.0069876953651656	0.00132202241775256	0.00034018670675442
0.00012280376183173	0.0194160167811911	0.0735852542649147	0.886750672656422	0.0127285171576725	0.00084815622533477	0.00464546648477305	0.00176296783291553	0.000140144834944013
0.00396497849739321	0.00340500300532331	0.080643777151698	0.884029805149886	0.020101783534621	0.00040338603381939	0.00184034133578346	0.00151718602610986	0.00409373926536554
0.00930495810634382	0.00795328341641619	0.0695499087633862	0.87615649179984	0.0169280253738458	0.0147724712210107	0.00231663799096602	0.00236896016205525	0.000649263166135919
0.0025359511994701	0.0100540384531452	0.0726600221123611	0.881094496326933	0.0129462505913705	0.0134619831487003	0.00560252777981813	0.00154196294853023	0.000102767439670901
0.003057678233615	0.00244723481491688	0.082559758966904	0.877770469820713	0.011286620817063	0.0178896174025225	0.00221619969874363	0.0026502852763426	0.000122134969178727
1.60333350384937e-05	0.0207620593732132	0.0761987276852728	0.88601939897255	0.0099342429299523	0.00236915529894491	0.00457107981562715	8.62266891918555e-05	4.30759002092044e-05
0.000110503636680589	0.000345546380245765	0.0837487077654187	0.87954883284702	0.0136651386901612	0.0159885160191971	0.00458293492148411	0.00197749594595695	3.23237938353946e-05
0.000278332375896614	0.00992884676533147	0.0795155027521864	0.895226601295956	0.0104701675709387	0.000561152626574254	0.00279369833383083	0.00101498482240732	0.0002107134568783
0.000401389028406757	0.00415382555713852	0.0892917663928203	0.873707127752456	0.0166038787131176	0.00242741295589225	0.00652372458533198	0.00551857449658137	0.00137230051825527
0.00142957573325983	0.0109198277535951	0.074934687852626	0.891854014966454	0.0126935909794266	0.003863646406697	0.00346123132287209	0.000586982362500966	0.000256442622567868
0.00010429386357943	0.0120587939029908	0.0770306595434652	0.894929278119458	0.00904726225478384	0.0005920728901532	0.00456255434006327	3.05092703411175e-05	0.00164457581516505
0.00614708518468094	0.00804290500397773	0.0834124710002896	0.876955963674474	0.00624622658737933	0.0132809300108873	0.00307816460361151	0.00119149376831099	0.00164476016638852
0.0155931563046573	0.000519999491959131	0.0724165330307215	0.863817455104403	0.0185644903880408	0.0065906122085528	0.00478573217200579	0.0136345437674391	0.00407747753222023
0.00129832231117961	0.00068398315410567	0.0878320103997464	0.87184299721717	0.0186254154507108	0.00958634610454111	0.0046256010674132	0.00416824327256001	0.0013370810225731
2.75612298287107e-05	0.0101559376700197	0.0781544476770397	0.884863471397433	0.0134158523695755	0.0108180777490281	0.00231092042476202	0.000230282517081258	2.3448965231461e-05
7.25102977385034e-05	0.00188374098915336	0.0834920323923227	0.881734729098505	0.0182117768113843	0.00516843825831003	0.00291105948224995	0.00420873393752659	0.00231697873280988
1.94073404699784e-05	0.000976322060051223	0.0737815440141909	0.888667785641361	0.0196379645679431	0.00948287619842554	0.00349743225966677	0.00280931536017626	0.00112735255771567
0.000343195930424991	0.00429591371336394	0.0749166037751792	0.892916556531606	0.0179484349846644	0.00516214116335261	0.00270476523254073	0.000631792805202069	0.00108059586366632
0.000357359736197551	0.00555950312971752	0.0772922775680287	0.891760082498182	0.0139017560679507	0.000693531372637191	0.00469853634447272	0.00570352772761857	3.34255551949988e-05
6.0437896708645e-05	0.0087477406968529	0.0850498395954588	0.885349897986275	0.0126246048419294	0.00397652092669673	0.00394296306360364	0.000161129572886772	8.68654195882081e-05
0.000619530027048679	0.000525179864675257	0.0967920338361587	0.869992963386089	0.00978135725461696	0.000269623189716571	0.00702613511366165	0.0149755702177465	1.76071102869592e-05
0.00640626588152699	0.0132916697056604	0.074498123272612	0.883962865034841	0.0122301173543085	0.00641143532617997	0.00296312902352383	0.000118958561959358	0.000117435839387758
6.44380323310267e-05	0.000942619218040138	0.0889496721782419	0.88199749955216	0.00890301933350063	0.00513994876266233	0.00344080663242857	0.0104564391993774	0.000105557091257761
0.0305479648938362	0.014909588562405	0.0694937612569815	0.866815747176111	0.00874854939015283	0.00554557084088408	0.00380897669517315	0.00010613821473272	2.37029697230363e-05
0.000449146496017872	0.00213882003871272	0.0770691248559878	0.892362126973346	0.0116703532795506	0.0110345526239708	0.00210464765290197	2.52887088641279e-05	0.00314593937064821
0.0040399856373019	0.00611159506984751	0.0780933701524208	0.885305316470991	0.0129078633558154	0.00758097133309177	0.00280710579182805	0.00169058211547814	0.00146321007322549
0.00189578325658261	0.00133231875703223	0.0832217158351778	0.890963818314373	0.0107074014565522	0.00641504626563924	0.00349484059551713	0.0002284829632071	0.00174059255591939
4.97012396638596e-05	0.000181522362043587	0.0836038284021893	0.881746970521745	0.0138241062942942	0.0129900820655921	0.00403617494189922	0.000936224577862731	0.0026313895947097
3.86013865073833e-05	0.000771159636465527	0.0780165238882174	0.892375577551764	0.0108977552902516	0.0141793961589612	0.00280610994851257	0.000247054763513909	0.00066782137580667
7.29308899484573e-05	0.00493516131906754	0.0676250967600413	0.888882894166436	0.0148964930531543	0.000521271835532645	0.00362423871413955	0.0109911294760859	0.00845078378559398
0.003855342843474	0.0116623784539226	0.0824697120863347	0.884887122286368	0.0083827596381622	0.00104719934029343	0.0038788245062313	0.00367814655007118	0.000138514295142673
1.53762590072739e-05	0.00190774775074093	0.077517014018798	0.887931422560453	0.0123094725548866	0.00830982913467754	0.00566010283916234	0.00632034750785897	2.86873744153985e-05
0.00383742737287076	0.0124637144616003	0.0739004915376555	0.890045963252342	0.00966246759307159	0.00557602308349598	0.00336607975118743	0.000610372166711177	0.000537460781065693
0.000803918274978062	0.0015178823028873	0.0903809383089299	0.877148553092024	0.0165802424174299	0.000668003715424904	0.00309696748103994	0.00972439928683512	7.90951204508334e-05
2.72476629395908e-05	9.87495351936649e-05	0.0862466419644393	0.877938840590676	0.00985840589468653	0.000226153737551046	0.00526850453225704	0.0199960778136274	0.000339378268629489
2.42559361428371e-05	0.000396879780285334	0.0904395532425661	0.882006844036405	0.0115443450951583	0.000588368697344255	0.003330635611223	0.0105207112641898	0.00114840633668593
2.27673657509871e-05	0.000195022009095275	0.0827680115874226	0.882292106948164	0.0135191534056314	0.0100418231985921	0.00320347840714853	0.00449972371040084	0.00345791336779414
0.000255598353579679	0.00335447315422657	0.0846559448311516	0.889252929672425	0.00859740405605799	0.00474971180016152	0.0038627659759018	0.00438232202632955	0.000888850130165936
0.000106373428055474	0.0029266160899801	0.0829049566773078	0.887791584698373	0.0140563893168154	0.0069358082605682	0.00279456640468268	0.00247065343855887	1.30516856579489e-05
0.000152897660366605	0.000193527706359746	0.0831976306464324	0.883647407933796	0.0170373217599457	0.0123288959501843	0.00280684632648329	0.00061730606876511	1.8165947667486e-05
0.000348590039109915	0.000226612067794893	0.0735714898776003	0.877851772722884	0.0239299983936885	0.0187927172453486	0.00258017325442235	0.000564230995596489	0.0021344154035553
0.00642109137885336	0.0032831432296644	0.0738152874595603	0.888826699377215	0.0138145110172287	0.011774329504901	0.00167013370697747	0.000304434061705138	9.03702638944984e-05
0.000466951059439998	0.00512397773038773	0.0811097623633761	0.887778337635769	0.00808548927413583	0.00129011993725213	0.00343413052062954	0.00130215988956731	0.0114090715894425
0.0147254759712234	0.000298628330792705	0.0691372227010691	0.877699219539637	0.0191541271089239	0.0108523781153105	0.00340747040090042	0.00426224555642062	0.000463232275722107
0.000124423277812005	0.0195817597388726	0.0714214408927127	0.886638781822265	0.00913094825242917	0.00111743968728475	0.00328598960994355	0.00178298203563807	0.00691623468304182
0.00280551032297347	0.00247216989686892	0.0751718447639412	0.883218951522893	0.0147762429329331	0.011461518588463	0.00274528152341029	0.00297805442506002	0.00437042602345731
0.00519830238620287	0.00540435953480128	0.0833811664493748	0.869469230222891	0.0118983531693452	0.00260404985792409	0.00320355873264677	0.00833231434268451	0.0105086653041299
5.23079121943284e-05	0.000997315726784466	0.0719196728202903	0.885194796079599	0.0234138879188489	0.00741866314151333	0.00347487812105422	0.0052177535706562	0.00231072470905862
1.23686270618307e-05	0.00254058267005394	0.0837886139036563	0.892913025477483	0.0071111463355788	0.00902256806081567	0.00286564393318021	0.00154919046902626	0.000196860523143753
0.000973788809916012	0.00518134712719057	0.0817823392219833	0.890505517120235	0.0157774922026532	0.000975101982857799	0.00300183095226098	0.00108781674056529	0.000714765842337588
0.0013589716292044	0.00545120335808984	0.0870049524248528	0.886041290052417	0.0121563308564845	0.00418388518965018	0.00286013916864002	0.000862176074894178	8.10512457666171e-05
0.000179916105370945	0.000934615518314163	0.0903502284016315	0.865073019428702	0.0260549671846636	0.0101796374898733	0.00428767987336827	0.00266573488981996	0.000274201108256295
0.001553235844399	0.0021098258831384	0.0788804437648501	0.894180160394848	0.0120337992668792	0.00830764873369156	0.00264380947949933	0.00014775883274588	0.000143317799948381
0.000420387856607187	0.000574312512047677	0.0797761330250754	0.883790113450682	0.0168487397536285	0.0104765181455935	0.0040444479751698	0.000504132071218161	0.00356521520997792
0.000133588527153822	0.0127093290157885	0.0834316243506985	0.881595499291573	0.0109060886594912	0.000266563527886466	0.00489104846045547	0.00192125263036574	0.00414500553658725
8.32734265859847e-06	0.0283758619931869	0.0812224332179925	0.877522804709325	0.00787110072205463	0.000397316388265116	0.0038819333378379	0.000374497606610102	0.000345724682068854
0.000339780570791795	0.00582959517016408	0.0777361782467179	0.896671951973004	0.00996635865745357	0.00397795373941827	0.00281937104288898	0.00178756134635837	0.00087124925320302
0.000264655511889633	0.000457265526898598	0.0896686702868675	0.891330587171956	0.00468852991157363	0.0103950913793353	0.00281468844239154	0.000268977444031759	0.000111534325055611
9.33848346255286e-05	0.00332677456808706	0.075862928014859	0.895465940610109	0.013186046163613	0.00673934824717148	0.00268996022930032	0.00110452597436208	0.00153109135787274
0.00615400837821928	0.000290522107288572	0.0822475199845518	0.878615339109568	0.00983898440094794	0.0134406486682028	0.00317552558717835	0.00211706691341084	0.00412038485063226
0.000279262656718515	0.0181183275141463	0.0827416716229055	0.875942415524011	0.0110499203060081	0.00649828407927079	0.00330738442024011	0.00135621611523781	0.000706517761461922
0.000925722878888377	0.0019679075881087	0.0724177516301404	0.896443279888484	0.0179157125303181	0.0057516086015423	0.00159080349792135	0.00235319460943184	0.000634018775165347
0.0016012873329308	0.012396629099639	0.0750242275911557	0.89109567048031	0.00892476711781692	0.00676818829304711	0.00330634176521366	0.000139325145984801	0.000743563173901496
0.000626438900955122	0.00822134577785437	0.0967752127564461	0.875100481626003	0.00833181851399856	0.00191697528324808	0.00546414011097475	0.00259071794838644	0.000972869082133618
0.00789982183250337	0.00196004523309131	0.0674605397677592	0.885007075242258	0.0151479184899307	0.0149820602490604	0.00498181143934783	0.000495825774830196	0.00206490197121931
8.08327328355262e-05	0.000855489895788178	0.0859701002287203	0.876789746840017	0.0143114600144868	0.0111001515676269	0.00353768311694223	0.0056401452125853	0.0017143903909975
0.00216974255869529	0.0208860162352936	0.0801553856758659	0.871012314320577	0.0172933005881876	0.00214642242406966	0.004833743366156	0.00129748442090682	0.00020559041024824
2.23913939501923e-05	0.00987874146682007	0.0786116727131434	0.893120521766773	0.0114645819961034	0.000719145802222082	0.003749473359741	0.00237654946552139	5.69220357251736e-05
6.59226173256852e-05	0.000694981284400709	0.0752204683432317	0.887877773770455	0.013351461745154	0.0152286524557847	0.00320299406641551	0.00432440953167914	3.33361855539047e-05
0.000537936426699693	0.000316462587152727	0.0777114264312983	0.882955585017585	0.0173804328470598	0.0177172612879311	0.00309352417830586	0.000270981200196377	1.63900237717081e-05
0.0011457522600377	0.014077955025999	0.0853675241345371	0.882698170005494	0.00905967116031716	0.00187478204980476	0.0040445104183507	0.000315105593083612	0.00141652935237615
0.00143632719253535	0.00186982591844186	0.0824814600833601	0.876696878400539	0.0183013213133572	0.0113681623809255	0.00469833357413225	0.00304182416487663	0.000105866971832149
0.00109822171551581	0.00679331834325963	0.0756835901111529	0.895680978838498	0.0137233750085361	0.00111117544498027	0.00223274660712166	0.00349215729691111	0.000184436634024933
3.54448339125355e-05	0.0146400160501357	0.0790729984004154	0.885355258913674	0.0167415491472788	0.000600612038772469	0.00330925963175044	0.000100545033493747	0.000144315950567373
0.000235146319133506	0.000253939826894275	0.0716657282340402	0.887333255554577	0.0178541531594456	0.0131719788917628	0.00301282957854708	0.00645305480471411	1.99136308851295e-05
5.27639735470964e-05	0.00101533305226401	0.0752206015739422	0.892294787992999	0.0100888617213326	0.0134795813588471	0.00231681885201752	0.0037208560706391	0.00181039540441175
0.00188219219761645	0.0165843068697249	0.0821471594096605	0.885505928602764	0.00914461776831351	0.000406266025723937	0.00356969295479103	0.000300364926755703	0.000459471244650396
0.000353244970863819	0.00265106116991742	0.0751450408989571	0.896618275232242	0.009691037986623	0.00990281073542064	0.00280533171732526	0.00145529805050182	0.00137789923814898
1.17044802817592e-05	0.000163547816930496	0.0811179009517657	0.890095939916663	0.0115522030794562	0.00537012007481191	0.00366866145602003	0.00800071232598013	1.92098980908083e-05
0.00738731429608939	0.00290654032088787	0.0734375419712937	0.887855843160936	0.0131400798776494	0.00876740502270188	0.00291376027908248	0.0010629981991664	0.00252851687219277
0.000752795094849768	0.00198271079800346	0.071510916731246	0.899131409834083	0.0111509056511334	0.00014387183859495	0.0035764776805754	0.0117235676837108	2.73446878032837e-05
0.00252263773853628	0.00753457720677433	0.08088054822152	0.883362758416524	0.0159677558702715	0.00525429753893773	0.00363474905755057	0.00038302719457122	0.000459648755314333
0.000759844853437934	0.0351320455086595	0.0876366440196383	0.854931411979882	0.0130476033353742	0.000266049221626794	0.00735265905390061	0.000752336147414113	0.000121405880067053
0.00171544560460768	0.00907984536503796	0.0697497568476454	0.893716487836203	0.0114387325091244	0.00762188949128339	0.00421787803478252	0.00019317515236448	0.00226678915895117
0.00258308522542637	0.000619963489363927	0.0729761454272934	0.874091130467729	0.0255452672636937	0.0117723817571378	0.00367296928751952	0.00869706061251725	4.19964693187351e-05
0.000361952901609025	0.00604902142877661	0.0753511402614065	0.888413160856019	0.0164781988076626	0.00993832695055598	0.00261963674709565	0.000628222746912227	0.000160339299962159
0.00929848636192804	0.000295802133186525	0.0730504191941217	0.885399123123429	0.0202162081296944	0.00823116477171491	0.00260363641213354	0.000862977919984085	4.21819538081244e-05
8.61446083191936e-05	0.00394184899255059	0.0724338124122382	0.886186982545324	0.0182915431084072	0.0152604593717064	0.0031114325244751	8.99925660450437e-05	0.000597783870933658
0.00561890064268937	0.00871860240488743	0.072503531502084	0.891253566501772	0.0152143700885489	0.000446208998043472	0.00536109572552036	0.000821062970972336	6.26611654823551e-05
0.00162592771452377	0.000135647044431742	0.0763594759215831	0.884085064850254	0.0230646835619628	0.0021733554882173	0.00349284161132571	0.00884071906573739	0.000222284741964035
0.0110009841455417	0.00321297396867303	0.0710062430008088	0.876048803214749	0.0127191574503866	0.0200710470369751	0.00277988044443814	0.00212833062455924	0.00103258011386855
0.000541980282094147	0.00232575517490836	0.0772250935467492	0.884378663035985	0.0116849811349883	0.0104724933565921	0.00261058195835951	0.000143093790213629	0.0106173577201098
0.010327436162482	0.00124474367163956	0.0777781844786758	0.867120174113038	0.0159194880884095	0.0147258856009311	0.00614250592709482	0.00567084252412321	0.00107073943360579
0.0026098870415617	0.000139647709382603	0.0772408400804842	0.876221241816291	0.0184452649834694	0.00783722357326185	0.00455456235240645	0.0117049986446255	0.00124633379851708
2.55547827830643e-05	7.51121332930264e-05	0.097583461932069	0.865613377696671	0.00708962207052646	5.45466435726366e-05	0.00325451640562304	0.0254471143795046	0.00085669395595697
0.00199577991698713	0.000109484566305777	0.0839242212009445	0.870620150263017	0.0242737672628222	0.00473618359602317	0.00346826193753889	0.00760879934179626	0.00326335191456495
0.000117525783447624	0.00241758070470066	0.0749099961390351	0.876839054587235	0.0230501964865674	0.0161639408464908	0.00353092537527618	0.000171528552494438	0.00279925152475245
1.70540091608142e-05	0.00553586743573431	0.0868025338610064	0.889640115477001	0.00807541039572404	0.00638336030438019	0.0024312124578153	0.000737043655290526	0.000377402403887546
0.000310083407404569	0.00268780003544087	0.0861713040291657	0.883227186042672	0.00918785161835752	0.0151950900726762	0.00235527270435807	0.000545668101943619	0.000319743987981313
0.000495452352499685	0.0015266386809103	0.0802277196585201	0.883442572525882	0.0121296224603714	0.0149479100986356	0.00396391004750723	0.000125641008221408	0.00314053316745202
0.00252910146023059	0.000226965506451769	0.0713510718951311	0.899176766797744	0.0103143043870347	0.011232659809127	0.00366854456916052	0.00108076649966533	0.000419819075455351
0.00505707667802685	0.00986740778726315	0.0755921604160233	0.885016825545476	0.0166010373498272	0.000597192755596411	0.00463541601067943	0.00246070707071566	0.000172176386392123
0.000291564952533976	0.00139856448603135	0.0769566106975509	0.886974563647301	0.0150556645865798	0.00105071127437151	0.00405789526728987	0.013979077563696	0.00023534752464524
9.34751235414325e-05	0.00665691846085022	0.0778884538179321	0.886320997839622	0.0134408886773957	0.0113770410455798	0.00297438891190554	0.000512017283879643	0.000735818839293826
0.000189913567991991	0.00121688153194539	0.0781918965557045	0.885833677432515	0.0115295987427919	0.0189951621904993	0.00325780877930916	0.000209991505825101	0.000575069693417933
0.00034411006236492	0.0115168406119261	0.0771822935815156	0.892960978306214	0.0109259068892526	0.000890805236614761	0.00292691754480052	0.00322140655967743	3.07412076339881e-05
0.000320152166777431	0.00558694852832767	0.0743147760828072	0.8909770475318	0.0166918698487993	0.00610120185560301	0.00368100201273704	0.000676712825208675	0.00165028914793933
1.38828100248312e-05	0.00638714693812513	0.0768956773691482	0.903122464337855	0.00705841636158947	0.00228110491490573	0.00305713069686679	0.00108728991188335	9.68866596015074e-05
0.000719954037120325	0.00136944868612195	0.0798311870586767	0.885481483150428	0.0197061986712938	0.0105320964028569	0.0013654836257341	0.000888033431971969	0.000106114935795785
