Bcells	CentralVeinEndothelialcells	Cholangiocytes	Hepatocytes	Kupffercells	LSECs	Mesothelialcells	PortalVeinEndothelialcells	Tcells
0.00169757658954911	0.0169918629384377	0.00773614746076748	0.934439492426655	0.0191932210417245	0.0107083592500189	0.00143091813190197	0.00654064234399127	0.00126177981695437
8.7277886477095e-05	0.00304100033829572	0.00872132598318704	0.920329242275711	0.0309074345955453	0.0226860249309157	0.00165711394289928	0.00314536854773327	0.00942521149923608
0.000657354885248158	0.00117115172978515	0.00911328293592564	0.936259582677092	0.0177441962826472	0.0219472768001821	0.000491574380754216	0.0120088349755495	0.000606745332815741
0.000486619604539256	0.000205462165993587	0.0081193816881086	0.939767213124795	0.0167682282750742	0.012325625446342	9.96012851754845e-05	0.0208563573507733	0.00137151105919912
9.65901784387608e-05	0.0275715031873994	0.00876246207290475	0.924199680277519	0.0228170576551569	0.000780099267537425	0.000320912632073622	0.0153871711174916	6.45236114785817e-05
3.75586297429313e-05	0.000611080063317222	0.0101007275240689	0.93853473506833	0.0294280354452827	0.0192555611228222	0.000113645847657214	0.00143858168334131	0.000480074615438123
0.000687738274554362	0.00323561590672167	0.0118414023946616	0.91593582108535	0.0224957700386641	0.0234556158314271	0.00151469929781764	0.0132929496510974	0.00754038751970631
3.51375214925316e-05	0.000713022403181967	0.0108346825225352	0.927499576474776	0.0247664207896657	0.0292098151688662	1.43860199446866e-05	0.00429157581882449	0.00263538328071353
9.33396407346035e-05	0.0150176624030602	0.00810535600364295	0.934476234860321	0.0185012182464372	0.00824936324310675	0.000975823310826069	0.013853545247029	0.000727457044841839
0.00169440630643116	0.0032676690362174	0.0106552958684277	0.930888107791239	0.0204369498507287	0.0284827549488618	0.000599539979530687	0.00146399594113122	0.00251128027743193
0.000397378795446243	0.0161428384859847	0.0093228110354156	0.943355514808082	0.0168710968294852	0.00692399271815084	0.00139330389534999	0.00268512123146696	0.00290794220061859
0.000225535846816549	0.00421114582554826	0.0141476765155347	0.93022216531122	0.0251452586912809	0.0202567047775532	0.000983599810549163	0.00371433048967121	0.00109358273182581
4.19898045574744e-05	0.00308094896579115	0.00851443981011197	0.936159075837208	0.0216837446516293	0.0207884800545314	0.00110570509682901	0.00750883551103914	0.00111678026830293
3.59296699933929e-05	0.00116098625440239	0.0111607600461483	0.936806672507933	0.0280118125305768	0.0114437694039824	0.00104274111860247	0.0101311942778511	0.000206134190509731
3.42023146816612e-05	0.000516063450287028	0.0108939919956832	0.93505662854356	0.0264018408500154	0.00387728251262704	0.000735239853551126	0.0224534675771132	3.12829024812026e-05
0.000199997467410722	0.0226487027039149	0.0114318260284197	0.943718399993728	0.0138305229021539	0.00404964830464763	0.000116959898009839	0.000917188682032936	0.00308675401968223
0.00535505569902483	0.00709065909196928	0.00879970592789897	0.923329680903508	0.0200016640299022	0.0284633860733817	0.000384495579336541	0.00343163136828319	0.00314372132669586
0.000164184617199691	0.0344821872962296	0.0100094173722887	0.924123179783502	0.0166094836798806	0.00579081115892598	0.00194625740734415	0.00511821672975304	0.00175626195487609
0.00962154468172127	0.0186608999609975	0.00781953568094148	0.921163582665539	0.019996196549433	0.0208528385779293	0.00127367786995843	0.000566556711139539	4.51673023406868e-05
3.78703469049105e-05	0.000200527812999316	0.0102187504193843	0.935682157790254	0.0236439857945258	0.0275468991546697	0.000168222460819885	0.000506210569868447	0.00199537565057361
0.00157118313197806	0.000240359146816882	0.00745500052244355	0.929351451828753	0.034751128596214	0.0158592975323285	0.000561552795761761	0.0101329908390128	7.7035606691523e-05
5.50465722339439e-05	0.00385328979264229	0.0101605741257485	0.932275329398348	0.0286278701756146	0.0207520999472784	0.00106049406600814	0.00208572774807031	0.00112956817405611
0.0060680047844591	0.00141759657787405	0.0112721139703097	0.939601591808501	0.00958713868896849	0.028268169443606	0.000292806979877699	0.00202258913529323	0.0014699886111114
0.000368076262425022	0.00112335419183168	0.00882161336448638	0.934572765932164	0.0273144885824827	0.0209366955101194	0.000494769418323158	0.00603059485365143	0.000337641884516199
2.34115113371008e-05	0.00532568132738572	0.0196210924424252	0.925837820292631	0.0142308047606982	0.00777434078715403	0.00183403854014068	0.0250182733623927	0.00033453697583531
0.00169840388653263	0.00535546417495997	0.00889775738797165	0.939637400681086	0.0143376148356269	0.0218298804337719	0.00038965892900813	0.00289160618349359	0.00496221348754972
0.00274924607991972	0.0101488532315232	0.012453159240693	0.93485388657641	0.0222819492971182	0.000956318670661949	0.0014095142147506	0.0143827680921591	0.000764304596764522
0.00779047441602587	0.00957145530971973	0.00795104709625227	0.934484283137435	0.0140052587482919	0.0204615319685968	0.000678957268678081	0.00264263278168928	0.00241435927331157
1.00553521893317e-05	0.000859452081950354	0.0105363869005559	0.945286677598403	0.0194886684797589	0.0200810862079998	0.000701395024018317	0.00262491300612621	0.000411365348998509
0.00035054651693541	0.000326728635051226	0.0110823179759139	0.930208022848199	0.0143212856798153	0.0280915988084317	0.000315319377411218	0.00896369538508525	0.00634048477315678
0.000341295639361086	0.000449720800161654	0.0101959960592418	0.936966376806067	0.0210621446323949	0.0165350286168821	7.23267520642755e-05	0.0105475440744076	0.00382956661942006
0.00102100420263946	0.00305218531054213	0.0163813784485821	0.926977900658317	0.0226834981398069	0.00729898968670515	0.000958328239230129	0.0211234040600781	0.000503311254099026
2.19026615918328e-05	0.00101078273227379	0.00947270123745628	0.94883422874604	0.0249128493775988	0.0104520420830865	0.000133754138707667	0.00480530621524053	0.000356432808004428
0.00844797098211812	0.000457334386420801	0.00950691649510511	0.938674408092694	0.0147530555694098	0.021189550295667	0.00016588598807197	0.00647373730090338	0.000331140889609537
4.02351523025224e-05	0.0174098486809276	0.00383401756577526	0.929420701825926	0.0236112937405844	0.0191301867100496	0.000584721805474739	0.00132470169449996	0.00464429282446003
0.000573348692546175	0.00974420817978129	0.0090948282867264	0.941213107457949	0.0217601562010038	0.0143719039803725	0.00022923205466218	0.000519275800118321	0.00249393934684014
0.00100725055430244	0.00281498779868573	0.00962468292255274	0.935452151059149	0.0251090309745795	0.0153139720653964	9.78343237724173e-05	0.0103490868091587	0.000231003492403563
0.00622478053987042	0.0220349728002142	0.00571934621099988	0.92100674007242	0.0300079420052606	0.0096476288523513	0.000539118832403198	0.00430944336072578	0.000510027325754549
0.00379674961400211	0.0047107309107468	0.00670620407548208	0.948887143640012	0.0116863828415559	0.0177226023283066	0.000578112621758258	0.00142230550339146	0.00448976846474491
0.00110657370082648	0.00125100336195801	0.0121555870097975	0.945893920444283	0.0204359982465129	0.0135998931881447	0.000201139623561374	0.00521376771587171	0.000142116709044461
4.37287286017182e-05	0.000215904207676172	0.0108275890858782	0.935859124644978	0.0268457915727039	0.0170559646297169	0.000247719533325314	0.00379318459764202	0.00511099299947792
0.00171936959847558	0.0164474062747518	0.00866796286078174	0.938525438730121	0.0179841780830175	0.00870475565870894	0.000715463054895188	0.00556313162774082	0.00167229411150755
0.00172865025329748	0.000578082510967366	0.00820596690073162	0.939808070845448	0.0180744839962257	0.028866987044539	0.000189845477133882	0.00229999580933678	0.000247917162319984
0.00561811577913406	0.000164014292085042	0.0118145124462077	0.93050903761604	0.019561568126475	0.0298651814489393	0.00129270879072271	0.00088049371163254	0.0002943677887638
0.0104883696764848	0.00373641360791917	0.0106416106708153	0.932765953149452	0.0208113104933902	0.0177818709736809	0.000225580556077384	0.00127978271282777	0.00226910815935234
0.00153250396293671	0.00324308795636053	0.00867865378113437	0.93897917524597	0.0162581735019046	0.0197271681015305	3.65546342827217e-05	0.000612873671793144	0.0109318091440875
6.14263728143275e-05	0.000529605997181447	0.0117296090576224	0.937179832920584	0.0228012048570519	0.0113654013225892	0.000279984235614859	0.0109849113373086	0.00506802389923328
0.00744827319908702	0.00908915069589128	0.00793166723239675	0.939246447640756	0.0161157381764635	0.0151276838196648	0.000839350377526613	0.000982582931302637	0.00321910592691164
9.85495126597688e-05	0.00082696647075141	0.0113060582491049	0.948217404056103	0.0140666027971973	0.00917803702426566	0.000231106623052306	0.0160382413670182	3.70338998473069e-05
4.81879929475929e-05	0.00208064012999282	0.00845673443181677	0.929476414466061	0.0294283486604631	0.0252709606386714	0.000791885452090499	0.00244016103312748	0.00200666719482964
0.00604677704148123	0.0128538800617776	0.00865173405474469	0.934696241895308	0.0185332257023303	0.0104332976388836	0.0016635277080083	0.00317718403011475	0.00394413186735143
0.00175603951086193	0.00844205513781294	0.00944335780780632	0.934590228530639	0.0182181364635183	0.0237133543716229	0.000502665775899257	0.0018064587735498	0.00152770362829004
0.00291011404524069	0.00424068527486907	0.0096980579750234	0.946401039390111	0.0177873303569911	0.00913012296497904	0.000204677398728061	0.0083131003695859	0.0013148722244722
3.66889190628573e-05	0.000196598979956529	0.0109050973647522	0.943758799929754	0.0187036917318841	0.0200660592006443	0.00064817284689564	0.00541957268738763	0.000265318339662523
3.63846278588741e-05	0.00418587363753613	0.00489447895625977	0.930203379444552	0.0141611235873617	0.0381193185545014	0.000673695915652415	0.00665046463748166	0.00107528063879557
0.00100019215208686	0.0121085485895723	0.00867883723894829	0.938049140435121	0.0183072627747766	0.0174707283905844	0.000969459357502512	0.00274494285609446	0.000670888205313186
0.00805335800214552	0.00508148132352255	0.00719622554608485	0.932531255452	0.0181514194031597	0.0267177912453858	0.00018740472096748	0.000889087920796814	0.0011919763859373
4.20065371385947e-05	0.0188602851951339	0.00997677773850069	0.946485835983777	0.00856797562067227	0.0033456265255343	0.000527017275963045	0.0089452666267377	0.00324920849654255
0.00345558951567935	0.00650929785341407	0.00951996360928775	0.939948615489591	0.0181648551510742	0.0167931215407354	0.000187487742395912	0.003708131894133	0.00171293720368987
0.000229884665536727	0.0185766453462208	0.00710490065406011	0.94124720608356	0.0118473864079855	0.00988287473242241	3.58641155852583e-05	0.0031955076279751	0.00787973036665433
0.00406563059779529	0.0104492615173492	0.00939104975988267	0.923943903169972	0.0265084741674443	0.0138625236924757	0.000613417022442439	0.0107136119792937	0.000452128093345067
0.00116460549965779	0.00440994888544529	0.00979908151649866	0.944296479759815	0.0222170626433373	0.00114912547892525	5.6637093052828e-05	0.0153192074123108	0.00158785171095699
0.00322314520936049	0.000281383147211717	0.0122678034454714	0.945944984255498	0.0109937592366248	0.0139020249500287	0.000764627629007559	0.0118144352359287	0.000807836890869054
6.19968665700937e-05	0.00562079933114792	0.00964650673839099	0.929305021582787	0.0309632492565293	0.00663170164264881	7.26214903272017e-05	0.0163929843697923	0.00130511872180592
0.00902611072778831	0.00255004754570181	0.0083334707976667	0.941479585139015	0.0128614066414066	0.0189157345152986	0.00142988572980022	0.00521815291421013	0.000185605989112129
0.000337845934993902	0.00626696980093561	0.0111334823031066	0.928877922696222	0.0247409986545479	0.023960234793624	0.00130508870553741	0.000251744689066025	0.00312571242196649
0.00162888072949227	0.00038209022751073	0.00950462514083254	0.939834834232952	0.0149663458419912	0.0200513871839172	0.000466316133730688	0.012137769749243	0.00102775076033063
0.00308123723640895	0.00782961669127323	0.00745269620756523	0.947456956298084	0.0175459553412196	0.0142297023256487	0.00086570028102768	0.000689585945220888	0.000848549673551774
0.00306659536360545	0.0115043915652626	0.0113586721934338	0.930013345190907	0.0168727817351082	0.0170436941905291	0.000684847176192022	0.0051898004115039	0.00426587217345831
8.16340339611279e-05	0.0184460703741469	0.0288382966386067	0.91104844792205	0.0137133138004047	0.000913938303984537	0.00378921128256277	0.0230926191668904	7.64684773929241e-05
3.7534461374781e-05	0.000914729031096326	0.00925070577464111	0.931229010702369	0.024549856533523	0.0258442442483028	0.00112177464239087	0.000300940492951967	0.00675120411335019
6.09150846923452e-05	0.00934266850007611	0.00779574408923816	0.928819148305216	0.0193763661323391	0.0262713992787903	0.000726680342197748	0.0010173509654798	0.00658972730197055
0.00017779292092025	0.0212051612151196	0.00655802994851941	0.924702237498881	0.0180968095197291	0.0183143180183382	0.00123661664149348	0.000948493510101074	0.00876054072689827
5.89193774318068e-05	0.00231669534303828	0.0165566171849192	0.931428447968447	0.0243171027029545	0.00120486947842065	0.000685329358187781	0.0232396576069439	0.000192360979656002
0.00145307259929147	0.014751849640568	0.00833144041671201	0.932319914467404	0.0209017130869939	0.0212147478838474	0.000398160985053089	0.000495589666934703	0.00013351125319514
0.000473740817020488	0.00331915127942598	0.00820077704186806	0.929625065180842	0.0372813693214167	0.0129310962365712	0.000420257874229003	0.00770709287014418	4.14493784829545e-05
0.00566929375997864	0.00464136446415958	0.0148637110861778	0.927468650205091	0.0180833155190436	0.0204203493243794	0.0017044136621239	0.0065275787191297	0.000621323259916599
2.11942888196504e-05	0.00850195156426497	0.0112804224314031	0.938395982367686	0.0230757032608514	0.00135597269030105	0.000326831933118397	0.00612264456226329	0.0109192969012921
0.000331524655865663	0.0135261632042161	0.00395206809358263	0.937885710603464	0.0269257246476444	0.00738982726892422	2.37137620765927e-05	0.00563371874622672	0.00433154901800028
9.46414515972671e-05	0.000219953507429644	0.019631981544021	0.924711949068753	0.0129276259445851	0.0149929915529696	0.00140664891538017	0.0255040702439744	0.000510137771289434
0.000352944182038695	0.0203345989288902	0.00892594212021872	0.925129091345043	0.0215379075640787	0.0209656958555274	0.00154922366987279	0.000261140218696731	0.000943456115634131
0.000429623802095771	0.000138730243088718	0.00926544244984794	0.951455110944914	0.0137310447738402	0.0198161834450269	0.000478303135315868	0.00340694177308251	0.00127861943278852
0.009446524748502	0.0382437678380965	0.00928299569637688	0.909337352998501	0.0164360285959246	0.00813442435904807	0.00177822547758122	0.00272460768094629	0.0046160726050229
0.000328779379757411	0.000416446602751435	0.0117237933163273	0.946683343512164	0.0236187443534996	0.0166671724000219	3.9149064449622e-05	0.000219817723869867	0.00030275364715889
4.52533421817739e-05	0.000386122032649072	0.00699061741404194	0.935984161120378	0.0317092225768704	0.0144835451435842	0.000105695445151728	0.00973458554151822	0.000560797383624804
0.00162827405651465	0.00871188856031882	0.0077790421288216	0.935290425392956	0.0248100310831079	0.00340621729354703	0.00111591506173185	0.0145598776379582	0.00269832878504419
3.76148477620104e-05	0.00521179594872407	0.00782954801390609	0.948444588739011	0.0194492768330044	0.0089266002948133	0.000361186430409123	0.00519439028703189	0.00454499860533783
4.05639978925093e-05	0.00189811945050848	0.0113164531525819	0.936863872694835	0.0150106978569528	0.0135873392180694	0.000159825152918937	0.0210265866195117	9.65418567296842e-05
0.00167954002441576	0.0176884430948464	0.00677045821912011	0.943125647157852	0.0107289381849987	0.0181439088982681	0.000709618041810204	0.000745137243798095	0.000408309134890869
0.00258049086222291	0.00231518887159499	0.0111813252063279	0.951237150329087	0.0133459577920791	0.0124228616945089	0.000158341493641038	0.00638829772091978	0.00037038602961886
0.000230248254773904	0.00325360941221424	0.00985468227737371	0.936230439773182	0.0223395612878714	0.022438626527637	0.000682811726157955	0.00439881596396092	0.000571204776828675
2.92034936037078e-05	0.00384990252380822	0.00630810136825816	0.934922772351884	0.0157317588968441	0.0342737654748796	0.000236726047925924	0.000183507236397675	0.00446426260639875
9.6008350335239e-05	0.00643526046959963	0.00536270963007889	0.916268000357364	0.0227439334090654	0.0308067287692188	0.000773732849103796	0.00988047947901622	0.00763314668621754
5.06343628361007e-05	0.00408121666787869	0.0115177701424591	0.944468099983946	0.0213017807666782	0.0175836899738561	0.000393567645295162	0.000389909349109119	0.000213331107941907
0.00365769663428239	0.0222764823542071	0.0111828019519838	0.941624735448825	0.0147360061594432	0.00414900131721819	0.000438160068004984	0.00044324053878051	0.00149187552725514
3.73214508281084e-05	0.00564287149820341	0.0199274930805011	0.9178945168439	0.0185401325536137	0.0096417354072269	0.00406680317186357	0.0159865916207805	0.00826253437308234
0.00543055381254802	0.0211634804349768	0.00831055612552251	0.925264827199025	0.0164041446432732	0.0210935896886821	0.0008965765115692	0.000901292983671598	0.000534978600731651
0.00841713625211711	0.00609138960210996	0.0104760427762537	0.914795880051736	0.0268263878910419	0.0240111576076999	0.00125934705108931	0.00639380105471895	0.00172885771323276
0.0002547768022951	0.000271733545755815	0.0116861183125302	0.931409697295487	0.0240835386381487	0.0238191134462325	0.000423026278266831	0.00774170348823344	0.000310292193050483
0.00434167381500109	0.0116458351451054	0.00845695108553002	0.938616534091336	0.0130361892019545	0.0200637943495952	0.00126066385476623	0.00240148478916706	0.000176873667544518
9.17510126999223e-05	0.00901082202903087	0.0128952217321175	0.944031286607911	0.0233001527024196	0.0020673690462891	1.72420822603147e-05	0.00850489970999568	8.12550772764775e-05
0.00157546279163042	0.000815407524254754	0.00844644073360918	0.92802013773009	0.0290137746842139	0.0301278460331631	0.00030083404145618	0.00146686311265176	0.000233233348930819
1.93336355348016e-05	0.000150957176576754	0.0132352160491223	0.942343780798733	0.0226296763187685	0.00660186005646459	0.000110631606266586	0.014825655902533	8.28884560005222e-05
0.002580001983798	0.00252598009601863	0.0211309192589688	0.883657304139522	0.0279367333201098	0.00405409441238982	0.00165678755054516	0.0437273924109714	0.0127307868276761
4.92300668816363e-05	0.00100580364830722	0.0088805161288744	0.937418640593304	0.0249077774480988	0.0108363560250983	7.0209063301563e-05	0.0164746359859367	0.000356831040197884
2.75134321001212e-05	0.000457920405051153	0.00892368174423964	0.919054202883371	0.0446913092743523	0.0179647736464614	0.00047503568980195	0.00836239489310265	4.31680315201313e-05
3.14365635169749e-05	0.00983181865594812	0.0114640502672419	0.947303827239584	0.0152711385481484	0.00139961565642222	5.09403872595485e-05	0.0103119917636561	0.00433518091822321
0.000120074565869015	0.000590820100949851	0.0116218570579341	0.93720222975133	0.0298099834692922	0.0102116137474025	0.00100610499731902	0.00708923357613245	0.00234808273377118
0.0021249597152767	0.0165057739727524	0.0068497547872708	0.952161133609898	0.0137477447149675	0.00619211096272331	0.000204592572284153	0.000836498121080645	0.00137743154374666
0.00219456287751365	0.0161475137675119	0.00807052515759723	0.940011701162749	0.0139997418221905	0.0104235625974207	0.000439234993873189	0.00814869411203788	0.000564463509105848
0.0014813541859645	0.00079024498392488	0.0114357573005329	0.937972397749773	0.0181489044010229	0.0176607319101663	0.000592141077687757	0.00558818216519476	0.00633028622573339
6.63850913666985e-05	0.00191116219591495	0.0111982215430096	0.938112898979007	0.022286189384845	0.0203511685681944	0.000787219539482294	0.000946287903149443	0.00434046679503098
0.000211649570125269	0.000571192836837459	0.0139191576211121	0.921057125147059	0.0194395924278242	0.0363769534915395	0.000215056681351593	0.0062382540133459	0.00197101821080505
0.00576396841030176	0.00525507050668297	0.00723455830643818	0.938861377337768	0.0236530567686548	0.0163616259216714	0.000205154913432157	0.00103071910808468	0.00163446872696642
0.00873296231828244	0.00330428014546176	0.00813846117389854	0.937630777529799	0.0222103317789007	0.00867300689897729	0.00116071005736692	0.00793199471571938	0.00221747538159449
0.000236702867767206	0.0136599442521092	0.0117015085149908	0.930304277407557	0.0249066823965457	0.00766920674152519	0.00255331912698101	0.00627369424064854	0.00269466445187524
0.000148102606658928	0.0301661825674115	0.00761055872503466	0.933287598001124	0.0196460791685429	0.00468063101299829	0.00143901550312103	0.00246119244105732	0.000560639974051072
0.00246067390780832	0.0108752011091742	0.00887484045864325	0.927624303410289	0.0318235322801199	0.00289263134281157	8.47875921197538e-05	0.00378283614481517	0.0115811937542187
0.00986199914049545	0.00708592490909482	0.00834231313059234	0.914594800401253	0.0264333402505519	0.0289327525880948	3.28219970057218e-05	0.00283539110426254	0.00188065647864898
0.00237063709411701	0.00936180186643939	0.00792255895682964	0.925944325679127	0.0211815890824195	0.0234426306169053	0.000793855761304899	0.00878787079335661	0.00019473014950034
0.00498358095329891	0.00481361828159214	0.00934531985329151	0.927551384686997	0.0180275726864732	0.0299449827044419	0.000402050487218144	0.00433265425725881	0.000598836089428756
1.95614147453989e-05	0.0317989659974898	0.00791399022659793	0.934286072868159	0.0149876655736448	0.00822798722601517	0.00155348374640701	0.00100827157886734	0.000204001368073771
0.000128406887618298	0.000457001148928835	0.018034325039574	0.928987132538134	0.021927452769928	0.0176880187797126	0.000742485774954522	0.0119769881966686	5.8188864480834e-05
0.000112622116979001	0.00366486234964196	0.00773220995499602	0.947439021317608	0.0182429252364761	0.00898905860559085	0.00019476718521091	0.0131376935644485	0.000486839669048052
0.000271128427107812	0.00398393185555057	0.0117167100605553	0.926574798387938	0.025945675592347	0.00905162972266999	0.00235394643928559	0.016664051856464	0.00343812765808158
0.00152653564471146	0.0139464315082289	0.00853056693203093	0.939318091748042	0.0197597573669939	0.00688793147891349	0.000895776296375928	0.0077278218538707	0.00140708717083254
0.000330943600771456	0.0173798570468147	0.00679815923840479	0.945899655896743	0.0144667381512772	0.00861307831131135	0.00155827695046125	0.000374099280822896	0.00457919152339328
0.00684398942373789	0.0161762590921034	0.012141883339566	0.922594097150243	0.0106844540466692	0.022320609389441	0.000261805752135829	0.00354650750154986	0.00543039430455406
0.0158906594365056	0.0020070243810878	0.00734923283435872	0.903273159266991	0.0301687121970932	0.0155816837867168	0.00175220263165533	0.0174191586273505	0.00655816683824073
0.00189071011322167	0.0011489613247665	0.0114796491010076	0.923468136656161	0.0289104297367693	0.0153671793267605	0.0016870084726856	0.0119295862317385	0.00411833903688958
3.81969951865461e-05	0.0143542242604759	0.00911537374665748	0.930566080494596	0.0212685560182378	0.0241697852446428	0.000183928957681145	0.000239500006649879	6.4354275872613e-05
6.28907719646169e-05	0.00778448466044242	0.0111351665124872	0.930470382914189	0.0288573483749442	0.0120188026539112	0.000435204356617688	0.00339196702506907	0.00584375273037458
2.00276231863126e-05	0.00463027209929156	0.00793474651742548	0.933294194195171	0.0300089260887049	0.0200063328166276	0.000760805252047363	0.00237107151766789	0.000973623889877765
0.000213527163986939	0.00564516045140296	0.00730549976887518	0.940235523862675	0.0269612694966551	0.0158394324929087	0.000168395043417394	0.0010761888373912	0.00255500288268735
0.000371325950298022	0.0202078225530657	0.0146489363505597	0.936118671360496	0.0222854458305799	0.00416418498598442	0.00134453422050507	0.000745535015759663	0.000113543732750893
4.89076361019292e-05	0.0199138539511812	0.0160479936319789	0.935125268710186	0.0198962599763355	0.00628781897482138	0.000371443437230791	0.00222826427127584	8.0189410888406e-05
0.000471973726323562	0.00312252954976669	0.0262241212102027	0.922444896481246	0.0153282887165796	0.00072186158572511	0.00562435691403479	0.0260208477422449	4.1124073877103e-05
0.00629867078247556	0.0142192855985023	0.00998504332713397	0.929823973529082	0.0186900359087387	0.0198482248932998	0.000447538528605244	0.000527223776245754	0.000160003655916794
4.96515534837832e-05	0.00148297719951612	0.0160929372932197	0.937849074812527	0.014100600719409	0.0080719215040475	3.81509399784081e-05	0.0221034947771462	0.000211191200672195
0.0356880352355769	0.00674718367624534	0.00556896252760664	0.907212307550625	0.0138494601137655	0.0298297409038739	0.000636617449950236	0.000395070205977977	7.26223363789808e-05
0.000183124928759231	0.00377732757550023	0.00849834538135969	0.939015582061298	0.0180006048394524	0.0234050352970965	0.000218451284888761	0.000216318472320849	0.00668521015932427
0.0030580520643525	0.00289873148582152	0.00934332209767132	0.930708442676973	0.020347856356993	0.0195860793934626	4.06757874027732e-05	0.00763909145496838	0.00637774868235446
0.00326364370296235	0.00162898765864881	0.0116835901577448	0.940104263019817	0.0159831444397601	0.0166991149222777	0.000465667019620126	0.00319859034626365	0.00697299873290598
6.78127027008196e-05	0.00135283173761458	0.0130579763313405	0.933259505274197	0.022399709298058	0.0213470699031455	0.00132601756016544	0.00356393396671433	0.00362514322606402
3.59477443011494e-05	0.00172967689339488	0.010247418658337	0.940481617491551	0.0171529836429647	0.0223565409756118	1.81198821971676e-05	0.00595045786032442	0.00202723685131804
3.55067932235477e-05	0.0110780895326965	0.00486797015157014	0.929446018815913	0.02323635684816	0.00649008759106818	0.000169359616380966	0.0102104078488408	0.0144662028021471
0.00433966331022902	0.0176775885022822	0.0150105808824582	0.936319981943175	0.0125642168574979	0.00780004428423067	0.000173595856294302	0.0057082878859905	0.000406040477841921
1.50639102369049e-05	0.00586209305663612	0.00691881214553763	0.939318087392528	0.0197560881752389	0.0100048998548247	0.00282161326692089	0.015254428810738	4.89133873390388e-05
0.00465676555259622	0.0199494608911522	0.00716738965079417	0.935332229263786	0.0146796917044131	0.0157753973750212	0.000466683911700281	0.00014084237485498	0.00183153927568163
0.00125160303857521	0.00209065026322926	0.0178429261976501	0.929784006110536	0.0256313726570804	0.00154316365521513	6.57749387502496e-05	0.0214449553438446	0.000345547795119489
2.20554463218069e-05	0.000154379467452436	0.0206818492658188	0.925239929839173	0.0158289397007435	0.00041059679525168	0.0016205734818834	0.0356428781303723	0.000398797872982727
3.08428352782866e-05	0.000728954078590328	0.0164141481992225	0.937668131251748	0.0186123111991458	0.00160881006383828	0.00107228668123749	0.0229700562964726	0.000894459394467173
2.99104426011552e-05	0.000165074779071658	0.0104926275440999	0.932997883054135	0.0216540935426843	0.0191928467735841	0.000249752372519517	0.00939831395049162	0.00581949754081317
0.000120582791536566	0.00587943022431175	0.0113854234288328	0.942985561830278	0.0137837603932926	0.00667859649648297	0.000626893783677961	0.015912084978812	0.0026276660727758
0.000332639049689821	0.00495692608864584	0.0128897662984288	0.939055938964679	0.0220989761900425	0.0136094241380268	0.000276351941212554	0.00675656564293469	2.34116863396787e-05
0.000263054629400721	0.000188965894548952	0.00777651169699817	0.938102595321253	0.0268537394215769	0.0188743065564602	1.78131092216293e-05	0.0078960045504224	2.70088201184308e-05
0.000334391366657536	0.000249006537219682	0.010351295305837	0.918324439564886	0.0348255653211539	0.0320519853516072	0.000192890909852972	0.000366312366783942	0.00330411327600158
0.00637241053497478	0.00383442669091434	0.00775106329218074	0.935687572065706	0.0205962462249838	0.0233272557920638	0.000181207925136407	0.000362451327507267	0.00188736614653326
0.000188219867780282	0.0121631807512975	0.00951042999224049	0.934516521093518	0.0130932953342659	0.00374822113125465	0.000115282581607786	0.00642540567520831	0.0202394435728272
0.014743739846873	0.000444648865370624	0.00676437619860227	0.920601147684837	0.0288837022267503	0.017466832321116	0.000567543435746992	0.00925420092721546	0.00127380849348887
0.000290766124601326	0.03069815725091	0.00513423289160542	0.933492114154645	0.01354906609828	0.00454366352822567	0.000247275291424248	0.00358583893290364	0.00845888572740436
0.00307339631325164	0.00653002965967531	0.00765951614875152	0.927763323895019	0.0223693927587916	0.019981225813072	0.00075769647101843	0.00511029771848087	0.00675512122193905
0.00521567708954033	0.0116085518668878	0.0119432428164672	0.916899666813413	0.0203705643212178	0.017804619559831	0.000493346224068143	0.00330265721960616	0.0123616740889684
3.83713838251496e-05	0.00375582300309838	0.00792749214247163	0.926858781712255	0.0352393450656118	0.018557493644608	0.000873610459529529	0.00418475038999274	0.00256433219860869
2.0592014192491e-05	0.00257215681084463	0.0123550920497485	0.946382602900646	0.0112360174776819	0.0252662710787724	0.000706905833447115	0.000825576276798056	0.000634785557868493
0.00147573917055215	0.0124863265877947	0.0110583390791742	0.939211882223324	0.0240087470759591	0.00356916765319989	0.000446618332283825	0.00320621500260608	0.00453696487510542
0.00237640108918606	0.013380730391259	0.0115730838683413	0.939912056629374	0.0200257231751177	0.0113804385977259	0.000289158179312197	0.000727012254476364	0.000335395815207179
0.000255801800744133	0.00365934209052237	0.012964595291121	0.916007593639813	0.0400949418445277	0.012627541338109	0.00090122272609051	0.0120574375282843	0.00143152374078765
0.00186661990804501	0.0108337394083818	0.00763205827073313	0.946086484480825	0.0197612088685528	0.0110730542936195	0.000334459865319577	0.00200990756488562	0.000402467339637469
0.00160809414555498	0.0015037536102515	0.00817537693484651	0.931051813524953	0.0263952764085122	0.017519789768337	0.00127183475001374	0.00615415464349262	0.00631990621403811
0.000235388518678602	0.0238785172877821	0.0114188853122365	0.930297314764207	0.0165612965352796	0.000883134105592697	0.00185031568356929	0.00768037346401303	0.00719477432864108
1.25160748136752e-05	0.0432749169215148	0.011272467415529	0.925444875110138	0.0119775054172587	0.00455688455356339	0.00165582605363405	0.000809914759361379	0.000995093694186334
0.000263183469403552	0.0111949898119097	0.00652720354261642	0.946208854763172	0.015440773547473	0.0129682280488298	0.000261457679571504	0.00258392441296655	0.00455138472405733
0.000637403706361755	0.000439265239006957	0.0169794769644555	0.947171599705688	0.00734930638811613	0.0109256102959822	0.00043229056019005	0.0156277020103711	0.000437345129828493
6.93119862381436e-05	0.00577454072119825	0.00898776310783364	0.940245603764829	0.0204829686892342	0.0146434142955038	5.84211064977498e-05	0.0053917429542349	0.00434623337443072
0.00571509569346416	0.00176217995062876	0.012742347884561	0.931743013793083	0.0155144480745396	0.020463342534131	0.000219233917082293	0.00591519863853147	0.00592513951397863
0.000202344030112299	0.0202497804351885	0.00856953847721234	0.925423619270211	0.0177676753550934	0.0208861159754408	0.000702072034103704	0.00276136943433921	0.00343748498829937
0.00112556894614453	0.00378159659088336	0.00619679223103687	0.941022776218137	0.0263875840065594	0.015250620428653	9.28112030644104e-06	0.00367198615895026	0.00255379429932959
0.00210711187491989	0.0175233842256722	0.00852276452516524	0.936999282353033	0.0127400377894717	0.0170937417787316	0.000868286787925523	0.000418237341250406	0.00372715332383055
0.000587163237121258	0.0120985349350078	0.0240975893456716	0.928002078622572	0.0143570453099961	0.00473591039807933	0.00278953508759131	0.0114994632673994	0.00183267979656155
0.00755658698173879	0.00299819201806882	0.00429378227829273	0.923893443978269	0.0239558906357944	0.0276108210385144	0.00107902809114618	0.00114061793612022	0.00747163704205491
5.51295850091495e-05	0.00073039181305198	0.0148053076112753	0.925614497553224	0.022294477362105	0.0240610234300741	0.000562612362113283	0.00822558005783575	0.00365098022531136
0.00255234145098758	0.0335857398941415	0.00903321056420906	0.914957539039547	0.0272200070765905	0.00658852374554776	0.00147892910792612	0.00293488931340544	0.00164881980764478
3.63112596581699e-05	0.0153979103216734	0.00987437086772604	0.944103839640401	0.0173741291054235	0.00392430045946296	0.000432403623121484	0.0085711686834165	0.000285566039116889
0.000100975255439085	0.000906484188944492	0.0100444133995097	0.933886711927064	0.0208086033733712	0.0274214534401083	0.000530917198378476	0.00622696753280204	7.34736843825542e-05
0.000941456460436873	0.00048754896394769	0.00873484259149705	0.935160640649676	0.0266823099884435	0.0244931604718994	4.941665099153e-05	0.00341245425013131	3.8169972977092e-05
0.00228688166769334	0.0158196024225892	0.0117506264068619	0.934185928218269	0.0136474858793462	0.0149544068960146	0.00116688976993384	0.00238246480830139	0.00380571393099102
0.0020493203333259	0.0017369639351844	0.0111927744163098	0.926043743439699	0.0284939174380706	0.0166553831225721	0.00123048110784063	0.012217310600588	0.000380105606410007
0.00131277185943506	0.0138439774310399	0.00637385674256736	0.944954394907529	0.020613620107528	0.00580302909530184	0.000125839599953943	0.00535077036185622	0.00162173989478871
5.31365591540515e-05	0.020313137134242	0.00995728370028677	0.933360169044399	0.0260776151776559	0.007681070313646	0.00036531774364647	0.001276068130548	0.00091620219642171
0.000740696873208735	0.000288690404815432	0.00753898730021654	0.93338865579283	0.0255822316445936	0.0224932681654505	0.000223663321478675	0.00964211636124689	0.000101690136159115
3.07194990643876e-05	0.00501215249273199	0.0081069837817956	0.940725018940268	0.015996554144897	0.0206066665303808	4.67398391646242e-05	0.0047118924930155	0.00476327227868219
0.00319288530966358	0.0264837550191103	0.0113955625813244	0.938377391220049	0.0135768371285159	0.00248975012713959	0.000335460603664501	0.00288280149101377	0.00126555651951882
0.000781940627382503	0.00377674261465056	0.00885719738817359	0.94323950284586	0.0150309630389603	0.0230685903478474	6.82757796750811e-05	0.00218321582724588	0.00299357153020471
1.78877579223058e-05	0.000341577299531257	0.00999118712967604	0.944808802438204	0.018471623841117	0.0156151329372915	0.000988092060123404	0.00971062855720725	5.50679789269082e-05
0.00956956013058579	0.00822101802372907	0.00625063215408797	0.930832849477684	0.02026656269095	0.0199676385063087	0.000434469022592088	0.000238306682751676	0.0042189633113107
0.000626561030923775	0.00353352038224686	0.0087063239743203	0.949731718023975	0.0172352001221825	0.000935621584311055	0.000286800371709863	0.0188740927763666	7.01617339643427e-05
0.00150458959709435	0.00764414698707635	0.0102374438733099	0.931713268088632	0.0250332799780517	0.0176434495766811	0.000258995732716688	0.00397249591341235	0.00199233025302564
0.000449684724587555	0.054963033331757	0.0143851737594736	0.901906735984481	0.0206210890284344	0.000855745436734372	0.00437086075640835	0.00175432563862586	0.000693351339497703
0.001769505919712	0.0118329533181311	0.00795028822805965	0.93657912119223	0.0181720435062037	0.0184986233310456	0.00135024202357665	0.000942454183582864	0.00290476829745827
0.00272556162047533	0.00482978710124942	0.00842640252138847	0.915221926753241	0.0400423433640702	0.0238954096970798	0.000312669773163122	0.00441925833080777	0.000126640838525157
0.000160950880347141	0.00678188395202121	0.00468159106817166	0.935663818246457	0.0252448146882496	0.0245477205603364	6.47712812106963e-05	0.00208033019748464	0.000774119125722025
0.010706981841469	0.000490485862661898	0.00910171181758651	0.928058053208459	0.0303049247116955	0.019157872121365	9.03552259074017e-05	0.00197783685941326	0.000111778351442239
6.72834237555563e-05	0.00376636735679397	0.00858436876435435	0.926680244541116	0.0273549601638896	0.0299122423933673	0.000531686628740039	0.000389522022768252	0.00271332470521463
0.00478614072183431	0.00528736263629185	0.00766753413980371	0.941143946889618	0.0233965566019658	0.00812252911197922	0.00153957444321986	0.00781743602248338	0.000238919432803453
0.00144636164827099	0.000200920847402961	0.010517461745544	0.926809335986301	0.0356988752385245	0.00623829491057749	0.00068921569407695	0.0182262172514432	0.00017331667785863
0.0111758205637573	0.00938480779914744	0.00756251112105788	0.917655911379957	0.0195022308261219	0.0316115638367867	0.000686565872616284	0.000444001184654789	0.00197658741590097
0.00021599823937676	0.00750611103329807	0.0101766592587969	0.931966507081528	0.0178159486489962	0.0168894155092511	0.00049763958983627	0.000329640573159919	0.0146020800657569
0.00828967049670025	0.00839451412161024	0.00789220360053192	0.91180030541699	0.0268947535774055	0.0226765100013219	0.0028288331492515	0.00784553309719827	0.00337767653899085
0.003854380351954	0.000165453765751149	0.010271240679282	0.920247736718733	0.0286059440713694	0.0190563914652922	0.00111829617372353	0.0140210563033977	0.00265950047049702
2.84108066459947e-05	0.00455380339440295	0.0264977821064707	0.926152827841518	0.0187383425674612	0.00086319058029299	0.00116405190380851	0.021321921827692	0.000679668971707647
0.00122944491628485	8.79401900136194e-05	0.0102430123207905	0.917241128285684	0.0372717798803082	0.00836056553372274	0.00062424067746818	0.0193321399241992	0.00560974827152861
9.82825249737163e-05	0.00756628452352867	0.00896773958261953	0.918751449348009	0.0341104552162247	0.0218927286891645	0.00053778316280594	0.0014258112148304	0.00664946573784365
2.50588858528119e-05	0.0054026340118707	0.0112982246928625	0.945525115510096	0.012068186041476	0.0163328817640404	0.000483012177624314	0.00627680614289135	0.00258808077328642
0.00029899530822276	0.00515117099442745	0.00980220727972162	0.937603485371268	0.014799653565854	0.0245591965430898	0.000311201270058302	0.00257174743131935	0.00490234223603917
0.000195388376428309	0.00213872942470357	0.00885567795105327	0.932408646449226	0.0181001042309164	0.0277216932008012	0.000692821852654643	0.00286618810846958	0.00702075040574664
0.00206144934367868	0.000270336373287245	0.00498889263314616	0.946406323927967	0.0167496607084877	0.0254846473727693	0.000981882955413956	0.00150285364299605	0.0015539530422543
0.0057640457048066	0.0145697507165797	0.00924974709696057	0.927637132230166	0.0262755911565449	0.00276798739488236	0.00107533431149001	0.0101030881642683	0.00255732322430092
0.000118299161168546	0.00513274396118111	0.00647391187407375	0.935853659356459	0.0233654387497819	0.00309663989377121	0.000712913510897224	0.0243397054019268	0.000906688090740149
8.65783526352021e-05	0.0105712821436375	0.00825184217612032	0.935905838937666	0.0202580213614592	0.0212403151769365	0.000687550492559225	0.00167793382002557	0.00132063753896103
0.000110175325048559	0.0096911835239181	0.0092958122061743	0.934359622634023	0.0181945199133505	0.025379868869486	0.000291483004656021	0.000359944876918538	0.0023173896464254
0.000467345697577871	0.0160723149281092	0.00920419608988932	0.941514344170137	0.0182278859344171	0.013701937534394	0.000418819527540515	0.000276985755288101	0.000116170362646383
0.000561234337799656	0.00586410994746382	0.0073370850196439	0.933579549410654	0.0252017968349732	0.0226883329564486	0.00102411295623151	0.00101260187761787	0.00273117665916797
2.87898598154495e-05	0.0113422492550634	0.00870894423989428	0.955351879736525	0.0114277954650277	0.00855347239077612	0.000624094420446578	0.00351169437190405	0.000451080260547663
0.000824701432551344	0.0026269410424684	0.00838799066127189	0.934374273912666	0.030581728480268	0.0198836666902568	1.52804163798527e-05	0.00309855977227999	0.000206857591857553
