Bcells	CentralVeinEndothelialcells	Cholangiocytes	Hepatocytes	Kupffercells	LSECs	Mesothelialcells	PortalVeinEndothelialcells	Tcells
0.00185586569025436	0.00972536764925868	8.67516642305262e-05	0.878250093515041	0.0669184132005888	0.0272480098418408	8.67516642304353e-05	8.67516642203584e-05	0.015741995110335
0.00480101887331918	0.00923392011227704	9.00285327318287e-05	0.866895190386731	0.0737449991856122	0.0266035811338515	9.00285327261886e-05	9.00285327410117e-05	0.0184512047100097
0.000133747168170141	0.000133747168171162	0.0211788290699401	0.878037386794346	0.0660366687255114	0.00636149397938348	0.00328980513953271	0.0166544744916582	0.00817384746328696
0.00166009949848054	0.00613138849559236	0.002440841201467	0.890862274853994	0.0614901482326557	0.0103715007782361	0.00013385867547247	0.00877845307727883	0.0181314351868227
0.000130193424102573	0.00013019342410337	0.00716854072601911	0.830051212069049	0.0928306157631129	0.0208657908489435	0.00767744982270955	0.0228743391345569	0.0182716647874031
0.0111215992867184	0.00652233063617217	0.0081363063829887	0.845859440875963	0.0599936704344914	0.0387431670421094	0.0129452989904209	0.00275984224766953	0.0139183441034661
9.13164852089853e-05	0.0158257650975922	9.13164852095709e-05	0.897850612628833	0.0587892351849221	0.0157455075882845	0.00716671767521846	9.13164852273796e-05	0.00434821236950356
0.0117353342663471	0.0151301471941165	0.00163652831268139	0.87964297709031	0.0467630688839439	0.0191764241912544	0.0134286770456875	0.00969489790434765	0.00279194511131175
0.00718728854137878	0.00322832789610721	0.000131382648925489	0.863968446727435	0.0825711544312101	0.0243007497224736	0.00589014538339785	0.0124039111948991	0.000318593454173219
0.0105042888591044	0.0233937673401972	9.02011075440795e-05	0.891205790445887	0.0556727605741363	0.0117925779483789	0.00265163509004465	0.00459877752716346	9.02011075443313e-05
0.0298049621588434	8.79770955453221e-05	0.0631028572703139	0.785044177685558	0.0332814046761868	0.00159596386788773	0.0286026091204881	0.0555019321940175	0.00297811593115963
0.0354614254690722	0.0197969390710448	0.00124857543210038	0.853980668646616	0.029521215122555	0.0328717683532669	0.0110799235613133	8.49647219637329e-05	0.0159545196220675
0.0288267111375856	8.79719271979013e-05	8.79719271948189e-05	0.805683695016689	0.0922758929805724	0.0423806276456296	0.0110279952346932	8.79719271935119e-05	0.0195411622032441
0.0248167974062671	0.0112824600731111	0.00381564628292288	0.854444572264315	0.0724682245240984	0.0155673177784511	0.0101493178474649	0.00732195821749889	0.000133705605870702
0.0180904862850703	0.00629604972057794	8.99145848651472e-05	0.881484411533884	0.0403485437615317	0.0346745249279728	8.99145848560502e-05	0.0125967717691863	0.00632938283205613
9.22363187642751e-05	0.00713516704691179	9.22363187605368e-05	0.876166682198071	0.056817289941893	0.0305982633255968	9.22363187445562e-05	0.0161399565754372	0.0128659319558212
0.0111343005307177	0.00289214414418505	0.00540568915560901	0.919665335290554	0.0273229229554083	0.0176534028119994	0.000135611429417976	0.000135611429465439	0.0156549822526434
0.00444891261920236	0.00999168228074573	8.94987554953363e-05	0.892168675977533	0.064058800152676	0.0175786157122856	0.00737658587693092	8.94987555119943e-05	0.00419772986961898
0.0213882499792965	0.0232918459867756	0.00267716305768029	0.867856262234107	0.0696326379692895	0.00370795024857212	0.000135662527600452	0.00218588495510613	0.00912434304157287
0.0105022683821615	0.00807634674015488	8.90709711410228e-05	0.876412516664056	0.0628883338850715	0.0223872026476949	8.90709711458425e-05	8.9070971143613e-05	0.0194661187674311
0.00636434993735256	0.00977422984716238	8.58332853381975e-05	0.88116196132218	0.0485601926830648	0.0452532298122124	0.00429450490820527	0.00309465739077882	0.00141104081370577
9.13799478009065e-05	0.00436765845227525	9.13799477930755e-05	0.846582458742134	0.0757114219038755	0.0279109665634135	0.00190384759435651	0.00952217904072133	0.03381870780763
0.00575325102418676	0.00170694240243676	0.00013204228458816	0.866567101595143	0.0713677143126594	0.0362217756860066	0.00671898447001025	0.00522895930704181	0.00630322891792722
0.00659364882622466	0.00818591626275711	8.81265719644207e-05	0.873062449654207	0.0606232385887831	0.0261282488154579	8.81265719674863e-05	0.00993470164300399	0.015295543065634
0.000532675843134408	0.0176157882216007	0.000128269281333182	0.85302376122426	0.0579831666540586	0.0577376810252638	0.00484309629227121	0.000128269281334211	0.00800729217674395
0.00426385523329957	0.0128282824044447	0.0158573921134466	0.888100627866892	0.0462517951596215	0.0314780991911996	0.000252671600915946	8.99178745215843e-05	0.000877358555658428
0.0199111252669603	0.00708676625538065	0.00878192272227747	0.888308157399577	0.0344532028966401	0.0360027346000018	9.11753742855152e-05	0.00180414169331802	0.00356077379155876
8.7898775514463e-05	0.016528725469806	0.00748846608694215	0.909179132002188	0.0381515071571007	0.0156617508918403	0.00221488793310679	0.0081865428375883	0.00250108884591311
0.000132632596728594	0.00870664980610365	0.004315971276996	0.880785466116229	0.0647680532805782	0.0151439909007209	0.000132632596736168	0.0113619146331668	0.0146526887927409
0.00405287697807766	9.01318048424325e-05	9.01318048399299e-05	0.889988758259873	0.043797529877507	0.0383698794961872	0.00613876121117594	0.00210468873653934	0.0153672418309571
0.00186895270952801	0.017773992199965	9.09658199842049e-05	0.914211224703089	0.0337424181279095	0.0197281010245418	9.09658199557038e-05	0.00786156546654882	0.00463181412847764
0.00455102631968813	0.0257982710794364	0.00371168813097593	0.883755098602231	0.0300735269540244	0.0418440451056145	0.0100121258979162	0.00012710895505446	0.000127108955058764
0.00012915238003922	0.0140250465859563	0.000129152380038364	0.901965939122035	0.0508217847243745	0.0251178461010378	0.00161835399889633	0.00177412358964691	0.00441860111797523
8.77968135322074e-05	0.00509079799605486	0.015052013100197	0.86524529833408	0.0770982404602372	0.0343949691301745	8.77968135267079e-05	0.00190186128132941	0.00104122607086764
0.0173668680610499	9.23960251351567e-05	9.23960251296036e-05	0.884606766348215	0.0364448655494988	0.0297673588092686	9.23960251305472e-05	9.23960251305793e-05	0.031444557131442
0.000133922255360119	0.0101418450626298	0.000133922255366853	0.893970771621957	0.0553048997228093	0.0313546108888531	0.00281755494435488	0.000133922255369356	0.00600855099329938
0.0202013517581679	0.023980832414544	0.00863106752896887	0.864345540501508	0.0623332756661591	0.0121373811229148	0.00388151816503005	9.83386570913731e-05	0.00439069418561581
0.0097133791220187	0.0172147951841246	0.0314867757276021	0.861036895422369	0.0445629382472977	0.0180494706829854	0.00968979214170651	0.000133587892352828	0.00811236557954349
0.00306686487437055	9.3047912386765e-05	9.30479123845863e-05	0.872649096584719	0.0577081601472565	0.0378229130040929	0.00415618001710883	0.00726027089775577	0.0171504186499249
0.0952639828861837	0.000122821024848381	0.0996941908973461	0.678919469267374	0.0471317361530506	0.00612258368321953	0.0380401009238653	0.0255266535971114	0.00917846156700089
0.0124144102420362	0.0159121010130461	0.000266095380899318	0.884850647186708	0.0470565860966922	0.0282168234845337	0.00229125386908867	8.59390594565752e-05	0.00890614366753899
0.000130512894972861	0.0122268302763966	0.000130512894964797	0.916177687548941	0.0368709133442732	0.0241093484339564	0.000294621986955292	0.00497991832823884	0.00507965429130077
0.000129541783173009	0.0115790185046209	0.00482145060951394	0.916396826057084	0.0221131104504524	0.0327241774149464	0.000129541783203676	0.000129541783183292	0.0119767916138228
0.00602766219905003	0.0134976244677661	9.19401726047339e-05	0.89494166611252	0.0377835223342759	0.00897775172153582	0.00836335805769609	0.00929373779174106	0.0210227371428099
0.000201482840945433	0.0362094506509566	8.98495989844122e-05	0.901479917903498	0.0438939603733872	0.0057624141364725	0.012183225297779	8.98495989875166e-05	8.98495989898665e-05
0.0512727745463847	0.0388831428512176	0.103707166550127	0.690195318284408	0.0548497081678635	0.000117984093704273	0.00674851877765189	0.0541074026349392	0.000117984093704274
0.0381728165647538	0.0265153784061861	0.000679496507355809	0.832828294964031	0.0730252061623992	0.0215479528235527	0.00697042362960193	0.000130215471057914	0.000130215471061149
0.00349996083535377	0.000133168451228237	0.0166780390447543	0.882376921926976	0.0496955785399274	0.0185980654100449	0.00182725432579389	0.00876233607529456	0.0184286753906267
0.00527592095522967	0.0188364808755634	8.87118926588748e-05	0.929282739942464	0.029939420818881	0.00861806019021297	0.00778124153967827	8.87118926516031e-05	8.87118926600271e-05
0.0294773488214465	8.83199220900584e-05	0.0422082842051382	0.80978264468515	0.0288234982792395	0.0349303173755792	0.0198182129130876	0.0347830538761792	8.83199220900588e-05
0.0297180204778412	0.00947698444625295	8.73859019519579e-05	0.876784385232314	0.05096117822244	0.0217245312948148	0.000217882161238247	8.73859019530065e-05	0.010942246361194
0.00701213785295574	8.99010774120882e-05	8.99010774118991e-05	0.892853491937452	0.0389431381768745	0.0404771170495985	0.00533676897587245	0.0151076427750107	8.99010774120863e-05
0.0190356869222648	0.0200803549091884	0.000126179762412829	0.888546416511624	0.0336933334768353	0.0278400045842755	0.00444283269335742	0.00012617976242832	0.0061090113776138
0.0111790511976876	0.0152282620389713	8.85278110441886e-05	0.906453644228437	0.0324361117653725	0.0218100563922124	8.85278110400283e-05	8.85278110470062e-05	0.0126272909441876
0.082668194502185	0.039790786140896	0.0791985499266694	0.64737700110721	0.0433075436479185	0.00011926134894297	0.0418609784160839	0.0598021211267281	0.00587556378336602
0.0210601733880142	0.00374803252193656	0.0396083008021088	0.801254460937458	0.048172595504329	0.0103034828179586	0.00394699482351384	0.0179029652743095	0.0540029939303719
0.00629638654674643	0.0042844163116896	0.000132418854892056	0.859656766010987	0.0769814752229545	0.0242808165955874	0.00234057532052271	0.00708260461910712	0.0189445405175135
0.000135512555985014	0.000135512555987568	0.000135512555986386	0.850182249387464	0.0619884175708181	0.053449880362777	0.00477241395091036	0.000135512555990964	0.0290649885040809
0.00441669866091986	0.00355569588998138	8.95758496648651e-05	0.880669640228337	0.0617647808183763	0.0246375542698837	0.0096888895321295	0.00877442744729703	0.00640273730341014
0.0224631636262328	0.00377432053262083	9.08612216834597e-05	0.859847652614849	0.0491886850316848	0.0643627333078582	9.0861221692892e-05	9.08612216888156e-05	9.08612216888146e-05
0.0136187484105611	0.00640837504922829	0.0163812273951985	0.84350093389732	0.0675316942125314	0.0305986854634604	0.000134097424657948	0.0017406182971473	0.0200856198498952
9.23247067672279e-05	9.23247067625158e-05	9.23247067665804e-05	0.896259628377704	0.0693789488477474	0.0247916104115784	0.00444242896468073	9.23247067666337e-05	0.00475808457122702
9.09354785201803e-05	9.09354785196805e-05	0.0124371307239063	0.866453737941186	0.0384828505554327	0.00797289884731922	9.09354785196814e-05	0.0511598072534465	0.0232207682431498
0.00321020546117702	0.0647370527729687	8.62717147457197e-05	0.862478683092781	0.0226663405697467	0.0169892976787929	0.00945099774707732	0.00018958009869576	0.0201915708640149
0.00178069157292583	0.0188603046770529	0.0001285596561849	0.868125800759638	0.0633164867549426	0.017760029710612	0.00888398198046774	0.000128559656198337	0.0210155852319775
0.0183508005292412	8.90396340495835e-05	8.90396340478373e-05	0.898960273286851	0.0271119059666646	0.0412848697237263	0.00322840134658386	8.90396340473493e-05	0.0107966302447883
0.0138720136677592	0.0225026190858242	8.7604643764783e-05	0.904760071595171	0.0334663769234505	0.0250485001527522	8.76046437495761e-05	8.76046437626652e-05	8.76046437657129e-05
0.00187210590526683	0.00607629684459477	8.58816226957439e-05	0.919222042869719	0.0365127443922904	0.029445179697506	0.00313402523800781	8.58816226926073e-05	0.0035658418072272
0.0103066258075567	0.00950566890363174	0.00831284344739512	0.832353913325733	0.0789918865375555	0.0287540676086653	0.0108197342020717	0.000136922008638694	0.0208183381587522
0.00307451850742909	0.00376475693312113	0.000131489243542344	0.886774874059887	0.0554242173716324	0.0273732324495973	0.00356617165699514	0.000131489243526566	0.019759250534269
0.0025480019944471	0.0299036345015011	8.85019207020329e-05	0.866957935272915	0.0475571045707534	0.0474227666144316	0.00450337440788295	8.85019207114193e-05	0.000930178796655927
0.00684072030864853	9.03612715852018e-05	9.03612715820433e-05	0.905590466208902	0.0528304006264288	0.025962590579489	0.00411258239138532	0.0043539159809286	0.000128601361050564
0.00930161127046457	0.000140095882735113	0.000140095882739571	0.840337792666844	0.0993275798792465	0.0244219799990915	0.00455418138033625	0.0059572569882136	0.015819406050329
0.000128152288837246	0.000128152288808001	0.000128152288837333	0.897381684604353	0.0610044751565168	0.0121286292072594	0.00429046535606051	0.00982353749002344	0.014986751319304
0.00672437523174849	0.00021944562477539	0.000137662917014102	0.863045124917286	0.0969576211582743	0.0233908076154044	0.000137662917005468	0.00924963670148093	0.000137662917010309
0.000925693512945783	0.0146461862807684	0.000130722596413132	0.898365605864857	0.0538993581689978	0.0198631879946068	0.000130722596422571	0.00295474253690431	0.00908378044808414
0.015756628041552	9.1577344329654e-05	9.15773443233527e-05	0.852562575237329	0.0725727474539501	0.0246913321352078	0.0138843751510086	0.00275773566724262	0.0175914516250568
0.0152300364892137	8.59800076369989e-05	0.000881994308352554	0.890683622453522	0.0620034156380234	0.0271216542207989	0.00382133686721533	8.59800076135178e-05	8.59800076240621e-05
0.0178081633344445	0.00817810674987848	0.00220054066618834	0.874876736705124	0.0649856481176923	0.0234371626752559	9.31359311539495e-05	9.31359311543809e-05	0.00832736988910797
0.00721354734826926	0.0257007725672189	0.00039277329068869	0.877204870857744	0.0666578660098223	0.0225524478709172	9.25740184366603e-05	9.25740184508359e-05	9.25740184516728e-05
0.0166734219877722	0.0128350733983555	9.11937504155869e-05	0.862700051918848	0.0521643187696788	0.040239737377249	9.11937504199866e-05	9.11937504144342e-05	0.0151138152968466
9.05735150061865e-05	9.05735150061855e-05	0.0155303248134029	0.854509844586507	0.078813297767361	0.0400167527302227	0.0103721719167914	9.05735150031229e-05	0.000485887640699669
9.46606828209543e-05	0.015318347990033	0.000637396190146547	0.877331182639645	0.0461155195547034	0.0358814205809547	9.46606828209533e-05	9.46606828209558e-05	0.0244321509960547
0.00605280686888546	8.92141406047732e-05	8.92141406093668e-05	0.913239654832848	0.0362304739711807	0.0198344108040241	0.00855736457351514	0.00950905358802369	0.00639780708030844
0.0349131568814217	0.0480054545140889	8.95222152486908e-05	0.850078833353045	0.0293898539290893	0.0214485660926416	0.000357050793015364	8.95222152452229e-05	0.0156280400062049
0.0124922417508645	0.0293014784347454	0.00151080111862452	0.843585307069539	0.0861765163527578	0.0114502468810657	0.000128389617197331	0.000128389617202395	0.0152266291580032
0.0133860405052889	0.000133848319216007	0.000133848319220719	0.824610971708511	0.094988556935598	0.0187382578694122	0.00177952811838782	0.0131528988713003	0.0330760493530652
0.0250624120847574	0.00013209206669498	0.0305309787975625	0.791896804819529	0.0367218121260404	0.0302830181405928	0.0290593595182446	0.0408812158955115	0.0154323065510672
0.0166852423985728	0.0235310946897021	8.82524223309621e-05	0.860192455300224	0.0489728346354252	0.040285695643165	0.00521866436094455	8.82524223266195e-05	0.00493750812730878
0.00941871612016409	0.0178790992144482	0.00538883755224322	0.939193939108817	0.00211241157946299	0.0168363429090206	0.00613176567393254	8.92392263233764e-05	0.00294964861558751
0.00185409614690114	8.93141319566067e-05	8.93141319514418e-05	0.897347630295797	0.02680438446809	0.0276231296177372	8.93141319616427e-05	0.0130686790737374	0.0330341380018679
0.0221795482582211	8.93629553166145e-05	0.00361252651969663	0.851895459337568	0.0612942268480619	0.0553626744480521	8.93629553127061e-05	8.93629553171685e-05	0.00538747572245344
0.0334180020971452	0.0257654300504075	0.00409710526150091	0.860569547306284	0.0550166511460402	0.0057497823470778	0.000136195582259013	0.00871656015009922	0.00653072605918597
0.0124850632853631	0.0168165197654849	8.72535822443291e-05	0.890651938989561	0.057871683296595	0.0102770254017545	0.00449636790209705	8.72535822415987e-05	0.00722689419465906
0.00972910027984376	0.0183894930179871	0.00270906375899247	0.879904347637	0.0389185391647381	0.014333667144301	0.000186437890630046	0.010103922768859	0.025725428337649
8.60492363449705e-05	0.0110722400516484	8.60492363361287e-05	0.888008415134831	0.0763272921931953	0.0241618064386141	8.60492363402447e-05	8.6049236344815e-05	8.60492363449124e-05
0.00856229725644541	0.000140115819444104	0.00427276395617654	0.912217113576306	0.0503085225017137	0.0170890226814106	0.000140115819427401	0.00014011581947475	0.0071299325696015
0.0212778571648076	0.00156212262476828	0.000133935746937076	0.87792870106289	0.0663470642652691	0.0234091799192179	0.00244017883064203	0.00676702463852371	0.00013393574694475
0.00324530892456508	0.0306896664240832	0.000129641499419911	0.899188436179774	0.0269618068315102	0.017311918138754	0.00681781108411376	0.00651886224193638	0.00913654867584292
0.0209764482436972	0.0114083664203609	0.00144346829366523	0.853191605644154	0.0576170242907813	0.0476083885304518	0.00720399636308419	0.000131068909655753	0.000419633304149619
0.0101127121899888	9.22690114693154e-05	0.0107209846212566	0.894913216995269	0.0371857598709453	0.0176899691123049	9.22690114686487e-05	0.0142932416737748	0.014899577513522
0.0117398625850368	0.0111829205691063	9.33869621152842e-05	0.887658557878176	0.0399700653684813	0.0334247178950527	0.0104789018882941	9.3386962122523e-05	0.00535819989161509
0.0086790593921555	9.07800453218912e-05	9.07800453263882e-05	0.872947801599742	0.0618089807535286	0.0197383325027033	0.00956681922827946	9.07800453274923e-05	0.0269866663876149
0.0184539770690959	0.0167055929897379	0.00261179511085212	0.867175672123	0.0358275747665155	0.0460992621199231	0.00898042660492657	0.00401464733840646	0.000131051877543031
0.00326685975022366	8.98131225252633e-05	0.00525582440953804	0.895690768950758	0.03970415486393	0.042231960444865	8.98131225252636e-05	8.9813122530224e-05	0.0135809922131042
0.000653144499004547	0.0284429768651499	0.000407550292214924	0.894897037571101	0.0321107790342481	0.0355813930339239	0.00260517015026106	0.00105106554634985	0.00425088300774689
0.00303052678608802	9.09623880177566e-05	0.00238947417023092	0.891835898775724	0.0704916338620255	0.0242404654130198	9.0962388017754e-05	0.00744073041493849	0.000389345801938123
0.0123996035511263	9.2563541933373e-05	9.25635419341002e-05	0.877584991403675	0.0864273893743259	0.0156525664609215	0.00290630931500993	0.00475144926914048	9.25635419333824e-05
0.0106199434993242	0.00947225210714971	9.03314156923314e-05	0.893141010010205	0.0417856757906432	0.0245459121185172	0.00788210140196997	9.03314157099717e-05	0.0123724422407882
0.00761378753081699	0.0261961205833618	8.96774022795216e-05	0.913360152635673	0.0278467923925572	0.0185855744238277	0.00612854022691462	8.96774022880222e-05	8.96774022811869e-05
0.00143419316736348	0.000134273076785469	0.00608654985893532	0.873654083447288	0.0827106119624874	0.0117297902166456	0.00158481589771199	0.015173854689367	0.00749182768341571
8.94488366685999e-05	0.0118255822068615	0.00619839286043775	0.862837794641123	0.0765061349388468	0.031144605850341	8.94488366685999e-05	0.00351144491793218	0.00779714691112107
0.00847726309995885	8.99104744289248e-05	8.99104744287419e-05	0.852377049306705	0.0844417250124687	0.0287679244094124	0.00612173130209047	0.0195445754460777	8.99104744289359e-05
0.000133254884397502	0.0112874414146644	0.00013325488438352	0.87339230762214	0.0393383321071822	0.0571898953568081	0.0061825549587432	0.00287276876059612	0.00947019001108477
0.033127383155519	0.000126511937099039	0.0207612375571642	0.809464978840435	0.0770701773377702	0.0219503386476933	0.000126511937110802	0.0277875178695748	0.00958534271763375
9.17109644744383e-05	0.0279693962449537	9.17109644672564e-05	0.881920943092131	0.0554289822336041	0.0190180229747611	9.17109644700906e-05	0.00506992977046287	0.0103175927906756
8.40758067299772e-05	0.0562315838601475	0.00103874954242492	0.861680011335653	0.0320282897267595	0.0170846487873321	0.0175825161866723	8.40758067299748e-05	0.0141860489475506
0.0166561497940933	0.02669331131434	0.00176879651096018	0.889656471582994	0.0339129794672637	0.0160017196835743	0.00308441357540608	0.000131933003236118	0.0120942250681321
0.0127482500726667	0.000135957787125443	0.00196165212521225	0.870861989991338	0.0557493174038303	0.0410910360255192	0.0065291872045337	0.010786651602645	0.000135957787129542
0.00967450487349571	0.043952213964302	9.0568208445435e-05	0.868593095226657	0.0513575512317136	0.0198622597161039	9.05682084508108e-05	0.00125851847448407	0.00512072009634735
0.000520869672827359	0.000135898490901862	0.0296380561291568	0.854585259957937	0.0423976910967915	0.0331051162394557	0.000135898490901516	0.00286383183961971	0.0366173780824088
0.0165843211704575	9.50497425186803e-05	0.00978809564913851	0.86809483496047	0.0641315425037911	0.0182316604139825	0.00112357797058236	9.50497425356593e-05	0.0218558678465237
0.00777508889242401	0.000127270142220364	0.000127270142222229	0.900804711263194	0.0442328430211482	0.029232276322358	0.00421941266351655	0.00819046868063096	0.00529065887228608
0.0112184614823239	0.00561500865357244	0.00561705365537449	0.887331730400645	0.0391894743015077	0.0306615775230789	8.91155029242619e-05	0.0143988158279721	0.0058787626526015
0.00424310665845249	9.37641070640567e-05	9.3764107073626e-05	0.903609297550072	0.0414703207687264	0.0263930964531623	0.00752201894073791	0.00628028257100722	0.0102943488437041
0.00712997136978379	9.14768957373659e-05	0.000255086576848809	0.898983556100324	0.0555700262287979	0.0168267739251069	0.0105928701135831	0.00518978539258338	0.00536045339723532
0.0100760266800343	0.0316865898306052	9.29389528336057e-05	0.841281073938848	0.0697471768741688	0.00449521554388355	9.29389528317254e-05	9.29389528313413e-05	0.0424351002739631
0.0145982808550116	9.17087919313969e-05	0.00165443966641597	0.834034666125268	0.0751260125555685	0.0315254929137883	9.17087919319676e-05	0.020588964589126	0.022288725710958
0.0142741435531631	9.30752206496991e-05	9.30752206574333e-05	0.874914892600001	0.077759922060426	0.0120482810474495	0.00792494242197671	0.0127985926550156	9.30752206606704e-05
0.0158534385886731	0.00264623934317311	0.00752201723749388	0.823891967339187	0.0926919249759543	0.0376075486755872	8.62649841813356e-05	0.0115824394689096	0.00811815938684018
0.00207377399779499	0.0199994289972931	8.8157676671004e-05	0.861053170212689	0.077459697532056	0.0342163770950879	0.00106235857311444	8.81576766740068e-05	0.00395887823861955
9.67793547558157e-05	0.00162481798212714	0.00636160535583525	0.863490842702607	0.0824721389654662	0.0290801302788879	9.6779354766989e-05	9.67793547572965e-05	0.0166801266507959
0.00553601252214811	0.00989362228700865	9.39664770361329e-05	0.879074623937323	0.0579351196237481	0.00752213979025875	9.396647704055e-05	0.0159721594016677	0.0238783894837694
0.00534852404649768	0.0279633075871341	0.00531484083268657	0.854782368925948	0.0563378203595033	0.0113749357322417	0.00268090681715192	0.0134554000545005	0.0227418956443356
9.02693674527935e-05	0.00787669552509154	9.02693674467315e-05	0.904399205962404	0.0427025525025489	0.0177558183568862	0.00206195592233315	0.00260037019113436	0.0224228628047018
0.0266788473272255	0.00772001714371141	8.81831213392976e-05	0.835105761528128	0.0977083380967478	0.0264047887555644	8.81831213481159e-05	0.00448829984654551	0.00171758105939044
8.69282888035519e-05	0.0296195486388218	0.00346829569590919	0.908571712007466	0.0219649546736918	0.0359365657681254	0.000178138349578082	8.6928288800878e-05	8.69282888029873e-05
0.00872751758687094	0.0294594437228159	8.5181289198233e-05	0.853021609532603	0.0411302996611189	0.0168056222925285	0.0184176221224234	0.00983315564962519	0.0225195481428163
0.0189941528419609	0.0200974314865307	0.0153235252543572	0.862392118352837	0.0545898268864715	0.0235494575764822	0.00478889754991181	0.000132295025727601	0.000132295025721466
0.0202137873587811	9.21066650152495e-05	0.00109317995570602	0.867661061485163	0.0343170396934479	0.056880735561561	0.00505067887082965	9.21066650151394e-05	0.014599303744481
0.00334705183137499	9.04881454302776e-05	9.04881454296921e-05	0.926606828514608	0.0323521255642736	0.0209731827641901	9.04881454267131e-05	0.00823468567975339	0.00821466120951321
0.0216372279411837	8.67625222035265e-05	0.00716055974155911	0.869935804018219	0.050350157009652	0.0275600385491604	0.0145832568725097	0.0085994308233091	8.67625222035259e-05
0.00580498483500921	0.000339552606212481	0.00511221620972788	0.874017470769771	0.0685173363780895	0.0244557876099057	0.000137630257835704	0.0119752603875827	0.00963976094586553
0.0115569229612798	9.24993225086981e-05	0.00372358436266442	0.854436024357551	0.0860606857185813	0.0116609342257107	9.24993225086986e-05	0.015455157258944	0.0169216924702513
0.000128567130082171	0.0206416590198934	0.00182953065010072	0.857863538181645	0.0691651781759174	0.0155909453441554	0.00701381631008405	0.000128567130075375	0.0276381980580468
0.0371672437568681	0.0716298165179594	0.00270462477344293	0.720622882834472	0.039907074431254	7.98318109652707e-05	0.0769438205139886	0.0508648735500844	7.98318109652703e-05
0.0222064942205186	0.024548589824054	0.00012786137965779	0.838725134327493	0.0786900367605822	0.00946703072226134	0.00640422500916333	0.0163938366477086	0.00343679110856144
9.2173589464289e-05	0.00161340691357838	9.2173589463823e-05	0.891286665230077	0.0549355889697282	0.0323318015426887	9.21735894635098e-05	9.21735894658574e-05	0.0194638429860707
0.000550767937071567	0.000134466940566886	0.00270225655598216	0.862268263107967	0.0872986702139367	0.0142858308739445	0.000134466940566887	0.0131246636272525	0.019500613802712
0.00150248583290732	0.00524060972564666	0.000129743498714407	0.907656626678101	0.0271564112658045	0.0381537431412916	0.00980932856731676	0.00560381976039936	0.0047472315298187
0.00255881960818018	0.0029334274505772	8.77632142186132e-05	0.882362630516911	0.0491392636490837	0.0500526575621064	8.77632142247892e-05	8.77632142314785e-05	0.0126899115704663
0.00633073126091128	0.00110735283478279	9.22212148117908e-05	0.892647002180499	0.058618964587159	0.0289889496110312	9.22212147974276e-05	9.22212148072601e-05	0.0120303358812005
0.0160357049366279	8.84011042115352e-05	8.84011042061089e-05	0.899301963372668	0.0283196250585202	0.0358509318363535	0.004023536041676	8.84011042071245e-05	0.0162030354415295
0.0088217129497458	8.97997279095667e-05	8.97997279094744e-05	0.862724699667002	0.0722381810536125	0.0546920893594189	8.97997279051179e-05	8.97997279050679e-05	0.00116411805859194
9.4074522052075e-05	9.40745220520772e-05	9.4074522052332e-05	0.879279867782075	0.0741553897025353	0.0300516212037872	9.40745220526508e-05	9.4074522052704e-05	0.0160427487013409
0.0224476025152673	9.04549699292174e-05	9.04549699160878e-05	0.858626280576747	0.0713357731471098	0.0379169989030312	9.04549699247045e-05	9.04549699197426e-05	0.00931152497815475
9.00215289400244e-05	9.00215289405587e-05	9.00215289398766e-05	0.888840324608479	0.0667844112157527	0.0284223892621075	0.00489407484454661	0.00378565382738012	0.00700308165491337
8.72935028709876e-05	0.0120987075018068	8.72935028687349e-05	0.90305534739453	0.0527144720279862	0.0300384899955905	0.00174380906861	8.72935028654104e-05	8.72935028709858e-05
0.033319726033459	0.0622802722855475	8.32058289547951e-05	0.789988506110331	0.0390637122886093	0.0379428763976199	0.0305831442782494	8.32058289556175e-05	0.00665535094827336
0.00116701351870806	0.0198137719428697	9.1205326862617e-05	0.884058645043732	0.0474760195257187	0.0259285139031648	9.12053268649755e-05	9.12053268655815e-05	0.0212824200852139
0.00579151992892625	8.92950246543444e-05	8.92950246523238e-05	0.86990951224078	0.0559415774626098	0.0354320385330708	8.92950246497814e-05	0.00981682100070144	0.0228406457599554
0.000132227713450661	0.000132227713452168	0.0116171391620537	0.831773064130973	0.106413264301615	0.00840093027915091	0.000132227713452168	0.0412666912724	0.000132227713452168
0.0245094073654223	8.91020845300894e-05	8.91020845247599e-05	0.88675484089778	0.0548267115065195	0.0313604897944198	0.00219214209774591	8.91020845278653e-05	8.91020845300888e-05
0.0483629024527411	0.057672605391802	8.53541125893676e-05	0.795951553357581	0.0540321332745954	0.0016776363070514	0.0292474019162227	0.00683355688396502	0.00613685630345202
0.00703112666288117	0.0207232207552011	9.2490647283714e-05	0.891276070692993	0.0494248242387253	0.0159437951945313	0.00989813867382259	9.24906472784451e-05	0.00551784248728386
0.00514419162814227	0.00297813608426958	8.84491688496105e-05	0.896124270919082	0.0335543085766967	0.0168397648982192	0.015380221944809	0.0181336864481039	0.0117569703318274
0.00740997527949935	0.00689263245330791	0.000129570900666947	0.869993269035017	0.0581481526547337	0.0220388122424736	0.000129570900654354	0.00925107862723893	0.0260069379064081
0.0213025304590513	0.00829477439391749	0.00995843659516588	0.883197123558297	0.0566616645830105	0.0025519730081817	0.000133605317315384	0.0177662867677447	0.000133605317315384
0.00123474400975522	0.0156803548374426	0.00664524713995531	0.883757482741345	0.0710100753195427	0.00436718738561238	0.00214737939356448	0.00337348856376943	0.0117840406090125
9.13887783193122e-05	0.0188581053918145	0.0013085158090956	0.874929344164041	0.0449172703811777	0.0335599214213674	9.13887783187862e-05	9.13887783237449e-05	0.0261526764975416
9.13819228268441e-05	9.13819228268246e-05	9.13819228139594e-05	0.92059371627212	0.0360285612488403	0.0168289584562684	0.00505473470270818	0.0202627331351078	0.000957150416487904
9.09693587262529e-05	9.09693587445575e-05	0.00298046257278761	0.84089377235797	0.11189220052134	0.0245913719547794	9.09693587278655e-05	9.09693587559023e-05	0.0192783151581683
9.04453095883973e-05	0.0078620164604762	9.04453095863154e-05	0.865100575725215	0.0674370645463357	0.0228400471540481	0.0150173886686224	9.04453095862062e-05	0.0214715715165413
0.00961461805633938	9.93405413893493e-05	9.93405413963077e-05	0.895100136956231	0.0419014131092366	0.0187795005774264	9.93405413782938e-05	9.93405413963941e-05	0.0342069691352066
0.0132149641682395	0.000133843993645167	0.00483506746156949	0.889376821878093	0.0521189317045006	0.0252261030019002	0.000921140492106321	0.000133843993614219	0.0140392833063315
0.00402037651797383	0.00455302842009493	0.0118479165588	0.829521545755815	0.0934011097258903	0.0142306396409847	0.00122674389184233	0.0192511484947953	0.0219474909938034
9.32187039413816e-05	9.32187039413812e-05	0.0167774923498508	0.86448562429966	0.0577100247223877	0.0280502330038117	9.32187039413816e-05	0.00531871642294331	0.0273782530895229
0.0205609464805786	0.000132027995017081	0.000508737540773276	0.897532915768395	0.0558801171549947	0.0124174467283627	0.000132027995031715	0.00482190978227433	0.00801387055457216
0.0152074116530418	9.74561936525936e-05	9.74561936580413e-05	0.890974492249807	0.0568774517655065	0.0259717609689379	9.7456193682218e-05	0.00571714609158422	0.0049593686901299
0.0157997398994093	0.00221224490536154	9.2023928636683e-05	0.869031840444242	0.0606782286867002	0.0254817695210706	0.0125204765426685	0.0140916521432725	9.20239286389366e-05
0.000132267457342613	0.0111473860097901	0.00943023636519882	0.86787241282296	0.0773330541078632	0.0190805826168333	0.000132267457321103	0.0147395257053484	0.000132267457342613
0.0130615889838393	0.0102039656395142	0.00133233481803907	0.866975791724637	0.066879005451409	0.0329312201947526	0.00442169534646856	0.00410686978989653	8.75280514433111e-05
0.0165847958399837	0.00261667562596682	0.00116681694203576	0.86209372440977	0.0544628023781476	0.0262894831181135	0.0162391549323034	8.640784588507e-05	0.0204601389077939
9.28400180370038e-05	9.28400180336276e-05	9.28400180370345e-05	0.901927656039245	0.0599067016835862	0.0241196955070883	0.0045448710507233	9.28400180429828e-05	0.0091297156472069
0.00475373086840474	0.000133143671561482	0.00342983095741579	0.861821395680783	0.0939690858777401	0.0178333740180553	0.0042745108880502	0.00722006302704659	0.00656486501094252
0.00148152097710187	0.0196564170075924	8.9789103774692e-05	0.90580227204494	0.0442218587011234	0.0158241284185556	0.000414162379122332	0.00752914046040704	0.00498071090738262
0.0115763042253847	9.01929017723517e-05	9.01929017746366e-05	0.865738686143521	0.0674896776006748	0.0489088682535621	9.01929017682187e-05	9.01929017721465e-05	0.00592569216977009
0.0120536834276228	0.00012910824123071	0.000129108241215613	0.905345784776992	0.027665128980218	0.0277397121532001	0.00471820701285796	0.00788975315809231	0.01432951400857
0.0375884671089113	8.68539047778119e-05	0.00376718421654391	0.829054859278486	0.0745613085805734	0.0357310977235775	0.00481037821325436	0.00271003922924941	0.0116898117446262
0.0402936679061829	0.0111362076468574	0.0384948436248962	0.822353515257389	0.0349871976738352	0.0120063007356191	0.0103700399432661	0.0296790819643621	0.000679145247592316
0.0127956825494043	0.0158383007824042	9.05626246740659e-05	0.854178500288503	0.0658280990953772	0.00433201790087892	0.0116778420466125	9.05626246586133e-05	0.0351684320874867
0.0108750508344007	0.0158401715330589	9.13110244443707e-05	0.863210792307404	0.0680803559666269	0.0325989275229727	0.00912076876218488	9.13110244521596e-05	9.13110244553714e-05
0.00872055326930445	0.0826523380199037	8.84938887931097e-05	0.857732903453383	0.0174654534600612	8.84938887947956e-05	0.0293664297591134	0.0031445518450393	0.000740782415607516
0.00182736822147891	9.10873129187411e-05	0.00393848239368231	0.904138835683285	0.0393520079065405	0.0245807185736616	0.00416336451530548	0.0158100350870308	0.00609810030609729
0.00157253090559228	0.0315220183986535	8.52190992625992e-05	0.869665482176022	0.0469680270870842	0.0170691898319481	0.0219391803582672	8.52190992635323e-05	0.0110931330439066
0.00687445853634702	8.86821845032342e-05	0.010987063272045	0.842278101501475	0.0554115509868289	0.0431360920210959	0.00268421612646854	0.00618889386214987	0.0323509415090869
0.0344092305650406	0.00862527018781984	8.87615690100001e-05	0.842073369524345	0.0755635259192295	0.0389735575275195	8.87615690127429e-05	8.87615690105127e-05	8.87615690127429e-05
0.0203560583955525	9.27294002242461e-05	0.00944817173572586	0.87879178951782	0.0497598788006512	0.0221682811109882	0.00309207813476391	9.27294002170752e-05	0.0161982835040574
0.00956916179542067	0.0132460201203997	9.05060346264802e-05	0.889558207287966	0.0583592837755812	0.028905302882206	9.0506034594848e-05	9.05060345823878e-05	9.05060346233085e-05
0.00854942863144493	0.00681225416323443	0.000136416931484442	0.901857389014288	0.0338349283815572	0.030544810218025	0.0108855990360476	0.000353101972288569	0.0070260716516298
8.87097770885878e-05	0.0141575526287868	8.8709777082971e-05	0.91743344529623	0.0486018792037992	0.0107000304229746	8.87097770895253e-05	0.00875225333986015	8.87097770880171e-05
9.05492219108171e-05	0.0289029107395104	9.05492219105878e-05	0.874407479729228	0.0589421126255151	0.0175796531900629	0.0133163645271139	9.05492219106031e-05	0.00657983152283741
0.00809248162601988	0.0345799264857602	0.00936153943137794	0.850549424523297	0.081873417345219	9.32588503239483e-05	9.32588503233562e-05	0.0152634340373551	9.3258850323357e-05
0.0461336236866439	0.0242170844261587	0.0097325430300727	0.837454037476283	0.0325719550352252	0.0118926969625055	0.0282596728652207	0.00652711345192942	0.00321127306596093
0.00458812642901225	0.0011433728686992	8.81674679413004e-05	0.878966850236039	0.0453348624110188	0.044021657550225	0.0119519217999638	0.0109114282509238	0.00299361298617692
0.0163876460706256	0.0158070099086676	0.000174973526387276	0.862864550425905	0.0415814266627788	0.0488059708904203	0.0100920192836774	0.00416105330803777	0.000125349923499745
8.99413503711414e-05	0.0206270797456418	8.99413503682372e-05	0.851859064908884	0.0959138357936743	0.0232960788209685	0.00288542065883655	8.99413503668288e-05	0.00514869602088827
9.14678496574582e-05	0.00010916434925536	0.0010926934953936	0.905231593626391	0.0399131015254104	0.0414710825434671	9.14678496625455e-05	0.0108298047184817	0.00116962404228048
0.00185043906337243	0.00577169770184231	9.2600317620776e-05	0.823644384381311	0.106888380965078	0.0259430203570614	0.0127638670401431	0.00345164969504247	0.0195939604785279
0.0120230950736644	9.37465171479065e-05	9.37465171381165e-05	0.882665054883897	0.056678846465286	0.0458262126918982	9.37465171479064e-05	9.37465171455231e-05	0.00243180481667461
0.00228917256026881	0.0222047615088862	8.73670321380572e-05	0.870063727524011	0.0542453455939753	0.0258645871535662	0.0103193378457523	0.00565925044661219	0.00926645033479005
0.0090774042202327	0.00723116800769864	8.56882605155352e-05	0.850349753151105	0.0756447234706994	0.0317252531841695	0.00560600046136422	0.00720518754886526	0.0130748216953501
0.00492979809628229	0.00482783138000624	0.00595206127929119	0.89830570295659	0.0589798648152727	0.0226202198675022	0.00420735111095084	8.85852470525162e-05	8.85852470515458e-05
8.83202986323285e-05	8.8320298632329e-05	0.00469516138624708	0.914647210473815	0.0448765148990611	0.0209304634708884	0.00630209336478304	0.00828359550930828	8.83202986323298e-05
0.00563797689773466	0.0138549721427115	9.24293309376087e-05	0.883461736673145	0.066121645693067	0.0261760265334314	9.24293309138926e-05	9.24293309417115e-05	0.00447035406711694
0.016505184887125	0.0187297245727642	9.24877548436387e-05	0.853901797172426	0.0835981845305654	0.0177113090842161	0.00784062263613539	9.24877548431445e-05	0.00152820160708113
0.0291757145238958	9.28829561119694e-05	0.00982420319908889	0.829053536626504	0.0685214255093213	0.00944158222550598	0.00460383568809542	0.0182672522852238	0.0310195669862529
0.0274433942117492	0.00012968706762266	0.00876365589164299	0.824354680541577	0.0665018949567762	0.032990071634215	0.00199965946673378	0.0107427104014024	0.0270742458282814
0.00473269274415764	9.19066731442894e-05	9.19066731428172e-05	0.896787944994358	0.0418579746184165	0.0367761205995554	9.19066731438336e-05	9.19066731473854e-05	0.019477640350934
0.0037754373054571	8.96239055433152e-05	8.96239055456438e-05	0.883829711623221	0.075601947170482	0.026706391769651	0.00396469387756697	8.96239055484048e-05	0.005852946536985
0.00945569789054397	0.00306938232518558	8.67649962478873e-05	0.842011032975056	0.104824701745999	0.0384767006973687	0.00190218937709212	8.67649962556397e-05	8.67649962508472e-05
0.00116714294258351	0.0118628148753529	0.00997191676349015	0.859610586912965	0.0954718603668595	0.0171917116439261	0.00454241850184585	9.07739964859658e-05	9.07739964908083e-05
0.0187979623631749	9.30261500356535e-05	0.000709112203041776	0.847207468027391	0.0799995997533495	0.024031428392663	0.00621156232444435	9.30261500311749e-05	0.0228568146358691
0.0206009449106313	0.0337106227475734	8.84320654458874e-05	0.898059822328268	0.0242746491595901	0.0132293056769809	0.00871388014499202	8.84320654493609e-05	0.0012339109010685
0.0179326781260858	0.00611515731888636	0.000130615745019833	0.841184098163072	0.0860880459103255	0.0329842035162085	0.000477517881208096	0.00476889207331531	0.010318791265879
0.0012676532795561	0.00353238788422747	6.42940104174466e-05	0.897999576523818	0.0579440092716497	0.024004331396307	6.42940104144209e-05	6.42940104076083e-05	0.0150591596132022
