Basophils	Bcells	CapsularFibroblasts	cDC1s	cDC2s	CentralVeinEndothelialcells	Cholangiocytes	Fibroblasts	Hepatocytes	HsPCs	ILC1s	Kupffercells	LSECs	LymphaticEndothelialcells	Mesothelialcells	MigcDCs	MonocytesMonocytederivedcells	Neutrophils	NKcells	pDCs	PortalVeinEndothelialcells	Stellatecells	Tcells
3.54953435561664e-05	3.54953435586661e-05	3.54953435581749e-05	0.0487819761895539	3.54953435581749e-05	3.54953435581791e-05	0.00240259085269869	3.54953435581746e-05	0.834266484841536	3.54953435581739e-05	3.54953435581708e-05	0.0260513743488456	0.0450071528010291	3.54953435735374e-05	3.54953435581711e-05	3.54953435581736e-05	0.00922747016172187	3.54953441726162e-05	3.54953435600496e-05	3.54953435581754e-05	3.54953435581072e-05	0.0188678954175445	0.014862625233067
0.00527761151500993	3.29875647426664e-05	0.0215400063010032	0.0096506595666378	0.0215480339274439	3.29875647426685e-05	0.118677917657323	0.0503879467421779	0.635673846026369	0.0188441570779232	3.29875647426686e-05	0.0222441720762865	0.0271340265449691	0.0148769472427473	3.50821134005154e-05	3.2987564742668e-05	0.0194475036880701	3.29875647402623e-05	3.2987564743156e-05	0.0089841551051409	0.0254140338975584	3.29875647426678e-05	3.29875647426683e-05
0.00509915697539634	3.65802565152933e-05	3.65802564896242e-05	0.0102407319070029	0.0264500045729552	3.65802564896132e-05	3.65802564896244e-05	3.65802564908229e-05	0.836671574331288	3.65802564896238e-05	3.65802564896297e-05	0.0488374995378161	0.0283355243970415	3.65802564914598e-05	3.6580256489613e-05	3.65802564896234e-05	0.0235081375148189	3.65802564838426e-05	3.65802564971098e-05	0.00268467905245617	0.00631048195624931	0.00820772557232829	0.00321552110474074
0.000425408938383919	0.0106894318519571	3.64153069954735e-05	0.0323775329195262	0.00661317886811579	3.64153069948276e-05	0.00480776880515863	3.6415306994827e-05	0.822340258982705	3.6415306994827e-05	3.64153069948416e-05	0.0532192151924884	0.0433528103568448	3.64153069947702e-05	0.00239326392131249	3.64153069948245e-05	0.0184882539566331	3.64153069880915e-05	3.64153069932953e-05	0.00251364764816393	3.64153069948101e-05	0.00237866018177373	3.64153069966498e-05
0.000380056738309292	3.67041439135456e-05	3.67041439238985e-05	0.0336231429373882	3.67041439238925e-05	0.00698116435780079	0.0170073772120021	3.67041439238934e-05	0.835138588415817	3.6704143923893e-05	0.0035584721899688	0.0464260491042911	0.0308904517028113	3.67041439225066e-05	3.67041439238933e-05	3.67041439238934e-05	0.00516587350854281	3.67041439180031e-05	3.67041439226907e-05	3.6704143923894e-05	0.00611868421628535	0.0142696898897137	3.67041439257246e-05
3.5901979254566e-05	3.59019792334726e-05	3.59019792513268e-05	0.0272557578097165	3.59019792513265e-05	0.00293042457363246	0.0106329294473594	0.00844549209578729	0.7944322154518	0.0032981572318679	3.59019792513219e-05	0.0419133140620129	0.0422848682382387	3.59019792504832e-05	0.00856092315488924	0.000458496784265285	0.0317165775194213	3.59019792471402e-05	3.59019792533814e-05	3.59019792513271e-05	0.0106661291102122	0.00979927114760932	0.00728232555994372
0.00124446867975061	3.43969888215578e-05	0.0181943271375239	0.0578072653293286	3.43969888237128e-05	0.0331209673893741	5.35440371217557e-05	3.43969888237131e-05	0.800966769948357	3.43969888237107e-05	3.43969888237134e-05	0.0453368502075354	0.0189352059687431	3.43969887713182e-05	0.00661526312805744	3.43969888237104e-05	3.43969888226106e-05	3.43969888969556e-05	3.43969888236114e-05	5.02317972005616e-05	3.43969888237219e-05	0.017262342511105	3.43969888237113e-05
3.44912348146325e-05	3.44912348194481e-05	0.00479270586646332	0.0412173884545597	0.0251613333444435	0.00566788224984552	3.4491234816656e-05	3.4491234816656e-05	0.834485728367133	0.000504250750436426	3.44912348166573e-05	0.0234214195468819	0.0424477971335773	3.44912348165947e-05	3.44912348166527e-05	3.44912348166559e-05	3.44912348159737e-05	3.44912353105901e-05	3.44912348164161e-05	3.44912348166561e-05	3.44912348166536e-05	0.0218186169987321	3.44912348166545e-05
3.52197890748822e-05	0.00058510976894165	3.52197890749872e-05	0.00199576950584467	0.0399600114936651	0.0163622342852406	0.00822949977522908	3.52197890749872e-05	0.834148609342054	3.52197890749874e-05	3.52197890749902e-05	0.0401035736900037	0.0100268749520635	3.52197890738255e-05	0.00800876375318825	3.5219789074987e-05	0.023155931784523	3.52197890723781e-05	3.52197890687135e-05	0.00796869265982755	3.52197890749352e-05	0.00598254627364997	0.00312018482502938
0.000289615148888172	3.69545559777242e-05	3.69545559845966e-05	0.0150214477771802	3.69545559845975e-05	3.6954555984603e-05	0.0198632363006556	3.69545559845883e-05	0.82264445128691	3.69545559845982e-05	3.69545559845995e-05	0.0592413772710293	0.0337195624270025	3.69545559840618e-05	3.69545559845981e-05	3.6954555984598e-05	0.0274068160145753	3.69545559841071e-05	3.69545559900104e-05	0.00508326838997949	0.00494983920674624	0.0112999769492554	3.69545559652402e-05
3.47599891091646e-05	3.47599891091739e-05	0.00195421180590694	0.0442756362969689	3.4759989109173e-05	0.0163476516148728	0.00407147718678704	3.4759989109162e-05	0.77999629890105	3.47599891091661e-05	3.47599891091663e-05	0.0585128338502767	0.0366854033880832	3.47599891091815e-05	3.47599891091692e-05	0.0011203701920565	0.0264588838026739	3.47599890679632e-05	3.47599891074996e-05	3.47599891091694e-05	3.47599891091688e-05	0.0182221248200504	0.011937988272006
3.59048836068806e-05	3.59048835993852e-05	3.59048836088592e-05	0.0303185224973073	3.59048836088594e-05	0.0140532785982521	0.00349899520621674	3.59048836088597e-05	0.817068056750734	0.00302140326112407	3.59048836088506e-05	0.0393739293661545	0.0351448205703347	3.59048836091309e-05	0.00505535850055285	0.00742524177858275	0.0282937404253365	3.59048836085225e-05	3.59048836109888e-05	3.59048836088586e-05	3.59048836088594e-05	0.0125409992836392	0.00381070004207677
3.63783687579407e-05	3.63783687624276e-05	0.00483060038311051	0.0406203603735748	0.0034585847760493	0.0144386172934068	0.00444091576388561	0.000107116564225239	0.826496299383229	3.63783687599463e-05	3.63783687599489e-05	0.0393396067286143	0.0406371007693922	3.63783687599441e-05	3.63783687599475e-05	3.63783687599474e-05	0.00420425364330159	3.63783687480532e-05	3.63783687611262e-05	3.63783687599487e-05	3.63783687599487e-05	0.0171088314691418	0.00391755079571969
3.72463541800441e-05	3.72463542038455e-05	0.00202715726771617	0.0376266788052302	3.72463541871271e-05	3.72463541871304e-05	0.0100762170657079	3.72463541871253e-05	0.870041946376484	3.72463541871253e-05	3.72463541871262e-05	0.041256535726628	0.0190390988221126	3.72463541270861e-05	3.72463541871251e-05	0.000989087794414868	3.72463541874032e-05	3.7246354182302e-05	3.72463541961993e-05	0.00712794569820522	0.00347844938477708	0.00785268045434965	3.72463541740046e-05
3.46032384895424e-05	0.00494002663878444	0.0104982039700279	0.0448266750662545	3.4603238484793e-05	0.00376165785683407	0.00338608209849341	3.46032384853056e-05	0.820080686029855	3.46032384847961e-05	0.000989513985559263	0.0200372328269175	0.0482108591481648	3.4603238484799e-05	3.46032384847931e-05	0.00134334269833992	0.010122330463454	3.46032384844986e-05	3.46032384938975e-05	0.00230069055036017	3.46032384847936e-05	0.0166642398642283	0.012527029656349
3.51728315751702e-05	3.51728315742672e-05	3.5172831577031e-05	0.0378080606347609	0.0110622919213485	0.0048571904129889	3.51728315759603e-05	3.51728315770313e-05	0.834878241265969	3.51728315770301e-05	0.000683036761723731	0.0434800931421269	0.0315774934912049	3.51728315781205e-05	0.00407359794011512	3.5172831577031e-05	0.00563220071134596	3.51728315764934e-05	3.51728315797287e-05	0.0115419483771367	3.51728315773454e-05	0.0079981683727077	0.00602077582122667
3.57056721463562e-05	3.57056721379362e-05	3.57056721378038e-05	0.0459143795828302	3.57056721378106e-05	0.0033435101355825	3.57056721378106e-05	3.57056721378111e-05	0.82216640376688	3.57056721378088e-05	3.57056721378083e-05	0.0423650810008669	0.0505538324710655	3.57056720817413e-05	0.00509638419249968	3.5705672137805e-05	0.0117716647347095	3.57056721339334e-05	3.57056721394429e-05	0.00749860157050013	3.57056721378097e-05	0.0107902631351861	3.57056721378102e-05
3.38142822590696e-05	3.38142822527609e-05	0.0184613964874702	0.0227288629344723	3.38142822657507e-05	0.0577117663347135	0.00511526100276126	0.0342627860295464	0.763761715354025	3.38142822657504e-05	3.3814282265761e-05	0.0421438670781855	3.38142822657513e-05	3.38142822657537e-05	3.38142822657512e-05	3.38142822657513e-05	0.0258373301468029	3.38142822686121e-05	3.38142822699819e-05	0.00808394315981502	3.38142822654273e-05	0.0191397451448527	0.00234755494017832
0.0010811686939594	3.09213695039167e-05	0.0847515892723731	0.0335660848649593	3.0921369503909e-05	0.0145052314001808	0.0178602298524261	0.102462073337003	0.521718993528395	3.09213695039111e-05	0.0128777093981908	0.034062021335271	3.09213695039097e-05	0.0973450848089285	3.09213695039083e-05	0.0031100189733954	0.0559114165711883	3.09213695022475e-05	3.0921369503788e-05	0.00528195000724846	0.0151881356309469	3.09213695039087e-05	3.09213695039058e-05
3.64688757377947e-05	0.0147083020303968	3.64688757269067e-05	0.0283086680410761	3.64688757269048e-05	3.64688757268968e-05	0.00885260211691245	3.64688757269051e-05	0.82716998291076	3.64688757269043e-05	3.64688757269078e-05	0.0512867487358817	0.0321513949507736	3.64688757269057e-05	0.00642961333992927	3.64688757269054e-05	0.0101509392531367	3.64688751470044e-05	3.6468875733027e-05	0.00919175562566241	0.0033373481818529	0.00797501830545601	3.64688757287813e-05
3.64641635096547e-05	0.00208914435910006	3.64641635044103e-05	0.018706248091367	0.0351771448178224	3.64641635036847e-05	3.6464163503685e-05	3.64641635036895e-05	0.830058069559445	3.64641635036851e-05	3.64641635036858e-05	0.0434300715386541	0.0491610696172285	3.64641635034484e-05	0.00636815090409716	3.64641635036851e-05	0.00635296975215745	3.6464163131106e-05	0.00193344799514163	3.6464163503685e-05	3.64641635036841e-05	0.00624964923979883	3.64641635095576e-05
0.00506779494579838	0.00260655221303354	0.00463762719872803	0.0286927771514065	3.65316923356391e-05	0.00354304614279667	0.015938185767568	0.00248417893988323	0.825627811300685	3.65316923356414e-05	3.65316923356378e-05	0.0611171982743017	0.0183322657751907	3.6531692335487e-05	0.00217028378083398	3.65316923356415e-05	0.0231018905988396	3.65316923297797e-05	3.65316923412643e-05	3.65316923356416e-05	0.000634125060693411	0.00571747761921703	3.65316923396201e-05
2.39718739938149e-05	2.39718739935576e-05	0.00665705698241744	0.0519886370822472	2.39718739925368e-05	0.081244521516436	0.00076266589145752	0.0294076631109732	0.776600868023058	0.000357872512941826	0.00185093417151602	0.0144438137297889	2.39718739925375e-05	0.00629989531093109	0.0104883260277728	2.3971873992536e-05	0.0194784922662416	2.39718739885383e-05	2.39718739936945e-05	2.39718739925369e-05	2.39718739925361e-05	2.39718739925358e-05	0.000179534634293493
3.44916115979813e-05	3.44916115691545e-05	0.012661341899199	0.00447242998137806	0.0330985261054048	0.0283613053248166	0.00318254675880911	0.00406510770471523	0.817857180330618	3.44916115979799e-05	3.44916115977618e-05	0.0483200344002215	0.00626230682716913	3.4491611597918e-05	0.0135451276748242	3.44916115979785e-05	0.0153905699943824	3.44916119720481e-05	3.44916115890206e-05	0.00434612590868361	3.44916115979785e-05	0.00809248097345334	3.44916116065212e-05
0.000703907884445298	0.0127816863058317	0.0040438698193451	0.0441094313269019	3.49542418077285e-05	0.00117457904367816	3.49542418077287e-05	4.92699329108058e-05	0.798780876908504	3.49542418077282e-05	3.49542418077292e-05	0.0616570068196936	0.0427525483112325	3.49542418075739e-05	3.49542418077288e-05	3.49542418077284e-05	0.00986410375475812	3.49542423162999e-05	3.49542418075572e-05	3.49542418077284e-05	3.49542418077066e-05	0.0165078992526957	0.00719032397961005
3.43084133774788e-05	3.43084133767064e-05	0.00235057952506917	0.0317687797084576	3.43084133746552e-05	0.0167531050523095	0.0016684393450349	0.00345078112732159	0.801892865193398	0.00296334050557221	3.43084133746516e-05	0.051559274236	0.0277967231049553	3.43084133746419e-05	3.43084133746506e-05	0.000465124717845046	0.0447929653307188	3.43084140793027e-05	3.43084133750205e-05	3.43084133746515e-05	3.43084133746537e-05	0.0141606296054872	3.43084133746517e-05
2.39080722970983e-05	0.000932615335998506	2.8301120767765e-05	0.0641896230024438	0.00427221018384533	0.0333953418848125	0.00322711045008612	2.39080722999606e-05	0.80177680889247	0.0138223607459132	2.39080722999619e-05	0.031105091364972	0.0128642792245627	2.39080722297427e-05	0.00295540971071798	2.39080722999634e-05	0.00793998465342246	2.39080722982912e-05	2.3908072299497e-05	2.39080722999606e-05	2.39080722999605e-05	0.0175068953942985	0.00576879538506441
0.000822668244606987	3.48301162411459e-05	3.48301162400376e-05	0.0342694214431382	0.0155792630838415	3.48301162400388e-05	0.00594790476443899	3.48301162400395e-05	0.833081030823649	0.00436251718491853	3.48301162400372e-05	0.0518142964761365	0.0324948272431388	3.483011624045e-05	0.000145613067171446	3.48301162400376e-05	0.00424251001665891	3.48301162343691e-05	3.48301162501204e-05	0.00660253346214209	3.48301162399679e-05	0.00734781952647159	0.00294129350128121
0.000609707251872509	0.0140124691666597	0.00486229011571098	0.0149337854135614	0.0125650862442514	0.0120139754719148	0.0025818404368697	3.59062063145448e-05	0.824695685607169	3.73066724369497e-05	3.59062063145468e-05	0.0298891412212221	0.0431829953369009	3.59062063149796e-05	0.00128014332633904	3.59062063145444e-05	0.0189406711541372	3.59062063134437e-05	3.59062063126151e-05	0.00715572615788401	3.5906206314544e-05	0.00747713854150972	0.00551069443736176
0.00140643851029248	2.29381143155138e-05	0.0523071106012848	0.0574637795715109	0.0118960946245403	2.29381143155182e-05	0.0152449900993619	0.0849016880050358	0.668443388612082	2.29381143155221e-05	2.29381143155175e-05	0.0262858606832271	0.023250140487802	2.29381142477614e-05	2.29381143155194e-05	0.0174942709661609	0.0314361529984143	2.29381143145245e-05	2.29381143155088e-05	0.00961776558288528	2.2938114315519e-05	2.29381143155194e-05	2.29381143155201e-05
3.57543820560719e-05	3.57543820563402e-05	0.000320241008099608	0.037416821068691	0.0232471981672653	0.000262418607552849	0.00712967041853367	3.57543820570158e-05	0.789866152119409	3.57543820570154e-05	3.57543820570107e-05	0.0644522749532194	0.0300707974461713	0.00449657047699837	3.57543820570129e-05	0.00459593619711165	0.00839425965649165	3.57543820979192e-05	3.57543820565855e-05	3.57543820570178e-05	3.5754382057016e-05	0.0293543616777895	3.57543820570159e-05
2.44249814741568e-05	2.44249814721948e-05	2.44249814721945e-05	0.0485744846291649	0.00237441774702981	0.00207509926966926	0.00580561176085389	2.44249814721957e-05	0.798876986030072	2.44249814721949e-05	2.44249814722143e-05	0.0502744636063087	0.0313509510579835	2.44249814198493e-05	0.0046978208127497	2.44249814721968e-05	0.0308387094611002	2.44249815895549e-05	2.44249814750534e-05	0.0039455684075506	0.00338935006282933	0.0132980792520983	0.00425420808779781
0.00114339936600535	0.00176047766199535	3.68656784262921e-05	0.0419424456392872	3.68656784262921e-05	0.00583239718604112	0.00562646862567299	0.00228853732814226	0.850643218824231	3.68656784262939e-05	0.00379286723719023	0.0266874194661316	0.0325067386240425	3.68656784262857e-05	3.68656784262923e-05	3.68656784262916e-05	0.0197423659582522	3.68656783606392e-05	3.68656784303896e-05	3.68656784262923e-05	0.00256028632360703	0.00510472097519937	3.6865678426291e-05
2.34220360840088e-05	2.34220360827625e-05	0.0146004283593692	0.0284492123477377	0.017479968912346	2.34220360824928e-05	0.00222725988966078	2.34220360824942e-05	0.83016980879816	3.56323465394454e-05	2.34220360825083e-05	0.0143270062244529	0.065950145040636	2.34220360768287e-05	2.34220360824925e-05	0.00495761611788797	2.3422036082843e-05	2.34220360793328e-05	2.3422036082753e-05	2.34220360824935e-05	2.34220360824936e-05	0.0090913673865682	0.0124304901436582
3.6563169956498e-05	0.0124198808368657	3.6563169959472e-05	0.0259280653928303	0.0102319868011565	3.6563169959472e-05	0.00461423353388479	3.6563169959472e-05	0.823869870622328	0.00579136759837916	3.65631699594735e-05	0.051979392376063	0.0320066105143091	3.65631700470659e-05	3.65631699594713e-05	0.0133598350434405	0.00186506034849533	3.6563169953223e-05	3.65631699602735e-05	0.00624038357893635	3.65631699629796e-05	0.0112911184836775	3.65631699568249e-05
3.68772986624334e-05	3.68772986766378e-05	0.00604973268094152	0.0402023619368793	3.68772986643751e-05	0.00484241264627375	0.0184898637188805	0.00518174111367115	0.841987553921608	3.68772986643763e-05	0.00935087496536672	0.0471921116949717	0.0137321644637801	3.68772986643835e-05	3.68772986643766e-05	3.68772986643771e-05	3.68772986643765e-05	3.68772986715664e-05	3.68772986660867e-05	0.00634364438122983	3.68772986643629e-05	0.00618501089241456	3.68772986556338e-05
3.4007252894701e-05	3.4007252901395e-05	3.40072528918546e-05	0.0576133893607713	3.40072528918572e-05	0.0193630826262681	0.00609749564994937	3.40072528918542e-05	0.807185306732821	3.40072528918542e-05	3.40072528918562e-05	0.0241772142027969	0.0340275976082807	3.40072528917316e-05	0.0188229522078395	3.40072528918539e-05	0.0188438411708565	3.40072528928262e-05	3.40072528936781e-05	3.40072528918552e-05	3.40072528885335e-05	0.0133930188999188	3.40072528918543e-05
3.51471132428219e-05	3.51471132459558e-05	0.0129892120675246	0.0434836198196039	3.51471132419295e-05	0.00794872360098332	0.00193996963999548	3.51471132419287e-05	0.834981778569786	3.51471132419275e-05	3.51471132419451e-05	0.0473110538637456	0.0218837203246982	3.51471132419686e-05	3.51471132419286e-05	3.51471132419214e-05	0.0153307721545447	3.51471132667001e-05	3.51471132322432e-05	3.51471132419291e-05	0.00121737043438318	0.0124568670525691	3.51471132419308e-05
2.50004427909273e-05	2.50004427993495e-05	0.0165006022282792	0.0363025973830556	2.5000442793463e-05	2.50004427934643e-05	0.0213271243506839	0.0318289239281195	0.805405444572283	0.00372477151500678	2.50004427934641e-05	0.0178086051830723	0.0186997283517088	2.50004427773469e-05	2.53989319392374e-05	2.50004427934641e-05	0.0201147011034172	2.50004420674761e-05	2.5000442794556e-05	2.50004427934642e-05	0.0271363411213195	0.00085075646112342	2.5000442794761e-05
0.00295906355481849	0.000699206548915705	0.0105745747239657	0.023410414497079	3.58741241660605e-05	0.00788387580373114	0.00845029170784675	3.58741241660651e-05	0.831175148247848	3.93668557095949e-05	3.58741241660568e-05	0.0697377106590533	0.012143164206791	0.001322621368532	3.58741241660622e-05	0.00196193293402271	0.029177059663351	3.58741241657584e-05	3.58741241681861e-05	3.58741241660615e-05	3.58741241660001e-05	0.000142702110838846	3.58741241660639e-05
9.44333855671153e-05	0.00144738083878323	0.00583562665454881	0.0390311181214992	0.00793291316384383	0.0189737270622467	0.00349628086855938	3.49862308162885e-05	0.809434598045657	3.49862308162872e-05	3.49862308175353e-05	0.0465753805096323	0.0247150077303427	3.49862309790352e-05	3.49862308162877e-05	3.49862308162877e-05	0.0141800165521093	3.49862315724248e-05	3.49862308164571e-05	3.49862308162874e-05	3.49862308162612e-05	0.0278986685273102	3.49862308167135e-05
0.00292827357258049	3.59651829881105e-05	3.59651829793584e-05	0.031656503111031	0.0108869703255622	0.0080810949348761	0.00392228580331861	0.00232942902178171	0.806937981714764	3.59651829793591e-05	3.59651829793661e-05	0.0662016588546078	0.0213113627402849	3.59651829796198e-05	3.59651829793586e-05	3.59651829793584e-05	0.0345331901517498	0.00135073165499045	3.59651829807814e-05	3.59651829793573e-05	3.59651829793582e-05	0.00899169007622952	0.000509176208419298
3.57469157467324e-05	3.5746915758761e-05	0.00118047930860689	0.0389182187447769	3.57469157459847e-05	3.57469157459918e-05	0.00239118856971605	3.57469157459848e-05	0.822415607920085	0.00286797214706694	3.57469157459833e-05	0.0322506427753707	0.0549696225709091	3.57469156930361e-05	3.57469157459778e-05	3.57469157459849e-05	0.0262225365403156	3.57469154819407e-05	3.57469157511204e-05	3.57469157459842e-05	0.000166448357731773	0.018152573161025	3.57469157425197e-05
0.00454830177805885	3.71976681416605e-05	3.71976681458932e-05	0.0220121314614618	0.0145539372152934	3.7197668145888e-05	0.00597509234271717	3.71976681469603e-05	0.835854806755946	3.7197668145887e-05	0.0136960097981236	0.0475329161360708	0.0200946040750251	3.71976680842745e-05	3.71976681458866e-05	0.00172599877319759	0.00495078111792494	3.71976681371348e-05	0.00687945015617684	0.0097365255574772	3.71976681449487e-05	0.0120674681511625	3.71976681249243e-05
5.34204251664024e-05	0.00193621463806948	5.3420425166402e-05	0.0195542234397949	5.34204251664009e-05	5.34204251664028e-05	0.00335731392545808	0.00384457287411981	0.83118234773475	5.34204251664009e-05	0.00103848013586352	0.059279591228951	0.0148635497970295	5.34204251702737e-05	5.34204251664021e-05	5.34204251664017e-05	0.0323944275289067	5.34204251738435e-05	5.3420425162836e-05	0.00676616828237477	0.0105827958986462	0.0146126898391954	5.34204251690654e-05
3.67286365733116e-05	3.6728636569096e-05	0.00606272191414604	0.0326994979834736	3.67286365672851e-05	0.00175950597347194	0.00768549684028644	3.67286365672853e-05	0.851228435090959	3.6728636567285e-05	3.6728636567284e-05	0.0282308641885824	0.025561823773602	3.67286365114552e-05	0.0101877388134019	3.67286365672868e-05	0.00997332779886803	3.67286365676629e-05	3.67286365623426e-05	0.010074048394007	3.67286365672863e-05	0.00145403707451394	0.0146784871525002
3.62615907910797e-05	3.6261590761944e-05	0.00600762270627683	0.017251773907578	3.62615907989742e-05	0.0069062221869479	0.00617420338074498	3.62615907927854e-05	0.853755803727982	3.62615907927842e-05	3.62615907927856e-05	0.032350208684324	0.0290020896210947	3.62615907915754e-05	3.62615907927853e-05	3.62615907927854e-05	0.026116036146228	3.62615910164428e-05	3.62615907874179e-05	0.00618076260435861	3.62615907927047e-05	0.0157838763539667	3.62615907945947e-05
6.78763451425592e-05	0.00167421216102352	0.00431112383698213	0.0233502260377287	0.00968695925291234	0.0106452288285091	0.0123942269554882	0.00305458396707052	0.848998803100006	0.000793673373436923	3.65593358462966e-05	0.0459400767694051	0.0109437770323177	3.65593358461405e-05	3.65593358462957e-05	3.65593358462981e-05	0.0162544189024983	3.65593358421367e-05	3.65593358486615e-05	3.65593358462978e-05	3.65593358457656e-05	0.011555779414863	3.65593358481434e-05
0.00395803621351097	0.00370897346469872	0.0011346919479582	0.0358933584609579	3.62171712271873e-05	3.62171712265977e-05	0.0534780800181256	0.00306231054704822	0.800406096348831	3.6217171226597e-05	3.62171712265957e-05	0.0317098306676134	0.0239587425735075	3.62171712265971e-05	0.0132045234329931	0.00370117278241392	0.00839456306782064	3.62171712154407e-05	3.62171712305646e-05	0.003778780097946	0.00618453530236104	0.00713656770440598	3.62171712284005e-05
0.000740930272595961	3.41614311393783e-05	0.0176571500826245	0.0279644553863936	3.41614311388193e-05	0.0658168636779007	0.00356317742770943	3.41614311388196e-05	0.755785706872932	3.41614311388194e-05	3.41614311387631e-05	0.0544875813044095	0.0179695999407771	3.41614311386786e-05	3.41614311388249e-05	0.00523862929038814	0.0333898251509472	3.41614311334191e-05	0.000823891102998862	3.41614311388192e-05	3.41614311388234e-05	0.016186413747801	3.41614311388197e-05
0.0020999923269678	3.58886869483489e-05	0.0016125860106443	0.0336600693720847	3.58886869483513e-05	3.58886869483488e-05	0.00517761885815618	0.00384759693613413	0.822620854497086	3.65238758101524e-05	0.00392848900324794	0.0388939184342863	0.0335328369545563	3.58886868944066e-05	3.58886869483498e-05	0.0112287959660501	0.0115195188701376	3.58886869884605e-05	3.58886869386797e-05	0.0161769102510824	3.5888686947617e-05	0.0153199181399156	5.72610082780759e-05
0.00123177398237562	3.59934002804617e-05	0.00904000670173402	0.0370738817213095	3.59934002804595e-05	3.59934002804601e-05	0.00927396885699087	3.59934002804608e-05	0.785346969872094	3.59934002804606e-05	3.59934002804474e-05	0.0530503230714246	0.0224254655164543	3.59934002790879e-05	3.59934002804614e-05	0.000785754197759653	0.0322064057292698	3.59934002831269e-05	3.59934002767359e-05	3.59934002804605e-05	3.59934002796466e-05	0.0237634805721368	0.0253700489750885
5.10752329297612e-05	0.010986296494169	0.00256489294372503	0.0363063495332034	5.10752329068744e-05	0.00317099774744022	0.00794728166249534	5.10752329065777e-05	0.852914279709175	5.10752329068752e-05	5.10752329068775e-05	0.0242007999090814	0.0264193374685822	5.1075232904823e-05	5.10752329068749e-05	0.00408268513248188	0.00424790095635812	0.00218362716411661	5.10752329079707e-05	0.010965620668901	5.10752329068749e-05	0.00768659733977005	0.00586365617431728
0.0023243747479804	0.00384666615414254	0.00524773071021979	0.0295766851896557	3.57355063061563e-05	3.57355063061625e-05	0.00869243720677944	3.57355063061645e-05	0.81085755489791	3.57355063061613e-05	0.00654053752659404	0.0576551928364489	0.0409185320240354	3.57355063061667e-05	3.57355063061615e-05	3.57355063061614e-05	0.018974097656657	3.57355063013575e-05	3.57355063058886e-05	0.00025430115362333	0.00414941130937513	0.0106051235235217	3.57355063061613e-05
3.55324898327381e-05	3.55324898301492e-05	3.55324898354306e-05	0.046288178830365	0.00143817220030896	0.010319137660134	0.000597548833391482	3.55324898354304e-05	0.844749676793322	3.55324898354306e-05	3.55324898354336e-05	0.0379736458174066	0.0297897205485554	3.55324898371793e-05	3.55324898354298e-05	3.55324898354328e-05	0.00713490548917728	3.55324902994932e-05	3.55324898402578e-05	3.55324898354296e-05	0.00212576980379103	0.00821612285369748	0.0109407312913627
3.67742382830061e-05	0.00161818455488882	4.1281325562711e-05	0.0237392954195815	3.67742382768109e-05	3.6774238276809e-05	0.0171789027369686	0.00750470132362858	0.813336379197986	0.00116915483682789	3.67742382768019e-05	0.057158600637122	0.0321993622086119	3.67742382768128e-05	0.00274293733132796	3.67742382768115e-05	0.0142843956191639	3.6774238271288e-05	3.67742382782021e-05	3.6774238276811e-05	0.0122700436317549	0.0163890187938024	3.67742382787541e-05
3.51391789445788e-05	0.0055555246637385	0.00785088669534573	0.0301186409048001	3.51391789445791e-05	3.51391789445789e-05	0.00222492909754627	3.5139178943729e-05	0.792686908165013	3.51391789445788e-05	0.00606427960552452	0.0688682090166606	0.0156530340750804	0.0023963630322414	3.51391789445768e-05	3.51391789445786e-05	0.0370131357958232	3.5139179280211e-05	0.0056108260290689	3.51391789445788e-05	3.51391789452716e-05	0.0255707319504348	3.51391789412917e-05
3.482270825352e-05	0.00131871002282751	0.0113344202995203	0.034492947272555	0.0149486899917281	0.0273731734653546	0.00585316263931381	0.0046145166994229	0.825647617816919	5.14065001210237e-05	3.48227082502306e-05	0.0303808911320603	0.0228957509796077	3.48227081966849e-05	3.48227082502302e-05	3.48227082502326e-05	0.00805950161171801	3.48227082466782e-05	3.48227082515407e-05	3.48227082502302e-05	3.48227082502289e-05	0.0126809844864015	3.48227082502359e-05
0.00036749086450568	3.65214199757135e-05	3.65214199911067e-05	0.0316816326544347	0.00824626850686721	0.0039049736147703	0.0289197342013769	3.65214199911067e-05	0.830676743665793	0.00119202007268718	3.65214199910936e-05	0.0278529779513942	0.0326915781162232	3.65214199911032e-05	0.00140966727433951	3.65214199911067e-05	0.00557218800958478	3.65214200700083e-05	3.65214199939194e-05	0.00802184189942292	0.0115263954264497	0.00760779496220023	3.65214199555622e-05
2.40538897221779e-05	2.40538897222494e-05	0.0193353417702929	0.030154389956154	2.40538897211219e-05	0.0556452796211644	0.00726438818753892	2.40538897211262e-05	0.807978685899618	2.40538897211255e-05	0.00220804573199305	0.0279801277369205	2.40538897211263e-05	2.4053889721122e-05	2.40538897211269e-05	2.40538897211262e-05	2.4053889721061e-05	2.40538896927064e-05	2.4053889722444e-05	0.00753275858413508	2.40538897211229e-05	0.016556222486796	0.0250320594590369
3.49002809893013e-05	3.49002809879036e-05	0.01415429557173	0.0427824786326185	0.00587032550848841	3.49002809886586e-05	0.00805254870379453	3.49002809886607e-05	0.839155518436093	3.49002809886608e-05	3.49002809886613e-05	0.0541091961207534	0.0202307907847058	3.49002809894426e-05	3.49002809886608e-05	0.00142039854521693	3.49002809886607e-05	3.49002805953607e-05	0.000994839953681326	3.49002809886613e-05	0.00612330949306679	0.00668749487837933	3.49002809886823e-05
3.48310702226875e-05	0.00940208124305529	3.48310702281088e-05	0.020870363000854	0.0220126351396922	3.48310702281094e-05	3.87479107042341e-05	3.48310702281087e-05	0.813495545928792	0.000978171082889132	3.48310702281092e-05	0.0404902713829824	0.0521148691406535	3.48310702286708e-05	0.00991680045419732	3.48310702281092e-05	0.0105822656358381	3.48310702256263e-05	3.48310702329203e-05	0.00149703501202744	3.48310702281107e-05	0.00889279222787456	0.00936011113816122
0.000510304940566252	2.42805637244104e-05	2.42805637339561e-05	0.0221967435238178	0.00457851090862849	2.42805637339562e-05	0.0229216392381936	0.024847313696331	0.785050209577071	0.0125215927899443	2.42805637339566e-05	0.0179011036273327	0.0390448935375224	0.0176187754741562	0.0125631439204876	0.00733053503369364	0.0097278878570623	2.42805637306526e-05	2.42805637317866e-05	0.0129807212143646	0.00191889932236779	2.42805637339562e-05	0.00811776139233777
2.52180476088126e-05	0.00426083469149186	2.52180476103115e-05	0.0149631041500501	0.0198960633942377	2.52180476103218e-05	0.00351202542440076	2.52180476103164e-05	0.833437020040658	6.19264693994784e-05	2.52180476102977e-05	0.0470760066112287	0.0254142245352267	2.52180476125809e-05	2.56094006199299e-05	0.00605499238535405	0.0234742267600251	2.52180475279757e-05	2.52180476117792e-05	0.00846849928991148	2.52180476103123e-05	0.0131032863713731	2.52180476103118e-05
3.53622086034271e-05	3.53622085959058e-05	0.00575059554808579	0.0352317274555395	3.53622086000774e-05	3.53622086000818e-05	0.000117869799264175	3.53622086000846e-05	0.83362495062859	3.53622086000824e-05	3.53622086001013e-05	0.0224943558279654	0.030871802922527	3.536220860381e-05	3.53622086000813e-05	3.53622086000819e-05	0.0129898249663771	3.53622085918178e-05	3.53622086098838e-05	0.017689564323754	3.53622086019704e-05	0.0107280550549661	0.0300415447611238
3.41414961516876e-05	0.000586867752868439	0.0153072510433881	0.0369589989068549	3.41414961721915e-05	0.0101948025549367	4.34662905345076e-05	0.0031850395891412	0.807866069470545	3.41414961726364e-05	3.41414961721958e-05	0.0424390632917652	0.0268781507564592	3.41414961703923e-05	3.41414961721859e-05	3.41414961721905e-05	0.0203564945515309	3.41414955642921e-05	3.41414961572622e-05	0.00119771049644231	0.00665513761068461	0.0153122848280918	0.0127113893918523
0.00179137546958076	3.5672208930553e-05	3.56722089289834e-05	0.0433144102269184	3.56722089289833e-05	3.56722089289735e-05	0.00257170224898254	3.56722089289786e-05	0.829254714798568	3.56722089289813e-05	3.56722089289857e-05	0.0489630097012574	0.0376349529382044	3.56722089289827e-05	3.56722089289832e-05	3.56722089289835e-05	0.0231635955995335	3.56722089234364e-05	3.56722089244966e-05	3.56722089289832e-05	0.00311274488844027	0.00969408320351758	3.56722089289837e-05
0.00330712346936673	3.54281611162573e-05	0.0124615451480044	0.0542615770397064	3.54281611262019e-05	0.00318026993978165	0.0546717889670034	0.0176937679038974	0.760527180871787	0.00187152271741223	3.54281611261971e-05	0.0400508950923788	0.0269551766693206	3.54281611261996e-05	0.00212014033536599	3.54281611261995e-05	0.00020545128008989	3.54281611233534e-05	3.54281611178689e-05	0.00205329252161278	0.00161408753423723	0.0187427552210451	3.54281611281306e-05
0.00341977290352383	3.68566529148291e-05	3.68566529094987e-05	0.0063535017337903	0.0121163194077609	3.68566529094979e-05	0.0187484584711374	0.00451614548225581	0.833446472041224	3.68566529094994e-05	3.68566529094966e-05	0.0338079074830938	0.0348787274481579	0.0103222907700303	0.000929136282756217	3.68566529094984e-05	0.0098775147854555	3.68566529036225e-05	3.68566529153326e-05	0.0109011937183145	0.0196595828390848	0.00069126675722205	3.68566529116175e-05
3.55954873646181e-05	3.55954873867585e-05	0.00646642913241183	0.0143864723855891	3.55954873885024e-05	3.55954873885031e-05	0.0370730480516879	0.0115265607175793	0.809845928706848	0.011481265540219	3.55954873885054e-05	0.0152731236351069	0.0236169494088243	3.55954873883523e-05	0.00244221617528763	0.00408662520094285	0.0142766337424182	3.55954873829686e-05	3.55954874002454e-05	3.55954873885038e-05	0.0433555478010849	0.00581324462813225	3.55954873902767e-05
5.02788559783431e-05	0.0010265290363085	0.00650804758806666	0.041866781960882	5.02788559511811e-05	0.00450622157703635	0.000138507324529223	0.00211068019863169	0.847961403016601	5.02788559511811e-05	5.02788559511845e-05	0.0242942312279257	0.0329041457590764	5.02788559489944e-05	0.00695334261383598	9.1649314322658e-05	0.0177806268625079	5.02788559581079e-05	5.02788559720784e-05	5.02788559511814e-05	5.02788559510112e-05	0.0133550449606932	5.02788559695641e-05
0.00281099001961581	0.00246356798075709	0.00445228549043424	0.022753800478227	4.4678822211285e-05	3.49218800366081e-05	0.00299389209449862	0.00548883720344787	0.836251711987877	3.4921880036607e-05	3.49218800366077e-05	0.0355517301996087	0.0508549673236281	3.49218800366066e-05	3.49218800366077e-05	0.00348370494421951	0.0188138761707291	3.4921880041499e-05	0.00361700785717014	3.49218800366078e-05	3.49218800366074e-05	0.0101046525072406	3.49218800366089e-05
0.00240099283857915	3.60771692738217e-05	0.0118265560394803	0.0383274882106471	4.50977170206687e-05	0.000378105835279402	0.0268849510678352	0.0174570287868464	0.819059914474039	3.60771692731949e-05	3.60771692731947e-05	0.0140776577064303	0.0366008222512781	3.60771692731824e-05	0.00138987833843371	3.60771692731969e-05	0.0134634986009555	3.60771692683249e-05	0.0054840082709835	3.60771692731978e-05	0.0121989480947179	0.000116434413279651	3.6077169285347e-05
3.52590111147263e-05	3.52590111061408e-05	0.0238457526734054	0.049281048614604	3.5259011117159e-05	3.52590111171848e-05	0.0225360040925013	0.0241259112608864	0.774624966506578	0.00618458642481038	0.00240866672996979	0.0260775353333005	0.0226896372781179	0.0137542574102092	3.52590111171827e-05	0.00643432437880532	3.52590111172047e-05	3.52590111120016e-05	3.52590111191743e-05	0.0119709339489237	0.0157137852367329	3.52590111171842e-05	3.52590111171854e-05
3.49621475341328e-05	0.0112778897291051	0.00468341193445777	0.0465176333388744	3.49621475326555e-05	0.00171163823801622	0.00725069335159958	3.49621475326571e-05	0.835445105596588	3.49621475326529e-05	3.49621475326572e-05	0.043156982834946	0.0268950062223825	3.49621475326558e-05	3.49621475326542e-05	3.49621475326542e-05	0.010326656652171	3.49621474776987e-05	3.49621475316462e-05	0.00184752778205393	3.49621475326337e-05	0.0104679085494682	3.4962147532654e-05
0.00239304939746148	3.57011800236747e-05	3.57011800287426e-05	0.0358293579073624	3.57011800287396e-05	0.0041702984423389	0.00458806703703408	0.00857840166657831	0.786241503158633	3.57011800287448e-05	0.000364625735370055	0.0610956803925993	0.0193912775907692	0.00756437694727039	3.57011800287442e-05	3.57011800287429e-05	0.0349068737273467	3.57011800276349e-05	3.57011800318289e-05	3.57011800287411e-05	3.57011800283357e-05	0.0315058087692522	0.00301366742769972
3.40421859917415e-05	0.00426293553197325	0.00628318152952849	0.0223590726159614	3.40421859960903e-05	0.00704464034418481	3.40421859960903e-05	0.00190965246049725	0.820906802490067	3.50103914579036e-05	0.00141705898301312	0.0670711783770455	0.0270275685766594	3.40421859979378e-05	3.56925319413298e-05	0.00495107887776029	0.0268485948844112	3.40421859936266e-05	3.40421859825823e-05	3.40421859960905e-05	3.40421859771799e-05	0.00954115273156349	3.4042186004309e-05
3.49237048478022e-05	3.49237048517864e-05	0.0113324570276417	0.0246161178261797	3.49237048489e-05	0.0118245269009273	0.0454989071285004	0.0405838957669031	0.745433927089844	6.4173094328226e-05	3.49237048488772e-05	0.0278539702602015	0.0153559172273338	0.00739190400068044	4.89610643689368e-05	0.00513755930906721	0.00822646012766949	3.492370484651e-05	3.49237050068178e-05	0.00615112417431777	0.0412868941122518	0.0089487389556834	3.49237048506391e-05
3.5774945630987e-05	3.5774945638254e-05	3.57749456324516e-05	0.0183208759508734	3.57749456324512e-05	0.00243915928913072	0.014594900637471	3.57749456324516e-05	0.788666077702943	0.0133518099192254	3.57749456324501e-05	0.0767645977197171	0.0377685211995601	3.57749455758939e-05	0.0190487155974752	3.57749456324525e-05	0.0210141581789194	3.57749454341945e-05	3.57749456391445e-05	3.57749456324515e-05	3.57749456324695e-05	0.00756610951170611	3.57749456324534e-05
3.58060222804671e-05	3.58060223126756e-05	0.00457267929775564	0.0315647423359677	0.00141325369438853	0.00245488332102264	0.00483439976478822	0.00591374518235063	0.836716067702201	0.00741412766274822	3.58060222820958e-05	0.0448164143519981	0.0321141094459914	0.00211065071280773	3.58060222820901e-05	3.58060222820917e-05	0.00313722510723022	3.58060222765324e-05	3.58060222660729e-05	0.00981967501154719	3.5806022282227e-05	0.0127957722086649	3.58060222736477e-05
0.00194281801266726	0.000731933307360844	0.0204817695056247	0.0239946585439974	3.55394488072782e-05	0.00806972092487742	0.0610505364973467	0.0244243387237476	0.758532565906155	3.55394488072788e-05	3.55394488072812e-05	0.0358264360099407	0.00883308405358921	3.55394488072801e-05	0.00577282492854877	3.55394488072807e-05	0.01620555212338	3.55394488025121e-05	3.55394488072502e-05	3.55394488072788e-05	0.0337783669746928	3.55394488088774e-05	3.55394488090521e-05
3.49872091998139e-05	0.0051056072424562	3.49872091989183e-05	0.0419578971628164	3.49872091989179e-05	0.0260673812201204	0.00408734952441008	0.000820322523753702	0.842231886340448	3.49872091989215e-05	3.49872091989363e-05	0.0381837301884429	0.0159095282647995	3.49872091989259e-05	0.00943751527701809	3.49872091989177e-05	0.00812798230413604	3.49872091935328e-05	3.4987209206507e-05	3.49872091989186e-05	3.49872091990235e-05	0.00765095344120831	3.49872091989218e-05
3.44857752027029e-05	0.00162998993491051	3.4485775196418e-05	0.0584138843472295	3.44857751964171e-05	0.0172135305142482	0.00247662958307596	0.00334610073918448	0.83633841740085	3.44857751964181e-05	3.44857751964094e-05	0.031884018100703	0.0251604649616334	3.44857751440781e-05	3.44857751964182e-05	3.44857751964168e-05	0.00149731596056074	3.44857755195993e-05	3.44857751985138e-05	3.4485775196418e-05	3.44857751964182e-05	0.0150586476217825	0.00656717153318497
3.57821417469138e-05	0.00598557750891082	0.00565221298836665	0.0245953631124616	0.00566221569905134	0.0100561461117929	0.00509393266873054	0.00759937021069626	0.782973774853292	3.57821417476192e-05	3.57821417476193e-05	0.0667564268724051	0.0315947559261744	3.57821417476195e-05	0.00951459072529159	3.57821417476196e-05	0.0280563044889008	3.5782141746504e-05	0.00361823888368199	3.57821417476199e-05	3.57821417478486e-05	0.0125190506745164	3.5782141747619e-05
3.47848803039759e-05	3.47848803051054e-05	3.47848803023969e-05	0.0443357768771192	3.4784880302395e-05	0.010330899159118	0.00184074056309662	3.47848803023973e-05	0.839895973677912	3.47848803023978e-05	0.000358515389850257	0.0312231307031416	0.0325421668049569	3.47848803865648e-05	0.00400451390559853	0.00248121991768308	0.0150186822958789	3.47848803008075e-05	3.47848803051806e-05	0.00175379340207069	3.47848803023969e-05	0.0109836642571728	0.00488307424328761
0.000275647854607511	3.69564261480634e-05	3.69564261007781e-05	0.033005468525309	0.0100320621316377	3.69564261007799e-05	0.0113204440491639	3.69564261007798e-05	0.838924707354355	0.00113013942480242	3.69564261007801e-05	0.0136961532898352	0.0359653007115966	3.69564261007845e-05	0.000841496170319602	0.00100442521943258	0.0196649023503582	3.6956426100283e-05	3.69564261029002e-05	0.00416309929410711	0.018356438127141	0.00557041735944725	0.00575364672903207
