Bcells	CentralVeinEndothelialcells	Cholangiocytes	Hepatocytes	Kupffercells	LSECs	Mesothelialcells	PortalVeinEndothelialcells	Tcells
0.000411702418366125	9.11609799189384e-05	9.11609799166106e-05	0.81712072651172	0.0586894231636077	0.0531329805659283	0.0220107479718964	9.11609799194802e-05	0.0483609364287266
0.0500067030976207	0.000115652238065794	0.154598952317084	0.570650037738968	0.0328629778904833	0.00491651915919205	0.0502522914262315	0.104995212552577	0.0316016535797776
0.00349967404871285	9.63434870523014e-05	9.63434870512428e-05	0.811010380657287	0.094152054994767	0.0257821664918967	0.00745955452025573	0.027255203030233	0.0306482792827447
0.0441924793314995	0.00423663890604303	0.000286340574619863	0.756145373163018	0.11768405425577	0.0501971457325656	9.41955675513168e-05	9.41955675513166e-05	0.0270695769013819
0.00274582605077294	0.00620603987337156	0.0260307157775372	0.794874182418721	0.0667510301015203	0.0185971756802497	0.000133019774308383	0.029466603070288	0.0551954072532312
0.0290129848008917	0.00232779771590388	0.00856887018133136	0.751427418241114	0.0762903192166548	0.0331574602152426	0.0332656808752437	0.0391018999234811	0.0268475688301366
0.0174376660271082	0.0520644643797106	8.7390769199389e-05	0.782479146420616	0.0746780856615013	0.00973086820033142	0.0604917934846726	8.73907692059071e-05	0.00294319428765447
8.92379602002813e-05	0.00841190319533085	8.92379601944197e-05	0.830414761704083	0.0429969279785766	0.032192052612971	0.0277514689191771	0.0241049052299879	0.0339495044394788
9.20066136980621e-05	0.0175790533921075	9.2006613698645e-05	0.823355665121967	0.0808735999335669	0.00688455140108512	0.0257427291381658	9.20066136980615e-05	0.0452883811720125
0.024768707233164	0.000134020345586759	0.0130501241337361	0.76838041009811	0.0869076426078788	0.0362485436344805	0.00537692557763751	0.0260374973309546	0.0390961290384517
0.0109245083121828	0.0135809845370556	0.000132349525467327	0.73084518559154	0.115083111619317	0.0467731369060511	0.0289339373860626	0.0125082275396627	0.0412185585826611
9.40109630483704e-05	0.0384638875045674	9.4010963048168e-05	0.785011327452113	0.0960354712866348	0.0291170313444644	0.0254417396005982	0.0060418723927646	0.019700648492761
0.00759130371013692	0.0211559348984324	0.00230204911988337	0.779773387801478	0.074857520568268	0.0516022982769705	0.0196489841191318	0.00013652958438666	0.0429319919213122
0.0136207957434764	0.00908926471502903	0.00268000912367362	0.819669950335461	0.0645652386254198	0.0159041120503077	0.0196642697748234	0.00612055484923259	0.0486858047825771
0.00857058248895092	0.00422868798488249	0.000638005902873072	0.817991965389489	0.036195520939143	0.0540364483439716	0.0311585707852142	8.98793461763619e-05	0.0470903388192992
0.0416698725742958	0.0332582754327323	9.0938243098738e-05	0.807342171006176	0.0908973385705381	0.0179814589597603	0.00857806872720043	9.09382430995362e-05	9.09382430989555e-05
9.16833136397604e-05	0.0108049928022934	9.16833136395489e-05	0.798787816033791	0.0753810271062362	0.0438773922112144	0.0229151068814409	0.0191109507863357	0.0289393475514092
0.0168470920217171	0.0644438324209254	8.54425967364836e-05	0.733631673533749	0.0753342848912995	0.00605028182835972	0.0610956930861096	0.0261281683325741	0.0163835312885293
0.0661509603439338	0.0365622932238067	0.0122913444589287	0.482885714583751	0.103226672125942	0.000170010964084077	0.173522819362651	0.0994943993106624	0.02569578562624
0.0336156506438451	0.000133083223287219	0.00224864562618735	0.7630721063388	0.106089568816636	0.0249453959486196	0.0260462331973327	0.0180939589937196	0.0257553572115723
0.0167420998595722	9.42953658349081e-05	9.42953658328393e-05	0.794064345008842	0.0870013125355674	0.0457384546155146	0.0143973588367765	0.00883260134477713	0.0330352370672823
0.00945907100449018	0.00673475923413327	0.0134687909019054	0.81450477372628	0.111502401158358	0.0131284397616393	0.000138293063394439	0.00755716029011458	0.0235063108596848
0.00913005130810922	0.121941774161978	8.53500797425269e-05	0.788361339761067	0.0305083359906236	8.53500797434685e-05	0.0497170984592481	8.53500797434646e-05	8.53500797434645e-05
0.0386852447431211	0.0389148630912055	8.28492918808174e-05	0.813789952545679	0.0649107127929636	0.000186177378778889	0.0282230669748969	0.00611126329429084	0.00909586988718311
0.0311628926965452	0.00648892804768385	0.000130737396654676	0.752641025912038	0.112815636207014	0.0485386019958161	0.0205546222766233	0.000130737396655546	0.0275368180709698
8.72686073821642e-05	0.0272031067674436	8.72686073812053e-05	0.762890482523403	0.106037098350094	0.0306716640897909	0.0301431940187826	0.00643509923755461	0.0364448177981681
0.0178647418198531	0.0506876227847722	9.04475300461727e-05	0.811269704967901	0.0371898988414313	0.0134347834334156	0.0232168960737592	0.00161974236494738	0.044626162183874
0.0197869102957249	0.000359646126822111	0.00313401982292158	0.814154394557089	0.0773084992897812	0.0296577244982828	0.00589109426443753	0.0137929059228931	0.035914805222048
0.0175566175009817	0.0245529612971124	9.25479566095368e-05	0.786325062415066	0.0657283924972762	0.0556896964949778	0.00782716032839552	9.25479566118291e-05	0.0421350135529692
0.0839600057081313	8.77151092578048e-05	0.0127716212680121	0.649305837383211	0.0531563379272721	0.0423792709783076	0.122218338611836	0.0126159239435749	0.0235049490703974
0.000135345475596247	0.00123748076865698	0.00241665266884063	0.757696314458063	0.139906839058964	0.0179419744481777	0.012825760482332	0.0278027737672429	0.0400368588721265
0.0258143530419678	0.0354117160315226	9.06266977193466e-05	0.77651065843966	0.093803861066926	0.0163166844502135	0.0334337530316541	0.00761788750704505	0.0110004597332919
9.46308262382787e-05	9.4630826238279e-05	9.46308262388047e-05	0.823065189849826	0.0637639259274861	0.0141987634226114	9.4630826238279e-05	0.0440045016907193	0.0545890958044033
8.48934590447976e-05	0.0125860041692383	8.48934590453218e-05	0.847356666755172	0.0202311617660584	0.0586454232655787	0.0256317566081671	0.0131016265385129	0.0222775739791824
0.0394430973712005	9.32019662444265e-05	0.00563220921197309	0.804173012374256	0.0769065171037126	0.0414348486529058	9.32019662444253e-05	9.32019662449581e-05	0.0321307093872179
0.00652906474071431	0.0182939607740952	0.0161563472873825	0.792034067545886	0.0770507825180583	0.00738208841762586	0.0229482436708877	0.000137641565627089	0.0594678034797228
8.85268197061549e-05	0.02400522641001	8.85268197051786e-05	0.820045859721177	0.0463725233305016	0.0304261406667833	0.0429823591729337	0.00325660302524732	0.0327342340339354
0.0098320040522259	0.00907271803190503	9.20625288871049e-05	0.840350739913546	0.0850076557003357	0.025433471322949	0.0218049666232853	0.00831431929798284	9.20625288828478e-05
0.0132016871080979	0.00854067976937655	0.030012971892065	0.791766974748774	0.04465859091449	0.00740551766614425	0.0142459272680299	0.055659068138221	0.0345085824948016
0.0223075752459865	0.0119883282567809	0.0054461790323342	0.781617046302968	0.123452239935693	0.00871712468772233	0.00589741601383447	0.00831726155325443	0.0322568289714262
0.0152265874965613	0.0128269073801224	8.92535451809822e-05	0.782638440383097	0.100620702087913	0.0380264629327749	0.0382652630473126	0.00050301181827363	0.0118033713087645
0.00720985693696395	0.00539763528011334	0.00310247315966939	0.779931959658833	0.130693027175651	0.00816326105910026	9.11046716482033e-05	0.0230470700487831	0.0423636120092375
0.000591969465079941	0.00262081538336095	0.000132532225044018	0.792769968806089	0.0701110773194637	0.0578233014615139	0.0229980492849943	0.0220071295750158	0.0309451564794382
0.00875455557537413	0.000139521636656598	0.00199695419958928	0.804367026001156	0.099883116959136	0.015712037666172	0.0118251087454722	0.00877527450357249	0.0485464047128713
0.0106022527359841	0.000138525585269556	0.000138525585269533	0.791323705276845	0.111595215193324	0.0151392636243996	0.00487900837192615	0.0294254827732466	0.0367580208537358
9.39792037639247e-05	0.0114818399340787	9.39792037646042e-05	0.840807272974347	0.0486051226858736	0.0242077132858821	0.026300611005348	0.00143366582718971	0.0469758158797524
0.0111405838109461	0.0162276051917104	0.00266245764439625	0.829048371397018	0.0664704645667985	0.0238180853261252	0.0247959503852069	0.00275337776554296	0.0230831039122555
0.0187598962037958	0.0198240185175999	0.00522706327975812	0.830360358639995	0.083373378275881	0.00639397320572275	0.00404798365082554	0.000361699409806555	0.0316516288166155
0.0202064536395469	0.00966204493832098	0.0542723747086048	0.756087092682482	0.0710108217392888	0.0149523365757501	0.0203156849087151	0.0133919542988039	0.0401012365084875
0.022690996961652	0.126365930827765	0.00498773469211165	0.727794374644064	0.0783199075785164	0.00879251278177844	0.0256098246315116	0.0053542492230503	8.44686595507406e-05
0.0136153297689443	0.00727623438853259	0.00117042409430864	0.803052821052427	0.0839602239048127	0.0232346324516636	0.0374357805266994	9.50772345253126e-05	0.0301594765780868
9.28324884760256e-05	9.2832488476026e-05	0.00686322661943071	0.750574336546682	0.113997353472539	0.0305744180455645	0.0219048653418041	9.28324884760267e-05	0.0758073025085523
0.0336438256224574	0.00689911102821403	0.00169168261496369	0.820476377017466	0.0467687987515873	0.0230081801739795	0.0105714209181747	9.20168117107628e-05	0.0568485870614459
0.0184646672960067	0.0112805304387645	0.00916318759691399	0.755537712642494	0.122811881610667	0.0367124690640562	0.00560456735623483	0.0151531374194039	0.0252718465754591
9.19164246994428e-05	0.0212148399551755	9.19164246951939e-05	0.809710195014013	0.0788660807865867	0.0228222915831846	0.0115400653722195	9.19164246994419e-05	0.0555707780147266
0.0122001613087784	0.00493053078415546	0.024244175380892	0.764432387059713	0.108778893069157	0.0183808551843922	0.0181264449175552	0.0438591688251665	0.00504738347019138
0.0271344560983643	9.09018497575813e-05	9.09018497558141e-05	0.755798626352174	0.133119549282247	0.0200371568833798	0.0357878636292129	9.09018497599848e-05	0.0278496422053483
8.86193551847785e-05	0.0575579557074479	8.86193551838199e-05	0.816514047363402	0.0451909932657543	0.00327817450522706	0.0279663528105274	0.0192900425722104	0.0300251950650623
0.00703844030705785	0.015781200616232	0.0256840010040293	0.784592800842501	0.0487524102763182	0.0232532106291883	0.00698015680308527	0.0367174124945379	0.0512003670270498
0.00248409123291362	0.0871114680596341	0.00459083460157655	0.79610824987619	0.0409050478150968	8.54189234728584e-05	0.0273378102655148	8.54189234728585e-05	0.0412916603021287
8.98571603434378e-05	8.98571603433838e-05	8.98571603417115e-05	0.821102323956351	0.0949921818074916	0.0231637416249806	0.00912216588531752	0.00994420939830824	0.0414058058465222
0.0153536065384855	0.0171203747526298	9.00366835119109e-05	0.786852868785858	0.0712621811880872	0.0452114944377087	0.00963927161200086	0.0102503231763327	0.0442198428253851
0.0129747841084578	8.8959359575085e-05	0.0266560467229752	0.789253344795845	0.0413310566805687	0.0270826181404259	0.031950093305275	0.0373571860358585	0.0333059108510188
0.0356235305414134	0.0104020813030602	9.26530248070589e-05	0.79775613021702	0.102764026010363	0.0222590991974292	9.26530248056855e-05	0.0050636504104812	0.0259461762706205
0.0132872692432015	0.013462199906276	9.3120753211233e-05	0.83849522966338	0.0470288108274225	0.02168308734092	0.017758495349607	0.004998063724993	0.0431937231909892
0.0234852722194435	0.0190189210760841	0.000124490976939002	0.774046652564593	0.0664199949369513	0.0247306085895881	0.0389072987234358	0.0217086260272706	0.0315581348856949
9.45283237565228e-05	9.4528323756529e-05	9.45283237543015e-05	0.823881700433596	0.0962762493961333	0.0392410448190064	0.00538200656915695	0.00889962248848116	0.0260357913223593
0.0201889911267613	0.000129706013073122	0.0665493393690843	0.74219625023409	0.0763346869739211	0.0208759517519065	0.0265185054456669	0.0205869857504855	0.0266195833350113
0.0172093371077138	0.0263716281493145	0.0224666701850814	0.771342434634505	0.0679311427366238	0.0192640184728316	0.000129391370997807	0.0391489907256659	0.0361363866172666
0.0138225121289994	8.85430161248146e-05	0.0674922651591372	0.772920291894028	0.0305336109572076	0.0108334687504268	8.85430161243341e-05	0.0886715262210779	0.0155492388568741
0.0184855505097109	9.10872984528889e-05	9.10872984560307e-05	0.834224618454055	0.0500425548776588	0.0355595907439513	0.0496544689386955	0.00533803444803872	0.00651300743098097
0.0162074130944552	0.00859431803397494	0.00192176739550545	0.803245849175364	0.0713704295369253	0.041713251580836	0.00720623829410528	0.0140852584733102	0.0356554744155235
0.0291894934641586	0.000130440219575202	0.0389193089802826	0.791084340869962	0.022924318865603	0.0325596427037939	0.0394249102996537	0.0256649826561093	0.020102561940862
0.031765618901316	8.84669496497145e-05	0.0242389802348841	0.758324902387061	0.044400446371504	0.00558515613148857	0.0394985907149678	0.0704676977794449	0.0256301405296835
0.00648691208251961	0.0108400338641737	8.99515381185079e-05	0.829057434056397	0.0799993658461692	0.0249324069164273	0.0244933820990521	8.99515381185083e-05	0.0240105620590238
0.0227045845994751	0.00666128206523105	0.000132804026544837	0.752583036657356	0.130753913791421	0.0270267229351787	0.029812598014659	0.000132804026544336	0.0301922538835897
0.00817056218573928	0.0281400421358033	8.63549813574803e-05	0.809006126021724	0.111548928770311	0.011683507978464	0.0248649772810187	8.6354981360539e-05	0.00641314566422167
0.0190266044988119	8.65919369220038e-05	0.0538777006323621	0.706262468199044	0.0518554088032988	0.010309721290009	0.0603669659979209	0.0822202925765939	0.0159942460650375
9.00105518828264e-05	0.025633471744976	0.0186241931767486	0.731863547832851	0.13596328376443	0.00925181199523263	0.0212198401610663	9.00105518828266e-05	0.0572638302209292
0.0127280234076561	0.00792423146769784	0.00347736822007724	0.807933355866093	0.0721686328101304	0.0221133003926697	0.0151713624145467	0.00648480210917809	0.0519989233119506
0.0268000076796516	0.00238247770131986	0.0566921958748122	0.709192603746001	0.0681198364899294	0.00792331313942095	0.0445929446940225	0.0807663926186567	0.0035302280561861
0.022598013791328	0.0329982930901442	9.06710318866784e-05	0.83990256282821	0.0635591651018651	0.000666917168373324	0.0178709911264761	0.0218956358387538	0.000417750022963327
0.014251776802895	0.0253082096206643	9.03405785617243e-05	0.818316313570975	0.056289172028689	0.026593159404683	0.0181212085090155	9.03405785565945e-05	0.0409394789059599
0.029318714688596	0.0184875257425038	9.25801260133049e-05	0.731088407225933	0.158866835606395	0.0227447193609888	0.0392160569975524	9.25801260095716e-05	9.25801260089946e-05
9.07003108007147e-05	0.0437990177925094	9.07003107985475e-05	0.841067291455336	0.0533792420041115	0.0134397561465191	0.0119052309523935	0.00334412845798767	0.0328839325695435
0.00567040110896753	9.51038267753529e-05	0.00630639432537747	0.814428026536258	0.0279604164177518	0.0312888309853344	0.00507819826648765	0.0434930428611442	0.0656795856719038
0.0023627904552653	9.26918621640835e-05	9.26918621646561e-05	0.747224251370749	0.127176093154352	0.0386222465987351	9.26918621640892e-05	0.0371815141792134	0.0471550286551928
8.35583538368078e-05	0.120933167583304	8.35583538366543e-05	0.73485780554108	0.0562416859190657	0.01606088395474	0.071572223586463	8.35583538368079e-05	8.35583538368077e-05
0.0507521083223931	0.00754674329740287	8.99219123749169e-05	0.811649509598014	0.0563645814601179	0.0260040875005733	0.015942184158846	8.9921912376455e-05	0.0315609418379019
0.143358364130067	0.000153622278719958	0.26484566358475	0.157868534624786	0.0819923947761341	0.000153622278719958	0.235598090407205	0.0965357439890287	0.0194939639305899
0.0251384646205121	0.0017859586831846	8.83394263841701e-05	0.785385601757593	0.0616657772357685	0.0403360681207605	0.0262492338371588	0.0126436098056456	0.0467069465129924
0.0123191337717131	0.0349829621589176	9.09844822623073e-05	0.820741880374254	0.0904422703205522	9.09844822601067e-05	0.00513405435818439	0.00688229861646977	0.0293154314353863
0.0230624556030049	0.000955796914768917	0.00345231727662807	0.72932260637687	0.108660671931587	0.0619247108343928	0.00630924280314506	0.0211252998335928	0.04518689842601
0.0100068670178868	0.037740326758889	9.30242956699165e-05	0.806858216409941	0.0746695921973402	0.0130210849880034	0.0125916134362968	9.30242956699983e-05	0.0449262506003034
0.0229937528605157	0.000135256072908057	0.0477036333234765	0.771655303821134	0.0546270177041904	0.00857109704928581	0.0116760863673675	0.0192998868373424	0.0633379659637799
8.96611857541056e-05	0.0115913032816882	8.96611857539397e-05	0.8132284589508	0.0848763222909063	0.0329749385777838	0.0213116297024894	8.96611857541051e-05	0.0357483636390704
0.0298003203174812	9.11878236474623e-05	0.0223094958077806	0.739952998010531	0.0626647605519565	0.0371789725509779	0.0163724371788378	0.015864619070794	0.0757652086879935
0.0129918365780757	0.0312723137694831	8.91385302394337e-05	0.810587007347415	0.0398864136846898	8.91385302424016e-05	0.0386211989562836	0.0129280861807557	0.0535348664228157
8.99773983947842e-05	8.99773983947837e-05	0.00140824287775324	0.784305315770791	0.120207692868603	0.0322362792292228	0.034576780647386	0.00801116132855452	0.0190745724809
0.00645904837355066	0.00483380498485803	0.00739838212466729	0.771764353090722	0.11573903719528	0.0162583216735987	0.0322783639360782	0.0145824450090305	0.0306862436122142
0.0174940631010628	0.0135816551802607	0.00375914224716622	0.763038640081915	0.0472479212324003	0.012614894231564	0.0454219001273759	0.0211860816853646	0.0756557021128907
0.000131661774796991	0.0192703276336569	0.0277939742226633	0.761675325682767	0.0658909258729488	0.00185358822127933	0.0107115613402513	0.0603361408472141	0.0523364944044226
0.0469068623271146	0.00910500018621023	9.22502101770098e-05	0.789961460125886	0.069280779230145	0.0237684461417449	0.0335419855540718	0.00945174504905546	0.0178914711755954
0.0145821822113568	0.0328611783997727	9.27101731352546e-05	0.818846497831239	0.058884424019315	0.0319404747895237	9.2710173135396e-05	9.27101731353952e-05	0.0426071122293867
0.0237467581222913	0.0178572652583646	0.000126209647250152	0.750311031627832	0.12204716658992	0.0378503175518026	0.0156473968412865	0.0100123180958396	0.0224015362654133
0.0446529083331468	0.0101581621443597	0.000135200128441214	0.76811754996639	0.0809766654251096	0.0287683142097233	0.0178051350391685	0.00751533072506171	0.0418707340285992
9.74326762667191e-05	9.74326762667175e-05	0.00572288408532885	0.831350632865124	0.024675582928455	0.0363337095499271	0.00600182757850099	0.0278565538621877	0.0678639437779428
9.63181957244677e-05	0.0147326223534292	0.0133583005685357	0.852097617960019	0.0442687159387492	0.010430326679256	0.00580898067301815	0.0151318144488113	0.0440753031824563
0.034926415993125	0.038546192583982	9.30691986971872e-05	0.799417159233131	0.0602182946352967	0.000843629688692883	0.0140444783116869	9.30691986969498e-05	0.0518176911566912
0.00375132157303692	0.032228360393908	0.00263199755629215	0.825458261552399	0.048510932998912	0.0187729545945985	0.0233435059812695	0.00660189162548925	0.0387007737240943
0.00950035993286071	0.0120118839668273	8.85708370438644e-05	0.789611651168925	0.100166042670821	0.0271625001667723	0.0274880568029494	8.85708370425134e-05	0.033882363616758
0.0143448900724824	0.000132098320436904	0.000132098320436525	0.830987550619055	0.0572290489107886	0.0266109027734187	0.021637695182626	0.0145529876053431	0.0343727281954129
0.0528590341805044	9.06818106495312e-05	9.06818106554406e-05	0.794058020069869	0.0209263766094997	0.0497024352332938	0.041387022669735	9.06818106500983e-05	0.0407950658051435
0.017136729701165	0.0151088062709504	9.309239921589e-05	0.813459284865364	0.0654060550668893	0.03771590418767	0.0230778239855286	9.30923992165942e-05	0.0279092111240001
0.0011714427769859	0.0237641760850654	8.84724357820637e-05	0.835453497909427	0.064496567940195	0.0339087113551525	0.0152112542112275	0.00866253409347344	0.0172433431926909
0.0181931033878843	0.0169521717152533	8.86436507002886e-05	0.788332594263675	0.0941500361573468	0.0325659321281477	0.0338394746598552	8.86436507027237e-05	0.0157894003864343
0.0329606445631382	0.0121032091411489	0.00802214957699636	0.796143685550473	0.0652639793904587	0.0345350273346646	0.00882975982143118	8.9158366592985e-05	0.0420523862550966
0.0120842583119909	9.58319880383958e-05	9.58319880359544e-05	0.759854266094813	0.159563155411337	0.040176576638089	9.58319880383957e-05	9.58319880383936e-05	0.0279384155916197
8.93364923944011e-05	8.93364923943998e-05	8.93364923993437e-05	0.76140227651073	0.0576978976913536	0.0238698743524107	0.0450308359192592	0.0536400002133939	0.0580911058356645
0.0232706313895246	0.0176045754202257	0.0092733606975526	0.796736200236459	0.0862867543971676	0.0243431429917483	0.000132658220019491	0.0037050107642621	0.0386476658830404
0.00527872740787303	8.91673098718521e-05	0.0215727997135195	0.710495217720438	0.11499204542701	0.0504646558635799	0.0442994371765278	0.0136479313181542	0.0391600180630257
0.0268263215573043	0.00062817826050716	0.00433883025842532	0.741736546451991	0.0982895671449851	0.0510746109806571	0.0649551947656681	9.30858196486934e-05	0.0120576647608131
0.00377603986321967	9.69423187351075e-05	9.69423187348867e-05	0.794879969033474	0.110486140556366	0.0217859012941441	9.69423187351078e-05	0.019629434574287	0.0491516877223037
0.00543856454706174	0.000129804011152226	0.00012980401114374	0.769934472153713	0.0469021318851607	0.0451604125734523	0.0597867924325036	0.00395380609507769	0.0685642122907352
0.00934724118034509	0.0291964286111716	9.19709441111981e-05	0.796311649066503	0.0947569396896132	0.00695836241925196	0.0273951957532162	0.0153436905404618	0.0205985217953257
0.0328208607143828	0.00349298750701685	9.26999871664407e-05	0.751041602266252	0.113590014246212	0.00294332398951878	9.26999871657924e-05	0.0423504069899277	0.0535754043123577
0.0115119276151081	0.000130336994163252	0.000130336994169301	0.708376007798328	0.131348016721929	0.051106071124302	0.0176736185686835	0.0372049393108664	0.0425187448724496
0.0188253510140082	9.40883358993336e-05	9.40883359003921e-05	0.773255352529646	0.143921534388501	0.00434969128034126	0.0123851330953243	0.0228843350891695	0.0241904259312101
0.0109246929972354	0.0218244405923627	8.89267566318122e-05	0.787210032637282	0.0634773834756376	0.0387078455601934	0.0619360859706221	0.00155460868625492	0.0142759833237796
0.00100592224501061	0.00297348848318793	0.000134792549418775	0.792781704288695	0.060712061461085	0.043078069963798	0.00172962762410002	0.0406181636964785	0.0569661696882263
0.0158939134576544	0.0157120406221383	0.00455289810243855	0.839000031949385	0.0566429563837319	0.0354960882054823	0.0104097864896253	0.00756322742873481	0.01472905736081
0.00208762784256968	9.29389437851124e-05	0.0307604324791306	0.785550301794825	0.0317577374422971	0.013505750594969	0.0154874535341735	0.0417247636424757	0.0790329937257746
0.0144452331602936	0.0266978807693929	0.00596847766564981	0.81026615277622	0.098115748791912	0.00942770707562954	0.00693999758842657	0.000133899528729286	0.0280049026437462
0.0128809494691642	0.000863441355285066	9.10710105859952e-05	0.790705890758057	0.0856545616185648	0.0648675416783597	0.0209618329724508	0.000271710888210343	0.0237030002493221
0.0334822907883922	0.00562422304440043	0.000129681818647837	0.786846399872177	0.110084072512288	0.0141075884753747	0.00617122285248235	0.0170302185420083	0.0265243020942288
9.18422518324078e-05	0.0324775367121176	9.18422518269508e-05	0.782563699333331	0.0861112177637387	0.0282213595268999	0.0151819008371081	0.0105178357399264	0.0447427655832185
0.00751138808897256	0.0496633210114505	9.00368223352101e-05	0.827951390829464	0.0685364252389338	0.0157748155567017	0.011129056753592	9.00368223361824e-05	0.0192535288762139
0.0452384664223023	0.00459944365196202	0.000137697133609582	0.793013498286044	0.0866175296447802	0.0254472011788651	0.0174196892817512	0.00013769713361228	0.0273887772670732
0.0170276610327726	0.0152742894001862	0.0331001502191446	0.791804747263284	0.056752178773457	0.0220655036872092	0.0193533791495038	0.0335949518395467	0.0110271386348959
9.12674472759249e-05	9.12674472759261e-05	9.1267447277271e-05	0.786951704344128	0.0811955880731437	0.0527371222018575	0.0244811646951274	0.00993502374343868	0.0444255946004755
0.0357757483630051	0.00779482203499468	0.00107396322523187	0.751845954842016	0.0958283295286352	0.0242939257397424	0.0100265006337523	0.0448957682971105	0.0284649873355123
9.02585241493368e-05	0.0166428510909944	9.02585241507017e-05	0.756775326532435	0.0833939146602735	0.0326472830831673	9.02585241493367e-05	0.0441479944759497	0.066121854584731
0.00271398011536946	0.027233595741214	0.0425807845529591	0.762071628737036	0.0664370755268628	0.0150680198526766	0.0107909815954435	0.0313153821911767	0.0417885516872613
0.0307518217560629	0.0214933292485759	0.0172585727045469	0.803567676922387	0.0633462414560831	0.00915810398954361	0.00464335529710238	0.0324136756471472	0.0173672229785513
0.0128551178576423	0.0037594044331373	0.000138187144048538	0.758987439074422	0.130362227721001	0.0204468061779284	0.0253610248853628	0.0155655162272921	0.0325242764791654
0.0273486506399231	0.0564783977864492	8.68441231859944e-05	0.74124487273546	0.0731747919010511	0.0516891545182945	0.0295910584542965	0.00822176978872619	0.0121644600526131
9.05180615892562e-05	9.05180615892561e-05	9.05180615908743e-05	0.763142388389513	0.117152913197948	0.00443533995731416	0.00315191738542351	0.0657865364009716	0.0460593504840608
0.0229732458415577	0.027226837972036	0.000128024571097328	0.700772799570685	0.153670591065285	0.0464937975497854	0.0210997516013134	0.000128024571100516	0.0275069272571393
0.0583021830761654	8.99985219486032e-05	8.99985219486058e-05	0.693992837294856	0.0499437849673063	8.99985219486085e-05	0.0581213411411636	0.114395430700877	0.024974427253786
0.00890177418942769	0.0354992662400777	8.99069321452939e-05	0.789265791125653	0.0667600833795573	0.0216758003012617	0.0330496807176801	0.00398412088994038	0.0407735762242571
0.0261048121646903	0.00761412170715963	0.00595159799594735	0.812939731715238	0.0556585425742351	0.024350419010977	0.00709385717873809	0.0116376088576187	0.0486493087953956
0.0105370052081577	0.0193969588609559	0.00365251924817745	0.825159612347023	0.0601748849885784	0.0330422665388196	0.0109382085969631	9.28960498450739e-05	0.0370056481614802
0.0068771899939869	0.0203909577648493	8.87587575184459e-05	0.832795460782967	0.0896612501389911	0.0264506940662124	0.00868413864580424	8.87587575199673e-05	0.0149627910921514
0.0392676483038473	0.0224950946710671	9.12102992771508e-05	0.801104213049247	0.0614973814132295	0.00802721654638404	0.0369420174769952	0.0119000725268422	0.0186751457131107
0.01777920476732	9.28143762556386e-05	0.0043988517209371	0.788324514448957	0.0485445893129992	9.28143762556385e-05	0.0146135098666643	0.10578944633592	0.0203642547946907
0.0206024290242571	9.77048696191164e-05	9.77048696133429e-05	0.807376689408842	0.073010827998806	0.0137744112747271	0.0497338486481206	0.00309033637699023	0.0322160475290248
0.011105997973893	0.0268140347095643	8.80486783591566e-05	0.800351655333003	0.0890036158266411	0.00952349689093752	0.022283155176729	8.80486783601446e-05	0.0407419467325126
0.00713499192391118	0.00448070255114256	9.40616060460837e-05	0.813263802703046	0.0881377040653569	0.0274368656009116	0.0163086206112673	9.40616060462179e-05	0.0430491893322722
0.012398177579547	0.00204918985083295	0.0122355299412771	0.815791052195768	0.0682182830753622	0.00599877653604004	9.65982820716468e-05	0.0349383946284539	0.0482739979106475
8.56464499364615e-05	0.100823838323928	8.56464499334863e-05	0.793781125731533	0.0349226130210935	0.00697639020894188	0.0215153147558822	8.56464499364621e-05	0.0417237786088158
0.0115576057280437	0.0212311297061407	9.26964893144421e-05	0.849463215086011	0.053165745645156	0.0147532358862888	0.0148664793828226	9.26964893144702e-05	0.0347771955869087
0.00800705561047202	0.023396679664513	8.90735835314941e-05	0.797324725565179	0.055762619741763	0.017789833072018	0.0213655107318411	0.0224999780201165	0.0537645240105659
0.0128189337525056	0.0240351782585713	0.0121027247102573	0.80530273727349	0.0694002702024828	0.0229975546315468	0.0141774371001234	0.00486956150219787	0.034295602568825
0.0289094400631538	0.0279857972371863	0.0331068289002746	0.758388079870814	0.0501876478121	0.00226425222654536	0.0175450388366292	0.034448964299502	0.0471639507537943
0.0246463554737685	0.0274418963941484	0.00469329761490647	0.770099209675555	0.0939559237635187	0.0198949367665625	0.00104871900647673	0.00104634658604675	0.0571733147190165
0.00972838891767243	0.0344977229522571	8.74843268542972e-05	0.811830077772422	0.0517688141593183	0.0143551813214898	0.0362801333551091	0.00270080881536176	0.0387513883795152
0.000258561784045645	0.101533948878782	8.48500989038715e-05	0.742336858764383	0.084604406238963	0.0168996613426198	0.0471746518108168	8.48500989124403e-05	0.00702221098257367
0.0108539091538521	0.0262261483479067	0.00332688042373716	0.835046492306016	0.0668656361121455	0.0361668077880004	0.00293643048111107	9.74750574268643e-05	0.0184802203298042
0.00368211009770674	0.0186404314924737	9.0025429187487e-05	0.83238708757058	0.0893561812434493	0.0161979781451855	0.0221965255580309	9.00254291880323e-05	0.017359635034198
0.0300185386213549	0.000130788989031664	0.0918615870075734	0.702150802651627	0.037004363274966	0.0170485505863501	0.0566411411095123	0.0420577174580437	0.0230865103015403
0.0066550419592185	0.0118516216617253	0.0106317173943643	0.790478437936435	0.0761000058994156	0.0335630931696123	0.000133181532533815	0.0167525691304323	0.0538343313162632
0.01620866017212	0.0484342628842256	0.000688559856856869	0.825767081419199	0.0724825376182536	0.0119681160047054	0.01786257077682	8.91245376759204e-05	0.00649908673014343
0.0161055729604655	0.0206306994615248	0.0001359034634901	0.780798804628598	0.103055945984571	0.021286979556473	0.00983611912234236	0.00919665532132235	0.0389533195012133
0.0170703189823708	0.0231591144610066	0.0163075391701821	0.762425705078796	0.10654704484626	0.0264592461808583	0.0133265196321425	9.26093187535998e-05	0.0346119023296299
0.0391219867473186	0.00532653457323091	0.00349440045501991	0.779218338836647	0.111003846009974	0.0170591778030625	0.0136343118219799	0.0310142704436698	0.000127133309097558
0.0612438066716661	0.0211774512542308	0.114323013450496	0.683383616294527	0.0583954830880576	0.000128794060441509	0.0117553928513776	0.0341724267866129	0.0154200155425903
9.36259735965713e-05	9.36259735965705e-05	9.36259735965716e-05	0.787793284357739	0.0808707010293118	0.0267894611332435	0.0252314075194821	0.0361410781941957	0.0428931898452381
0.0342843397353945	0.00668602437790843	8.9589988147821e-05	0.794849808432882	0.0769408026752938	0.044127788897071	8.95899881479353e-05	0.00987324677755761	0.0330588091275967
0.00929382078498144	0.0160682591322454	8.8142296297676e-05	0.795790602890591	0.0558045072183054	0.0396091868347796	0.0620585022553388	0.00924833429811776	0.0120386442893433
0.00809280864435978	0.0212875462666428	0.00160519389270493	0.833467190322449	0.0374642211850559	0.0424632494202507	0.0239708508220355	0.00269025937946974	0.0289586800670311
0.0138611777121336	0.00545635422219252	0.0115275892225114	0.820325519517149	0.059661564674953	0.0456455237080553	9.0948654261589e-05	9.09486542602722e-05	0.0433403736344834
0.0699159631668682	8.95710111209048e-05	8.95710111232624e-05	0.70629342213789	0.116099481939022	0.0428513356316124	0.0217163892817031	0.0180101377334732	0.0249341280871862
0.0136826393803959	0.000133573537573098	0.000133573537571656	0.735387749311156	0.164934345116996	0.0354354269519279	0.00334563447058496	0.021566543548429	0.0253805141453652
9.19213242675073e-05	0.00597607392753652	9.1921324271848e-05	0.876336153918716	0.0338442090418616	0.0216087000881061	0.0234093893286489	0.00239848356104193	0.03624314748555
0.00890837738630035	0.00483588874770535	9.28346854321584e-05	0.792098226728842	0.0722519408375589	0.0554778689441827	0.00735154278425023	9.28346854358811e-05	0.058890485200292
0.0224921704208057	0.00993380077315387	0.00666962262333636	0.754932086525077	0.114379384279848	0.0350003876690882	0.0136557665561878	0.032754718864679	0.0101820622878247
0.0180477427713649	0.0134251857629137	0.0209828136714341	0.740324460731022	0.0708100768115629	0.0288012427920874	0.013816648620227	0.00514583390605577	0.0886459949333319
0.0177560408218895	0.0017611545533874	0.0213431879298582	0.794679097781672	0.0491666703461447	9.36842793802552e-05	0.0108395836730769	0.0792722316221202	0.0250883489924707
0.0280610695201234	0.0330846745080174	8.792150750773e-05	0.800394606114596	0.0660138993676541	0.0244920700734534	0.0376336273350407	8.7921507508711e-05	0.010144210066098
0.0251094122111176	0.00704747294940198	0.0297289909149124	0.829846966143712	0.0630057059161299	9.68440135234367e-05	0.0131713849380248	0.0109783280251765	0.021014894888001
0.0358365065184766	9.13783450411156e-05	9.13783450454375e-05	0.7704443086843	0.127070001232563	0.0327391711116594	9.13783450411157e-05	9.13783450411154e-05	0.0335444990728326
0.00814568008588275	9.46735979677752e-05	0.0169839152661895	0.747005562478753	0.141847123355558	9.46735979677773e-05	0.0114761020756391	0.0590954487589426	0.0152568207830997
0.00175652412844679	0.0108937163943565	9.85704634947217e-05	0.809892837128378	0.0595437220471791	9.85704634949521e-05	9.85704634949524e-05	0.0722917770486811	0.0453257118624738
8.69052555996496e-05	8.69052555996495e-05	0.0379719899741437	0.741667838583089	0.0554651355450556	0.00207977466281519	0.0116436669737714	0.0807009970848816	0.0702967866650445
0.0184996044024772	0.0250098711980722	0.000132925587923205	0.828097798675323	0.0500949428033204	0.0148076368587861	0.026878274613909	0.000132925587923657	0.0363460202722653
9.22034831375448e-05	0.013068883091724	0.00692753603849533	0.792272730935928	0.0600876994669474	9.22034831375448e-05	0.0069374301825789	0.0631694891976913	0.0573518241203602
0.0357751205274047	0.0169469111649332	0.00557185324218753	0.786413806369996	0.0608610938221027	0.00790171759594775	0.0150124300558884	0.0155099322767779	0.0560071349447617
0.050307483188815	8.65805951071124e-05	8.65805951088536e-05	0.727672564062519	0.087689598380986	0.0134259830505316	0.0778443292536392	0.0240835161476398	0.0188033647256531
0.00645398938260407	0.0211064511286489	9.09516823451758e-05	0.819717075612373	0.0500776559081388	0.034619368494306	0.025869378780426	9.09516823473512e-05	0.0419741773288103
0.0179954939508664	8.9755103801674e-05	8.9755103799377e-05	0.832167744829671	0.0314592253959929	0.0407405644796877	0.0320732236857495	0.0136392848146067	0.031744952635825
0.00010061874095157	0.000100618740948769	0.0142885994237564	0.832991869845147	0.0510645974264673	0.00333810738166485	0.000100618740950999	0.0484213400159757	0.0495936296841374
8.84754806127827e-05	0.0593723985737074	8.84754806127805e-05	0.812532485864763	0.0367546023531271	0.00605358366768817	0.0321406418369339	0.0137030386219456	0.039266298120609
0.0190807674246316	0.0311608104339616	8.86542357244764e-05	0.770566117610486	0.066509895137748	0.0444912026120134	0.0370331823643935	0.0168703421434523	0.0141990280375887
0.0417403725285771	0.000135290039956315	0.0040331776739732	0.804592862399109	0.0513624322656231	0.0270591571913563	0.0131568291358241	0.0282351566115668	0.0296847221540145
0.0414960471546428	0.0661690622241587	8.73884411133075e-05	0.78429768961457	0.0598428462934007	0.0187038559979248	0.0155699592124928	0.0137369686530791	9.61824086172948e-05
0.000611893220740548	9.15471598710309e-05	9.15471598688352e-05	0.780182091067342	0.132346705206322	0.0334075350730303	9.15471598710312e-05	0.0176208424889664	0.035556291463987
0.00104556085216742	0.0247894677623307	9.13898918881143e-05	0.850501613959351	0.0736333108623837	0.00706473530395037	0.00541259084046165	0.0035172748817361	0.0339440556457306
0.0317973658939164	0.0129298597428395	9.20022194977034e-05	0.823040579679725	0.0521831101166005	0.0392518858467986	0.00589223723563286	0.00436969750553701	0.0304432617594528
0.0231836978807651	9.25407960126564e-05	0.0147734968141062	0.797051211325777	0.0683185840968524	0.0129536771868351	0.0301132680899713	0.0224828579181037	0.0310306658915768
0.00954908980867753	0.000183420342651549	0.00525731272654928	0.827291909189358	0.0645526000776591	0.0279994930914569	0.0188052482002578	0.00558877098116677	0.040772155582223
0.00294737638880197	0.0178977880711176	9.04070778252153e-05	0.828908226910204	0.0617127689921241	0.0295903708514984	0.00962019844577705	0.0149341478903423	0.0342987153723096
9.00497268794914e-05	9.00497268794902e-05	9.00497268771315e-05	0.825239226698832	0.0657024717880239	0.0547056267130348	0.0160704366378612	9.00497268794899e-05	0.0379220392547326
0.0351884836519652	0.0281968309067116	0.000132384395778451	0.800287762178491	0.0398763838726269	0.0289075508818035	0.0163694562174608	0.0114524890002448	0.0395886588949176
0.0112685377598728	0.0116736348200305	0.00488765682970346	0.824274116540474	0.0767001065538113	0.0161609365106177	0.0141136356999641	0.00284645565915877	0.0380749196263675
0.00372226598089792	0.00278969823911644	0.0225356675080967	0.782494008473576	0.0995663158278308	0.0246460845304719	0.00638980038745404	0.0423423100893862	0.0155138489631704
0.0141179753438147	9.28729736388291e-05	0.0827946058947552	0.788417931935756	0.0450377478299611	0.0169847262260986	0.016756093215704	0.00270191051935356	0.033096136060918
0.0255180868250389	0.00593083469955784	0.0100944378733443	0.730734914212036	0.111270582998921	0.0302385436467525	0.0151907323535316	0.0304266128143923	0.040595254576426
0.0305138969443238	8.85660794624714e-05	8.85660794623045e-05	0.817984417205914	0.0352449975480659	0.0397009866632897	0.023675356267452	0.0315774631244267	0.0211257500876033
0.0207406573955524	9.34676492648164e-05	0.0107154224375812	0.827683678043872	0.0481161902412768	0.0379505074779343	0.0139777803538212	9.34676492648162e-05	0.0406288287514322
0.000132978123978295	0.00742759546267374	0.000132978123975569	0.833623344570552	0.0558631390903079	0.0166430300464737	0.0265661627496169	0.0199510130060133	0.039659758826409
0.000132447666787596	0.028493860855058	0.00811286836349403	0.756411513707919	0.0969828106819423	0.0341323074313891	0.00823948532481951	0.000132447666787595	0.067362258301803
0.0233911815628762	0.0191186504890012	0.0193858148550555	0.783172653675209	0.0609625127952115	0.00509917269456827	0.0216523626745853	0.0244003358345822	0.0428173154189108
8.91033967046961e-05	0.0245613209754055	8.91033967024378e-05	0.789349507437209	0.0454130607944169	0.0354977924388394	0.0512258377661248	0.00667408703804147	0.0471001867565559
0.0338998632576774	0.00448029493324051	9.0618752791627e-05	0.782919378602053	0.116523473668278	0.0284273899476385	9.06187527917873e-05	0.0273173342439053	0.00625102784162386
0.153793002283725	0.000163909736988312	0.000163909736988313	0.397941781008788	0.0771414396878278	0.000163909736988314	0.165662593742999	0.19071448498869	0.0142549690770052
0.00861817020593053	9.14811733386642e-05	9.14811733400753e-05	0.823735573475048	0.0470222027747626	0.050358541631619	0.00752767544343364	0.0170696844739478	0.0454851896485799
0.0259949531021024	9.06209835222351e-05	9.06209835236526e-05	0.793242778422516	0.0745409934087032	0.0277846433162049	0.033364358228369	9.06209835222347e-05	0.0448004105715362
0.0198296145622021	0.000134340558865073	0.000134340558865875	0.725744496338992	0.146274741756742	0.0225589078143696	0.000134340558865064	0.0280590121693542	0.057130205681744
0.0230737522847257	0.0135098170143048	0.003423870158367	0.802811193687423	0.054083601721443	0.0241173937529507	0.0289974291162299	0.0147863373995235	0.0351966048650326
0.048913414196311	0.0218718442029049	8.70160349615833e-05	0.806289038906399	0.0512279628779049	0.0153582026004204	0.0211285057574004	0.0126110848607542	0.0225129305629435
