Bcells	CentralVeinEndothelialcells	Cholangiocytes	Hepatocytes	Kupffercells	LSECs	Mesothelialcells	PortalVeinEndothelialcells	Tcells
9.03948125795347e-05	9.0394812513833e-05	0.0106766229910973	0.951102558965743	0.0174740396792605	0.00941939533008169	0.0109658037837075	9.03948124401565e-05	9.03948125763045e-05
0.0045669359418894	9.17270858828946e-05	0.0794235844228355	0.852622022623812	0.0199158481743614	0.000559772164461356	0.0187586401216973	0.021607125893884	0.00245434357117636
9.15429707424599e-05	9.15429707664825e-05	0.0118586161537598	0.945045183318262	0.0294886978986001	0.00310762193277879	0.00641454983575494	0.00329656816284494	0.000605676756490227
0.00358456818219352	9.12965602541981e-05	0.0142008451679976	0.935381279219621	0.0302118190048675	0.00847369923200697	0.0078738995124542	9.12965604018968e-05	9.1296560203557e-05
9.38104831130986e-05	0.00370864364669461	0.0186942281440084	0.934833032279377	0.0226619082066799	9.38104831301128e-05	0.0112790237686068	0.00756912473369486	0.00106641825469496
9.26012538031985e-05	9.26012537374222e-05	0.0173742897768086	0.924235162858867	0.0265029844619201	0.00670199180383693	0.0110918157855484	0.00923364476263357	0.00467490804284441
8.97713734198524e-05	0.0119253091574566	0.0125686062451492	0.931313840608441	0.0256688519193395	0.00270596672439702	0.0155481112249034	8.97713734665828e-05	8.97713734270076e-05
8.83831479486518e-05	0.00487430727931012	0.00841109459901679	0.949260367838531	0.0151117196649777	0.00706213314940539	0.0125609518968934	0.00254265927596769	8.83831479488617e-05
8.87464503857808e-05	0.00156986172760087	0.0165700524590605	0.947017550907959	0.0236694766706312	8.87464505509529e-05	0.00976152945582402	8.8746450460098e-05	0.00114528942752745
9.40262878771293e-05	9.40262878262952e-05	0.0261358056452479	0.928588096501315	0.0315428303297144	0.00123848905176809	0.00879873679671309	0.00341396281166263	9.4026287875819e-05
8.82260822285188e-05	0.0112579364306197	0.0115388850563127	0.932384021432017	0.0331706241561533	8.82260822780411e-05	0.00925596664096075	0.00128218995774278	0.00093392416168683
9.12520023740804e-05	0.00381790769553628	0.0130981540129407	0.936002293512688	0.027080719535565	0.00443116383614128	0.0104058383235633	0.0041320262927149	0.000940644788476707
9.21880330908548e-05	0.00993431518339985	0.0126456075512353	0.94422692980152	0.019900858639721	0.00123737128838005	0.0117783534365095	9.21880330325526e-05	9.21880331112706e-05
9.38876269025822e-05	9.38876269646076e-05	0.0205113178370793	0.948474233287346	0.0180736987939261	9.38876270015928e-05	0.0124589314431651	0.000106268130703397	9.38876269115926e-05
0.00141762522706567	8.9036273084066e-05	0.0136326755344936	0.937994612646763	0.0144886208848631	0.00622269381408447	0.0137872784055148	0.00633996707682677	0.00602749013730464
8.86172667856498e-05	0.00172710416345453	0.00992045219687832	0.948066845966664	0.0236795844913992	0.00331054873763942	0.0102950243286402	8.8617266898448e-05	0.00282320558164022
0.000252158986465823	0.00112277161792993	0.00862947002659763	0.941158889766289	0.0238653692914714	0.0137972557770408	0.0109886247917912	9.27298712467781e-05	9.27298711671643e-05
0.000407493135518174	0.014184708883821	0.0162228518039335	0.915298272756297	0.0273019886845557	8.97532475757048e-05	0.0205269890871201	0.00430169420543092	0.00166624819574773
0.00775996971882169	0.0082854030514633	0.0297521517258306	0.795990127070183	0.0342485174597624	8.72412556470117e-05	0.0641327189358551	0.028930947951688	0.0308129228307484
0.00687541146409564	9.24215903832579e-05	0.0183219279176515	0.936087153103764	0.0241353619472422	0.00286194928494393	0.00860929030424859	0.00292406279736342	9.24215903070877e-05
0.00205465231470142	9.15428238575112e-05	0.00979966874552643	0.944103774254536	0.0233442805480484	0.0105962345951773	0.0098267610703523	9.15428239532616e-05	9.15428238478752e-05
0.000806594116134487	9.27871044287989e-05	0.0198109328436363	0.935858637258294	0.0317069267445222	9.2787104390327e-05	0.0114457606196971	9.27871044755031e-05	9.27871044210034e-05
8.97887321547501e-05	0.027078807448399	0.0129483351483694	0.92514666044436	0.016257774488715	8.97887321956176e-05	0.0156272524501149	0.000226546322226996	0.00253504623346469
0.000387281757995459	0.00693193372892913	0.0176535541523552	0.926995065670108	0.032268035249318	9.18359884311578e-05	0.0154886214761169	9.18359883454927e-05	9.18359884003391e-05
0.00278682754199248	0.000911554266933773	0.00503660080375275	0.939934360769748	0.0311299303648028	0.0075609873317941	0.0112185133576155	8.86146238458031e-05	0.00133261093951452
8.83987058604909e-05	0.00600884712998161	0.0129051774291563	0.931053962418682	0.0332877105362552	8.83987059105541e-05	0.0141541645014997	0.00232494186678601	8.83987058681351e-05
0.00138983093569399	0.0136390102641332	0.0108719011959001	0.943514265679067	0.020356122845435	8.74900581248707e-05	0.00892638851815339	0.0011275004453657	8.74900581262257e-05
8.99219943300978e-05	8.99219943465509e-05	0.0156805780771656	0.940230129621809	0.0243548591613918	0.00543891625468641	0.0103038844625138	0.00151144992223342	0.0023003385115228
0.00462149878649904	0.0052245737967947	0.012413053790929	0.938681243950426	0.0187744576831365	0.00575471380983996	0.0131415698206939	9.11185463298007e-05	0.00129776981535109
0.0180323275449696	0.00299087892690112	0.0286310271767228	0.866787718770915	0.0281704812537536	8.74611636240792e-05	0.0372875967534498	0.00413167224208441	0.0138808361675792
9.02863319930329e-05	0.00313900490133805	0.015972852576638	0.930144460558142	0.0331173172025671	9.02863319980114e-05	0.0108415619183943	0.00651394384694278	9.02863319867312e-05
8.80339832968368e-05	8.80339832015815e-05	0.0112266637962674	0.94304844708654	0.0302712625351058	0.00138089796005832	0.00959629670616131	0.00360579250576804	0.000694571443600648
9.2032975523931e-05	0.00264853043369375	0.0174890397189406	0.948417166561358	0.018996881455193	0.00188682840952266	0.0090257313325288	9.20329755948623e-05	0.00135175613764469
8.73206200701764e-05	0.00247582813884873	0.0142109926594015	0.943484713544362	0.0102877715762371	0.0154337831717211	0.0112038082036618	8.73206200689917e-05	0.00272846146562901
0.00650322823622161	9.29225178200488e-05	0.0152365110402152	0.933050482697686	0.0277920806468334	9.29225180370014e-05	0.00779061697082289	0.00818515406912558	0.00125608130323776
9.35639967717137e-05	9.35639967115116e-05	0.0241675078707499	0.939068921363674	0.0217368159374441	9.35639967070659e-05	0.00915821796870303	9.35639967008992e-05	0.00549428087253758
8.82109297426194e-05	0.0106567807189135	0.015845770384012	0.94232745274883	0.0164422221604614	8.82109296929239e-05	0.0134296942821364	0.00103344691646944	8.82109297411995e-05
9.00756435830183e-05	0.00290242902470005	0.0131389337926775	0.942922335586546	0.0264262106705018	9.00756435695857e-05	0.0131211232560588	0.00121874073877008	9.00756435930223e-05
9.29369281700903e-05	9.29369281677308e-05	0.0263687622849194	0.932816973884426	0.0143532669842644	0.00164889075007524	0.0156983197385593	0.00883497557324678	9.29369281714249e-05
0.00134739664353454	9.13828408472158e-05	0.0148868922987303	0.935530168059123	0.0375855837645833	9.13828408486765e-05	0.0102844278703657	9.13828410639798e-05	9.1382840903504e-05
0.000812569226435135	0.00967438751375263	0.0115501007055895	0.936182050749258	0.0282626053712656	9.03485927528814e-05	0.0132472406553173	9.03485929179067e-05	9.03485927111466e-05
9.31250386665758e-05	0.00466690430230089	0.0145496052527297	0.931561583988811	0.0418783993694013	9.31250386178227e-05	0.00697100693215349	9.31250386647226e-05	9.31250386545698e-05
8.99922790770027e-05	8.99922790531623e-05	0.01614044280924	0.935052369317869	0.0226519515492663	0.00953952581038628	0.0121736822559968	0.00417205142004475	8.99922790664051e-05
0.000102853751141423	9.43444109760083e-05	0.0193305312080489	0.931691374536608	0.0258922047068321	9.43444111808865e-05	0.011118399407272	0.000601930021106665	0.0110740175468337
0.00125901191573415	9.49637084628833e-05	0.0129177988136722	0.936527094099327	0.0332209971803972	9.49637086027039e-05	0.0117189561847721	0.00407125068044514	9.49637085871454e-05
0.00131114252953441	9.27779941429595e-05	0.020001360191417	0.952161801986979	0.015330209831766	9.27779939645662e-05	0.0108243734841341	9.27779940218501e-05	9.27779940400236e-05
9.25527302727845e-05	0.00424822035533656	0.0176657699844389	0.943733180833965	0.0193244606384962	0.0010598603595426	0.0136908496376634	9.25527299854417e-05	9.25527302986846e-05
0.000976163692408317	0.000717364153289906	0.0234483149142855	0.941012607616348	0.0233619240995002	9.2661683146353e-05	0.0102056404748405	9.26616831702773e-05	9.26616830113572e-05
0.00234517552868603	9.28818508955234e-05	0.0420814933412302	0.922343429292218	0.0189781934454264	9.28818509610103e-05	0.0104080891520109	0.00356497368757236	9.28818509998033e-05
8.90195969318364e-05	0.0241303665412896	0.00912210401009343	0.909377939749331	0.0341489127626939	8.90195969146694e-05	0.0141876416237323	0.00575848964034499	0.00309650647866859
9.02083391766951e-05	9.02083391509347e-05	0.0121009039573027	0.945575848920036	0.0217781130678839	0.00420900408929154	0.012014317403081	9.02083391392021e-05	0.00405118754493832
9.10624660784336e-05	9.10624661939563e-05	0.0163157846519152	0.925577936178944	0.0299449482838558	9.10624660382502e-05	0.0141495878503128	9.10624660465207e-05	0.0136474931706154
0.00386726830876719	8.9132238958317e-05	0.0156035688250388	0.960373120488615	0.0123581539509723	8.91322389097035e-05	0.00744135947075076	8.91322390390063e-05	8.91322389487317e-05
0.00115692660964349	9.20652838219022e-05	0.0170423937063571	0.927041395992229	0.0314502886497577	0.00853083703195647	0.00933806989679256	9.20652838544961e-05	0.00525595754558727
8.98758685875468e-05	0.00582631084149849	0.0113087863900986	0.948589852833473	0.0210776039735907	8.98758685896593e-05	0.0106857068944697	0.00104756473284486	0.00128442259684783
0.000199833913401583	9.40830941790141e-05	0.017361024439977	0.932367218355144	0.0272620037267329	9.40830940895448e-05	0.0126145547555216	0.00991311552680358	9.40830941513151e-05
0.00312078395022482	0.000535989815422844	0.0140851848527129	0.920286403179067	0.0384577941169059	9.02097797208551e-05	0.0142721562425586	9.0209779879248e-05	0.00906126828350803
8.83636145390986e-05	0.0125317950597091	0.0172310184803306	0.944473379721473	0.0157326122286999	8.83636145586829e-05	0.0096777400516021	8.83636145384339e-05	8.83636145490356e-05
9.40853687506473e-05	9.4085368764663e-05	0.0280145182174543	0.936174310137728	0.0156458316549072	0.0065102689487922	0.00831607619045999	0.00505673874440291	9.40853687396229e-05
8.98281910758327e-05	0.0143084707635467	0.0173250271306065	0.932230489237285	0.0142809232213375	8.98281910136806e-05	0.0143573427691868	8.98281908855509e-05	0.00722826230506273
8.9498466090491e-05	0.000769112588400464	0.0189991925444326	0.943099532920526	0.0256002141341526	8.94984662400069e-05	0.0104154815430462	0.000524065365732878	0.000413403971378415
0.00421433672003825	8.85571155001831e-05	0.0116216225762938	0.937606827957716	0.0222848338795575	0.0130226605765007	0.0088316147272883	8.85571154696266e-05	0.00224098933163607
0.000998128515518642	9.20474444897689e-05	0.0301742617926332	0.922074192440687	0.0141220056379661	0.00822726038948947	0.013228478877953	0.00656773960620043	0.00451588529506274
0.00428460478877563	0.0008569034232274	0.0148924006718022	0.941052953467799	0.027248224420997	9.22206584625803e-05	0.0113882512519571	9.22206585015192e-05	9.22206584778704e-05
8.80648627387499e-05	8.80648626806739e-05	0.0124215597438961	0.956250215263343	0.0148252857589561	0.000988975551505336	0.00938439082393679	0.00361382019066845	0.00233962294227507
0.00073645736210065	0.00111560590235676	0.0128994686815821	0.930587271980371	0.0252945846902527	0.00340239199087857	0.0137409400975907	0.0051634913936691	0.00705978790119866
8.98983940007208e-05	8.98983940218626e-05	0.0152282611939944	0.937408658009531	0.0289362014860611	8.98983939280771e-05	0.00843022527236744	0.00963706046210607	8.98983939897376e-05
9.28969980113924e-05	0.00337147293266569	0.0447748606554819	0.909302730448766	0.0221445559085965	9.28969979682397e-05	0.015109703161454	0.00501798589904684	9.28969980097739e-05
9.37392754696013e-05	9.37392752885974e-05	0.0283449792001286	0.93225660069803	0.0190446069229097	0.00496855905726527	0.00658144121527749	0.0085225950801625	9.37392754688559e-05
9.28760415485224e-05	9.28760414762707e-05	0.0351379821387391	0.925096985775421	0.00931463022347682	9.28760414488556e-05	0.0107077145991856	0.0193711830971694	9.28760415342482e-05
0.000321469770846512	0.000825547883027265	0.013927118099056	0.946554199634426	0.0169404925064859	9.01565366927201e-05	0.0131319810398158	0.00811887799310645	9.01565365430758e-05
0.000883860932520457	8.88856410954995e-05	0.0149210985133759	0.945976082593115	0.0193526339190653	0.00936944551850298	0.00756627747430749	0.00142615289275111	0.000415562515266559
0.00386715974857451	9.25690965440228e-05	0.0275734189711877	0.928825533667902	0.010885496401207	0.00133239322741029	0.0137720943312757	0.0112558919958185	0.0023954425600808
0.00191195382281039	9.31194915567498e-05	0.0272022157363	0.919665568401211	0.0166024348660223	9.31194913640227e-05	0.0210443528733527	0.010409051320361	0.00297818399702129
0.000631136206259174	0.00246251677425539	0.0154503480309078	0.948718570069974	0.0234196217507943	8.81374123943701e-05	0.007956512487953	8.81374123196407e-05	0.00118501985514195
9.19203973859262e-05	0.00277590181720653	0.0141283715556575	0.921853524384327	0.0394149561775002	9.19203975336482e-05	0.0125931870889092	0.00408843873540119	0.00496177944607867
0.00158311773504809	0.00196382502721323	0.0100133852883679	0.935265701142807	0.0359589433230724	0.0023909466378701	0.0123212972923996	8.77618391775515e-05	0.000415021714043905
0.00137465722822554	9.24389206314985e-05	0.0419299446235141	0.892488197114093	0.0158493519283149	9.24389205635905e-05	0.0217333168136579	0.0263472155303707	9.24389206289488e-05
9.30861198457285e-05	9.30861198612502e-05	0.0197006095089133	0.919236208316176	0.0374851724329186	0.00454809780427483	0.0148221368221687	0.00392851675598688	9.30861198542905e-05
9.19368614812804e-05	0.00369281125577557	0.0185259450609918	0.940667410907274	0.0216331384815194	0.00434740057583602	0.0108574831341707	9.1936861461778e-05	9.19368614894364e-05
0.00130112096068464	9.23693406852858e-05	0.0483089360007361	0.897628610284289	0.020132713578212	9.23693407451413e-05	0.0165399995583995	0.0158115115955068	9.23693407422474e-05
0.00145055793226197	0.00551250075731404	0.0144135267084085	0.946644332767334	0.0207945480915353	9.0572513369673e-05	0.00990429651549385	0.00109909220095401	9.05725133288811e-05
8.82133711743349e-05	0.00807396530077774	0.0154934675628043	0.950329404050035	0.0172695596360678	8.82133711089706e-05	0.00762473803033907	8.82133712616808e-05	0.000944225306431283
0.00160904435981179	0.00799600186963934	0.014782259228561	0.924854108984585	0.0359851361673415	9.14818847648091e-05	0.0128537978826221	9.14818849157445e-05	0.00173668773775837
8.82077246711371e-05	0.00567770108232667	0.00883466096285451	0.952076401289924	0.0192616666531794	8.8207724586667e-05	0.0104609796894421	0.00212727941743962	0.00138489545557632
9.36177746595812e-05	9.36177745669508e-05	0.020176078837875	0.948032149989485	0.0113586300589053	0.00143706743218487	0.00794412811468658	0.00957886768809805	0.00128584232953875
9.22667766707154e-05	9.22667766511361e-05	0.0164691647120985	0.923014200980974	0.0347744962257562	0.00786301480080375	0.00959608858976713	0.00571324964306326	0.00238525149421499
8.82820302939637e-05	0.0266517868177192	0.00749804635490776	0.922372590718468	0.0152545536657135	8.82820303146397e-05	0.0206075618771526	0.00735061447514774	8.82820302826114e-05
0.00534865131956655	0.0013974648971804	0.0132687036971443	0.949425078109435	0.0190065857512025	0.0018805374448801	0.00857443837091641	8.86553451549971e-05	0.00100988506452016
0.106536969580552	5.77038035279005e-05	0.192221948378187	0.491222387283182	0.032846817898725	5.77038035305215e-05	0.0592564277591562	0.0187511927729263	0.0990488487202121
8.87152738415658e-05	8.87152739732731e-05	0.00776821227957454	0.942570373360545	0.0219032643117307	0.00682161627716691	0.0149558508928382	0.00152531633583928	0.0042779359944902
0.000230837401683597	0.00281933890826441	0.0152115812025199	0.946837244613752	0.0289627908949233	9.03244176552393e-05	0.00566723372622455	9.03244174379466e-05	9.03244175389137e-05
9.37293419561994e-05	9.37293420038874e-05	0.0203054771386556	0.919944161284987	0.0325623234159792	0.0115862246723635	0.0077660850525708	0.00755454040952272	9.37293419607495e-05
0.00338118150813112	0.00470787726299711	0.00557343981270632	0.948942891652182	0.0235189769634807	9.22312950456823e-05	0.0121525126397913	0.00153865757055398	9.2231295111369e-05
9.47453030976498e-05	9.4745303003458e-05	0.0314287643724123	0.935786768915782	0.0199176954176997	9.47453030891295e-05	0.0096635447822154	0.000532692328577416	0.00238629827412267
8.66983915412785e-05	0.00566644875893285	0.0116163726947996	0.935661175211816	0.0208932636673676	0.00529471291681604	0.00998478344023616	8.66983915405374e-05	0.0107098465269501
0.000981222439251313	9.29500177793579e-05	0.0269102453919821	0.924835179930852	0.0261064985032633	0.00414920309254649	0.0094798595691574	0.00472279280992077	0.00272204824524786
8.88937074548191e-05	0.00667019150164286	0.0134250583241454	0.947724660935136	0.0168048625252459	8.88937076040106e-05	0.014346171196738	0.000762374394570448	8.88937074623081e-05
8.89892968657917e-05	0.00808030728711209	0.0122167863034615	0.935440420947864	0.028384365355946	0.00144361752983504	0.0141675346851339	8.89892969071808e-05	8.89892968749312e-05
9.13097394018165e-05	0.00124325720428104	0.0178956854038834	0.933265197998461	0.0337914124699997	9.13097393388576e-05	0.00928516779561858	0.00424534990962566	9.13097393905204e-05
0.00271267403511175	0.0004953131953212	0.0178439240945775	0.930337376270551	0.0184310543387581	9.16009849364937e-05	0.016031177095618	0.0080740515579331	0.00598282842719291
0.00105833046848374	0.00137842996070855	0.0267609019574369	0.919577089086289	0.023192890060462	9.35030987517484e-05	0.0112520199820939	0.0165933322869446	9.35030988292147e-05
0.00428041043806367	0.00431534049532401	0.0140524633537275	0.936594694845904	0.0201763815464783	9.24232096311012e-05	0.0157101285394101	0.00268269427785907	0.00209546329360268
0.00296193493405638	0.0016562015851124	0.0170099603566453	0.945151054889448	0.0193035766894687	0.00722278803226686	0.00570658537483621	0.000896640934670412	9.12572034962951e-05
0.00012821101849713	0.00538305370179681	0.0119525196364104	0.916148631061993	0.0406296489924455	0.00881000101080264	0.0119255020943856	0.000128211018516397	0.00489422146515301
0.00210894706544751	0.00454771587416773	0.0106717069583806	0.937348447753959	0.023551641195406	0.00246143296489741	0.0123525433809969	0.00145997019328208	0.00549759461346298
0.000724051667076701	9.31883237766929e-05	0.0214784262424518	0.948272896572878	0.0127101753838744	0.00703026496436941	0.00882041229491579	9.40929663629091e-05	0.000776491584294262
9.27869999836176e-05	0.00164148121591723	0.0209295900895376	0.949271076980124	0.0154030157083406	9.27869999183941e-05	0.00941152841134644	0.00306494659483653	9.27869999958773e-05
0.00103497563271142	0.00234264760630481	0.00815276880259745	0.957349860743672	0.0216669921045722	9.23685669406132e-05	0.00917564940933663	9.23685669328737e-05	9.23685669315637e-05
9.04486401099084e-05	0.00735985729832439	0.0137357789268244	0.938782931851663	0.0193097456965087	9.04486401404427e-05	0.015540014193844	0.00500032611245989	9.04486401252107e-05
8.99065878416275e-05	8.99065878390519e-05	0.0120694709034162	0.936453568659445	0.0266592743620734	0.00142983663979962	0.0126624557277101	0.00748236825253712	0.00306321227933749
0.00216342640569022	8.82963739592259e-05	0.0102459200165113	0.955147844169648	0.0189938641596325	0.00177342095489197	0.0098881295783277	8.82958005118723e-05	0.00161080254082717
0.00990268664777948	8.95067699585734e-05	0.0141235234148562	0.938634626395411	0.0139907139197633	0.00795888171235128	0.015121047599902	8.95067699789138e-05	8.95067699996468e-05
9.23393383728345e-05	0.000454837850469428	0.0152914304407701	0.941140822380735	0.021464553362014	0.0102913036229838	0.0110800343279446	9.23393383295015e-05	9.23393383803052e-05
9.09164503682351e-05	0.011483059730637	0.012413244615703	0.94258998297355	0.0194268361349917	9.09164504034621e-05	0.0137232107436284	9.09164503425212e-05	9.09164503758567e-05
0.000212159606763143	0.00187901917673324	0.0097439544371761	0.937706764034178	0.0294333949127931	0.00781634850144641	0.0130310860077094	8.86366616314333e-05	8.86366615689005e-05
0.00411966561804146	0.00545000320444439	0.0179578883468574	0.943069876801884	0.0202962141131687	8.96574117118609e-05	0.00883737968051774	8.96574116868436e-05	8.96574116879528e-05
9.43923925882772e-05	9.43923925453527e-05	0.0121283317052964	0.924452344232396	0.0465319645733724	9.43923925328894e-05	0.0092221060973571	0.00111214278343882	0.00626993343047236
0.000406629568198555	0.000770615897485326	0.0160200874491806	0.928375699931697	0.0199076454893009	0.0050659152914329	0.0154867757677395	0.00822474080636736	0.00574188979859818
9.24112475797515e-05	9.24112475215223e-05	0.0167134668009002	0.933785498166965	0.0306458568992343	0.00623461687608242	0.00888505707497144	9.24112475846563e-05	0.00345827043916059
9.23930646776978e-05	0.00464286035346952	0.0276101374498487	0.917146682355873	0.0318593322953783	0.00149114996165376	0.00880133914957017	0.00826371230485205	9.23930646771383e-05
9.28310499099237e-05	0.0101302910643071	0.0172583824061223	0.925324614904355	0.0285521562978627	9.28310498767982e-05	0.0183632311277218	9.28310499220491e-05	9.28310499224763e-05
9.28361942630723e-05	0.00284576726258829	0.019952326086447	0.941763022795565	0.0276802769565086	9.28361942338315e-05	0.0073872621220799	9.28361940515761e-05	9.28361942623675e-05
8.92387801245596e-05	0.00720420595896264	0.0135037354461874	0.935667039343633	0.0185491234684804	8.92387800647222e-05	0.0155278644609411	0.00189838702063121	0.00747116674097517
0.000246505364301003	8.95960555860606e-05	0.0130306013991344	0.943430420228905	0.0254412575195708	8.95960557191361e-05	0.0103115766425657	0.00727085067853025	8.95960556876081e-05
0.00419139844310915	9.30279981652013e-05	0.0153360492061927	0.926314975407684	0.0382760691821298	9.30279981635162e-05	0.00805626866047961	0.00265874878474901	0.00498043431932658
9.15231362331076e-05	9.15231362176965e-05	0.0135702885680339	0.916419318420745	0.0353598386434987	0.0151541757792909	0.0130150161452581	0.00424675262626974	0.00205156354445273
9.40147559116676e-05	9.4014755953065e-05	0.0122506489068645	0.931623099787198	0.0380451912225459	9.40147558779308e-05	0.0121904186833722	0.00520016379813439	0.000408433334142421
8.91468257135725e-05	0.00785511215333339	0.00825795719762493	0.942824266699956	0.0220227694754087	8.91468259458588e-05	0.0186833071705533	8.91468257060033e-05	8.91468257578544e-05
9.17023594637836e-05	9.17023595041147e-05	0.0175273283381229	0.942929306235368	0.0194639652187585	0.00656322437151472	0.00687290967543282	0.00620073520571089	0.000259126236124613
0.000128344984322818	8.97517613474078e-05	0.0177249437095797	0.943274953645297	0.0179818430066907	0.0117690068415871	0.0088516525285129	8.97517613196533e-05	8.97517613426997e-05
0.000654459398807297	9.24075152477091e-05	0.0335896237099984	0.93015982241747	0.010313979639956	9.24075152249422e-05	0.0126424483646737	0.010299945937129	0.00215490550149238
0.000208688963035513	0.000565282152974484	0.0201853314050278	0.940833187256949	0.0246900148911835	8.96461332682745e-05	0.0095708473609501	0.00259040116838048	0.00126660066823119
0.000785227029820953	8.96156083409274e-05	0.0132910593154265	0.938739264284289	0.0227828275404647	0.0133101215540677	0.0108226534510453	8.96156082375532e-05	8.96156083074433e-05
0.00112059969788936	0.00114623720124417	0.015435576035824	0.931292416248212	0.0375199980462481	0.000129100681320847	0.010199240346603	0.00105797194175333	0.00209885980090536
0.00259111742457924	0.0123014030087142	0.0117829353442692	0.929922641051184	0.0265674584598719	8.96470612700003e-05	0.0121358595382231	0.000636768822999777	0.00397216928888813
9.04585034198332e-05	0.0123937549714761	0.0113729068036667	0.941322699501455	0.0197408738301444	9.04585035560106e-05	0.00931667204567153	0.00170264900939954	0.00396952683121068
0.00307256482229502	9.14875110192401e-05	0.0116649152345253	0.94232432584545	0.0248458189531569	0.000532823001976984	0.0106626601359888	0.00260853757398353	0.00419686692160396
0.00120305469814695	0.00188578045102205	0.0360495170859384	0.919198902774732	0.0184670499659897	0.00203064769385514	0.0150168006434653	0.00601379461914101	0.000134452067709125
8.96327436629507e-05	8.96327435620657e-05	0.0149311445179072	0.939177446010259	0.0193388077037922	0.0128602243430639	0.0115101343429789	0.000946491048507795	0.0010564865462658
8.91721766948918e-05	8.91721766721976e-05	0.0115899645696506	0.927195217470228	0.0332740308090837	0.00463536081774976	0.00871174847205518	0.0143261613311678	8.9172176697673e-05
9.24220509072695e-05	0.00522046507474884	0.0151640888332886	0.936075050306387	0.0225010441536806	9.2422050877901e-05	0.00775902705469588	0.013003058424507	9.24220509073005e-05
0.0013285795023021	9.17578847748759e-05	0.0396469711988447	0.924822508988157	0.0213120021637341	9.17578847888551e-05	0.00705367970365646	0.00556098478893794	9.17578848040874e-05
0.00139345904160891	0.00185937186569505	0.0185257878936953	0.940320150591837	0.018233505865332	9.26023401699344e-05	0.00970786722938345	0.00782649879939485	0.00204075637288365
0.000427801306491929	9.24771449891748e-05	0.0150379361972502	0.933124941514461	0.0385251454938399	0.0010010820350284	0.00721880640011791	0.0031661079300803	0.00140570197774137
0.00112172658378327	0.0112304109885431	0.00897344203884362	0.92766689982798	0.0235924008365199	0.00996578548825215	0.012886280962307	0.00447479534463376	8.82579291376133e-05
9.17544285214913e-05	9.17544284383184e-05	0.0135567020195196	0.930646644581427	0.0322663087811969	9.17544284397065e-05	0.0108231131798465	0.0123402137240951	9.1754428515122e-05
9.07781143410778e-05	0.0033650877630867	0.0105366083742413	0.919878282537807	0.0464478542729646	0.00854579965875004	0.00735102688844304	9.07781143586823e-05	0.00369378427600706
0.010403954709499	6.09816148351384e-05	0.0200627415585434	0.903431554853234	0.0171118454867388	6.09816148410934e-05	0.0224704392602026	0.0263365192872637	6.09816148425315e-05
0.00132008605969215	0.00554233207555701	0.00902243746284891	0.946082749564371	0.0236488855142422	8.83425348127186e-05	0.0119387398873076	0.00194413958816012	0.000412287313008586
0.00638344699114347	8.96269795545452e-05	0.0155967689857615	0.942879678003462	0.0207648274630357	0.000992864503175061	0.00828550196700391	0.00491765812729234	8.96269795710818e-05
8.91059188068541e-05	0.00201377642356778	0.0143372413370814	0.951635869757646	0.019162376489402	0.00363122523609264	0.00895219299962832	8.91059189626386e-05	8.91059188125236e-05
0.00059401493793538	0.00777766764189468	0.0149272202538764	0.941252854492859	0.0237830782669386	8.94374916369582e-05	0.00847269848982232	8.94374916034868e-05	0.00301359093343325
0.00329660514543623	0.00369541523030855	0.0133569332052837	0.941067760657434	0.0216243131918335	8.7786697416293e-05	0.0157051465175465	8.7786697435653e-05	0.00107825265730581
0.000139915904264884	9.14700234084129e-05	0.0259576687317293	0.937378343277383	0.0123897053108876	9.14700233010998e-05	0.00830804561147956	0.0155519110940876	9.14700234584806e-05
9.23156684642541e-05	9.23156684236506e-05	0.0107553831236793	0.953039290454958	0.0219119636923102	9.23156684031991e-05	0.0100201174059014	0.00390398264938823	9.23156684721173e-05
0.00107378149533728	0.00461335121838817	0.0143964535610013	0.938082845014797	0.0278919036627679	8.84236482032209e-05	0.0132124468441932	0.000292854195114651	0.000347940360196924
9.20769858208639e-05	0.0039235369083226	0.0145133982824102	0.940692490056262	0.0271196100890157	9.20769857915993e-05	0.0103310006932646	9.20769860121601e-05	0.00314373301309998
0.00342001173672054	9.52735938285698e-05	0.0296676562722533	0.931627081145209	0.0190571270187462	9.52735938593363e-05	0.00944534256922755	0.00649696047626211	9.52735938930635e-05
8.79618217814316e-05	0.0253194826807926	0.00917736478036867	0.939415098427413	0.0129260022863808	8.79618218283407e-05	0.011633916493286	8.79618217790751e-05	0.00126424986637014
0.000825367151846678	0.00345550203522001	0.0126285011767373	0.952346676825005	0.0200577367724644	8.94886277683415e-05	0.0104177501555355	8.94886276914866e-05	8.9488627731149e-05
0.000751085435483762	0.00850825113773042	0.0105949775520373	0.945014932726469	0.0210328974802173	8.98492732300864e-05	0.0110717495940992	0.0028464075274499	8.98492732829914e-05
0.00256719780125241	9.44631748815964e-05	0.0231243776893462	0.935308113524716	0.0189352159000713	0.00926306859791055	0.010518636961882	9.44631749738518e-05	9.44631749663247e-05
0.00421045958024192	9.19658843298918e-05	0.0259861263504053	0.925351213645189	0.0149445539944303	9.19658843072027e-05	0.0105540878391184	0.0155810965750023	0.00318853024697602
0.00205547665797356	0.00883029537645198	0.0159491633458998	0.933441578989701	0.0257670686280113	0.000859469873976172	0.00739315597477233	9.28172930336182e-05	0.00561097386017965
8.81118793343489e-05	0.00627264884388015	0.0115705164043103	0.943947649751559	0.0193806062473402	0.00177029780290844	0.012805363652779	0.000637495166804527	0.00352731025108421
9.06054960198946e-05	0.0258445989983765	0.0123541992027007	0.913507956118418	0.0274285933108787	9.06054961181728e-05	0.0205022303853317	9.06054961201294e-05	9.06054960366291e-05
9.09816443925659e-05	0.00615059415824869	0.0129118466357179	0.957191635851322	0.0149856228962665	9.09816442170235e-05	0.0083963738810359	9.09816444077714e-05	9.09816443914206e-05
8.91117028448281e-05	0.00171221110865494	0.0133907373732729	0.945712483880969	0.028323246550533	0.000180407448113956	0.010413578529974	8.9111702784977e-05	8.91117028528417e-05
0.00379881179595817	9.09152670376928e-05	0.0337238898212149	0.907907823911347	0.0155069520069908	9.09152670342132e-05	0.0241093173887292	0.0146804592746022	9.09152670862126e-05
0.00101067864941988	9.42365588356935e-05	0.0206477257891541	0.939623605568445	0.0215848340500326	0.00631106753532968	0.00898424510491662	0.00164937018498835	9.42365588776328e-05
8.88260757333969e-05	0.00761758225677363	0.00980188471604839	0.952628954100026	0.0192781015328382	0.0011260224846064	0.00928097668261242	8.88260756106883e-05	8.88260757504625e-05
0.00110894823528745	0.000129800437439744	0.0126914762062114	0.937556207068844	0.0279675386665895	0.00601586001548699	0.00714709650867726	0.00265896999002394	0.00472410287144007
0.00276422553100536	0.00285706001230471	0.0251295625386182	0.927800851753993	0.0268581705415952	0.000875272284220062	0.00982256835061988	0.00334533628270741	0.000546952704935858
8.97047075733021e-05	0.00530626982133579	0.00963158356370975	0.935224407077466	0.0352822177160966	8.97047075573201e-05	0.0114309342234858	0.0028554734752003	8.97047075756425e-05
0.00943704052006749	9.3429513814272e-05	0.0461520588375887	0.894829373947148	0.0246075048166354	9.34295136228118e-05	0.0129035267701794	0.0107021185961952	0.00118151748474822
9.35420145035602e-05	9.35420144400108e-05	0.0230214765043415	0.936132414207619	0.0180669335512796	9.35420144274042e-05	0.0133558392569694	0.00818839624081995	0.000954314195599991
0.00608122416790554	0.00312154196826699	0.00594854722410698	0.936803137116782	0.0240706680012568	0.00430390736101327	0.0118146299313802	0.00280641854505333	0.00504992568423474
8.97069555166239e-05	0.0113744795859651	0.0163135180404221	0.941548268968117	0.0164174134350935	8.97069554771995e-05	0.0133916011682858	0.000685597935607811	8.97069555148882e-05
0.000836341894186134	0.00928688590223925	0.0109059666120949	0.954091035344565	0.011865967673504	9.0485107943416e-05	0.0104531130009101	0.0014729926578933	0.000997211806663774
0.000738339358118433	8.79772649802686e-05	0.0168535699014209	0.93844881244283	0.0184225538295062	0.00680732490295603	0.0065532010864368	8.79772650354432e-05	0.0120002439487158
0.00469411833494988	9.12951217451298e-05	0.018882667500655	0.924068750765604	0.030886054180112	0.00200471029815632	0.0137414029925076	0.00553970568445492	9.12951218150086e-05
0.00016063911384735	9.3374614248612e-05	0.0175032030451348	0.920132071400525	0.0464849893896445	0.00290485066992615	0.00769278553044368	0.00493471162191775	9.33746143125629e-05
8.88041952184168e-05	8.88041952527139e-05	0.0108026017964192	0.965401658830628	0.0122861376282531	0.00165348065833946	0.00950090430501135	8.88041956492902e-05	8.88041952288797e-05
8.80943461375374e-05	8.80943460687101e-05	0.0123980679947966	0.942452472227229	0.0200046477392581	0.010970355264156	0.00930060169617981	8.80943460437121e-05	0.00460957204013007
0.00148615596319144	0.00295394858574412	0.0178920993723955	0.919724768812543	0.032986187256792	0.00363256661716983	0.0154700347778531	0.00576209531911487	9.21432951959442e-05
0.00190029410081101	0.00511706078437922	0.0264145055080367	0.916033935297855	0.0239972445443607	0.00013083748431826	0.00806839181112131	0.00122165731614015	0.0171160731529777
0.000426608743341548	9.52308294555813e-05	0.0216517493625027	0.935197203494366	0.0150590032430663	9.52308289502186e-05	0.0109760361129689	0.0164037065563427	9.52308290066045e-05
0.00126662535022294	0.0073904307053983	0.0122247948493317	0.938820329159844	0.0221236144948852	8.84351921904819e-05	0.0154658355279966	0.00253149952789986	8.84351922305468e-05
0.00310978437305813	0.000281211926586668	0.0270585900556431	0.940685321286861	0.0163981452405322	9.52451291839463e-05	0.0121812117300243	9.52451290320427e-05	9.5245129079161e-05
0.00371069987401895	8.99233057440208e-05	0.0122340808727256	0.936791766857581	0.035961624256022	0.00305060262937811	0.00492380107204608	0.00314757782678859	8.99233056954178e-05
9.23813114070424e-05	9.23813114181988e-05	0.0263828839151795	0.915802675617806	0.0384348907728319	9.23813112122044e-05	0.0103977891772509	0.00861223527148358	9.23813114106617e-05
9.25117136201029e-05	9.25117135892434e-05	0.0149602294941091	0.944313764156384	0.0180152577812242	9.25117136928542e-05	0.00720137564030529	0.0134982415344622	0.00173359625261341
0.00128616765554573	9.09592177195137e-05	0.0343968878953215	0.912652494666773	0.0183396768013705	9.09592176869214e-05	0.00866403568952623	0.0134946765816607	0.0109841422743955
9.15271185364078e-05	9.15271185452724e-05	0.0157445676261631	0.946252081093792	0.0213254208203749	0.00479965955755655	0.0115121624281997	9.15271183344338e-05	9.15271184973542e-05
9.27994142071369e-05	0.00158627627438712	0.0188801726438876	0.929131873180479	0.0220063651163971	9.27994141554214e-05	0.0148489905668576	0.0107178770081036	0.00264284638152575
0.00179041585469472	0.00282599785137432	0.0181525609261538	0.944014571656911	0.0204592571502433	9.40988619712868e-05	0.0104161534440231	0.00215284539268345	9.40988619447076e-05
9.03069043124509e-05	9.03069043035003e-05	0.0253500607094519	0.910294971610224	0.03627883186211	0.00236377910171632	0.0138313138807017	0.00246258350790717	0.00923784551927344
8.95019252006571e-05	0.00426808701148142	0.0117334597444884	0.94547137813826	0.0164038081802863	0.0027978132266275	0.0129290617958253	8.95019251982794e-05	0.0062173880526317
0.000132242158772096	9.02920492061876e-05	0.0111528992682047	0.950202423892952	0.0139295567748519	0.000100108840393429	0.0121709208366626	0.0121312641296875	9.02920492694171e-05
9.7243161603949e-05	9.72425770159931e-05	0.0250919101545265	0.941677691030912	0.0159024141548575	9.7243161788418e-05	0.0104803370018349	0.00645867559587373	9.72431615872126e-05
0.00140857139534013	0.00954235920012798	0.0165327821690692	0.941727927280819	0.0121836577316669	8.87821273200925e-05	0.0108172043918616	0.00552976355025038	0.0021689521535447
0.00176685065639904	0.0108367421097198	0.0106801931872289	0.935946842738953	0.0204522968505044	0.00760016955083209	0.0125393468101566	8.87790481075468e-05	8.87790480991174e-05
0.000999564597761043	9.4271205357985e-05	0.0147240757682119	0.949055593670485	0.0170245404748017	0.00135893555093533	0.0123800071725789	0.00426874035452685	9.42712053409362e-05
0.00643903437040705	0.00780733029158749	0.011625641018255	0.935998688275433	0.0192679978732321	9.20494446676676e-05	0.00914671789807035	0.00953049138363277	9.20494447144924e-05
9.11987728192491e-05	0.000810098494471714	0.0129143566691481	0.935149024694086	0.0367738472502439	0.00416601280753546	0.0069465396998239	0.00305772283905033	9.11987728217829e-05
8.90993823533973e-05	8.90993823612575e-05	0.0186869657709981	0.956182515859845	0.0182972220575056	8.90993823272068e-05	0.00638779939997273	8.90993822761454e-05	8.90993823609088e-05
0.00485152874305546	0.00139142889929035	0.0100909402542749	0.951945772791167	0.0167174579425419	0.00635510796875237	0.00847013308201945	8.88151593279467e-05	8.88151595706905e-05
0.002356019246175	9.21752380616235e-05	0.0270937522756216	0.937610951185481	0.0164230038606895	9.21752381433838e-05	0.0131197734012006	0.00311997431642016	9.21752382073529e-05
0.000431981915026632	8.92171838429041e-05	0.0183460280621866	0.943420557322123	0.0225023345748491	0.00233906538268524	0.0126923811915904	8.92171838160484e-05	8.92171838802312e-05
8.88469008621169e-05	0.00405217253422483	0.0122801911738416	0.949455610495378	0.0176910528192095	0.00439625725286066	0.0117687531064619	0.000178268816295611	8.88469008659281e-05
8.93891472725884e-05	8.93891472321412e-05	0.0110157493516858	0.939820933487502	0.0227029118273387	0.00635304451187667	0.0151690369261131	0.00116671136162046	0.00359283423935873
0.00701668079496645	8.96520603961139e-05	0.0177493749531197	0.944921703984369	0.0143824211114677	0.00507397744831353	0.00672183573891367	0.00395470184819787	8.96520602557398e-05
9.16061298151951e-05	9.16061297660315e-05	0.0167670260843575	0.955205756447216	0.0215910515309279	9.16061297618683e-05	0.00597813528861246	9.16061297201225e-05	9.1606129822933e-05
0.000353649450901167	9.35913129499036e-05	0.0224173933314861	0.929537818429175	0.0299395565302016	0.000562243761504644	0.00940228600439021	0.00759986986636732	9.3591313023663e-05
9.36929984043567e-05	9.36929982888007e-05	0.0391311425912527	0.936497999220235	0.0125272035500717	9.36929983757095e-05	0.0113751896466013	9.36929983719601e-05	9.36929983987195e-05
0.00373448488437819	0.00349719119209018	0.0183527246663274	0.921438147991931	0.0340272855459997	0.00571095014667436	0.00870843247520774	0.0026554418862141	0.00187534121117719
8.96574581296925e-05	0.00403045911374502	0.0130173270231911	0.947079441333306	0.0160044234763132	0.00114316154491739	0.0107026275440354	0.00784324504822364	8.96574581384047e-05
0.000123932096387176	9.10473428818592e-05	0.0160823584056243	0.949388889726649	0.0155181022831611	0.00646306663957863	0.011721135847808	9.10473429012299e-05	0.000520420315009131
8.8824807801367e-05	0.00692266453904367	0.0146898702499533	0.945590680477796	0.0161783333572748	8.8824807958897e-05	0.0140441806780372	0.00230779627431614	8.88248078190555e-05
9.2508516082605e-05	0.00753022256215355	0.0244833495614817	0.931421372779609	0.0273281600317659	0.000180169999645568	0.00864601806415899	0.000225689969026889	9.25085160762484e-05
9.25348132542158e-05	9.2534813444324e-05	0.018853998756255	0.943407346480051	0.0182172773365452	9.25348136934017e-05	0.0118858872425056	0.00726535093099141	9.25348132600732e-05
9.05594901894119e-05	0.0114967258319369	0.0145382259076323	0.9243236336984	0.0188816926660821	9.05594901407787e-05	0.0180735815829237	0.00557749170786921	0.00692752962482523
8.83642872323861e-05	0.00273341275487502	0.00902992275691489	0.941949382718779	0.0328447212380754	0.0019116513056316	0.00857044260933544	0.00278373804192515	8.83642872314082e-05
0.116673278249299	5.89562236654701e-05	0.0249747662247882	0.65567498363037	0.039678902924656	5.89562236634168e-05	0.0892490580220728	0.0532716270134117	0.0203594714880732
