Bcells	CentralVeinEndothelialcells	Cholangiocytes	Hepatocytes	Kupffercells	LSECs	Mesothelialcells	PortalVeinEndothelialcells	Tcells
8.98156248082941e-05	8.98156248558597e-05	0.000673353145833311	0.971036299309247	0.00976908510795729	0.0114539005080091	0.00650576417512376	8.98156248703775e-05	0.000292150879295407
0.00420066192397039	9.19076502722507e-05	0.0927802128405647	0.853160265267872	0.0107156312775344	9.19076502016886e-05	0.0155773094556178	0.0208215285028278	0.00256057543113934
9.25544035432792e-05	9.25544033727744e-05	9.25544035365418e-05	0.967695778988861	0.0202246526357782	0.0030280327233932	0.00198666072051743	0.00544447754366817	0.00134273417732888
0.00440468444542119	9.26376446865273e-05	0.00107205830027624	0.961820726236923	0.0209221258896771	0.0113931076140817	0.000109384579404185	9.2637644805572e-05	9.26376447244106e-05
0.000132500708700921	0.00413954036052786	0.00676391345140996	0.963462457844435	0.0133407204906621	0.000132500708573733	0.00320630135855683	0.00740577068045417	0.00141629439667981
0.000133964999686336	0.0018780389674931	0.00506638917195159	0.952226553992698	0.0169977677067477	0.00554583385414664	0.0038997213283385	0.0101883511060778	0.00406337887286093
8.91118945653802e-05	0.00953550292044724	0.000194921789994732	0.95989280191963	0.0139690635603825	0.00449481950224086	0.0116455546236033	8.91118945613789e-05	8.91118945747714e-05
8.90106822744489e-05	0.00350020752552715	8.90106822793862e-05	0.967682506807701	0.0079379767589049	0.00909349088217224	0.00861230052416837	0.00290648545465447	8.90106823179818e-05
0.000470942652400456	0.00358534798402871	0.00158861348255181	0.973296182455617	0.0152151360571397	0.000126300419148539	0.00376572168687023	0.000126300419314901	0.00182545484292798
0.000134388143082945	0.000134388143039949	0.00902722213640937	0.957126555013534	0.0229763010715155	0.00493171449574681	0.00144174534140247	0.00409329751204915	0.000134388143219234
8.89716638315855e-05	0.0119525821872432	8.8971663845574e-05	0.953703209161148	0.0236709559650332	0.000980023143779321	0.00546932214723603	0.00106918625947675	0.00297677780840668
0.000131577913711625	0.00716897265500718	0.000131575964610575	0.964218148287025	0.017402483628322	0.00364928501219074	0.00350639938952931	0.00275126468388855	0.00104029246571461
0.00013134698153811	0.00859650869705071	0.000469716150298869	0.965250055102286	0.0118923374611814	0.00543048072627903	0.00687654824873155	0.000131346981633546	0.00122165965100134
9.3236963949021e-05	9.32364181470878e-05	0.00184155112004953	0.981230888459691	0.0111845556542479	9.32369648032987e-05	0.00446547900450288	0.00090457845062784	9.32369639810962e-05
0.00153765338149549	0.000521745666424894	0.000126934866169204	0.965447677538255	0.00630873707937464	0.0112495918822144	0.00933329904791709	0.000297051184031728	0.00517730935411767
0.000693135373549087	0.00434580300855307	8.83318415353233e-05	0.973451814654576	0.0138163333656002	0.00266837989434305	0.0023794582968533	8.83318416864705e-05	0.00246841172330309
0.000400111978095814	0.00131074254891913	9.333400022174e-05	0.964467544235917	0.0151787415459089	0.010770381211161	0.00404209806954042	0.00364371241001974	9.33340002167839e-05
0.000476784298303924	0.0145746340160287	0.00160029121746946	0.942279957517684	0.0166038126897883	0.000127133828212203	0.018376264290443	0.0033551654545226	0.0026059566875474
0.00602059346939671	0.0168420460768752	0.0247633161842017	0.790741856320589	0.0232790522537202	8.83549136594472e-05	0.101001727459514	0.0161988044770363	0.0210642488450072
0.00594416625334091	0.000131983545127693	0.00333832121867409	0.962275786541138	0.0161060016862472	0.00352743833042647	0.0036859124425359	0.00485840621949352	0.000131983763016798
0.00263052882577561	0.000131651902228673	0.000131651902012239	0.967867596713712	0.0153142744046732	0.00929016782477647	0.00276123868005813	0.00174123784439852	0.000131651902365294
0.00110305970949854	9.26923367124761e-05	0.00449765383287069	0.968425839844724	0.0213783545192134	9.26923368275162e-05	0.00337989900551506	0.000937116077952316	9.26923366865425e-05
8.95385671970288e-05	0.0260224399354445	0.000830025776239451	0.951138009056931	0.00730670748918355	8.95385671904813e-05	0.0119666437468866	8.95385672973315e-05	0.00246755829362956
0.00184376855685719	0.00683155557555292	8.95309842493404e-05	0.961312981776378	0.0182871538008762	8.95309844447801e-05	0.0106409495698931	0.000814997767499711	8.95309842491252e-05
0.0027942864194978	0.00207241283520524	0.000127905513249478	0.957236607252871	0.021896392394065	0.00765603282548444	0.00633488792722394	0.000127905513236746	0.00175356931916617
0.000125778693691111	0.00545749735979464	0.000125778693710585	0.955252023681829	0.0226438649483938	0.00325180488555919	0.00940855886943938	0.00197133005418475	0.00176336281339753
0.00133495471271314	0.0140215971580658	0.00198430846254753	0.963911811645688	0.0104208549053208	8.90892193386953e-05	0.00451992955062915	0.00144961602313375	0.00226783832256365
0.000215287995613442	0.00012758015962296	0.00205631440821841	0.969914179281659	0.015630499365682	0.00483473784818933	0.00233485921451958	0.00293151310762631	0.00195502861886907
0.00455310000196564	0.00535304166994781	0.00144303720183601	0.963927716989891	0.0112417856012148	0.00756492258908623	0.00399574629548315	0.000130365965089372	0.00179028368548622
0.0131852920503692	0.00460031993286111	0.0184128286954468	0.882044972848395	0.0148286547958664	8.87964771111574e-05	0.0542653875735961	0.00301282382725981	0.00956092379909414
9.19454904519669e-05	0.00351708866190757	0.00273579902160566	0.953780319364822	0.0244104397650879	9.19454903925274e-05	0.00869775979477252	0.00658275692049005	9.19454904702742e-05
8.95402338973135e-05	8.95402338545983e-05	0.000833852727717535	0.966355235485784	0.019678265953312	0.00224079873739894	0.00324669869175011	0.00626973416286367	0.0011963337734216
0.00066436816428961	0.00242533040998967	9.22803721559929e-05	0.977335428842543	0.01019562985057	9.22803722327184e-05	0.00281825340452561	0.00478701458496969	0.00158941399872349
8.66420631492968e-05	0.00174068042293329	0.00115706584874408	0.969491981081109	0.00306422109570511	0.0170546498909439	0.00469267746902077	8.66420631138743e-05	0.00262544006528073
0.0054195240019652	9.33948241524591e-05	0.00299580731483541	0.964741453772105	0.0175507724812004	0.00522411712591237	0.00224201240028613	9.33948240470901e-05	0.0016395232554963
9.38134821613422e-05	0.00105788268383053	0.01050136450228	0.966058014733354	0.0130852130739572	9.38134822848316e-05	0.00425198949365532	9.3813482016271e-05	0.00476409506646076
8.7753336945384e-05	0.00910340704065041	0.0011178551923292	0.970642118563065	0.00850767385977688	0.00218952397132603	0.00685488333910673	0.00140903135992174	8.77533368785316e-05
8.90475300922711e-05	0.0034756999225688	0.00096120490871159	0.969223630377988	0.0167223412317156	0.000450191671517292	0.00728062574093207	0.00170821108625988	8.90475302148519e-05
9.38303913431807e-05	9.38303914266694e-05	0.01406221724416	0.953625161846164	0.00775651326431554	9.38303915324889e-05	0.0131587649498617	0.0110220211298134	9.38303913830938e-05
0.0016461131940857	0.000254884764166158	0.00135415126618054	0.965601629299452	0.0264981986477898	9.09557700079049e-05	0.00435248077108768	0.000110630517305753	9.09557699245034e-05
0.000559893309120864	0.010211014163752	0.00146073149906941	0.957423108356925	0.0191571178592679	9.01778239273177e-05	0.0109176013400629	9.01778239612646e-05	9.01778239133292e-05
0.000132192558855653	0.00313564482416514	0.00316941089544096	0.957785612175349	0.0297758456863281	0.000132192558781167	0.00351702338134801	0.00220744761214487	0.000144630307586776
8.99283939098119e-05	8.9928393881674e-05	8.99283938653578e-05	0.96353567207726	0.013776666892625	0.0117938351777305	0.00712214666766967	0.00341196560907061	8.99283939871483e-05
0.000358004774528245	0.000582777645751453	0.00140333382151403	0.964515871644313	0.0170457238766192	0.000134921953232072	0.00465331618844358	0.00128132698763338	0.0100247231079656
0.00155774504837131	0.000134443808118172	0.000405784725729289	0.963936305246031	0.0225549862441587	0.000134443808550243	0.00599216523875108	0.00460883747872953	0.000675288401560953
0.00092546826123555	9.29102298253304e-05	0.00175987682135557	0.9842621020289	0.00807986842805391	0.000704944546132653	0.00398900922458932	9.29102300569119e-05	9.2910229850636e-05
0.000159687229455933	0.00370954541515498	0.00214435783912928	0.972465456941368	0.0112896167128382	0.000893267282284883	0.00809644126593478	0.00111065448429409	0.000130972829539905
0.000884224144232517	0.00125604758897278	9.26039254159344e-05	0.979695802673222	0.014311467594929	9.26039256242315e-05	0.00348204229684405	9.26039255278167e-05	9.26039252312152e-05
0.00186682381190671	0.000133831706623784	0.0320933617936548	0.945463356618741	0.0102119360959373	0.000795680857763428	0.00536598326653305	0.00393519725845774	0.000133828590381998
0.000128782787665565	0.0240561630572916	0.00189506518379093	0.933369561435523	0.0229240277482043	0.00258386050444035	0.0105166249546472	0.00122930434985114	0.00329660997858616
0.000238366364636883	0.000434101191016233	0.00222975130287714	0.967427862180342	0.0137985224297817	0.00471110689550182	0.00692926143218547	9.0886161221791e-05	0.00414014204243696
9.1877441739963e-05	9.18774416966997e-05	0.00867269088574086	0.943575080857374	0.0221425685671905	0.00082527014313024	0.0100571685109813	0.00198797579607635	0.0125554903560702
0.00370601509558132	0.000356108646899345	0.00407454927153046	0.980496619393344	0.00618942222898706	0.00213390980860862	0.00278586896726187	0.000128753293895896	0.000128753293891012
0.00164083722302497	0.00173374127898364	0.00331852718701139	0.957356678295425	0.0196736967068757	0.00343726086885074	0.00346437312774641	0.0040988376303217	0.00527604768176001
0.000127576198181647	0.0032588904714406	0.000127576198168087	0.97599829798384	0.0115676172510454	0.000948671138776062	0.00228536462565533	0.00387560446477538	0.00181040166811705
0.000180761281248933	0.000134281524452443	0.00595773815387578	0.9586849179769	0.0183806978703191	0.00224140641833242	0.00582897575286563	0.00845693949752408	0.000134281524481236
0.00266674261499658	0.00246241466287347	0.000128995415983409	0.947455580354227	0.0288549018623476	0.000128995415948827	0.0102880569402927	0.000128995415947078	0.0078853173173834
0.000467837086690615	0.0107203055040469	8.89046331867764e-05	0.971149257101695	0.00841713462796167	0.00247942718424596	0.00649932459594452	8.89046330857518e-05	8.89046331433365e-05
9.42958035770466e-05	9.42958035045665e-05	0.0157220355475665	0.962020136303093	0.00866362229576831	0.00203673306118542	0.0017667831237668	0.00950780225790573	9.42958036324888e-05
0.000408361597838991	0.0148485582396813	0.00217340057245526	0.960789365101063	0.00602961396799841	8.94539556390995e-05	0.00876643621490659	8.94539555515674e-05	0.0068053563948651
8.83181369050263e-05	8.83183272061988e-05	8.83181369058291e-05	0.974838307744887	0.0150394830291779	8.83181370724087e-05	0.00540670382765248	0.00350781139649906	0.000854421263694607
0.00339115150229723	0.00185667092583643	0.000126988860010019	0.961902256654399	0.0135810007170328	0.0105956730442719	0.00484403654555656	0.000126988859902857	0.00357523289069304
0.00112051766485776	0.000909317967996376	0.0124146155918088	0.952134350067181	0.0059112094183429	0.00439182784310435	0.00956506855891574	0.00880688904574691	0.00474620384204649
0.00421498235678461	0.00374829925057523	9.25644620621742e-05	0.967331058653456	0.0187357404111361	0.000390691613443717	0.00448570678651393	9.25644620183259e-05	0.000908392004009554
8.89341943419081e-05	8.89271812572124e-05	8.89341943220487e-05	0.98066419994555	0.0069623918280603	0.00329352601452515	0.00480783044960479	0.00142115449484737	0.00258410169749104
0.000738918800443631	0.000124600921719401	0.0001246009218013	0.959621023910846	0.0149665475761504	0.0041729734766204	0.00901051957395665	0.00526992657159285	0.00597088824686897
8.99994413805754e-05	8.99994412842224e-05	8.99994414533116e-05	0.969784029400853	0.0183602451478561	0.00437533495824543	0.00346224681774411	0.00365814590979707	8.9999441385705e-05
0.000132293782351035	0.00391637057088225	0.0359339815196381	0.929158144839419	0.0137424888657677	0.000132293782050886	0.00971862663835655	0.00713350621916488	0.000132293782369813
0.000134581045692481	0.000134580060030859	0.00957429155570473	0.961369451180929	0.0116804913459334	0.0045856381966696	0.00104484207434444	0.0111583124395927	0.000317812101102804
9.2290760138105e-05	9.22905489677863e-05	0.0199761916815494	0.95032130228649	0.00387614256934025	9.22907601151587e-05	0.00670571267545465	0.0187514879579926	9.22907599521017e-05
0.000504542299112818	0.00415897461295415	0.000127447647964508	0.97549041838639	0.00920169737807037	0.00317653819403859	0.00708548618546921	0.0001274476479905	0.000127447648010092
0.00085801237366802	0.000126843850331527	0.00108506767951397	0.970938463331015	0.0118901635234839	0.0106009679830998	0.00280604593620139	0.000933968178942563	0.000760467143744261
0.00363512670174394	0.000132115744049665	0.0120434932635466	0.955955594625857	0.00499717774339079	0.00171791606533062	0.00793990871824471	0.0117303853516235	0.00184828178621359
0.00172371768398323	9.40679915504005e-05	0.0122284956468327	0.946100762472418	0.00810953585963768	9.40679917986706e-05	0.0165946904172841	0.011813560015423	0.00324110192107257
0.00117339993010574	0.00334751337748191	8.86848204523132e-05	0.975348355666987	0.0136958572055346	0.0012587768954184	0.00391786146200882	8.86848204889926e-05	0.0010808658215221
9.19819171974584e-05	0.00725630244779822	9.19819172077572e-05	0.949790959105742	0.0283318912473103	9.19819172776766e-05	0.0096403497774024	9.19819171685177e-05	0.00461256975289572
0.00153586741787296	0.00152824089642394	0.000124341102874176	0.96048973840144	0.0244729322966872	0.00389546031153622	0.00723986563847865	0.000124341102767061	0.000589212831919702
0.00183997282215277	0.000564569847099727	0.0272599258136684	0.920372037932767	0.00802218073456103	9.22389844198129e-05	0.0187404010275564	0.0230164338531057	9.22389846691015e-05
9.37695327272943e-05	0.000158922910394486	0.00844786327854407	0.949588914166577	0.0275977424360592	0.00667161361861201	0.00702001317917633	0.000327391345200996	9.37695327083754e-05
0.000132688787935509	0.00102470552593502	0.00500424437439874	0.967661102770373	0.0142576601765535	0.00414349486854104	0.00507575377741492	0.00256766093086005	0.000132688787988286
0.001119254335492	0.000133967716797181	0.0369109174138826	0.921216053156893	0.0128271670792022	0.000133967716848129	0.014226286499665	0.0132984183644048	0.000133967716815455
0.00168256288002755	0.00694534490426183	0.00217652362186842	0.973234817966055	0.0109889332588	8.93319945412261e-05	0.00414875720267449	0.000644396177313481	8.93319944585781e-05
0.000728096700063106	0.00393431909231707	0.00237756299920029	0.974742796046182	0.00841001011462293	0.00409321282725599	0.00368573170842513	0.000697401803979731	0.00133086870795326
0.00132187009370723	0.00757587760054165	9.27970890451146e-05	0.951126380233736	0.0263476217902448	0.000614551118743098	0.0106325655578951	9.27970889429078e-05	0.00219553942714457
8.76159807807997e-05	0.00453624522586099	0.000235656240454134	0.974982090998426	0.0104068572916065	0.00237901015119015	0.00398697262876859	0.00208505215451405	0.00130049932839908
9.3573181275914e-05	9.35731352900234e-05	0.00347548248392031	0.977052461239835	0.00370371507068996	0.00247474950057741	0.00226123122485642	0.00969041818232719	0.00115479598122722
9.29414713421507e-05	9.29414714092368e-05	9.29414713323613e-05	0.956177791453976	0.0231474100579473	0.00758928798927675	0.00330691508539396	0.0068172825423394	0.0026824884569831
8.83772077000438e-05	0.0317921114424021	8.83772076743591e-05	0.944034053390663	0.0076573542660902	8.83772076533858e-05	0.0160745948624386	8.83772076632021e-05	8.8377207714847e-05
0.00492590710436245	0.000771947711480172	0.00272084140070454	0.970444793939538	0.0100975079551841	0.0025398644955162	0.00253069261650378	0.00248238882512382	0.00348605595158699
0.0573402948155153	8.23984342071682e-05	0.374123946534452	0.392441285092012	0.0252118149255204	8.23984342077028e-05	0.102159871935519	0.0141796606537845	0.0343783291747812
0.000125419472868888	0.000934129970318389	0.000125419472915503	0.962333616874435	0.0137798732478952	0.00812358712592487	0.00838514399778478	0.00111493482357364	0.00507787501428397
0.000409850322932799	0.00389706407483179	0.000322942873311935	0.972406365138475	0.0197265442168221	0.000129697983832652	0.00155780643836569	0.00142003096751886	0.000129697983909025
0.0013647066868774	0.000134252332090657	0.00450708150447689	0.950802246036084	0.0215112673246762	0.0145697242054161	0.00424016068301693	0.00273630889520233	0.000134252332159348
0.00338099355442517	0.00757665787139799	9.19260337768391e-05	0.967816750501439	0.0148009280638195	9.19260338844362e-05	0.00605696587384153	9.19260336850858e-05	9.19260337303291e-05
0.00149644065850917	0.000136101301366761	0.0170939054186022	0.963709896266721	0.00948828896826191	0.00013611418964995	0.00483596847937882	0.000945551131605372	0.00215773358590455
0.000739657967017777	0.00492631875843914	8.75321075117682e-05	0.9611012922592	0.0134075177830461	0.00553609457644376	0.00569731284691859	8.75321076660454e-05	0.00841674159375647
0.00255205990827861	0.000133681801438429	0.0069518909472208	0.955040044791396	0.0179288689109938	0.00730508137760963	0.00488213820544429	0.0034971355594262	0.00170909849819255
0.000126360325351031	0.00539646198924063	0.000525050242390266	0.973313672291262	0.0088610258221008	0.000126360325240869	0.00857933966018575	0.00294536901887776	0.000126360325350822
8.89595773748336e-05	0.00387244761642018	0.000845212489076006	0.960684098522997	0.020036580458131	0.0049331224930296	0.00888878153194095	0.00056183773366295	8.89595773678711e-05
9.2338373100484e-05	0.000397862430335509	0.00436906146905038	0.960459202443618	0.0245373341203648	9.23383729842472e-05	0.00464728912487493	0.00531223529259712	9.23383730747777e-05
0.00178432644757496	9.34307711511268e-05	0.00382109058522119	0.962784587815956	0.0102276047958656	9.34365533242319e-05	0.00731337144397369	0.00983332450854394	0.00404882707838882
0.00103058211074691	0.00548612498961457	0.0104701818380358	0.954401448582	0.0145736321959284	0.000133530224544256	0.00329524707243361	0.010475719906407	0.000133533080289801
0.00479495739343231	0.00211056683262279	0.000531490778718589	0.96213091817759	0.0109378500950753	0.000132762967247132	0.0102936420853902	0.00648976940265663	0.00257804226726719
0.00280228068228494	0.000130953757275504	0.00258452030238454	0.97099865532536	0.0107394631047598	0.00852303508160642	0.000806276363209683	0.00328386162583247	0.000130953757286513
0.000127027768771843	0.00517751249666388	0.000127027768662988	0.946038462338673	0.0291642219777559	0.0085013795823248	0.0047755082129625	0.00144597673528094	0.00464288311890412
0.002124261505682	0.00422693114411294	0.000130806570711287	0.960254316206461	0.0150637491747881	0.00405658623859046	0.00652487076156295	0.00183286992361773	0.00578560847447407
0.000624180165920245	0.000133771510149125	0.00461291823114375	0.977536251628032	0.00519613760690233	0.00522131236167313	0.00148248015378075	0.00385943499332059	0.00133351334907765
0.000409532523968147	9.20767138592688e-05	0.00385811085889506	0.981544223620708	0.00748317796638701	9.2075192186919e-05	0.00189357386827038	0.00453515406385008	9.20751918747319e-05
0.00276107957465626	0.00314216998372386	9.27865727594536e-05	0.976918698088488	0.011584193516173	9.27865727297314e-05	0.00475957291435045	9.27865726361552e-05	0.000555926204483131
0.00035784124351848	0.010633010483614	0.00179514666679934	0.966216980921305	0.0107921591425631	0.000127995098729922	0.00818860648831625	0.00144762474191003	0.000440635213243977
9.06052196784747e-05	0.00344930729641605	9.06052196718132e-05	0.964966178767541	0.0174710878534418	0.00394140611407408	0.00593827008975095	9.0605219709286e-05	0.00396193421971675
0.00156762381472533	8.85537967477184e-05	8.85537967845e-05	0.974557984377922	0.0108753978103788	0.00460142731629892	0.00234418382908867	8.85537967105179e-05	0.00578772146134372
0.00808519221684917	8.97164191702952e-05	8.97164191656647e-05	0.965181148382835	0.00590628430384661	0.00928970051805331	0.00858441618975891	8.97164190819232e-05	0.00268410913123872
0.000131178481903637	0.000131178481933269	0.00488963561003422	0.962435416893885	0.0131421786435059	0.0111696643383484	0.00783839058696397	0.00013117848174419	0.000131178481680934
8.90002612368347e-05	0.0121638015079435	8.90002611236499e-05	0.968849759425348	0.0108843802490444	0.00105273556093719	0.00669332221234451	8.90002608679992e-05	8.90002611543511e-05
0.000167158448399126	0.00450086497394776	8.80190005031512e-05	0.964238641745467	0.018786319945336	0.00493058311524214	0.00711237477012018	8.80190004580606e-05	8.80190005266341e-05
0.00525347221587294	0.00839395292443782	0.00417898873293196	0.966945035471474	0.0113947257858953	8.92209056650886e-05	0.00356616215257233	8.9220905526995e-05	8.92209056235196e-05
9.44789255553469e-05	0.000510955097890525	9.44789255624955e-05	0.951853220320644	0.0346817342890029	0.00316511073118618	0.00380254538500884	9.44789255158045e-05	0.00570299739963372
0.000781948770831796	0.00223533986692673	8.99344245469213e-05	0.955791777667185	0.0128983083091035	0.00186278189020446	0.0123191735806063	0.0108022031020086	0.00321853238858676
0.000131813786531967	0.000131813786448411	0.00277560859428161	0.962318189738137	0.0218011639010324	0.00506299757044145	0.00192827007201153	0.00274502465706335	0.0031051178940523
9.2883457981375e-05	9.28834580029231e-05	0.00833218882503468	0.947092704488007	0.0234606128943005	0.00601715871225394	0.00571486011157024	0.0091038245948535	9.28834579958087e-05
0.00123178170202859	0.00902317855281157	0.00416434854010385	0.948445367375333	0.018181328131439	0.0027338941941588	0.016034140682716	9.29804106874479e-05	9.2980410722019e-05
9.35720568641221e-05	9.35720569815709e-05	0.00124350598597212	0.971595383695914	0.0186270744340297	9.35720567477457e-05	0.00257303394114554	0.00558671371550213	9.35720568435761e-05
0.000127050406670935	0.00317062552882995	0.00147800772778097	0.960783815215829	0.0102048637583426	0.00105572007474779	0.00999499503859957	0.00726812466699232	0.00591679758220632
0.000568865833593543	0.00262017262614796	0.000786571859187013	0.96977789150545	0.015870178338113	0.000339748028552886	0.00526257286715531	0.00464583873007036	0.000128160211730202
0.00347429153307145	9.35734390087662e-05	9.35734389870362e-05	0.95913267528143	0.0276748627850261	9.35734391356932e-05	0.000730423011538462	0.00562726925939899	0.00307975781240372
0.000132503770155256	0.000132503770205222	0.00167656539201056	0.941245873132723	0.0254503933011261	0.0120410072345934	0.00901438711824834	0.00767316371770399	0.0026336025632343
9.41259742848973e-05	0.0005810027716709	9.41259742786269e-05	0.961709893810557	0.0271760908182311	9.41259743120295e-05	0.0047231787815697	0.00439109306677577	0.00113636282831962
0.000470623828127045	0.00728274062249561	0.000605856410445302	0.962321201086229	0.0137594084570333	0.00257028945252509	0.0127365263276249	0.000126676907738401	0.000126676907781745
0.000132566809888249	0.000132564078450548	0.000132566809689848	0.971314927936588	0.0109517281682645	0.00525536876400189	0.0019440480261905	0.00872331379716704	0.00141291560975926
0.000165049410319122	8.86525901773844e-05	0.000814394534385689	0.976505193566285	0.0095181691833201	0.00950459686038837	0.00288255011606414	0.000432741148927944	8.86525901322172e-05
9.35123449053533e-05	9.35123448556767e-05	0.0169146395072514	0.960258525118236	0.00398774179765731	9.35123448529498e-05	0.00530403330597791	0.0101405835454443	0.00311393969081949
0.000712565463193244	0.00337612092390375	0.00188475494461982	0.975918187431549	0.0145601601577323	0.000126962982032796	0.00237755936573158	0.000126962982535474	0.000916725748702005
0.00108394515059987	0.000127523822289058	0.000603714549309312	0.966528210419235	0.0144516126327651	0.0138803223350108	0.00236988631105863	0.000827260957476385	0.000127523822256226
0.0012369678636345	0.00163383396871232	0.000127987563519904	0.962980484605368	0.024682812404109	0.000127987563321274	0.00480467022669576	0.00110763743120855	0.00329761837343041
0.00212755570566641	0.00880241659560921	0.000127416747594632	0.954896465428815	0.0167415349772802	0.00317175441181056	0.00628536679479503	0.00279802447514274	0.00504946486328604
9.0150424414264e-05	0.0104831554706911	9.0150424415178e-05	0.96647972462444	0.0107785082535969	0.00220270091877651	0.00384816533125592	9.01504244662939e-05	0.00593729412794409
0.00303024071178168	0.000132052633062794	0.000552412445996472	0.967457653964789	0.0155060412907918	0.0012808436693671	0.00403237045636443	0.00381451378552192	0.00419387104232482
0.000848843653992239	0.00193414252051977	0.0196460726864211	0.950998227414096	0.0104664736662994	0.00154135360479439	0.00847986663145903	0.00595045904065634	0.000134560781761855
0.000127751062870365	0.000127775130580727	0.00324857816419079	0.962602811696478	0.0101167788453731	0.0123500636993392	0.0072929875120837	0.00188472971558635	0.00224852417349769
0.00160142845945218	8.90360627195303e-05	8.90360628363109e-05	0.95293955349081	0.0228279108887801	0.00951852269684079	0.00287180776393613	0.00997366851179156	8.90360628337896e-05
9.40249681148109e-05	0.00399977287403088	9.40249680538991e-05	0.963546290836219	0.0134591993943117	0.00136195999498621	0.00266652793049512	0.0146841740657386	9.40249680496954e-05
0.0010458650989895	0.00429379411142601	0.0334459728513069	0.941420574445059	0.0137820957701607	9.24547586595882e-05	0.00165163464702915	0.00417515355874823	9.24547586207869e-05
0.000907122515235803	9.33836437669765e-05	0.0061520688793571	0.969824626726814	0.00897781417421738	9.33836436620931e-05	0.00134584173020959	0.0100538108729028	0.00255194781383405
9.36910720997768e-05	9.3690285566501e-05	9.36910721157102e-05	0.963142392936203	0.026291491960625	0.000760705771328522	0.00114956536097541	0.00506582138372485	0.0033089501573613
0.00136498070652655	0.0113726159903247	0.000291136799943123	0.947671517158976	0.01384486609908	0.0158235679995927	0.00826333916587298	0.00124051476471949	0.000127461314964324
9.17996285824338e-05	9.17996286766225e-05	9.17996285709681e-05	0.957023189116861	0.0230859578302244	9.17996285805438e-05	0.00498508040030157	0.0123928365312215	0.00214573760698095
9.09361867356971e-05	0.00515641376348269	9.09361867479354e-05	0.941381434214079	0.037172275064864	0.00921982846966318	0.00228821220428885	9.0936186771062e-05	0.0045090277233679
0.00959493157204391	0.00350596605962532	0.00486183078940813	0.923719876639766	0.00651756038005413	8.92695719990767e-05	0.0309146416662966	0.0207066537488132	8.92695719936962e-05
0.00196685082501358	0.00548904646248699	0.000127880037164537	0.966452582926554	0.0142355728729301	0.00272346388350152	0.00688056506634589	0.00101548767955911	0.00110855024644463
0.005799936591544	9.07315625106147e-05	0.00389635351731258	0.969003276864974	0.0118670574929052	0.0060868078075246	0.00231681792943978	0.000127750209497082	0.000811268024292239
8.9483320733107e-05	0.000890214486878834	8.94833207373922e-05	0.977995948825927	0.0109800915646503	0.00439004420131847	0.0049051051696871	0.00057014578933	8.94833207376864e-05
0.000501742138785342	0.00925316563309271	8.83040251996608e-05	0.970632704471883	0.0141199432706477	8.83040251903546e-05	0.00220814614061143	8.83040250183288e-05	0.00301938626957206
0.00299935161692429	0.00455912617587327	8.84282324534837e-05	0.966771292778809	0.0132136791115924	8.84282326215238e-05	0.0100177764358143	0.000677272892125511	0.0015846445237859
0.00147391495408963	9.22278430088165e-05	0.00298336318101282	0.968561815362288	0.00541900084710262	9.2225861160343e-05	0.00256474120761316	0.0187204848826993	9.2225861025629e-05
9.17370066257238e-05	9.17370065824825e-05	9.17370066125792e-05	0.975164857468849	0.0135554476776654	9.17370069285426e-05	0.00724582804666823	0.00117255064935396	0.00249436813071383
0.00102188822035388	0.00356107152675168	0.000126160527149504	0.966307931067153	0.0170250260626891	0.000126160527254353	0.00700748455575951	0.00363473912056595	0.00118953839232311
9.249257070924e-05	0.0048714255067498	9.24925708302701e-05	0.967902321927759	0.017272473509411	9.24925709857797e-05	0.00628866493935356	9.24925706870343e-05	0.00329514383351416
0.00361260541822744	9.81062408352623e-05	0.00952094295659472	0.968016659257251	0.0116700578549367	9.56861821741461e-05	0.000756014938900161	0.00613424096898039	9.56861821000268e-05
8.70027901662501e-05	0.0248605066446577	8.70027900826105e-05	0.962245641408529	0.00601824174461653	0.000617973160481188	0.0048960252999325	8.70027900940452e-05	0.00110060337144004
0.000960831414360786	0.00400847927376201	8.88883020466015e-05	0.977785646403114	0.0119869783600458	8.88883020750712e-05	0.00490251134049148	8.8888302059782e-05	8.88883020442437e-05
0.000631073963479039	0.00867367138229391	8.9493986082887e-05	0.96957869575306	0.0117164667698539	0.00181423789331869	0.00683602749626147	0.000570838769637114	8.94939860134516e-05
0.00242495853511152	0.00126396348675271	0.00907915986614535	0.966972205008336	0.00901547702458327	0.00872041455241023	0.00225542720686723	0.000134197159829761	0.000134197159963971
0.00287593944546332	0.00118247408383454	0.0122576101510929	0.959122995950755	0.00716070560706893	0.00196337881461461	0.00332802175071122	0.00821303654001163	0.00389583765644785
0.00185551706924192	0.00827128532531721	0.00171232390137351	0.963512619798531	0.0163139957186787	0.000852396604424184	0.00122388975045449	0.00207356869597665	0.00418440313600232
0.000126411888002152	0.006861755367677	0.000739059665692827	0.969353006384198	0.00873762956716599	0.000126411887810996	0.0086161927148899	0.0023806675489987	0.00305886497556499
8.97541573612902e-05	0.0265683746484258	8.97541573785794e-05	0.941365780747484	0.0163441815474335	8.97541575409623e-05	0.0152728922694204	8.97541574228821e-05	8.97541575323687e-05
9.22818852299676e-05	0.00475775132133504	0.000709078445578757	0.979869475775944	0.00830678327557836	0.00357277730407369	0.00250728822172624	9.22818853157962e-05	9.22818852184832e-05
8.89777656496521e-05	0.00169370573464752	8.89777656316953e-05	0.973925046102249	0.0173843079725047	0.00220494081058048	0.00443608831747489	8.89777657571706e-05	8.89777655048103e-05
0.00251777498454897	9.10751696439235e-05	0.0389831357982871	0.918651600814038	0.00738959202561326	9.10751692946901e-05	0.0205892543640765	0.011359132295201	0.000327359379296542
0.00130895434670248	0.000134537961193169	0.00466089918250791	0.970474511904641	0.0124593712493176	0.00600916817569327	0.00162483632294435	0.00319318289581886	0.000134537961181967
8.79836840207896e-05	0.00548234145688833	0.00141758554639928	0.973540825241053	0.0115102834675583	0.00406418804898328	0.00372082518702315	8.79836840450166e-05	8.79836840284902e-05
0.0020956161375517	0.000130680190171648	0.00121413216085691	0.960808964998008	0.0184894934711637	0.00598064367247619	0.00201725384369167	0.00292692314146111	0.00633629238461923
0.00285911564573408	0.00340450482169455	0.00992775057725934	0.954756495767782	0.0177292613080071	0.0048931722529364	0.00482677465035275	0.000132429343595521	0.00147049563263782
0.000728336061236006	0.00411239982492095	0.00142718879278723	0.959205419424634	0.0245837491480172	0.000127599570233713	0.00499084627757135	0.00469686133028814	0.00012759957031169
0.00669912734029211	0.0040721870457931	0.0480864129913881	0.914548113882835	0.0139463105325252	0.000132262292880886	0.00596878614831651	0.00536035339823014	0.00118644636773919
9.34483315432252e-05	9.34513097936723e-05	0.00245665076529036	0.964639772068392	0.0107752060383217	9.34480791327072e-05	0.0092512051242185	0.0112640794052017	0.00133273887810577
0.0049111553423549	0.000736074571434487	0.000125152600795695	0.957342225030137	0.0149534219510674	0.00823251684391621	0.00560852814134071	0.00255304140302585	0.00553788411592809
8.87889769599297e-05	0.00925154185197749	0.00376128176341589	0.966251772800485	0.00754432156145895	0.0015382775897367	0.0104473738183599	0.00102785266067526	8.87889769312389e-05
0.000686934095464753	0.00828435632286025	0.000518855769099716	0.977139998446307	0.00444143833592076	0.0014933406513518	0.00492451865286096	0.000875472380022575	0.00163508534611211
0.000592458194213159	0.000859280128474046	0.00394210804355402	0.965679972143131	0.00938657595192498	0.0081242969617308	0.000848327101320186	0.000126964028323118	0.0104400174473286
0.00744403892223013	0.000131335587614342	0.0027837801862406	0.947143151142326	0.0213076296884134	0.00236276960604728	0.0103010662936884	0.00839489298583175	0.000131335587608323
0.000691229424769124	9.34711596338312e-05	9.34711596739991e-05	0.951569052049689	0.0343971144607159	0.00453530815080782	0.00490159739168412	0.00362528504339632	9.3471159629719e-05
0.000228020140887017	0.0016136800281011	0.000433335841271705	0.988642221169756	0.00452629128656492	0.000570997078451095	0.00348852269688318	0.000408982242685279	8.79495153995143e-05
8.83307008731677e-05	8.8330700815772e-05	0.00162500511603159	0.967688874069315	0.0127540639842523	0.012025990087584	0.00126129361208677	8.83307007341022e-05	0.00437978102830764
0.00113117343173498	0.00246477144188818	0.00571410809500727	0.948151222616326	0.0226373290779645	0.00406504390163443	0.00871263955876327	0.00699259231957584	0.000131119557105906
0.00228083703000261	0.00645960753156131	0.00972378485160976	0.946337255719012	0.0147298736214399	0.000131561218739743	0.00414209458404773	0.00269692175528832	0.0134980636882988
9.57261457632239e-05	9.57122977215515e-05	0.00723161453789675	0.967626880313464	0.00741169487319091	9.57269690933642e-05	0.00218149004437828	0.0145558711746962	0.00070528364379603
0.00109012851452456	0.00901827197867103	0.00109838808154492	0.965561791857835	0.012316501767552	8.83566820870835e-05	0.0100528536396372	0.0006853507960442	8.83566821034245e-05
0.00228758066712883	0.000496209392234576	0.010251796965969	0.973794844892799	0.00815153132051529	9.47373492116125e-05	0.00473382471408594	9.47373490298588e-05	9.47373490259142e-05
0.00447183505250092	0.000129261450110463	0.00012926144986784	0.961568975300214	0.024768271365857	0.00312633093112643	0.00121701107277107	0.00442478957285552	0.000164263804696587
0.000250939723853356	0.000132636748328637	0.0113462267496724	0.945522542017592	0.027797083290592	0.000132636748309929	0.00539393631065288	0.00903179056451786	0.000392207846481352
9.27270982716191e-05	9.27272512423683e-05	9.27273930334396e-05	0.970639112243965	0.0105199001533353	9.27273929500479e-05	0.00231411928434913	0.0133473740404625	0.00280858514239037
0.00211365385215604	9.18432977558286e-05	0.0216274301900081	0.938793885597008	0.0118226507178127	9.18414320968397e-05	0.000720084139258555	0.0148540703352315	0.00988454043867239
9.12095473461541e-05	0.00148372296065201	0.000165328390381864	0.976787417912632	0.0113960823984074	0.00331503614423023	0.00657878355191421	9.12095470681349e-05	9.12095473679773e-05
9.33782410072269e-05	9.33782411303669e-05	0.00534675531055348	0.956552303806223	0.0127331573865279	9.33782409490197e-05	0.00799662406395098	0.0141645363883853	0.00292648832127291
0.00297314428829909	0.00365223454526608	0.00552627842458164	0.966594623052185	0.013298378555556	0.000134901234838915	0.00472568010361083	0.00295985856145107	0.000134901234211047
0.00282887892937237	9.06641154563693e-05	0.00316367196874748	0.94150860800385	0.0261788482691711	0.000526811694367143	0.0151956419414242	0.00415612939912692	0.00635074567848471
9.02001033862234e-05	0.00120862391146322	0.000506192139061874	0.970452912922356	0.00929385873052873	0.00659729495566739	0.00748618561106629	9.02001034384138e-05	0.00427453152303208
0.00168070342880416	0.000127206686698409	0.000516128971222059	0.974857300369576	0.00594915835543279	0.00702371230272055	0.00592938359653624	0.00284470429743541	0.0010717019915744
9.62781165438416e-05	9.62788041909807e-05	0.00390610141928321	0.976660065086936	0.00823817946344097	9.62780438754139e-05	0.00344669858083879	0.00736384236831384	9.62781165767758e-05
0.00123027971715802	0.0130976841395133	8.78959503150138e-05	0.969989866240408	0.00491370246646699	0.00214290643492169	0.0055591033455175	0.000116977260830858	0.00286158444486876
0.00186536890184443	0.010706913324861	8.86470860818027e-05	0.958700935897808	0.0127731454607166	0.00836135860779857	0.00732633654885094	8.86470859792356e-05	8.86470860596842e-05
0.00155192874505534	0.000134815015180593	0.00302932770488847	0.971735556513681	0.00927501865708965	0.00173185529237518	0.00679519750430511	0.00561148710843489	0.000134813458990073
0.00502078860319807	0.00911877608251258	9.1897184178898e-05	0.962284387720731	0.00945921094605542	0.00448747617230335	0.00606957806876091	0.00337598803808385	9.18971841757517e-05
9.1545886606395e-05	0.000525824235168561	9.15458866144034e-05	0.962460432362165	0.0272327095407632	0.00339410293529478	9.15458866209352e-05	0.00602074738015562	9.15458866114921e-05
8.96183428484755e-05	0.00132168021435226	8.96183428114496e-05	0.984389607518402	0.0109652064870243	8.96183429449764e-05	0.00112070841180303	8.96183425739402e-05	0.00184432399723948
0.00473416173253494	0.000541964364915705	8.90896570057544e-05	0.974234122966256	0.00875943048228931	0.0052695315199955	0.00324116046768115	0.00304144915232343	8.90896569984348e-05
0.00221119076730122	9.16360266797455e-05	0.0164562868900848	0.960693385347981	0.00807336648461919	9.16387399171263e-05	0.00744509611634576	0.00484576088712859	9.16387399425027e-05
0.000892221358167611	8.94316154992842e-05	8.94316155364335e-05	0.974652738686018	0.0138078632972758	0.00378297532700407	0.0065064748694509	8.94316155391157e-05	8.94316155085963e-05
8.80778775667047e-05	0.00493308535905134	0.000812839842254794	0.976116093367028	0.0101459717844372	0.00412239314124299	0.00360538287346149	8.80778774261577e-05	8.80778775307997e-05
8.91826032405036e-05	8.91826031858618e-05	8.91826032059633e-05	0.965837552726812	0.0120832016510925	0.0099734389832987	0.00785737742676578	8.91826032804825e-05	0.00389169879911829
0.00642561352590738	0.000128718313788246	0.00170692941783713	0.972786597027797	0.00768518677199352	0.00727339569706423	0.000128720371095153	0.00373611850332083	0.000128720371197036
9.21563894248923e-05	0.00155488222184668	0.0022429625724587	0.979855096082651	0.0133834058636464	9.21563894023038e-05	0.00105673191635641	0.000441198052444375	0.0012814105117697
0.000449049359308575	9.44252200869481e-05	0.00778716526132874	0.955844624611669	0.0215679579267603	9.44202077264515e-05	0.00393887516581995	0.0101290650316191	9.44172156811569e-05
9.38665289374926e-05	9.38665289603204e-05	0.0238847836002288	0.964450904120398	0.00478103591000496	9.38665289119894e-05	0.00612395517476449	9.38665293899181e-05	0.000383855078404106
0.00318955423504006	0.00450311440838465	0.00294107465754098	0.945314071801261	0.0250048928279649	0.00569266027349146	0.00559058328949582	0.00416189335207831	0.00360215515474222
8.99571807846314e-05	0.00194896162255816	0.00107398149940225	0.970558244417376	0.00814950383599099	0.00386713108440234	0.00652844745853365	0.00769381572017471	8.99571807775107e-05
0.000958477394484777	9.23141295505306e-05	9.23141295680155e-05	0.977212766382598	0.00823190583726139	0.00804397380073807	0.00430072521400758	9.23141295706541e-05	0.000975208982221319
8.85358162791966e-05	0.00620164258763568	0.000432524189892695	0.973022671419309	0.00862311734539494	8.85358159515302e-05	0.0080141355896938	0.00344030141955945	8.85358162842532e-05
0.00013278992923873	0.00508743021670966	0.00622485056397497	0.963072523085097	0.0173956690540571	0.00377134659940255	0.00285362083152919	0.00132897979072573	0.000132789929264711
0.000132720821437643	0.00226869813292361	0.00698139193168858	0.96854784243335	0.0103485630814083	0.000132720821329795	0.00609069122897779	0.00536465072742903	0.000132720821455641
9.01790122922168e-05	0.0135936272543479	0.00160060337132642	0.952893994566812	0.00913599354690755	9.01790122971388e-05	0.0122482903750741	0.00346466380894562	0.00688246905199695
