Bcells	CentralVeinEndothelialcells	Cholangiocytes	Hepatocytes	Kupffercells	LSECs	Mesothelialcells	PortalVeinEndothelialcells	Tcells
0.00387280094232074	0.00043385924150066	0.0754379260383633	0.81069215197973	0.0492592942462752	0.0464447335504031	0.00763480020150447	0.000149541993689587	0.00607489180621312
0.00434948138702185	0.0117317691396643	0.0657650838704454	0.816310568596038	0.048021124336705	0.0182318950097566	0.00740940883389623	0.0069530504538328	0.0212276183726402
0.000926807945707537	0.00157820687376799	0.0897259488052662	0.82351101842797	0.0467321353526119	0.00735214708356249	0.00832754092193226	0.0211250325077784	0.000721162081403706
0.000335804446113354	0.000990463682470942	0.0789516153354058	0.815795525447223	0.0438556312907258	0.0280447631218398	0.0097822331022794	0.00253411848317377	0.019709845090768
0.00028451061332833	0.00112401871215657	0.0660496611592688	0.79115891143837	0.0647429152478011	0.0189358712696986	0.00867012794157509	0.0221749949734491	0.0268589886443529
0.00747908904479872	0.0210690646686217	0.0644322265409321	0.807055551713871	0.033503406687826	0.0259709844217033	0.0121941222709934	0.00267695028776253	0.0256186043634914
0.000817303397701404	0.0193785168131985	0.0639454591198254	0.841810173100908	0.0340363552148828	0.00999067517541567	0.00833863839235423	0.000235548284078362	0.0214473305016355
0.00745531544417009	0.00529430239448296	0.0807610564301508	0.833315067672494	0.0238631750598488	0.00603719930216083	0.00996550075914026	0.0228972675578288	0.010411115379724
0.000555483585422673	0.0217304031929981	0.0632573420782273	0.820920792495068	0.0580435726430639	0.0104788789818709	0.00817014015753821	0.00510647725180752	0.0117369096140035
0.00293586566350494	0.0106443256056585	0.066903254088305	0.84454274827886	0.0346826489628039	0.024366063994501	0.0115473831706752	0.00104155534869224	0.00333615488699946
0.0205882403547234	0.0111222894693634	0.0948635044536456	0.802515944526433	0.0162973195068051	0.00273634253145376	0.0167289401766545	0.0344750992952205	0.000672319685700077
0.0491152722951362	0.0458615340486133	0.0672713871012904	0.790668872480894	0.0183589400418555	0.00712509622458809	0.0111335451792516	0.00214365761178869	0.00832169501658277
0.0240668542617341	0.0132160770527472	0.0583046235921068	0.760309768708758	0.0528336406514385	0.0236964605872927	0.0116857996062422	0.00572111336670906	0.0501656621729716
0.0331572350646044	0.00852506554569822	0.0718133569351659	0.804216979716391	0.0424181086257304	0.0177753734453565	0.00853868604844481	0.00596145416013201	0.00759374045847664
0.0235409603645838	0.00273542268881177	0.0721823276104678	0.810495872537911	0.0216990695111672	0.0317784581360862	0.00742582202471882	0.00808179603563574	0.022060271090618
0.00285629761295926	0.012927200841287	0.0661158093497631	0.83949169781131	0.0319859518453615	0.0188525996951918	0.00957046751146667	0.00761568299552316	0.0105842923371377
0.00592003305425977	0.00180196892659514	0.0883028943342123	0.8463464706499	0.0129189256827535	0.0212679130597911	0.00740666709552385	0.00305924711184551	0.0129758800851192
0.00196736292582358	0.0250938264686726	0.0679304404901507	0.836686876502222	0.0431334289236229	0.00221529432986209	0.0102172709791922	0.00936961506953064	0.00338588431092307
0.027667260430645	0.0169577989201196	0.0771047906440433	0.792704277837882	0.0491873256135908	0.0153751329864196	0.012285708958945	0.001465334400792	0.00725237020756232
0.018215334894526	0.0119995103972319	0.0649609850007486	0.818859546174175	0.0417955666271464	0.021420473417124	0.00951684565873673	0.00160537221704175	0.0116263656132702
0.0111345269763105	0.000876916065307901	0.0785520224226605	0.817728960866343	0.0309631386155187	0.0475961658994295	0.00703996877138153	0.000438346508939851	0.00566995387410869
0.000511186236239215	0.010115209950807	0.0664944187016309	0.798370671279713	0.0491262018186654	0.00682091512144181	0.00800905799064487	0.0168346003631186	0.0437177385377396
0.00169485706528898	0.00113310731409956	0.0803726558627626	0.812523408639083	0.0478747275595976	0.0400929911666221	0.0108223380394036	0.00316674373531915	0.00231917061782362
0.0016494538055634	0.00706257183003159	0.0699760126360494	0.820432586113692	0.0408994121140455	0.0291837700159557	0.00828998906307164	0.00792445039090147	0.014581754030689
0.000643826087899649	0.0216729014141835	0.0677331722027116	0.817330658727908	0.0325209258936663	0.0341523111476514	0.00931579927914976	0.00442825048072537	0.0122021547661048
0.0013040376525837	0.0324034813621826	0.0656931209574313	0.846680023063078	0.0261386166147431	0.00896720122911574	0.00798934682188357	0.00110050580156084	0.00972366649742068
0.0147537585745075	0.00333294126170776	0.0666091416367987	0.812934906506262	0.0164432965673523	0.0361588242737714	0.00768275123944583	9.52497430629514e-05	0.0419891301970909
0.00458449827783428	0.0244950700576449	0.0683297588354197	0.851164620585071	0.0219006375976997	0.0131580130630102	0.0107123331275465	0.000665826125669021	0.00498924233010462
0.0030450945971517	0.00295055275876658	0.0682727945783486	0.826403710905617	0.0388535150508905	0.0230499153633962	0.0102949570609962	0.00861218423876866	0.0185172754460647
0.0208846634598439	0.0238544952492662	0.0623244933393121	0.830472434953312	0.0280425707768907	0.00890964215642611	0.00556448150810952	0.00856319784773114	0.0113840207091083
0.000488868175127454	0.0182902011414675	0.0659780267647678	0.840954648959946	0.0245131991950435	0.0172627464270707	0.00875262560938901	0.00253820438162166	0.0212214793455667
0.000901123736248313	0.018267847908698	0.0682148040344531	0.834102617614104	0.0167784200507469	0.0407764386693613	0.0100426528997872	0.00270806746610202	0.00820802762049933
0.00230869626322412	0.0142874233230878	0.0660455519196558	0.845279851816595	0.0321615147933157	0.0161025549496196	0.0104039730045565	0.00529849356891776	0.00811194036102716
0.00022514218030222	0.00346355188146901	0.0917661373062999	0.807502961359095	0.040955585589545	0.0413676371927113	0.00659037359660465	0.000389049759167917	0.00773956113480472
0.0173328006160938	0.00311938266081915	0.0641282395474785	0.815584416453799	0.0249372274801494	0.0128652223269845	0.00596022343737078	0.0210976414244175	0.0349748460528868
0.000191642191331993	0.00414600151703338	0.0739462573949907	0.834169875392274	0.0369935186462118	0.0311845274059193	0.0122399838683277	0.000756466427443839	0.00637172715646745
0.00291615693313391	0.0210652556086605	0.0664006578903528	0.836435182344499	0.0181556224517969	0.00351564326396724	0.00645864264640189	0.00514274350833153	0.0399100953528565
0.00186489884673266	0.00710138967156329	0.0839207316757085	0.835187867344207	0.0265993462571351	0.0202447626579135	0.0100185020464792	0.00521420827274185	0.00984829322751839
0.00972229968003181	0.00715565114364451	0.0702374923228237	0.824938919389021	0.0419110211615656	0.0307103792301061	0.0103540899519195	0.00284923399878937	0.00212091312209833
0.0946716647306765	0.024721199708468	0.0913872732977919	0.703402448535522	0.0339390294067391	0.000481674460343777	0.0253089730669911	0.0106084788472966	0.0154792579461707
0.00684534494045765	0.0263230120389475	0.0633201026817527	0.839099364450434	0.031531732682141	0.0161253021911521	0.0115754612058042	0.000301203531282138	0.0048784762780286
0.00122581221649813	0.00347162770566252	0.0809511351009308	0.841816462451566	0.0236663766974106	0.0342135006821965	0.0100800543955335	0.000557095868101025	0.0040179348821011
0.00013080972185648	0.00661881924160983	0.0677171495840228	0.86137798669337	0.0146738004567676	0.0332245879280177	0.0100816815835927	0.00110772616876386	0.00506743862199896
0.00373871832260415	0.0188962568919528	0.0745804487419164	0.839463632793873	0.0244696338657741	0.00305976285196143	0.00806085470718495	0.00654275158313638	0.0211879402415965
0.000714159257452391	0.0327036190233927	0.0711386664580188	0.8376820043225	0.0255609372668651	0.000822739856024925	0.00662741542140381	0.000304452241977885	0.0244460061523649
0.0491150396439914	0.012043449359629	0.101900640185815	0.726374705985503	0.0341367428153253	0.000363930530266092	0.0159943077818385	0.0596658223250519	0.000405361372579326
0.0177687566506248	0.0370938675486809	0.0560612560524385	0.786778109050018	0.0472229784562406	0.0138288018701636	0.0095644601964022	0.00143326656890118	0.0302485036065307
0.00304647077597656	0.00105461674541791	0.0791019711442296	0.833833814628947	0.0270003646693728	0.0258510368384459	0.00859070599807004	0.00570347098649929	0.0158175482130403
0.00285199429922761	0.0247983319820935	0.0736337489514092	0.846986736860487	0.0217378037441247	0.00848494382285664	0.0124985676287282	0.00129999656518252	0.0077078761458902
0.0177176238900009	0.00224638143563159	0.0900705313606345	0.808453937063467	0.0184185289396889	0.0142457039598683	0.0160563110996043	0.0314795929500118	0.0013113893010924
0.0244204848276364	0.00999695277874238	0.0677479305051725	0.782606293333142	0.0361787887956445	0.0308605186290145	0.00833154782991771	0.000139358718374629	0.0397181245823555
0.00199684965820346	0.00530013928260029	0.0684780769994806	0.825170171978957	0.0294450307038781	0.0324128829562162	0.00805574203761343	0.0101485232244636	0.0189925831585872
0.0147252640367232	0.0209051567580343	0.0710935426286801	0.824584426167898	0.0195396573647848	0.0141213037799783	0.00841662876588077	0.00170068296704447	0.0249133375309756
0.0018337278641066	0.0214435954302893	0.0671203857338915	0.831259338080623	0.0220134229855374	0.0118089761102588	0.00968621253210881	0.00250659093908051	0.0323277503241043
0.0757284120097308	0.0195436156515608	0.0938757641437071	0.692336800489116	0.0291066953990246	0.000352791853896625	0.025586940016052	0.0605980842689617	0.00287089616795091
0.00809434017969134	0.00088131212883053	0.0872172215578356	0.771865636810196	0.0268722036775672	0.00916993580855493	0.0104941174716392	0.0196231408070683	0.0657820915586162
0.00556721026642682	0.0030695949630376	0.0692368032677539	0.812033073902655	0.0470356597935379	0.0146247731786256	0.00820511759231873	0.0132982964700786	0.0269294705655658
0.000448773099155046	0.00185067644843438	0.0677849566349649	0.813014828936083	0.0351968181036767	0.0433254825597821	0.00546005161424244	0.00870504873978559	0.0242133638638757
0.000977986428431319	0.00278028692989149	0.0729607269501977	0.822609879457363	0.0404584525959855	0.0228154023981807	0.0109083306472053	0.00903514199005826	0.0174537926026868
0.00810791558919274	0.00731124239160621	0.0662384910782035	0.81688012596953	0.0353608626163689	0.05200999000652	0.00841623002727628	0.000456020246940861	0.00521912207436177
0.00522562211048996	0.00118248534120198	0.0912601379963893	0.788393177356549	0.0444368152986364	0.0330145270592409	0.0040466732907625	0.00495430181193561	0.0274862597347944
0.000949258647116749	0.000948358229660984	0.0726334981144868	0.840533640166742	0.0398801004254728	0.023526551522942	0.00883351394275793	0.00478253020590679	0.00791254874491432
0.000129150788782623	0.00109520497872818	0.0774480527258435	0.836519377589257	0.0250982219158691	0.00404318056960726	0.00679732174407056	0.0405681776762326	0.00830131201160926
0.000239861370368086	0.062173259335393	0.0683284187530312	0.80423060935302	0.0181737309172924	0.00172215585387554	0.00782316277362958	0.00255756648043403	0.0347512351629561
0.00358040126302752	0.0346774503005595	0.0619391847024251	0.799767618548546	0.0371766780872739	0.00248958064860723	0.00742802048055839	0.00550968665111885	0.0474313793178838
0.013323441440812	0.0142370432456667	0.063728710184688	0.821027948440681	0.0137590739859979	0.0230140140578097	0.00674823377761911	0.000306695760206884	0.0438548391065186
0.00935258521644835	0.0225185117821421	0.072797761206607	0.818669258715316	0.0306759904453711	0.0248392797864693	0.00838431228272329	0.00028998076768499	0.0124723197972382
0.000552707316163303	0.0123439810493708	0.0738546526666719	0.834425910176081	0.0276280211607842	0.0330197271802768	0.010233436316503	0.000540530568397773	0.00740103356575123
0.000328748006863943	0.0109482772526438	0.0713617206066876	0.809761514448315	0.0463931912505675	0.0217289562562697	0.0151368009635269	0.00106564049498814	0.023275150720137
0.00307597404288532	0.00446466661766203	0.0691407667969336	0.827970189043871	0.0256225851401824	0.0257790101774072	0.00709138545096101	0.000562772754744502	0.0362926499753531
0.00186110604678387	0.0376780037516689	0.0559171304281063	0.823318157597157	0.0196711822856527	0.0286776245583932	0.00983711837417789	0.00016341237929185	0.0228762645787679
0.000830209984297591	0.0156137087092979	0.0662222354147734	0.833506004526854	0.0265755556034976	0.00205804241774058	0.00964409702644858	0.0139635894218225	0.0315865568952681
0.0064043468484292	0.00220119647493096	0.0686689829290439	0.792697832051388	0.0626056603519837	0.0210928065498877	0.0085657681597219	0.00453238328967749	0.0332310233449366
0.000677025223438211	0.025027376998081	0.0678526894625837	0.818620204601797	0.0395219281221718	0.00169998127692265	0.00896792786825567	0.00490168292946256	0.0327311835172875
0.00759199608255304	0.00110450128826594	0.0861587111459057	0.789379314299271	0.0659960753218097	0.0177923101780879	0.0120995001837422	0.018417926573856	0.00145966492650837
0.00100986026611467	0.0190634548764844	0.0613388545823819	0.836797891800508	0.0262736176052181	0.0156786521054392	0.00762378130968043	0.00137499998502214	0.0308388874691508
0.0329793222069183	0.00313720857431845	0.0623830651311229	0.791893945929087	0.0452601344259406	0.0252477502661179	0.00965190823762022	0.00257571543287366	0.0268709497960014
0.0163146317732747	0.00459557676936148	0.0664791398398347	0.822190084026282	0.04373021762383	0.025810897840242	0.00949309663034552	0.00255518443285284	0.00883117106397664
0.0198134470015721	0.020397563728442	0.0743704572611157	0.817448688505595	0.0395748978665119	0.0184455832392243	0.00794802056694516	0.001066770989131	0.000934570841463153
0.00426561840857597	0.0430066029760024	0.0726771308620204	0.823351287560853	0.0319339602754053	0.00397507056781082	0.00627765688596909	0.00074482977980376	0.0137678426835593
0.00761013516632623	0.0144509821690913	0.0588046346772537	0.830411031520371	0.0304179970491832	0.0254337989296146	0.00904235790265608	0.00114846314167232	0.0226805994438318
0.000653011886604392	0.000635277654593619	0.0755660830048475	0.811182162972827	0.0436275704187123	0.0457113483354045	0.0116357123504954	0.00562714800907614	0.00536168536743866
0.0002294168323487	0.00142896243465521	0.0908531406726344	0.837591029302816	0.0292024060891756	0.0243273913132236	0.00384267267280181	0.0093360183759438	0.0031889623064007
0.000562263841923121	0.00785012884285855	0.0733361302328737	0.848084224244096	0.0203666396195761	0.0134615863892505	0.010542456296015	0.0135160011904963	0.0122805693429106
0.0174250846078383	0.0284175400085577	0.0568892628214377	0.811986124144719	0.0232807651325635	0.0104458092996735	0.00760701626377267	0.00711751146213559	0.0368308862593017
0.0202734647080837	0.022173331789009	0.0641088891486298	0.7852446839688	0.0495970462056765	0.00471359415133653	0.00892791261237268	0.000332785003334084	0.0446282924127582
0.012162189736726	0.000198469632063624	0.0643759233827787	0.756451717852863	0.05435388503889	0.0235090632981996	0.00628768296325093	0.0113079525809765	0.0713531155142521
0.0195844654782275	0.0350809739858026	0.0772167071588733	0.798613959317949	0.0251032093822565	0.00285816160297973	0.0125477013071477	0.0211054784614618	0.00788934330530138
0.0058274356626421	0.00919993222772245	0.0590835901688194	0.81709160506957	0.0275193080613801	0.0391888026445303	0.00925488721295736	0.0017982855289386	0.0310361534234397
0.00219236824173841	0.0378639336197358	0.0749364544143902	0.860423089354996	0.00566878626350453	0.00205443985964509	0.00980640245975634	0.000866707678493624	0.00618781810773966
0.000610646352500552	0.0114289044646391	0.0685931613487043	0.820769812084736	0.0210143878628257	0.0194075630073858	0.0064450831325694	0.0076504090923901	0.0440800326542492
0.0351360074243715	0.00252331768063061	0.0588864898598407	0.777310035642179	0.0403333066558386	0.0350139204960326	0.00610677901867874	0.00593141770741056	0.0387587255150173
0.0332150917412121	0.000390183694935243	0.0698051693325037	0.800306256752548	0.043614036446868	0.030717488570989	0.00806685082331025	0.00884858237205352	0.00503634026558082
0.0135093251743583	0.0209995622503238	0.0711713844306393	0.822561402097415	0.0449959669604105	0.0172120655046948	0.00756282667882203	0.000709169002533436	0.00127829790080279
0.00992926903150707	0.00384640945980862	0.0856429667544908	0.820499439251868	0.0249224603228552	0.0224430518595837	0.00668083974612358	0.0141583681913125	0.0118771953824509
0.000535064202228183	0.0257896340165771	0.0649896796953737	0.828918283990778	0.0378457965625789	0.00944268037642823	0.00691798918273227	0.000592209985456786	0.0249686619878466
0.000242704705794229	0.000435565181421393	0.0782788043722267	0.845011492949623	0.0382920841326937	0.0250417528165957	0.00829861691611193	0.000302328900872037	0.00409665002466073
0.00669244811969738	0.00102431669773142	0.0731882874415451	0.821434512957739	0.0467011971640783	0.0300161507828191	0.0119353204699282	0.00427609110881982	0.00473167525764197
0.000380950700132905	0.0366373899962806	0.0724631232565107	0.846273741564309	0.0171273217081981	0.00191307379275726	0.014303257626902	0.00780411846139476	0.00309702289351412
0.0166563763292783	0.0151470668391578	0.0586113846745976	0.804688803067517	0.0399416860269269	0.0281636912599486	0.00829950536466902	0.00943683894278271	0.0190546474951226
0.00314466628266078	0.000838837683490243	0.0878422925553214	0.837235654173569	0.026857149371097	0.0257255167254925	0.00965688570207669	0.00808619897061081	0.000612798535681043
0.00219935566533195	0.0213027526138695	0.0703877518699104	0.825860416524767	0.017198066916373	0.016353681051228	0.00955545392870461	0.000657446286015	0.0364850751438009
0.00324988845664066	0.0171225511857427	0.068719202550333	0.802867869169364	0.0470978291318949	0.00494119092516034	0.00888625281979199	0.000259946408807157	0.0468552693522652
0.00387532079720434	0.021528395845983	0.0655955531890533	0.831936591708188	0.0214651155586704	0.0394353929349872	0.0115863954540377	0.00174377963401945	0.00283345487785689
0.00280752895959716	0.000634824365128258	0.0774571811682159	0.831114708075474	0.0228837572632841	0.056270613086944	0.00519548354943247	0.000217723119949104	0.00341818041197524
0.000782413118232028	0.0270386489034364	0.0637239634665102	0.837061977879281	0.0168193322886889	0.0177962431073942	0.00904741758846815	0.0068837087672143	0.0208462948807744
0.00794320931583552	0.00878384143146979	0.0673134639320543	0.839736610647635	0.0351749915401908	0.0146299209780655	0.00701302912846079	0.00686837126312368	0.0125365617631645
0.0101438897289823	0.00103488502924744	0.0697054648385062	0.830899162038699	0.0466144008798436	0.0250242487902493	0.00728643547661489	0.00154213620071123	0.00774937701714557
0.000771214629270674	0.0201113050528462	0.0598417770460087	0.848093324941456	0.0357661109802109	0.0173624589109476	0.00862864917049665	0.00248606869754793	0.00693909057121536
0.0220462085248641	0.0164711257447675	0.0686535988426089	0.844481463594634	0.0162746536596087	0.00250727401289253	0.00675254957841365	0.016071971864557	0.00674115417765414
0.000445029767321274	0.00486219893311156	0.0747202005240692	0.815467635314349	0.0596980616296389	0.00977652371511025	0.0101444764783005	0.0207543240839103	0.00413154955418854
0.000288592323466565	0.000988370497626108	0.0614360249003108	0.824619440398377	0.0451099383233078	0.0375784540407326	0.00821553260099864	0.00415521540094732	0.017608431514233
0.0039252616201125	0.00173381715769172	0.065712930378211	0.807230230079236	0.0425954741547353	0.0275118497291238	0.00865650159764396	0.0184413476162906	0.0241925876669557
0.000781159535278094	0.0243555792887071	0.0711345002354872	0.826472548960432	0.0260731250406945	0.0327670726478724	0.013940806009211	0.004010984043821	0.000464224238496849
0.0193742240216565	0.000970176819696642	0.0844552440370333	0.789811281312541	0.0575174233027025	0.018661509256699	0.00754883136954749	0.019859006681219	0.00180230319890452
0.000226166458321529	0.028949574931437	0.0667355550554811	0.821996982906465	0.0421235420776864	0.00332056915874939	0.00589781456660448	0.00906583651156813	0.0216839583336873
0.000279909759694225	0.0348505074567652	0.0731891910896823	0.807654588725456	0.0203745463004062	0.014188489005229	0.0114557897659922	0.00695075984014734	0.0310562180566277
0.0121809995201621	0.0240628085366273	0.0722178834575485	0.840468273589554	0.020230415802832	0.00656461067826558	0.0113663942830355	0.0038383305616836	0.00907028357029152
0.000495051878689921	0.0180457429629637	0.0729063430359706	0.822604338161021	0.0423244712587993	0.00416784656078009	0.0121349227767947	0.0268009958535033	0.000520287511477728
0.00535174703501506	0.0393865135307601	0.0667629323656006	0.828817299087142	0.0259567472210711	0.00220243890736011	0.0105822405727948	0.00652184772128302	0.0144182335589733
0.000183599631848986	0.000262073106934402	0.0798969340663622	0.822745807976273	0.0242366797907352	0.0250413747217546	0.00754085838310033	0.0110791042869339	0.0290135680360569
0.00231181389682476	0.00617470072895388	0.0710151753682825	0.814817535593568	0.0398046505744898	0.0225146276140325	0.00781005419758128	0.00438205738017286	0.0311693846460947
0.0109167933962163	0.0155410052018743	0.0777548705013787	0.822709104970631	0.0370119979768151	0.0120294861855596	0.0118442023427156	0.00751907495308067	0.00467346447172899
0.00676111848386495	0.00687909530269169	0.0763474298444778	0.828907032346858	0.0217329510817074	0.0306413031702632	0.00679077872158031	0.00586361715682667	0.0160766738917297
0.001738206109854	0.00120086210299018	0.0651993328736572	0.842577318147263	0.0249007723316736	0.0258871024702483	0.00838277420191197	0.00647020311153	0.0236434286508715
0.00216912648296718	0.00995810753740538	0.0663296097568153	0.842262512678999	0.0286558371559793	0.0213533504150014	0.00926467338817454	0.00141274802587275	0.0185940345587848
0.00232100748321173	0.0111461203350887	0.0761901651619562	0.804517660615947	0.0421789499919158	0.0132827232949124	0.00504077356438932	0.00463336227067579	0.0406892372819027
0.00176409298570557	0.00173834328519538	0.0716613799085263	0.791901506444063	0.0474266887152216	0.0313931992827836	0.00869971545192685	0.00865298758240281	0.036762086344175
0.00321413220962006	0.00391391330640553	0.0667719729903527	0.802179389663875	0.0511366751646127	0.0159553123259034	0.0134783631119557	0.0106913505308565	0.0326588906964191
0.00832596476022587	0.0107121535243793	0.0763969200310917	0.791605633322898	0.0585207592857594	0.0403170130816321	0.00529205691486844	0.000677267044672193	0.00815223203447323
0.000907598831542467	0.0136849821509238	0.0718328580685639	0.800715036816513	0.0476513964493551	0.0241788385538983	0.0081653121894519	0.00871214133519104	0.0241518356045606
0.00032360712578319	0.0152253859589596	0.0749111073240892	0.811921995878535	0.0441901465796858	0.0164060343133649	0.00544578234357971	0.000122479964352748	0.0314534605116498
0.000385891933755739	0.00702451224318002	0.0810500454684124	0.797002978657999	0.0341925090981048	0.0112373633426743	0.00480197657273599	0.0184715675807351	0.0458331551024023
0.00422329361453155	0.0126214645323575	0.0767134284063977	0.826522038249141	0.0325363266829424	0.00696148217189627	0.0102473091813835	0.0192523490053529	0.0109223081559973
0.000885461176619519	0.00741208054557202	0.0657478014189318	0.834678678446992	0.024819048302218	0.0251729589207056	0.00860262472270557	0.00431884051001366	0.0283625059562423
0.0363952099875121	0.00276288470219716	0.0666476829826203	0.778665975863357	0.0627107142352731	0.0265500408415403	0.00634229772792347	0.00998793415395254	0.00993725950562388
0.000171859308183015	0.0388880934141869	0.071031950990221	0.85032667955478	0.0148292592627179	0.0165573881772098	0.00653329703242734	7.96167502579817e-05	0.00158185551001611
0.00943723295079476	0.0229230501915543	0.0652872779452156	0.809503852741929	0.0354538653505851	0.00542823813956751	0.0109764295480347	0.0220734386336753	0.0189166144986438
0.0141560126995872	0.00588153893475069	0.0763598757032272	0.818169855508023	0.0366938881641164	0.0257811564668366	0.0084115100418476	0.0127924163689584	0.00175374611265264
0.0169150140281083	0.00213575471766306	0.0626506767149225	0.820236841298987	0.0254304792377938	0.0435129860849264	0.0102172411702944	0.000747465653539013	0.0181535410937659
0.000605739407275303	0.00056213778368294	0.0721073229906385	0.846439952664409	0.0173677819821518	0.0295852553201241	0.00443493819031787	0.0055954350443732	0.023301436617027
0.0111059190586345	0.0201657649402406	0.0717162010135728	0.81976504232606	0.033126269702328	0.0253481966299136	0.0113491293528852	0.00219041877881633	0.00523305819754917
0.000311501170471385	0.00156346027490502	0.081087453607391	0.833698559868326	0.0390660398814214	0.0162347914628884	0.0100046973812531	0.016756669525292	0.00127682682805132
0.00140381114472533	0.00250899726103357	0.0750360331709114	0.800215398725525	0.055655893698026	0.0132600971220798	0.00486520946645464	0.0188628529820204	0.0281917064292241
0.000335555995096171	0.0362178047415858	0.0570211173014869	0.810130039828508	0.0391041831896989	0.00141772671578625	0.00939449618153067	0.00480599765784422	0.0415730783884628
0.0493691234557975	0.0630169658570791	0.0589604419125519	0.744260581428967	0.0291382362999004	0.000695649019990369	0.026605280650619	0.0246416996538934	0.00331202172120103
0.014739443749369	0.0184919233451291	0.0679639949147448	0.809686079094833	0.0517572688905895	0.00157498513503804	0.00451731250580018	0.0203041324596407	0.0109648599048557
0.000287126510632011	0.000411692742532805	0.0814702168827756	0.823185732771978	0.0343010857295319	0.0299573639051743	0.00675110801087166	0.00148396466243734	0.0221517087840661
0.000495032577039188	0.000851599444231516	0.0706508497180355	0.809148295657768	0.0633459788054314	0.0167908636006813	0.00636425051677484	0.0263942599940626	0.00595886968597539
0.000290987188422398	0.00554805669206943	0.0720128176037912	0.843229269990423	0.0176868936837691	0.035384788600427	0.00970167508029998	0.00756446753211946	0.00858104362867883
0.00040251599124601	0.00598725813076489	0.0614214378417684	0.809658513726041	0.0276139439355904	0.0407639840942884	0.00804807580411401	0.000261579609655649	0.0458426908665311
0.000875604334987555	0.00291305195958298	0.0711317221900685	0.826078494266339	0.0393849112683357	0.0339937021044932	0.00829911407896119	0.000529749039582544	0.0167936507576497
0.00180862193345663	0.00353888729502565	0.0716472136510713	0.82781760756766	0.0258996832580475	0.0271695335959135	0.00983402689329648	0.00222191312009162	0.0300625126854369
0.00522819303435726	0.0177730993197511	0.0615285371794391	0.812910946164232	0.0367967135908862	0.0293533998301855	0.00441116209553129	0.00141035662935397	0.030587592156264
0.000221071846530628	0.000334645021748226	0.0727277234417231	0.817661785730262	0.0446632735395898	0.0259441242877723	0.00810534002841031	0.000265380941347037	0.0300766551626163
0.0144898523759089	0.000523428861001013	0.070259119884599	0.812551128648327	0.0424353598365286	0.0476210891442167	0.00846721550517672	0.000237509499539091	0.0034152962447032
0.00244242948397155	0.000900533615588534	0.0679304799459315	0.819188095354313	0.0368221823226474	0.0296592488223429	0.00478384722828561	0.0034171883697468	0.034855994857173
0.000345990243866706	0.0225777085180419	0.0688369620060474	0.833537573712285	0.0355360214502426	0.0201546358162747	0.0072128417763822	0.00174655038933403	0.0100517160875258
0.0270236587596004	0.0645298869115421	0.0670666814841118	0.771992944540374	0.0283258910615443	0.00425932859997052	0.0170234261695558	0.0051939450944266	0.0145842373788739
0.000834909873719959	0.0245397289174844	0.0644047572550272	0.817152255279404	0.0201830110790064	0.0131413841198739	0.00617855992874992	0.00245207754171035	0.0511133160050242
0.0022025975888192	0.00178603569126846	0.0701241094700054	0.798183099767577	0.0314017967696885	0.0359081432734182	0.00771557493684285	0.00552888244600376	0.0471497600563763
0.00100709191404154	0.00755547093214295	0.0765164467011425	0.788734209828368	0.0719831038740956	0.00916277766771888	0.00878491132494358	0.0239219057382477	0.012334082019299
0.0161001808644903	0.00205705798303723	0.0690990060232449	0.823184335722012	0.0393913629727172	0.038838091729657	0.00837712788328661	0.000279426933008379	0.00267340988854612
0.01919684561544	0.0472759300085778	0.0676997874054934	0.788073034371981	0.0477567404663108	0.000783233416166797	0.0170159173080347	0.00555151967790791	0.006646991730088
0.000467717293106534	0.00577006151724307	0.0666833702389955	0.840042220826088	0.0254867967085941	0.019258980968268	0.00806630223839547	0.00592145005553993	0.0283031001537694
0.00517941596479463	0.0289779292741248	0.0729027399477138	0.821233151935505	0.0280429994907268	0.00767600333238131	0.0118555270279073	0.009913498315315	0.014218734711531
0.000549022161204033	0.000712874160767027	0.0792920190265298	0.81262722738497	0.0421408231699277	0.0310633815522699	0.00976390193726552	0.00454141474663001	0.0193093358604363
0.0286794712031607	0.00499371673230411	0.0743576264652168	0.814270514756861	0.0366480987645178	0.0151626257628351	0.0065129325073738	0.0135279926926604	0.0058470211150702
0.0118384342919878	0.00674307483184955	0.0796359429160363	0.821935687729081	0.0378686103223044	0.0179650300765489	0.0105766343512001	0.00623204322865445	0.00720454225233791
0.00177044741325873	0.00433747792613341	0.0675974907595497	0.833923238304502	0.0336566713778628	0.0454899198163424	0.0087490761212905	0.00100148579830836	0.00347419248275205
0.00158290219626759	0.0194483072559132	0.0716022311509722	0.834424820610174	0.0228230988439643	0.00159680761246166	0.00767225960287108	0.0170940754975914	0.0237554972297843
0.000624925470121597	0.00652877753751086	0.0667900941244396	0.775694829783827	0.0841226110608862	0.0286698497954233	0.00438678898494893	0.00110927688713134	0.0320728463557116
0.000585022860085881	0.00788556108142911	0.0683982127591792	0.816611598668511	0.0426991616434599	0.0175880757110728	0.00962815809927054	0.0113944581438928	0.025209751033099
0.00196949289642864	0.00134522618466243	0.0685629884904148	0.812993954256146	0.0210764679926475	0.0294571498157402	0.0069434959542299	0.000642489606237034	0.0570087348034934
0.00290485927252982	0.000844188298760375	0.0799588594893546	0.823472753719933	0.0337416155185914	0.0374743974232731	0.00801449227111111	0.00685496111582576	0.00673387289062047
0.000309110750196507	0.0175426873930667	0.0850988025155432	0.799236864780519	0.0553036104089173	0.0195346624655455	0.00634928934287614	0.00503690077196841	0.0115880715713672
0.000183615082856613	0.0169567254857614	0.0794552906739527	0.843834454816607	0.0282701856117882	0.0117173847722094	0.00544673634750917	0.00484842208650021	0.00928718512281537
0.019094665056067	0.0032999877797539	0.0617368449427601	0.828993827764152	0.0376825323204441	0.0117835417631107	0.00834204416133014	0.00387448164596352	0.0251920745664185
0.00774611197573924	0.00251811196938544	0.0773542950654959	0.829455270972579	0.0327661232891523	0.0303488149545018	0.00514879064621811	0.00160716366560665	0.0130553174613219
0.00778295067443196	0.0194760555025864	0.0576186112329472	0.826764967874002	0.036162540653124	0.00721514117061245	0.00864930436144721	0.00677292888052788	0.0295574996503213
0.000451451214302923	0.000981697130692823	0.068202255854843	0.834471373925919	0.0467606156409116	0.0324799677741498	0.0079152009555333	0.00783221428786012	0.000905223215786918
0.0258106951574828	0.00158935978279156	0.060982496033405	0.80756764297172	0.0366288997148547	0.0421877937352785	0.0100115999245233	0.00372777806214005	0.0114937346178037
0.0121434439539285	0.00542047589828131	0.0699633255497926	0.800792908578298	0.0368226888934427	0.0268695115351248	0.010084602864882	0.000213342642600633	0.0376897000836501
0.000216790336515499	0.00271645551107385	0.0669185630436718	0.831942287674067	0.0392091072102904	0.0204178292591966	0.00854494966095741	0.0080509371728532	0.0219830801313745
0.00133212978548722	0.00222738873043077	0.0660351352461361	0.807424238874482	0.0568665260821347	0.0114996300112399	0.00652569511581268	0.025232417736758	0.0228568384175183
0.000450866823364416	0.0321480435336829	0.0677378142138938	0.837045740180895	0.0330828166662871	0.00734438875591268	0.0104018053520182	0.00319350259420804	0.00859502187973811
0.00848018194572922	0.000543508915496935	0.0683918898285944	0.798196925841406	0.0441720933865467	0.0397149277289689	0.0102377096194609	0.00785972946112562	0.0224030332726717
0.000426393202958593	0.018286270122187	0.0722002443854713	0.842153671575494	0.022062686139397	0.0299592730722062	0.0101134640245358	0.00131059624372671	0.00348740123402305
0.0327639502226745	0.0181896232647678	0.0638078558861429	0.766308247196848	0.0470761352008017	0.0207190314742415	0.0110766444781186	0.00385556316645261	0.0362029491099526
0.0331949212193083	0.000784818203281151	0.0896848362465196	0.787254195326014	0.0212849907764401	0.011403851642395	0.0121450405708042	0.0386825869912703	0.00556475902396707
0.00157030357312608	0.00450275583285601	0.063494708371062	0.807205373812032	0.0383813903456518	0.0228839250534703	0.011115664334091	0.00206927818492702	0.0487766004927836
0.00188828350882083	0.0416890911602334	0.0582318996293577	0.818582800495986	0.0448795066077011	0.00930391073621887	0.0097057934265282	0.000602436758252925	0.0151162776769012
0.000372938054423865	0.0609978700704528	0.0716995937260195	0.826353657323009	0.0115055333791326	0.000396604165612837	0.0176907014408703	0.00533043799972552	0.00565266384075351
0.00462190453744207	0.00410629986398015	0.0622097731393101	0.844121031631803	0.0204452609481361	0.0157753553019386	0.00944555837643858	0.0158706881744674	0.0234041280264844
0.000351925964041155	0.0344600933367664	0.0646789509418266	0.812148377604763	0.0265631088281284	0.00351437294876997	0.0148296386839808	0.00158544193544222	0.0418680897562817
0.000392405699666479	0.00126693420311416	0.0702414187508476	0.837367834600836	0.0281025070023319	0.0460281393765079	0.00852039537617163	0.000571823462980741	0.0075085415275435
0.0124357491803517	0.0278007184547793	0.064155684698644	0.802460642969762	0.0614681655179822	0.0195454734274134	0.00565137589759145	0.000158761560498737	0.00632342829297732
0.0303502844191333	0.00239907546741243	0.0773970823790308	0.793340619938593	0.0258463772871561	0.0281768182730183	0.00569923772718575	0.000529128354883909	0.0362613761535869
0.00262720873857303	0.0108532149781225	0.0647866353295501	0.829819941317115	0.0375935440758475	0.0331358096436173	0.00824175954490007	0.00166982766850573	0.0112720587037692
0.000635162736651225	0.00857263341049455	0.0730947417756976	0.856721213561644	0.020523082404036	0.0187057628655564	0.00854086869462349	0.00551734021135226	0.00768919433994463
0.00222272094251097	0.0188084829623951	0.0666852178732395	0.840501081312445	0.0323716713433929	0.00999796128788309	0.00883929732152215	0.00954857243313666	0.0110249945234742
0.00164612818685953	0.0224886092298933	0.0555362403488555	0.82347769824075	0.0416896160588764	0.0137124559476836	0.0106764599785026	0.00610350570550531	0.024669286303074
0.00115556755318064	0.0250424417968364	0.0680859382474071	0.825012273018081	0.0445848627126431	0.00629072899903519	0.00724317944517101	0.0157896508823702	0.00679535734527547
0.0435739763844692	0.0245348546342936	0.0782314159125682	0.804024025652176	0.0230379581307462	0.00313421887391133	0.0205008730921224	0.00234870034641887	0.000613976973293716
0.00197788310436926	0.0306837824959961	0.0662343960839954	0.835533598239128	0.0332926926238782	0.0150335428660661	0.00994231520945972	0.00125540971648016	0.00604637966062715
0.000582939308853838	0.018140721046229	0.0744180470379002	0.818959744734688	0.028485158366259	0.0353879805643986	0.0157555780222662	0.00446960298040642	0.00380022793899894
0.000880372205178581	0.0113764887607269	0.0722866273635016	0.797960052125307	0.0555897477307123	0.00711447706992053	0.00696493758929632	0.0200867623319488	0.0277405348234077
0.00118458860068236	0.00230869810860159	0.071787707666874	0.807660835063197	0.0212536910255002	0.0340066507116713	0.00807347637413777	0.00774336111169745	0.0459809913376377
0.005021189535522	0.00942190998726918	0.0681165972540614	0.769830383997083	0.0672623799665077	0.0145259435673165	0.00814524495385939	0.00404486599145952	0.0536314847469212
0.00523402256268812	0.00140248174830806	0.0633492812022585	0.8311865758503	0.0327423432957791	0.0378120231930652	0.00686608422205692	0.00789398682068958	0.0135132011048544
0.000315133869338902	0.0260777635853249	0.0690797556237919	0.794196008550236	0.0354407371384833	0.0151549086464871	0.0114202364935044	0.0128083609325237	0.0355070951603102
0.00151737205184477	0.0147386356637875	0.0650333782874808	0.782390716156548	0.055763887861311	0.0267337133310673	0.00841821078350923	0.00202092203335785	0.0433831638310932
0.000278985433944925	0.000535005237526139	0.0779152197314029	0.837899343355679	0.0350169546251454	0.0312866909308127	0.0105395011810305	0.00621564413844552	0.000312655366013213
0.000266232943411922	0.030877645115538	0.0670605963285609	0.853453674348815	0.027789223985412	0.0039068738519503	0.0101603637589179	0.00300267414409731	0.00348271552329682
0.00352878933901023	0.0219961693950019	0.0684542662028182	0.829098896533614	0.047686828941333	0.015512732003066	0.0107375297515988	0.000557899327125218	0.0024268885064324
0.00229300438143687	0.0230741745214588	0.0688476200389434	0.800624837957985	0.0417127653497999	0.00569400193480339	0.0112892689500125	0.00125593857262193	0.0452083882929377
0.0223413250403415	0.000340330567988984	0.0591230483495933	0.792122320429838	0.0394002079760414	0.0167773104732885	0.00870239169687006	0.0177624969380634	0.0434305685279748
0.0267663592245458	0.00724723234382776	0.0708005838548287	0.78338949982505	0.0449949943604577	0.0189353830672983	0.00767122461900964	0.00872916310848575	0.0314655595964967
0.0042265317531199	0.00684529924592531	0.0665750994575218	0.83837003846358	0.0206640711981992	0.0255409188691551	0.00774177347625388	0.00225274880991344	0.0277835187263313
0.00698482561746274	0.0051749746291313	0.0701078016139048	0.802844780291053	0.0573252438586876	0.0284280194494243	0.00667631047189902	0.00559664437604862	0.0168613996923881
0.00247966814051671	0.0103678440341451	0.0625023764003604	0.773947882581066	0.0730333813541704	0.0289565475195919	0.00871978703799745	0.000480681066238482	0.0395118318659131
0.00520223573707252	0.00841899950283806	0.0686179130077296	0.801719104684488	0.0594316460807163	0.00953046316462951	0.00756171679602432	0.0119166576576361	0.0276012633688658
0.00802728946362205	0.0278331849067467	0.0676852899826181	0.812475321351961	0.0496706872116775	0.00429466518687643	0.00925610774260922	0.00078622362084762	0.0199712305330417
0.00358178480741898	0.0303691397340379	0.0715115753332074	0.83662599791623	0.0173599343305896	0.00151698936880307	0.00995129222677464	0.0196832896825642	0.00939999660037423
0.00654247227540954	0.0192722733760513	0.0603047470296398	0.800197035110198	0.0539345728844489	0.0137651154332801	0.0108291875352813	0.00761166927633787	0.0275429270793537
0.000482323597369087	0.00528872942798626	0.0698483346835042	0.830456917949362	0.0318133832070018	0.0200486039177355	0.006977444987602	0.0100183317895353	0.0250659304399042
0.0255876980985567	0.00981167204680423	0.0577297883468739	0.840164590047232	0.026053833068353	0.0175307103678558	0.0123804968380283	0.00213238708752691	0.00860882409876949
0.000410574718524138	0.000815262981924211	0.0937962386496935	0.841657452145329	0.0284096866588325	0.0134322005969587	0.00546075803235559	0.00489104266958669	0.0111267835467954
0.0260088533807378	0.036971205160492	0.0601120898224684	0.806115924707747	0.0370936150750352	0.00479178652911451	0.0135800453684957	0.00191924730601808	0.0134072326498916
0.00149530038324437	0.00027106189073741	0.0728657984613689	0.800657451778894	0.0720044622511965	0.0188193286975191	0.00918414328078155	0.0242133368094638	0.000489116446794314
