Bcells	CentralVeinEndothelialcells	Cholangiocytes	Hepatocytes	Kupffercells	LSECs	Mesothelialcells	PortalVeinEndothelialcells	Tcells
0.00243674540319271	0.00705893598263609	0.00473256845827623	0.906078509464413	0.0483119800471724	0.00902915946671388	0.000399471518671743	0.00546875447871527	0.0164838751802084
0.000223737203353191	0.0241106157349032	0.00371376961192613	0.941913746405648	0.0221842801469306	0.00662853968215395	0.000238024119742496	0.000922604589054203	6.46825062881191e-05
0.000351137566407754	0.0231961568628278	0.00608418791946984	0.940621188091429	0.0277318002440333	0.000913759114204712	0.000605986828783185	0.00018192119560249	0.000313862177241861
6.0597408270144e-05	0.0142336969567316	0.00682411371849449	0.937442430285937	0.0175620775991268	0.00962818582464037	0.00100055923154914	0.0125571528339023	0.000691186141347971
0.000134654545098487	0.0303566536729663	0.0059884839646908	0.924972231208184	0.0300700179797356	0.00163149120123245	0.000884894891168074	0.0052654962391778	0.000696076297746551
7.63799118384858e-05	0.0017047147278017	0.00339303734489373	0.948519468424063	0.0239601989671463	0.018826512425262	0.000333731750318107	0.00208333225538323	0.00110262419329346
0.00212214676834725	0.0240121869461174	0.00769601970744682	0.941244650980359	0.0170063176544205	0.00237166023314367	0.000586430903355231	0.00363142856877001	0.00132915823803995
0.000352184274444397	0.00832051132632792	0.00742389333879125	0.937232780127521	0.0229546074418158	0.0219073311221272	1.90100892055665e-05	0.00170965221030468	8.00300694624265e-05
0.000136463270875477	0.0167775741455673	0.00644510165889272	0.944846285474413	0.0116995703793901	0.012804810389385	0.000296431844314352	0.00623132014253531	0.000762442694626811
8.12249842697738e-05	0.00604844701425019	0.0092831361706135	0.931421356554031	0.026568830856312	0.0104609210685378	0.00139764195951502	0.0146920565353499	4.63848571209638e-05
0.000429865966877707	0.0327484443155821	0.00851281257637167	0.925854534114842	0.0181068890665022	0.00177552463068309	0.00273928206717948	0.0097649427010006	6.77045609613025e-05
0.00393068338397482	0.0263425358039438	0.00807540706032447	0.927925992835324	0.0134554865028529	0.00841503343826425	0.0013294056912035	0.00922924795403218	0.00129620733008044
0.00290837995027405	0.024066907555333	0.00660060072987955	0.947087278405607	0.0102324472788469	0.00606009902801425	0.000413573768263708	0.00242721985360628	0.000203493430174935
0.00168232173059033	0.00141580906117632	0.00307291709170071	0.944877071188173	0.0251299954353125	0.0221052359569983	8.21859762910265e-05	0.000798574174514577	0.000835889385243517
0.00778099197224699	0.0030467628155677	0.00753909574098137	0.936464592470108	0.0215267890969479	0.0142733425954206	8.28385516854155e-05	0.00848503836699324	0.000800548390048905
0.000294248435746357	0.0101785937957301	0.00747870253320507	0.938848441289686	0.021912146959407	0.00826441453071543	0.00058351650980018	0.00343920265043912	0.00900073329527061
0.000135189537760621	0.0053597833299761	0.00434134960916225	0.933020177965315	0.0346465548140742	0.0213826084083425	8.80523771474543e-05	0.00093523706508443	9.1046893137326e-05
0.000227993141566477	0.0122176066658237	0.00644806945197851	0.941406935432791	0.0247327261138947	0.00732357277375731	0.000952559117799235	0.00642296413328034	0.000267573169108624
0.0127389567983404	0.00151071073917835	0.00248965060654736	0.918471972958891	0.0325870407848594	0.0156838844492278	0.00013947253372517	0.0159185242569943	0.000459786872236164
0.000363558492427395	0.0104089242681202	0.00752568327557429	0.939471687109254	0.0144924659121487	0.00626741321891685	0.000717254491131575	0.0107159542014317	0.0100370590309956
0.00239530570254444	0.0157080237344583	0.00458440314670237	0.942837785703404	0.0186151264616428	0.0131303980011378	0.000865306032501572	0.00136085635399852	0.000502794863610561
0.000457408524996379	0.00732406023229407	0.00456946755503377	0.932879315309946	0.0260370203033943	0.0136791095729904	0.00152578679413072	0.00982688305492421	0.00370094865229047
0.00128232770616766	0.0251204442831064	0.00314307828868605	0.935993273582327	0.0208797639598425	0.0123580817295724	0.000346756138413337	0.00031496286296362	0.000561311448921285
0.00306715082624182	0.00837724329566999	0.0064593491798593	0.935866449724317	0.0260004903257431	0.0147332497189075	0.000416712072066054	0.00491771767430208	0.000161637182893221
6.53746167307957e-05	0.0153449849854152	0.00831938361077472	0.943545757555994	0.0204390742820111	0.0116178650504745	0.000419646871961913	0.000226070942878686	2.18420837593705e-05
0.000421836342969066	0.00856925339633849	0.0057309877543943	0.940052900910602	0.0111858295225611	0.0255081678245683	0.000455480213656885	0.00244748480358533	0.00562805923132497
7.06874918729524e-05	0.00283633571906147	0.00462963832217554	0.943175295939357	0.0179316840528878	0.0186688077743363	0.00102128903430288	0.009365502688685	0.00230075897732148
6.86697485547132e-05	0.000253148910707541	0.00784435981265321	0.94018783191329	0.0161801351965212	0.0342592682380764	0.000969160516110057	0.000196733349663794	4.06923144229996e-05
0.000846547617758869	0.00366940259125392	0.00263160893749687	0.93599749632721	0.0227171111587283	0.0307267247920888	0.000216315526572392	0.00294098229155517	0.000253810757335572
0.00046966628942496	0.0122825619052365	0.00851738609743933	0.934988578493507	0.0239207219265235	0.0183820977263889	0.000399518204201674	0.000360949560464687	0.000678519796812992
3.26624316180919e-05	0.000879344720417187	0.00481877960227605	0.932065031168234	0.0246420125244539	0.0211048252190054	0.000673767242284318	0.0115850177335605	0.00419855935815062
7.88862289200205e-05	0.00427009847726151	0.00720036193825532	0.935497834812749	0.0253472276360374	0.0237347112835217	0.00110722585895789	0.00229629005520265	0.000467363709094245
0.00216234711125362	0.000195357034666932	0.00598226826624332	0.948407515129698	0.0143627797960567	0.0252648615703003	0.000461371821473931	0.00156660243098344	0.00159689683932379
0.00336922265353225	0.000319473577186335	0.00749110227749082	0.929447178470765	0.0297474666478646	0.0206212647883447	0.00085797505204485	0.00806077475041295	8.55417823584515e-05
5.87758510705396e-05	0.00606970586545022	0.00885170888907714	0.9358633452393	0.0306649391315944	0.00634286662445448	0.000619704568797892	0.0114853001712672	4.36536589883793e-05
0.000496688586116797	0.000396002285714972	0.00813170972927392	0.944904144635656	0.0181656305302877	0.0185527045768868	8.76474783141094e-05	0.00923695764759535	2.85145301541091e-05
0.000894792783337375	0.000152878685643632	0.00664159119110605	0.939864965421668	0.0132778394633727	0.0278362217959178	0.000347644507187256	0.0106564030054001	0.000327663146367082
0.000274291015468993	0.0236468632920869	0.00385361722123712	0.941524171427549	0.0169533195474116	0.00972140644484568	0.000297160890240254	0.00177011722363441	0.00195905293752644
0.00101993434178985	0.00748725233679004	0.00798672485441823	0.933193057589462	0.018362773531681	0.0201425098677465	0.00200360919950883	0.00154119004014873	0.00826294823845507
0.00146906685070924	0.000578648459676746	0.0035295797875889	0.939151769852306	0.0318162527879686	0.0156635455071779	9.08914677206761e-06	0.00729803690172548	0.000484010706075338
0.000286208078567572	0.0201290305364102	0.00645244152784931	0.936575086614258	0.0191974121922759	0.00861352996941534	0.00126966915675978	0.00453496286292707	0.00294165906153647
0.00281820537139159	0.00429127912452702	0.0049431650384525	0.933677830011093	0.0292976298188875	0.0134583503973603	5.71590454094035e-05	0.0107495115165364	0.000706869676342481
0.000398538859944093	0.00122305719760105	0.00797122536366788	0.943720993010135	0.0192142620345847	0.0239214234761498	0.00018176113347904	0.00316895158047045	0.000199787343967667
0.00203096830222603	0.014692117237708	0.0107764439352528	0.928043692568409	0.0225469624581048	0.0140541018340918	0.000320960263258061	0.00715938516032004	0.000375368240629276
0.000357109674537081	0.0100999843956964	0.00233739889758894	0.947976030383194	0.0195801713818207	0.0128566607191564	0.000165940172702455	0.00649244225516079	0.000134262120143045
0.00268377925337286	0.000275718747944569	0.00656757952835786	0.941936221502113	0.0199392404549739	0.0197206357219207	0.000391361442038494	0.00842182790014692	6.36354491321564e-05
0.000123844708954165	0.0210004232630238	0.00417561356916533	0.933896593408137	0.0233280126641761	0.00395674946293345	0.000682711671594665	0.00467787291542219	0.00815817833659366
3.70379138191341e-05	0.00241247360629702	0.00903738954372375	0.949674963080194	0.0213957322109985	0.00135442163217653	0.000505725551751299	0.0155524057683115	2.98506927284446e-05
0.00558725434567757	0.0117553552009127	0.00367950286766195	0.950046818401861	0.01199945222932	0.0158942556308479	0.000275940518719803	0.000644324578345766	0.000117096226653299
0.000699972776268024	0.00396548281364604	0.00735138771249206	0.943351880717733	0.0207253622737955	0.00644491096344455	1.46619167297533e-05	0.0171636255181189	0.000282715307771788
2.3476135497918e-05	0.000921668606079497	0.00220123795689395	0.943547819736556	0.0266109584161686	0.0139830605973399	0.000836302837025207	0.0118565891828708	1.88865315681975e-05
0.00102624388173025	0.0123149260102358	0.00470386039212954	0.932355456537528	0.0252282112399053	0.00378510324243337	0.00158111447121248	0.0101782088045971	0.00882687542022826
0.000198877243328079	0.00215612596336723	0.0100032023116946	0.937444061206602	0.0249727693622624	0.00576395462491541	0.000635057349886958	0.0186752306711184	0.000150721266825247
0.000166440849325037	0.0034665046127784	0.00409823799682252	0.944775893645312	0.0155497295588921	0.0251365628894244	0.000338221070540609	0.00231505323550704	0.00415335614139787
0.000538278795455793	0.00339400163669388	0.00564503720963003	0.943712552276536	0.0221942802371026	0.014476336516403	0.000100022660912966	0.00746220100675672	0.00247728966050911
0.000640978113710162	0.000500143561320022	0.00613554409619977	0.934121024329385	0.0264582144157969	0.00258199010792058	0.00084966366799803	0.0286478216061315	6.4620101538129e-05
0.00140706902916175	0.0026075541072055	0.00547438991582848	0.930936759795115	0.0186376718325689	0.023664678202357	0.00166075076310817	0.00543941456735301	0.010171711787302
0.00104905240722517	0.00175582060281017	0.00432510666525751	0.937113385051875	0.0243819074672486	0.0207234005272124	0.000278271237765128	0.0100688673226442	0.000304188717961454
0.000119611971009275	0.00265966639189894	0.0056003667122714	0.922328550482442	0.0251116684195455	0.017360582591351	0.000265364299886095	0.00899117601581243	0.0175630131157834
5.59925842042746e-05	0.0231409020519942	0.0023704159290953	0.924574784608761	0.0218817606143396	0.00721769216768383	0.000974950444505475	0.00123959791523178	0.0185439036841846
0.00384757674541786	0.000743359061715366	0.00683406062281525	0.917412231338696	0.0377247630042578	0.0220377496090973	0.00010673784760954	0.0108527529690204	0.000440768801370331
9.11829201473352e-05	0.0118282375133617	0.00508888640821536	0.935979867675883	0.0128511480673192	0.0174109830632078	1.86129047388886e-05	0.0133583873341778	0.00337269411294843
0.00159721584843596	0.0099133783870862	0.0064975666469647	0.943220835437248	0.0217274563276797	0.0122358104729309	0.000402122336392156	0.00423064368484801	0.000174970858414128
0.000182109634224269	0.0128317033537051	0.0129083216700999	0.925469569386175	0.018386358999881	0.0204126325158989	0.00095881315664108	0.00523959538861453	0.0036108958947598
5.10114353689085e-05	0.0421217475034561	0.00752743825603249	0.923410534432684	0.0203096566932788	0.00133359881774389	0.00192992009473483	0.0027073911236733	0.000608701643028063
4.28161994588527e-05	0.000236238753672111	0.00851639609858693	0.943264692305884	0.0215850707490477	0.0112058995608018	0.000133061874176242	0.0143251220485559	0.000690702409816249
0.00578345259692477	0.00554262201874261	0.00486800791535575	0.924635905356419	0.0397440118662707	0.00708806050162891	0.000289576165683224	0.0110358265149301	0.00101253706404427
0.00304651078563884	0.00216923585286825	0.00754807671137714	0.940090534129102	0.0371477752557052	0.00549687714121474	0.000100823279869044	0.00304809713331493	0.00135206971090983
0.000164797724776465	0.000562121804541462	0.0104160146559225	0.936327844323305	0.0166612341106911	0.0196228541379603	0.0008384171714923	0.0107773556134833	0.00462936045782702
0.00176656003653832	0.00783735117194735	0.00310127600036173	0.943991597594187	0.0135094216482181	0.0226407466950837	0.000595192843223368	0.00598471325572474	0.000573140754715531
0.000121397686429627	0.0314969769720466	0.00547998514909091	0.937519883638723	0.0109344974681833	0.00456686005000099	5.33454381981183e-05	0.00854556973766096	0.00128148385966686
0.00632455097233199	0.0211433804566738	0.00635580873183532	0.937772828205918	0.0146511414636888	0.0107982559471768	0.000734591220691312	0.00199425947089415	0.000225183530789705
6.69256135008976e-05	0.0014418262458462	0.00649507404184613	0.941735914436231	0.016917769723745	0.0322290568773907	1.17196043838678e-05	0.000543319638291225	0.000558393818765088
5.18870058028287e-05	0.00196166167656195	0.00593997195954392	0.932760827263687	0.02533840455873	0.0235620217363228	0.000530093193460799	0.00927530353179453	0.00057982907409555
0.00633570347376979	0.0168416460713625	0.00436620135642941	0.936324828637181	0.0225988815649156	0.00703462051489696	0.000495883968290925	0.0044422124866503	0.00156002192650315
0.011478821280668	0.0166001505527881	0.00555689917120778	0.936593724523906	0.0157063231253273	0.0127817597106888	0.000598457938048313	0.000638673448936094	4.51902484300428e-05
0.000136315323364727	0.0119659841631156	0.00640519760305462	0.937112424082594	0.0219982897155965	0.0193307522424822	0.00108601570982006	0.00181103763478141	0.000153983525191215
0.00114319662989081	0.000244478393051683	0.00505563912148801	0.934320285390888	0.0294439016182976	0.0237267266982036	0.000426755465687373	0.00228345650614887	0.00335556017634447
0.000158180347709669	0.0113835178498876	0.00824831258033072	0.929481755913847	0.0256891227060057	0.024016761613297	0.000323532822807641	0.000565362369941305	0.000133453796173847
0.000269379182945762	0.0066858837349552	0.00500328259560496	0.929365952560941	0.0319131082434654	0.0139521245398228	0.000117717553010218	0.00709319540144965	0.00559935618780493
3.41598247954211e-05	0.00117670316237087	0.0125520531360321	0.947516868722162	0.0153106023861385	0.0139167651316058	1.5791997580366e-05	0.00890361373428418	0.000573441905030964
0.00109883171845847	0.00690050834279183	0.0110350135979358	0.933329525297847	0.0193956677064403	0.00522796064519424	0.0011480104870202	0.0197175905925182	0.00214689161179421
0.000392318049630897	0.000213632184545468	0.00804353363350613	0.92884170951353	0.0310088914954031	0.0277157356260847	4.32578604379741e-05	0.000359977673588488	0.00338094396327286
0.00900891701927142	0.0312380465142142	0.0740215040609218	0.796384268080938	0.0320465188845176	0.0021998339462655	0.024777564475635	0.00243681934300115	0.0278865276752358
0.000293227873770996	0.000823339939577542	0.00814476058293691	0.938487267053361	0.0347011691530454	0.00279846095302942	2.62803985509301e-06	0.0146185449098118	0.000130601494612298
0.00947936989883748	0.0189918250474428	0.00770024638123981	0.930327366756913	0.0182903317264989	0.00332054288721683	1.43569990150305e-05	0.0117766078394377	9.93524633991012e-05
0.00140971041357569	0.026025408949207	0.00659266840156931	0.939348207262307	0.0109707206064567	0.0102303237216196	3.97054752168026e-05	0.00335245617840235	0.00203079899164618
0.000707502604185703	0.000415438022401591	0.0176076587845344	0.928312662456652	0.0225831194217447	0.00255348464427185	0.000764033230365082	0.0268973933603527	0.000158707475491686
0.00385723037880342	0.0216841884405731	0.0034758777362908	0.929687986315988	0.0258903063815611	0.00642396447183575	0.000579914360976914	0.00056628642018896	0.00783424549378186
0.00130904657615628	0.000163249249621364	0.00254022607708389	0.949750583779467	0.0265112490502575	0.0136484531286276	0.000293248125561057	0.00563858823464242	0.000145355778582394
0.000108215532664565	0.0286473317298333	0.00252807799086985	0.93583753587616	0.02630074565561	0.00217977607517463	0.000967711339505117	0.00035838919255483	0.0030722166076277
0.0040381633246331	0.00770627403385656	0.00431411499458681	0.922658392081195	0.0331607172154622	0.0160613514340751	0.00144011295276758	0.0103227815134076	0.000298092450016175
6.57450564821465e-05	0.0074485778632013	0.00400777748061614	0.937554337850078	0.0161650582381567	0.0299218122986447	0.00132578688451555	0.000552413762816818	0.00295849056548875
8.94439560239515e-05	0.00402477258170068	0.00414069298453021	0.944157324942506	0.0228954187878162	0.0176724948071024	0.000939140908450753	0.00576784417015564	0.000312866861713949
0.00224420493410895	0.00912397837082438	0.00469900661529969	0.940078887400433	0.0275821815596325	0.0158901935512569	6.22356019873854e-05	0.000278587769637279	4.07241968202909e-05
0.00167027955256955	0.0142672079237304	0.0051719453190463	0.94444089452297	0.0146082969074312	0.0137497309530925	4.87893004024207e-05	0.00273669591738753	0.00330615960336989
0.000256161645193932	0.000663015307543717	0.0043901320016853	0.944422006437353	0.0149765134754911	0.0118590944454863	0.000273756058766746	0.0231300941014026	2.92265270774641e-05
0.000153017465627321	0.00792474063111336	0.00352590219119115	0.943357753213085	0.00977762757023499	0.0292064633065434	5.6632272079082e-06	0.00264667749173044	0.00340215490326618
0.00277964747411595	0.00576426910664802	0.00282144433677886	0.939392619406983	0.0168846404235221	0.0193400616478553	0.000567890272905903	0.0124203593023394	2.90680288515894e-05
8.724289623642e-05	0.00436832218959487	0.00595552136375367	0.948348218695899	0.0176049353583486	0.0176792196512065	0.000257354372442656	0.0055479536171898	0.000151231855328842
0.00141338817045808	0.000469071337523362	0.00674173215172333	0.945511893246517	0.0181653372189935	0.0171109948270791	7.88562878496613e-05	0.0104369141089458	7.18126509096733e-05
0.000574686620723329	0.00806391904353889	0.00930129378178283	0.941586300610512	0.0175894651531746	0.00180225227559737	0.000429745619588841	0.0203467751091936	0.000305561785888923
0.000527020925264467	0.00946466469861835	0.0073181996865619	0.928295491208468	0.0455272751173553	0.00255625386630459	0.00012076215343678	0.00590556351711916	0.000284768826871243
0.00162052672522836	0.000272448640069082	0.00416930954146806	0.937742164127424	0.0349209513330242	0.0134442256593011	2.38021959971384e-05	0.00683080423788406	0.000975767539604623
0.000708483449328685	0.0227032079216458	0.00543329241512256	0.937289447741003	0.0237114536017731	0.00131247188252911	0.000382658927240618	0.00497655789111123	0.00348242617024621
2.30395724701504e-05	0.0235613511725048	0.0036577420298152	0.946910348015885	0.0196292483530417	0.000394591109206455	1.52015198218594e-05	0.00024694261327732	0.00556153561397802
0.000301349501684255	0.00843851967992735	0.0211604892524998	0.936916098548823	0.0149202388545617	0.00582241529682306	0.000622708065308988	0.00791669819129175	0.00390148260907961
4.29074294116831e-05	0.00187696593600685	0.00745287407047838	0.940889733581517	0.0234574750940769	0.00842584840582375	0.000206328548379989	0.0163216951883709	0.00132617174593455
3.47204700318147e-05	0.00116529365998137	0.00396033607833302	0.951581403435742	0.0164054031637914	0.0201683159141164	0.000747457302443014	0.00576978081340173	0.000167289162159598
0.000180679874558521	0.00626153600639817	0.00537088527675112	0.945429886184387	0.022110704795222	0.00904463100693228	0.000183353123015108	0.00486864002204126	0.00654968371069397
0.000404211716111775	0.0167203050656941	0.01193090916262	0.922368346085322	0.0278271857781255	0.00595037892106485	0.00214304491236083	0.0126026863252545	5.29320334470734e-05
6.60201379001888e-05	0.011284769248906	0.00314380443964866	0.953269580807791	0.0198258647021818	0.0113662884999512	0.000266684477618273	0.000413734149647091	0.000363253536356216
0.000425231268738825	0.0022302565960111	0.00439153845114584	0.931409268307988	0.0384113555944514	0.0178091443967295	0.000229745426129938	0.00506217795284627	3.12820059586441e-05
0.00350172498172619	0.000702473519397022	0.0265724794261383	0.892744419971132	0.0248024143328299	0.00029833292388623	0.00294804148481968	0.0473248170761696	0.00110529628390081
0.00221037466506197	0.00027087290805564	0.00391850137123074	0.936099725638496	0.0286079730105843	0.0101422650508978	8.23731698814986e-05	0.0118737616516089	0.00679415253418273
0.000463730302866388	0.0130236757429734	0.006121380378486	0.943749457500149	0.017049354712613	0.0149249823821859	0.000611783944232946	0.00066364496242644	0.00339199007406708
3.34097434592621e-05	0.000373498971658891	0.00223719520596332	0.942742272439583	0.0330206015886059	0.0155726398167185	0.000176931982820901	0.00582555073143336	1.78995197564867e-05
0.000996536523945967	0.00752550332834494	0.00512677885154997	0.932215732464147	0.032176973503616	0.0135497710665029	0.000324307678298492	0.00323104612779101	0.00485335045580358
0.000128525867202879	0.0182625267955509	0.00803808600830735	0.946218129382863	0.0184263219451672	0.00394476797251617	0.00033395620925828	0.00456405909461884	8.3626724515812e-05
0.000142998951106525	0.0287889928587085	0.00526123459832537	0.940990432529286	0.017484250828818	0.00463111138434751	0.000917978104603722	0.00052733195179995	0.00125566879300459
0.0142529663773083	0.0107947600177937	0.00779659068155134	0.936126690851476	0.0118658482318123	0.0167622751608579	0.00023759726550647	0.000321351770062263	0.00184191964363171
0.00325083659083701	0.0105375146017763	0.00536034824890805	0.935802337308415	0.0149423706373652	0.00408493597100723	0.0014888923147561	0.0147116363181463	0.00982112800878891
6.76787434028412e-05	0.000538795420882534	0.00513295362599954	0.942359135532645	0.021241423249516	0.00428193622280516	0.0012089302977492	0.0251168584988241	5.22884081758988e-05
0.000117174295594089	0.0120879429572323	0.0031490376912166	0.946578277745603	0.0183231509660094	0.0155027793928041	0.000664267282595969	0.00293347394415721	0.000643895724786984
0.000140353767913353	0.00813467634047334	0.00339895108496155	0.949195884941955	0.0157293712853071	0.0220779975095162	0.00020275008441787	0.000656061464654427	0.000463953520801437
0.00192676680662934	0.00314270467409839	0.00437551866055683	0.945008237114972	0.0211585907151505	0.0189466428026588	0.000491758234026781	0.00489884050336387	5.09404885440132e-05
0.000112127961214766	0.00157922507629064	0.00529205682915626	0.951756844367533	0.0173510426844323	0.0154265712971644	0.00076325470819057	0.00582912803563671	0.00188974904038129
0.00130792487891042	0.00657296385302769	0.00467805816762763	0.935545113086588	0.0277828151513413	0.019821340232957	0.000261452186095855	0.00287487516647183	0.00115545727698013
3.6597316394547e-05	0.00196038548169296	0.00555950049883911	0.931255340343044	0.0141170637964851	0.0438840270201321	0.000795230596737501	0.000362989264471968	0.00202886568220301
0.00104918908131463	0.000884612491118858	0.0038899435757167	0.94140992014342	0.0271768017912471	0.0171744620735429	0.000436624225975117	0.0069925231744805	0.00098592344318397
0.00453190926467884	0.000464914078573522	0.00673784751165672	0.938699014270343	0.0237635050532499	0.0142134234575598	0.000534596187094661	0.0105198548427658	0.000534935334078208
0.00296898023402698	0.00396537680870809	0.0139283865623495	0.930005755343387	0.0198610132177466	0.00739156891405155	0.00107545198147958	0.0207670100316666	3.64569065841745e-05
0.000811804829168356	0.021425352036943	0.00436532644586852	0.931335841733127	0.0210870074528548	0.0198635495239116	0.000332379239237602	0.000247447751768977	0.000531290987120429
0.00178943166574758	0.0223732001051024	0.00702710101560382	0.940352436337043	0.0151873561199573	0.00648496358221401	0.000888290950216469	0.00459798943337533	0.00129923079074056
0.00179181439729836	0.00920397584741074	0.00370567536953741	0.939765665366783	0.0207675317674119	0.0148082055790843	0.000445958966776438	0.00870600231217304	0.000805170393525141
0.0016373598809577	0.00501036361655126	0.00750715670060521	0.949004782505012	0.0193712373340611	0.00174743820521881	0.000301918662897775	0.0152290441645683	0.000190698930127865
1.96935442976898e-05	0.00543384661824811	0.0032266107841481	0.944097642974281	0.0181284769895898	0.0252156164193819	6.47219189771823e-06	0.00180741935506782	0.00206422112308829
0.00577523028944711	0.0012227249715031	0.0076564605951229	0.954129269376464	0.0159855887550693	0.00214248484890315	0.000174711685555984	0.0128638254304951	4.97040474391189e-05
0.000128034728844999	0.00082086337898184	0.0048297775716638	0.940595131110894	0.0257389676224926	0.0273074590927001	0.000131390883294628	0.000330115909029599	0.000118259702098775
3.36447112098914e-05	0.00268495456716883	0.00328559337865353	0.935896838618697	0.0205793141821017	0.0176625212499462	5.65554472770833e-05	0.00776801038807248	0.0120325674568733
0.0031571471011683	0.00478658775736064	0.00469228875384774	0.953773809173825	0.017238552267172	0.0128037619351674	0.000324224314864607	0.000471289225377817	0.00275233947121596
3.29714583593274e-05	0.000592660268394795	0.0135005283838042	0.941498081913307	0.0136920236628558	0.00631920553276376	0.00148887208973208	0.0228419636836008	3.36930071817273e-05
4.79048316887507e-05	0.00051727333559183	0.00391674429781117	0.930354150087339	0.0281862860011964	0.0308069517831478	0.000854157191257982	0.0052158119653893	0.000100720506577984
0.000648931861500298	0.0181009533010497	0.00281579915275502	0.941265416764871	0.0244098019405267	0.0112581682530755	0.000453115393667276	0.000497532940783361	0.000550280391771424
0.000109466089285312	0.000335282721931911	0.00893660135948646	0.933758242081406	0.0311513388425831	0.0200771758022836	0.00029177959633498	0.00365579390050254	0.00168431960618646
0.00105693582954848	0.0197343910584928	0.00628111941630461	0.955012328361664	0.0147626592976484	0.00191160476858652	5.07982926571464e-05	0.00113027626280747	5.98867122907179e-05
0.00511026076823483	0.00824137584953364	0.00405689675999588	0.939494801311838	0.0228845665178123	0.0156647582530714	0.000206939716699394	0.00151099912559398	0.00282940169722017
0.000864412082073505	0.00034550846694987	0.00483831673713056	0.93979724984881	0.0328408159489327	0.0195255327131367	1.94385768308935e-05	0.00175371932107347	1.50063050625744e-05
0.000123183408882496	0.00797947578928073	0.00616414251139789	0.949278189818416	0.0172823774897916	0.00477862020389157	0.000529091200853838	0.00980742009451937	0.00405749948296605
0.000212859887794993	0.0229656062460295	0.00601192644363437	0.928584957677597	0.029175390200142	0.00665797201367331	0.00102185973989598	0.00400832025618377	0.00136110753504942
0.00378401799712461	0.0242869460389862	0.00490642081195008	0.936124029679854	0.0253408503400827	0.00302425779649398	0.000555882855653212	0.000806145059752616	0.0011714494201028
0.00270969037922494	0.0016591564498117	0.00535999408080344	0.937869671582872	0.0239247579497199	0.0219999048679172	0.000313676229170454	0.00586315135714835	0.000299997103332037
0.00693386874760465	0.0229800283076396	0.0060967880652907	0.949258658792953	0.0102577748298055	0.00120187583244077	0.000557521267650034	0.00266987847750801	4.36056791081585e-05
0.000163247639361402	0.00462308782662786	0.00811719424889132	0.940972523717679	0.0191167153235623	0.0257243131408695	3.80776948630393e-05	0.0011770653157681	6.77750923774541e-05
0.000543848422548215	0.00801752806194758	0.00544503351607255	0.937707575799593	0.0195856478049035	0.0083895894417382	0.00141835717476723	0.0185308479898392	0.000361571788590652
0.000508859492608968	0.0011575593037103	0.00342974319320881	0.94584398192768	0.027594818887275	0.00952614521256494	0.000149227962072427	0.0116098953835502	0.000179768637328981
0.0301155246461828	0.0215983112212941	0.0231722436160445	0.763355173980274	0.0338414011071357	5.68102812059066e-05	0.0380898312074281	0.0723496884483869	0.0174210154920476
6.98098179590278e-05	0.00712558939883797	0.00869161609860507	0.938502077409701	0.0219397949706104	0.0201807210163497	0.00159048817085149	0.000601380011647149	0.00129852310543798
1.04844499734061e-05	0.00226676174661312	0.00654849354340014	0.940676470150186	0.0301775485615881	0.019639463114345	0.000168044139191755	0.000329284322478434	0.000183449972224096
1.58898478695225e-05	0.011918302530451	0.0130826190133683	0.93956366146206	0.0147614332179501	0.0101992574404037	0.000742077632180724	0.00967928095199813	3.74779037183028e-05
0.00226440814427668	0.0316810513518475	0.00608114466937508	0.921249870168323	0.0266113578552227	0.00120720960354817	0.000560756766133818	0.000461879661916263	0.00988232177935666
2.00881450947188e-05	0.00980339205859746	0.00593468667353085	0.950544081861636	0.0219332409574603	0.00420935686327053	6.92099892707669e-06	0.00725816765123539	0.00029006479024772
0.00432546047926343	0.0133700802206762	0.0200332505120037	0.907868142262525	0.0231110019730702	0.000719806882548402	0.00326286313041288	0.0268061500450851	0.000503244494415003
0.000235076553335759	0.0105826321449174	0.00405500181503979	0.946090018416487	0.0216877159634194	0.00518956755286816	0.000184020280045983	0.0110710466303199	0.000904920643567208
0.000945325203548832	0.018299805250016	0.00148305188253069	0.940726062654399	0.0174430598986395	0.0125439864360386	0.00193983652938652	0.00594168650194438	0.000677185643496846
0.00145943428065314	0.0324691848638495	0.0147456361287336	0.898133393357302	0.0277270510560732	0.000330737393129255	0.00733009959695108	0.0170694571571654	0.000735006166142343
0.000548769711915234	0.00616267281912785	0.0188216052518193	0.936187487282889	0.0138178550475271	0.00398531788801825	0.000382951718084997	0.0178413167901762	0.00225202349044179
0.00234237151684203	0.0106595959202221	0.00534338532240423	0.944844391837679	0.0235310942189538	0.00219333022365917	0.000301988520138475	0.00779558669171216	0.00298825574838895
4.947934351174e-05	0.00602872160583076	0.00315271928603074	0.938597839300733	0.0277916872992536	0.0234302939284268	0.000454314734525332	0.000408243892302339	8.67006093861073e-05
3.94791954224008e-05	0.00142832717111205	0.00901290839788335	0.941275319660337	0.0222492191373374	0.015901782822346	0.000158154327355774	0.00989530218715587	3.9507101050494e-05
0.00422560437799032	0.000488399355575718	0.00461974698153782	0.935821848950405	0.0213956878141232	0.0237508156728561	0.000485047369685966	0.00217527502373168	0.0070375744540939
0.000770690388003428	0.00588721738744517	0.00619955409804714	0.939219948622712	0.0213656549949291	0.0256225480688221	0.000543910892242138	0.000337402448251858	5.30730995470775e-05
7.28088965693353e-05	0.00500569671137892	0.0057904103382297	0.94062564001259	0.019582154749965	0.0144543013901653	0.000923623201843318	0.01160076295084	0.00194460174841794
0.0195130372512703	0.0115505143723265	0.00537228004225941	0.928361395332765	0.0153649256923682	0.0172707972087712	1.86977265316218e-05	0.000830418857304062	0.00171793351640372
0.000283837229931669	0.00382065809027855	0.0049509559793759	0.93746663684293	0.0229753340817354	0.0152606556205241	1.93834100528661e-05	0.0151914232230046	3.11155221672511e-05
0.000121966294673397	0.00333921381983582	0.00569941479080773	0.94350445710165	0.0193308748386729	0.00849791126370574	0.000246914143819381	0.0188572483633217	0.000401999383513403
0.00965198997817926	0.0195020659903535	0.00592120965108943	0.929406401069129	0.027130005236534	0.00696813527778099	7.57906719087296e-05	0.0011955045740476	0.000148897550977365
0.000392673441444161	0.000747945374658002	0.00993564938989696	0.939936614559706	0.0176762622313199	0.0201100739572799	0.000716512810580072	0.0104683129748246	1.59552602906295e-05
7.92775472638661e-05	0.00135849290256051	0.00866634373351949	0.952869968251331	0.0163904689035629	0.0167926891667424	0.000709779249363949	0.00283012084612129	0.000302859399535115
0.00108162750084908	0.010325632442693	0.00479843475978493	0.947885934286202	0.0230927855173375	0.0124271234914245	3.04362299691694e-06	0.000337682687052272	4.77356916598267e-05
4.47635986897389e-05	0.0162109052391734	0.00312395025315847	0.941335641107491	0.0209726531235276	0.016638394048673	0.000567112571630897	0.000595038439305994	0.000511541618349529
0.000111693913354361	0.00186500840102124	0.00749285674826963	0.943104578309785	0.0238934199774887	0.00876312762627723	0.000701003072378138	0.0136386644822186	0.0004296474692071
0.000144373216736954	0.000288566271701804	0.00659576948761057	0.939237287558099	0.0225121782928685	0.0183746606554275	7.65058600608982e-05	0.0123541552689365	0.00041650338855883
0.00339097225108314	0.0190582174675776	0.00441942322640733	0.928478852713345	0.0230496438146293	0.0160574343000923	0.000339697914397097	0.0020330941271884	0.00317266418528004
0.0111534630251156	0.0192856041820244	0.00669918464977913	0.941924732653757	0.0117447145789052	0.00852034638764605	7.71428606637689e-05	0.000419062052391181	0.000175749609717789
0.000988893054114917	0.000920751391503663	0.00530356784880479	0.93504645358092	0.0291828397612113	0.0160997663082644	0.00114843699444767	0.011224208995798	8.50820649354284e-05
0.00089848154414557	0.00302245693928137	0.00898991664975198	0.927131887213425	0.031646251123366	0.0159329221798621	0.00153051584778679	0.00335500511819554	0.00749256338418542
0.000657292795342716	0.0124269992772725	0.0054157368680302	0.943390302878887	0.0157196258733884	0.00258452799289955	0.000619660568878267	0.0151726545839262	0.00401319916137545
3.57556469672858e-05	0.00118487751214691	0.00806733540892445	0.931956811070422	0.0252634920305306	0.0325950873685073	0.000208260052947415	0.000150034429746524	0.000538346479807267
0.00396404444295822	0.00245209858286587	0.00421306751442449	0.936903007128639	0.0196744888573781	0.0290774541638899	0.000735586943057959	0.00282827073945323	0.000151981627333164
0.000805583828641759	0.000306848861367406	0.00468770862714381	0.949635044642771	0.0200954547995091	0.0236638169941388	2.20768830285284e-05	0.000757686749967619	2.57786134318342e-05
0.000276982829264562	0.00428916369484731	0.00782063574385007	0.939350178575622	0.0313051383183655	0.00298371197013797	7.0533810035081e-05	0.0137721512773319	0.000131503780546023
0.00778284813140897	0.0250137539295219	0.00259266381015227	0.928483497258019	0.0281475182531597	0.0016236870283163	0.00133034732408015	0.00477319806635698	0.000252486198984976
0.00282703192831084	0.000192513558855905	0.00831086896096626	0.933521383037609	0.0173271655904728	0.0343021838856301	0.000181042632307266	0.0012291316122583	0.00210867879358976
0.00017267626245297	0.00334376835618394	0.00325298836802689	0.944548294974279	0.0174113799287162	0.0261780439216264	0.000495903369639862	0.00300237307370816	0.00159457174536625
0.00491176489115209	0.00755845849119401	0.00710588201687603	0.935204628593199	0.0244203726745122	0.0188895610093571	0.000402567106855157	0.000573078603527272	0.000933686613327087
4.98487360428126e-05	0.0139019973644054	0.00778314660198651	0.958989072725392	0.0140548864958058	0.0018483251230195	0.000180002032551433	0.00307628099877206	0.000116439922024839
0.00154265395921399	0.00914728394718502	0.00460688681332492	0.947607838638226	0.0249124336988827	0.00809586059411615	0.000275701971131085	0.00349166604887615	0.000319674329044565
0.00350732674939382	0.000251211284969365	0.00315611583084159	0.936776177303489	0.0271356096925579	0.015360648128458	0.000934622938219949	0.011416866964376	0.00146142110769413
2.15653059628755e-05	0.00026997117386205	0.00490314121197364	0.93673469393351	0.0308472104385263	0.0178599038403819	4.94450817343483e-05	0.00161428223245366	0.00769978678159493
0.000541462627512797	0.0289960955033612	0.00422023904889651	0.936871436378898	0.0153547111761972	0.0111903894274749	0.00100666398501752	0.000761985401567038	0.00105701645107462
5.68190880630798e-05	0.00544761333689922	0.00443066725216892	0.960924766158485	0.00860249999874263	0.0149338325645152	7.50811528333988e-05	0.00526754134169981	0.000261179106592996
0.000426058106605409	0.00120298013203126	0.00561393233300192	0.940610459661239	0.0207079835883313	0.0240100803232559	0.000431406243385385	0.00617351768726107	0.000823581924888736
7.8784016073127e-05	0.000603692354864409	0.00216394207644377	0.935233541779549	0.0229189878291884	0.0350069099608255	0.000681539679606368	0.000408398150714577	0.00290420415273495
4.46326680821907e-05	0.0161668446869605	0.00441160123617588	0.96054636312724	0.0145094752658488	0.00250626188984957	1.24761794313574e-05	0.00169344057916744	0.000108904367244409
6.98627298027933e-05	0.00122714971221315	0.0186967451954794	0.928282265855814	0.0118035653445098	0.000691875826780367	0.000776717992016618	0.0368500723460958	0.00160174499728839
0.000594348398736976	0.00190124490838122	0.00394902789196527	0.933730605751076	0.0206454597888952	0.00800878069954124	0.00058239018408671	0.0156093419005642	0.0149788004767533
0.000572216387786574	0.00508103844302132	0.003943797410561	0.938266283986777	0.0335818199598061	0.0148669870534134	0.00093671463979202	0.00174661752998943	0.00100452458885342
5.65102623900124e-05	0.00848150532905976	0.00817356938033903	0.940568001690265	0.0165662673776412	0.0175051718829909	0.000204245641691198	0.00348849614571195	0.00495623228991116
4.48622525960864e-05	0.000764952308389362	0.00860709583999108	0.947460735533012	0.0218339743481139	0.0187862085731984	0.000659422300622064	0.00170742365419495	0.000135325189881675
5.10533477110967e-05	0.0249153189254468	0.0093711505385016	0.938362402212653	0.0173622450254099	0.000800139792112859	0.00348425144488034	0.00235850440769977	0.00329493430558449
0.00604964926692122	0.0163230782870539	0.00186562092457936	0.943516024003436	0.0200967912786082	0.00343163159360167	4.87188323289874e-06	0.00623468873369252	0.00247764402887349
0.000939752598257651	0.000229848872350936	0.00925636963109672	0.928997409513344	0.0378524406114799	0.0217316629344227	0.000409493534754647	0.000539672032321688	4.33502719721581e-05
0.0045375827005556	0.000707819374495531	0.00685964737974015	0.937236610192276	0.0288631241787386	0.0185722350788991	0.000542758336997155	0.00225757391187791	0.000422648846419936
0.00254452471684623	0.00059177527200423	0.0042462169855308	0.937360842650814	0.0248646268021189	0.0253789754971606	9.79317395850367e-05	0.00437577243401611	0.000539333901923652
0.0107978113659569	0.00808864057569789	0.00878001854891214	0.932311898237137	0.0212394057640714	0.0112326467972244	0.000687262983350932	0.0066399949846651	0.000222320742984609
6.25939644813118e-05	0.0184252559939736	0.00572225591471649	0.935555760950115	0.0248425709151459	0.00700731190982233	0.000724193000186049	0.00738160989166273	0.000278447459896251
0.000103944430198743	0.0054761981007387	0.00402428862668711	0.932943416896971	0.0206527978797914	0.0340773455284574	0.000383496055776361	0.00153162179039836	0.000806890690980713
0.000202576963032014	0.000569292449324199	0.00551237324377766	0.943371145942107	0.0197204086952474	0.0215553161467062	0.0002538541668837	0.00867128639822132	0.000143745994700285
0.000462207859052318	0.0146080243957817	0.00322345542336955	0.947281588730041	0.0124668470189406	0.0191656078173812	0.00132262256044527	0.00123761850794154	0.00023202768704675
0.00297578113420686	0.00461100825736552	0.00712155607911138	0.932332316516784	0.0239409066355557	0.0202965369539426	0.00202048605936466	0.00361568301628015	0.00308572534738885
0.000226102960421274	0.00062754181514347	0.0117749027815582	0.927202264580208	0.0150497729405003	0.0242969814984503	0.00109333996307129	0.0129520634767131	0.00677702998393391
0.00203382338038404	0.000741111901129051	0.00388754410288327	0.943970461051197	0.0223698809259731	0.0257516935205655	0.000306339499498357	0.000305091392261994	0.000634054226107735
0.000256374716822772	0.00164434774814249	0.0110311798568827	0.920236702397788	0.0275106260001203	0.00837341405471123	0.00391571982889773	0.0269207999429523	0.000110835453682628
