Basophils	Bcells	CapsularFibroblasts	cDC1s	cDC2s	CentralVeinEndothelialcells	Cholangiocytes	Fibroblasts	Hepatocytes	HsPCs	ILC1s	Kupffercells	LSECs	LymphaticEndothelialcells	Mesothelialcells	MigcDCs	MonocytesMonocytederivedcells	Neutrophils	NKcells	pDCs	PortalVeinEndothelialcells	Stellatecells	Tcells
6.80340974202242e-05	0.00268549061112158	4.24915825612819e-05	0.00596622165729851	0.000265782579314963	0.00230381705345768	0.0400699318156968	0.000774908233152061	0.767118352270627	5.51203373921418e-05	0.00228319676164712	0.0619517664269014	0.0134100479420565	2.4481688759431e-05	0.000770215741839375	0.00321672378103854	0.0330486158679133	0.022949765972316	0.0019466887297305	0.000543620996255112	0.00272934892835033	0.0107616334982682	0.0270137434268815
0.000143171123495588	0.000228677865749042	2.15389078731622e-05	0.00323073124381819	0.000691372998712014	0.0300375226086493	0.0374092776407893	6.02221546610629e-05	0.847429527061952	2.43494834801391e-05	0.00106646582139012	0.034554045090977	0.00402436710488697	2.21203032189433e-05	0.000447067304439777	0.00174101998732933	0.00923506170831746	0.000350731382189976	0.00540081447534563	0.00352848515184904	0.000523527866573167	0.0156499685990595	0.00417993411524366
3.08178631007242e-05	0.00198200997846708	3.42315841933923e-05	0.00844385800164401	0.0022523095830451	0.027951365458701	0.0472884895247494	0.00175485464814501	0.846121751317831	0.000107775923243438	0.000352451116685495	0.0437589170103785	0.000550389085485132	1.13185701454266e-05	2.03636841909366e-05	0.000162809200877286	0.00966661190473742	0.000105123195421641	0.000273046042013675	0.000313884887467478	0.000152427899616322	0.00748721875922652	0.00117797476063357
0.000706348409678779	0.000262898706533994	0.000164716734922761	0.00105882444580282	0.0053406897593773	0.0111961184511914	0.0474449538874832	7.11117280990374e-05	0.840618848124189	2.5128618762563e-05	0.00749362028301225	0.0273675707510267	0.00445582364738006	2.76332834119432e-05	0.000335393652463849	0.000396091860271684	0.000541854070421766	0.00278502593529003	0.00129360208190573	0.00157198572891767	0.0235848551924683	0.0220190924527952	0.00123781219459366
2.73642405988915e-05	0.000517026212924613	0.000125063156117951	0.00867893517132724	0.000537196169168921	0.043798889954399	0.0445973943594358	0.00138732492269556	0.819346888615719	0.000900019517988058	0.000370035351661858	0.0531538544783121	0.000837353182252639	1.81542768085786e-05	9.51739924567836e-05	0.0036207944203138	0.00409172003455277	0.000265790741387036	0.000406391746444177	7.54466923388051e-05	0.0024130408731633	0.014037034887642	0.000699107002291091
9.86202561205251e-05	0.000213228618820362	4.06821425919673e-05	0.00281527284459432	0.000639152113826205	0.000992012156924039	0.0419583535516491	0.000418508250402512	0.853398791909629	2.00752385691398e-05	0.000522410913526992	0.0425954540770009	0.0197176098679226	1.47020987717464e-05	0.0014845741728328	6.94581972742263e-05	0.000715362395900159	0.000487077439762657	0.000278731584950256	0.00373898843241589	0.00309790445676271	0.00719991444114292	0.0194831148386088
0.00130719536834291	0.00319180949392232	2.4234494049516e-05	0.00550427527370298	0.00073297702211495	0.0208260420848085	0.0515613123528884	3.88373943246691e-05	0.845290673767104	6.11818399284392e-05	0.000438321369989364	0.0285214587373023	0.00288679188575213	1.99612348452878e-05	6.47584712758059e-05	0.00037784730881964	0.0017327708758619	0.000526408576500135	0.000784796220441234	0.00277805010431247	0.00258882727277928	0.0171778571120326	0.0135636117389014
0.000384242047753127	0.000468896332792063	2.7653368743205e-05	0.00893813187971207	0.000652776693313986	0.0165994095678189	0.0478170403215646	0.00157947761291312	0.844478888831393	0.000236613106420748	0.000344726561904787	0.0396649742575516	0.0202292391326891	0.000174550168198311	4.40117446757951e-05	0.000523606067455584	0.000265075761273269	0.00264639280192461	0.000249549819422981	0.00254316082144177	0.00117242435483308	0.0103637656236909	0.000595393122513257
0.000202395840007877	0.000297720617711453	7.4207834684732e-05	0.00139462111663885	0.00513236193533331	0.0342249103382698	0.0511888003054326	0.0039511233896851	0.861409120148008	9.20672832586824e-05	0.000770441414355429	0.0140522218811991	0.00350272183269075	8.43634588545014e-05	3.44348556023287e-05	0.000635350502265219	0.0035862533086675	0.000183893421156561	0.00109707207416388	0.00285253821379915	0.00723821271065011	0.00528804010125495	0.00270712741630955
0.00135756619567159	0.000230159771369088	0.00215527656564196	0.00134220731736279	0.000153542509888346	0.00417145728441143	0.0547763304281445	0.00107044419635759	0.831501742338757	0.00146156098069746	0.00045708907871444	0.0416441518449234	0.0124080374316797	0.000209505321442327	0.000523414441524829	0.00197307985571932	0.00766483920007607	0.00275454780848344	0.000489930154459719	0.00370402359902717	0.014564289812304	0.0143467258006906	0.00104007806265341
0.000942374457536708	0.000158344674530271	0.000112707572138346	0.00839194212738971	0.000276735026953789	0.0393445362343453	0.0535584714901266	0.0114110789286269	0.826571173552816	0.00179189828547096	0.000499473061391783	0.0308569741345701	0.0036235049205195	9.62185576182624e-05	0.00243422171678261	3.5757189996434e-05	5.3713648215709e-05	6.93298909106671e-05	0.000619318706156322	0.00424093043248434	0.00201512308126151	0.012454987367865	0.000441184942292586
4.48480138968152e-05	0.000730697085060087	2.41549202582632e-05	0.0090670132471504	0.000478604794068354	0.0376273490331537	0.0559750130559249	0.00465239147877125	0.825796783617167	5.53718802409574e-05	0.00110304467491126	0.0238560024887047	0.0100081271853295	0.000608923361117258	4.81667711039252e-05	0.000897967651175244	8.48944698877927e-05	0.000371517678744436	0.00135075732344873	0.0040326660419476	0.00433307068218918	0.0143240041799051	0.00452863036584389
8.7290156112285e-05	0.0022509553505043	6.86104467592876e-05	0.00941737968622897	0.000302002977033648	0.0295594733348215	0.0506380857451591	0.000405763176087916	0.84990158297093	0.000230310205048952	0.000337952089241344	0.0158817614863114	0.00613513345382686	0.000453600490651741	9.31084016214794e-05	0.00255261731193838	0.000405295794610937	0.00367258648479766	0.000526798178126922	0.000175963126267185	0.00070977266705934	0.0121717570150141	0.0140221994518471
0.000594523387509088	0.00427856471314387	0.000216792183218566	0.00348355927118551	0.0205823697206397	0.00341417594404278	0.0392706360787481	1.46441186939686e-05	0.845653165154964	5.16182591549971e-05	0.000297851129737428	0.0412007930127934	0.0244318276959991	3.77900066395713e-05	6.95402304066173e-05	0.000240330267912559	0.00508774085381247	0.000350065540351895	0.000650009531017526	0.000280630551690397	0.000557923202525085	0.00372006919801022	0.00551537994780328
7.33329052628719e-05	0.00767768056271325	2.37622662296937e-05	0.0129371499052985	0.00230051040637433	0.000610222057562673	0.0528016419870383	2.8575003642884e-05	0.83758696759178	2.61776126615286e-05	0.00232481980070449	0.0275615130898751	0.0273125602637406	5.24201591927887e-05	9.3464016492892e-05	9.28534556322181e-05	0.00646694218268322	0.0021808303172322	0.000369282146818846	0.000276501926364799	0.00224474671036497	0.0128868754583349	0.00407117017399847
3.69776867737794e-05	0.000401864214851255	2.10806825378441e-05	0.00961938216579535	0.00401924663782211	0.00154095154472127	0.0518457305539121	0.00166757436640652	0.824003165166857	2.60175241630469e-05	0.000228995296773308	0.0313470176618132	0.0174135482350182	4.20119109336671e-05	0.00016576434640926	0.000129913089847126	0.00769582262393825	0.000152650403102784	0.000230909179079622	0.000159065803934905	0.00113290621351027	0.0116092381195231	0.0365101665722759
0.000530844834016006	0.000241175993648605	1.707925332104e-05	0.0010984281101836	0.0023085803066195	0.0037461709857762	0.0434662283131013	0.0013129018956871	0.843371364843939	0.00154106222429265	0.000645310490803732	0.0536277288111676	0.0283089284071639	0.000123427240830001	8.31593612620373e-05	5.85479495394719e-05	0.0126749253845063	0.000170173543558574	0.000382662992893382	0.000943507630575992	0.000755638320741399	0.00380078240103136	0.000791370705341885
0.000675337789968024	0.000562344077636696	9.3369091120316e-05	0.00543271595102911	0.000750767741148724	0.0112016721381095	0.0490623838195371	0.00158878988932615	0.847014681743746	0.00192708929693175	0.000675310769990498	0.0421032191062033	0.00958203662391417	2.37948054371813e-05	0.000144862923272226	0.000717639330999365	0.00678431626284128	0.00245359052570205	0.000554498829916304	0.000511181850035363	0.00255699391394717	0.0150239167267094	0.000559486792478836
6.96579341351617e-05	0.0186173185190508	7.46884832911174e-05	0.000169904250564261	0.00442146369394255	0.00468774630787462	0.0390071091864987	1.73227312569349e-05	0.821289703152407	6.39609305609217e-05	0.0020779958215173	0.0499478800156693	0.0107233676753461	1.82194041360171e-05	0.000159506742980204	0.00186465660126449	0.0140112939221599	0.000328154095943263	0.000219983614338143	0.001662156451737	0.0263597612796215	0.002759888899228	0.00144826028647651
0.000549983013798646	0.000315630625221323	1.85646045177653e-05	0.016050145545897	0.000599413942385698	0.00810499420317031	0.0505368334141046	0.000280697895422998	0.826027494622132	0.000430583720877608	0.000238678209884459	0.0201485969336886	0.00907088484700814	9.5140298501852e-05	0.000565315129879528	0.000102247446269797	0.000178522632900554	0.000322848259623066	0.000274059245911751	0.000113702078663305	0.00929849540411946	0.0134165966932552	0.0432605712327662
0.000323689524633431	0.003065402857721	0.000161186435985605	0.0159485631179024	0.000311016139157748	0.0240014711932245	0.0425967144834118	0.00544793294124467	0.844404443155559	0.000650696790908691	0.000191016365532086	0.0309244742737223	0.0104220970359144	4.14022619978707e-05	5.59127967276645e-05	0.000135054008908789	0.000787480271044142	0.000190899790116297	0.000469023705598048	0.000113841292408718	0.000816598465167748	0.00561158268524897	0.0133295004078639
4.47126867466685e-05	0.000386405505105869	0.000202112704712468	0.00753702336150609	0.0206931339305958	0.0018393453617242	0.0400172646371765	0.000501902138320522	0.828646363613608	3.79683532076845e-05	0.000325593720575126	0.037132304911485	0.0252289288946522	5.22290753715691e-05	0.000363030649421175	0.000427388449486162	0.00171334287333359	0.00017700492217105	0.000333832575183205	0.000113593808871824	0.00271579860263623	0.0201675346805707	0.011343184543538
2.21264922871178e-05	0.00296935586093997	8.8379112963786e-06	0.000569134295150907	0.0249499254371268	0.0219367572855418	0.0371977969606567	0.000600125570201628	0.840422238157268	0.000986125350655375	0.000602959551320072	0.0322951312447713	0.0163241001152283	7.84721164146856e-06	4.18913552669398e-05	0.000172034982283955	0.000120465569062377	5.7705434481233e-05	0.000273174439857982	5.6193141838963e-05	0.00039884354305792	0.0150890259582689	0.00489820413179596
0.000121238835823407	0.00647390751864936	3.35634324509137e-05	0.000238132441705655	0.0171233849514008	0.00180353690280538	0.0485222700161259	0.000136259649205968	0.832605554399746	0.000152923650847592	0.000131787725784679	0.0445701144731463	0.0225579203382516	8.6013659989105e-05	5.306932171656e-05	0.0030488005367452	0.000736937379321148	0.00088154085970583	0.000162382899284623	0.000273244796654322	0.00479820464465897	0.0151555583098446	0.000333653256136586
2.81324515967298e-05	0.000439372726554608	0.000303976403474351	0.00204201346885816	0.00050473302956464	0.0178888875502258	0.0492352583864316	2.15920755516349e-05	0.857520141599959	0.000523719686480559	0.000273794158308989	0.0419641722861632	0.0118529789315703	8.47983303398802e-06	2.99272669849775e-05	0.00033096253533477	4.90193798638232e-05	0.000182764902048384	0.000401651583187541	0.00399216772125455	0.000239815301555008	0.0118409518790181	0.000325486842979197
4.69425962460859e-05	0.001808536373202	2.33598353536986e-05	0.0137220235159312	0.000404814022382423	0.0017016285816932	0.0448580135433814	0.000155760594512764	0.841700327008391	5.40485027210726e-05	0.0132655930162157	0.0174535850748119	0.0402925329133499	2.23733856067355e-05	2.2464378198924e-05	0.000441014928861736	0.00027109599383975	0.00192583065292545	0.00216868821343472	0.000184837898982585	0.00103215426439842	0.0148512740694878	0.00359310063607201
0.000491419170354682	0.000282573941608043	5.08461429896193e-05	0.00992195923855631	0.000470643273122652	0.00116483432694023	0.0448563440293841	0.00837376573266869	0.84802166325698	0.000115585007456863	0.000753574642401319	0.0315790080861251	0.0269870978247486	0.000145820672818099	0.000118129676792572	0.00299218973366389	0.000322566396983387	0.000124830435525291	0.00527317763563543	0.00124936025201479	0.00437883687653436	0.00465503497795662	0.00767073866873955
0.000117390333116697	0.000105548462221879	0.00071666311346901	0.00475372022739309	0.00441986867458536	0.000445645847533382	0.0545432861243773	0.000127374899407013	0.847411043493222	4.53759513688121e-05	0.00187012941080577	0.0253288015111705	0.0448127066243345	6.75914077023108e-05	0.000164946809226404	0.000622996073056205	0.000429400249020275	0.00114138482160335	0.000729809484170764	0.00387384250254843	0.000188695640826884	0.00775859652916064	0.000325181809679513
0.00345475709538779	0.00184610760984428	8.10555847846836e-05	0.00192503562758729	0.000327681828674698	0.00662772157847794	0.03795993581436	0.00066008530320173	0.845619470011169	1.68020996136266e-05	0.00310525966154736	0.0390108582277513	0.0418375702722292	6.71530814769572e-05	0.000302847465802026	0.000117124557291167	0.00900881559696384	0.000826869366354527	0.000487495387414513	0.000115992176101916	0.00117327425684996	0.00472726533592314	0.000700822061193112
0.000290037083440233	0.00301122175618453	9.17718388049016e-05	0.00123230941662305	0.0103239289200277	0.00314844602325152	0.0518519649537642	0.00304308575722486	0.845308466546949	9.47501839931883e-05	0.000702147338757705	0.0327388816552341	0.0266550434674267	1.54938279320291e-05	0.00107202168943058	0.000316312759052749	0.00429811079328921	9.72196061680244e-05	0.00058832395812586	0.00492184393855829	0.000398932149988134	0.00859656903567981	0.00120311730009373
5.63688698421673e-05	0.000182217190171086	0.000267545083198897	0.00084928557322839	0.0103760444444525	0.00147353591194012	0.0439351389889086	0.000395976329861465	0.834756753307648	3.77954080033222e-05	0.0067244161116822	0.0449459382989021	0.0193688046775699	0.000189892520236061	0.00171375123918102	0.000281263357686138	0.000844498725117106	0.000743531480395901	0.00163905879899024	0.000151333062806172	0.0219696756678673	0.00444015554866688	0.00465701940364405
0.00059515658691012	0.000292105858374018	0.000534006540901941	0.000379896948438897	0.00501565112562888	0.00115468880144984	0.0485388453129512	5.39008931018901e-05	0.831688395859688	1.21689342276799e-05	0.000302912180262139	0.0440725719707462	0.0246610789603844	0.000108871580554783	7.86646297409958e-05	0.00023928115503936	0.00454600358289235	7.51500798872296e-05	0.000355318818806697	0.0016843583014583	0.00428744626877555	0.0175724764992198	0.0137510491105592
4.39913694992562e-05	0.00215177074910006	0.000524595983593307	0.00293256152663613	0.00871735420687499	0.00019878971577471	0.0426996293442178	0.00193439569190555	0.871305995901454	0.00501831711840211	0.00668272268709589	0.0223637968030296	0.0310498923427856	2.19090487787825e-05	0.000286164823281701	0.000169830870064793	7.77470451768007e-05	0.000201183000847786	0.000618449929754319	0.000404233444283462	0.00065915915304975	0.00112319327457647	0.000814315969817649
4.26252064617464e-05	0.0131799470725334	0.000312404260937017	0.00911001682362521	0.00035141897582263	0.000347577014752414	0.0528018192966243	0.00332324784660996	0.821958463226278	0.000334868724151812	0.000360790348348195	0.0544468763278382	0.0178642221842704	5.085440213286e-05	0.000416321257113227	0.00389299271100125	0.00112182856438961	0.000120837450266669	0.000377499379035486	0.000790643382553659	0.00990149206442417	0.0076527959798245	0.00124045750100568
2.55712094520958e-05	7.89850645012365e-05	1.73023174049063e-05	0.0106198886003652	0.00019577203054778	0.000843697412834105	0.0488116765883017	0.00237481617154243	0.839561257384858	0.000133245736959082	0.000222978196073473	0.053292125408406	0.0166929338587171	8.22192860031979e-05	1.27838293093334e-05	0.00137535896926628	0.00029659758473811	0.00102356084755565	0.000117542483319566	5.65382031180187e-05	0.0077964464664258	0.0161534693262612	0.000215233024039377
0.000144740780707696	0.000628684194129646	3.17677374295765e-05	0.0018165285962482	0.00921843599385602	0.000758790371178917	0.0506391949682328	4.21953482784567e-05	0.860276192847177	0.000790738399018026	0.000132824085660076	0.0333039791199178	0.0253364429141593	0.00039193027263133	4.42324058797665e-05	0.000117289043793558	0.00181176281715985	0.000131149029171373	0.000132141868032976	0.000404740225671084	0.0033177494384882	0.00991706906154296	0.000611420481635447
2.56830199352538e-05	0.00153769250964072	0.000496560008899594	0.0039422045367747	9.85537311542099e-05	0.000201397639100583	0.0452804680936758	1.61256863212136e-05	0.848994030724517	0.000117809552435348	0.000187527407338931	0.0254265606264508	0.00934243902384127	0.000300836261172017	0.00012609209099824	1.8073663193095e-05	3.82985563676511e-05	0.0147863727612403	5.51217522249479e-05	4.143283265052e-05	0.0411432969946446	0.0071070196124582	0.000716402914964826
3.38965348864889e-05	0.000475065051995262	5.51698432051806e-05	0.00802286887646149	0.000377405457732544	0.0302721520887249	0.0459107041971564	0.00439449389178655	0.856925146983588	2.42260809932367e-05	0.00212209904092	0.0168637371125899	0.0119753186924063	3.31313868080099e-05	0.000342627429034307	0.000335248794417817	0.00862814778550509	0.000475647372659114	0.00250941750382441	0.00639490284162351	0.000573912460528638	0.00156631214273967	0.00168836843041341
0.000289080218159967	0.00182914379121626	4.54725105848275e-05	0.0025354660055566	0.00137384122859806	0.00310507891582747	0.051457796010824	0.00253333238805063	0.823996914620388	0.00026800539881044	0.000206311919269806	0.0247810927707198	0.0259018305993743	4.00520100260904e-05	0.0006686688715451	0.00615467596379187	0.000616548624810674	0.000279837249697474	0.000689731915438286	0.00700649757082226	0.000607500890140677	0.0148428942904111	0.0307702262359361
0.00012269279194012	0.00102107890696567	2.10272727645441e-05	0.012319332290601	0.00142266993541094	0.000555231843020407	0.0335104728352882	4.35558588166681e-05	0.84355140700562	0.000750552518758139	0.00060330920520375	0.0510315325467208	0.0193329743969106	3.68313832374861e-05	0.000187479327863691	0.000109415823984424	0.0100568514718214	0.000791717566320063	0.000206560009194553	0.0010463014261382	0.0072977632703289	0.00590466932336054	0.0100765729897296
0.000435020730192708	0.000702471396129838	4.22418767523529e-05	0.00463010139812656	0.000451551971038773	0.0134435515189023	0.0468753074549932	6.67097971705094e-05	0.836357423556388	8.90516231721819e-05	0.000733619277862233	0.0334451507510245	0.00584739395236408	2.09664503010782e-05	0.000129178423905748	0.000297884512750358	0.00148413214689185	0.0017055104163006	0.000719225129524863	0.00125850338362383	0.00979787686996867	0.023164763732818	0.0183023636297976
6.70289366344604e-05	0.00529903744255341	3.73638524379393e-05	0.00373896468182128	0.000531441620893378	0.00104898588278889	0.0430978840117339	2.55212104108503e-05	0.823215795638365	7.44851332007337e-05	0.000198394000797053	0.0491176861186108	0.0168003657270165	1.67453549208365e-05	4.03563394973985e-05	0.00390719753812071	0.00741514148221772	0.000107120703288338	0.000230711000845088	0.00288709946423635	0.0124095847880151	0.0126500089154898	0.0170830801561042
7.01242724038613e-05	0.000415106335297127	9.42468649102567e-05	0.00836812458608825	0.00106268447927807	0.0131236274588932	0.058228037240817	4.46305815174857e-05	0.849334812894477	5.30860571887586e-05	0.00050930793217211	0.0327556830915665	0.0170054839566616	2.19147083064361e-05	0.000383773187444834	0.00207884462996059	0.00155235146055962	0.000365863013984411	0.000238249215425989	0.00187886625632414	0.0024434610968435	0.00588955211160833	0.00408216856827107
4.77620606205534e-05	0.00305682797644792	9.99454998695888e-05	0.00461651178582542	0.00168149097697096	0.0108242675643328	0.055556442946281	5.21097031745685e-05	0.826041107775821	0.000122168326980591	0.00933840490032867	0.0385480332305791	0.0252916830175632	1.35752817429095e-05	0.000142345133503718	0.000313018626366072	0.000800414758519926	8.2074894453672e-05	0.000653900373281836	0.000453130343178872	0.0042214683034089	0.0174597764914009	0.000583540029347699
1.96359849551032e-05	0.000468044596836619	1.06278296271573e-05	0.0106087416051553	0.00054192114732128	0.0288365573828733	0.0342472714991645	3.79822911595985e-05	0.860980582962581	1.00618267959415e-05	0.000116971317022093	0.0358124411136617	0.008102013993554	1.63516649642328e-05	1.58161968371301e-05	0.000688760488914577	0.00156110711050115	0.000630521565787224	8.36750997401228e-05	0.00436200542898713	0.00212915812971491	0.00800891802585632	0.0027108327379891
9.21747195501591e-05	0.000246170440281991	0.00012585918933809	0.000116116657180467	0.0094004840299086	0.000460929186646833	0.0561585495293114	6.05514213173578e-05	0.857275666328718	0.000243819369016386	0.00212743886631166	0.029736765766499	0.0162221462031034	3.07648740764686e-05	2.6288961767091e-05	0.00144612283722998	0.00493835149137921	0.000676809044393277	0.000158225236579277	0.000692300740544338	0.0132324712955099	0.0063515776775231	0.000180416133813635
7.36799343886938e-05	0.000531775425399704	0.000123554466568091	0.00680811614393542	0.0117103992330688	0.0240732855994121	0.0422968458310712	0.000101892984461308	0.824358467874045	0.000624057199103429	0.000149201572316328	0.0359525304578068	0.00397788468376324	2.03271965933361e-05	0.000100994390113635	5.36449575246633e-05	0.00360000990301943	0.000458123916375261	9.20713208872216e-05	0.000229002808003366	0.00141471469383397	0.0154181515462353	0.0278312678620735
0.000331322810852354	0.000118893353472931	3.29336693353044e-05	0.00564017411343119	0.000150522746926517	0.000518420076061079	0.0531169386918451	0.000157874247911885	0.863644159616379	6.05950055042091e-05	0.000341287664948959	0.0362555894082921	0.000766973282004219	3.56004508063172e-05	4.78181107838774e-05	3.10625161997265e-05	0.00362952055312525	0.000846211849641339	0.000642353248673258	0.00168497908764771	0.021922809549292	0.00971820127527108	0.000305758671594378
0.000511202247725814	0.00215143448066638	4.05586441534016e-05	0.00802519984635002	0.0042105988419804	0.0151560564171981	0.0438753365523186	0.000231204088334426	0.875020930556405	2.19937395645881e-05	0.000103486985625736	0.0168153553290946	0.0142612647733505	8.29823991078279e-06	5.25072226978893e-05	0.000287959733330983	8.94973392724358e-05	0.000307786195047991	0.000128180810593217	0.0103855717150288	0.000449255361167212	0.00690372780949658	0.000962593070686201
5.10823469222597e-05	0.00303079578090652	9.87406073280922e-06	0.0110447440942125	0.000468302386157637	0.00243658731947587	0.0515392838989646	0.000203836221500177	0.845342576309533	0.00011223676388575	0.000212122480982565	0.034224209771758	0.00761475934985007	4.05744980310819e-05	1.2135058031293e-05	0.000171589344303815	0.00291446726407579	0.00748889344310355	0.00126053749897868	0.000893286805001279	0.0207031913712041	0.00797521910525921	0.00224969482712935
0.000147550197823753	0.000118912514830855	0.000169047382804336	0.000100333853176437	0.00167863039095377	0.000291100716564357	0.0344231084524798	0.00178553003246419	0.857634636235665	0.000388720052279398	0.00027237196041753	0.0609065553485928	0.00661884519800017	3.18599804717717e-05	0.000562397757899811	0.000156179330902634	4.06339956559811e-05	0.000204655422250665	0.000463404277096093	0.000302209472322665	0.0244662504366129	0.00900031137962422	0.000236755611111196
5.36689454333362e-05	0.00288789154582136	0.000401628829352646	0.00645132845876461	0.00339854192194799	0.00531486223064408	0.0419360656433003	5.90283948348304e-05	0.829036712861281	0.00026522683937756	0.0247813850595235	0.0409928009397976	0.00601577755563017	0.000111917937450718	7.41839064654123e-05	0.000156913145660001	0.00381762413419064	0.000207279572015484	0.00176042786770091	0.000253734131758531	0.00914109973157918	0.0203567069518479	0.00252519339562174
4.26849650797434e-05	0.000304384232496346	0.00018018736478088	0.000218534395705341	7.24971070158622e-05	0.000717394729750762	0.0582222863754117	5.67929317380896e-05	0.839205711046552	1.75591169780787e-05	0.0015544346327351	0.040235500700669	0.00276745340117858	0.000423862487692364	6.46750144004789e-05	4.47979117722803e-05	0.0016565161918359	0.00186306791034967	0.000269678794900628	0.0123687158617604	0.026100342827286	0.0134592969903421	0.000153625009568694
0.00124383291642747	0.000246337980788876	0.000222852255174937	0.00954457988742412	0.00268037117113461	0.00676344679839554	0.0420767051063566	3.29146918733658e-05	0.849228773540446	0.000351977455201463	0.00173135369663331	0.0260459598706005	0.0274162163498948	5.82080171398127e-05	6.71825107825241e-05	3.8013437251033e-05	0.0014888796523864	0.000282405733755294	0.000560689844939277	8.75131940024732e-05	0.00340923731949634	0.00859810505759466	0.0178244435123009
0.000259096926586425	0.00155789351769557	3.3276914346883e-05	0.0082176744856834	0.00588291502725239	0.0083677537266502	0.0493988612378841	3.67216370575069e-05	0.831390068194924	2.49745639767587e-05	0.000319170384100034	0.0397693563223246	0.0162817202785829	7.7007178074288e-05	6.52370717632493e-05	0.00219255310304359	0.000738602637131641	0.007378225897993	0.00127115057513515	0.000386201911043248	0.00426888910329376	0.00340643946146976	0.0186762098439879
0.000100487928970764	0.00073778309300978	3.05235179466056e-05	0.0019539339849126	0.000303666611452715	0.000350670996380577	0.0421249496865021	9.89789394459807e-05	0.838069922195359	0.00011628152274734	0.00129135220717729	0.049467690200987	0.00178084951641714	0.000314363106602925	0.00362974857196519	0.00023778518209197	9.75864546920196e-05	0.0030511342322574	0.000579585897937241	0.0103807925282114	0.0332228591863971	0.0115029232749036	0.000556131163631706
6.55563329966208e-05	0.00057761184850868	5.09300388974282e-05	0.00762307944947851	0.0089849016746119	0.00068175112175869	0.0383669778188399	0.00719164923436444	0.808838374484745	3.60692707033863e-05	0.000291903820481028	0.028373634934479	0.0316428416478525	6.39884639843379e-05	0.000865499759780811	0.00144999382772255	0.00412410450394875	0.00226127073234116	0.000442250252321114	6.19679010910514e-05	0.000663591418703288	0.0119281804743122	0.0454138709880772
0.000458038483122011	0.000310725703355542	6.16144200193398e-05	0.00188963281918899	0.00746843521630702	0.0105405458352202	0.0410098395954749	6.13166706800321e-05	0.842597228215318	1.91281398143158e-05	0.00237334698249901	0.0446661645908484	0.0149950709510517	4.18979625791134e-05	0.00308186523679134	0.000100890786413081	0.000329803971504479	0.0070608791498716	0.000336870137719116	0.000669478672094173	0.015714404784992	0.00590889792555899	0.000303923749576303
0.000141490794361988	0.000379305492169143	2.60705658816373e-05	0.000747807507924197	0.0101231218222294	0.00131329214759303	0.0429066263780449	0.000337152462451092	0.811649151900732	3.8196733649554e-05	0.00268843084180992	0.0410615940758006	0.0109212688975767	0.0001200673304013	4.11577464503683e-05	0.000104665201988521	0.00102424017047363	0.00338243061037334	0.0267019598898566	0.000514457296052744	0.0197708253910309	0.00918345788056069	0.0168232288625876
0.000135939595580543	0.000175119618835292	7.94077265957345e-05	0.00586465349885826	0.0048942916630712	0.0221605244301342	0.0356223736398573	3.56703281078472e-05	0.807107090851908	4.70486513063029e-05	0.00170762887962163	0.0302133257870176	0.00954496623452784	2.1007781825072e-05	9.41392923986071e-05	0.000167565662526962	0.0103844279240458	0.000267193351807029	0.00380082966339829	0.000233661550972515	0.0018337087888038	0.017836316952287	0.0477731081265131
5.82150513674025e-05	0.0171610786878355	8.29538226308327e-05	0.000178592194106988	0.00438233359823114	0.000306711039355272	0.0506385867178075	2.49550878820581e-05	0.796651601495604	2.43938084786971e-05	0.000395364063779724	0.0664498695681714	0.0230427793002308	1.5440425302499e-05	6.19919224601228e-05	0.000733845268647319	0.00602895598182445	0.000145235833230309	0.0075758554810176	8.24568261345763e-05	0.0130195625316739	0.0116014817688798	0.00133773952534808
0.000191313544733089	0.000182562043751107	1.22720982533652e-05	0.0131464773678902	0.000425663486104452	0.0339713708157812	0.0457738848159388	4.19007762784047e-05	0.840970503338791	1.10554549755999e-05	0.00274791501889353	0.0200649615032403	0.00925192560403131	7.97932286267352e-05	1.94873137243753e-05	0.00031193171643513	0.000741988725769026	0.000275423930468403	0.0071523444745122	0.000166596177520704	0.0164003411943443	0.00580231484672338	0.00225797252321305
2.70100868371437e-05	0.0014852506254202	8.73809414879589e-06	0.00790779003037702	0.000955018884948477	0.00410152313750906	0.0512003164934432	1.3927494133017e-05	0.843372141754388	1.08940640686334e-05	0.000160642673882461	0.0348872478713335	0.0222829046253871	9.12922889794683e-06	4.76407264844178e-05	0.00376231498905023	0.000239679567153392	0.000733744210442264	0.000368682033521496	0.00181241920770924	0.00090430140672819	0.018724973815477	0.00698370897865871
3.47877659424782e-05	0.000294368857158307	0.000152719487573651	0.00698918777921126	0.00136008457797916	0.0226786882644779	0.0731200379462712	0.00506427920290615	0.817297984563881	1.89716802504125e-05	0.00100766146463193	0.0277845615325716	0.0226978287943989	5.96554502226268e-05	0.000204684159200249	0.000315490624374708	0.00126107713810857	0.000433501182052284	0.000504875441064189	0.000806167432398048	0.00170645400100727	0.00809882902825548	0.00810810362606269
0.000103711309847828	0.000182174119850968	0.000258923909570301	0.00123205648909137	0.000112873321869669	0.0604092102445517	0.0463618102139435	0.0107923158972526	0.819450337856732	1.26843947813088e-05	0.000287748265085434	0.0372212864617617	0.000592355136407032	5.68204719582771e-05	0.00011627856959383	0.00186062268818631	0.000164917523052818	0.00035865990140618	0.000244470878100373	0.007739981070655	0.000422535989044224	0.00681311511917464	0.00520511016808255
0.00043283496295535	0.000112484828896249	6.5902344512231e-05	0.00549970948294723	0.0101293301834639	0.000200392148252121	0.0630077180984097	2.36428280218145e-05	0.85334094820092	3.1417783620819e-05	0.0010968214715057	0.0329363935351612	0.00810557990059225	2.35612237124624e-05	0.00103481730169626	3.8206184135678e-05	0.000125112220931024	5.04018569561086e-05	0.000264515933619615	0.000998985500326492	0.0161165955436654	0.0056827462448382	0.000681882220860226
0.000223717548691826	0.0178248602328778	1.92249877734041e-05	0.00125532888080598	0.000960638443339034	0.00481383511301964	0.0406320084396425	0.00010001116551931	0.813311553780052	4.92119411347116e-05	0.00183178968108937	0.0773933681873938	0.00280608707369406	3.78750856273963e-05	0.00053900732951402	0.000184224394107782	0.00233854669593313	0.000395836192507169	0.0019567297142755	0.000212473438195683	0.0210057331292479	0.0100231380114115	0.00208480053414627
0.000422272565725291	0.0051940158275797	2.01201016260988e-05	0.000418346524826364	0.000216826584543686	0.00117599264868316	0.0468144602625253	0.00110907010336897	0.835243975658633	9.15520301758469e-05	0.0162287051474964	0.0598101071377067	0.00215473484239639	2.98972235946297e-05	0.000145910805927734	0.00416688885065275	0.0103132052049354	0.0110090798881231	0.000445196238146365	0.00039433609050029	0.00235981497227541	0.00205765824413935	0.000177833046418248
0.000286508551537024	0.000583548681249092	6.80361075199056e-05	8.67897235351473e-05	5.51983405935158e-05	0.00240062744591474	0.058873520695692	0.00359490756974749	0.842645144562032	2.63834049895588e-05	0.00517634208742811	0.0304260227682703	0.0122964521164963	2.85662302745653e-05	0.000658200789312732	0.00148704013346087	0.000106981190385993	0.0033350460998793	0.00695844152549899	0.00551575261268314	0.0203520673406279	0.00461083465708598	0.000427587365785395
9.67709093371237e-05	0.00501526885245929	4.71348683164044e-05	0.0096148542491931	0.000315589187835042	0.0122719500811816	0.0396605460070579	0.00103230771164908	0.857468764417869	0.000227156464425786	0.00062017131073908	0.0225842770928198	0.0291693064882532	0.000121026826187844	7.50236720592796e-05	0.000965676316777174	0.000604819664625054	0.000396597847197489	0.000955327037996189	0.000699127497413707	0.0011152342298078	0.0110053325517305	0.005937736715068
0.000226431762151307	0.000280789931923822	7.39244703310413e-05	0.0110767395586104	0.00476557890791418	0.0487171021818725	0.0481916349998438	1.95586084580029e-05	0.836442003463984	4.11003799368136e-05	0.000221065531334368	0.011672104606404	0.00225349333519699	7.57869552082715e-05	3.71305065211955e-05	0.000186664049122564	0.00361421470044974	0.00103375442529543	0.000272366720357746	0.000369463382403384	0.00186353323654006	0.0135465225795184	0.0150190357066214
5.65849930237236e-05	0.00856106203976656	2.18138897228569e-05	0.00616380592608291	0.00105444211230582	0.00548467186690811	0.046483553864564	0.00226404508846664	0.848764348950613	4.392485311663e-05	0.000962656783267006	0.021421402175362	0.0232044477512151	0.000125227014954213	0.000144109297337239	0.000645267730510504	0.00174037475138885	0.000157969529262842	0.000405336930094733	0.00114123102509999	0.00432266900420658	0.016089627164812	0.0107414272579191
3.85808377731918e-05	0.000229753758010361	9.14318166352569e-05	0.00842556280088997	0.000443988108498851	0.00250724582689032	0.0508460307116013	2.38505735358593e-05	0.846623797411897	1.4576862655945e-05	0.000746384842424398	0.0291074240688955	0.0356378342103976	3.88303692653841e-05	0.00024193562971762	8.19350071587442e-05	0.000550979358847429	0.00210279970665454	0.0120235544042025	0.000412651087492661	0.000493849759153681	0.0070189631606715	0.00229803968673037
0.000121651252503799	0.000208795160875583	0.000147756771998438	0.00770765803276301	0.001523660169132	0.000990900916688721	0.0522220083873101	0.0095980160677749	0.831130925830349	0.000144340672285447	0.000534559241992405	0.0466104708594225	0.0309965376431412	0.000245267269070817	6.22515076579696e-05	0.0047958573008674	0.000163417501786417	0.000126385366718136	0.000423223710780569	0.000903301100991858	0.00373332284432399	0.00660643382629535	0.00100325856527051
0.000649159487094572	0.0144791370064905	1.9576830172125e-05	0.00559549342136316	0.0172653544745668	0.00942024809781652	0.0357064868727581	0.000396123446319281	0.839894899196267	0.000129688289925177	0.000485116340423139	0.0328149697272311	0.0111290934285122	3.29080674879033e-05	0.000276527931389435	0.000513400537805683	0.00238599367754603	0.000137846068080218	0.000496157036825137	0.00161795803372034	0.0030106279999602	0.0190955526141089	0.00444768141413627
1.70355790475721e-05	0.023094476315943	2.88530363942234e-05	0.0117196770828205	0.000257139150805144	0.0215499215379883	0.0441384966015601	1.81778702570669e-05	0.846951642382351	0.000117820001944052	0.000414466839647108	0.0224124435773896	0.0128952035862209	1.40767985357705e-05	0.00160741893781211	5.23749712279135e-05	0.00240820116952397	0.000175549967280694	0.000444625247059982	0.000748575151358523	0.000637501645659365	0.00986285196057519	0.000433470588598371
0.000834902677295877	0.000364585340781158	6.75478430628129e-05	0.00162170424159882	0.00537856196680398	0.00872739440693853	0.0419552204408895	0.000318640311232639	0.852553120578529	0.000191248778054136	0.000547328427304065	0.0371229352396739	0.0163637806669187	0.000448779484631063	0.00407736808701863	0.00758725719822765	0.000259672540391179	0.000168490639911796	0.000858953856288564	0.00237391032112032	0.00762316317865348	0.00908748327214974	0.00146795050252383
5.31994965089034e-05	0.00175771690147723	0.000157776496150112	0.00610474643314316	0.012908660421395	0.000187314719086766	0.0406216393038486	0.000187344706383368	0.831875924154728	0.00115195412152194	0.00558880848900604	0.0487942473581825	0.0304948733245471	6.75303850989313e-06	0.000135185130331525	3.714280365174e-05	0.00192992171641496	9.87330327306871e-05	0.000750290682021182	0.000112983559257836	0.00112780597648464	0.00767265806046524	0.00824432007415321
0.000561565779407082	0.00116484130771567	1.76883393419771e-05	0.00193460715138017	0.00026337853238494	0.00394620328379244	0.0563638637392732	6.87816295638477e-05	0.834884001756204	8.22424877746387e-05	0.00142007892301455	0.0391056192213643	0.034618130717407	8.80545168528455e-05	6.18225138933391e-05	0.000150592358068003	0.00897408056632321	0.000569803324630918	0.000613604601551461	0.00142025685911391	0.000780669533713696	0.0118200483932166	0.00109006446401179
0.000406239684698394	0.000462026681083306	2.06235793925526e-05	0.0067963286712592	0.00218030289241431	0.00199613449506508	0.0418227735147339	7.15695130502217e-05	0.826623399839366	1.4449901099518e-05	0.0190866953831877	0.0481293533667968	0.0197179905889471	1.14949019527567e-05	3.83685287315102e-05	0.000242211765857899	0.00802681399293499	0.000644257150406343	0.00148981039715406	0.000768007738389468	0.00935522288940921	0.00969821663842304	0.00239770788564611
2.94789598871122e-05	0.000165032971317376	6.61746126832326e-05	0.000872605484825291	0.000117290057207272	0.00561639416860541	0.0690723301610429	9.92433569856587e-05	0.852389799096617	3.17213343004341e-05	0.00192627470553629	0.0333598756833831	0.00665440657798783	3.81123192171606e-05	0.00034213635278774	0.000286301844015855	6.68798022690617e-05	0.000382956046453288	0.000150735480482767	0.00670457046275977	0.0160192750541634	0.0030040894378905	0.00260431602958139
9.52132906803947e-05	0.000660623231093629	0.000344492048961874	0.00398042485036317	0.000702669757950177	0.00771048598782755	0.062101108542965	0.00684994618201243	0.830551856923416	9.30970948459641e-05	0.0151352267953174	0.0309116622638765	0.00443861595119836	0.000247586831412844	0.000527522693177718	0.00477889999439232	0.00171377610138712	0.00146181839162078	0.000246387879570774	0.00213217494392749	0.0219494904807845	0.00309368843909349	0.000273231324124109
5.48807452674867e-05	0.000110658015144498	0.000116776822684784	0.00742522314556046	0.000408001401415828	0.000138727510474523	0.049848964462061	7.18428470983147e-06	0.830201971138288	1.96088552888853e-05	0.0163026778221388	0.0503748709085287	0.0353562051149405	8.05528932219219e-06	0.000253795701922439	2.73327193903281e-05	0.00070715536777588	0.000127599016092854	0.000924628644889586	0.00353076770975442	0.000198835754055561	0.00372669281158	0.000129386758713814
8.99999920310958e-06	3.44964418804766e-05	2.8521630192818e-05	0.000289482321300765	0.036084320876158	0.000128322896974755	0.155723977089261	0.0778765707785544	0.59063212446895	0.0232678539186676	0.000348299287348199	0.0221349547977553	0.00377178539007818	0.0224979993944819	0.0119866015883549	0.00310030088492619	0.000172883437774497	0.0483559408124801	2.19282045868399e-05	9.61212520907871e-06	8.90116713995739e-05	5.86375882712692e-05	0.00337737439619213
1.03824254534857e-05	0.000134050367034622	2.14010272067755e-05	0.00354161559625095	0.002025586566745	0.00133037611883811	0.0566960762791865	1.08192675331612e-05	0.846544657325353	4.50777381290975e-05	0.000308532118841164	0.0506267321556431	0.00297390538069887	8.80299212982279e-05	3.20858393488476e-05	0.00182673274793497	0.0135765434604505	0.000123023196086752	0.000243464046668809	0.000622694316415466	0.012384807935561	0.00661726617564684	0.000216139993674539
