Bcells	CentralVeinEndothelialcells	Cholangiocytes	Hepatocytes	Kupffercells	LSECs	Mesothelialcells	PortalVeinEndothelialcells	Tcells
0.00361654958544396	0.00724501800323135	0.0707345506958793	0.865379894116795	0.0321515531012722	0.0014319138609714	0.00149693892747203	0.00131529556300033	0.0166282861459342
0.000129344275245335	0.0195360418604001	0.0643965733135528	0.897862099081106	0.0151132326855076	0.00104399508001477	0.00177742281381462	0.000111386531578624	2.99043587797226e-05
0.000636281622124393	0.0149322386067864	0.0685456766941302	0.896023047027479	0.0178115303611872	0.000175437459099848	0.00178427679609891	4.01910690009201e-05	5.13203640934161e-05
4.47965596856159e-05	0.0105022128646535	0.0707230921142262	0.892711444198775	0.01082230218288	0.00287814447340052	0.00303342367898564	0.00861925354606352	0.000665330381329956
0.000260235357249148	0.0236009426076172	0.0697317324727719	0.883057586964621	0.0191533199292478	0.000548026781547323	0.00232537880680476	0.00111418711235252	0.000208589967788736
6.37140667663984e-05	0.00106030694344704	0.0670747529441042	0.904958830555127	0.0154044581315836	0.00621492437343485	0.00175903496836164	0.00304282741964951	0.0004211505975253
0.00149277366853928	0.00836277017341848	0.0755911432037164	0.894482626966042	0.00973541334137045	0.00073107655925275	0.00180681541125374	0.00712729415743122	0.000670086518975339
0.000493870482795637	0.0108958693937101	0.0767135119143239	0.889022663046685	0.013657379006448	0.00549921148718815	0.000890376382770873	0.00278499167244533	4.21266136332956e-05
4.84433755943614e-05	0.0176721739737847	0.0725779423428316	0.896821055067298	0.00765644301014998	0.00326637992219795	0.00125478466577281	0.000435250193362039	0.00026752744900791
5.38859657005714e-05	0.00302810506455921	0.0792000317924502	0.881652574536973	0.0144337015956931	0.00217075749946841	0.00325991498327004	0.0161786964808185	2.23320810670366e-05
0.000273573420338792	0.0253664007847978	0.076417283025261	0.881074230942986	0.0110509623635146	0.00106258284910151	0.00420097240980324	0.00052915966420977	2.48345399874518e-05
0.00274605823285868	0.015946992887579	0.0771536961405058	0.880661173581015	0.00871787675931398	0.00411457732261802	0.00237536505256803	0.007458042251068	0.000826217772472684
0.00184354590738358	0.012800298064623	0.0688282202308279	0.901089424480416	0.0070183098936512	0.00548506727329301	0.00215131604570973	0.000643816516414803	0.000140001587680652
0.00152218282520483	0.00225198213648974	0.0653300291440693	0.903132858558296	0.015805770505922	0.00920908268991315	0.00143865075776574	0.00109615303900053	0.000213290343338889
0.00857024549746899	0.00182302919921538	0.0716543840768561	0.890515550705602	0.0127692240709497	0.00728629885256388	0.00150072994771037	0.0053398981170963	0.000540639532536667
0.000158493701153122	0.00763427101936946	0.0760869363441553	0.89356178553395	0.0140260326792852	0.00317079814001293	0.00181746242540439	0.000357283069739066	0.00318693708693021
0.000110307863964236	0.00511317909543025	0.069787530366474	0.892306418227501	0.0210116812990489	0.00521723557345852	0.00140417501880511	0.00499096271554575	5.85098397720944e-05
0.000134272717531852	0.0102872290717052	0.0739235632069562	0.893916875662263	0.0155195357515225	0.00287478229068029	0.00240834626078716	0.000867829422978224	6.75656155759858e-05
0.00976958623140999	0.00314687885114351	0.0728337148573301	0.875902235435796	0.0205634932554553	0.0151862087472272	0.00130048124375304	0.00105873149555177	0.000238669882333556
0.00019807530525493	0.00659838807025285	0.0788401392433622	0.890369101505406	0.00826413289453552	0.00237063563176433	0.00275018599081574	0.006178422073907	0.00443091928470144
0.000548429134998238	0.0124924470767228	0.0718696419996427	0.896820992876541	0.0112048287443881	0.00263272823927424	0.00235408955914975	0.00202255574229509	5.4286626987429e-05
0.000558936413793178	0.00846212601558913	0.069773662967158	0.892577695129745	0.0163727807243673	0.00505363148608087	0.00269217489191849	0.00414273851526689	0.000366253856081036
0.00197651647857479	0.0077863677257229	0.0700469567812966	0.893840540316678	0.0121484301863568	0.0124948814620142	0.00144135288451888	7.67417155186978e-05	0.000188212449319497
0.00251720316051206	0.00171506843732429	0.066814808807094	0.895737447720003	0.016100650360422	0.00666337608295855	0.00188804251669015	0.00852938833218921	3.40145828064755e-05
4.13498209090506e-05	0.0134857438930067	0.0769996805693411	0.892980348982902	0.0126126367115045	0.00168282719313451	0.00215429443354631	3.18663051628114e-05	1.1252090492988e-05
0.000109780881587186	0.00739504110800509	0.0673053574573073	0.894110179699685	0.00748803045947882	0.0169927214132493	0.00148740282869395	0.000219480421756522	0.00489200573023679
4.16975698687314e-05	0.00165617730902887	0.0692836158968992	0.898873364340187	0.0117468767922264	0.0141833169788593	0.00220799563303785	0.00141761994864278	0.000589335531249823
4.70719830999643e-05	0.000286434662530688	0.0764395509583766	0.890715409532257	0.00964851347050029	0.0205254711475181	0.00223842630885906	8.07508442958905e-05	1.83710925620833e-05
0.000676233299134826	0.000957488155218891	0.0649109112444485	0.893498464899073	0.0134358454434476	0.0199455615176577	0.00170367119475144	0.00478868407511522	8.3140171152436e-05
0.000572734844654239	0.00760438234061843	0.0773615908170064	0.888280041477928	0.0150260950640467	0.00850566061791581	0.00252437059004369	6.83327979506448e-05	5.67914498358688e-05
2.31749644714832e-05	0.000691564947743572	0.0698064326568219	0.888226882091755	0.015692728639865	0.011573139410303	0.00263148095050382	0.00788276505910857	0.0034718312794275
5.0883556377392e-05	0.00237731448028589	0.0735864294489601	0.889855695145263	0.0161884017146387	0.00771703224683193	0.00253943840172585	0.00758047691094049	0.00010432809497708
0.000831172273484241	0.00010576163059447	0.0661306601199127	0.904248200987891	0.00859884236298246	0.0161385099548529	0.00176459944167776	5.33829586272914e-05	0.00212887026997759
0.00263261226317254	0.000199147187085881	0.077515717096518	0.883310685609056	0.0184989000112047	0.00643123736618845	0.00220720866654481	0.00917165907868825	3.28327215417334e-05
6.02776339795072e-05	0.00765803075866686	0.074924488110685	0.890434399265024	0.0195266737609594	0.00139969612867733	0.00157342939921474	0.00439644632155758	2.65586212356897e-05
0.000376800934741646	0.000393810431280158	0.071268905429628	0.899829246264513	0.010855874846524	0.0127022878479879	0.00177826730418624	0.00277983629739206	1.49706437469432e-05
0.000598205859021428	9.44201234304482e-05	0.0684296616983309	0.894985396312735	0.00747650182617488	0.0145113385541895	0.00357051980844064	0.0101745324434182	0.000159423374259125
0.000342730301068552	0.0130673042250194	0.0681920712375477	0.897014076165147	0.0107268275298448	0.0072550654877183	0.00158492499263834	0.0003198726372851	0.00149712742373043
0.00029265038247414	0.00707178601832731	0.0788548254214323	0.888054187367313	0.0115379333357084	0.00933507853464047	0.00283175210015929	0.000102889836073022	0.00191889700387174
0.00092167574683067	0.000772385527849531	0.0679805351548356	0.897262063896678	0.0193745206994259	0.00850421573181346	0.00102801278672076	0.00389927159424825	0.000257318861598184
0.000313143754083612	0.0182897063464961	0.0715459117040817	0.89149055690714	0.0120962941892819	0.00253265894211321	0.002434329336935	0.000188824996095546	0.00110857382377251
0.00210331758690344	0.00179725445071386	0.070262996737873	0.89149461354687	0.0183751327606589	0.010481092539666	0.00113616868098829	0.00383886803211534	0.00051055566421097
0.000234221027524029	0.00214694042183112	0.0808934095252465	0.891279275612918	0.0117358761540839	0.011945532174765	0.00144899883298761	0.000257245938145521	5.85003124989878e-05
0.00188031606635777	0.0089457990464616	0.0756256593425625	0.884149697342149	0.0136739573994746	0.0109063402960193	0.00255480762821826	0.00216097754430465	0.000102445334452418
0.00020627299868826	0.01443452171477	0.0641638617760929	0.901498466081364	0.0130618521013013	0.00495978996933601	0.00121054605234316	0.000327533833109762	0.000137155472995155
0.00397907531292406	0.000250732328579957	0.0737119641526429	0.894250333151394	0.0119389012585355	0.0114576425856368	0.00152393101591316	0.00285629887505677	3.11213193170272e-05
0.000125269729117509	0.0152094728662221	0.0697372625432941	0.891423572194066	0.0150451342636377	0.000759430053739995	0.00271071363708581	0.000767126502078669	0.00422201821075792
1.86724647736313e-05	0.000647161932512818	0.0779612933486566	0.897062977718874	0.0124705742243658	0.000346670221200475	0.00138185624841339	0.0100947793437988	1.60144974042624e-05
0.0023626228783847	0.00964942233864473	0.0697728629473341	0.904264606148183	0.00793433047660587	0.0050446312869885	0.000796278133346617	0.000151895570143144	2.33502203692841e-05
0.000256591720933259	0.00185987433152245	0.0788414791883042	0.893760145689153	0.012728025009809	0.00666269034276605	0.000798038664213696	0.00505441494786416	3.87401054341475e-05
1.73811322906302e-05	0.000843151994731538	0.0621720003303314	0.900535194836265	0.0165058304005838	0.00399164530923454	0.00249977847037703	0.013419314644759	1.57028814273381e-05
0.000521421485621089	0.00874523279942113	0.0696311981982642	0.887943679301057	0.0142801788302272	0.000671786324876583	0.00304020908465229	0.0077640482229434	0.00740224575293703
0.000270601791987529	0.000478584330230428	0.0871629933405992	0.88268631531575	0.0138218527725875	0.00143090032693616	0.00196858564383338	0.0120942885863226	8.5877891753078e-05
8.37168251161597e-05	0.00137934963294319	0.068402644222318	0.898063475936473	0.00945300962946214	0.0124292116345758	0.00192625984600789	0.00520359579860476	0.00305873647449915
0.000147835954605814	0.00490220725498584	0.0754690871767284	0.89485764931748	0.0139015590497632	0.00630118950932204	0.00101077422783046	0.00196718770626766	0.00144250980301627
0.000332958196878623	0.000295870839349294	0.0758142228363324	0.88647745881697	0.0160259575480582	0.000795461993540461	0.00253938527293266	0.0176829915895848	3.56929063539384e-05
0.00127630862188156	0.00199879424766552	0.0730046501574659	0.889178109696378	0.0122688243893128	0.0146116281635631	0.0030842061500992	0.0010508318706254	0.00352664670300888
0.000807396048164215	0.000649320008893341	0.0658547959744175	0.89122849749252	0.0147144585994832	0.014071028118586	0.00223982203478151	0.0103403003986975	9.43813244566001e-05
0.000134917163615274	0.00627571480389212	0.0725460597923065	0.881377821485349	0.014978955012136	0.00648984049187225	0.00129334049542433	0.00267079593040803	0.0142325548249965
4.96554790128619e-05	0.0158850574722864	0.0642325728953931	0.887877267570108	0.0133586046426501	0.00142076202222006	0.00234054013279155	0.000647669812007756	0.0141878699735298
0.00441806490392584	0.000533418417639331	0.071241269964354	0.878366386142401	0.0233957298746595	0.0148271057407286	0.0018666378587787	0.00501359981937579	0.000337787278137042
7.3510673221517e-05	0.011875517217638	0.069032883221709	0.891140697666287	0.00788617076504011	0.0144583757562598	0.000633129778730531	0.00141322385001697	0.00348649107109672
0.000498632780825244	0.00977332418147205	0.0728497540833016	0.896841575844371	0.0130085007748708	0.00474586895201215	0.00208750715246989	0.000151432140221303	4.34040904557625e-05
0.000313897338540264	0.0109933984620871	0.0866546406473862	0.873534625615719	0.0108629871225651	0.0134628998220938	0.00208662603917387	0.000263846945873384	0.00182707800656107
2.581753719361e-05	0.0273621522688709	0.0774975290503851	0.876406014880857	0.0129306277958163	0.000301521010417216	0.00333513828646013	0.00181158025298847	0.000329618917011614
2.52549068185324e-05	0.000203117497222045	0.0821627809894758	0.891134492039565	0.0128812222110002	0.00370741490260491	0.00195574319375276	0.00747877337876455	0.000451200880796117
0.00458380836350925	0.00836831081003353	0.0701808803257776	0.88429659842302	0.0260328365284765	0.00138223628088056	0.00181347808722119	0.00280458477229524	0.000537266408786402
0.00282766902103934	0.00226306835600954	0.0762558122418376	0.891368788377097	0.0228769671605967	0.000912577358122344	0.00104334184557642	0.000311263193728585	0.00214051244599313
8.75160893915983e-05	0.000429939110624989	0.0729405507014236	0.89057043686983	0.0103575261333128	0.00938586953268079	0.00190034284704766	0.0105231530191343	0.00380466569655403
0.00085527408623648	0.0139585207044012	0.0680842581867987	0.898247767541619	0.00801799699828704	0.00875100454918912	0.00168462538175789	0.00017306100379496	0.0002274915479157
4.18267212069949e-05	0.0257726299199192	0.0720592068192363	0.891598342377354	0.00632855765727445	0.000938400104182138	0.00149162259441691	0.0016434574690766	0.000125956337333617
0.00411493976202897	0.0127127109711776	0.0724711617962128	0.893730304206894	0.00899821296025451	0.00470497589066696	0.00214927305003399	0.00101976623064896	9.86551320817299e-05
4.77739257981054e-05	0.000863601698195152	0.0729391924178645	0.893758791250078	0.0108111034814776	0.0202118974844586	0.00110436047643718	9.6870263061108e-05	0.000166409002629532
4.00637750993926e-05	0.0031287098917542	0.0787969187348056	0.881837031044258	0.0150350128412444	0.0180107844810856	0.00259643371554987	0.000411324468512763	0.000143721047690121
0.00657683823900049	0.0139921594941223	0.0639265047022508	0.89559575397455	0.0146304002587607	0.00198353384687944	0.00222049255273101	0.000902608533804735	0.000171708397899959
0.00975638430613797	0.0127158913786153	0.0649261749234409	0.895833110555955	0.00943637355224545	0.00273009231637232	0.00261255338098451	0.00196776458505684	2.1655001191645e-05
0.000108096963931704	0.00650809512649494	0.0718592261483322	0.894200634746199	0.0127826358487385	0.00602786684970953	0.00303987546309679	0.00541880357507891	5.4765278418688e-05
0.000236486186767592	0.000160925310015501	0.0656295621858467	0.892558626744612	0.0185612271455418	0.0132707464029417	0.00174563542726695	0.000766477217280116	0.00707031337972782
7.7368831116924e-05	0.00365584465556125	0.0753282151729077	0.885187495037774	0.0159746656526605	0.0180994431231074	0.00127371977769538	0.000316132292465963	8.71154567104128e-05
0.000388261386177026	0.00446879639435653	0.0701492438699347	0.887540584634836	0.0209149419130028	0.0109265563348495	0.000947590263898471	0.00127906667905747	0.00338495852388747
2.75285797675335e-05	0.00150477748244055	0.082810573899213	0.893588494641312	0.00917028923841077	0.0102600317549453	0.00151326258741369	0.00099772769375347	0.000127314122743817
0.00103256650334113	0.00745001024021328	0.0822984453690265	0.883279631279166	0.010350448444254	0.00169160423629151	0.00296201322554995	0.00976082552200984	0.00117445518014755
0.000172601940809573	9.53440320597297e-05	0.0672320175654109	0.888670580014428	0.0204199568534301	0.018667511365318	0.00130312291353439	9.04751060825498e-05	0.00334839020892678
0.0167127234027796	0.0195736990770629	0.167342840809899	0.740315937611272	0.0160939121768794	0.000990495373374491	0.0159497383914034	7.28819426609056e-05	0.0229477712146681
0.000165492598833588	0.00238362379197164	0.0795239733737407	0.891385928321342	0.0230925075471023	0.0008550048103867	0.000682223502587827	0.00186019166422273	5.10543898131366e-05
0.00688209647887595	0.0221430659237049	0.0773803938812563	0.878679369950176	0.0117984643905508	0.00102114223263073	0.0013025925720257	0.000721334358315136	7.1540212464067e-05
0.000794855342939884	0.0223928668662353	0.078389333248818	0.888044887030045	0.00676391021409271	0.00154074448741412	0.0011184688031315	0.000197923301048341	0.000757010706275361
0.000720828237487791	0.000236172931720432	0.0885997875513129	0.878572464209371	0.0130421288107366	0.00644669944552003	0.00346671192168127	0.00885804651154349	5.7160380626506e-05
0.00360044145810881	0.0155994488425351	0.0625312819043776	0.892058907404234	0.0163853330784846	0.0010223122696831	0.00207177715295688	0.000171840024997711	0.00655865786462236
0.00091177926221027	0.000120679727909156	0.0652407241967537	0.904533567194503	0.0168105552031869	0.00953787114646231	0.00242995678325249	0.000162478886721157	0.000252387599001297
0.000311140291966689	0.0169463484803425	0.0642891837075764	0.896016295259492	0.0165789064182116	0.000822636307760221	0.002704572820121	0.000114249373272162	0.00221666734125719
0.00352735684289743	0.00491030001367746	0.0675224042133955	0.88534991047835	0.0207787967429288	0.00892114809529964	0.00348556274501438	0.00529898448567804	0.000205536382758472
7.8345749185912e-05	0.000623016893378398	0.0652306642080603	0.894408156549663	0.00934242150787557	0.0208104912319087	0.00286108476890828	0.00536148321623218	0.00128433587478797
3.8052948504334e-05	0.00728439801962574	0.0648110395508904	0.901765915916744	0.0147064074540587	0.00807645688446211	0.00249879853274236	0.000728010926214867	9.09197667569282e-05
0.00144909973386279	0.0100954954221147	0.0656031860334109	0.900986590977404	0.0178652174626075	0.00180797848400637	0.000994150981185438	0.00114996115523258	4.83197501762298e-05
0.0009284988356724	0.0132828103822334	0.0692760741812953	0.89893869066429	0.00805267538435709	0.00112276460256054	0.00168323482530124	0.00484829743464783	0.00186695368964186
0.000276863626839233	0.00018171574515753	0.0725082232374556	0.896623340003093	0.00976959839548735	0.0125251371860111	0.00261387039582747	0.0054878767033521	1.33747067763554e-05
0.000102858329441433	0.00450473219752641	0.0710134142793908	0.895368204272233	0.00534903840510025	0.0215724332715156	0.00143487979392806	0.000274911537888299	0.000379527912976456
0.00256317207617551	0.0170434495406822	0.0686121743309836	0.892460048789365	0.010042593697999	0.00618721064929896	0.00278580119683209	0.000289423928798557	1.61257898647583e-05
5.13434980431763e-05	0.00327264736461988	0.0700601057782239	0.903220334425926	0.0110908844651058	0.00679368798356159	0.000896672863973285	0.00458466469948706	2.96589210595711e-05
0.00163763777465608	0.000214474390255697	0.0754832428506649	0.893780821545788	0.0101328851372104	0.00431001252498672	0.00122945834550262	0.0131923824619009	1.90849690349818e-05
0.000840342286056722	0.00228366888350928	0.076207168453677	0.892851768409227	0.00933946993596184	0.000413610088447013	0.00207935752658299	0.0155689383470864	0.000415676069452206
6.75586159675584e-05	0.00632331394558665	0.072555280640956	0.886096174707471	0.0294851241939587	0.00088383812799595	0.00216797011481882	0.00215036827194105	0.000270371381304499
0.000252510359041018	0.000178445096334274	0.0709361957339117	0.893537561887296	0.0232118742808925	0.00918058000368852	0.00102596289584514	0.000777818728176598	0.000899051014814024
0.000623143915531155	0.0135248335111739	0.0745532271762403	0.890783274591339	0.0139545910079415	0.000606375803815907	0.00155724787390223	0.00341208349077345	0.000985222629282306
1.83305412694013e-05	0.0138179597980995	0.0664971110100511	0.901812956811527	0.0129504105426377	0.000113630155300681	0.00131865507775498	0.000296697659537426	0.0031742484038226
0.00025846997019313	0.00270296334288899	0.0909008128076283	0.883390177061889	0.00844631114251892	0.00433233955547666	0.00185004463279031	0.00436916035975146	0.00374972112686283
3.72417810694839e-05	0.000751340001973352	0.0725526102542489	0.893078874490964	0.0152224985850231	0.00914739819864732	0.00197765160090326	0.00604703146730529	0.00118535361986537
2.06845857938915e-05	0.000574092610338991	0.0683282308428357	0.903477725505103	0.00876208889234819	0.00265786489323666	0.00248356068467553	0.0136402462485537	5.55057371139886e-05
0.000227029090693898	0.00994050185322278	0.0669907237336654	0.900902025744687	0.0144543883864517	0.00218918123279006	0.00111947891619433	0.000629886664547961	0.00354678437774728
0.00040536658687702	0.0105782521738671	0.0828882308925027	0.874460658150321	0.0163727674628283	0.00251079616642052	0.00386952641286884	0.00889100049550315	2.34016588116505e-05
6.96250757958613e-05	0.00865054782487571	0.0650272511800744	0.906754213263323	0.012097504115512	0.000716067612709721	0.00164146807574819	0.00493502250819254	0.000108300343768154
0.000464573079510911	0.00106986297009012	0.0652794397788943	0.891832433425859	0.0245500790874114	0.00489712552846489	0.00169400060074622	0.01019512041475	1.73651142734637e-05
0.00660018494933664	6.76247713816427e-05	0.0981496987182592	0.838135643272654	0.0103371672092741	5.5693527429734e-05	0.00316800108649661	0.0430199038047335	0.000466082660434722
0.00121282599862058	0.000323799929429704	0.0692688567732624	0.891118224514169	0.0176571142331495	0.0108199691720217	0.00172422207111425	0.000617938818631164	0.00725704848960144
0.000350655687563349	0.00626261592074084	0.073799088243009	0.894542407075828	0.0101248527511694	0.00989445710166025	0.00197024578986899	0.00013037146113997	0.00292530596902051
1.95029918173748e-05	0.000209637671610846	0.0657483215521958	0.898994942069189	0.022945345018414	0.00936393791554955	0.00129181813085161	0.00141875240172522	7.74224864630107e-06
0.00117556291931707	0.0039030191046036	0.064652026874698	0.892573575150268	0.021332798199591	0.0101124539773812	0.00194399055953864	0.000212138261849454	0.00409443495275239
4.53852962668533e-05	0.0104266992033281	0.0790723928776411	0.895661365685242	0.0111417025644906	0.00161732733701427	0.00183018131139475	0.000182614449176194	2.2331275445753e-05
6.39938836876603e-05	0.0181778365883047	0.0695094864558014	0.897580747400641	0.0113645450925228	0.000897713435673545	0.00189195000853373	0.000307556234451976	0.000206170900383279
0.00932346772946508	0.00916707478238844	0.0658597457410059	0.897050221337479	0.00787674001011006	0.0051699796557341	0.00183352125924242	0.00168384740608993	0.00203540207848486
0.00227018430766346	0.00922948291211071	0.0731270975358296	0.89063723605987	0.00850926462137546	0.00147315809483958	0.00294240604121294	0.00532362072138221	0.00648754970571594
5.63268494275383e-05	0.000584895951519945	0.0682004450848145	0.900979966223574	0.0122840659869604	0.00604472309180908	0.00343995682355813	0.0083643277871688	4.52922011676791e-05
8.61035535016983e-05	0.0152823330789951	0.0613938596776831	0.903313423457909	0.0117991054869496	0.0048547910130996	0.00202858967884813	0.00065599765033011	0.000585796402683732
9.77979882247052e-05	0.00473070768862902	0.0628819153749147	0.907518049863325	0.00927875816020579	0.011826137696316	0.00134830617732372	0.00215010715677104	0.000168219894290369
0.000762186893478701	0.000726979067814483	0.0665016650391704	0.899400563375822	0.0139815982175709	0.0167778079317898	0.00166235382454701	0.000126923534495542	5.99221153111522e-05
5.6172864021071e-05	0.00285468194672697	0.0655890523290664	0.907854479688977	0.0115570567221632	0.00834340787516273	0.00204128026180416	0.000748179404874114	0.000955688907204685
0.00109980545123698	0.00202956671353185	0.0666354476913412	0.895467654960674	0.0174906186405122	0.013113846694782	0.0012841618903227	0.00221545761119646	0.000663440346402958
2.53809605117291e-05	0.00121842108126112	0.0701909715313668	0.885157206614515	0.00854020305816037	0.0308115126276394	0.00193380223937334	7.77340133203648e-05	0.00204476787385229
0.000271525726160579	0.0007157497610291	0.0673334674531725	0.898556229401353	0.0171735248715633	0.0119245589277047	0.0023900506777002	0.000973695876409133	0.000661197304907686
0.00393264857268115	0.000371573233649834	0.071502884919888	0.891535275870056	0.0154114244764078	0.0118190655387818	0.00217906922907035	0.00313368881099672	0.000114369348468768
0.00266077008756702	0.0019201256699545	0.0837920164502933	0.880956626806884	0.0118416212568494	0.00463649618704442	0.00240864029485578	0.0117631253359266	2.05779106245197e-05
0.000579739728014096	0.0226091007588203	0.0720654029898585	0.886547513328951	0.0129173587149463	0.00359436000955835	0.0013241304551579	0.000235862676230323	0.000126531338463505
0.00190287361922188	0.0202499281028129	0.0711987743244979	0.892923901123645	0.0096352880165548	0.00132018798393957	0.001954659052618	0.000142052889987668	0.000672334886722671
0.000967795244338795	0.00761643814919597	0.0666185002188449	0.89521845715797	0.0137279339506541	0.0105472218602694	0.00151507033964963	0.00343014251357323	0.000358440565504267
0.00138929728188216	0.00225666709450694	0.0757254221034234	0.89987291939966	0.0109045380327423	0.000463130379247318	0.00156238827028081	0.00776503473537527	6.06027028816621e-05
8.3920116599738e-06	0.00482434925883108	0.0653406334275835	0.898413248909754	0.0112563098987186	0.0171250823184176	0.00112769800527801	0.000216881502862917	0.00168740466689411
0.00440173116140344	0.000116371247255397	0.0736886232664087	0.899897640035086	0.00805093227777509	0.000132773650083621	0.00185099477503545	0.0118323418231215	2.85917638303635e-05
0.000149903075229932	0.00143274156717019	0.071367124254445	0.894575591270131	0.0167153800224444	0.0145376394456204	0.000935096814655612	8.93343341202512e-05	0.000197189216183241
2.31807531753864e-05	0.000789855273708744	0.0674217989313757	0.891985624199034	0.0128195620281966	0.00946960291392085	0.000993722879359412	0.00557826510722195	0.0109183879140077
0.00154846875531784	0.000877795890742717	0.0730444458552746	0.904887725278428	0.0112545727486002	0.0052578257817118	0.00203389024788744	0.000310824816731765	0.000784450625305861
3.05144465534833e-05	0.00345278933312746	0.0800282687319886	0.893494289879723	0.00911764388423367	0.00415456324592421	0.0025564418431676	0.00714607401883678	1.94146164450541e-05
3.42802454525292e-05	0.000575230703875432	0.0662994332036442	0.889911604912508	0.0182309513163807	0.0221002104913874	0.0020419190566092	0.000762635145508643	4.37349246342145e-05
0.000739697817781539	0.00740039365341349	0.068007675291311	0.897561451966766	0.0150368998900722	0.00693127280245975	0.00194108306644576	0.00226351739904143	0.000118008112708412
0.000261400949375625	0.000188860684518465	0.0745578792492567	0.889174386548177	0.0199110637658982	0.011228903323993	0.00163214800093225	0.00218820419435176	0.000857153283497166
0.000650657532302953	0.0126315007270319	0.072250387095595	0.903328848568296	0.00932973760975171	0.000672212295345112	0.00088275961463796	0.00023058890469118	2.33076523479041e-05
0.00429379276300692	0.00971417713503875	0.0663541407949618	0.898742831181471	0.0150002757378388	0.003675783859903	0.00149678110849469	0.000294722951283759	0.000427494468001572
0.000298910756738357	0.000186365220547965	0.0699182599457902	0.894419982794087	0.0207528520382514	0.00970365817239862	0.00141945561819829	0.00328966411968115	1.08513343069472e-05
4.98782473999802e-05	0.000746888064382495	0.0756625002715129	0.898879049753277	0.00919291314040185	0.00131287364233115	0.00145946117845957	0.0109722564301818	0.00172417927205289
0.000239389802738076	0.0108627497510009	0.0727853906957128	0.88738639537812	0.018430128273481	0.00215721654975632	0.00206379297325673	0.00575982251071214	0.000315114065221748
0.00502367391817483	0.0129531751732251	0.0683581594632548	0.894070756219252	0.0154715356791684	0.00181750269822369	0.00186878150701069	0.000138984821811627	0.000297430519878628
0.00236966798950348	0.00048563646334825	0.0624770804658319	0.89806675914006	0.0138763029112952	0.00696093868513617	0.0018531539440258	0.0138345693147372	7.58910860624483e-05
0.00434564859088809	0.0126729849544855	0.0728924622222105	0.900146686847502	0.00677041718170718	0.000366997261664728	0.0019940452125957	0.000784163359345181	2.65943696006373e-05
6.9071219798108e-05	0.00247971388870458	0.0743234119540717	0.89268395215208	0.0117773820656062	0.0165847155908985	0.00196958293961662	8.31558135802595e-05	2.90143756444494e-05
0.000438739566821291	0.00362664050263932	0.0729539789900185	0.893587404273096	0.0127684788384734	0.0104911825699878	0.00312398389263721	0.0029585731511628	5.10182151629852e-05
0.000563395846057745	0.000511705753011709	0.0650745642032549	0.903376022388042	0.016734009471946	0.00243111393897552	0.00127262317623838	0.00998892238373683	4.7642838736689e-05
0.0428751093833512	0.000291978833776796	0.107390004673096	0.717357848832833	0.0162362128881399	2.12294659958542e-05	0.0216934294111285	0.0770591422419867	0.017075044269691
6.42920673633445e-05	0.00778834455667679	0.0751073680898311	0.891460452358297	0.0134724066882452	0.00757935405144162	0.00342327191033168	0.000114104801922772	0.000990405475890081
6.75616873104026e-06	0.000268406319426815	0.0665973512523455	0.898662410756961	0.0187936226412161	0.00507686218726164	0.00168168064364522	0.00882790143227157	8.50085981410444e-05
9.59955228246647e-06	0.00550529964929521	0.0810508300012578	0.888065468502591	0.00830949621870784	0.00590559017145042	0.00237643707729815	0.00875940730842542	1.78715186914451e-05
0.00191881532346243	0.0163694430450912	0.0725935302226499	0.880561338012586	0.0160921505234766	0.000410930987961802	0.00265371429344909	9.6764714793334e-05	0.00930331287653023
1.51906511822124e-05	0.00300343942020905	0.0730376534060011	0.900923379257649	0.013886762642509	0.00627639311663162	0.00178736834846883	0.000673487680920164	0.000396325476429524
0.00791196558877318	0.00746740376213668	0.0898048867477335	0.860292259233261	0.0127712386426351	0.000360989251629839	0.00399868562777003	0.0173394122694799	5.31588765805124e-05
7.99954025633412e-05	0.00795757227506087	0.0755954565361377	0.899278136275229	0.0119244770542403	0.00142231294232055	0.00119442233500773	0.00247968339210543	6.7943787335736e-05
0.000969147922357665	0.00941055812669075	0.063315388812969	0.897510071204804	0.00894503433780571	0.0036654365260116	0.00337435503087322	0.012051146988176	0.000758861050312166
0.00358951037018458	0.0151224350428082	0.0898328411138285	0.852908636214965	0.0146318573196108	0.000117470845995148	0.00607985346818185	0.0175320648583648	0.000185330766060827
0.000716327109620027	0.00186741930659659	0.0883395952369746	0.88146114477144	0.00634093950694608	0.0010245480030392	0.00204434376425696	0.0166098914087041	0.00159579089242201
0.00121426973175789	0.00627880012470002	0.067925565986082	0.90012247361061	0.0146614003651072	0.000776263991924032	0.00131982987742375	0.00512806109002081	0.00257333522237396
2.98414902575068e-05	0.00416278631090575	0.0633823438447923	0.895970472036382	0.0176981078281884	0.0141068723691903	0.00215087716683331	0.00246662045909426	3.20784943559992e-05
3.57544332467723e-05	0.000287800620776468	0.0816272670508729	0.888009648037701	0.0132154635688994	0.00983764545108899	0.00180970034100997	0.00514906858126719	2.76519151376589e-05
0.00409219313314105	0.000404020039647136	0.0694775452732481	0.892013180105468	0.0123859051682053	0.00673486428545857	0.00128662548568171	0.00844275655588827	0.00516290995326204
0.000683860630724745	0.00130207081271551	0.0712513441389542	0.893504778451515	0.0124971230063795	0.0178168376623802	0.00283639052726503	9.2324841254734e-05	1.52699288109612e-05
4.10058596986299e-05	0.0142799222569603	0.0683555437187484	0.895304575268717	0.012351979734551	0.00522044945146895	0.00284967385443674	0.000137102228714212	0.0014597476267052
0.0154138466172783	0.00721049130290278	0.0726740634519146	0.886069706717839	0.0088914924600023	0.0064050636936167	0.000451158399642074	0.00158519679732739	0.00129898055947691
0.000352537461239729	0.0132063502077252	0.0681531646248201	0.894772769814055	0.0152934719560914	0.00570796368402704	0.00116905349664041	0.00132023344827735	2.44553071236258e-05
7.39752120664018e-05	0.00166468259719199	0.0726115608493069	0.896296594813368	0.0112172988190956	0.00268168193525727	0.00136510478654434	0.0138531995842435	0.000235901402925794
0.00726932899546318	0.013235420516885	0.0715369170616272	0.887396114378535	0.0165310875560675	0.00108047397769427	0.0014057999829516	0.0014099107403946	0.000134946790381504
8.57839849007157e-05	0.000921587908995154	0.077017655836497	0.8916345075138	0.0100040255387273	0.00801355726911446	0.00179528761412742	0.0105182977049031	9.2966289346099e-06
2.65724766239241e-05	0.000501560217876339	0.0770206632692551	0.900097124136733	0.0100435467488877	0.00815551721642866	0.00237209372359094	0.00174957976030411	3.33424503002217e-05
0.00133914563599542	0.00905251920679617	0.0666451054502503	0.903487090605902	0.0152551063999293	0.00131644833677536	0.00141152437709918	0.00147664174492791	1.64182423249852e-05
8.15350486951871e-05	0.0142440755090695	0.0630018098570919	0.900316615189901	0.0134407558644877	0.00567729138631405	0.00219599104096978	0.000835734580703341	0.000206191522767614
7.79247249465232e-05	0.00125772314102083	0.0740736342930988	0.89458402129315	0.0152190850381736	0.00981483803818113	0.0024115418737078	0.00244678803539318	0.000114443562328428
0.000158698863834109	0.000373512749536931	0.0721165553893434	0.892354824668904	0.0154391859091116	0.014383554982426	0.000878067836385121	0.00419362291396924	0.000101976686489894
0.00262033564358175	0.0097077453343531	0.0686286590415021	0.886352221969975	0.0135237722147892	0.0026100141521567	0.00150929161480311	0.0133595413458491	0.00168841868299009
0.00698667488712918	0.0101934141415238	0.076780091652528	0.893693288326559	0.00686694326608878	0.00227929506745218	0.00209326781464102	0.00106303335707971	4.39914869981678e-05
0.000823568916105874	0.00156303377179476	0.0690966277671323	0.892021952007211	0.0183372084309152	0.00922955203817079	0.0039006701749244	0.00497290779873155	5.44790950145242e-05
0.000705989059297207	0.00173478441981048	0.0778152022196245	0.879725401601856	0.0190653219899434	0.0096036856945164	0.00361066069521486	0.000356598198675468	0.00738235612106189
0.000200583305284663	0.0118411481518074	0.0725950834147852	0.896625261052314	0.00926549724901021	0.000567028027905345	0.0020427592282828	0.00577014410606094	0.00109249546454984
1.9199940304785e-05	0.000543278112017534	0.0736064967114232	0.888380545211933	0.0159818465225504	0.0190736024758354	0.00180429295451843	0.000311720851463145	0.000279017219954224
0.0022739308821625	0.00156586514750173	0.0697323446249501	0.893683339993785	0.0119607193182941	0.016740188135065	0.00154408027374172	0.00244875812073336	5.07735037668515e-05
0.000489864967901243	0.000784844730899403	0.0677646889635973	0.906245185590017	0.0133001610766327	0.00969977903213984	0.000887252418922264	0.000807418016670454	2.08052032194932e-05
0.000401639853296443	0.00166554564859525	0.0715774913156861	0.893240169627463	0.019598046539886	0.000681747037389101	0.00101971381736079	0.0117190466453668	9.65995149561895e-05
0.00551142196117564	0.0174320542470393	0.0695370480828822	0.887529804255958	0.0164032976727563	0.000510598329826608	0.00244339950352893	0.000565414669816702	6.69612770166982e-05
0.00264012078610952	0.000187764047783675	0.0715706697199786	0.886138429010896	0.0108415439239041	0.02416723788183	0.00146193809074587	0.000357575430206562	0.00263472110854621
0.000251683470124806	0.00110306416939236	0.0694115197201975	0.897224585267461	0.0115861060969151	0.0169635404670315	0.00199430249530593	0.000661343536400241	0.000803854777172142
0.00322002907767564	0.00198857769670872	0.074261382703641	0.890916436458832	0.0150908167111944	0.00435353610357483	0.00239206766833808	0.00764286856780717	0.000134285012227959
4.73681852087015e-05	0.00612643165529136	0.0709210944882701	0.910226614846076	0.00868279075117228	0.000549654562062929	0.0015221366046215	0.00186310459700737	6.08043102895194e-05
0.00117169113041331	0.00241566013732435	0.0683399895471109	0.903181578018543	0.0154189314582399	0.00634074957369971	0.00173362723084864	0.00129411472674906	0.000103658177070877
0.00253714755553728	0.000289839693043803	0.0627514206799579	0.89818883985777	0.0177871963162868	0.00934641008368931	0.00265074581897515	0.00583620237561052	0.000612197619128955
1.34628497778235e-05	0.000338147420894802	0.077479936233686	0.885336051584529	0.0187466665174227	0.00952760744230953	0.00121820135800517	0.000196109114386048	0.00714381747898918
0.000194553607402933	0.0200757596348515	0.0700150325479804	0.893452417678956	0.00963688132139014	0.00373034367991276	0.00242600036126495	9.00111466138664e-05	0.000379000021627642
2.4898634041293e-05	0.00379325786483838	0.0658730493348914	0.914207186382085	0.00557920476045764	0.00685070219619826	0.00154676263311913	0.00208729095699571	3.76472373730323e-05
0.00037752244251853	0.00230196959508469	0.0676186441922431	0.896879675450554	0.0129566146684607	0.0134727194203843	0.00195560364513999	0.00427284004086	0.000164410544754999
7.06155209184576e-05	0.000318342523519682	0.0631266458301528	0.891789739367174	0.0130752988791972	0.0251342627593493	0.00219377715856718	0.000342063935912833	0.003949254025208
1.88376375711792e-05	0.0074467907882713	0.0727415053822431	0.909060809655216	0.00779976093440027	0.00080235616007164	0.00157557819098178	0.00053195156646111	2.24096847837424e-05
9.56005338235817e-05	0.00894611741513164	0.0860276640354861	0.881341990208109	0.00735260497608784	0.000565890160239223	0.00221698396923393	0.0119548219358936	0.00149832676599494
0.00323146684756067	0.00114636681128166	0.0699334757374928	0.896076392873121	0.0130206440572119	0.00311711734963626	0.00154486875032142	0.0108084622352839	0.00112120533809045
0.000535521610117785	0.00192674158039062	0.0685584798234427	0.894429040135042	0.0222583271276926	0.00885297733737485	0.00295387510516002	0.000311421728345069	0.000173615552434309
4.22415372545477e-05	0.00500497671517191	0.0736813807564442	0.895249954824698	0.00975316729053141	0.00930233912265811	0.00243530155617705	0.00284853757577286	0.00168210062129161
2.31510006690683e-05	0.000250301505524233	0.0758846821440425	0.89853866485292	0.0127358313149221	0.00228042534892885	0.0017486451616691	0.00848885804004281	4.94406312815761e-05
2.96072044079265e-05	0.013852981221559	0.0818781343478282	0.888157538081287	0.0105397975892953	0.000427574010171132	0.00403115135197999	0.000131542316322983	0.000951673877148665
0.00582681450466536	0.00994926140486964	0.0622128279549589	0.903000670385196	0.0131249053957015	0.0007542767217749	0.000545411696343274	0.00377157137100069	0.000814260565490066
0.000833230922806245	0.000176553724238001	0.0720407439786456	0.886507896808566	0.0246903228309281	0.0138447148138662	0.0018139685035357	7.5795653711982e-05	1.6772763702023e-05
0.003611135252387	0.000494506261286679	0.0755894669898805	0.89012715298281	0.0179435687683775	0.00773124416500649	0.00177783752511246	0.00265142885303816	7.36592021012227e-05
0.00321080597073931	0.000424685310352555	0.0637871577774503	0.899738513126575	0.0148546166855738	0.00863692292788404	0.0016023213544131	0.00753385305226527	0.000211123794746642
0.0103878255047699	0.00549665396235288	0.0723938639462228	0.88750011838891	0.0119128260637403	0.00167253467033168	0.00203410720662772	0.00841045726370547	0.000191612993339557
3.96806686724245e-05	0.0197897176924427	0.0698405926021185	0.890738053269137	0.0148724602088793	0.00149592135063632	0.00201714135699211	0.000878392867398991	0.000328039983722368
9.00222654348413e-05	0.0059701429162547	0.0678618407202191	0.890707968193503	0.0127477151543394	0.0209942519824891	0.00123268821613949	5.87875049802161e-05	0.000336583046640636
6.46168770580642e-05	0.000245210110026447	0.075535623585339	0.894615613092686	0.011376998770643	0.0107749533641072	0.00195087377224686	0.00540147764081233	3.46327870806425e-05
0.000182789475444387	0.0102828311014469	0.0653086782087151	0.903435872349507	0.00763790207581753	0.00972768199167361	0.00279718615615907	0.000584506525633504	4.25521156032858e-05
0.00297678148809423	0.00341757917989111	0.0767882451936542	0.882507329413317	0.0141099712542607	0.0111718653382468	0.00336044586496638	0.00244375134433795	0.00322403092323127
0.000325816566842525	0.00136009314592084	0.0791405081044025	0.880053487034441	0.00908535728162758	0.0199190452220097	0.00275605879918876	0.00194032265291887	0.00541931119264855
0.00108119046887267	0.000307699373973873	0.0717202399140044	0.898703815429361	0.0139247071104312	0.0123543748771032	0.00143387154303656	0.000355084481867403	0.00011901680135008
0.000487581956904958	0.0025092696863647	0.0837467578920094	0.871999754542377	0.0175708998030157	0.00313166318517549	0.00424911119906094	0.0162532002190757	5.17615160159231e-05
0.00206353786245224	0.0089127372521495	0.0715004177891241	0.896766925398985	0.0183813952385739	0.000646125535151892	0.00135829352726818	0.000322641776682497	4.79256196124736e-05
