Bcells	CentralVeinEndothelialcells	Cholangiocytes	Hepatocytes	Kupffercells	LSECs	Mesothelialcells	PortalVeinEndothelialcells	Tcells
0.21609782494437	0.00638174801083333	0.00134904342642463	0.215810332610415	0.201882403542354	0.00474135374047505	0.00242601335388625	0.00193699655757312	0.349374283813668
0.206316824224239	0.00669938975307254	0.000581107008306206	0.293163101353281	0.0937836851348365	0.00755600329860756	0.00078303310212168	0.00243872819352037	0.388678127932015
0.210615563822655	0.0190843064185105	0.000958779785210501	0.290310300303651	0.119175530482885	0.00135637070837466	0.000211366908938884	0.000439665613741359	0.357848115956033
0.213580240922611	0.0127257804140535	0.00153709067911165	0.283436346475049	0.0654315709340366	0.0118588652784812	0.00274653287350151	0.0116901523140209	0.396993420109134
0.175370520520587	0.0367669107176101	0.00241455223415385	0.296059312129076	0.137693785751909	0.00187051097633378	0.00273320250069669	0.00173884084190928	0.345352364327724
0.200428727689991	0.000738913669847365	0.00038223085123433	0.31091188079726	0.0783614362884502	0.0115118684238601	0.000419373011530193	0.00066384322723119	0.396581726040596
0.227865642648965	0.0033971184497234	0.00488427900774909	0.294152115157388	0.0535500390210697	0.00997222164586745	0.00223249244638085	0.00094858795618165	0.402997503666675
0.196822243454781	0.0194083153245101	0.00377550783474005	0.31413273340199	0.0839627592768742	0.0143939314128819	0.000501913394199619	0.0022357494223424	0.36476684647768
0.203698483590908	0.041939260256234	0.00127356277741586	0.32507267559545	0.0321994000262129	0.00592105646801441	0.000412992098784745	0.00499536117094826	0.384487208016032
0.180592999141338	0.00806828750407038	0.0118380143368257	0.274810799889934	0.115934845328697	0.00863832638770051	0.0102093849476814	0.0108944697865291	0.379012872677224
0.166173156686107	0.0347924603008502	0.000773573644504374	0.292928837276674	0.0643543455496413	0.00464522906361299	0.0319328548732353	0.00430031135150995	0.400099231253865
0.234928995072938	0.0250070176043107	0.0056368078724424	0.29248501403288	0.0519753792131572	0.0148170986827378	0.00961571277123251	0.0149556013304425	0.350578373419859
0.257619315791262	0.0253256255032196	0.00234638924421336	0.297732414509001	0.0406347133078588	0.00463187278592602	0.00278860146915544	0.00292372855335183	0.365997338836012
0.236323127670648	0.00189328784423378	0.00133286275302506	0.263451020815166	0.120825529435229	0.0110259915057269	0.00033375417836151	0.00127999934960795	0.363534426448002
0.246101336597877	0.00103870988913836	0.00420800113279369	0.271852030971235	0.0688112137294161	0.0142950332313525	0.000495151363488839	0.00485824584489774	0.388340277239801
0.240034106986829	0.00206648180823468	0.00468732910370596	0.263360440370673	0.0890229737656218	0.00735266691299087	0.000705437439600127	0.00234979784472631	0.390420765767618
0.164381875562767	0.00476380594641256	0.000552574334157465	0.280823082681274	0.145712320505749	0.0110121408212291	0.000232208327259731	0.0006008582155499	0.391921133605602
0.23968096088005	0.0101017803259711	0.00339373099139646	0.300589941028562	0.0970854139189681	0.00870703423951879	0.00627944295979956	0.00118811948141958	0.332973576174314
0.219741294445764	0.00481632601650935	0.000265072872936325	0.267474544139016	0.134373189740731	0.0107070035787862	0.000268525143364422	0.0137409905283598	0.348613053534533
0.278038210379613	0.00494415370835644	0.00264303998639611	0.266932594592493	0.0449126244006575	0.00442614378092455	0.00570160326747113	0.00214826746453463	0.390253362419554
0.268164199256372	0.00530013400328402	0.000940773377537733	0.273344006795621	0.0698686081707337	0.0099357818635586	0.00401148796868333	0.00216902441971186	0.366265984144498
0.224285764818586	0.00448139419725142	0.00112608114657033	0.251477214091668	0.10522952926282	0.013219443600433	0.0100142769852939	0.00349687812449829	0.386669417772879
0.225438711870582	0.0103969747632803	0.000340470715488156	0.278745568570458	0.0891862309488751	0.0178996121849973	0.000448980991962998	0.000728822646352963	0.376814627308003
0.19819503829869	0.00226476567168536	0.00259520148576096	0.282086759543955	0.11641446720175	0.0183917195035133	0.000569508538430334	0.00375155746578742	0.375730982290427
0.21828021010415	0.00744594630725744	0.000906904157098522	0.319050639050921	0.0986315649231541	0.0124828299156701	0.000134979787792986	0.000404788005433653	0.342662137748522
0.226635779784959	0.00910310810005507	0.00466436591474428	0.29942315506687	0.0457201902432474	0.00765100631858251	0.00053534484685495	0.00402196853892675	0.40224508118576
0.216842880430962	0.00593544508639614	0.000557286125980002	0.294225396085087	0.056607903708485	0.00891280537705325	0.0145404356506815	0.00467744833178516	0.39770039920357
0.259109563425306	0.00183561014087061	0.0167243358021053	0.289755402815978	0.0717292707407443	0.0221171643039099	0.00274667093373335	0.00162727081123521	0.334354711026117
0.17788884334975	0.00260554522773336	0.000256417832812465	0.295104891895459	0.10577149869093	0.0380020175923121	0.000585222644985004	0.0011816298260534	0.378603932939966
0.181910493853116	0.00864752057087144	0.000517850764016416	0.289250290382269	0.0957425049648697	0.00896397195605392	0.000655632291043219	0.00203266251987342	0.412279072697887
0.181307448904923	0.00174641505989795	0.00570081197391094	0.282319001804844	0.126138089233233	0.0178759365674268	0.00054891436767047	0.009506884600904	0.374856497487189
0.196832350844034	0.000776422412730073	0.000619174770562392	0.281516237601287	0.107499154480494	0.013505440141528	0.00145790478165335	0.00928939689732484	0.388503918070386
0.222174324166732	0.000771331832389854	0.00223872788312131	0.312493460703393	0.0522104152013799	0.0132503290695556	0.000814158334167124	0.00475918548047839	0.391288067328783
0.232115045403266	0.00115661494445016	0.00283613689888767	0.264067640676223	0.137598620707001	0.0186442528116965	0.00418335501491503	0.00270934762924813	0.336688985914312
0.205540380777069	0.0103509504255251	0.00589941864878969	0.307377096353659	0.124245803080609	0.00490139436486381	0.000373890126182859	0.00479167316502447	0.336519393058277
0.164198943445809	0.00140602518358236	0.011389249623437	0.313592552950474	0.0722844230615611	0.0117223761967045	0.000726095782631587	0.00484760126832182	0.419832732487479
0.2085982401319	0.000512640906807173	0.00146878299402125	0.323793843159963	0.070124178957594	0.0304303694978117	0.00030180277293324	0.00356647951808241	0.361203662060887
0.19441099982674	0.00669612544479921	0.00264688482741592	0.315438213283734	0.0473708338697591	0.0177606698483015	0.00187795621476846	0.00184531895979454	0.411952997724687
0.283120792418518	0.0176737417158633	0.000615826387334986	0.267691232262933	0.0511045539793467	0.0123689518028532	0.0111656798298036	0.00111900821501488	0.355140213388332
0.196769335490703	0.001248009957791	0.000915961938853897	0.264176982757555	0.128346173890886	0.0124020040552467	0.000653502461244635	0.000981148474049585	0.39450688097367
0.214597728764513	0.0117804237578611	0.000977299654713673	0.29282151849908	0.0895323019305559	0.00388634169824576	0.0157814242521589	0.00413253964759123	0.36649042179528
0.23740150960735	0.00192773423409365	0.00133864735686794	0.257839422060397	0.128254394338188	0.00846917618214119	0.000210959970142715	0.00573963654933419	0.358818519701486
0.2349441755794	0.00470567214855822	0.00173329817849636	0.307568419902343	0.0719211100109514	0.00689768583922075	0.000792716303303828	0.00757846520162443	0.363858456836102
0.216864270980933	0.00373260152858508	0.0126759454100572	0.283519953422898	0.0980210993456637	0.0253027735117559	0.000484568746919909	0.00255093377659448	0.356847853276592
0.190592887257057	0.00349220823562177	0.000224826357891827	0.318268275747625	0.105209847087015	0.00958714282844788	0.000103371560685126	0.00207065369285004	0.370450787232805
0.211337187721179	0.00129365130166524	0.00247009981212529	0.317052538559194	0.0686700708317871	0.0111428567815632	0.000402742582862379	0.0102148594751823	0.377415992934442
0.269193518819224	0.00895054367154095	0.000992606499943923	0.272212247949942	0.0874580158213478	0.00722175217876363	0.000502006419616597	0.00247855322507496	0.350990755414546
0.184674415770122	0.00104206041021191	0.0130407286901648	0.31617867524773	0.0856769358862444	0.00158537391169469	0.00112547170256869	0.0109528408288938	0.38572349755237
0.246963803694931	0.0098691993233399	0.000402753108984686	0.325145004947433	0.0415019520882247	0.00507273583209476	9.11479032120553e-05	0.00117157918276476	0.369781823919015
0.243035713221728	0.00360569921600703	0.00091794320691234	0.289746937586914	0.0805403783963442	0.00178530649190778	0.000208814976142097	0.00838212338733053	0.371777083516714
0.156685617313802	0.000952307934496248	0.00147705925304119	0.339413642652852	0.146098868886863	0.00457071860096742	0.000715804554910811	0.0155504158212572	0.334535564981811
0.212734630650437	0.00297843671739393	0.00190390952692724	0.296796677046055	0.111772637903053	0.00274554942347432	0.00548369657988861	0.00381077400530471	0.361773688147467
0.216732823397019	0.00110492353673629	0.00403875556382742	0.311858329263945	0.103856950790493	0.00493479650789437	0.0045601984100391	0.016623974285852	0.336289248244194
0.229452946019472	0.00351276412397651	0.000499890002979743	0.303344276704845	0.0538104658656477	0.020426951408968	0.000400812166944401	0.00139226385329161	0.387159629853875
0.234553564476701	0.00444458442687652	0.00311323640105615	0.273667149529174	0.0964846361470324	0.0111966786978903	0.000852661812571516	0.00195570908848315	0.373731779420216
0.205624170650777	0.000888297644338101	0.00182366317453661	0.298236205592707	0.111381434168571	0.00256837736393288	0.000150236265240612	0.0181473632302907	0.361180251909606
0.228213834125059	0.00241012523642071	0.00118510466260672	0.255536805041417	0.0683048564059956	0.0229628735180606	0.0106014617396942	0.00239391327511449	0.408391025995632
0.194083316462335	0.00369147952433371	0.000509350776802978	0.294148491076483	0.113114514820339	0.0131622005608055	0.00159154666458274	0.00535518008712514	0.374343920027192
0.23320841618943	0.00390899649904539	0.000770624791795316	0.268336660755107	0.086444714348806	0.00380561631011465	0.00106882478543518	0.00942564748560202	0.393030498834664
0.234960805108312	0.00918806802674158	0.000575144506533351	0.258961586262691	0.0849412759845457	0.00931381849909355	0.0053911898948852	0.00285434255056719	0.393813769166631
0.22649728119059	0.000933948761435826	0.00688896567238633	0.249931357148252	0.172038572239695	0.0159566727268771	0.000472262520265153	0.0061533598342328	0.321127579906266
0.224408270729543	0.0396553075844568	0.00141082317187414	0.299107202529645	0.0491480607763499	0.00938258088451897	0.000310708871388509	0.00350209937643549	0.373074946075788
0.208707025618861	0.00312908471238783	0.00243810457987416	0.290159812633706	0.083629478409665	0.0101195487805874	0.000434261573558305	0.00181629080176576	0.399566392889595
0.225895164930418	0.0213958932581744	0.0354138437137202	0.258177119994303	0.0601681348393065	0.00655766145843428	0.000921717554986401	0.00441581947073085	0.387054644779925
0.231714504511194	0.0623379923126477	0.00119934771482818	0.300585534996874	0.0992333340134801	0.0024320199257472	0.0142274412184463	0.00135696469609887	0.286912860610684
0.19997789460062	0.000462288637627151	0.00564378384089531	0.285916247309223	0.0781633568661603	0.00898234366073953	0.000317666506831303	0.000472818359187189	0.420063600218717
0.206949519113654	0.00174485354765126	0.000439967987479594	0.265612160831293	0.180727643657547	0.00751979118727107	0.00142470738815622	0.0130108666252897	0.322570489661658
0.193119221190753	0.000391631006379287	0.000316553047613041	0.299231424958925	0.149588672580028	0.0026591724405795	0.000286939457186209	0.000364599689187511	0.354041785629348
0.201182685590603	0.00186121444470651	0.0238491190036276	0.333256933493105	0.0661378849692219	0.00673245306575432	0.00294676669739086	0.00942864095611962	0.354604301779471
0.19304150066703	0.00965979201483309	0.000481249184256746	0.306136278558522	0.0647701492426925	0.0167642453600538	0.00276847667064248	0.00281432561740263	0.403563982684567
0.230651199383172	0.018300260675263	0.000989502023681427	0.274044661883439	0.0538232690339238	0.00980446510512656	0.000251303135002822	0.0056570555409843	0.406478283219407
0.270207763254056	0.00446326773106865	0.00359184596319332	0.293032494523431	0.045502812354457	0.0123572059545417	0.00477303627480034	0.00579334101114524	0.360278232933307
0.232919095218325	0.00230454320555386	0.000534176017961108	0.319997180837078	0.0536964802140179	0.026230521918144	0.00065283039823232	0.00055863781554667	0.363106534375141
0.209138507125672	0.00216206333711696	0.00259715655621843	0.275135374197291	0.124201080612795	0.0132039302513052	0.000907887160344109	0.00982865539913108	0.362825345360126
0.266057546417504	0.0065150481760902	0.000902320395221709	0.258191056279638	0.0861799686704513	0.00872093327965426	0.00213454565382968	0.00292188486372477	0.368376696263886
0.195208659457369	0.0112577031791079	0.000592211823820912	0.300775658884151	0.0622850075662537	0.00820714499768974	0.00093469250327231	0.000658440837664237	0.42008048075067
0.199598306453037	0.0129208757275132	0.0030954388193917	0.286471665309639	0.0914045046001303	0.014081581932585	0.00801693314021551	0.00134233538036325	0.383068358637125
0.216005638856618	0.000603658234841047	0.000753125855089658	0.264508398485401	0.108821948641888	0.0215201623292257	0.00144197683528995	0.000917797889070532	0.385427292872576
0.166550066609159	0.00219000976034719	0.00454388546792047	0.30599663559842	0.0999442598274715	0.0163799843292412	0.000531243051210475	0.00123938309279824	0.402624532263433
0.205192891163629	0.0055917867931039	0.00110395200696547	0.259977989568811	0.118203811389954	0.0153166452708526	0.000176124714889531	0.00472315513580852	0.389713643955986
0.231813302001521	0.00358288965063932	0.0156209544982673	0.309524410475321	0.0720880326617127	0.00684632217936941	0.000163620868516559	0.00352103949565506	0.356839428168998
0.19852595377049	0.00612673339322607	0.0198540127362548	0.28373594401479	0.0833804007170493	0.00725088560098679	0.00118534110826832	0.0159013324912518	0.384039396167683
0.183248549760411	0.000367895162586225	0.00460682578309169	0.296238222312561	0.119013662386782	0.0241855009278024	0.000132848212727403	0.000652419812842378	0.371554075641197
0.225767789557006	0.0247959701696321	0.152356739122236	0.119240879119005	0.0538806691468452	0.000756731082162093	0.124925197576863	0.000602061932108907	0.297673962294142
0.181566537600337	0.000848617504661012	0.00301530595272157	0.293862764763549	0.147596236014753	0.00304973091758607	0.00014637280867321	0.00958916565848886	0.36032526877923
0.190991732871595	0.00266127763653071	0.00121828856729024	0.325341151875441	0.0757499970821261	0.00437977681683463	7.02869644008956e-05	0.005928623901313	0.393658864284469
0.23785894566093	0.0261686807168171	0.00180153906175086	0.298153770466684	0.0403432509969211	0.00941123167252087	0.000242177930275168	0.00147370849249028	0.384546695001611
0.183986666906614	0.000711643346436054	0.0554490627901852	0.292638669038752	0.100856046948009	0.00215534156360072	0.0114488873611768	0.008945069613552	0.343808612431674
0.213558220890289	0.010360489358482	0.00058728649010531	0.274035808266244	0.116701922665097	0.0104819615303911	0.00224476358710349	0.000841185662651767	0.371188361549636
0.192089483336409	0.000307712697622299	0.000989465833242663	0.305143986075374	0.114724158494699	0.00280939979235058	0.00077675478864263	0.000714270648442047	0.382444768333218
0.249925331206404	0.014816066768872	0.0011996477042224	0.268684417119534	0.112294035231762	0.00477172278283144	0.005428314996835	0.000893926110523751	0.341986538079016
0.241518262474053	0.00589271424609759	0.000747345029381755	0.261024832670745	0.138807975648244	0.0174184109773924	0.00939949348661171	0.0150988127572738	0.3100921527102
0.256200284949008	0.00149122508360836	0.000422795702845137	0.288359311375358	0.0516964384561087	0.033677508088644	0.000538894734644657	0.000502970634559561	0.367110570975223
0.224869571204399	0.0026470818641087	0.000637936492123026	0.297129395603573	0.0865508364430399	0.0112359876922305	0.000930063233431037	0.00359739737196076	0.372401730095134
0.162173710108652	0.00902836525938857	0.0018066277446958	0.314434842537494	0.127915660490834	0.0105201392495638	7.62302205112233e-05	0.000532584315837556	0.373511840073022
0.166851140050644	0.0124134884951961	0.000987680670143224	0.317681981097329	0.0518172611888077	0.0116619108093138	0.000439327542127643	0.00151673478623569	0.436630475360202
0.257215360605187	0.00140320661459812	0.000327989267180977	0.300486794794419	0.0624608152126912	0.0197727166836457	0.000248151679259341	0.0100606934540418	0.348024271688977
0.274373138760269	0.00399329399686392	0.000530702559358546	0.288202263492461	0.0436649089252996	0.0231978323013202	0.000239080573036635	0.00115704171112494	0.364641737680267
0.180223935827324	0.0146007316829163	0.000252012594577474	0.321491138787521	0.0597817997010219	0.0130938833766385	0.00796393560940551	0.00294036963669345	0.399652192783902
0.249393623508315	0.00147095091914358	0.00120334977629513	0.301434675012282	0.0653212877629696	0.0150820947975557	0.000196538078712846	0.0033818708594236	0.362515609285302
0.214938044844456	0.00239070337440829	0.000386996975475674	0.322208158192601	0.0741521501225253	0.0050724476421492	0.000191313606705866	0.00575747261437023	0.374902712627308
0.204818809758306	0.00253662353603339	0.0107439153632756	0.312341650413654	0.0516012110397158	0.00511540587862763	0.000184374535701756	0.00419941574119142	0.408458593733495
0.1660525620836	0.00177713964703261	0.00750604610272906	0.270033926126988	0.217477195600339	0.00247353398937462	0.00028394113535188	0.00268046708203087	0.331715188232555
0.229707158671135	0.000597823730671289	0.00154598582644934	0.264799000750639	0.137557062400276	0.00838372944598985	0.000194074967622847	0.00461004628099894	0.352605117926217
0.248000018570118	0.00515220333470828	0.00206609738469385	0.271145499475065	0.0877965885299514	0.00356767876090638	0.000878644196970235	0.00313276869666477	0.378260501050922
0.160348420040346	0.00732719261791704	0.00027314235664662	0.318153854542394	0.0593776417174337	0.000449236091115632	6.62765507184279e-05	0.000528311751113208	0.453475924332315
0.228224342261565	0.00492850573217963	0.0834935901684615	0.283716719509858	0.0391011394553184	0.00217653604237965	0.000503092066345106	0.00088813348338749	0.356967941280505
0.170458849733112	0.000912007242908067	0.00202861460339027	0.318795577391053	0.10855519064309	0.0182038293581327	0.000278382926660784	0.00523598178220424	0.375531566319449
0.21075082508421	0.00140751253173672	0.002954818711343	0.313374680613849	0.0772256327139237	0.0177090294574393	0.00386275030577255	0.00113834857211594	0.37157640200961
0.256803197543972	0.00597907254458954	0.00282854959723544	0.262536323248314	0.0940519646251331	0.00489009453110064	0.000299971068158614	0.00266280700107844	0.369948019840418
0.201109028365521	0.00347752225414907	0.0441707495600686	0.273394709999097	0.111762980451688	0.00334684961710721	0.00848194857657544	0.0304027682883718	0.323853442887422
0.210678899093951	0.00741063688539307	0.000361974024093529	0.29981443128838	0.0803311387698937	0.00863646899596529	0.000298305412062714	0.000570714060008419	0.391897431470251
0.191869715583621	0.00250193740447334	0.000951712452749049	0.271819848230125	0.159535158347831	0.0109837418242885	0.000169449146433834	0.00289860613024236	0.359269830880236
0.238628417282888	0.00118365865460483	0.0967280278494054	0.248990454179252	0.0490649440428387	0.00117705355835651	0.006054201704768	0.0704549788000482	0.287718263927839
0.231144830600293	0.000883837072231517	0.00116553227005211	0.272997674098632	0.126546709329214	0.00471769570920242	0.000135064834488102	0.00323507774870296	0.359173578337184
0.186385499893718	0.00359361076189444	0.00122789623212406	0.317281302379819	0.0638352427896676	0.0130088664279582	0.00143133002210911	0.0010368748791883	0.412199376613521
0.144487727864409	0.00065034946027966	0.000323368898004974	0.290964500980226	0.185296978646475	0.00613823389985635	0.000332358201534276	0.00605326602144707	0.365753216027768
0.2237933388698	0.000649578594358474	0.00115240789861621	0.266820323061046	0.130963643030111	0.0114855503233375	0.00105491862583	0.0050548607243264	0.359025378872574
0.220731668180417	0.00316787573287296	0.000889208612526353	0.306314156479894	0.069442057181185	0.00142901165046452	0.00393178235736785	0.00313247636104669	0.390961763444225
0.210078796236617	0.0131357241794867	0.000957106787559206	0.288427852376343	0.0848737237134108	0.0106587051691091	0.00874732371911724	0.00321189196475186	0.379908875853605
0.217300860247017	0.00254523550413039	0.00648704632096027	0.281044897388511	0.0410036712771762	0.0184643917454186	0.000397489184592045	0.00114667665765346	0.43160973167454
0.226083973390165	0.00730818789421311	0.000731051202280354	0.286397591576265	0.0492703626179867	0.00767730560062467	0.0118214488443612	0.000815514410360155	0.409894564463744
0.15789532695006	0.000492346179259002	0.00244082100146887	0.307607454249689	0.0793815172092446	0.00306594735430717	0.00109348800936599	0.0193038089192121	0.428719290127393
0.237198840542832	0.00580228094661542	0.000878595333052431	0.307710376991481	0.0831973709261506	0.00738400403098075	0.00085942999547119	0.00397628916632506	0.352992812067091
0.233754284738462	0.012247815324595	0.000592878540652057	0.296284860510146	0.0516614249574831	0.0181657548230519	0.000368876984068334	0.000926961893489284	0.385997142228052
0.238555080294766	0.000586844816814208	0.000978853174144318	0.284070087064261	0.1009196439114	0.0181467173356838	0.000393881804476745	0.000568684602330869	0.355780206996123
0.22301845863771	0.00126898165688607	0.00707674328915406	0.295738999665403	0.0822354633046192	0.00533922451140029	0.00174531165143764	0.00356675685582678	0.380010060427563
0.175551097204821	0.00181870044712431	0.00112849611947825	0.276807912036156	0.117076711805367	0.0169150436862122	0.000210127500318554	0.000954891675958689	0.409537019524565
0.219216432603544	0.00156594426864242	0.00115078761233655	0.290402163400216	0.0662696726871947	0.0402177483055456	0.00100164535545993	0.00127339729986678	0.378902208467194
0.218264533907549	0.000275827926969226	0.00053131614606342	0.305050955649504	0.0914856785267775	0.0120683464175477	0.00107337040275399	0.00117995094104684	0.370070020081788
0.206210130082597	0.000549142582143769	0.000914752213588164	0.289926963749228	0.110036365435762	0.0143827964140794	0.000331258733544063	0.000748651628250274	0.376899939160808
0.175723136660246	0.00218721760043027	0.0357278935704468	0.309104082314245	0.0786619148513344	0.00279277387152687	0.0107349293036775	0.0103113093965009	0.374756742431592
0.234141725376025	0.0206699396673767	0.000435645596876489	0.295904969307429	0.0737568791348659	0.0121543023331	0.000252400076880872	0.000464557469468614	0.362219581037977
0.233074651034358	0.0101447961577089	0.00487074803211134	0.311624174826354	0.0673888436058011	0.0155944370194981	0.00168547940066294	0.00669914169382395	0.348917728229681
0.207052857672579	0.00672517710423523	0.000775075571762914	0.286995143475117	0.0900013839240275	0.0153059878643608	0.000344865387123028	0.0080902248976332	0.384709284103161
0.206048963486747	0.00160883815161914	0.00244488226875552	0.302450389741421	0.0580765305238422	0.00415643090547054	0.00126643588053231	0.00335808888350312	0.420589440158109
0.173710431369762	0.000452820454760093	0.000276063542801598	0.32238819719254	0.112840421937546	0.0250209684950323	3.81302005955603e-05	0.00136226406963433	0.363910702737327
0.218599717863934	0.000635382164887297	0.00120060306041863	0.321386340641354	0.0385708426534291	0.00226269801434056	0.000415703608368393	0.000998763763182642	0.415929948230086
0.16963278022812	0.00203755463551438	0.000636662938854322	0.307480197578935	0.102374507606467	0.0233554700966295	0.000284190795016829	0.00061075611759484	0.393587880002869
0.195178769551487	0.000910169619120824	0.000464849973537639	0.291505967058278	0.0827618641396191	0.0224279510730933	0.000297808451312287	0.00165998318884774	0.404792636944704
0.283627388288871	0.00116591706353821	0.000428407380864343	0.310594856256591	0.0572564680870061	0.00351250055002902	0.000878354572085492	0.000592665051274554	0.34194344274974
0.155620873445516	0.0041517510683483	0.0485716191897418	0.313907667444129	0.0537455105488928	0.00999306730978926	0.00674814223597738	0.010088926762299	0.397172441995307
0.184524646054434	0.00101205282352418	0.00075095675158097	0.275546992924252	0.131023951159934	0.0327971831709326	0.00176656311657867	0.00166231620891338	0.370915337789849
0.180902138289218	0.00158555842508162	0.000443465249224071	0.298452982158768	0.0876982778779632	0.0204938616805103	0.000505854721205013	0.00106289486300292	0.408854966735027
0.203615673033781	0.0004563946330039	0.0118907262801638	0.287375435853654	0.131291738171961	0.00550895654481286	0.000243134427945559	0.00559034012044523	0.354027600934232
0.205379919164968	0.00173539308221621	0.00157291617104964	0.33948553233345	0.0661003336152986	0.00225706567460923	0.000579651186426653	0.000958483771673005	0.381930705000309
0.224790810452055	0.00790475614486444	0.000807897462287881	0.280056252718458	0.104608383149442	0.0117424901230019	0.000356791923729297	0.000936577408852173	0.368796040617309
0.195770125322308	0.000357858689803285	0.00269127592814362	0.291373574780183	0.157326630459997	0.00701851852510539	8.64306406651796e-05	0.00147719175901721	0.343898393894777
0.268391907071324	0.000760058207686386	0.000390762306545562	0.296222411231901	0.0527786061943702	0.00655753628668198	0.000771771023901853	0.000676624412003554	0.373450323265586
0.252935467573415	0.00976923855303356	0.00278191421028982	0.2435352626699	0.116870435771149	0.0133619879919198	0.00550692295991519	0.0048745860890875	0.35036418418129
0.21414341102127	0.0123137624167937	0.000592884027274765	0.291555511312383	0.101963536617348	0.00492796890157172	0.000690161411526972	0.000399145556952495	0.373413618734879
0.207114605358151	0.00163834098934812	0.00132672507533755	0.295045601904196	0.0862554800618413	0.028307262002077	0.000271221419639557	0.00327497129665682	0.376765791892753
0.21629538997765	0.0202687122983727	0.000888757824230067	0.341852858745401	0.0231016594918066	0.00187944583563437	0.00643602906478249	0.00177839848393434	0.387498748278189
0.178092781505494	0.00256488321099757	0.00767282995549733	0.299008324346696	0.0780768266948561	0.0243805880735625	9.47199756281145e-05	0.00134746280864564	0.408761583428622
0.211180271475444	0.00371459767566955	0.00191410623031802	0.292666702808749	0.0682791254382507	0.0186795570885579	0.0066845348630735	0.01032980062104	0.386551303798897
0.203608596817399	0.0022915804756269	0.000554364089635703	0.287145680320622	0.10415180891849	0.00313409493332368	0.000190537946001804	0.00100244276699618	0.397920893731905
0.295829787395995	0.0263184885828731	0.0323149297238768	0.113393342042704	0.0594470141620201	0.000175551814041108	0.122018309461965	0.135707007741579	0.214795569074947
0.176211284026842	0.00470995227097248	0.0114982966421805	0.303963913858511	0.102983536342214	0.0127270053279815	0.00585538719151753	0.00252801876813719	0.379522605571643
0.142912612675189	0.0099612104439278	0.00638583305291891	0.32711062449977	0.166845946063166	0.00270778535353523	0.000293951393537288	0.000360307403193132	0.343421729114762
0.180844765819215	0.010255422198707	0.0409871006936608	0.287003072305929	0.0890467660940387	0.00602635545124193	0.00162055744711478	0.00925017063374275	0.37496578935635
0.221629501962294	0.00975861540589595	0.000730989729921526	0.281873899229516	0.104836428015191	0.00938888026154633	0.0059693001552617	0.000552200191507849	0.365260185048865
0.183092698454734	0.00225859371298681	0.00299557284810818	0.31524427966944	0.110245866655582	0.00199829631075947	6.16525419598268e-05	0.000623276263204076	0.383479763543226
0.214945811447351	0.00116111542666131	0.0734389344603098	0.263318477014889	0.068351032766714	0.00269853394373428	0.0237889259260415	0.0441775923453603	0.308119576668939
0.264502186398075	0.00827139449341019	0.000439037470771048	0.301343139582844	0.0695051351174727	0.00189798384739189	0.000310685969037177	0.00288744641609862	0.3508429907049
0.189794655679309	0.0135158038517466	0.00019021968584791	0.327217291727617	0.069614296403681	0.0131819148046745	0.00497316936164237	0.0017629311137128	0.379749717371769
0.238069791936298	0.0239014660912389	0.0243495484147205	0.230352767876777	0.094635996941495	0.0034590116766297	0.0635014132159561	0.0191311976111798	0.302598806235706
0.190182297524017	0.00633656162551818	0.0609907352708849	0.310181799422581	0.0322400675455456	0.00496176342424571	0.000346955662338543	0.0113283030539242	0.383431516470945
0.234186244837703	0.00386488552575577	0.00281039455127361	0.296659852944089	0.0984184365568659	0.00362864422302827	0.000234357037484141	0.00138775224480754	0.358809432078992
0.173159083406569	0.00427993219106388	0.000436490133447488	0.292935389005237	0.131406990525526	0.0156710257351687	0.000328044384903761	0.00262599301706887	0.379157051601016
0.151983333185022	0.004536537533344	0.0086178794496528	0.331607642136548	0.0992564302286183	0.0104009735278146	0.000585526325094139	0.00198923002987406	0.391022447584032
0.222021726487792	0.000892012710497958	0.00151824563717034	0.289924295490498	0.0724882269713734	0.0117337537334341	0.00187700163153617	0.00107845759473825	0.39846627974296
0.242425374904773	0.00110440990775461	0.000701163987229205	0.288204926468458	0.0937398286822762	0.0304452599569249	9.75944911237234e-05	0.000743640580393584	0.342537801021066
0.209474849590746	0.0247802542044061	0.00145511239511808	0.292696384667765	0.0698194492526474	0.00629704408285168	0.000590360137603968	0.00115768816131268	0.393728857507549
0.257704935933108	0.00114262230317896	0.000367719544121781	0.297591912386217	0.0497168834989891	0.028149147505073	0.000114675802953591	0.00058301630067	0.364629086725688
0.183090004950275	0.00398718302335626	0.00323190331772491	0.297886844420646	0.0860642637712454	0.00572536201275738	0.000412810218078843	0.0340138282723589	0.385587800013557
0.235870333717229	0.00269165480182122	0.00128010895878816	0.299465803461551	0.09253823588243	0.0076322618699112	0.000243296961075441	0.0146200922088093	0.345658212138384
0.272019912920996	0.00123242537712548	0.00075905852515657	0.268426562345375	0.0914540604445182	0.0142137217037953	0.000196057609209156	0.00287028827044675	0.348827912803378
0.172805576910737	0.00101859879714284	0.0155464485261654	0.309834357356308	0.0780594104575485	0.0195111724400817	0.000958654147118751	0.00937999130413698	0.392885790060761
0.179484522537505	0.00161581329025024	0.0123483247321368	0.300403510117875	0.0735129420351106	0.00405319981286655	0.000357784544911083	0.00741387973559894	0.420810023193746
0.218269144492458	0.0021924143292075	0.00134736154562095	0.328453121727404	0.0811917336871107	0.00399017209422954	6.85247066575853e-05	0.000647128428693415	0.363840398988618
0.185535770052889	0.00695805867952638	0.000505320859612743	0.300529730374732	0.0922262167193579	0.0166002971661075	0.000575062047363455	0.00168827779282739	0.395381266307584
0.167234920149854	0.00266813675647328	0.00470324594436175	0.310203875955755	0.113885337628698	0.0038283328308615	0.000172871372079833	0.0165905674605919	0.380712711901324
0.185397554549622	0.000466084812835168	0.00507630324301158	0.311654669036777	0.0809284705123543	0.0226440262662583	0.000106375430434451	0.00419236758390412	0.389534148564803
0.229763479566973	0.0132506779691253	0.00127782187250384	0.270237767638254	0.084304761728797	0.0198443869635584	0.00025622991929858	0.0012128352399279	0.379852039101562
0.272776088993748	0.00372838430817504	0.000887132290848094	0.303871592072796	0.0510796692094946	0.0116474176056343	0.00059781979876543	0.000602200135252735	0.354809695585286
0.182794292775123	0.00190641191483564	0.0021873964900441	0.286402517891692	0.122153961012383	0.017543362803968	0.000707464878728511	0.0151840020478679	0.371120590185358
0.207323265357231	0.00282883284146524	0.00207709788363064	0.27236586323659	0.126143039075284	0.0108089837303518	0.0110062361160066	0.0017645536840196	0.365682128075421
0.258879492972225	0.0124188827001217	0.0015604149303181	0.296508670458245	0.0508209214363897	0.00219511050174653	0.00499354453341213	0.00189496604809662	0.370727996419445
0.178856508612151	0.00132352139446157	0.00635172231074508	0.285963948272464	0.129323736907011	0.0231426409579869	0.000277087735032293	0.000856959781476647	0.373903874028671
0.23024109210603	0.00574747381263308	0.000634656161327931	0.281907225538343	0.0883000225431846	0.0209115056782891	0.00467684666938594	0.00136695183585229	0.366214225654953
0.205880398011324	0.000692257275864973	0.00015908980046641	0.315908563171436	0.0699234553338905	0.0110417222711438	0.000137338216320705	0.000666926527427332	0.395590249392126
0.21435139063343	0.00280709846111718	0.00112120887156613	0.293936523787053	0.114318317167871	0.00198233328547308	0.000177799286493126	0.00759209781928475	0.363713230687712
0.251273977083558	0.0103212630933702	0.000465038141524318	0.269414217742368	0.111979495043282	0.00207740199477341	0.00607097771892501	0.00154799858679318	0.346849630595407
0.196581148294519	0.000812707651850867	0.00261048031791358	0.319513255088834	0.0744090432964411	0.0365269870813679	0.000207091441574093	0.000355282112411758	0.368984004715088
0.187184349151546	0.00171179296799757	0.000970783626756	0.310038683043695	0.0772279091213421	0.0236532318370232	0.000205327231667081	0.000603092175432593	0.398404830844541
0.224020603291368	0.00287002645586937	0.00079322272769451	0.275789203697286	0.107230079614616	0.0154298688403204	0.000494911786548326	0.00475564260713088	0.368616440979166
0.221341725624602	0.000973389901166473	0.0031310021595565	0.36089196036702	0.0622007699103173	0.00266531618570704	7.16487617165183e-05	0.00199268074686944	0.346731506343044
0.212749411690889	0.00134870265077481	0.000897812672960877	0.29848852238838	0.102666429825151	0.00546726071999338	0.000239260747195804	0.000930912436094711	0.37721168686856
0.233245925579172	0.00172549673029854	0.000297711936403612	0.278409040004455	0.105342948354481	0.0186458919345859	9.94855302936832e-05	0.00113514547470191	0.361098354455608
0.174674270165721	0.000431798688298905	0.00066731559744004	0.291382380699255	0.143986980550991	0.00275907313395648	0.000171719766392017	0.00183651988931146	0.384089941508634
0.216998558414234	0.0126871912460089	0.000731170211994112	0.286400723364522	0.0643384216413174	0.013926281389722	0.00838314360569726	0.00227564533392682	0.394258864792578
0.189777394381745	0.00157318971631134	0.00020405506407877	0.326341846892431	0.0279821164217464	0.00425698198027043	0.000186047406838342	0.00501263673802354	0.444665731398555
0.187328221120141	0.00125885076102687	0.0017463196891569	0.309068517324219	0.0920538666704692	0.0175040270022353	0.000162515408265776	0.00655882342987897	0.384318858594606
0.259100197409486	0.000532414264643516	0.000310445681122445	0.286676213868584	0.0729426306085735	0.0205797924774905	0.000497404655586511	0.000549926583881167	0.358810974450633
0.217070634673503	0.0010500795533582	0.00040073396664522	0.334333981146091	0.0463298108460061	0.00206969510736745	0.000188934063087112	0.00496472005017647	0.393591410593765
0.147353306819426	0.0012397805579437	0.0573637038811553	0.284923997668579	0.0400213115880115	0.000742607375046852	0.0025315591210974	0.0454241347574887	0.420399598231252
0.278094425854677	0.00229879658524143	0.000962253838915571	0.232114099378602	0.0736003132946558	0.0069526333641392	0.00228362116237054	0.00563003768919078	0.398063818832208
0.191416458741856	0.00133641059553254	0.00105463831813634	0.27576616033271	0.157405868280988	0.00279825299131469	0.00102160566557177	0.00091884156250997	0.368281763511381
0.17186424085696	0.00124575135850082	0.00338329519907195	0.274581856188919	0.0663007955923389	0.0231126793971983	0.00202243717267324	0.00220313599918425	0.455285808235153
0.207637717393419	0.00101362733048295	0.00117440563303467	0.31556298120016	0.0808098852643515	0.00791674824468676	0.000343189701277533	0.000466439097201565	0.385075006135385
0.200684008898056	0.00175946413329476	0.00472997275166795	0.287123285255142	0.063358939317355	0.00384396745487664	0.00828740145543511	0.00470374358228647	0.425509217151887
0.26474545105581	0.00747532804687702	0.000341604093688434	0.295009618084086	0.0795105981178575	0.00365829156322126	0.000306534807198671	0.00801647908355043	0.340936095147711
0.138669356769218	0.000848771805108065	0.00710158764487669	0.285516807624021	0.17885861167513	0.0109087018560179	0.000207977123266447	0.000856731575896623	0.377031453926466
0.180148660994774	0.00116042673727712	0.00340477776760831	0.283019922629676	0.133434336333524	0.00246342421650244	0.000524652920921078	0.00468272098424257	0.391161077415473
0.195392336042834	0.005148266909092	0.000347697617009993	0.293636912124252	0.10297671405775	0.0149224716645572	0.000200111514684249	0.00316396770997023	0.384211522359849
0.239576056331524	0.00116632348074539	0.00207790250105482	0.279525469810542	0.0742403089670406	0.010051214381527	0.000467592167526202	0.00163301665302185	0.391262115707018
0.205056254643914	0.0101689837005647	0.00769188337934165	0.275742100195271	0.117347343131167	0.0142388277636157	0.00188820478256137	0.00980263892482142	0.358063763478744
0.228819424988368	0.00336766284714041	0.000262341813137164	0.27769644430288	0.0815652203516846	0.0257929884407755	0.000701221622989919	0.00119217738188201	0.380602518251142
0.204701276305007	0.00132197852982388	0.000451959999170645	0.299549713435738	0.0784120229935059	0.0179953512586505	0.000575441600253759	0.000808848483851035	0.396183407393999
0.209326681877497	0.00830524486811748	0.000574711290526448	0.303646391859123	0.0443288778762264	0.0234973906100511	0.00565598863208823	0.000827666588020638	0.40383704639835
0.236137889548445	0.00504147699978848	0.00155618106331104	0.287588085825045	0.0725435905711364	0.0085975415416324	0.0114465137544379	0.00584356299908499	0.371245157697119
0.173218784426619	0.0130023232220776	0.0205669785826009	0.283842067651296	0.0619713356508441	0.0184138180522803	0.00288096355176368	0.0034016178525515	0.422702111009968
0.201209408605192	0.000364998543052601	0.00113778538153455	0.299044959712592	0.0984445106034181	0.0109463662856657	0.000127361573250808	0.000287153537896584	0.388437455757397
0.161770795431724	0.00158441169917632	0.0100213164271772	0.277626169820742	0.135054166129626	0.00507556364517144	0.0211655858362322	0.0324266899409621	0.355275301069189
0.156566630212211	0.00486965309069021	0.00257234185629109	0.289468956763559	0.107130773862495	0.00460355742542187	0.000156709124513294	0.00168221513798094	0.432949162526838
0.216141119293626	0.00229030020826048	0.000803559062521271	0.283204700518328	0.0748371979579687	0.0243167836679381	0.000169277877878371	0.000907356419202461	0.397329704994277
0.183210688792731	0.00208240407320596	0.00856461677683959	0.318221491345564	0.0968885346897131	0.00865058367210604	0.000838621134236153	0.00278351059719158	0.378759548918413
0.181227732664372	0.00385959544177902	0.000620310177357902	0.310490054955561	0.0906061744967006	0.0111032319610949	0.000174436875215946	0.00287604499346177	0.399042418434457
0.232923582045716	0.000957605925858628	0.000611997933393642	0.303992604281013	0.0732732995201082	0.00310571913635152	0.000832910881069237	0.00129958974051034	0.383002690535979
0.228863752254201	0.00190663103167056	0.000283524901105429	0.266082122024572	0.125965746224624	0.00229723093315633	0.000165398960496548	0.00307733073356187	0.371358262936612
0.24334602612293	0.00116431722709425	0.000477648992602583	0.30610719087543	0.0561800014912806	0.0214814714005564	0.000138052466362502	0.000941658773454239	0.370163632650289
