Bcells	CentralVeinEndothelialcells	Cholangiocytes	Hepatocytes	Kupffercells	LSECs	Mesothelialcells	PortalVeinEndothelialcells	Tcells
0.0186140465030691	0.0419788946478537	0.00183094009816283	0.811498213341806	0.058703264380576	8.71914459168801e-05	0.0525268553201605	0.0058279939917697	0.0089326002706847
0.0287585173678583	0.0111469029591947	0.000127099519833247	0.761358354802589	0.0869018808857101	0.0214880541417569	0.0149247523852727	0.000127099519831735	0.0751673384179538
0.000178288798195985	0.0207878811827669	8.96697835401131e-05	0.795851737684218	0.0794541554707554	0.0203239453487231	0.0392255656291005	8.96697835439101e-05	0.0439990863191555
0.0417523332619341	0.0171133981658682	9.07797985456211e-05	0.813461160397452	0.03473442724623	0.0343555083920587	0.0219593265551318	0.0106097012227326	0.0259233649600469
0.0349394810742836	0.0251027424695464	9.27857762959923e-05	0.788227334061515	0.0890851576247327	9.27857763035189e-05	0.011281816424978	0.0133885554614407	0.0377893413309036
0.0213722676745179	0.0103370116510139	0.00174265704332816	0.784028587899508	0.106451025990707	0.0218493596658142	0.013435492308979	0.000989229028312045	0.0397943687378191
0.00865287815872101	0.0330381012350599	8.94415610290681e-05	0.802633092298528	0.0899993102104503	0.0143539873782648	0.0122041365338306	8.94415610254486e-05	0.038939611063091
0.0410886675488596	9.18689271895504e-05	0.00104019611827185	0.799593069716199	0.0785043614035102	0.0384762145859303	0.0137725893862082	9.18689271895505e-05	0.0273411633866418
0.0115426948165588	0.0205323578325826	0.0506192405442478	0.753222680635337	0.0579682540829152	0.00559502533177664	0.0228076744005438	0.0501724876840387	0.0275395846719998
0.0419664198473858	0.0210188062445331	0.00322271088551256	0.790005170037703	0.0698742147839497	0.00578074321505312	0.0212371929736259	0.000134972734586745	0.0467597692776503
9.61865024484996e-05	0.00582879886757219	0.0160657597929349	0.815842993167669	0.0383386003458527	0.0156680956949608	9.61865024485019e-05	0.027970640637971	0.0800927384881422
0.0229369247311406	0.00578751320331169	0.000131969868333524	0.804883320604098	0.0888804864882246	0.0205794259747463	0.011428388623354	0.0108091979796576	0.0345627725271333
0.00559532623302846	0.00116352022739169	9.12107476276154e-05	0.813879262038134	0.0556267878309775	0.0471505241715281	0.0296707960173852	9.12107476276139e-05	0.0467313619863002
0.030671931026082	0.0217475006336367	8.95425004540776e-05	0.745097149842651	0.10659402949227	0.0413896501254068	0.026224660063291	8.95425004563377e-05	0.0280959938157514
0.0129348720206903	9.21557081373886e-05	9.21557081342737e-05	0.812720813413693	0.111752075958605	0.00933695786534013	9.21557081373899e-05	0.0202370119247341	0.0327418016925289
0.00505096187427575	0.0249740108591591	8.92628127448344e-05	0.833624398856691	0.0407433374129622	0.0283111606806791	0.0362716333818787	8.9262812748455e-05	0.0308459713088612
9.21788598626932e-05	0.0144713293794537	0.0338700857419706	0.752340456966181	0.0656274318688979	0.0341355972108069	0.00895240094234692	0.0288310789772443	0.0616794400532358
0.013732065806552	0.0409567488350975	8.98170011262871e-05	0.808071879174659	0.0499284768505536	8.98170011287393e-05	0.0308291658391092	0.0349642498604613	0.0213377796313121
0.0498503918113545	0.00442568636555923	0.0151228201500767	0.731785228056454	0.0724540144590188	0.0163116980104525	0.0459329827303704	0.024891579337855	0.0392255990788591
0.0396425580440383	9.05782314104344e-05	9.05782314117451e-05	0.710854516134456	0.108439467412832	9.05782314069927e-05	0.0747745212817721	0.0267686228221516	0.0392485796105213
0.0102321955632048	0.0248395400841068	0.000136166516117007	0.844922182747786	0.043563017254287	0.0233990597042006	0.00623197545509236	0.000136166516092841	0.0465396961591129
0.0223334646471489	8.588754982238e-05	0.110562675457095	0.699204583986202	0.041197429665951	0.0102417200494333	0.0135644983794219	0.0347161029741327	0.068093637290793
0.0250930470215389	0.0058245722897797	0.0023853520890911	0.782992812857846	0.0691016499279991	0.0535248884132158	0.0374598771031343	0.0235096863395941	0.000108113957801451
0.00497696539688666	9.09081974363757e-05	9.09081974363769e-05	0.813634810824874	0.0330977622513301	0.0264460326883705	0.0220386012267239	0.0553904788221728	0.0442335323947691
0.0289711423471914	9.18433776549175e-05	9.18433776494592e-05	0.76789072634409	0.100884801787343	0.0382439272830321	0.00543031718657151	0.00471652534197803	0.0536788729544895
0.0142734534495366	0.0040974939071724	0.000129395286395021	0.801970379375691	0.066871433538311	0.0209130418594596	0.0485496849677689	0.0100775994608656	0.0331175181548001
0.0206540626981871	9.08929608612288e-05	9.08929608617726e-05	0.840871706191104	0.0531477773147513	0.0192008999570865	9.08929608612252e-05	0.00386085212047241	0.0619920228358146
0.0518773010175862	0.0276335524362935	9.07344462273404e-05	0.784613553531529	0.0573651947671917	0.0246526584280267	0.0434212362598995	9.07344462366732e-05	0.0102550346670092
0.0213898148806803	0.00117548087756764	0.00146449366524596	0.813097273590395	0.0582228038802134	0.00166857425256419	0.0387961126093415	0.0360674702843079	0.0281179759596837
0.0121187226664525	0.00500847298245936	9.17991576519196e-05	0.793860351712946	0.106656385634691	0.0251851099257497	0.013315551894819	0.00697258165904999	0.0367910243661797
0.0152633256825896	0.0290513124534383	0.000136990995220765	0.846779578932529	0.051516210974356	0.00423398699294423	0.0122959928543311	0.00931944524676793	0.0314031558678233
0.00788564906624807	0.028070574639342	9.13167366660888e-05	0.744732262413895	0.0870771700806681	0.027186992217779	0.013414392683432	0.0109855181270298	0.0805561240349396
0.0433046531940351	0.0301203681081445	0.00012750068355743	0.750014525577904	0.0874466749006581	0.020753883084623	0.0320680083182594	0.0039087039774466	0.0322556821553717
0.070153272814064	0.118210616773405	7.83892763912778e-05	0.695708298909051	0.0358353454442611	7.83892763921312e-05	0.0797789089536508	7.83892763921297e-05	7.8389276392131e-05
0.002127940612703	0.0288393959935935	0.000129069440190467	0.789382082352242	0.0631943844044773	0.0271248222906249	0.0417757477646779	0.0210076172924776	0.026418939849013
0.0240127797381317	0.0468975924710121	8.85918187458722e-05	0.754395824392067	0.114611054585991	0.0237190391453559	0.00163147595068633	0.0110279795684731	0.0236156623295373
0.000128793112239452	0.00464379208708054	0.000128793112236286	0.753340901403423	0.128243251637656	0.0342767725692	0.0307300940525416	0.0131077982654655	0.0353998037601573
0.0212321134838702	0.0828666470506089	8.96598658047851e-05	0.783413876724685	0.083199049008401	8.9659865807064e-05	0.0127431357742451	0.00762729314313694	0.00873856508344127
0.0279471202456739	0.0246833774262168	9.06162734960343e-05	0.807689043360259	0.0608484787589747	0.0286984166488198	0.0319846591189069	9.06162735013938e-05	0.0179676718941511
0.019410638325145	0.0215002204396329	8.9787060219639e-05	0.797165983379622	0.096268005393777	0.0328950415085348	0.0135652581096874	8.97870602227076e-05	0.0190152787231587
0.0433521242727814	0.0557024620431157	9.07981129965636e-05	0.776652360619983	0.0510161037653879	0.00558270175605986	0.0290219733329605	9.07981130025009e-05	0.0384906779837124
0.00816670578025045	8.94734774100228e-05	8.94734774108931e-05	0.830135034264597	0.048349358126027	0.0189067727016816	0.0398003406096711	0.029279151972002	0.0251836895909504
0.000137373713515786	0.000137373713515786	0.0108270309889432	0.811339483194022	0.0757358359556535	0.0127122902459175	0.0210847333863513	0.0308103942649386	0.0372154845371423
0.0177894631068882	0.0198603337633141	0.000127913851282554	0.804715129131986	0.0627656059110055	0.0166297896918099	0.0461932988637465	0.00437480281515689	0.0275436628648107
0.010147476515293	0.0477750780794669	0.00138793373954983	0.790264220229489	0.0814624628381908	0.00264538111609765	0.00234344337732937	8.99972987755465e-05	0.063884006805808
0.0174601468074732	0.0733562652815078	8.39485247510695e-05	0.796352741854825	0.0277959698147658	0.013766567665143	0.0299734439638686	0.0146615278256084	0.0265493882620567
0.017291792232916	0.0190417194215194	9.33477760082914e-05	0.826024351292667	0.108860085887354	0.00323869751443319	9.33477760085172e-05	0.01016006627116	0.0151965918279337
9.48223381749065e-05	9.48223381749058e-05	9.48223381792862e-05	0.819168163506502	0.0716828432805054	0.0310775203206193	9.48223381749061e-05	0.031767064497003	0.045925119042666
8.6278293878075e-05	0.0877724212542809	8.62782938690051e-05	0.799241927344195	0.0299411410034799	0.00634460307335572	0.0344841081389622	0.0208716318843982	0.0211716107135811
0.0150786972311808	0.0165740183368888	9.2034677348953e-05	0.83011497220306	0.0488879151661372	0.023616647777551	0.0277069403058508	9.20346773487548e-05	0.0378367396246333
0.00308697934079976	0.0144516453569331	9.40510057721643e-05	0.820220942788204	0.0565109314530167	0.0133366680880793	0.017399964196211	0.020622042142354	0.0542767756286304
0.0495240653848102	0.0160026044414674	0.0562697581590948	0.706585740154491	0.0707991112500455	0.025049343147716	0.0132145072116389	0.0233939899515756	0.039160880299161
0.0212149085742427	0.0580083860531871	8.43975049655242e-05	0.793317298908146	0.0504298626256305	0.0319373777190988	0.0183296751367829	0.0151564409462171	0.011521652531729
0.02080049939074	0.000136442544734482	0.021221145714868	0.796550984074353	0.0269273033283551	0.00372075918970849	0.0108344556588785	0.0375347826377459	0.0822736274606162
0.0215609947897764	0.0240346432704727	9.03431322823917e-05	0.79557101366673	0.0623327748870356	0.0228423358149238	0.0118550507829453	0.00456174163649869	0.0571511020193351
0.0258424818923729	0.0479673985998902	8.4165254026854e-05	0.763879942953968	0.0779700569193366	0.0353214577836144	0.0271378142040984	0.00684782202216518	0.0149488603705274
0.00272470536194844	0.0262680140872789	0.00391357486836817	0.846248330985644	0.046184587676154	0.0344422805371834	0.00670076762747221	9.24770408919786e-05	0.0334252618150586
8.95402813420283e-05	0.0153982689875592	8.95402813461426e-05	0.831255955457424	0.0867651128891407	0.0146955332421681	0.0221312437712028	8.95402813420286e-05	0.029485264808475
9.03283847495916e-05	0.0364229177919868	9.03283847464711e-05	0.815474974628911	0.063997370769741	0.0247815195568538	0.0359779626860602	9.0328384749592e-05	0.0230742694122009
0.0623785492524264	8.91557473378295e-05	8.91557473378293e-05	0.826166323834036	0.0471382947537868	0.0344905857461848	0.0138725292209802	0.00162998075507922	0.0141454249428311
0.0451916927503356	9.39260087575987e-05	9.39260087589912e-05	0.783916222388676	0.0827811195367448	0.0531943936159223	0.0121543042172689	0.00667629473511177	0.0158981207384245
0.0286706556701372	0.0210517372268897	9.07269204453234e-05	0.786442605867107	0.074740115555445	0.0345026812093492	0.0167613320845072	9.07269204455303e-05	0.0376494185456742
0.0297497396388757	0.0189191576211618	8.94574660321686e-05	0.762693987039057	0.0713317320109709	0.0427281031461542	0.0268007068590686	8.94574660308079e-05	0.0475976587526486
0.031739190585842	0.0533468693899223	8.85007184754931e-05	0.798640491222333	0.056727106731782	0.0220116224837785	0.00508595558664595	0.0159722188917968	0.0163880443894235
0.0214896274746893	0.010967178502722	8.62319857040628e-05	0.770486044895818	0.071335384765609	0.0552074562180742	0.0183236780855587	8.62319857047394e-05	0.0520181660861203
0.022367469420969	0.025044131704387	8.72517280092928e-05	0.803344991921327	0.0659588693679143	0.025294442919592	0.0191776018961384	0.00666510802972584	0.0320601330119371
0.0127803161746679	0.0106636851380131	9.15067764815547e-05	0.84503304315752	0.0620153398111475	0.0224592975962355	0.00938721846298601	9.15067764802291e-05	0.0374780861064687
9.00578065864758e-05	0.0254563679494296	9.0057806584759e-05	0.834346128288315	0.0414181787961846	0.0195039965707104	0.0351271192507729	0.00760023950593579	0.0363678540254806
0.0079018952417278	0.0281673738953422	9.16038852595636e-05	0.811655486813308	0.0704386251381827	0.00510764804903141	9.16038852580805e-05	0.0106826796023224	0.0658630834895682
0.0116138543667534	0.0186750988156862	0.000359955602486409	0.829200975103262	0.0473627885419473	0.0309107084702187	0.0323262200605677	9.00246590970653e-05	0.029460374379981
0.0205830442774219	0.0166268725430095	9.38657014276101e-05	0.836467214391919	0.0571648987108179	0.0224869482584593	9.38657014248444e-05	9.38657014254212e-05	0.0463894247140946
0.00272477773880231	0.0222560909801694	8.87039635109393e-05	0.849621969321104	0.0501689107325968	0.0167469866153134	0.000192875688305946	0.0278903107113277	0.0303093742488698
0.0296576160039571	0.0365815316722879	0.00217136218597126	0.843738353428187	0.0364473678258928	0.0187323710255019	0.0191608070259605	9.25193886505125e-05	0.0134180714435905
0.00672756694023669	0.0384220907837794	8.72285658291634e-05	0.853393166108525	0.0516990315231358	0.00707772605711504	0.0124287763946025	8.72285658301059e-05	0.0300771850609462
0.0162059669854779	0.0729472504082155	8.72764344538976e-05	0.776140735171323	0.0775648971580672	0.0134474327545654	0.00447678980561648	0.0215398989053049	0.0175897523769761
0.0114098944685384	8.92095084337131e-05	0.0027173896174373	0.772349677498795	0.115629601561808	0.0482371346532498	8.92095084337133e-05	8.92095084342688e-05	0.0493886736748698
0.0112439927691939	0.00849559787204432	9.37574701456361e-05	0.819291479950352	0.0856390920281878	0.00773410282695008	0.00171351509387771	0.0153601703475442	0.0504282916417042
0.0399150802801059	0.0355487651840954	8.64135517041766e-05	0.775811466709962	0.105129848784769	0.0117086622540211	0.0214433516783548	0.00808475509701262	0.00227165645997491
0.000134468049848482	0.000134468049848484	0.0117381410382522	0.754952545053768	0.136197617311476	0.0444799356182897	0.0292711418641531	0.000134468049848655	0.0229572149645157
0.0170251322165628	9.40498376151657e-05	9.40498376149287e-05	0.814211004681812	0.0623041249745886	0.0333065450959855	9.40498376151659e-05	0.0118430176919667	0.0610280258262394
9.02131220092546e-05	9.02131220092551e-05	9.02131220090656e-05	0.831619897379195	0.0474823303233117	0.0516827681980902	0.0156132690071719	9.02131220092552e-05	0.0532408826041945
0.0140833768195064	0.0179607817825293	9.24372039765504e-05	0.788752516632079	0.0891627684269929	0.0156095336425614	0.034937661251496	0.0163240462170927	0.0230768780237658
0.0387534149024485	0.0109310557306334	0.00146457417195886	0.807644557078453	0.0637906458644739	8.8201453707255e-05	0.0343562647457167	0.00955451648348592	0.0334167695691222
0.00515707586486949	0.000136683485855892	0.00961223188773799	0.803559855209832	0.0936059112638351	0.0173452009213584	0.0233653498517731	0.0151179883387092	0.0320997031760285
8.84266251233977e-05	0.0155155455497954	8.84266251232263e-05	0.839162386794556	0.0358846207151082	0.048361460764944	0.00404738240781296	0.013574403255518	0.043277347262019
0.0247891243355216	0.0221772201951853	9.13058104254634e-05	0.771324523652597	0.0843870902216572	0.0190300439030267	0.0169463826989937	0.0123282880306908	0.0489260211519026
0.00078270673210078	0.0406331209298144	8.6624358478434e-05	0.810753533869375	0.0693852231958502	0.0324532184270504	0.0211564182311219	0.0178496273148609	0.00689952694134808
0.0149533051671794	0.0347476752733679	9.08803796507314e-05	0.803444506489923	0.0742035900132232	0.0232860756780706	0.0110953230869984	9.0880379652985e-05	0.0380877635319337
0.0225048931778268	9.32908272916797e-05	9.32908272895348e-05	0.835172819748882	0.0405520806577122	0.024285314041951	0.0174671866443736	0.0121131590737652	0.0477179650009084
0.0341527640010503	0.0165217242602785	0.0432542675230812	0.782800542508635	0.0437803843359824	9.03254664585808e-05	0.0150817837921506	0.0642000656285142	0.000118142483848862
0.012414430694431	0.00984081597331641	0.00355807427602611	0.804364637045608	0.0985784946543251	0.00869607075926356	0.0205206243275038	0.000139645148211841	0.0418872071213141
9.42785637380494e-05	0.0251269391468258	0.0251912715087152	0.822164665302369	0.0411103748561045	0.00801967932400796	0.00937513340968549	0.0288148376294275	0.0401028202591262
0.0157979814506595	0.0641873642561866	0.00124824262181859	0.824977402424891	0.0623696076127843	8.95888552042646e-05	0.0154782174349691	8.95888552041916e-05	0.0157620064882823
0.00816695654591671	9.25534058209843e-05	0.0104470185777176	0.790815092367394	0.0687338450670193	0.0173990593305922	9.25534058209836e-05	0.0587388230177521	0.0455140982819664
0.0397557042519475	9.18717551415742e-05	9.18717551414036e-05	0.78833658948488	0.0787300752945942	0.0321913341000893	0.00798284826712062	9.18717551415741e-05	0.0527278333359441
0.0414429846586354	6.12862610592191e-05	6.128626105922e-05	0.809383277228947	0.0735821870121703	0.0234702195717418	0.039693595134663	0.0122438776106652	6.12862610592179e-05
0.000134019288993392	0.0145045824200339	0.000134019288985438	0.782156917574012	0.100323498463006	0.0585568180608219	0.0038328979603509	0.00740328640611995	0.0329539605376759
0.0543590576782436	0.00806644187306363	0.00275802942987837	0.774587050104896	0.0691048613099592	0.0281704971343384	0.0137386282955676	9.16380524215087e-05	0.0491237961216313
0.014537125537192	8.92318612434486e-05	8.92318612495011e-05	0.799919164783803	0.0707256232674063	0.0329221858153119	0.0367208315618877	0.00947194442450254	0.0355246608874037
0.018971895064381	0.0139742454838667	9.18582829342234e-05	0.775528159222137	0.0999931593043208	0.0264932897076102	0.0165477318649325	0.0141145122925617	0.0342851487772562
0.0332579414779714	0.0386264761742775	9.02326283329596e-05	0.825472113219157	0.0523305538178318	0.0103776473036936	0.0283340936042058	0.00623068787351991	0.00528025390100959
0.00977995416251003	0.000134239402058073	0.000138172351314868	0.812454461125244	0.0677930781044991	0.0247650879319737	0.0272670202614793	0.0280412296047791	0.0296267570561419
9.21138083828612e-05	9.2113808382858e-05	0.00391093230600931	0.881364687834091	0.0447991540386962	0.0227927205552322	0.00253871546538266	0.00819730066765589	0.0362122615161664
0.00721366973904131	0.0306309325925187	8.68301124533101e-05	0.771248717553965	0.0883557750232422	0.0458895772328805	0.0135000408676058	8.68301124492888e-05	0.0429876267658444
0.0194370987870773	9.19498512644545e-05	9.19498512642832e-05	0.818118442197694	0.0510121198973697	0.0522257829890229	0.0335686569368422	9.19498512650278e-05	0.0253620496382001
0.0157057884728735	8.82512462516783e-05	8.82512462475976e-05	0.836805029007381	0.0367855130242974	0.0278182700654943	0.0266676080664063	8.82512462516777e-05	0.0559530376247965
9.24536204201472e-05	0.0148328717986101	0.00463617267118976	0.811681372832663	0.0904025240778837	0.0223585426132978	0.0106026851963804	0.0409367460825629	0.00445663110699192
0.0174793380142519	0.0515358816968863	0.00170523169140443	0.811301439696087	0.0926839852488706	0.00725848410824464	9.20474066640194e-05	9.20474066640194e-05	0.0178515447309271
0.0219313126644173	0.000137590042821752	0.000227233136432548	0.753045744065786	0.10759929710936	0.0326950262586378	0.0258913594161844	0.0215134713975237	0.0369589659088366
0.0470215926879852	0.0866002058536458	8.37659385072673e-05	0.730536957492288	0.0492515075091654	8.37659385060628e-05	0.0712007569926236	0.0151376816487724	8.37659385060653e-05
0.0176360131681802	0.00969925479249413	9.3245170553555e-05	0.858547725217366	0.024233655593539	0.0261906368846958	0.00397641647245356	9.32451705596205e-05	0.0595298075301584
0.00615011849231306	0.00921452734542099	0.000131032748091184	0.766447942782088	0.104978714430097	0.0179961733818409	0.0226245075183622	0.0167000882423352	0.0557568950594515
0.0490229022121316	9.03160827751331e-05	0.00689957480237844	0.803212455996536	0.0655478441624292	0.0189265611141421	0.020104216977258	0.0156537958632669	0.0205423327890824
9.46100048419384e-05	9.46100048419382e-05	0.0249080127525963	0.806773677397821	0.0464892837982016	0.0089837877935544	0.00866836775796188	0.0313356384457235	0.0726520120444572
0.0200069042168003	0.00979289703361754	9.29265742993925e-05	0.810175591026499	0.0774529133544228	0.0320733364305626	0.0102508949680094	0.00378952713382343	0.0363650092619655
0.0087380472959891	9.40224351568717e-05	0.0125055339705967	0.816990066512814	0.0541443673836687	0.000811032598773577	0.0141970845990114	0.0837681021432169	0.00875174306077314
0.00984065009569953	0.0210933257955304	0.00013651350519077	0.765654607580649	0.106517901687464	0.00539163649809553	0.0190898791951248	0.014544784038848	0.0577307016033981
0.0110652112657612	0.000534598798558365	0.000130901528665603	0.826039663276018	0.0411537774948361	0.0292054431479821	0.0358555128589903	0.017252371791586	0.0387625198376029
0.00158604352810275	0.00929107587683145	0.000253114512422429	0.753227849011869	0.130968040215604	0.027827658536105	0.00410556094243341	0.000132715151582598	0.0726079422250498
0.0801088697400842	0.0118267473540792	8.72576482453187e-05	0.76457152062845	0.0773032557469193	0.0245177924464741	0.0284986840146414	8.72576482510906e-05	0.012998614772855
0.0158805598026103	0.000132380020093397	0.00223483938588726	0.758047181511038	0.101871812948809	0.0298757757153289	0.00490188606029259	0.0358490036733836	0.0512065608825568
0.033032638668849	0.0390741922522154	0.00261229925867925	0.836854098449845	0.0361885716188621	0.0216085602490506	0.016039473932156	0.00106903366556959	0.013521131904773
0.0876296334639897	0.000797422477011021	0.109868571309821	0.682640474245788	0.0328180763566843	0.000530642735635667	0.0227811123917939	0.0533808675308393	0.00955319948843698
0.016846757712006	0.0258904377853929	8.86937674107281e-05	0.820834503914451	0.0506103326823285	0.0184574605803126	0.0250842722313512	0.00996863291474064	0.0322189084120066
0.0755750570636349	0.0207036874476759	0.0254863642771099	0.73645629571163	0.0408035785436979	0.0267216558040675	0.0288691701981072	0.0149601379468691	0.0304240530072076
0.0183834019944438	0.0923153350901121	0.000126881286274866	0.75245931746463	0.0482623004367674	0.0181704527104024	0.0227938117118732	0.000126881286275167	0.0473616180192212
0.0141848236222194	9.20381684131119e-05	0.0237108801589609	0.77777262004449	0.0790246867373598	0.0427101068330112	9.20381684131106e-05	0.0407482138697242	0.0216645923974086
0.026440284636098	0.0617373962338023	8.88118228091175e-05	0.819080438832569	0.0233136923169089	0.00507193650828345	0.0200564100805426	0.01561772851361	0.0285933010553763
0.0321082350910044	9.53363285689693e-05	0.00272100755250826	0.810369480880979	0.10094702697368	0.00444080858652109	9.53363285690287e-05	0.0326200739435023	0.0166026943146673
0.0139781655124005	0.0232382880528677	8.9643921073722e-05	0.853913675682069	0.0749735268560992	0.00515932999393822	0.000312613579156802	0.0146822986508745	0.0136524577515201
0.0344629228760797	0.00517805697054882	0.000135490698422663	0.792821376705001	0.0846414987939354	0.0354328575160687	0.0216627507731288	0.00330950476271992	0.0223555409040954
0.00520309056506335	0.0171183793549293	0.000130222399506086	0.851866804778155	0.0700583317135271	0.0171806174700195	0.021248693827291	0.00387421480565452	0.0133196450858538
0.0192560365949267	0.0113289103029681	9.28074495772686e-05	0.826285067639669	0.0701686646554209	0.0232699938543677	0.0206212500878425	9.28074495765867e-05	0.0288844619656507
8.99565259023667e-05	0.00624801962178577	8.99565259032507e-05	0.837567076607302	0.0478760890609126	0.0336732941955346	0.0164728231037298	8.99565259023674e-05	0.057892827833027
0.0228065887867903	9.5819479093618e-05	0.00256673772215372	0.804460279764845	0.102237921854524	0.036603290803156	9.58194790936183e-05	9.58194790942452e-05	0.0310377226312495
0.0333174415370595	9.32608567559819e-05	9.32608567565351e-05	0.773404030185008	0.112983003102156	0.031378902035319	0.00103469324391188	9.32608567559798e-05	0.047602147326277
0.00635787506023977	0.0433256760711694	9.1595689062355e-05	0.793702676105345	0.0523160253581338	0.0319003804370932	0.00708368610806814	0.0253138014499352	0.0399082837209528
9.67855574612129e-05	0.0310342802097366	9.67855574611198e-05	0.832148062392502	0.0602152863140013	0.00616878453407804	0.0159832944234234	0.00248518600613688	0.0517715350051988
0.0288105277520149	0.0197434221767601	0.00217357227912812	0.815132231174023	0.076130746489886	0.0208269864218639	9.06310696366385e-05	0.00682269793476485	0.0302691847019224
0.00970083124838168	0.068903910970978	9.115459506864e-05	0.799280440910568	0.0669768453044862	0.000764002757777332	0.0116925989870486	0.0154103358549022	0.0271798793707888
0.0342501344021702	0.00946565270288076	0.00497249096095743	0.797734431664075	0.0596425782516359	0.0325567348330022	0.0169270252543319	0.00734522630193906	0.0371057256290076
6.25925497475279e-05	0.0156615660896457	6.25925497475239e-05	0.820469488668808	0.059253321275418	0.0288110773616405	6.25925497475278e-05	6.2592549747523e-05	0.0755541764054974
0.0179860405781747	0.0142196477489399	9.49391308209594e-05	0.786492501537913	0.0998805452624645	0.0353186103919211	0.00839196749679241	0.00131647241507324	0.0362992754379001
0.0436337396889588	0.000132368317626827	0.000132368317634063	0.710351521542955	0.153600746408174	0.0112139024227282	0.0234950384026619	0.0393514619712943	0.0180888529279667
9.68848908141744e-05	0.00291498356469619	0.0121276978729408	0.834591582202224	0.10751928439949	9.68848908186673e-05	9.68848908141746e-05	9.68848908141741e-05	0.0424589123973883
0.0235884956336494	0.0365374462811464	9.19673492325526e-05	0.843439113112841	0.0561192576719415	9.19673492320927e-05	0.0326644615729492	9.19673492320937e-05	0.00737532367977557
0.0392415411059353	8.87827527216968e-05	0.00363637794498936	0.801139576638256	0.0936582049021532	0.0360718313340096	0.0107294800228885	0.00249246785421859	0.0129417374448279
0.00601217680673095	9.43609005937397e-05	0.00332298218186761	0.813010809384491	0.101431766417207	0.0427472766692007	9.43609005937404e-05	9.43609005943283e-05	0.033191905838721
0.0076270710527265	0.0221319037324815	8.90996494178309e-05	0.832485560982843	0.0776280335216352	8.9099649423529e-05	0.0521869478436654	0.00767318391838477	8.90996494219869e-05
0.0398594254778727	0.0134381294792196	8.98909899729199e-05	0.83161815474442	0.0548485933613621	0.0178171024534278	8.98909899676823e-05	8.98909899676822e-05	0.0421489215137891
8.68721798216092e-05	0.0479634053734554	8.68721798221456e-05	0.813864015751674	0.0536097342262334	0.0309791772180248	0.0284883347883408	0.000229680638003962	0.0246919076446237
0.0327974621580978	9.04679104509185e-05	9.04679104522858e-05	0.774646298936499	0.0437832258016549	0.0371728575837024	0.055356278888604	9.04679104509183e-05	0.0559724729000877
8.90488162377625e-05	8.90488162377676e-05	8.90488162336135e-05	0.798853441493203	0.0718646282154947	0.0358605973676359	0.0318576824089608	0.0221743068129549	0.0391221972530414
0.022571030886785	0.0404587134237589	0.00322586765873192	0.757475379216601	0.0633966466089724	0.0118375243060663	0.0140008242972623	0.0401174609278089	0.0469165526740131
0.00540252645345375	0.019197356870476	0.000132641907618418	0.806132161806922	0.0526650602568135	0.0192510554719011	0.0360937763203965	0.000132641907619882	0.0609927790047984
0.0123723900588622	0.0086561104963751	9.16444938970554e-05	0.832991840827806	0.0438978880359969	0.0512867216236036	0.00863204830922145	9.16444938986683e-05	0.0419797116603392
0.0299243840119093	0.0125095159092851	9.00765542587074e-05	0.814918052318558	0.0441777222436414	0.0284168239381305	0.0137745279045058	0.0266850021123441	0.0295038950073677
0.0154859004059674	0.0104967263227595	0.000134008552467741	0.775718911281427	0.0906383839948066	0.0268837235557317	0.0223852744569417	0.0193252658705411	0.0389318055593574
0.0115759318505656	0.0332301619345799	8.94939411879327e-05	0.81171368196405	0.0271063107313135	0.042693820393486	0.0248826067189258	0.00131609956611086	0.0473918928997807
0.0185964802710535	0.0391658536466709	8.79282779415836e-05	0.78624837578412	0.0788600631411237	0.00305185195406924	0.0374338096282705	0.0276994485023552	0.00885618879439523
0.0318246654226559	0.015484133783893	9.25228915546674e-05	0.769645566864085	0.0728035575484409	0.024716760197606	0.0197493208388782	0.0235414544173781	0.0421420180355077
0.015311612025602	0.00931063816606777	0.000862238964104275	0.810439487171948	0.0211151734497417	0.0470884576538554	0.0574192454625575	8.60139187237508e-05	0.0383671331873997
9.16404027397297e-05	9.16404027397297e-05	9.16404027373407e-05	0.811664517656936	0.0900700299356074	0.0691687962569874	0.00194394882223934	9.16404027397306e-05	0.0267861457172729
9.01487744668807e-05	0.0508387617731997	9.01487744659076e-05	0.801306615242109	0.0792372094839195	0.00549949394758661	0.00613853227556557	9.01487744674382e-05	0.0567089409542194
0.00949485675595669	0.0300184787972892	0.0149705576495471	0.782018149052688	0.0635828391693484	0.0203225123593447	0.00941712214982886	0.0330774794226486	0.0370980046433486
0.0152350468168749	0.108193648887104	8.5401204557108e-05	0.729543724996692	0.0810215659968624	8.54012045592082e-05	0.0488000403445007	0.016949769344291	8.54012045592075e-05
0.0174049644946711	0.0101384426544564	0.000128738104762799	0.788652119493792	0.0723805648329067	0.0188478326103144	0.0224414678058398	0.0314040336028726	0.0386018364003837
0.0164233943732378	0.0172916460382524	9.16085707871269e-05	0.873058514706683	0.0629897065666405	0.0233862063721535	9.16085707841282e-05	0.00471934237244439	0.00194797242901671
0.0264696071963567	0.00584429524320238	0.000130468819352117	0.803964504061629	0.0790417652552211	0.0285987674882522	0.0351126640071833	0.013985210012096	0.00685271791670767
0.0284793938706694	0.00955923056602251	8.65931232685269e-05	0.783751170591271	0.0750668983678152	0.067170306780348	0.0115897289519952	8.65931232687032e-05	0.0242100846253415
0.0106371835324609	0.135668499274507	8.42355439844265e-05	0.726257654402938	0.0329299491617196	0.00144768921328272	0.0390004931937494	0.0232757202092923	0.0306985754680658
0.000418840106124267	0.00313089412018381	0.0066676100299574	0.828103851546357	0.0737550553624802	0.0182166226357742	0.0148746946005984	0.00767166288833472	0.0471607687101905
9.33214538162872e-05	9.33214538162873e-05	0.00117912114713729	0.767287875937332	0.107804455621749	0.0130728271369192	0.0295001249223558	0.0384987081553316	0.0424702441715419
9.09483841119208e-05	0.0113529762302863	9.09483841109129e-05	0.802949101428093	0.0657757064050585	0.00863443423642513	0.0260641137420981	0.0520402430603873	0.0330015281294293
0.0212578123846503	0.0480020713304461	8.91931999149306e-05	0.822049288356898	0.0349759819364083	8.91931999341669e-05	0.0395387155130564	0.00148570209836197	0.0325120419803296
0.0234065912037945	0.00090459269289817	0.0155299967003448	0.821685684623898	0.0471449286552998	0.0137822983559968	0.0114931741074431	0.0160449354528074	0.0500077982075174
9.36372676443235e-05	9.36372676449606e-05	9.36372676440871e-05	0.832246717990054	0.0603180424414383	0.0291492881268864	0.0312529856031874	0.0049021032813077	0.0418499507541932
0.0442166662199334	0.00454021819859343	0.00672752211482215	0.7295877047135	0.0821127346551837	0.0382003738673764	0.037724483917409	0.00929883280341801	0.0475914635097636
0.0184767030486831	0.0228971257945177	9.04493822074584e-05	0.838931141420323	0.0506436366461068	0.0116469383088387	0.00992830126495137	9.0449382203901e-05	0.0472952547521683
0.0248853012570294	0.0230225238274705	9.04680746264478e-05	0.812839016787406	0.063589213334109	0.0149877842244507	0.0179071817343328	0.0156073753998835	0.0270711353606917
0.0156178904653531	0.000131220976086588	0.00125245428132791	0.827394504135141	0.0612230911768422	0.0119555824313065	0.0164727666380431	0.0274471129930721	0.0385053769028274
0.0143664063650966	9.29309590582227e-05	0.0134020685679537	0.834315961869348	0.0619633349864487	0.0220138127060363	0.0259902796465336	9.29309590588047e-05	0.0277622739404659
0.0140720774725653	0.0269970706399496	0.00164127208961983	0.800049729263997	0.0721036875000624	0.0128259762253391	0.0189604501044988	0.0199300091040471	0.0334197275999205
8.94829158300153e-05	0.0463769149028718	8.94829158269847e-05	0.834692041517335	0.0343859526730296	0.0127117753714514	0.0473544308308892	0.0103074264830969	0.013992492389669
0.0155647145300122	0.0278297163017895	0.000792475992349864	0.80053507264328	0.0495314429739211	0.0280526993603009	0.0253127154672005	0.0473009212648716	0.00508024146627382
0.00808191793304867	9.10042962935368e-05	9.1004296291201e-05	0.794609914737631	0.0778854498437788	0.0228653841101503	0.0241944213943206	0.0206487972690163	0.0515321061194699
0.0266478060609021	0.019055769411937	8.90016960759991e-05	0.816082612814568	0.088405153234952	0.0300303311105834	0.0117843159641143	8.90016960781768e-05	0.0078160080107892
0.000128251974816806	0.0541011367351984	0.000128251974816042	0.781794948525643	0.0739180898920131	0.00880749376499003	0.0179211985169602	0.0258324690940867	0.0373681595214754
0.00744067191539522	0.0732151041408668	8.75021046474116e-05	0.792890634309215	0.0765706875352787	8.75021046459752e-05	0.028964860222361	0.0030925052238211	0.017650532443769
0.0284785762229704	0.0388347904603572	0.0241714807391188	0.82395523319764	0.0619592138799455	0.0213260108128177	9.37884634249648e-05	9.37884634248625e-05	0.00108711776030053
0.0202421308455724	0.0118505991133922	0.0013007355230482	0.849089811047215	0.0338560840461832	0.0127237806453448	0.0200876716866347	0.029874824224442	0.020974362868168
8.52442785781548e-05	0.0806364265775816	8.52442785794826e-05	0.774472811901243	0.0493994160176979	0.00696519562797158	0.0713243932656705	8.52442785781548e-05	0.0169460237740991
0.0448644880552899	0.0188033082985808	0.00095415263417165	0.724953710679248	0.13536750259261	0.0176109193885597	0.0334526012751361	0.0141411428067191	0.00985217426968464
0.0202276210000682	0.0142829184531542	0.000129031618529222	0.835653356277468	0.0555316490391261	0.0137097691961663	0.00457647209062151	0.00907676977641556	0.0468124125484506
0.0224002950945284	0.0262762284159148	9.17423588892528e-05	0.799144501385304	0.100832162750685	0.00883567242466439	0.0112829618247997	9.17423588926335e-05	0.0310446933863226
0.0234340169884603	8.87964825129041e-05	8.87964825142307e-05	0.804247671013821	0.058064987381195	0.0403603179711862	0.0399304179857158	0.0124011667305659	0.0213838289640281
0.0350752885244712	0.0103017921772969	0.00102820239810602	0.774212531038409	0.0739690960729397	0.0298143554562694	0.000132863581533982	0.0369529463952258	0.0385129243557481
0.0224985545812588	9.07669016401764e-05	9.07669016306855e-05	0.81405707835386	0.0728373852660316	0.0397391607472674	0.0277674781337383	0.00370217588975435	0.0192166332248188
0.0375559111343117	0.0383118415826641	8.74066549740592e-05	0.824970969631486	0.0320156254906727	0.0182647619707159	0.046873876840148	8.7406654976293e-05	0.00183220004005099
8.64402094091272e-05	0.0396095117573955	8.64402094039996e-05	0.80815749684151	0.0282366491064067	0.025109198142987	0.0259659966401695	8.64402094096595e-05	0.072661826883309
0.00646890117408108	0.0283500734842752	0.000132976089671882	0.779576643767157	0.098902398202827	0.0267380134967034	0.0206226657987932	0.000132976089675161	0.0390753518968164
0.0231595504239222	0.0144392596907742	9.20442136934802e-05	0.807015322452083	0.0541885020988743	9.20442136950962e-05	0.00557291178147701	0.0538544984553069	0.041585866670174
0.0183541678421104	0.00596848261263303	9.27160728511661e-05	0.819986826837244	0.0719956152574631	0.028425385307804	0.0200479475377846	0.0350361424592543	9.27160728557742e-05
0.0047460020946539	0.0234510310969789	9.13902863295722e-05	0.807353386762785	0.0585468169327205	0.0329438958393501	0.0285795392620869	0.0104566090021182	0.0338313287229771
0.0278284427830444	0.053083631452857	8.65081894430839e-05	0.77999959190149	0.0590450394811316	0.0221812880764645	0.0495774864087058	0.0065279071093557	0.00167010459750747
0.0198309044083877	0.0595839634492986	0.00386742512708567	0.758425865229989	0.0749393293874894	0.028216100796821	0.0197555705103431	8.68857303840831e-05	0.0352939553602015
0.0399593961306552	0.0370309650699965	0.00634310684819862	0.753923306802084	0.0969230905054945	0.00693090948401868	0.0308597565983184	0.00500249716105047	0.0230269714001842
0.00726428951383926	0.0287944238859335	0.000134780381150214	0.81743350513359	0.0560093880717585	0.0339495639441713	0.0164063744917292	0.000134780381151608	0.0398728941966767
0.0252733138502304	0.0222418275796282	0.003312906699337	0.785829481686416	0.0887064651258003	0.0123994630882467	0.00473833042874479	0.0137195471706523	0.0437786643709439
0.00484353703020441	0.0171546203535383	0.000125777369600898	0.760940963136929	0.115011802164887	0.0353470907382719	0.0280241813906915	0.0166466856233605	0.0219053421925161
0.0019479025669412	0.0691651392900542	8.87589376536399e-05	0.822201120341089	0.0282636924150516	0.0294930610281435	0.0124626735071546	8.87589376588763e-05	0.0362888929762531
0.0436684785079337	0.052053993030814	9.01645121356698e-05	0.794724320309273	0.060830432084975	9.01645121362911e-05	0.0306240967101823	9.01645121356226e-05	0.017828185820415
0.0288430600366858	0.0228261561481197	0.00207235866576282	0.764702851332686	0.0769425146884436	0.0400675146718687	0.0361652267896745	0.00549652329702402	0.0228837943697351
0.0219717217994594	0.00517250000964033	9.10845394716246e-05	0.787038342616243	0.108333524243906	0.0322871005338591	0.00771650560364208	0.00824302226869053	0.0291461983850873
0.0312355254843466	0.0425421159881224	9.01464642840139e-05	0.822883269521783	0.0467726428496209	0.0102605020730102	0.0281929931242265	9.01464642944611e-05	0.0179326580303117
0.0287491330082362	0.0367911262307867	0.000537632736852044	0.789391806724752	0.0933530389862119	0.00514356209716681	0.000693836924428965	9.30263028484004e-05	0.0452468369887171
0.0352114703551364	8.90865655000912e-05	0.00406747304860366	0.762092239794052	0.0804005697001837	0.0131771402254373	0.0359545748415654	0.0209813330900189	0.0480261123795028
0.0129999008315136	0.0629425585395551	0.00718153506616967	0.810510890736011	0.0355533546938385	0.0232547122491504	0.0223220524151191	8.88659382405457e-05	0.0251461295304024
0.000915464688324278	0.0619830801828617	8.94611299532969e-05	0.835404700924502	0.0536490322522749	0.0010796163204115	0.0247414796870804	8.9461129954294e-05	0.0220477036846373
9.14857929181716e-05	0.0436903878901641	9.14857929150814e-05	0.791410091629239	0.080713903538338	0.0301360167520709	0.0274015606849909	0.0128295820163326	0.0136354859030315
0.0118389370198349	9.29000354712769e-05	0.00453231618271708	0.782577291585894	0.0989600440847068	0.0454713446400198	0.0252044162419234	9.29000354712773e-05	0.0312298501739613
0.0179723450499175	0.0409540291570465	0.00508319994188199	0.758275773674357	0.0984049515259784	0.0184575776539945	0.0222460751075301	0.00618360872019558	0.0324224391690987
0.0125190912159157	9.36963860920307e-05	0.0100569398409969	0.825462637784181	0.0567595141643646	0.0282154267524452	0.0134102270168146	0.00205825312840221	0.0514242137107878
0.0017390932083365	0.00792409321936088	9.25631931650877e-05	0.822670824620014	0.0629183708306643	0.0239579014464083	0.0160969069560643	0.00184524395005687	0.0627550025759294
0.00461925984404819	0.0628703206813394	8.76374443899422e-05	0.766241143260224	0.0723978891580738	0.0152653482933911	0.0363921643734816	0.0206182003761397	0.0215080365689123
0.0132903368747954	9.35727216386618e-05	9.3572721644249e-05	0.812955293894993	0.0703553956289798	0.0394727165019282	9.35727216386623e-05	9.35727216386621e-05	0.0635519662127436
0.0161060768570576	0.0344710685406229	9.36651685121908e-05	0.803419456943384	0.100152829254649	0.014705934448334	9.3665168511688e-05	9.3665168511684e-05	0.0308636384504169
0.000129763600154737	0.0354169001041192	0.000129763600154407	0.782203084262813	0.0815116270588967	0.0203236515390103	0.0339574989587291	0.000129763600154737	0.0461979472759671
0.00272958318960729	9.28391347100639e-05	0.0158303331152519	0.831074832101577	0.0790066372637875	0.0245477323600774	0.0106634938219536	9.28391347100662e-05	0.0359617098783249
