Basophils	Bcells	CapsularFibroblasts	cDC1s	cDC2s	CentralVeinEndothelialcells	Cholangiocytes	Fibroblasts	Hepatocytes	HsPCs	ILC1s	Kupffercells	LSECs	LymphaticEndothelialcells	Mesothelialcells	MigcDCs	MonocytesMonocytederivedcells	Neutrophils	NKcells	pDCs	PortalVeinEndothelialcells	Stellatecells	Tcells
0.000844668701855841	3.44037015640176e-05	0.0316962533908926	0.0386925082426717	3.44037015613979e-05	0.0335769366559265	0.00113844504227169	3.44037015613998e-05	0.810764314536967	0.00107561671489143	3.44037015614005e-05	0.0377205675888718	3.44037015614025e-05	3.44037015614029e-05	3.44037015613989e-05	0.0058250865111939	0.0139684550241926	3.44037017733876e-05	3.44037015620418e-05	0.00187983711422374	0.00611577684613446	0.0163574966140783	3.44037015605896e-05
3.46983489778341e-05	0.00696078378421732	3.46983489694487e-05	0.0442953566995593	0.000400950575029226	3.46983489694485e-05	0.00112903571960083	0.00669611256565224	0.808452778851362	4.01915471884658e-05	0.0220634040477645	0.0507847917063176	0.0419691922536324	3.46983489694485e-05	3.46983489694488e-05	0.00116867329710074	0.00640707643040642	3.46983483188208e-05	3.4698348969448e-05	0.000816963242439145	0.000593713049897506	0.00793679223824614	4.12955494420453e-05
3.49245491406441e-05	3.49245491351997e-05	0.00475633613195948	0.0387989007034886	0.00256646940277097	0.035158619399497	0.0015079077677328	0.00265901191589256	0.8054346674279	0.013357913341759	3.49245491427288e-05	0.0404686053539473	0.0118207230381997	3.49245491427288e-05	0.00690509078426581	3.49245491427265e-05	0.0206909921725747	3.49245488757489e-05	3.4924549145063e-05	3.49245491427305e-05	3.49245491426549e-05	0.0106658252592698	0.00489461635873199
0.00286214031171232	0.0123474515339773	0.010063883749772	0.023098236653696	0.0261347892669121	0.00837954850728013	0.00115268955494731	3.51355406316899e-05	0.841288078320657	3.51355406316897e-05	3.51355406316897e-05	0.0204347105519558	0.0391371166204752	0.00500047819587181	4.90879029294929e-05	0.00344750545155142	3.51355406319474e-05	3.51355408645201e-05	3.51355406298459e-05	0.00264286197412363	3.51355406321907e-05	0.00368033707885301	3.51355406316893e-05
0.00155206614140111	0.00386883531164537	0.00960934294223388	0.0462779503695458	3.49891201696486e-05	3.4989120169648e-05	3.49891201692472e-05	3.49891201696481e-05	0.816809399991187	0.00918522899809787	3.49891201696496e-05	0.0443699627205476	0.0199610817009792	3.49891201687252e-05	3.49891201696469e-05	0.0025240678092353	0.015292436741053	3.49891198664963e-05	3.49891201858764e-05	0.0119363595574871	0.00450640181910862	0.0137569746960696	3.49891201696489e-05
0.00459026479302265	3.54198695206742e-05	0.00539529561513233	0.0321193851569058	3.54198695278496e-05	0.0053407652517847	0.00727602514526981	0.0055675693261403	0.805537881797042	3.54198695278488e-05	3.54198695278486e-05	0.0601741906476219	0.0220764855226456	3.54198695278467e-05	3.54198695278485e-05	3.54198695278488e-05	0.0269221801993555	3.54198698183002e-05	3.54198695287467e-05	3.54198695278492e-05	0.00131954171292352	0.0167643858843841	0.0065618302522088
3.47687703982481e-05	3.47687703994494e-05	0.00422776505236523	0.0438801450113233	3.4768770399701e-05	0.0190282892914008	3.47687703997011e-05	0.000652846229001791	0.839495562319544	3.47687703997003e-05	3.47687703997018e-05	0.0493728534072221	0.013552936040643	3.47687703997018e-05	3.47687703997043e-05	3.47687703997008e-05	0.0173070677028801	3.47687715503167e-05	3.47687703982685e-05	3.4768770399701e-05	3.47687703997326e-05	0.0119957721588758	3.47687703997013e-05
2.4564386596007e-05	2.45643865890884e-05	0.00298751965921047	0.0334558866844005	0.00336194737493037	2.45643865976119e-05	0.00332699293861641	0.00158854620351271	0.83963667045463	2.45643865976118e-05	2.45643865988381e-05	0.0374140509414918	0.037025614136977	2.45643865976192e-05	2.45643865976107e-05	2.45643865976119e-05	0.027836322603599	2.45643872929374e-05	2.45643865946497e-05	0.00277505400932821	2.45643865972789e-05	0.0102966223534485	2.45643865981451e-05
3.57375751343228e-05	3.57375751269639e-05	0.0150364796466494	0.0328504449334766	3.57375751347047e-05	0.00608498929714626	0.0307423652869164	0.0118621816636917	0.791460467127459	0.00060332782506852	3.5737575134703e-05	0.0292169467610395	0.0176832297096333	3.57375751347015e-05	3.57375751347046e-05	0.000594606868081561	0.0140356996921107	3.57375751474314e-05	3.5737575137825e-05	0.0130656257247647	0.0245479061978588	0.0118940910898829	3.57375751347045e-05
0.000368810241052471	0.0155181449729388	3.55628858397374e-05	0.0385498785924366	0.00872332347750734	0.0170036318365118	0.00374668049580908	3.55628858397381e-05	0.822041295614655	3.55628858397386e-05	3.55628858397343e-05	0.0421584444368525	0.0128452135634511	3.5562885839735e-05	0.00749083182905259	0.00665454068670374	0.00225433626154883	3.55628853968951e-05	3.55628858349058e-05	0.0112524754493909	3.55628858398132e-05	0.0110723265699788	3.55628858397374e-05
0.00132486685673667	3.70306085276512e-05	0.0027171578129988	0.0257213974321014	3.70306085254717e-05	3.70306085254696e-05	0.0130269591173913	3.70306085254697e-05	0.857218379325202	3.70306085254698e-05	3.70306085239877e-05	0.0193724112402768	0.0263742907391727	0.0109060551232411	3.70306085254692e-05	0.00618067393197987	0.0117618131216989	3.70306083047692e-05	0.00864091148418676	0.00253490437334916	0.00668137958292569	0.00720509418810717	3.74608026480488e-05
3.57865822588184e-05	3.5786582253299e-05	0.000106810416433711	0.0161994363261334	0.0212932101096471	3.57865822565404e-05	0.00166520557011341	0.000503132911664994	0.833312888584747	3.57865822565402e-05	3.57865822565484e-05	0.0432972119910514	0.0254352850650192	3.57865822565415e-05	0.00636721602241282	3.57865822565403e-05	0.0124106002311518	3.5786583693404e-05	3.57865822547147e-05	0.0181003614878369	0.0113316626241107	0.00961911283567864	3.57865822557529e-05
3.49209251090879e-05	3.49209251031217e-05	0.00776514498765231	0.0289572016647298	0.018527969891428	3.49209251025052e-05	0.0026293265324897	3.49209251025053e-05	0.83217626132731	0.00068481238976521	3.49209251025098e-05	0.0338344452589632	0.039655740882068	3.49209251025053e-05	3.49209251025043e-05	0.00084614081625403	0.00859946457289625	0.000435116345202227	3.49209251029985e-05	3.49209251025053e-05	3.49209251025012e-05	0.0255042451551058	3.49209251025044e-05
0.00116801835048015	3.54785217408444e-05	3.54785217408473e-05	0.0490196845567165	3.54785217408478e-05	0.00989055480084156	0.00263093175491779	0.00298442423502924	0.800438082318815	0.00459860511547771	3.54785217408462e-05	0.056262110165484	0.0375928970797512	3.54785217408466e-05	0.0109239800253377	3.54785217408473e-05	0.0144718897512045	3.54785218032091e-05	3.54785217428418e-05	3.54785217408474e-05	3.54785217408488e-05	0.00962855810673033	3.54785217408473e-05
3.52084695605058e-05	3.52084695672283e-05	3.52084695611571e-05	0.0304845115486151	0.0154657289060952	3.52084695605114e-05	0.00308483100372827	3.52084695605135e-05	0.827271545352829	0.0165627514158703	3.52084695605119e-05	0.0547947942002818	0.0234650802757684	3.52084695605109e-05	0.00824937264189934	0.000720211893856599	0.00906814971056726	3.5208469738057e-05	3.52084695600954e-05	0.00136811072336272	0.000918904248598519	0.00498802529050141	0.00324110656179737
2.41970028460412e-05	2.41970028578467e-05	0.0107559328509676	0.0453806541898425	0.0135519667085539	0.0225196827758608	2.4197002844753e-05	2.41970028447545e-05	0.842103116987403	0.00294995098088406	2.4197002844733e-05	0.0189508405982782	0.0233523075294728	2.41970028447551e-05	2.41970028447534e-05	2.41970028447528e-05	0.00155025436168223	2.41970026900955e-05	2.4197002849422e-05	2.41970028447531e-05	2.4197002844798e-05	0.0185707319802161	2.41970028376019e-05
0.000384342702622726	0.00333282587725069	3.57558227702304e-05	0.00366356798094982	0.0267533361261049	3.57558227702308e-05	0.0346141272504546	3.57558227702315e-05	0.814329690809922	0.00046907071880457	3.57558227702303e-05	0.0459948927902801	0.039471106212116	0.0185067425417531	0.00319331754772112	3.57558227702305e-05	3.57558227702304e-05	3.57558226159173e-05	3.57558227683909e-05	0.00138395193927825	0.00165026831519185	0.00593095678277275	3.57558227720153e-05
3.54067894974412e-05	0.00460236559732276	3.5406789495684e-05	0.0413981319067211	3.54067894956801e-05	0.0160082579263829	3.54067894956842e-05	3.54067894956869e-05	0.841891227962605	0.00194627650800813	3.54067894956886e-05	0.0262077681031427	0.024567009981946	0.00589997043576578	0.00872482311607577	3.54067894956847e-05	3.54067894952194e-05	3.54067897650466e-05	3.54067894926605e-05	0.0154252798450703	3.54067894956839e-05	0.012904007142743	3.5406789495683e-05
3.56478762062284e-05	3.56478761990552e-05	3.56478762062254e-05	0.00807654254392995	0.0268749076207803	0.00542403348104689	0.0153772200709035	0.0261605908515023	0.801555533552752	3.56478762062239e-05	3.56478762062257e-05	0.0418730363273913	0.0174255462659731	3.56478762062259e-05	0.0168863875953573	0.00546561333137519	0.00253290911297189	3.56478762006882e-05	0.00150611153888948	0.00280608828851159	0.0207099225613421	0.00704037384763395	3.56478762084209e-05
2.44920406198887e-05	2.44920406198888e-05	0.028622381906181	0.0174546725647755	2.4492040619885e-05	2.44920406198873e-05	4.21096983756125e-05	0.00404680789407223	0.781634147845169	2.5636753441726e-05	2.44920406198885e-05	0.0654796162285027	0.00862000195993021	0.00497400209775581	2.44920406198883e-05	2.44920406198876e-05	0.0372430194972915	2.44920402632824e-05	2.44920406198894e-05	0.0273104177411486	0.00455185475221387	0.0197504106553	2.44920406198881e-05
0.00224430421251464	3.62893589254023e-05	0.00237183076420979	0.0292217270196793	0.0207746240024529	0.00503527225862896	3.62893589236088e-05	3.62893589236095e-05	0.855620201422147	3.62893589236084e-05	3.62893589235984e-05	0.0144719053566179	0.0324547662400891	3.62893589236085e-05	3.62893589236133e-05	0.00202752471878131	0.0116255242128148	3.62893604634767e-05	3.628935891644e-05	0.00611532226826755	3.62893589241509e-05	0.00879218144150716	0.00888192249151849
3.48181987412077e-05	3.48181987333233e-05	0.000853745309393809	0.0190544457645047	3.48181987322305e-05	3.48181987322248e-05	0.0764350855357985	0.0109275766669774	0.76528117515455	0.00421763328567844	0.0128910385772591	0.0265944937749979	0.0268168757946601	3.48181987322256e-05	0.00684504840059183	0.00821217349796125	0.00894642200284024	3.481819851889e-05	3.48181987427505e-05	0.0171401999627043	0.00969322987991967	0.00581231080249733	3.48181987322264e-05
3.57088714146482e-05	0.00649638756625632	0.00651635455248665	0.0185157818407434	0.00800128620039809	3.57088714151194e-05	0.000603603686132809	0.0133809473954167	0.809731987741546	0.00284725121391016	3.57088714151243e-05	0.0285775635665552	0.0491282902201271	3.57088714156383e-05	3.98988178082335e-05	0.00682965563195709	0.0311385579738468	3.57088726923352e-05	3.57088714185398e-05	0.00225026935234742	3.57088714151196e-05	0.015656493267863	3.5708871418389e-05
2.53329374374075e-05	0.00346223257272284	0.00220947014173192	0.00380513493809727	2.53329374399756e-05	2.53329374399823e-05	0.0110550778100093	0.00317645735194253	0.85390343307083	3.24278630318833e-05	2.53329374399843e-05	0.0177130369178539	0.0375202632330406	2.53329374399834e-05	0.00706041093995609	2.53329374399824e-05	0.0220191466535564	2.53329377441568e-05	2.53329374428724e-05	0.00254057834707689	0.0228989155684894	0.0123754181543968	2.53329374399806e-05
3.58151266182987e-05	0.00829562279387609	3.54085571955698e-05	0.0395268420100974	0.00183568169563688	3.54085571955667e-05	0.00101222943980493	3.54085571955715e-05	0.815225380626697	0.0065493294856933	3.54085571955732e-05	0.0504256975053928	0.037239679855996	3.54085571960451e-05	3.54085571955688e-05	3.54085571955696e-05	0.0142469315135382	0.000555516705320254	3.54085571975834e-05	0.0106372067214014	3.54085571955713e-05	0.00843444967577946	0.00566093982938541
3.50287145427635e-05	0.00189490869593821	0.0166668047873189	0.0416673418470466	3.50287145427632e-05	3.50287145427639e-05	0.00453249609598635	3.50287145427636e-05	0.832852028837162	3.50287145427649e-05	3.50287145427672e-05	0.0381741002840999	0.0259535040493598	0.00603372001999891	0.000363700186898717	3.50287145427636e-05	0.0236095969248954	3.50287146717007e-05	3.50287145448534e-05	3.50287145427628e-05	3.50287145427244e-05	0.00783145369665035	3.50287145427647e-05
0.00223104784345717	3.50978577057873e-05	3.50978577057876e-05	0.0304464012704097	0.0115813456545417	3.50978577057878e-05	3.50978577057876e-05	3.50978577058001e-05	0.871864267763903	3.50978577057888e-05	3.50978577057737e-05	0.0221880702302432	0.023217119522145	3.50978577057862e-05	3.50978577057877e-05	3.50978577057868e-05	0.0140957587063542	3.50978577183726e-05	3.5097857706346e-05	0.0180688898978105	3.50978577057866e-05	0.00581572910324068	3.50978577057883e-05
3.53534470544192e-05	0.0207204709414129	4.65383728028112e-05	0.0269095987792363	3.53534470536895e-05	3.53534470536897e-05	0.00719535426902559	0.0127363153274234	0.824013228771967	3.53534470536905e-05	3.53534470536913e-05	0.0278097639599298	0.0330569618512074	3.53534470536902e-05	0.00478532826280363	3.53534470536908e-05	0.0204833428560756	3.53534475244056e-05	3.53534470592754e-05	0.00177683009020381	3.53534470536894e-05	0.0200773785998469	3.53534470504084e-05
0.00321847966937253	0.00198357238890399	0.00882024827480701	0.021007443121503	0.0128078131132331	0.00552587495332338	0.00856665302740058	3.50310107258257e-05	0.845476400607864	3.61493322198558e-05	0.00210742521823224	0.0259423787821009	0.0251589104412784	0.000259242878575021	3.50310107258251e-05	0.00171675067342671	0.0127458432898936	3.503101164492e-05	3.50310107334268e-05	0.00450368548736299	0.00528764840553656	0.0146603252804103	3.5031010725825e-05
0.00176433817880926	0.00189572719102166	0.000810088698986806	0.0353831702799599	3.56487728341002e-05	0.0116165070978523	3.56487728340987e-05	3.56487728340997e-05	0.817129105446685	3.56487728341001e-05	0.00748112851983997	0.0491406831284315	0.0244770131139177	3.5648772834096e-05	3.56487728340989e-05	0.00225138860501118	0.0106783011757622	3.56487733310272e-05	3.5648772834437e-05	0.00836328028747101	3.56487728340967e-05	0.0216287341952491	0.00705969512499787
3.68534883687945e-05	3.68534883931384e-05	3.68534883753839e-05	0.0317333643109658	0.00300622036652305	0.0140629223004266	0.00793787222151489	3.68534883753838e-05	0.857590266029585	4.00248361680056e-05	3.68534883753855e-05	0.0267916317287182	0.0179639231091419	0.0028537655389241	3.68534883753837e-05	3.68534883753881e-05	0.0207587634619812	3.68534882518492e-05	3.68534883795288e-05	3.68534883753835e-05	0.00389965514383587	0.0129562025801919	3.68534883772425e-05
0.00301467426086115	3.48467723607977e-05	0.0056104456115664	0.0115751921054999	3.4846772361478e-05	0.0167876657531303	0.00235454060767181	3.48467723614792e-05	0.785397282902368	3.53865048351824e-05	0.00836027069514837	0.0518564476440728	0.0340044255079045	3.48467723614785e-05	3.48467723614763e-05	0.0102002242386841	0.0395898464009167	0.000880128376891104	3.48467723610435e-05	0.0153785632201214	3.48467723614792e-05	0.0146761319914358	3.48467723632177e-05
0.000659282543376856	0.00810137494401865	0.0104586648874546	0.0277259926628445	3.50499828770641e-05	0.0123694033732313	0.00344618201880818	0.000623964506321462	0.801790893650289	3.50499828770622e-05	3.50499828770621e-05	0.0521181878755737	0.0261610038301596	3.50499828770626e-05	0.000154970806007753	3.50499828770622e-05	0.0277354125439829	3.50499828558309e-05	3.50499828761149e-05	3.50499828770641e-05	0.000295369550555455	0.0171644941754285	0.0109144027689534
2.23032907358706e-05	0.00111417744709579	0.0169184142451688	0.0288065122652433	0.0135209759827386	0.0857327205404206	0.00103891032332624	0.029675914947467	0.737583205371651	0.00634015264308187	0.00658164489140292	0.0209471538494446	2.23032907359847e-05	2.23032907359845e-05	0.0152038944794973	0.0156894554510035	2.23032907359848e-05	2.2303290527713e-05	2.23032907344517e-05	0.00315736967189723	2.23032907359852e-05	0.0175110715648837	2.23032907359858e-05
3.4628936579085e-05	3.46289365888278e-05	0.0026899276629067	0.0411184858408178	3.46289365905968e-05	0.0162572661503733	3.46289365902852e-05	0.00153139802509899	0.817551978478035	0.00382586917758373	3.4628936590594e-05	0.0292939962616232	0.0344828230151337	0.00506230244719916	0.00644030740651368	0.00107674509338831	0.0108430915880289	0.000476325180126903	3.4628936592063e-05	0.00110017581439421	0.00284311330370807	0.0196038080874068	0.00559461284812968
0.00177177849548426	3.56285397672545e-05	3.56285397567471e-05	0.00665575747287055	0.00769911121231866	0.0223818847571479	0.00179232865728582	3.56285397567442e-05	0.806756689648152	0.00962988677585545	3.56285397567478e-05	0.0679049451174035	0.0285091107438468	0.000865373064815832	0.00594948417519422	0.000637474794448619	0.0183686521338845	3.56285399665258e-05	3.56285397590933e-05	3.5628539756744e-05	0.00547773799262751	0.0153147566403545	3.56285397898812e-05
3.44176391221045e-05	3.44176391219892e-05	0.00846333773968042	0.0425098976220099	3.44176391219875e-05	3.44176391219912e-05	0.00325937568026146	0.00804527323589786	0.784245298017172	3.44176391219908e-05	0.00870470159221709	0.0565572345461049	0.0394857739850577	3.44176391219908e-05	3.44176391219909e-05	3.44176391219908e-05	0.0301052587049368	3.44176401105998e-05	0.00514087327055547	3.44176391219915e-05	3.44176391219907e-05	0.0130620378105775	4.23437641980971e-05
2.43096265931565e-05	0.00253973248700769	2.43096265913959e-05	0.0190316747852852	0.0169394583540352	0.0642260160385255	2.70876426354694e-05	0.0054336210135105	0.800041640101437	0.00479434372405384	2.43096265889934e-05	0.0478047784357229	2.4309626591393e-05	0.000796276644576609	0.0100112916505494	2.43096265913938e-05	0.0091559825142172	2.43096266002395e-05	2.43096265912472e-05	2.57799121210827e-05	2.43096265913938e-05	0.0189535300569923	2.43096265913037e-05
0.00182324374946074	3.55278291711135e-05	0.00491403173280644	0.0441425007996677	0.00499111406583114	0.0107824286803594	3.69335635393542e-05	3.55278291687405e-05	0.832658570327184	3.55278291687407e-05	3.55278291687375e-05	0.0305819279845527	0.0378508360937954	3.55278291687397e-05	3.552782916874e-05	3.55278291687406e-05	0.00899477027735652	0.000348390769176431	3.5527829174461e-05	3.55278291687405e-05	3.55278291684314e-05	0.0224844458354098	3.55278291651987e-05
3.51944641223553e-05	0.00931863605337954	0.00671049877907444	0.0319604395135612	3.51944641145939e-05	0.000336206860416762	3.51944641145947e-05	3.51944641145945e-05	0.830237938533448	3.51944641145948e-05	3.51944641146058e-05	0.0520806800962701	0.0420913357974068	3.51944641138663e-05	4.3077416844524e-05	3.51944641145948e-05	0.016411470542967	0.000682900003617375	3.51944641152089e-05	3.51944641145949e-05	3.51944641145689e-05	0.00970448283363194	3.51944641145944e-05
0.000980141001281112	0.00267463325119715	3.52452920041963e-05	0.0274349163669021	3.52452920041788e-05	0.032608407851709	0.00137707789911578	3.52452920041963e-05	0.806473226060164	3.5245292004196e-05	3.52452920041963e-05	0.0400379956050145	0.0153987929160308	0.00012581508625901	0.00717582885663698	0.00238176776150764	3.52452920041961e-05	3.52452920858136e-05	3.5245292000169e-05	0.00945136133992837	3.52452920041963e-05	0.026259237890937	0.0273035904852011
3.49612253893124e-05	0.00240913033224319	0.00309107072863738	0.0306697425118651	0.00430853092310941	0.00670293110659782	3.50020323334564e-05	3.49612253838045e-05	0.846481795523451	3.49612253838036e-05	3.49612253838067e-05	0.0264777828488332	0.0285189468333723	0.000961768628238247	0.00729609361249967	0.00408238468462561	0.0114220645080761	3.49612256969963e-05	3.49612253876053e-05	3.4961225383806e-05	0.00465501913768355	0.0187302944281186	0.00391271358230641
0.00199457316203479	0.000810228326037538	0.0131784725370837	0.0480210535523089	3.57761752925667e-05	3.57761752925674e-05	0.00998492134934588	3.57761752925674e-05	0.809425049035254	3.57761752925672e-05	3.57761752925631e-05	0.0350374067951394	0.0239743186043723	0.00535043675637382	0.00140455520479556	3.57761752925669e-05	0.0217489510144981	3.57761760491167e-05	3.57761753077483e-05	0.00770433634982256	0.00203553499600096	0.019008176738527	3.57761752925792e-05
2.42031860833135e-05	2.4203186083271e-05	0.0129557974703815	0.04978461042724	2.42031860806028e-05	0.0129079888726686	2.42031860805996e-05	2.42031860805997e-05	0.823680814740904	2.53273761521892e-05	2.42031860806142e-05	0.0297772196702669	0.020113120225954	0.00217009504786901	2.42031860806004e-05	2.42031860805946e-05	0.00222257398973607	2.42031868048422e-05	2.42031860801824e-05	0.0154746193055429	2.42031860806005e-05	0.0305973946395885	2.42031860805982e-05
0.00709277404945783	2.52238664565497e-05	2.52238664633466e-05	0.0353023279393986	2.52238664633489e-05	0.0193341623049783	0.0028696758073172	0.00289394226531637	0.843304532739596	0.0105013865673933	2.52238664633489e-05	0.041756857231931	0.015308307317135	2.52238664633498e-05	2.52238664633485e-05	0.00106552571290496	2.52238664633484e-05	2.52238672267015e-05	0.00604823027867011	0.00173164792828374	2.52238664633015e-05	0.0125383911922277	2.52238664633524e-05
3.43381145461914e-05	0.00177850217364496	0.0102667443509586	0.0203159798166939	0.0062863787592193	0.0546862095329831	4.87280140915253e-05	3.43381145492577e-05	0.819257664769283	0.0155167341865175	3.43381145492582e-05	0.0252267127045337	0.00865679713922602	0.00508273321572837	3.43381145492577e-05	0.00458192918651523	7.53335817453459e-05	3.43381142304521e-05	3.43381145464781e-05	0.0100355541369672	3.43381145492576e-05	0.0146670154472515	0.00327661618312072
3.52905595017944e-05	3.5290559510404e-05	3.52905595090793e-05	0.0391590325815351	3.52905595090794e-05	0.0200681643015025	3.52905595090788e-05	3.52905595090797e-05	0.830119132349549	0.00675308818532993	3.52905595090871e-05	0.0534017318555359	0.00969947502127935	3.52905595090765e-05	3.52905595090774e-05	0.00407000718469508	0.0190443228197633	3.52905595099104e-05	3.52905595114874e-05	0.0106215205782476	3.52905595090795e-05	0.00636967217842448	0.000270366230031652
3.5880168521855e-05	0.00139584506496873	3.58801685227697e-05	0.0230873551320559	3.58801685227854e-05	0.00567789646660444	3.58801685227839e-05	3.58801685227885e-05	0.831700873320829	3.58801685227847e-05	3.58801685227812e-05	0.0320998479147309	0.036285484769262	3.58801685227851e-05	3.58801685227837e-05	3.58801685227838e-05	0.0261696789568771	3.58801682083337e-05	3.58801685253703e-05	0.0254553127472811	0.00107128039165706	0.0165811242064861	4.47390072866118e-05
2.42933443755922e-05	0.004659701939535	0.0153732635151093	0.0362716226453728	2.42933443685318e-05	0.0662740254508629	0.00225184840169173	2.42933443685315e-05	0.821245528495768	2.42933443685316e-05	2.42933443685488e-05	0.0221812447408114	5.71580911952222e-05	2.42933443685287e-05	2.42933443685311e-05	2.42933443685321e-05	0.00530039491533605	2.42933443737876e-05	2.42933443671499e-05	2.42933443685296e-05	0.00351273888205717	0.0225809527898271	2.42933443685316e-05
3.50353224304995e-05	0.00541511797394525	3.50353224330445e-05	0.0299785691356923	3.5035322433044e-05	0.0138906703374096	0.00232243177720627	3.50353224330446e-05	0.842892184921675	3.50353224330435e-05	3.50353224330441e-05	0.026309037869743	0.0231647093280531	3.50353224330445e-05	3.50353224330439e-05	0.00564792412979325	0.0147738728930695	3.50353226272409e-05	0.00314421286233996	0.00869641520533223	3.50353224330455e-05	0.0165688221165344	0.00684567822468362
2.49188241394351e-05	2.4918824142678e-05	2.4918824143193e-05	0.0181708912383008	0.0275947667383897	0.0163632114641857	0.00294556188327344	2.49188241431918e-05	0.832082479960573	2.49188241431934e-05	2.4918824143187e-05	0.028907672574534	0.0154758584910185	2.49188241431957e-05	2.49188241431927e-05	2.49188241431923e-05	0.0159897245417189	2.49188250561724e-05	2.49188241434859e-05	0.0024977104837846	0.0107115485361037	0.0109631620696044	0.018023304952029
3.58358224407629e-05	0.00868022262993039	3.58358224460529e-05	0.0219462291016984	3.58358224466301e-05	3.58358224460526e-05	0.039283677511258	0.0125488060791184	0.786512959309321	0.00973262890853303	3.58358224460561e-05	0.039811171336846	0.0375622377900516	0.00793347391070622	3.58358224460526e-05	3.58358224460527e-05	0.0103007957474907	3.5835823140891e-05	3.58358224498607e-05	0.00555954082536022	0.0123762753997392	0.00487512730000522	0.00255433174723332
2.40588322872496e-05	0.00432742060364434	0.010242434386396	0.0249659606054853	2.4058832289e-05	0.0325414413411	0.00237543506377557	2.40588322889997e-05	0.803307483501648	0.00152706513914761	2.40588322890024e-05	0.0270971108069957	0.0342440188340384	0.00684657575066163	0.000606114302351811	0.00171021107864748	0.0159333509258272	2.40588319414523e-05	2.4058832290419e-05	2.40588322889994e-05	0.00886094416126884	0.0192803804395501	0.00596564123378668
3.79330255934472e-05	3.79330256019583e-05	3.79330255946725e-05	0.0290079538581578	0.0141080314800794	3.79330255946731e-05	0.0181658956815467	0.00263730955502333	0.854150752927748	3.79330255946735e-05	3.79330255946719e-05	0.0205851092496465	0.0276842795586503	3.79330255946733e-05	0.00317131299373213	3.79330255946733e-05	0.00222493595151712	3.79330258657683e-05	3.79330255925759e-05	0.00592105858614302	0.0135674509394211	0.00835864593651552	3.79330255965659e-05
0.000419322899951566	0.00714133586448794	3.42567822249781e-05	0.058221700031594	0.00875465143105252	0.0164902834854322	0.00303490571992716	0.00292294489101152	0.822973909174907	3.42573454684052e-05	3.42567822249754e-05	0.0341040804877607	0.0205021370092422	3.42567822249758e-05	3.4256782224976e-05	0.000557461191310897	3.42567822249752e-05	3.42567818067992e-05	3.42567822251943e-05	0.00429424146149148	3.4256782224977e-05	0.0192023736155963	0.00107234113338391
2.38853234221372e-05	2.38853234259954e-05	0.0100113347584838	0.0469089074837646	2.38853234259944e-05	0.0147251098003383	9.05577877172663e-05	0.00666477217883223	0.789322235972178	2.54888931702055e-05	2.38853234259898e-05	0.0443221963837495	0.0444034046069339	2.38853234259954e-05	0.00212732778252464	0.00284479686430509	0.0120320449648282	2.38853212040601e-05	2.38853234265475e-05	0.0109537413112555	2.38853234259957e-05	0.0153531133033096	2.38853234259913e-05
0.00173745944369873	0.00246904228636574	3.55044651751166e-05	0.0265943337675377	0.014161116984805	0.00374194326338555	0.00359629941331162	3.55044651751166e-05	0.852214824891328	0.000151201084177568	3.55044651751161e-05	0.0248717910206401	0.0453101846979472	3.55044651749052e-05	3.5504465175116e-05	3.55044651751164e-05	0.00318558717100049	3.55044650376783e-05	3.55044651772174e-05	0.00267075203391344	3.5504465175549e-05	0.00753372725544646	0.0114421965000014
2.46355320251099e-05	2.46355320210256e-05	0.00527447473818395	0.0454787351744061	2.4635532021044e-05	0.0142833325797483	7.09007262601875e-05	2.46355320210439e-05	0.83272484341035	0.00347544673243494	2.46355320210346e-05	0.040576203883469	0.00819187633608223	0.0105058751673124	2.46355320210454e-05	2.46355320210411e-05	0.023623825677808	2.4635533548646e-05	2.46355320256832e-05	2.46355320210438e-05	2.46355320213027e-05	0.0154988591881555	2.46355320210432e-05
3.50421944567165e-05	3.50421944817611e-05	5.06621844863311e-05	0.048768776931638	0.00808779474663374	0.00545557258746971	0.000663819182928295	3.50421944784907e-05	0.826484626216125	3.50421944784901e-05	3.50421944784916e-05	0.0316382453653983	0.0444050955150961	3.50421944784905e-05	0.00808257919036148	3.50421944784907e-05	0.00428441428729168	3.50421959127226e-05	3.50421944854107e-05	3.50421944784907e-05	3.50421944784129e-05	0.0212066700906636	0.00048627956122166
2.4585445408872e-05	0.00820064835470207	2.45854454060197e-05	0.0191421860871204	0.0281195107787304	2.45854454060176e-05	0.0109482683095117	0.000330754067322236	0.842060917023949	0.00269567522432438	2.45854454059995e-05	0.0283516794782472	0.029979485542546	2.45854454060179e-05	0.000656093964645435	2.45854454060167e-05	0.00376787768346911	2.45854461613742e-05	2.45854454080952e-05	0.0117069115855432	2.45854454060176e-05	0.0137941374450686	2.4585445406017e-05
3.60853314333167e-05	3.60853314254764e-05	3.60853314337053e-05	0.0325372702559012	3.60853314337077e-05	3.60853314337115e-05	0.00261898492089348	3.60853314337081e-05	0.82696170767043	0.00906875847383402	3.60853314337053e-05	0.042476357207606	0.0445768059464266	3.60853314337091e-05	0.00105996350297592	3.60853314337066e-05	0.00546434548949918	3.60853314373932e-05	3.6085331440605e-05	0.0139229276575656	3.60853314337072e-05	0.0208437695662273	3.60853314337081e-05
0.000196186760853247	0.00729651523270658	0.00618454653978268	0.0122736856775252	0.0156112830253727	0.0020709592121983	3.68510810566696e-05	0.0019545908143754	0.805478372320581	0.00885566336995939	3.50353646527172e-05	0.0349908920634252	0.0393312224212494	0.000947477069179406	3.50353646527179e-05	3.50353646527202e-05	0.0306447364046648	3.50353646624805e-05	3.50353646539697e-05	0.025036041285463	3.50353646527198e-05	0.00884572916902703	3.50353646527194e-05
3.53557178880975e-05	3.53557178880994e-05	0.00282873943248393	0.0301461294398138	3.53557178880978e-05	0.00502614842270415	3.67026484464032e-05	0.00422003985445596	0.805143372789448	0.00124267508259131	3.53557178880968e-05	0.0397446756183312	0.0492243184181682	3.53557178880989e-05	3.53557178880971e-05	0.00974235078040172	0.00770212026895876	3.53557191089838e-05	3.53557178901532e-05	0.00253005313542372	3.53557178880986e-05	0.0258427648764207	0.0162517077701364
3.4400134097901e-05	0.00220701575905152	0.00660294385148559	0.0299082303755185	0.00197502407813461	0.00453706910004396	3.44001340920987e-05	0.0114333307153337	0.817314791919249	0.0104215697510708	3.44001340921011e-05	0.0275955324177785	0.0492841184403114	0.00387494137705418	3.65555975626225e-05	3.44001340920986e-05	0.0122458328040508	3.44001330311911e-05	3.44001340961284e-05	0.0165005942774518	3.44001340927553e-05	0.00578724846421684	3.44001340920965e-05
2.40189007078605e-05	0.00475467316609966	0.00718300682111939	0.0315706261551878	0.00684205649284827	2.40189007051715e-05	4.00475543986497e-05	0.00179450171745653	0.819778451006556	2.40189007051716e-05	2.40189007051682e-05	0.0377811394241549	0.0580163274189636	2.40189007051714e-05	2.40189007051698e-05	2.40189007051716e-05	0.00506082112822625	2.40189020106896e-05	0.00491514426115174	2.40189007051713e-05	2.4018900705182e-05	0.0125114750825157	0.0095115407629613
3.45643155921735e-05	3.45643155915577e-05	0.00271394663543298	0.0326970600185876	3.4564315591532e-05	0.0153228858275481	0.00200291695749658	0.00473763683030765	0.832333668566949	0.000845338749356505	3.45643155915329e-05	0.034271318050395	0.030570870043548	0.00191853551828914	0.00661184316695831	0.00161485562804223	0.0102478543976047	3.45643155515326e-05	3.4564315598971e-05	3.45643155915319e-05	3.45643155915327e-05	0.0117739679762111	0.0120607871085725
0.000738754434777246	3.50055579903397e-05	0.00658971404655016	0.0397435888785525	0.0128181585317453	3.50055579871447e-05	0.00202019632554986	3.50055579871086e-05	0.862885622846286	4.34398622575559e-05	3.50055579871578e-05	0.0363151071151508	0.0283398202751391	3.50055579871442e-05	3.50055579871437e-05	3.50055579871443e-05	0.00337560025497992	3.50055587652123e-05	3.50055579859682e-05	3.50055579871443e-05	3.50055579872601e-05	0.00670993073238552	3.50055579871469e-05
5.08209232462253e-05	5.08209232286902e-05	0.00715668140765008	0.0481126639022161	5.08209232384179e-05	0.0227802683953323	5.08209232384126e-05	5.08209232384128e-05	0.851894429792192	0.00200755672130371	5.08209232384125e-05	0.0248756150484801	0.0167974567757231	5.08209232372102e-05	0.0045379056681114	5.08209232384124e-05	0.00020936371210034	0.000357969660036651	5.08209232545182e-05	0.00600447700292702	0.000278616095979233	0.0144787865855511	5.0820923238415e-05
0.007450323630088	2.46964853741709e-05	2.46964853744634e-05	0.0200317548889308	2.46964853744641e-05	0.0141019424771731	0.00107941261234554	2.46964853744632e-05	0.839496536309988	2.46964853744638e-05	0.00561510998955203	0.0377555068505993	0.00952354453504864	2.46964853744655e-05	2.46964853744635e-05	0.00214572741162122	0.00735490329868696	2.46964858433877e-05	2.46964853738899e-05	0.0209764233499708	0.0050800959538905	0.0118902632118712	0.0172761871113952
3.53446029058014e-05	3.53446028988119e-05	3.53446028988114e-05	0.0201706742778011	0.0145552918545447	0.00633834086256752	0.00388726492457558	0.00242490253695367	0.844622975101646	0.0036115226108442	3.53446028988143e-05	0.0262526605314224	0.0319734872683073	3.53446028988116e-05	3.53446028988096e-05	3.53446028988105e-05	0.0154503117156797	3.53446023027593e-05	3.53446028919988e-05	0.00475589050281159	3.53446028988107e-05	0.0161371050607157	0.00946612672373813
0.0012888390981973	0.00183782897756358	3.62387769629003e-05	0.0416211346538518	0.0115503536209681	0.0043108430767492	4.08229093127428e-05	0.000679601076146667	0.850464213669122	0.00478085157994815	3.6238776962894e-05	0.027075695253521	0.0262950390626428	0.00620469238295804	3.62387769629001e-05	0.00475445463464662	3.6238776961852e-05	3.62387771273757e-05	3.62387769525619e-05	0.0081786595396944	3.62387769630586e-05	0.00776516717066824	0.00289813185511568
2.46243316077021e-05	2.46243316055474e-05	0.00391567860088609	0.0192577487037619	0.014005713435376	0.0278453003879891	2.46243316066393e-05	2.46243316066359e-05	0.850960450137993	2.46243316066392e-05	0.000311026052103131	0.0271113309964137	0.0169532208279301	0.00328170513955013	3.15726721652679e-05	2.4624331606639e-05	0.000966450871987155	2.46243316132994e-05	0.0128142790956781	0.0130455883516122	0.00196697502647687	0.00623239541353096	0.00112819396529265
3.56023847439215e-05	0.00116509782462647	0.0120048031625855	0.0195300360217501	0.0273474432180608	0.0398599958650057	3.56023847063849e-05	3.56023847063867e-05	0.841824690176837	3.56023847063868e-05	3.56023847063853e-05	0.0258359724977564	0.00757769873907496	0.00457326705774884	3.56023847063848e-05	3.56023847063849e-05	0.00162527411598322	0.00137924512552352	3.56023847182908e-05	0.00525971122269746	3.56023847053818e-05	0.0116607411252374	3.56023847063859e-05
3.44736576652836e-05	3.44736576636833e-05	0.0106216896418778	0.0367733957987716	3.44736576635257e-05	0.00341775753195407	0.000561047441667813	0.00505603197423919	0.865857650939284	3.44736576635216e-05	3.44736576635257e-05	0.0302244034487205	0.0286126564744111	3.44736576633759e-05	3.44736576635278e-05	0.00947964180146803	0.00309993218270193	3.44736570986641e-05	3.44736576667486e-05	0.00186682843871586	3.44736576636301e-05	0.00404975409244926	3.44736576635267e-05
0.000801653752257402	3.49341944545563e-05	3.49341944416873e-05	0.0402984339945079	3.4934194441687e-05	0.0373974248498677	3.49341944416879e-05	0.000488241076655338	0.81639426328629	0.00039080835278738	3.49341944416893e-05	0.0381965842579083	0.0275923921910639	0.00462584398545085	3.65794312265294e-05	0.00204974340309593	0.0135009939312285	3.49341943807549e-05	3.49341944494888e-05	0.00624447315186909	0.00293729201444753	0.00876579876584981	3.49341944416866e-05
3.48068799392286e-05	3.48068799386092e-05	3.48068799397752e-05	0.0248145106421568	0.0321801628206352	0.00455370640062392	3.48068799397756e-05	3.48068799397835e-05	0.796276859034512	3.48068799397784e-05	3.48068799397785e-05	0.060359260279637	0.0341204402351652	0.0047512673481396	3.48068799397784e-05	3.48068799397762e-05	0.0110309327913021	3.48068805201355e-05	3.4806879940843e-05	0.00301674812407821	3.48068799397709e-05	0.0284436228839532	3.48068799397775e-05
3.62587821436085e-05	3.62587821197195e-05	0.00158697025874023	0.0302102265812251	0.0110840271074114	0.0107239234042971	3.62587821450283e-05	3.62587821455597e-05	0.840786140490243	3.62587821460198e-05	3.62587821455594e-05	0.0481429940163955	0.0150972410868675	0.0103962089440212	3.62587821455565e-05	0.0087408625362497	3.62587821455588e-05	3.62587821508463e-05	3.62587821366417e-05	0.0131737450837889	3.62587821454909e-05	0.0053346789225163	0.00432413496467442
3.51213606062191e-05	3.51213606030678e-05	0.000203537411660126	0.0308366732267504	3.51213606026628e-05	0.020184854345992	3.51213606026604e-05	0.00641970368796548	0.814777933645596	3.5121360602663e-05	3.51213606026622e-05	0.053095188742279	0.0224788368825886	3.51213606026603e-05	0.000650432463688704	0.00139535169675868	0.0245611664688943	0.00174698225829447	3.5121360603958e-05	3.51213606026603e-05	3.51213606024551e-05	0.0232630042028977	3.51213606025139e-05
2.4792317417674e-05	2.47923174200119e-05	2.47923174181761e-05	0.0372459027956536	2.47923174181767e-05	2.47923174181781e-05	0.00598805728461187	0.00755531069273489	0.800075949896049	0.00427945591208988	2.47923174181988e-05	0.0557647520637214	0.0326187128354058	2.4792317418176e-05	2.47923174181775e-05	0.00199426942118862	0.0273648495916181	2.47923174990386e-05	2.47923174169802e-05	2.47923174181759e-05	2.47923174181764e-05	0.0267904393804092	2.47923174180896e-05
2.51140757683788e-05	2.51140757706131e-05	2.51140757679811e-05	0.0175102805506753	0.0384878771139854	2.51140757679809e-05	0.00541145666950395	2.51140757679785e-05	0.849821186997328	3.22024094094825e-05	2.5114075767978e-05	0.029596360165659	0.0307915367485661	2.51140757679808e-05	2.51140757679831e-05	2.51140757679855e-05	2.5114075767981e-05	2.51140730722213e-05	2.51140757699001e-05	0.0126901568889108	0.00932113171117891	0.00601132776249034	2.51140757679803e-05
3.50508672969585e-05	3.50508673062682e-05	3.50508673069512e-05	0.0161913769443079	0.00151442552273422	3.50508673069514e-05	3.50508673069488e-05	3.50508673069514e-05	0.84073985557747	0.00547624892587609	3.50508673069433e-05	0.023508160973714	0.0493634694291303	0.012207940698505	0.00293567102822674	3.50508673069512e-05	0.0116754999372413	3.50508675113646e-05	3.50508673135995e-05	0.00480015942335819	3.50508673074807e-05	0.00959930900451368	0.0216023229943452
2.48859883645061e-05	2.48859883697845e-05	0.000774635881724202	0.0264598840038867	0.000503961522345907	0.00714160544804373	0.000242095294811684	2.48859883649426e-05	0.817291941928869	2.48859883649429e-05	0.00109745886266629	0.0428349023501016	0.0210861008772641	0.00297353651238607	0.0091611788221933	0.0068183957752246	0.0271713357381452	2.48859881869877e-05	2.48859883641879e-05	0.0062395288598657	2.48859883648778e-05	0.0300043502157261	2.48859883649424e-05
0.00292385761103264	2.43934452272202e-05	0.00514100549809315	0.0414285968360884	2.43934452268999e-05	0.009969533721836	0.00236402216844938	2.43934452269081e-05	0.846527891426153	2.43934452269013e-05	2.43934452271282e-05	0.036398327140306	0.00114279504708707	2.43934452268084e-05	0.00623245599746681	2.43934452269017e-05	0.0114572738931623	2.43934459032549e-05	2.43934452266604e-05	0.0126045859369837	0.00382761421326304	0.0197381060571332	2.43934452268995e-05
0.000500211868074844	0.00188557610433397	0.00699829997799468	0.00384709348563698	3.70546204539342e-05	3.70546204539343e-05	0.0129442258749962	3.70546204539343e-05	0.847272472556237	0.000842569379337837	3.70546204539471e-05	0.0431420583360299	0.0216553522872603	3.7054620453934e-05	3.70546204539366e-05	3.70546204539353e-05	0.0438759598718091	3.70546207183784e-05	3.70546204770843e-05	3.70546204539348e-05	0.00593619546967148	0.0106923839633365	3.70546204539418e-05
3.48957274618362e-05	3.48957274505121e-05	3.48957274485072e-05	0.0346997365642411	3.48957274485073e-05	0.00109775146311744	0.0030704293309213	3.48957274485055e-05	0.843117645725894	3.56774105255039e-05	3.48957274485005e-05	0.0165112970668956	0.0491832866780684	0.0133309530334357	3.48957274485065e-05	3.48957274485068e-05	0.0192785063250986	3.48957270345816e-05	3.48957274472355e-05	3.4895727448509e-05	3.48957274485084e-05	0.019221071945371	3.48957274485062e-05
0.0024754211426975	3.49838175497369e-05	3.49838175491791e-05	0.0415194973718257	3.49838175491786e-05	0.00575123023576299	0.00239257251870428	3.49838175491793e-05	0.819437792510418	3.49838175491792e-05	3.49838175491791e-05	0.0375720503917056	0.0316928860254115	3.49838175491791e-05	0.0127561372836184	0.0166642811785871	0.0185362528379906	3.49838175541844e-05	3.49838175495755e-05	0.00326201582791885	3.49838175491792e-05	0.00755504068231253	3.49838175491791e-05
