Bcells	CentralVeinEndothelialcells	Cholangiocytes	Hepatocytes	Kupffercells	LSECs	Mesothelialcells	PortalVeinEndothelialcells	Tcells
8.98439683960745e-05	0.00794399102337793	0.0322746611265204	0.915200820464002	0.0240013680290168	8.98439683313067e-05	0.0167818735501403	0.00352775390181321	8.98439684023499e-05
0.00444278510695986	0.0025118320371446	0.0318453471523991	0.90607763485141	0.0274688890140931	0.00202444668664229	0.0091574896666489	0.004104691749858	0.0123668837348439
9.06333924535004e-05	0.0118101973505668	0.0257541977505823	0.92081319556397	0.0272142731661123	9.06333923805782e-05	0.0127902315735953	9.06333923374543e-05	0.00134600441800144
0.00459349983631466	8.95317378711507e-05	0.0281225631136676	0.930436058121047	0.0152689601086494	0.00776323486443003	0.0107429523638798	0.00289366811625343	8.95317378871485e-05
0.00339594631567884	8.95983667195215e-05	0.0311067974830026	0.923128282322541	0.0272752724869742	8.95983666415366e-05	0.00991280729043663	0.00491209900131907	8.95983666869602e-05
0.000206897390854585	0.00340882174530822	0.0321837679512455	0.908753463705431	0.0365693423765019	9.19577803731651e-05	0.0149070071992768	0.00177197987986082	0.00210676197114775
8.99457008153476e-05	0.00597354921122003	0.0190793479573088	0.935119928460298	0.0305030582809026	8.99457007595741e-05	0.00896433328697294	8.99457009042147e-05	8.99457008189343e-05
8.87016941931604e-05	8.87016941413641e-05	0.0295833127628472	0.926730345662259	0.0247004213024692	0.00727439996949567	0.0113567135261637	8.87016942387915e-05	8.87016941920496e-05
0.000538018418823497	9.21320790674731e-05	0.0529979824059892	0.897686878813374	0.0188506631100345	9.2132079100904e-05	0.0153365414951979	0.0136549495303297	0.000750702068083331
0.00838132829618558	0.00282106825097506	0.0308596526696722	0.923795249738557	0.0232234112071206	9.16547530064218e-05	0.00943021104027559	0.00130576929114119	9.1654753065983e-05
9.37963698302317e-05	0.000590357328574114	0.0430400968741172	0.92326175176021	0.0133593875857758	9.37963697960844e-05	0.00950100982486876	0.00452250917801121	0.00553729470881712
9.08982915395302e-05	9.0898291593641e-05	0.0294485611221973	0.928076768220015	0.0262708616761465	0.0011184605524379	0.0109478307138365	0.00386482284067996	9.08982915540102e-05
8.99496930483718e-05	8.99496930156202e-05	0.0282332052616626	0.926744996451933	0.021489160743482	0.00403355609747457	0.0126289841734784	0.00660024819283743	8.99496930676103e-05
9.00629146299973e-05	0.00308273621494527	0.0291736927152362	0.914079032393352	0.0332103874675999	0.00702886263043387	0.01315509983457	9.0062914602469e-05	9.00629146302112e-05
9.26843845138997e-05	9.26843844469881e-05	0.0289671405285176	0.924269380384899	0.0323163137324144	9.26843844387285e-05	0.0118823212723233	0.00172924841815677	0.00055754251028944
8.97392251397488e-05	0.00998082135306093	0.0268082106928343	0.931329002213496	0.0129097642254143	8.97392250576959e-05	0.0186132446147168	8.97392251322948e-05	8.97392251477344e-05
9.19103522579501e-05	0.00169998221637857	0.060916004839485	0.898795139221139	0.020407010836566	0.00800848998244715	0.00930534690908935	0.000684205290380382	9.19103522572125e-05
0.00335738033185362	0.00734290447548492	0.0230529255431214	0.933378250601182	0.0163326238865138	8.99827054468719e-05	0.0117932509219015	0.00456269882905175	8.99827054440971e-05
0.00251049829961027	9.26753716384179e-05	0.0367402079159016	0.901965913973874	0.0261707399288071	9.26753716460643e-05	0.0161471350039404	0.0124739699066984	0.00380618422788375
0.00613417409747666	9.04222856273527e-05	0.0224576499931383	0.904968321220081	0.0413734422391457	9.04222855683411e-05	0.0227682891774572	0.00202685641588945	9.04222856156908e-05
9.14305390431461e-05	0.00307120763505823	0.0214027938363065	0.94758922530035	0.013184921121152	0.00286271636189141	0.0114256455969781	9.14305389989404e-05	0.000280629070222024
0.00117767212526013	9.08210604911671e-05	0.0723462629275746	0.877070209433766	0.0172333927671417	9.08210604847584e-05	0.0163682250096657	0.00621142543047406	0.00941117018514156
0.00382096276514027	9.17209328071226e-05	0.0310883577828227	0.911070028846973	0.0231243994529759	0.0115500058126641	0.0154442293451237	0.00371857412867741	9.17209328161315e-05
0.00109619640209508	0.00149549937815053	0.0364497890855415	0.921505091308187	0.0121926545514536	0.00688049178163879	0.0133633598381598	0.006923643384543	9.3274270230843e-05
0.00439574552591599	8.99900992014388e-05	0.0327122372366763	0.918683326499857	0.0278570223199264	0.00548624550126989	0.00717285662616659	0.000805090294276989	0.00279748589670913
0.00243970213949687	8.93514497400891e-05	0.0289279215491265	0.924913032615698	0.0253627302863212	8.93514496924431e-05	0.0127114199462986	0.00537713911391415	8.93514497118919e-05
0.00257050695999784	0.000911643456817599	0.0265812913265836	0.935851529377739	0.0183234445405367	0.000210549793219658	0.0150579197744863	0.000403816836757698	8.92979338619185e-05
0.00896167076135697	9.00165777660825e-05	0.027833143150345	0.923851673789387	0.0185266598660458	9.00165780138408e-05	0.0145632142484117	0.00599358845086162	9.00165778115631e-05
0.00117006680611447	0.00431090235313469	0.0307040391923348	0.927115002497993	0.0193292816716607	0.000352272525601475	0.0145348156151731	0.00148191727228312	0.00100170206570474
0.00200793369024384	0.00510603409776302	0.0191944439655493	0.918859154570032	0.0301958036731946	9.0331374085671e-05	0.0126702439111432	0.00226944137397737	0.00960661334401124
9.44285887400437e-05	0.00521024861832241	0.0359118737642471	0.928558819182889	0.0191054775307528	9.44285886680262e-05	0.0108358665488993	9.44285887402973e-05	9.44285887415032e-05
8.99713764927135e-05	0.00704719981565683	0.031315895120414	0.899377538343672	0.0336624556121575	8.99713764694498e-05	0.0104033516096639	0.010043986013864	0.00796963073160982
0.00507170824942938	0.00668050271703657	0.0276790400197624	0.905434984599756	0.0320755098669094	0.000629074486472709	0.0172711850432402	0.0011896530065538	0.00396834201083987
0.00906454747653433	0.0331145000215589	0.0335741184078737	0.877950164954762	0.0170207679139997	8.46445898258857e-05	0.0219948094124786	8.46445898411176e-05	0.00711180263312598
0.000207452254412349	0.0128562758409214	0.0185679389373571	0.932636319391015	0.0187520081477353	0.00105449589330685	0.0127352452938552	0.00310054200808228	8.97222333143893e-05
9.16982144451298e-05	0.0108241378575181	0.0215539698747209	0.914564727970497	0.0386146229209189	0.00247168054608441	0.00974642860873946	0.00204103579262598	9.16982144500638e-05
8.80198138980924e-05	0.000705738833247934	0.0249659895318876	0.905058140961997	0.0358082880733082	0.00828147860484172	0.0139626763244065	8.8019814038904e-05	0.0110416480423736
0.00194359332619797	0.0207773207007011	0.0232111115471924	0.90899012448201	0.026051188003678	9.08605722182993e-05	0.0172927848917611	0.00155215590401828	9.08605722228682e-05
9.08978238165062e-05	0.0115968861338152	0.0235050684337198	0.92871207855814	0.0197382730964124	0.0025145363805685	0.0136604639258567	9.08978238339611e-05	9.08978238367604e-05
0.00342812780514929	9.01224339125485e-05	0.0248300525395205	0.921963599606447	0.0291364486305551	0.00813509260221465	0.0122363115144172	9.0122433894641e-05	9.01224338884272e-05
0.0018497311822752	0.0120978558592067	0.0264058739940164	0.91414799151834	0.0208682505062266	9.08457936142382e-05	0.0132734511440731	9.08457935822999e-05	0.0111751542086652
8.91132452525279e-05	0.00422224562569674	0.0277141200887392	0.933840775975461	0.0155998100948944	8.91132451988167e-05	0.0136081227555041	0.00474758572400225	8.91132452512493e-05
0.000590598703062773	9.11975247002417e-05	0.0382139367810101	0.917049278092478	0.024897868667473	9.1197524787938e-05	0.0125192843830716	0.00645544079866225	9.11975247541813e-05
8.93695264459293e-05	0.00656025323078883	0.0210179483927181	0.931915739128285	0.0198188928062571	8.93695264191804e-05	0.0200322409782507	0.00038681688440278	8.93695264325972e-05
9.19259043580633e-05	0.00491259033899729	0.0315163446792514	0.928241992958792	0.0223702368333141	9.192590433867e-05	0.00801397494261977	0.00320310182262118	0.00155790661570765
0.000812405171816071	0.0187720611579891	0.0286085630093089	0.918109632161917	0.0152746219007174	8.97178680223458e-05	0.0165829762405911	0.00166030462170699	8.97178679313481e-05
0.00114820725607907	0.00266560453879801	0.0231668918339637	0.931675607456461	0.0313280780007169	9.0377203200514e-05	0.00808702315545928	0.00174783335207498	9.03772032466508e-05
0.000613483431362902	0.00551894581379816	0.0250742688087317	0.931100183171574	0.0251459659293739	0.0032157316208923	0.00745582106534374	0.00178508608112488	9.05140777984763e-05
9.00116573821745e-05	0.0169225906882501	0.0211249018377928	0.922594877766065	0.0140496136706562	9.00116573664423e-05	0.0171431671972411	0.00789481386786292	9.00116573836855e-05
0.00181151331658427	0.00750881863970914	0.0298361025213973	0.924928753368106	0.0193535644109326	9.00052071571826e-05	0.0107594167661092	0.00142282253064236	0.00428900323936192
8.8674719922694e-05	0.00567396778507153	0.0320580812986786	0.932429117065378	0.0176259313063192	8.86747199203453e-05	0.00854205105499319	0.00250558258584261	0.000987919463873664
0.00572698739591148	9.24985801221387e-05	0.054680720989195	0.890376311349309	0.0236351335734112	0.00535774038997913	0.00930256272971741	0.00993308429880618	0.000894960693548412
0.00208404259085325	0.0187003109010917	0.0320166406029531	0.908472558269019	0.0179835667974858	0.000859361863146902	0.0126626697096667	0.00713210642204716	8.87428437361647e-05
9.5547390334311e-05	9.55473902933623e-05	0.0471005177214125	0.923557078263372	0.011298792598503	9.5547390376901e-05	0.00996077839843212	0.00770064345693911	9.55473903372033e-05
0.00380063558837869	0.0086910008905752	0.0238510124540998	0.932099719924204	0.0210088624974163	8.81172129991773e-05	0.00987155037947214	8.811721290975e-05	0.000500983839945154
0.00369622532231959	0.00918982411025002	0.0223348625644377	0.910808700737636	0.0275924982103028	0.00310976841962799	0.0159166497298092	0.0072626497516856	8.88211539307867e-05
0.000176856701351535	9.01840858875462e-05	0.0305137654640846	0.932365422315011	0.016185935468791	0.0089935375084417	0.0106224610881533	9.01840858259393e-05	0.000961653282453579
9.04861764648337e-05	0.0051943312993355	0.0274759196036461	0.925826851970085	0.0272246963742211	9.04861764632245e-05	0.0139162560468382	9.04861764807523e-05	9.04861764649141e-05
9.05170387841188e-05	0.00607408764660917	0.0273696261630286	0.927061195874044	0.0194480605294888	0.00537944079763123	0.0139606939942119	0.000525860917411104	9.05170387907826e-05
0.00530504600651316	8.94875825721862e-05	0.0376129604437073	0.923501687498669	0.0193892716415189	0.00169951405617207	0.00861749463767215	0.00369505055052961	8.9487582645432e-05
0.000402243515924389	9.33001855879885e-05	0.035729957343299	0.917553844622062	0.0232171816223392	0.0116412471932074	0.0102488392829101	0.00102008604907248	9.33001855972256e-05
0.00526747960054356	0.00152439662974935	0.0336436399892148	0.917685605323001	0.0260405676630293	0.00550301631046135	0.010156720672024	8.92869059911227e-05	8.92869059851219e-05
0.000832813086087491	0.00967946273045445	0.0290267586648779	0.902360975924522	0.0227091559360656	0.00794822993562827	0.015893257239285	0.000129880303936083	0.0114194661791435
0.00090313463026609	0.000352697871369017	0.0346239219298956	0.919673159218102	0.0181129592163421	0.0173102214461584	0.008846480680651	8.87125035517428e-05	8.87125036637805e-05
0.00129100070802799	0.00100081089833824	0.0215241635400379	0.92076374247942	0.0213285403728116	0.015027426191087	0.0135599455443737	8.80082399371039e-05	0.00541636202596679
8.87277128771756e-05	0.00709670168922948	0.0230184703549527	0.929021617478218	0.0208152431019628	0.00161077310999809	0.0114348040682081	0.0042209478479288	0.00269271463662535
8.99788459659361e-05	8.99788459310733e-05	0.0228715672029155	0.943483474417791	0.0201575379183365	0.00250790842346254	0.010619596653686	8.99788459465165e-05	8.99788459650558e-05
9.17174013968786e-05	0.006841985392046	0.0278556637753311	0.933684042454226	0.0146149521153387	9.17174015306081e-05	0.0157549435196769	0.000973260539043833	9.17174014098291e-05
0.000979672055182908	8.94591097161656e-05	0.0305775952440312	0.919287367781243	0.0225304751552517	8.94591097094095e-05	0.00854844762002779	0.00356160774504693	0.0143359161797913
0.000908496328944292	0.00656696370878363	0.0252889021747421	0.932592774753363	0.0184687794258464	0.00218831462524099	0.0124745344815759	9.13678746753504e-05	0.00141986662682823
0.000922781321792899	0.00321857714364997	0.0284505357895536	0.937138140326419	0.0177433688126298	0.000896393882024848	0.00974162164148934	9.17485065956415e-05	0.00179683257584499
9.01843442145842e-05	0.0050714579866422	0.0202516339170808	0.930148889320844	0.0153409017864697	9.01843441436567e-05	0.0142944181326566	0.00710158704307712	0.00761074312487156
0.00221848072318439	0.00668046361338689	0.0260762024104198	0.92782861882528	0.0166747330946693	9.04149041516786e-05	0.0154851103569127	0.00485556116779409	9.04149042013155e-05
8.92018697322956e-05	9.01821833290994e-05	0.0286940594916846	0.94221205344054	0.0161901499864668	0.00246947431522619	0.00990015106279419	0.000265525780486843	8.92018697397865e-05
0.00012987888926121	0.0146778299024788	0.0195144375905382	0.91641041785216	0.0272656416762314	0.00412282418058383	0.010788024784141	0.00498522493890733	0.00210572018569802
8.95440977962006e-05	0.0112201563669657	0.0253308278734671	0.913945439328086	0.0353734992336578	8.95440978148529e-05	0.0137719008066177	8.9544097801955e-05	8.95440977923428e-05
9.29370928217329e-05	0.00208796718745496	0.0339509828346712	0.923867392335278	0.0269692823045557	9.29370928092202e-05	0.00796904527092375	0.00487651878866474	9.2937092820696e-05
9.11596129958062e-05	0.010448283518004	0.0163713293368601	0.91745360880535	0.0370713516862429	9.11596129769807e-05	0.0140474556466936	0.00433449216787681	9.11596130001001e-05
9.15723818992577e-05	9.15723819327245e-05	0.0309180700616248	0.914391802297408	0.0348753361488331	0.00682430170737031	0.0126242002571466	9.15723818921243e-05	9.15723818930664e-05
0.00262462090932901	9.0657388705977e-05	0.0313960023039596	0.9337855597175	0.0183876755814339	0.00462004593592588	0.00811113131881957	0.000893649455587534	9.06573887385884e-05
9.08323950766336e-05	0.00565768768717795	0.0194003259864575	0.938727210403095	0.0155624706256105	0.00871417324781884	0.0092634246992832	9.08323950810269e-05	0.00249304256039951
0.000284891802132754	0.00380321499278569	0.0311082645002645	0.918555471187988	0.0289203238596185	9.1064263279676e-05	0.016549494823766	9.10642632995819e-05	0.000596210306865196
8.88149818408172e-05	0.00217825563344682	0.0246940557302508	0.934293464886804	0.0233516765162895	8.8814981785863e-05	0.0134428160234851	0.0017732862642522	8.88149818452393e-05
0.00106124502760106	9.30287277409532e-05	0.0364578133203758	0.919349304734138	0.0282952059004148	9.3028727642785e-05	0.0123620116383088	0.00219533319606926	9.30287277087835e-05
8.97088776586037e-05	8.97088776114494e-05	0.021404457904031	0.928654910781725	0.0142129136156396	0.00474285514261647	0.015738631864769	0.0149771040582896	8.97088776590606e-05
0.000939284927806521	9.01570985543201e-05	0.0320861189401707	0.918865909933373	0.0244913051956062	0.00452317050976457	0.0136579527872003	0.00216604089199589	0.00318005971552831
8.95664150139906e-05	0.0130774876536936	0.0195300311468336	0.927833310282467	0.020320891944903	0.00527857878770444	0.0124083771803396	0.00137219017402541	8.9566415019636e-05
9.00547247513923e-05	0.00934061879654611	0.02878358648569	0.929174417605362	0.0221800043440083	9.00547247348562e-05	0.0101611538694436	9.00547247122808e-05	9.00547247514324e-05
9.14553983823084e-05	0.00185245357034786	0.0248649547983728	0.937746708426193	0.0153946998532892	0.0021682243186158	0.0124135340253998	0.00140925714317335	0.004058712466226
0.0012346878801069	0.00435682109878748	0.0441446983943902	0.912591647674125	0.0140598340541856	9.38240229789625e-05	0.0126190235654147	0.0108056392870148	9.38240229962771e-05
0.000866074243412981	9.45207605275081e-05	0.0185098656809363	0.933955376902289	0.0287702308437744	9.45207604570731e-05	0.0120233420966981	0.00559154795132688	9.45207605773978e-05
0.000395450142991465	9.41256334013176e-05	0.0540302789414986	0.911195912877114	0.0153818131150112	9.41256334600331e-05	0.0101033460548741	0.00861082196820219	9.41256334466208e-05
8.9725341009634e-05	0.0101173503494642	0.021033992150475	0.936328255141026	0.0192332574615687	8.97253409816946e-05	0.0129282435334039	8.97253410445441e-05	8.9725341026598e-05
0.00228018813575702	9.25711568855168e-05	0.0379071991645436	0.913769754319041	0.019003405109878	9.257115695121e-05	0.00871418665138718	0.0180475531486593	9.25711568973212e-05
0.00085992370327136	9.18117279245187e-05	0.0223273072612633	0.929080205912406	0.0262712302230551	0.0050899796158826	0.0107323812449413	9.18117278236466e-05	0.00545534858343195
9.03515548269068e-05	9.03515548254e-05	0.0342116942736825	0.913493889522625	0.0261107653475454	0.000652910066486593	0.0177017151002008	0.00561451152166	0.00203381105814682
9.09458700607527e-05	9.09458700334574e-05	0.0303796077518272	0.913674121489599	0.0320824334006331	0.0134671975916013	0.00790446142129873	0.00221934073488447	9.09458700618218e-05
0.00354982017233813	0.00156793386675855	0.0290232390530483	0.926536694151255	0.0257832910405033	0.00167007970191957	0.0116850367577022	9.19526281951165e-05	9.19526282802633e-05
0.00116471694420207	9.0801541384718e-05	0.0199693788455398	0.920616802647925	0.0295961865129621	0.0102511812588516	0.0181293291662491	9.0801541478531e-05	9.08015414069177e-05
0.0016855995441912	0.00482821286736858	0.0268854153006909	0.916534833190009	0.0353028145972477	9.14551249977561e-05	0.0115271537145714	0.003053060535856	9.14551250670732e-05
0.00153471304321621	0.00319049286863769	0.0247609307891374	0.931345803011079	0.0199946097589309	0.00421252039948306	0.0141599479680837	0.000710093831112118	9.08883303195406e-05
0.00102682640014854	8.99771254994142e-05	0.0203531139711317	0.933602671782418	0.019219745358996	0.00309271304338692	0.0160368958065751	0.00648807938638167	8.99771254631294e-05
0.000483454013381724	0.00149225234744614	0.0353951183655101	0.939061154451707	0.0123995770027888	8.94636573054076e-05	0.00935241135252385	0.000988019221099008	0.00073854958823819
8.9246984668131e-05	0.0129747675402288	0.0277238054659094	0.916846650237503	0.027427970975925	0.00352232328932473	0.0112367415370747	8.92469846997507e-05	8.92469846667559e-05
8.89449035131383e-05	8.89449034739842e-05	0.0287540836949083	0.929714454772421	0.0164287140524595	0.00721645941086439	0.0119747454332075	8.8944903475748e-05	0.00564470792567619
9.09797553034461e-05	0.00206549941412662	0.0264715751135066	0.942703319335551	0.0172205661980855	9.09797552518432e-05	0.0111751209175737	9.09797552963282e-05	9.0979755305082e-05
9.23078662865141e-05	9.23078663058666e-05	0.0237561566298055	0.932726924216209	0.0223269593546561	0.00953088749463988	0.00970052275330179	0.00168162595251178	9.23078662835731e-05
0.00194997475453638	0.00619256381217757	0.0252180496041743	0.933048879973041	0.0277255562280058	8.86088903310192e-05	0.00559914895709902	8.86088902964304e-05	8.86088903389736e-05
9.29894757217551e-05	9.29894756893603e-05	0.027460421335092	0.925801448045037	0.0274978594046631	0.000585007001430317	0.0127810675644862	0.00559522822213936	9.29894757413021e-05
0.00717960754357392	0.0167879033875875	0.0300377365888884	0.891103317565764	0.0211894886999754	8.8696824516466e-05	0.0237667875138974	0.00975776505127555	8.86968245213424e-05
0.00395339826187116	8.93499791533009e-05	0.029033794031873	0.940925780069296	0.0108860184212424	0.0027163833603118	0.0113613820738818	0.000226960519059279	0.000806933283311195
9.06284264551684e-05	9.06284263562852e-05	0.0241193789569822	0.922945479799603	0.0329891972436225	9.06284264337669e-05	0.0106430670635817	0.0089403632304935	9.062842647219e-05
0.00925406467574193	8.99420602649211e-05	0.0256722351541385	0.925574041071282	0.0227446143967882	0.00107300054097351	0.0110132121336235	0.00414039844006451	0.000438491527122769
9.31433950783319e-05	9.31433950558783e-05	0.0455776901395807	0.917560692812018	0.0168039909102949	9.31433950653702e-05	0.0129920834916792	0.00669296906614741	9.31433950800847e-05
0.00206057500768126	8.99902530478375e-05	0.0245825992706565	0.930067695216293	0.0251018161657159	9.22020557743654e-05	0.0100161827860671	0.00789894899166247	8.99902531018866e-05
0.000130896929422921	9.24317600943775e-05	0.0435085798538153	0.92111357919692	0.0129391017328619	9.2431760075582e-05	0.00976867095613626	0.0122618760505837	9.2431760089652e-05
0.00155377109806824	0.000662561542903006	0.0328869434037793	0.906142414903772	0.0362932652837151	0.00452828328048477	0.0111227663637626	0.00408705334452383	0.00272294077899115
8.93227219297309e-05	0.00373698160647529	0.026682258477329	0.934676593253029	0.0146924135820429	0.00191075462648707	0.0142008620019193	0.0029647428448723	0.00104607088591583
0.00132934144317829	0.000129538995027766	0.0292078825540131	0.911585646278477	0.0389868905300463	0.00200410482743071	0.00910560867553012	0.0032953196142111	0.00435566708208593
0.0126781599884615	0.00428648619196486	0.0277572343970939	0.913728525948396	0.0265353362569926	8.87700771743207e-05	0.0142728754053257	8.87700771684987e-05	0.000563841657423315
0.000324334659904783	0.00116791581262855	0.0396020437307777	0.902534364824245	0.0339966268392914	0.00285831828018919	0.0122425418988001	0.00718087973008206	9.29742240815151e-05
8.96229861401624e-05	0.0106483595696969	0.0216390770365206	0.937614421451402	0.0187742312403902	0.000688324925641724	0.00990614758485059	0.00055019221919078	8.96229861674506e-05
0.00623106224833345	9.03225486956478e-05	0.0769486502558608	0.872439725137667	0.0147352921924406	9.03225488178636e-05	0.0181933544402649	0.0111809480792152	9.0322548704426e-05
0.00178969411855854	0.00439434529581757	0.0247634627957117	0.930908980950893	0.0167879038643548	8.96639439130265e-05	0.0147973007913573	0.00373793924057754	0.00273070899881655
0.00722898031878304	0.0108435312029661	0.047952914733854	0.895632744918407	0.0193275835506878	0.000132822600616188	0.0169135384791431	9.27633312083171e-05	0.00187512086433434
0.00162933929716029	0.0262964964212252	0.0255214577465536	0.903376903439361	0.0190129381810372	8.85680837348538e-05	0.0138633050199675	0.00431342087006697	0.00589757094089301
0.00184007388779262	9.21478411221762e-05	0.0388369453734022	0.913913966047987	0.0182574972807176	0.00536710199098827	0.00895552798592021	0.012644591750961	9.21478411090841e-05
9.00409090148525e-05	0.00678398705354931	0.0304782654221242	0.932265977749756	0.0151427418355909	9.0040909002921e-05	0.0081734523002502	0.00620858099288678	0.000766912827824783
9.059063032199e-05	9.05906302803687e-05	0.0366159536043442	0.923760550700669	0.0280424704524759	9.05906302636021e-05	0.00886733259570564	0.00235133012562105	9.0590630318061e-05
0.00140433485744712	9.00156931838646e-05	0.0296661314238071	0.925917943332494	0.0220089424659431	9.00156932485572e-05	0.0161344558872214	0.00299029845705885	0.00169786218959642
0.00397763664941998	9.25859870065341e-05	0.029889015649615	0.915694751873902	0.0262871378786995	0.0034475678963867	0.0157208116039021	0.00479790647401624	9.258598705193e-05
9.05458094873674e-05	0.00153938605544449	0.0278486311213349	0.92719218406488	0.0229747920904739	9.05458095933464e-05	0.0146757704492184	0.0051120407768429	0.000476103822725106
9.20678621787916e-05	0.0030265929047521	0.0241289564609	0.933313812690087	0.0243184262147342	9.20678622312671e-05	0.0139380504447904	9.20678622483861e-05	0.000997957698077978
8.95241615960494e-05	0.00336485732067765	0.0182992653840274	0.943176941454969	0.0204552263442098	0.00559024687020298	0.00884489014110601	8.95241616133034e-05	8.95241615981092e-05
0.00134681197884633	0.00309352959688206	0.023147173415259	0.932086455972628	0.0288878828173446	0.000795572656697839	0.00941681767719797	8.9536718772911e-05	0.0011362191663714
9.25186825414258e-05	9.25186824808641e-05	0.0360241263930259	0.914260493884161	0.031584471627807	0.0051904115109891	0.0101764944874514	0.000186187871096245	0.00239277686044718
0.00180923907594648	9.29125058289388e-05	0.0363430549492914	0.923796666625076	0.0134977705365732	0.00502265111177952	0.00794572438766712	0.0113990683019987	9.29125058385158e-05
9.29895491257585e-05	0.00222674389420112	0.02313401101795	0.942578588110334	0.0176788888734857	9.29895490775464e-05	0.00986927498471747	0.0042335244719864	9.29895491222138e-05
0.00269300897193319	9.07166801489835e-05	0.0253489910131042	0.935061057263333	0.0230492662877057	9.27658444699666e-05	0.00813178184202963	0.00544169541706476	9.07166802104442e-05
0.000776589216206189	0.0125665169172107	0.024199236851068	0.92482268259924	0.0226863190571258	8.95232738834595e-05	0.0104793812357786	0.00411451054369852	0.000265240305788414
0.00872398691235294	0.000129080001513083	0.025404743967019	0.917987650023561	0.0202142484470111	0.00835860898858706	0.0138867605654175	0.00414683139028895	0.0011480897042492
6.3910432272221e-05	0.0069785499971951	0.0215305076480311	0.934011414936454	0.0261420430722514	6.39104322686525e-05	0.00954740225544771	6.39104322589059e-05	0.00159835079382114
0.00285943539750876	0.00135376523705062	0.0242424634988224	0.915664503702405	0.0317737502623477	0.0052016541460021	0.0149379313902933	0.00387382996517466	9.26664003954028e-05
0.00251568628906966	0.0012648337490289	0.028910380968227	0.896513681878108	0.0525202526592253	9.13062102440428e-05	0.0128045075957955	0.00528804444004674	9.13062102547901e-05
9.25231755903826e-05	9.25231755654015e-05	0.0349035467601766	0.924902086280096	0.0297008915412244	9.25231755653016e-05	0.00836053755052305	9.25231756076988e-05	0.00176284516565129
8.96767661997994e-05	0.000494267540420103	0.0261130668519471	0.939272113160836	0.0193654452600491	8.96767661916465e-05	0.0143964001219725	8.96767661878087e-05	8.96767661958265e-05
0.00161810394664572	9.09523636809891e-05	0.0305460064275982	0.919046728573662	0.0321839057539875	0.00332554250608748	0.0130068557009579	9.09523636764493e-05	9.09523637036298e-05
0.000989493914841107	9.31014095434567e-05	0.0327082374194061	0.922807527875024	0.0263435380611355	0.00575682807533274	0.0101143570755796	9.31014098033955e-05	0.00109381475933394
8.92810524160322e-05	0.00329027852583458	0.0252393737669847	0.926301806087878	0.0243543992532973	8.9281052386209e-05	0.0178432306297929	0.00270306857899493	8.92810524149112e-05
0.0042192164732774	8.84578696256795e-05	0.0277320207451193	0.932295373158312	0.0174614058690444	8.84578696971821e-05	0.00768614210025793	0.00605219415711994	0.00437673175754653
9.01615082050158e-05	0.00985340343691964	0.0225560159052218	0.928543795642207	0.0182461881649099	9.01615082064431e-05	0.0122855261097054	0.00766222033717327	0.000672527387451083
0.00491257831119996	9.01962561341576e-05	0.0287901862145243	0.92415188448003	0.0185621012800358	0.00681413260953048	0.015556053339106	9.01962562134608e-05	0.00103267125322569
9.18855144542033e-05	9.18855143822266e-05	0.0283428558855652	0.917287213928533	0.0262204325323867	0.00863672822974535	0.0170886597909852	0.00214845308949972	9.18855144485046e-05
9.17467045994441e-05	0.00914369170689819	0.0378501312467258	0.91288883362833	0.0222595441383377	9.17467045363667e-05	0.00861744620693583	0.00896511295901968	9.17467046173661e-05
0.00104996863735652	9.12466328891878e-05	0.0317148455631234	0.924853932105191	0.0178788752567681	9.12466330251388e-05	0.0150207670751457	0.00895277774526797	0.000346340351233319
0.000373849108508096	9.02270621727534e-05	0.0274335951664305	0.931907813683308	0.0165005065329167	0.0101072691777852	0.0134062851441999	9.02270623350413e-05	9.02270623441609e-05
0.00369641275771414	0.00271939357140083	0.0269135892018603	0.919588003620555	0.0174730851555034	8.94241909082311e-05	0.0130496946430381	0.0149917346866659	0.00147866217235418
9.23202979512516e-05	0.00794421672691204	0.0291517582206543	0.91731184804265	0.0282116537903696	9.23202979379286e-05	0.0135710452442168	0.00353251708135449	9.23202979537289e-05
8.99105338843956e-05	8.99105338249075e-05	0.0306972963699829	0.93168404479519	0.0106357589144962	0.0138268360225234	0.0124550744502987	0.000431257845912538	8.99105338873912e-05
8.89538606764768e-05	0.00821538971872264	0.0316910257917417	0.915110235389629	0.0258192259962001	0.00070666838688986	0.0138347181678023	0.000900819102197366	0.00363296358614083
0.00355351458690102	0.00107782953100077	0.0302831682789456	0.922498583643531	0.023774962615159	0.00385129789240476	0.0106567975514596	0.00421322995787798	9.06159427202503e-05
8.83206890952129e-05	0.0132508706030116	0.0205254647996307	0.932903079716873	0.01319257401988	8.832068901302e-05	0.0192823935316187	8.83206890703643e-05	0.000580655261807486
8.99671576066015e-05	8.9967157583812e-05	0.030855466587523	0.919427723596218	0.0261542332085431	0.0167558960427634	0.00644681193459579	8.99671575614589e-05	8.99671576045819e-05
9.00270948266444e-05	0.0089774791872526	0.0266256949099836	0.921117084385569	0.0248948271764076	9.00270947686449e-05	0.0115763589441982	9.00270947334159e-05	0.00653847411226065
0.000635319544889719	9.3413710036091e-05	0.0398147939437632	0.911352471124277	0.0187625643192442	9.34137100798464e-05	0.0129315261975932	0.0159502689965945	0.000366228453522848
8.86470932492475e-05	0.0211535909485321	0.0232330702856605	0.891156195167121	0.0287318386483166	8.86470932093211e-05	0.0222541232337422	0.00865868827131444	0.00463519925885426
0.00414196983599515	0.00497148944304222	0.0223887159503762	0.927347093819948	0.0235295509783035	9.0113882922002e-05	0.0130391173486595	0.00438340372172906	0.000108545019024604
9.07432335159944e-05	0.00412931324146032	0.0292916491033021	0.93547886663936	0.0203865668930145	0.00251775789133907	0.0079236165310541	9.07432334283565e-05	9.07432335259982e-05
0.000695262397111074	0.00710136748306711	0.0250959462623781	0.926695796186669	0.0225753014025383	9.98074916530004e-05	0.0141007414919355	0.00354604341412616	8.97338705215777e-05
0.00124889134504674	0.008813014973349	0.0216801029626056	0.914520881063068	0.0255682936718655	0.00766806741282553	0.013535841492787	0.000127570490023041	0.00683733658842983
8.69932706885069e-05	0.0193342796869893	0.0239257526528236	0.90408067990791	0.0117554428224716	8.69932706034559e-05	0.0186292865228553	0.0202842705459492	0.00181630131970881
9.32012262033834e-05	9.32012261479828e-05	0.0360327856111328	0.928131723924175	0.0192043498490787	9.3201226185518e-05	0.0125410256905844	0.00371731002028536	9.32012262069496e-05
0.00100513637771566	9.12744649785427e-05	0.0326818923657198	0.917096890802869	0.0276099870561261	9.1274464956731e-05	0.0143807436746378	0.00458248591971161	0.00246031487328493
9.18793511859561e-05	9.18793511286769e-05	0.0411453179874342	0.913560333597743	0.0219107103069285	0.00162179690573227	0.0109723214183492	0.0105138817303092	9.18793511892611e-05
8.93743203750873e-05	0.00919501819667743	0.0271306390979639	0.928337040935039	0.0145957667528149	8.93743203185661e-05	0.0188090424199646	0.000570325553753715	0.00118341840309344
9.43000138408773e-05	9.43000138012787e-05	0.0427324945290995	0.922641178219863	0.0146102592554554	9.430001387524e-05	0.0162464241794799	9.43000140062702e-05	0.00339244376057876
9.15522957550837e-05	9.15522956917574e-05	0.0312497624225177	0.93031206429494	0.0159850260151377	0.000799309421380604	0.0157181648255116	0.00155672075175096	0.00419584767731412
0.00636730540563993	0.00417441571134647	0.0311925698252425	0.905137252480214	0.0250698480515284	0.011314909147707	0.0142531423544686	0.00235764412024533	0.000132912903608113
9.12179783716628e-05	0.00291519146649787	0.0332345798976044	0.932626487454478	0.019194206216161	9.12179783836425e-05	0.011664663051796	9.12179783476212e-05	9.12179783600668e-05
0.00158104054329299	0.0064641929286052	0.0291229565418505	0.924497384226369	0.0226732705375369	8.95056083501788e-05	0.0125305039968591	0.000470964131190302	0.00257018148594585
0.00878153550972567	8.90379582068586e-05	0.0350106604457815	0.922063925262009	0.0220424419039254	8.90379581623968e-05	0.0093638737391318	0.00247044926484771	8.90379582099448e-05
0.00073431511094146	9.15067820106924e-05	0.0297997422845702	0.9341343989644	0.0172584419121999	0.00446092015898607	0.0133376612227371	9.15067820622645e-05	9.1506782092716e-05
0.00198729876242582	0.00996613245041949	0.0302719936314231	0.922836465352417	0.02429219546811	9.24349232913039e-05	0.0103686095651818	9.24349233989143e-05	9.24349233326545e-05
8.93639681912169e-05	0.00511885989477237	0.0206394663885514	0.935892706043478	0.0155472176134382	0.00722437985876707	0.0148701168002772	8.93639681428288e-05	0.00052852546438154
0.0010159357538343	0.00641284108837938	0.0253084420563632	0.912299349073002	0.0175778205642101	0.00100881987106064	0.0155143381409929	0.014373534711743	0.00648891874041446
9.24152639158789e-05	9.24152639021863e-05	0.0200138402311999	0.9365338188022	0.0214180125513808	0.00234162337090617	0.0133432616466552	0.00588989856935237	0.000274714300487912
0.00401553138117562	0.00554041755265925	0.018544828314889	0.925779555884691	0.0278025322690673	0.00738465150816091	0.0105158620365701	0.000328042072951717	8.85789798349295e-05
8.98766722646584e-05	0.0115513315282983	0.023539741316386	0.924732536130935	0.0265512412795996	8.98766722443442e-05	0.0115825307840559	0.000892231563773199	0.000970634052442993
0.000555563574868388	0.0122846549874874	0.0317784571725202	0.915651954976115	0.0244688673543846	8.92214406414634e-05	0.0149928376128456	8.92214405173821e-05	8.92214406198579e-05
0.000535232637520236	9.30758509407843e-05	0.043230787925728	0.917531893697602	0.020340518803279	0.0084776968291064	0.00942621393973055	9.30758510604509e-05	0.000271504465032405
0.00349200366253652	0.00103855594939891	0.0339324321884392	0.93382571656237	0.011031551646693	8.91779013277943e-05	0.0102493245085579	0.00625205967946656	8.9177901209861e-05
8.88642921065121e-05	0.0221615669911261	0.0283580719453484	0.906119253420676	0.0194476041336943	8.88642920942222e-05	0.0223928676450162	0.00125404298782854	8.8864292109959e-05
0.00219764989439803	0.00222982192721302	0.0287216215240881	0.907165433849619	0.0387064084609485	0.00437102317800067	0.0129085513830928	0.0028652384854595	0.000834251297180273
0.000883280456764837	0.000103594242674393	0.0254344815758614	0.936131016511447	0.0225187005953399	0.00205435924901223	0.00956037124660057	0.000807750803653495	0.00250644531864578
0.00293704890525006	0.00306634591649845	0.0264756388658906	0.92428842063725	0.0328041120944713	8.97977361071056e-05	0.0101590403724264	8.97977360245079e-05	8.97977360812756e-05
0.000470228862078177	0.00708804082591951	0.0218850315466259	0.928426782068107	0.0190742953176977	0.00221901128736027	0.0152027686455543	0.00307467281498245	0.00255916863167443
0.000270526480958897	0.00135611044082272	0.0255877775117316	0.92469930060742	0.0265205629605722	0.00362731904719818	0.0105021234292145	0.00734602410181976	9.0255420261675e-05
0.000809997792319798	0.00700069062873336	0.0248056769890635	0.919510229631788	0.0243677806432747	0.000118641948242038	0.0117749893869739	0.00420666022439798	0.00740533275520695
0.00157181089441466	0.0113159412868125	0.0204203570941112	0.930461413350544	0.0154561244333295	8.87475271410959e-05	0.0184057138971615	0.00219114398933591	8.87475271495033e-05
9.01510455323501e-05	0.00560280574902867	0.0313972928440664	0.912815440066762	0.0122052939398454	0.0117381649480051	0.0126842515446158	0.000717519901351159	0.0127490799607932
9.27222089160487e-05	0.00447987979270848	0.030939516789836	0.918444287699896	0.0263099875684726	0.0044298394574842	0.0118389362577878	9.27222089019039e-05	0.00337210801599743
0.00307175286425101	9.25914427605107e-05	0.0355608558282424	0.921897559437411	0.0160272737595111	9.25914427019768e-05	0.00848448598684874	0.0146802977955015	9.25914427721044e-05
9.12787628771717e-05	0.00268329629013319	0.0280901757410267	0.922016824700673	0.0256337789927652	0.00304102076856184	0.00927600457075325	0.0090763414103312	9.12787628783631e-05
0.0037423942998086	0.00263834241530116	0.0187590814053653	0.9375075792356	0.0172909030156726	0.00612384446189581	0.01134158520853	0.000902772070697986	0.00169349788712845
0.0052497858208442	0.0107094025232711	0.0241297402890512	0.916292001792371	0.0178685730748316	8.67100449052626e-05	0.0147026119560223	0.010874464453725	8.67100449782925e-05
0.0003345914856928	0.0192280274472581	0.0261014681652787	0.910662429541493	0.0313683030656381	8.85062739834323e-05	0.00938171609398235	8.85062739902705e-05	0.002746451652683
0.00682881305105458	9.2182871406479e-05	0.0442358191532657	0.902566073016014	0.0305854416180863	9.21828713946596e-05	0.0114508892678094	0.00405641527956065	9.21828714085768e-05
0.00219779497867259	9.04369593072928e-05	0.0227963714564881	0.94048923698286	0.0166526044015111	0.00302832941455909	0.00736288480943458	0.00729190403789844	9.04369592687035e-05
0.00234506059657767	0.00106273761855834	0.0250051409456318	0.923642274870736	0.0279938760238709	9.22693527003009e-05	0.0105311733201381	0.00504290142646524	0.00428456584532194
0.000129048557133309	0.00438305796227699	0.0279934889092045	0.908427419096249	0.0331211429988929	0.00957036061525003	0.0153579951339642	0.000228799577479306	0.000788687149549179
9.01812675448498e-05	0.0109963014565181	0.0257733607045576	0.929381226039876	0.0142592740145022	0.0099826656135197	0.00933662836844012	9.01812674862791e-05	9.01812675547547e-05
0.00243378278929156	0.00846261548084631	0.0201544879388947	0.926788998701094	0.0226832353666526	8.89114525674504e-05	0.0145423628230707	8.89114524632108e-05	0.00475669399511968
9.00716389028442e-05	0.00556801665343604	0.0250093358062247	0.922538174347383	0.0257553464954335	0.00486500680175532	0.0138708935217492	0.00221308309619835	9.00716389175353e-05
9.39515980522147e-05	0.000161392273657244	0.0290063243486894	0.912014707940774	0.0328949547366827	0.0075210361848649	0.0124565130290189	9.21814947264168e-05	0.00575893839353416
9.02558600232192e-05	0.00615053325669486	0.0204589879209821	0.943070581231153	0.0168922378389432	9.02558600570011e-05	0.0130666363122745	9.0255859840088e-05	9.0255860032201e-05
9.02793193914191e-05	0.00127499488806026	0.0248938391505938	0.927434840010209	0.0303790890782736	9.02793193465585e-05	0.00791049171772607	0.00500984904259811	0.00291633747380155
9.40237570581914e-05	9.40237570446347e-05	0.0380010770103707	0.913175337910788	0.0278774661478974	0.000930868584082324	0.0136266211378568	0.00552470878549163	0.000675872909410732
8.876883359598e-05	0.00919809638847821	0.0276919601992817	0.918335744258321	0.0162662063031494	8.87688336118698e-05	0.0136197944511725	0.00983756144718582	0.00487309928520358
8.99043652776412e-05	0.00592686267577784	0.0299148139458997	0.927737992414074	0.0186607830633778	0.00447214485298747	0.0125252155186653	0.000582378798659605	8.99043652811053e-05
9.02013593288702e-05	0.0165494648034821	0.0274104762249243	0.911060003420148	0.0266899790253386	9.02013592459017e-05	0.0155518161714827	0.00246765627671821	9.0201359331164e-05
9.0842776243446e-05	9.08427762543452e-05	0.0267945436310831	0.927435008015567	0.0291937790450426	0.00657224955095996	0.00964104865236168	9.08427762397634e-05	9.08427762481629e-05
0.00157129314606885	0.00708516016555775	0.0389482518894371	0.909492064511926	0.0242212700496449	0.00277237013234235	0.0132637770698622	0.0025546949960146	9.1118039146657e-05
9.33590635101024e-05	9.33590634710439e-05	0.0453242125788894	0.922609082230914	0.0184288814002617	9.33590635367061e-05	0.00994508140661876	0.00268385731930378	0.000728807873494109
9.0270320789574e-05	9.02703208012004e-05	0.0391007958758309	0.927982613343213	0.0189437068693146	0.00152802560840768	0.00813275789781111	0.00204727651310141	0.00208428325073021
9.12109164472564e-05	0.0139543068304869	0.0243435344913061	0.920678424716751	0.0187614112981037	9.12109164273725e-05	0.0149866549960451	0.0070020349179854	9.12109164466911e-05
