Bcells	CentralVeinEndothelialcells	Cholangiocytes	Hepatocytes	Kupffercells	LSECs	Mesothelialcells	PortalVeinEndothelialcells	Tcells
0.00012774234987297	0.00763314297628763	0.00402710772271735	0.958295478030532	0.0133346238519438	0.000127742349802068	0.0129000264795407	0.00342639388942796	0.000127742349876136
0.00452342900450858	0.000621544305793212	0.00481239020176443	0.947422085584154	0.0174003233463783	0.0070361836664396	0.00452207631906948	0.00327026271938589	0.010391704852507
9.03828265789885e-05	0.0136227126046733	0.00232858023657767	0.961864079485973	0.0161414692374236	9.03828265687517e-05	0.00436096824602349	9.0382826504176e-05	0.00141104170967731
0.00552573886952101	0.0019886535983722	0.000127103315138652	0.970926667054664	0.00623631175392941	0.010697373886985	0.00396038934578671	0.000410658860460142	0.000127103315142798
0.00389957065049943	8.94150230108235e-05	0.000419352399723636	0.967418340339203	0.0180119870505394	8.94150233254279e-05	0.00534097639607856	0.00464152809455995	8.94150230597474e-05
9.11565466375097e-05	0.00479929721014689	0.00751559692947795	0.947019576060901	0.0256968435542203	9.11565466315482e-05	0.00813192223849206	0.00386986092271722	0.00278458999077601
8.84045265006281e-05	0.0068509101970225	8.84045265048565e-05	0.969712476827463	0.0193025369106168	0.000114205999133801	0.00366625195968663	8.84045265642969e-05	8.84045265076662e-05
8.91993328488132e-05	8.91993328126101e-05	0.00376116652538849	0.967860258127829	0.0163234933612199	0.00655681229924569	0.00514147235472324	8.91993330196833e-05	8.91993329124481e-05
0.000907945529644296	0.00235637906885727	0.0253105205499637	0.936793318008625	0.0108926486200606	9.27035700764058e-05	0.0101815039745243	0.0119275676920114	0.00153741298623739
0.00650602873622344	0.00523266071730447	0.00344244901124288	0.964917319471615	0.0141960134859782	9.21307826576151e-05	0.00505260367437601	9.21307825470827e-05	0.000468663338054933
0.000135124973274056	0.00218575335283558	0.0108287652506693	0.96781621145161	0.0061534941507668	0.000853397301759798	0.00257817658262491	0.00461923799603355	0.00482983894042611
0.000130599279629964	0.000130599279649524	0.00345365879351443	0.965316655289343	0.0178551423663831	0.002185312879714	0.00459275995253909	0.00620467287953156	0.000130599279695291
8.99268050446952e-05	0.000614230151385876	0.00155263155634762	0.963671762004392	0.0130294247767852	0.0107556073289353	0.0101065637672296	8.99268048813199e-05	8.99268049986923e-05
9.14966221253564e-05	0.00335037431033934	0.00320312089740832	0.952000313074642	0.0238418744876483	0.0104482012566522	0.00688162610687948	9.14966221706581e-05	9.14966221342269e-05
0.000130849621154412	0.000130839258336604	0.0036249126922535	0.961912005220365	0.0230308183811667	0.000313287842156976	0.00697945680383863	0.00274160613971052	0.00113622404101805
8.93539542000782e-05	0.0077201593341521	8.93539541217821e-05	0.973542618252061	0.00533665147358328	0.00257820059313382	0.0104649545304874	8.93539540919395e-05	8.93539541688095e-05
0.000569624067851914	0.00141997178535351	0.0277151474429304	0.946075423554378	0.0126505898204547	0.00952931056405499	0.00160814703007326	0.000339999254039069	9.17864808641758e-05
0.00251149554355733	0.00918595635345348	0.000583873348495679	0.970621771199045	0.00878311801003736	0.00179633753004144	0.00578314140485271	0.000644584547899877	8.97220626165455e-05
0.00447885945430882	0.000131874766306336	0.00877935422225778	0.943126741350191	0.0158995618114002	0.00109186153727811	0.0127878196175647	0.0107537186868095	0.002950208553883
0.00392462300535435	9.19791829312139e-05	9.19791829421231e-05	0.943899428315698	0.0290557602380207	9.19791829585437e-05	0.0208155169159351	0.00193675479320937	9.19791829508358e-05
0.000131257660648178	0.00392309696339692	0.000131257660465314	0.979070201565942	0.00651903740350308	0.0035404911373879	0.00327916504148553	0.000131257660182571	0.00327423490698817
0.000717963062270187	0.000130007443363767	0.0512140678148345	0.91355831114428	0.00948597847722716	0.00191222439645581	0.0113467745979456	0.00456261595836638	0.00707205710525708
0.00262331568188992	0.000132460969696623	0.00403804059640841	0.950487603824183	0.0159556015811831	0.0147096383142483	0.0103115493295487	0.00147435229916957	0.000267437403672748
0.000872555767302697	0.000509883994661832	0.00585143438968905	0.967240457812698	0.00593803773404265	0.00394200587341842	0.00460730139048022	0.0109457765194104	9.25465182966463e-05
0.00412943899884238	9.08458213949298e-05	9.08458215200984e-05	0.96243302813721	0.0183580827466059	0.00904922262275953	0.00264062601529627	9.08458218397208e-05	0.00311706401453148
0.00234173750402972	0.000127913397549251	0.00361093661025296	0.966132565563079	0.0158958109412527	0.00317703634288234	0.00651303830027137	0.00207304794301338	0.000127913397669643
0.00274862511940555	0.00193120501075724	8.87969269721077e-05	0.979438151568881	0.0108891763103179	8.87969270061662e-05	0.00334545733441707	0.00138099387526785	8.87969269747788e-05
0.00669324068924772	0.00503558615155837	0.00689942641427498	0.959547824768018	0.00994491935147979	0.00262630758963533	0.00899322710454731	0.000129733965447128	0.000129733965791222
0.00215780577041215	0.00324135057600684	0.00381258874667652	0.965403718003194	0.0114485160182236	0.000127841406988932	0.00827135913987228	0.00364629452905008	0.00189052580957548
0.0014651184973128	0.00958058105245436	0.000130431709412685	0.951978568893148	0.0212914731165323	0.000130431709324433	0.005910855049451	0.00105097658975784	0.00846156338260661
0.000134684121157814	0.00210631580623715	0.0102296212563602	0.966979788302124	0.0119359773714621	0.000134684120978936	0.00450838599544899	0.00383585890515045	0.000134684121080391
0.000130064126516132	0.00664637006391081	0.00475664028331267	0.942912011459805	0.0230932319376276	0.00509462400251285	0.00658211454214966	0.00453606114295955	0.00624888244120584
0.00401891352267181	0.00360268471393308	0.000128533218995672	0.948817554099268	0.021860996570276	0.0046154535685859	0.0119570691763067	0.00106343510828322	0.00393536002167987
0.00858003285534035	0.0338950072003545	0.00675321860421129	0.913800286885943	0.00775097304536451	8.48578522125258e-05	0.0220173337412203	8.48578521574367e-05	0.0070334319631962
8.8887530816272e-05	0.00621253243346663	8.88875307955397e-05	0.962625416304065	0.0116182166779201	0.00785435751499765	0.00772718891015451	0.0036956255669919	8.88875307920508e-05
9.22483834824065e-05	0.0114989563893344	0.00164573213261972	0.946192228629825	0.0293736481914915	0.00424014289828822	0.00372975585822998	0.00313503735230253	9.22501644264834e-05
8.83221139978514e-05	8.8322114044169e-05	0.00153479980861158	0.941123027268341	0.0263925676560686	0.0103724130156507	0.0110077632755396	8.83221140638221e-05	0.00930446263368296
0.00138716671800024	0.0191756999030701	0.00566236012299534	0.943790134984853	0.0176527651826724	9.0543753872021e-05	0.0101942484811411	0.00195653709947506	9.05437539206782e-05
9.027265811372e-05	0.00905637274627879	9.02726580432008e-05	0.966413124850571	0.010656211617845	0.00340249621541433	0.00969538387764164	0.000505592717996769	9.02726580956825e-05
0.00250092611692198	0.00062652139523892	0.00208831146871658	0.958478190630013	0.0199826140575057	0.0103402200588275	0.00580368327629575	8.97664982149367e-05	8.97664982652393e-05
0.00198548718761951	0.0118982451417684	0.00063317391938826	0.953071977165417	0.011367066631404	9.060094280216e-05	0.0105637004527042	0.000583564627919298	0.00980618393097696
8.93060431322424e-05	0.00517171461342264	8.9306043133205e-05	0.973479410620234	0.00911999879423575	8.93060431352884e-05	0.00790527337762863	0.00396637842195279	8.93060431256326e-05
0.00135454351759535	0.0024345160623667	0.00575713200921196	0.959901312960375	0.0158026547739525	0.000131659555112482	0.0094032387729433	0.00508328279291436	0.000131659555528581
8.89356670406235e-05	0.00677430534739537	8.89356670626365e-05	0.966248919120621	0.0101178164602782	0.00139484502959577	0.0139574213249625	0.00123988571598956	8.8935667054144e-05
9.2760231121947e-05	0.00871981905717063	0.00100674260133464	0.971864091808887	0.0136022744580715	9.27602311283295e-05	0.00246922172649152	9.27602310570698e-05	0.00205956965473704
0.000646541220284159	0.01811329600952	0.00196031654980877	0.960935734912727	0.00673831666560238	8.92614393464238e-05	0.00989425975175058	0.00153301201166426	8.92614392962399e-05
0.00123718738863992	0.00608488704642192	9.09695824935292e-05	0.970155493371445	0.0211048087394779	9.09695825173412e-05	0.00105374512415406	9.09695823568191e-05	9.09695824932881e-05
0.000748739837926614	0.00385752429870315	0.000129840578057923	0.96771981403962	0.0151964154775308	0.00445327899671062	0.0021801587337414	0.00467133422348902	0.00104289381422066
0.000657537947074623	0.0196985909833994	0.00597640690263491	0.953496676231086	0.00651880319716443	8.9974848504818e-05	0.0110733995461395	0.00239863549540468	8.99748485919954e-05
0.0022280489513943	0.00696278660272339	8.97416373667946e-05	0.967541205061635	0.0109963744092749	0.00191434747590465	0.00645103189854569	8.97416373851769e-05	0.00372672232576961
9.00625502886084e-05	0.00390269952781931	0.00244134698008226	0.971567936626428	0.010246225304496	9.00625502310775e-05	0.00352999498804785	0.00633719391643388	0.0017944775561733
0.00453553068996134	0.000131584745377276	0.0312735620741117	0.930406363102882	0.0156736768550384	0.0043843699886217	0.00243671623600867	0.00979775569963427	0.00136044060836481
0.00207990490282629	0.0143375034673807	8.8056623484746e-05	0.95018081576927	0.0102489606060708	0.00693188240540996	0.00893506847285502	0.00599418530856617	0.00120362244413588
9.54028312934037e-05	9.54040739480121e-05	0.0141823126463279	0.968941399201709	0.0056512678504175	9.54028313093349e-05	0.0032896819239057	0.00755372580978171	9.5402831307277e-05
0.00348088658026305	0.0103740779802697	0.00196533054605329	0.968462935190132	0.0114856132597542	0.000125340549977519	0.00385513479336574	0.000125340550204503	0.000125340549979662
0.00322642303446484	0.00665876694371449	8.87104524255656e-05	0.949264790963312	0.0178504336384226	0.00961803982053357	0.0113104243776944	0.00189370031700675	8.87104524254951e-05
0.00160104820065378	0.00261227926977947	0.00134795594242374	0.973381367395315	0.00775277589183567	0.00927836161680544	0.00255312829417911	0.000127322924219723	0.00134576046478845
9.07257654811244e-05	0.00513785294304868	9.07257654968304e-05	0.965640574409961	0.0193847717684299	9.07257654144624e-05	0.00938317205121599	9.07257654548649e-05	9.07257654968903e-05
0.00012844064837327	0.00816660519984582	0.000128440648302765	0.964329884191816	0.011199310026489	0.00525416371505694	0.0105362742732822	0.0001284406484888	0.000128440648345181
0.00652924485673537	8.94040725839483e-05	0.00373436268287176	0.966850421156324	0.0108400555162637	0.00715450327120619	0.00448889124129425	0.000223713130080586	8.94040726401518e-05
0.000970877834599176	0.00193012164710557	0.00354786851490275	0.96191198422036	0.0163722951666878	0.0110180914805469	0.00282123471538856	0.00129394650677246	0.000133579913636765
0.00355348090868511	0.00359030515215684	0.000264961228472728	0.960609260803183	0.0174680998852041	0.00777248870321151	0.00529627533430006	0.00026270346906683	0.00118242451571952
0.00069316852809149	0.00575442348406374	0.00172552327750964	0.942246212040902	0.0150374046447006	0.0115409977834659	0.0132972704236321	0.00012891392627707	0.00957608589135798
0.00115465512922072	0.00522198853146331	0.0010976111121204	0.963694638144968	0.00998241409900337	0.01288532587426	0.00570852731515333	0.000127419896979251	0.000127419896831534
0.00132449981072744	0.00346328026408157	8.75670468052367e-05	0.958027998249077	0.0121912933145878	0.0127963159220502	0.00653769206907881	8.75670469062022e-05	0.005483786276686
0.000128105200556591	0.00816567218504504	0.00313798862154295	0.960911018146999	0.0122306510413866	0.00488515848725385	0.00613819680913159	0.000128105200465276	0.00427510430761923
8.87856498940883e-05	8.87856500141172e-05	0.00122812926894384	0.978585327150735	0.0118079067931542	0.00327500606626144	0.00474848812113915	8.8785649964259e-05	8.87856498938549e-05
0.000318448369398737	0.00714141463626134	8.92483477680008e-05	0.976670465346989	0.00635896163697114	8.92483478282813e-05	0.00801745550634871	0.00122550946053066	8.92483479044463e-05
0.00105814049519971	0.00190558403490303	0.00245628682762148	0.961054625139327	0.0129916228569122	9.03389605226447e-05	0.003044489855548	0.00531378053450333	0.012085131295463
0.000386012932984079	0.00345785335144514	0.00192519241844753	0.970191784195886	0.0100513898236443	0.00637450029970127	0.00532119261057848	0.000130286770204088	0.00216178759710903
0.000976172047554404	0.0041978495425083	0.000228576029462407	0.978208811557567	0.0101500575519932	0.00241309906672117	0.00112199670306491	9.15439405098552e-05	0.0026118935606184
8.9317942772784e-05	0.0080139098072577	8.93179428115548e-05	0.97296213752279	0.00714519137818333	0.00024862871628081	0.00256231593729664	0.00292101424126123	0.00596816651134562
0.00278398778845727	0.0122535356867404	0.00365163655708573	0.964006631313046	0.00891145810244605	9.07719447388129e-05	0.00812043471837246	9.07719445019679e-05	9.07719446112136e-05
8.83186042264954e-05	0.00062229557855661	0.00153802965484983	0.981294971656238	0.00811864453310232	0.00431895832294607	0.00384214444174418	8.8318604134135e-05	8.83186042022927e-05
0.000128383196513604	0.0143318736694424	0.000128383196548471	0.954187338943473	0.0159441938095774	0.00502321371599475	0.00357485659367651	0.00271302105703678	0.00396873581773738
0.0016237464486312	0.0142625446705544	0.00266084504454747	0.949461762874731	0.0239741486812912	0.000145518517573692	0.00769305062184854	8.91915704067891e-05	8.91915704153385e-05
9.20270820788858e-05	0.00501564376842396	0.00523487617342379	0.967189033480408	0.0173271834658101	9.20270822814381e-05	0.00372410592262699	9.20270821011891e-05	0.00123307594284596
9.01969439155019e-05	0.0118830078367222	9.01969438495065e-05	0.94986253730223	0.0271602776928862	9.01969438136065e-05	0.00932336447452622	0.00141002491820713	9.01969438494902e-05
9.10223835986562e-05	0.00288609882649306	0.00340264949917406	0.953401429674085	0.0244270256648405	0.00524613877916366	0.010363590405464	9.10223835898372e-05	9.10223835914347e-05
0.00239820412571616	0.00052345134950001	0.00541941387604501	0.969810027990887	0.0097587906961819	0.00410427150634439	0.000926281509471409	0.00588180466658258	0.0011777542792716
9.04158593425584e-05	0.00493974422225808	9.04158594353139e-05	0.971172462923044	0.00841812810145488	0.010429786871481	0.0020928191321069	9.0415859432157e-05	0.00267581117144487
9.13092859441538e-05	0.00620346157128607	0.00320042371263422	0.958659955251448	0.0192128414743569	9.13092861398844e-05	0.0108979256575652	9.13092861231497e-05	0.0015514644745024
0.00189714511759649	0.00143723981945162	0.00103668794118536	0.969396644428011	0.0149909157474554	8.90127168492635e-05	0.00927026017987261	0.00179308133263879	8.90127169397384e-05
0.000751276856219429	0.000269774314672571	0.00995425777603201	0.959532547923745	0.0198315486254572	0.000134548616318558	0.0057018491562827	0.00368964811492619	0.00013454861634624
8.90826106137316e-05	0.00323569502639498	0.0034754904827785	0.965490746330052	0.00685412035061302	0.0123996133766572	0.00827708660165786	8.90826106057188e-05	8.90826106265844e-05
0.000444616796628433	0.000865301587008015	0.00343104168180534	0.959437519649018	0.0162792571936332	0.00695565430686281	0.00500552749075424	8.98115641749407e-05	0.00749126973011474
0.000127237362350033	0.0103862976705067	0.00284023853500437	0.956381011462329	0.0119328557089641	0.0072827658881866	0.0085802073616678	0.00234214864862374	0.000127237362367993
9.03647802943701e-05	0.00983850214257768	9.03647802990122e-05	0.970145708696283	0.0150281703602768	0.000150420293069398	0.0044757393865014	9.03647804035077e-05	9.03647802944054e-05
9.11296494016812e-05	0.00185288800289155	9.11296493061369e-05	0.974594690504367	0.00806354861493247	0.00164211023521977	0.00419961265484069	0.00387210678666521	0.00559278390237525
0.00111393435791497	0.00391565762052688	0.0170479900382159	0.953291648719945	0.00771326737102373	9.36755281508155e-05	0.00732976896658022	0.00940038186937614	9.36755282667904e-05
0.00155631249918343	0.000139417377029448	0.00214960681343171	0.968416091442434	0.017372419429227	0.00234430904334206	0.0058132618333604	0.00207444175068977	0.000134139811302205
0.000492006712407719	0.00147479092397397	0.0132197830151846	0.961682391702264	0.00860554625276901	0.000134389787612549	0.00454506357367553	0.00971163824463055	0.000134389787481439
0.000265613682823183	0.0120469063354085	0.00254807478581036	0.966872381778998	0.0107652050394918	8.9560418976355e-05	0.00723313712062727	8.9560418925687e-05	8.9560418939305e-05
0.00305112869432654	9.31189328658161e-05	0.00848399742862046	0.959596848015722	0.00973153452180949	0.0039016946911496	0.00266263491390316	0.0123859238687426	9.31189328601309e-05
0.00224648539626254	9.20983428029132e-05	9.2098342818574e-05	0.963734517494488	0.0166716195273809	0.00731614084816453	0.00563154091640111	9.20983429642588e-05	0.00412340078871669
0.000489851262552278	0.0014600638933937	0.00145197812751629	0.963052948191474	0.0154589506973343	0.0012535103603701	0.0113290222932268	0.00371529042213225	0.001788384752
9.0770886603664e-05	9.07708865950841e-05	0.00296695075559275	0.954882313766285	0.0215710952131449	0.0152494758687324	0.00239786935338118	0.00265998238306169	9.07708866035504e-05
0.0035812052964481	0.00178591718960688	9.18898659668818e-05	0.967762083904922	0.01665522295517	0.00498083954948279	0.00495906150655867	9.18898658751386e-05	9.18898659699767e-05
0.00064292263290431	9.12472341018731e-05	9.12472341632509e-05	0.954773791168012	0.0188264033125913	0.0105385872377163	0.0147804483797936	0.000164105566556495	9.12472341609809e-05
0.00204691769172301	0.00348323606733141	0.0014776803159733	0.954059025013322	0.0252244929212116	0.00244675845834357	0.00686430120587258	0.00335067898175869	0.00104690934446392
0.000993386595318149	0.00407666737454978	9.04025271157926e-05	0.972102086394721	0.0103738076751136	0.00334190623859246	0.00710789521109551	0.00182344545638333	9.0402527110646e-05
0.000949627554772164	0.000129154780031859	0.00199091868072676	0.964474008438097	0.0124524747788819	0.00583519956958609	0.0104479792017262	0.00359148221602999	0.000129154780148152
0.000787485090662673	0.000301400628037843	0.00392639949291372	0.980189625144257	0.0058295815751856	0.00134066251451314	0.00105915919671563	0.0036789008249723	0.00288678553274222
8.91001841856832e-05	0.0134056375544202	8.91001841840524e-05	0.955608179153029	0.0173497720268845	0.00570864335546808	0.0069040540913552	8.91001840989175e-05	0.0007564132663744
0.000127021981413711	0.000668842245583402	0.00274089540951674	0.966167812617961	0.00837525345024948	0.00901497878834193	0.00645745366614303	0.000127021981398779	0.00632071985939161
9.06459333460973e-05	9.06459335428639e-05	0.00155463550832763	0.974465889870662	0.0102917680739677	0.00496246058386475	0.00672753227386944	0.000460050612037674	0.00135637121038175
9.21041351900782e-05	9.21041351990498e-05	0.00537232544771544	0.964840159530508	0.0134884288277447	0.0077436465540605	0.00370238706353864	0.00457674017083511	9.21041352088929e-05
0.00184792204938386	0.00498940505999666	0.00202459263508715	0.97058461438017	0.016340687410549	0.00277327884915374	0.00126296840834306	8.82656037066412e-05	8.82656036103344e-05
9.35101425321822e-05	9.35101425326956e-05	0.00277503062587728	0.964930673460971	0.0190147767431094	0.00367293955403886	0.00456608470644961	0.00475996448192229	9.35101425668107e-05
0.00593724614377421	0.0231115083630923	8.91335323063401e-05	0.935825889135826	0.0123980234942664	8.91335323877409e-05	0.02188373388262	0.000576198383421717	8.91335323054161e-05
0.0033614068215257	8.98003679906932e-05	0.000821050570024192	0.979330396938883	0.00477786820728004	0.00610603483443692	0.00390434429799518	8.98003683129371e-05	0.00151929759355174
9.13812320299426e-05	0.00422373597569239	0.000467811772550687	0.959138768519879	0.0230860530602826	9.1381231964707e-05	0.00674000572131874	0.00606948125428813	9.13812319936386e-05
0.00786435442461606	9.05088454498825e-05	9.05088454046828e-05	0.96703197621536	0.0131595832104342	0.00240511034585376	0.00436630472047665	0.00405658643791905	0.000935066954486162
0.000924192283703893	9.37482981116417e-05	0.00870483425649721	0.969484535163616	0.0101025346306557	9.37482981432031e-05	0.00327320175926218	0.00722945701189537	9.37482981144575e-05
0.00226385334452854	0.000873122997634802	0.00249259666245144	0.965563372297065	0.0152353440903385	0.00604845985709353	0.00488164941083058	0.000196163345189867	0.00244543799486731
0.000511612283586692	9.29810104399461e-05	0.012076267538864	0.963135146036427	0.00645129525806372	9.29918867592127e-05	0.00490077595223508	0.01264593814704	9.29918865844831e-05
0.000449951546143797	0.00442894262624153	0.0023272708358227	0.950313959182148	0.0259521585305977	0.000901153414717884	0.00368501948692953	0.0058442429719014	0.00609730140549782
8.83669926038793e-05	0.00489016197992856	8.83669926831786e-05	0.970026982088711	0.0074143744349624	0.00123097048931765	0.0108649821775573	0.00385535377784478	0.00154044106639099
0.00217530596941507	0.000944247458464903	0.00292321228189407	0.950913257084834	0.0277691373622634	0.00438267489812537	0.00458946378462637	0.00213687373181186	0.0041658274285648
0.0108797572749332	0.00568447972754951	0.00466201570612762	0.949675493738361	0.0155420309843104	0.00103831189679368	0.0107220780040105	8.93105429925141e-05	0.00170652212492182
0.00142884514919637	0.000134074708855466	0.011993876406129	0.947391156845616	0.0229657009603689	0.00526847039524249	0.0050091548062145	0.00567464601957549	0.000134074708801524
0.00033138422103877	0.00602229125279567	0.00299636962960389	0.971331958558598	0.00889328962194326	0.00452501022454133	0.00541192993193446	0.000362165690305692	0.000125600869238675
0.00527644634715808	9.12010937842248e-05	0.0650139786146524	0.899357190824702	0.00810457275544476	9.12010936436877e-05	0.0134262941432105	0.00854791403362442	9.12010937804532e-05
0.00170871347328818	0.00625106271855914	8.98673737727773e-05	0.968647285571626	0.00962238084518842	8.98673737264144e-05	0.00845458475011771	0.00188729607074635	0.00324894182297533
0.00784972152557445	0.00795846369871895	0.0182059206807753	0.934082774475907	0.0107248284966066	0.0057195793913924	0.0128628928655017	0.00013471930776633	0.00246109955775691
0.0015346292561853	0.0184986499813703	0.00096941457285175	0.942544236816272	0.0109931783090087	0.0105675019564501	0.00870781226144062	0.000891580237880921	0.00529299660854076
0.00149852095872746	9.21352502154725e-05	0.0102583558260715	0.958128368545013	0.0103407095834199	0.00446535095988586	0.000963156092905069	0.0141612675334746	9.21352502872395e-05
8.98580212453093e-05	0.00686780044340185	0.00510317718075499	0.96562605918603	0.0086156133899903	0.00110637747794266	0.00276941784920916	0.0083158456732517	0.00150585077817431
9.1799943050104e-05	9.18006921386473e-05	0.0069249304136401	0.967455730115632	0.0196023629195761	9.17999430700374e-05	0.000465541346626869	0.00518423468320783	9.17999430581223e-05
0.000797199766218336	0.00340849687216955	8.95640340224992e-05	0.973473052768609	0.0131479749139203	8.95640341813971e-05	0.00703553116742283	0.000526809243407632	0.00143180720004867
0.00331107772478762	0.000132726199518775	0.0019561143282448	0.956787709079479	0.01721923441323	0.00831201301223851	0.010427853042704	0.000783661733046075	0.00106961046675166
0.000604135603399526	0.00440056824541813	0.000125823732061735	0.968488009345042	0.0131503750231297	0.00162953970971044	0.00890440006844353	0.00122991175926143	0.00146723651353364
9.33030213207978e-05	0.00351692803987151	9.3303021385379e-05	0.967082723084312	0.0145368543720814	0.00268410021363462	0.00913055460189379	9.33030212988226e-05	0.00276893062420222
8.92923269898237e-05	0.000644728266580002	0.00123336263335249	0.972473489847347	0.0104300019921394	0.00964044654893158	0.00401220948416612	8.92923269996642e-05	0.00138717657349368
0.00117709608094851	0.0015188472999433	0.0017196889490567	0.965505188197083	0.0195131671343648	0.00477205241391345	0.00420324266739312	0.000128364900934692	0.00146235235636223
9.34506732843716e-05	9.34506732516618e-05	9.34506733532034e-05	0.961376431085237	0.0218346952040173	0.00620590380664914	0.00616424002580854	9.34506733541804e-05	0.00404492718504444
0.00172191668162943	9.28597069301012e-05	0.00232187055011426	0.968816213866522	0.00683019312532295	0.00807236387079916	0.000993770027800902	0.0110579524639729	9.2859706908696e-05
9.37614605774026e-05	0.00398724273522018	9.37614605831909e-05	0.979926597295396	0.0118096672921859	9.37614605068342e-05	0.00249962344675389	0.00140182338820398	9.37614605726543e-05
0.00352614020453814	0.00339066169722023	0.00284878781120776	0.971733298703172	0.0133623836089238	0.0018978818261079	0.00172691710825988	0.0013851668861574	0.000128762154413079
0.00060082509546186	0.0127358758865935	0.000160828843244865	0.961886769133847	0.0132035541846562	8.99314037335025e-05	0.00692371065151409	0.00258160920165275	0.00181689559929641
0.00700316536175641	0.00211453954849833	0.001764787763254	0.957031407442706	0.0124783402183105	0.00699107584693074	0.00710695401960033	0.00364113910346185	0.00186859069548139
6.3364246420493e-05	0.00962474646217757	6.33642464173643e-05	0.971279958708716	0.015763324335059	6.33642464143672e-05	6.33642464173643e-05	6.33642464211297e-05	0.00301514926195638
0.00410953756660975	0.00116088209623206	9.32021185163077e-05	0.95200506744049	0.0212286613890362	0.00897950378700241	0.0100931644616868	0.00223677902191055	9.32021185156176e-05
0.00305254338876453	0.00377442963374557	0.0062788747066113	0.934233916721668	0.0413281313215189	0.000145298540619659	0.00752852136513413	0.0035263213413205	0.000131962980617151
9.19644241203934e-05	9.19644241710709e-05	0.0107157790945242	0.966765639643766	0.0194195202278424	9.19644241089015e-05	9.19644241389035e-05	9.1964424182598e-05	0.00263923891314572
8.8833519826032e-05	0.00429625751586683	0.00183778523290159	0.972165178029556	0.0102384286813768	8.8833519699247e-05	0.0111070164610623	8.88335199269222e-05	8.88335197842029e-05
0.00282269442715947	9.11736731842556e-05	0.00512050866599532	0.961761360321185	0.0221773605285094	0.0053313616105317	0.0025131934270967	9.11736731518291e-05	9.11736731869717e-05
0.000861620704947808	9.33834816249411e-05	0.000488590841482536	0.968884645896863	0.0168099131996545	0.00709667561953766	0.00394528099433511	9.33834817898335e-05	0.00172650577976463
8.88972022155319e-05	0.00472041979919545	0.000282279644660452	0.966875794516896	0.0150090582014689	8.88972022962727e-05	0.0122326762569194	0.000613079974108131	8.88972022393359e-05
0.00468019592958535	0.00397800372254978	0.000288944769387375	0.975141479326038	0.00933587378461026	8.92815580966739e-05	0.00170567762339252	0.000675715370281338	0.00410482791605926
8.97555870179276e-05	0.0114964311437027	8.9755587015077e-05	0.96543440421582	0.0103399683062711	0.00381808571954642	0.00713424313918234	0.000470595049850855	0.00112676125159371
0.00366637245235174	9.14058293600849e-05	0.00112190720935533	0.964693209582416	0.00972623743285225	0.00795555270336821	0.0112829608931083	9.14058292430388e-05	0.00137094806794503
9.10865812715286e-05	9.10889619273099e-05	9.10865813329479e-05	0.957291445444303	0.0171796834987845	0.00789968570699866	0.0130912250178998	0.00417361162615056	9.10865813318835e-05
0.00137217189515665	0.0109652217226764	0.0103681482521095	0.948519915817631	0.0143403359940168	0.000131869312434164	0.00583514949923527	0.00833531819429264	0.000131869312447503
0.00144217612489081	0.00384943807474752	0.000131695628453031	0.965464829803472	0.00977120084248708	0.0011634764612944	0.0126638394773994	0.00282485036069696	0.00268849322655888
0.000913913815346013	9.02686642217551e-05	9.02686643008332e-05	0.972561333566456	0.00791790276807667	0.0116983549247934	0.0056252876536916	9.02686642232806e-05	0.00101240127889023
0.00387174719129625	0.00730382390105283	9.0301062535014e-05	0.960076637431112	0.00919775125997203	0.00215025174175572	0.00941183936472683	0.00649939350209077	0.0013982545454586
9.27454406393201e-05	0.00769849181926113	9.27454406665086e-05	0.956093820426097	0.0190144439853265	0.00171079054205054	0.00870172976967813	0.00476967048108826	0.00182556209519236
8.92062544601707e-05	8.92062544751783e-05	8.92062544543155e-05	0.971526988298773	0.0036532408358982	0.0140110150215703	0.00702655728543	8.92062544304865e-05	0.00342537354050846
0.000128081106828617	0.00654747736110134	0.00190081494516559	0.957298063197848	0.0154691025728159	0.00326964398893091	0.0109252769573233	0.000128081106830009	0.00433345876315681
0.00260984738576318	0.00162254795794452	9.03101291467868e-05	0.967223855653074	0.0142578286426047	0.00385363766374859	0.00378352473195673	0.00646813770661179	9.03101291499986e-05
8.80264358232812e-05	0.0112693744497517	0.00189321274409515	0.964319260829356	0.0052783232326948	0.00177641766223604	0.0139618001186088	8.80264359372228e-05	0.00132555809149741
8.95025533950775e-05	8.95025533922164e-05	8.95025533944539e-05	0.963571734467362	0.0173284738705783	0.0171325346592658	0.00151974423583298	8.95025533857095e-05	8.95025533938131e-05
8.99215562057294e-05	0.00952945575231224	8.99215562134693e-05	0.964135686349276	0.0151862179809418	8.99215563311113e-05	0.00315225104202996	8.99215563252852e-05	0.00763670265036446
0.000488107366438064	0.0030861382102131	0.0113730676082996	0.956407984593919	0.0112938810410567	0.00136571314441905	0.00605914855684305	0.00943825055126369	0.000487708927548063
0.000125868878749083	0.0235213951558166	0.00542094389858274	0.927766607005348	0.0176989961307455	0.000125868878629091	0.0190664118694255	0.00210607012809712	0.00416783805460647
0.0033701510990651	0.00762997004021329	0.000128853348122203	0.962582897117564	0.014076179793117	0.00170188533544641	0.00675226058329585	0.00191686390237135	0.00184093878080467
0.000129900937969378	0.00396466003248641	0.000129900937920625	0.976405124827027	0.01209578044003	0.00489069964482919	0.00139097957145035	0.000129900938192794	0.00086305267009367
0.000761580944946282	0.00385719777523326	0.000128368994054348	0.962924572488479	0.0144324401030961	0.00269265041584848	0.0085376306422317	0.00581162013120943	0.000853938504901838
0.00110006911486192	0.00665748583073839	0.000127508050508742	0.951524214098562	0.0154039876945185	0.0117285779897209	0.00651370967565212	0.000127508050621517	0.00681693949481607
8.79036187868323e-05	0.0315929119598826	0.00063140156968327	0.935355515680296	0.00586750285912171	8.79036187667411e-05	0.0178737646712388	0.00574648049296774	0.00275661552925613
9.29960264829783e-05	0.000861040305333468	0.00517638785086024	0.97340955820042	0.0112546118331131	9.87248410079091e-05	0.00561250468411738	0.00340118023215623	9.29960265084395e-05
0.00157204735947952	9.31377905192608e-05	0.00573162012389958	0.952599391440742	0.0175596536633803	9.31377905488104e-05	0.0125395847931328	0.0068398596168125	0.00297156742148511
9.27533981581523e-05	9.27524065213577e-05	0.00823738864750889	0.959948048416649	0.0136441971403428	0.00349755953914362	0.00528977392573789	0.00910477377519188	9.27527507458753e-05
0.000791537509400619	0.0112874770062178	8.90450884789832e-05	0.968753136674629	0.00515153516257798	8.90450884039185e-05	0.0118385449130564	0.00107189461017837	0.000927783947057096
9.43324347117739e-05	9.43324348423796e-05	0.00998622042223878	0.97150545719251	0.00845328377741998	9.43324344985085e-05	0.00537359713296307	0.0013714262510747	0.00302701791974057
9.15380113861247e-05	0.000763139480492252	9.15380114735467e-05	0.970880928433721	0.00884445724399689	0.00314067194525735	0.0105339135428646	0.00218329408701151	0.00347051924379712
0.00672810005097012	0.00369888744424618	0.00966451876013962	0.938486177681436	0.0162962948697422	0.0115846945815511	0.0119348333209828	0.00147321039316838	0.000133282897763804
8.9956338234104e-05	0.00532204458616136	0.00262611108896899	0.975252398159103	0.00973544858781814	8.99563383506318e-05	0.00475068693599431	8.99563382785765e-05	0.00204344162709081
0.00172527204935777	0.00523339933905982	0.00118511792571886	0.967492621212589	0.0129652567287697	0.00243682140395371	0.00563211903569809	8.89821161708204e-05	0.00324041018868259
0.00828092845606965	0.000499855752158678	0.00154767866851281	0.968836219457396	0.0115800030059132	8.82593865124664e-05	0.00377974912960007	0.00529904675733993	8.8259386497247e-05
0.000708216469992136	9.13982423464233e-05	0.000588775061268992	0.971976227072263	0.0105653464711451	0.00666815593423693	0.00768040422944501	9.13982421209487e-05	0.00163007827718134
0.00169325925926763	0.0089500157440896	0.00358956542855118	0.961321936269304	0.0160536650245332	0.000960933512800644	0.00614097001797805	0.00115632055771907	0.000133334185756883
8.82093088879227e-05	0.00404753296804638	8.82093088762469e-05	0.969469875545366	0.0066290982239392	0.00828369819386307	0.00850154288114661	8.82093088190238e-05	0.00280362426105502
0.000989331800255826	0.00863035819702769	8.9864601163829e-05	0.955632405799451	0.00800142021639172	0.00574059514910279	0.00959816533992308	0.005874752188777	0.00544310670790695
9.31818928260849e-05	9.31818928093263e-05	9.31818928228863e-05	0.969283290625076	0.014138555157332	0.00425322364503322	0.00625440660613425	0.00431054866379681	0.00148042962416989
0.00316218823028763	0.00571225277288945	8.89602231876424e-05	0.959415354517919	0.0184889948196495	0.00812665353462832	0.00482767545507087	8.89602231804982e-05	8.89602231870632e-05
8.92629607230683e-05	0.0139295055857278	0.000368151282601887	0.959100208621342	0.0160829089789419	8.92629606465526e-05	0.00515515399149747	0.00139255533046262	0.00379299028805679
0.000562309376192827	0.0144384764824056	0.00121490034614409	0.957911290078685	0.0142618147498272	8.96463326347325e-05	0.0113422699689023	8.96463325658733e-05	8.96463326421353e-05
0.0001926600935228	9.33930642060334e-05	0.01072513968411	0.964282779290049	0.0127445177117904	0.0109811206025447	0.000363908089783225	9.33418205188528e-05	0.000523139643474808
0.00375222603342332	0.00396191192160665	0.0054038194897692	0.973326966997889	0.00469794187606372	0.000983353086512974	0.00586834130335032	0.00187883578514171	0.00012660350624314
8.88044348123572e-05	0.0166073179964942	0.00501591793190497	0.94611674123814	0.0101166256254373	0.00329913700314837	0.0185778469005439	8.88044348202887e-05	8.8804434699098e-05
0.00211685457030453	0.00358109924395305	0.00561803546679103	0.943371715839158	0.0283632587977795	0.0033577884231793	0.00835116869411876	0.00390635164035845	0.00133372732435726
0.000880702508663441	0.00118819876958625	0.000412085399068807	0.976699982858983	0.0130072668662828	0.00354039935323728	0.00100591615778982	0.000356242156277097	0.00290920593011139
0.00210634511900185	0.00513181413137312	0.0022063036033959	0.962905650375525	0.0208782496097318	0.000127639202035953	0.00367961579243192	0.000127639202187477	0.0028367429643165
0.00118968510164615	0.00346308659309053	0.000791780991411394	0.963003019839029	0.0103104978465541	0.00654894210986292	0.0100832280889896	0.00179176208926629	0.00281799734014993
0.00207018078897231	9.02237694023053e-05	0.00423266334451552	0.957941801110892	0.0172566219948701	0.00127395447623609	0.00296710758294689	0.0140772231628168	9.02237693477152e-05
0.00135038383266533	0.00764783542373494	0.00012989453551544	0.958043534107287	0.0147424209777068	0.00382800294487752	0.00633892660285084	0.000129894535662604	0.00778910703969897
0.00156339925917088	0.0123257230060498	8.79197903577407e-05	0.964058260436214	0.00627306308836451	0.00258520432305033	0.0129305905161011	8.79197903334813e-05	8.79197903577602e-05
8.91353913688551e-05	0.00452718481381182	8.91353913176189e-05	0.962216144618775	0.00516576009242463	0.0106664396006786	0.00722347917496141	8.91353912510972e-05	0.00993358552541043
9.30240807860814e-05	0.00551324909566808	9.30240807968737e-05	0.959793489924993	0.0184743665723666	0.00401896321940368	0.00835201369071216	9.30240809301515e-05	0.00356884525434288
0.00340066243544158	9.33385540037803e-05	9.33385537316085e-05	0.969529773369572	0.0092364260507445	9.33385536563864e-05	0.00111914425350586	0.0163406396756029	9.33385537416365e-05
9.15122206573689e-05	0.00295773455382042	0.00112247488998874	0.96189126454546	0.0160717518102804	0.00286556061949839	0.00287453175127883	0.0120336573883852	9.15122206305998e-05
0.00385116065971312	0.00450981751156209	8.92537505126814e-05	0.966693226294458	0.0119127056426543	0.00676380050272375	0.00240898417554259	0.000865870070948365	0.00290518139188543
0.00455856742795867	0.0111880872776629	8.68274262273974e-05	0.954847755349886	0.0107306910845342	0.00443073929846753	0.0106500625559226	0.0034204421531169	8.68274262234271e-05
0.00175017037804622	0.0197275417788217	0.00660218830482702	0.942743423163082	0.0204124554982482	0.000196849928463353	0.00661538548481802	8.94680339688023e-05	0.00186251742972452
0.00566812084004294	0.00458857809535691	0.0163887136655912	0.938741225405245	0.020942843789472	0.000774839147123483	0.00758239474379169	0.00137971958433709	0.00393356472904026
0.00389279445556967	0.000129770069236583	0.00192611163196706	0.971307280553189	0.00982500476753263	0.0106975652662102	0.00196193516039824	0.000129769047978721	0.00012976904791768
0.00225784107656179	0.00272161444379865	0.00101186322614596	0.959038825118481	0.0201618345552942	0.000213391882177323	0.00465982981397267	0.00437849108310921	0.00555630880045923
0.000128745067690314	0.00342704881638408	0.00289394920021359	0.94652877564576	0.0234242792415811	0.0103000100841485	0.0102440684109437	0.00167098046566914	0.00138214306760959
0.000480931565345502	0.0114135353706923	0.00150065067736274	0.966383938545373	0.00724060631717108	0.0110050013673675	0.00172013395275848	0.000127601101964897	0.000127601101965042
0.00267322066237446	0.0101690491938169	8.92477231369152e-05	0.962046415705231	0.0118234419399965	8.92477231394234e-05	0.00861065182566563	8.92477230825148e-05	0.00440947750355672
8.95839133228543e-05	0.00657575178036447	0.00190061935335254	0.955051475649472	0.0161408403380052	0.00926591825931121	0.0104656997497378	0.000420527043106392	8.95839133277569e-05
0.000132226968117604	0.000215792874453117	0.000132226968259352	0.954450980916418	0.0233149152091059	0.0101268632247346	0.0047946234765965	0.000829855433298005	0.00600251492901679
8.93002202783998e-05	0.0045178537091441	8.93002202781683e-05	0.977468843947845	0.00924599786078122	0.002733017247029	0.00567708635414641	8.93002202382446e-05	8.93002202592918e-05
9.12360028914567e-05	0.00790365399671906	0.00229778154315983	0.962466757102666	0.0204992628968654	9.12360028763471e-05	0.00132351110233153	9.12360028337067e-05	0.0052353253496563
9.47572435833462e-05	9.47572435794645e-05	0.00986252070909385	0.953032236508869	0.0168453956909173	9.47572436458228e-05	0.00826196871105476	0.00990479624070405	0.00180881040855268
8.9128509587432e-05	0.0146947544795026	0.00540351182648073	0.95593054581236	0.00871582942202617	8.91285096600023e-05	0.00683273006593278	0.00324058169585893	0.00500378967859101
8.90029905091327e-05	0.00727344005920542	0.0020399490585059	0.968952863567889	0.00898088314366453	0.00409537592168031	0.00742468027458356	8.90029905405312e-05	0.00105480199342171
8.95711092596151e-05	0.0190144229317722	8.95711092361732e-05	0.95169065043268	0.0164325786700895	8.95711093292012e-05	0.0104200224561975	0.0010896194933067	0.00108399268812953
0.000535859472580532	9.14857369151834e-05	0.00216928757039959	0.964313571311744	0.019656007953942	0.00726279989128585	0.00578801658952704	9.14857367740665e-05	9.1485736831581e-05
0.00143048898757557	0.00829760893031816	0.00852378031775508	0.951622161321229	0.0160391874721577	0.00378791382216931	0.00619406896762828	0.00230676700459431	0.00179802317657311
9.41022238127394e-05	9.41022239731059e-05	0.0119005463639603	0.966222272043661	0.0104417570168891	0.00247250985044057	0.00346825782710816	0.00239320133028938	0.00291325111986612
