Bcells	CentralVeinEndothelialcells	Cholangiocytes	Hepatocytes	Kupffercells	LSECs	Mesothelialcells	PortalVeinEndothelialcells	Tcells
0.00599203938764874	0.0282549674877455	0.0648335618086927	0.833413957749885	0.0341487703462916	0.00963458369016607	0.0178578100066658	0.0043591945009234	0.00150511502198133
0.000474081751086251	0.00555927690311424	0.0759010218194517	0.788907209873191	0.0562390582837011	0.0320513246020229	0.0149069031871082	0.00203008650405586	0.023931037076269
0.00917355894237559	0.0137768597417122	0.0730477560844364	0.746004020942385	0.0880156426412391	0.00971624276419735	0.0123426138070187	0.00177840503499664	0.0461449000416389
0.0018904825596552	0.00740595166082684	0.0789165757769434	0.826145856869406	0.0334596073771385	0.0283557221804298	0.009136595541304	0.0138791341985119	0.000810073835784679
0.000389856546841757	0.000688419501976431	0.0830531338779738	0.829552217989895	0.0266393026818734	0.0248215687338306	0.00995494824744995	0.0230674061490571	0.00183314627110161
0.0261819878962479	0.00123756329333204	0.0924286229968519	0.777535183958807	0.0498393376443961	0.00610045296204867	0.00925547412468785	0.0328349842486497	0.00458639287497911
0.00157090861246936	0.0285193394385559	0.0832189824569969	0.83689399071761	0.0213206581492276	0.00455732319886758	0.0172206552882547	0.00179178786315354	0.00490635427486413
0.000809955223323748	0.0244633067049801	0.0773094185752747	0.819864265796628	0.0473328249500421	0.0150618017547577	0.0133087971266699	0.000423208774000016	0.00142642109432415
0.0041106299553367	0.0370262117605408	0.0698593593842065	0.788607080546718	0.0556470085287789	0.0113838774312365	0.0144818001184149	0.00138037253827774	0.0175036597364897
0.000579048525408823	0.0401247011782084	0.0753689277308522	0.81626219202773	0.0410872048885908	0.00151266069253708	0.0139215447275204	0.0109437280617426	0.000199992167410201
0.000275607133742263	0.0371421283737326	0.0693586516670507	0.799577271135802	0.0395350709665711	0.00391515556640802	0.0177603625505477	0.00244894843486067	0.0299868041712852
0.000265422865295402	0.00385964332308248	0.0797297099204778	0.81421039540237	0.0577638032733963	0.0257845801355846	0.0143574801779469	0.000376625894526916	0.00365233900731916
0.000971757024933035	0.03941016746024	0.0649329373039848	0.838412091987995	0.0360434386722585	0.00474292398136003	0.0147490610128398	0.00035812609084919	0.000379496465539075
0.00267097590634217	0.0354258185735097	0.0689968585565938	0.83113290097958	0.0464478675877801	0.000739766233681817	0.0127444524629755	0.000154995984606018	0.00168636371493126
0.00283202624381105	0.00128996660400565	0.0879442550278887	0.790202262656784	0.0480045759323741	0.0194694286673856	0.0200742865526451	0.0292826883920665	0.000900509923038994
0.00256483154616906	0.00759436809518381	0.0823233418388709	0.788007184686114	0.0316914729699253	0.0222081869989763	0.0173963946572138	0.0241320018284565	0.0240822173790906
0.000160929745553085	0.00687026308417046	0.078125109059439	0.801293478954019	0.0458424277774013	0.0419233771297931	0.0112521211766732	0.000810556144352395	0.0137217369285981
0.000159803280372037	0.0211923222650957	0.0794555945101002	0.830138620887306	0.0241067373212247	0.0101804329405601	0.0159423126252388	0.0175775611605092	0.00124661500959355
0.000602389648917025	0.04744980372855	0.0690319439180144	0.810530179443719	0.0491951419734393	0.00204266492713643	0.0158802365048863	0.00257270926039778	0.00269493059493901
0.000204038209441293	0.00614569422460618	0.0743065480018231	0.826082538889164	0.0372821362079863	0.0371015271801117	0.0148485085198572	0.000251392113120297	0.00377761665389005
0.000696993769217468	0.0211403373838383	0.0677125964700299	0.834616449546977	0.0324687292579187	0.00858509644735931	0.0167800082057049	0.0152522695452414	0.00274751937371255
0.000416161038802225	0.00312852909321783	0.0723907487418051	0.835715517599016	0.0378399213544097	0.0207464065567181	0.0139964805700934	0.00678570478459787	0.0089805302613394
0.000342164496460634	0.00791707955339171	0.130256226902072	0.733660485535429	0.0564553854826233	0.0206993127439922	0.0231865788810479	0.0257181885949886	0.00176457780999488
0.010603188212397	0.000620876103761094	0.0741360886639176	0.815309790982718	0.021576726016512	0.0388663541307519	0.0148453406610491	0.00269652959281017	0.0213451056360829
0.00263111339097318	0.0267412772085223	0.0834017940400862	0.835707717115931	0.0217212706120528	0.00190802393388101	0.0119696090173994	0.0118510338713291	0.00406816080982462
0.0276816645664302	0.00349715451583909	0.0860583975008093	0.77121568630851	0.044460703403184	0.0343970385138819	0.0151938980424707	0.013541154454654	0.00395430269422077
0.0192825440808471	0.0126199820083786	0.0802426158669095	0.816654501651659	0.0352450307556195	0.00905586764638337	0.0117601200005892	0.00818319431934454	0.00695614367026907
0.00586990528152281	0.0455466312139681	0.0810671079452523	0.833041849450483	0.00862373631389986	0.00388664379529431	0.0174899423099552	0.00181471819506641	0.00265946549455815
0.0037843861522931	0.0329160543406118	0.070161472853487	0.816954686596028	0.049666174851884	0.0079386317197253	0.0167893625065932	0.000969572810998249	0.000819658168378929
0.00843261322727944	0.0160530993509588	0.0683587054337685	0.821096558992416	0.0355425160920142	0.00814917708748312	0.0121190389221593	0.0116205336185444	0.0186277572753765
0.00311693068129136	0.00610317313386882	0.0705756200156942	0.819744250997378	0.0348471745863903	0.034445129605381	0.0157931077118488	0.00253748027241385	0.0128371329957337
0.000181435919223455	0.011008533329295	0.0794991035448741	0.828914049865691	0.0264622904068553	0.0314887341131033	0.0153015567535022	0.00113064734941069	0.00601364871804482
0.000164739419734022	0.0020912649485554	0.0857882693767774	0.822515102377606	0.0384355154291263	0.0161929967761606	0.0182601584880901	0.0152253482863315	0.00132660489761858
0.00746300220219664	0.00887776995779447	0.0773501727163228	0.819410075436061	0.0341712233683506	0.0356932784337668	0.0130036110788236	0.000360393122106333	0.0036704736845778
0.00192692282505978	0.018719782170643	0.0793924697929162	0.840368310071576	0.0268152994155405	0.00440507083950714	0.0152554571431084	0.00858152434119456	0.0045351634004541
0.0132004886667734	0.000865720821357677	0.0708242895987161	0.778069355223382	0.0584207408737099	0.0315518587708778	0.014210317030038	0.0133503471547034	0.0195068818604422
0.000395715940992703	0.00171750376392073	0.0867519675240059	0.803987513474818	0.0482817883907592	0.0315766632658932	0.0144238338490094	0.00813899557516333	0.0047260182154375
0.00281892907626223	0.0224556189018282	0.0821544008104319	0.823981670599498	0.0323926866382391	0.0171371707428889	0.0115857679350462	0.00676040463640957	0.000713350659395688
0.0598884412146998	0.000252996345327874	0.115327998761942	0.697443396762849	0.0339589572482437	0.000190005766492813	0.0330770251235119	0.0590250385905794	0.000836140186353157
0.000218092186952874	0.0114086956902788	0.0813776709926148	0.819118634192551	0.0356888198962143	0.0237186972288749	0.013565753606714	0.0122846376190978	0.00261899858670113
0.000204241556203907	0.0312651694387323	0.0771293998377626	0.848240278147011	0.0125938953165781	0.0132851716728764	0.0128929127944532	0.00182761038412346	0.00256132085225928
9.3477567871931e-05	0.00498669021558333	0.0897576901989651	0.808122999878014	0.0364546657019894	0.0115076347400461	0.0189687387825904	0.0299060055131683	0.000202097401771161
0.00235699920923472	0.0127816387881598	0.0715569630709874	0.835965838736397	0.0329141519907474	0.0232574307301015	0.012147824868964	0.00402617888464656	0.00499297372076118
0.000721263254870982	0.0516339037848216	0.0659025891296523	0.826734692670831	0.0294855641791201	0.00253152085003853	0.0184760505733478	0.00274249929355126	0.00177191626376636
0.000694108119000073	0.000573234074743847	0.0945322128822875	0.820437878524044	0.0184882115931689	0.0382603477807158	0.0179708599218136	0.00863837410454531	0.000404772999680898
0.0016505413545972	0.0420909055426018	0.0776164337787223	0.82344998744813	0.0248071928129386	0.00468943943693295	0.022283394157126	0.00311378903456212	0.000298316434388678
0.00411978242110555	0.0218052162195465	0.0978522315271047	0.806860304350316	0.0395300575723969	0.00175649228752892	0.0170097787848766	0.0095239748855979	0.00154216195152726
0.0128584103044592	0.01196772860346	0.081036251010734	0.840328197584515	0.0199761459552367	0.0176527903334064	0.0137890146293566	0.00153112797245683	0.000860333606375209
0.000261615508407144	0.0167719188083768	0.0745219605051745	0.824495515344438	0.0375661382811371	0.0126539224447793	0.0153383682341175	0.000403587964336727	0.0179869729092334
0.00308909905581308	0.00226926419204497	0.142270272913404	0.785389872237067	0.0138054998479772	0.000790934182455777	0.0172945392524204	0.0350360570952925	5.44612235251049e-05
0.00788077317745113	0.0312212030119538	0.0784404898092732	0.824077703613456	0.0170548340054134	0.0113502084453283	0.0154547182408795	0.012511157360138	0.00200891233610684
0.0017400536660892	0.0164438012454912	0.08085414916523	0.776301262383905	0.0614376092229953	0.000890182713355141	0.0164331989059459	0.0372105111328651	0.00868923156412309
0.00371972872499905	0.0236327027752918	0.0686401448455579	0.85567764171117	0.0134639158423119	0.0151257268754986	0.0170392363561779	0.0012003372626715	0.00150056560632154
0.0110169914253607	0.0280897603216637	0.0725842507449605	0.827011550167546	0.0346325687737469	0.0111855428867579	0.0126954745862496	0.00133888356388749	0.00144497752982673
0.000130025382066022	0.00216301962975939	0.0875057312431654	0.807998120308424	0.0547204135979645	0.0156505003039999	0.0151127442571148	0.0162212001772927	0.000498245100213063
0.0010687591517849	0.0227908527118554	0.0781258919161896	0.820603184443169	0.0415111785124036	0.0114953757061682	0.0145498309841685	0.000368130774163097	0.00948679580009712
0.000211625655928271	0.0254639831236878	0.0790869929632458	0.82182614936101	0.0288156051196257	0.011547822713109	0.0181546451460882	0.00567845259877801	0.0092147233185272
0.000174343509348915	0.0012809297399687	0.0829474973477383	0.810976500195543	0.0518252048208245	0.0170750459277455	0.0140554207828657	0.0215567134676451	0.000108344208320026
0.00604628037329774	0.00786823572456418	0.0709513425910731	0.836068734166177	0.0397247176296154	0.0221420231126472	0.0125878236452093	0.00249905839995722	0.00211178435745922
0.00120062210261886	0.0290308411642579	0.079900493948448	0.845498388617956	0.0220468491802859	0.0056546570688617	0.0140052875373463	0.000308624435219765	0.00235423594500542
0.00982905461661386	0.0151767913702913	0.0786053866955241	0.80546527449423	0.0368052010853028	0.0367670500695159	0.012508961121373	0.000255415551899975	0.0045868649952485
0.000981073969564862	0.0156091685997688	0.0818712293963289	0.81187513306043	0.0433484808464465	0.00995437796991621	0.0126659340147694	0.0124960554367937	0.011198546705982
7.90778414490546e-05	0.00294656007469673	0.0778712031238765	0.79662525113366	0.0621181234751194	0.0285126712084294	0.0117079184164556	0.0158648069888052	0.004274387737508
0.000534577576264861	0.00811473924699629	0.0882068088407513	0.811903009500906	0.0496015178780533	0.0262637219536941	0.0133957519592331	0.00161883803763294	0.00036103500646856
0.0220902903119445	0.00390628362583052	0.0772447736113964	0.817974320279658	0.0278085047283955	0.020461142188778	0.0135796517640457	0.00992506586980572	0.00700996762014549
0.0105590124236756	0.0111211678813584	0.0753969293449443	0.791522905539709	0.0508058946811406	0.0205152000797677	0.0101801791637741	0.00239144665589286	0.0275072642297376
0.000451554085004608	0.00117700118381916	0.079247281073027	0.826912135105048	0.0236898317739275	0.0360385475995194	0.0108282024708523	0.00130939349246725	0.0203460532163346
0.000811049316352037	0.0466623846729431	0.0726650328864797	0.820279216603811	0.0268796974572392	0.00356626632567295	0.0172431727465095	0.00570931742783759	0.00618386256315439
0.0150126208895581	0.00487829151061853	0.0647086500712912	0.841853943590586	0.0153923953415885	0.039354267099254	0.00910986328063032	0.000224789449056136	0.0094651787674175
0.0161487897790039	0.0428895818046166	0.0656660866109534	0.812270422896519	0.0360935880848345	0.0113303014570904	0.0150806193704763	0.000340375639047655	0.000180234357458557
0.000129292924909075	0.000550991879535478	0.0813836786862967	0.819564136282743	0.0401549337040197	0.0380604689827757	0.0109340220371118	0.0051937970101855	0.00402867849242329
0.00820266406733671	0.00103343700183859	0.0818411461876985	0.786214842739131	0.0335441176182644	0.0407134731247095	0.0065004762968968	0.0107415949946616	0.0312082479694631
0.038420098998268	0.00059912677180069	0.103386126439816	0.791802637587772	0.0213357403807231	0.0331336841586228	0.0101402069510024	0.000784895849129016	0.000397482862866224
0.000535053993600023	0.0172952450045233	0.08020818462239	0.826697253119714	0.0341658782206149	0.010904145380871	0.0138497779533698	0.000613681877747863	0.0157307798271696
0.00127434649017929	0.0183359219341332	0.0794999470989552	0.811979210408708	0.0565101754126544	0.0126270087462314	0.00960550666032828	0.00924251125316016	0.00092537199565003
0.00369302753264348	0.000497085248213101	0.0772910932001873	0.794131124598566	0.0716164240725509	0.0278026930953383	0.014225844777432	0.0102762673049699	0.000466440170098879
0.000355654545158723	0.00736947974655277	0.0730713088001128	0.837410289741521	0.0379682644378116	0.0291044046026942	0.0123372496981467	0.000432976122530271	0.00195037230547181
0.000252231220059789	0.0223692124813367	0.0844911185735474	0.805038374345463	0.0531640911629477	0.0134159058732525	0.015209801910984	0.00338973536492273	0.0026695290674866
0.00774850117627924	0.0111595785693264	0.108754673377495	0.822605295048643	0.00953970658449876	0.0206771529929575	0.00864949526684231	0.00375062377450378	0.00711497320945395
0.016267203836461	0.0230182805557735	0.0760810437963262	0.797975890347637	0.042711940985996	0.0242258414493225	0.0170461726392639	0.00130453019998736	0.00136909618923217
0.000526085539146752	0.00108252258865083	0.0843527183060774	0.815629440174334	0.033317128970411	0.0277819829793867	0.0172432845562714	0.0150430705647285	0.00502376632099333
0.000840323087161892	0.0204067366726297	0.0765375893636522	0.833694648574085	0.0385644644067764	0.0102979629770104	0.0168966397556777	0.00225372716635933	0.000507907996647582
0.00021017830671661	0.00195928977780466	0.0780805118195158	0.812289188065974	0.0449329613999353	0.0162773035594024	0.0152033368515137	0.0297861212432649	0.00126110897587204
0.0309867985176097	0.00813369931268651	0.0804782332719168	0.785324074021615	0.0504538468584184	0.0273809674640861	0.00868745852898485	0.00591663083344242	0.00263829119124027
0.0123632869129934	0.00167925480171574	0.07314129718927	0.842944620466408	0.012041513202573	0.0340867406091593	0.0162978406584395	0.00530942697892454	0.00213601918051626
0.00231315892507266	0.0291765821759686	0.0700151885997061	0.837679118135516	0.0221854546514234	0.0221689441438576	0.014209298255394	0.000237685557643424	0.00201456955541881
0.000195763347187253	0.0220773782315392	0.0795735193494123	0.842903507264714	0.0238414431008469	0.0108070810641334	0.0148189887369107	0.00350878546048856	0.00227353344476741
0.00127577335167652	0.0177627330301748	0.0803851857481176	0.83201660794373	0.0180055093583253	0.00618253488329001	0.0173628448249994	0.0096790098027197	0.0173298010569661
0.00243131797083236	0.0271118147904445	0.0730350142475009	0.841107857899009	0.0262636227556347	0.00724194879725365	0.0165605272010644	0.00505104196320505	0.00119685437505581
0.00203863364522557	0.0166973162458869	0.0729887742935101	0.821767949242421	0.0405210946966962	0.010937562199304	0.0159291268990049	0.0107301643652008	0.00838937841275028
0.000904384901161828	0.0188542801470463	0.0688555679059287	0.852316179160832	0.0245154250587875	0.00712136836022094	0.014707198092927	0.00924827015910402	0.00347732621399145
0.000763082396934932	0.0447632478371667	0.0667661255639609	0.855122633353813	0.0114318054181865	0.00220752337960654	0.0140029748651313	0.00167886647330044	0.00326374071189961
0.00289541052921669	0.0424289867999106	0.0816739605520744	0.832243026490282	0.0134014670775882	0.00234097581759425	0.0112970378302904	0.00195080181671224	0.0117683330863312
0.00124749451323151	0.000559380759643835	0.0769754228126346	0.810238974688929	0.0510782208798668	0.0380069518006479	0.014817401085445	0.00439979428071104	0.00267635917889047
0.000108941148685227	0.00514255391906583	0.0998850106160743	0.809057205396983	0.0238310982265545	0.0152706196812519	0.0193743842262542	0.0272471718057636	8.30149793677912e-05
0.00137078168342436	0.00674899637833843	0.0841991253157809	0.817363505014917	0.0410109525070467	0.0326898946649896	0.01246083913526	0.0014567565980092	0.00269914870223392
0.00263304863407543	0.0104842203896532	0.0748249790725532	0.833628916685409	0.0251770735166919	0.0297125252423885	0.0096342684074739	0.00140488567532412	0.0125000823764312
0.0138168688546838	0.0088054467334118	0.0864197080644643	0.80786629808951	0.0317545928939578	0.000646908826398063	0.0194019603407065	0.0303229166513383	0.000965299545529485
0.0176616389541612	0.0182359266569445	0.0754387574547557	0.827893686167328	0.0216583659172352	0.017311605734938	0.012134380303616	0.00756533494303526	0.00210030386798629
0.00245317284416521	0.0279500823084331	0.0738060621384306	0.843182550459507	0.0270370756835438	0.00439335279826949	0.0131098685560085	0.00544065037096469	0.00262718484067746
4.12586650171177e-05	0.00140642849442607	0.0814151681747248	0.826375701470832	0.0334365884013265	0.0427512294059765	0.01272739641645	0.000465314307882693	0.0013809146633649
0.0067048829632797	0.0188617279275409	0.0718429385552809	0.83248895298273	0.0282108810338938	0.0270434780173998	0.0122088113521548	0.000300735170683885	0.00233759199703599
0.000197364447949682	0.00146364313707095	0.0804004605778406	0.820491108761741	0.0308126274014868	0.0386915706480662	0.0127133819812711	0.00675327208752262	0.00847657095705135
0.00244406198458902	0.00901387661215081	0.0806934863280648	0.843079111932396	0.018763235523526	0.019617671221221	0.0126627327524223	0.000786789173175065	0.0129390344724552
0.00441629381694714	0.000985816856613532	0.0785659998680963	0.822660019299944	0.0203064860943488	0.0421272351592356	0.0128115314904496	0.00797862502141445	0.0101479923929504
0.00234495376127761	0.00180532385110954	0.0831684592605034	0.816018001821486	0.038065981208484	0.0339729226298426	0.0105923831626112	0.00343976335824341	0.0105922109464424
0.00078280401539117	0.010942524151096	0.07793452581734	0.807564924134891	0.0277942810627072	0.0253617202101689	0.0152769683551208	0.00197819216561634	0.0323640600876689
0.00904697276325405	0.00462800752218869	0.0731585416565136	0.822594342781569	0.0419004857009828	0.0198767485084847	0.012742722177961	0.0157689417297844	0.000283237159261516
0.00185668017516764	0.00121871569226719	0.076934968741132	0.829036481186704	0.0250246557555898	0.0474002182517515	0.0136401364584496	0.00304756559223299	0.00184057814670563
0.0107173519796348	0.00272375592199983	0.0871830674452414	0.809773503407726	0.0192469661064796	0.0294391923602727	0.0221513103987889	0.0142475016568247	0.00451735072303202
0.0104203491910024	0.00150287080171567	0.0612103389363012	0.753269798140746	0.0539569268002034	0.0428517098443521	0.0153038336284669	0.0077480659283999	0.0537361067288125
0.000185595255841229	0.0231590445578926	0.0952661799169089	0.823856861052338	0.0298637623966214	0.0157604915817042	0.0117327437912614	5.88981142049005e-05	0.000116423333227285
0.0145079236859916	0.0120530811237692	0.095954082201465	0.796897740177046	0.0348461648122238	0.0156909569237217	0.0155336560191441	0.0127904131575722	0.00172598189906587
0.000871657560628993	0.0171744557639675	0.06975870874507	0.838402191426682	0.0154579376141413	0.0318129250605909	0.0115005023445093	0.000797605221178524	0.0142240162632318
0.000346283526200536	0.00155015833156733	0.0719104520643562	0.815704620560313	0.0563577328788839	0.0306412736555945	0.0174807309726954	0.00215461639012961	0.00385413162025996
9.04796917344041e-05	0.00498625416386521	0.08749803322119	0.827608302960447	0.0484062422085018	0.0177515106235015	0.00915924230127952	0.00269185936129019	0.00180807546819006
0.000279714072678293	0.0063751607888726	0.0814920404865419	0.797543204369503	0.0460208014065322	0.0319560026973417	0.0128284766511118	0.00353469578681004	0.0199699037406085
3.99200661881164e-05	0.0237428965241489	0.0809217999140691	0.837874125180866	0.0181505991780203	0.00225732502468274	0.0149574119903509	0.021641786976135	0.000414135145538922
0.00157615537797536	0.0116638669068607	0.0714550722785811	0.83780342690612	0.0334003267675665	0.0278692236184644	0.0133209836549629	0.00140716132836501	0.00150378316110389
0.0106594825182221	0.0102079816723751	0.0780013444380116	0.837494625297016	0.0256382640249441	0.0195905293336533	0.0112448882989294	0.00653456261864922	0.00062832179819912
0.006956162358375	0.0160811057513953	0.0759240081741759	0.82313732879735	0.0291080194092528	0.0267403755820471	0.0138477262271888	0.00382432890839381	0.00438094479182183
0.0122508383727434	0.00156674862666058	0.0776119826238686	0.833416953785588	0.0254956150289224	0.0293227834421183	0.0144213731728247	0.00520334850703584	0.000710356440237937
0.000216495391269226	0.0061540689367584	0.0713653536618257	0.842684837898973	0.0260381983928614	0.0263847633335806	0.0167321229017876	0.00628210382484239	0.00414205565810134
0.000135945255588292	0.01091504871559	0.0806430934893758	0.83071459912849	0.0257351655798076	0.036986566775753	0.0119573330851342	0.00268719489480778	0.000225053075453401
0.000155606745726124	0.0269559907803031	0.0599544495856702	0.822444220162036	0.0421185717513563	0.0109275156854833	0.0148415278464502	0.0132193257235363	0.00938279171943824
0.000710946760468929	0.00057653666044569	0.0861943669008907	0.826846674841871	0.020648245191451	0.0512864026383565	0.0134610518474576	0.000126829589459181	0.000148945569598997
0.000416578208505187	0.0172492037485038	0.0734808425380306	0.835146407032422	0.0384240540779982	0.0160285451495449	0.0141422804676404	0.000368467982009844	0.00474362079534541
0.00353641435349493	0.00378070192693465	0.0798218577513324	0.837193560645184	0.0213995600611401	0.0251422617622196	0.0149705570452201	0.00111647378501614	0.0130386126694581
0.000339681096663499	0.0229632219970221	0.0698567532307243	0.826501425283339	0.0403402510353062	0.00719317272576049	0.0161196302168791	0.0115704006944614	0.00511546371984367
0.00214389305316761	0.00156207979074307	0.0788011922893073	0.779967166755294	0.0620004691436364	0.0475192604183252	0.0130938842922678	0.00612909533121167	0.00878295892604726
0.00332965252287714	0.00228191672343652	0.0743179033690893	0.820949027307221	0.0321738991520752	0.0438890073105032	0.009519139681601	0.0128833900434026	0.00065606388979381
0.0235097135314991	0.0128698050804143	0.0746321609893385	0.804007961133591	0.0319659179914964	0.0260575370845082	0.0177324129297245	0.000555560786734704	0.00866893047269313
0.00310472146534679	0.0146262092979409	0.084964326391349	0.816876559436379	0.0376862161442009	0.0243524435967652	0.0166010846064143	0.000198471964401247	0.00158996709720248
0.0170279414008066	0.00545397487881345	0.0673085286887311	0.82214452513761	0.0498605207413642	0.0238471920970242	0.0128949974484069	0.00105056151045767	0.000411758096785925
0.00701556846306762	0.0136121314734742	0.0810616819310479	0.812084612716359	0.0466157628181211	0.0257037460116861	0.00988922473002291	0.00366983436902032	0.00034743748720048
9.0098501580332e-05	0.00354279515534156	0.074474697649588	0.812388710994371	0.0391398593868831	0.0273447272809554	0.0151777764857775	0.0154234873405642	0.0124178472049388
0.000249755848036986	0.00972417558047178	0.0786092847599111	0.821126606848649	0.0436201524132696	0.0173171453135656	0.0152225859324736	0.0123774915646242	0.00175280173899777
0.00125468025063083	0.0250708192745657	0.073387415245354	0.841811012246378	0.0222826142085001	0.00854509921900528	0.0130675897287823	0.00269356102300398	0.0118872088037798
0.00612598935111071	0.00329540864629055	0.0794657977484001	0.816381692321151	0.0381910196125324	0.0324064081411139	0.0150115421026771	0.00189257987397635	0.00722956220274834
0.013204707814144	0.0395198389713025	0.0653214732289926	0.797844351187437	0.0557896954779718	0.00430685081620428	0.013426907041468	0.00705293381477467	0.00353324164770485
0.00253696864788793	0.000635184098630213	0.0891338447184041	0.802730616492225	0.0414213310516917	0.0271318749828481	0.0157029118426263	0.0205257375715344	0.000181530594152385
0.00480218326356585	0.00825202346755046	0.069200499442676	0.848785928739846	0.0188461252851967	0.0244113762115361	0.0120816376736639	0.000659445922735139	0.0129607799932303
0.0212912286491991	0.0311857211704581	0.0663473013077348	0.821323000763878	0.0396026992226375	0.00184883269724334	0.0119318431532034	0.000277389282016217	0.00619198375362902
0.00692184318974361	0.0218167549085369	0.0787915591268987	0.822508064858942	0.0392370345501433	0.00498328111924027	0.0119159684644903	0.000403177385940887	0.0134223163960636
0.013022011843903	0.028491280019054	0.0695882876106943	0.825719945967607	0.0238705792428468	0.0139458614039888	0.013832480838036	0.00412455555780873	0.00740499751606119
0.00277325844287653	0.000333567131664201	0.0740991035715798	0.843975675943388	0.0148609049935378	0.0395385632406603	0.0108046698730598	0.000139508648245955	0.0134747481549879
0.0101597462316	0.000671184492488221	0.0810783198713237	0.803416224835092	0.0497847024657381	0.0200491287446789	0.0156110142542254	0.0186897700424598	0.000539909062394182
0.00823074719956136	0.0320049257840721	0.0669076722563072	0.818349883418752	0.0386668514188853	0.0121885684137919	0.0147582082440517	0.00818544092705832	0.000707702337520228
0.000463718875148051	0.0006374076600253	0.0855866218627808	0.81593370587679	0.0254928965195584	0.0228141549346218	0.014147999512547	0.0347552353843269	0.000168259374201338
0.0165112720792426	0.0176270699239582	0.0692738554919394	0.835410199171347	0.0213434266787771	0.0133277665365334	0.017572756929183	0.00501521534415036	0.00391843784486903
0.00306399525816031	0.0127716752852553	0.0804579493921003	0.836723033295255	0.034501281659062	0.00328525421155655	0.0109954225420135	0.0178150309706556	0.000386357385941709
0.0170488267322934	0.000966398531833018	0.0830691084246016	0.758377804657825	0.0840881256760197	0.0354167959849685	0.011097001075048	0.00162727202132772	0.00830866689608306
0.00175599865373928	0.0170474653443592	0.0892421854625851	0.807082335965768	0.0223828731159096	0.0211864930796262	0.0169472397282188	0.0236199167450969	0.000735491904696998
0.000942385739777398	0.0337398426497786	0.0808303178389603	0.826507938248725	0.0187291399164097	0.0106552263730979	0.0173581812533775	0.00281245069640113	0.00842451728347239
0.000194201966218702	0.0011769107419867	0.0901141239597335	0.808954649326264	0.050115611389849	0.0273922092221874	0.00836718206936879	0.00142299743335083	0.0122621138910411
0.0026940571126187	0.0383292184472441	0.0725683585425548	0.823615994491643	0.0361208582643539	0.00603908368859004	0.0139769253806119	0.00294771953236275	0.00370778454002069
0.00152917473447795	0.0257239278019453	0.0660973011612215	0.84718044775711	0.0229064810936215	0.00416761695718483	0.0131781643641306	0.00232143700139768	0.0168954491289109
0.00060090832347445	0.0255240159934292	0.0699853112371197	0.826514419254077	0.0270463233813714	0.015353169801627	0.0147686023234326	0.00358068955818781	0.0166265601272804
0.000428732200459667	0.0303207789138488	0.0819860806615545	0.814592784716134	0.0420302489439565	0.00294336509435632	0.0129426082269918	0.00352619897907587	0.0112292022636222
0.0024944961406456	0.0201668915397331	0.0674676637296144	0.848844853493485	0.0214408076403273	0.00260816419029096	0.0143723049881071	0.00704156739930023	0.0155632508784959
0.000616617145333959	0.023718808289561	0.0869756565997384	0.807467544642528	0.0554407220661717	0.00352462931348994	0.00965494339283132	0.0124002918142958	0.000200786736050211
0.004440881294187	0.00159127424073399	0.0858888691611397	0.835479413896021	0.0252057128283969	0.0293266788109628	0.0108788507490861	0.0070449885417632	0.00014333047770904
0.00725230888714635	0.0265327711497553	0.0830301275945792	0.79899644471326	0.0469447200441634	0.0107630230266683	0.0148639879428741	0.0103176792755756	0.00129893736597748
0.0118634336306754	0.000306327556044671	0.0772476875320275	0.824432088918751	0.0108317231033378	0.0381420728210771	0.0158563003762669	0.0211743048993539	0.000146061162465602
0.00243631726650872	0.0294610825557186	0.0701701026366846	0.850551566172865	0.0233561467919344	0.00495569505719914	0.0146518880379568	0.00177404696472903	0.0026431545164034
0.000901346748910724	0.0348323180608475	0.0707295971056562	0.806403263165885	0.0517008435220136	0.00478812344502498	0.0154688125609681	0.0123458592817859	0.00282983610890797
0.000126329527188454	0.0237165191852634	0.0813712036874777	0.843643815845653	0.0269984303749213	0.00801996575419174	0.0149901061496763	0.000358808492344979	0.000774820983283576
0.00731286366990591	0.0369912975222607	0.0781667413239371	0.832572819144407	0.0154724492793259	0.00135676650247781	0.0146550469035067	0.012679353996658	0.000792661657521063
0.00174687252910944	0.0276992214080342	0.0718472357971584	0.836742269100087	0.023185809149705	0.0169550703168019	0.0121245238677177	0.000820914296764565	0.00887808353462173
0.000636983977335038	0.00851729920179015	0.0738088845707034	0.807403762898047	0.0353905667595007	0.0268080993606504	0.0103936695927816	0.000550308091969403	0.0364904255472222
0.0218347163596668	0.000670717616463097	0.0738389132892223	0.779658195913822	0.0496866951328027	0.0330206983819717	0.0123763724731659	0.0024685013437814	0.0264451894891039
0.0141888001470452	0.00910009544045035	0.0693908656348123	0.835345313641714	0.0221253614535893	0.0338280444116061	0.0133430692100353	0.0021775288277504	0.000500921232997049
0.00343005873501034	0.0295542939867208	0.0754840021392858	0.826786972301117	0.0351513096920259	0.0088562343518889	0.0171944108597288	0.00138923021770229	0.00215348771652064
0.00666425404243536	0.00464056001463771	0.0711020621884987	0.835241586589937	0.029926249478528	0.039548125006984	0.0103098193836082	0.000916414792180515	0.0016509285031908
0.0178087079011712	0.000381769043947735	0.0784293267081674	0.810131762237215	0.0292801465108464	0.0438444380463854	0.0172523608810743	0.0021936990125223	0.000677789658670233
0.00847904220043166	0.0181367037537762	0.0702887406359814	0.830524844531003	0.0387499877646445	0.0134692607879853	0.0143388211961934	0.0031191123838659	0.0028934867461188
0.0225479487632836	0.00390369027843077	0.0789188973642906	0.810078493803498	0.0344521360135195	0.0258255270743773	0.0128712332251639	0.00108625486962652	0.01031581860781
0.00078075443950992	0.0162837606406772	0.0825292090990651	0.822782017965581	0.0250136624422122	0.0206938173404129	0.0171923206657432	0.000393255974916985	0.014331201431882
0.00618038296296378	0.00350422504254921	0.0835757692603625	0.812687844727054	0.0504337458481939	0.0277977343164606	0.0101041952109061	0.00348210068696955	0.00223400194454015
0.0046834101229174	0.00172695949355202	0.0709892550417811	0.82006400243129	0.0516243546514537	0.0238594617610802	0.0117536810878294	0.00896857979787659	0.00633029561221916
0.00199692882175627	0.0349581600705263	0.0776475323619248	0.829005895699436	0.0252677844490796	0.00596438145449588	0.0187637180467426	0.000803202251610052	0.00559239684442856
0.00221358538263593	0.0131052900404857	0.0756342586340633	0.83794095505761	0.0271442456948695	0.0142470610028408	0.0140295947565681	0.0033352038078151	0.0123498056231113
0.000987944619139936	0.0325142712926641	0.0717663982086415	0.832684412807271	0.0269288909323194	0.0111930176681405	0.0165237916978861	0.000689085812435464	0.00671218696150253
0.00337013025559787	0.010796268661608	0.0671665143801106	0.818278669150246	0.0631469835137281	0.025490212767085	0.00821116625407007	0.000592128284552311	0.00294792673300198
0.00596525392313645	0.00377170243720806	0.0756642256603181	0.81328141754973	0.0469684371878794	0.0266388273236179	0.0102156751409003	0.012534105011772	0.00496035576543816
0.00108865040776794	0.00958450892362354	0.0850960506595086	0.83668269468358	0.0255063019836636	0.0257217019042235	0.0147480384996029	0.000897822561505227	0.00067423037652449
0.000201964944754485	0.00457941461849181	0.0829278461764079	0.814630295247128	0.0403362994653137	0.0271965852146717	0.0131901283962287	0.00967848872027866	0.00725897721672457
0.00245262738139098	0.00165160938639794	0.0796270640731231	0.804493447444978	0.0633476896623487	0.0261441765822704	0.0124622267744806	0.00625485391290991	0.00356630478210083
0.00832130766970225	0.0236639687575899	0.0850002424327361	0.80842229420169	0.0334238585165805	0.0190255047122455	0.0156524598989622	0.00540419232208917	0.0010861714884041
0.00106947997238964	0.0312668032051202	0.0652859721971266	0.847206496165153	0.0271942534793876	0.0159174657730255	0.0102554722808195	0.000838450097665529	0.000965606829311851
0.0120682798464089	0.0265957813578392	0.0819594582281302	0.817714012820374	0.0374277416022631	0.00909996253476242	0.0136145612524574	0.000701043144223978	0.00081915921354116
0.000562291310867081	0.001424998425931	0.0794294843594516	0.847928560374921	0.00699036185314471	0.0306037735271071	0.0134160882269998	0.00027332900916337	0.0193711129124139
0.0134074768376469	0.00165926918069191	0.0875519015401284	0.821601838981768	0.0276989537479291	0.0308538463268567	0.00948689309955872	0.00754244101155627	0.000197379273863383
0.00146451810221227	0.0287180117641115	0.0908055146695686	0.804453228274608	0.035641134891467	0.00185267298612651	0.0147403767416163	0.000345810602591135	0.0219787319676984
0.000377524153834272	0.0340988141252194	0.0721529808737595	0.820222368230097	0.0356593945991671	0.00213546582681582	0.0159669162944036	0.00145705946195006	0.0179294764347532
5.86898095044925e-05	0.00235916174464427	0.0944581479696842	0.834745972085534	0.0299513555715223	0.00176643705380029	0.00958501131803472	0.0268996991396834	0.000175525307592716
0.00644909967254237	0.00778501026766841	0.0650171791558642	0.826723268074829	0.0324356070932932	0.0357241405130199	0.0143835730372804	0.000557610562138569	0.0109245116233638
0.0084642870045731	0.0218073197389548	0.0798178188109513	0.85155926030952	0.0142661695603507	0.0163495531070871	0.00699540061959283	0.000501252909234209	0.000238937939735918
0.000158216910903732	0.0010855721296356	0.0907737846911652	0.810744157538432	0.0426877237366413	0.0248706072672575	0.00993644310671249	0.00885620577377113	0.0108872888454812
0.0194395937240102	0.000767114507461516	0.0781402279785989	0.824764914425481	0.0175723754119643	0.0352333437248251	0.0161405291642635	0.00048659211171022	0.0074553089516852
0.0013376374290672	0.00143325246434952	0.0762341314709169	0.835134650404148	0.0207908654591212	0.0489354700340168	0.0143616502273071	0.000358338068001254	0.00141400444307167
0.0173764046792588	0.0203390273312831	0.0731452183888757	0.827664090599302	0.0255361690898926	0.0115793548029215	0.0169950573516227	0.00105772938348897	0.00630694837335485
0.00101290391641256	0.000620769643524155	0.0885443403083003	0.837130900779715	0.0206635566616103	0.0232070462898721	0.0115636101717872	0.0171571212098103	9.97510189677858e-05
0.0018233681741344	0.00814335327279865	0.0867635428206118	0.832976573892643	0.0294323370278074	0.0168674441538997	0.00900008598062052	0.0144744258791254	0.000518868798358641
0.000266445365683597	0.0242417465271231	0.0792052399149105	0.857889926158993	0.013394136452682	0.00956127978430351	0.015103729603788	0.000130409249087146	0.000207086943428615
0.000294149440704403	0.00517085567433798	0.0745906322520942	0.801289614778011	0.0531923619243627	0.0385233582739267	0.0143864815879832	0.000266156486574839	0.0122863895820049
0.0273887037020345	0.00627094309084095	0.0602346049638347	0.812198278324572	0.0319243561052094	0.0284540167305473	0.0150384442988956	0.00564056861356941	0.0128500841704965
0.0119590453415188	0.0405431647730548	0.0816609626591342	0.804701614678233	0.026751416480322	0.0035388562098328	0.0182725454341591	0.0119231444989421	0.000649249924802862
0.00122469446082113	0.0446313083549991	0.0754740439155108	0.824530597425335	0.0237855339988094	0.00174703720689316	0.0188910147738472	0.000382536801150083	0.00933323306263445
0.0259014837603292	0.028610387320976	0.0741905875033885	0.836867438939532	0.0167557587521337	0.00342556610553977	0.0125257459808373	0.00135361541780474	0.000369416219458872
0.0213259824152204	0.00825238885000058	0.0835420286927258	0.795275246441982	0.0292018006658682	0.0239534262644525	0.0199430492902665	0.0139076074264164	0.00459846995306741
5.55810992819585e-05	0.000928996517318339	0.0710294528345262	0.825895300454305	0.0447700774755015	0.0153942378286986	0.0139487121462542	0.0278302558678095	0.000147385776304998
0.0130072273467837	0.0152144932491891	0.0712807777173936	0.826558380682699	0.0332614415013029	0.0148499716177646	0.0164470696165475	0.0027985856346372	0.00658205263368228
0.00107971666030164	0.0221900876577818	0.069935390570485	0.820869564168103	0.0338229271339987	0.00253433992759448	0.0162756448616183	0.0135107832271661	0.0197815457929513
0.00272506229497962	0.0169143513630696	0.0768772050530004	0.856143521670993	0.0167764759651704	0.00475848861264247	0.00944591925929081	0.000744499300331075	0.0156144764805225
0.00521894523696911	0.0209381538410846	0.0697557530152186	0.829238043950734	0.028145360327068	0.0252331043279082	0.0133959490195609	0.00179348941069007	0.00628120087076652
0.00994446714118077	0.00714675225773658	0.0833085227081807	0.832307209479973	0.029048133950229	0.0224491377354683	0.0127336632527613	0.00116498285695747	0.00189713061751237
0.000310503572519436	0.000365262784493803	0.0848926456766771	0.827957570644633	0.0277269782759744	0.0391446721774171	0.014844186052273	0.000545635084010834	0.00421254573200142
0.0118928916094135	0.0148633413375164	0.083090748636408	0.820419180199492	0.0332247179391098	0.0137066062965529	0.0110533560550924	0.00947407496345168	0.00227508296296296
0.0053611202481263	0.00314945909835813	0.075643000648618	0.841397387678881	0.0245961732596213	0.0296534368017052	0.0135216193280842	0.00373934177484368	0.00293846116176274
0.00265491823974573	0.0013722444898057	0.103081855652537	0.807690870736776	0.0316830657085411	0.00960131819813505	0.0135639841966252	0.0296540725133855	0.000697670264448035
0.000203962731354291	0.011042123636048	0.0661580835759975	0.832662410123112	0.0224766819022654	0.0416669509479096	0.0122203048185848	0.0110890686712522	0.00248041359347648
0.00236810654243207	0.0148920251721167	0.0714642134861432	0.834292203281421	0.0308651394437362	0.0266833537545439	0.0170244532771363	0.000865409851074425	0.00154509519139595
0.0151336062222525	0.0124610419380443	0.0754274261949377	0.820208975484316	0.0310308392855263	0.0223187626848791	0.0115412220102083	0.00898668644744987	0.00289143973238619
0.0560918765799344	0.0204987308385534	0.128343324125871	0.653109401252256	0.0275409078145729	0.000515109512013948	0.0367363912859098	0.064783509567606	0.0123807490232826
9.74264234189186e-05	0.0265839747868214	0.0846927562417959	0.849847012376573	0.00977615920232382	0.00378447802971692	0.0124452120213404	0.00758135689660091	0.00519162402140875
0.0186927743232739	0.0261273750989919	0.0680937151267073	0.835737733083968	0.0288157886030274	0.00138842257791702	0.0161999550214938	0.0039642732754549	0.00097996288916578
0.00579494870138791	0.0247836980356468	0.0728052714872713	0.81920895283767	0.042152021813552	0.0136636932937624	0.0137145616127352	0.00598784684146126	0.00188900537651292
9.97575876382661e-05	0.00133408309930416	0.0820617605450924	0.808915798674146	0.0531165265944789	0.0334709611223275	0.0153486893021441	0.00481370946264584	0.000838713612222622
0.000305482850757413	0.0062056774952411	0.0701177845834716	0.844180160104459	0.0197596203986464	0.0265630208529637	0.0151531310121672	0.0077882830319048	0.00992683967038846
