Bcells	CentralVeinEndothelialcells	Cholangiocytes	Hepatocytes	Kupffercells	LSECs	Mesothelialcells	PortalVeinEndothelialcells	Tcells
0.00535842688797831	0.000812660502942157	0.0578274192153223	0.823940657385983	0.0368769253643582	0.0476082207957298	9.70521797336471e-05	0.000551947302427519	0.026926690365525
0.00269519835785053	0.0111107744284075	0.0454119584014365	0.818195415057333	0.0344701739904444	0.0244298717930706	2.84768827869704e-05	0.00283656793192472	0.060821563156746
0.00171382884326579	0.000644099994497012	0.0722535284338308	0.845147731160706	0.0353227525529739	0.00353947603900552	0.000437939150098512	0.027059368280632	0.0138812755449901
0.000691035790831058	0.00122758536258399	0.057734528223985	0.838437513841581	0.0336293026941408	0.0197512066700474	5.4942360913135e-05	0.00727219284732876	0.0412016922085887
0.000297825027543971	0.0028730814724338	0.0437840084383242	0.817437746110282	0.0485942742398323	0.0132196420845748	0.0017880161969269	0.0256031199310874	0.0464022864989946
0.00161869897115419	0.015361099822617	0.046547964464698	0.792328398758571	0.0242457256005035	0.0322494723254675	0.00252920174783745	0.00469777955249552	0.0804216587566561
0.00113289388496759	0.0138256804570743	0.042475891383408	0.849986648412251	0.0242610580124693	0.0108180692807741	0.000689863279239807	0.00205480668757228	0.0547550886022434
0.00470278880583893	0.0040643600049433	0.054102033341675	0.828261950489247	0.0182378721870946	0.0120396809788005	0.00297631575576656	0.0190247406981521	0.0565902577384822
0.000374643467027795	0.0131086203827069	0.0439974153978101	0.835695218878946	0.0411024944982828	0.011444095879938	0.000779353672324565	0.0159435940750575	0.0375545637479065
0.00175338264714781	0.0042225880466212	0.0459232655078471	0.851001723546056	0.0259652078717024	0.0205171439439346	0.00120022512210488	0.0106528528973655	0.0387636104172201
0.0143392740633034	0.0157404437883305	0.0875326558224475	0.811514726792293	0.0175796025774543	0.0015584365048529	0.0107779742573168	0.0369704800101038	0.00398640618389785
0.0463913494355635	0.0482709273229702	0.0564281002117686	0.78109481744953	0.0153928853972795	0.0121842221517425	0.00171147375295839	0.00216728534220086	0.0363589389359867
0.020923266589644	0.00959700284976588	0.0417714284584516	0.765634421021975	0.0406860850196588	0.0279266993870483	0.00274264942200914	0.00802528662378839	0.0826931606276588
0.0316722541162716	0.0042521635459409	0.0543826826595568	0.817130853753776	0.0321650496622822	0.0163237616943537	0.000820340469007013	0.0112427027842969	0.0320101913145149
0.0186506863056406	0.00295122512741809	0.0528093242199195	0.804169066599544	0.0180583113229166	0.0316125549082571	0.000353736169676553	0.0110224316017124	0.0603726637449145
0.00150576577460476	0.0148275943479067	0.0500281962266918	0.831979091640886	0.0225288678000563	0.0178100696491687	0.00115778600296113	0.00947327942681983	0.0506893491309043
0.00610378506781531	0.00193129649340643	0.0676505599698301	0.851682928704019	0.010921280580623	0.0150950274055062	8.42074852962035e-05	0.00731860093330146	0.039212313360202
0.00152161853075929	0.0225146196774253	0.0480488848256081	0.842377526390315	0.0312513016176307	0.00655555948007206	0.00171168906810501	0.00758270129360997	0.0384360991164745
0.0276681471015911	0.0171364333681505	0.0505002295739096	0.824835851277343	0.0368820963015156	0.013305942465255	0.000984568430557493	0.00611523605850917	0.0225714954231686
0.0110431683738007	0.00818947296087555	0.0472322259714484	0.82408947714953	0.0303501611805845	0.0283314958798307	0.00024009669210229	0.000472188105311487	0.0500517136865166
0.00555714050249901	0.00050322458101673	0.0648612764910434	0.818358278087909	0.0245408723354076	0.0498787767722649	0.000227859951931101	0.00142608886632442	0.034646482411604
0.000350511143095549	0.00662166583305771	0.0485940703274881	0.798087841900694	0.0357173449671255	0.0109964043437905	0.000201863585699732	0.0188891172858326	0.080541180613216
0.00164594209504696	0.00179934437073974	0.0604994253750399	0.842362413948248	0.0373661435220663	0.0282957189290205	0.00294784166369187	0.0137308407503891	0.0113523293457575
0.00112033939714951	0.00775175505463099	0.0508140132985803	0.82490124279427	0.0323732920516222	0.023666485877557	1.01055716732084e-05	0.0162570670511952	0.0431056989033215
0.000488706444891359	0.0241464838907648	0.0496507633394738	0.807004801021038	0.0221273410910522	0.0411533394887172	0.000672873994838561	0.00146782730184495	0.0532878634273794
0.00105563313817642	0.0276925184281729	0.0523584065142532	0.839938116003838	0.0202505106426836	0.0149875232916643	0.000660015406586799	0.0014668949455367	0.041590381629088
0.01011965754937	0.0030895637620749	0.0478803701505901	0.802599051384665	0.0122559110493997	0.034546581566259	0.000441113244874292	0.000624462632892961	0.0884432886598738
0.00574846941598026	0.0188611203245394	0.0549543865231434	0.84697485675364	0.0170011158428024	0.0098016279244598	0.00053721557650144	0.0105796719825338	0.0355415356563992
0.00327373402867062	0.0056629272668032	0.0429953635557485	0.843078067516333	0.0301320207450687	0.0161778945215143	0.000733827506428866	0.012308216300356	0.0456379485590771
0.0160891057440026	0.0163730251388516	0.0421714841215117	0.821313413199744	0.0206851970986053	0.0228618720717093	0.000109410754605082	0.000990159532226297	0.0594063323387437
0.000344446209207445	0.0112944969385332	0.042316379433487	0.83705684580835	0.0175493936865943	0.0209473997119036	9.94240618773406e-06	0.00599637213341115	0.0644847236723256
0.000515935900167945	0.0202430683210657	0.0531606554218085	0.826374730933298	0.013017613077503	0.0433413976095533	0.00127248837570081	0.00138816705064748	0.040685943310255
0.00277943577742616	0.00616085908977861	0.0506134484976273	0.850433561390987	0.0248950815651565	0.0259862151582094	0.000734908193193308	0.00639905840530432	0.0319974319223177
0.000293722313417122	0.00394813135204492	0.0714588714486072	0.827560979652442	0.0332856056938077	0.0388667490717488	0.000168028979710457	0.00277179579824012	0.0216461156899819
0.0154607568644753	0.0065510656642008	0.0445443465353056	0.815089460111696	0.0207519143511541	0.0238963668629547	0.000570242805826916	0.00272115158762419	0.0704146952167624
0.000225433451510814	0.0077493081168323	0.0510673630409515	0.853416151516061	0.0266267460305015	0.0292737752559216	0.000426372510375483	0.00188516693620222	0.0293296831416435
0.000736230196335488	0.0231724749269376	0.0445930535606188	0.821298526401215	0.0130142435146225	0.00488398794598105	0.0019482900995334	0.00304645705567731	0.0873067362990785
0.00210583727692719	0.00364008147168192	0.0658969805013594	0.845593651363044	0.021301346648193	0.0136103723311193	0.00136045260663144	0.0147073547556004	0.0317839230454429
0.00794394650481799	0.00548791910377699	0.0511812807029958	0.841411055680683	0.0319931179569913	0.0253173863381634	0.000797532649016229	0.0116240057472824	0.0242437553162735
0.0671710975860409	0.0229761921815346	0.0973231335664624	0.707005070186777	0.0293461460594134	0.000662921816886644	0.0210582557311319	0.0194619245136685	0.0349952583580844
0.00693414148054512	0.023993277657593	0.0457947047447929	0.847038511483963	0.0238853698242374	0.0228970600747867	0.000447443104958749	0.0002380403181203	0.0287714513110033
0.00245071042109657	0.00600374143751125	0.0534914477665741	0.865678485479873	0.0183810651683349	0.0307011378249982	0.000601762695973769	0.0036027724752543	0.019088876730384
0.000158851995010314	0.00644563501500448	0.0468098796329218	0.86562413368669	0.0104157768984422	0.0347282540965623	1.83196631058764e-05	0.00182445173409812	0.033974697278165
0.00390270700267246	0.0219364753935317	0.0567540584229954	0.832833853688353	0.0178777219797599	0.00505233235321196	0.000824581440447878	0.00331152345726489	0.0575067462617627
0.0004164968687962	0.0259931637401087	0.0509098467471972	0.825485884962172	0.0173040578671679	0.00143558309198796	0.000834088501856813	0.00541489666931196	0.072205981551401
0.0399292617180831	0.0127632426032718	0.105432841599793	0.733759611456058	0.0314112586786341	0.000850714808986427	0.00962905557264342	0.0635881649383946	0.00263584862413642
0.00819063822088875	0.0299669085609117	0.0360699764516898	0.785364210174156	0.0347421221223722	0.0234348009578655	0.00172850553185527	0.00364955091009765	0.0768532870701636
0.00241671647195889	0.0019339956446206	0.0590148551878285	0.844287246915424	0.0216030496222175	0.0248026730322702	0.0011279998495948	0.00558609899944865	0.0392273642766373
0.0027767610765919	0.0244761148712308	0.0540516544290659	0.850346338149088	0.0154975001731106	0.0130239079382195	0.0012639048734759	0.00095097787076303	0.0376128406184546
0.0129270621838001	0.00112941639970335	0.0775108778074863	0.813377427285513	0.0174922994443449	0.0136653534149827	0.00770067771287438	0.0426526681496559	0.013544217601639
0.0217230206349681	0.00338092764229961	0.0448576396574815	0.797466297404081	0.0283540997148259	0.0365040826526868	0.000288699648230858	0.000474386535192829	0.0669508461102339
0.00248166727257904	0.000973833354835525	0.0461170953145072	0.828855495588463	0.0223269164472362	0.036629571920133	0.000603977371467369	0.0184206095160858	0.0435908332146923
0.00924558386680758	0.0186693243226342	0.0462632550653999	0.818356061396283	0.0145705335522098	0.0210743276519646	0.000358100541238837	0.00233195458491274	0.0691308590185493
0.001956962064437	0.0197459554122046	0.046597639245792	0.824457949690792	0.0158793221031996	0.0141071790830291	0.00023769494403784	0.00221583358114993	0.0748014638753576
0.0495021416128286	0.0276166652690975	0.0951503203865376	0.693378498631912	0.0303083920737802	0.000935868600540262	0.0264472946885007	0.0602241135283355	0.0164367052084675
0.00614017318334186	0.00105821959658093	0.0742218816256979	0.789943990023368	0.0242807513335164	0.00818496121486922	0.00355156250007688	0.0196256475477041	0.072992812974845
0.00235637147309709	0.00169763108758567	0.0446844769017702	0.815036529699527	0.0352859528623555	0.0128260277981576	0.000778710026517895	0.0174449493998592	0.0698893507511298
0.000969224867824438	0.00295317137146297	0.0432326750180288	0.823182134779556	0.0263908264918533	0.0478584790150354	0.000100223725610248	0.00439787736662717	0.0509153873640013
0.000450787618914245	0.00269108397317296	0.0506308106244916	0.816838971536962	0.0281641099942679	0.0191182902757362	0.00145485116961779	0.014669835170726	0.0659812596361112
0.0084308017009638	0.00751681391082776	0.0440678275630595	0.825370402442737	0.0251792364293056	0.0600532320425902	5.12656411170434e-05	0.000509406488920201	0.0288210137804789
0.00452562417933101	0.00268061438366761	0.0695648891222805	0.802044557293555	0.0355961050477878	0.0335803748297004	0.000287520244960033	0.00223328260057214	0.0494870322981461
0.000593229255615318	0.000847706686156271	0.0583444870016606	0.839309377244894	0.0290281333894722	0.0244142094523689	0.000394815273501257	0.00125940304062269	0.045808638655709
0.00015439053981073	0.000360550161365758	0.0550032769904888	0.841718858584227	0.0203121860444175	0.00133708528284947	0.000676437675882933	0.0523023634131304	0.0281348513078272
0.000201016640226761	0.0606681300402692	0.0519820271260234	0.794054928651355	0.0147600418107286	0.00301738666047174	0.000610292013988932	0.0151271453669968	0.0595790316899402
0.00177134482622901	0.0296230709058418	0.0473717585528059	0.790230050366111	0.027163061163778	0.00936042985823874	0.00101669920050989	0.00527541616603437	0.0881881689604514
0.00934928500508307	0.0126021499840594	0.0395380587759599	0.813338750255901	0.0110057917517416	0.0256591753328695	0.000521477637482325	0.000936131937240809	0.0870491793196625
0.00705343993022494	0.0188882836721698	0.0527316360696757	0.824193692707274	0.0235591810922592	0.0308466094015213	8.37493858121845e-05	0.000313081607224933	0.0423303261338376
0.000938493224299387	0.00267333170442164	0.0640526662531674	0.838706482522139	0.021828863762653	0.0418638647123069	0.000528444546938133	0.00210556772204292	0.0273022855520321
0.000290592052752528	0.0145000386537093	0.0535542968770562	0.830263760381404	0.0348183232849331	0.0205461046891467	0.0038938633516122	0.00147535009978077	0.0406576706096048
0.00198423245878406	0.00701799805342343	0.048772044150473	0.818243980368017	0.0179116333544007	0.0224631774177428	0.000334848603590045	0.00148521727939835	0.0817868683141706
0.00105974298113417	0.0373851179345781	0.0417576225642751	0.806788140402397	0.0148570634014212	0.0351321532909956	0.00186346446879355	0.000205614227230286	0.0609510807291749
0.000323207927625586	0.0210917557454542	0.0383508924138601	0.828579755937244	0.0199171866615344	0.00544093949079773	0.000369841068812405	0.00396794132718931	0.0819584794274822
0.00685242230248003	0.00111220228053766	0.0431499660163539	0.808925517277098	0.0456345695193776	0.0178928676954104	0.00165468343669936	0.00983434681796694	0.0649434246540767
0.000479036696330709	0.0126487741211791	0.0517204614807553	0.810310983306311	0.0279658036403774	0.00430198752035432	0.00127587892196834	0.0114351805850788	0.079861893727645
0.00950452757852562	0.00411636847068857	0.0704428374917669	0.820801577523665	0.0498224652484569	0.0178826718405099	0.000631426246508633	0.0146351008900767	0.012163024709802
0.000908296306603534	0.0152560452147222	0.0405520353974512	0.827940294126442	0.0184600834870216	0.0165778896162878	0.000465828713884167	0.0037537034022068	0.0760858237353806
0.0271207374578855	0.00253294010903559	0.0452868342561571	0.796366484304505	0.0340619516666014	0.0176646629285155	0.00101777430572453	0.00936703042119199	0.066581584550383
0.0214540368562773	0.00158142220101027	0.0479029672434793	0.828102581097478	0.0318176398229793	0.0221987955088178	0.000304695010694067	0.00929332867388811	0.0373445335853762
0.0334777685141461	0.0218189330293342	0.0536329115883609	0.829691470430678	0.0302935046861943	0.0170068789989524	0.000328002411876039	0.00138139054377013	0.0123691397966879
0.00147655411637267	0.0236267258291411	0.055770776388983	0.812861390501064	0.023776799397472	0.0205427660394619	0.000247197711941964	0.0022180861301798	0.0594797038853836
0.00751536109341	0.00728708931142342	0.0424431241174198	0.823588082422543	0.0224762232444804	0.0336135291039481	1.20275849277552e-05	0.00112101129616075	0.0619435518256871
0.000539370409076251	0.000643700793539506	0.059902510408495	0.827225474258526	0.0346330773913318	0.0478447494580164	0.00273436444406513	0.0042172525982829	0.0222595002386675
0.000258581165214083	0.00104386450220315	0.0587702918610404	0.856126423902254	0.0235611305911939	0.0279571194165532	6.04998575467595e-06	0.00743048933169455	0.0248460492440916
0.000678750563682846	0.00942630381895638	0.055631160850582	0.845779965138417	0.016135843432809	0.014304923903255	0.00155325829367517	0.0116923270776723	0.0447974669209501
0.00653677050687708	0.0323672893260483	0.0385401497031212	0.798090140241014	0.0177739799100804	0.0179810225683693	0.000229130916260203	0.00189863102240585	0.0865828858058235
0.00226187202836399	0.0260469881968676	0.0516598514114797	0.793111172395511	0.0388978627834973	0.00574609206847299	0.000402456379113104	0.000336495003655675	0.0815372097330392
0.00880782961153327	0.000327170081348404	0.0506859105263355	0.771817510255144	0.0445334599254154	0.0275234234424412	0.00018115057951705	0.00849797171947203	0.0876255738587935
0.0137662946125192	0.0377573028499343	0.0635322171914673	0.797249293680748	0.0218617915662392	0.00367494814621154	0.00579685253833826	0.0311924929525832	0.0251688064619592
0.00247997364992605	0.0155252779551671	0.0410197860675297	0.806892095077336	0.0201759452670289	0.0367389824052885	0.00120736564096228	0.000718975339526103	0.075241598597235
0.00165172635358579	0.0301050852381615	0.057990600829373	0.852079200386141	0.00481131419072618	0.00737781996600109	2.6090673407897e-05	0.0021640834982604	0.043794078864343
0.000813000400855396	0.00664581180283576	0.0488822337643759	0.815117489945548	0.0152933598468599	0.0231749753415979	0.000114118764704178	0.00894880564820275	0.0810102044850202
0.0228117179342059	0.00132270839961171	0.039386733586711	0.770592494756149	0.0286056587349368	0.0419045602869411	1.37169929788053e-05	0.00278557440097225	0.0925768349074937
0.0288073328305437	0.000543855838599509	0.0516763698840355	0.823634003663693	0.0328533182745228	0.0226003102682623	8.21765050381854e-05	0.0175637000709881	0.0222389326643169
0.0205313960178898	0.0175172577894507	0.0521071202914258	0.841650294336186	0.0343187467465095	0.0198542693832519	5.34052036360701e-05	0.00122571426836627	0.0127417959632842
0.00858697060992105	0.00731990552158588	0.063802217246321	0.825675069727354	0.020516916346227	0.0173711644703933	0.000529971689289417	0.0156869147549601	0.0405108696339484
0.000349728107230432	0.021578251224807	0.0409299984710113	0.823759612021991	0.0277789463608917	0.0146491562372395	0.000235080907117057	0.00148215550465373	0.0692370711650587
0.00058028226890964	0.000996390447396344	0.0548882274960544	0.870025240594221	0.0265386540282821	0.0194464942827659	6.04796777154601e-05	0.00325343108083503	0.0242108001238206
0.00757694969574079	0.00357068289550641	0.0492174147202203	0.847148439843464	0.0346259118244255	0.0277273301054294	0.00215038714339014	0.00307554466419933	0.0249073391076246
0.00038189334968655	0.0395252793190999	0.0519984197891426	0.846758744953648	0.0131223299680265	0.00371491232527614	0.00163257679404417	0.0114701739121367	0.0313956695889391
0.0130040554091379	0.00782294077661591	0.0418370769250216	0.800353593663524	0.0302415604374682	0.0446668861146805	0.000330143946216871	0.00103980038274467	0.0607039423445902
0.0061189710070754	0.00075605832266681	0.0702397812612418	0.856174923558961	0.0234469781000366	0.0180480845893467	0.000276038513818465	0.0217466332535607	0.00319253139329262
0.00127097556302977	0.0235206751919543	0.0528083112225645	0.816161472166993	0.0135049447608736	0.0161927013337999	0.00150344443167516	0.000520609218180966	0.0745168661109287
0.00354055610351337	0.016542989916475	0.0474228142393116	0.806654998634444	0.0348026785431641	0.0061857632905115	0.0012418947741351	0.000808099387357739	0.0828002051110878
0.00225062317980423	0.0147138172290616	0.046802646395742	0.832548431717882	0.0163685700547621	0.0514317992774303	0.00188364883718526	0.00364357627974071	0.0303568870283917
0.00627514790758461	0.000777857669811335	0.0574798753350381	0.841183410126213	0.0189921101481771	0.057504248268483	3.04052862179338e-05	0.000276901037042737	0.0174800442214323
0.000416008995215713	0.0214278227413709	0.0480041508681573	0.814100035447067	0.0122721117588298	0.0281951176681614	0.000607386819011743	0.00612106296135272	0.0688563027408333
0.00692438714223742	0.00527404958910945	0.0457053656607838	0.844536581731966	0.0274749924699331	0.0156995797304224	3.28828111662257e-05	0.010515340794113	0.0438368200702683
0.00717902806577699	0.00114323090654976	0.0467746989879616	0.841305026114884	0.0340612477748844	0.0171036549097904	0.000391159699806013	0.00528539461588259	0.046756558924464
0.000820231201153652	0.0133118768091985	0.0376591910019285	0.844500855815635	0.0266846150809833	0.026397241985467	0.000136035061873558	0.00380374554797844	0.0466862074957816
0.0232937111348485	0.0146547999435764	0.0522940460597788	0.83637585152119	0.0124349196602174	0.0123046124613263	0.000195352571004826	0.00618890385355947	0.0422578027944982
0.000863470768132799	0.00627368688278335	0.0515140298184649	0.83404357505664	0.0450099233095824	0.00986210429126901	0.00132819077052032	0.0195119760490557	0.0315930430535515
0.000255549827638811	0.00236288566712476	0.0420587390722508	0.831402432663061	0.0331280985797664	0.0381088829829107	0.00144930074222209	0.00343419645811121	0.0477999140069147
0.00406925088585201	0.00102902902738106	0.0511893172628727	0.810664657706277	0.0318866727098906	0.0268680325675605	0.00169099766907992	0.0207152873404866	0.0518867548305999
0.00158661225530863	0.0238947584301331	0.0492668706823824	0.841712529049482	0.0206148387840444	0.0401215073188774	0.00212833390633703	0.00442411646219103	0.0162504331112443
0.0139216136299458	0.00213897602883498	0.0647800303734534	0.821420284002115	0.0451617811200156	0.0113561998945373	0.000377259323236373	0.0300280204098015	0.0108158352180606
0.000166009503214607	0.0280017291281695	0.0479244666814969	0.819083098654139	0.0298053463366967	0.00497414911862312	0.000394354065264527	0.00997760863264727	0.0596732378797485
0.000190196670443167	0.0360589810293065	0.0638082765892761	0.7877870059323	0.0172625691657162	0.0204307700706873	0.00241552448999852	0.00641312620636919	0.0656335498459035
0.0132733418914407	0.0245876720031994	0.0549247400442133	0.843102463274797	0.0152844863408326	0.0124184348865164	0.000500224802899718	0.00153256295101702	0.034376073805084
0.000722269103562088	0.0143880952561266	0.0551985351518093	0.839785082459741	0.032338764848312	0.0216014010527382	0.0032698049360651	0.0151445492034805	0.0175514979881653
0.00547969264324317	0.0415645995490462	0.0520829154085165	0.818333844814976	0.0197450005146853	0.00328216850631043	0.0010141522493281	0.0122870114216168	0.046210614892277
0.000378025175682719	0.000495838457737998	0.0578593160540763	0.831063135240506	0.0186977246325646	0.0244166995973985	0.000274966365813231	0.0123624853961632	0.0544518090800577
0.00421966192661376	0.00848668393714025	0.0486548089459445	0.836228657296224	0.0309060723784297	0.0175289124809815	0.000462718970842206	0.00455787011922869	0.0489546139445953
0.0160790647269445	0.0167709828884911	0.0573470116945525	0.842327524555488	0.0264699961941741	0.0142843735750733	0.00180348770068252	0.00639476347380944	0.0185227951907849
0.00530997151298706	0.0014559508073161	0.0531539417141831	0.828488438886491	0.0174842657258997	0.0277411304967029	2.953635005287e-05	0.0138080984334491	0.0525286660729177
0.00076238129988382	0.00124173371586682	0.0433804666367267	0.834054584946267	0.0178873768198786	0.0309020117481611	0.00144183341837987	0.00179965567843318	0.0685299557364027
0.00117783442687549	0.00619790258272728	0.0476007545252413	0.83943822919544	0.021595067613286	0.0191668716553642	0.000759780350335365	0.00514257385373281	0.0589209857969978
0.00164550440545591	0.0154059560581068	0.0502804286216192	0.825726493758071	0.0342950619370771	0.0133748965708399	5.30257382195747e-05	0.00113216542858915	0.0580864674820208
0.000662725739433711	0.00164181413991181	0.0544985841218514	0.797870324643517	0.0366736176216699	0.029878176818172	0.000243916897453348	0.0142323050016137	0.0642985350163768
0.00146546155275387	0.00561675855854909	0.0496653705581704	0.800476954041621	0.0382463765894838	0.00871931412639258	0.00150024337538081	0.0156621639601609	0.0786473572374879
0.00473451799955348	0.00616085551871541	0.0560095539049656	0.815021110624498	0.0429723150239352	0.0424174323542455	0.000230715230171263	0.005470821477144	0.0269826778667719
0.000751818727732275	0.0141642819816729	0.056001295625299	0.79848987708347	0.0347260721942085	0.0320056350376339	0.000470695585671753	0.00123291007658695	0.0621574136877245
0.000210441525564264	0.00915639711140955	0.0585860397617066	0.810626329204805	0.0316300280675489	0.0210088707674305	1.28576592824196e-05	0.000301240870005167	0.0684677950322475
0.000497940234522423	0.00535062008743305	0.0600760681756157	0.80833116396935	0.0270921929956472	0.00934011893542992	1.0206797482963e-05	0.0193348280264877	0.0699668607780309
0.0045647649932778	0.00628737309591305	0.0580361775456348	0.834503259998157	0.0249605905594272	0.00636463409082198	0.000335078071700783	0.0296089052716325	0.0353392163734344
0.000843365731551037	0.00297893224014461	0.0427738948715202	0.826285634974395	0.0187497332059145	0.027780248746561	0.000124230078981168	0.00719642197892449	0.0732675381720078
0.028141052054239	0.00205623665362026	0.0425040853005616	0.798055605459581	0.0472459499766853	0.0293537983167393	0.000169995682442806	0.00948177984306033	0.0429914967130705
0.00029577829725908	0.0397134053891596	0.0510477690967429	0.849097830125888	0.0104458975230785	0.0219587071041915	6.67300575284758e-05	0.000317601922299922	0.0270562804838515
0.00953012897802732	0.0255027195289352	0.0503034975871355	0.811581635331342	0.0275477973867465	0.0118711344280054	0.00414292755965239	0.0125852651223106	0.0469348940778447
0.0156472856731398	0.0183248560927456	0.0619741301640676	0.830360839590766	0.0284420161659533	0.0255439007775123	0.000668010278473375	0.00139970289423858	0.0176392583631032
0.0155175853644946	0.00162182642919167	0.043745950954719	0.812512718458892	0.018291206402473	0.0464171376802569	0.000710151450890998	0.000797882800231264	0.0603855404588504
0.000479511111163212	0.000347543553845406	0.0566317389286311	0.842282397657166	0.012750259280584	0.0273533252483256	6.50031022034687e-06	0.00833891704068662	0.0518098068693781
0.0061733524125667	0.015707406816107	0.0561311173564783	0.82639171364894	0.0254950385304193	0.029765904769626	0.00232830994931439	0.00217872575408668	0.0358284307624614
0.000516154635539986	0.00139997759552084	0.0535802474096593	0.860647849975932	0.0298274505012601	0.0108992776892573	0.000765200640830859	0.0264129783684134	0.0159508631835861
0.000965090852883224	0.00176891811303858	0.0517019471783076	0.805923220235303	0.0421289377721222	0.0103147702582195	1.06896912013658e-05	0.0216471007282199	0.065539325170704
0.000219574661137227	0.0380860688347084	0.0371859312598354	0.808127340747557	0.0291087948314864	0.00605633982180779	0.000915807612667247	0.000938051166581187	0.0793620910642194
0.0354662375277242	0.067608794433898	0.0571097043711512	0.735133837735495	0.0245677851700861	0.000598354903233623	0.0266322499621181	0.0427551018648639	0.0101279340314297
0.00757360601517657	0.0181750813304291	0.0489529685061134	0.829194453059158	0.0395755561225987	0.00289220358443144	0.000274756749968778	0.0204852489600242	0.0328761256720998
0.000449615897391614	0.000411974884700667	0.0575128858185418	0.837336925288923	0.0263619448263622	0.024919829465505	4.5944403718769e-05	0.00547509232920291	0.047485787085654
0.000540909429030375	0.000641975548571815	0.0468486399229711	0.832360083091555	0.0483063560734705	0.00853774182892649	0.000446296542923226	0.0377164863689366	0.0246015111936152
0.000288928250105146	0.0045187296899045	0.0459820787229092	0.847413542809943	0.0127329442193365	0.0397591314343851	0.000837473308364862	0.00747432958569394	0.0409928419793579
0.000492040003995448	0.00597408374128748	0.0383522303482331	0.81563902121416	0.0202371519775402	0.0412042088009165	4.77227045410006e-05	0.000433925341185922	0.0776196158681406
0.000432555752521087	0.00101328464517248	0.0513886609007486	0.830798668268521	0.0294910839739614	0.0289256966446871	1.49112582248265e-05	0.00390320437780847	0.0540319341783551
0.00109213770730936	0.00198061288488694	0.0510395484728537	0.830412338941062	0.0209327944130377	0.02937498725303	0.000921496939674607	0.00337752238108618	0.0608685610070595
0.00112859456506318	0.0104962645217018	0.0455269370062278	0.802418841903426	0.0272533002172658	0.0387280887895324	6.62583295695024e-06	0.000598370263599278	0.0738429769002269
0.000241489037862394	0.00018186124715834	0.0543638882997396	0.827809929391507	0.0330733435774876	0.023936214482081	7.06657920093233e-06	0.000829980329831106	0.0595562270551313
0.0169111602993962	0.000462927227633524	0.0476745292182336	0.831912560826355	0.0332220945296064	0.0449093062924136	0.000507741868042856	0.000383518939974197	0.0240161607983449
0.0037788100634046	0.000419877409974289	0.047252272625423	0.82813371099908	0.0276390024993169	0.0156112533232408	0.000115623854131546	0.0176577601426809	0.0593916890827482
0.00041881882203721	0.0117925816970101	0.0480168551306093	0.844203200073705	0.026623326629016	0.0286288126032981	0.000356516915030275	0.00499852201392454	0.0349613661153695
0.0174340991272604	0.0723615600992155	0.0581246874158897	0.762176889197724	0.0223560340740709	0.0123957713590394	0.00907651306361498	0.00474379512748792	0.0413306505356975
0.000360285487137537	0.022200846175937	0.0402111133542541	0.801410318303817	0.0153645322540114	0.0195953077595492	0.000733476368268055	0.000596004875883702	0.0995281154211416
0.00161965101421233	0.00126970928295579	0.0435855325812005	0.798616354255304	0.0259405852802871	0.0311615159414373	0.00026215352300081	0.01269962553179	0.0848448725898116
0.000499757297862318	0.0104285461298126	0.0587123202526639	0.809592833002234	0.0526370158404431	0.00791805936277482	3.72733437927931e-05	0.0265981586539564	0.0335760361164603
0.0196467300942787	0.00188893502174439	0.0498957177605998	0.832912320100407	0.0299493677677744	0.0385082099002844	0.000745210893728614	0.000341097919610267	0.0261124105415719
0.0164292935206493	0.0513751076804619	0.0564393612079258	0.796991352806231	0.0357924689691282	0.00122081472196418	0.00823260069711982	0.00935594098692986	0.0241630594095902
0.000478512316629634	0.00713170148103576	0.0456365155157584	0.834930661522082	0.0184074612714254	0.0213520014218344	0.000240982569783961	0.00409686098913168	0.0677253029123184
0.0052765561768534	0.0138259370443284	0.0489094024132394	0.822553599784671	0.0219471404473571	0.0125722016645633	0.00201389860206965	0.0267247273367275	0.0461765365301898
0.000602479563342598	0.00109646792252545	0.0623220907931229	0.8329322448124	0.0339019887056208	0.0261800921431093	0.000181329105499047	0.00844759818451091	0.0343357087698694
0.0249345801213397	0.00223272507251277	0.0524975370813075	0.830285449034997	0.0282664909145494	0.00727975430790277	0.000289466559386266	0.0264372516101478	0.0277767452978567
0.0117771677710061	0.0048613805291277	0.0624932024904205	0.834061721929771	0.0298676023963762	0.0148373332339954	0.00173101878753585	0.0105700975379831	0.0298004753237842
0.00185432212741415	0.0135142485836594	0.0445903580999672	0.853603437669801	0.0262406436605306	0.0315413545345198	7.81767754327391e-05	0.00565529799115551	0.0229221605575197
0.00177411506174767	0.0247664520410277	0.0497545245629361	0.816653807441165	0.0168692856292822	0.0071471287315679	0.00014585318639609	0.00463334971599232	0.0782554836298852
0.000404029068711373	0.00303878654585629	0.0477779902047071	0.794186875913754	0.0604209794878058	0.0271330545172974	2.48732491638294e-05	0.00434031676039727	0.0626730942523066
0.000453424604492823	0.00786326667037548	0.0467235431683459	0.80544139932123	0.0312223229560087	0.0268484159912598	0.00218070435634009	0.00137472140680935	0.0778922015251372
0.00186632437516485	0.00188130659996192	0.044683170045482	0.817802026758287	0.0176885010655386	0.0145875227530607	1.01751709382459e-05	0.0100510573678414	0.0914299158637256
0.00428211658129049	0.000741820031498265	0.057026613683108	0.842450495517491	0.0283444575894331	0.020167674308686	0.000380743929745986	0.0242629420540421	0.0223431363047058
0.000256408926366846	0.0171520337097066	0.0670521119853559	0.825184305235975	0.0438370733603187	0.00885301717769664	0.000622560880331577	0.0186250193825057	0.0184174693417427
0.000233377986497674	0.0388363152870779	0.0552847766507974	0.856918884160816	0.0222421963392662	0.0020197669367949	1.6743721778387e-05	0.000529218567070407	0.0239187203499009
0.0138024395137316	0.000881070156420415	0.0393212116184912	0.837312907957588	0.0275936813661356	0.0108914097772548	7.14734214534983e-05	0.00911140633458922	0.0610143998543355
0.00482450404110566	0.00224362172838168	0.0558864819966082	0.833706131530763	0.0236626811044299	0.0269537832193972	9.15417817956464e-06	0.0021517525655142	0.0505618896356201
0.00384303055497318	0.0194466340665386	0.038180839160213	0.81317022956177	0.0253669603158823	0.0165050745102096	0.00141803242386883	0.00120666309011898	0.0808625363164249
0.000570392078928763	0.000794281835730832	0.0501096984787973	0.857642732817628	0.0364464698687617	0.0253327797816662	0.00114692034097315	0.017959745725988	0.00999697907152601
0.0147947539932192	0.00119088391664634	0.0460991512575921	0.806441088453516	0.0282123073744657	0.0400800955266941	0.00122966131848016	0.00849456109686589	0.0534574970625202
0.00595814073424502	0.00216970657442009	0.057848735693792	0.798321286112058	0.0296228873928687	0.0285372528809857	0.00271914331516342	0.000504798715536195	0.0743180485809308
0.000171253221656753	0.000757209419266062	0.0446170556921045	0.827992213154315	0.0299251318374961	0.0180993440258814	0.000762475691347035	0.011571691340994	0.0661036256169386
0.000515566264133788	0.00180514711196252	0.0446661174874355	0.811452648842094	0.0421297542769272	0.0144398842425594	5.29497666669998e-05	0.0210343196088976	0.0639036123993229
0.000280749116163715	0.0284897208658229	0.0494543878759391	0.841816001193139	0.0243408784740354	0.00810479081222983	0.000860366809737136	0.00775954565729489	0.0388935591956377
0.00724422537174698	0.000499465420312643	0.050133646848576	0.800658984751754	0.0337929837106423	0.0447643427175379	6.65871533200689e-05	0.00714289412687016	0.0556968698992403
0.000588158991653567	0.0179865836437257	0.0474754304376838	0.849251256195018	0.0164108792387323	0.0331694708053526	0.000878269154708104	0.00299152392822734	0.0312484276048987
0.0260463573352341	0.0173216102246476	0.0528599603449813	0.77110365590047	0.0364795233806103	0.0200648075187148	0.00136508050754275	0.011772973395408	0.0629860313923911
0.0234140009259712	0.000816693328518156	0.0776086856810427	0.795012188430729	0.0185833140238882	0.00873864779693446	0.00281712038593789	0.0478054127633636	0.0252039366636153
0.000913911155244296	0.0220192562315233	0.0406313835061596	0.815494539622993	0.0345824939709287	0.0120212564824972	0.00207810875066575	0.000330830108972767	0.0719282201710151
0.000632269058543107	0.0345962243065339	0.0359074775184059	0.814595671217329	0.0322599696578401	0.0215790572553095	0.00154758095029899	0.000531529801967997	0.0583502202337711
0.000192636110851746	0.0750942044669952	0.0583534174379578	0.818153359386354	0.00780549136491664	0.000518031138507265	0.00834363466687178	0.00513489975205308	0.0264043256754927
0.00305476407113992	0.00224093157731606	0.0410689413398537	0.832993075881361	0.0157962497044587	0.00760265183144077	6.15104594473622e-05	0.0320479570897079	0.0651339180452746
0.000250814798309375	0.0247006578314691	0.0482630353925199	0.801019394335459	0.0192970163835333	0.0134097072152768	0.00397263749977249	0.0024226984047652	0.0866640381388949
0.000377060163915373	0.00415244239113745	0.0478692746397313	0.852030507282864	0.0237898294960645	0.0373233887635892	0.000381172100927931	0.000428779273545703	0.0336475458882247
0.0139156480349639	0.00906445690740243	0.0494977642446855	0.813272698046325	0.0451510909709776	0.0401389453689697	4.99661848058617e-06	0.000298273095253461	0.0286561267129416
0.0244306288103752	0.00221142151428085	0.0558299281201874	0.792533262393373	0.019490976363663	0.0257228679873626	0.000289697969117164	0.000358105326246493	0.0791331115153945
0.00226803123946355	0.0127719385413785	0.0433793416260709	0.828757159552871	0.0273599922864856	0.0332769559515667	3.17889502818288e-05	0.0017938608722347	0.0503609309796472
0.000383274705389404	0.00533774713760042	0.0496376597985245	0.846605607072888	0.0151823915554422	0.029012890211858	0.000816162509111635	0.00109511221070011	0.0519291547984857
0.00173577850250932	0.00793884817818019	0.0439951702465761	0.836624089401547	0.0229876422062657	0.00689361903643003	1.09272876941031e-05	0.0224722521779182	0.0573416729628794
0.00127259846164029	0.0165709668533707	0.0396107711423187	0.816249871470137	0.0301978625184364	0.0179467651591738	0.00126782253013743	0.00972095632063967	0.0671623855441459
0.00135453008279216	0.00962142534002382	0.0538247628672431	0.83926832854536	0.0348914887070441	0.012771873582515	7.77620550300239e-05	0.0223424996421614	0.0258473291778309
0.0396382582766988	0.0214265793291447	0.0635464981962759	0.815461096739612	0.0189223779768796	0.00264287591633273	0.0162220566228676	0.010341619865067	0.0117986370771221
0.000985030751305163	0.0254365636295455	0.0505154127811735	0.842376824473673	0.0253643343173962	0.024634341752791	0.0019432849151031	0.00256263611881386	0.0261815712601985
0.000567723896785608	0.0220290102790256	0.0535863022727921	0.830573171140629	0.0220811282131671	0.040246077767079	0.00475470968603667	0.00488380107958366	0.0212780756649017
0.000570654320039174	0.0136824711523881	0.0596573483448608	0.793580241471995	0.0419092626408921	0.0205371842896787	0.000877732528390915	0.00189722129449596	0.0672878839572596
0.000576660792067436	0.00123037475154874	0.0540439471328302	0.793287851977164	0.016842112650575	0.0342353101162606	2.93327856555511e-05	0.00623177839241518	0.0935226314014832
0.000616719856768846	0.00515180970165799	0.0456346809296359	0.781996934592426	0.0490830839448263	0.0185062640323256	0.00105830859877797	0.00484004327415555	0.0931121550694261
0.00297773830847851	0.00219621995044907	0.0382433059624848	0.820735771678538	0.0235097330296257	0.0416442788086095	0.000265213768430059	0.00168477925844784	0.0687429592349364
0.000228725756269306	0.0147198093472836	0.0531096366133768	0.79300831312435	0.0281477087435453	0.0257874502434073	0.00193429614630214	0.0212387205278977	0.0618253394975681
0.000666600028392794	0.0171775682020809	0.0499160327885685	0.789811828577115	0.0424543332878611	0.0244541918316559	0.000428765040306532	0.00532024223685987	0.0697704380071597
0.000563456087599737	0.000831823602860228	0.0607433551281632	0.861409174893542	0.0280668137512512	0.0201297822971162	0.000973514008141306	0.0153552493561975	0.0119268308751287
0.000304512291065817	0.0256322073742076	0.0558222439973115	0.85595476763698	0.0197360221251569	0.0031677200275768	0.00202833071271039	0.00981369352224885	0.0275405023127418
0.00380716174022759	0.0185346318227345	0.0422036910061038	0.849407567494232	0.0343433039226306	0.0192905090850638	0.000984509433886783	0.0015842911225251	0.0298443343725961
0.00059704308386373	0.0113423380915584	0.0527701486688723	0.790491842287093	0.0301649540726951	0.0148849703792052	0.00162982676791757	0.00396905035076909	0.0941498262980252
0.0175523518040012	0.000267225766276711	0.0461983580929267	0.794111192728061	0.0319167510823869	0.0122180597099224	0.000180845831346551	0.0208989631153023	0.076656251869776
0.022602587819366	0.015421404549773	0.0519810583962468	0.798766157576172	0.0349640043980918	0.0136916487487995	0.000147966081373882	0.0100029689544315	0.0524222034757451
0.00403421172966357	0.00473446363401071	0.0485932474193215	0.831092384529266	0.0155757297051304	0.027067067931288	4.77294814319455e-05	0.00350435147130139	0.0653508140985865
0.00641079368974534	0.00871632489251523	0.0474929687345431	0.814805579740067	0.0419491323871614	0.0257987883459	0.000362398410901539	0.00465167072903967	0.0498123430701265
0.000795476712634025	0.00998320835828564	0.0407154634594779	0.780035422591437	0.0542914863102502	0.0326542701280283	0.000184504055455399	0.00124824888411663	0.080091919500315
0.00441335674498117	0.0034102824680206	0.0474807160140322	0.812176085579163	0.0427187140064497	0.00980943789424025	0.000585821665386453	0.0176600963762049	0.0617454892515223
0.00486556984595118	0.0207326395694523	0.0480610599166141	0.82181224101864	0.0375937034486394	0.00504757089379393	0.00171585481094755	0.00588008096105539	0.0542912795349056
0.00181584781881604	0.0370913735139592	0.0566624934039876	0.823755222278621	0.0152235444384401	0.00882467403747738	0.00131676127058793	0.00599446769609186	0.0493156155420193
0.00524169957321017	0.0173179679890997	0.043535118838925	0.805192600636876	0.0402510618794746	0.0183672558735556	0.00154224353589691	0.00788183046054236	0.06067022121242
0.00044368425529256	0.00258807103320271	0.0479851021636157	0.840356904330807	0.0248027746339093	0.0233078927573189	0.000482458625158623	0.0103043036569146	0.0497288085437809
0.0185569573286927	0.00990904466291419	0.037817411612912	0.84132121353005	0.0202310224061088	0.0100312510293958	0.000192012053381021	0.0131193164292316	0.0488217709473139
0.00179994861461381	0.000660847796854331	0.0713723557577407	0.857442029013474	0.0210389086990253	0.0110168851325405	2.13632550880391e-06	0.00224541176888921	0.0344214768913536
0.0238044156062381	0.0400999125264789	0.0439463974027838	0.801571019346159	0.025632975431371	0.00819839462772861	0.00261843356853094	0.00224728478582328	0.0518811667048862
