Bcells	CentralVeinEndothelialcells	Cholangiocytes	Hepatocytes	Kupffercells	LSECs	Mesothelialcells	PortalVeinEndothelialcells	Tcells
0.0087258290215214	0.00432459074965899	0.000131533897541655	0.87744613498747	0.0506918837302281	0.0396745131577366	0.0139468567386215	0.00492712381970212	0.000131533897519223
0.000813707890762358	0.000131591262073258	0.000131591262064604	0.836329966437201	0.0870231321360095	0.036591081517156	0.00976615067771884	0.000131591262059887	0.0290811875549547
0.0236096153789835	0.0126519290357276	0.000134293655454585	0.79852524502139	0.117476275640014	0.0102084002248675	0.00221806601953416	0.0034780312032159	0.0316981438208129
0.00377996018231618	0.00191074466220116	0.00608861265636828	0.859926738175079	0.0632490586935057	0.0395572417957743	0.000317232842211743	0.0148842160026614	0.0102861949898823
0.00256584660636186	9.33123738944814e-05	0.00337664028069721	0.88433881965233	0.0461619468306081	0.0232102733535501	9.3312373894477e-05	0.022727982907353	0.0174318656213113
0.0227956902098161	0.000134099773615473	0.0158124013697097	0.850637345800686	0.0730425563743196	0.0249391528247774	0.000134099773628141	0.0123705540998285	0.000134099773618951
0.00375654538427991	0.0252745009985734	8.86157935506425e-05	0.914843076326809	0.0348946535381277	0.00400459312400275	0.00926018398305885	0.00031780393790837	0.00756002691368958
8.99332351951358e-05	0.0021300576187604	0.000142971178974568	0.888971344645634	0.0705541982537829	0.0291483761877769	0.00878325240948219	8.99332351993135e-05	8.99332351951463e-05
0.00157186018261415	0.0133249294205589	0.0010106353171199	0.835915573143421	0.084562208406772	0.0445872888743968	8.90518603758649e-05	8.90518603780669e-05	0.0188494009343635
0.00616999641383078	0.0642642196139457	0.00525317030640039	0.846658776372387	0.0548232343372876	0.00466714852902125	8.73152019441874e-05	0.0162830526739726	0.00179308655121099
0.00206615738591339	0.0224019252348533	8.85757653471257e-05	0.853746082549137	0.0545507519682496	0.0212974431309255	0.0131449167528535	0.00859304154101182	0.0241111056717089
9.20632297602069e-05	9.20632297578584e-05	9.2063229760485e-05	0.886062199555843	0.0877357219155657	0.0226367318373667	0.00310503054242503	9.20632297613555e-05	9.20632297602071e-05
0.0104015207344494	0.0225311703748051	8.97029194951178e-05	0.897901796624616	0.0524124679035241	0.0146374730910327	0.00184646251308486	8.97029194921523e-05	8.97029195004121e-05
0.00986513252108909	0.033544231341102	9.2310135301658e-05	0.887865883949904	0.0682632015114073	9.23101353016576e-05	9.23101353016577e-05	9.23101352909205e-05	9.23101353016578e-05
0.00527713779745548	0.0157798709594132	0.0235979265386126	0.818228277888463	0.0787286796651734	0.0110925303530938	0.0224917353306633	0.0157151781566398	0.00908866331048504
0.0116376801769995	0.0146745195510889	0.0028155783127061	0.852878209168622	0.0590773145821226	0.0274523671639892	0.0072137866895875	0.00331019790599225	0.0209403464488915
9.13921687791291e-05	0.00679463659726188	0.00627936520828089	0.851822794793066	0.079089724025219	0.0347301066305851	9.13921687791294e-05	9.13921687805514e-05	0.0210091962392485
0.00878752806831593	0.0137785434955064	0.00709310289083497	0.866449009886623	0.0373980201476423	0.0232027303833499	0.00406315767344215	0.0254111257834506	0.0138167816708343
8.6303073996785e-05	0.0586285689173512	0.0012158847079076	0.856336891924174	0.0710531099207906	8.63030739966871e-05	0.00423900987172714	8.63030739979158e-05	0.00826762543605852
0.000453627492771305	0.000334385464577997	9.11682313578364e-05	0.868627554200695	0.0703828313009025	0.0397406501514185	0.0058070368043595	0.00308334375781558	0.0114794025961013
0.00701659948380494	0.0241529622198542	0.00306894572529902	0.875864031736822	0.0527171190844926	0.021231079800716	0.00914695616370219	0.00338340560919161	0.00341890017611754
0.00317545604573907	9.11580289071796e-05	0.000881341898564912	0.912075721560207	0.0499397370170786	0.0261385439442999	9.11580289071802e-05	9.1158028912217e-05	0.00751572544738389
0.000931567410285197	0.0107686239316602	0.112076801153794	0.705615960435013	0.0845813711149171	0.0240383042748635	0.0275484749137351	0.0293594788208689	0.00507941794486351
0.0247776172409126	9.19882158292432e-05	0.00647998455586247	0.864849335261219	0.0386669117866109	0.0428820824510899	0.000490509251475065	9.1988215826836e-05	0.0216695830211742
0.00500940269008193	0.0253340397073891	0.00286753755122361	0.899154807766434	0.0360548895185568	0.0100863974020089	0.00867452396388774	0.00558778625523728	0.00723061514518043
0.0278066464410248	0.0155194340891718	0.0021861912161727	0.830590031261847	0.0745352507684029	0.0219949451090696	0.00680799532773566	0.0085274471780492	0.0120320586085263
0.0193874317596059	0.0108346552980323	0.00579969688491101	0.880655953721403	0.0543041232903007	0.0213459362942527	0.00623251056909429	9.30431101630885e-05	0.00134664907223677
0.0141451483885119	0.0475249678923476	8.68484862456128e-05	0.898178457192472	0.0164394933354029	0.0112838385696486	0.0121675491628782	8.68484862442132e-05	8.68484862485458e-05
0.00628848257254275	0.013903437402885	0.000128991012476641	0.865865803260436	0.0782805131721828	0.0335976597934538	0.00167713076104699	0.000128991012491921	0.000128991012484113
0.0132089735825634	0.0192471736076535	0.000133431152178689	0.881168840160429	0.0550008027359058	0.0134213768170565	0.0117307954515461	0.000133431152191073	0.0059551753404762
0.0155761347918177	9.01434924373377e-05	0.000966523827076368	0.858922585083317	0.0525582232991806	0.0422399757356209	0.0133749973912902	0.0135088682933428	0.00276254808591712
9.23592386949955e-05	0.0157287564385369	0.000374515312573999	0.878225645545662	0.0483975722277262	0.0403177828826148	9.23592386984397e-05	9.23592387026553e-05	0.0166786498767901
0.000134388475772883	0.00013438847576545	0.00329010573353201	0.879604925257542	0.0562332644766414	0.0201228094860175	0.00450401069283558	0.0213087382241783	0.0146673691777154
0.0183386214753659	9.03352843683207e-05	0.0024924265251484	0.871726119096837	0.0585261781203595	0.0359895524038958	0.00704092188493849	9.03352843579987e-05	0.00570550992472878
0.00993437735734969	0.00279572278464601	0.00159214013710782	0.893764405799486	0.0457895865805585	0.0233174488228849	0.0144212661479473	0.000131530071502629	0.0082535222985175
0.0290097409471715	0.00634421187768509	0.000131993148584704	0.824402503734931	0.0823198120303175	0.0329049803093402	0.00862057412613265	0.000131993148582995	0.0161341906772545
9.13497566843253e-05	9.13497566800659e-05	0.0114349964295921	0.85300554919506	0.0621062290506245	0.0535375010767336	0.00740205971253777	0.00375515611538139	0.00857580890670613
0.00936851673153676	0.013013602307277	0.00667506524277699	0.891407498155239	0.0451976923310311	0.0330470919445535	0.000592742839545879	9.00893224270825e-05	0.000607701125612175
0.0541655878560221	0.000121755890109099	0.132486105516531	0.654654316230484	0.0500005186327865	0.00918145852331254	0.0387682000300397	0.0605003014306055	0.000121755890109095
0.000133541272226602	0.000133541272226663	0.000133541272239488	0.876699430485322	0.0668828033865763	0.0318053464279191	0.00514886859462554	0.00519075857147113	0.0138721687173931
0.000289788149797392	0.0252712167449828	8.77826335290476e-05	0.907841478928735	0.0271762982792833	0.0290378741949058	8.77826335338596e-05	8.77826335254316e-05	0.0101199958017071
0.00107504456816447	0.0138066098350017	0.00591215198723249	0.849546928634923	0.0626802868514476	0.0236332753193063	0.0120907891712829	0.00949531867638198	0.0217595949562598
0.01007363118369	0.0131876071562227	9.02237427786052e-05	0.887922836491486	0.0445152184048226	0.0319642280667574	0.0015188914543354	9.02237427866048e-05	0.010637139757121
8.89565893801339e-05	0.075117933551537	8.89565893719698e-05	0.870688696275093	0.0468299779598574	0.00259500984871298	0.00441255600729536	8.89565893760253e-05	8.89565893760244e-05
0.00255243418648734	9.24920522183904e-05	9.24920522211921e-05	0.897767735387775	0.0384367917399986	0.0319944741784056	0.00447965078168314	0.0125430330639888	0.0120408965572219
0.00622583520610534	0.048814746405929	8.77798615941139e-05	0.850190975241011	0.0441205263269878	0.00885393597963012	0.0344124124049635	0.00720600871218369	8.77798615950166e-05
0.00840966225388083	0.000148072281088432	0.0305357557106211	0.837328348733114	0.0556593367747015	0.0145516378597205	0.0165569940471502	0.0155093813310412	0.0213008110086824
0.0241330381447038	0.00788920773569333	8.82679617344596e-05	0.908994273037717	0.0263681505853794	0.0181312903933461	8.82679617324641e-05	0.014219236217959	8.82679617341522e-05
8.93619001614488e-05	8.9361900161449e-05	8.93619001561545e-05	0.894176891151038	0.0566394614014466	0.0300606594002313	0.00151915941163221	8.93619001669041e-05	0.0172463810350056
0.00914938689096478	8.95317166261539e-05	0.120630072055064	0.798915960398343	0.0239090484987161	8.95317166312275e-05	0.0113294890607371	0.035797447946292	8.95317166261561e-05
0.0141757881715308	0.026937021506836	0.0040647877030667	0.861596267055952	0.0271979848037668	0.0334411173594541	0.018546665402536	0.0117493662847335	0.00229100171212426
0.0181933491489784	0.000129935660767904	0.00244579924275973	0.82720811208904	0.0824891985333615	0.0275668066250686	0.00559647315031504	0.0144764992130367	0.0218938263366727
0.0163929209898374	0.0360573548456349	0.000338054924908406	0.895280903819656	0.0284045769440131	0.014626959214267	0.00821674538366409	0.000127613985796935	0.000554869892222679
0.0212928181397377	0.0426022697660763	8.84978474780058e-05	0.871917440240905	0.0498263483294581	0.0129255534831959	8.84978474827642e-05	8.84978474868426e-05	0.00117007649817984
0.00157511218515333	0.00013338288209311	0.00170426871167054	0.870684097247762	0.079659038372253	0.0244291197856603	0.00577711803943511	0.00714480323323589	0.00889305954273679
0.000781982595561772	8.84473615973105e-05	8.84473615957599e-05	0.899517047484256	0.0524880654681598	0.0323112958319385	0.00516697904540297	8.84473616014073e-05	0.00946928748988607
8.77796492363795e-05	0.0074725673998265	8.77796492356813e-05	0.891242833270895	0.0395472598198153	0.0342377604444688	0.0114211700337991	0.000220028236674244	0.0156828214960488
0.0110706985313198	0.000133658652867771	0.0101908689022299	0.860968676384323	0.0703612783509839	0.0129224543905386	0.00166259831759935	0.0325561078172699	0.000133658652867769
0.00124547257331881	0.010632069390039	0.00212723167023273	0.881419997795617	0.071273076274402	0.0234953410209319	0.00013462706034152	0.00013462706032968	0.0095375571547871
0.0070769230405361	0.0189830650632271	0.0002373693105612	0.928182406234003	0.0292905471987968	0.0122177081013936	0.00382789570237623	9.20426745493822e-05	9.20426745562152e-05
0.0131628553041086	9.25296399619754e-05	9.25296399589874e-05	0.859899022019477	0.0608569073958182	0.051697934794703	9.25296399626262e-05	9.25296399643397e-05	0.0140131619260452
0.00196127715464371	0.00865147384891903	0.000735692295911238	0.873776941016667	0.0702132175130969	0.0161754323182496	0.00644399473270998	0.0107443217981769	0.0112976493216257
0.000133974246400293	0.00621701050196802	0.000133974246395761	0.853526091192346	0.091849509554474	0.0346446481430738	0.000133974246385833	0.00461921774746873	0.00874160012148748
0.00689250932720038	0.0141281074431026	0.0125782934341637	0.87348242186724	0.0629331049360038	0.0180155611118891	0.00203590116635956	0.00425819997788626	0.00567590073615493
0.0215525561899612	9.16555979406452e-05	9.16555979406461e-05	0.869387792130381	0.0480088128150042	0.036754567530049	9.16555979406457e-05	9.16555979378277e-05	0.0239296489428451
0.0144859123182459	0.00592100667120073	0.000193228060841114	0.859157841085057	0.0830611518854464	0.0142141753224071	0.00396014723385539	0.000131110930754047	0.0188754264921919
9.13956646442944e-05	9.13956646442952e-05	0.00215381323755617	0.894941245140641	0.0407452605186424	0.0338124663264318	0.00211536944446818	9.13956646402607e-05	0.0259576583383316
0.00526730874406455	0.0610065881977524	8.49226090173595e-05	0.856996210886721	0.0318893052908887	0.0108792180637656	0.0237974830290055	8.49226090183019e-05	0.00999404056976645
0.0171965105377122	9.12179557929711e-05	0.00204592293025169	0.901248738160239	0.0285180848326883	0.035600716406809	9.12179557929712e-05	0.00236613312435516	0.0128414580963586
0.0224742287169696	0.0216821727838307	8.58068957786999e-05	0.858957455565423	0.0530143557599118	0.0313059269836725	0.0123084395028597	8.58068957740823e-05	8.5806895779663e-05
9.15559480253794e-05	9.15559480247781e-05	9.15559480247785e-05	0.880823983596353	0.0650092563914079	0.0396597159154943	9.15559480205468e-05	9.15559480143402e-05	0.014049264356635
0.00967755505138462	9.04326562798485e-05	9.04326562754039e-05	0.851913913511761	0.0571660944339809	0.0419835745636087	9.04326562798466e-05	0.00480396779889202	0.0341835966715376
0.0102345041916391	0.00013315089604735	0.00825767713309367	0.862226773659458	0.0541095187518998	0.033519097568275	0.00214468495246701	0.00526724895626171	0.0241073438908585
0.0110679387559331	0.000130023503056066	0.0033444950588505	0.888602857724256	0.0604685272219633	0.0225573536220554	0.000130023503052222	0.00541760358729258	0.00828117702354122
0.00297135034980413	0.048624610945695	9.31837764771104e-05	0.850204811953416	0.0792214864584977	0.00630898034534296	9.31837764766449e-05	9.31837764766445e-05	0.0123892086178139
0.0132606396398011	9.27447472647207e-05	0.00432539892464748	0.843776945025788	0.102544036986505	0.0198019701245239	0.0010337544655933	0.0150717653386117	9.27447472645407e-05
8.9639336786524e-05	0.00527501813299101	0.000344311009552775	0.906563897858591	0.0525319918983098	0.033039003618707	0.00148498164379021	8.96393367859159e-05	0.000581517164485887
0.0178114113474328	0.0109336619534239	0.000877073885278001	0.849643937340157	0.0881787798240982	0.0233857598805883	9.02533551981926e-05	0.00898886905862115	9.02533552026956e-05
0.0182250936545708	0.00934820221526146	0.0419729094055512	0.849823852987434	0.0309198989775865	0.0159886593428478	9.23921311395314e-05	0.022971822320161	0.0106571689654477
0.0207032683338759	0.0155871401302023	0.000124132405440259	0.84083151564438	0.0660675756953263	0.0319623082402747	0.00946950253842534	0.00221028477957224	0.0130442722325032
0.000133048944348096	0.000202168525830763	0.00870439474913476	0.857794219932347	0.0599112993078047	0.0418923821282485	0.00794262028078458	0.00925946003200808	0.0141604060994939
0.00478811404586737	0.0177335857097831	0.00480346213262803	0.884725027656774	0.0608291441359425	0.0190847392286081	0.00785830474814673	8.88111711243329e-05	8.88111711263385e-05
0.000135059736111639	0.000135059736088185	0.012944638285698	0.859819512151253	0.0620436756570855	0.0234545963751405	0.000135059736106281	0.0269886355568462	0.0143437627656708
0.0340881848951992	0.0153943756965903	9.05368019322794e-05	0.832365120619045	0.0747090656079972	0.0237684618534382	0.00309797061791664	0.016395747105947	9.0536801934536e-05
0.0194576732162859	8.9476489993189e-05	8.94764899920394e-05	0.903182820011655	0.0184768705858304	0.0392898604870776	0.0023190692680423	8.94764899974285e-05	0.0170052769611259
0.00194713496169958	0.0221026691422082	9.04150128289385e-05	0.894528307202785	0.0436659969045481	0.0265018176408718	0.00766853715420856	9.041501282531e-05	0.00340470696802513
0.00415298106980253	0.00736676409343727	9.2354981101786e-05	0.8984542137504	0.0560082085035366	0.0240610380824982	9.23549811018671e-05	0.00326608116180943	0.0065060033763123
0.0147567512298769	0.0171557871669962	0.00300326155444555	0.90081289582431	0.0235378901589238	0.0150355964715155	0.0118165604670745	0.00046559159795222	0.0134156655289051
0.00607842274876356	0.0124874640318849	9.07758530649734e-05	0.890116989337401	0.0475000147801388	0.0237386016641205	0.0106841566309297	9.07758530649435e-05	0.009212799100632
8.96422441341405e-05	0.0085741310799681	0.000995604382859095	0.853446568190447	0.0779093775200633	0.0264550347529171	0.0156349584273426	0.00744652208812587	0.00944816131414289
8.94105308709869e-05	0.0150037707096954	8.94105308685422e-05	0.917342908166059	0.0427853483209407	0.023286033219376	8.94105308680397e-05	0.00122429746045152	8.94105308702806e-05
0.00140831050834276	0.0426994138870782	9.01935269050492e-05	0.903726005854072	0.0184938922424642	0.0179546160329416	0.00149319171895742	9.01935269108951e-05	0.0140441827023282
0.009705543522672	0.0230332373170211	8.89672256706758e-05	0.906175201758292	0.0216896830243394	0.0176335999766797	0.00428125488900041	8.89672256722153e-05	0.0173035450606524
9.54361208068914e-05	9.54361208062902e-05	9.54361208052225e-05	0.874641317860636	0.0790089208492679	0.0346436899153756	9.54361208066709e-05	0.00488728970709881	0.00643703718439707
0.00258842486816743	0.0001316968824492	0.047760728541465	0.823342451249866	0.039201138892273	0.031345707850953	0.00546935747207242	0.0397560179676643	0.0104044762750897
0.00928948465208937	0.0115150262601696	0.00101621756730937	0.884008242592153	0.0611579908752241	0.0327369771044137	9.20203162131829e-05	9.20203162117511e-05	9.20203162163422e-05
0.0166592888428529	8.96411416302932e-05	8.96411416297154e-05	0.892867711745145	0.0385104002367777	0.0465317278905073	0.00507230671819726	8.96411416302932e-05	8.96411416297157e-05
0.0217659073515529	0.0124965727800659	0.00381881880752942	0.878701699924381	0.0516663846174468	0.000137302348372384	0.00263038044747094	0.0227848066312278	0.00599812709195251
0.0176520918145545	0.00667926165017744	8.93503229869291e-05	0.892645820941701	0.0416804534529581	0.0354041316677851	0.00567018950385518	8.93503229927852e-05	8.9350322988659e-05
0.00554016493355519	0.00522989155796653	9.11472334984992e-05	0.907147955765522	0.0450816054024822	0.016982371100606	0.00383852255036516	0.00942813231934501	0.00666020913665973
9.08363507078043e-05	0.00867095598252081	9.08363507078472e-05	0.890904875347734	0.0543555774459545	0.0288219883520383	9.0836350707803e-05	0.00608674493245844	0.010887348887171
0.0194956188726817	0.0122451271317184	9.06626871466395e-05	0.868256032196035	0.057790857090377	0.0365080601622997	0.00543231648543879	9.06626871515574e-05	9.06626871510076e-05
0.000565785651159516	0.00597573788636517	0.00655425634453224	0.875666075445916	0.0490040929334678	0.0448721688141801	9.34834645530591e-05	9.34834645463533e-05	0.01717491599528
0.00977052096146542	0.00598854985122258	0.000127191681954279	0.913099677525316	0.0265221688575361	0.017370656111505	0.0025505426497041	0.00652011091108187	0.0180505814502151
0.0269280156690229	9.04194815656941e-05	0.00572919334576458	0.851808724454346	0.0495563720562582	0.0450953452676531	0.00285838439979892	0.0166111332987733	0.0013224120268175
0.0141739653556981	9.171092870824e-05	0.00540077143019328	0.869264944647875	0.0637559641140346	0.0381964586732667	9.17109287346318e-05	9.17109287023397e-05	0.00893276299278718
0.00101358767085597	8.67265169006934e-05	8.67265168990748e-05	0.885802788197462	0.0382636242497561	0.0363353355426277	0.0113901044497677	0.00191797334650938	0.025103133509221
0.00475429863741121	0.00501517192461785	0.00307866794318802	0.850885868356837	0.0756465273881305	0.0411313484126231	0.00235032061859553	9.17760512808618e-05	0.0170460206673161
8.94712007222954e-05	0.00174536317142425	0.000733627595829764	0.892112337477805	0.0411990826555275	0.0432791143225072	8.9471200706609e-05	0.00044917662660938	0.020302355748868
0.0158654518445832	0.000132371133174915	0.0136139187661571	0.857722118150689	0.0430827267705008	0.0220621417517956	0.0235398564968239	0.0238490439530993	0.000132371133175877
0.0124182335109064	0.00393790069296565	8.77776599297495e-05	0.823557235775768	0.0742054001283838	0.0438967298367815	0.00213777682069914	8.77776599207002e-05	0.0396711679146454
0.00277111923493495	0.0177147331775655	9.26513991967123e-05	0.900889735006387	0.0549755185341811	0.0232782884501378	9.26513991960591e-05	9.26513992051331e-05	9.26513991960569e-05
0.0259167406718766	0.016073543048032	0.0337969616948038	0.843859774202587	0.0422583147621292	0.0217452645437309	0.00561007925231498	9.09183581236147e-05	0.0106484034664016
0.00564510283207426	9.19657829602232e-05	0.0135158909471102	0.890476963839458	0.0314435085574407	0.0349938110527324	0.00678278142468866	9.1965782957107e-05	0.0169580097805782
0.00639449163216079	0.000136679072101663	0.00887543626575535	0.86240694343255	0.0747492225759865	0.0228569358827129	0.000136679072103492	0.0125484758814081	0.0118951361852206
9.37103647256106e-05	9.37103647256114e-05	0.00723740048532242	0.887581940788489	0.0751550410530829	0.0241831603198311	9.37103647209353e-05	0.00176751445048736	0.00379381180861549
0.000136103126747073	0.0178530417997943	0.00437670155506021	0.855503652711865	0.0817951691848733	0.0305325127663132	0.000136103126744387	0.000136103126742957	0.0095306126018592
0.000134166909762748	0.0196676814853131	0.0244679440149302	0.892788054661106	0.0296733568241895	0.00396835278094478	0.00457132142063032	0.0245949549933609	0.000134166909761911
8.99249021177209e-05	8.99249021133282e-05	0.00656487280583609	0.899979964772147	0.0504793575593007	0.0300815849346644	0.00906039054069007	0.00356405468101254	8.9924902117721e-05
0.0146510897078806	0.0026702016022643	9.35409642938095e-05	0.903961556273776	0.0474939539821931	0.0308490345767309	9.35409642736971e-05	9.35409642928714e-05	9.35409642951574e-05
0.00214684053011989	0.00752121433407426	8.98948566545795e-05	0.888984976721975	0.042364651043373	0.0451767515944277	8.98948566555996e-05	8.98948566643638e-05	0.0135358812060559
0.019824803380796	9.04217270238123e-05	9.04217270273589e-05	0.893695496677222	0.03840614736122	0.033067746552078	9.04217270350899e-05	0.00841488489406562	0.00631965595353152
8.90666861562481e-05	0.00503124361681433	8.90666861502852e-05	0.903646242318836	0.0306841487411076	0.0308382598578941	0.018603189613696	8.90666861510352e-05	0.0109297157931943
8.65034687717929e-05	0.0204814479291199	8.65034687673741e-05	0.915087158242544	0.0377219213578266	0.0262769551266598	8.65034687677558e-05	8.65034687717917e-05	8.65034687711681e-05
9.18166895753927e-05	9.18166895753914e-05	9.18166895705266e-05	0.858497476674572	0.0748544808013761	0.047801069558579	9.18166895753927e-05	9.18166895730511e-05	0.0183878895176028
0.0138337298426352	9.19781709635325e-05	0.0222511126463627	0.865230152424363	0.043618876828047	0.038592438559597	0.0094003296865123	9.19781709528171e-05	0.00688940367056678
8.92664917770561e-05	0.0121915131901871	8.92664917717506e-05	0.902928265443081	0.0605280398598672	0.0138776090561551	0.00475069778357497	8.92664917846322e-05	0.00545607519180081
0.00687017532405029	0.00931503609343221	9.32678432940706e-05	0.921161421505562	0.0326225616671272	0.0146844100490842	9.32678432941928e-05	0.00416082711288548	0.0109990325612702
0.000126741278289752	0.0120409519619463	0.000126741278276026	0.885853544186813	0.0650867593305942	0.0221489450655895	0.00478772724935103	0.000126741278290819	0.00970184837084929
9.15613323573309e-05	0.00118336864971246	9.15613323567428e-05	0.83915008736401	0.101912285566208	0.0314082278279662	9.15613323573311e-05	0.0131247565089298	0.0129465900861016
0.0168934340109766	0.0160847811774158	9.0240327718154e-05	0.855404094173389	0.0589449125054994	0.0447112480322615	0.0019869103835003	9.02403277217862e-05	0.00579413906151734
0.0262016962751997	8.64440776258959e-05	8.64440776284361e-05	0.857977093676643	0.0533923150769671	0.0345636737018843	0.0146857471924637	8.64440776310862e-05	0.0129201418439568
9.00289243721799e-05	9.00289243721804e-05	9.00289243646481e-05	0.894299522789044	0.0566540654923011	0.0347239180760543	0.00626719597493031	9.00289243749674e-05	0.00769518197018587
0.0144438131878218	0.00262189512422162	9.14129246296328e-05	0.876772759309741	0.079252729751183	0.0215022150596326	0.00354466401154674	0.00167909770659376	9.14129246298231e-05
0.0244648894653563	0.00147547307987747	9.27594086720721e-05	0.872984830332671	0.06322747005767	0.0259197512835965	9.27594086705218e-05	0.0116493075548153	9.27594086705221e-05
9.05075666679129e-05	9.0507566667374e-05	0.0007104233098959	0.869775996703359	0.0639035890010242	0.0440008329946856	9.05075666673827e-05	0.00948390865778164	0.0118537266332512
0.00525949243201139	9.01682271906937e-05	9.01682271921446e-05	0.87154529019069	0.0684566040356081	0.0329640840230604	0.00935264990983071	0.00740073394472757	0.0048408090096887
9.13656984665089e-05	0.0318299463540202	9.13656984670086e-05	0.877243894361751	0.0442542215950246	0.0147443629166746	0.0128838150046335	9.13656984632478e-05	0.0187696626724993
0.0129803753507608	0.000132080609955628	0.00330103416839495	0.879901867324248	0.0601839800524199	0.0305138463894162	0.00728308198207557	0.0055716535127762	0.000132080609952283
0.0164869847717573	0.0307202652492195	8.95217369116944e-05	0.837029219623837	0.0823633038742034	0.0330421395333251	8.95217369169999e-05	8.95217369125335e-05	8.95217369170001e-05
0.0115419576040903	9.2271796485895e-05	0.0220138008185563	0.855194183599319	0.0646420958592347	0.0286015166094717	0.00176973068447477	0.0160521712318813	9.2271796485894e-05
0.0216473230779005	0.0203839936327346	9.0006839446088e-05	0.906832608782702	0.0312054798763079	0.0125711784737307	0.00346245451431501	9.00068394731188e-05	0.00371694796338995
0.0193920281691859	0.0109239896326812	9.03134451486216e-05	0.887012652419888	0.063657350225079	0.018652725772577	9.03134451476196e-05	9.03134451452258e-05	9.03134451476186e-05
0.0142842896688974	0.00161514006047524	9.40338896195536e-05	0.883008801614601	0.0744987324893526	0.0186553591297679	0.00399246772242064	0.003701125018077	0.000150050406788727
0.028478495161564	0.0213143806866107	0.00632079590828263	0.865640616928607	0.0370325353255802	0.0203633905189668	0.015078339725832	0.0056812720218591	9.01737226976362e-05
0.00375115029167528	9.37307970401782e-05	0.00775495880459224	0.894272394040599	0.0403316335190935	0.0330695632141711	0.00812715267328254	9.37307970407594e-05	0.0125056858625052
0.013083194883941	9.05530564293601e-05	0.00420569216325524	0.854076803980631	0.0803102923453441	0.0349849450457093	0.0116552521677041	0.00150271330055635	9.055305642936e-05
0.0150403952971371	0.00873238926684751	8.86011320987763e-05	0.862483384080275	0.0488583463684735	0.0403907016515933	0.0130392704164264	0.011278310655049	8.86011320989539e-05
0.0171537241710588	9.06731152957958e-05	0.0131736658351722	0.864550357014998	0.0418362492713407	0.0346119311219067	0.00260968143007126	0.0258830449248618	9.0673115295224e-05
0.0227065173816343	0.00662938756780348	8.95591378096289e-05	0.897910564161274	0.0335448196912957	0.0245421317837187	0.014397902000835	8.95591378104928e-05	8.95591378190523e-05
0.017675469809066	0.0168548798957307	9.00270065360482e-05	0.896376535120089	0.0583281812633502	9.00270065369333e-05	0.00364872180168579	9.0027006533517e-05	0.00684613109047176
0.0169231448143675	9.29631941489922e-05	9.29631941479826e-05	0.81976926996862	0.116879648207184	0.0373050025772094	9.29631941489915e-05	9.29631941338404e-05	0.00875108165603893
0.0107787014463735	0.0246747341843335	0.013683819214232	0.853806474929393	0.0317724085052287	0.0249694598264675	0.0080543632192786	0.0321324638430112	0.000127574831681778
0.00680129098692386	0.0197487349974122	0.005141077543797	0.915872038695822	0.0295685751899702	0.0111188745624829	0.00682547627999731	0.00281018305985378	0.00211374868374046
9.20195358107267e-05	9.2019535811321e-05	9.20195358113219e-05	0.867841982729762	0.0754124794671468	0.0217435510872506	0.00635104822251095	9.20195358061361e-05	0.0282828603500906
0.00885255384790772	0.0297601373690082	8.78008414661866e-05	0.873479087759543	0.0522482767471125	0.00809283642910332	0.0197960669750137	8.7800841460714e-05	0.00759543918938506
0.00468229515674357	0.00998965819437202	0.000131119481538295	0.899026463701807	0.0344697919460299	0.0296949747688143	0.000131119481560832	0.0035314164522734	0.0183431608168605
0.00505077023693116	0.0176672545617028	0.000126317061215966	0.870315681252163	0.0446099792555245	0.0300608407051358	0.0153252072097928	0.000587288789570822	0.0162566609279628
0.000129161337366704	0.029444525487717	0.000129161337364235	0.869737449572576	0.0650754078517938	0.0125857844308182	0.0105813059710447	0.000129161337352354	0.0121880426739671
0.00643527160857726	0.00589647635791985	0.00127506668409664	0.906051305471532	0.0435568630666243	0.0171182130368535	0.00145651807509645	0.00571531489605829	0.0124949708032419
0.0208404984325155	9.17363413126299e-05	0.0069610421871347	0.853878272890556	0.074951396558093	0.0273427241752353	0.00314775387734344	0.000833493302729336	0.0119530822350802
0.0171348763866134	0.0204560320825256	0.020605018356344	0.876383045635784	0.035311990420827	0.0174100869126121	0.00106591844594019	0.00775056414223083	0.00388246761712272
0.0171526002065308	0.022414312119728	8.96466958457817e-05	0.8455779907248	0.0725692795272666	0.0176231057020714	0.0087266568760072	0.0111368697715678	0.00470953837618293
0.017663658553216	8.8523356479079e-05	8.8523356479625e-05	0.882309317573839	0.0413172906262881	0.0372799820469442	8.85233564790794e-05	0.0210748543187416	8.93268115330817e-05
0.0100398871696064	0.0220486374009901	8.91018319518686e-05	0.89123044557156	0.0411852059149208	0.0292312377677782	0.0016880694497104	8.91018319549347e-05	0.00439831306152778
8.73531964263232e-05	0.0213900836763023	8.73531964240616e-05	0.868405048258766	0.0673317091358348	0.0319838678039858	0.00669234778318941	8.73531964158158e-05	0.00393488375265495
9.09760043655207e-05	0.00242402406622371	0.0124329622210914	0.906123613095549	0.0572104783215873	0.00306081159213381	0.00416207581713047	0.00501527405802796	0.00947978482389127
0.00648974241964635	0.047367185432245	8.78647764335012e-05	0.891905574763212	0.0289388938619652	0.00613987640960505	0.0126712153308569	0.00387482972200542	0.00252481728403019
0.0147987287366081	0.018279030403108	0.00400998497605866	0.887662283310942	0.025403572398202	0.0288671871287197	0.0118350036002577	8.82119875823867e-05	0.00905599745852189
0.000137002617219295	0.00943188266041602	0.00315484266600624	0.874014371011032	0.0687976789050113	0.0183393890023843	0.00336869005261274	0.00177524937170186	0.0209808937136163
0.0315311577180626	9.11228001317723e-05	9.11228001313581e-05	0.822066260339514	0.0870882640979513	0.0379046945579859	0.00853005500202229	9.11228001368043e-05	0.0126061998840643
0.0122810292935706	0.00518424571550736	8.90315407540683e-05	0.895533096232149	0.0344548742934573	0.0450570818646084	0.00153592782112809	0.00577568169806998	8.9031540755036e-05
0.0159530411276353	0.0250702332239529	8.86983661770347e-05	0.883236870946714	0.0397989614665932	0.0254512314748316	0.00332182908008315	0.00389562806900154	0.00318350624501174
0.0026530216928829	9.17525743803579e-05	9.17525743808886e-05	0.884133479354856	0.0479268690153578	0.0441097523798964	9.17525743803561e-05	9.17525743754244e-05	0.0208098672594898
0.014786966336048	8.97620681998387e-05	0.0132929822157575	0.865937001668284	0.0415038278059687	0.0435638316393681	0.00767237597366711	8.9762068197558e-05	0.0130634902245092
0.0212129269658266	8.80767683807423e-05	8.80767683805343e-05	0.878868345247645	0.0593060864038709	0.0228935035576558	8.80767683801928e-05	0.017086905292633	0.000368002227226683
0.0237522518606237	9.11326735617833e-05	9.11326735608213e-05	0.874835543282804	0.0668640363140928	0.024624107114448	9.11326735617829e-05	9.11326735627834e-05	0.00955953073378428
0.000841980021100596	0.010673561930863	8.9713226827796e-05	0.879846775692958	0.0378398496747052	0.0334782838742691	0.0243404667791095	8.97132268246935e-05	0.0127996555733426
0.0025518064825626	9.10087077596947e-05	0.00196617261236233	0.886373122175139	0.0634324523566511	0.0311254513539382	0.00173385549707075	9.10087077496608e-05	0.0126351221067669
0.00802516710798309	0.000132367762401415	0.000132367762407002	0.862345417051558	0.0750482837760976	0.0270091932770886	0.0023204874328642	0.00013236776241032	0.0248543480671896
0.0126874102990419	0.0206184979095295	8.83857752399852e-05	0.892552169759054	0.0344133599995154	0.015467306637618	0.0239960980695204	8.83857752398298e-05	8.83857752409764e-05
0.00678060051141234	9.3104937420806e-05	0.00149309122015548	0.899719508262596	0.0522243714837556	0.0264483505636361	9.31049374208042e-05	9.31049374216737e-05	0.0130547631461811
0.00727417650896213	0.0243800479436771	8.70634893248088e-05	0.86910122730851	0.0496388559431072	0.00853597435175387	0.0202071675481879	8.70634893242358e-05	0.0206884234171528
0.00864215291131378	0.000674129495222255	9.05213207635816e-05	0.873688340542402	0.0773101448333702	0.0369532775516215	8.91909236282442e-05	8.9190923625555e-05	0.00246305149805252
0.00971215327942665	0.00750484445795696	0.000861720777887558	0.867765771003793	0.0833675947065573	0.0223300781276743	9.38492027872726e-05	0.00827013924112655	9.38492027901106e-05
0.00473717174607895	0.0111583497293981	8.79298537457594e-05	0.913967593743257	0.0433679909686036	0.0174328996509199	0.00420164695535722	0.00495848749889101	8.79298537488467e-05
0.000133009325014631	0.0250550318803305	0.000133009325012385	0.860141714375777	0.0609380673748716	0.0115803367858891	0.0141682046892533	0.017107447803854	0.0107431784399976
0.00926695540868471	0.0158633149672266	0.000129964435746676	0.850304753753767	0.100086210934221	0.0172039165011154	0.00181892013886962	0.000129964435742276	0.00519599942462695
0.0132247284237645	0.00962987041594662	0.00714705857876824	0.85185639850112	0.0632408019794712	0.0356831515021124	0.00108631296129595	0.00926361204523863	0.00886806559228275
0.00536617673550577	0.00125870664533205	8.8319620018158e-05	0.911719853790078	0.0533402552196919	0.0224008237004035	8.83196200211305e-05	0.00564922504892822	8.83196200211303e-05
0.015439179413107	0.0250011093995024	0.0105240871231501	0.87319423236288	0.0639748982269932	0.0087047055525286	9.08019185789115e-05	9.08019185979164e-05	0.00298018408466218
8.95393056236574e-05	0.011260162953706	8.95393056275404e-05	0.955115910318304	0.0144132842093331	0.0114058078572937	0.00371713868042438	8.95393056172386e-05	0.00381907806407073
0.0270562055444845	9.04030004042775e-05	9.04030004048203e-05	0.884231976927007	0.0266815150789806	0.0177865979524932	0.00324223536208179	0.0305526410361801	0.0102680220979642
0.013734501241556	8.95120713546018e-05	0.034310372244235	0.845046531794667	0.0453562635687898	0.0240587817460404	8.95120713546035e-05	8.9512071350145e-05	0.0372250131906524
8.91190621149874e-05	0.00369450525356277	8.91190621101458e-05	0.883488277888159	0.0573374718659322	0.0291837209511376	8.9119062115835e-05	0.00846728663331652	0.0175613802215508
0.000134713334462931	0.00980333205736843	0.0105557357882831	0.904943321878281	0.0424047524043093	0.00564629159939649	0.00574044881671772	0.0132070648295282	0.00756433929165333
0.00621323718720922	9.30209230963733e-05	9.30209230932144e-05	0.89251895454133	0.0556614126109874	0.0391862020010179	0.00193383547413802	9.3020923094018e-05	0.00420729541603393
0.0190700746024713	0.0141487679308975	9.26357281986731e-05	0.924073351476485	0.0199755200788512	0.0223617429984807	9.26357282044441e-05	9.26357282068564e-05	9.26357282044453e-05
0.00507463161362419	0.00013085843259416	0.00119271359680492	0.893902623275121	0.0594550121022272	0.0131421853843544	0.00360773791227559	0.014378788767372	0.00911544891562635
0.0163325407090847	9.18480176797429e-05	9.18480176743689e-05	0.896872578303522	0.0293163693825088	0.039521460820036	0.00668436441016408	9.18480176848326e-05	0.0109971423216455
0.00387748832027124	0.0025538312534876	0.00357902661573031	0.896035356573109	0.0360771535645071	0.0387622004694003	0.00345681521890219	9.11409811073012e-05	0.0155669870034856
0.0250562557608159	0.00677217400379325	8.92423504506556e-05	0.892969654328576	0.0371543594959771	0.0159530511678771	0.00515499537151205	8.92423504507973e-05	0.0167610251705475
0.0079040274186903	9.46187271362654e-05	9.46187271362647e-05	0.91569285197146	0.0347425279389919	0.0332648498337114	0.00801726792860413	9.4618727133231e-05	9.46187271362653e-05
0.0086892497414555	0.0155585326895528	9.00792866815465e-05	0.899944240192734	0.0493075384527312	0.00403474079186845	9.00792866801453e-05	0.0202119493527304	0.00207359020556593
0.000829523673571806	0.00478036268967684	8.95052816666152e-05	0.926200595435348	0.0287549783653048	0.0289475964950118	0.0100886042104393	8.95052816612135e-05	0.000219328567319847
0.00954397141259247	9.24884079174736e-05	9.24884079167007e-05	0.852744286306131	0.0751315109411266	0.0340124430235685	0.00784560036957069	9.24884079144332e-05	0.0204447227232624
0.017273245841491	0.000143691790563555	8.7176179390006e-05	0.871189899247501	0.048896790790493	0.0370386713128574	0.0075065072983741	0.00823308901805821	0.00963092852127198
0.0218284027257337	0.0503640121932591	8.5933278633643e-05	0.863597376211499	0.0445314308095077	0.00441073678428699	0.0118699923744501	0.00322618234399513	8.59332786345697e-05
0.00615192943270963	0.0614844673118605	8.76728223138872e-05	0.872524373005009	0.0363979933175997	0.0117190057666447	0.00710041056609161	8.7672822315552e-05	0.00444647495545572
0.0242564106503326	9.08767205247392e-05	9.08767205247377e-05	0.91017421419231	0.0276816373922692	0.0328676439152131	0.00157415909066611	9.08767205245885e-05	0.00317330459763505
0.0329862201425454	9.0719676531575e-05	0.0217957775984602	0.805672936938504	0.0486909762162414	0.0297861180722184	0.0103131125944008	0.035507797832029	0.015156340929069
8.79355146038346e-05	0.0231888463729967	0.00372396549734936	0.877287173369436	0.0663431285367991	0.0058353718053072	8.79355146033107e-05	0.0233577078743012	8.79355146033123e-05
0.0163094897046366	0.0106033851754759	0.000127441371200131	0.873569101024788	0.0489943386006525	0.0224724870498125	0.019366127778196	0.00239038961245399	0.00616723968278441
8.85962126776602e-05	0.00396224948580537	0.00379179754521042	0.874626765104699	0.0577306431806282	0.00893294238824135	0.00851165967696916	0.00711334674428215	0.0352419996614863
0.00664023527951476	0.00529398908287034	0.000134419036132233	0.936145996514778	0.0260847904925787	0.00214529870077268	0.00273821880093136	0.000134419036115849	0.0206826330563065
0.0127838487919421	0.0241552277590696	0.00119037515074269	0.892171122382177	0.0417350860253995	0.027695907891482	8.9477333065339e-05	8.94773330567835e-05	8.9477333065339e-05
0.0176814744421177	0.0114837523639062	0.000139562207734394	0.894330631930204	0.0512708203831444	0.0161295744648407	0.00399981529284302	0.000139562207733401	0.00482480670747619
0.00257970970362175	9.28648396462109e-05	9.28648396479398e-05	0.894688586677408	0.0492955175633343	0.0284709654072903	0.0124156284928719	9.28648396522768e-05	0.0122709976365276
0.0136754329950881	0.0044427679920922	8.66429252448382e-05	0.915561164798808	0.0419302715481406	0.0151766901898273	8.6642925238124e-05	0.00212006305781392	0.00692032356774681
0.00793958676704508	8.90154898959494e-05	0.00748916084044767	0.899253561171746	0.0399782077738156	0.0384707265177503	8.90154898906517e-05	8.90154898951576e-05	0.00660171045951376
0.011249304664401	0.00190520825243903	0.00162330066147465	0.876973500552033	0.0604020049327706	0.019918367244723	0.0142488006398324	0.0135877314107668	9.1781641559851e-05
8.74829282955303e-05	0.00694634588147815	8.74829282672558e-05	0.86423407992626	0.0316453480907716	0.0749045539711209	0.00950840042912003	8.74829282729109e-05	0.012498822916414
0.000914211113056322	9.11692474486813e-05	9.11692474394209e-05	0.896628658591436	0.0457846986711923	0.0397719425101306	0.00992649104996205	9.11692474529098e-05	0.00670049032188177
0.0150833426670598	0.0187574658440869	0.00012737565460458	0.872146876099762	0.0525646044406104	0.0311277305972785	0.00274048923601901	0.000127375654616059	0.00732473980596257
0.0430973963848017	0.0115305589241146	0.159997029701809	0.592673798510175	0.0513738138684072	0.00937328228486002	0.0440953889771225	0.0772243571112058	0.0106343742375046
0.000193500277419317	0.00960777580582368	9.14048035883271e-05	0.919868257673177	0.0194307239193589	0.0246882368819104	0.00896391105759025	9.14048035840421e-05	0.0170647847775486
0.0150708775027292	0.0285248087273087	9.05785975444174e-05	0.870216637512867	0.05739398888661	0.0141468022314287	0.00441210884127044	0.0100536191026968	9.05785975446617e-05
