Basophils	Bcells	CapsularFibroblasts	cDC1s	cDC2s	CentralVeinEndothelialcells	Cholangiocytes	Fibroblasts	Hepatocytes	HsPCs	ILC1s	Kupffercells	LSECs	LymphaticEndothelialcells	Mesothelialcells	MigcDCs	MonocytesMonocytederivedcells	Neutrophils	NKcells	pDCs	PortalVeinEndothelialcells	Stellatecells	Tcells
0.00552144480797416	3.56977854526884e-05	0.00866256330525326	0.0270527563752205	3.5697785453452e-05	9.51118262143794e-05	3.56977854534566e-05	3.56977854534521e-05	0.852194837279797	3.56977854534563e-05	3.56977854534591e-05	0.0223922978194218	0.0496940222374022	3.56977854001798e-05	0.00285809498622107	3.56977854534574e-05	0.0276903636782366	3.56977854508632e-05	3.56977854541634e-05	0.00337443647341822	3.5697785453449e-05	3.56977854553459e-05	3.56977854534558e-05
3.45001153652713e-05	0.000934328323458487	3.45001153652718e-05	0.0407767534725864	0.0183179058237193	0.0194891291951577	0.00370844578417055	3.45001153652717e-05	0.831427417069249	3.49091393499656e-05	3.45001153652749e-05	0.0414281392695502	0.0043657414291273	0.00196261162125197	0.0112597608437232	3.45001153652721e-05	0.00913948337124024	3.45001152383005e-05	3.45001153661563e-05	0.00683463049601835	3.45001153657359e-05	0.010010243123235	3.45001153652727e-05
0.000623637215560912	0.00149465558789189	3.64951272686791e-05	0.0254241056475419	3.64951272686891e-05	3.64951272686905e-05	0.00981057567848849	3.649512726869e-05	0.82205325333021	0.00557541413997584	3.6495127268692e-05	0.0509834732561274	0.0550919479107941	3.64951272686821e-05	0.0107754004956502	3.64951272686901e-05	0.00813018081208055	3.64951272610245e-05	3.64951272739986e-05	3.64951272686904e-05	3.649512726869e-05	0.00583441917366812	0.00380149035205753
0.00252437344028714	3.48281778625666e-05	0.00878045667946276	0.0364977345484908	3.48281778588277e-05	3.48281778588265e-05	3.55677622862507e-05	0.00475680391794378	0.79385274143531	0.00365634667803296	3.48281778588246e-05	0.0404062702699798	0.0500032163354856	3.48281778593812e-05	3.4828177858824e-05	0.00718788175992521	0.0272511219062887	3.48281778534368e-05	3.48281778396486e-05	3.48281778588266e-05	3.48281778592351e-05	0.0246643753100794	3.48281778588267e-05
3.41764810308162e-05	3.41764810074847e-05	0.007343616824187	0.0371026085715753	0.00981343247221653	0.0320796952015869	3.41764810063386e-05	3.4176481006339e-05	0.801651542785802	3.41764810061916e-05	3.41764810063459e-05	0.0393541381186384	0.0383129735797553	3.41764810027389e-05	3.41764810063374e-05	0.0027509899309055	0.0046771286920312	0.00127026056633993	3.41764810178508e-05	3.41764810063389e-05	3.41764810063294e-05	0.0204037245971458	0.00486394736871272
3.56013250846967e-05	3.56013250995813e-05	3.56013250846966e-05	0.0169285291074602	0.0283849307500466	0.00377622093316219	0.00766158648106951	0.00321120221787882	0.85662738422699	3.56013250846965e-05	3.56013250846946e-05	0.0293350481610117	0.0322221864555202	3.56013250844069e-05	3.56013250846975e-05	0.00223815163920809	0.00671141993594842	3.56013248961719e-05	3.56013250925046e-05	3.56013250846956e-05	0.00755938590133537	0.00495233961460347	3.5601325084703e-05
0.00121078188108313	0.00918308704824411	0.00249698143100509	0.0365548476827615	3.58691917741151e-05	3.58691917741274e-05	0.00286391105584126	3.58691917756822e-05	0.877600308267376	3.58691917741162e-05	3.58691917741195e-05	0.0131850121569695	0.0260317937961224	3.58691918050437e-05	3.58691917741147e-05	0.00304841307776572	0.0184895148181764	3.58691917845949e-05	3.58691917623772e-05	0.00231008142663222	3.58691917735264e-05	0.00663070624847169	3.58691917794344e-05
2.38244465037468e-05	0.00196024894600985	0.0264102928212599	0.00891796699208368	0.0091910102099133	0.0326783301574808	9.08825065051764e-05	0.0230984514691659	0.802465194929649	2.38244465016079e-05	2.38244465016075e-05	0.0342381720143238	0.0162213253456116	2.38244464954848e-05	2.38244465016075e-05	0.00039519740429883	0.0149733423967385	2.38244464982794e-05	2.38244465001801e-05	0.00626352164492869	2.38244465015246e-05	0.0112404316936402	0.0116650358963864
3.42799539091633e-05	3.42799539091611e-05	3.42799539091634e-05	0.0183220117384853	0.0233923081618699	0.00878167709507293	3.42799539091634e-05	0.0101579137268198	0.804444546696591	3.42799539091628e-05	3.42799539091727e-05	0.0676658460265908	0.0389289322233262	3.42799539092286e-05	0.000164076700847577	0.00187328551660414	0.0125678936673217	3.42799539038048e-05	3.42799539093777e-05	3.42799539091635e-05	3.42799539092279e-05	0.0132901489995658	3.4279953909164e-05
0.00197800763745033	0.0022926907018151	0.0040138573127138	0.0176168103201806	0.019918010005051	0.0135471709167163	0.00428040917968614	3.48054611376709e-05	0.811962257687944	3.4805461137671e-05	3.48054611376695e-05	0.050128964611739	0.0378287673650493	3.4805461137677e-05	3.48054611376705e-05	0.00614431471078614	0.0114906543911453	3.48054611359041e-05	0.00225039455337198	4.80949116058518e-05	3.4805461137671e-05	0.0162211520056458	3.48054611376715e-05
3.59589523878883e-05	3.5958952398984e-05	3.59589523983155e-05	0.0307337543043285	3.59589523983158e-05	3.59589523983116e-05	0.0101755121252613	0.00931978339498033	0.805206239155297	3.59589523983173e-05	0.00589770269448404	0.0622150548391206	0.0459496164984764	3.59589523983095e-05	3.76206301761785e-05	3.59589523983153e-05	0.0173799009654309	3.59589525532202e-05	3.5958952400307e-05	3.59589523983178e-05	0.00123301959044271	0.0114202883730744	3.59589523983159e-05
2.54646832989592e-05	2.5464683299665e-05	0.00594714285444931	0.00975863825061712	0.0285753099100061	2.54646833002667e-05	0.0194578681387592	0.0061960211071804	0.824110239195357	0.00393503133959531	2.54646833002658e-05	0.0217200035262847	0.017232122429271	2.54646833002667e-05	2.54646833002677e-05	0.00355452803595033	0.00269244110202699	2.5464683298427e-05	2.54646832770467e-05	0.0337790994734768	0.0178040900555452	0.00500828243180542	2.54646833002675e-05
0.00458370085446567	3.6027121272086e-05	0.000903461560308477	0.0119787271919225	0.0230304092472782	3.60271212710312e-05	0.000757242171725731	0.0025906498431617	0.829292239096015	3.60271212710336e-05	3.60271212710337e-05	0.0407439819088001	0.0482526075992929	3.60271212876969e-05	3.60271212710333e-05	3.60271212710345e-05	0.0198475927686901	0.000857909384403402	3.60271212768296e-05	3.60271212710332e-05	3.60271212710658e-05	0.0167651800399193	3.60271212827817e-05
3.44432451270881e-05	0.000819730541346962	0.00937249545859254	0.0183055441623717	3.4443245125898e-05	0.0127074801833967	0.070029352704827	0.0318932666001086	0.71785822239232	0.0223197855986032	3.44432451254241e-05	0.040681902737627	3.44432451254254e-05	0.00691355545624668	0.0130837380950511	0.00689116806066328	0.00510233541398366	3.4443245123553e-05	0.00290832024736587	0.0067339753309593	0.0238435492780977	0.00441566553681917	0.00594769597599119
0.000238433530199106	3.63009924254029e-05	3.63009924170239e-05	0.0112696674713118	3.63009924170254e-05	0.0075412393227632	0.0104902725010219	3.63009924170245e-05	0.820878554058123	0.00649245409582685	3.63009924170248e-05	0.0642772463350711	0.0334175500425494	3.63009924163633e-05	3.63009924170243e-05	3.63009924170257e-05	0.0203031036843123	3.63009924288366e-05	3.63009924152302e-05	0.00830736615982535	0.00828864025150993	0.00733125896035756	0.000801203662940418
2.43536845221681e-05	2.4353684518029e-05	0.02342143845146	0.0472692866797004	2.43536845168833e-05	0.0123748028305987	0.00828783846843457	2.43536845168832e-05	0.824079971092248	0.00452264814705548	2.4353684516877e-05	0.0370202955049043	0.0225974071593911	2.43536845168384e-05	0.00126925107145459	2.43536845168851e-05	0.0048988468720791	0.000972829495395229	2.43536845183464e-05	2.43536845168847e-05	2.43536845168849e-05	0.0130174936975847	2.43536845168838e-05
0.0018103521857831	0.00231825829512759	0.0124343915877634	0.00908178849490887	0.0278152570152935	2.50565069841077e-05	0.0344243727451701	0.0216842606337032	0.810378945762089	2.7311969182756e-05	2.50565069841171e-05	0.031845143745121	0.0310715134355268	2.50565069841045e-05	2.50565069841052e-05	0.00962851975062889	0.00222546537930153	2.5056506986668e-05	2.50565069847068e-05	2.50565069841045e-05	0.000756764981622646	0.00225445783656852	0.00206780063331747
3.54841159159737e-05	3.54841159151823e-05	0.00478760464392278	0.0180953844146043	0.0069669946254543	3.54841159196316e-05	3.54841159196451e-05	3.5484115919643e-05	0.837369169706298	3.5484115919643e-05	3.54841159196454e-05	0.0325688411094435	0.0581098760668818	3.54841159196435e-05	0.000762814621646907	0.00383995185092956	0.0248875074280188	3.54841159170318e-05	0.0015140666805182	3.54841159196451e-05	3.54841158657033e-05	0.00629156057543347	0.00441590300179697
3.51612499968439e-05	3.51612499985521e-05	0.019621920049703	0.0240707488602331	0.00905145394203309	3.51612499985466e-05	3.5161249998547e-05	3.51612499985418e-05	0.817378571524016	3.51612499985475e-05	3.51612499985474e-05	0.0695282278891406	0.0219113534432543	3.51612499985414e-05	3.5161249998545e-05	0.00198247722519869	0.0159100700997351	3.51612499960223e-05	3.51612499949817e-05	0.00609479825825021	3.51612499985467e-05	0.013993282458462	3.51612499985472e-05
0.00159088857122139	3.53024934836419e-05	3.53024934873464e-05	0.0399458659955928	3.53024934856023e-05	3.53024934856027e-05	0.00902918429306399	3.53024934855877e-05	0.786065968724222	0.00134870404830147	3.53024934855994e-05	0.0766338444965999	0.0359019838352589	3.53024934851308e-05	3.53024934856037e-05	0.0101795752457504	0.0198747004714292	3.53024936876779e-05	3.53024934840564e-05	3.53024934856021e-05	3.53024934856029e-05	0.00400572679362033	0.0149999276029126
3.62502928323266e-05	3.62502928433794e-05	3.62502928323239e-05	0.0348875190092393	3.62502928323203e-05	3.62502928323238e-05	0.00739601725247914	0.00116845638245328	0.821923000578195	0.00462864434578304	3.62502928323229e-05	0.0605588174012677	0.0311969077393058	3.62502928323303e-05	3.62502928323251e-05	3.62502928323262e-05	0.0220357319208304	3.62502928643377e-05	0.00305073320778133	3.62502928323241e-05	3.62502928323225e-05	0.0126829183558011	3.62502928323099e-05
3.47601913600951e-05	0.00156820706392691	0.00374587180917132	0.02885451091286	0.00618180830085931	0.0437676528494497	3.47601913542054e-05	3.47601913542064e-05	0.846228315870646	0.00256020352861486	3.47601913542044e-05	0.0237060570004286	0.0113027524348888	3.47601913453856e-05	3.47601913542082e-05	0.00539816147469652	0.0117578141372396	3.47601913360953e-05	0.00113352734647856	3.47601913542057e-05	3.47601913542049e-05	0.013447515357213	3.47601913603589e-05
0.000227446050616142	3.63682701436238e-05	3.6368270149821e-05	0.0393540477650611	3.63682701498242e-05	0.0086781743421412	3.63682701498224e-05	3.63682701498212e-05	0.875115060738724	3.63682701498231e-05	3.6368270149791e-05	0.0221482347115023	0.0272115320106115	3.63682701501265e-05	3.63682701498223e-05	3.6368270149824e-05	0.0123601946463553	3.63682703123557e-05	3.63682701480573e-05	0.00477970795189003	3.63682701503523e-05	0.00961644600084642	3.636827014842e-05
0.00265644338729806	3.60387107272903e-05	3.60387107277749e-05	0.0192394782626939	0.039879465659499	3.60387107278011e-05	0.00132278230323415	3.60387107277864e-05	0.851703541022297	3.60387107277886e-05	3.60387107277897e-05	0.0322656495085901	0.0395013765924962	3.60387107275423e-05	3.60387107277896e-05	3.60387107277946e-05	0.00469407664198027	3.60387107215146e-05	3.60387107288552e-05	3.60387107277891e-05	3.60387107257309e-05	0.00823264467173028	3.60387107277888e-05
3.69524133703124e-05	3.69524134162292e-05	0.0153933407489747	0.0126734121673765	0.0148407755922471	3.69524133757221e-05	3.69524133757228e-05	3.6952413375723e-05	0.847944836926338	3.69524133757225e-05	3.69524133757229e-05	0.0451772907462451	0.0379857067035626	3.6952413375558e-05	3.69524133757233e-05	3.69524133757232e-05	3.69524133757226e-05	3.69524133700094e-05	3.69524133527516e-05	0.00606499874145561	3.69524133756358e-05	0.0167699032466059	0.00263240133992765
0.00135730541687021	0.00674806964298264	0.00837076985208919	0.0315459530484144	0.00793756312912368	0.0188974128227084	3.49657825041638e-05	3.49657825041637e-05	0.801790449850634	0.0106513422645465	3.49657825041644e-05	0.0414063666018851	0.0394317084730641	3.49657825208926e-05	3.49657825041636e-05	0.00196495882040544	0.0113001649388999	3.49657820492449e-05	3.49657825101089e-05	0.00173464633546361	3.49657825041637e-05	0.0165485967607729	3.49657825381132e-05
4.95904874465449e-05	0.00081951653636209	0.0055558114955347	0.0408634777103915	4.95904874465511e-05	0.00744761414129536	0.00102525848865647	0.00920329402952197	0.829869087426812	4.95904874465524e-05	4.95904874472358e-05	0.0393581543307138	0.0334073889478512	4.9590487446771e-05	4.95904874465526e-05	4.95904874465523e-05	0.0114042063748601	0.000694548564201966	4.95904874559107e-05	0.00346368278316724	4.9590487446607e-05	0.016392054296165	4.95904874378022e-05
3.57296083266976e-05	3.57296083459015e-05	3.57296083529754e-05	0.0343925368393533	3.57296083529758e-05	3.57296083529763e-05	0.00164365934161827	3.57296083529756e-05	0.857141700141293	3.81595826913001e-05	3.57296083529741e-05	0.0330611728545137	0.0324201005602102	3.57296083534207e-05	0.013291787318644	0.00284394990618463	0.00712505472074654	3.57296084357831e-05	0.0019198567038709	3.57296083529754e-05	3.57296083529745e-05	0.0156932667306671	3.57296082742291e-05
0.002768017076147	0.00620613261359681	0.00621186000840361	0.0280380732462179	0.0147897163679726	0.00809656818535747	4.96889418719283e-05	4.96889418678821e-05	0.824623299674154	4.96889418741967e-05	4.96889418741957e-05	0.0440211803956132	0.0331437626994476	4.96889418746982e-05	0.00194789610716405	4.96889418741962e-05	0.0199552459252213	0.000628143279485475	4.96889418781258e-05	4.96889418741967e-05	4.96889418741667e-05	0.00907321500248048	4.96889418748802e-05
0.00186086909118376	3.61059052794439e-05	3.61059052786563e-05	0.0296869848667346	3.61059052786542e-05	3.61059052786573e-05	0.0076800388535039	0.00916032295839764	0.799773051213608	3.61059052786566e-05	3.61059052786569e-05	0.0663401399909721	0.0300774284916613	3.61059052154404e-05	0.00633208029182393	3.61059052786577e-05	0.024748878181702	3.6105905272816e-05	3.61059052824724e-05	3.61059052786575e-05	0.0166649302199578	0.0072420049771727	3.6105905280991e-05
0.00321398091119731	2.44607974459124e-05	0.0177345699347737	0.0427213931859232	2.44607974464768e-05	0.0672421192373512	0.00107049776599391	2.44607974464782e-05	0.814433142029173	0.011920778821262	2.44607974464843e-05	0.0282825411236625	2.44607974464788e-05	2.44607974464761e-05	2.44607974464791e-05	2.44607974464778e-05	2.4460797446478e-05	2.44607978710002e-05	2.44607974482983e-05	2.44607974464782e-05	0.00702359878074428	0.00603938784268844	2.44607974464783e-05
0.00106726303719166	3.43484060087645e-05	0.00525120356640153	0.0334533174893106	0.00663030151459008	3.43484060085415e-05	0.00383753901160715	3.43484060085419e-05	0.81215970937203	3.43484060085419e-05	3.43484060085425e-05	0.0366733951810261	0.0492785879350909	3.43484059974988e-05	3.43484060085414e-05	0.00236222411196802	0.013873178709859	3.43484058004069e-05	0.00345852635898749	0.0053114902863865	3.43484059701348e-05	0.0210046289470722	0.0053294988246592
6.06708854992026e-05	3.47576293271026e-05	0.0108101534843064	0.0339782161165145	0.00344982382571937	3.47576293280241e-05	0.00164892262079487	3.47576293280237e-05	0.795836351074897	0.0151934056100554	3.47576293280261e-05	0.0500398624505341	0.0384921051133749	0.00262298676403775	3.58668595586319e-05	0.0010850886659035	0.0174111670464587	0.00206566951407935	3.47576293337036e-05	3.47576293280258e-05	0.00151071272468266	0.0162364201088548	0.00931403135875631
3.46166039841342e-05	3.46166039894702e-05	0.0128437155188304	0.0331767151086463	3.46166039890002e-05	0.0230104198348243	0.00339928211758244	0.00136230695157142	0.785995920630305	8.73047397249138e-05	3.4616603988996e-05	0.0226372569391252	0.0310858041773581	3.46166039889969e-05	3.63663433480974e-05	3.46166039889972e-05	0.0511281868477081	3.46166039822226e-05	3.46166039820208e-05	0.00886454936700618	3.46166039890281e-05	0.0173074824443095	0.00875313954377738
2.3979257990524e-05	0.00302149419897724	0.0194819139943077	0.0259121478437759	2.39792579899931e-05	0.0486384969521519	0.00291757526240731	2.39792579899917e-05	0.780386427082057	2.39792579899918e-05	2.39792579899929e-05	0.0429878175251399	0.018066016177542	2.39792580453595e-05	2.39792579899923e-05	0.00844541759006393	0.027923222907343	2.39792572381623e-05	2.3979257991844e-05	0.00808696691090027	2.39792579899934e-05	0.0138687317181377	2.39792579899922e-05
3.59678791370946e-05	0.00568880931563398	3.59678791560103e-05	0.0419474837872032	3.59678791560134e-05	3.59678791560156e-05	3.59678791560158e-05	3.59678791560169e-05	0.836081984813911	3.59678791560166e-05	3.59678791560165e-05	0.0361213823789116	0.0383596795632522	3.59678791557543e-05	3.59678791560156e-05	0.00154391782496051	0.0119078976267234	0.00427009823542472	3.59678791574843e-05	0.00723422519576646	3.59678791556373e-05	0.00989274394665354	0.00652016276170506
0.00088525333641456	0.00926367822314873	0.0108442430851595	0.0348703780932439	0.00344278522522184	0.0125330406184768	3.56630043791672e-05	0.00725271284901052	0.762262893085157	0.0100573444560345	3.40568664512715e-05	0.0884293164766053	0.0276059237465731	3.40568664512742e-05	3.40568664512757e-05	0.00869147251398191	0.0178164806882335	3.40568669881351e-05	3.40568664512039e-05	3.40568664512748e-05	3.40568664512587e-05	0.00370860983034343	0.00206180670232021
3.64336029918075e-05	3.64336030075933e-05	3.66741752420281e-05	0.0293326848701469	3.64336029979208e-05	0.0118248656706853	0.0043320941917903	3.64336029979203e-05	0.811216422302095	3.64336029979206e-05	0.000824867188928238	0.0344671757507031	0.0453117716518056	3.64336029979428e-05	0.00168610086371566	3.64336029979212e-05	0.0195884857636031	0.000914837232775237	3.64336030010485e-05	3.64336029979203e-05	3.64336029979202e-05	0.0261495827465283	0.013950101561995
3.58086370182239e-05	3.58086370277867e-05	0.00192398887944411	0.0304143361157059	0.0370382939146406	0.00861814173859295	0.00238399770690014	3.58086370279916e-05	0.790985404098634	0.00872241532754281	3.58086370279914e-05	0.0783086219466779	0.0277354490729838	3.58086370448418e-05	3.72429991399536e-05	3.58086370279917e-05	0.00621131144120901	0.000947614503481989	3.58086370345418e-05	0.00166830665364085	3.58086370289251e-05	0.00468259786813941	3.58086370279918e-05
3.45178821750226e-05	0.0147896646968684	0.00606656791241839	0.0401815016472084	3.45178821714094e-05	0.0157725176289871	3.45178821714114e-05	3.45178821714115e-05	0.812149325271819	0.00055616488661525	3.4517882171411e-05	0.0507556128549343	0.00491457102878261	3.45178821725142e-05	0.00250891931522719	0.00292385136199405	0.027518069171435	3.45178829487824e-05	3.45178821654826e-05	3.45178821714114e-05	3.45178821714135e-05	0.0212730570231063	0.000244998378113947
3.3381317830247e-05	0.00266099776946025	0.0242061507795524	0.0138583857386794	3.33813178302466e-05	0.000450141689450008	0.0231529794514045	0.0357587639026595	0.697372310818818	0.0195992785121368	3.33813178302466e-05	0.0399504493822855	0.0151258574514618	0.0880500654804934	3.83894784207597e-05	3.33813178302475e-05	0.0184702867655947	3.3381317827876e-05	3.33813178322056e-05	0.00286701387611581	0.0181718783608243	3.3381317830247e-05	3.33813178319129e-05
8.12766111955588e-05	0.00747009798085059	2.49404230817276e-05	0.0342888609191365	0.000757771076861916	0.000962230919244008	2.49404230817273e-05	2.49404230817271e-05	0.83789879418985	2.49404230817274e-05	2.49404230817331e-05	0.0627978519631961	0.0244225213408277	0.00903542524001747	0.000352136729057043	2.49404230817275e-05	0.0116949276260972	2.49404230799189e-05	2.49404230849307e-05	2.49404230817259e-05	2.49404230817275e-05	0.00996376074976582	2.49404230817282e-05
0.00468734899579466	0.00110800735791704	0.00806635799763597	0.0548154000812928	3.37574747913897e-05	0.00415890085718801	0.0703675714008508	0.013669698847418	0.708514070208327	0.0264664431208439	3.37574747913879e-05	0.0570276278831107	0.00743011646957567	0.00416422310440687	0.024618500470814	3.37574747913884e-05	0.00413660063857987	3.37574747904157e-05	3.375747477904e-05	3.37574747913887e-05	0.010499072767918	3.37574747989597e-05	3.3757474793072e-05
0.000635319698808804	0.0012287831991586	0.00155894607209558	0.0502783527275554	5.11093693732019e-05	5.1109369373203e-05	5.11093693731998e-05	5.11093693732022e-05	0.830321803583223	5.11093693732039e-05	0.000826979948022405	0.0420634129097316	0.0304066547158986	0.000927144017993767	5.11093693732028e-05	5.11093693732036e-05	0.0211725655992551	5.11093693875784e-05	5.11093693952087e-05	0.00515604848008502	5.11093693717522e-05	0.0111127586327395	0.0038001367216656
0.000539061554888938	3.61230300598599e-05	0.00200858523075904	0.0265095970825656	3.61230300863186e-05	0.0026998723008952	0.00556177890212676	0.00263713359852103	0.846529959293248	3.61230300863235e-05	3.61230300863093e-05	0.0350235831452428	0.0236296919350425	3.61230300896295e-05	0.0116210806124681	0.00624100355803744	0.0112424965879897	3.61230300895779e-05	3.61230300885954e-05	0.00137549096010344	0.0086096486556606	0.0117726694225425	0.00374548594932218
0.00331379402931688	0.00483335928556708	0.00335180595499381	0.0143274907354087	0.0162330040911566	0.00222243774717327	0.00241997729456647	0.00194360806093373	0.830819552313674	0.00118442447638798	3.54712704226823e-05	0.0456420435459899	0.0377148036446959	3.54712704231651e-05	3.54712704226842e-05	0.00181900340243293	0.00917606112218659	3.54712704155062e-05	3.54712704313152e-05	0.0114004724880255	3.54712704226826e-05	0.00687199142031877	0.00651334276463404
0.00113472300825125	0.0025939485243452	3.51219354090164e-05	0.0498720468835767	0.0046151238300667	0.00500768638406817	3.51219354090176e-05	0.000394237402830003	0.856889165357844	3.51219354090185e-05	3.51219354090208e-05	0.0236492118972386	0.0309412467853526	3.51219354355099e-05	0.00440218367182333	0.00542147494111271	3.51219354140553e-05	3.51219351139274e-05	3.51219354100385e-05	3.51219354090184e-05	0.00112870431413317	3.51219354140867e-05	0.0135990276455251
3.4694861072291e-05	3.46948610704259e-05	0.0255629245370726	0.0232840951410932	0.0138202142834196	0.00680880961969971	3.46948610722902e-05	0.000680865320163673	0.794228249633659	0.00136761424444091	3.46948610722904e-05	0.0487552660353092	0.0391342226702993	3.46948611573327e-05	3.469486107229e-05	3.46948610722895e-05	0.0198529781428103	3.46948612852433e-05	3.46948610762186e-05	0.00819288859846581	3.46948610722902e-05	0.0179302283014827	3.46948610606576e-05
2.43694519299047e-05	2.43694519241441e-05	0.0121733406371199	0.0417692949377115	2.43694519247026e-05	0.0203081016038363	0.00302971889613359	2.43694519246978e-05	0.81941474271534	0.00235268655941853	2.43694519246919e-05	0.0532675343680679	0.0103936996140479	2.43694518513468e-05	2.43694519246984e-05	2.43694519247007e-05	0.0231295086541378	2.4369451620904e-05	2.43694519253422e-05	2.43694519246986e-05	2.43694519246986e-05	0.013844569139537	2.43694519246968e-05
0.000793672219099659	3.45315980669965e-05	0.0122533484788878	0.0367806599395879	0.00357641907818284	3.45315980652168e-05	0.030499689475904	0.0272138088028386	0.748967731327225	4.67300992297004e-05	3.45315980652166e-05	0.0472500319305999	0.00968353589034004	0.0151085544745955	0.00553700888172372	0.00787697873983923	0.00212083471418956	3.45315980652386e-05	0.00671353286947511	0.000269309834001669	0.0338322202430389	0.0023824874925891	0.00895531911638919
2.39501906528962e-05	2.3950190652939e-05	0.0358772245949882	0.0487778451893468	2.39501906528961e-05	2.39501906528961e-05	0.00477998495677298	2.39501906528909e-05	0.809357628078326	0.0017329672044655	2.39501906528977e-05	0.0220904221746276	0.0362777685245214	2.39501906444926e-05	2.3950190652898e-05	0.000483578117666154	0.0250410606077544	2.39501906540916e-05	0.00260807378821105	0.00475010553334145	2.39501906529024e-05	0.0079598891328033	2.3950190652896e-05
3.49131993808628e-05	3.4913199359165e-05	3.49131993651551e-05	0.0381582593718414	3.49131993651557e-05	0.00128299159119869	3.49131993651553e-05	3.49131993651601e-05	0.841717687377134	3.90752342754231e-05	3.49131993651531e-05	0.0384019497545549	0.0318531022524517	3.49131993642315e-05	0.0109232396732131	0.00354829584418307	0.00838354208220546	3.49131993627971e-05	3.49131993720835e-05	3.66331538228736e-05	0.00858413799255933	0.0130945553410443	0.00362739833785105
0.00293153080038609	3.32633660684208e-05	0.00359175099038191	0.0548963912600601	3.32633660684208e-05	0.012855158699989	0.042381973968052	0.0708675689541362	0.679612315114235	0.000286529504402086	3.32633660684205e-05	0.0191659298346632	0.00322128849292106	0.0267046937014215	0.0194746819265516	0.00048980650084063	0.0299318304430795	3.32633660661096e-05	3.32633660669816e-05	0.00418769212129774	0.0281819590456192	0.00101931844555576	3.32633660684195e-05
0.000334980909860762	3.50521926881089e-05	0.000556751610463286	0.0500825549648924	3.50521926928482e-05	3.50521926931692e-05	0.00527108530768753	0.000600182401287565	0.840436323162731	0.00166551950325438	3.5052192692848e-05	0.0508012975173832	0.0361179155011803	3.50521926924066e-05	0.000575463608818811	3.50521926928486e-05	0.00831013904445748	3.5052192684016e-05	3.50521926953652e-05	0.00282296840975817	3.50521926928379e-05	0.00207429613130741	3.50521926928471e-05
2.47254311857485e-05	2.47254311846734e-05	0.00629451865852095	0.0409064201938518	0.0069372262796415	0.0116573252232168	5.17916412449615e-05	2.47254311837339e-05	0.822079989692861	0.00108399984419205	2.47254311837322e-05	0.0175128230295048	0.0434313817752974	2.47254311829537e-05	2.47254311837342e-05	0.0161537764177779	2.47254311840864e-05	2.4725431181253e-05	2.47254311787547e-05	0.00520587571557778	2.47254311839285e-05	0.0193857701041371	0.00905184711234329
2.55694822850855e-05	2.55694822883471e-05	2.55694822850883e-05	0.0072252682015382	0.013655935710747	2.55694822850848e-05	0.0183522550793194	2.55694822850885e-05	0.842716986320361	2.75978488744858e-05	2.55694822850898e-05	0.0486656151691972	0.0363802236788782	2.55694822616055e-05	2.55694822850895e-05	2.55694822850881e-05	0.0160955879588233	0.0067966626104914	2.55694822861745e-05	2.55694822850894e-05	2.55694822850907e-05	0.0097514641520814	2.55694822863658e-05
0.00364797244145901	3.49068170560774e-05	3.49068170560779e-05	0.0275960018155656	3.49068170560782e-05	0.0187470350457603	0.00534496517154373	0.00331587012698217	0.821498932780165	0.0079193872887788	3.49068170560731e-05	0.0384015094020303	0.0203208107388402	3.49068171369171e-05	3.49068170560822e-05	0.00311852786889991	0.0302551065483087	3.49068170555108e-05	3.49068170529119e-05	0.00236984564423983	3.49068170560782e-05	0.010483056638532	0.00666681713531246
0.00352477442334037	0.00323040581640889	0.000470171180499652	0.0220684060014617	3.58894420883915e-05	0.0154874643601349	0.0198010385943944	3.58894420883936e-05	0.818670471836019	3.58894420883946e-05	3.58894420883785e-05	0.0525900891844504	0.0125695833601923	3.58894420883956e-05	0.00325788370876331	0.0115886668058782	0.00162722915413621	3.58894420966431e-05	3.58894420901297e-05	0.00988596868696105	0.0108216604613901	0.0141190708892507	3.58894420901875e-05
0.0048934188895084	3.64270073100737e-05	3.642700728671e-05	0.0190929265951701	3.64270072867123e-05	0.0187174524702505	0.00574877906325719	3.64270072867094e-05	0.817274161007585	0.00661744686611633	3.64270072867178e-05	0.0536340257042517	0.0233719386167069	3.64270072867198e-05	0.0104770475492407	0.00105284671802047	0.0136118101785326	3.64270072884492e-05	3.64270073009502e-05	0.00128103162144585	0.00436381254940614	0.0159590156407038	0.00361287047147128
3.48968936018804e-05	3.48968935933037e-05	0.0117182065905936	0.0199527766659562	0.0384683586020962	0.00586598884911739	3.48968935962981e-05	3.48968935962979e-05	0.844213192802804	3.4896893596725e-05	3.48968935963007e-05	0.0242875391747292	0.0386798844772464	3.48968935958363e-05	3.48968935962976e-05	4.53175323639218e-05	0.00261826943487369	3.48968940101828e-05	3.48968935940339e-05	0.00341348078016229	3.48968935962978e-05	0.0103182223664872	3.48968935962977e-05
3.54664622407599e-05	0.00398717716747461	3.54664622417775e-05	0.0439740789568709	0.00562917477406099	0.0202102813690809	3.54664622419024e-05	0.00461131440060463	0.810973426683049	0.0106457399677423	3.54664622417785e-05	0.0260871080356677	0.0277489763996683	3.54664622423748e-05	3.54664622417776e-05	3.54664622417779e-05	0.0126570129345688	3.5466462241116e-05	0.00370943379828436	0.00393115391392566	3.54664622579311e-05	0.0254804569765693	3.54664622417767e-05
3.63333842884691e-05	0.00699234726707222	0.00289321533262936	0.0235812328865423	0.00716657733501006	3.63333842920707e-05	0.00883877009106079	0.00435839084887212	0.815691432273209	0.00108466489490637	0.00677802140285981	0.0468334491609955	0.0411162326522172	3.63333842920361e-05	3.63333842920517e-05	0.00451376280826424	0.0222475575033512	3.63333843036162e-05	3.633338429256e-05	0.00576401776654851	3.63333842921292e-05	0.00184966070211659	3.6333384292051e-05
0.00459400749134253	3.60830845654495e-05	0.000877482492056403	0.0284502341801071	3.60830845707377e-05	0.0101042365122492	0.00918450333696703	3.60830845707357e-05	0.819285906680579	3.60830845707392e-05	3.60830845707402e-05	0.0525570550077654	0.0229920784374835	3.60830845707394e-05	3.60830845707389e-05	3.60830845707393e-05	0.0234144945718082	0.000739498670522875	3.60830845721235e-05	0.00539038372654556	0.00790010070377601	0.0133155900498324	0.000869680377832075
3.52169871920698e-05	3.52169871785819e-05	0.0112060536074532	0.0406442432132718	3.52169871797572e-05	3.52169871797591e-05	0.00330087031754822	3.52169871797525e-05	0.848483095237183	3.52169871797572e-05	0.00268146778693108	0.0284401416428177	0.0425057396996973	3.52169871804451e-05	3.52169871797564e-05	0.00172418066529524	0.00369864132745852	3.52169871933229e-05	3.52169871913114e-05	3.52169871797598e-05	3.52169871792312e-05	0.0162488909108161	0.00064407174533413
0.000851233992524144	0.00124709493728413	3.63543300076557e-05	0.0301824454621384	0.000943121406660609	3.63543300076566e-05	0.000158298797272079	0.00236718241439504	0.83580079672333	5.41506513188811e-05	0.000791617245194307	0.0486802323050876	0.0359230279112199	3.63543300076303e-05	0.00783097684475999	3.63543300076558e-05	3.6354330007716e-05	3.63543300279749e-05	0.00269978579431409	0.0135062749788925	0.00977056308622115	0.00893871713931539	3.63543300058586e-05
0.000478734530463858	2.48421352666359e-05	0.00942289362244434	0.0572445464868177	0.00184987422559804	0.0104752583063866	2.48421352684238e-05	2.4842135268424e-05	0.834125395737209	2.48421352684262e-05	2.48421352684238e-05	0.030937374944032	0.0243285456491341	2.48421352703944e-05	0.00506322017360711	2.48421352684247e-05	0.0140430804997245	2.48421355973275e-05	2.48421352694775e-05	2.4842135268422e-05	2.48421352683432e-05	0.0117329702010315	2.48421352684207e-05
2.42064685615837e-05	2.42064685471452e-05	0.0156376957684006	0.0459209119575393	2.42064685596008e-05	0.0388662746499187	0.00418990048243389	0.0112926085684329	0.828232740584444	2.42064685595991e-05	0.00543697912969491	0.0222694107438773	0.0132771166566749	2.42064684843167e-05	2.42064685595983e-05	2.42064685595988e-05	0.00491499358807288	2.42064679245484e-05	2.42064685676756e-05	2.42064685595996e-05	2.42064685595989e-05	0.00833038113706037	0.00136471558000713
0.00447699358930154	3.48015604518814e-05	0.0050011650095904	0.0387457849315258	3.48015604518825e-05	0.0179029657253013	3.48015604518814e-05	3.4801560451886e-05	0.827355067817015	3.4801560451881e-05	0.00327546118118285	0.0307386798396744	0.0166588028445084	3.48015604517341e-05	3.48015604518791e-05	3.48015604518815e-05	0.0247405505360854	3.48015604489744e-05	3.48015604536498e-05	0.0145181692598111	3.48015604496318e-05	0.00865958114996707	0.00754396095107004
3.68039368152161e-05	3.68039367910595e-05	0.0065584470032585	0.0324156241649473	0.018306787613045	3.68039367874893e-05	0.0151844760502909	0.00516071215234366	0.817990676886006	3.68039367874894e-05	3.68039367874861e-05	0.0352387650373471	0.0351309706130168	3.68039367894818e-05	0.00878890995502961	3.68039367874893e-05	0.0071793445391848	3.68039371598829e-05	3.68039368096151e-05	0.0060789971800991	3.68039367873313e-05	0.0115614455003619	3.68039367666335e-05
2.44901334881309e-05	2.44901334888671e-05	0.00608166253606156	0.0419022342044874	2.44901334888797e-05	0.00444100311540183	8.50806494958347e-05	0.00405289318849805	0.845697968212409	2.44901334888782e-05	2.44901334888852e-05	0.0391540041610976	0.0336545319089653	2.44901334677044e-05	2.44901334888798e-05	2.44901334888798e-05	0.00914531982682451	0.00105194876062355	2.44901334946871e-05	2.44901334888719e-05	2.44901334885261e-05	0.0144394718342846	2.44901334888778e-05
3.61665441781733e-05	3.61665441764614e-05	3.61665441764617e-05	0.0399483225369083	3.61665441764582e-05	0.00841437008072833	0.00475572102957516	3.61665441764621e-05	0.840313269869803	3.61665441764625e-05	0.00690631771043033	0.0334136402126848	0.0262720589940128	3.61665441764631e-05	3.61665441764624e-05	3.61665441764627e-05	0.00390591058920639	0.00149606737647612	3.61665441774961e-05	0.0128569899547891	0.0068737574990768	0.0114954590412231	0.00298644966331857
3.51153966283801e-05	0.00238201501417021	3.51153966244755e-05	0.0337127681130045	3.51153966244725e-05	0.00616668565327128	3.51153966244753e-05	3.51153966244763e-05	0.866915288448112	3.51153966244759e-05	6.78335850259163e-05	0.0422890579613717	0.0143608432383702	3.51153966247241e-05	0.00993796256404935	3.51153966244737e-05	0.00563120217202848	3.51153966175574e-05	3.51153966196031e-05	0.00255265988763121	3.51153966263882e-05	0.00242628011280016	0.0131711338873015
5.04624008319547e-05	5.04624008316539e-05	0.00669903835138738	0.0339147375870792	5.04624008321787e-05	0.00460404938840218	0.0027577736244123	0.000904484896719213	0.834785933147957	5.04624008321768e-05	5.04624008321799e-05	0.0482563190732656	0.0231228479047058	5.04624008353775e-05	5.04624008321769e-05	0.00754349722925375	0.0211627393240504	5.04624008406131e-05	5.046240080381e-05	0.000317127158042688	0.0011133943768695	0.0143134339295353	5.04624008476915e-05
3.68181622488376e-05	3.68181622696443e-05	0.00423067308743855	0.0214435870882507	3.6818162257859e-05	3.68181622578578e-05	0.0173012659070283	0.0053549610053332	0.837555937758342	0.00380878295666222	3.6818162257865e-05	0.0469567847682027	0.0265811541510001	3.68181622578451e-05	3.68181622578618e-05	3.68181622578587e-05	0.0208792330647757	0.0014642657266019	3.6818162232739e-05	3.68181622578597e-05	0.00645269254701159	0.00502945306404763	0.0025730272527488
3.46638992867374e-05	3.46638992869339e-05	0.00840351621511717	0.0398080327376616	3.46638992835855e-05	3.46638992864459e-05	0.000411842705710553	3.46638992864481e-05	0.851379580898437	3.46638992864461e-05	3.4663899286447e-05	0.0192075026184339	0.0450544818664991	3.46638992368116e-05	3.46638992864435e-05	0.00106774380899064	0.00878602256359612	3.46638992809586e-05	3.46638992716538e-05	0.0104767178636844	3.46638992864473e-05	0.0144789006819969	0.000509691248507451
3.54576622496699e-05	3.54576622340888e-05	0.00742466900338656	0.038033590694637	3.54576622361104e-05	0.00363995208141466	3.54576622361103e-05	3.545766223611e-05	0.813189655034185	0.00249741959069961	3.54576622361202e-05	0.0364762818006906	0.0497143065862942	3.54576622455209e-05	3.54576622361109e-05	3.54576622361101e-05	0.0105925620162803	3.54576622432793e-05	3.54576622622348e-05	0.00948888102143232	0.00735047759504407	0.0211667126290399	3.54576622442085e-05
2.15625861115623e-05	2.15625861115179e-05	4.05172928128836e-05	0.0550053247181218	2.15625861115616e-05	0.00400565193680269	0.0683162756654953	0.134596785195935	0.556732435037247	0.0156627612983425	0.00170425574153992	0.0632835556751531	2.15625861115571e-05	0.0457281029024414	0.0157302750343939	2.15625861115611e-05	2.15625861115606e-05	2.15625861115604e-05	2.15625861115639e-05	2.15625861115608e-05	0.0389568710544876	2.15625861115615e-05	2.15625861115556e-05
2.49284773237901e-05	0.00207354783858959	0.00933619938318814	0.0385663863077785	2.49284773143614e-05	0.00905216985053092	0.00241022436834155	2.49284773143606e-05	0.848249233729968	0.00230200855903744	2.49284773143608e-05	0.0491362846430195	0.0239875985170835	2.49284773143608e-05	2.4928477314356e-05	2.49284773143613e-05	2.4928477314361e-05	2.49284773126129e-05	2.49284773156336e-05	0.00201023620080958	2.49284773143612e-05	0.00252372635115135	0.0100781710000356
2.48985453147906e-05	2.48985453200139e-05	2.48985453143447e-05	0.0235283719211616	2.48985453143447e-05	2.48985453143447e-05	0.0125013698001966	0.00094747079566903	0.808201589304823	0.00342823227210093	2.48985453143454e-05	0.0672497771847729	0.0254952266858242	2.48985460252974e-05	0.00916361547461332	2.48985453143447e-05	0.0159111560382801	2.48985453675517e-05	2.48985453155024e-05	2.48985453143446e-05	0.0205234427851915	2.48985453173288e-05	0.0127509651928206
2.40853987736214e-05	2.4085398773497e-05	0.012488098410623	0.0320836517605992	0.0272854376006634	2.40853988184649e-05	3.51556826535324e-05	0.0019635887887672	0.802309767882042	0.00625578949478036	2.40853987736202e-05	0.049599356605882	0.0263494921714176	2.40853987736211e-05	0.00251321930295084	0.0083572777871361	0.0119883822516874	2.4085398769434e-05	2.40853987744929e-05	0.00372381814904165	2.4085398773619e-05	0.0148301955227515	2.40853987736213e-05
3.51521197156561e-05	3.51521197183346e-05	0.00419800481304884	0.0397257721116116	0.00050347419320796	3.51521197156656e-05	3.51521197156689e-05	0.0029863303304583	0.818988158144449	3.51521197156688e-05	3.51521197156631e-05	0.0523918369398051	0.029626884686905	3.51521198805433e-05	0.0165216613233925	3.5152119715669e-05	0.0111260513363271	0.00336827406018925	3.51521197011633e-05	3.51521197156687e-05	3.51521197139203e-05	0.0201417266238659	3.51521197160776e-05
2.42661271577268e-05	2.42661271596887e-05	2.42661271603156e-05	0.0131116485294604	2.42661271603144e-05	0.0324370480977873	2.42661271603149e-05	2.42661271603246e-05	0.866235834781296	0.00969224353019886	2.42661271603185e-05	0.0293795016630597	0.00664299030930906	2.42661272220564e-05	2.84471237491896e-05	0.000880042436919733	0.0111686902269247	2.42661270397649e-05	2.42661271607231e-05	0.017758283790854	2.42661271606384e-05	0.0123740759845784	2.42661271603183e-05
0.00256503705910538	0.00124568106807629	0.00642447826246042	0.0290945800611728	0.00694959754742723	0.0135039193411014	0.00153265361876007	0.00813947006782436	0.836140358359892	5.70375885893699e-05	3.51416648480534e-05	0.0264875844417806	0.0421213712602989	3.51416648480535e-05	3.51416648480543e-05	3.51416648480545e-05	0.00800509930875226	3.51416648542304e-05	0.00392779312850775	3.51416648480549e-05	3.51416648480861e-05	0.0127250293324468	0.000834317899861077
0.006572823928764	0.00599342797083622	2.48204439562197e-05	0.0100028702806301	0.0334527384736952	2.48204439561862e-05	2.48204439562196e-05	2.48204439562182e-05	0.826384731476214	2.48204439562182e-05	2.48204439562149e-05	0.0312906368878673	0.0435511224806388	2.48204439562179e-05	0.0247499459409786	2.48204439562194e-05	2.48204439562232e-05	2.48204439543968e-05	2.48204439558697e-05	2.66258629769968e-05	0.00286112862229864	0.014813550995581	2.73721960026473e-05
3.52463897446364e-05	0.00912147788188066	3.52463897529473e-05	0.0536839051374284	0.00749323358459503	3.5246389752947e-05	0.00186044875957168	3.52463897529471e-05	0.837790382738488	3.52463897529476e-05	3.52463897529489e-05	0.0390724099239097	0.0294978024399331	3.52463897527556e-05	3.52463897529473e-05	0.00535879123367395	0.00421523062126038	3.52463902529794e-05	3.52463897535056e-05	3.52463897529482e-05	3.524638975314e-05	0.00354872088077735	0.00793464012095425
3.65165022946317e-05	3.65165023094077e-05	3.65165023048198e-05	0.0209940936396633	0.0247894850401003	3.65165023048185e-05	0.00557326593648918	0.0063324180214492	0.838435411567013	0.00428487888736524	3.65165023048163e-05	0.0317616621573504	0.0366271193463419	3.65165023939369e-05	3.65165023048201e-05	3.65165023048197e-05	0.0139914305992875	3.65165024874711e-05	3.65165023022863e-05	0.001941259508138	3.6516502304821e-05	0.0129730573673283	0.00189423640385702
