Bcells	CentralVeinEndothelialcells	Cholangiocytes	Hepatocytes	Kupffercells	LSECs	Mesothelialcells	PortalVeinEndothelialcells	Tcells
8.97523328650426e-05	8.97523328807129e-05	8.97523328755215e-05	0.96626629435806	0.00911040710634652	0.0120820164782709	0.00522800610220028	8.97523328917637e-05	0.00695426662360967
0.00360705069003611	0.0039261977358792	0.00154349752848902	0.968118013508363	0.0153292744878512	0.000125705893050312	0.00709884837054732	0.000125705892685816	0.000125705893097847
0.000691791392199068	0.0001350028779153	0.00381318190365099	0.957984467265569	0.0176128057425337	0.0124087650296024	0.00460988862239292	0.00158727311879653	0.00115682404734037
8.96722197577545e-05	0.00449146600324003	8.96722197437993e-05	0.952721495485848	0.0182938894964128	0.0111683644523692	0.0129660956831351	8.96722197530613e-05	8.96722197405469e-05
8.72013397259909e-05	0.0144774040541703	8.7201339717542e-05	0.952592496066696	0.0145027109009516	0.00884586807634757	0.00855755042260293	8.72013399736425e-05	0.000762366459814433
8.97787924942022e-05	8.97787927379007e-05	0.00655303314495396	0.973453467867071	0.00909918867753392	8.97787924011987e-05	0.00209525820109673	0.00824167781989315	0.00028803791181843
0.0042870555413283	0.000230049165021986	0.000652910156901658	0.983816067503216	0.00541355751973459	0.00189444560600578	0.00352661494508555	8.96497813372328e-05	8.96497813687189e-05
0.000961695749866455	0.00619418575001312	0.000125566839461144	0.950708845864411	0.0114770695236435	0.0041907071912723	0.0183441662357941	0.00453715295720076	0.00346060988833767
0.000166781922494798	0.00212679687771892	8.88962569816786e-05	0.95229358917507	0.0286381394100192	0.0112141186952723	0.00529388514851719	8.88962569443917e-05	8.88962569811011e-05
0.00151708454904894	0.00704970731128301	0.00382491562870885	0.954155205140617	0.0195479438165433	0.00601797985949444	0.00706205180682688	0.000127208092329723	0.00069790379514822
0.000132984362823362	0.000132984362771265	0.00694320365418525	0.94543548342148	0.0248665538960513	0.00966094270409357	0.008089153127509	0.00263530394888886	0.0021033905221978
0.00264043087930059	9.28686409267345e-05	0.0122458655769767	0.961940276603415	0.00770554952788394	9.28686411145919e-05	0.00378130011310108	0.0073083174350738	0.00419252258220753
0.00168314401557322	0.000598589105133717	0.000132492419110509	0.960971283399506	0.0160948246714386	0.0124839518141191	0.00526126527137679	0.000132492418865654	0.00264195688487602
0.00134500084765444	0.000844011029933394	0.0563455193587768	0.893455161705324	0.0119647121370351	0.000132606885237704	0.0178377941794684	0.00901269603723613	0.00906249781933376
0.000665002392988827	0.000135292497943864	0.00534530532081343	0.951519011908527	0.0241748867280478	0.00257756110910456	0.0027519917740829	0.0119792822880694	0.00085166598042218
8.89913264596944e-05	0.00268220752508748	0.00419060511358582	0.965733926494106	0.010307341209132	0.00209410739244215	0.0125383170944669	0.00227551251821392	8.89913265063408e-05
0.00414366915142129	9.21677229063387e-05	0.0201172654309656	0.946856588489187	0.0101328012809544	0.00132012352081756	0.0122998773298296	0.00408968361937417	0.00094782345454393
9.03470567374271e-05	9.03470566873338e-05	9.03470567378434e-05	0.963380529384389	0.0124515836551787	0.0152940965439757	0.00601748971465041	9.03470566993496e-05	0.00249491247494432
9.04832250852309e-05	9.04832250306167e-05	9.04832250916262e-05	0.962595004794574	0.0250087902774502	0.00185754754593778	0.0100862412566424	9.04832250983559e-05	9.04832250893113e-05
0.000128737268038373	0.000128737267955	0.00425637518528611	0.946869395832114	0.0322600530838154	0.00791287700540267	0.00100438865395538	0.000404432080569175	0.00703500362286433
9.19850693330464e-05	9.19850693022228e-05	0.00360451272580103	0.962453442339232	0.0244698571787279	0.0051297095201796	0.00270273134806223	9.19850693583073e-05	0.00136379168000327
0.000631974462280504	0.0118904818752883	8.78712824602897e-05	0.973750542281917	0.00661510582726037	8.78712824122232e-05	0.00519938090460675	8.78712823774637e-05	0.00164890080139687
9.20945527887201e-05	0.00392886050932741	9.20945528003912e-05	0.981535915187535	0.00855839517898103	0.00179150311590066	0.00299184794130339	0.00091719440857196	9.20945527917023e-05
0.00139901663519768	9.12846319501929e-05	9.12846319487377e-05	0.97763287871878	0.0108219512890001	0.00835860330058372	0.00142241152865682	9.12846319337123e-05	9.12846319493073e-05
9.43635617065208e-05	9.43635617747593e-05	9.43635617081439e-05	0.96696141758053	0.0140136963096694	0.00879354352451938	0.0085527256703763	9.43635617165651e-05	0.00130116266799887
0.00426011199182196	0.00892911734108342	0.000129707454860287	0.953233883201449	0.016481096305419	0.00467443086072285	0.00917676364147198	0.00298518174825915	0.000129707454912132
0.000462686610386079	0.0059935700191655	0.000127676159632269	0.967743112075429	0.0137159991746389	0.00276158162499926	0.00778090788474473	0.00128679029126247	0.000127676159741806
0.000129891499175097	0.0017935763672554	0.000129891499086697	0.976126432202799	0.0101447091896752	0.00332969963451277	0.00627796861864797	0.0013996168868524	0.00066821410199485
0.00159635495992071	0.00337283863810971	0.000126212805321842	0.964544050520425	0.0178685508576574	0.0053490506091394	0.00689051599860036	0.000126212805080729	0.000126212805745254
0.00013354028413662	0.000133540136841009	0.00471780252380836	0.948156184758256	0.0292669050737721	0.00194699626667461	0.00371762008530164	0.0104443988085262	0.00148301206268398
9.01752958717347e-05	0.0222012217332367	9.01752958732812e-05	0.958594128693952	0.00795324600907135	9.01752957618569e-05	0.00805215376520438	0.00283854861517973	9.01752958486897e-05
0.00170301665391078	0.00332159127343088	0.000606720524799107	0.959825084387977	0.0135836208127779	0.0086668622175278	0.00886433579457239	0.000124927081144532	0.00330384125385983
0.000129537331315874	0.000129537331439484	0.00128234620434103	0.95654671271507	0.0193007476184181	0.00499274423341222	0.0118256041442494	0.00438686352727352	0.00140590689448002
0.00244144788915174	0.0114731616064859	0.00122332571502109	0.94902985589698	0.0165431274372077	0.000125884765206225	0.0117244447028981	0.00408860259099413	0.00335014939605516
0.00106874554981389	0.0172611438304539	0.00168320050727129	0.94835452430714	0.0178382694731105	0.000366375514786805	0.0106221283628781	0.00230977111607347	0.000495841338472016
0.00236656979245822	0.00299187917392137	0.000130061657664454	0.964982471031988	0.0148656450911494	0.00629076118266322	0.00189088842960221	0.000130061657595221	0.00635166198295777
0.00512133631751028	0.00519812511096414	0.000126815872236465	0.932562231905908	0.0379107646614202	0.00624891104927103	0.00927942018228579	0.000126815872185715	0.00342557902821815
0.000131928996108286	0.0124250703578621	0.00101658009396063	0.953991207313154	0.0116031329565461	0.00433881293457278	0.00916958059136887	0.00276302909068541	0.004560657665742
9.16765168352605e-05	0.00586763693064513	0.000989092782645115	0.951911650612395	0.0354832350377334	0.001907851522675	0.00258548993358319	9.16765168341098e-05	0.00107169014665375
0.00546162345813289	0.00517711915571719	8.83244468059714e-05	0.95388607856341	0.0232482349974119	8.83244469196724e-05	0.00948851769347115	8.83244467643828e-05	0.0024734527913669
0.00504296006476389	0.00803529040674111	0.0197173849708005	0.895878451150476	0.0166313484890364	0.000129417448745429	0.0352182609042618	0.0192174691163915	0.000129417448783845
0.00180008322782767	0.0045795768482776	9.09545978956978e-05	0.96521696100787	0.0235812485552066	0.00103604966648161	0.00351321690065219	9.0954597901914e-05	9.09545978870658e-05
0.0105016059065063	0.00092783795751853	0.0561301076194252	0.892212272619269	0.0237351239788289	0.000131332489264623	0.0115562912266874	0.00467409571334971	0.000131332489149769
0.00108733856565552	0.00339503412244701	0.000129790110744975	0.970094858406285	0.0170366511347731	0.000155089137933978	0.00335144648647857	0.00196668949141971	0.00278310254426203
9.14757308801928e-05	9.14757308520813e-05	0.00300186379120768	0.971894508708001	0.0109848114148236	9.14757308698003e-05	0.00875003221026316	0.00431807717237464	0.000776279510727367
0.00279610428934268	0.00249802582190343	0.000643417567186284	0.961959613943419	0.0177417914611246	0.00515136762032985	0.00282943203144045	0.00215174421564895	0.00422850304960455
0.0012536509695573	9.01869722625954e-05	9.0186972184942e-05	0.982454512861094	0.00664179164487325	0.0014585989876297	9.01869722012837e-05	0.00477169275756737	0.00314919186262984
0.0015323209990265	0.0022592310947721	8.91723152022407e-05	0.946872160752619	0.0222868151781637	0.00755234518293036	0.0163912755706628	0.00187561190701849	0.00114106699960498
8.94446175494145e-05	0.00522491053627964	0.00131478141040976	0.963381357124887	0.0214513294468053	8.94446175480131e-05	0.00679631999069346	0.00156296763828387	8.94446175437282e-05
0.00218651984328365	9.17541161600087e-05	0.0265818531211066	0.910470266442177	0.0160666031352448	9.17541161074387e-05	0.0130181756647932	0.0164753136051046	0.0150177599560231
8.77615264463742e-05	0.00176361632354924	0.00173885537916897	0.963933299086073	0.0100738382975329	0.0049439677734147	0.0145324503954094	8.77615264683383e-05	0.00283844969193733
0.000128974113155131	0.000128974113095681	0.000128974113205331	0.967879193144418	0.0134379312634081	0.00468372590326334	0.00654170648391929	0.00557857812515782	0.00149194274037715
0.0112176330529792	0.00324167116275152	0.0382239174121144	0.882974357744146	0.0166601589939011	8.98084915636216e-05	0.0271751984294115	0.0183865438446025	0.00203071086853045
8.98383202052673e-05	8.9838320247572e-05	8.98383202137893e-05	0.970390488317653	0.0200203248962466	0.00698141043335619	0.00215858475172215	8.98383201442261e-05	8.98383202117624e-05
9.10386156628918e-05	0.00693058129892919	9.10386156824947e-05	0.967693576011427	0.00371303636924417	0.00683406264829257	0.00956119006407159	9.10386158111217e-05	0.00499443776087933
9.33649398807564e-05	0.00240374321771703	0.0075395623515576	0.96525920535421	0.0168562104503481	0.00207394308536431	0.00406902952867921	9.33654200938365e-05	0.00161157565214875
0.00346189427917949	0.0084554442782874	0.0047797443221768	0.958478790031528	0.0181517562274683	0.000609793744261642	0.00401044395829027	0.000129744996319419	0.00192238816248848
0.0012209436499986	0.00277494209095471	0.0128306421576728	0.953222777650388	0.0191902663603621	0.000131767803191644	0.00589097539340169	0.00460591709090188	0.000131767803128094
9.34954840306105e-05	0.0102670502687938	0.00281479029175222	0.952547454805794	0.0210277666709924	9.34954839801384e-05	0.00788386567401449	0.00175520022891732	0.00351688109172517
8.89263927611775e-05	0.000879134226489711	8.89263927935242e-05	0.975462827675773	0.00722455666252585	0.00567461850457292	0.00775013924220911	0.00274194451004502	8.89263928295765e-05
0.00364434227216133	0.0118484706535286	9.28522784408973e-05	0.960877713397043	0.011117006779293	0.00267087034360398	0.00771411282515895	9.28522784447794e-05	0.00194177917232509
0.0066588304369338	9.26842788610323e-05	0.00480471646685434	0.95250884034643	0.0183794224327716	0.00851638130421769	0.00259477343322097	9.26831385091141e-05	0.00635166816220094
0.00244436073129897	0.0029259029912018	0.00192523295202935	0.955373359889751	0.0236863730296408	0.000132222914163695	0.0033368365804936	0.00818132635655673	0.00199438455486357
9.0214621010081e-05	9.02146210062903e-05	0.00169978928082582	0.967881842110928	0.00873746842044082	0.0101670534219473	0.00933001542120263	9.0214620934988e-05	0.00191318748170421
0.00146052534353405	9.29175935043389e-05	9.29175935723136e-05	0.963138223154212	0.015736778615544	0.00310421473480982	0.00506820172339567	0.00937035822398522	0.00193586301744244
9.08315179172681e-05	0.0066045625918889	9.08315179295205e-05	0.965347167328088	0.0157476269020658	9.08315179101517e-05	0.00830072394337915	9.08315179302016e-05	0.00363659316289118
8.84190388177777e-05	0.012306770292067	8.84190387521369e-05	0.970708350542319	0.00565605228029171	8.84190390233781e-05	0.0073487367950105	0.000372880813473311	0.00334195216024527
0.0019622411535117	0.00510533021648673	8.71854174617948e-05	0.961022829113864	0.0143029018576127	8.71854174960228e-05	0.00632871712475344	0.00227486328543404	0.00882874641337985
0.00158646881889294	0.00013539334009974	0.00805474775110303	0.959391506322585	0.0135325086157863	0.00484376802838619	0.00789750576060269	0.00324802792451677	0.00131007343802764
8.94545785701154e-05	0.00365784251172324	8.94545785811715e-05	0.97265147107048	0.012482298047006	0.0029704175044266	0.00623786351573969	0.0017317436148966	8.94545785766735e-05
0.00139599147880035	0.00588940047530395	0.00170597895180773	0.968366441064614	0.0128343824933784	0.0014238255829408	0.00256373140853388	0.00353900661372096	0.00228124193090018
8.80046665377126e-05	0.00184520325085191	8.8004666551078e-05	0.982020231156119	0.0117924309657982	8.80046666640481e-05	0.00177475659034384	8.80046667213828e-05	0.00221535937041286
0.000126885666383788	0.00327993599290147	0.000785677652801178	0.96547751751699	0.0186260141451517	0.000126885666675912	0.00754725702833603	0.00331550636986752	0.000714319960892559
9.33261250231678e-05	9.33261249376027e-05	0.00691809656323205	0.963786997362473	0.0188252237152919	9.3326125155007e-05	0.00259343570674639	0.00571322495387609	0.00188304332326472
0.00106442225576997	0.00183299690741523	8.83035844897779e-05	0.970924101223243	0.00650221606844017	0.0089260648160248	0.0104852879755497	8.83035845410481e-05	8.83035845257999e-05
0.000130022888653941	0.00466944999513126	0.00293216350054602	0.954897662881123	0.0138633784897015	0.0053038524360436	0.00746543086716298	0.0106080160530531	0.000130022888584292
0.0267953976668739	0.0100292644507287	0.082191162172595	0.783139553270315	0.0270219027809144	0.000129273758081957	0.0419657611783314	0.0259566505156847	0.00277103420647519
0.00109376340797068	0.00353400047648402	0.00103244807468066	0.975521888875906	0.013751882522986	0.0013499295830397	0.0019991006318635	0.00016601617254779	0.00155097025452139
0.00226603551893887	9.24286509935494e-05	0.00856255471924823	0.944314047390242	0.0249206950022341	9.2428650986502e-05	0.00170033436601758	0.0113904429678544	0.00666103273348468
8.8808151744737e-05	0.00267295118922818	8.88081517526336e-05	0.962618542432937	0.0213200743979401	0.00148783852135093	0.00842947875586473	0.000868694942260121	0.00242480345692125
9.10947273546191e-05	9.10947274545554e-05	9.10947274093966e-05	0.960236610868453	0.0197227065889665	0.00435784270320647	0.0139048849618669	9.10947274538947e-05	0.0014135759678347
8.87034951445481e-05	0.0101916986985236	8.87034951928293e-05	0.978139148010708	0.00822007519116282	8.87034951300098e-05	0.00286006296777187	0.000234201151173726	8.87034951928291e-05
0.00189371264991483	0.00452786411836644	0.000128347047887792	0.962649582966179	0.0106581886899475	0.0109075865636275	0.00757832494307747	0.000242186428325975	0.00141420659267367
0.00221874572629382	0.00369209290239189	9.12022190688673e-05	0.964411606608186	0.0121437576834919	0.00306051440889526	0.00835097935002093	0.00593989888258699	9.12022190646157e-05
0.00308170127968829	0.000735991112656392	0.000600866182187326	0.975572787746405	0.0115656516132544	0.000783299727147848	0.00149970939224808	0.00137105064601624	0.00478894230039599
0.000134254206244491	0.00244681880387634	0.00194877109632692	0.970155642965979	0.0101477658295074	0.00291223821435774	0.00533199379101678	0.00391845814441948	0.00300405694827219
0.000131050081304473	0.00518579332885721	0.00248535295816444	0.954447060763368	0.0147447061853266	0.0121506174680697	0.00647436264333675	0.00226578006150657	0.00211527651006637
0.0015379863671823	0.00765071201056255	8.89196776841038e-05	0.973504648450127	0.00218646616441741	0.00464596574611575	0.00783613206623094	0.00246024983995505	8.89196777244961e-05
0.00221017680866989	0.00729262038679779	0.00285063445472863	0.950782922926858	0.0226279792722906	0.00162537235883867	0.00841765289850657	0.00294718073990731	0.00124546015340294
0.000127510781015358	0.00496838895909581	0.000127510781000735	0.949397838586153	0.0254379766071069	0.00422762478396946	0.00943487852211041	0.000496338182332926	0.00578193279721571
8.78845181620394e-05	0.00180089713422779	8.78845181011945e-05	0.972564046876021	0.00851985751969694	0.000911634175326679	0.0032167104665619	0.00334682982411993	0.00946425496778237
0.000669268616444615	0.000133126933471718	0.0115650728253505	0.971197545216783	0.00738161677880191	0.00361051876965636	0.000927121940863538	0.00418829332797467	0.000327435590654043
0.000667617728892538	0.0202228364804861	0.000245389905492739	0.964107022915992	0.00778114402309666	8.90983220578538e-05	0.00585546405850196	0.000942328243597762	8.90983218825611e-05
0.00294774668490009	0.00679091115081488	0.00174277648607533	0.948263143592921	0.0258128293077	0.000131780835621362	0.00566584913422523	0.00578226752574718	0.00286269528199499
0.000645907302655241	0.00455872453279869	0.00191347695117874	0.965486793729584	0.007117296798077	9.05241822362323e-05	0.0127274176462246	9.05241820318082e-05	0.00736933467521379
0.00173311233283638	9.20963731881353e-05	0.00846983168335722	0.955972862331283	0.0257538370252165	0.000106747732894543	9.20963730953761e-05	9.2096373219497e-05	0.00768731977490897
0.00307467677895211	9.42373549095964e-05	0.00568999762728782	0.960578896828143	0.0173898217924111	0.00503165361641928	0.00705471077308063	9.42373549163194e-05	0.000991767873880347
8.96441770132709e-05	0.0103105973760208	0.0041387940081898	0.966332650022376	0.00854853942771436	8.96441772254015e-05	0.0035197436954926	0.00140513209080788	0.00556525502516003
0.000133126720754398	0.0053904682204163	0.00147558019097268	0.95883637341627	0.0215289942828772	0.000138154709480363	0.00781447818006968	0.00400081496509624	0.000682009314062788
0.00336325213386613	0.00396042743460418	0.00013013732793846	0.967007101507435	0.0110559307576233	0.00539637785908939	0.00544209605046233	0.00246941309562442	0.00117526383335713
8.74886181377229e-05	8.74886182051502e-05	8.74886180970421e-05	0.964199266979618	0.0229052753021615	0.00374320472999736	0.0040286345776464	8.7488618250544e-05	0.00477366393788647
0.00119672583966307	0.00687739287875173	0.000652831967586359	0.983152647675618	0.00427156586383507	0.00114135291903683	0.00252637562327973	9.05536161513548e-05	9.05536160777678e-05
0.00210752526069655	0.00458642629007537	0.000131684914534355	0.952923952414586	0.0264394561824023	0.0035458157135982	0.00959128139326403	0.000161426386119911	0.000512431444723577
8.98722118481339e-05	8.98722119756247e-05	8.98722117755149e-05	0.985457202757054	0.00447784460978108	0.00530288549195722	0.0014144541513237	8.98722117599313e-05	0.00298812414252528
8.98193438783957e-05	8.98193438308444e-05	8.9819343810494e-05	0.975123099916383	0.00791565859037527	0.0127080873552195	0.00380405741924613	8.98193434907016e-05	8.98193437660995e-05
0.00148538390255121	0.0045901406073401	0.00492499420512442	0.960178622387822	0.0214175008805555	0.00132848637464115	0.00259351686427342	0.00335184039549373	0.00012951438219829
8.99770082202839e-05	0.00892631859131894	8.9977008176725e-05	0.958568010800575	0.00685465520022171	0.0118979407212999	0.0128492489040591	8.99770081494262e-05	0.00063389475797942
0.00222962568690925	0.000132608451695953	0.00125670936850649	0.946648490070088	0.0213348963423745	0.000132608451713353	0.0110561484625555	0.0103049341896215	0.00690397897653543
0.00122615636734033	0.00276197594487131	0.00306287991798603	0.972121867792397	0.0112375518555191	9.14539249670526e-05	0.00178368340174348	0.00308232984788832	0.00463210094728752
0.0076729455084659	0.00839640502800965	9.54916425361632e-05	0.948419253402357	0.0345920310856603	9.54916425601019e-05	0.000537398405433816	9.549164253186e-05	9.5491642444889e-05
0.00643443158823027	0.00954609218285806	8.72903880976947e-05	0.957101847743577	0.0116274285028191	8.72903881162415e-05	0.00919771311594385	0.00583061570230293	8.72903880546021e-05
0.00169823758652758	0.00406353947836709	0.00263151472940715	0.961284923444374	0.0159832863368952	0.000132889694047595	0.00604560187624285	0.00802711716017377	0.000132889693964731
0.00478895148495457	0.0142517516637656	8.87668784291038e-05	0.959740731505648	0.0140723382146702	8.87668783457466e-05	0.00351260717771351	0.00030851594157591	0.00314757025489695
0.00365640504473	0.000337981948756754	0.00913752909972881	0.961531378324839	0.0120607458575274	0.000133013765807926	0.00601411421631818	0.0069958179763471	0.000133013765944778
0.000128412830242661	0.000128412830366824	0.00059923366284263	0.965362657109292	0.0143007698945897	0.0126074534727612	0.00425841997066985	0.00248622739888342	0.000128412830351958
0.00298919354141209	8.95109360756476e-05	0.00187048290626802	0.973497688682722	0.00985339302013156	0.00352023159325135	0.00800047744801493	8.9510935991044e-05	8.95109361337334e-05
0.00153025272393687	0.00468288744883233	0.00770071779593069	0.952712618295756	0.0301242301599696	9.32148851931542e-05	0.00296964891993485	9.32148851985919e-05	9.32148852483237e-05
0.000132076861507579	0.00194554811554788	0.00154574358884472	0.945297615209025	0.0327703459544001	0.00229273727101266	0.00614089721746397	0.00974295892067262	0.000132076861525534
8.96486142548357e-05	0.000515848151645276	0.00205454291535348	0.969517211927928	0.0084057914606184	0.00641183606891561	0.0128258236327738	8.96486142415865e-05	8.96486142688531e-05
0.000674167760917225	0.00714167328394603	8.80501993994902e-05	0.970629145129318	0.0178837287174809	0.00210174546691017	0.00130538904339557	8.80501991800613e-05	8.80501994532357e-05
0.00198719684958112	9.05413567334004e-05	9.05413567974868e-05	0.972012012274736	0.00959697682076057	0.0111120440112436	0.00492960461657049	9.0541356784175e-05	9.05413567933404e-05
0.000134370037170002	0.00631447986393465	0.00230665925741293	0.953434552558192	0.0256849806339244	0.00165464057870695	0.00512786491282216	0.00322682855080405	0.00211562360703332
8.99980290563981e-05	8.99980290982195e-05	8.99980290548562e-05	0.971664104559213	0.0170021118261297	8.999802909901e-05	0.00718944056160216	0.00369435290769624	8.99980290506229e-05
0.00233720039509578	0.00233040353421734	8.79808346341125e-05	0.968367209322029	0.0131395057986925	0.000691319717963292	0.00395188972218878	0.0032204136968422	0.00587407697833727
0.00157349592276604	0.0208577768481975	0.000829985481314165	0.940375920516525	0.00716726592604578	8.75956826536861e-05	0.0269827574891143	0.00133167499500354	0.000793527138379905
8.86593783323559e-05	8.86593780129156e-05	0.00454025837818966	0.97480188806014	0.00373057317737886	0.00928319773946033	0.00728944513226896	8.86593782240865e-05	8.86593779927826e-05
9.06794782868937e-05	0.00289946116260493	0.00287446877161392	0.961576980876648	0.0181375663807192	0.00162388198504692	0.00646723293265121	0.00623904893409429	9.06794783346816e-05
8.89500386130928e-05	0.011104585249827	0.00109515076095819	0.958005312223664	0.0163671220519897	8.89500385713441e-05	0.0130720295591935	8.89500385772296e-05	8.89500386059461e-05
0.000716628126052788	0.000935311550587004	0.00194390761236509	0.96595372920828	0.0099115284286831	0.00941598784838963	0.00368521970334706	0.00730747073052013	0.000130216791775475
0.00207528733258188	0.000297279414996556	8.81751505918952e-05	0.971434138245358	0.0118590715363875	0.00796230886549731	0.00610738915328215	8.81751506276445e-05	8.81751506773036e-05
9.34657021093387e-05	9.34697876184492e-05	0.00356750397553651	0.9589357721652	0.0178838934059474	9.34657020502965e-05	0.00781252559583121	0.00390431869956298	0.00761558496614409
0.000166528167381254	0.00616383013853389	0.00366431945333189	0.969331929850046	0.0131899464863988	9.49642605417273e-05	0.00711614191136506	0.000177375471799789	9.49642606015487e-05
0.00285944277190364	0.000133432389591431	0.00618745698472002	0.939711414987964	0.037114041525123	0.00436294198679505	0.00837742090668025	0.000292387999161254	0.000961460448061506
0.00341159696962428	0.000133995080866629	0.00752958680077132	0.958537433281121	0.0097694396534382	0.000133997092913616	0.00537717881926782	0.01391543778399	0.00119133451800674
0.0114187089549139	0.00992632266838579	8.94438362319141e-05	0.953279874378582	0.0178146516136989	8.94438364051936e-05	0.00582447801194185	8.94438362415212e-05	0.00146763286359937
0.00237207587746744	9.30072174181025e-05	0.003615920953304	0.954649743221514	0.0223041104851949	0.00755318168238298	0.0049946305715841	0.00432432277369123	9.30072174433105e-05
0.000133158843052143	0.000133158843014601	0.0039270594143637	0.960373924392309	0.0205416058848347	0.00181140726029688	0.00365397482423487	0.00662814098323518	0.00279756955465852
9.37487883983297e-05	9.37487884043887e-05	0.0195064870268456	0.932036849362548	0.00744764998198894	9.37487883741689e-05	0.0164406171652994	0.0215196684410017	0.00276748165713909
0.00217828888742595	0.0093855346348025	8.94103112591884e-05	0.964094193599516	0.0121070135812304	8.94103113300838e-05	0.0116970670038518	8.94103112677774e-05	0.000269671359316736
0.00013535287521101	0.000929715820886238	0.00666520279402472	0.966563068967945	0.0143237952954342	0.00111876245221025	0.00593315879238236	0.00419559012662693	0.000135352875279145
9.29826120245724e-05	9.29819027286131e-05	0.00581823582695315	0.960870472077553	0.0138405216548899	0.00690465384886791	0.00526064879494376	0.00627858980196023	0.000840913480078753
0.000285464881484356	0.00916337778789685	0.000127992583658597	0.976243522226945	0.00653908059477676	0.000127992583869769	0.00621706825551175	0.00116750850205901	0.00012799258379833
0.00505434994296176	0.00594388598280855	0.000969981400916209	0.966571694407712	0.0104531988742142	0.00302193987332576	0.00780842046549495	8.82645262700459e-05	8.82645262966344e-05
0.00213936574948287	8.89035653565511e-05	0.000847239954431361	0.987479810917107	0.00617405469253065	0.00213494505783711	0.00045293130538753	8.89035652753557e-05	0.000593845192591688
0.00136011791545867	0.000133734905851892	0.000133742997732169	0.955267067810397	0.0188084676243968	0.00831713802325527	0.00346774439651267	0.0115204622907453	0.000991524035649931
0.00635219338224886	0.000134397648984539	0.00120085471959213	0.943078394648227	0.0263437423843264	0.000134397648918001	0.00387272127172363	0.0103043437513724	0.00857895454460712
0.00285485313780072	0.00213599241674512	0.0025795934441788	0.974434851179285	0.0103453030293866	0.00377094791832327	0.00276791501687809	0.00102143974077472	8.91041166280379e-05
9.1013132075241e-05	9.10131321030831e-05	0.00188144618239164	0.977344301606546	0.0117250016762514	9.1013132038137e-05	0.00414586491921202	0.00453933308728912	9.10131320940044e-05
0.00980607723619395	0.00414070022159411	0.0022675164163338	0.965104076870845	0.00997375475105408	0.00184770535208646	0.00667874057054117	9.07142906315657e-05	9.07142907196644e-05
0.00287015565722428	0.00268056376640149	0.00891701689542912	0.95394583775399	0.0195889142942609	0.000133930954461313	0.00381123547010624	0.00542250225395603	0.00262984295417052
0.00411217332209355	9.35403117721497e-05	0.0178315689322374	0.952677315630028	0.0150365436605777	9.35391239371878e-05	0.00771348895247705	0.00234829094285172	9.3539124025543e-05
0.000127374325512886	0.00094782461725618	0.000127374325458618	0.970213179697836	0.0120649346107391	0.00571971877883508	0.00646685802053859	0.000963308205554781	0.00336942741826926
0.000512809269385795	0.006581713034165	8.91972471838003e-05	0.970188420988078	0.0076914353032569	8.91972471498494e-05	0.0136346832642918	0.00112334639930623	8.91972471823912e-05
0.00187908274519152	0.0034538910719134	9.0497944323456e-05	0.966721915276003	0.0128017238052543	0.00712369598301694	0.00774819728565946	9.04979443128828e-05	9.04979443249853e-05
9.20839191542429e-05	9.20839190640423e-05	0.00546918932384973	0.973229047155701	0.0110110233483434	0.00402489051143697	0.00242348219023715	0.00356611571304886	9.20839191641558e-05
0.00109381523145901	0.000225778949508612	0.00710947456961224	0.95770341575355	0.0131129251157148	0.000837467061063796	0.00314881812629763	0.0098770438623036	0.00689126133049054
0.000125819399393788	0.00889697145105297	0.000125819399410439	0.970573012858938	0.0101611333247758	0.00496633349204498	0.00125408142144563	0.00120685031914383	0.00268997833379444
0.00316918810337885	0.00534403560162823	0.057393057484789	0.908062152523616	0.0142953985785353	9.22699086829711e-05	0.00738101454784975	0.00293384849444116	0.00132903475707864
0.000124428047490136	0.00413606715713332	0.0014485423352055	0.965153760229964	0.00905718801243907	0.00599069878213925	0.0062955686353973	0.00625326967521267	0.00154047712501861
9.30298518630013e-05	9.30298518774162e-05	0.0151359721588821	0.961696745029671	0.0130935210894766	9.30298517636951e-05	0.00495689387437621	0.00474474844021157	9.30298518790956e-05
0.00261352147707688	0.000708107364252533	8.99514976992457e-05	0.961848735436734	0.0202597924407731	0.00569662890487069	0.00688351037126065	0.00180980100961976	8.99514977128959e-05
0.00276059727093769	0.00579619161443196	0.00119424432417528	0.962523230794816	0.0173469963973344	0.00158822351736047	0.003154690647138	0.00117779411407498	0.00445803131973085
0.00593074598164564	0.00287682672668763	0.00805207068492982	0.958830538474716	0.0119403981956084	0.0010022119091296	0.00497057842378436	0.000551868467242527	0.00584476113625569
0.0110598316038298	0.00262139138334961	0.00145569176422394	0.961724315428997	0.0113960344648837	0.00490689617716816	0.00466725623540075	0.0020376293021483	0.00013095363999889
9.088815169069e-05	0.00647819178156438	9.08881517153689e-05	0.969811673106591	0.0157541965454635	9.08881516198301e-05	0.00750149780786711	9.08881518193184e-05	9.08881516691639e-05
9.37759420435548e-05	0.00344654246146165	9.37759420627144e-05	0.952318877896796	0.0188292617212812	0.0025305874573072	0.0107962306698527	0.00708964789418185	0.00480130001501285
0.000432925477312411	9.08034441320024e-05	0.00318644825561141	0.96766595695803	0.0103480490386179	0.00882437164572728	0.00781649181330024	9.08053289753332e-05	0.00154414803829368
9.04237184457642e-05	0.00152212231149741	0.00095560279419874	0.969148629051523	0.0143714449820385	0.00590374797067404	0.00782718173456798	9.04237184863748e-05	9.04237185680369e-05
8.95138245151122e-05	0.00278942573626368	8.95138245505567e-05	0.967576886456203	0.0189007485828893	0.00609453389862111	0.00428035002789562	8.95138245099036e-05	8.95138245515947e-05
0.00163316403022665	0.00770856630002648	0.00355779458869617	0.959574810954917	0.00818382003327212	0.000129493028398913	0.0124702411721523	0.00012949302832871	0.00661261686398205
0.00369611640929345	0.00204552072108577	0.00512663457271357	0.944720511448774	0.0220370858477876	0.00854241565750889	0.0070011797891452	0.00013214375009236	0.00669839180359966
0.00120330630670569	0.000125894210060051	0.000240447300496515	0.968922017789121	0.00755460315968971	0.0117031572553732	0.0099349378884982	0.000125917562742661	0.000189718527313377
9.32757184373582e-05	0.0118220627564146	0.00248129397178976	0.958547443032324	0.0191172845993843	9.3275718429466e-05	0.00765881276634832	9.32757184118119e-05	9.32757184603445e-05
0.000131995362532757	0.000612666406746042	0.0005893651970151	0.956407866215605	0.0212154985984188	0.00791960051883659	0.00518453830338017	0.00677380195973719	0.0011646674377284
0.000900826368329611	9.20118855534286e-05	9.20118857642743e-05	0.978288919431854	0.0093677686179278	0.00308752755764077	0.00365268994758576	9.20118856711794e-05	0.0044262324196738
9.05662463388072e-05	9.05662463705251e-05	9.05662463164265e-05	0.960205103948717	0.0236315380558842	0.00134848661351978	0.00446451248092869	9.05662462607158e-05	0.00998809391566368
0.000668746564114884	9.58128639834576e-05	0.00313427310336049	0.965883329403708	0.0140139561106214	9.57369659245179e-05	0.00837693314003795	0.00763539898433007	9.58128639187943e-05
0.00012717432224803	0.00361822984984144	0.000127174322194712	0.955762495429215	0.026552449593965	0.00386578384252167	0.00458561886917498	0.00012717432228612	0.00523389944855294
9.11454124427015e-05	9.11454123888286e-05	9.11454124667387e-05	0.973116952764596	0.0133841705024308	0.000183559980295905	0.0038097806864895	9.11454124661889e-05	0.00914095441642356
0.00478772694302585	9.22406867408876e-05	9.2240686959061e-05	0.967228141650696	0.0139008467914291	0.00905566371965658	0.00148473339446627	0.00326616544007199	9.22406869543875e-05
0.00406116831018552	0.000200893536808991	8.9784367781969e-05	0.946026962065483	0.0208736782967619	0.00637450633986352	0.00259983762817812	0.00685739193530832	0.0129157775196284
0.000554502833807101	8.94452804238487e-05	0.00271765401872261	0.974287576720253	0.0123338820085561	0.00881911020162241	0.000308548067853428	8.94452808088007e-05	0.000799835587952733
8.9431686198463e-05	0.00684272448080292	0.00676220633769072	0.949496571496628	0.0182516758205888	0.00448332248486701	0.00893055786264364	0.00198510579841328	0.00315840403216747
9.00115634617701e-05	0.00235011312140299	9.0011563445695e-05	0.982032708264691	0.00762061271147324	0.00237913364490528	0.00438079030932012	9.00115635171841e-05	0.000966607257782343
0.00234774916122382	0.0137051938442813	8.78107488195895e-05	0.949684402239604	0.0126106854176546	8.78107488496709e-05	0.0213007263418859	8.7810748861439e-05	8.78107488195096e-05
0.000867215925669493	0.0179954161187346	9.04430912343435e-05	0.96973591258864	0.0102243759357581	9.04430911336891e-05	0.000815307066358712	9.04430912398854e-05	9.04430912316629e-05
8.95966576404475e-05	0.000350628391907701	0.000732479941066377	0.979437536300162	0.00847331807929031	0.00551068516257176	0.00250381303564656	8.95966576223318e-05	0.0028123457740922
8.84974124558671e-05	0.00230084263946843	8.84974124414227e-05	0.962455469201894	0.00405910031126543	0.00692378158587092	0.00988396091579526	0.00342913561568185	0.0107707149051267
0.000602807850315435	0.000128850833192281	0.00703475754695721	0.970213186843119	0.00826635440986532	0.0081588235812071	0.00299539482626913	0.00247097327586784	0.000128850833206801
0.00144927131813776	9.20855904491697e-05	0.00243164950421254	0.96331915449847	0.0267656276343849	9.20855905925943e-05	0.00234885733321609	0.00292673290934925	0.000574535621187941
0.00679641906451012	0.000135363013987306	0.00878382547850383	0.946919778962295	0.02053334044382	0.00255316569450084	0.00874435983097351	0.00490693146464973	0.000626816046759918
9.07574343512585e-05	0.00678810298533948	0.00339591345172428	0.964700727568962	0.00928284808312175	0.0113424634974207	0.00421767211041552	9.07574343829377e-05	9.07574342822546e-05
0.00281844486559708	8.91407574432187e-05	0.00102116192789461	0.966546925935554	0.012902898895897	0.00511368078320093	0.0065202608011149	0.00489834527577221	8.91407575258116e-05
0.00283655808169277	0.00246656207352384	0.00297853585191752	0.935250042630364	0.0390841820921138	0.000133476436908995	0.00852936600873901	0.00492628214959397	0.00379499467514619
0.000602120172536876	0.0124161470854472	8.92637941772626e-05	0.964524830431143	0.0075144772892693	0.00097726013623053	0.0136973735028737	8.9263794149358e-05	8.92637941729976e-05
8.89801913440793e-05	0.00412529973638987	8.8980191258535e-05	0.970829952064089	0.0169092765001056	8.89801913076555e-05	0.0063359815071749	0.00144356942707362	8.89801912571126e-05
0.000136549907546572	0.00224808643477704	0.0106261643501005	0.946722989693774	0.0218062325357774	0.000136549907393096	0.00852632512897711	0.00966055213415834	0.000136549907495715
8.94758170613647e-05	0.0244584188051277	8.94758170757016e-05	0.953717927491067	0.00804048768511871	8.94758170595383e-05	0.00341889280604863	0.000765064551052743	0.00933078121038917
8.80343894886715e-05	0.00663758111314628	8.80343894774895e-05	0.956928161959126	0.0201560900862499	0.00628077980375138	0.00547610272441833	0.0017548889279606	0.0025903266063812
9.16953623619725e-05	9.16953622943266e-05	0.000475855879246639	0.970231227675622	0.0224698372284128	9.16953625372426e-05	0.00271363150805197	0.00374266625906687	9.16953624063613e-05
0.000376839009926509	9.22388342495544e-05	0.00191214624673176	0.973699561340717	0.00571038247517566	0.00631622071374097	0.00475847606493807	9.22388342391839e-05	0.00704189648028116
0.00394407269713282	0.00644005239450227	9.01862364812517e-05	0.969466374032505	0.00822651260063763	0.000169952303233704	0.00690072787485892	9.01862363481155e-05	0.00467193562429999
8.83305690293636e-05	0.00890377139858478	8.83305690504937e-05	0.958417703878376	0.018094388612329	8.83305691021593e-05	0.0113355161534264	8.83305689878975e-05	0.00289529768111401
9.45899610397365e-05	0.000190657452393518	0.00760516500982023	0.959844022176292	0.0138341853696314	9.45899613135203e-05	0.00577258158437866	0.0124696185240505	9.45899610808995e-05
0.00189354195950862	0.00169722487805103	8.91055663832064e-05	0.962253298322395	0.00805421244196108	8.91055662376808e-05	0.0168878090150473	0.00894659668403799	8.91055663781868e-05
0.00136133473914704	0.00558946103401163	9.00231201142518e-05	0.962272769441086	0.0137111080791725	9.00231200501816e-05	0.0110907075823511	0.00346744137914191	0.00232713150492491
9.32605307361202e-05	0.00073148505832386	9.32605307423203e-05	0.956254073204891	0.0158211527489144	0.010684390030473	0.0100791336327904	0.00294516026022529	0.00329808400290393
0.00208933062455346	0.00937782387185579	0.00192988391644005	0.965669085434016	0.00789276235014595	8.93826796207055e-05	0.00526432425225336	0.00054938911660691	0.00713801775450812
9.44662474079509e-05	9.44662475093059e-05	0.000393669429813445	0.989749246928461	0.00631085394550602	9.44662474706616e-05	0.00101520119587765	9.44662474806013e-05	0.00215316351047322
0.00229857011371796	0.000189075690210618	0.0429623791109538	0.911844888080741	0.0133568945505202	9.25446088318307e-05	0.015511306750743	0.0122829011975142	0.00146143989676693
0.000129006161744438	0.00447196105712332	0.000129006161799224	0.970442234434337	0.00783976142843055	0.0102257206136688	0.00479163415854624	0.000129006162016514	0.00184166982233406
0.00209361950562526	8.87033475862736e-05	8.87033475874476e-05	0.966834494109634	0.00550617863732056	0.0102757043802391	0.0066741882012871	8.87033477675328e-05	0.00834970512295265
0.00223313259793044	9.01351167104288e-05	9.01351167057641e-05	0.982774861268303	0.00786001856693414	0.00185905597150447	0.00176529026123801	0.00323723598396202	9.01351167113137e-05
0.00124779126687522	8.82055348962501e-05	8.82055349066457e-05	0.982711411372044	0.0126795384220665	0.00292023126453323	8.82055348850096e-05	8.82055348490545e-05	8.8205534943536e-05
0.000213448795137284	9.54316396339574e-05	0.00822402391041284	0.962495105348059	0.0184183035621052	9.5431639571065e-05	0.00636133765325836	0.00330872323283521	0.000788194218986833
9.40941047269219e-05	0.000876628367980661	0.00168255760047343	0.966446280830629	0.0153676827661387	9.40941047425299e-05	0.00519904068857101	0.00816913266180572	0.0020704888749315
0.00114759666254195	0.000652591237772526	0.0018441168565753	0.968748346844196	0.00844331590869181	0.000135469820935901	0.00767370537608619	0.0112193874722012	0.000135469820998885
0.00068341309972208	9.30230517484783e-05	9.302305168225e-05	0.975799253528869	0.0115441158016657	0.00641311210239788	0.00470976798186446	0.000571268330376918	9.30230516736862e-05
0.000127903153086008	0.00350995488234977	0.000343197554046081	0.96726891461212	0.00445402008540988	0.0105366788210403	0.00329794088743298	0.000357712324865767	0.0101036776796488
0.000666512981479601	0.0068340929530925	0.00216781088762481	0.970527302211506	0.0102782251407391	9.28470994539385e-05	0.00230332570061039	0.00703703592608092	9.28470994121954e-05
0.000136945390052498	0.000243340332861862	0.000136945390080004	0.957971936593054	0.0193158578195131	0.00145754174198248	0.00657130137546416	0.0112591970850949	0.0029069342718966
0.000595852875326261	0.016875505666127	0.0015927502420567	0.946706308124042	0.00969030131954276	8.75097813925694e-05	0.0137294264453118	8.750978151255e-05	0.0106348357646884
9.1712769776798e-05	0.00173770650751987	9.1712769783913e-05	0.970129697190996	0.0140157757850002	0.00330365748824724	0.0104463119490474	9.17127698428163e-05	9.17127697856173e-05
