Bcells	CentralVeinEndothelialcells	Cholangiocytes	Hepatocytes	Kupffercells	LSECs	Mesothelialcells	PortalVeinEndothelialcells	Tcells
0.0268276345034018	0.0128073945493317	8.96266917937983e-05	0.826095960346711	0.0394422150370409	0.0379149432537602	0.0174118974196226	8.96266917928787e-05	0.0393207015065456
0.0421404364926682	0.0304109463620726	0.000838559453068494	0.781785282222124	0.0820057659404241	9.13294224387404e-05	0.0236387998011024	9.13294224417978e-05	0.0389975508836599
0.0195640636225111	9.03456883961776e-05	9.03456883951885e-05	0.761096279610635	0.0802897992193642	0.0421419283118114	0.0184842339042565	0.0168267504227688	0.0614162535318617
0.0154375895733639	0.0179244135928654	8.77432168936066e-05	0.75771454783182	0.0781638517031593	0.0522296611321724	0.0307726210381978	8.77432168883466e-05	0.0475818286946397
0.00729921027078905	0.0680651383979023	8.77639403054681e-05	0.779188502268418	0.057559952939767	0.0371671588896974	0.0305234660612801	8.77639403105587e-05	0.0200210432915299
0.000978552789336374	0.00175736371951907	0.00630950392600347	0.831465428529293	0.0613717311938529	0.0347692639453207	0.00239664399574098	0.0121418543600066	0.0488096575409273
0.0426681476336433	0.00949426503382401	0.000429067448929234	0.863343938078413	0.02727565829781	0.0199061586073642	0.0183895043382377	9.39166379327865e-05	0.0183993439238459
0.0202357414395329	0.053358765979021	8.59299896030069e-05	0.776472200454322	0.0626440930134471	0.00741581901035812	0.0576854342140598	0.0140136153463864	0.00808840055326973
0.0536602103003631	0.00947032082212912	8.46842782035633e-05	0.755682787012058	0.113443238210485	0.040919160215792	0.0234184685196494	0.00145531559030718	0.00186581505101296
0.0220298748541018	0.0352382703282109	0.00472707044970683	0.783791268109852	0.0921445924448389	0.0295437064221134	0.0184916041275482	0.0139436972316083	8.99160320195258e-05
0.0217061862090935	0.000132748161976493	0.0126628701122708	0.747297698615281	0.114149958824881	0.0371503782064972	0.0138555094820622	0.0214286692996372	0.0316159810883004
0.0281076125423117	9.34896216439586e-05	0.0140854172866095	0.816179539111904	0.0446081797435158	9.34896216439589e-05	0.00251312765109347	0.0593862143640701	0.0349329300572079
0.0111985234108253	0.00705079547530586	0.000134773693186497	0.807395140638767	0.0799898212682279	0.0444620765401461	0.0110368108359246	0.000903063500601179	0.0378289946370159
0.0108388982220828	8.75581077312368e-05	0.106311936724869	0.667546242873869	0.0605229225610604	8.75581077268615e-05	0.0349883704585939	0.0623022883137593	0.0573142246303072
0.00914207501304402	0.0176080839098821	0.00592622577450602	0.753356025860503	0.113845609325959	0.0142929114692119	0.000128839403598491	0.0536071631970374	0.0320930660462582
0.00900845766863906	0.0100165246867519	8.80089925661861e-05	0.834885027414734	0.0515869656741462	0.0226208430806757	0.046421789427314	0.00822158813638503	0.0171507949187879
0.0486540573651465	9.17639015893448e-05	0.0379673354613077	0.776920268072033	0.0482290954055202	0.0192117548407188	0.0267940735593079	0.0203509418376411	0.0217807095567355
0.0266229568952768	9.07824311326243e-05	9.0782431127236e-05	0.792339982705313	0.0645642821357866	0.0740008502291879	0.00643950649168359	9.07824311326278e-05	0.0357600742493594
0.0217155594777597	9.05304462043551e-05	9.05304461949763e-05	0.803519009983671	0.12331336073327	0.0213346821684888	0.0115094166416642	0.00270809363887439	0.0157188164638725
0.01595147320805	0.00145424552367212	0.0060391025010317	0.746687731873169	0.131828887692173	0.0353978966981048	0.000134122310679753	0.000134122310679753	0.0623724178824404
0.000136363977254776	0.00444511757407809	0.00599827820741174	0.796280816603028	0.121412215966268	0.0250406035015884	0.0116316185201029	0.00376699835358103	0.0312879872966863
8.97393955733978e-05	0.0476178322784602	8.97393955830846e-05	0.851744462657998	0.0384957818054673	0.00909023806971743	0.00823152298970678	0.0125873306359396	0.0320533527715546
0.0045597045406366	0.00546299885833363	9.34104232106434e-05	0.869242456286467	0.0374075090759501	0.0270276417711554	9.34104232127515e-05	0.012176738511161	0.0439361301098729
0.0350689586918068	9.37349776304273e-05	9.37349776248225e-05	0.840856380629602	0.0609046836815482	0.047657834387348	9.37349776304305e-05	9.37349776304283e-05	0.0151372026991792
0.0087875813617909	0.0159680184769045	9.38350179770795e-05	0.800338055872482	0.0857766052945571	0.0344219670728734	0.0393889935247295	9.38350179772703e-05	0.0151311083607086
0.0442984433972014	0.0319979889617858	0.00012875588080471	0.744721533773229	0.0789283410049934	0.0319489761972338	0.021786031108556	0.0299278897491066	0.0162620399270892
0.0131425456696579	0.0147429339504746	0.000130505972329332	0.807326872526966	0.0690440977639554	0.0276975724966296	0.0302279069937896	0.00879452184886893	0.0288930427773281
0.0187363487876396	8.94834696262589e-05	8.94834696245501e-05	0.84735004928458	0.0433689769583929	0.0359368200990119	0.02630383929085	8.9483469626818e-05	0.0280355151706482
0.0240940068394349	0.0324516419969345	0.000127284329504321	0.791710005057198	0.0730929511787764	0.0219675976710921	0.0203022599040045	0.000127284329531949	0.0361269686935231
0.0090822780503108	0.000129975307382053	0.00233123635391035	0.735191491832109	0.138030542404887	0.0219980891104497	0.0129448561045502	0.0334718426260919	0.0468196882103095
0.00400895014249721	0.0679464563821859	8.74831095007409e-05	0.826381543417598	0.0383558391397182	8.74831094966903e-05	0.0159352487981729	0.0343502444208674	0.012846751479963
0.00582442301796963	0.0263742615477937	8.86182126173787e-05	0.790248684234229	0.0765684202989311	0.030265648743037	0.0183694593431977	8.86182126183379e-05	0.0521718663896064
9.06154558347731e-05	9.06154558347703e-05	9.06154558345919e-05	0.781973427326308	0.089438764635206	0.0385499957610599	0.0343838823257816	0.0210460966845818	0.0343359868995586
0.0228050109862952	0.0514113012520828	0.000128913693169973	0.766391035686667	0.0637466721914066	0.0137364949547468	0.0347177632541434	0.00769194935419429	0.0393708586272941
0.0119955643967533	0.053707608150115	8.72908297734905e-05	0.766343466303199	0.0732183148778435	0.0164550261536252	0.0335883597646353	0.0151151543402463	0.0294892151838086
0.00537015861940551	0.00719087006386277	9.32547545659305e-05	0.811393791128918	0.0836296582355618	0.0311918355301856	9.32547545679909e-05	9.3254754567991e-05	0.0609439221583642
0.0217346638705926	0.0194107766622017	0.000125504667315271	0.723267102017607	0.162314356300824	0.0325605781232026	0.0173246583055102	0.000125504667309344	0.0231368553854376
9.20725106524414e-05	0.0156993025846642	9.20725106535749e-05	0.775388272202148	0.0843056443350677	0.0437781126993599	0.0236987032484842	0.0215463956007995	0.0353994243081701
0.0406593074270652	0.0245040759540923	0.000130201298439316	0.711262478744834	0.160067077948479	0.0204992998842337	0.0192049122633804	0.000130201298440427	0.0235424451810353
0.0317521162459531	0.0217451293914966	8.94319226109888e-05	0.799016747818709	0.0992239142839859	0.00623902297121648	0.0251443582770274	0.00295347647367553	0.0138358026153255
0.0501821128545781	0.0444437094074567	0.0317964898974867	0.673926472411581	0.073523062710994	0.000414296502504791	0.0334571522280601	0.0897332609810542	0.0025234430062843
0.0228007777946105	0.00688813387389892	9.22575697848647e-05	0.800375390153125	0.114315671936819	0.0251523963859471	0.00664610245689673	9.22575697851352e-05	0.0236370122591323
0.0793229571016351	0.00687997789478298	0.0906094546628382	0.641359776906833	0.0914772511349206	0.00130744913457648	0.0352890896900928	0.0316152210022419	0.0221388224720789
0.0165723833202698	0.00557141662356971	0.000135294379413541	0.802997710088842	0.0749013110637127	0.0216531445595152	0.0102389491846592	0.00303929575496534	0.064890495025052
0.00192989861893317	0.00312644849410177	9.2555092510604e-05	0.834481616605746	0.0588471028127965	0.0201961223688115	0.0400702335085034	0.015476393968607	0.0257796285299904
0.0264636584606428	0.0145947037510574	0.000129334050407506	0.805087095737143	0.0782910800542106	0.0251776390247603	0.00550323694729083	0.023875862995295	0.0208773889791927
0.0106074878414126	0.00898380513154481	8.88511955306407e-05	0.857603509431091	0.045281028319482	0.000883236357774483	0.00600297115795817	0.0391857873139421	0.0313633232512642
0.0225755567979124	0.00492569382152612	8.90558430509957e-05	0.759938455584132	0.104059946957077	0.0277295952175828	0.04202391027447	0.0385687296611971	8.90558430511762e-05
9.09425603606799e-05	0.00225736686984324	9.09425603552795e-05	0.815020446847703	0.111373281770605	0.0179907842853117	0.0185575561927135	0.0301884123869853	0.00443026652612199
0.0375282904182662	8.70710336093704e-05	0.0388984612483296	0.697785455938355	0.0677052469016175	0.00249472030302335	0.0112024643409184	0.0776631095545754	0.0666351802613056
0.0279215746145671	0.0120792689256085	8.90407318490759e-05	0.811415174900388	0.0494590689580211	0.021453495283492	0.0490287750531733	8.90407318512798e-05	0.0284645608010493
0.00860627521942754	0.0292943606281056	8.6887404964736e-05	0.818777534736813	0.0713303424109854	0.00942522779351224	0.0174922331963224	0.0157465051704503	0.0292406334394185
0.0973317697460971	0.0160476075736487	0.0538253285623653	0.601458096189479	0.0377463291703274	0.00176895421302536	0.0787875400787518	0.0838439136060872	0.0291904608602186
0.0202966472690991	9.03267721717794e-05	9.03267721704953e-05	0.825198295601185	0.0993058420644246	0.0404238467680475	9.03267721717746e-05	9.03267721723336e-05	0.0144140612085575
9.058273973052e-05	0.0295388748429541	9.05827397360051e-05	0.821233119800312	0.0275172308747866	0.032231272182047	0.0304562852544622	0.00448323753599055	0.0543588140299815
0.00637768550431976	0.0179367857988379	0.0121210406432485	0.813982257097579	0.0841487561180161	0.0260072743757885	9.34404734822702e-05	9.34404734822703e-05	0.0392393195152461
0.0308902351200269	0.0661161799875523	0.000269482179354037	0.807576043039256	0.078002488359398	8.86183435967316e-05	8.86183435967313e-05	8.86183435967317e-05	0.0168797162836229
0.0187510112722236	0.0230081732920914	0.0084156419747075	0.769418849830114	0.0952854420725954	0.000132764621791224	0.0315048563149366	0.0308700984137465	0.0226131622077937
9.34771731254283e-05	0.00682344848505523	9.34771731232014e-05	0.78020333768698	0.106898155041268	0.0268051442077775	0.0248415004418781	0.0263596966470753	0.0278817631437171
0.000133498231145651	0.00656043121772647	0.000133498231136987	0.836663571955579	0.0463347210995327	0.0385065415758356	0.0345497800520049	0.0210387706277656	0.0160791870092733
0.0374032791356999	0.0530236832211893	8.7737251571021e-05	0.787515556818081	0.0594405115809141	0.0208293176363235	0.0167040043818097	8.77372515658356e-05	0.0249081727228459
0.0484026088945627	0.00705374819173905	0.0090051860681784	0.758954330808711	0.0845329219873146	0.0311108697386114	0.000134039444625833	0.000134039444626667	0.0606722554216305
0.0169503836216117	0.00787689127474027	0.000620554497607509	0.766242116432034	0.118119690016563	0.0162648234263513	0.000130899950181325	0.0347614714588596	0.0390331693220513
9.33134844416045e-05	9.33134844416041e-05	9.3313484441392e-05	0.84481316524043	0.0562379351092953	0.0551479443864164	0.0321573236734192	0.00109898808744117	0.0102647030496734
0.0171611039472464	9.25110265589873e-05	9.25110265599462e-05	0.781067499321764	0.0893002194687191	0.0262305367985404	0.021382548166869	0.0204844959295396	0.0441885743142023
0.0265033434746362	0.0280976954651616	9.33681502116934e-05	0.815573412305804	0.0636305345796535	0.0114183790815861	0.0399307300390852	9.33681502119301e-05	0.0146591687536497
0.00276679784933521	0.0506465347535503	8.68529025811287e-05	0.832783387874887	0.0362910061855284	0.00525423348534476	0.028805602447429	0.0129693266582256	0.0303962578431189
0.0267965471653405	0.0300730694446097	8.93359799275626e-05	0.807404286678557	0.0609588924232715	0.00951700646493513	0.0181480799824272	0.0184610585460494	0.0285517233148825
0.0102816394472786	0.00494098744219235	0.010097481692004	0.785595943462849	0.0656012023231626	0.0305374518294594	0.0339109981243932	0.0174307582735844	0.0416035374050764
8.93146195411155e-05	0.0352987407574725	8.93146195409211e-05	0.835839738694637	0.0767668166372889	0.00510947123806549	0.0160428497804386	0.0155174497868791	0.015246303866136
0.0138933088647586	0.0312229094205352	9.36675079259927e-05	0.796691834014435	0.0694820579998401	0.00973680357096257	0.00609698319127197	0.015733963260489	0.0570484721697813
0.00214500876196366	0.0162216854116228	9.05358335201959e-05	0.872377014584628	0.0614403989680945	0.00470017642432976	0.00670396794736713	9.05358335233908e-05	0.0362306762349512
0.000129761798738427	0.001245160564909	0.000129761798735364	0.808693652878004	0.0951941247285795	0.0214695744921835	0.0278192403495819	0.0112146812369951	0.034104042152273
0.00435224312196674	0.0070967621404485	0.0287071546552453	0.795831161075084	0.0886561605833351	9.29726996297465e-05	0.00219649782477531	0.0370647365202147	0.0360023113793005
0.00266984543929828	8.85975850493789e-05	8.85975850476791e-05	0.835332723640984	0.0355784983542544	0.0522373148112916	0.0395444775514926	8.85975850499308e-05	0.0343713474475322
0.0167504703789297	0.0158379546707857	0.000131869139200579	0.774712992044963	0.0695942636100483	0.0310523661270762	0.0255925605201098	0.049388361401582	0.016939162107305
0.150744663093549	0.0938321654570872	0.101641533227896	0.491348255383033	0.091533027943921	0.000107986154678938	0.0598091711026647	0.000210300365787843	0.0107728972713822
0.0030694187750593	0.0126429648352667	9.35615631924887e-05	0.813491095202059	0.0833606273326453	0.0208233107278641	0.0107286831288616	9.35615631934889e-05	0.0556967768718582
0.0138053070602244	8.74666806998756e-05	8.74666807046597e-05	0.745117933365474	0.108975947546895	0.00863100657162116	0.00765311211548926	0.0563983124540977	0.0592434475247946
0.0160983780229993	8.97395622764319e-05	8.97395622817281e-05	0.778176765186205	0.0968709012198205	0.0358399270194944	0.020575736259169	8.9739562276433e-05	0.0521690736054774
0.00617202498767907	9.14708670434917e-05	9.14708670415636e-05	0.782121831994652	0.0953909460818947	0.0393612321507959	0.0373168065834349	9.1470867043493e-05	0.0393627456004152
6.15774339409747e-05	0.0550385570426666	6.15774339380705e-05	0.874364823178184	0.0480754224849574	0.00357324449041156	0.00900517508503101	6.15774339409687e-05	0.00975804541692954
0.0286325175739192	0.0215833353601056	8.76183185771736e-05	0.805027867670631	0.0509792350167004	0.0245298096268224	0.0181290506826336	0.0435942140489585	0.00743635170165224
0.0200983767723894	8.82982636940297e-05	8.82982636953511e-05	0.796201126804568	0.0458968427718227	0.0295764255097907	0.0280189022763305	0.0385583087318135	0.0414734206058957
0.0546839763143145	0.0325094038302372	9.25950339119552e-05	0.831939880009446	0.0654731563899279	0.00118740584491438	9.25950339068657e-05	0.00777235051517245	0.00624863702816928
0.00591207087106649	0.0175795973315343	0.00528088021219279	0.787699731495636	0.0746368179379431	0.0157883846954121	0.029076359521063	0.0124980275871207	0.0515281303480318
8.86640607951803e-05	0.0181684812631872	8.86640607921868e-05	0.790948163249575	0.063260035006193	0.0557344738927296	0.0273290961467362	0.00456764980025489	0.0398147725197371
0.0198237191416998	0.0687180647003472	8.56795507038822e-05	0.844285797678217	0.0217216201341117	8.56795507088635e-05	0.0210403201749508	0.0148197554152161	0.00941936365404431
0.0213422968766305	0.0157889624424616	0.000127852348283113	0.782671104465107	0.102692792294455	0.0298255490295438	0.0182667267311766	0.0123146912777411	0.0169700245346007
0.0189298496924624	0.00179891506284756	0.000127779204351163	0.770962877679354	0.100219640413573	0.0410714468383842	0.0289805569003607	0.000127779204356523	0.0377811550043104
9.17537746234065e-05	0.0141916342890935	9.17537746291647e-05	0.845080326544746	0.0497768384528241	0.0012222124351527	0.00780411811305937	0.030794135535933	0.0509472270799382
0.0155576167485626	0.00787677067011182	0.0169462605124872	0.803726570191358	0.0380377363187407	0.0254121902414188	0.000134067634588668	0.0182310674838734	0.0740777201988588
0.0138902147179128	0.0975334788225963	8.52827021349263e-05	0.80629352164815	0.0371987175845139	8.52827021358595e-05	0.0277252102138252	0.0106397420225436	0.00654854958618756
0.031762610521948	0.0413929949227926	0.000131918717906407	0.738341038793031	0.116608686198484	0.00151502625349288	0.0129784391044859	0.0261727671280904	0.0310965183597681
0.00290022911944535	0.0455417133545333	9.16890668243037e-05	0.831863309805157	0.0359195095880182	0.0175958383123501	0.0251516218186676	9.16890668274733e-05	0.0408443998681768
0.00617594750151912	0.011127320334075	0.00560064811680073	0.765040084518541	0.133373447865335	0.00652236614663445	0.000564318446933329	0.000133355863162666	0.0714625112069988
0.0365520133936036	9.37563386110644e-05	0.00591786601327072	0.774648916536599	0.101967824554843	0.0336170518763864	0.0237222630713989	0.00492583364457218	0.0185544745707149
0.00924254709325932	0.043637166971457	0.00302716493004104	0.834046915826715	0.041809298593886	8.82127574981287e-05	0.0188374075288046	0.0250753216742165	0.0242359646241224
0.00174997409321609	0.0231965855463713	0.00013092834935806	0.755812409243285	0.0988892210389693	0.0180419433166527	0.0242576756791647	0.0180743926683736	0.0598468700646096
0.0229563189594111	0.0180625628958077	9.15108715580426e-05	0.833186204286779	0.0689662182747572	0.0268673134411674	0.00568055868917912	0.0072255642900738	0.016963748291267
0.0253812619236683	8.96342619417495e-05	8.96342619365421e-05	0.794227796633591	0.10931569864344	0.0351837383371114	8.96342619417489e-05	8.96342619423193e-05	0.0355329674144274
0.00849383393655111	0.0504636327027708	0.00285086380095346	0.85509459468424	0.037045668014953	0.0114165047694362	0.0100094383285297	9.21543020899752e-05	0.0245333094604763
0.0356679576405989	0.00671615874804205	8.99225771848408e-05	0.760197276503281	0.123120915267189	0.0315760802137656	0.0128899221492974	0.0220039212374713	0.00773784566316966
0.00502309914879508	0.0444137344200506	9.20382211325745e-05	0.870526380176028	0.0331688052613139	0.00179426337002599	0.00383521601493898	0.000177991111843544	0.0409684722758715
0.00508020233356155	0.00610766860506382	0.000133169754332451	0.833772395723099	0.047380642858251	0.0622371287897965	0.0214684420360532	0.000133169754335463	0.0236871801455069
9.24284079233251e-05	0.0247545116240061	0.00229757189915378	0.792468499702267	0.0890308394536116	0.0156014112450854	0.00646196195278699	0.00846916268262451	0.0608236130325414
0.0057137124326041	0.0476144922794105	8.75857766484675e-05	0.791062427691923	0.0500571989596206	0.0475874032911411	0.0382105081125268	0.00536464779692702	0.014302023659198
0.0110881516939615	0.0082126022318916	0.000130300299314937	0.759102860205058	0.112251900252563	0.0120145347455602	0.0167847845391116	0.0450881010280377	0.0353267650045013
0.021822325478238	0.0281053585814669	0.00568246754868076	0.797698981451003	0.0532089427599497	9.40020594227952e-05	0.0120396310195198	0.0159378430532373	0.0654104480484817
0.0332849494188499	0.00331812788473575	9.20503592370197e-05	0.764690165085685	0.141789530268539	0.0337712462237727	9.20503592360034e-05	9.20503592360037e-05	0.0228698300407089
0.0490432063880665	0.00845190271705829	0.000126624651414755	0.780891505843112	0.0680435627652374	0.0130977965266803	0.0351254458030819	0.0450933306539299	0.000126624651419146
0.0297114412189607	0.0415226027314083	0.00205964382479071	0.792650700035233	0.0840571846351235	0.00769153018974277	0.0108913885848981	0.0142530731976811	0.0171624355821624
0.0247976459378264	0.0653421531805542	8.71104853415063e-05	0.803594001674491	0.0710908348668538	8.71104853401614e-05	8.71104853445373e-05	0.0181489185944462	0.0167651142898027
0.0315244235783583	0.00395999112328869	0.010553098984376	0.807966187438016	0.0765483215047383	0.00864320984172083	0.0172916639235686	0.0293143222461061	0.0141987813598268
0.000129027116695365	0.000129027116695365	0.000129027116695104	0.815769077096468	0.0796073038579594	0.055593953601001	0.0125347504508266	0.00948273723215358	0.0266250964115057
0.002319021771496	9.27599981811105e-05	9.27599981801087e-05	0.809458042574155	0.0674407890108029	0.0294002888365091	0.0336656696184103	9.27599981811119e-05	0.0574379081940845
0.0476371449911275	0.0113295812493939	0.0198484621378043	0.761402417213924	0.132689396523833	0.0139381456208193	0.0084133892997543	0.00464825058272585	9.32123806179293e-05
0.00812374493325246	0.00837158317975405	0.000129937862698437	0.727427957793671	0.152777789369106	0.0170180942959195	0.00955471579733106	0.0434459785197002	0.0331501982485666
9.05348192840692e-05	0.00241056933881203	9.05348192823014e-05	0.806022811743795	0.0575143205900927	0.0361261263313031	0.0576940721818136	9.0534819284069e-05	0.0399604953563329
0.0249141157983845	0.0365812425077034	8.95671370561548e-05	0.820009617509963	0.0808773560150774	0.0153884723306651	0.00985321758224234	8.95671370584332e-05	0.01219684398185
0.0337836383485794	9.01240741015046e-05	9.01240741025146e-05	0.813373051970166	0.048214384597627	0.0557792457401718	0.0157708281065818	9.01240741015042e-05	0.0328084790145683
0.0187997005631241	0.00914360456622324	0.0014790898386098	0.766072032450034	0.103249558259272	0.0393175933130228	0.0183468860298808	0.0155319956042532	0.0280595393755806
9.08791192040446e-05	9.08791192040457e-05	9.08791192201648e-05	0.817779915442937	0.0861003942481345	0.00701387260398392	0.0139349648740935	0.0478198615453856	0.0270783539278374
0.0190724581381205	0.00659515383988229	0.000129160135750676	0.811725030758034	0.0743276450548513	0.0189007643375044	0.00012916013575817	0.0185992709997222	0.0505213566003765
0.0131183423457646	0.0795379445224622	8.13499137977022e-05	0.74083908350294	0.0470297397683234	8.13499137938764e-05	0.0762778777754297	0.0313830456559422	0.0116512666015462
0.000132228303505451	0.0122499713472737	0.000132228303505063	0.845450034264359	0.0218828513158038	0.0441512997772741	0.039523887547677	0.000132228303504186	0.0363452708370976
0.0190381376116949	0.00051115985537992	8.87405617807989e-05	0.774206922573301	0.0793987277615249	0.0237832868813619	0.0245729146632611	0.0248416223211385	0.0535584877705567
0.011439756830319	0.0354091697792082	8.45578970628702e-05	0.779145166725493	0.0747666253250201	0.0273653776072307	0.0598102141349664	8.45578970649515e-05	0.0118945738036348
0.00564586816204668	0.00943927704548075	9.21693335864889e-05	0.805528608007524	0.0526390657535331	0.0261953131765384	0.0206370970952303	0.0458994234714777	0.0339231779545824
0.0201937914669097	0.0169043759645171	9.01009932249085e-05	0.831730842786816	0.0613084906397634	0.0412595690738501	0.0139560260842376	9.01009932256991e-05	0.0144667019974553
0.00254529385185627	0.0124494658860315	0.00568235551621729	0.766544108373444	0.104355112840557	9.38453594305751e-05	0.0258386530390351	0.0212275740059988	0.0612635911274298
0.0353548077073586	0.0140506331541525	9.53317639444423e-05	0.823100454559342	0.0629000608962887	0.0134967741263337	0.0133861540258185	9.53317639434712e-05	0.0375204520028182
0.0503433179452764	0.000126652779293438	0.00658231154513803	0.731068963198049	0.1268234248305	0.0251075264512075	0.0325474323709983	0.0176548009833859	0.00974556989615112
0.0451124069679066	0.00013580073634037	0.00653531875522632	0.795627728041962	0.0462422358975279	0.00642656063396717	0.0124041509002194	0.0697518741675706	0.0177639238992795
0.0554895066595113	0.0207045804525545	0.000129427095275009	0.785932372378444	0.0814203977219519	0.027006245419756	0.0127456391398684	0.000129427095279577	0.0164424040373594
0.0217871712383596	0.000133413136833786	0.00533189376204046	0.746926897716604	0.101476170927513	0.0305185407581086	0.0139102857517107	0.0272106680555462	0.0527049586532837
0.0268683625910138	9.14805169803805e-05	0.00310451918682467	0.78319996335212	0.0884660303452516	0.0137481855190262	0.0147534518360711	0.031045272578186	0.0387227340745264
0.010244385599655	8.85056936990861e-05	0.044628631519517	0.744109928994506	0.0494732532500964	8.85056936990879e-05	0.0314654500477539	0.096158789741219	0.0237425494598545
0.0288140636580479	0.0498510301203514	8.78889311068157e-05	0.787112633643578	0.0624606539329562	8.78889311012472e-05	0.0272846634637267	0.00904151073824352	0.035259666580888
0.0106594217355565	0.000140266153538936	0.0082188477549387	0.807534659398443	0.0743077872244215	0.0232390510615375	0.0113267885172499	0.0194138079971505	0.0451593701571631
0.00755833908733064	0.0230330059915691	0.00829902119628774	0.776395247777411	0.0785211566929284	0.0294603393914431	0.0208075729877418	0.016015775142362	0.0399095417329265
0.00034567232210956	0.0250006113819009	9.14543176784952e-05	0.851937131017634	0.0378202331190678	0.0182731877453802	0.0219229652397738	0.0159352541684395	0.0286734906880154
0.0263114060917837	0.0277360023615838	8.89578169409706e-05	0.821643778249666	0.0521814601401475	0.0231942386934261	0.0224548012378669	0.00749877825928039	0.0188905771493052
0.0118310268620105	9.00695984921269e-05	9.00695984901249e-05	0.880991676714236	0.0405899565947622	0.0238579691025977	0.00458333076098848	9.00695984921285e-05	0.0378758311699309
0.0111776273977232	0.000128409689795016	0.000128409689790492	0.754566576030416	0.0889759241091404	0.045184489157843	0.000128409689795014	0.0573783228693714	0.0423318313661252
0.0646100510739833	0.000132208025711234	0.000132208025706661	0.747164579467765	0.105492319936535	0.0116317865504546	0.000132208025711234	0.0358978020277115	0.0348068368664208
0.0169804693862482	9.095545888132e-05	0.00226817569398058	0.83480408771242	0.0581182252421588	0.0340900115821788	0.00679732581571126	0.00747674575483382	0.0393740033535872
9.57246110228064e-05	9.57246110228081e-05	9.57246110217422e-05	0.855295729035334	0.0616966821502742	0.012670146286629	0.00613801208550856	0.0275186257797826	0.0363936308294047
0.0270514920725044	0.0183523958396683	8.88787141679562e-05	0.800737619742621	0.0622240534624842	0.0243246805190095	0.00791036314937463	8.88787141702271e-05	0.0592216377859995
0.014179308786431	0.0226955272994866	0.011297985067112	0.780044616373744	0.0783280997920766	0.0153949008082906	0.0045472619480145	0.00708543172128866	0.0664268682035563
0.0391566330817081	9.04697755189091e-05	0.0446097660817754	0.780357002427559	0.0955563787359301	0.00851552573732175	0.025111433795797	0.00651232058887096	9.04697755189071e-05
0.0102561773597059	8.91515725821747e-05	8.91515725770084e-05	0.826013158850469	0.0529408712307429	0.0255305630253265	0.0264466970720963	0.011995820363149	0.0466384089533513
0.0184979684698865	0.032115301849873	8.73193666900076e-05	0.813822002059074	0.026520931044646	0.0119274137868225	0.0479587728440051	0.0155392966190914	0.0335309939599119
0.0401706676946199	0.0388781211150975	9.14915162773344e-05	0.796313319388738	0.0526518171567837	0.0146602993761575	0.0279742780938814	9.14915162788967e-05	0.0291685141421661
0.0038835613113329	9.39546090820118e-05	9.39546090834937e-05	0.840350027299278	0.0739834865175354	0.0332497835049214	0.00612416945675275	0.00941816835915061	0.0328028943328629
0.0127355332198783	0.0139970074483447	0.00396835274986681	0.787632220827943	0.0693174321130565	0.00850669443097457	9.18338778084939e-05	0.0509159922981521	0.0528349330339753
0.00672947223435385	0.0299283696779834	0.00013163348043755	0.846540835056341	0.0477203002927206	0.0378507693493868	0.000131633480445144	0.000131633480445143	0.0308353529478858
0.0372165195648172	0.0296401013233288	0.126180627812492	0.704412022581811	0.0625112553951788	8.68246965363146e-05	0.00361170146134744	0.0362480611831376	9.28859813516674e-05
0.020247483901207	0.0194828613145636	8.77539770946358e-05	0.805308141251076	0.0400276071854583	0.0282917802414873	0.0165865307127419	0.043270774006908	0.0266970674094629
0.0158066156524739	9.33253613202444e-05	0.0204897397026736	0.801378793004532	0.0682892503056439	0.0168723438257316	0.000167197297243154	0.0220742171132782	0.0548285177371031
0.0304890381221804	0.000128386491659981	0.000128386491666038	0.807484472843124	0.101456508987511	0.0306144937430911	0.0134947738621503	0.0160755529669572	0.000128386491659984
0.0329127752018037	0.0163191898251889	0.000130767850610158	0.80947182249568	0.0932187071990349	0.0219197137120744	0.00544411625516098	0.0103587687319395	0.0102241387285073
0.0241154042269077	0.000133931272923936	0.00733356546899622	0.767379043931443	0.0824008232763118	0.00970590400777212	0.0214426017783781	0.0203803490033844	0.0671083770338828
0.0626662630157263	9.15725957236452e-05	9.15725957234451e-05	0.768956441063283	0.0586315286469528	0.0461405070374475	0.0184375871152859	0.00520009938124325	0.039784428548614
0.00475835911145744	0.0411929566327803	8.96517459123194e-05	0.825932670678483	0.0877891886350161	8.96517459154732e-05	0.0250415681800313	8.9651745915473e-05	0.0150163015244881
0.0331975971014044	0.000135093372182871	0.000135093372190929	0.769981291495892	0.0978304708774851	0.0326157714711836	0.00739292447288083	0.0357665722666078	0.0229451855701729
0.0182081747811876	8.99185639732639e-05	8.99185639709937e-05	0.79533076134161	0.0750057329361978	0.0478347893872008	0.0219457969724437	8.99185639732652e-05	0.0414049888894426
0.00532184028562818	0.0127370953025048	9.11507392623345e-05	0.832702409383919	0.0629659631800282	0.0357074686405102	0.016498740484448	9.11507392631326e-05	0.0338841812444356
0.00741690727663703	0.0204913022199476	0.000131816054293228	0.797074231694511	0.0811279383888182	0.0348138264186998	0.0041782666825384	0.00872834809792611	0.0460373631666284
0.0131634449754628	0.019234261389199	0.000736783773666748	0.800262018209962	0.0420758127806605	0.0280567439175936	0.0345742585991709	8.94454668633011e-05	0.0618072308874214
0.0188103573684938	0.0120942039446648	0.000129888401067446	0.730812547283261	0.115400953805609	0.0477877560820924	0.0217742637643261	0.00203681101108804	0.0511532183393972
0.0101757629050878	0.000131084535300428	0.000131084535295852	0.799370896368496	0.0392998277903431	0.0494216522518363	0.0470638825168336	0.0170569593331013	0.0373488497637054
0.00217690250525077	0.0556514744824313	9.14278312515726e-05	0.805146865523427	0.0868421304139854	0.0113887923806234	0.0175033800216043	9.14278312558724e-05	0.0211075990101708
0.000137384926714454	0.000137384926714457	0.000137384926706412	0.788597107285632	0.114046010911111	0.0444017651197646	0.0027432491322361	0.020062693141093	0.0297370196300283
0.0116430007657559	0.015039804315845	9.46191039407141e-05	0.834466143962253	0.0560094627618896	0.0204306472471799	0.00788411048246599	9.46191039431172e-05	0.0543375922567271
9.08689775805525e-05	9.08689775805522e-05	9.08689775795272e-05	0.800454790388233	0.118187499305841	0.0174632257819889	0.00439143886130811	0.0127434252210596	0.0464870135088285
0.00969847411890603	0.000139671699251024	0.00325163800635439	0.818382710015634	0.0640131657970984	0.024898397665835	0.0210399392403684	0.015346501781301	0.043229501675252
0.0192214643878564	0.0135502421999546	0.000131309576137398	0.76653237365251	0.132861486011809	0.0214264020943257	0.00724664635561211	0.00013130957612326	0.0388987661456719
0.0158235481881186	0.000583344367151415	9.48593426905181e-05	0.839527641948081	0.0629273649717229	0.0261605913740393	9.48593426847185e-05	9.48593426847201e-05	0.0546929311228266
0.0288691453720204	9.13577308183108e-05	9.13577308226661e-05	0.810898252780551	0.0591249541712355	0.0440352349908171	9.13577308183107e-05	0.017120149627202	0.0396781898657151
0.0450114863945955	8.60456470737218e-05	8.60456470788497e-05	0.764104320325785	0.0923804456182789	0.0359856525119958	8.60456470737208e-05	0.018649833008614	0.0436101251995041
0.0177055849675646	0.0113589199878627	9.11999893025577e-05	0.814026165266246	0.0647806377052729	0.0272787818142995	9.11999893010246e-05	0.0271610657079938	0.0375064445721572
0.00602679558556837	0.00359850811866709	0.00445526004923728	0.767822929509192	0.087152796166662	0.0290879118949262	0.014711001248248	0.04012843133847	0.047016366089029
0.0153622623502813	0.0125656059777519	0.00199228977596677	0.853908774451493	0.044652206139102	0.0261664686608844	0.0183880573677102	0.000136439406585675	0.0268278958702244
0.0333947572935562	0.0383740037531192	8.64812835370346e-05	0.78423256865077	0.0526909660267912	0.0205062302278793	0.0705420301972531	8.64812835471231e-05	8.64812835471226e-05
0.0127669952508188	0.0870256753979714	8.78203159764202e-05	0.81530981264195	0.0627457236159789	0.00698404662244364	0.00346376428745126	0.00221120130255272	0.00940496056485719
0.0171275458769629	0.0120042391403172	9.27915940452665e-05	0.857008522646582	0.0468038217615242	0.0296924514555087	0.0136908538597921	0.000342559374908641	0.0232372142903592
8.75370507002719e-05	0.0265738297255956	0.000303964484633094	0.823571171956286	0.0223235867020823	0.025039251176189	0.0226093694903442	0.0227972694099553	0.0566940200042137
0.00199441692808253	0.00328627173802764	0.00180563122455099	0.840253677761189	0.0370870650291733	0.0486473061392794	0.00188725837637595	9.06582805431364e-05	0.0649477145227784
0.0083735436889306	9.46194933391125e-05	0.00124542120504161	0.785495221599349	0.126403416170759	9.46194933391118e-05	0.000102716815888223	0.0241222438946161	0.054068197638737
0.0505686851891469	0.000134398339705005	0.000134398339703576	0.769174181283516	0.0962728021129328	0.0276637121291793	0.0109865910440832	0.0170746891051383	0.0279905424565945
0.0171359757237978	0.00627819226728873	9.2272861738393e-05	0.798436096726721	0.0446564990293739	0.0643476246422445	0.0170779740791546	0.0130097056502325	0.0389656590194488
0.0247473971718377	9.06731762049443e-05	9.06731762047451e-05	0.794204137192254	0.0653734780474003	0.0348073686901501	0.0301900421303268	0.0219546691608617	0.0285415612547591
0.0369781920482849	0.0181515289616033	0.000128724900077824	0.714380520812553	0.154010792075423	0.00321492214002164	0.0330200253800373	0.0211341047303553	0.0189811889516438
0.011283933642558	0.0750875288628977	8.65540821718633e-05	0.825412216401691	0.0393032014111252	0.0115126943792916	0.0352203450719399	8.65540821708666e-05	0.00200697206615418
0.0114918406266579	0.0373819030912073	8.92549858433326e-05	0.800848116544252	0.0780910921792287	0.00115511617860744	0.0225885821818743	0.00651426028538949	0.0418398339269394
0.0229734375128706	0.000137779296624686	0.0160257332774878	0.733442418954764	0.104453142227615	0.00902224834981884	0.0211036879706911	0.049620892771452	0.0432206596386756
8.74051919935082e-05	0.10398272978894	8.74051919987597e-05	0.77903179249385	0.0421881228821741	8.74051919935068e-05	0.0169335266828338	8.74051919935067e-05	0.0575142073842229
0.0298311120937827	0.021052044323952	0.000129263403763643	0.784901328186329	0.0936973286349039	0.0335341963043675	0.000129263403755881	0.00369046771631676	0.0330349959328284
0.0234979495039382	9.27324546100096e-05	9.27324546112473e-05	0.818509302756735	0.111969902307668	0.00988750977004485	0.00888509096761164	0.0140920793252408	0.0129727004595403
0.00582559137412927	9.30702462859073e-05	0.00321691448979313	0.846198420718985	0.032320856680701	0.0389301020920708	0.00456794399064481	0.00851019703482466	0.0603369033725657
0.0139178057053729	0.0112364217871924	9.1854175323098e-05	0.834912556803287	0.0418782433942971	0.024018942156691	0.0238233721108772	9.18541753189162e-05	0.0500289496916406
0.00951048982605145	0.0358092541110518	8.54150305376589e-05	0.831030470813466	0.066234055364414	0.0184767655515128	0.0386827192418864	8.54150305398378e-05	8.541503053984e-05
0.00115405734055661	0.00218292727407621	0.00847179403777319	0.783092518823413	0.0895948866929738	0.0199940604333446	0.0177915029340322	0.0427592403775234	0.0349590120863071
0.00279420804174968	0.0111475278486258	8.60104851879031e-05	0.814034579979968	0.0319994301774563	0.00882649475482855	0.0454886430978893	0.043022154470939	0.0426009511433558
0.0199270687878155	9.09305101423872e-05	9.09305101478781e-05	0.798559427802563	0.0761306496224438	0.0162064732418075	0.0377662357212926	0.0477363281898054	0.00349195561398138
0.0134311428352432	0.000919948852715638	8.9049113742573e-05	0.78780859681302	0.0599008664282206	0.0278289508096219	0.0261960535991191	0.0398034284577863	0.0440219630905304
0.0258011044464927	0.0503045481720099	9.22699585507661e-05	0.815520493327911	0.0551804304583772	0.00131313944797906	0.0099652831381192	0.00572787064642761	0.0360948604041323
0.000141910178478388	0.00413836547333094	0.000141910178478554	0.867477680683358	0.0481141231321498	0.00583484439725132	0.00400612817015033	0.000141910178479246	0.0700031276083231
0.027437858278327	8.81906158122727e-05	0.0667488348109521	0.734536677902974	0.0602612319998256	0.0179730408715268	0.0336308887528039	0.0452085536339836	0.0141147231337944
0.0176550494482261	0.0171935674665413	9.1487540600386e-05	0.805173288829178	0.0373607288378524	0.0532238831827611	0.0115412530770727	0.00682121796470652	0.0509395236530614
0.0375202823679812	0.00573224653201114	8.95990751888117e-05	0.818475962585929	0.029818989489763	0.0447150668185125	0.0253246138837281	0.00147829223543068	0.036844947011455
0.0101476826172721	9.29531035722277e-05	9.29531035732585e-05	0.848482017027364	0.0512361961404603	0.0173308730744037	0.0181714234402519	0.0134033920386573	0.041042509454445
0.0183501105131834	0.00677009971716431	8.96334952372226e-05	0.855002707173603	0.0604700209129387	0.0261773239269725	8.96334952444205e-05	8.963349524442e-05	0.0329608372704118
9.31657780192645e-05	9.31657780192618e-05	0.00464978803394434	0.808773272103125	0.107281326397399	0.00836882188151369	0.0195752709201274	0.0271930220052937	0.0239721671025577
9.33339189592786e-05	0.0127322978488429	9.33339189598619e-05	0.791929746846577	0.073900563286901	0.00482493789892664	0.0279491259086806	0.0261633811954261	0.0623132791767266
0.00935314476744291	0.000133550834722574	0.00745158245466289	0.81650849862811	0.0367799484906084	0.0186850544096268	0.00289539562760484	0.0490724473360625	0.0591203774511589
9.4005190609093e-05	0.00797713404607187	9.40051906105229e-05	0.848473013223303	0.0636606469397504	0.0279720592660732	0.00810307571388427	0.0123846284574687	0.031241431972229
0.000130897425800619	0.0292721929471965	0.00030464496134262	0.821105905646525	0.0391690699917469	0.0441253989068046	0.00864787592997625	0.00536941843358246	0.0518745957570256
9.39368759756593e-05	0.0329085867529805	0.000281063706412087	0.846380177975549	0.0527940273356108	0.0208753338466908	9.39368759756591e-05	0.0084681367110889	0.038104799919717
0.010781682255098	0.000134950958437277	0.000134950958435776	0.787625866194109	0.103290709191629	0.0231237103380579	0.0176450146110402	0.0533004561010481	0.00396265939214461
0.0382437976860111	0.0416452910229407	0.00511104196573601	0.796753987063788	0.0521844393050163	0.00863305768272289	0.0170221093773963	0.036388619167557	0.00401765672883141
0.0124221074230236	0.0140451812000044	9.11524396460816e-05	0.811380278525003	0.0876529582284262	0.0134503021177831	0.0427786474884693	9.11524396411166e-05	0.0180882201380036
0.0164067329912021	0.00275904710370623	0.00151031032111575	0.836510146281343	0.0798229664216607	0.0289719120978566	0.00913787842374402	8.77425647778129e-05	0.0247932637945934
0.0229694889190433	0.0184173983524313	9.2670197308372e-05	0.748430566979021	0.111532166495941	0.006965237667253	0.0128420822210092	9.2670197312652e-05	0.0786577189706803
0.0296431117857612	0.0105114618801706	8.7208660479647e-05	0.869710117424612	0.0415417022884977	0.00498264601456941	8.72086604806789e-05	0.00882170416366569	0.0346148391217628
0.00355183921285278	0.0728307097229522	9.23629220533688e-05	0.843093390327718	0.0413701656012321	9.23629220551316e-05	0.0272426382756537	9.2362922055712e-05	0.0116341680934274
0.00406530140936909	0.00438619463804415	0.0120527753654923	0.779459801041832	0.0788837879878952	0.0130771509822213	0.0101313883167564	0.0706654098749315	0.0272781903834582
0.000216363843021743	0.0291042548427712	0.0101797115061764	0.740241397033785	0.131783176597694	0.0341100248734117	0.0138791864886313	9.07818703150513e-05	0.0403951029441939
