Bcells	CentralVeinEndothelialcells	Cholangiocytes	Hepatocytes	Kupffercells	LSECs	Mesothelialcells	PortalVeinEndothelialcells	Tcells
9.06769784974932e-05	9.06769784620714e-05	0.0187955340521108	0.932631400644529	0.0174111152013494	0.00734318679648001	0.0115392539592851	0.00481296352807985	0.00728519186120664
0.00260264149319199	0.0020222440531149	0.0219490606858286	0.936394586961	0.0242691744321008	8.80238887859421e-05	0.0124982207083777	8.80238887800885e-05	8.80238888196711e-05
0.0006976902402107	9.42236390021263e-05	0.0297829460313245	0.920560787269838	0.0251096758995706	0.0109905783440902	0.0109004256061064	0.00176944933084816	9.42236390093907e-05
8.98912382431378e-05	0.00495057797096235	0.0220892585906758	0.918640566853341	0.0269337003884966	0.0112022308301544	0.0159139916516489	8.9891238229314e-05	8.98912382482002e-05
8.79433452695163e-05	0.0181675411587812	0.0155652358286368	0.92294162537112	0.0235069284244516	0.00568316709999372	0.0138112224615044	8.79433450870258e-05	0.000148392965156224
8.8964787315735e-05	0.000987714343022955	0.0267312730262852	0.943054848590965	0.0150095207921561	8.89647874285017e-05	0.00895807256631576	0.00499167631918065	8.8964787330075e-05
0.00395693127321096	8.9291905874544e-05	0.0169025927542094	0.955462420310045	0.0128890834607421	8.92919059062865e-05	0.010431804578427	8.92919057588857e-05	8.92919058259283e-05
0.00128230352399992	0.0110540839080492	0.0173028956714356	0.918258868771318	0.0199762725504236	8.89248998657045e-05	0.0203654609415869	0.00612499186014069	0.00554619787318082
8.83563115074512e-05	0.003883165018649	0.0134614190678518	0.927367311417243	0.0376091348538756	0.00808728122063961	0.00932661948730155	8.83563114303136e-05	8.83563115019914e-05
0.00199730383696539	0.00624120091467374	0.0227739460626749	0.92297632114807	0.0280902353182649	0.0048009976915309	0.0126841795208714	8.83827514682268e-05	0.000347432755480454
9.31807303154954e-05	9.31807303304126e-05	0.0243383112686262	0.914752886471198	0.0360340994140434	0.00938299566360329	0.0134017192762944	0.000243475383549599	0.00166015106203944
9.12847193262766e-05	9.12847193671881e-05	0.0386893917445355	0.925730275905474	0.015765986583232	9.12847193081766e-05	0.00856064832130644	0.00720791594306789	0.00377192734438283
0.00154532141959293	0.000131709063866132	0.018156194646204	0.929033315759077	0.0254146950107107	0.0113292199422315	0.0126078807625759	0.00133961773828804	0.000442045657454074
0.000174747295366459	9.27897471702628e-05	0.0677878583065812	0.865576090739023	0.0225077323667553	9.27897471244171e-05	0.0199570986082639	0.0118126083072865	0.011998284882429
0.000110715134639274	9.4847104240576e-05	0.0299035379521121	0.911911925585115	0.0338719778956571	0.000986381449778551	0.00935020114608692	0.0134895127512101	0.000280900981160104
8.95623666022121e-05	0.00139750695189609	0.0285244767320273	0.927607669657988	0.0201606160524657	8.95623665481163e-05	0.0169427703165465	0.00509827318932352	8.95623666022171e-05
0.0039171789526318	9.14148284748937e-05	0.0412164239241335	0.917698685250018	0.0186611491603439	9.14148284056843e-05	0.0147845795597005	0.00274809051715291	0.000791062979139213
0.000297702815536722	8.88180596788322e-05	0.0173100223998146	0.935377509158336	0.0211750878578598	0.00959099627668126	0.0109402597012308	0.00503434567907654	0.000185258051785167
9.01349297110957e-05	9.013492967186e-05	0.0166201470244111	0.932978035097518	0.0340004825721157	9.01349296531088e-05	0.0159506606575287	9.01349296827546e-05	9.0134929708125e-05
0.000128424640736776	0.000128424640667625	0.0231072991245851	0.915981731848338	0.0421829898725119	0.00417437436950685	0.00814160850263975	0.00103731048078521	0.00511783652022906
9.20421550059823e-05	0.00343941036387526	0.0239571257730536	0.926068094215825	0.035570815226484	9.20421550324076e-05	0.0101793188433215	0.000509109112403282	9.20421549989268e-05
8.97661968452063e-05	0.0144060650987561	0.0143025382617445	0.94179821286378	0.0151758607807623	8.97661969583624e-05	0.0130074570478822	8.97661969510646e-05	0.00104056735632023
9.20965387448163e-05	0.000704883674050515	0.0212233947950763	0.950740640539219	0.015295813998009	0.00152541875338902	0.0102335586239646	9.20965387968542e-05	9.20965387502501e-05
9.14388699732362e-05	9.14388699247115e-05	0.0212917304359725	0.946612714317266	0.0189467490759567	0.00698159657523396	0.00535559117928639	9.14388701657594e-05	0.000537301806220555
9.40396844960329e-05	9.40396843901807e-05	0.0206009729812289	0.936846550977963	0.0224377250187446	0.00638254286066937	0.0133560494235976	9.40396844158501e-05	9.40396844944197e-05
0.00348948668531148	0.0102076259856814	0.0209563603959389	0.920701759274147	0.0248022857063416	0.00192821456087978	0.0138606314735869	0.0039239150579533	0.00012972086015977
0.000363433265818646	0.00708163975258257	0.0217458529332662	0.932731506881056	0.0217637161816514	0.00223088884998831	0.0138266160316879	0.00012817305192511	0.000128173052024207
9.18125359149357e-05	9.18125359576365e-05	0.0242441230300258	0.935234174149746	0.0190112278941338	9.18125359720109e-05	0.0150387482067177	0.00600172025099964	0.000194568860532161
0.00208946411968615	0.00435795118541737	0.0150624718049926	0.936188193811279	0.0273416570308792	0.00360871893237392	0.0110979498427637	0.000126796636362378	0.000126796636245195
9.22127370500288e-05	9.22127370536445e-05	0.0260091451660933	0.913342175625837	0.0388476352858785	0.000467187675517422	0.0107471136967813	0.0103101043387348	9.22127370544178e-05
9.07662067281614e-05	0.0211072940683008	0.0214313130234322	0.924812349318341	0.0157860157769368	9.07662067300446e-05	0.0154082779961777	0.00118245119660931	9.0766206743913e-05
8.77769443853727e-05	0.00420277267377897	0.0201098973040323	0.928883709829855	0.0217022929598871	0.00800619387135651	0.0140994353649968	8.77769443214778e-05	0.00282014410738646
9.0529161575833e-05	9.05291615234199e-05	0.0194619420162978	0.924988817492032	0.029550433457807	9.0529161674841e-05	0.0143158926473835	0.0113207977401223	9.05291615836814e-05
0.000769649439258979	0.0147466100211088	0.0187948521520454	0.917135152743013	0.0274161360204763	8.87013483402063e-05	0.0152974302904066	0.00135981640292181	0.00439165158242882
0.000768342926160454	0.0151051938127803	0.0210964141680176	0.914152737692416	0.0275260741078343	8.86659892877479e-05	0.0146167973944839	0.0065571079196854	8.86659893341241e-05
0.00326622398485426	0.000369337887567386	0.0189166581418083	0.935713900438903	0.0238721685929783	0.00655058388152801	0.00716849901835111	9.0394017386392e-05	0.00405223403662312
0.00537287502201194	0.00481438355520003	0.0194689961444962	0.899832642681944	0.0492368660453407	0.00515705946347999	0.0133237295281601	8.91434516958844e-05	0.00270430410767112
9.20546285265157e-05	0.0144584563946508	0.0181076005338923	0.922399697965232	0.0199650382130602	0.00254231271804036	0.0168338530828045	0.000407059563895262	0.00519392689989843
9.1465222539519e-05	0.00439473506520532	0.0200084959550235	0.922594834795124	0.0450568855017609	9.14652224825536e-05	0.00757918779282953	9.14652224955645e-05	9.1465222539146e-05
0.00589488562543144	0.00425624884477004	0.0169606355454141	0.923898941961893	0.0335640547270859	8.86545468555008e-05	0.0132290241294873	8.86545468088116e-05	0.00201890007225431
0.00540048914742675	0.00850930864113883	0.0409404000288264	0.866197959469111	0.0265372960244369	9.01015625275332e-05	0.0286569826388029	0.0235773609251865	9.0101562543295e-05
0.0011321055285629	0.00258716132672397	0.0160435831147316	0.936574513897374	0.0319934504433127	0.00130651924282671	0.0101810139935385	9.08262264717153e-05	9.08262264579969e-05
0.0102153430255866	9.16829025362122e-05	0.0638433492882795	0.871122749382915	0.0327045920465978	9.1682902525239e-05	0.0170345666250254	0.00480435092396046	9.16829025742417e-05
0.00133659660811459	0.00299760000884875	0.021740988734514	0.93697401705709	0.0263432658663318	9.06608953820938e-05	0.0093701760368851	9.06608951364923e-05	0.00105603389769695
9.23020608012121e-05	0.000174512841522379	0.0220763006662524	0.941340278775739	0.0177914315609436	9.23020609049312e-05	0.0160409505165959	0.0018031113404714	0.00058881017676931
0.00261316102448535	0.00173607030226784	0.0137992657832678	0.936353761801673	0.0272930240894252	0.00609954268402683	0.00731696631424983	0.00158431942688961	0.00320388857371497
0.000798782999898998	9.11385286397653e-05	0.0235796827049183	0.944393703803334	0.0148605278777239	9.11385286068941e-05	0.00788864798159535	0.00613339612765266	0.00216298144762977
0.00135185396161053	0.00100534345427342	0.0145410765453939	0.923354582206118	0.0308548886364086	0.00904500159917391	0.0194986580699915	8.98657534813435e-05	0.000258729773548714
9.0404067740691e-05	0.00538682677251035	0.0187479716093765	0.929292409750996	0.0318019664112876	9.04040677268277e-05	0.0131163541966527	0.00138325905596586	9.04040677439174e-05
9.06386530860713e-05	9.06386530739899e-05	0.0381064270628855	0.88628774862293	0.0255955824215108	9.06386529972255e-05	0.0140069748547027	0.0168445445553451	0.0188868065234682
8.84077791848207e-05	0.0010242947692735	0.0173124701964087	0.934865628732481	0.0192186675048846	0.00512322799337552	0.0193491641100581	8.84077790828e-05	0.00292973113525132
9.00129043575975e-05	9.00129042446243e-05	0.0174917934638963	0.933722069406462	0.0217260552542246	9.00129043399316e-05	0.0130281606651161	0.0130516856473272	0.000710196850031402
0.0122776156929962	8.91903585559864e-05	0.0583636433777145	0.84849449234212	0.0272029748163781	8.91903586272883e-05	0.0246271792817576	0.0259771883794428	0.00287852539240732
8.94355116498403e-05	8.94355115989773e-05	0.0221014868246845	0.935497094885234	0.0294025280130484	0.00703105828776244	0.00561008994278425	8.94355115858912e-05	8.9435511651855e-05
9.14285934177532e-05	0.00561714008172009	0.0170365578982299	0.938109147838289	0.0109893536175157	0.00645079887349911	0.0147151797671038	0.00264147148679318	0.00434892184343182
9.27177972940573e-05	9.27177972496902e-05	0.0327497864277145	0.929430852532713	0.0266556124817629	0.00140932059012892	0.00938355677858678	9.27177972536425e-05	9.27177972962409e-05
0.000848599408232304	0.0075396149358104	0.0223943262416469	0.929286193614451	0.0279075322663171	9.13397104637776e-05	0.00982956396937026	9.13397104311617e-05	0.00201149014327672
0.00129995030511873	0.00144209725910465	0.0325348849557292	0.922642373827871	0.0269609776050521	9.26741955658488e-05	0.00956905630481634	0.00536531135110035	9.26741956414841e-05
9.30333657243367e-05	9.30333657122059e-05	0.0213692283933668	0.920736880997658	0.0301123828887063	9.30333656661828e-05	0.0122768103536092	0.0133134252421722	0.001912172027384
8.89584029395757e-05	0.00182847307873067	0.0203573083033705	0.943574852076817	0.0151208739271761	0.00499512618552974	0.0127780920571763	0.00116735756532143	8.89584029387712e-05
0.00360110612611883	0.013563428705708	0.0180740606494256	0.928015425723587	0.0202047495264292	9.18318734760628e-05	0.0141756458738562	9.18318735005016e-05	0.00218191964789906
0.00616466158877484	9.16520100176024e-05	0.0215011810070311	0.919308105699685	0.0304077836319041	0.00626261286511967	0.00826327433294166	0.000693742932432396	0.00730698593209396
0.00207428043347341	9.10379522641808e-05	0.0248075240621636	0.921995862416329	0.0332939457278224	9.10379522132093e-05	0.00815116254982936	0.0090664038806748	0.00042874502523003
8.88839513571317e-05	8.88839512881675e-05	0.0143954495747077	0.9428578563842	0.0161656216135734	0.00669879740138098	0.0150740329144962	0.00379462493222712	0.000835849276768974
9.24763162867435e-05	9.24763163033877e-05	0.0172195814327939	0.93232849109507	0.0250949076696174	9.24763162719569e-05	0.0119027804660455	0.0120434056307746	0.00113340475683613
9.15401473955504e-05	0.00416176048541886	0.00978564246601219	0.945020979865904	0.0266796164491535	9.15401473464861e-05	0.0136344779080934	9.1540147200649e-05	0.000442902383475386
8.88745167695456e-05	0.0129282569814909	0.0255596409690076	0.929706067378115	0.0142373480039008	8.88745168241311e-05	0.0137901400694336	8.88745167263344e-05	0.00351192304773203
0.00210753472101037	0.00439554216407685	0.0132479542212074	0.933994594488803	0.0252062544567506	8.81173483635301e-05	0.0127162006013716	0.000465062514854725	0.00777873948356214
0.0009114628732703	9.4389088294261e-05	0.0290465181819642	0.923735227160522	0.0240779069195833	9.43890884382217e-05	0.0139845009316841	0.00796121666784414	9.43890883994745e-05
8.89059868319376e-05	0.00426277915621827	0.020028210939946	0.939820515093799	0.0205638584368533	8.89059868176405e-05	0.0121773156350869	0.00288060277761379	8.89059868328026e-05
0.00237050595172345	9.20011130396828e-05	0.018531607751165	0.940869743025749	0.0207045726115876	0.00530009947524231	0.00842463893202657	0.00280433170242818	0.000902499437038795
0.00112490740135777	8.92875244697901e-05	0.0150678282987961	0.947415927252644	0.0225968382728042	8.92875242899026e-05	0.0125604585405291	0.000279719744854506	0.000775745440254827
8.83648568469577e-05	0.00198474227712779	0.014711348466099	0.940317492933185	0.0287500869345232	8.83648569818017e-05	0.0113777270262474	0.00259350779212184	8.8364856866555e-05
9.34849009416646e-05	9.34849009272766e-05	0.0321103961189601	0.925247989270264	0.0276430731587672	9.34849009804494e-05	0.00882533458997907	0.00499800010172642	0.000894752057453809
0.00124177726516514	0.00182551748264244	0.0225431431775102	0.938006034468517	0.0144621771811563	0.00652600715054642	0.0152121761324849	8.91430105607671e-05	9.40241314169922e-05
9.04659054865956e-05	0.00437985981435325	0.0213072254707212	0.923705089393399	0.0224057313708197	0.00582365453356561	0.0133430717862192	0.008854435819945	9.04659054904902e-05
0.0368925244349695	0.0200970525643248	0.0683562996516584	0.786738774913404	0.041648970466872	8.93926381103796e-05	0.0333009226681899	0.00905225370130368	0.00382380896116736
8.99234291039037e-05	0.00274218955827503	0.0235888976595728	0.940682405263796	0.0231160662601759	8.9923429143093e-05	0.00750257298328849	0.000625316321238567	0.00156270509540678
0.00187083438521607	9.02397934347599e-05	0.0347403163762075	0.901331516123438	0.0351627571988147	0.000227235321346205	0.00887377698694355	0.00994014986367804	0.00776317395092115
8.83231557374761e-05	0.0021580520290874	0.0201525778989044	0.932770078794047	0.0310392804469955	0.000257547331403594	0.0133574940323406	8.83231557520256e-05	8.83231557314412e-05
9.02198322834022e-05	9.02198322166771e-05	0.0182497267945891	0.931586978908683	0.0283757036862226	0.000462924438528951	0.0186741894583636	0.0023798172168432	9.02198322690341e-05
8.89287162845757e-05	0.00957216871165679	0.0170633318464923	0.948793594208408	0.0156924202105551	8.89287162769657e-05	0.00852277015780188	8.89287162396169e-05	8.89287162850325e-05
0.00204171563408307	0.0065394694607523	0.0174845052007719	0.931257120179812	0.0181162522626579	0.0103642239190076	0.0122005392883999	9.03019803093926e-05	0.00190587207420555
0.00142055497206321	0.000525688049657901	0.0177836776283371	0.934091036520068	0.0191848957691581	0.00599848697035437	0.0153930491597708	0.00551132964338375	9.12812872071482e-05
0.00441813948174101	8.79399229679246e-05	0.0179257399954705	0.943199036114393	0.0205813514190129	0.000995009120037189	0.00920161083958461	8.79399229934841e-05	0.00350323318379908
9.26430304529801e-05	9.26430304936797e-05	0.0206021505578893	0.942940330422378	0.0184822782202592	0.00352147736783181	0.00930425525153416	0.0048715790887034	9.26430304574433e-05
9.06985855303395e-05	0.00368297365273486	0.0194663520443733	0.925122086464637	0.0227888771227068	0.0145064586624351	0.0114922529601613	0.00033685528879698	0.0025134452186246
0.00100210320914583	0.0102380192708113	0.0266272743655345	0.932008695250044	0.0100290344354443	0.00668761936642349	0.0127092434021995	0.00060835540169773	8.96552986991184e-05
0.0019949720708612	0.00719943687221107	0.0193301204282019	0.925878403861495	0.0312741322066398	0.00201705220655338	0.0110220081323317	0.000743123251370717	0.00054075097033557
8.89214826876913e-05	0.00519958825274186	0.0171720022398204	0.92507871613673	0.0338259088359949	0.00184675205048763	0.0128340566877183	8.89214827249968e-05	0.00386513283109466
8.73726096944699e-05	8.73726097258952e-05	0.0205838858362166	0.935166843473058	0.015904404888598	8.73726096400311e-05	0.0108821907533047	0.00564972400802486	0.0115508332117378
0.000849863766477806	9.21133870187914e-05	0.0405314482873649	0.930583826116396	0.0145348755391066	0.00427244212578888	0.00712305947391649	0.0019202579168553	9.21133870752422e-05
8.91667376374071e-05	0.0199260824483871	0.0197031997097099	0.930027981586092	0.0161586279314038	8.9166737624513e-05	0.0113828784673134	0.00253372964419677	8.91667376354356e-05
0.00195329985983377	0.0052091118642023	0.0228243759901988	0.912954249955707	0.036787823889561	0.000131453226049996	0.0112739667329138	0.00676921218584973	0.00209650629568384
0.000337750473387401	0.00340679789643964	0.0182687393756527	0.937823738915975	0.0143920701219084	9.09230365934977e-05	0.0171395759233479	9.09230366528238e-05	0.00844948122004282
0.0016915212542546	9.25129083072493e-05	0.0271195732098117	0.922791602325419	0.0370089234137423	9.25129083051337e-05	0.00587397419749857	9.25129082502155e-05	0.0052368668744115
0.00278859273104208	9.36176467906765e-05	0.0250449194804499	0.927986939018533	0.026571427414203	0.00147179372453283	0.0130220584103407	0.00250436304921597	0.00051628852489153
9.05708928928434e-05	0.010366546740575	0.021807822385658	0.929273473014115	0.0179787324595935	9.05708928814702e-05	0.0126662557651576	0.00246224290355216	0.00526378494557437
9.24303413652501e-05	0.00554988525099945	0.0231896560275997	0.924909907421361	0.0300068521445652	0.000358717974816501	0.0131512491955563	0.00163931113578792	0.00110199050794827
0.00216352431563952	0.00033760832031275	0.0184191655471755	0.941148256350524	0.0187379875938858	0.0059555659345587	0.00973712146870012	0.00341011412401186	9.06563451915086e-05
8.63489632682335e-05	8.63489632093511e-05	0.026374637125042	0.927460568740182	0.0330359435726325	0.00100085051094185	0.00793829359659386	8.63489635476444e-05	0.00393065956458308
0.000593140145266886	0.00688296144350281	0.0191617720994606	0.950487794975635	0.0112103446171042	0.0025568283106184	0.00892462623902483	9.12660846771562e-05	9.12660847098844e-05
0.00141968686496955	0.00396338214366681	0.0203715630744072	0.921985777371238	0.0362275132905093	0.00115057710534836	0.0142682467044194	0.00013034488514059	0.00048290856030108
9.10681113048186e-05	9.10681113603102e-05	0.0166170921525634	0.956626447306044	0.0122024143417837	0.00536769031641216	0.00882208343804325	9.10681111754685e-05	9.10681113126014e-05
8.9766135099882e-05	8.97661350460857e-05	0.015727935072825	0.947582361813427	0.0137847246854495	0.0117225043609227	0.0108234095269361	8.97661352012772e-05	8.97661350924732e-05
9.00456965556673e-05	0.00574426555746909	0.0238277025520555	0.930489543216625	0.030711004821641	9.00456965717041e-05	0.00886730106600561	9.00456965021228e-05	9.00456965738832e-05
9.05345167252643e-05	0.0119224754444195	0.0137332541713739	0.930349973714095	0.0135885819762492	0.0107634300156964	0.0192564687497588	0.000204746894971442	9.05345167108402e-05
0.00218899614605363	0.000609492928606944	0.0234363129059548	0.913551541266733	0.031073617992256	9.1482487502447e-05	0.0123649631551072	0.0105184822865025	0.00616511083128333
0.00128632039225212	9.14148582560985e-05	0.0224062886806338	0.937534373399405	0.0180804274999368	9.14148582544394e-05	0.00990741544851968	0.00418775861931507	0.00641458624342653
0.00856875639514454	0.00314625370539931	0.0214959023703254	0.914596109969691	0.0426404011367698	9.52319645606046e-05	0.00926688052904585	9.52319644910567e-05	9.52319645719757e-05
0.00304993307460122	0.00714162549510557	0.021355636832111	0.927121243623457	0.022335815169795	8.75594276223854e-05	0.0133678201323641	0.00545280681734109	8.75594276024305e-05
9.25964773495855e-05	0.000248250936629618	0.0236695376821288	0.928317678973005	0.0247330422756882	9.25964773093462e-05	0.0116656966012528	0.0110880040992926	9.25964773438571e-05
0.00780017019776096	0.0145550954412281	0.0199278505333927	0.922431090432745	0.0221860831627324	8.8567634218623e-05	0.0101598543981915	8.85676343023716e-05	0.0027627205654285
0.00270894111943717	0.00105391487712476	0.0304369650668846	0.929383633898158	0.0202824991587563	9.27826347015289e-05	0.0117460787336736	0.004202401876594	9.27826346703931e-05
8.99724470176091e-05	8.99724469979331e-05	0.0177269091572723	0.933087896288975	0.0226480181804242	0.0142222495322271	0.0105457994564436	0.00149921004356709	8.99724470746369e-05
0.00277752186263512	8.91608123374978e-05	0.0273904557926051	0.938702406830434	0.0165866750365385	0.00265056110382767	0.0116248969367432	8.91608124610296e-05	8.91608124178007e-05
0.00244313234083656	0.00143576272836192	0.0319361220370918	0.913775797761762	0.0385994856206339	9.27086254371291e-05	0.0115315736349909	9.27086254461713e-05	9.27086254401534e-05
9.25291111044725e-05	9.25291110733375e-05	0.0206187268330876	0.91207668048952	0.0441670373349967	0.00290287395904304	0.0116857787893389	0.00827131526071691	9.25291111189534e-05
8.98118526744431e-05	0.00269846724480129	0.0200539689145346	0.942639538930087	0.0156200228515203	0.00310110429461517	0.0156174622063472	8.98118527412839e-05	8.98118526784931e-05
0.000514939068778036	0.00411063153664284	0.021931211994207	0.931232941638051	0.0289951125308937	8.99981256508357e-05	0.00715586973756218	0.00587929724260016	8.99981256139934e-05
9.11022225492135e-05	9.1102222493217e-05	0.0198332014148109	0.939930418295233	0.0190631040696508	0.00942340303808379	0.0113854642920616	9.11022225743061e-05	9.11022225431811e-05
9.25737651732266e-05	0.00563291361555001	0.025775760482933	0.913487166327967	0.0345130589904124	0.00789800819183981	0.0101114617127955	9.25737651008966e-05	0.00239648314822844
9.06136752614758e-05	9.06136753178112e-05	0.0237429536221348	0.937274672720255	0.0248806386313913	9.06136752103755e-05	0.0107664773347249	0.00297280299043639	9.06136752674826e-05
0.002050422545992	8.79329776295809e-05	0.0164820752767521	0.939858208871975	0.0227770495597188	8.7932977448061e-05	0.00749766338262202	0.0061869703980609	0.00497174400980127
0.00127200856835118	0.021474236609812	0.0158178921124355	0.916067231178963	0.0156474035928631	8.82399364800654e-05	0.0285041556256361	0.00100166183010923	0.000127170545349446
8.88739994894439e-05	8.88739996181031e-05	0.0310257474434731	0.935911350515821	0.0106675772535718	0.0085114476544894	0.0135283811345451	8.88739994716813e-05	8.88739995202349e-05
9.08016135936556e-05	0.00101018456830998	0.0197696875602839	0.931127862583989	0.0266986486450015	9.0801613489172e-05	0.0141176826973317	0.00700352910440571	9.0801613595051e-05
8.98853982776363e-05	0.00969458049854923	0.0159515790898818	0.928324257905271	0.0280532307266434	8.98853982259303e-05	0.0176168101865274	8.98853983488072e-05	8.98853982753223e-05
9.07375576083929e-05	9.07375575505903e-05	0.0203819942042259	0.935672667490623	0.0174542162678252	9.07375575397476e-05	0.00944204989441648	0.0166861219125992	9.07375576118755e-05
0.00229909688091832	8.82827278424081e-05	0.0130996998725201	0.946355240142062	0.0197094106963589	0.0063982926951634	0.0118734115295283	8.82827278053596e-05	8.82827278013997e-05
9.25587994244917e-05	9.2558799356583e-05	0.0230651561489619	0.929592562233139	0.0252442229168032	9.25587993624225e-05	0.0114599829048975	0.00227223207716449	0.00808816732089015
9.4165843178666e-05	0.00624970283412034	0.022901566359558	0.936438864630322	0.021703000071998	9.41658431601073e-05	0.0123302027313776	9.4165843107564e-05	9.41658431782146e-05
9.30215739589582e-05	9.30215739141929e-05	0.0282223173552442	0.907776555062628	0.0495913706671555	0.00247291138405907	0.0115647592351753	9.30215739038268e-05	9.30215739614184e-05
0.0020839506385915	9.32224381366432e-05	0.0333078586790197	0.920508475074586	0.0181546052792229	9.32224381514719e-05	0.010726146854068	0.0141548089665566	0.000877709631667351
0.0129547909774266	0.00768669051174159	0.0181704808391791	0.924774599403113	0.0250600473068011	8.84768128669818e-05	0.0104180794881646	8.84768126130542e-05	0.00075835784809427
0.00203327089406769	9.31659622818109e-05	0.0237950128586293	0.920468445869471	0.0322119546347601	0.0047238195657788	0.0111554568811884	0.00542570737150884	9.31659623144802e-05
9.35502030481929e-05	9.3550203007623e-05	0.0198411164183983	0.930046389897948	0.0310899184482645	9.35502031009145e-05	0.0109012248547037	0.00711574465531881	0.000724955116210153
9.30736331373001e-05	9.30736331052492e-05	0.0376550323137673	0.897893563022646	0.0151390042341793	9.30736331372896e-05	0.0191465248064399	0.0265603174773972	0.00332633724619018
0.00147290546816283	0.00988999757656704	0.0156306978534784	0.935129435078157	0.0201883874253591	8.98522772995863e-05	0.0174190197662862	8.98522773139386e-05	8.98522773759537e-05
9.37478223217561e-05	9.3747822244797e-05	0.0271856243718769	0.933672115415578	0.0225810819961887	9.37478223565422e-05	0.0118037301884065	0.0043824567387096	9.37478223175235e-05
9.21075492736651e-05	9.21075492887097e-05	0.0283707499558617	0.926971879129474	0.0200686952743737	0.00824578892736879	0.0124579801378899	0.00302840233130532	0.000672289145164216
9.00097940584377e-05	0.00875555310552115	0.0133457803331399	0.94747820263755	0.0146552445922328	9.00097942666644e-05	0.0136843673680581	0.0018108225811198	9.00097940534536e-05
0.00377170155098427	0.00739998673031013	0.0205564664489371	0.931952052008107	0.0197477913053362	0.000591003525806437	0.0158032259060828	8.88862622268753e-05	8.88862622095479e-05
0.00166913137002648	8.93087744207358e-05	0.0251402145800309	0.948225477047774	0.0147161724201216	0.00125539349087157	0.00872568476764445	8.93087745526859e-05	8.93087745577823e-05
0.000972869283896467	9.31272262613923e-05	0.0254720235671992	0.915511927846933	0.026902703414375	0.0108153815414975	0.0101230324372881	0.00958252438825698	0.000526410294291816
0.00574704734923955	9.44244245747499e-05	0.0277976001921572	0.901306446868258	0.0361557398838054	9.44244247115691e-05	0.0109654147720525	0.00798595620500556	0.00985294588019539
0.00320795997758095	8.94033026651105e-05	0.020382137537687	0.942489958138101	0.0191774650560944	0.00656985311311524	0.0072802565620625	0.000713563009980966	8.94033027124623e-05
9.15787708781831e-05	9.15787708152192e-05	0.0278645697069758	0.939106487282367	0.0201023395818406	9.15787708444398e-05	0.00997890802941489	0.00258138031598495	9.15787708786933e-05
0.00999473598477937	0.00186673811555791	0.0242482369718313	0.93316896598837	0.0170670206090332	9.03076215439668e-05	0.0133833794655335	9.03076217111947e-05	9.03076216392633e-05
0.0032514377964169	9.29355180406683e-05	0.028653176122837	0.914924022300566	0.0306212718496956	9.29355180390517e-05	0.0119463922550521	0.00786375435308117	0.00255407428627193
0.00247962500391369	9.2913316231792e-05	0.0366628404817985	0.921043401893997	0.0245936892789709	9.29133162586969e-05	0.011367976061016	0.00357372733154322	9.29133162705725e-05
8.97193683020407e-05	8.9719368249925e-05	0.0246376425756221	0.935845407503612	0.0203263201049174	0.00325015812348634	0.0107865414992486	0.00103606472857428	0.00393842672798723
0.00044160510634274	0.00628846506620683	0.020184655697696	0.941535277664574	0.0162325817726411	8.92654736463145e-05	0.0150496182715459	8.92654736391173e-05	8.92654737083757e-05
0.00020583929741324	0.00320640140356709	0.0167361423212119	0.943041858455151	0.0201245363757454	0.00458153237228156	0.0119237582471884	8.9965763768783e-05	8.99657636722085e-05
0.000659455585035208	9.21973397946497e-05	0.0236019830864363	0.940983048825541	0.0203080936986523	0.00256318351124217	0.00889966917503313	0.00280017143847913	9.2197339786354e-05
0.00107373164360639	9.43102532576416e-05	0.0225652745222685	0.927966115323953	0.0204114356485504	0.00115694550175301	0.0131158644991253	0.006375133201371	0.00724118940611428
8.84169780714545e-05	0.00876073595949775	0.0172835099157009	0.937537737683556	0.0169630526014957	0.00778190035146218	0.00981391485164056	8.84169780197464e-05	0.00168231468055578
0.00320711548369626	0.0040759222779646	0.0612922149666736	0.89003347467016	0.0227526963564307	9.11946125418263e-05	0.01231809720964	0.00537568427536955	0.000853600147523684
8.67770944578572e-05	0.00184542049524787	0.019971460643383	0.934462870508874	0.0163485175493894	0.0027944557554827	0.0113950398573333	0.0119757805606084	0.00111967753522304
9.31869626865887e-05	9.31869626466519e-05	0.0373117343671028	0.927767633201002	0.0199111155590905	9.31869627303387e-05	0.0123574706268637	0.0022792983951904	9.31869626869514e-05
0.00186377634023716	0.000970412452258443	0.0157465732379077	0.934584205672342	0.0289707133782306	0.0062284343739545	0.0114546604479396	9.0612048546855e-05	9.06120485827408e-05
0.00161658409079969	0.00607196754068898	0.0190729282501232	0.932691468307021	0.0275947476877785	0.000128359934957709	0.00782721650082615	0.000917742949915044	0.00407898473788974
0.00566114320698813	0.000287844124270494	0.0287952482547837	0.924329685053654	0.0200486914860778	9.41540484407648e-05	0.0116093484377669	0.00242062383064836	0.00675326155736993
0.0114553177821223	0.00244487339775112	0.0179460522061361	0.93103176903751	0.0189162904081468	0.00180919848496045	0.0104177568402125	0.00588727077295647	9.14710702041496e-05
9.07625573788686e-05	0.00616555074313217	0.0165571563066681	0.937877956795778	0.0256399998605664	9.0762557324878e-05	0.0133962860641829	9.07625575889838e-05	9.07625573799382e-05
9.32436475123103e-05	0.00311016750011239	0.0151437197649098	0.924876493775412	0.027083775329441	0.000605588832440714	0.0165053208521177	0.00802158821009187	0.00456010208796198
9.0388849476739e-05	9.03888494652456e-05	0.0188161047409516	0.942352919942173	0.0191445582386801	0.00683251397495204	0.0124923477053106	9.03888495119043e-05	9.0388849478882e-05
9.1237584006282e-05	0.000785505916415396	0.0201792636045077	0.936212967759267	0.0223161773341227	0.00632675726549547	0.0139056153682096	9.12375839658207e-05	9.12375840099763e-05
8.95371182885022e-05	0.00348702479625183	0.0130239469281291	0.939954831690591	0.0288496961580398	0.00501003398324841	0.0094058550887286	8.95371184303274e-05	8.95371182928495e-05
0.00188082952005799	0.00805027163614669	0.0234068171805148	0.922732999953721	0.0165431062714974	0.000130423743833996	0.0171952433070694	0.00110653986935539	0.00895376851780365
0.00351169886794549	9.08620416072242e-05	0.0235079402050793	0.916769865017681	0.0304857545252755	0.00925694078997908	0.00966540640806571	9.08620415957367e-05	0.00662067010277125
0.000827250761015473	8.85040252267939e-05	0.014277800766558	0.943112598512776	0.0148348093475999	0.00838027385617743	0.014466751077854	0.00392350762767399	8.85040251182937e-05
9.29786724654973e-05	0.00891247449853293	0.0204730243931461	0.927961425637652	0.0287598968049785	9.29786724546305e-05	0.0135212639758592	9.29786724405326e-05	9.29786724707372e-05
9.2104395983794e-05	9.21043959381597e-05	0.0156630361597864	0.930572751943076	0.0297073910617041	0.00573053019197103	0.00952878357235185	0.00800500396746082	0.000608294311727333
0.000930533559296821	9.20680312476165e-05	0.0207577892766726	0.94739432415403	0.0178012384872488	0.000514982882922275	0.0101155263822001	9.20680309751857e-05	0.00230146919540616
8.96519794579127e-05	8.96519794149453e-05	0.0239471694599073	0.925854386335702	0.031411141101319	8.96519793794026e-05	0.010171312419232	8.96519795986698e-05	0.00825738276598849
9.45998421014131e-05	9.45998420487621e-05	0.0254274769606715	0.931222467706563	0.0214985167006326	9.45998421456186e-05	0.0129897184017942	0.00848342086193996	9.4599842102899e-05
8.85041932755097e-05	0.00584353039155388	0.0203346460555485	0.922938355161955	0.03621453917305	9.92854937754883e-05	0.0101540986561201	8.85041934110234e-05	0.00423853668131026
9.21419420896011e-05	9.21419420486422e-05	0.0151286783461654	0.94557587550017	0.0223910483266208	9.2141942042706e-05	0.00915931264402349	9.21419421737032e-05	0.0073765174146659
0.00420897076425434	9.21775436584909e-05	0.02407045805748	0.927009514042723	0.0235056298670144	0.00759542001656293	0.0101687263862379	0.00325692577844226	9.21775436265977e-05
0.00409375284172594	8.97401508607369e-05	0.00988660255698888	0.919425161476251	0.0304189543234842	0.00470756833905544	0.00983972868704688	0.00648807699479661	0.0150504146297905
8.95141234589631e-05	8.95141234184821e-05	0.0183058859444474	0.941522564983605	0.0214392376384222	0.00865875418822388	0.00897939140681492	8.9514123409441e-05	0.000825623468199263
8.85858696277177e-05	0.00960565884232296	0.0246826108510647	0.923559378823062	0.0285441763844434	0.000127167656689573	0.0114333678230902	8.85858696280323e-05	0.00187046788007135
9.01325587742944e-05	0.00292168587840303	0.0245282915435959	0.945320786246743	0.0161738532043965	9.01325587302601e-05	0.00969312379001756	9.01325587411215e-05	0.00109186166059817
8.84832873297778e-05	0.0151443240766125	0.0234406778597562	0.915802970218879	0.0215748446363282	8.84832872775233e-05	0.0236832500591803	8.84832873055816e-05	8.8483287331257e-05
0.000441535008445724	0.0181898376987445	0.0160802673620096	0.937516339806308	0.0182322753181262	9.07793492737907e-05	0.00842328296766477	0.000934903140133125	9.0779349293943e-05
9.10619991760352e-05	9.1061999102148e-05	0.0124322232777828	0.953424203317704	0.0163231681266465	0.00587225371296706	0.010683515148612	9.10619992274457e-05	0.000991450418781708
8.81918162083082e-05	0.00142643910168447	0.0146472475061473	0.934435825862086	0.0111183822498047	0.00845859225793049	0.0142510471947688	0.00284337806823333	0.0127308959431366
8.95102871336968e-05	8.95102871123728e-05	0.0222566421891165	0.943397779588183	0.0148907248789164	0.00694082826832501	0.00993467195268602	0.00231082226138183	8.95102871447675e-05
9.19498596132886e-05	9.1949859639136e-05	0.0246460487823257	0.926235303639586	0.0381721763742313	9.19498596510239e-05	0.00922617297835197	0.00135249878698996	9.19498596118635e-05
0.00712853256516478	9.38295273072061e-05	0.0307441581133548	0.912612226179001	0.0294834370017169	9.38295274235025e-05	0.0136888775682131	0.00577042101626491	0.000384688501554189
8.9846885638762e-05	0.0065160264605472	0.0252093984871198	0.932841952532312	0.0153006609215929	0.0107336454781379	0.00912877546336356	8.98468856457932e-05	8.98468856419108e-05
0.0036565300809972	8.86827747276257e-05	0.0177504713904892	0.936625311266136	0.0197312165383355	0.00524754178903955	0.0130577089808504	0.00375385440463996	8.86827747841629e-05
0.00265440157926097	0.00265948398424744	0.0275970935409973	0.896311799286515	0.051270597145302	0.000133059376888761	0.0111346498509692	0.00432958164054915	0.00390933359527044
0.00023145360075705	0.0171459418738682	0.0153757146222661	0.935866809280796	0.0164669027079445	8.92889244076908e-05	0.0146453111411795	8.92889243683624e-05	8.9288924412948e-05
8.88885808508937e-05	0.00130605304183153	0.0205805913656005	0.933000480684539	0.0269730866071932	8.8888580859979e-05	0.0150838560930306	0.00278926646524881	8.88885808454832e-05
9.53340025367677e-05	0.00467117914393421	0.0308968535849802	0.913107834863477	0.0324667625884581	9.53340024915589e-05	0.0141930449421827	0.00437832286938281	9.53340025563975e-05
8.99266368681521e-05	0.0227943435705382	0.0160998052888483	0.923277470554131	0.0154539228380664	8.99266368259835e-05	0.0100017826551785	0.00207388738345085	0.0101189344360926
8.71994616255124e-05	0.00796580568965672	0.0163418004229659	0.931289894512982	0.0289891059837978	0.003702803686595	0.00936258289062138	8.71994615702845e-05	0.00217360789018555
9.20098259874977e-05	9.20098259692805e-05	0.0231054752576597	0.933217836701559	0.0305360441196653	9.20098259621488e-05	0.00865910177604796	0.00411350284116232	9.20098259869092e-05
0.00176910772371579	9.1315824958787e-05	0.0269929413940479	0.935978616304443	0.012255178906465	0.00414786616833741	0.0101385761313341	9.13158249557373e-05	0.0085350817217423
0.00368982391165336	0.00356891569096608	0.0188214694153997	0.940503733038965	0.0165375619604823	9.05695302136973e-05	0.014029998385668	9.05695299346673e-05	0.0026673585367173
8.87233469978646e-05	0.00961383901429929	0.0166850652417587	0.929052900249991	0.0276925134469728	8.87233469254847e-05	0.0138411026728813	8.87233469865808e-05	0.00284840933318726
9.48731360908134e-05	9.48731360687376e-05	0.0287153808315689	0.92683355843085	0.0206909978512775	0.00337712207306545	0.0124275486138598	0.00767077279110598	9.48731361126063e-05
0.00282752883440631	0.0010732477633736	0.0203415384930837	0.933525021708963	0.0159384086718441	9.01144708201131e-05	0.0200495488509689	0.00606447673571613	9.01144708239975e-05
0.00190890004994267	0.00569044420856017	0.0142861631504592	0.932178062113745	0.0226674956446985	8.99153155357516e-05	0.0179913546538048	0.00307113947937492	0.00211652538387895
9.28413954177518e-05	9.28413953940322e-05	0.0233583008766115	0.919934200946157	0.0241189578906102	0.00934921309927707	0.0148528757341284	0.00402469609646236	0.00417607256594136
0.00224831936822073	0.00655337282963676	0.029810013134287	0.921325691835726	0.0170155950358555	0.000130114114005405	0.0123171826328909	0.00241413343008979	0.00818557761928823
9.50620430365565e-05	9.50620430953304e-05	0.0266011635152981	0.95320182044189	0.0120539274907519	9.50620429558985e-05	0.00766777833690024	9.50620430228898e-05	9.50620430485747e-05
0.00269403239894001	9.15018713727016e-05	0.0611810335166081	0.882602410742506	0.0199123718171758	9.15018713750125e-05	0.0172952736216689	0.0156806935921176	0.000451180568235862
9.0232672328223e-05	0.00397488722917473	0.0151796290809098	0.941974601730607	0.0147929419318415	0.0107293859713768	0.0122250816933834	9.02326723621657e-05	0.000943007018016142
0.00080337529812552	8.91457867565362e-05	0.0182542957649196	0.935490389321068	0.0129696024140382	0.0105004432041978	0.0102679678526618	8.91457867775377e-05	0.0115356345714549
9.03086236009768e-05	9.03086234186092e-05	0.0234689762222922	0.943613631727425	0.0161827149107334	9.03086236340977e-05	0.0101026725510013	0.00627077009429437	9.03086235999383e-05
0.00070126111806301	8.97315304154357e-05	0.0204314548067236	0.948973599052467	0.0223187665057041	8.97315304920492e-05	0.00627641890800356	0.00102930501773002	8.97315304011888e-05
9.50782061120175e-05	9.50782060825222e-05	0.0288565560868418	0.928049400240907	0.0264232040107626	9.50782060662123e-05	0.0125037062210783	0.00378682061601657	9.50782061329159e-05
9.2889601387677e-05	9.28896013171058e-05	0.0203774546166302	0.933222926019705	0.0233105654947229	9.28896013242322e-05	0.0123649434726715	0.00876315308531664	0.00168228850692468
0.000591935168164503	9.50755464641868e-05	0.0229577204928458	0.932189857954701	0.016080579486632	9.50755464517483e-05	0.0134601275671775	0.0144345526911742	9.50755463893036e-05
0.000257914690471593	9.38688142639715e-05	0.0171554675154663	0.947586151894261	0.0188486005086073	0.00195895008505848	0.0101063508038783	0.00389882687371866	9.38688142746307e-05
0.000126966153464549	0.00452285499274306	0.015544920740115	0.93880320610253	0.00984465594595972	0.00976632284846438	0.00983613315825046	0.000126966153300809	0.011427973905172
0.000627170355396378	0.00777449741408538	0.0214099025236072	0.936376924082465	0.0180120914082942	9.28518205172191e-05	0.0109453570270681	0.00466835354803192	9.28518205348633e-05
9.45344497493102e-05	9.45344496595347e-05	0.0271133424353287	0.92185661675226	0.0263865356724187	0.00180151168951261	0.0109523761033351	0.0094791101003267	0.00222143834740927
8.74542851669373e-05	0.0160816679266666	0.0184180929657246	0.914263018848046	0.0192591267764252	8.74542851642651e-05	0.0175227836893128	8.74542851414071e-05	0.0141929469383523
9.06034553981032e-05	0.000643598902945572	0.0226015969819569	0.935488116517979	0.0240760668612868	0.00153084666947991	0.0153879637001456	9.06034554106571e-05	9.06034553968581e-05
8.98194909800047e-05	0.000684117987779558	0.0232720108099389	0.935613702273443	0.0256793216786743	0.00434677423150126	0.00680539782428477	8.98194907684516e-05	0.00341903621262995
0.00199195136071553	9.03578373079122e-05	0.0210387563837851	0.922162897701844	0.0348406220906236	9.53724415002133e-05	0.012265109699028	9.03578373366468e-05	0.00742457464785948
