Basophils	Bcells	CapsularFibroblasts	cDC1s	cDC2s	CentralVeinEndothelialcells	Cholangiocytes	Fibroblasts	Hepatocytes	HsPCs	ILC1s	Kupffercells	LSECs	LymphaticEndothelialcells	Mesothelialcells	MigcDCs	MonocytesMonocytederivedcells	Neutrophils	NKcells	pDCs	PortalVeinEndothelialcells	Stellatecells	Tcells
3.49826030420417e-05	0.00264398482104575	0.00248021636105842	0.00139325332193075	3.49826030699746e-05	0.00475387167188234	3.49826030556308e-05	3.49826030614173e-05	0.871799586869847	3.49826030556295e-05	3.49826030556243e-05	0.0498581704815765	0.0406753905691809	3.498260305523e-05	3.49826030556287e-05	0.00481338903663777	0.00298150594822361	3.49826034567803e-05	3.4982603090409e-05	3.49826030556267e-05	3.49826030556271e-05	0.0181458570784664	3.49826030403045e-05
3.60142493042269e-05	3.60142493383515e-05	3.6014249333832e-05	3.60142493739763e-05	3.60142493407972e-05	3.60142493338329e-05	0.00129002077410019	0.00373870145275948	0.855519981828604	3.60142493338324e-05	3.60142493338328e-05	0.0728645165177682	0.0403303961862978	3.60142493287281e-05	3.60142493338322e-05	0.00609668723868207	3.60142493316556e-05	3.60142493448838e-05	3.60142493248005e-05	3.60142493338315e-05	3.60142493338318e-05	0.0110976050161673	0.00852187724559647
0.0014296489171265	0.00195332875346096	3.58574195022433e-05	0.000826433261062687	3.58574195018807e-05	0.0145654661004987	3.58574195022429e-05	0.00361758150450667	0.819128832025076	3.58574195022437e-05	3.58574195022271e-05	0.0917669291720032	0.0175209674322564	3.58574195023053e-05	3.58574195022447e-05	3.58574195022441e-05	0.0174545741875082	0.0022986259156274	3.58574195152234e-05	3.58574195022434e-05	0.00602201553322023	0.00544247338004739	0.0176145496225707
3.61592086934054e-05	3.6159208722724e-05	3.61592087068323e-05	0.00302949998157881	0.00546466368307364	3.61592086888924e-05	0.00554448942662973	0.000812769018613345	0.870793081154793	3.61592086888934e-05	3.61592086889019e-05	0.0413602954419781	0.0562158953159552	3.61592086909126e-05	3.61592086888936e-05	0.00251882364811311	3.61592086900797e-05	3.61592087034822e-05	3.61592087180817e-05	3.61592086888903e-05	0.00539066711039355	0.00839974550581013	3.61592086906963e-05
0.000650212359216656	0.000384090301890774	3.6478541504296e-05	0.001272221421453	3.64785414983293e-05	3.64785415001201e-05	0.00453356177674622	3.64785415029085e-05	0.895822922290916	3.64785415001186e-05	0.00101616569121366	0.0426308421229521	0.0313336371246181	3.64785414998243e-05	3.64785415001187e-05	0.00102280783110841	3.64785414976419e-05	0.000196601590535593	3.64785415165909e-05	9.13309593036292e-05	0.0144992633806495	0.00618155773439017	3.64785414858725e-05
3.60156110846619e-05	0.0067742906308314	0.00130542488479218	3.60156110877052e-05	0.00229910208542395	3.60156110848168e-05	0.00844219304571209	3.60156110708506e-05	0.850218397908113	0.0101538076550859	3.60156110859718e-05	0.0697531984825716	0.0289545792107671	3.60156110853289e-05	3.60156110848395e-05	3.60156110848391e-05	3.60156110854376e-05	3.60156110739639e-05	0.00201294915021141	0.00479256619701849	0.00907078344860674	0.00582653557895144	3.60156110866362e-05
3.53742162778614e-05	3.53742162951603e-05	0.0066763431436272	0.00196778092079515	3.53742162975767e-05	0.030417954173927	0.00189439682272731	3.53742162628742e-05	0.894980504126225	3.53742162748457e-05	3.53742162791255e-05	0.0328440448706297	0.00635919290816147	3.53742162738839e-05	3.53742162748461e-05	0.00191880300850913	0.00187784459556539	3.53742162843777e-05	3.53742162716649e-05	0.0121369304867514	3.53742162748677e-05	0.00850171434776239	3.53742162521833e-05
3.52083714354198e-05	3.52083714270079e-05	0.00208250114781638	0.00212564409118526	3.52083714250525e-05	3.52083714250538e-05	0.0023724317879814	3.52083714081103e-05	0.873690701542444	3.5208371425053e-05	3.52083714250408e-05	0.0602462606247112	0.0373017592119815	0.0012764134637539	3.52083714250526e-05	3.52083714250516e-05	0.00941063529286758	3.52083714420887e-05	3.52083713830948e-05	3.52083714250524e-05	3.52083714251253e-05	0.0110007356373128	3.5208371450165e-05
3.46825652035131e-05	0.00175351772091599	0.00160201509492273	0.00610793638442249	3.46825652086531e-05	0.0144850914662679	0.00287861977408009	3.46825652038682e-05	0.833516285684926	0.00100309145868718	3.46825652072621e-05	0.0698608157978374	0.0431381585210237	3.46825652072664e-05	3.46825652072684e-05	0.00295286033147969	0.00245520845032184	3.46825652171405e-05	3.46825652069269e-05	3.46825652072696e-05	3.46825652072853e-05	0.0124892869519812	0.0074102867110574
3.49380381555504e-05	3.49380381619204e-05	3.49380381592817e-05	0.00462710214636377	3.49380381653188e-05	0.041124900848723	0.00358691232910201	0.00177139945804018	0.855402866118948	3.49380381574968e-05	3.49380381575056e-05	0.0554142414517537	0.0157173727290568	3.49380381574866e-05	3.49380381574971e-05	0.00276547744755626	3.49380381729839e-05	3.49380382095944e-05	3.49380381434251e-05	3.49380381574971e-05	0.00917518582156651	0.00996034715276618	3.49380381674101e-05
3.43997783378099e-05	3.43997783676877e-05	3.43997783321556e-05	3.43997783296312e-05	0.0078991687912489	0.0212497944479764	3.43997783306358e-05	3.43997783354467e-05	0.848078720629219	3.43997783321554e-05	3.43997783321662e-05	0.0524490414399903	0.026063342324733	3.43997783332705e-05	0.00306082115828532	3.43997783321559e-05	0.0083317225199374	3.43997783382138e-05	3.43997783350734e-05	3.43997783321557e-05	3.43997783320246e-05	0.0220775221585121	0.0103082696333967
3.59124767389176e-05	3.59124767438828e-05	3.59124767511412e-05	0.00416132177287313	3.5912476770569e-05	3.5912476749345e-05	0.000189476120186666	3.59124767597479e-05	0.883262797951764	3.5912476749348e-05	3.59124767493269e-05	0.0744111330157792	0.0313073198386611	3.59124767494327e-05	3.5912476749349e-05	3.59124767493489e-05	0.000336986656087843	3.59124767578252e-05	3.59124767154633e-05	3.59124767493494e-05	3.59124767493447e-05	0.00575636501666381	3.59124767511445e-05
3.50314834389382e-05	3.50314834098834e-05	3.50314834366156e-05	3.50314834375174e-05	3.50314834402064e-05	0.00975971405972731	3.50314834358947e-05	3.50314834406378e-05	0.885955084477166	3.50314834366165e-05	3.50314834366155e-05	0.0516055184239828	0.0335573795917268	3.50314834366137e-05	0.000395702049805028	3.50314834366163e-05	0.00433242379143394	3.50314830711018e-05	3.50314834364261e-05	0.00255130309731942	3.50314834366116e-05	0.0113174022576699	3.50314834379628e-05
3.55586762215814e-05	0.000436088529563775	0.00281532394275042	0.00064783404866688	3.55586762131913e-05	0.0340291910772144	0.000765415806160501	0.00361143564038719	0.886800601469287	3.55586762152121e-05	0.00183136501288661	0.0564025128849595	3.55586762152115e-05	3.55586762152104e-05	3.55586762152091e-05	3.55586762152118e-05	0.007415718716217	3.55586762489355e-05	3.55586762152428e-05	3.55586762152126e-05	3.55586762152172e-05	0.00481780875724757	3.55586762534547e-05
0.00121765332954906	0.00156865005258242	3.54098436086553e-05	0.00455294202171623	3.54098436125038e-05	0.00366408069659742	0.0205245654882694	0.0184275611328728	0.840241840125048	4.41550856071725e-05	3.54098436086564e-05	0.0583402521699368	0.0199457249864938	0.00207066169348579	0.0120712431524686	3.54098436086547e-05	3.54098436158856e-05	3.54098431952029e-05	3.54098436018808e-05	0.00224887273407612	0.0138334832179351	0.000965035364967191	3.54098435426829e-05
3.53842085716121e-05	0.000745593334125051	0.00158646550436884	0.000881412505452104	3.53842085180982e-05	0.00301020381550212	0.00246062042044167	3.53842085164147e-05	0.853717208675695	0.000471454103612588	3.53842085156365e-05	0.0556195687935077	0.0507141686728101	3.53842085308384e-05	3.53842085156335e-05	0.00112800596460258	0.000645928411141766	3.53842083494339e-05	3.53842085143341e-05	0.00317404053282962	0.00323259715154546	0.0128510845661723	0.00947857388016097
0.000805840533581272	3.54094227223185e-05	3.54094227328876e-05	3.54094227420264e-05	3.54094227787968e-05	0.00608494182742031	0.00557831055689938	3.54094227322088e-05	0.869975235056791	0.00211254048175141	3.54094227328808e-05	0.0568317902811001	0.039286077195298	0.00386301183952909	3.54094227328819e-05	0.00101952686479995	0.00147311242413459	3.54094227438363e-05	3.54094227075217e-05	3.54094227328806e-05	3.54094227321754e-05	0.00740435853199708	0.00517575075660712
0.000519963565970267	2.49917641416675e-05	2.49917641532239e-05	2.49917641484095e-05	2.49917641532237e-05	0.0133493171133369	0.00225360371297794	2.49917641545292e-05	0.877851867755583	2.49917641532247e-05	0.00209064261399956	0.0385907141794937	0.0327368917961625	2.49917641545124e-05	2.49917641532209e-05	2.49917641532242e-05	2.49917641546014e-05	2.49917641536773e-05	2.49917641554597e-05	0.00307445482024565	0.0123584703973629	0.0168491811108798	2.49917641586214e-05
3.48734679966071e-05	3.48734680043984e-05	0.00432300814396784	3.48734679882352e-05	3.48734679883447e-05	0.0524842174723738	3.48734679885758e-05	3.4873467992842e-05	0.85754264975287	0.00450543950744116	0.00118970882253565	0.0621761769265923	4.31191661066243e-05	3.4873468072198e-05	3.48734679885783e-05	0.000136779753474605	0.00291720090738816	3.48734678658716e-05	0.00217011888711071	3.48734679885735e-05	3.48734679886024e-05	0.0120930990442659	3.48734680103251e-05
3.53502470603188e-05	3.53502470819627e-05	0.00220642384581381	0.00598883379997368	3.53502470827097e-05	3.53502470728404e-05	4.15930773032186e-05	3.53502470717063e-05	0.873856250623166	3.53502470728422e-05	3.53502470728397e-05	0.0546085423232929	0.0491831722629387	3.53502470739636e-05	0.00162975465770779	3.53502470728425e-05	3.53502470771777e-05	3.53502471074511e-05	3.53502470743199e-05	3.53502470726996e-05	0.00222513648230905	0.00976538946842729	3.5350247073202e-05
0.000759350068812749	0.000760119699025426	3.54458194324541e-05	3.5445819427306e-05	3.54458194529862e-05	0.010588657079302	0.0010677319596832	0.000829619082891268	0.876128513474185	3.54458194324548e-05	0.00149526874581615	0.0452540814776297	0.0359459734643285	3.54458194324529e-05	0.000463458063333169	0.00270228155660849	0.0019764691871397	3.54458194152805e-05	3.54458194365753e-05	3.54458194324534e-05	0.00477747526196598	0.0169319885042722	3.54458195442042e-05
0.000551329192928406	2.49770174264418e-05	2.49770174300404e-05	2.49770174295826e-05	0.00137539961788619	2.49770174300428e-05	0.000954573564956662	0.000250365567523442	0.900261775259578	2.49770174300384e-05	2.49770174300558e-05	0.0534491736447876	0.03563639764843	2.49770174000523e-05	2.49770174300393e-05	2.49770174300385e-05	2.49770174411661e-05	2.49770174284073e-05	2.49770174457752e-05	0.00113173647520906	2.49770174297517e-05	0.00603957078465602	2.49770174630272e-05
3.44893018394682e-05	3.44893018568971e-05	0.00867813993977643	0.00801840288441262	3.44893018399162e-05	0.00723727637456455	0.0817756710153009	0.0341847027711211	0.730235368433786	0.00589007988492998	3.44893018399258e-05	0.0727068359412789	0.0265449388250547	3.44893018398107e-05	0.000627076738774563	3.4489301839923e-05	3.44893018369802e-05	3.44893018451071e-05	3.44893018423089e-05	3.44893018399233e-05	0.0180951129422193	0.00562701192851874	3.44893018416445e-05
3.57014830687292e-05	0.00185590595467303	3.57014830658132e-05	0.00118309714019098	3.57014830622349e-05	3.57014830658062e-05	0.00276418762532653	3.5701483060002e-05	0.884297419678987	3.57014830658133e-05	3.57014830658169e-05	0.0426082411464956	0.042545322612359	3.57014830623306e-05	3.57014830658132e-05	0.00699375548200933	3.5701483063692e-05	3.5701483068181e-05	0.0017839994907194	3.74383587783808e-05	3.57014830658245e-05	0.0082903992444164	0.00721181546926397
0.00166967539432636	0.00284241073298624	3.61071405612413e-05	0.00346500530510863	3.61071405774275e-05	0.0097614684669053	3.61071405612407e-05	3.61071405605876e-05	0.894629798564082	0.00132478417408062	3.61071405612471e-05	0.0374090234770335	0.0268419886010748	3.6107140561757e-05	0.000708472083547335	3.61071405612407e-05	3.61071405653864e-05	3.61071405705744e-05	3.61071405639171e-05	3.61071405612408e-05	0.0015868482523677	0.0159355837751044	0.00342776262717701
0.00152517644671921	0.00857927019847931	3.54634803986829e-05	0.00209234345669623	3.54634803986836e-05	0.00117513480328412	0.00553331042958837	3.54634804113427e-05	0.8468263909215	3.97535054484681e-05	3.54634803986876e-05	0.0659875989312512	0.0468398961068217	3.54634803978679e-05	0.00168420226488859	0.00324772106063245	0.000142704454126653	3.54634804048289e-05	3.54634804034445e-05	0.00404484725635366	3.5463480397877e-05	0.0119624788405999	3.54634803986784e-05
0.000837141334977724	0.00637565925890933	0.00176722072825678	3.62541904803025e-05	0.00559146529161729	0.0020398402903224	0.00679525898791824	3.62541904791972e-05	0.884049352905494	0.000336615575344199	3.62541904797242e-05	0.0476500823181891	0.0284453236795445	3.62541904792886e-05	0.00338766318123245	3.62541904792722e-05	3.62541904765758e-05	3.62541905029381e-05	0.00274362228569086	0.00331960111837732	3.62541904792779e-05	0.0063348653297882	3.62541904810783e-05
2.43029954985581e-05	0.00591303783699682	0.00718288365660041	0.00441797498739445	2.4302995499887e-05	0.0476087750264244	3.54096584207432e-05	0.00303228803154973	0.886162129152619	2.87681639761618e-05	2.43029954768206e-05	0.0171545492411327	0.0132756990213182	2.43029954784421e-05	0.00585929839809795	0.00568190338480449	2.43029954733998e-05	2.43029954861001e-05	2.43029954528017e-05	0.00125925548619267	0.000123930878905775	0.00206967311171986	2.43029954801745e-05
4.57663404544973e-05	0.00381129766842377	3.47553028019087e-05	0.00455550424367945	3.47553028012783e-05	0.00616174789531817	3.47553028016645e-05	0.0022836112650551	0.86034388189784	3.47553028019087e-05	3.47553028129271e-05	0.0666204598802848	0.0335108729898617	3.47553028050678e-05	0.000398609526338093	0.00257862069550336	3.47553027916471e-05	3.47553027953979e-05	3.47553027937851e-05	3.47553028011947e-05	3.4755302801741e-05	0.0192725639636287	3.47553028036427e-05
3.51623310091014e-05	0.00457959630954183	0.0035163501407021	0.00499060365045009	3.51623310067383e-05	0.000902673699563558	0.000982128808792135	3.51623310118206e-05	0.872325584391794	3.51623310140181e-05	3.51623310131801e-05	0.0466158063950649	0.0355610871939873	3.51623310179037e-05	0.00267678457011209	3.51623310140169e-05	0.00647704889604269	3.51623310285519e-05	3.5162331012495e-05	0.00457738076706898	3.51623310138672e-05	0.00888042073571643	0.00756291113102196
0.00221124158450569	3.49640979029095e-05	3.49640978949084e-05	0.00199774449183846	0.00318474259543104	3.49640978949083e-05	3.49640978949078e-05	0.00292198174367602	0.869365378100472	3.49640978949105e-05	3.49640978949064e-05	0.0453428937454342	0.049979904883095	3.49640978949155e-05	3.49640978949098e-05	3.49640978949086e-05	0.00540467618201255	3.49640979049025e-05	0.00617773090423351	0.00520189994060677	3.49640978951869e-05	0.00779223665394737	3.49640978844671e-05
3.59329500200117e-05	3.59329500318792e-05	0.00526278762035064	0.00294976428310122	3.59329499783679e-05	0.0016387447613854	0.00472290448247017	3.59329500042358e-05	0.873200892890115	3.59329500109168e-05	3.59329500109096e-05	0.0470964832684656	0.0467944206980132	3.59329500109153e-05	3.59329500109149e-05	3.59329500109164e-05	0.00106251786590707	3.59329500104853e-05	3.59329500440272e-05	3.59329500109197e-05	0.000533123505298105	0.00874568783738289	0.00756147738735597
0.00285146270372005	3.60020513014245e-05	3.60020512831144e-05	0.0011366552584949	3.60020512901741e-05	3.60020512831132e-05	0.00325244782728014	0.00105517619106275	0.877947635917636	0.000826485925013239	3.60020512802981e-05	0.0543114767879529	0.027952435021058	3.60020512831783e-05	3.60020512831144e-05	3.60020512831142e-05	0.00279809015982176	3.60020512722035e-05	3.60020512751386e-05	3.60020512831142e-05	0.0133360581027063	0.0141000514898507	3.60020512849097e-05
0.000245791747233541	0.000907285005453016	0.00408531061445117	0.00257471807016222	0.00468257888303722	3.50338221857049e-05	0.00242434182495296	3.50338221888749e-05	0.877224036014905	3.50338221857067e-05	3.5033822185695e-05	0.0495862351198181	0.048402049267744	3.50338221857018e-05	3.50338221857043e-05	3.50338221857063e-05	0.00210077481215102	3.50338220657995e-05	3.50338222044666e-05	3.50338221857068e-05	3.5033822185704e-05	0.00541050617689063	0.00197100041925649
3.47425470313047e-05	0.000408973515316909	0.00590428137735894	0.00301636630667416	0.00318099077007063	0.0132514339082923	0.00219252121747113	3.47425470082947e-05	0.886731539810696	3.47425470376729e-05	3.47425470377106e-05	0.0436470722131211	0.0211921711073676	3.4742547033061e-05	3.47425470376721e-05	3.47425470376727e-05	3.4742547036523e-05	3.47425470599997e-05	3.47425470219628e-05	0.000360553254614458	3.47425470381273e-05	0.013984627558629	0.0057473009430073
3.60120340536506e-05	0.00554175212718426	3.60120340616323e-05	3.60120340582906e-05	3.60120340651817e-05	3.6012034058654e-05	4.40984852198161e-05	0.00275021074818616	0.845271284503703	0.00436180028268837	3.6012034058653e-05	0.076569024808687	0.043973241726287	3.6012034055665e-05	0.00428901064547861	3.60120340586534e-05	0.0109853539512312	3.60120340124075e-05	0.00385949062238594	3.60120340586535e-05	3.60120340587065e-05	0.00192258769028806	3.60120340604515e-05
0.000603412625188146	3.6382780464543e-05	3.63827804747803e-05	3.63827804743368e-05	3.63827804744538e-05	3.6382780474187e-05	0.00969262685624805	3.63827804833077e-05	0.859535385898327	3.63827804741919e-05	3.63827804742532e-05	0.0574432954168367	0.0485672586334472	3.63827804761273e-05	0.00433791454416819	0.00159870589451056	3.63827804810845e-05	0.000271535190051215	3.63827805011322e-05	0.00468687959446369	3.63827804741752e-05	0.0111079773617054	0.00171841461932734
3.58710068017088e-05	0.000488950767253342	3.58710068049278e-05	0.00614384621378335	3.58710068019633e-05	3.58710068031699e-05	0.00444020633700982	0.00614247407854753	0.879969445803108	0.00542870349272045	3.58710068031648e-05	0.0449410565250515	0.0430254577316877	3.58710068031858e-05	3.58710068031707e-05	3.58710068031701e-05	3.58710067897273e-05	0.00081174677053971	3.58710068036851e-05	3.58710068031693e-05	3.58710068028737e-05	0.00814178919184397	3.58710068308291e-05
3.33354381576826e-05	3.33354381462516e-05	0.00522401798530733	0.0319205532688564	0.0144792968316508	3.33354381541194e-05	0.0834971723275602	0.0630066191667885	0.68113221230274	0.00385924120540109	3.33354381541216e-05	0.0356269258911123	0.00773875934251066	3.33354381541235e-05	0.0135747564422121	3.33354381541237e-05	0.00791520521736471	3.33354382388524e-05	3.3335438152018e-05	3.33354381541234e-05	0.0472234345082215	0.00446845112865415	3.33354381541259e-05
3.63509526881152e-05	3.63509526806042e-05	0.0024195168031203	0.00496576158461063	3.63509527035987e-05	3.63509526928087e-05	3.63509526928105e-05	3.63509526936896e-05	0.881649371877735	3.63509526928086e-05	0.00239657494143695	0.0541648843584435	0.04296370601878	3.63509526368105e-05	3.63509526928105e-05	3.63509526928084e-05	3.63509526845765e-05	0.00106397942629253	3.63509526985908e-05	3.63509526928084e-05	3.6350952692787e-05	0.00983094069925112	3.63509526946228e-05
2.44585004840987e-05	2.44585004674437e-05	0.00177169160351405	2.44585004869365e-05	2.44585004845445e-05	0.00742339007503769	2.44585004846399e-05	0.00789186440532593	0.896837760177105	2.44585004846405e-05	2.44585004846426e-05	0.0220898745260417	0.0507002870503298	2.4458500484649e-05	2.44585004846407e-05	2.44585004846402e-05	0.00291035680717348	2.44585004803913e-05	0.00351915617122581	0.00516781913411336	2.4458500484646e-05	0.00136812058641203	2.61774579254744e-05
0.00321516120021106	3.63414055506744e-05	0.0074741925677824	3.63414055782065e-05	3.63414055913664e-05	0.00663040461715073	0.00392947125971217	0.00504882011087204	0.868504388184338	0.000456580703426943	3.63414055659223e-05	0.053667277005315	0.0292690111920894	3.63414055659403e-05	0.00424492725338172	0.000104175623879025	0.00159167800917728	3.63414055607022e-05	3.63414055974545e-05	0.00034548451784736	0.00567330451911969	0.00955439199110657	3.63414055806548e-05
3.58512866357954e-05	3.585128655695e-05	0.00254190940281373	0.00924439762604616	3.58512866167086e-05	0.00275011311335404	0.00137863349904892	0.00117601256709828	0.891688759271973	3.58512866099969e-05	3.58512866100067e-05	0.0466779411927023	0.0423175796103113	3.58512866100409e-05	7.04675328621044e-05	3.58512866099977e-05	0.000621946856180328	3.58512865422653e-05	3.58512866440645e-05	3.58512866099967e-05	3.58512866100189e-05	0.00110202388834231	3.58512866117856e-05
3.4672003207474e-05	3.46720032366932e-05	3.4672003216236e-05	0.000592443944648135	3.46720032185801e-05	0.058546348982541	3.4672003215803e-05	0.00368913787679138	0.861965106330551	0.00128056750498745	3.46720032138969e-05	0.0414811963395452	0.0120062639493892	3.46720032200928e-05	3.46720032158048e-05	3.46720032158045e-05	0.00460105931476101	3.46720031221563e-05	3.46720032057006e-05	3.4672003215806e-05	3.46720032167229e-05	0.0153524677117729	3.46720032915371e-05
0.000289987891615272	3.63168171893475e-05	3.63168171844657e-05	3.63168171793065e-05	3.63168171946164e-05	3.63168171795887e-05	0.0012244193423595	3.63168171792507e-05	0.896964961762208	0.00425077269362277	0.00053698874857642	0.0391508902958958	0.0366614441856397	0.00154104057907667	3.63168171795845e-05	0.00196552911098155	3.6316817146252e-05	3.63168171235773e-05	3.631681713965e-05	0.00576015574318717	0.00657640515986008	0.00467791949812084	3.63168171605623e-05
3.4676357152188e-05	3.46763571651309e-05	0.00181862528150328	0.00510434428582352	0.00246383033557603	0.0413583903889527	3.50817662339446e-05	0.0116096478554346	0.8445216725354	3.46763571601911e-05	3.4676357160205e-05	0.0419725443889545	0.0194138247687093	3.46763571601863e-05	0.019541821192779	3.46763571601907e-05	3.46763571630658e-05	3.46763569759991e-05	3.46763571601364e-05	3.46763571601911e-05	3.46763571601914e-05	0.0117441009149093	3.46763571454364e-05
3.58290519743e-05	0.00209151722115774	0.00504082368779604	3.58290520086335e-05	0.00472748593914982	0.0140808908649264	0.0217452417451658	0.0170605479690791	0.844298220169426	0.00172772663289221	3.58290520082167e-05	0.0532914373765591	0.0183879977120907	3.58290520081994e-05	3.58290520082162e-05	0.00762562309013188	3.58290520105815e-05	3.58290520126899e-05	3.58290520071873e-05	3.58290520082158e-05	0.00442268208448112	0.00514151498709479	3.5829052002647e-05
2.46229691836567e-05	2.46229691931358e-05	0.000559358417078258	0.00980546624833695	0.0110214175405297	0.00231325032803582	2.46229691864979e-05	2.46229691857831e-05	0.901072615680678	0.0050339655898031	2.46229691864841e-05	0.029930191896456	0.0332377223566501	0.00180331470002357	2.46229691865039e-05	0.00160691868070916	2.46229691866986e-05	2.46229691934252e-05	2.46229691958353e-05	2.46229691864982e-05	0.00177009803771806	0.00157482786290828	2.46229691886706e-05
3.51831958292575e-05	3.51831958226116e-05	0.000108064416379907	0.00572882434577773	3.5183195845656e-05	0.00237975734640061	3.51831958313341e-05	3.51831958483796e-05	0.896707158353444	3.51831958313347e-05	3.51831958313346e-05	0.054610157782755	0.0266929532102562	3.51831958312402e-05	3.51831958313352e-05	3.51831958313343e-05	3.51831958262706e-05	3.51831958407171e-05	3.51831958264235e-05	3.51831958313328e-05	3.51831958322403e-05	0.00787117074479965	0.00537416586269593
3.5288207393694e-05	3.52882074455418e-05	0.00562399800235709	0.0065558558069939	0.00125717056366657	0.00338806734133293	0.0863364315083467	0.0141319162720764	0.807498997257909	0.00773236851560297	3.52882074417945e-05	0.0282553891472122	0.0105288938472722	3.5288207441797e-05	0.00153678829330826	0.00143088351810631	3.52882074426619e-05	3.52882074460479e-05	3.52882074461764e-05	3.52882074417976e-05	0.0234457974624347	0.00195984859643801	3.52882074435595e-05
3.53548010331005e-05	3.53548010180946e-05	0.00129802352843386	0.00375012247382988	3.53548010335748e-05	0.0382291122964651	0.00343267835914798	0.00505969554854546	0.862487696674215	4.06609748068324e-05	3.53548010286441e-05	0.0283146188156224	0.0331511134764729	0.00170326685740273	3.53548010286444e-05	0.00139298327139702	3.53548010326374e-05	3.53548010425193e-05	3.53548010323409e-05	0.00545752488107545	3.53548010286441e-05	0.0128935737479794	0.00247073588532741
0.00111552005831933	8.0336719432794e-05	3.56813137561304e-05	3.5681313756321e-05	0.00308057066361294	0.00410676312235062	0.0036369420043623	3.56813137576285e-05	0.829272684555671	0.00171429629555578	0.00473858226130478	0.0712512437937424	0.0355086276526143	3.56813137584437e-05	3.568131375613e-05	3.56813137561305e-05	0.00681737583462357	3.56813137499176e-05	3.56813137575918e-05	3.56813137561305e-05	0.00921257669013945	0.0291076672106992	3.5681313767342e-05
3.55208304702179e-05	0.00339537385619669	0.00194319832455696	0.00595349364184155	3.55208304745446e-05	0.0247265651889958	0.00284835112753549	0.000260462654711542	0.898461195940241	3.55208304768583e-05	3.55208304768711e-05	0.0241110857023593	0.0251357113052646	3.55208304769061e-05	3.55208304768588e-05	0.00410341697722149	3.55208304759978e-05	0.000644931574316893	3.55208304777011e-05	3.55208304768593e-05	3.55208304764443e-05	0.00802548457151645	3.55208304829046e-05
3.49362999890205e-05	0.0031457368968528	3.49362999896377e-05	3.49362999877304e-05	0.00869719152548179	0.0187175696341059	3.49362999896379e-05	3.49362999885415e-05	0.877537749689654	3.49362999896371e-05	3.49362999940055e-05	0.0504606314231008	0.0355796363265061	3.49362999881669e-05	3.49362999896385e-05	3.49362999896377e-05	3.49362999760873e-05	3.49362999618231e-05	3.49362999883494e-05	3.49362999896376e-05	3.49362999896486e-05	0.0045960862403018	0.000741353764194993
0.00116085004132352	3.64333105933204e-05	3.64333106018899e-05	0.00277287259924017	3.64333106011854e-05	3.64333106018896e-05	0.000242797456945928	0.000182719800632261	0.873651064398777	5.90446036770383e-05	0.0011130098511809	0.064092985895734	0.0287075456013516	3.64333106018845e-05	0.010238501100562	3.64333106018932e-05	3.64333106159104e-05	3.64333106016353e-05	3.64333106222307e-05	3.64333106018914e-05	0.00625479053764334	0.0111230516962851	3.64333106037081e-05
3.48240877550725e-05	0.000498972701773713	0.0034053796529598	0.00627068861647018	3.48240877610395e-05	3.4824087761013e-05	3.48240877606323e-05	3.48240877499653e-05	0.880751392013522	3.48240877610129e-05	3.48240877621014e-05	0.0530304567585872	0.0376978688575176	3.48240877547433e-05	0.00166465125783319	3.48240877610133e-05	0.00411305468104504	3.48240875604029e-05	0.00160251586753358	3.48240877608751e-05	3.48240877610083e-05	0.00843442276711064	0.00211270777273807
0.00111428031542254	3.44797052588897e-05	3.44797052681384e-05	0.00394981039235151	3.44797052591624e-05	0.00120844543315846	3.44797052681382e-05	3.44797052711572e-05	0.876955316141464	3.44797052681348e-05	3.44797052682862e-05	0.0389670387670446	0.0405225680353244	3.44797052691555e-05	0.00234375808872329	3.4479705268136e-05	0.00443413448793669	3.44797052864912e-05	3.44797052383655e-05	3.44797052681365e-05	3.44797052681365e-05	0.0257821593690282	0.00427425280108615
3.699552450296e-05	3.69955245033942e-05	0.00336843425754398	3.69955245052744e-05	0.00556209823101717	3.69955245055358e-05	0.0103504265558143	3.69955245056733e-05	0.871715663629208	0.00197984889218044	3.69955245131855e-05	0.0619216976497896	0.0279094561767727	3.69955245019595e-05	3.69955245055371e-05	3.69955245055357e-05	3.69955245071523e-05	3.69955245024853e-05	3.69955245405509e-05	3.69955245055325e-05	0.00818544906681561	0.00848898819774652	3.69955245073828e-05
0.00104287187490871	0.00181679449231905	3.59077504026332e-05	3.59077503993382e-05	0.00069384583830997	0.000835106467651966	0.00256984584693467	3.59077503900315e-05	0.898296000965673	3.59077504026335e-05	3.59077504053208e-05	0.0539505457706608	0.0344630857165068	3.59077504040425e-05	3.59077504026331e-05	0.00143764047839833	0.00134849728025746	3.59077503979478e-05	0.00042859214812372	3.59077504026326e-05	3.5907750402654e-05	0.00272218786584146	3.5907750404426e-05
0.000121066923931961	3.54365170386588e-05	3.54365170691267e-05	0.00721339443557944	3.54365171146948e-05	0.0221868316306409	3.54365170682728e-05	0.00515209950696106	0.907377227691921	3.54365170682648e-05	3.54365170669969e-05	0.0378656201665354	0.0129152387879739	3.54365170662273e-05	3.54365170682646e-05	3.54365170677544e-05	0.000118890524770284	3.54365170203438e-05	3.54365170401946e-05	0.00214731020571762	3.54365170684082e-05	0.00444164540412581	3.54365170848849e-05
3.54512226426528e-05	0.00529708785877431	0.00161697165176024	0.00596308842143462	0.00269998227469336	3.54512226172797e-05	3.54512226171455e-05	3.54512226114234e-05	0.856405698735741	3.54512226171388e-05	3.54512226171422e-05	0.0462332736468404	0.0599955333905401	3.54512226175281e-05	3.54512226171389e-05	0.00310621435400393	0.00230005801680402	3.54512226224854e-05	3.54512225916763e-05	3.54512226171388e-05	3.54512226171487e-05	0.0114641024037466	0.00449257457425506
8.3007808502145e-05	3.54809891533885e-05	3.5480989156866e-05	3.54809891659739e-05	3.54809891649174e-05	0.0065324306716091	0.00166005240514222	3.54809891674775e-05	0.87028043520062	3.5480989165057e-05	3.54809891671015e-05	0.0556945172404867	0.0302136388984217	0.00609168092141102	3.54809891650569e-05	3.54809891650571e-05	0.00968649681277503	3.54809891661353e-05	3.54809891295928e-05	0.00578407168174362	0.000944507829287135	0.0126033886601047	3.54809891293943e-05
3.61376638487606e-05	3.61376638648412e-05	3.61376638615672e-05	3.61376638571526e-05	3.6137663903384e-05	3.61376638615666e-05	0.00119428739223772	3.61376638630458e-05	0.861794279053736	0.00565034975055605	3.61376638615671e-05	0.0770865994025905	0.0446721047855093	3.61376638637425e-05	3.61376638615674e-05	3.61376638615662e-05	3.61376638729666e-05	3.61376638428877e-05	0.00187504489873333	3.61376638615664e-05	3.61376638615632e-05	0.00714913209482746	3.61376638616009e-05
0.000139710895753563	3.59265388789815e-05	3.59265388712632e-05	3.59265388835386e-05	3.5926538871319e-05	0.00425491677257465	0.0078934699473396	0.00273140813911166	0.870894385055701	3.59265388712635e-05	3.59265388712684e-05	0.0649752867558506	0.0312073717541205	0.00102501993175113	0.00168905228484969	3.5926538871263e-05	0.00370735254169716	3.59265389002144e-05	3.59265388858454e-05	3.59265388712632e-05	0.00423020621615935	0.0068566277774541	3.59265388608507e-05
3.57447986991468e-05	0.00361590570004269	3.57447987046656e-05	0.010205780485814	0.00336800444667058	3.57447987065851e-05	0.00337694967406803	3.57447987053305e-05	0.880670422514466	4.14587502555895e-05	3.57447987065849e-05	0.0424499861420134	0.0416329670126389	0.00208789743728364	3.57447987065868e-05	3.57447987065888e-05	0.00398743077458191	3.57447987045118e-05	3.57447987193639e-05	3.57447987065864e-05	3.57447987065468e-05	0.00813425947766184	3.57447987310331e-05
3.56897419765214e-05	0.00241139876728258	3.56897419888348e-05	0.00330007599665332	3.56897419988075e-05	3.56897419833082e-05	0.00413769858486288	3.56897419940043e-05	0.869542576867716	0.00341272279145603	3.56897419833078e-05	0.0705343310941638	0.0241463352511044	3.56897419896387e-05	0.000342563579041258	3.56897419833088e-05	0.00078437229567208	3.56897417684719e-05	3.56897419585236e-05	0.0039668083264252	3.56897419835194e-05	0.00970896606713656	0.0073195632168777
0.00404441616933801	0.00108826083871959	2.48588737801732e-05	2.48588737790047e-05	2.4858873782378e-05	2.48588737801759e-05	0.00294849291087052	2.48588737838368e-05	0.896077496669826	2.48588737801732e-05	2.48588737801721e-05	0.0312916339981848	0.0437799351587129	2.48588737801898e-05	2.48588737801732e-05	2.48588737801728e-05	0.00369581101114466	2.48588737909763e-05	0.011106834296585	2.4858873780173e-05	2.48588737800167e-05	0.00561909471368063	2.48588737801723e-05
0.00035458157828668	3.38425102091858e-05	0.00642148185288554	0.00076842928749014	0.0016147298635632	0.0349998509827084	3.38425101790564e-05	0.00324831511156834	0.849023077131528	0.0030507738902225	0.000250219801974861	0.0437820954458583	0.0241797026514466	3.3842510179801e-05	3.38425101790576e-05	0.00634610792973217	3.38425101799418e-05	3.38425101868669e-05	3.38425101742109e-05	3.38425101790569e-05	3.38425101790066e-05	0.0235166464008419	0.0021394054802472
3.5768866261503e-05	0.0121136917315144	3.57688662508971e-05	0.000274891825048617	0.000414985199081923	0.00199878375388518	0.00143615735827791	0.00155837480059956	0.897919264522852	0.00109967026264251	3.57688662509028e-05	0.0319845176341392	0.0373078096489497	3.57688662515681e-05	3.57688662508928e-05	3.57688662508975e-05	3.57688662544237e-05	3.57688662837972e-05	3.57688662577874e-05	3.57688662508973e-05	3.5768866250763e-05	0.00161958447353697	0.0118788112606574
0.000964427994003207	0.0094041419653421	3.43017714034422e-05	3.43017714040407e-05	3.4301771402261e-05	0.00233971752831651	0.00241442634772887	3.43017714012543e-05	0.86718844949428	5.03613086518293e-05	3.43017714034461e-05	0.0524825801612004	0.0459946877505253	3.43017714034313e-05	0.00096681244460947	3.43017714034419e-05	3.43017714050974e-05	3.43017711533623e-05	3.43017714043078e-05	3.43017714034422e-05	3.43017714034413e-05	0.0177484719773461	3.4301771405153e-05
2.56576005007488e-05	2.56576004684906e-05	2.56576004995268e-05	2.56576004962339e-05	2.5657600492246e-05	2.56576004995274e-05	2.56576004995235e-05	2.56576005029387e-05	0.898503433161641	2.56576004995232e-05	0.00193769924351182	0.0570106891814309	0.034742922680679	2.56576004994883e-05	2.5657600499523e-05	2.5657600499523e-05	2.56576005121299e-05	2.56576003141397e-05	2.56576004755223e-05	2.56576004995229e-05	2.56576004995231e-05	0.00734341892397788	2.56576005008047e-05
3.51166268898503e-05	0.00741250450299969	0.000450001908700323	0.0106775712448559	3.51166268917109e-05	3.51166268918755e-05	3.51166268918779e-05	3.51166268918783e-05	0.853817575346032	3.51166268918788e-05	3.51166268918744e-05	0.0518118442234865	0.0508198296257159	3.51166268918792e-05	3.51166268918747e-05	3.51166268918774e-05	3.51166268937531e-05	3.51166268961384e-05	0.00158603425491448	3.51166268918778e-05	0.00800911345278736	0.00289497715170585	0.0120640321392029
0.000929774946895133	0.013123064343731	3.67639595220566e-05	0.00184608128442285	3.67639595278814e-05	3.6763959522058e-05	0.00713649912716894	3.67639595360394e-05	0.880634539616595	0.00773273312534372	0.00206054124754067	0.0390488372287524	0.0405954726130527	3.6763959522051e-05	0.00220749907853304	3.67639595220558e-05	3.67639595330349e-05	3.67639591262324e-05	3.67639595232967e-05	3.67639595220562e-05	0.00186938049141006	0.00241117334215671	3.67639595413191e-05
3.48143685052619e-05	3.48143685011225e-05	3.48143685038888e-05	0.000408296864843263	0.00797956211659828	3.48143685040131e-05	0.00460943171615857	0.00424859997495878	0.881965854365283	3.48143685040302e-05	3.48143685075158e-05	0.0501784462803736	0.0313906036457731	3.48143685054413e-05	3.48143685040294e-05	0.000578304041943823	0.0014995151158323	3.48143684969544e-05	3.48143685228107e-05	3.48143685040303e-05	3.48143685191771e-05	0.0069674805016722	0.00975613295448479
0.000899577467980641	2.54553149173133e-05	2.54553149204182e-05	2.54553149237138e-05	2.54553149206863e-05	2.54553149206916e-05	0.00140621026695827	0.00524515577951391	0.869869773115067	0.0014172729316829	2.54553149206888e-05	0.0671336095321005	0.043471071836547	0.000389001819352157	2.54553149206843e-05	2.54553149206865e-05	0.00445320322413138	2.54553149799566e-05	2.54553149284685e-05	0.00157924393705459	2.54553149206868e-05	0.00383041631045824	2.5455314958979e-05
0.00110070478690475	3.6028153072627e-05	0.00101673860591387	0.00354544518946948	3.60281530931748e-05	3.60281530880138e-05	0.00305392634853272	3.60281530980039e-05	0.865417028041749	3.60281530880069e-05	3.60281530880155e-05	0.083880024475402	0.0282225810215101	3.60281530879934e-05	0.00210783726865219	3.60281530880071e-05	0.000537083044249709	3.60281530788097e-05	3.60281530844961e-05	3.60281530880067e-05	0.00590182895837189	0.00478446442218293	3.60281531062735e-05
3.47760752517694e-05	3.47760752702862e-05	0.00148303008313285	0.0041654929794962	3.47760752563944e-05	3.47760752558121e-05	3.47760752558081e-05	0.00026765000293788	0.897122859068646	3.47760752558093e-05	3.47760752557942e-05	0.0505233625344054	0.0381811106244261	3.4776075257321e-05	3.47760752558087e-05	3.47760752558074e-05	0.00304171575086	3.47760749223602e-05	3.47760752597269e-05	3.47760752558084e-05	3.47760752563949e-05	0.00469313782758099	3.47760752499063e-05
3.56721442502696e-05	3.56721442587751e-05	3.56721442517331e-05	6.40341857325607e-05	3.56721442517334e-05	0.00775676683687047	0.00234752092669454	0.00313223380747803	0.863723102256279	0.00655651655185992	0.00110911645165351	0.073505382393831	0.0307234069193312	3.56721442517348e-05	3.56721442517339e-05	0.00269235436051628	3.56721442557138e-05	0.000891989822830951	3.56721442635998e-05	3.56721442517323e-05	0.00180132191332547	0.00533953213105607	3.56721442535133e-05
2.4877287412152e-05	0.00530076255569561	2.48772874091403e-05	0.00316176051401977	2.48772874068314e-05	2.48772874091429e-05	0.0221643798798236	2.48772874091552e-05	0.85424850452098	0.0161962955482596	0.000967098810732013	0.0276069035359495	0.0304942723190653	0.00609487538276214	2.48772874091399e-05	2.48772874091401e-05	2.48772874083933e-05	2.48772874258936e-05	2.48772874091423e-05	8.86145016569645e-05	0.0122024195137875	0.00364116330264745	0.0175841767405123
3.39758936204288e-05	0.0110445922933841	0.00576876621026195	0.00394610144609829	3.39758936484611e-05	0.0139156245417148	3.39758936264256e-05	0.00527067659967166	0.846580136332061	3.39758936264256e-05	3.39758936264262e-05	0.0631305953348702	0.0381543905526616	3.3975893628462e-05	3.39758936264256e-05	0.000328646926184635	3.39758936259655e-05	0.000378843617028431	3.39758936322424e-05	0.000610254038350487	3.39758936281367e-05	0.0104976372778147	3.3975893608627e-05
3.63139241802211e-05	0.000509247591916479	0.00340634743080324	3.63139241882987e-05	3.6313924176116e-05	3.63139241864952e-05	0.00779766596684381	3.63139241906927e-05	0.868691765182244	3.63139241864979e-05	3.63139241934688e-05	0.0521982571830285	0.0437048158224041	3.63139241881173e-05	0.00532190554261719	3.63139241864973e-05	3.63139241909192e-05	0.000329881912150039	3.63139241608902e-05	3.63139241864933e-05	0.00718560891840906	0.0057228530572247	0.0046958843021442
0.000877966647251001	3.48351295636891e-05	0.00386706846751216	0.000261775392921743	3.48351295743165e-05	0.0167826971803773	3.50504641362127e-05	3.4835129570045e-05	0.874145388223449	0.011081985037632	3.48351295735873e-05	0.0532223905510841	0.0198688211336336	3.48351295732149e-05	3.48351295735895e-05	0.000626329253637954	0.00399592967136095	3.48351295810333e-05	0.00136369019430975	0.00128542679803486	3.48351295740178e-05	0.0122719648185002	3.48351295753278e-05
0.000170982555443198	3.66279778950468e-05	3.66279778926414e-05	3.66279778973496e-05	3.66279779145014e-05	3.66279778928586e-05	0.00825338771914635	0.000748997480873618	0.860131315516559	0.00567665558203699	0.0011101784729356	0.0540978768964673	0.027164067444904	0.00402797915489468	3.66279778928583e-05	3.66279778928593e-05	0.0070079307330833	3.66279778987248e-05	3.66279779018688e-05	0.0018239063743365	0.0210084176421345	0.00841202464815522	3.66279779506238e-05
2.50283837745328e-05	0.00844634476429734	0.00243887078178042	2.502838377552e-05	2.50283837697084e-05	2.50283837719387e-05	2.50283837718651e-05	2.5028383773075e-05	0.853858126098857	2.50283837719398e-05	2.50283837719358e-05	0.0631463773854587	0.0443002266577297	2.50283837719414e-05	2.502838377194e-05	2.50283837719411e-05	0.00959625606237315	2.50283837742549e-05	2.5028383780527e-05	0.00327473446955853	0.0112604492628123	0.00332821714430835	2.5028383773189e-05
0.00118359358974717	0.00452138849822202	3.54257237279547e-05	0.0106970378806326	3.54257237164105e-05	3.54257237167956e-05	0.00392813239678624	3.54257237205997e-05	0.898087287443676	0.00325444789035753	3.54257237370106e-05	0.0245068810234969	0.0451802741919458	3.54257237185446e-05	3.54257237167937e-05	3.54257237167962e-05	3.54257237128446e-05	3.54257237249832e-05	3.54257237174324e-05	3.54257237167953e-05	3.54257237183565e-05	0.00814499695305052	3.54257237240353e-05
