Bcells	CentralVeinEndothelialcells	Cholangiocytes	Hepatocytes	Kupffercells	LSECs	Mesothelialcells	PortalVeinEndothelialcells	Tcells
0.191484812190852	0.0312220064183191	0.00874516860904999	0.35415143784294	0.0571131588005247	0.00349494641455541	0.0261589478854959	0.00336880980452817	0.324260712033735
0.164674554870187	0.00340237545525435	0.0015766737968684	0.326453724852966	0.0941695560533216	0.0413177585529151	0.00218059002916879	0.00615605158378368	0.360068714805536
0.180546211345232	0.0167607975083979	0.00185265512003363	0.332443209953404	0.0747581362049734	0.0260672201515478	0.00246006259251364	0.00221879912514387	0.362892907998753
0.176119429746083	0.00104791903376094	0.00109590509480221	0.336203989742702	0.057391997591795	0.0441035178188243	0.00250973146174332	0.000654132523531477	0.380873376986758
0.230736652706707	0.00257476778232484	0.000711359561089197	0.363745756433093	0.0329820667561904	0.0374647770102049	0.000919272758610139	0.00170501024537451	0.329160336746406
0.195676831523468	0.00272017122663445	0.00183954622939995	0.354105390995409	0.0373376139644181	0.013846838233752	0.00208937963641569	0.00130491545068043	0.391079312739823
0.166533322365231	0.00612118230493722	0.00165756176811513	0.329511436811516	0.0870099583535541	0.0183867574049048	0.00775317187225275	0.00318242360545934	0.37984418551403
0.128312016340174	0.000770657226090157	0.309312751501853	0.203893789164531	0.0165662875369878	0.00488857814790031	0.0247587271829625	0.0918618915254339	0.219635301374067
0.1970870737992	0.00378958070361812	0.00134968936421881	0.286162909028986	0.107996834386277	0.0201600947176883	0.005251600463384	0.00304077034796027	0.375161447188667
0.182991884174097	0.0110647976013708	0.00324492702776417	0.343377930938495	0.078763015729074	0.0237226395466386	0.0088805202760769	0.00671628120723494	0.341238003499248
0.194741788919895	0.00953719701114421	0.00673077866644045	0.336100377085043	0.0750599189890773	0.00270813414206805	0.00353879756287631	0.000594700758014144	0.370988306865441
0.222453367013676	0.000646239298473286	0.00284638887087467	0.286285785022273	0.143437212257698	0.0134000466929474	0.00339153142915397	0.0010514418831138	0.32648798753179
0.186871265607304	0.00239105546184799	0.00180547623668473	0.321958251554374	0.0994470446421741	0.0131110107660298	0.000533529665085569	0.00405155476612798	0.369830811300372
0.21300147208889	0.00112011991374638	0.000872043166291365	0.283931530902522	0.116957319497113	0.0288017242493943	0.000198958071287543	0.00118754011996441	0.353929291990791
0.18276208911451	0.00148766530346729	0.0297846454359044	0.323525482430128	0.0949325406242463	0.0409492186687789	0.00308668412817119	0.0104179382317307	0.313053736063063
0.211671729995125	0.00355792936644912	0.00506715623979285	0.308310162734789	0.0481058557602929	0.035227993223005	0.00288440094547724	0.00211997959455598	0.383054792140513
0.127372233961402	0.00679881269001793	0.0424496262166982	0.348525729812134	0.0834711646095884	0.0254691987897022	0.000314152586011613	0.0026278154031692	0.362971265931277
0.183989140164983	0.00348468681002403	0.0110996224713408	0.303257499273933	0.0804133338707525	0.0341625204430021	0.00370376970384632	0.0192392576852562	0.360650169576862
0.231677763061087	0.00441817839853029	0.00165098682513017	0.331842856372628	0.0217267125736128	0.0349045018710064	0.00103085594849492	0.00225787857004559	0.370490266379465
0.201532356838533	0.0104139325097887	0.00662425227109496	0.337232048196217	0.059892346140017	0.0503414984422831	0.00109579883354323	0.00131158283810089	0.331556183930422
0.178975912709388	0.0210481451960371	0.00192643080118391	0.344615164436803	0.0688355081335615	0.0151608506197377	0.0335343853088177	0.00456302122637471	0.331340581568096
0.246475902222018	0.0023752955696182	0.0106866295344305	0.285081410482083	0.0966240901438273	0.00382677122851337	0.000928199692058872	0.00451066330494439	0.349491037822507
0.231242878958807	0.00785203107423336	0.00169106172769047	0.304185758737978	0.0786734680067713	0.0586576745124412	0.0128700015776026	0.00139666876950502	0.303430456634971
0.164657780625129	0.00634064085411021	0.00151887594730512	0.352501880212292	0.0430017799021706	0.030947210865537	0.00721310121074384	0.00538211680700703	0.388436613575705
0.191439277444008	0.0327361804690893	0.00150424414830279	0.313448234846495	0.0646670509869144	0.0427779903776277	0.00293569885412179	0.0014391312175369	0.349052191655903
0.183470425522499	0.00251984388666541	0.014629130106287	0.296032551961569	0.142519509640977	0.013640290219413	0.000938632668635695	0.000819037435451382	0.345430578558503
0.204467296479945	0.00158550531357874	0.00640980091010134	0.32570068518366	0.0487758184134092	0.0205952633427298	0.000294093774917167	0.00171854370252976	0.390452992879129
0.16181601700044	0.00327015437544223	0.00237661264729932	0.336541337782791	0.101111590732565	0.00236294953107362	0.00516111776578407	0.00108809764367139	0.386272122520934
0.157420910148525	0.0108587747956494	0.00102175177121362	0.321306313128089	0.108540498460933	0.010162835679758	0.0016761586086625	0.000885807530964168	0.388126949876205
0.218863348746792	0.00406509018101778	0.00786291489171953	0.285803287545851	0.0978646082496895	0.035598887213666	0.0014218317068231	0.00144387613163907	0.347076155332801
0.165651340845155	0.0014452717791744	0.0331751108094072	0.316280937747624	0.137942990647193	0.027192675558194	0.00106366624198162	0.00264940470921834	0.314598601662052
0.199888937399464	0.00179298746557691	0.0014851318569463	0.36669547876268	0.0189626653720741	0.00806199781750632	0.000443881098656478	0.00115930042394835	0.401509619803148
0.208659009217786	0.00100494308016179	0.00258593497005438	0.307068952587203	0.0812295201804291	0.0302092180252814	0.000560619718671628	0.000508509579019467	0.368173292641393
0.152173241352568	0.00288449116719518	0.00132817344966563	0.302834379843918	0.111693941633166	0.0723933752972888	0.0128675043087311	0.00288597861924737	0.34093891432822
0.176878585995468	0.0195058411507018	0.000840986687221737	0.352156791525757	0.0613049194195912	0.0203214918877838	0.0445735395952738	0.00288097800675791	0.321536865731445
0.269547995677535	0.00412796608959822	0.00117842676807177	0.265465545717792	0.105029310931482	0.0418377314860865	0.00197619718738959	0.0031727248110546	0.307664101330989
0.17173700778231	0.0102935155566879	0.00390139063117645	0.323160419196215	0.105207074445897	0.0342327290357454	0.00464744454157904	0.00683556512958332	0.339984853680806
0.199980834785971	0.00531987470437316	0.00112765492794303	0.31949217311586	0.125274919261898	0.0339080995460789	0.00459128325073716	0.00288609214527792	0.307419068261861
0.217016963551888	0.0155271523638335	0.0111116280840358	0.304107235390939	0.0985982656272753	0.0292175689910203	0.00831767853958755	0.0011889988498542	0.314914508601567
0.157134369178405	0.00136481843090548	0.0201995312862829	0.295113135590332	0.123479043587256	0.0332473729187272	0.00254001464637251	0.00600383194893919	0.36091788241278
0.159576591215551	0.0104436532155848	0.100337597262504	0.282114853860549	0.0567968460714348	0.0047835727802545	0.0138465518988798	0.0414628438878606	0.330637489807381
0.212461563304122	0.00710876432581977	0.00583247578970715	0.298965121356966	0.0745464375930412	0.00261424047135848	0.00088881014978579	0.00171083104809547	0.395871755961104
0.182503050225679	0.00208118553454821	0.0468117265706555	0.320714005267603	0.0259869107815721	0.00200981117055804	0.000972342869086874	0.0227959815928374	0.39612498598746
0.157917931868503	0.00929248299378414	0.00244343282545855	0.328819252609271	0.0778258595177018	0.0432503595630155	0.00408158530530537	0.00258582727189665	0.373783268045065
0.200931420527032	0.00272574142653737	0.0243169267100836	0.320259130976818	0.040373371956614	0.0188535846192489	0.00400147261685308	0.00715467905332177	0.381383672113492
0.241284222368883	0.00200689658887184	0.00113999105412296	0.306621538396757	0.0702910355684816	0.0416929374547719	0.00110451343241448	0.00162428554198436	0.334234579593713
0.163056703057261	0.00143330723905971	0.0202335453565509	0.367831051426143	0.0566779882914636	0.00432007548187021	0.00273686417221343	0.00103017899765943	0.382680285977779
0.176563409676134	0.00121418541784068	0.205837629055277	0.246312336503317	0.0392257735387334	0.00100827782003902	0.0281522129912173	0.0429103221346037	0.258775852862837
0.164450194123155	0.00155065679753556	0.0202973394074327	0.322779134465702	0.155182778719549	0.0191918470107309	0.00039936339452433	0.030995729019497	0.285152957061874
0.19142802546141	0.00188224741052446	0.00205643857372267	0.321390371513923	0.100463978736959	0.0218090458777037	0.000585774068417644	0.00193617295381036	0.358447945403529
0.201349495776804	0.00735870341848309	0.00542026497494694	0.339650440102914	0.027617093159213	0.0386854928474728	0.00415093283212104	0.00343440973938662	0.372333167148659
0.169867965951962	0.00248092507169542	0.006070675339253	0.330048738360093	0.0721258419704985	0.0333859499757686	0.00838566380058439	0.000960616067540958	0.376673623462603
0.189544353215832	0.0129430420878862	0.000827143888330046	0.368743275282806	0.0853221505601024	0.00221676720811199	0.000146873479986069	0.000771165503594906	0.33948522877335
0.224885017500471	0.00685644902219176	0.00164730090913599	0.284672686349966	0.113163921916208	0.0421936630661739	0.00523168964673751	0.00155790322162449	0.31979136836749
0.176926572902326	0.00890592988841795	0.00481347019345149	0.280368146944439	0.0943624511378846	0.0205037276873528	0.0102093798557629	0.00261994876479841	0.401290372625566
0.194426050710456	0.000659252486178996	0.00421072551656649	0.322203239375173	0.138915417440794	0.00557649246229581	0.000340557643504092	0.00385544299204812	0.329812821372983
0.200462761361405	0.0214983837846245	0.00799747125463892	0.345958106242327	0.0374621748020435	0.0235294848425965	0.00132876083287233	0.00189184009088973	0.359871016788602
0.216698816029448	0.0113287961684715	0.000759996468284306	0.334904266964175	0.0781403663373843	0.0167922936663328	0.000624638250193524	0.00110909758519709	0.339641728530514
0.180346699098834	0.00982191852106807	0.00153761276046553	0.339377650389622	0.0329878726062011	0.0333947495251605	0.00639439327909737	0.00138767711479333	0.394751426704759
0.176437270796595	0.0025737076783202	0.0671035824476782	0.283606728404487	0.068070713078038	0.0316988734488329	0.00266023182794238	0.0188972762535228	0.348951616064583
0.146950722679519	0.00548433189276047	0.00864428778802873	0.388743555460461	0.0439174920067495	0.0192702721954593	0.0149590108527506	0.00268163692633584	0.369348690197936
0.19215604121807	0.00333541287784533	0.00076242002854607	0.312601696257813	0.0826700851568423	0.044390515545653	0.00102297670319207	0.00151194275364952	0.361548909458388
0.210693304490173	0.0302167300332842	0.00240759100063679	0.353960955258592	0.0464757321620663	0.00384855481633615	0.00520914489257727	0.00577310614509237	0.341414881201242
0.222408540609844	0.000546935551869375	0.0885420673864624	0.309183686811658	0.0422748368301028	0.0132391395617162	0.0271471184508993	0.00433102271989156	0.292326652077557
0.128802747024087	0.0298400373653262	0.00306416169732948	0.359941152809669	0.0696866770412115	0.0480549709152191	0.0233316883824814	0.0226564010043732	0.314622163760303
0.163537777166424	0.00146482215148088	0.0289771214114071	0.311100260267941	0.0869516624887062	0.0205381145722863	0.0348455486945294	0.0258230334172049	0.32676165983002
0.154299964642707	0.0513269001705097	0.00337453683407226	0.33706184806149	0.0806096473826343	0.0134415151594463	0.0532892580642296	0.0106656055139836	0.295930724170928
0.221297356425023	0.00170813113958234	0.00110383860426222	0.330748933928395	0.0660579329411152	0.0601159230456482	0.000578242565400024	0.00233078114953567	0.316058860201038
0.202917257508022	0.00084230966192031	0.00113816643755377	0.321891328484176	0.122985756616972	0.00840158447600811	0.00347467976350381	0.00185800255597782	0.336490914495866
0.227126971403908	0.0287771853678952	0.0310972340165802	0.139975319258268	0.0908626537833296	0.00155625158942453	0.188179635122295	0.079227560543961	0.213197188914338
0.193204359615353	0.00155085856120937	0.00626098569068489	0.260964299173759	0.154024460854624	0.0187281852442868	0.000320793088782453	0.00105644472410249	0.363889613047199
0.178207207744668	0.00139764336926241	0.0034241112070509	0.299253267230036	0.110989024852883	0.0233548379559108	0.000401042642265963	0.00508402459777672	0.377888840400145
0.191408226141999	0.000559976799403926	0.0702120238429692	0.314334113916359	0.0252563977138863	0.0166308858020583	0.00333989828379598	0.0330306865378613	0.345227790961667
0.138828736879083	0.00434392475248627	0.0184030851209468	0.297714519033492	0.0715976370261424	0.0239387740429148	0.0160149229146452	0.000641947376462701	0.428516452853826
0.201779492647918	0.000733161126122808	0.000589379539359524	0.266308647969404	0.154355417615509	0.0034602046521006	0.0265851460560609	0.00214367905994251	0.344044871333583
0.208743322937605	0.00910429734859165	0.00118950115137263	0.323856089499956	0.0351278960760188	0.0209435849164863	0.000438048935299054	0.000974184579363316	0.399623074555307
0.188312023468202	0.00115600154049309	0.196769541544075	0.264975626804974	0.0408666003889604	0.00476975645346382	0.0112564644560089	0.0270471018696591	0.264846883474164
0.177900763939737	0.00107302329992327	0.0123749720284021	0.311386186016131	0.116117640846488	0.020110737930223	0.00471758599240438	0.000805205479431502	0.355513884467259
0.210749966720963	0.00186847901502651	0.00485870910945161	0.307530410878055	0.0742898831444494	0.0509103464105956	0.015452324452211	0.00635756480471767	0.327982315464531
0.166188614375277	0.00177602286254425	0.0498928092662968	0.344073801925717	0.0293509517102411	0.0274845917516577	0.00135797318718184	0.0243936408766449	0.35548159404444
0.239789218090578	0.00430192377346566	0.00682988682026176	0.341466610064146	0.0475320768853538	0.00809610843245547	0.00257040200601401	0.00106754197626311	0.348346231951462
0.173887034305303	0.00165124597460366	0.000778946990894034	0.319395157203601	0.0881743635250456	0.0440115160850904	0.000956969430668521	0.00398541691820191	0.367159349566592
0.184476390516822	0.000523082129653473	0.00323134842175182	0.278972676677898	0.105382957876621	0.0291550839239438	0.000434305034509093	0.000743314060180213	0.397080841358621
0.169780133891523	0.00382329987405014	0.0146861282633185	0.318257640082721	0.149803345979783	0.0171827861902195	0.000360355626315256	0.000871413478085654	0.325234896613984
0.182389322567206	0.00185214378611228	0.0214885711168702	0.314257926753871	0.134043501628061	0.00550227765063137	0.000842944653439056	0.00684123928413267	0.332782072559676
0.199127476594069	0.00193410932324119	0.00658231961035128	0.329264649238707	0.0908546844350516	0.0163137947357262	0.0102533555817689	0.00352119663311552	0.342148413847969
0.143374678027772	0.106344617888569	0.0016330478598488	0.351859825067216	0.0245242241748202	0.00345506899860334	0.0330126750234704	0.00572399590829226	0.330071867051407
0.196336289584492	0.000922847821635352	0.00181628366239071	0.347960814552782	0.0511826184873267	0.00632915211629151	0.000327745609222802	0.00190847339033932	0.393215774775519
0.13856597296142	0.0466358082955778	0.00086095383949645	0.371177923666055	0.0246301013970359	0.00827931031403942	0.000830603369561755	0.00185737539814553	0.407161950758668
0.21382430301196	0.00174464941891434	0.00261530185708269	0.313114398108057	0.108743163109995	0.00660252826546536	0.00149440149570288	0.00587197957111583	0.345989275161707
0.129466183255239	0.00263447204854639	0.0345519754406562	0.285485583260526	0.0854882875532266	0.0259618493290505	0.00122535220637135	0.0438043324135293	0.391381964492855
0.153278209276492	0.0267280730641072	0.00335227876930204	0.407992611566415	0.0707213434445794	0.00926964103123669	0.0203695799606612	0.00170618378446169	0.306582079102744
0.217703262171402	0.00802802902041888	0.00359881846854391	0.313184133644394	0.055641781584916	0.023344940260802	0.0157184679533622	0.00112524061067271	0.361655326285488
0.14829358042025	0.00230618729184077	0.0244878043389711	0.353996619145568	0.147811791278127	0.00353524036093836	0.00186537359462137	0.0010075431492905	0.316695860420392
0.161875073059268	0.00372866706731435	0.0167293482764442	0.344761686055414	0.0663380030336866	0.00658422859423511	0.0047081016168785	0.0126932914459305	0.382581600850829
0.145540401783307	0.00294211233531168	0.0761765901984877	0.268271637777894	0.0617660538071308	0.00446279822103607	0.0287866090195913	0.102617328189704	0.309436468667538
0.21254863120191	0.00418354099201616	0.000763107700948264	0.294880091417544	0.122512421937972	0.0375724118255807	0.00208103983885569	0.00129208130853635	0.324166673776637
0.191562755697983	0.00854214643526952	0.000980858870749878	0.308996875144521	0.134135389510822	0.0127227214702226	0.00289756421828485	0.00572324994901433	0.334438438703132
0.214783519539898	0.0109020524078839	0.0257645907139447	0.332157868013889	0.0470666181014277	0.00631030221660668	0.000444569668341553	0.00177503360370762	0.3607954457343
0.171239658864157	0.00762888540680811	0.00424872422766932	0.279892931097307	0.123050256358594	0.0420338839811891	0.00212805112510568	0.00599246059920392	0.363785148339965
0.195540673892854	0.000956572495564837	0.00420022337365117	0.294797839678497	0.122935035822112	0.0533514071269498	0.000242686492675881	0.00942644775352388	0.318549113364172
0.226647086824884	0.00143189165254602	0.00153975912882078	0.35858522116529	0.0516751394414007	0.00706031954959254	0.000328796635798862	0.000928355223972903	0.351803430377694
0.117419114888383	0.00220710014071922	0.0027992644477203	0.374278278541274	0.0283257416279943	0.0213889449906682	0.000316280556284708	0.000987602469479121	0.452277672337477
0.146030036605991	0.00968190836577098	0.0024640659559152	0.315014513941328	0.131712423342618	0.026861448216302	0.0119323211440625	0.00397292854887076	0.352330353879142
0.222378421234775	0.0209564233284998	0.00196789830571626	0.32907495451386	0.0271592030079466	0.0178671642294616	0.00174071325893427	0.00259356395016158	0.376261658170645
0.189757531494156	0.0111230290796958	0.00918518404241758	0.296736109686027	0.112219273069071	0.0209964841048434	0.00993290221404793	0.00257315420534504	0.347476332104396
0.187380145004464	0.000916080554222244	0.0007888948394317	0.334495541129623	0.0759917141722119	0.0110879195097324	0.00204682562350867	0.00823251154618321	0.379060367620623
0.198354343358371	0.111914714795994	0.00355579120258788	0.332053042816523	0.0346787511409131	0.016872166135192	0.0536718187267113	0.00348052704298985	0.245418844780718
0.166862054578761	0.00079410902284015	0.0012245547175605	0.344789124096003	0.0524901591821133	0.0255604690960377	0.000204268046469305	0.000870940269460779	0.407204320990754
0.215262184574638	0.0106421365495428	0.00128163316760388	0.30771897257974	0.056697539386705	0.0273852171274766	0.0101230994811602	0.0187336164635886	0.352155600669544
0.135350885602193	0.0330506919558649	0.000683210151086647	0.329213046909155	0.151084734382046	0.032881768096211	0.0027467854439709	0.00701397773688368	0.307974899722589
0.196377596102113	0.00634865297448729	0.00188799204831156	0.262707743005901	0.141015827951267	0.0274771400359069	0.00407278468218525	0.00400339687224093	0.356108866327587
0.209549358839201	0.00997422741898364	0.00128186864633432	0.266177716141456	0.148225032062302	0.0201876500367661	0.0030690463757461	0.00663839606743186	0.334896704411779
0.13788779537523	0.000767635212978712	0.00390844321636806	0.338699439321047	0.092286901143777	0.0194807685668875	0.000833166702371396	0.000745319408699526	0.405390531052641
0.207257467477588	0.0150620950206243	0.00254197841242481	0.30486514679968	0.0981372598790389	0.0214794239950062	0.00185320483613113	0.00414412878064921	0.344659294798858
0.260035835220469	0.0197212007017656	0.0019298384091793	0.310544459260339	0.0534646411849351	0.0272710084384334	0.000691572879576311	0.00189414538036232	0.324447298524941
0.124314365557002	0.00111064813068617	0.000728093563135908	0.359531171621358	0.0848910824475707	0.0460753470447414	0.018239783086726	0.000587315186717741	0.364522193362061
0.231650417994708	0.00725991943801802	0.00116746637849964	0.297193543348568	0.0745274259072789	0.0466448891706229	0.00309179873702877	0.0212484822092288	0.317216056816047
0.230500182265551	0.00322275749526732	0.0339291400739686	0.219763473230296	0.0511983512937115	0.0122269356793085	0.152203919831265	0.0105935515563258	0.286361688574307
0.152627755047568	0.00559997034451491	0.00318486899646957	0.348124983424791	0.0717272941317737	0.0265860704197855	0.00429552973748256	0.0027469668953733	0.385106561002241
0.218795798586954	0.00109597065195049	0.01005084404346	0.273975819100584	0.142955937373503	0.00461888674964632	0.00101667649510707	0.0192597819271084	0.328230285071687
0.202595003923387	0.00199204665573914	0.00432747505930325	0.386056811996689	0.0390363942848356	0.0253131631568412	0.00457863939802956	0.00217591871241129	0.333924546812764
0.200903378049318	0.00896662441086036	0.0095956731852084	0.29121681791514	0.084710031947132	0.0100422225814505	0.00208058528114994	0.0063816570943532	0.386103009535387
0.175640906988297	0.0573416370907523	0.00160788519767814	0.345833774198281	0.0916046002863393	0.0137767402687547	0.00572250636030962	0.00301062556766445	0.305461324041923
0.198370530599046	0.0162584950335976	0.000952735493763816	0.324026481610245	0.068994085267048	0.0373741402625044	0.00779612888399769	0.00445853547454862	0.341768867375249
0.188851183692623	0.00416613713011982	0.00131192520580092	0.290750438065738	0.177479457388038	0.0152743691589787	0.00121625007449803	0.0136452269251691	0.307305012359034
0.194288770616721	0.00100274593839305	0.00781741301926955	0.332198909306957	0.0496762780920274	0.00585228434254039	0.000195472255851372	0.017561005801411	0.39140712062683
0.19776925915992	0.00129670935479242	0.00178849542720004	0.376404306774022	0.0392416582002492	0.011107743076303	0.000290149446606871	0.00163090444330296	0.370470774117604
0.235268537763682	0.0110670406712885	0.0411232571166904	0.292279183487016	0.0542094766236201	0.0143319822995575	0.0169696617439483	0.0231392759650524	0.311611584329145
0.183619511581444	0.0129510745863183	0.00195030021242217	0.321862565555882	0.0686925651821805	0.0260298681246936	0.00163662383320799	0.00292925053492452	0.380328240388927
0.142767081166203	0.00253290292524523	0.156863219748035	0.283890037052835	0.0619263009643597	0.0244242564897043	0.0203343576654625	0.0342374935977933	0.273024350390362
0.158463205506504	0.00631957049232778	0.00379719056745382	0.37637088160317	0.0211559812863738	0.0560948437265017	0.00570158495870157	0.00849163870432358	0.363605103154644
0.215890739593294	0.00417284130147042	0.000856236511476707	0.301923313610913	0.119287415046257	0.0274611801341188	0.00128355995894926	0.00234179336950496	0.326782920474016
0.15100706812112	0.00243506425548597	0.0436162598315367	0.307302581788197	0.0680646851814939	0.0286021291478767	0.000541145707200331	0.0264491434009528	0.371981922566136
0.22876495783906	0.00223481529398679	0.0124289855861225	0.312503874073655	0.101144402919377	0.0156382043494685	0.000293356410279882	0.00314228756987871	0.323849115958171
0.191228102274421	0.0307534502940373	0.002548255320184	0.328538804158743	0.0510554536683524	0.00993997688088167	0.00497688469701231	0.00365300515004313	0.377306067556326
0.142171045430924	0.00609740085334814	0.0017861792795662	0.344410092156302	0.0463938557844025	0.0135171948982777	0.00924422510518499	0.0147321269785645	0.42164787951343
0.219821439437866	0.000960670762527268	0.031841494696797	0.276830070661409	0.0769623570349239	0.00659864325336163	0.0201715921092151	0.0112643429340782	0.355549389109822
0.211330871163607	0.00853176897102396	0.000758608882447	0.319309623747418	0.082152774078766	0.0231276509567252	0.00357516453489041	0.000901929776269489	0.350311607888853
0.16148618137107	0.040123915449567	0.00551029431975715	0.310608183515727	0.0515248027189612	0.0514988304653892	0.02760756722038	0.0356231885652231	0.316017036373925
0.164872028770452	0.00232194771007527	0.0054668344130543	0.293175134962276	0.182516201894094	0.00897667189023009	0.00124278515769295	0.033770807339659	0.307657587862467
0.200401204408944	0.0112260791737993	0.00135944970902161	0.328937518112761	0.0581651295259613	0.0151032547998217	0.0160613592935769	0.00132098806203638	0.367425016914077
0.106649271430525	0.000989811979724445	0.0399274483933013	0.34850672884217	0.0978851851311659	0.0019168116143958	0.00359847996629882	0.00647954735784094	0.394046715284578
0.125031551266504	0.0756737600805994	0.00438302182142577	0.37473686165548	0.0318458034373623	0.00689331249080687	0.00567813372104639	0.00539166731776615	0.370365888209009
0.206368481065253	0.0166844612220737	0.00383923413278229	0.339567886752865	0.0837239388885561	0.00360243258394204	0.000407542371055223	0.00106504097581194	0.34474098200766
0.209717642639964	0.00573792257112278	0.00344272791570351	0.305217674334315	0.0723049928849843	0.0378646358520236	0.00461008050017725	0.000808870449527473	0.360295452852181
0.134792074766704	0.0622546163187585	0.00498624653821587	0.364527997707402	0.0296253521626225	0.0193825561672456	0.00935093818334186	0.00225804799825396	0.372822170157456
0.165705659807477	0.00209154479482926	0.00129465624250732	0.306573050537977	0.110936070457251	0.0334799641025107	0.00907444877715157	0.00419073661784868	0.366653868662448
0.179533510336468	0.00562546671446453	0.0465452107422617	0.33336858812191	0.0732659241405223	0.0036795821168711	0.0016204066027804	0.00145100407111156	0.35491030715361
0.167569375733904	0.0088124633596541	0.00358355482671864	0.35160022334956	0.0410704307992634	0.0188466396518806	0.0094229943244383	0.00768950547446053	0.39140481248012
0.208544675824406	0.0177047297694468	0.00210129016778937	0.301384696104343	0.0530079773537363	0.0166708348559486	0.0100768288932728	0.00434488385628448	0.386164083174772
0.173310428324622	0.0166028540165777	0.00644515668900105	0.378576176680044	0.0299087165682184	0.0123664505972208	0.00624454784172452	0.00519795160186731	0.371347717680724
0.180776304223943	0.0027639709619098	0.000990632601063248	0.322891119921798	0.119169295918273	0.00584989145709398	0.000861331409856864	0.00253949993552744	0.364157953570535
0.216979372620305	0.00327171272993114	0.00102196841166297	0.305964607736627	0.0611958217338728	0.0398247950242464	0.00019356604673976	0.0018786490490576	0.369669506647557
0.179140321040337	0.0189046466457023	0.00304464929410747	0.332197734841807	0.0637993966525236	0.0360551845626782	0.0169117003909464	0.00786180294137932	0.342084563630519
0.124051871936163	0.0479105368873809	0.00112347865855664	0.372229962583906	0.0245267814967906	0.0373076714479286	0.00678180508415506	0.00484701040331716	0.381220881501802
0.133980500637349	0.00651448357104281	0.00286603662570986	0.373330575546702	0.100263425980108	0.0134188482183154	0.00259784936042367	0.00178491049501082	0.365243369565339
0.191801096843536	0.0047852470073299	0.00162894113692536	0.353376377625331	0.0540418326592352	0.0179450182719524	0.00203180598910133	0.00201882641105704	0.372370854055531
0.212556498156267	0.00169634309156049	0.00134624876136423	0.329241552888537	0.0840364060297004	0.0231536974547476	0.000313570197958844	0.0012342057312357	0.346421477688629
0.186488161248816	0.00282892733810904	0.0651161377925292	0.315411428291715	0.0255460942004105	0.00315283117329356	0.0127332757064073	0.0356766895109662	0.353046454737753
0.196009669310697	0.0217817702894125	0.0272344320213659	0.308490041011966	0.138442042784225	0.0069549406780944	0.000208977733852035	0.00344528679552679	0.29743283937486
0.155043064246394	0.0176199817286379	0.00311016405548988	0.34209813086768	0.0603982702127198	0.0188200863313785	0.00446498563064072	0.00743388065389866	0.39101143627316
0.174557957121497	0.0046005135927859	0.00153112903993142	0.276368887264495	0.191409080541586	0.0272558759731542	0.00975114866216456	0.00217057994058878	0.312354827863798
0.275386443090472	0.00168016702495527	0.00872009184495969	0.28886409294572	0.0630713989551225	0.0262533988037384	0.00103053423055904	0.00216670853240176	0.332827164572072
0.114189517934474	0.00122316312503892	0.00578918585431492	0.317778908458195	0.173139774216743	0.0065620816473698	0.000355599311372379	0.000959557107115855	0.380002212345376
0.209648821608541	0.00298748250908447	0.00278722478991676	0.290629086451329	0.0564286555488264	0.0103875991889523	0.000754225033884696	0.00162887437807998	0.424748030491386
0.171419197671031	0.00150988841091248	0.0132833885557816	0.332625685035994	0.10249038399883	0.031370004146118	0.000234921281301455	0.0156058430400068	0.331460687860025
0.219482537791172	0.00279238168079708	0.0839427567458656	0.275682773020357	0.0678351490885151	0.0242142264479961	0.00147814932834709	0.0302852383609704	0.29428678753598
0.181894420199937	0.00672228997669304	0.0015201052625551	0.328208345185103	0.106776894134778	0.0236982110784191	0.0197148315817555	0.00587285254879286	0.325592050031967
0.142745004775327	0.027650717762761	0.0040215123841216	0.315804624302977	0.0747553690981606	0.0289822738507273	0.00352078465149793	0.00383686760455496	0.398682845569873
0.202567305674115	0.00503963837687014	0.00128840796621133	0.355060935314824	0.0685396484030645	0.0367760977646879	0.00969741135097145	0.00611197287540064	0.314918582273855
0.206179892914543	0.000881749792679669	0.00100495186539208	0.301338679862453	0.163626428024927	0.00520363539422453	0.000273482162692459	0.0170134725696217	0.304477707413467
0.139937826330505	0.00219592486609964	0.0060193944237219	0.332332834046893	0.0752954523353842	0.051838224875051	0.00420819759585974	0.00309600877751513	0.38507613674897
0.184249227986269	0.0416933994086388	0.00361632284747031	0.328574037711035	0.0556320834303565	0.0407511536224163	0.0106191330029872	0.00847331290364132	0.326391329087185
0.252065644204395	0.0011479679466693	0.0555952623760334	0.31801542253248	0.0159808188066228	0.00468365346870222	0.00153247848600135	0.012421679935091	0.338557072244006
0.177367912384999	0.000860666916416618	0.00465713534939623	0.328034198072429	0.107536785942205	0.00333167613432076	0.000958233050871856	0.00263352933404706	0.374619862815314
0.202805962362321	0.00728461828801832	0.00178757602671085	0.3247087715573	0.0542299207076476	0.015075218432507	0.000959705137495728	0.00976057798021746	0.383387649507783
0.231226766798008	0.0120023311093499	0.00358941677912015	0.273358805815649	0.167786231800921	0.0141609330935353	0.00114777036703056	0.0016037728489632	0.295123971387422
0.182437480245604	0.00554623106626615	0.00120739784940226	0.320413314025188	0.104957043754508	0.00468276336992164	0.00509514685084833	0.00129189843892017	0.374368724399342
0.175423113712997	0.00223693801614776	0.001656145827118	0.330499079290265	0.141117265240677	0.00496122159723801	0.00537911720927007	0.0152655470461516	0.323461572060136
0.22481109535458	0.0143492506507395	0.0632604335956679	0.256835184522824	0.0777849199393097	0.00559810985884633	0.0722358674817167	0.104699476589322	0.180425662006993
0.189722099924069	0.0275413042429496	0.00172298027043175	0.317000192998975	0.0862805900415599	0.0438446018593807	0.0143039293107069	0.00473024713693586	0.314854054214992
0.202455637146275	0.000939009083793627	0.0100491363240904	0.343825002288545	0.0448487177462367	0.016161016662362	0.00487683412807845	0.000485354506441106	0.376359292114178
0.187036632802227	0.00991079710050612	0.00337707005312305	0.345448642404	0.0415883345898722	0.0318621788817986	0.000501997960756656	0.000920473656803929	0.379353872550912
0.152305076918731	0.00433814578654249	0.00402328363065967	0.370643685154599	0.062534746031713	0.0186103030298065	0.00965983351308467	0.00122794266616951	0.376656983268694
0.181023031879324	0.00644348322032072	0.00129464761131426	0.354705610663494	0.0949103301051736	0.0231608129904709	0.00546953073674413	0.00251418268759106	0.330478370105567
0.251233104358675	0.00215800196189683	0.00414716488914595	0.269918451160959	0.103917439493022	0.00452794888928446	0.000303041018024291	0.000952183459522508	0.36284266476947
0.210849253720912	0.00387289490808336	0.0194292687086692	0.344373870864321	0.0738105835233837	0.00177034387913005	0.000304927379421588	0.00103775727966929	0.34455109973641
0.176901585320494	0.00139738407852081	0.000580907234632269	0.318270373379347	0.112960513902689	0.0115295111746733	0.000528164709908434	0.000739492309165067	0.37709206789057
0.164354823966189	0.00411147458595144	0.000870436511639084	0.330396647110866	0.106155933433776	0.00793720657086408	0.00121530598833278	0.00179532774990446	0.383162844082477
0.195661442093191	0.00194347336515845	0.193802011588622	0.236320219200942	0.100636799656881	0.00305391709283002	0.0246576640907201	0.0189135032356671	0.225010969675988
0.158784340271788	0.0185098074013576	0.00148952645049414	0.335075384507912	0.0603774007165252	0.0251275441480313	0.00743084155583886	0.00428077255002495	0.388924382398029
0.246814593361569	0.00226750386509195	0.00603983200593727	0.334606619789275	0.0376544390720947	0.0126607384026915	0.00162105700167435	0.00172859936491786	0.356606617136748
0.192472220878336	0.00144036913589291	0.00074686546321252	0.306920972565719	0.0689879465963807	0.00969670363910663	0.000847072534576509	0.00195409252580755	0.416933756660968
0.196379020947138	0.0036410710186921	0.00160397107856774	0.32616737144707	0.0896932039056287	0.0474196793887983	0.00364084839189845	0.00145915093017348	0.329995682892033
0.239472575394663	0.00137110418316043	0.0108764042502074	0.308843390854319	0.1055548903366	0.0337256347883231	0.000340072377781262	0.00244192656462154	0.297374001250324
0.221587901664462	0.000992262508764917	0.000569810634841695	0.303453244870706	0.0770064231915181	0.0288520521302097	0.000273871341343569	0.00434011883487698	0.362924314823277
0.17243957829733	0.00321121912756578	0.00188277657350175	0.310204663799764	0.0797296468209186	0.0301923417266637	0.000438395664623552	0.00176261655939321	0.400138761430239
0.182086591060559	0.00322190942685961	0.00323396149622797	0.350974668913418	0.0608164627429123	0.0151050818087407	0.0238667523637115	0.00521299159044394	0.355481580597127
0.151292711648105	0.00497793804952983	0.00263657517818067	0.30941393875859	0.094383896054268	0.0501392329001269	0.00979574693671862	0.00120544029056106	0.37615452018392
0.162741139627405	0.00236447340941093	0.0916686445580668	0.29632818861471	0.0580476379218272	0.014845718261229	0.00314739290100529	0.00592178209414854	0.364935022612197
0.137221266985724	0.000920159013141846	0.0228535847714784	0.36344786546527	0.0418307336227444	0.0531625954821426	0.0117395591119352	0.0149857752525074	0.353838460295056
0.154397200931253	0.0882138220637856	0.00390742116451458	0.30235094792745	0.0951773944863219	0.0273789904849076	0.00486133989740905	0.00816338569245335	0.315549497351905
0.170411132773145	0.000719274608568729	0.00350399975098993	0.31217313346444	0.0816587509023974	0.00407371841827003	0.000389598764770604	0.00360966599916332	0.423460725318255
0.182016868430356	0.00395461251556934	0.00125624046748657	0.345381209505605	0.0930289687274843	0.0281319546738516	0.00050775830987015	0.00268955208291891	0.343032835286859
0.200410945230341	0.00360299586569981	0.00242942615410384	0.35516295165279	0.0322111528725878	0.00468684454756059	0.000824885140231535	0.00697744926022588	0.39369334927646
0.222092793146379	0.0114748466083082	0.00193721653184588	0.353850056388145	0.0305821308105097	0.0316143567409726	0.0100508294105859	0.00191129541628948	0.336486474946963
0.2036628875091	0.00392387486227683	0.00388188454724392	0.310970496790484	0.0784990803772419	0.0106904393695857	0.00246262537467366	0.00135038008995998	0.384558331079434
0.174186649926625	0.00719975087896886	0.00446616007666854	0.314504211830199	0.118426280459779	0.0303598029030333	0.0320576452653748	0.00594517246239571	0.312854326196956
0.157208197164111	0.00535097714810012	0.00382296875599838	0.360827356145775	0.109826624838932	0.00948836713040621	0.00176068115451143	0.00327836447091239	0.348436463191254
0.214439499541325	0.00109874749831281	0.00618466676178345	0.269712027467909	0.128147124808394	0.00714741943016997	0.0153025107553273	0.00252702340982069	0.355440980326957
0.217256345951417	0.000968426926587173	0.00369480536112129	0.338261629467553	0.0365068013797469	0.0113752784013188	0.000553681892464424	0.00051797637627525	0.390865054243516
0.15853727476834	0.00303178302559658	0.0688945585548993	0.29061346850655	0.0753635500738009	0.00378206753699659	0.0115997900418417	0.0584484928303338	0.329729014661641
0.201558079162726	0.0119944788772637	0.0018585949461986	0.332456981722048	0.107294065626502	0.00586515860202277	0.00752662924657338	0.0116288378746238	0.319817173942042
0.215777140394513	0.00338860224551415	0.00446903205818951	0.328796559617551	0.0370333539737454	0.0199789084201681	0.0185636914276628	0.0017814301554745	0.370211281707181
0.180341747583834	0.00248124625952912	0.0120665355742498	0.309435433602428	0.130851563048357	0.0317618087581073	0.000471248823957039	0.00589533802735391	0.326695078322184
0.170620169696618	0.00605503805895029	0.000737920646422325	0.367305751671258	0.0652146518471616	0.0308318046393386	0.00370861200527561	0.00395700526654695	0.351569046168428
0.261946767087749	0.0103805503661022	0.0800659028541639	0.224791248043365	0.0403634207117122	0.00770964877013135	0.0833858778580061	0.0589304025761443	0.232426181732626
0.150113635227067	0.00767066641130778	0.00156833173407025	0.349247702121332	0.0667434860042638	0.0195771143283388	0.000732336478531789	0.00119943479905987	0.403147292896029
0.238605966268551	0.00140746813603083	0.00214738876320763	0.295862624787688	0.12985832721082	0.0315904455834712	0.00331530131922462	0.0296683290739927	0.267544148857014
0.190429246114132	0.013921232913092	0.00316963084722418	0.324916802324632	0.0486148574694454	0.0413043657025749	0.00155336102306271	0.00360471648863213	0.372485787117204
0.183041805609158	0.00388353819197704	0.00085495481965351	0.303810771462988	0.0647627590381677	0.0630227219961256	0.00392102819181228	0.00112064510092185	0.375581775589196
0.188308252764733	0.00166102518246383	0.0368464521446752	0.30652853661927	0.122888821267589	0.0141147174686696	0.00329186804699345	0.0303224957452362	0.296037830760369
0.154904005720003	0.00323347653674191	0.0138182034659734	0.332327236165736	0.109072301366073	0.0185387908010234	0.00473652874796166	0.0213551328686631	0.342014324327825
0.194800340838369	0.00719966904397823	0.00115983367596344	0.324726772128392	0.081100464280386	0.0265102038028492	0.00177847287921287	0.00872128738685157	0.354002955963998
0.152886117113162	0.0257863743429245	0.00153516058621256	0.293677992901388	0.137732531602834	0.0100369432664582	0.00337705243151583	0.00201390471713416	0.37295392303837
0.228562836774113	0.000860792038118269	0.00689390921050418	0.331730073940494	0.0929226022960435	0.0221197099984124	0.000525909062857653	0.00144401219532326	0.314940154484134
0.181456457444532	0.00124165464210503	0.017757990641695	0.295025115026424	0.173027215146343	0.00516860111446589	0.00913077000125277	0.000967341595771305	0.316224854387411
0.145948288224247	0.0023471866048448	0.00115524066770473	0.354257884912268	0.0611113623752936	0.0109656899016101	0.0006290885680529	0.00229524295317859	0.421290015792801
0.244997608015513	0.00305914847209803	0.126748508794259	0.228883823404724	0.0255357250226468	0.00597609917759679	0.0505249241105192	0.0892388292604652	0.225035333742178
0.130759813059394	0.0125650909990306	0.000874502977745374	0.357507390068428	0.0260678931632512	0.0281775045354132	0.0167408028760808	0.00246938475993516	0.424837617560722
0.14726192598015	0.00567678747971808	0.0351573582967719	0.366774912898101	0.10359302436612	0.0218329413729698	0.00023022991916724	0.00191049172192325	0.317562327965079
0.188339256271613	0.000541499310632669	0.0120552810974314	0.341327294961775	0.0415259770927675	0.0337472412450321	0.00396369976260539	0.004836894195117	0.373662856063026
