Bcells	CentralVeinEndothelialcells	Cholangiocytes	Hepatocytes	Kupffercells	LSECs	Mesothelialcells	PortalVeinEndothelialcells	Tcells
9.02506793003533e-05	0.00451752680529115	0.0312522092156996	0.910529797083893	0.0344981464398818	0.00577650070397583	0.013155067713491	9.02506791629549e-05	9.0250679304678e-05
0.00116073587417422	9.31592026059961e-05	0.0485132444113724	0.877577836101253	0.0343918785526532	9.31592025944491e-05	0.0189538011591005	0.0191230262936282	9.31592026181895e-05
0.00135652568638327	9.05060727142857e-05	0.0216958943377667	0.923207737519753	0.0221049254582645	0.00802323170315132	0.0134256796967557	0.000846938041814452	0.00924856148339727
0.00314090668598168	0.00195284704159857	0.0357846883491301	0.917362131432128	0.0281186690823695	0.00277292580969286	0.00916225866883792	0.00161370938460006	9.1863545661655e-05
0.00333392315023641	0.0165504477519365	0.0269240795603044	0.922514985679278	0.0118974695252417	9.00821628173356e-05	0.0174581072076422	0.00114082279965194	9.00821628911173e-05
0.000259409481703752	8.90240784741649e-05	0.025168159054123	0.913086052876184	0.0284271312645683	0.00734732966930494	0.0149050931980212	0.0070029162326929	0.0037148841449276
0.00532434050714549	0.000131286390662005	0.0306187389484835	0.896209878075628	0.0399142301368737	0.00774199757443055	0.0110975153556633	0.00299532151951814	0.00596669149159508
0.0101743627837185	8.95740859997233e-05	0.083626570721946	0.809337627724965	0.0313132857062618	8.95740860870876e-05	0.0336664442204471	0.0283899919601693	0.00331256871040573
0.00156910020238438	0.00238366936854283	0.0465822494771451	0.896304378689413	0.0287200557083494	9.14203477103859e-05	0.0163485234285919	0.00790918243013357	9.14203477290966e-05
0.000424748541351889	0.00404605231163387	0.033330951961873	0.925693056928624	0.0227560772603032	0.00199591131091318	0.00909576924386229	0.00256712528858259	9.03071528556446e-05
9.01013016056861e-05	0.00713226324088761	0.0244082148436199	0.922608520930988	0.0303628540170553	9.01013016347247e-05	0.0132386176801227	9.01013017259343e-05	0.00197922538235983
0.00141036457484116	9.16771280916208e-05	0.0859700013204917	0.865329274674901	0.0160525104538215	9.16771280565899e-05	0.015644163673014	0.0153186539186762	9.16771281060475e-05
9.17176870500735e-05	0.000953572474987591	0.0395161467718582	0.905711165953239	0.0346666424871382	0.00418679482801744	0.0106819770431133	0.00410026506754633	9.17176870496727e-05
8.95055763061696e-05	8.95055762922315e-05	0.0317548557401856	0.922521370081517	0.0207835171297669	0.00904934200640448	0.0086174375624411	8.95055763424365e-05	0.00700496075074353
0.00650616798097561	0.00406483133897681	0.0246275572499217	0.926606752207577	0.0167401065808325	0.00880007310610033	0.008745008104005	8.93841527637419e-05	0.00382011927884722
0.00681525136517075	9.32993882473366e-05	0.0424222448882493	0.910161249009506	0.0208408191340653	0.00504175713544771	0.0109302804038496	0.00314458978739606	0.000550508888067759
8.95295381449673e-05	8.95295380970754e-05	0.0209008166154313	0.929890442037692	0.0290280761044381	0.0102326534144037	0.00958989367548618	8.95295381612959e-05	8.95295381449098e-05
9.01245710265955e-05	0.00965599047328257	0.0309332125167544	0.917079943722771	0.0230548255416919	9.01245710602136e-05	0.0136060093670145	0.00333596333697813	0.00215380589942073
8.84755531900515e-05	0.0175750471006041	0.0286516524205166	0.925714115088169	0.0154308087944622	8.84755532220511e-05	0.0122744743834942	8.84755531655221e-05	8.84755531760128e-05
0.000540215893941835	0.0153937112701503	0.0341538700938558	0.913692719461603	0.0179621533541651	9.1352820550555e-05	0.010262858894628	0.00135847820476867	0.00654464000633683
0.000722359953595971	0.00576320531492032	0.028276982776878	0.929584799920577	0.0190109318634869	8.97258580277009e-05	0.0108041172711292	8.9725857934016e-05	0.00565815118345083
9.1462267897075e-05	9.14622678892894e-05	0.0189262938938899	0.921315681658495	0.0374718884697421	0.00448022056035666	0.0138452760386456	0.00368625257518256	9.1462267902029e-05
9.36679234331183e-05	0.00447498272534453	0.0311131820656724	0.915948252497996	0.0191004436151038	9.36679233830727e-05	0.0163680293856243	0.0124345794551453	0.000373194408297202
8.99308204713737e-05	8.99308204187599e-05	0.0289854282625655	0.923204675335045	0.0230862130052555	0.0155774521585938	0.0087865079566713	8.99308204955268e-05	8.99308204838067e-05
0.00122689982268164	8.97327232786497e-05	0.0317275202888947	0.924086060411931	0.0213251030709654	0.0055954993921079	0.0123698913582963	0.00292717739119771	0.000652115540646969
0.00012562216997634	0.00525940868001299	0.0238505150099045	0.916652759227627	0.0326555006650041	0.000125622170087551	0.0127689101787798	0.00764692677453975	0.000914735124067662
0.000414429239369122	9.3311989023582e-05	0.0278760498655478	0.895509142988275	0.0437151188719776	0.00874210959155946	0.0120840449601422	0.0114724805050628	9.33119890422668e-05
8.89199024642231e-05	0.00978928249686865	0.0292730125997143	0.92197032242446	0.0210967551742188	8.89199024412831e-05	0.0131370490557933	0.00446681854157395	8.89199024653462e-05
0.00733625054450391	0.00580335772575456	0.0200654784916484	0.920921844457582	0.0295670176813308	8.99341893604253e-05	0.0136526939840025	8.99341893852595e-05	0.00247348873643213
9.29645855518657e-05	9.29645854228437e-05	0.0422928694712536	0.901959127249723	0.0231926278790641	9.29645855937856e-05	0.012112621153512	0.0200708959043213	9.29645855579506e-05
0.00319608241422836	8.93009331454774e-05	0.0200263115436	0.92584437105664	0.0240959813115546	0.0057693676550134	0.0152438150105107	0.00564546914212234	8.93009331851133e-05
0.00232518536818542	9.26144543396277e-05	0.0298293684305621	0.89291502379702	0.0555491454315943	0.0079949753333583	0.00871278020544819	0.00248829252515017	9.26144543422716e-05
8.8513218736173e-05	0.00878313191998982	0.0202417818583041	0.92963792725862	0.0211755333146259	8.85132186831058e-05	0.0136402575878801	0.00273254357166834	0.00361179805149205
0.00118124159539731	8.8951343053006e-05	0.0267657555669563	0.931394250203933	0.0181951612160491	8.89513430432906e-05	0.0119851707742901	0.00797309705018495	0.00232742090709321
9.24169332069184e-05	0.0037848900292128	0.0295566941513895	0.901265089538471	0.037251452600086	0.00291136219458169	0.0130442177580383	0.0120014598618089	9.24169332045207e-05
9.16800794965936e-05	9.16800795022074e-05	0.0351643920455046	0.927582798660334	0.0219474061859679	9.16800794834748e-05	0.0134701653440344	0.00146851744618074	9.16800794959867e-05
0.00661919078934125	9.09942060912272e-05	0.0275285713678775	0.900757539571469	0.0393026086434189	0.00895596834324239	0.0120445193564257	0.000162412335501254	0.00453819538663321
0.00266319810611247	8.80490288438997e-05	0.031091560238076	0.918397788564175	0.0194670204062651	0.0170476609027366	0.0109690999452571	0.000187573779615217	8.804902891813e-05
9.12198287386391e-05	0.00279672467447832	0.0221134488600163	0.924960885066492	0.0310622330861557	9.12198287070209e-05	0.0120343488655581	0.00675869996111237	9.1219828742033e-05
0.000749308121151191	0.00373639982246022	0.0228131700876288	0.917901388948146	0.0436259579167556	0.00719111594881335	0.00380278245777452	8.99383485441279e-05	8.9938348725991e-05
8.91109947040798e-05	8.91109946924014e-05	0.024982844109096	0.941718670828558	0.0136028314648121	0.00536301861294985	0.0106448507064051	8.91109946338534e-05	0.00342045129414918
0.000506295209655039	8.99427853430333e-05	0.0254489283974345	0.925718833237241	0.0194533736395982	0.0147312742764342	0.0138714668836036	8.99427853396993e-05	8.99427853505784e-05
8.90379371989608e-05	0.00272644567836604	0.0310911093954377	0.930197002892632	0.0156013259049858	0.00545051859088345	0.014666483726169	8.9037937125093e-05	8.90379372021958e-05
0.00954330186615961	0.00774461021482681	0.0330583282847861	0.922620046231208	0.0158370410580516	8.85446694594519e-05	0.0109310383365286	8.85446695000669e-05	8.85446694800195e-05
0.00287364105469344	0.00219724017037799	0.0474947196496279	0.885557599707547	0.02769901932811	0.00403613316973963	0.0175328551250647	0.0111425741055576	0.00146621768928173
0.0033777330476731	8.97365112370642e-05	0.0975089188903351	0.76004990001115	0.0327263868811991	8.97365112842002e-05	0.0426866376221885	0.045129989652523	0.0183409608724097
0.00412063155823608	0.00436822081856433	0.0251833215548464	0.919526715916329	0.0239213267818665	8.95443423548606e-05	0.0188357057393456	0.00386498894602539	8.95443424315589e-05
0.00251409842745811	0.0145755736817718	0.035396850629304	0.906246256899319	0.0288907197801802	9.04010389830963e-05	0.0121052974649877	9.04010390000594e-05	9.04010389961984e-05
9.29172516507038e-05	9.29172516384872e-05	0.0282595235844602	0.906613361079721	0.0401734616585547	0.00864241075979619	0.0159395739109336	9.29172515899684e-05	9.29172516550405e-05
0.000642662220246714	0.030211932320763	0.0293137767627232	0.898601899079675	0.0153447106356765	9.06711856196096e-05	0.0158900194169556	0.00761793631547176	0.00228639206286834
0.00253366395598783	9.22870179464048e-05	0.077415109184483	0.863238193237339	0.0235443176355728	9.22870179615508e-05	0.0147071772704384	0.0182846776623161	9.22870179543355e-05
9.47820013525567e-05	0.00452922120657624	0.035014856611207	0.921587935737104	0.0172698578432138	0.0103788919884668	0.0109348906093779	9.47820013467271e-05	9.47820013554351e-05
0.000341907931926754	0.00162166430691523	0.0390031624596505	0.904854510278011	0.0252271964845518	0.000576190994710828	0.0184877668461815	0.00610403879303099	0.00378356190502151
0.000400118964923298	0.00733375210363588	0.0289817755408585	0.935293216559312	0.0164566893196672	9.11115346068088e-05	0.00984082504110927	0.000501250891048419	0.00110126004483866
8.89669420839587e-05	8.89669420476322e-05	0.0285620186981497	0.926356188476526	0.024757655045084	0.00630097362136374	0.00934494329330613	0.00441132003935762	8.89669420815734e-05
9.02339413313327e-05	0.0176799249903307	0.0294489167147098	0.913512482489001	0.016863917332033	0.00184655083133216	0.0165539243667184	9.02339412542922e-05	0.00391381539328915
0.000121790635868504	0.0217551198697955	0.0343085835586203	0.90320548070617	0.0244726727489776	8.9920202369489e-05	0.0114036146431237	8.99202023961679e-05	0.00455289743267918
9.03829402565173e-05	9.03829401943696e-05	0.0248480049331883	0.927375692962814	0.0237363062392503	0.00472628630163624	0.0111376386983448	0.00310607839000521	0.00488922659431004
9.01405366921029e-05	0.00439512535158812	0.0273453649462773	0.933479631714583	0.0177211371485497	9.01405368072164e-05	0.0114151516208649	0.00537316760794444	9.01405366927162e-05
9.18822422476615e-05	9.18822422529852e-05	0.0523098549505269	0.885909994528369	0.0240990154481515	0.00511573704260698	0.014959949686297	0.0173298016172992	9.18822422491539e-05
9.24131032047156e-05	9.24131032448345e-05	0.0297461011969346	0.891210907297872	0.0338880303151972	0.00477420299610057	0.0156601904393581	0.0221221076715286	0.00241363387655972
0.000504437645332616	0.00226066730348945	0.0231499386230478	0.921394702734207	0.0353292545991999	0.00561669475432924	0.0101254974415165	0.000186146573530398	0.00143266032534683
8.92734385721595e-05	0.0151691420314394	0.0264325468133564	0.916940536851299	0.0220979056304091	8.92734385383126e-05	0.0126989525807683	0.00343726645906834	0.00304510275654871
0.00564730814606184	0.0213089406967655	0.0225505658719244	0.911012159961314	0.0182879969024969	0.00647697671010938	0.0145388703978335	8.85906568156339e-05	8.8590656678553e-05
9.24546205705951e-05	0.00114355897263253	0.0374303191589771	0.910215547224439	0.0359513678454048	0.00407295271121211	0.00793230037322887	0.00306904447296419	9.24546205705119e-05
0.00105963237692928	9.25633773962096e-05	0.0557668335813	0.897697088594768	0.0175845741531663	9.25633773650598e-05	0.0123870795730648	0.0152271015886315	9.25633773788378e-05
9.18847518060484e-05	0.0136761840082782	0.0265167543457012	0.895845168309517	0.0311485275774771	9.18847517210827e-05	0.0142446263982349	0.0070032987245517	0.0113816711327127
0.00146779990897701	9.12679715095115e-05	0.0402357463924093	0.901192424779998	0.0342174316362416	9.1267971492539e-05	0.0150586371717101	0.00755415619614759	9.12679715143756e-05
8.94660736480675e-05	0.0144333860794522	0.0189950014867779	0.92279993653625	0.0230013154308535	8.94660736349347e-05	0.0162932159930022	0.00420874625272991	8.94660736515039e-05
9.16039460719494e-05	9.16039460759684e-05	0.0273718170982221	0.927339745409536	0.0206370897546463	9.16039461080429e-05	0.016079706590981	0.00820522536228208	9.16039460763117e-05
9.05687222344964e-05	0.0113762314545102	0.030804837678438	0.888962228766355	0.0355204699767408	9.0568722206098e-05	0.0130416244796111	0.00690337674180063	0.0132100934581035
8.81549110993127e-05	0.0133397021088498	0.0304754976001177	0.893609141809296	0.0211173525772961	0.00636348845755161	0.0226300342176855	0.00874350032814035	0.00363312798996379
8.93666707455924e-05	0.00363818874422389	0.0294122581406219	0.935229541247744	0.023110475483231	8.93666707078605e-05	0.00644772326144101	0.00134894684848615	0.00063413293279886
9.00915517588968e-05	0.00944320801021542	0.0327428084413131	0.918854554150301	0.0202481534419232	9.0091551727693e-05	0.0134370403999791	9.00915517695913e-05	0.00500396090101216
0.00262767197521705	0.0197879386026969	0.0194047549364294	0.922488685291997	0.0167950405851334	8.90058462771007e-05	0.0169797681636682	0.00173812875233263	8.90058462484025e-05
0.00451527764957763	9.14314338913745e-05	0.0313276618209702	0.914688286451616	0.0296708935421096	9.14314338067441e-05	0.0123185513651635	0.00720503486900459	9.14314338602526e-05
0.00264214237454262	8.99964072727946e-05	0.0431389534208948	0.925285721491825	0.0166322984349247	8.99964071924229e-05	0.0098655727690713	8.99964072190637e-05	0.00216532228705717
0.00112858178973841	9.08902607624483e-05	0.0639869396943059	0.877989735267038	0.0373396771659258	9.08902607735052e-05	0.01185803432477	0.00742436097589782	9.08902607883368e-05
9.10131587909021e-05	9.10131588068635e-05	0.0262676615695949	0.922212484788941	0.0372258528345073	9.10131587701105e-05	0.0117564394260881	0.000912631446797019	0.00135189045770419
0.00149823018965028	0.000530876763407649	0.0213305999877292	0.918549185939982	0.0335734395498876	0.00558570366788427	0.0123058962912283	0.0053020982624851	0.00132396934774546
0.00803825149285995	9.36071732545126e-05	0.0344121447024021	0.896285154238263	0.0311320255818545	9.36071734737308e-05	0.0157792260022666	0.0140723764622961	9.36071733293122e-05
0.00140699449207411	0.0111998415409953	0.0244982566366148	0.926117325800251	0.0219133641781264	8.85846537628556e-05	0.0145984633906254	8.85846537771776e-05	8.85846537730884e-05
8.91009413193957e-05	8.91009412058747e-05	0.0321563988717958	0.914063646608291	0.0200514050260547	0.00214276534695802	0.00953737048183705	0.00884205067874223	0.0130281611037963
9.03543432760073e-05	9.0354343216534e-05	0.0249103457177758	0.933853591786286	0.0224716187605368	0.00589857260821167	0.0109341874521532	0.00166062064526459	9.03543432798762e-05
9.00218530569402e-05	9.00218530096245e-05	0.031539148216849	0.913565343562927	0.0308339244601498	9.00218530386036e-05	0.0110695066396204	0.0126319897082965	9.00218530517759e-05
0.000339613862412408	0.0124618402875683	0.0275324361972872	0.913604219660502	0.0311064333578413	8.81650575514254e-05	0.0124083004177022	8.81650575861011e-05	0.00237082610154861
0.000169083398781028	0.012213845626751	0.0288548024800917	0.907762715097867	0.0289309061185969	0.00210087315526218	0.0157811835041097	0.00290742470754019	0.00127916591100054
0.000127898146187296	0.00740022285034969	0.0230676304898535	0.915910627532986	0.0308074803984812	0.000829897440139777	0.0168426067670013	0.0025010891563137	0.00251254721868767
0.00172928413347144	0.0019104501948223	0.016551226239923	0.928433928616332	0.0269079578848169	0.0108241947171498	0.012138393021691	9.07136900645239e-05	0.00141385150172874
0.000526583274537723	0.0135905526897327	0.0271909352559397	0.912155011696693	0.0194242895759061	8.9643496679577e-05	0.0164552855076261	0.0104780550061975	8.96434966876628e-05
0.00831311473797018	0.00136553625344329	0.0373220689116524	0.859295869499055	0.0328286494460903	9.14042395190325e-05	0.0268516714187566	0.0299519667830598	0.00397971871045339
9.0312725281691e-05	0.0105986631405381	0.0208872074963606	0.930869178142053	0.0235998110172751	9.03127251951479e-05	0.0117218206397858	9.03127252064047e-05	0.00205238138830449
0.000771961226855145	0.00440426627377074	0.0311279336196423	0.921420508616294	0.0297859835160823	0.00245055177556108	0.00986047702681881	8.91589724600328e-05	8.91589725156273e-05
0.00135591946006612	9.3604291690884e-05	0.0457388409373678	0.897734494818501	0.0274601907464216	9.36042916590669e-05	0.0107269313463972	0.0167028098161936	9.36042917021682e-05
0.000678339889808834	9.29179881165376e-05	0.0322545481695294	0.907010743222717	0.0317817199355986	9.29179881165432e-05	0.0137975700853262	0.0139099036957197	0.000381339025067338
0.00021667526185112	9.42179910524428e-05	0.0298733961681802	0.902697298119716	0.0348627209451298	0.0105354417059696	0.0132988271743332	0.00454051445024461	0.00388090818352269
0.0130261306393938	0.0075396611101105	0.0329477375715808	0.896888186350193	0.0230724894869245	0.0145263385752103	0.0118187308152008	9.03627256971486e-05	9.03627256889277e-05
0.00789875753859311	9.03380423025481e-05	0.0256674289673913	0.913302298866873	0.0344146921282611	0.00966538412167691	0.00878042425021989	9.03380423356015e-05	9.03380423469994e-05
0.000141338318689374	9.3075000143786e-05	0.0466749153001791	0.911127449111745	0.0161894312576957	0.00876890410934767	0.0154615660655988	0.0014502458364303	9.30750001700766e-05
0.00167840296750252	8.86284414693058e-05	0.024411421488774	0.925262477515302	0.0280069669298483	0.0093773386523175	0.00771711365915439	8.86284415618254e-05	0.00336902190407057
9.23387060355109e-05	9.23387060177269e-05	0.0298890298617358	0.918581984465031	0.0238964478681931	0.0033136300949581	0.0121196551209409	0.0119222364710533	9.23387060341837e-05
9.05977293446464e-05	0.00786818116070818	0.0251242014977133	0.919095760236414	0.0312527680240931	9.05977294555421e-05	0.0162966981635507	9.0597729379713e-05	9.05977293405075e-05
8.94422218436603e-05	8.94422218199488e-05	0.0235488483192146	0.922996089910948	0.02525129785271	0.0143987007882808	0.0117350473532703	0.00180168911007505	8.94422218377057e-05
0.00453390792705178	0.00283102205068798	0.0366772300463606	0.916504850668747	0.0191586623658785	0.000130807705045796	0.01159986532325	0.00759365897876469	0.000969994934213736
0.00116489849151978	0.0049055846482808	0.0234441425192137	0.913126424762643	0.0360105267988868	0.00995788433379381	0.0111357163137624	0.000127411065946761	0.000127411065952916
0.00044434598807519	0.0114614223145047	0.0223408827336903	0.930918513209396	0.0192052277837832	8.90579564867031e-05	0.0139626143475645	8.90579563872692e-05	0.00148887771011215
9.02213141513667e-05	0.00504134961326066	0.0189248779861385	0.925709870971311	0.0281402313591981	0.00416873527198311	0.0177442708556428	9.02213141695805e-05	9.02213141452886e-05
0.00419932546554327	0.00693917219638966	0.026314930806484	0.922829987307292	0.0260913771957104	9.05818379438233e-05	0.0133534615148243	9.05818378534215e-05	9.0581837959007e-05
0.000918385477162335	0.000130748892378073	0.0282949521228774	0.928892143608418	0.0250160500623689	0.00388657242081856	0.0105277779705524	0.00131009864020284	0.00102327080522095
0.0070977869908758	0.00579357616580429	0.0258728131658153	0.912869034189949	0.0306984069723614	0.00631221837349576	0.0111746233527538	9.07703944571924e-05	9.07703944874028e-05
8.97000553426807e-05	0.00601330184904079	0.021819990547991	0.920305200339216	0.0250988259847522	0.00988704202499888	0.0144324114818863	8.9700055223159e-05	0.00226382766154888
9.33798705836519e-05	9.3379870489446e-05	0.028949840802989	0.927377669522111	0.0238237470543626	9.33798705508156e-05	0.0132981251857353	0.00617709795261761	9.33798705607173e-05
8.95278038524231e-05	0.0028975851265451	0.0249088854829974	0.921227144884385	0.023989388451722	0.00491444428138437	0.0158632856663788	0.0051847205378869	0.000925017764848327
9.22059034469302e-05	0.00200274690632014	0.0532050040737226	0.905137287011847	0.0178926049838591	9.2205903485601e-05	0.0140539196661797	0.00743181964769692	9.22059034416448e-05
0.00207291884418072	8.96119478317449e-05	0.0255187598866861	0.927618146495562	0.025316738950774	0.00914018301312225	0.0100644169662081	8.96119477900982e-05	8.961194784521e-05
0.00119916256651981	9.20081568906898e-05	0.0253578919763449	0.915300167686819	0.0302329211808674	0.00105014554251194	0.0155338463513085	0.00665404459218576	0.00457981194655219
0.00106162351978975	0.000519014625740538	0.0328026723653562	0.913237559030433	0.0317748206674325	0.00554282397844641	0.0147951728958659	0.000133156458331156	0.000133156458604506
9.00307155339128e-05	0.0119639228588316	0.0224545755954418	0.923963349571378	0.0263854240572833	9.00307155787502e-05	0.010976275134579	0.00345991210033762	0.00061647925103567
0.00416037117451705	0.00215520852496458	0.0290628109203294	0.906734527448058	0.0196091776437596	0.0094264059822144	0.0160876063514572	0.0126750942668252	8.87976878747732e-05
8.91179195095293e-05	0.015060937809463	0.0226824248230303	0.926624929342218	0.0174771115106793	0.0052740745418888	0.0119221331274855	0.000780153006219604	8.91179195058927e-05
0.00157536777426952	9.09314652751921e-05	0.0359323908692302	0.910285736623548	0.0237933435773459	0.000314441413314636	0.0153274221210951	0.0103816242052399	0.00229874195068177
0.000589613899514012	9.17666941292693e-05	0.0325010340310276	0.907575327101185	0.0414380342060105	0.00496588665093923	0.0106244258768059	9.17666942073601e-05	0.00212214484618159
8.86917457180227e-05	8.86917457069378e-05	0.0207979571986036	0.923295740291713	0.0228627541627354	0.0184485711333152	0.0128114313045612	8.86917457296636e-05	0.00151747067191753
8.86343018460576e-05	8.8634301857374e-05	0.021409157763523	0.924182716941668	0.0171863112321775	0.0147490414799	0.0150017829036064	0.00283843423982956	0.00445528683559176
0.000386350714375041	0.00820507761194626	0.024068733858267	0.931499169816042	0.0206791847284447	8.99173660548142e-05	0.0114397623090757	8.99173660721725e-05	0.00354188622972283
0.00156866941642302	0.00339780408022724	0.0278041999003666	0.92321626240015	0.023001504486522	0.0018117622892179	0.0159138579772371	0.00319706191987594	8.88775299798568e-05
9.19913072423608e-05	9.19913072022624e-05	0.0324755054059533	0.916149445885952	0.0183861740146262	0.0173329554958444	0.013748218940373	9.199130715414e-05	0.00163172633565186
0.00480944917575497	0.000125034594446979	0.0250718288814331	0.909367943189412	0.0345590601372383	0.00567087077539153	0.00806954807686941	0.00794486460754062	0.00438140056191257
0.000852310354107753	9.00292970257827e-05	0.0214541150784353	0.919862406871537	0.0361206495650151	0.00959788030287801	0.0118425499370627	9.00292969261974e-05	9.00292970124179e-05
8.9528723396773e-05	0.00318457941382726	0.0187329398430623	0.91301750401091	0.0454472571293818	8.95287232687055e-05	0.0122730661570277	0.00707606727573056	8.95287233953259e-05
9.13434877500469e-05	0.00270310099888499	0.0662576680032617	0.88173697952976	0.0218498102147576	9.13434878554609e-05	0.0158826193093512	0.0112957914806283	9.13434877509365e-05
8.86844959956819e-05	0.00125081054525909	0.0232363497199743	0.918579857715535	0.0297072702086945	0.000390205185021184	0.014257563404765	0.00778524939919011	0.00470400932556461
9.07373131184158e-05	0.000277987732658233	0.026613059584195	0.91772023117982	0.0284743193471321	0.00275014386353593	0.012965333554765	0.00868136550474364	0.00242682192003154
9.08686324639918e-05	9.0868632449705e-05	0.0353087778625264	0.922421326954649	0.0213610013853146	0.00624199080129601	0.010805327536657	0.00358896956217898	9.08686324642127e-05
9.15952478512463e-05	0.00879795915554983	0.0344763926016207	0.918984578470802	0.0235852646490117	9.15952478256339e-05	0.0137894241316499	9.15952478468951e-05	9.15952478424507e-05
0.00100196141707232	9.08370462029253e-05	0.0318019475631772	0.926436913730588	0.0273981618323747	9.08370461950323e-05	0.0102698758054731	0.00281862851269973	9.08370462168551e-05
0.0119645450015399	8.93525474466986e-05	0.0279931545446822	0.920430423073509	0.0215381211826382	0.0104120128300466	0.00518445820018391	8.93525475916005e-05	0.00229858007236199
9.27757836545934e-05	9.27757835973091e-05	0.0318703647440031	0.920544450111012	0.0333239875552855	9.27757835834574e-05	0.0123184017665569	0.00157169268864775	9.2775783658928e-05
0.00383376233032399	0.00576817246473937	0.0295341931364955	0.918756609983093	0.0281569636370125	8.97300757928374e-05	0.00778144281810786	0.00598939547862419	8.97300758106081e-05
0.000132168284982416	0.00469417745902205	0.0860895887853048	0.847078180188631	0.01481323803775	0.000132168284955029	0.0160599333550216	0.0265089283502327	0.00449161725409991
9.17042023356052e-05	9.17042023679176e-05	0.0355535616067407	0.90927785499318	0.0253389100310947	0.00889488051632415	0.0192921307786927	0.00136754946692875	9.1704202335245e-05
6.2421046776568e-05	0.00375745122991745	0.0338034211508641	0.922513620526069	0.0311682888865303	6.24210467721404e-05	0.00850753401951788	6.24210467758683e-05	6.24210467765667e-05
0.00260216039830637	0.00499535505525991	0.0291290904726843	0.916928733909905	0.0248404402192376	9.24662677692222e-05	0.0149418382726128	0.0037323193799898	0.00273759602423472
9.1809728719479e-05	9.18097287012833e-05	0.0309100234168851	0.898112061821064	0.04065233479788	9.18097286373885e-05	0.0132131356731626	0.00854894747764785	0.00828806762730217
0.000289488818558792	0.00388610302035173	0.0269242449055355	0.899533660205552	0.0317939397434124	0.00176770062944677	0.0164827747376333	0.014952361492917	0.00436972644659257
9.14023722470928e-05	9.14023722270946e-05	0.0321410760210599	0.917270887933345	0.0268575451524649	0.00981982057851205	0.011766705017094	0.00186975818080368	9.14023722466588e-05
9.35184821470976e-05	9.35184821331866e-05	0.0391451531133356	0.902504457356441	0.0288870156009092	0.00284562269337394	0.0128548769706173	0.0134823188188938	9.35184821495325e-05
0.000435348512514267	0.00737861828839946	0.0253098166972541	0.915066877449389	0.0314561183979263	0.00554315050131018	0.00963701107837047	8.93922700641436e-05	0.00508366680477198
0.00274317984060126	9.30808181830268e-05	0.0354661421564571	0.918044392821035	0.0351635775488658	9.30808181736953e-05	0.00698066360811408	0.00132280157034228	9.30808182278826e-05
9.19309766571237e-05	0.00669471756434218	0.0257087330115563	0.911515472038916	0.0378449607899123	0.00258792194891373	0.0112075769305718	9.19309765818818e-05	0.00425675576254835
0.00193784625797607	0.00356808592891328	0.0321871015624303	0.932005523100846	0.0173040551942669	9.02937148363194e-05	0.0127265068110194	9.02937147666926e-05	9.02937149454889e-05
8.80319112156927e-05	0.00669615647559836	0.0189616923892926	0.923605312590676	0.0304582522312788	0.00466010572215915	0.0132723017100823	0.00217011505847598	8.80319112207648e-05
0.000131970940039777	0.00222417897533335	0.0323244984081659	0.918370514717094	0.0268811288512941	9.27615256085592e-05	0.0122514280852242	0.00730545944197155	0.000418059055268043
9.11127483307442e-05	0.00185825407211098	0.0384994732352648	0.907533715431022	0.0202867196507209	9.11127483181446e-05	0.0170269092254498	0.00746749387575961	0.00714520901302278
8.99769014185109e-05	0.00490430637619053	0.0224789167598464	0.929066353503997	0.0206144785353923	0.000607265790612816	0.0160104626916751	0.00341950758497282	0.00280873185589422
0.000770032696871	0.000497354665033627	0.025600612051553	0.901152200284546	0.0491383388628101	9.2681748626248e-05	0.00910644353818319	0.0106912649637322	0.00295107118864456
9.14564937302816e-05	9.14564937149683e-05	0.088450916154022	0.84924227285977	0.02768572340835	9.14564936641122e-05	0.0197589566395341	0.0144963049634853	9.14564937297734e-05
9.07935306241909e-05	9.07935307508454e-05	0.0260995711318698	0.920817947946249	0.0341377407394136	0.00248031943303666	0.010340430684348	0.00585160947307838	9.07935306293945e-05
0.000273890234105875	0.00670248758227852	0.0232096996013585	0.927879285754325	0.0331216691679831	8.80383375553605e-05	0.00854885264740538	8.80383374692127e-05	8.80383375185551e-05
0.00500819465401212	0.0125996890672345	0.0284425765605233	0.915407095665493	0.0172587373323336	0.000127957509911509	0.0148415596640923	0.00379760052838056	0.00251658901801931
9.09624809083198e-05	0.000975528806356942	0.0310743714608781	0.917369704326193	0.0240111743451802	0.0111024206736193	0.0119617987628215	0.00332307666314091	9.0962480901764e-05
0.000126579287680091	0.00596950210862294	0.0309738304868537	0.925042940394252	0.020748187205704	8.97052803512183e-05	0.0126934803131648	0.00426606964310175	8.97052802690885e-05
8.86406410021638e-05	0.00833482271153649	0.0246880197059397	0.937490675967542	0.010473270465163	8.86406409880572e-05	0.0111056774958167	0.00707744741426839	0.000652804957743631
8.98442173833667e-05	8.98442173313398e-05	0.0396008956254018	0.916486454178537	0.0242118144049799	0.00196152562333641	0.0122585095823983	0.00521126793324748	8.98442173844198e-05
9.34561333070356e-05	9.34561332800156e-05	0.0307724025788326	0.906762694908368	0.0364878933618553	0.0115965744516492	0.0134396957411111	0.000660370558291058	9.34561333061044e-05
9.08947001949186e-05	0.0170848504052356	0.0238343582594362	0.901956795141584	0.0281036727978455	9.08947002195e-05	0.0258978434746895	9.0894700209694e-05	0.00284979582058468
0.00794040576077628	0.00433888144842265	0.0259066177941788	0.921952387693133	0.0251102448449763	0.00105648388880056	0.0112783068385628	0.000845669752972898	0.00157100197817689
8.96864789677958e-05	0.0039180010434925	0.0229978721935392	0.918667767802805	0.023596951613242	0.00535628366720122	0.0172501326119682	0.00803361810983405	8.96864789496853e-05
0.00382671609858306	9.07748452441855e-05	0.0216316529993454	0.925330580785605	0.0260641944729639	0.0125409447255592	0.0103335863820431	9.07748453629643e-05	9.077484529362e-05
9.48142309861886e-05	9.48142310177702e-05	0.0394594469335766	0.909316583059758	0.0320336939866371	9.4814231033323e-05	0.0130180642705613	0.00578349333714948	0.000104275719280623
8.95009012513094e-05	0.00616802120973313	0.0272708866472909	0.927896221955884	0.0136816532467011	8.95009014556162e-05	0.0140634615099398	0.0106512527264863	8.95009012580916e-05
0.000132151521197503	0.000132151521181143	0.035960723474478	0.912038171254107	0.0191363498803064	0.00743717551322804	0.0106248401191184	0.0128167243258988	0.00172171239048457
0.00122174914074829	0.00424880024006296	0.0275029113985966	0.925931547783982	0.0167785905225636	0.00884840991674404	0.0133963317010027	8.95499508454641e-05	0.00198210934545411
9.18889843436803e-05	0.00734723498530602	0.0343386872898633	0.911160279669536	0.0259891135661803	0.00219957869868864	0.0125374753173378	0.00624385250439767	9.18889843463714e-05
0.000130947556774961	0.000130947556835527	0.0313195361120046	0.911093235174421	0.0332884396908515	0.00536657909542688	0.00913012530121355	0.00842215398992657	0.00111803552254551
0.000456993247567741	0.0118037031240557	0.0228526288528181	0.923335234388972	0.0241262720810457	8.90773873778537e-05	0.0166045479709707	8.90773874553094e-05	0.000642465559737521
0.00487678504929159	8.95447627451537e-05	0.0527969097216909	0.861552468412258	0.0239685931230302	8.9544762727522e-05	0.0183819631527392	0.0312130318730383	0.00703115914247923
0.000546595747884427	0.0048772043503197	0.0309237902198972	0.930225762006074	0.0186197496050647	8.91685491662734e-05	0.010772331993461	0.00263104694451643	0.00131435058361632
0.00412770100622636	0.00153102142798142	0.0278130496507413	0.919404918480778	0.0221575137263474	9.02763025195878e-05	0.0127018813369243	0.00736502320801891	0.00480861486046231
0.000307529651689837	0.0160615630889232	0.0250697734562178	0.927906516962423	0.0181831922614399	8.99619459456366e-05	0.0122015387415705	8.99619457884703e-05	8.99619460016176e-05
9.17079894678838e-05	0.00315131242228337	0.0361025048563836	0.916450712818684	0.0283061547444193	0.00119593235000397	0.0114341063964916	0.00035080822196242	0.00291676020030427
0.0023837057741812	0.00661623333714826	0.0344741792376098	0.909872355889199	0.0313041628263028	0.00344517106206155	0.0117216421389921	9.12748672445446e-05	9.12748672607848e-05
9.35398431369735e-05	0.00664978296512292	0.0278418543122779	0.928725715264388	0.0228966741355157	0.000438289969215636	0.0117638149200887	9.35398430164905e-05	0.00149678874723828
9.31534734290036e-05	9.31534733526048e-05	0.0370580378215223	0.91432120738526	0.0222790788004977	0.00520915904491048	0.0130380956989261	0.00580066451838665	0.00210744978371561
0.000291788915841924	0.0041859309577103	0.0247240966001468	0.929381487884378	0.0200447905184903	0.00970264555194411	0.00951606256299517	0.00206481403191162	8.83829765821041e-05
0.000492465690027023	0.00154746366829385	0.038187751067973	0.903242227423021	0.029636792082787	0.00890441115307433	0.011490577885466	0.00640509215086497	9.3218878492808e-05
8.90234758156502e-05	8.90234758272465e-05	0.0286360353023847	0.924998226743155	0.0246593918842976	8.90234757672047e-05	0.00952242244914986	0.0118278297177825	8.90234758199818e-05
0.000314148260622452	9.06141976056574e-05	0.0254190141119188	0.912648172361123	0.0335950628448564	9.06141974968393e-05	0.0122939210370429	0.0047924509780602	0.0107560020112736
0.00133174166337936	9.14082434630367e-05	0.0387730472449127	0.901270991728155	0.0345012831972636	0.00317546065581922	0.0118163400517327	0.00466110360079776	0.00437862361447686
0.00094529866559272	9.08929292910016e-05	0.0295144467499169	0.934796993250963	0.0115618712186299	0.00788436212809132	0.00965362625026764	9.08929293378007e-05	0.00546161587791012
9.12541084518238e-05	9.12541085191641e-05	0.0426957721607097	0.878158938508821	0.0456556850456097	0.00318978274322439	0.0115432183514099	0.0117345810780794	0.00683951389517444
9.36394930451789e-05	9.3639493022867e-05	0.0464291791256476	0.893417329524933	0.0287501262892118	9.3639493031555e-05	0.0134315985701692	0.0175972085178927	9.36394930458177e-05
0.00578106667324828	8.80439412665449e-05	0.0209122137711944	0.920075859334138	0.0327014987971644	0.00931059864958715	0.0109546309507782	8.80439413093679e-05	8.80439413138781e-05
0.000399980521423848	9.17504328407654e-05	0.0230753009584187	0.918863020777436	0.0400504013899509	0.00688044474835954	0.0073734325477722	0.00317391819094229	9.17504328561783e-05
0.00110893075557176	9.09938193450032e-05	0.0360385616468333	0.913471665969953	0.0257253944507879	0.00446247427465266	0.0147340062763141	0.00427697898710553	9.0993819436979e-05
0.000919814371393775	9.02297888987286e-05	0.0232067353463672	0.923632411699098	0.0322205617255628	0.00323265431216405	0.00997184850310257	0.00663551446444975	9.02297889631308e-05
8.98436929287174e-05	0.00271023258807038	0.0222586047329717	0.921832416525184	0.0301327004944359	8.98436928039497e-05	0.0149506297121741	0.000602352340396342	0.00733337622103537
9.16227020204574e-05	9.16227019769056e-05	0.028810724906681	0.909093704685888	0.0442131364868795	0.000113140855182116	0.0115558944868661	0.00593853047248114	9.16227020245564e-05
9.0250143920155e-05	0.00225067405534948	0.0316396182760965	0.927880421637001	0.0237302529722102	9.02501438740291e-05	0.00990116822474112	0.00432711440289005	9.02501439178483e-05
0.00196822072050087	8.92488702024739e-05	0.0225019099072616	0.919955948085777	0.0203917669571524	0.0138364382632555	0.0110715055403162	0.00514454575185377	0.00504041590368038
0.00157746710758623	0.00474778796246583	0.0354744677031821	0.915054855552629	0.023109470318758	0.00274159772003738	0.0127770650407166	0.00272264447255994	0.00179464412206475
9.07921652741927e-05	0.00182059094123895	0.0280896096800018	0.919256363451232	0.0289893615764913	0.00474573540934847	0.0130330175480605	9.07921652799808e-05	0.00388373706307281
9.25484764213547e-05	9.25484765399741e-05	0.0436972331237642	0.902981426115136	0.0229803802685031	9.25484763659661e-05	0.0152480726434792	0.0147226939433698	9.25484764200355e-05
0.0018925351745322	9.44229751116277e-05	0.0293287477529237	0.914747018168201	0.0231910499770442	9.44229750974977e-05	0.0203928694115418	0.00619329714704123	0.00406563641850698
0.00101145316283663	0.00284921949607955	0.0307968343252349	0.931640612753054	0.0133755530615007	0.00332953585852845	0.00744077613774892	0.00458387072503871	0.00497214447997789
0.00162652183438517	0.00153180877280594	0.0337548459334487	0.916805794092451	0.032850537413439	8.90728920714974e-05	0.0105713725387573	8.9072892039754e-05	0.00268097363060206
8.83596093899413e-05	0.00220051393030596	0.0258870556436575	0.935134247682573	0.0170514793790778	0.00564995465403734	0.0112445621779033	0.00265546731365618	8.83596093989822e-05
9.10660796869852e-05	0.0132242817515572	0.0266606779558962	0.917774491626024	0.020892357036393	9.10660797685876e-05	0.0172958510046855	0.0038791423863016	9.10660796867594e-05
9.03931887853472e-05	0.00509561937471228	0.0329467245952163	0.919998497583481	0.0239523315766836	9.03931887772089e-05	0.0117879269914823	0.00594772031208763	9.03931887740296e-05
9.35110346338642e-05	9.35110345577048e-05	0.0380297898797786	0.908836814837637	0.0262400828260868	0.00254187036789841	0.0113957712957163	0.0126751376890555	9.35110346358513e-05
0.000670621366946772	9.07681806094297e-05	0.0309233600977704	0.923706023326261	0.0250027203717035	9.07681806880613e-05	0.0120267353706186	0.00652362647915393	0.000965376626248734
8.84146082699595e-05	0.00382406418055812	0.0254737465523506	0.911174653303054	0.0252932721330228	0.00214939367351103	0.0155286881340394	0.0163793528069199	8.8414608273896e-05
9.27190067235884e-05	9.27190066432927e-05	0.0332406783635504	0.902870531951444	0.0371302465795725	9.27190067272128e-05	0.0130789717879225	0.0117870534212123	0.00161436087620459
9.0577939023942e-05	0.0019043622478229	0.0254583422466257	0.923570729452693	0.0221860125220768	0.00110601323985955	0.00789782297292491	0.00411412700134185	0.013672012377631
0.00172460990615632	9.54597270040465e-05	0.0305784745046431	0.906085404797112	0.0271887823839889	0.00348302179083686	0.0107657716413767	0.0199830155218631	9.54597270185702e-05
9.05432235436874e-05	0.00917468812756598	0.0256866139110514	0.92008837500699	0.0211782416070871	0.000745153526911957	0.0124103836348556	0.00896461872488995	0.001661382237105
0.00200497859880195	8.99978566670666e-05	0.0193637681494557	0.934078302936632	0.0217417872311891	0.00671345869509983	0.0102008504103481	8.99978567576783e-05	0.00571685826504833
0.00441362174565042	9.13528202899953e-05	0.0438890972156184	0.903304566517514	0.0183275473446935	0.000783856733959875	0.0115728878371262	0.0160340229372033	0.00158304684794494
9.07756220470691e-05	0.0088660343774849	0.0221377624699525	0.914927246498498	0.0322449117404465	0.00180227397768502	0.0130639582385176	9.07756220627812e-05	0.00677626145330578
0.00151511664733881	0.00812558851295621	0.0206845503671751	0.923373994463728	0.0246511536188147	0.00260462265335158	0.0130224947606747	0.00275880014364824	0.00326367883231271
8.97041144965241e-05	8.97041144891102e-05	0.032732994972273	0.910152564417727	0.0287212676932664	0.00618650828885113	0.0119433838960198	8.97041144893967e-05	0.00999416838838821
0.00953672954129881	0.00789231214541733	0.0338821121434959	0.91113063354357	0.0235089250202583	0.00125116357605867	0.00812761717428432	0.00357311589130009	0.00109739096431653
8.86652382931115e-05	0.0132926747526741	0.0167197884641535	0.926330749950005	0.0259595760258615	8.86652382790062e-05	0.0136821249804808	8.86652383413997e-05	0.00374909011191178
0.000180765083317806	8.98332440636971e-05	0.0287731267953225	0.931514507034917	0.0184865320298033	0.00491966110336091	0.010670983587455	0.00429764995936834	0.00106694116239185
0.00105007155936508	9.21368752496721e-05	0.0289017810301033	0.922734639335179	0.0274098190531788	0.00925479178762576	0.0103724866084768	9.21368754401735e-05	9.21368753812152e-05
0.00125376823123262	0.0132346477798205	0.0241177423780409	0.913001106982814	0.0234774523863844	0.00501728991613691	0.0149551952139646	0.00435167181311263	0.000591125298493472
