Bcells	CentralVeinEndothelialcells	Cholangiocytes	Hepatocytes	Kupffercells	LSECs	Mesothelialcells	PortalVeinEndothelialcells	Tcells
0.00012829161808459	0.00353782063606558	0.00218353941540179	0.954757852293299	0.0233872717209445	0.00717910585575638	0.00856954789726666	0.000128285281578534	0.000128285281603437
0.00243240568479077	0.0020420364234526	0.019088106636112	0.928207089192933	0.0228657902329065	0.000133367071218093	0.0144665468298561	0.0106312908575999	0.000133367071131328
0.00142477932006006	9.200598265906e-05	0.00157381383421849	0.959664525400254	0.0133456221687134	0.0105714453348744	0.00699996299671534	9.20059826136138e-05	0.00623583897989191
0.00263084948176687	0.00479413454734605	0.00949676293378919	0.95940056924441	0.0177973213379198	0.00347853183626638	0.00214056115379454	0.000130634732299364	0.000130634732407848
0.00257634813196835	0.0158794769072491	8.87765960891687e-05	0.964054023543702	0.00351638852582278	8.87765959750347e-05	0.0117403311087862	0.00196710199427771	8.87765961299982e-05
0.00186935209959168	0.000127393722657417	0.000787879683727363	0.950778976571491	0.0180018028757527	0.0113526763195697	0.00811900368048169	0.00407999350915476	0.00488292153757349
0.00413019463810419	0.000425562003378807	0.00185421160548957	0.942778526054025	0.0291534712289971	0.0109139157638573	0.00445477045947118	0.000895056430135569	0.00539429181654147
0.0147499553118603	0.000128508344315987	0.0842980261486626	0.819015725707052	0.0188868994898078	0.000128508344313276	0.0395345573897135	0.022447397649826	0.000810421614448339
0.00171374963307493	0.00121888863614207	0.018605895520135	0.935892802021078	0.0189788593591453	0.000132154457874156	0.0146229758840951	0.00747961845366787	0.00135505603478723
0.0041799144648184	0.000480542208394144	0.00323775361556364	0.972186734493541	0.0113354937138981	0.00348368848348832	8.99844200709348e-05	0.00491590418012975	8.99844200953149e-05
8.98895320621959e-05	0.00713557578836994	8.9889532058835e-05	0.963820683208382	0.0188619192312998	0.00097740840907086	0.00622325691101308	8.98895322094307e-05	0.00271148785553365
0.00164827747002065	9.17320722106858e-05	0.0664490681138203	0.90247814518904	0.00772635080235568	9.17320722220889e-05	0.0119335941251228	0.00948936808296547	9.17320722419014e-05
9.22003815192393e-05	0.000129575368647356	0.0063460441353321	0.953074683586303	0.0245325133613534	0.00498247400621644	0.00452497296297392	0.00622533581611863	9.2200381535887e-05
0.000807356124706949	8.97572865757751e-05	0.00253741941486315	0.965444573305524	0.0113369907676534	0.0100471044636396	0.00492536465514369	8.97572865838632e-05	0.0047216766953092
0.00521660013059974	0.00322207659983421	0.00198649385737375	0.964168120819469	0.0094419079567442	0.0076680511420146	0.00132662927915916	0.000128688375395709	0.00684143183940969
0.0064199593998897	0.0001342043654174	0.00678022230114158	0.958098675968848	0.0128940445146785	0.00491531136063028	0.0038459075669664	0.00540955875023167	0.00150211577219688
8.89908674841993e-05	8.89908674022997e-05	8.89908674640776e-05	0.968912055365772	0.0178806548964563	0.00934165915782597	0.00342067624262251	8.89908674670791e-05	8.89908675057168e-05
9.16795051170978e-05	0.00665675388669383	9.16795051601111e-05	0.965649808049509	0.0150266266335213	0.00274893325330335	0.00550107118122933	0.0027155727457596	0.00151787523970653
8.74929598967762e-05	0.017741586157588	8.74929599110212e-05	0.969989077149422	0.00673043367832065	8.74929600584802e-05	0.00287203655477863	8.74929598439582e-05	0.00231689462018074
0.00162455707400273	0.0143816262442458	0.00108425184157244	0.961413121811829	0.00769008024836084	0.00123025024163448	0.00514832666496161	0.00128051006460224	0.00614727580879124
0.000860248290967978	0.00690289599431029	8.85471291386181e-05	0.97507898478973	0.00996295101982814	8.85471293201984e-05	8.85471291699841e-05	0.00166230310940774	0.0052669754081276
9.15057738388615e-05	0.00105654538078355	0.00325697989140594	0.957016955851478	0.0264901723753951	0.00476519622261949	0.00435250160853188	0.00255550750763265	0.00041463538831483
0.000135452077161335	0.00307477126415897	0.00776262830937984	0.959983470641073	0.00953598352634933	0.000135454399501624	0.00734400451675387	0.0111447941516852	0.000883441113936846
8.89777729286119e-05	9.40694914291869e-05	8.8977772850191e-05	0.97143072059395	0.012806443220784	0.0152238778296049	8.8977772817354e-05	8.89777727883137e-05	8.8977772847167e-05
0.00121809249542031	0.00012750417206725	0.00229197415310687	0.968357720260458	0.011705061952986	0.006749139719239	0.00397982031505366	0.00251170202818991	0.00305898490347871
0.000125848628170862	0.00753204703776911	0.000125848628098122	0.962115960611783	0.0202874613565572	0.00129359624368543	0.0066934544435708	0.000687565219850574	0.00113821783051442
0.00102762704555162	0.00013224427244341	0.000902639063779535	0.943228017713888	0.032121334980219	0.0102826987296275	0.00330560230242657	0.00882899408878712	0.00017084180327735
0.000666232395009437	0.00699374124024746	0.00109643648257757	0.962553916289377	0.0126784207229674	0.00179215479600502	0.00992340923514576	0.00420611636499659	8.95724736738954e-05
0.00709120486264464	0.00689388697635699	0.00168629795438749	0.954336631979605	0.0199222159921539	9.04423861335663e-05	0.00711701103637546	9.04423861724468e-05	0.00277186642617063
9.26538693025984e-05	9.26538693598326e-05	0.0137401025349678	0.948938043713668	0.0140224897132675	0.00662108651193133	0.00561784467299525	0.0107824712452444	9.26538692631567e-05
0.00314099872953087	8.97833398203495e-05	8.97833398390273e-05	0.966012676760808	0.0130681747515978	0.00863246016496722	0.00878655623365572	8.97833398292892e-05	8.9783339951332e-05
0.00496600347942597	0.000133921653580938	0.000133921653598745	0.937674808182937	0.0424125834996431	0.00797459593026583	0.0034156961202934	0.00315454782669967	0.000133921653555306
0.000512751194723216	0.00783722659653661	0.000126119563907252	0.963774888694148	0.0112480205851902	0.000126658080896005	0.00882635631137685	0.00375121778027044	0.00379676119295167
0.0010788471290365	0.00356083935375846	0.00134234391580474	0.967062765502276	0.0124329721405402	0.000127798300206483	0.00648762754116392	0.00581292201293244	0.00209388410428131
0.000130729545917932	0.00970978627939203	0.0013130284534823	0.944662410315985	0.0263893023606197	0.00120436591887618	0.00799107679593898	0.00846857078372736	0.000130729546060318
9.18764130002174e-05	9.18764129947353e-05	0.00592378998384503	0.972123446603878	0.0127423237630165	9.18764130000795e-05	0.00581273775804305	0.00303019623922465	9.18764129981211e-05
0.00667398958496979	9.15007855149705e-05	9.15007855312063e-05	0.945008591417436	0.028458826082491	0.0101173680231224	0.00537559073592817	9.15007852864098e-05	0.00409113179972014
0.00354274201539971	8.84511154740317e-05	0.00143809845010866	0.959696813703312	0.0119177128922286	0.0175252010714969	0.00561407852124448	8.84511152972673e-05	8.84511154387644e-05
0.00185531007311315	0.00093204480054182	9.0284692886971e-05	0.96371090330157	0.0182953435167869	0.00333149683958077	0.005199992531775	0.00649433955086438	9.02846928805884e-05
0.0010818753781838	0.00151917150803818	0.0017475634990753	0.954439781823944	0.0304137036453319	0.00929172961141267	0.0012510280803324	0.000127573226806464	0.000127573226875308
8.74575806798223e-05	8.74575806048776e-05	8.74575807161747e-05	0.984126824830389	0.00307040736846772	0.00326139982985009	0.00479332117502022	8.74575806313985e-05	0.00439821647364057
0.000602557663560363	8.91227816664184e-05	0.00200368728046422	0.965046609326307	0.0109352705280008	0.0142565975025288	0.00688790935440121	8.91227814528096e-05	8.91227816178326e-05
0.000436545095275633	0.00114009141311917	8.87134322204402e-05	0.975625058991581	0.00855068113868263	0.00689198812014648	0.0070894949444872	8.87134323240405e-05	8.87134321636199e-05
0.00823235275487309	0.00823663042534777	0.00541456824137606	0.967220515701696	0.00842567439601809	0.000149347574113102	0.00051393691317947	0.00171889994710463	8.80740462922965e-05
0.00521294672530382	0.00253108171010361	0.0239039801283439	0.920612325561061	0.0165672971300267	0.00509239253216297	0.0166335440409504	0.00820033196518765	0.00124610020685968
0.0118997738401811	9.03593149248716e-05	0.0915765062837311	0.779423085414987	0.021472497332196	9.03593149182036e-05	0.0438969896073863	0.0434437871273679	0.00810664176430725
0.00418833616006327	0.00533672180388321	9.01259204938877e-05	0.955736916933039	0.0147595029106456	9.01259205193937e-05	0.0127572560535919	0.00695088837727402	9.01259204896393e-05
0.00349013671830772	0.0106790653499645	0.00518905352121215	0.947841221098922	0.0202229569427031	0.00530408446065062	0.00709116528370891	9.11583122917734e-05	9.11583122386712e-05
9.24742294987936e-05	9.2474229517191e-05	0.00214611314326428	0.951045337869793	0.0290159998000246	0.00994161169116961	0.00748104057771351	9.24742294855949e-05	9.2474229533888e-05
0.000932476010269215	0.0306259575156853	0.00227039911747085	0.942530760752332	0.00834875959182714	9.04646409677189e-05	0.0116971929675782	0.00169947073127506	0.00180451867259432
0.0029454291614682	9.24545216351761e-05	0.0446811786071551	0.914573727569729	0.0140611050977192	9.24545215150468e-05	0.00866844870849635	0.0147927472908245	9.245452145744e-05
9.42447253363004e-05	0.00405649026879174	0.00171276654202928	0.96880774062276	0.0100651379762018	0.0106460327860692	0.00442909762808729	9.42447253839606e-05	9.42447253404736e-05
0.00140415126202698	0.0029748869439886	0.00479651446129284	0.957303629745988	0.0146944120130859	0.00337570890698748	0.0119226433382228	0.00013049179012388	0.00339756153828385
0.000130930780796078	0.00157782953432289	0.000130945610650833	0.976043016788956	0.00808143715611806	0.00520995799805593	0.00262233667321561	0.001768930565854	0.00443461489203007
0.00077170584714578	8.95629389494683e-05	8.95629389975906e-05	0.966184398550182	0.0152517771966166	0.00904029964196754	0.00442257516099257	0.00406055478615471	8.95629389933355e-05
0.000128529198001645	0.0118030349211133	0.00276057795647923	0.951015628402302	0.00888167006902835	0.00655981390225802	0.0140598004320885	0.000128529197866586	0.00466241592086275
0.000370262912545363	0.0183218389359079	0.00562825473061047	0.948389419657756	0.0152681302159029	0.00222091963110299	0.0050777298449811	9.02697424659192e-05	0.00463317432872772
8.90275744223028e-05	8.90275746034127e-05	8.90275744542051e-05	0.970532599072746	0.0140721761600952	0.00356346678063941	0.00356931475960824	0.00344182766633857	0.00455353283709295
0.0012339888201075	0.00739767989617574	8.90087373942305e-05	0.978327543502205	0.00721407647854172	8.90087374110714e-05	0.00401164539597538	0.00154803969475974	8.90087374302529e-05
0.000131322334944495	0.00013132233494188	0.0251464050022121	0.927886264975071	0.0154138991214625	0.00742691010902168	0.01137363839045	0.0123589153969465	0.000131322334950167
0.000133847312672199	0.000391656519216135	0.003139755598061	0.93968815207403	0.0234875900988655	0.013225836966655	0.00891941622363637	0.00855141641058677	0.00246232879627705
0.00100817628911569	0.000393722709262229	0.000128356462358033	0.961806608229906	0.0231554210557729	0.0067368081483497	0.00367303800996626	0.00027567695990103	0.00282219213536812
0.000127453894872325	0.0111772345571019	0.00359774768349218	0.955573415027674	0.0130104453762132	0.00173409077156631	0.00548972721656946	0.00639687891173349	0.00289300656077755
0.00472202888789588	0.0150237586534245	0.00240927726795313	0.94762208378075	0.00877727718239178	0.00983703820020847	0.0113549931899916	0.00012677141859547	0.000126771418789192
9.37354370039289e-05	0.00316522016746986	0.00918563476438379	0.952131774546428	0.0267996368842837	0.00636874393869215	0.00206778338763825	9.37354370914762e-05	9.37354370083167e-05
0.0016130658845409	9.31359806450951e-05	0.0181917589354667	0.950695079002139	0.00825227013310029	9.31359805201213e-05	0.00658259598037403	0.0143858221226271	9.3135980586658e-05
0.000132901695239972	0.0140977381443793	0.00203569525257529	0.938135449948916	0.0199976888841605	0.00226830800024651	0.0104092347990607	0.00325399103406547	0.00966899224135601
0.00242174357675847	9.12211830556839e-05	0.00983468315238152	0.947315549622146	0.0221523505117834	0.0059251834644976	0.0120768261234027	9.12211829492779e-05	9.12211830252846e-05
0.000128483116256588	0.015511226082414	0.000128483116206336	0.957801624181604	0.0138760704637408	0.000655270867632132	0.0082193119421451	0.00355104711374335	0.000128483116257616
9.17776435868629e-05	9.17776436029695e-05	9.17776435820686e-05	0.968550462389054	0.0106747171281217	9.17776434787857e-05	0.00975744692852011	0.0105584853364747	9.1777643578435e-05
0.00147206660191287	0.0100424308602014	0.00516805310522478	0.931085532312479	0.0258849239371504	0.00469724536768752	0.00899521495544211	0.00279798314490176	0.00985654971500014
0.000126284601927538	0.0162619610871014	0.0032315496316355	0.933145443650632	0.0118383364251259	0.00572602207438892	0.021166339580402	0.00482672760835092	0.00367733534043578
8.93742050864483e-05	0.00467636990646446	8.93742050735075e-05	0.979109063494503	0.0129828274852726	8.93742052095291e-05	0.000401437002855033	8.93742049722254e-05	0.00247280529056327
8.94205785097132e-05	0.00889598720519969	0.00369648936274354	0.964967484212705	0.00983545014421738	8.94278542804996e-05	0.0053499610782632	8.94278544919183e-05	0.00698635170958943
0.00192199919837891	0.0100550982515995	8.91292255523815e-05	0.958709206072562	0.00745591333740402	0.00867464304704215	0.0116782731368708	0.000188659160591262	0.00122707856999897
0.00377629419459241	0.00185407517398761	0.00353646015292625	0.960040798657444	0.0191486172346241	0.00317989256968306	0.00714883870380404	0.00118319933740696	0.000131823975532012
0.00259588101752028	9.11777423735759e-05	0.00932510175966915	0.976255530341537	0.0077068580517324	9.11783693075309e-05	9.11783693632911e-05	0.000526728026593626	0.00331636632190319
0.00192418480532699	0.00101390008433801	0.0345191437082262	0.927865977239399	0.0262546956804916	9.10373245354578e-05	0.00198207409884598	0.00625794973424716	9.10373245897447e-05
9.22300716876997e-05	9.22300717906035e-05	0.00285220025092146	0.962229232370941	0.0262689677809338	9.22300715160557e-05	0.00450463951676097	0.00151146986671919	0.00235679999872884
0.00371998186610064	0.00554488346111001	9.19924274375971e-05	0.954241555406456	0.0207818237925099	0.00226396378374963	0.00692581160529995	0.00633799522990161	9.19924274340374e-05
0.00595094228010116	0.000133299950223333	0.00505613521390741	0.941915168782395	0.0207279833883474	0.00140772687130665	0.0101049072845028	0.014570536278814	0.000133299950402457
0.00117879648266741	0.0115971550138546	0.00185604884827522	0.963640610933619	0.0124719203024707	8.8289610898732e-05	0.00899059958627532	8.82896109813793e-05	8.82896109577119e-05
8.81408465511738e-05	8.8140846629941e-05	8.8140846668888e-05	0.96492382859863	0.0100936988583513	0.0073439621109644	0.00382410058930415	0.00133000488421922	0.0122199824186807
0.00148780037968314	0.00168785577543981	0.000130137478426253	0.970949072127131	0.0142095890192045	0.0069419324479456	0.00352907709584405	0.000316390073157392	0.000748145603168329
9.08207333884305e-05	9.08207333411484e-05	0.00570220839831762	0.955129804915595	0.021177008226517	0.00351041543713033	0.00367107033610487	0.010537030486253	9.08207333528633e-05
0.000970141213612624	0.0127642677737706	8.80436149188516e-05	0.953895618362822	0.0195102431794141	0.000595765570300307	0.00983684739204264	8.8043614914571e-05	0.00225102927820424
0.000300655227906897	0.0117938136166864	0.000131372242920486	0.954505743958736	0.0174547598230505	0.00390004952699238	0.00968172802311371	0.000890128613448275	0.00134174896714517
0.000127819804106611	0.00690879036896778	0.00145185171044148	0.953319467514114	0.0195731381102277	0.00255022556497692	0.0102566778082945	0.00177917235229948	0.00403285676657153
0.00239493067101068	0.00365305104408817	0.000363480171720635	0.96571660836523	0.0147855121751989	0.00788308326171481	0.00364596794729989	0.000128872618216154	0.00142849374552092
0.00158187846593032	0.0157424457447467	0.00104106067484856	0.956872447094776	0.00756039047339812	8.87967690706713e-05	0.0125197526329589	0.00450443137516466	8.87967691064596e-05
0.0101977411073452	9.2000611149995e-05	0.0113368049430677	0.900595977838518	0.0212564867994711	9.20006112581591e-05	0.02896493573961	0.0241420553788938	0.00332199697068648
0.00131023201326386	0.00589423133636232	0.000129024757343049	0.965126532869948	0.0146839091012015	0.00587922400885254	0.00604216701455904	0.000129024757159693	0.000805654141309498
0.000844987804029499	0.00390925642522709	0.000577827171047977	0.969248010149676	0.0196674739753782	0.00192059977953118	0.00241874354019946	0.0011210598878241	0.000292041267086315
0.00262927768477624	0.00327721182191437	0.0120184154369488	0.949962753415341	0.0172548266091534	0.00316093516360937	0.0045098245157779	0.00705189166888781	0.000134863683590845
0.00252697101521434	0.000132445583718374	0.00501027248560455	0.955116003326126	0.019851190174837	0.00274926447942884	0.00422717107206144	0.00973588422638083	0.000650797636628376
0.000838176676217064	0.000135765743888903	0.0013645597782704	0.949142790856356	0.0232966249398836	0.013264877162588	0.00719883220964074	0.00194661291471386	0.00281175971844175
0.0100454693280548	0.00834953219632295	0.000129222817393817	0.945809749114757	0.0130105124020817	0.0122010097744547	0.00820732222013319	0.000129222817287973	0.00211795932951364
0.00766708962297989	9.08251694209714e-05	0.000779245842299318	0.955024290651223	0.0208860818275105	0.0115482836885858	0.00382253285904183	9.08251694689948e-05	9.08251694702648e-05
0.00114885712615953	9.39074048802585e-05	0.0108907738272835	0.958928009681787	0.00771031510489523	0.00986951257184576	0.0109608271865459	0.000303889691577453	9.39074050250494e-05
0.00134261654721518	8.88369065272214e-05	8.88369064965241e-05	0.966814979609466	0.0163200798365507	0.0103047195976857	0.00132030937335021	8.88369066490287e-05	0.00363078431605921
9.27568193936882e-05	9.27568193083926e-05	9.27568193651298e-05	0.963903185110184	0.0155853018229775	0.00614703516442095	0.00685616112996878	0.00707341697298198	0.000156629341399649
0.000127822237863547	0.00730803476331531	0.00249842771706165	0.958080803298334	0.0194816790149992	0.000127822238044277	0.0111900543390734	0.000318031886288009	0.000867324505020879
8.96028186408679e-05	8.96028185838223e-05	0.00259490304785753	0.96110431822173	0.0165037124998779	0.0155708359319057	0.0038678190241791	8.96028186163829e-05	8.96028186089918e-05
0.00323690777631486	0.0024404529045458	0.00600916188918078	0.963266531959644	0.0105910142467569	0.00212252932648269	0.00490749196700075	0.00592743319799436	0.00149847673208044
0.00112780323403802	0.00345662113316732	0.000127274722194492	0.952310594735394	0.0236704441082999	0.0113567627644186	0.00769594985814113	0.000127274722101121	0.000127274722245413
0.00123603392167726	0.00640234816395185	8.80617740323129e-05	0.972946809307971	0.010049763795887	0.00284956605737954	0.00460852141537433	8.80617740287357e-05	0.00173083378969797
9.05989576261681e-05	0.00305988362557506	9.05989576383824e-05	0.96160666203913	0.0176784174013436	0.00540639499797975	0.0107181516236148	9.05989576218767e-05	0.00125869343946976
0.00446793758142357	0.00699551161612047	0.00184136423713631	0.962283082993731	0.0152868026885893	9.17894785232137e-05	0.00884993244768578	9.17894783465213e-05	9.17894784435552e-05
0.000849974275472598	0.000130711226230159	0.000130711226297681	0.970904226283088	0.0163315773217723	0.00526180488699726	0.00416938005883912	0.000990436758877438	0.00123117796242559
0.00631498346184692	0.0064247878455129	9.04562770209992e-05	0.956721038435047	0.0213013640021803	0.00632674986686261	0.00263970755750387	9.04562770079087e-05	9.0456277017577e-05
0.000127072322313131	0.00535348211032435	0.00173108443657928	0.959969968698535	0.0137994425843945	0.00988453775360495	0.00706340634795004	0.000127072322322603	0.00194393342397556
0.000133512397488154	0.000133512397311028	0.0016456750461802	0.966558245583615	0.0157420724617295	0.00145034588764754	0.00818508740296945	0.00508357823784669	0.00106797058521226
8.9006091757129e-05	0.00354395211556867	8.90060917645903e-05	0.961798062179131	0.0126618701328935	0.00470722375547246	0.0095060097390006	0.00636703910418271	0.00123783079022924
9.2438043616294e-05	0.00121733936190579	0.020448369618548	0.952992591933796	0.010016494109711	9.24380435340512e-05	0.00651056111219751	0.00653991991823067	0.00208984785846012
0.00231082174490005	8.95628784981182e-05	8.95628785014485e-05	0.970451323835608	0.0149745913279493	0.00945047295052082	0.00245453862700612	8.95628785186959e-05	8.95628784973119e-05
0.00121866177678814	0.00557331444715438	9.2185972889373e-05	0.957896133005504	0.0186490769421142	0.00121797264440478	0.00847985515149542	9.21859728393679e-05	0.00678061408680999
0.00114488935037063	0.00013161843272382	0.00439572805736279	0.9572356419378	0.020914468685919	0.00756775675116973	0.00834665991932363	0.000131618432583042	0.000131618432747034
9.03545312456693e-05	0.0100309961856633	9.03545312415489e-05	0.962615375834337	0.01695398305147	0.00365033417465722	0.00497747908486036	9.0354531279299e-05	0.0015007680752451
0.00337581370876162	0.000444751727021832	0.0026016807544634	0.947318145309241	0.011517311203406	0.0117988801314374	0.0123586414516094	0.010457231333664	0.000127544380395869
8.89922318973338e-05	0.012981540516901	8.89922318120536e-05	0.964794091210618	0.00865208122654233	0.00752204611406887	0.00569427200476093	8.8992231545977e-05	8.89922318531821e-05
0.00121665349978799	0.00139497015905208	0.00184941650782646	0.963739725819494	0.0141940840838575	0.00409357620183183	0.00761316988640715	0.00364780099491095	0.00225060284683228
0.00133424169550157	9.24821954475447e-05	0.00561612795913545	0.947309646762358	0.0303787251779909	0.00656267365440881	0.00620840514246964	9.24821954935534e-05	0.00240521521719428
8.79582098696529e-05	0.00070045996436097	8.79582099332433e-05	0.965643287401948	0.0134079766349634	0.0158700101749349	0.00281257007071823	8.79582098981801e-05	0.00130182112337298
8.86358717923079e-05	8.86358717719325e-05	0.0010637248483434	0.961353174308805	0.00739169915266487	0.0136670130317883	0.0101435777216218	0.0015360343895223	0.00466750480369025
8.93837737789833e-05	0.00526403175719332	8.93837737645618e-05	0.971845232305382	0.0119646115502662	0.00101396861170958	0.00641391691716539	0.00035671869555127	0.0029627526151891
0.00259458825697163	0.00177551963569803	8.9273067687447e-05	0.965742696743571	0.0138427952485632	0.00743600626116314	0.0075381326326047	0.000891715086016628	8.92730677241346e-05
9.21367852706312e-05	9.21367851710974e-05	0.00500749693676019	0.962260349123798	0.00915094092249866	0.0139777606536416	0.00816219296840433	9.21367852358856e-05	0.00116484903921927
0.00440593454969086	0.000126244542924092	0.000493521695883146	0.953658569499942	0.0235309637138221	0.00623533693312288	0.000707972489758571	0.0060593989487015	0.00478205762615463
0.00136813574592363	9.02204571466531e-05	9.02204570606396e-05	0.956533009947269	0.0253694764340698	0.0102253181337891	0.00614317791046548	9.0220457183271e-05	9.02204570920306e-05
8.91673160904476e-05	0.00458181494997071	8.91673160609533e-05	0.9463516872	0.0333227090601237	0.00171091715227518	0.00913361744500736	0.00463175224439519	8.9167316076461e-05
0.000430822442191493	0.00543133438418814	0.0468853482901611	0.918856327757343	0.0133615448095537	0.00013119371218215	0.00806604377846719	0.00670619111376216	0.000131193712150582
8.88339896429345e-05	8.88339896865727e-05	8.88339896611608e-05	0.958296919857048	0.0204264172780614	0.00180446539468979	0.00805489485075398	0.00661846689520523	0.00453233375525118
9.04328561701605e-05	9.04249189722248e-05	9.04328561756458e-05	0.958542236248145	0.0174894012776463	0.00229622213786469	0.0071850993880278	0.00868919399532857	0.00552655632166924
9.11390056345633e-05	9.11390055531794e-05	0.00818710965246334	0.963085997861622	0.0128469701356968	0.00703432958027439	0.00554845167671847	0.00302372407643415	9.11390056026642e-05
9.06002372706617e-05	0.00944898409913016	0.00489877119333625	0.964842589582857	0.0141489600224329	9.06002372098104e-05	0.00629829415326331	9.06002372356805e-05	9.06002372639299e-05
0.00147379351354867	9.15632911759669e-05	0.0044837790467943	0.968033100977977	0.0161696061919941	9.15632911339447e-05	0.00417904110306814	0.00522690365388158	0.000250648930425843
0.0111084616457035	8.99981951166771e-05	0.0020527927960812	0.959824350789214	0.0121187517682165	0.0107724567339619	0.0010665923248912	8.99981950468009e-05	0.00287659755176792
9.2524587887072e-05	9.25245878624628e-05	0.00366879363526736	0.967270579759172	0.0215989682222132	0.00196265292597263	0.00278789909278554	0.0024335326008916	9.2524587948276e-05
0.00461253610776876	0.00923901957913247	8.96199721198053e-05	0.963674063531	0.0162649528807774	0.00236118039917941	0.0012342956627571	0.00243471189515388	8.96199721110775e-05
0.00115058129119117	0.00208537860721461	0.0699137089868124	0.879304531808232	0.0080708047911499	0.00321370242625687	0.0151563487284907	0.0187747308159085	0.00233021254474387
9.18053571684273e-05	9.18053570981268e-05	0.00772680554954786	0.953965628554584	0.0154876869123867	0.00958078583973955	0.0128718717153291	9.18053569744575e-05	9.18053571717277e-05
6.24092289484504e-05	0.00763798768833019	0.00372759988002445	0.964950157290921	0.0208420720480607	6.24092289474924e-05	0.00259254617687687	6.24092289437683e-05	6.24092289474932e-05
0.00259404977117415	0.00307855315417493	0.00213213934455781	0.95956446958586	0.0151886924430822	0.00231672177413307	0.00971288197003091	0.00264019544626004	0.00277229651072677
9.22772026740796e-05	9.22772025956371e-05	0.0050455323074373	0.942697448001177	0.0292261060800736	0.00135063152260866	0.00475340992654657	0.00838315996396068	0.00835915779292658
0.000130232679984806	0.00179217625948494	0.0031780180771555	0.94217313587461	0.0210690986868673	0.00664424000764836	0.0124088614406494	0.00980468320608813	0.00279955376751116
9.17063548216299e-05	0.000599164537896067	0.00459142146648367	0.959356517123432	0.0181511716111564	0.0115081131991402	0.00460788734728478	0.00100231200494453	9.17063548403075e-05
0.000234716257267664	0.000132581484800606	0.00624290630799549	0.952253618501233	0.0188852141109793	0.00513096899417345	0.00672185945647056	0.0102655462005279	0.000132588686551898
0.000295841916485367	0.00699079166241522	8.99633281510597e-05	0.957748655152089	0.0205359180709617	0.0074232623308575	0.00217620785317005	0.000128815417121728	0.00461054426874882
0.00332029118107861	0.00307193451452212	0.00517581252928919	0.963254965043745	0.024143256301269	9.26878923960099e-05	0.000755676752365302	9.26878927929925e-05	9.26878925414471e-05
0.000131627701624635	0.0035252640112716	0.00171801960976032	0.946679098735361	0.0267314460145356	0.00599589120175146	0.00749281416354791	0.000131627701426108	0.00759421086072182
0.00242357684145262	0.00279426540951952	0.00259398001733679	0.973369574973772	0.0094956566820096	9.04322953855687e-05	0.00905164918951581	9.04322955551307e-05	9.04322954533552e-05
8.89450460470819e-05	0.00914701181973351	8.8945046037636e-05	0.961932976217741	0.0190229412240098	0.00302512563130671	0.00503428087850599	0.00157082909058478	8.8945046033146e-05
0.000605638082437541	0.00487519579743052	0.00293205172690656	0.962378005311439	0.0183949064662544	0.00304034657948646	0.00529811642359541	0.00121621293841864	0.00125952667403201
9.30287028881948e-05	0.0040593243777854	0.00694275285359271	0.950667064807352	0.0107708929860984	9.30287029498165e-05	0.0146028626486623	0.00526423870613795	0.00750680621453352
8.93947363381861e-05	0.00427712371922591	8.93947363326352e-05	0.969582335256992	0.0110131736348681	0.0048630305298025	0.00814348999077517	8.93947362797626e-05	0.00185266265938528
0.00180231311302607	0.000368769735485796	0.00496646413847517	0.93961883317219	0.0348473197618122	0.00142379301140946	0.00385806553662356	0.00966879340218041	0.00344564812879696
0.00117224991283745	9.22080941677132e-05	0.0507256169743538	0.902664143654337	0.0182730388928628	9.22080941493799e-05	0.0116848308969065	0.0152034953862055	9.22080941801212e-05
9.19362652589686e-05	0.00266168079809793	9.19362651961187e-05	0.964020829293582	0.0230155116829805	0.0053269666636574	0.00399147432370113	0.000707728442290758	9.19362652347464e-05
0.00170256958704368	0.0071940745411488	0.000271766378834744	0.961995175844962	0.0226021000166847	0.00131833518582721	0.00473884391399735	8.85672657661589e-05	8.8567265735424e-05
0.00470633866961423	0.00897354896448196	0.000128043362318296	0.959480918230976	0.00783241065404148	0.00452386866807732	0.00897042297973363	0.00202212041995445	0.00336232805080269
0.000130398484693762	0.0026156154666799	0.00417742601496334	0.959118518846687	0.0157141965579223	0.0117158017017137	0.00469112589100272	0.000959576929517725	0.000877340106819069
8.8739107540402e-05	0.0073986338343243	0.00220665669016361	0.971596601937086	0.00974518999456248	0.000216509622173829	0.00611351407155583	0.00254541563518295	8.87391074110034e-05
8.95422802920768e-05	0.00905681152678451	0.0016589826494646	0.975921702646706	0.00427939062055202	0.000763878447035622	0.00450340182896486	0.00235005666185878	0.00137623333834194
0.000217102671022512	9.04162770132873e-05	0.00705090407974486	0.960910252387236	0.0160729534322145	0.00430424590299537	0.00649828443337024	0.00476542453945433	9.04162769490576e-05
9.34201641607591e-05	9.34201642170411e-05	0.000853002960122631	0.953592267431866	0.0250761249097692	0.0118451812188905	0.00630589234818683	0.00204727063862343	9.34201641634615e-05
9.01561041399406e-05	0.0146117737307382	0.000737464484105532	0.94275899521397	0.0152299893579807	9.01561041647474e-05	0.0241753971973454	9.01561041585675e-05	0.00221591170339711
0.00696594493516094	0.00218901869347315	0.000925410034139492	0.962538099776611	0.0154253943083417	0.00305905331896434	0.00498904714156104	0.00171185237151211	0.00219617942023654
8.93569522289619e-05	0.00270385906598437	0.00231534533963856	0.958891887447367	0.0132049132230118	0.0057943368921844	0.0110300154135645	0.00588092871371705	8.93569523032956e-05
0.00369670536156372	9.14205968837921e-05	9.14205967080862e-05	0.963507999053451	0.0152524254243448	0.0114521865755199	0.0057250011977224	9.14205970643906e-05	9.14205967415281e-05
0.000136491708761914	0.00153276342844126	0.00515765964995498	0.960331810271771	0.0194831677886492	0.00013649170906501	0.00789709386102876	0.00409524743558109	0.00122927414674655
0.000128640672558999	0.00957605624341307	0.00201678046829271	0.967933967151261	0.00653881439902229	0.000128640672606691	0.00781861551292208	0.00572984420739293	0.000128640672530341
0.00104614780516496	0.000133223565106751	0.00769906066624521	0.954091412314201	0.00985933920023102	0.00950334492632746	0.00421735836002082	0.0109673503696081	0.00248276279309513
0.000744185850771817	0.00514972593622592	8.88279160949e-05	0.965494787644752	0.00864159151402732	0.010300548225001	0.00648311341245944	8.88279163884355e-05	0.00300839158427901
9.15394493635304e-05	0.00516170755929239	9.15394493706767e-05	0.964592319143985	0.0162712041217653	0.00854605155434916	0.00278704909136407	0.00236705018114399	9.15394493660993e-05
0.000130874229321095	0.00110706237426624	0.000130874229028891	0.96050502890431	0.0219827922936813	0.00844504716251256	0.0028136473771569	0.00362868139746787	0.00125599203225466
0.000354911932418177	0.012063186002775	0.000738733619680331	0.95896883181153	0.0135450532690671	0.000448013980894997	0.0121654084790195	0.000126608599194434	0.00158925230542026
0.00498106753736883	0.00152110301589198	0.030555650613598	0.902818793511958	0.0146001775305355	0.00313565409137376	0.0199049073493687	0.0170428738647973	0.00543977248510811
0.00257907069554609	0.00561898693898953	0.00120762096409561	0.973607149825879	0.0094729434439781	0.000442392646258241	0.00489064975915577	0.000710770910347197	0.00147041481575096
0.0039893457233699	0.0017222199976181	8.96364521479232e-05	0.964543530197803	0.0117679973768451	0.00303425112061863	0.00562691600372719	0.00469773789392816	0.00452836523394223
0.000453715830031057	0.0156724005695337	9.03337878067889e-05	0.970526813455658	0.00830982340424569	9.03337877430309e-05	0.00467591158927806	9.03337878962466e-05	9.03337878077663e-05
0.000522374061061756	0.00240866963479276	0.00382940869175593	0.961342130574143	0.0182779383181331	0.00225109663062488	0.00683934697155235	0.000998215989767962	0.0035308191281687
0.00356590210656059	0.0111238458404424	0.00337098206808775	0.955269870103678	0.0187623760561667	0.000551651100593291	0.00717551796656293	8.99273789537999e-05	8.99273789543386e-05
0.000133410323157858	0.00710494996756922	0.00143795561608831	0.973576733970438	0.0135686305534872	0.000633447573636699	0.0016765947288085	0.000133407334691028	0.0017348699321229
9.28051419615055e-05	0.000457410117893105	0.0028901892155966	0.96548573934789	0.0120201614751408	0.0113105024241796	0.00598153473147718	9.28051420202939e-05	0.00166885240384078
8.92041529476693e-05	0.000123726893118275	8.92021806339321e-05	0.965068124544159	0.0125215055927153	0.0151196473270947	0.00531579591429976	8.92021805091965e-05	0.00158359121452254
0.000108316774250123	9.29666151506946e-05	0.00731343157802808	0.945814392470917	0.0196409275689967	0.00903307435606409	0.0102031452942078	0.0077007787272562	9.29666151298839e-05
8.98724441514997e-05	0.00369992721382418	8.98724441729233e-05	0.97113435906443	0.0150393318541687	0.00167360451530542	0.00419551526769751	0.00398764475207808	8.9872444172059e-05
0.00151759548369633	0.000254274953018559	0.00200303417071092	0.950179443620474	0.0230506315795799	0.00126827641146622	0.0085949298829855	0.00277976796189846	0.0103520459361697
0.00101417019588269	9.18108289908709e-05	0.00702077991644707	0.95310168756445	0.0241458869807199	0.00417757808555048	0.00389760142543639	0.00275375674689515	0.00379672825562711
0.000769525427593963	9.08536791777304e-05	0.0036943284715015	0.97556091493004	0.00374728427046029	0.00970628565604454	9.08536791803218e-05	9.08536791512914e-05	0.00624910020685068
0.000131056226467879	0.000131053676390824	0.0113869705346571	0.927451278031649	0.0329877288484238	0.0069628378527616	0.00602415146056319	0.00708814790844441	0.00783677546064245
0.00125457690275615	0.00347447846237107	0.0190852311716096	0.937327041736336	0.0192256917077227	0.000133185916676654	0.00603808948110019	0.0133285187046402	0.000133185916787882
0.00487459654588117	8.90736538312514e-05	8.90736539212348e-05	0.956896827378218	0.0220774175041097	0.0104439797036733	0.00535088425251984	8.90736539230525e-05	8.90736539221531e-05
0.00192722866704402	9.14971002687423e-05	9.14971001715368e-05	0.958431380803242	0.0266779821389956	0.00904493716783674	0.00355248282213672	9.14971001289091e-05	9.1497100175596e-05
0.00166532027026419	9.15330336893356e-05	0.00659774487846932	0.96022972428818	0.0162431439260675	0.00454863597420194	0.00526881644151023	0.0052635481538827	9.15330337345016e-05
0.00112783873373568	0.000127996877826145	0.00148727357368013	0.960254611957776	0.0210271472164642	0.00704451157526774	0.0054624189558766	0.00317546839677876	0.000292732712595112
8.89330483693587e-05	8.89330484471281e-05	8.893304841794e-05	0.963391578488726	0.0199922514218995	0.00256704420250697	0.00786977449075832	0.000585518994061664	0.00532703325681334
9.11380924957323e-05	0.00140294160680675	9.11380925146762e-05	0.959356689816017	0.0314783282944714	0.00118781431847918	0.00260421245148585	0.00369659923522353	9.11380925062158e-05
0.00072552879252567	0.00649018221130028	0.00480571844796941	0.970485592675975	0.0131020179797048	0.000128936962580426	0.00386268946606393	0.00027039650143891	0.000128936962441762
0.00122770830491095	8.98450468779502e-05	0.001281149964212	0.959539427066691	0.0108783788936329	0.0170399217345096	0.00439271978251402	8.98450468266663e-05	0.00546100415982498
0.00193819103145739	0.00282434367434333	0.00483743638863975	0.958651102792176	0.0125102179726757	0.00898595776160976	0.00786065380838717	0.000127683683940674	0.00226441288677008
0.00115145268456798	9.13514119891663e-05	0.00703410312816051	0.95468120843212	0.0189549305705987	0.00796495910594263	0.00706433025257148	9.13514120987264e-05	0.00296631300195082
9.17139772840777e-05	9.17139772440695e-05	0.00934011442371329	0.951859305747422	0.0136099330377321	9.66825740730311e-05	0.0117005010821828	0.0131183212030987	9.17139772500739e-05
0.00254825411021272	0.000134357942429423	0.00498068479197199	0.952326328176429	0.0140933942280367	0.00319265374404048	0.0163210605673375	0.00292747109778976	0.00347579534175189
0.000961797766642926	9.06105152614214e-05	9.06105150673992e-05	0.977695025388373	0.00462259959215166	0.00756593503329586	0.00231549405759215	0.00241355976320553	0.00424436736840962
0.00303248400508076	0.00531575792185158	9.06973882460478e-05	0.963860275144253	0.0210231257878782	9.06973882350981e-05	0.00306473416898205	9.06973881480693e-05	0.0034315308073251
0.000147247139664995	0.00330609639174671	0.00012693200062285	0.972807183000472	0.00976414696055741	0.00642715121944336	0.00510948746488892	0.00218482382192124	0.000126932000682065
0.000129548533694418	0.0137898508013479	0.00198377809026721	0.958594234241996	0.0115626881710483	0.00144592260080647	0.00902161297577537	0.000750582315926734	0.00272178226913778
8.92161610177499e-05	0.00565656253812354	0.003152672017257	0.967226512912841	0.0136383847421957	8.92161610293952e-05	0.00610572720409422	0.00395249210242072	8.92161610207407e-05
9.36131676546788e-05	9.36200417606416e-05	0.00665887591107047	0.955395540929234	0.0176866704493782	0.00813391579573088	0.00574781196325161	0.00609633189019431	9.36198517252677e-05
9.39721707790973e-05	0.00433219161767011	0.00368082038464315	0.971108045055313	0.0131479003606657	9.14258046527786e-05	0.00430950962416159	0.00135057430023589	0.00188556068187862
8.98214144711225e-05	0.00294263538924223	8.98214144741757e-05	0.948560976305628	0.0139861573173765	0.00665720726847047	0.0147481518038392	0.0116697655364017	0.00125546355009626
9.36945601029062e-05	9.36945600612736e-05	0.00705784615212468	0.946553913355215	0.025791455447434	0.00266483597831272	0.00707477053411252	0.00861109060265242	0.00205869880998423
9.03785029646985e-05	0.00166043007358951	9.03785029482088e-05	0.962940666958754	0.0132740249140091	0.00595478653822143	0.00241862156686639	0.000217183764592536	0.0133535291780546
0.00151853608554963	0.00216006572601318	0.00357591179366364	0.951923546881654	0.0166955862969243	0.00783154628513827	0.0060254755909968	0.00974646303698187	0.000522868303078324
8.97893617415396e-05	0.00801635009460711	0.00141349321036678	0.960455793664534	0.0114589154570405	0.00734783640158319	0.00863860152689748	0.00108039855478341	0.00149882172844574
0.00179448258708739	0.00107034291054645	0.000240336685922302	0.972327012158516	0.0119115721439316	0.00698542091050986	9.02169417824977e-05	9.02169419307123e-05	0.00549039871977374
0.00470328288338634	9.12962553295378e-05	0.0145707923210004	0.947774845472049	0.00858348081758706	0.00013845095729338	0.0059343213806661	0.0161240482377488	0.00207948167493905
9.11366203112023e-05	0.00333593047808495	0.000870966852129301	0.952820319401765	0.0205272782683508	0.0080439637323324	0.0096244356897244	9.11366203280255e-05	0.00459483233697365
0.00164322819647813	0.00340234092065793	0.000128649504377164	0.960598559927724	0.0147630666913769	0.00602383848333042	0.00831270194786218	0.00117678389059022	0.00395083043760276
9.04149608609565e-05	9.04149608572088e-05	0.00574227963575136	0.950891113971695	0.0202038252031196	0.00706816381540881	0.00614650269344158	9.04149608330369e-05	0.00967686979803278
0.00810025682212136	0.00823982264795458	0.00410556669063368	0.955273883900244	0.0141042397356239	0.000442252465348113	0.00274539927466449	0.00472907911841181	0.00225949934499822
0.0018182428915267	0.0129357764839977	0.00142896077443346	0.958499036052713	0.01371376995368	8.88196828171522e-05	0.0082388562627522	8.88196827333389e-05	0.00318771821534637
