Basophils	Bcells	CapsularFibroblasts	cDC1s	cDC2s	CentralVeinEndothelialcells	Cholangiocytes	Fibroblasts	Hepatocytes	HsPCs	ILC1s	Kupffercells	LSECs	LymphaticEndothelialcells	Mesothelialcells	MigcDCs	MonocytesMonocytederivedcells	Neutrophils	NKcells	pDCs	PortalVeinEndothelialcells	Stellatecells	Tcells
3.51866493133329e-05	3.51866493133887e-05	0.00487965519475252	0.0166225237332988	0.000866576219922093	3.51866493092194e-05	0.00383505066457309	3.51866493129342e-05	0.843172851694761	3.51866493092195e-05	3.51866493092155e-05	0.0564228005445168	0.0356828022631359	0.00117071414847916	3.51866493092194e-05	3.51866493092192e-05	0.0194494400191958	3.51866492814205e-05	3.51866493109207e-05	3.51866493092193e-05	3.51866493092134e-05	0.017440159076359	3.518664930922e-05
0.00216549470940476	0.00166100340832474	3.52249724655755e-05	0.0165689863675163	3.52249724655755e-05	0.00422309786910128	0.0239106157119344	0.026474920530767	0.806615053428491	0.000139273787581492	3.52249724655754e-05	0.0571357914558557	0.0166766377404827	0.0024453903940376	0.0166151375835044	3.52249724655751e-05	3.52249724651344e-05	3.52249724388781e-05	3.5224972464769e-05	0.00761019997671829	0.014075366285961	0.00340123097062246	3.52249724655767e-05
3.57262233498569e-05	0.00201420983956318	0.000687532551272177	0.0159836286094002	3.57262233450292e-05	3.57262233450292e-05	0.00365230224239146	3.57262233509541e-05	0.855006764222311	3.57262233450288e-05	0.00176774472043347	0.0399176628433526	0.0412820180198374	3.57262233462376e-05	3.5726223345029e-05	0.010744236449424	3.57262233481905e-05	3.57262233457797e-05	0.000459824225660384	0.00410886440283766	3.57262233448529e-05	0.0136366396272164	0.0103813100128335
0.002073907643603	0.00510910484091142	0.00573886919565251	0.000855187675781301	0.0236172702893073	0.0034965662182848	0.00911979674148999	3.62159841170724e-05	0.853760724574406	3.62159841170706e-05	3.62159841190177e-05	0.0447022776399667	0.0252028912413823	3.62159841170725e-05	0.00291222560276242	3.62159841170707e-05	3.6215984118937e-05	3.62159841126896e-05	0.00308373183752237	0.00925872137858191	3.62159841167428e-05	0.0107427812633191	3.62159840930127e-05
3.4671132562061e-05	0.0068564369775248	0.0143269777235586	0.0176756494363677	3.46711325649397e-05	0.0570974067351947	0.00126153413771521	0.003680802450226	0.850547153419606	0.0018974372843477	3.46711325645116e-05	0.0147111151347958	0.00254759264501872	3.46711325644802e-05	0.00970204262791212	0.0111689402927289	3.46711325647876e-05	3.46711325015399e-05	3.4671132553921e-05	0.00413954410756297	3.46711325645318e-05	0.00407532683443413	3.46711325662614e-05
0.00303457044728281	3.49285412600658e-05	0.00628891007427846	0.016284223650277	0.00362556467323935	3.49285412637436e-05	3.49285412637435e-05	0.00218139886455793	0.839369060442194	3.49285412637424e-05	3.49285412637426e-05	0.041097504332132	0.0475490501829745	3.49285413478855e-05	3.49285412637439e-05	3.49285412637433e-05	0.0124332273806533	3.49285406554836e-05	0.00572624953429855	0.00942916363690297	3.49285412632075e-05	0.0125968628278356	3.49285412637426e-05
3.59016267479207e-05	0.00595720068090844	3.59016267347989e-05	0.00366239498055575	3.59016267347967e-05	3.59016267347983e-05	0.00201247266322332	0.00349474213263117	0.813508516540906	0.00569480147076527	0.000116776434262242	0.0712040319698249	0.0416254759652902	3.59016267365636e-05	0.00863681349381331	0.00927077293772433	0.0240168192293142	3.59016269807442e-05	3.59016267375887e-05	0.00603116782159525	3.59016267347982e-05	0.00444489903830953	3.59016267347944e-05
0.000649033419758985	3.28636690571308e-05	0.0136085755992508	0.0476730063004876	6.55540942118777e-05	3.28636690564476e-05	0.0803286823232656	0.0829651037257402	0.642939672150879	3.82652235115392e-05	3.2863669056449e-05	0.0313236784691683	0.00203727634384983	0.0021220111044502	0.00987953897108967	0.00202045080698361	0.02016025275279	3.28636690485183e-05	3.28636690557592e-05	0.00527015219377846	0.0492221139325107	0.0094994505739425	3.28636690564479e-05
3.56616982466296e-05	0.0026161756183033	0.00997876035096321	0.00130928614582742	0.0148087486988107	0.0159055725594286	0.0252645516070088	0.0210630446594135	0.811610282911293	3.56616982383791e-05	3.56616982383794e-05	0.0542835763119156	0.0145956044487574	3.56616981858762e-05	3.5661698238379e-05	0.0131321591490593	3.56616982373085e-05	3.56616983369897e-05	3.56616982447485e-05	3.56616982383792e-05	0.00504588309380461	0.0100297374629712	3.56616982383783e-05
3.52358664886052e-05	3.52358665248064e-05	0.00193540926565482	0.0239010215566837	0.0181137851438019	0.00393658860384037	0.000573327636129159	3.52358665217463e-05	0.873531611255354	0.00741791681981215	3.52358665217202e-05	0.0275576931579608	0.0299534656482638	0.00266862786772025	3.52358665217457e-05	0.00405379240321543	3.52358665277582e-05	3.52358665259227e-05	3.52358665264778e-05	3.52358665217464e-05	0.0028003466210258	0.00320405535533318	3.5235866523502e-05
3.52450128057048e-05	3.52450128087815e-05	0.000666972450491053	0.0208852131376425	3.52450128057035e-05	0.00372338047527005	3.52450128057038e-05	3.52450128057037e-05	0.870258825566334	5.09335370574146e-05	3.52450128057114e-05	0.053668793765522	0.0246996546778834	3.52450128053435e-05	3.52450128057055e-05	3.52450128057018e-05	0.00389289386668721	3.52450132537112e-05	3.52450128056348e-05	3.52450128057042e-05	3.52450128057025e-05	0.0125705921866444	0.00912455516954289
3.49798759059934e-05	3.49798758950366e-05	0.0103069324992031	0.0165719064045334	3.49798758975158e-05	0.00426154880277947	0.0921205025196707	0.0192332208945509	0.77097821774113	0.0116833449680348	3.49798758975132e-05	0.0277447050419888	0.00417009771671556	3.49798758975138e-05	0.00142369619877413	0.00904368131438635	3.49798758975118e-05	3.49798758945222e-05	3.49798758987716e-05	5.23227254439408e-05	0.0272414512239104	0.00485355306579445	3.49798758992619e-05
0.000860577833661902	3.59513486370501e-05	3.59513486178681e-05	0.00829903120991908	3.59513486177362e-05	0.00561053438926855	0.0108211401578247	0.00288703912089847	0.842248541266427	3.80609960750674e-05	3.59513486178662e-05	0.0599361518229507	0.0294426463883658	3.5951348617868e-05	0.00496356083339795	3.5951348617867e-05	0.0153284764909336	3.59513480161475e-05	3.59513486248142e-05	0.0034761133983794	0.00373198790756773	0.0120325760473417	3.59513486208004e-05
0.00753523787346419	0.00144768220136837	2.48985122079637e-05	0.0017422121126223	2.48985122079632e-05	2.48985122079687e-05	0.00469133034963552	2.48985122079653e-05	0.872283380241578	2.48985122079639e-05	0.00298584902197037	0.0288255039046854	0.042692959093399	2.48985121285401e-05	2.48985122079634e-05	2.48985122079629e-05	0.0101904730597893	2.48985124052998e-05	0.0129604843476162	0.00461362112840024	2.48985122075096e-05	0.00974875999357184	3.35215497017651e-05
2.50871612033167e-05	0.0129106532704833	2.50871612084277e-05	0.011659622566898	0.00163653455014487	0.003204779732268	0.00211617934933822	0.00210911798553683	0.875464694088554	2.50871612084247e-05	2.50871612084274e-05	0.03311600783539	0.036217833284015	2.50871612111921e-05	2.50871612084263e-05	2.50871612084274e-05	2.50871612018221e-05	2.50871617970074e-05	2.50871612036138e-05	2.5087161208429e-05	2.50871612085802e-05	0.00353434529139275	0.0177291861109029
0.0025231330190363	0.0178894281343663	3.67433893963156e-05	0.0125399202140439	3.67433893963131e-05	3.67433893963176e-05	0.0098311322503185	3.67433893963111e-05	0.852321362215126	0.0108288414800295	0.00288505436744307	0.0404792028439081	0.0375784191553282	0.000123379071630224	0.00417880232054997	3.67433893963155e-05	3.67433893999736e-05	3.67433894248516e-05	3.67433894116456e-05	3.67433893963158e-05	0.00376447117365373	0.00468941986055408	3.67433893981493e-05
3.48757614105388e-05	3.48757613760676e-05	0.00301486475018127	0.0252167112252385	3.48757613955693e-05	3.48757613955703e-05	3.48757613955698e-05	0.000583916360755262	0.869835800787425	3.48757613955695e-05	3.48757613955657e-05	0.046445736228027	0.0367694244507728	3.48757614113494e-05	3.48757613955654e-05	3.48757613955688e-05	0.00935122824219756	3.48757613233894e-05	3.48757614107468e-05	3.48757613955695e-05	3.48757613959981e-05	0.00825918153450356	3.48757614058642e-05
0.00225788048640236	2.49630318099116e-05	2.49630318015629e-05	0.0199090321957401	0.000606639590126932	0.0133038197837954	2.49630318015624e-05	2.49630318015634e-05	0.864453529870273	0.005816314518575	2.49630318015668e-05	0.0435609495990768	0.0276396793012373	2.49630318015625e-05	2.49630318015624e-05	2.49630318015629e-05	0.00220489723676862	2.49630314371375e-05	2.496303179935e-05	2.49630318015627e-05	2.49630318015626e-05	0.0150253373482332	0.00492236368851058
0.000362132151194724	3.46751318226083e-05	3.46751318228197e-05	0.0134373823657307	3.46751318218684e-05	0.0558503153499767	0.00192026506352933	3.46751318228147e-05	0.86003683526442	0.00261257691104692	3.46751318228195e-05	0.0245237838139993	0.00491744538631803	3.46751318228107e-05	0.00727157741752595	3.46751318228187e-05	3.46751318239375e-05	3.46751319162938e-05	3.46751318285486e-05	3.46751318228209e-05	3.46751318228179e-05	0.00313015224406991	0.025521432450215
2.45525927192604e-05	0.00196374800520698	0.0019493252225896	0.0151915668275743	0.00212664140087141	0.0371017128697058	0.00391741819726433	2.4552592719655e-05	0.853947863234951	0.00464095091582838	2.45525927196541e-05	0.0314582634098713	0.0168823839171498	2.45525926427412e-05	2.45525927196545e-05	2.45525927196548e-05	0.00113249416919287	2.45525929826847e-05	2.45525927135362e-05	0.00105795367117182	2.45525927196542e-05	0.0136060106400428	0.0148026941839236
3.48856245496255e-05	3.48856245473609e-05	3.4885624544865e-05	0.0113531241099818	0.0107840339365045	0.0110043387385834	3.49879649228252e-05	0.00229947548460792	0.882306728263565	0.00540417287058873	3.48856245448633e-05	0.0299688714190089	0.0187494930802533	3.48856245454952e-05	3.48856245448648e-05	3.48856245448646e-05	3.48856245458574e-05	3.48856251135159e-05	3.48856245438797e-05	0.00295898289512369	0.00262725851201248	0.00645199894227182	0.0157076775365505
0.000360857792179635	6.81476896497412e-05	3.65221504320618e-05	0.00265775362399042	3.65221504320616e-05	3.65221504320613e-05	0.00428443652984804	3.65221504312993e-05	0.856188934922656	3.65221504320613e-05	0.00153660253737776	0.0685267776714901	0.0303318522600544	3.65221504319657e-05	3.65221504320613e-05	0.00720890644145267	0.0103404319993836	0.000256488799447643	0.00118856993047125	3.65221504320614e-05	0.00364604884892991	0.0130754915992102	3.65221504025095e-05
0.00114403014887664	3.67952827652565e-05	0.0111041989038567	0.00523103065847049	3.67952827798757e-05	0.0315649695376002	0.0153005594064946	0.00965384541963417	0.865015521878571	0.000508712875240561	0.00146949705269113	0.0314289253375583	3.75622495098554e-05	3.67952827794459e-05	3.67952827794494e-05	3.67952827794479e-05	3.67952827810221e-05	3.67952828012137e-05	3.6795282771044e-05	0.00467557152924053	0.0173528302473061	0.00518158720991984	3.67952827927663e-05
0.000974626851748681	3.44706136409272e-05	3.44706136879128e-05	0.0190322273439302	3.44706136824196e-05	0.000589442151092579	3.44706136872696e-05	0.00099001485965851	0.87036453148395	3.49115757124815e-05	3.44706136872736e-05	0.0367609942628848	0.0525656087596461	3.44706137002022e-05	3.44706136872698e-05	0.0103938052900734	0.00588120347585255	3.44706139881528e-05	3.44706136844569e-05	3.447061368727e-05	3.44706136872666e-05	0.0019989865809484	3.44706136817491e-05
3.54049837640317e-05	0.00216349544819286	0.000598388149911671	0.00893167158450277	0.0256616829661398	0.000309715656386702	3.54049837455729e-05	0.00185594382894993	0.873245202465	3.54049837455718e-05	3.54049837455671e-05	0.03674515499358	0.0345985595132852	3.54049837411052e-05	4.1229346223562e-05	0.00157017523045689	3.54049837476486e-05	3.54049837387688e-05	3.5404983751501e-05	8.2361921084699e-05	3.54049837437685e-05	0.00673340809580518	0.00714436594675645
0.000102749751194758	3.4479934557276e-05	0.00453257346772858	0.0224589959824874	3.44799345882154e-05	0.0203910607247134	3.44799345561217e-05	0.000696433066227743	0.852901408926854	3.44799345561442e-05	3.44799345561473e-05	0.0567310560956747	0.0169617958445963	3.44799345535902e-05	4.00762203087849e-05	0.00521073853010746	0.00588442780060669	3.44799358914581e-05	3.44799345897144e-05	3.44799345561436e-05	3.44799345563076e-05	0.0100917642644029	0.00365211997813547
0.00121048148457947	3.58258528587256e-05	3.58258528562748e-05	3.58258528710092e-05	0.00951813805643266	3.58258528562751e-05	0.00305333317027083	3.58258528562289e-05	0.819997901168048	5.01941733566587e-05	3.58258528562728e-05	0.0848764363403211	0.0483496629216056	3.58258528037946e-05	0.00737683317696914	0.00227732162368282	3.58258528562581e-05	3.58258527811955e-05	3.58258528606975e-05	0.00719681949492594	0.00174132563437513	0.0139574683740927	3.58258528836005e-05
3.52684783100228e-05	0.00103781228152482	0.00477218692010974	0.0399638578103304	0.0066580927190997	0.0137514300699517	0.00224494997922647	3.52684783014464e-05	0.844131279097055	3.52684783014466e-05	3.52684783014364e-05	0.0331599799944969	0.0281643363311448	3.52684783014461e-05	3.52684783014456e-05	3.52684783014474e-05	3.5268478300886e-05	3.52684783068134e-05	3.52684783039809e-05	0.00352408051257484	3.52684783014466e-05	0.0221687725448522	3.52684783014475e-05
3.51986940744801e-05	0.0162173198038895	0.00168481538703851	0.0116051893101978	3.51986940695989e-05	0.0353805404946929	0.0022027097947869	3.51986940695951e-05	0.861063898987887	3.51986940695982e-05	0.00477268200278028	0.0570002902264545	3.51986940695991e-05	3.51986940695977e-05	3.51986940695991e-05	3.5198694069599e-05	3.51986940702703e-05	3.5198694624793e-05	3.519869406801e-05	0.00129085819402338	3.51986940704177e-05	0.0083241127747822	3.51986940713552e-05
0.00292896336331024	3.63537856723435e-05	0.0051224537599256	0.00811589760410122	0.00583389031866766	3.63537856574713e-05	0.0150331278923734	0.0106482642288235	0.851109182388631	3.63537856574714e-05	3.63537856574762e-05	0.041456827239584	0.0389266470495867	3.63537856574823e-05	0.00054689049190633	3.63537856574714e-05	0.00213353937883108	3.63537853524725e-05	3.63537856467574e-05	3.6353785657471e-05	0.0173011163483043	0.000479662079678819	3.63537856592851e-05
3.50384257621947e-05	0.00525308091501259	0.00727394832585614	0.0159347435108333	0.0166022610508573	3.50384257593906e-05	3.5038425759391e-05	0.00096492899179473	0.861731428788301	0.00174834776523151	3.50384257593796e-05	0.0362994430185814	0.0347990958072058	3.50384257245172e-05	3.50384257593907e-05	0.00354528155259687	3.50384257571194e-05	3.5038425900623e-05	3.50384257612338e-05	3.50384257593897e-05	3.50384257594193e-05	0.0136289886615757	0.00183302892869206
3.59599759209189e-05	0.00318252525290019	3.59599759209169e-05	0.00614941706713514	3.59599759209184e-05	3.59599759209176e-05	0.000959860570128346	3.59599759211861e-05	0.80641216373793	3.72472028968265e-05	3.59599759209153e-05	0.103937669774927	0.0355629940977291	0.00109414277618657	0.00516981593129972	3.59599759209185e-05	0.0102211448410343	3.59599759159876e-05	3.59599759285009e-05	0.0111307306713033	3.59599759209186e-05	0.0157467283413953	3.59599759227131e-05
3.48890324582518e-05	3.48890324606058e-05	3.48890324625579e-05	0.00972806938031167	0.00368407074070471	0.0206770940263384	3.48890324625578e-05	3.48890324625583e-05	0.862245560908816	3.48890324625638e-05	3.48890324625577e-05	0.0272063090622087	0.0183193142098649	0.00663228080873207	3.48890324625558e-05	3.4889032462558e-05	0.0249809594539597	3.48890325865725e-05	3.48890324744071e-05	3.48890324625584e-05	3.48890324618737e-05	0.0122495108500736	0.0138232731368484
3.54134375729053e-05	0.00285242742352767	0.00686498018537789	0.00869586983749346	3.54134375657388e-05	0.00439573651081111	0.00184828911904335	3.54134375657394e-05	0.870129678484068	3.54134375657409e-05	3.5413437565739e-05	0.0304612760936729	0.0225189882911028	0.00672886037930548	3.54134375657392e-05	0.0104995534387075	0.0166219008441772	3.54134379873219e-05	3.5413437565743e-05	3.54134375657384e-05	0.00390841415540371	0.00777839721686694	0.00637690708192121
3.56338711083732e-05	3.56338711124958e-05	3.56338711083734e-05	0.0167503739147813	3.5633871108373e-05	0.0070341355452959	0.00325334781255669	0.00985680314598566	0.828580470642778	0.00355988758187882	3.56338711083748e-05	0.0548531558295909	0.0322749102443475	3.56338710538941e-05	3.56338711083734e-05	3.56338711083734e-05	0.0130719709308724	0.000651748754176378	3.56338711100274e-05	0.00452559915190731	0.00655925447814738	0.0186720032566447	3.56338711101514e-05
2.51360469192523e-05	2.51360469589314e-05	2.5136046897401e-05	0.0023554547701406	2.51360468973997e-05	0.0038983128931676	0.0110270149086612	2.5136046897399e-05	0.88725897477425	2.51360468973998e-05	2.51360468973972e-05	0.0466156994945079	0.0102454390278549	2.51360468973997e-05	0.0117730875070237	0.0137516722481517	0.000889345434761221	2.51360468983146e-05	2.51360468966013e-05	2.78735732230199e-05	0.00761183708030974	0.00173119140088676	0.00256273641800418
3.57193572509583e-05	0.0118272574272489	3.57193572514354e-05	0.0108024913361121	0.0129639028225905	3.57193572514355e-05	3.71971880108189e-05	3.57193572519319e-05	0.816991481099364	3.57193572514343e-05	3.57193572514346e-05	0.06865563956553	0.0378299206518438	3.57193572530493e-05	0.0128236955256358	0.00420269742087965	0.00527928492457707	3.57193578279016e-05	3.57193572541421e-05	0.000974100388961725	3.57193572521309e-05	0.00837586891714351	0.00887926915900627
3.4586494139261e-05	0.00823884603187043	3.59279282837598e-05	0.00622850746658839	0.00169296613139254	3.45864941365559e-05	0.00361811552729877	3.45864941365543e-05	0.853680377716907	0.00463252640383149	3.45864941365597e-05	0.0314828748016783	0.0537302894320677	3.45864941365562e-05	0.00585213798546478	0.00581461992776406	0.0073044373432527	0.00606315340914923	3.45864941367242e-05	3.4586494136556e-05	3.45864941365559e-05	0.0113107021429453	3.78257984106761e-05
3.54281707302256e-05	3.54281707256883e-05	3.54281707219714e-05	3.54281707234041e-05	0.0278660684151956	0.00706741426503082	3.54281707219715e-05	0.00121847977375842	0.865631189264392	3.54281707219716e-05	3.54281707219751e-05	0.0493710490841733	0.0279527312108145	3.54281707236134e-05	3.54281707219706e-05	0.0069870355429669	3.54281707165585e-05	3.54281711501803e-05	3.5428170727925e-05	3.54281707219721e-05	0.00591878772463361	0.00749125032847414	3.54281707307842e-05
3.50084891605527e-05	0.00197951892164225	3.50084891709735e-05	0.0198208052422267	3.50084891709733e-05	0.00254618819371914	0.0015805720134377	3.50084891664389e-05	0.846695414517438	3.50084891709739e-05	3.50084891709772e-05	0.0718227839589741	0.0360127416203069	3.50084892563993e-05	3.50084891709727e-05	0.0017062390288	0.00927285603635466	3.50084888331379e-05	3.50084891730253e-05	0.00212153159018909	3.50084891680724e-05	0.00602124700712624	3.5008489172716e-05
2.43798063018497e-05	2.43798063012192e-05	2.43798063029656e-05	0.0126967138766397	2.43798063029658e-05	2.43798063029665e-05	2.43798063029656e-05	2.43798063029665e-05	0.899003116303232	2.56932318751803e-05	2.43798063029591e-05	0.011868921974233	0.0261623483391151	2.437980630498e-05	0.000350633193263382	0.00915493415616615	0.00888391781284247	2.43798062840881e-05	2.43798063033187e-05	0.009922078542888	2.43798063094005e-05	0.00710502760094004	0.0145340572931823
0.000734759606297963	0.00146562626775249	3.54770751240032e-05	0.0140128040633863	3.54770751239967e-05	3.54770751240012e-05	0.00355339799577175	3.54770751239943e-05	0.869193247511729	5.5202585633892e-05	3.5477075123987e-05	0.0364348211911149	0.0493288264698968	3.54770751238549e-05	3.54770751239972e-05	3.54770751239951e-05	0.00205478428190448	3.54770751363206e-05	3.54770751531414e-05	0.00500343221213679	3.54770751247316e-05	0.0177373729128235	3.54770751462656e-05
2.44912207417231e-05	2.44912207375152e-05	0.0108800889911861	0.0136269160681619	2.44912207289372e-05	0.00521604431889042	0.000816220255273538	0.0038540096352723	0.877745489031567	2.96292092631235e-05	2.44912207289328e-05	0.0240057232890469	0.030612453903196	2.44912207289389e-05	0.000124903263766294	0.00889005403195047	0.00973699581628767	2.44912195324003e-05	2.4491220733733e-05	2.44912207289383e-05	2.44912207288722e-05	0.0142165599800179	2.44912207301585e-05
2.46559777996384e-05	0.0158808504648228	2.46559777920621e-05	2.46559777928723e-05	0.0256221125377854	0.0198421899755628	0.00649399597368589	4.09160039229759e-05	0.869201376331421	2.46559777920628e-05	2.46559777920628e-05	0.0267287977854743	0.0223415308596136	2.46559777142186e-05	2.46559777920606e-05	2.46559777920612e-05	0.00423090277787042	2.46559774732021e-05	2.46559777908208e-05	2.46559777920621e-05	2.46559777920653e-05	0.00929679957893327	2.46559777920637e-05
0.000304102786554486	3.49897228101059e-05	0.0147017948432234	0.0342077557976484	3.49897228062408e-05	3.49897228056893e-05	0.0209948879241667	0.0232697738249818	0.781021682509081	3.66708998116086e-05	3.49897228056887e-05	0.043324012780987	0.0375696361755966	0.0179052713779075	0.00333061207115827	0.00884578212913267	0.00235775429341716	0.000364547876997359	3.4989722809049e-05	0.00439768728304069	0.00360703113517157	0.00355105795428166	3.49897228056905e-05
0.00331523366479993	3.07623939984746e-05	4.99498762182384e-05	0.0343308127877462	3.0762393999991e-05	3.07623939999766e-05	0.106201228245737	0.14181249341388	0.557849894243959	0.00514224689295801	3.07623939999887e-05	0.0396876541711851	0.00802499892385384	3.07623939999933e-05	0.00854600533383207	0.0181041427876771	3.07623939999335e-05	3.07623940150421e-05	3.07623939991504e-05	0.00414514304509212	0.0677563803995762	3.07623939999898e-05	0.00475695466747321
3.52642331304059e-05	0.0151509775660876	0.00850395525583857	0.0166120376387875	3.52642331230953e-05	0.0322393633775003	3.82778056264402e-05	3.52642331224788e-05	0.853275790634006	0.00139965217109833	3.52642331224879e-05	0.0431807966940518	3.56686845012552e-05	3.52642331224788e-05	3.85784494547181e-05	3.52642331224788e-05	0.0016936884354015	3.52642353152712e-05	3.52642331247298e-05	3.5264233122478e-05	0.00855166543755491	0.0189269055166622	3.52642331224784e-05
0.00576989171761338	3.60672946001857e-05	3.60672945977186e-05	3.9934495219706e-05	0.00684314025062626	0.0157463399416308	0.0107883734055999	3.60672945977203e-05	0.845033047115695	3.60672945977202e-05	3.60672945977195e-05	0.0576563111279335	0.0329341237790898	3.60672946115353e-05	0.00259186499746373	0.00110025399735379	3.60672945981719e-05	3.60672945971473e-05	3.60672945977194e-05	0.00897109118101218	3.60672945977243e-05	0.011651449089014	0.000513505955753943
2.52314634270769e-05	2.5231463422149e-05	0.0075665686558812	2.52314634270764e-05	2.52314634270757e-05	2.52314634270723e-05	0.00593490612129787	2.52314634270757e-05	0.850153848800028	0.00320645143054984	2.52314634270885e-05	0.0846477996245461	0.0344521684488307	2.52314634270762e-05	2.52314634270765e-05	0.000394525812177551	0.00307274866134827	2.52314641806714e-05	2.52314634271806e-05	2.52314634270767e-05	2.52314634270824e-05	0.0100184562689263	0.000224517151113475
0.000550278644106825	3.43670198994672e-05	0.0110361786296222	0.0191121670846501	3.43670199036377e-05	0.0813855293995175	0.00230116401833308	0.0182990505856456	0.810351707938554	0.0100194726332772	3.43670199036321e-05	0.0249807698833836	3.43670199036334e-05	3.43670198527623e-05	4.91618798599601e-05	0.00923246375729212	0.00161802872155765	3.43670201210702e-05	3.43670199054267e-05	0.0029513719115845	3.43670199036339e-05	0.00780335173331216	3.43670199097645e-05
0.0016689366267369	0.00346938110780223	0.00652932307277334	0.0116357063794514	3.51299937737399e-05	3.51299937737383e-05	0.0629481212710307	0.0285679125004588	0.789826833652793	6.15879268843343e-05	3.51299937737371e-05	0.0426699238832942	0.0204868569596859	3.51299937737492e-05	3.51299937737388e-05	0.00112358675848163	0.000928989152214603	3.51299935175425e-05	3.51299937665475e-05	3.51299937737386e-05	0.0297315407709208	3.51299937697327e-05	3.51299937754905e-05
2.59760058854956e-05	2.59760058827723e-05	2.59760058838648e-05	0.00129612834858303	0.00591491002655798	0.0131314912103807	0.00775248585088103	0.00624101466205107	0.880714819444066	3.26393678596082e-05	2.59760058838636e-05	0.0367014430497093	0.0361028441742008	2.59760058030418e-05	2.66782437960381e-05	0.000226107297000247	2.59760058902445e-05	2.5976006228375e-05	2.59760058846985e-05	0.000282487097046156	2.59760058838609e-05	0.0113171911687838	2.59760058577069e-05
3.53398154752601e-05	0.00203383851573978	0.00244052205608057	0.0162388964142399	3.53398154781169e-05	0.00783026413977306	0.00671064420309524	3.53398154702901e-05	0.853783143695384	3.53398154781175e-05	3.53398154781174e-05	0.0455589996112153	0.0181305432385137	0.00642087115156462	0.0195052824027567	3.53398154781175e-05	3.5339815442449e-05	3.53398154833445e-05	0.00128272528467188	0.00286261398439315	3.53398154781157e-05	0.0103214393836188	0.00656215757969128
0.00209365116349904	3.62300397887564e-05	0.000991429967615608	0.0265939260077322	3.62300397836694e-05	0.00348414019739528	3.62300397836695e-05	3.62300397792222e-05	0.868699443144507	3.62300397836687e-05	3.62300397836754e-05	0.0183818251499313	0.0331040533178474	3.62300397843485e-05	3.62300397836698e-05	0.00164040293645107	0.00939298242578559	3.62300400091158e-05	3.62300397788302e-05	0.0153296804292344	3.62300397836786e-05	0.00642826005575622	0.013461674766402
0.00136499283823235	0.00295103444452604	0.00182729327076461	0.00954664513908781	0.00349673597096228	2.50274306723575e-05	0.00374534479154062	2.50274306723549e-05	0.859117901568252	2.50274306723578e-05	2.50274306723701e-05	0.0505777579807636	0.0480954771188159	2.50274306488902e-05	2.50274306723576e-05	2.50274306723576e-05	0.0117926363015245	2.50274306526097e-05	2.50274306723426e-05	0.00035142762107329	2.50274306723575e-05	0.006857451217104	2.50274306723181e-05
3.47692524051775e-05	3.47692524113082e-05	0.0200662598133948	0.024139437735756	3.47692523925731e-05	0.0312246017446238	0.00367091791741743	0.0195360921270981	0.832346510184886	3.56906846547767e-05	0.0012011102670672	0.0279401704939688	0.0222834808583783	0.000718278995656243	4.39581701373349e-05	0.00120850146944052	3.47692524036479e-05	0.000261370103144204	3.47692523986581e-05	3.47692524026038e-05	3.47692524026062e-05	0.00600688513532485	0.0090733495322346
0.00346970224405372	3.53617447279297e-05	0.00432079854129604	0.00601462409422659	3.53617447285881e-05	0.0502180048834437	0.00571502436478146	3.53617447285867e-05	0.840467787598141	3.71568733332101e-05	3.53617447285893e-05	0.0386617392544157	0.0121086861051269	3.53617447258024e-05	3.53617447285903e-05	0.0125321031540802	0.0138752230249857	3.53617447183917e-05	3.53617447296684e-05	3.53617447285903e-05	3.53617447285725e-05	0.00609068053806996	0.006134851876772
3.53928495445083e-05	3.53928495444856e-05	3.53928495418626e-05	0.00780349421467293	0.0311341928768589	3.53928495418646e-05	3.53928495418624e-05	3.53928495403904e-05	0.862812032445092	3.53928495418624e-05	3.53928495418595e-05	0.036672905545046	0.0298987207839264	3.53928495423086e-05	3.53928495418637e-05	0.00649205741382276	3.53928495438185e-05	3.53928493268911e-05	3.53928495475458e-05	0.0129687093444245	0.00150060802940622	0.0087429091783399	0.00151426312456935
0.00200967068571291	0.00199258828960772	3.51097567438724e-05	0.0302957377513485	0.00252535718396255	0.0204216096337105	3.51097567438726e-05	0.00109648985700243	0.885153518816058	0.00330618000537581	3.51097567438912e-05	0.0265120839489581	0.0161076188675681	3.51097567420332e-05	3.51097567438728e-05	0.00098087352153441	3.51097567451992e-05	3.51097567450433e-05	3.51097567420273e-05	0.000161872573497378	3.51097567437696e-05	0.00908530129823321	3.51097567363612e-05
0.00172149077087383	3.53587657396677e-05	0.00809434306725749	0.00902578206185271	3.53587657479984e-05	3.53587657479998e-05	0.0301874526603262	0.0196721760340786	0.800525740495072	3.53587657479998e-05	3.53587657479947e-05	0.0370468792168285	0.0461486902834806	3.53587657593428e-05	3.5358765747998e-05	3.53587657480007e-05	0.0193055339000685	3.5358765762225e-05	3.53587657509312e-05	3.53587657479998e-05	0.0156997229462384	0.0121478833749247	3.53587657497645e-05
3.58898571729891e-05	3.58898571708198e-05	3.58898571698896e-05	0.0189345043728027	3.58898571698872e-05	3.58898571698955e-05	3.58898571698878e-05	3.58898571698879e-05	0.812365329243239	0.00604854817512371	3.5889857169887e-05	0.0561377117732878	0.0603529951527168	0.000278051756296704	0.0142361193344755	0.000260980366609469	0.00835377494605576	3.5889857162919e-05	3.58898571589818e-05	3.58898571698884e-05	3.58898571698877e-05	0.0174101983266808	0.00519110826668706
0.00106236347488264	3.47898601690537e-05	0.00536865861035237	0.0314631416145578	3.47898601667081e-05	0.000377117327798077	3.47898601667076e-05	0.00071318584003341	0.848831371314893	0.00467459591521575	3.47898601667231e-05	0.0534419612955981	0.0339487696161475	3.47898601673836e-05	3.47898601667064e-05	3.4789860166706e-05	0.00840293702332035	3.47898606676461e-05	3.47898601663748e-05	0.00271703274175895	3.47898601630407e-05	0.00661458614400864	0.00203638047926578
0.000268763248832675	3.48425975307008e-05	3.4842597547482e-05	0.0217061993719374	0.00481283008284252	0.0246071740073129	0.00588060615559122	3.48425975466055e-05	0.845575807930639	0.000603731584679272	3.48425975474878e-05	0.0332136606703998	0.0297501644911308	3.48425975474821e-05	0.00176640281944678	0.00195438274539339	0.00937005336443965	3.48425975320524e-05	3.4842597547845e-05	3.48425975474815e-05	0.00492095738584303	0.0084592472083944	0.00683127815276996
3.4010678436537e-05	0.0035361970531452	0.0109194178890937	0.0193443161222313	0.0110158838765902	0.0321028284800967	0.00359776757140244	3.40106784365372e-05	0.831430355312151	0.00275257858488861	3.40106784365176e-05	0.0259666786167651	0.0352034676763355	3.40106784365317e-05	3.40106784365375e-05	0.00281824040750142	3.40106784342644e-05	0.000610857813157663	3.40106784316817e-05	3.40106784365376e-05	3.40106784376619e-05	0.020361303812281	3.4010678436537e-05
2.54162938737354e-05	2.54162938681709e-05	2.54162938703819e-05	0.0151474844122595	2.54162938703853e-05	2.54162938703863e-05	0.0153882951912283	0.000479605032520849	0.842387276143454	0.0123707244322507	2.54162938703792e-05	0.066895550931918	0.0306514449487361	2.54162938703883e-05	2.54162938703857e-05	0.0031664045415453	0.00371704731047978	2.5416293841094e-05	2.54162938714017e-05	2.54162938703859e-05	2.54162938912037e-05	0.00946575523530271	2.54162938656637e-05
0.000217530302146952	0.00196387729655309	3.58283623441955e-05	0.00938773938930018	3.58283623441885e-05	0.0045239786393593	0.0311652166669745	3.5828362344196e-05	0.839122199092874	0.00834264745514846	3.58283623442033e-05	0.032476896057115	0.00968282245047632	3.58283623442073e-05	0.00626036277318237	3.58283623441954e-05	0.00743417226301406	0.00136086070202324	3.58283623426167e-05	3.58283623441963e-05	0.0364622345177876	0.0112770071329567	3.58283623357047e-05
0.00226595748010943	3.57386030083989e-05	0.00633949448278139	0.00325577928387517	3.57386029843344e-05	0.0220226260944879	0.00232618460705708	0.00421120752315099	0.817389588666991	4.00183718638163e-05	0.0188531661313857	0.0478357657879561	0.0290799888184309	3.57386029843304e-05	0.00188362093861793	3.5738602984332e-05	0.0153510452992928	0.00191632727920933	3.57386029843329e-05	3.57386029843295e-05	3.57386029843324e-05	0.0269433204109068	3.57386029694677e-05
0.00282146040230845	0.00476503428133318	0.00506475812540402	0.0101706101810306	3.51972646396988e-05	3.51972646397006e-05	0.00998036574108696	3.5197264638844e-05	0.82748622542867	0.00601971870676887	3.5197264639704e-05	0.0594605779242428	0.0240962751572051	0.00964698610340274	0.00124941803037835	0.00156842181183395	0.00937953376073792	3.51972646144249e-05	3.51972646414391e-05	0.00126276635081639	3.51972646397016e-05	0.0267462698776871	3.51972646397034e-05
3.48749585285133e-05	3.48749585209849e-05	0.00335499917965773	0.0288801949407019	3.48749585284349e-05	0.0203123526944546	3.4874958528513e-05	3.48749585285123e-05	0.842753298991632	3.48749585285135e-05	3.48749585285059e-05	0.0297368484871797	0.0330756328485698	3.48749585618385e-05	3.48749585285099e-05	3.48749585285133e-05	0.0144206807942076	3.48749585412974e-05	3.48749585292143e-05	3.48749585285134e-05	3.48749585285133e-05	0.0269428676856288	3.48749585293281e-05
2.535350013212e-05	2.53535001398433e-05	0.00584979668599409	0.0201115699634617	2.53535001321191e-05	0.00333270517154946	0.00209579369661285	0.00245843112049661	0.874317888709609	3.01170090320902e-05	2.53535001321143e-05	0.0356976269143859	0.00578375715526271	0.00213182059196318	0.00445641743062081	0.000125066683732825	2.53535001323508e-05	2.53535004780549e-05	2.53535001333765e-05	0.00754039173741357	0.0249873084012264	0.0108784807272257	2.53535001333709e-05
0.00177141114369515	0.00452520940304408	0.00562063573373633	3.55301037722354e-05	3.55301037710458e-05	0.01399581727131	0.00353810011254273	3.55301037703473e-05	0.828872503171607	3.55301037703497e-05	3.55301037703459e-05	0.0541554053386959	0.0290415041604029	3.55301037703491e-05	3.55301037703497e-05	3.55301037703493e-05	0.0264631031185724	3.55301039417564e-05	0.00294295387193202	3.55301037703497e-05	3.55301037703493e-05	0.0160323938774898	0.0126501316553235
0.00378201410170729	3.41011146541837e-05	0.0377711179383787	0.0308579341370481	3.41011146524296e-05	0.0464896595675509	0.00162835927028275	0.0134228660460872	0.794057170033868	3.41011146524294e-05	3.41011146524315e-05	0.0297619559685406	0.0223799606974121	3.41011146524289e-05	3.41011146524272e-05	0.0114164260180886	3.41011146504662e-05	0.000255266514174988	3.41011146524304e-05	3.41011146524301e-05	3.41011146524266e-05	0.00780215744568517	3.41011146515624e-05
0.00236392412810111	3.55823309013902e-05	0.00231281693651004	0.0298605512067755	3.55823308917212e-05	0.0117597440205477	3.55823308833131e-05	3.55823308821004e-05	0.876428381307033	3.55823308833126e-05	3.55823308833298e-05	0.0323442256881009	0.0170883424935206	3.55823308832509e-05	3.55823308833057e-05	3.55823308833134e-05	0.00632738673900521	3.55823308798034e-05	3.55823308908798e-05	0.011513227104051	3.55823308833148e-05	3.55823308806722e-05	0.00953883007484516
2.45539607938421e-05	2.45539607500081e-05	0.00337165237042541	2.45539607894029e-05	0.0300223994724191	0.0399627713484841	0.0036330723724735	2.45539607858056e-05	0.865728758728828	0.00632941210526666	0.00265180162544164	0.0258789926215927	2.45539607858023e-05	2.45539607955228e-05	0.00248993634956786	0.00277786553981036	0.00127162680900663	0.000960270937664978	2.45539607872446e-05	2.45539607858041e-05	2.45539607858382e-05	0.00748275989496389	0.00721769417699546
3.49374997289283e-05	0.00354283338479558	0.0170157168010098	0.0280697641872298	3.49374997301556e-05	0.0306633201039015	3.4937499730156e-05	3.49374997301565e-05	0.840200161401663	0.00113641724396813	0.00205147152407613	0.0226122529991619	0.0306537099422826	3.49374997301546e-05	0.00335654453745449	3.49374997301542e-05	0.00407270833696795	3.4937499832283e-05	3.49374997284037e-05	0.001917037682678	3.49374997301551e-05	0.0100124629036958	0.00438116145344468
0.00113627497338258	0.00694025848634368	3.57628569097277e-05	0.0167972769688704	3.88319863503082e-05	0.00552653791997085	0.00568788743418428	0.00741265339212484	0.859098397111611	3.92150705340038e-05	3.57628569097247e-05	0.0547808725318559	0.0225605884502223	3.5762856909707e-05	0.00626975618226473	3.5762856909729e-05	3.57628569116018e-05	3.57628569101285e-05	3.57628569118501e-05	0.00696453699697131	3.5762856909727e-05	0.00642504678312006	3.57628569115119e-05
3.62368945472267e-05	0.00491363932023675	3.62368945498111e-05	0.0152216444427982	0.000288743640451523	3.62368945498121e-05	0.0141994641054371	3.62368945462947e-05	0.895120045490303	3.62368945498123e-05	0.00261491418330242	0.0241890740781673	0.015050490360582	3.62368945498218e-05	3.62368945498105e-05	0.00282413162273684	0.0091133288263627	3.62368949358871e-05	3.62368945216229e-05	0.0159793045936778	3.62368945498133e-05	3.62368945501067e-05	8.66134955445456e-05
0.00178966697372763	3.53290574479558e-05	3.53290574441769e-05	0.0222642417978483	3.53290574441755e-05	0.00521580536649933	0.0377965737431929	0.00191663672956336	0.810177874895937	0.000907181465798677	3.5329057444177e-05	0.0580962824241395	0.0166988538451875	3.5329057444178e-05	0.0109356428051326	0.00421898891446725	0.012862900424774	3.53290574373254e-05	3.5329057445775e-05	0.00599265122857238	0.00763439160567082	0.00320967531993513	3.53290574459329e-05
3.6227380363593e-05	3.62273803538047e-05	0.000317481110980858	0.0140075473073056	3.62273803635912e-05	3.6227380363594e-05	3.62273803635933e-05	3.6227380363593e-05	0.871054372979908	3.62273803635936e-05	0.00252663786484536	0.0669734472708138	0.0126193373188563	3.62273803635942e-05	0.00723697763944979	0.00349449328748677	0.00335474348991004	3.62273804454956e-05	3.62273803700113e-05	0.00910849467393933	0.00395478932121174	0.00495317655118323	3.62273803945498e-05
0.00123665580511822	3.58955847248349e-05	3.58955847253299e-05	0.0134050331196917	0.0182074583131785	3.58955847253297e-05	3.58955847253304e-05	0.00530955020192589	0.836419863850951	3.58955847253301e-05	3.58955847253297e-05	0.0530680490801441	0.0370828573346338	3.58955847253327e-05	3.58955847253301e-05	0.00549652831797708	0.005562022916972	3.58955846928406e-05	3.58955847265844e-05	0.00276305767927452	0.00849628005793627	0.0125577918902501	3.58955847253299e-05
3.61388308230427e-05	0.0128690760996552	0.0058535521276589	0.00898944445756866	3.61388308230404e-05	3.61388308230395e-05	0.00594836287579582	3.61388308247103e-05	0.830350161217091	3.61388308230392e-05	3.61388308230396e-05	0.0495875384792118	0.0299288811555233	3.61388308230418e-05	3.6138830823041e-05	0.00174135496400438	0.00591239568871232	3.61388308799489e-05	3.61388308278894e-05	0.0074240605884279	0.0152366157876839	0.0257610294195482	3.61388308248503e-05
0.000219474260892302	0.00106864235867269	2.41671642730803e-05	0.00799842060855599	0.0058158472870493	0.0226429022942578	0.00482545988919163	2.41671642730831e-05	0.863040914082748	0.00706978926691461	2.41671642730808e-05	0.0353956320098807	0.0163632654563345	2.41671642730747e-05	0.0183611000479667	2.41671642730792e-05	0.00457804385225832	2.41671642707894e-05	2.41671642740505e-05	2.4167164273078e-05	2.41671642721386e-05	0.0123788369425481	2.41671642742889e-05
3.49289685157814e-05	3.49289685290957e-05	0.00583352103694333	0.00817054525420839	3.49289685411167e-05	3.49289685431831e-05	3.74696298599127e-05	3.49289685431839e-05	0.871070641175001	0.000636680329598877	3.49289685431871e-05	0.0331599270982309	0.0354146538815653	3.4928968543168e-05	3.49289685431851e-05	0.00808653294289669	0.00381512561378976	3.49289685526003e-05	0.00823037872867456	3.49289685437012e-05	3.49289685431855e-05	0.00461895505151768	0.0205413506037724
0.000688990347876721	3.58752954008881e-05	3.58752953970509e-05	0.0148300929043979	0.0147518435567636	3.58752953970502e-05	3.58752953970505e-05	0.0019519315688235	0.869675119649823	0.00243825046907744	3.58752953970496e-05	0.0322294465569632	0.0350830211210889	3.58752953974911e-05	3.58752953970505e-05	3.58752953970508e-05	0.00850529916654458	3.58752958136196e-05	3.58752954035734e-05	0.00981604565846426	3.58752953971875e-05	0.00959945545497896	3.58752954029267e-05
0.000300098881644141	3.58940604868749e-05	3.58940604897823e-05	0.00351318861533917	0.00217115373268952	3.58940604897816e-05	0.00827804136474042	0.00571889587782785	0.852041397435921	4.33014768302081e-05	3.5894060489781e-05	0.052853959113902	0.0287651396357793	3.58940604897826e-05	3.58940604897837e-05	3.58940604897825e-05	0.016680703893853	3.58940604949618e-05	3.58940604985186e-05	0.00717861021528819	0.0150174541872259	0.00707911496404797	3.58940604915727e-05
