Bcells	CentralVeinEndothelialcells	Cholangiocytes	Hepatocytes	Kupffercells	LSECs	Mesothelialcells	PortalVeinEndothelialcells	Tcells
0.000469818203105525	0.00542302207902791	0.000128816814291367	0.827693045211713	0.0940778141808042	0.0317019978750747	0.0224623128761498	0.00272315957831224	0.0153200131815211
0.0110312910835652	0.0168278292329479	0.0193139641074871	0.745079598287014	0.0999203575126424	0.0113897494991665	0.0459884812288445	0.0225919082140471	0.0278568208342856
0.0425199667692802	9.17668801375076e-05	0.00565850622570659	0.796192115499086	0.0522376192977154	0.0516707558313944	0.00639463106071971	9.17668801380762e-05	0.0451428715558218
0.0340177226224803	0.0154386210247285	0.00439303958074841	0.820312035248099	0.0765958752684204	0.0248375841307823	0.0163177460626646	0.000133042583680831	0.00795433347839513
0.0267209974314091	0.0649788273579738	8.70101537363739e-05	0.835098870294091	0.0267702113259531	0.00910260493346567	0.0320138227664936	8.70101537380385e-05	0.00514064558313924
0.0252350934001421	8.95842102771149e-05	8.95842102718256e-05	0.789900341196183	0.0682716395933305	0.0454395339334436	0.0273053980788267	0.0220285302617859	0.0216402951157391
0.0427871388079124	0.00930375549151155	0.00013022030009913	0.747275625071003	0.104368932811078	0.03675875107265	0.0207850613268954	0.000130220300101624	0.038460294818748
0.0796505210765201	0.000118809083199403	0.111892660648561	0.583476134118866	0.0655358011228912	0.0087072621995034	0.0677844583315325	0.0803500813347041	0.00248427208422186
0.0149437695973823	0.000128892952194086	0.02580813643501	0.766832375996773	0.0716636008406201	0.014513763812533	0.0367891260247447	0.0231039285523822	0.046216405788361
0.0392762780090891	0.0124691143991906	8.8875545166379e-05	0.856401885213113	0.0376202342235513	0.0172838961716063	0.000361288263942861	0.0253135596003026	0.0111848685740383
0.00531930422865709	0.000376912094036534	8.96307462346894e-05	0.834202802212561	0.0780020583857084	0.0358840759610552	0.00858633193618556	8.96307462349363e-05	0.0374492536893263
0.0179225223145168	8.90401903043643e-05	0.116423163546085	0.736740926916734	0.0358795241708455	8.90401902999179e-05	0.0312735576040042	0.0492764749959097	0.0123057500713001
0.0140193677831942	0.0183567035076664	0.0112417750134743	0.810005813705788	0.0825548489572037	0.0207725099713594	0.0071461406889112	0.00451537525185928	0.0313874651205435
9.16279143317475e-05	9.16279143317494e-05	0.000640608209523575	0.835477210891394	0.0553660595761862	0.0393476386841107	0.0154198203997607	0.00168480548971739	0.051880600920644
0.0282237387525856	0.000525129865841442	0.000767788746589813	0.852432484098561	0.0416048183233471	0.0457225473709438	0.00151786271317489	9.18813367941165e-05	0.0291137487921621
0.0196398855187163	0.000132676697294068	0.00678187820460364	0.793577094413426	0.0739049764441979	0.0348070999861521	0.0069004065483097	0.0152230165934107	0.0490329655938896
9.01384959825501e-05	0.0122677853135522	9.01384959879952e-05	0.851963452541005	0.0742784636658326	0.0316377105732024	0.00560227534409927	0.00806131022265314	0.016008725347685
0.00648021891241437	0.0118746020552326	9.28237036751723e-05	0.842915888956461	0.0774080424440661	0.0282180750994429	9.2823703684857e-05	0.00546066864339516	0.027456856481628
0.00297851924148688	0.0565107821865662	9.04886812719815e-05	0.843704590213322	0.0275826690180165	0.0186930611830159	0.0150744203300355	9.04886812742738e-05	0.0352749804650111
0.0201353612775619	0.0326752941663305	8.9184628763887e-05	0.850921867094389	0.032868722151818	0.0158373785411219	0.0123873111887873	0.0048351097867082	0.030249771164519
0.0203803260283379	0.0038807965185172	0.000128298688395357	0.863691198085348	0.0388101990006495	0.0209414866488269	0.00327820885611928	0.0127830731615027	0.0361064130123029
0.0124351442025875	0.000136333552312586	0.00700311463719399	0.797035918060132	0.100645683202163	0.0214721900998808	0.0045510660433273	0.0230796835118517	0.033640866690551
0.0020623815977655	0.0303212993985021	0.0202188544758964	0.84583504819344	0.046943955710883	0.000832227903883527	0.0195895740535386	0.0340616224006083	0.000135036265482345
0.00235077829304955	0.0357636364791643	8.73104191929199e-05	0.862880672762542	0.0555530978429652	0.0276150594306673	8.73104191938991e-05	8.73104191939004e-05	0.0155748239340307
0.0125873934918505	0.0128108061565742	9.38313567880601e-05	0.862799239030226	0.0440847498598998	0.0152373424918536	0.00853784664771249	0.00790782701232315	0.035940963952772
0.00350537770201173	0.0181333652609186	8.86178679585025e-05	0.820428971436081	0.0873124637250807	0.0230099776602165	0.0187224973866715	8.86178679528072e-05	0.0287101110931089
0.00739208115357495	0.000129739071939956	0.00012973907193705	0.765654472755744	0.129395899801153	0.0344614331632654	0.00871790034064084	0.0209024994358244	0.0332162352059204
9.11253327873768e-05	0.0382008018451652	9.11253327917096e-05	0.808686345143167	0.0604151375543064	0.0167536350066507	0.0280337968719872	9.11253327873768e-05	0.0476369075803569
0.0375045067556084	0.0224270959188432	9.0569903692652e-05	0.834566219639792	0.0874881508199306	0.0176517472510581	9.05699036917181e-05	9.05699036917179e-05	9.05699036917181e-05
0.0299736613033142	0.000128991907792149	0.0111838698382574	0.797723774425185	0.0559826808857643	0.0356769716865021	0.0129869086583199	0.0418341500099808	0.0145089912848837
0.0359395675901329	0.0152566025650779	8.99210907370772e-05	0.836999678403555	0.048212356013661	0.0247032910276043	0.0276087004820561	8.99210907263363e-05	0.011099961736449
0.028958784513248	9.21576705400121e-05	9.21576705443698e-05	0.746979077684876	0.150301702572524	0.0448696619527175	0.00137491173575153	9.21576705400119e-05	0.0272393885292583
0.00977136911392479	0.0146843598163651	0.000131554629429308	0.843796313908773	0.0507670329014786	0.0299348197170278	0.00991392026608841	0.00996064710989237	0.031039982537021
0.011373216266415	0.00847219546193099	9.46234818754786e-05	0.849206829939365	0.0590765471618767	0.0171094448737988	0.00655049821504683	0.0107674806868689	0.0373491639128222
0.0246711188035783	0.0293120885492704	0.000127521692228844	0.77682127930044	0.0951668310773882	0.0167425026574542	0.0171061811585292	0.0176896633866358	0.0223628133744752
9.13878871433065e-05	0.00430410290172798	0.00891002063158488	0.846434439631208	0.0785096572221375	0.000835544183236377	0.0140248729403958	0.00942818990843796	0.0374617846941286
0.0475504803637885	9.00640199736682e-05	9.00640199719416e-05	0.744594873119078	0.110050973151284	0.0436050682755198	0.022487131601681	9.00640199736647e-05	0.0314412814287298
0.0241909122969698	0.0106343906371937	8.91894226637061e-05	0.837578829266369	0.0482383651991472	0.0495851750091889	0.0117564792802913	0.0123877748169292	0.00553888407124697
0.0344617075943544	0.000867671419624729	8.80318571808204e-05	0.815504955912951	0.0796068280375036	0.0230020306429227	8.80318571838781e-05	0.0302458706635278	0.0161348720147506
0.0181803036753767	0.00389267989108344	8.94646602964581e-05	0.815011824066919	0.102877557446516	0.0439727016300935	8.946466029673e-05	8.94646602967299e-05	0.0157965393091218
0.00100680716270921	0.0144016484802667	9.07318755939466e-05	0.905695762900604	0.026364095798464	0.0126664776762816	0.0122076323076058	9.07318755998363e-05	0.0274761119228745
0.00676998329200071	0.00325719567757566	0.0021323033462099	0.836397606581031	0.0532860215052583	0.045365152309542	0.0168024835247135	9.14164948923038e-05	0.0358978372687764
0.00547945519025855	0.0105309077600152	9.01559035570668e-05	0.870458934329967	0.0399897013827543	0.031697872540079	0.0276276020297554	9.01559035681737e-05	0.0140352149600457
0.039580062581207	9.12861065741397e-05	9.12861065731457e-05	0.852038680473358	0.0400217238228726	0.0372830801386109	0.00755112727262433	0.00519762825752456	0.0181451252406551
0.0520541286388979	8.9265884399583e-05	0.00873365804288543	0.724398010340552	0.0629418031733582	0.0297224042766342	0.0286341239157694	0.0516185488182972	0.0418080569092063
0.0597466432011017	0.00791893256862178	0.134934481216136	0.513927797709655	0.064744890667659	0.00393396319807088	0.080090047503308	0.111852480628398	0.0228507633070505
0.0252771772825078	0.0366371909957674	9.03726214859757e-05	0.805183306097454	0.0786928901418609	0.00879781316379146	0.0124749313762744	0.0217334498516181	0.0111128684692394
0.0204697964140208	9.25759710522001e-05	0.0058157596902644	0.797569398889384	0.0707977624326569	0.0554934889683601	0.0173905956671961	9.25759710522025e-05	0.0322780459960137
9.06419612146406e-05	0.01047803947494	0.00133834165573543	0.79535618951848	0.105325977770265	0.0194473803794179	0.0234310615527085	9.06419612146375e-05	0.0444417257260232
0.0123294934776948	0.100058349695761	0.000818952463908309	0.801518471936161	0.0384281026647778	8.68778905457929e-05	0.0217890561601348	0.0248799937023815	9.07020086351282e-05
0.0308701384347657	8.78138502482397e-05	0.0708555462629249	0.764273393396477	0.0487099415667202	0.0173764493796584	0.00736037451314061	0.0420700382332169	0.0183963043628483
0.00617031251252315	0.0292120681848516	0.00333501092366857	0.855899569677683	0.0534498542027897	0.0263310435378746	0.00789457015728443	9.2215161048854e-05	0.0176153556422763
9.06566043303969e-05	0.0259595000651189	9.06566043345769e-05	0.843204861609842	0.0781943746923744	0.0113424634853521	0.0225628633373595	9.06566043335102e-05	0.0184639669969541
0.00233163592572289	0.0216643761463895	0.000133145483013221	0.853562317293227	0.039919144566445	0.0106438786787457	0.00784182678285559	0.00594345668797661	0.0579602184356248
0.00556900564564079	9.32512566036326e-05	9.32512566026114e-05	0.838824020964109	0.0814323814562914	0.0415903240452599	0.014660705825848	0.00682520670386708	0.0109118528457778
0.00585718216320484	0.0441711370438679	8.7851791688125e-05	0.815221252666415	0.042793908975941	0.00878595008357079	0.0417075556670177	0.0303917246037793	0.0109834370045151
0.014274734234823	0.0662442747014639	0.00187691311490982	0.83051206628641	0.0708373882011003	0.0148685054794273	0.001210149609615	8.79841861244257e-05	8.79841861263469e-05
0.0199810296075596	9.2233772679699e-05	9.22337726937833e-05	0.837031064991272	0.0619284549371883	0.0261618874050092	0.00113662086958351	0.00867675567671059	0.0448997189673036
0.00709464456140477	0.0286755959105606	9.23165352590419e-05	0.887848011041153	0.0342091569094374	0.0182451598511737	0.00150063509673852	9.23165352601269e-05	0.0222421635590131
0.0112405879632199	0.00469928266285088	0.0327648406183994	0.758944352789224	0.0723531044064672	0.0323029898701757	0.0296929332345478	0.046190821714522	0.0118110867405933
0.022601768878442	0.0101411408492425	0.000195005678137239	0.75335725561673	0.0987491922682468	0.0530858570282158	0.0317273763400826	0.0056800869632319	0.0244623163776714
0.0188150356469619	0.0109019074667188	9.10085899923084e-05	0.821235391750059	0.0946146606334313	0.0334776646154402	0.00331394046250928	9.10085899987818e-05	0.0174593822448881
0.0165971157343308	0.0423583262337892	8.75326559549314e-05	0.820319477190113	0.0516893691379816	0.0144928715995897	0.0183320181095544	0.0199745476572091	0.0161487416814776
0.0326776401897611	0.0509822660926126	0.00326429342645193	0.811742168975584	0.0343869496691398	0.040194289891019	0.0265821846983347	8.51035285482204e-05	8.51035285482201e-05
9.12195049552495e-05	0.0123974639159826	0.00409339658934452	0.805016269134923	0.102916913972402	0.0224795694385362	0.00287885651264466	9.12195049552515e-05	0.0500350914262573
0.00926225868040326	8.9951909841016e-05	0.028939903144959	0.813330077585917	0.0379471433036116	8.99519098410161e-05	0.0182789539454831	0.0728620719217011	0.0191996875982425
0.000130260429228413	0.033166964303485	0.000130260429224028	0.781800346989006	0.0866231059243292	0.0323727370124462	0.0304455883502825	0.0117917791284293	0.0235389574335695
0.00563180926700627	0.000128603085903584	0.0102850058073635	0.801860549157053	0.0991762054042069	0.0288917261240962	0.0199193903062054	0.00686114205155792	0.0272455687966078
0.00474632635138177	9.10488122049983e-05	9.10488122104637e-05	0.82048382997349	0.0630500594312233	0.0378331812185945	0.0283254319680147	0.0167003284667981	0.0286787449660821
0.0164891577902115	0.016898900457561	9.29337479127689e-05	0.836353091554202	0.0586240409130291	0.000410299488084433	0.0367049601412295	0.0173377198726919	0.0170888960350782
0.00567365176575803	0.0261449407657426	8.81288409001945e-05	0.765849532645717	0.0952208545015091	0.0334384797225596	0.0234396890734928	8.81288409061861e-05	0.050056593843414
0.0124257283241526	0.0874395878748985	8.53535964762733e-05	0.766103313818104	0.0424452294292667	8.53535964821021e-05	0.0545871582509922	0.00803988880737619	0.0287883863022519
0.00606412122912054	0.025986133868365	9.12260585276579e-05	0.86025178818331	0.0469360589163854	0.00709966821577879	9.12260585295025e-05	9.12260585295008e-05	0.0533885514114535
0.0145021171692018	0.0398514234550147	9.0507212642625e-05	0.872107176284651	0.0439010897236544	0.00299318794377747	0.00277030699201788	9.05072126464327e-05	0.0236936840063939
0.0139909621018398	0.0434021148938011	8.96091454271001e-05	0.800013868104608	0.0373675030061269	0.0373760426695234	0.0337830141777541	8.96091454290242e-05	0.033887276755491
0.0214753096120323	0.01264342225217	0.00187834128705566	0.811128762594793	0.0842366799168921	0.0156568956516255	0.0205553390290647	0.0124028635122962	0.0200223861440699
0.0225443521270426	0.0134235944522368	0.00781883990167262	0.86973875901557	0.0364384114042203	9.74339006940425e-05	9.74339007075551e-05	0.00562388686731712	0.044217288430539
0.0257042600814575	0.0083703869879227	0.0392695310401271	0.779548070931136	0.0863150500084651	0.0153373468789528	0.00553978606741553	0.00411867536351966	0.0357968926410038
0.0234421573258487	9.09140796392421e-05	9.09140796390915e-05	0.824178690585063	0.11048068215447	0.0108690727114395	0.0153451597124834	0.00149148185910427	0.0140109274923131
0.0276275009441143	0.0148261319402275	9.2240794325927e-05	0.79175769140976	0.0709094487837715	0.0309351894957522	0.00989883436198554	0.0141814323578319	0.0397715299122307
0.0342707965947509	0.0137688854767354	0.000131423280547475	0.795340797768364	0.0659332693132715	0.022082556461604	0.0140000550533628	0.0356608803383432	0.0188113357130206
0.0277361320010218	0.0526409837081556	8.70698041492948e-05	0.828322944650848	0.0412970751652377	8.70698041487925e-05	0.037294079846356	8.70698041487879e-05	0.0124475752159335
8.74061435105442e-05	8.74061435105438e-05	8.74061435088738e-05	0.855138128966446	0.0440206546116118	0.037712306039868	0.0107428560599004	0.00693445764682989	0.045189378244814
0.0248470564990493	0.000655439875085843	9.33377518096451e-05	0.837404443452815	0.0641390869688377	0.0327003132126075	0.00549897768950184	0.00894337308662134	0.0257179714636715
0.00888512247160598	0.00273604442639686	0.00777918897196439	0.805724588640353	0.0900939513675648	0.0259813911068291	0.00122763147271316	0.0327745581804853	0.0247975233620871
0.000247650008638034	0.0277348278941991	9.12200655524619e-05	0.832595480147616	0.0943017819645518	0.0314598456549433	0.00299624390684007	9.12200655578156e-05	0.0104817302921014
0.00735013338195474	0.0072059469274572	0.00012921364010345	0.810966864751159	0.076822667867528	0.0388213026150856	0.0211466717479828	0.000129213640105911	0.0374279854286238
0.000129355476566609	0.0273953339796788	0.000129355476566577	0.790847320377299	0.0976857010142516	0.0146498869946596	0.035371551805094	0.0008353031426038	0.0329561917332802
0.0250425331344011	0.0282407707268149	9.03110829247817e-05	0.83289138841108	0.0574290190218497	0.0182457947751833	0.0123288167413598	9.03110829255207e-05	0.0256410550234609
0.00941913346687661	0.0548892697512503	8.5688553064698e-05	0.850078487918019	0.0347715897657262	8.56885530656278e-05	0.0281081672092924	0.0224762862296395	8.56885530656281e-05
0.0655010589637132	0.03223126122238	0.00755369574340338	0.692274692997493	0.0756041491202209	8.39258075232753e-05	0.0641128197905704	0.0625457238684599	9.26724862356241e-05
0.0191694023120189	0.0142395103513062	8.92465382048916e-05	0.852844955382375	0.0586189720097829	0.0413097817113191	0.0135496386185826	8.92465382056966e-05	8.92465382051299e-05
0.012794217367929	9.28614240119336e-05	9.28614240170896e-05	0.834747342413253	0.0857063859072318	0.0267250640809416	0.00954330510679615	9.28614240119332e-05	0.0302051008518075
0.0129877735573561	0.00333720042934253	0.0154964799389088	0.818214527143013	0.0811581185074089	0.0194369692414792	0.0113059712761747	0.0348442465488309	0.00321871335748534
0.0205285705303324	9.11693098063522e-05	9.11693098001186e-05	0.778765383919889	0.091050173587395	0.0187931437474535	0.0141783268597743	0.0425586068487949	0.0339434558867546
0.0173694787607536	9.11835537459624e-05	9.11835537428788e-05	0.785266291723882	0.0923564061888255	0.0488678747424085	0.0101149622433992	0.0110848858279649	0.0347577334052779
0.0232872397362939	0.0230527331020442	0.00350442766485478	0.784045307519928	0.0504404015533362	0.0383040095324669	0.0230683431925656	8.83874094880442e-05	0.0542091502890228
0.0443528219621968	0.0140957657436432	0.000933627614095857	0.789495870141522	0.0917733076997645	0.0290271177022794	0.000128278030150953	0.0136027868534025	0.016590424252945
0.0213785325934022	0.000133562979349208	0.00819910014870541	0.812907655527033	0.0462331997349662	0.0303599517788031	0.0404387759709577	0.00796339244558079	0.0323858288212021
0.000143906947601421	9.16446307571444e-05	9.16446307625912e-05	0.836936105232341	0.066634487930799	0.0427142751686117	9.16446307571444e-05	9.16446307621778e-05	0.0532046461976082
0.00149528125019775	9.1645032768622e-05	9.16450327666493e-05	0.816199878919536	0.0613789707949365	0.0294008670682163	0.0254186031542134	0.0319764283966584	0.0339466803507064
0.0209569468211186	0.0216761700100634	9.10184580557355e-05	0.844183638584466	0.0785217197103158	0.009641651267759	0.0224771985639234	0.00236063812624741	9.10184580502439e-05
0.0107386750626704	8.86970478233593e-05	0.00449266201756363	0.827370108026924	0.0689782126462119	0.0332947978390328	0.0139137211529211	0.0172178280136145	0.0239052981932381
0.0136227653719598	0.0182424737936588	0.00412324679557171	0.844279739542628	0.0398873216245036	0.0165052891111857	0.0191515840859807	0.0142896665906316	0.0298979130838801
0.00785364836865268	8.9333921655734e-05	8.93339216505127e-05	0.808485467271884	0.0908802744634871	0.0488076242520596	0.0135679797189584	0.0124055947121712	0.0178207433694803
0.00973862330039435	0.0112112181104322	8.88237021361532e-05	0.850427737766483	0.0491025438590815	0.0264043541546105	0.00737028909724589	8.88237021363937e-05	0.0455675863074798
9.3376979399645e-05	0.029925918150865	9.33769794006229e-05	0.819588948186115	0.0692436959032957	0.0184272627493274	0.0256317797975731	9.3376979399645e-05	0.0369022642746244
0.0411650927861167	0.0294741813101491	9.06227168904296e-05	0.838550115377776	0.0566523947407663	0.00454993183187984	0.018763254352544	9.06227168895973e-05	0.0106637841669883
0.0268196029797287	0.000135214676903646	0.000135214676907661	0.817822181244588	0.0791196481244096	0.0192151662515173	0.0273916414926226	0.00919005671766105	0.020171273835661
0.0404650391582081	0.0264722617871871	9.0745231805566e-05	0.796103289342439	0.0957375067946021	0.0356801312044556	0.00526953601768977	9.07452318065618e-05	9.07452318065615e-05
9.01702273919573e-05	0.0238594033317115	0.000582672276681025	0.847056079459659	0.0653609401883074	0.0422394696422816	0.011341550183334	9.01702273919571e-05	0.00937954446324123
0.00681900366515403	9.40819533353541e-05	9.40819533297551e-05	0.830995568962562	0.0854087291269933	0.0157398117954523	9.40819533353585e-05	0.0300183244885027	0.0307363161013354
0.0220518763659781	0.012486224349229	9.0568655365155e-05	0.830040212025028	0.0690656178127652	0.0224859643605834	0.0311114548210978	0.0125657554627154	0.000102326147238197
0.000622528336584526	9.36582983891652e-05	0.0224817457421573	0.867189486330649	0.0427824503138992	0.0196571924543677	0.00897894449337016	0.0214666418172383	0.016727352213345
0.0426371027036235	0.0196635305624857	8.76415958475447e-05	0.842882714690103	0.0473502006483607	0.0389761457505052	0.00395575878120799	8.76415958466011e-05	0.00435926367201918
0.00920912525453869	0.0149815722892105	9.19362700738402e-05	0.809318989767082	0.0676546057987081	0.0199269312238337	0.0224107557039842	9.19362700740648e-05	0.0563141474224943
0.0193028777177516	0.0109729277227042	0.005975610301554	0.826682037011097	0.0821340364315875	0.0220565454349721	0.0177336867212642	0.000131519639091581	0.0150107590199778
0.0125919953472281	0.0308083368690703	8.93288574359146e-05	0.820766428025661	0.0835152627630948	0.0225535476707451	0.0134436791914431	8.93288574411946e-05	0.01614209241788
0.0331366220418943	0.0228448436156456	0.00885659601144267	0.765192195550518	0.0556895363645112	0.0362333815898897	0.0292681065553753	0.0213774266251022	0.0274012916456211
8.8528965844252e-05	0.058094484552046	8.85289658385439e-05	0.80156620154822	0.0548367344769771	0.0323055802944611	0.0296803622396694	8.85289658417373e-05	0.0232510499911016
0.0153474080383384	0.00452091436044487	0.000130943180665621	0.823590871155126	0.0647747369404569	0.0283186875305364	0.0189515324158805	0.000130943180674535	0.0442339631978765
0.000132486132504649	0.00013248613250465	0.00110951128406818	0.781477973580147	0.125275143760224	0.0294030290880313	0.00988416790000922	0.000132486132505435	0.052452715990006
8.7204378166796e-05	0.0210861565596191	8.72043781658577e-05	0.848537139506798	0.0575322268119663	0.0441851219297858	0.0188361727475427	8.72043781667956e-05	0.00956156930978892
0.00960712594199857	8.71743830302714e-05	8.71743830301044e-05	0.830139784595855	0.0291520960565612	0.0568669317600656	0.0308325520521074	0.00670068917909191	0.0365264716482597
0.0159544525248989	0.0262429103671632	9.01493751702473e-05	0.868669237003323	0.0505259284615991	0.00783582257220596	0.0238198458929822	9.01493751660851e-05	0.00677150442749184
0.0123708063300314	0.0162851948687884	0.00249817422407143	0.835217233808857	0.0574101469923185	0.0276495311374997	0.0224814717085767	9.21456212094857e-05	0.0259952953086475
0.000339408057406373	0.00721292386143859	0.00393029373914674	0.82730095181509	0.0485781501448988	0.0469798079795737	0.0165366183785587	9.01135902470385e-05	0.0490317324336401
0.0301741219728476	8.71698127704422e-05	8.71698127702524e-05	0.803178741507639	0.0931615733257138	0.0342350509065752	8.71698127704388e-05	0.0123692051967443	0.0266197976521688
0.00833701755586826	9.19628949551469e-05	9.19628949444255e-05	0.79315523829976	0.119682217109799	0.0369349882935444	0.0101023951691459	0.00865569144508215	0.0229485263369012
9.03557215106681e-05	0.0164994978846003	9.03557215116165e-05	0.805379771237448	0.124259786623481	0.0350131074527317	0.0104958533443526	0.00808091629285414	9.03557215106689e-05
8.90099156665913e-05	8.90099156665921e-05	0.0759081363849254	0.76481200543122	0.0603719449882235	0.00692382865007414	0.0240402276445836	0.0459407729016183	0.0218250641680222
0.0213144555299585	0.0161180079778888	9.01486316686547e-05	0.807222745127928	0.0767304056035885	0.0196013911361354	0.0241714970285514	0.0143321158191967	0.0204192331450845
9.31021674772109e-05	9.31021674772137e-05	9.3102167476804e-05	0.836763880601762	0.0611621838671392	0.0315418929439986	0.0215781269598536	0.00206612406136522	0.0466084850634504
9.18834120464196e-05	9.18834120464182e-05	0.0024905059910719	0.865117422015961	0.0565803147137562	0.028356460502034	9.18834120464197e-05	0.0148528884558763	0.0323267580851611
0.00094018314640644	0.00845622961788476	0.00787795114556037	0.869781374990368	0.0634175137510569	0.0286177936779032	9.21212596141715e-05	9.2121259614173e-05	0.0207247111515924
0.0146488679152365	0.00203857865615751	0.0097103192819272	0.8370544165519	0.0699530552363948	0.0143399091077656	0.00559009517540982	0.00963699651235237	0.0370277615628566
0.0326346355311236	0.0139425299652983	9.09897197473532e-05	0.807407778138077	0.0584097220843791	0.0336688455381236	0.00481677307651125	9.09897197579939e-05	0.0489377362269816
0.0117851623861682	9.25497878707047e-05	0.000984668966604147	0.834798196058409	0.0877967925210464	0.0258037170628184	0.00133709299276877	9.25497878707044e-05	0.0373092704364436
0.0320878624691025	0.00103509458867625	9.13075670192822e-05	0.847194920906083	0.0674573345882372	0.0243665548153727	0.0145949778287869	0.0087735378375795	0.00439840939914312
0.0368985300596993	0.0214556425169632	0.136078391773759	0.69363826236141	0.0246261874585695	0.0166149987989597	8.34071332757725e-05	0.0544935798608996	0.0161110000364642
0.0130681027151529	9.53145949842609e-05	0.00653501007344866	0.828123190862866	0.0691894359058219	0.0385015434590545	0.0401324925960833	0.00425661327802763	9.82965145607745e-05
0.00467303473416044	0.00664534569297842	0.011076304266153	0.840373317644718	0.0835442953793798	0.0329810315519836	6.20020967063903e-05	6.20020967063987e-05	0.0205826665372142
0.0217387573742379	0.0114991851342496	9.28551711726296e-05	0.818244254692726	0.0770629230222932	0.0197288855456209	0.0154922410095566	0.026036332604653	0.0101045654454902
0.0196317910468788	0.0053393921487063	0.00271295143986477	0.787118475841657	0.112765462275438	0.0156996976361824	0.00888395501515809	0.0182638011303497	0.0295844734657655
0.0135271060190298	8.8955711628692e-05	0.000231785750558422	0.78652006541432	0.0970916063782087	0.0358647439136133	0.0219767841002428	0.0319653500227724	0.0127336026896263
0.0223538391034405	8.90349805505293e-05	0.0186778501661367	0.803787232778653	0.0722524118935487	0.0567692828548648	0.00518281796562393	0.000454109380689777	0.0204334208764924
0.0146536957934608	8.91381555996229e-05	0.00430949368990185	0.799016519406828	0.0568770291940389	0.0307369652854006	0.0159463164967273	0.0388958768535595	0.0394749651244836
0.0136237194555707	0.0234206397950199	9.06876614140111e-05	0.786112858500281	0.0798925025011782	0.0318793075674028	0.0175222100463163	9.06876614149948e-05	0.0473673868114023
0.0239277442763148	0.0163240584998158	0.00702032392068858	0.816666634601622	0.0781155523851405	0.00189405847315232	9.45402713684317e-05	9.4540271368431e-05	0.0558625473005297
0.00843364210340601	0.0195911678619396	0.000130901119304443	0.781877548221315	0.114816386159173	0.0219376572626878	0.0197916601589845	0.000130901119304573	0.0332901359938858
0.0182285478706454	0.0204396525980095	0.00301922588878314	0.864949408540559	0.0449246156883419	0.00550766182665702	0.0163849051026263	9.09868377891637e-05	0.0264549956465882
8.94562498134924e-05	0.0407927529525355	8.9456249818883e-05	0.836433095227762	0.0716300752448661	0.00564009967456747	0.00115450333942765	8.94562498134926e-05	0.0440811048113952
0.00013751625266764	0.0333864452866973	0.0020283014841768	0.806221723644557	0.0746694185861663	0.0143159926673368	0.0119490122807635	0.00013751625266764	0.0571540735449666
0.00318068344109382	0.0151991340545586	0.0107102360949365	0.805357614476499	0.0576387038840168	0.0185109318557373	0.0353550507008713	0.0190666778155904	0.0349809676766962
9.03102252110155e-05	9.03102252110155e-05	9.03102252078753e-05	0.840666859063587	0.0468723560369896	0.03493837877298	0.0263308131932618	9.03102252115781e-05	0.0508303520323402
0.000131628002950648	0.0176431442130682	0.000131628002950484	0.761160504545104	0.140986942357999	0.0165347450500681	0.00140897595228337	0.00956569235067439	0.0524367395249025
0.0223272472784023	8.24541021637513e-05	0.0786531580730894	0.749702648746098	0.0607095722452184	0.00140138752859496	0.00686557488682279	0.0797931401681368	0.000464816971473757
0.000131333538028851	0.00996258874835728	0.000131333538021247	0.812564206072808	0.0929890258496543	0.0272695151369829	0.018746757672137	0.00420907055548575	0.0339961688885244
0.0136115046665576	0.0151834027517121	0.000134086127436642	0.825180471244928	0.101522010383277	0.0263567059487448	0.0177436466224825	0.000134086127431128	0.000134086127430342
0.0239365002427929	9.07306869790427e-05	9.07306869758615e-05	0.837399214668933	0.0341997998396535	0.0478336641872108	0.0246330705900456	0.00262145271075266	0.0291948363866568
9.1669845192864e-05	0.0184212340060973	0.00543021738804473	0.827666688837873	0.0763721499599063	0.0298607334267076	0.00778698080006698	9.16698451928645e-05	0.0342786558909188
0.0115120213143067	0.0272055451601354	9.09458731883084e-05	0.85172576459032	0.0518914869447309	0.0068821206402639	0.0173793327990709	0.00935614981805676	0.023956632859927
0.0164887487327113	0.0553319518618586	0.00187518401697511	0.854135893029338	0.0226770054853685	0.0049733183463803	0.00496141902190156	0.0139727227244217	0.025583756781045
0.0269511041878608	9.1178942642643e-05	9.11789426394912e-05	0.828560507321645	0.0622569517263137	0.0284288838828146	0.011350406383824	0.0102350382577999	0.0320347503544598
0.0336984495264572	8.96481110902426e-05	8.96481110892583e-05	0.784021480134462	0.0778465486057426	0.0418705246256467	0.0326444423725671	0.0015575227729072	0.0281817357400373
0.00683925453651104	0.0513450613844109	0.000994042044319844	0.802616523714425	0.059276018427268	0.00988138535853723	0.0649573065421223	0.000127153582205242	0.00396325441020016
0.0435633764544084	0.000136877605983965	0.000136877605975721	0.824229229862448	0.0689534282577775	0.0322698375193844	0.00102539477109406	0.000136877605983965	0.0295481003169445
0.0199447401804511	0.0151398625927888	0.000878892234338266	0.787274559603232	0.0529820496840336	0.0218487968253551	0.037270276437691	0.0220125463422838	0.0426482760998263
0.0289245182511352	9.49107547718584e-05	9.4910754767691e-05	0.825439196408373	0.0726926977620786	0.0489604764527828	0.00644589129479086	9.49107547724463e-05	0.0172524875665277
0.00213173753000107	0.000137882091644522	0.0036831294329003	0.803431897154385	0.0780644820381049	0.0202490000625078	0.0207866351875432	0.0102354852534461	0.0612797512494665
0.0052304114731699	0.00267731788656891	9.15960268439281e-05	0.846704491826141	0.0252109654932745	0.0140063935131418	0.0125996368744736	0.0467873622440497	0.0466918246623365
0.0206904332544534	9.14280996696879e-05	9.14280996666029e-05	0.812072501113788	0.0519529645000863	0.0456399567911402	0.0126492887772617	0.0380731552116834	0.0187388441522502
0.0108299663785274	0.0190862273028071	9.07384656539648e-05	0.826278469069585	0.0296513107805563	0.047280050961655	0.0220208911066847	9.07384656556868e-05	0.0446716074688753
0.00560607316652964	0.0302321846057103	0.000134106232892817	0.834309130077575	0.0618155528025511	0.0373569532181547	0.00611333476984707	0.00117710646865166	0.0232555586580881
0.0146787354187766	0.00435486379377292	0.000133149456618037	0.820078986999992	0.0933530931740465	0.0366271105262903	0.00218866836762093	0.00851301653481856	0.0200723757280639
0.0204735073225729	0.0281392588611901	0.000129134047886698	0.82309101878965	0.0616494970563577	0.0285260032151507	0.0377333126114177	0.000129134047886996	0.000129134047886994
0.0562663589301751	0.000123279997832199	0.0268349041260724	0.72129398364274	0.0505180153571229	0.0124385075077377	0.0343378003754845	0.097263988824516	0.000923161238319703
0.0119759056314323	0.0148370497209289	9.34253935756878e-05	0.867028277593166	0.0431761290671572	0.0133455404872312	0.0224208283208685	9.34253935784658e-05	0.0270294183920622
0.0366754278695058	8.84967335629669e-05	8.84967335678009e-05	0.822607446514163	0.0330709179914393	0.0227203536920678	0.0192901682793293	0.0139943634579868	0.0514643287283777
0.0102779662788214	0.0758990188264625	8.88111421021478e-05	0.851896421393195	0.0334199598873746	0.00646847776332263	0.0017502587759621	8.88111421125354e-05	0.0201102747906475
9.2722419163414e-05	9.27224191634135e-05	9.27224191564155e-05	0.816694646103314	0.0773929178823115	0.0258304212236967	0.0221715366875532	9.2722419163414e-05	0.0575395884264783
0.0022424772866522	0.0238058168978532	9.20948669062543e-05	0.846042165665923	0.0701615826941369	0.00758563286003486	0.00383099391115193	0.018868441781975	0.0273707940353669
0.000136030962441804	0.0190142306371999	0.000136030962434756	0.866470638701537	0.0503182129933005	0.0159848892757597	0.0109156029478303	0.000136030962442611	0.0368883325570533
0.0227907284369435	9.22001907636063e-05	9.22001907638949e-05	0.803168285040232	0.0421718713027884	0.048524544126143	0.0227910644244081	9.22001907641745e-05	0.0602769060971933
9.15063637209718e-05	0.0219016246530545	9.15063637178045e-05	0.821622541340776	0.0444516286585546	0.0330203727599947	0.0170712539335135	9.15063637209721e-05	0.0616580595629475
0.00524386645610449	0.00540729583951304	0.00316089998837718	0.808434622738698	0.08038280477427	0.0297766325483594	0.0169021657822383	0.0234060138450047	0.0272856980274343
0.0266261258942459	9.33568573447143e-05	9.33568573338798e-05	0.818462908613816	0.0736571854051689	0.0179583017185064	0.02529644202637	0.00910690342788774	0.0287054191993265
0.00970893800799221	0.00299406112030513	0.000130081300875013	0.806395714219055	0.0870485857027193	0.0225975148897902	0.0180504317752359	0.00458506143284119	0.048489611551186
0.025495402460315	9.19013064612663e-05	0.00866693523187691	0.790411307131327	0.103458705707675	0.0315991504967574	9.19013064612664e-05	0.0158053400323659	0.0243793563267605
0.00581738202738741	0.0103846282294361	0.000853736837471706	0.861992192021792	0.0172957250502379	0.0280017689454839	9.18311739099928e-05	9.1831173909995e-05	0.0754709045403714
0.0170672601074292	0.0229249188543362	0.013102635579903	0.725976775169426	0.116791132878396	0.0139107476862938	0.0234210724325294	0.0121556077583043	0.0546498495333822
0.00282584648665037	0.034079552935817	0.0127609441541472	0.786624402722889	0.0881824002208166	9.14711130210797e-05	0.0146911698102449	0.0401000134517174	0.0206441991046969
0.0310011534343713	8.95371986111986e-05	8.95371986165765e-05	0.787204688705353	0.0834555200312533	0.048611266043816	0.0151008370926188	8.95371986111989e-05	0.0343579230967486
0.013767192961089	0.0118089136804318	9.16183000135953e-05	0.81574574106524	0.100374741571521	0.0302942664424799	9.16183000169081e-05	9.16183000169078e-05	0.027734289379191
0.0239868048407562	9.15381517058194e-05	0.0110201153329332	0.817712230142002	0.0712192543114805	0.0300754196986104	0.00506136541351698	0.00257674298346249	0.0382565291255321
0.0106729708545426	0.000131734219846122	0.000131734219844686	0.821869463459798	0.0865639366129881	0.0384497968357917	0.00955356617804855	0.0150822487686774	0.0175445488504624
0.0104125945861963	0.0163366697572309	9.00273404366654e-05	0.823406197938323	0.0834410155192164	0.00712391709071563	0.0180565879475236	9.00273404227792e-05	0.0410429624799346
9.08876890648873e-05	0.00427260916449677	9.08876890631629e-05	0.808268435391577	0.112377583616429	0.0209183672862654	0.00746252445784919	0.0133533395543741	0.0331653651508808
0.0114742870845183	0.0153246029385151	0.00337949523010352	0.863226114841742	0.0630359976089387	0.0211857461639063	0.0171492419214482	9.19005532793632e-05	0.00513261365754792
0.0169433792862108	9.2395064382729e-05	9.23950643796133e-05	0.819933354700063	0.0527449693533633	0.0548074937325105	0.00925361961554003	0.0227996191473658	0.0233327740361838
0.0120878884651912	0.00541628765741655	0.00708758983025057	0.820479794434594	0.053730656130492	0.0436108840751622	0.021376069213389	8.83753045108973e-05	0.0361224548889935
0.0388369143271097	9.1247668216191e-05	0.000697943789193499	0.80351891549451	0.089380484161592	0.0359863994573139	0.00750301768362814	9.12476682161871e-05	0.0238938297502203
0.0141566257546979	0.000130922741940821	0.00348655741638586	0.815183760402504	0.0652667431431828	0.0117917235782075	0.0326282927877303	0.04718991307217	0.0101654611031806
0.0172766633114043	0.000131850023320639	0.00527596935243244	0.801324382133829	0.0649534649207417	0.0240880859647838	0.0458761960023374	0.00817516941697697	0.0328982188741741
0.0191292778512493	9.11865720378367e-05	0.000729004607184404	0.864864769564461	0.0308863147850697	0.0314004158602467	0.00137616470466587	0.0116558382410952	0.0398670278139903
0.0316531497736159	0.014484763161787	9.1168296715543e-05	0.831345476410488	0.0866824372180327	0.0169054654009134	9.11682967149284e-05	9.11682967149312e-05	0.018655203145018
0.00944386636612369	0.00758820352788779	8.93915129362531e-05	0.86246115637302	0.0407695132041364	0.0265839796198041	0.00518200956413988	0.0130213308654086	0.0348605489665432
0.00958717264876785	0.0198253048961221	8.9299252475318e-05	0.833942620868191	0.0492232178605881	0.0289270556932911	0.0326647371142341	0.0103609273959651	0.0153796642703654
0.00859058340343298	0.0118009618876308	9.18312061957127e-05	0.853325677288088	0.0590228515046725	0.0146420065232045	0.0139041586370634	0.00670453545436514	0.0319173940953467
0.0138837572434185	9.09847216742656e-05	0.000796114107970476	0.813585046427901	0.0644403356372963	0.0453685154191336	0.0135419196031605	0.0207901358676452	0.0275031909718
0.00801359536655124	0.0029063386521773	0.00573795156501671	0.858385141312233	0.0666473535592304	0.0205108010670181	0.0013952900000644	0.00912535206240607	0.0272781764153027
0.00764891949079056	8.96915634683556e-05	0.000456530431331697	0.789145476089907	0.0624520328661123	0.0456878149929071	0.0408396254778191	0.0233774586886444	0.0303024503990191
0.0152957556613111	9.20925012966704e-05	0.0131018565232595	0.774938954502686	0.112712415387916	0.0230778864840815	0.016738660738615	0.0200417645858997	0.0240006136149352
0.0139301933063695	0.00079818279337921	9.24270684913976e-05	0.838452092871631	0.0507766380536369	0.0377823618703034	9.24270684977423e-05	9.24270684977422e-05	0.0579832498991928
0.0179692261109915	0.000130527600967856	0.00214098904152718	0.787808608299821	0.0711674615267601	0.0325731225744969	0.0171151203479121	0.0542685597159343	0.0168263847815885
9.22360702558416e-05	0.00837369096901415	9.22360702601132e-05	0.834820488341034	0.0495730561024577	0.043779374468022	0.0212728915120698	0.0100517466334078	0.031944279833479
0.0150009145558053	0.00227469841964317	9.22313445045735e-05	0.856808438330858	0.0539505224643235	0.041567400740824	9.22313445047828e-05	9.2231344505346e-05	0.0301213314550313
0.0238244702091705	8.98869529388285e-05	0.0177368703726167	0.818078343406953	0.039825598424705	0.0306216089293753	8.98869529388293e-05	0.0434747664107291	0.026258568340573
0.00713052042268534	8.93545306870782e-05	8.93545306869046e-05	0.787130298232359	0.0921034967265625	0.0406028692051868	0.0347651503548744	8.93545306870651e-05	0.0379996014662713
0.0284633740094318	0.0412116926992186	0.000131303563999974	0.816242556272779	0.0645958289679955	0.00462278217068761	0.0121732728098926	0.0096855988139928	0.022873590692002
0.015394665686078	9.28577280874313e-05	0.00326784684104624	0.819070077521102	0.0803214873442747	0.0450722301954672	0.0109348556114189	9.28577280874337e-05	0.0257531213444384
0.0392086454781734	0.00618024677659713	0.000384343476587851	0.788867249755962	0.0617386432266496	0.04019549291525	0.00749206984932044	0.019952727434972	0.0359805810864872
0.0160542602838852	0.0372148270412678	8.8394546769766e-05	0.813256499739312	0.0667762488140614	0.0146827429390201	0.025740910925135	8.83945467733243e-05	0.0260977211637757
9.05448900026213e-05	0.0343798195869499	9.0544890008e-05	0.881177657772165	0.0419614764068574	0.00936539482091089	0.0119278655470837	0.00806451364140424	0.0129421824446181
0.0269837102384139	0.00013381613538043	0.000133816135377834	0.815663879113425	0.0816332920234553	0.0414178693198904	0.00659933504006372	0.000133816135373753	0.0273004658586194
0.0177988877916071	0.0171242479057171	9.09971244311511e-05	0.809928693397523	0.0625558127034594	0.0264670705924069	0.0221345022115436	0.04380879114888	9.09971244313611e-05
0.0466462229316203	0.0629879055142015	0.00486411963027687	0.811791527732721	0.0435509182563552	0.00934558660265327	0.014959271947491	8.64827598215121e-05	0.00576796462485971
0.00548602871678217	0.0100327547121431	9.38935907629143e-05	0.861359820581015	0.0383457787601408	0.0284659356897773	0.0251222153102259	9.38935907688577e-05	0.0309996790483839
0.00970608685510103	0.0167674847495055	0.000133062799411979	0.802776967589666	0.0872335201197514	0.00969960622254486	0.0259066385697622	0.0079609758489785	0.0398156572452788
