Bcells	CentralVeinEndothelialcells	Cholangiocytes	Hepatocytes	Kupffercells	LSECs	Mesothelialcells	PortalVeinEndothelialcells	Tcells
0.00145252337065175	0.0337949961030883	0.0381145596955691	0.839720925765588	0.024198139894473	0.0018863985470235	0.00428644107584391	0.0237500153964302	0.0327960001513319
0.012473517921857	0.0115436253787679	0.0303601315768398	0.839937672079281	0.0261415665887879	0.0263678652248334	0.00119330704890583	0.0169393801015379	0.035042934079189
0.00353435746600458	0.0183902364414108	0.0270369532959511	0.851776671219804	0.0258168391367673	0.0320581261102989	0.000881000457194237	0.00206100591897343	0.0384448099535957
0.000543765265974003	0.00261234788557862	0.026145634703851	0.858268313098126	0.0151727814055999	0.0409791975952143	0.00216876478050572	0.00211700191028501	0.0519921933548658
0.000643279331182602	0.00281115477270979	0.0225556166246084	0.865749178905054	0.0148630233735349	0.0347349848866263	0.000291992825034016	0.0109130482014016	0.0474377210798488
0.00118257868095774	0.0068523791157103	0.0305363298351964	0.879902289183835	0.013918939058337	0.024021475067813	0.000145894877136752	0.00112204597922272	0.0423180682017915
0.00048663096951793	0.0218257662283563	0.026560644578757	0.839360012405595	0.0238015788433409	0.0123300301259909	0.0012532670584142	0.00346020749597745	0.0709218622940504
0.00803871107306794	0.000988577807951097	0.118844224035663	0.759055737623226	0.0158542246518011	0.00267404462023814	0.00805833498262048	0.0741200398720028	0.0123661053334286
0.0100861592825348	0.00353231037282234	0.0295076712936856	0.803470685263183	0.0359779035685579	0.0368230592733296	0.00125222605729732	0.0089247088928915	0.0704252759956983
0.00106928979926337	0.0283324087455239	0.0332391414390292	0.841439720296233	0.0307557535094256	0.0188442725391171	0.00100226480772028	0.00739759780690401	0.0379195510567835
0.0191154517361117	0.0335989760052282	0.0326851518207236	0.845537283302876	0.0271253596840929	0.00358246916418119	0.000849913568596532	0.000536326707435833	0.0369690680107546
0.000682831564095935	0.000770609067664786	0.0213417095789853	0.851172321324885	0.04074531678189	0.0220455851404145	0.00291006427357927	0.00438513722232371	0.0559464250461618
0.000884372901171658	0.00287877032018473	0.02710681168503	0.863427639432725	0.0328236220206496	0.0168670844563038	0.000302289888354524	0.018462379058426	0.0372470302371542
0.0234595181955996	0.00184885575566618	0.0239400708815037	0.853926540434819	0.0350953256840443	0.0435312409452344	6.18046165987921e-05	0.00105837298928281	0.0170782704972509
0.00540013518257789	0.00137774598600619	0.0377142903455818	0.849124200927701	0.0272321145768653	0.0542893224482122	0.000636397303180118	0.00722064754729975	0.0170051456825754
0.0102278567114451	0.00702570509775638	0.0295762877123035	0.846714989619773	0.0149061867250143	0.039470051977523	0.00277715981418258	0.00488061663502586	0.0444211457069762
0.000153639442560416	0.0140267718857076	0.0348567852667587	0.883970155221207	0.0281252752220779	0.0189145892881099	0.000851004764504487	0.010954067601577	0.00814771130749699
0.00332515824681389	0.0156217646493167	0.0328811068071572	0.847690342824333	0.0287653647925402	0.0228498569359263	0.000939336785866999	0.0192172416528838	0.0287098273051618
0.032889602250252	0.00319989219171301	0.0275048571735985	0.833387612263764	0.00992463100166209	0.0392870159453008	0.000647982664505297	0.00261231410152121	0.0505460924076828
0.0240100383728328	0.0283718300902697	0.0275068308340463	0.846824220191868	0.0239320547309761	0.0241928769228518	0.000799231476196873	0.00273918739792364	0.021623729983035
0.000932953163551882	0.0369351035719367	0.0366735161993405	0.854185954603093	0.0262331982826943	0.0176095456102859	0.0034659965061116	0.0015820062041288	0.0223817258588575
0.0114437702726907	0.00491776796450298	0.0317418125383711	0.830071502608275	0.0328492917985574	0.0161122968045187	0.00136993072035604	0.0128521362428094	0.0586414910499182
0.000764540069760891	0.0130815597020398	0.0336464723946167	0.831198204335813	0.0291753074126919	0.0418056441928194	0.00361558552168428	0.0027310103259428	0.0439816760446317
0.000773203914746354	0.024491004558887	0.0196979595789697	0.85708627205357	0.0119253335073405	0.0204614303250671	0.00327021552979879	0.0105863678493603	0.0517082126822605
0.000933728227956114	0.0466391469548077	0.025783389190234	0.82924073306287	0.0222648384674166	0.0210992846346527	0.00239462588520627	0.000918007828166012	0.05072624574869
0.000566094803186695	0.0264831432261593	0.0352089780997351	0.822711917380107	0.0407988433912695	0.00560122926550587	0.00179980071363233	0.00588593631153571	0.0609440568088687
0.000523946901945686	0.00991793632104314	0.0301468917380299	0.875789421498232	0.0142622665735309	0.0222544144798462	7.21436034012138e-05	0.00875842973369134	0.0382745491502794
0.000878697609665908	0.013912966935127	0.0373870631773917	0.853744832721699	0.0269362406609083	0.0129611354729617	0.00124339820061941	0.000875115762126592	0.0520605494595003
0.000529012997083143	0.019981054099019	0.0288841587468292	0.83156805487503	0.0337163639216673	0.0145747420123305	0.000787308712586005	0.000977581578309531	0.0689817230571457
0.0428177073118758	0.0025787100084044	0.0324632281195042	0.81897138278697	0.030831083549403	0.0448560654911995	0.000990371980293367	0.000923327002156866	0.0255681237501931
0.000652736923040321	0.00107775499370612	0.0415803182257373	0.870416893868016	0.040979743201663	0.0252681621378167	0.000536277137405263	0.0141564621475886	0.00533165136502695
0.0176639388567392	0.00297726448518976	0.0252705929319557	0.876105391627761	0.00901036972480763	0.0252739429283375	0.00118562197997558	0.000804862124339304	0.0417080153408945
0.00597375179533444	0.00498445438224627	0.0292967749733782	0.843284632751951	0.0260304379042964	0.0384015950580613	0.000611167697832815	0.000478468161481488	0.050938717275418
0.000355899840339546	0.0165650225308108	0.0281731542374881	0.822714459730522	0.031984366104619	0.0483104638620833	0.00259961289685959	0.00217522921160997	0.0471217915856678
0.00304601986929719	0.0465270366254689	0.0260990496696667	0.840478330761826	0.0205656041547489	0.0118113464911798	0.0100421672253217	0.00592650623501904	0.0355039389674718
0.00149187752008426	0.0211344764269449	0.0265672017837804	0.818029044975014	0.0357632830410819	0.0292162479508404	0.00122969343882824	0.00537073739740069	0.0611974374660253
0.000314517513366208	0.0137534893560692	0.0311445110662023	0.858262143932926	0.0269155167602513	0.0197019058641114	0.00174182137147229	0.0123205908676781	0.0358455032679234
0.0208223450006059	0.0313308119305291	0.0244884657017021	0.83319804432367	0.0422215473643058	0.0246677820304495	0.000947543415811197	0.0034269057871279	0.018896554445798
0.0181140443741652	0.010879135966787	0.0327408836525373	0.838586781194519	0.030876953504353	0.0334418561943543	0.00176946973805333	0.0025739811079789	0.0310168942672514
0.00095641632830671	0.00125344828629911	0.0311207084462404	0.836214015201342	0.0383097581782902	0.0389987119569052	0.00308006716381568	0.0159949381154504	0.0340719363233504
0.00319963783206693	0.0129015456981442	0.0541701624905716	0.842613924690519	0.0199114366404621	0.00199824541678874	0.00346273207588942	0.0385910912576315	0.023151223897927
0.0176931352363154	0.0204779107739764	0.0293634214745001	0.825749871515093	0.0249378526869025	0.00543496988813407	0.00112966306257402	0.00770951030125356	0.0675036650612512
0.00289465644017529	0.00281647922634947	0.0526621949791188	0.852406219202159	0.0123736716729912	0.00573961499511669	0.000808805912869073	0.0317469395563016	0.0385514180149188
0.000902208614570193	0.0177657623552662	0.0246424004853814	0.875898868941427	0.020705495469441	0.0242130761575572	0.00196240112308806	0.0119762088420329	0.0219335780112357
0.000247474745192844	0.0058268677618987	0.0454103871442247	0.858612513627803	0.0125887859581688	0.014660645672268	0.000406749274548787	0.0137814671736144	0.0484651086422806
0.00458313388933252	0.00283718092018074	0.0247587675953778	0.854222442889252	0.0264992725199856	0.0419556552265942	0.00120656258575324	0.00339482431814939	0.0405421600553746
0.000848261584153374	0.00176440215157967	0.0362243367389407	0.903574482003251	0.0203766616299621	0.012638285706534	0.0014312260781221	0.0126991050588709	0.010443239048586
0.00224369806610985	0.00436049613171524	0.0823568485674521	0.799317943361041	0.0262390410672871	0.000601149277313653	0.00996735630605283	0.0504853765986714	0.0244280906243568
0.00498570895645458	0.00429664393462215	0.0358238458108629	0.855616091931014	0.0411720953427919	0.0222172438058898	0.000378910575102807	0.0253505399957771	0.0101589196474847
0.00117357226737605	0.00234529047988244	0.0306543850133497	0.841963859757919	0.0293683249104617	0.0345043087663032	0.000690487713880823	0.00555608741487938	0.0537436836759473
0.00389769275518805	0.0207174290025821	0.0351477781054351	0.850293998359031	0.0114854145759533	0.0310119182385079	0.00255463290943634	0.00124945747216844	0.0436416785816977
0.000323838077759509	0.016984917427652	0.0342384663112542	0.838738766417849	0.0227549108550531	0.0313013197114413	0.00172695951317169	0.000875960729386328	0.0530548609564329
0.00384434367608145	0.0197249103497611	0.0324323915926747	0.879064880101864	0.029172459041571	0.00163163189464792	1.14495323571439e-05	0.00690288733704785	0.0272150464739953
0.0089301587799163	0.00464976025991244	0.0277273973761765	0.81955379261064	0.0377745354802914	0.0468084123567095	0.00216705668241681	0.000588402412363635	0.0518004840415734
0.0153179161974561	0.0279892646948038	0.0298004707147655	0.80377841231011	0.0341760812654287	0.00400296851074097	0.00317581136426329	0.00827754256415732	0.0734815323782738
0.00114923267704484	0.00698533834798864	0.0301422282074087	0.835656481060087	0.0384181036021305	0.0105736882146558	0.00089246876700074	0.0194670452380521	0.0567154138856313
0.00300401857682376	0.0365481606600851	0.0325364455965055	0.861615905865948	0.0136256592032957	0.00781109300756489	0.000612668827360179	0.00126548652361883	0.042980561738798
0.0134672113668649	0.0114843033624936	0.0219539310333455	0.865019331768893	0.0241050011486131	0.024488384538781	0.000151872769790246	0.00130696107681076	0.0380230029344075
0.0018208811858514	0.0334091053076353	0.0353360938970209	0.829206987482923	0.0106077261825124	0.0258569142629396	0.00252647632474034	0.00107156220497519	0.060164253151402
0.00321493807824951	0.0026039513284442	0.0565761621195845	0.841731039648145	0.0239597515281485	0.0364632433832346	0.000217371081790729	0.0143260772028642	0.0209074656295386
0.000426876364643678	0.0121397973729784	0.0428111268192926	0.857883588542459	0.0175050455555133	0.0257626472643105	0.00414740365076263	0.00434348098978357	0.034980033440256
0.00516415132050503	0.00726255382356734	0.0238966001433825	0.851811955260644	0.0248316218681982	0.0448417202887687	0.00148238345269089	0.00356198022559613	0.0371470336166467
0.00935116335276386	0.0249645697096112	0.0242977761354632	0.85928168685588	0.0150034458204467	0.00986287043165044	0.000732829233713968	0.0110307606763071	0.0454748977841632
0.0283939587295057	0.000491992285757487	0.052454708951283	0.853631798118132	0.0156693964511674	0.0156049007315758	0.00727923851267517	0.0176667431501118	0.00880726306979141
0.001316501482508	0.0566966221862025	0.0372783549212814	0.831275601674621	0.0239976208946252	0.0204897088882115	0.004235438634265	0.0113329640133729	0.0133771873049127
0.0124771595377588	0.0166824454197935	0.0377714698504219	0.845243560853635	0.0270564790820492	0.00921317744807823	0.00666548091480356	0.0258698087461913	0.019020418147269
0.00217580056795551	0.0646464901080986	0.0371966885606405	0.83260071385372	0.0300284423253879	0.0013199511600485	0.0100758870758227	0.00631558252360393	0.0156404438247219
0.00156369047977416	0.00100541431343816	0.0286345177375555	0.861321477818804	0.0212794615426133	0.0515591030560879	0.000850587110138595	0.00285067300513948	0.0309350749364482
0.00126578055238094	0.00192658948847354	0.035465435811373	0.838878220976796	0.0408092870721996	0.0200675455946676	0.00309770225437782	0.00422208689012163	0.0542673513596095
0.0271544187808341	0.0348220777457004	0.0456430851105902	0.672615678450746	0.0512841561608199	0.000170074001146628	0.0787564380320601	0.0603931204662199	0.0291609512518831
0.000519357038336268	0.00367757342740697	0.0288718059512549	0.804425680693654	0.0471978181089139	0.0293832011855242	1.3414564089976e-05	0.0019232214538308	0.0839879275769887
0.000549419841383162	0.00447034130991003	0.0296453328688511	0.838012649388889	0.0362877552484934	0.0288662751062497	0.00164288355071093	0.00683912298189867	0.0536862197036144
0.00607931901612148	0.000531080223577822	0.0520041526733338	0.850905175687548	0.0121860574637124	0.0176259130481943	0.00282007661205557	0.0279108703746795	0.0299373549007769
0.000576262654630396	0.00285778315171468	0.0343397223219951	0.839323818020532	0.0210239226475663	0.0403726633838115	0.00597835706581097	0.000553182791339287	0.0549742879625994
0.0147982906612504	0.00230986553711163	0.0188783178730897	0.830307336419244	0.0501368805939875	0.0028657699163705	0.00674358590165385	0.0224844435147857	0.0514755095825069
0.000577002631708659	0.0115418519055954	0.0253964560345199	0.83793955504832	0.0116593346794744	0.0264372876275408	0.000434285380682075	0.00158331771196366	0.084430908980195
0.00238463810911753	0.00234078454953887	0.0839391796784561	0.822150798316106	0.0172516699894717	0.012595438303574	0.00566476603126808	0.0241380862959263	0.0295346387265412
0.0295009612465804	0.000960513699589847	0.0305676675673959	0.862319826621171	0.0277604438738853	0.0261660696920914	0.00107845377613362	0.011729804597515	0.00991625892563761
0.0129210480869306	0.00387602404732613	0.0381738859002322	0.829902561366847	0.0265868560059679	0.0390109554553304	0.00326390809752755	0.011807551943956	0.0344572090958819
0.00251214545753542	0.0284799862021048	0.0404037156552574	0.870842842126515	0.0121683064641693	0.00832870321581042	0.000821984509469577	0.0247034325587281	0.0117388838104099
0.0101322576722824	0.0256513987434862	0.0303431279032119	0.858156353454506	0.0227048203572712	0.0166740969701094	0.000593032756207396	0.00090707572977379	0.0348378364131516
0.00753068597680498	0.00388739485177941	0.0235407744986629	0.863178798554989	0.0239214325836183	0.0387956036961338	0.000306483895645109	0.00874793358666368	0.0300908923557022
0.0168186528457279	0.00103830703584032	0.0305234166929024	0.812845698251008	0.0319198821059642	0.0391783500620274	0.000337415522364156	0.00219760511906692	0.0651406723650984
0.000291070392279961	0.0171393709608114	0.0336730068496177	0.855169795461012	0.038624845465031	0.0147156035655389	0.000162610687847794	0.00264779714807852	0.0375758994697833
0.00169769258492336	0.00605322418637504	0.0388204328699729	0.880621294468728	0.0414876335243008	0.00462615820036337	0.00210303771783372	0.0141571444966479	0.0104333819508554
0.00619486361952927	0.00741528692919917	0.0308520806047961	0.844628628279734	0.028830175225996	0.0163778766088261	0.00153207808420928	0.00776409188132763	0.0564049187663824
0.000387486325594935	0.0830413099913238	0.0321679060917109	0.831917855921259	0.0134532664894613	0.000479017915371167	0.00608742212718207	0.00217145757383733	0.0302942775642592
0.0046247153215322	0.00418689957497517	0.0281628244242652	0.856498224309404	0.0173776386265456	0.0253732807632607	5.46481671035032e-05	0.00379952242012558	0.0599222463927883
0.00171252981032997	0.0580396651505611	0.0265463092202608	0.860860530980454	0.0107667767685014	0.00458378968640976	0.000720945460434834	0.00170873158551727	0.0350607213375309
0.017661475567865	0.00716669084945416	0.0326645973819282	0.817711171427376	0.0342882616529215	0.00461844655809547	0.00058677674139098	0.0152804882408854	0.0700220915800835
0.000154811928655793	0.00434582629008446	0.0371280427145535	0.838048588400794	0.0257468286266137	0.0255099734240253	0.00194340669014073	0.03417716979569	0.0329453521294422
0.0058369733447023	0.0327258866031752	0.0416242915790925	0.856246813610408	0.0323236881254877	0.00982990109558637	0.0046322577536162	0.0023700343937448	0.0144101534941866
0.0277755604945183	0.0295166418216285	0.0345462144514586	0.832541489857973	0.0201358465008381	0.0183444168856041	0.00301886925464601	0.00238664473429111	0.0317343159990417
0.000497583523661804	0.0186867820502696	0.035899788637367	0.88500837448094	0.0451743885851442	0.00255600525338118	0.00195090093086252	0.000538003219313275	0.00968817331906026
0.0027204660447242	0.00677670876340393	0.0356341685783568	0.846767553867775	0.0208926825506528	0.0215116897073586	0.00139927912641617	0.00835931118223358	0.0559381401790789
0.000183432976780155	0.000860662364749393	0.0605766950599209	0.799601488988684	0.0262734500585872	0.00116735305497353	0.00506027217220999	0.0837012037180654	0.0225754416060292
0.0199943533361968	0.00473310744564294	0.0205289370231175	0.833408350430951	0.0350930549757683	0.0422434274930931	0.00190142721219557	0.00132292703231557	0.0407744150507194
0.00382530135540935	0.0314152289418576	0.0234613136465841	0.836092043391769	0.0356646439478128	0.0064234792375706	0.00206625014303488	0.00793880749325982	0.0531129318427013
0.00203967178977021	0.0121573644296223	0.035510415303414	0.870718237400632	0.0189153779520512	0.00856166945997537	7.72358141263658e-05	0.022842557906262	0.0291774699441459
0.000207277363360859	0.0107358140788815	0.031864442287304	0.810485467307887	0.0390524730886518	0.0348585862797694	0.00109863758277608	0.0147825600665518	0.0569147419448173
0.0162719614603789	0.000403825247466801	0.0332051133200516	0.832548621188898	0.039601299311114	0.0396501273909353	2.36192926385628e-05	0.0201013113268726	0.0181941214616446
0.0328401243396009	0.013802007238311	0.0279299768646642	0.870583188593468	0.0180784573674072	0.0140082002230733	0.000275724388468702	0.00245288475269314	0.0200294362323141
0.000411860344770958	0.00939723897947768	0.0357699141812632	0.87298969389145	0.0126695977657499	0.0206295925296571	0.000358158515335343	0.00407872217364877	0.0436952216186474
0.000687147393637146	0.016705944335678	0.0305050868654635	0.846364682761146	0.0394645011957299	0.0190794294976222	0.00214061539279289	0.0042522635135241	0.0408003290444063
0.00474240303843626	0.037628132533155	0.0247302125964969	0.839144136329827	0.0140962269893405	0.00883322548543946	0.000922716147271006	0.00580413664330829	0.0640988102367254
0.0192562204116328	0.0175303795844083	0.0333562357765617	0.820290600568383	0.0366803549991791	0.0204019590229532	0.00386499464417187	0.00494272694692163	0.0436765280457885
0.000161523711167617	0.00129621233195566	0.026177346894463	0.874419943445669	0.0212014452647304	0.0319386026490349	0.00172659964891613	0.00495111259982745	0.0381272134542359
0.0203605496467362	0.103212493021768	0.0406853627560121	0.784378777159537	0.0163921394073321	0.00225509189691081	0.010879347317874	0.000784705835149604	0.0210515329586803
0.00399367234999025	0.000382451968130518	0.0301488846886325	0.858744075667125	0.0170933268982536	0.0406707597181588	8.69892234022276e-05	0.00138115101896149	0.047498688467345
0.000925935465908076	0.0259943740652173	0.028587805645413	0.835879893414271	0.0167243444293198	0.0127863218364413	0.00183486504244096	0.019593420663137	0.0576730394378519
0.000577199069149578	0.0346716108261336	0.0162096684072295	0.849754082632426	0.0490114065765383	0.0242504588515798	0.000751364120757218	0.00987227624484812	0.0149019332713378
0.000335237950300378	0.016644565593596	0.0244181549188193	0.810662329019842	0.04412072029888	0.0235436641653454	0.00168817879921124	0.00795611821019008	0.0706310310438161
0.0046422110464481	0.0276920673555278	0.0224671161152644	0.805606102932573	0.0447958640390547	0.0187534436963023	0.00185209602384966	0.00799463503745419	0.0661964637535262
0.000805640971961554	0.00107752490678455	0.0386228737304162	0.85222365976588	0.027402943766309	0.0329534938627474	0.000298267853339734	0.00235903800127563	0.0442565571412861
0.0299297778624753	0.0280543401044434	0.0314610169233478	0.809717886699863	0.0322415244859179	0.0148700634221562	0.00154236302633776	0.00155332719083021	0.0506297002846282
0.0302542026034777	0.0152326973459247	0.0254431345540201	0.845367233765134	0.0187950515051805	0.0318874950404103	0.00127056507715448	0.00248315517728233	0.029266464931416
0.00145567149957715	0.00704060465691245	0.027793128549104	0.878968737625837	0.0253424487202204	0.0394387227381598	0.00286903974244631	0.00136852308644735	0.0157231233812951
0.0259124631378392	0.0214649430813425	0.02864885306884	0.845014610816541	0.0247788134805594	0.0242725760074763	0.00275736030228991	0.0131995230254529	0.0139508570796594
0.0390108978829465	0.0146571440638243	0.0498797699329818	0.777274727997673	0.0247636102422413	0.00088349345847675	0.0396150551062451	0.033131165236205	0.0207841360794059
0.00446588059106541	0.0266575253238402	0.0329430226749372	0.856573794445651	0.0221364476668289	0.0174679416752936	0.00242434516492613	0.00658042353626942	0.0307506189211887
0.000527579308285565	0.0142495635349818	0.0317366508215404	0.844149602323877	0.0390276049499493	0.00161520557297697	0.00347081754017568	0.0235857825878993	0.0416371933603142
0.00059422070162014	0.0021800076228012	0.0394948151173798	0.864934219771087	0.0234419362362171	0.0142105573367527	0.00640569794080269	0.0288659651499911	0.0198725801233483
0.00386853278986053	0.00586717528187242	0.0318485278300769	0.844214326573022	0.0328572860852443	0.00825943521707763	0.00148076202933136	0.0232802238353163	0.0483237303581982
0.00152849557853514	0.0766839361341107	0.0311562783887573	0.829201769469894	0.0267541677447388	0.00194021032893205	0.000800532975497947	0.00252086610131145	0.0294137432782225
0.00118932350373193	0.0425610051409084	0.0194660559039027	0.838280266204171	0.0209726148187276	0.0223853818664587	0.000661335194427883	0.000976274520856269	0.0535077428468152
0.017737826993916	0.00434865087752896	0.0209221329047123	0.844393113425156	0.0453494216138768	0.0286466059464456	0.00292821030406649	0.0132417918193621	0.0224322461149361
0.00121474129828686	0.00271970056091804	0.035472885312581	0.876342369026791	0.0157563355559176	0.0126705199181606	0.00058460138621632	0.0218273590158129	0.0334114879253159
0.0107969020475486	0.00326704573259009	0.0273369605082982	0.845391618449441	0.0157579448407761	0.0173832543409424	6.95563736953206e-05	0.0166078068061643	0.0633889109005441
0.00157143077702933	0.00789043784059733	0.0372422061861073	0.836835153345991	0.0198775770084767	0.0229949066488518	0.00443953510734678	0.029118593986765	0.0400301590988351
0.00098744856334315	0.0167584414488077	0.0319819115356638	0.840423219499349	0.0183392653033407	0.0340942535282068	0.00149901903640229	0.00260314824381179	0.0533132928410751
0.00103016082951455	0.00609664609532501	0.067238968132799	0.839641045940247	0.0248497203838732	0.0186601907157059	0.00489347296806644	0.0302259398325656	0.00736385510190319
0.000455604692225517	0.0103429564598604	0.0372939060524499	0.851330336818605	0.00502387946284948	0.0424456850425725	0.0026345050072183	0.0132313260653319	0.037241800398887
0.0139109473259703	0.00117831053607416	0.0265130059251005	0.843551320691063	0.0356356893397182	0.0368751740329665	0.00102858319701243	0.00312410532562433	0.0381828636264704
0.00037650920564098	0.00258740606215954	0.0378839090534366	0.864667930364086	0.0216313666744318	0.0398748729561931	0.00130951273937076	0.0145480818983864	0.0171204110462944
0.0205658616881323	0.00130999745575194	0.0355955101853841	0.859240493325849	0.0313223405914778	0.0294697217445672	0.000880371976285746	0.00489992495409326	0.0167157780784585
0.00407020988504387	0.0411422946172763	0.030089086212121	0.830565498855147	0.019409648104695	0.00584857143686128	0.00236244538106242	0.00371004916222238	0.0628021963455713
0.000701179029439879	0.02276266716902	0.0332255143992904	0.851797564532358	0.0142629920621097	0.00776633178952724	0.0013864209811005	0.015484826664938	0.0526125033722165
0.00309666000000817	0.00464851014117386	0.0457894885778031	0.829439988070366	0.0256957593312165	0.0132231640331879	0.00456322985561113	0.015639717062363	0.0579034829282703
0.00377927105426648	0.0116033876458124	0.0272196039180071	0.839074299399011	0.0292527852702972	0.0309902364618212	0.00158284120321582	0.00162348954496094	0.0548740855026076
0.000539845480081849	0.07899954861775	0.0307536838330401	0.812083339018775	0.0146869314018771	0.00921705037502386	0.00435493076822161	0.0126769880485283	0.0366876824567023
0.000388301938574038	0.00160524887276624	0.03011727035719	0.83955277455726	0.0500572006345094	0.0144701025983591	0.000978860600909908	0.0285299281571078	0.0343003122833233
0.000664034345127331	0.0237434813566552	0.0243712026391365	0.84687422113434	0.0172373109487486	0.0205146246468306	0.00347388568512512	0.00288696107753435	0.0602342781665021
0.000928792172896312	0.00416114816598799	0.0447710390397889	0.879602785386053	0.0238732980116728	0.0105567326717835	0.00125243091431518	0.0193638854751164	0.0154898881623859
0.00118929180944408	0.0585876798559139	0.039565505742757	0.844856643549905	0.0111290920448082	0.0016420335372237	0.00157273336033767	0.0116711008648308	0.0297859192347802
0.00826387681661913	0.027684551893049	0.034517017614546	0.862724111304283	0.0256638661683345	0.0069774213508788	0.000629004560675132	0.00330097716773283	0.0302391731238817
0.00360055578627678	0.00929873334627638	0.0378459570032356	0.830159709230519	0.0197327710232196	0.0448057412015121	0.00187212994602958	0.000287228129209487	0.0523971743337211
0.00316079036646608	0.0551872749951075	0.0338365664861737	0.838012704715665	0.0117014370892499	0.0107957530608468	0.00255850787545691	0.00524201869368583	0.039504946717348
0.000241927494703655	0.00297946401784848	0.0272275837056709	0.828434301951795	0.0325119966696991	0.0280188602614175	0.00391804018708897	0.0154629456269502	0.061204880084826
0.000750667831154925	0.0246496976173954	0.0438803611478096	0.879919705834537	0.023518803556658	0.00200398402108734	0.000823859877117776	0.0046057926897472	0.019847127424493
0.000327076718200924	0.0251315347900204	0.0351102447536865	0.851965585104017	0.0144145659502172	0.0235862599271089	0.00225353814017763	0.00446234179056026	0.0427488528260109
0.0155301468157774	0.0376806361273212	0.028920285267125	0.810272244413627	0.0222237014509091	0.0116310365767933	0.00291989253393265	0.00178678043781674	0.069035276376698
0.00186782680817653	0.00639866546371078	0.0411082510932137	0.861947671224835	0.0110786620355091	0.0345104836893998	0.00134912915892365	0.00399891851889902	0.0377403920073327
0.00352832998781822	0.0211743308328953	0.0290703030465661	0.839227633816532	0.0356740638663143	0.00758733108028784	7.31248223685764e-05	0.00207986991528452	0.0615850126319335
0.00143391513359473	0.00396184450178049	0.0268268496573352	0.839349524403607	0.0229167425066819	0.033424410090674	5.36807381439637e-05	0.00795624216839428	0.0640767907997888
0.00236660281140586	0.0500405198182091	0.0323287450297073	0.829092020485516	0.026807249750375	0.0171771309133139	0.00323650180543068	0.00421193460004043	0.0347392947860021
0.00222266098818941	0.0621198471842235	0.0249703605364698	0.846464470325781	0.0117276247688258	0.0134952796437924	0.00295768918355662	0.00405974761470522	0.0319823197544559
0.00052913774787257	0.0089150551573827	0.0385526199911872	0.876367458833531	0.0302352076581854	0.0109427921408587	0.0017244360970642	0.0104411599051729	0.022292132468745
0.00801494816387362	0.0204685227812817	0.0346163024832522	0.844369510926891	0.0165810789506489	0.0199366844856537	0.00130594579071833	0.00174370658703502	0.0529632998306455
0.0134815772738994	0.00513047851901851	0.0235083011502075	0.839587427768573	0.0233760267700792	0.0342469213120371	7.09422509665124e-05	0.00186803323340471	0.0587302917218146
0.000374765886729394	0.00155936719090743	0.0488713436547621	0.862439651211247	0.0129837487343901	0.00397221798625579	0.00726255988481288	0.0444310870244795	0.0181052584264159
0.00639110717536049	0.0259555476477609	0.038604945571164	0.85289788334478	0.0458471851718967	0.00490067287707399	0.000150373853970498	0.013258543856943	0.0119937405010508
0.00535979613392451	0.0377237748742352	0.0303172035759352	0.851235111519814	0.0180607496907719	0.0120669278122096	0.00202583555065171	0.0036999750566728	0.0395106257857853
0.0208087678578546	0.0120397616821527	0.0249123066967528	0.793691229534898	0.0580538844010412	0.0308547588366775	0.00231665968120633	0.00147423366738508	0.0558483976420321
0.00219169339058078	0.0024184829810579	0.032150039778257	0.829428686016794	0.0190362399292275	0.0275230212914994	0.00165823500163638	0.015321016127468	0.0702725854834786
0.00503233479409594	0.00983660887617458	0.0301295378779289	0.877532089975908	0.0463276332352246	0.00625311664794307	0.0011832445163957	0.00185676584705725	0.0218486682292716
0.000311563904012317	0.0111536145001616	0.0350491062347621	0.838234402635226	0.0169962318946837	0.0151694091762538	0.000384137969610122	0.0106399698243542	0.0720615638609359
0.00550778901723281	0.0018403112740986	0.0272811756300725	0.860579946698252	0.0287858073281503	0.0283786532535087	0.000750750693539172	0.0164697463819118	0.0304058197232341
0.0179304967528331	0.00103265436447387	0.0530987029898224	0.822062034995303	0.0250782982129599	0.0244899144792111	0.000600733064092863	0.0355226095508082	0.0201845555904954
0.00452157243822603	0.0238809500632691	0.0235333432787568	0.868501258992113	0.0320112416348123	0.0137257174708512	0.00393735084599514	0.0139055567892007	0.0159830084867761
0.000184725566541841	0.0188209960660757	0.0268238263806026	0.840854006239255	0.0192671477918567	0.0251974084793518	0.00279804852396861	0.0150502660778006	0.0510035748745468
0.0131559860245038	0.0027005726200439	0.0306010341770473	0.852494552965102	0.0232475081008256	0.0474039254793421	0.0046811457493252	0.00711128357074584	0.0186039913130641
0.000709466855654869	0.00895040252297701	0.0214077922799348	0.847262167403897	0.0451988437576714	0.011955172712048	0.00040565897318072	0.0127898951682271	0.0513206003264091
0.000198460632758814	0.00385571686846006	0.0296493101028949	0.886361826030756	0.0233584070330742	0.028100835371427	0.00216720503049208	0.0162850422026155	0.0100231967275217
0.00531396192498825	0.043281144032587	0.0352126872033904	0.818003955283886	0.0181939255936384	0.0284009685392588	0.00288929509021455	0.00954399637373127	0.0391600659583049
0.00115398230028089	0.00104545641213363	0.0502867934312416	0.860459282214354	0.0087461429726511	0.0210534459089413	0.000144243458164729	0.020594834033487	0.0365158192687455
0.00217923355463392	0.00379899606569433	0.030976769771187	0.869131181169974	0.0304307392063803	0.0127211340912889	0.00177310140026951	0.00394370700534587	0.0450451377352266
0.00481733208127175	0.023871972424713	0.0312716967941288	0.827226382217281	0.0197535334292497	0.0134389153059422	0.000362989056129314	0.00575154839647342	0.0735056302948107
0.0176325050255623	0.0110739604810505	0.0280867828314478	0.82001755915078	0.0525003796371391	0.0248500799036009	0.000276146870518671	0.00156333002056393	0.0439992560793363
0.0165950007682993	0.0257145351793554	0.0277479083696389	0.822968760137731	0.0349220224050475	0.00220229773061215	0.00225718300466542	0.00213126207981821	0.0654610303248318
0.00439224297351213	0.00620125464068469	0.0300159869325232	0.876278059583185	0.0434897186287263	0.00355311181567202	0.00232695812108501	0.0227424759618733	0.0110001913427378
0.00776452581195973	0.0395069519750141	0.03797180148699	0.804613249809785	0.0350239337362881	0.000950486265425016	0.0313438026253424	0.0417238652574734	0.00110138303172244
0.0215619034306355	0.0328999133422919	0.0297593189196305	0.808709655988283	0.0287585496134297	0.0359752471933705	0.00326828015776479	0.00666933384218855	0.0323977975124051
0.0013393436531166	0.00148548572617086	0.0346376556076275	0.869517947493024	0.0149800428461322	0.028788888995898	0.00172904206526088	0.00224213967593238	0.0452794539368375
0.0068330285785639	0.00754909335722944	0.0286635147204419	0.837311115786989	0.01236033521701	0.0406317097754958	0.000155347003094429	0.000302599237987931	0.0661932563231876
0.00277448670382776	0.0158707781548822	0.0366459614629285	0.895783437708382	0.0199156010858823	0.0166302666870237	0.0035313050672015	0.00195331826671739	0.00689484486315483
0.0166599695449225	0.0147836012789144	0.0291239034871635	0.852956519452437	0.0314209484978225	0.0324162139944968	0.00150785791764041	0.000593607073839922	0.0205373787527632
0.0242736445794691	0.00753542493630221	0.0339960299697847	0.789533004700718	0.0350735114340227	0.0106652678364831	0.000184796592958386	0.000683146703195982	0.098055173247066
0.00394245799964594	0.00751061093832321	0.0437575992832948	0.883026731759145	0.0258566952067714	0.00511228888185651	0.00107936712334839	0.00995718224101089	0.0197570665666033
0.00618672742264743	0.0138627254756162	0.0281650892496125	0.849701067071457	0.0353239758899866	0.0155557216894414	0.000628047377027025	0.00170456929635916	0.0488720765278522
0.000253259654763485	0.0241087228637867	0.026701615231444	0.838420601745953	0.0298086991307022	0.00919683116032241	0.000897606452818175	0.000899916330890262	0.0697127474293196
0.0392883714284476	0.00380480253444945	0.0905258220428395	0.783317073978908	0.0418546097013115	0.00208200042123465	0.0072320519205618	0.0288171846851434	0.00307808328710452
0.00069220168513901	0.0256534651905754	0.0281607525178635	0.838570922916419	0.0174245455114431	0.0271494675398308	0.00141033428562734	0.00283103896707189	0.0581072713860294
0.0314843778586987	0.0107602495574564	0.0355924047434283	0.839532586025795	0.0171097823117045	0.0169442339240484	0.000661610156233653	0.00355695761732722	0.0443577978053076
0.00331046617875889	0.00511281563918821	0.0254827003932665	0.843394453803578	0.0248393315929458	0.0218369571369861	0.000602003239402853	0.00686493771579695	0.0685563343000768
0.000429251284136983	0.0187544581506981	0.0256381363607894	0.839809174682519	0.0308963379455565	0.0322888725238727	0.00108038147987796	0.00398314105336929	0.04712024651918
0.0107809819509216	0.00216712506883324	0.038084971334178	0.860497756716262	0.0269128860108445	0.0412331890292576	7.26712728527624e-05	0.0054428658994502	0.0148075527173995
0.0253042178821383	0.000596388574670599	0.0220525679291172	0.838817221207576	0.0298100133392314	0.0401968437084825	0.000211253469865492	0.0117516824366744	0.031259811452244
0.00973932865804402	0.00431278281293036	0.0341125490660686	0.812863992695264	0.0273607732896936	0.0348321134861936	0.00077179232316096	0.00309107194782723	0.0729155957208179
0.000866425737519342	0.00520573799651557	0.0306635896144592	0.877401251632787	0.0199580126606182	0.019071473618236	0.0055329223559789	0.0123187317242521	0.0289818546596334
0.00271961989775062	0.0224371993506795	0.0247264249958937	0.833318613233093	0.0268474363656743	0.0378817185965363	0.00339726363540607	0.000713249814811566	0.0479584741101547
0.00499472612192495	0.0013393343683073	0.0625322118058742	0.864368854026375	0.0192467291517983	0.00746003745824363	0.00201227497454407	0.0229077604675829	0.01513807162535
0.000737623588890012	0.00104528431892582	0.0359625788287151	0.862544994427948	0.0169905899549584	0.0447566847279231	0.00437697059035792	0.0199430248918724	0.0136422486704093
0.000754603553960146	0.0673424476789343	0.0294442909428126	0.817641890252034	0.0360613796315424	0.009798995122582	0.0020934641761328	0.0101492948375788	0.0267136338044231
0.000347369718829589	0.000615469883082544	0.0197677386823132	0.865001832264542	0.0230293593981464	0.026915363184855	0.000423553549944086	0.00120579281055201	0.0626935205077356
0.00430819506722909	0.00382217041973748	0.0219390171658798	0.845230514189931	0.0271120979253051	0.0407786182467567	0.000392690823728401	0.00358891705108013	0.0528277791103524
0.00494962843271799	0.00410678997115522	0.0351779582014046	0.83668773195687	0.00975442945072345	0.0328456806219113	0.00011185379996502	0.00502952030506947	0.0713364072601829
0.020169306997681	0.0317099209609437	0.0300159707265613	0.851116998744647	0.0160626761477796	0.024002358410403	0.0024158003044351	0.000872669733874706	0.0236342979736749
0.000666945222871304	0.00246041731962985	0.0332758094436486	0.858667771697458	0.0230785175360214	0.032850692158272	0.00187074516507827	0.00402810016740169	0.0431010012896186
0.00653206738731332	0.0107680069497673	0.0347931543772807	0.842080472899751	0.0347355384804378	0.0365715836211462	0.00636081620218734	0.00418499955390959	0.0239733605282069
0.000586703814497924	0.0249940027636238	0.0234308303822198	0.85268549417946	0.0363092327588024	0.00926299005617589	0.00115916905813086	0.00601960143629157	0.045551975550798
0.000251722858506075	0.000992227031598706	0.0251813859772627	0.825825575325394	0.0353368389749001	0.0208698020189558	0.00433546506851977	0.0048518218372705	0.0823551609075925
0.0152246447312731	0.00266395572337872	0.0297969680134868	0.870990920017043	0.0112917116295	0.0243740784666837	0.000447007118461417	0.00258801772653641	0.0426226965736365
0.0051136535880865	0.00636995570561502	0.0435437979970809	0.802456095132591	0.0252995261433113	0.00111330443696384	0.00823874520621558	0.0555690713344463	0.0522958504556899
0.000430994948620491	0.0140523139136269	0.0249699433112447	0.842421117581205	0.0347261627164677	0.00539287432741899	0.00227029193371878	0.0199586367456848	0.0557776645220133
0.0019293146634505	0.00321271245794363	0.039060621258077	0.838490246786006	0.015863346986201	0.0328525117928566	0.00439359707657406	0.00296053901112877	0.0612371099677622
0.0101765268711567	0.00553330721939743	0.0268065135027055	0.854120134538198	0.0351384864822839	0.0327542755920808	0.000778277509610967	0.00641287390814638	0.0282796043764203
0.000401283180954747	0.00759060065894652	0.0311391869810503	0.857178841722068	0.0239193991739666	0.0227388475064665	0.00189566019603877	0.0248581707434144	0.0302780098370936
0.0307999241828434	0.0248613566440232	0.0577129801674668	0.781815467305215	0.0296125685744141	0.000770382274582367	0.0175911614954766	0.0423069009516734	0.0145292584043051
0.000378292262218031	0.0115243814098727	0.0263947679539525	0.869953239296226	0.0208337128380499	0.0235351173280239	0.000142425230260465	0.00238966273474361	0.0448484009466527
0.0047413416618312	0.00201809403100262	0.0220352218964615	0.849831585143423	0.0322556491328265	0.0236630171272673	0.000793914553066547	0.0389035279154079	0.0257576485387132
0.00673442643823329	0.0162985194952981	0.0376017819776941	0.82619286149731	0.0172226848632308	0.0514134440254327	0.00121668972428062	0.0025160039108521	0.0408035880676683
0.00232222743247821	0.00714713366886416	0.0194820810933218	0.826874126707137	0.0214791565859886	0.0532779610432535	0.00161747456651249	0.000442470385221915	0.0673573685172225
0.00178617869827709	0.00274048835277644	0.0371767098192764	0.872161845058069	0.0366568086656288	0.0108014435808425	0.00296118600932956	0.0317117136296148	0.00400362618618554
0.000160295433975134	0.00303999072592419	0.0372343206536391	0.868923944003954	0.0287002910029193	0.0214916902628716	0.00168329182690762	0.0236932186250816	0.0150729574647269
0.000833367324967999	0.025993344526382	0.0283290063908674	0.836531492535612	0.0226630142356914	0.0202228384672084	0.00087844904942314	0.00624785273475201	0.0583006347350957
0.00175712232815508	0.0255591286210486	0.0254749992320114	0.821737943253589	0.0474445042469961	0.0192330750994123	0.00113854297981127	0.00198438873572773	0.0556702955032488
0.00125622902924553	0.000455121342228792	0.0389666360447584	0.84801780097474	0.0315664087313505	0.0412662542320793	0.000211461096912789	0.000434711328099503	0.0378253772205852
0.0101629529476365	0.0220650028510822	0.033054397910975	0.832391827888412	0.0489819356061232	0.00765860567342605	0.00369429419135747	0.00114039275613089	0.0408505901748566
0.000351237476648901	0.00211473837177951	0.0246791005387425	0.858515843379744	0.0201002511087051	0.0318449921424776	0.000434238472233413	0.00429424073565795	0.0576653577740113
0.0218206195007794	0.00512786579656448	0.0684031401216985	0.794988555438339	0.0142242252176253	0.00188561387771224	0.0192768838746867	0.0687380873180779	0.00553500885451666
