Bcells	CentralVeinEndothelialcells	Cholangiocytes	Hepatocytes	Kupffercells	LSECs	Mesothelialcells	PortalVeinEndothelialcells	Tcells
0.00164861313307544	0.00877053887782928	0.000127048824946613	0.953790188532491	0.0163041434259257	0.00495199016197127	0.0103455218172489	0.00310754653583254	0.000954408690679318
0.000131724939477696	0.00013172467576056	0.000645716231680202	0.948559495070575	0.0257289729988569	0.00798635267649042	0.00642770637705189	0.00304422730427219	0.00734407972583572
0.00143495393318004	0.000131543274610072	0.00651665993365298	0.95157045220708	0.0140406800491858	0.0122952870687687	0.00315083879206505	0.0107280414670831	0.00013154327437391
0.00067116801463524	0.000131656071262048	0.00320576751123948	0.967116137977532	0.0130780759146821	0.00199490933761361	0.00187858115733749	0.0117920531118257	0.000131650903872752
8.9047607280192e-05	0.0174077597600533	0.00325082913653992	0.943490776003879	0.0203623564936173	8.90476071917792e-05	0.0070195461409641	0.00820158964323407	8.90476072407064e-05
9.17748473436607e-05	9.17748474210958e-05	0.000213565000576603	0.960992146011734	0.0269624469957625	0.00764950848599231	0.00367740185785007	9.17748476841508e-05	0.00022960710563518
0.00147571934809249	0.0027421174683013	0.0028933861836153	0.946032399368392	0.017295655467524	0.00653560599931556	0.00704940584186118	0.00981180125289608	0.00616390907000206
0.000129644378859294	0.00305611834584055	0.00605481477843727	0.952040071366804	0.0198569190158833	0.0100665039016975	0.00118477127351384	0.00387115158918827	0.00374000534977586
0.000128953612431689	0.0101524087531578	0.000928487088372524	0.958240891220048	0.0137817051558777	0.00233288986386415	0.00644283680614999	0.00682095212779028	0.00117087537230751
0.00118392576090911	0.00245894858914676	0.00139322393215833	0.958321585341153	0.0192941845576032	0.0112018245229941	0.00499077914841638	0.000128300516652877	0.00102722763096589
8.85241757779179e-05	0.0054397554269143	0.00219567379195258	0.964811810140375	0.0117924399822231	0.00207103987595529	0.0100455689602157	8.85241758612028e-05	0.00346666347072498
0.000286559135463569	0.00131428988945789	0.00827546006851715	0.946869970059968	0.0209093389837247	0.0136217262831179	0.00773883939360773	0.000132019748439981	0.000851796437702819
9.26168405581436e-05	0.000240650132004488	9.26168405038927e-05	0.961900005582316	0.0175773284381293	0.00809303323125184	0.00652135250733097	0.00356827429831634	0.00191412212958858
0.000133045671819591	0.000133045671900208	0.00464834716522545	0.954654092434682	0.0217952460102837	0.00279575324255751	0.00775374440876651	0.00734775812247762	0.00073896727228768
9.340446681323e-05	0.00221908314227689	0.0091160593786092	0.952057288919202	0.0226064827485008	9.34044668380951e-05	0.00669524813677317	0.00702562427416836	9.34044668178408e-05
8.95955533152777e-05	0.00774427911389355	8.95894556546979e-05	0.977705625013956	0.0103595460699731	8.95894556253908e-05	0.00374259642640881	8.95894554179517e-05	8.95894557556696e-05
0.00336404932701567	0.00130715427329388	0.000127941874312071	0.954148792234718	0.0164477587482963	0.0160546791259543	0.00493631501933141	0.0026356679732285	0.000977641423850004
8.86936229707819e-05	0.0210655991726793	8.86936229023354e-05	0.946041199470904	0.0138450446847083	0.000744046051155241	0.0141672487724744	0.00152865634768281	0.00243081825452266
0.00566976991297241	0.00669078684754002	0.00220978898779348	0.947513371770015	0.0166421678521584	0.0121152539740362	0.00890782999569364	0.000125515329924896	0.000125515329865759
9.37793709661863e-05	9.37793709321783e-05	0.000151332683469183	0.96598801626672	0.019905659859192	0.0101819118639233	0.00172891659074796	9.37793711080062e-05	0.00176282462294151
0.00107310169202688	0.000131494630332972	0.00128012587654587	0.953225981523055	0.0309842224458491	0.00431965817177054	0.00448347434463682	0.00437044668571487	0.00013149463006783
0.000130902070675179	0.00248412520350777	0.00182784995591583	0.953630762230028	0.0263351419128495	0.00637669793564646	0.00421906962663856	0.00335475267507001	0.00164069838966863
0.00414861351522287	8.92660404379192e-05	0.00301168317885546	0.971396185118658	0.00615087007035502	0.0115732294638901	0.00345162053155711	8.92660405785581e-05	8.92660404445977e-05
0.000429407848677263	0.000131060896219936	0.000131060896074709	0.958999759590848	0.0237579587963034	0.00672521410433542	0.00442006828450738	0.00527440868706563	0.000131060895968387
0.000135457479466653	0.00013545747979733	0.0201146053170695	0.933133874005865	0.0115190309522526	0.00132967216997412	0.0110383176445844	0.0216455972255853	0.000947987725404916
0.00290951454365241	0.00284980296351291	8.97935350770863e-05	0.963553598061449	0.0132887177692539	0.010563291314072	0.00493260454032313	0.00172288373758266	8.97935350770892e-05
0.00461016836796018	0.00120505045573465	0.00692777867552913	0.957807113776979	0.0143564324145319	0.000135244207599707	0.00559632121773092	0.00755840344093304	0.00180348744300109
0.00359090663434803	0.00622610368694594	0.000126799603447397	0.967607756881664	0.0103812475155208	0.00740257137462412	0.00441101509658724	0.000126799603364996	0.000126799603497166
9.23964002354632e-05	0.00239212873873426	0.00185831671754028	0.967637722519856	0.0153983897483508	0.00633413418007963	0.00441540650232592	9.23964002842459e-05	0.00177910879259369
0.000323078445217983	0.000128480120809204	0.00439816660558931	0.955969000862363	0.0108444942961508	0.0159121811001783	0.00293210965295754	0.00439146573297859	0.00510102318375518
0.000201611308988208	0.000130294248943333	0.00672237019160377	0.959804720336088	0.0163147145461223	0.00773246091421895	0.000925466596648716	0.00440234227616357	0.00376601958122305
0.00217673036163589	0.00609477005403531	0.0202979738361187	0.941567046795267	0.0162496388317881	0.00891080152824703	0.00451865114837898	9.21937222288833e-05	9.21937222996837e-05
9.2334891673221e-05	9.23348917070036e-05	0.00302985178302016	0.967173625596713	0.0211988455513927	0.00222338697944202	0.0043690680041996	0.00172821741018625	9.23348916660671e-05
0.00542453740144782	8.75884813793909e-05	8.75884812549761e-05	0.969725490944341	0.0112461237023832	0.00778881460773497	0.00204227627017838	0.0032883695490937	0.000309210562186636
8.99311442705785e-05	0.0135943329704552	8.99311443155128e-05	0.950958310618607	0.01927188542286	0.00545897818570197	0.00579589020967351	8.9931144324445e-05	0.00465080915979209
8.97239555263401e-05	0.00308915156748666	8.972395559942e-05	0.970469186059372	0.0170818215768946	0.00387263360783036	0.00470819511193775	8.97239555224669e-05	0.000509840209830544
0.00386654445761704	0.00519734002792141	0.000408304372493063	0.957088458500722	0.0217850361005323	0.00278590273942844	0.0025904505871858	0.0061464070164763	0.000131556197623885
0.00452131221336927	0.0108026982989686	8.86391972113567e-05	0.945606907029504	0.0244659342706062	0.00659692107931758	0.00667825673025127	0.00115069198356433	8.86391972071199e-05
0.00367351756513214	0.00557532649097262	8.87829195204994e-05	0.971410609533623	0.00903619518095571	0.00187181917366886	0.00491151714493225	8.87829193783066e-05	0.00334344907181662
0.00136734357658421	9.16611499147082e-05	0.00492140526736291	0.97027769113905	0.017005177742303	0.00267858614768355	0.00239033171659708	0.00117614211068915	9.16611498150467e-05
9.06832809380386e-05	9.06832808839924e-05	9.0683280949507e-05	0.9626700971408	0.0231673447519523	0.00151801411090677	0.00289105247623582	0.00378897339337513	0.00569246828395815
0.00217234361623769	0.00855466483135531	0.000126008865115796	0.961489227429065	0.0136382058549688	0.00438821006973844	0.00463385354843656	0.00363365248651176	0.00136383329857088
0.00151415342397634	9.03077044181534e-05	0.000349208698893455	0.965717175447999	0.0141247134936618	0.0136732846719764	0.00435054115016764	9.03077044764086e-05	9.03077044305519e-05
0.0052216664872849	9.21335308338163e-05	0.00914652139016736	0.946112765939134	0.0166065463867564	0.0142575541689133	0.00837854503529787	9.21335307636105e-05	9.21335308485823e-05
0.00672062601234769	9.00489022205554e-05	0.00293708942674064	0.963688621480235	0.0162566254478389	0.00663650449151573	0.00349038643477966	9.00489021491126e-05	9.00489021729076e-05
0.00140729122482253	0.000127803011314892	0.00608577407941192	0.962764831868695	0.0140086590050488	0.00714374753286256	0.00147931335996156	0.00197431080861919	0.0050082691092639
0.000131981706156412	0.000131981706302076	0.00208866864864175	0.96827347022916	0.0166929508868966	0.000295632519324031	0.00301392883226812	0.00467587327468568	0.00469551219656496
0.00700481458245745	0.00462783698105118	0.000129145445242365	0.958124012629536	0.0133206445646453	0.00302210776312802	0.00858094069314239	0.00105286165808269	0.00413763568271411
0.000413795559616837	0.000237529386003147	0.00147290887240684	0.977657086464396	0.00891737950132757	0.0086527207306334	0.00246200063020361	9.32894276338027e-05	9.32894277789592e-05
9.12087295077092e-05	9.12087296894602e-05	0.00131022939480601	0.953183658402709	0.0244533448770054	0.0108588877058627	0.00651219055473457	9.12087294730072e-05	0.00340806287621255
0.00377711729949628	0.00554881142112448	0.000126117764062384	0.956584689989723	0.0156415985370953	0.00401527561700314	0.0107927193772415	0.0025747326592695	0.000938937334984688
0.00190280269964131	0.00426815032647239	0.00383789259760013	0.958594678734015	0.0127358578847235	0.012223992809527	0.00625785960624945	8.93826708617731e-05	8.9382670909824e-05
0.00197891274574019	0.00268429954987999	0.000132145107036335	0.972565968963566	0.015394918235268	0.000932863534474264	0.00276815629510062	0.00249744217890574	0.0010452933900288
9.16931794724183e-05	9.16931794946878e-05	0.000283555139096431	0.968592242060852	0.0144451925842937	0.00792367784849739	0.00574554951353546	9.16931794528037e-05	0.00273470331530555
0.000126255393607818	0.000126255393516762	0.000126255393480466	0.95107882581994	0.0106522029519315	0.0275983452634649	0.00566911555765696	0.00191895143409132	0.00270379279231023
8.85860471479032e-05	0.00182256015858134	8.858604713637e-05	0.962582556725741	0.0151510662462147	0.0109190706595521	0.0091704020212992	8.85860471553959e-05	8.85860471718378e-05
0.00638791684608222	0.0025471348257993	0.000261987267636708	0.958792589268661	0.014371860171898	0.0131910954295561	0.00274496793881783	0.000127009081662423	0.00157543916988623
9.13086928163204e-05	0.00558979091615248	9.13086928251653e-05	0.97621961987258	0.00509555727999927	0.00084382976180325	0.00556309020761429	0.00366975130304112	0.00283574327316805
0.00307824240378886	0.00177900859929471	9.02044583126606e-05	0.965703156847824	0.0152710296622093	0.0100123149983933	0.0038856341136195	9.02044582682251e-05	9.02044582895368e-05
0.000407021308704906	0.013513726553638	8.99385749570281e-05	0.966871463541014	0.0106404061799658	0.00241006113116172	0.00122470569470256	0.00046583278581929	0.00437684423003628
0.00270525474757228	0.00907224496372652	0.000126581084707685	0.949791393619801	0.0230274840676169	0.00678122604283856	0.00375594336888735	0.00461329102013565	0.000126581084713648
0.00157490603453278	0.00482074399265378	9.11471850805169e-05	0.971235329221003	0.0179721680918131	0.00168470460328411	0.00128042044016793	9.11471850209117e-05	0.00124943324644437
0.00477746052641092	0.000132250560134427	0.00988991974305021	0.963710151898865	0.00823339614495143	0.0030647856268903	0.00365570773522758	0.0064040772042748	0.000132250560195334
9.1551887217628e-05	0.00286530805625617	9.15518872154495e-05	0.960077998500541	0.0254727681780839	0.00362357099711547	0.00151002566068905	0.006175672945673	9.15518872081984e-05
0.00553853328629399	0.00212838421254189	0.000132822683842327	0.970350160651348	0.00847597285753471	0.00126555597767098	0.00604384458451251	0.005931903062639	0.000132822683616119
9.11426611311941e-05	9.11426611623961e-05	0.00733490552904275	0.946332047672507	0.0223453354763301	0.0143427454581008	0.00773341817669824	9.11426610379879e-05	0.00163811970398963
0.00274030324668793	0.000100069547025321	9.09262290960428e-05	0.965106578928546	0.0107386766281036	0.00445519725844688	0.00519541518690893	0.00994675422544499	0.00162607874974013
0.00256482776762081	0.0055205834748886	0.00227920383603147	0.969243756667503	0.0119631188071696	0.00203652512988846	0.00613278026662515	0.00012960202521978	0.000129602025053376
0.00229803252134013	0.00904231625483671	0.00416858764528611	0.950528117560962	0.0135110891847891	0.00496897899611156	0.0063905230830557	0.00338348952275624	0.00570886523086226
0.000131319619223173	0.00189435999620756	0.0457307527461222	0.906864910581976	0.0107796694583525	0.0025170523316101	0.0186438289008518	0.0133067867463573	0.00013131961929911
0.000132668716481945	0.00125479397330022	0.00249870970915244	0.954945659526229	0.0205190366061107	0.00914556303126635	0.00526724875345142	0.000132668716609671	0.00610365096739798
0.000202157678180493	0.00567205623128998	9.07719328116022e-05	0.95288954342631	0.0162618991336095	0.0118960201236224	0.00560572180419813	9.07719329871584e-05	0.00729105773699033
0.000127317549352352	0.0107886612916836	0.000127317549267686	0.949673933580184	0.0133455137113496	0.00879658817015034	0.0116977968817457	0.000127317549566179	0.00531555371670031
9.35361688672301e-05	9.35361688493525e-05	0.0116344832982949	0.950110520424324	0.0211646773615169	9.35361689450984e-05	0.00568544047456462	0.0110307337657432	9.35361688943323e-05
0.0010390383555308	0.00753039329332897	0.000845309832588351	0.96155000346949	0.0169496925484934	0.00792182306463881	0.00317217941876801	0.000900164540762918	9.13954763991783e-05
0.00175740491877477	0.00422457732308872	0.00611392112297959	0.942769801007059	0.0346119779080235	0.00435783758406911	0.00343392016985307	0.00259784587483104	0.000132714091320916
0.00464354591027657	0.00148660080974826	0.00954568596523537	0.945594360944316	0.0137365942650816	0.00810371605462424	0.01041993277781	0.00612152924798594	0.0003480340249217
9.09333297334529e-05	0.00219187221113743	9.09333297811041e-05	0.966039936148085	0.0181277780767699	9.09333297030916e-05	0.00388477855204272	0.00390984421657331	0.00557299080617447
0.000579895851138033	0.0126864585472729	9.40783013471552e-05	0.958231235070274	0.0230051291645487	0.000121105156591005	0.000575920721198598	0.0023132921865325	0.00239288500109704
0.000594929391139734	0.000130675452295158	0.0249729837395604	0.93639768334641	0.00922086341878272	0.0026399759862783	0.00615769311518704	0.0167264977338792	0.0031586978164678
0.000785003522615275	0.0123364861459525	0.000128557564720924	0.947049548206211	0.0180958142375487	0.00991124073648834	0.0101394271651853	0.000128557565024151	0.00142536485625358
0.000899852910258213	9.11673956740299e-05	9.11673957120486e-05	0.975530634941769	0.0112579952984812	0.00593127569505878	0.00260688099877035	0.00168399705614569	0.00190702830813053
0.00534802645209412	0.0200604214234128	0.00193143408708147	0.940125096108532	0.0121669325770422	0.00536578071053686	0.00990618812921919	0.000127682140073623	0.00496843837200745
0.00143190772193958	9.05168049668417e-05	0.00400479414455733	0.967506221844546	0.0198317004917618	0.00625590565165021	0.00069791973038826	9.05168051383575e-05	9.05168050520296e-05
9.07638562154818e-05	9.0763856252656e-05	9.07638561934882e-05	0.964293537793988	0.0241905535067712	0.00526833917201504	0.00135596010557545	0.00452855399679463	9.07638561944908e-05
0.00133826514741765	0.00394437115331115	0.000126288955212893	0.961090346567569	0.0203027691875981	0.00012628895540132	0.00744473625385075	0.00363539166612617	0.00199154211351362
0.000128033736552239	0.00248169812666749	0.00143437015978009	0.971713412307337	0.0162983681129301	0.00240555618070584	0.00220948492666133	0.000128033736351845	0.00320104271301374
9.34101127839474e-05	9.34079465879702e-05	0.00805470658659694	0.961710653775427	0.0108962227392598	0.00663020816762856	0.00383575818976525	0.00859222236908138	9.34101128696992e-05
0.0020127852651107	0.00613078001891809	0.000127172401923449	0.967937651457276	0.0081898462203636	0.00933783445520505	0.00600958537747938	0.000127172401803689	0.000127172401920042
0.00161591868576997	9.0039230355655e-05	9.00392303999988e-05	0.981485203961394	0.0104920471063879	0.0018427394660718	0.00137250913551265	0.00292146395374063	9.00392303673378e-05
0.000130868020959716	0.000858482743894156	0.000285196480331128	0.965105331373521	0.0170263471918458	0.00960341886121892	0.00601332444310369	0.000130868020561863	0.000846162864563562
9.03784006894771e-05	0.00674481504244724	9.03784007315599e-05	0.956606640826441	0.0122086982392191	0.0128713435485782	0.00587034914638574	9.03784006200426e-05	0.00542701799488814
0.000128241192389986	0.00335699981996236	0.00152763571097894	0.938719040151174	0.0187229777983135	0.0219234142225669	0.00952269473685431	0.000310660773480795	0.00578833559427976
9.11239763754897e-05	0.00177906197440814	0.00289962583820741	0.964132011056892	0.0165831062281016	0.00900350714855249	0.00532931582457346	9.11239764769616e-05	9.11239764130863e-05
0.00266497924972629	0.00602131388389941	0.00223055200163482	0.972887689203088	0.0116774402454182	0.000616619924034394	0.00372453174387291	8.8436874101384e-05	8.84368742244915e-05
0.000131893329825537	0.00173667166134772	0.0208898910088994	0.928473861586963	0.0145352339374665	0.00824354616728725	0.0168002785817815	0.00493253181225825	0.00425609191417067
0.00389238393546506	0.010382147703768	0.000125997433880824	0.953943187715837	0.0128268399940254	0.0106044455472104	0.00781848727951221	0.000280512956420534	0.000125997433880788
0.00636229589028471	0.00799131203390525	0.00398272018001811	0.939420192999058	0.022085062959048	0.0114237033414378	0.0084755750645119	0.000129568765868497	0.000129568765867888
0.00128856443277584	0.000132884181575966	0.000132884181359874	0.960395702171233	0.0188389268630497	0.00708766059142331	0.00438775441186267	0.0068351952387203	0.000900427927999381
0.0029438673206661	0.00602461241646904	0.00258267550038197	0.960982422930794	0.0107398930262957	0.00925067085579985	0.00722090596040282	0.000127475994541335	0.000127475994648922
8.99278453407097e-05	0.0045371466343811	0.0123440132270958	0.955767271086035	0.0206537288546481	8.99278453864967e-05	0.00150291726877141	0.00492513939297312	8.99278453681126e-05
0.00232178349074102	0.001198694025333	0.00396873991946646	0.949096062070939	0.0245376976389863	0.0133021467330113	0.0053163370835856	0.000129269519051294	0.000129269518886417
9.10478000099808e-05	9.10477999694971e-05	0.0130226699334463	0.95470241540744	0.0208455845663524	9.10478000699012e-05	0.00180814778440073	0.00925699110832758	9.10477999834796e-05
0.00508809068625725	9.14499655354412e-05	0.0358898297996264	0.880046344706845	0.0203393540352369	9.14499655885681e-05	0.0107630071248893	0.029334800024296	0.018355673691725
0.000134284361125687	0.00013427814783476	0.00323519576464723	0.965385930986119	0.0204361089146471	0.00421172472917946	0.00103103508629093	0.00505795806733012	0.000373483942826001
0.000436778933140135	0.000133828233699992	0.00506524552230969	0.937201762191533	0.0407049374469627	0.00523517582697106	0.00425589863500505	0.00683254497668992	0.000133828233688884
9.14002653348589e-05	9.14002653418306e-05	0.00310423528174947	0.976514559331829	0.00953861951418479	9.14002653021552e-05	0.00362264844697721	0.0042880397894831	0.00265769683979813
0.000132085772496192	0.0014174401463829	0.00533833489488746	0.958218068456699	0.0238434780008741	0.00416057666500163	0.00557611415548565	0.000132085772492963	0.00118181613568035
0.00148709045017469	0.0075550989580012	9.0596534259988e-05	0.97324341644322	0.00987647159787809	9.05965342277881e-05	0.00747553641366386	9.05965343150618e-05	9.05965342599861e-05
0.00239372272203784	0.00739539074882508	0.000127573242299825	0.963831541980022	0.0103936417953536	0.00440297402687133	0.00597257813371419	0.00484262131646038	0.000639956034416209
0.00137100626876108	0.000129615704124105	0.00253134452142829	0.966932586950899	0.0145716285534079	0.00895804418365479	0.00524663364856985	0.000129570084513083	0.000129570084641721
0.000130517909905208	0.00381421487942149	0.00013051790982667	0.965818450579758	0.0164711373463307	0.00404315169656339	0.00731067139748431	0.000166754832132337	0.00211458344857744
9.09334457933785e-05	9.09334457475193e-05	0.00197115203353576	0.956292546538448	0.0153764410006929	0.0172119435556713	0.00360265109348832	0.0052724654408677	9.09334457548381e-05
0.00400355295788027	0.00394551804694111	0.00060778900140645	0.959383693245953	0.0204142539758059	0.00470847590842659	0.00435397683717276	0.000127279361221373	0.00245546066519284
0.00493252837463385	0.00481037485061923	0.00013461905304223	0.958088812322885	0.0193797391896524	0.00013461905324412	0.0071568956898227	0.00187521778663666	0.00348719367946384
8.83794696000932e-05	0.00558191156501469	8.83794695602885e-05	0.954643116217986	0.0206537445525549	8.83794696066099e-05	0.0165521815247793	0.00221552826134199	8.8379469555857e-05
0.000126286926952156	0.0160366008269002	0.000187877873271112	0.959307261638589	0.0154923997946535	0.000126286926569855	0.00760847326958289	0.000608302373125595	0.00050651037035589
0.00354837503720719	0.00429296200474604	8.90517277286102e-05	0.956383306717306	0.0260331855808208	0.00131980256929968	0.00244467372399342	8.90517275533139e-05	0.00579959091134518
0.00620965582363447	0.0087177152637889	0.000126535067782495	0.946512157280683	0.0223206908402523	0.0111202247451808	0.00150404633699265	0.0019639770694808	0.00152499757220509
0.00190731808464818	0.00149290814230623	0.00266933567634176	0.948395177229161	0.0178531254735324	0.011525186254895	0.00716486300808271	0.00886218333475689	0.00012990279627651
0.00381715270541042	0.00403129679762578	0.00242591739020668	0.953318262870735	0.0150419104847783	0.0126869909916645	0.00370734084802213	0.00484335783128102	0.000127770080276514
9.04132102578985e-05	0.0200767473139494	0.00280543024999569	0.953697013230172	0.0123800126466517	0.00312337842109399	0.00764617850742382	9.04132101423391e-05	9.04132103131871e-05
0.000830332056100232	9.16682757584281e-05	0.0193824295388331	0.940287968001663	0.016151206281001	0.0120603568473245	0.00707897626522567	0.00402539445828316	9.16682758106272e-05
8.96974400992887e-05	0.00357803267159026	8.96974400903746e-05	0.969581296226764	0.0161015420827852	0.00125158282743787	0.0033332396952245	0.00588521417592205	8.9697440086285e-05
0.000797059791989814	0.00473928824163611	0.00297805228710453	0.95034277825701	0.0211678374377128	0.000346321087138717	0.0110647247664773	0.00601760341427175	0.00254633471665878
0.00151979177274862	0.00154281631475335	8.87084425743104e-05	0.961399408735314	0.0172224672443938	0.00688548598306139	0.00854904391867258	0.0027035691459116	8.87084425704411e-05
8.94910993130694e-05	0.00737457084666578	8.94910993116485e-05	0.962833357728051	0.010205491607754	0.00202526764877532	0.0120665360440511	8.94910992641054e-05	0.00522630282681423
0.00465332933651401	0.01246494747494	8.93681121058896e-05	0.953289833972858	0.00742957722247325	0.0120867306790764	0.00501174460972459	8.93681120619966e-05	0.00488510048024571
0.00919871770363976	0.00220567328490392	0.000127640084108725	0.9329703702628	0.0252410458458834	0.0102715663928141	0.0085018745542567	0.00406488478164037	0.00741822708995262
0.00155407326024244	0.000130728376529071	0.000130731534975227	0.950142117873616	0.0262091099405088	0.0044624315186895	0.00800682623913067	0.00698464932653257	0.00237933192977583
9.22172259161126e-05	0.0152812342769216	9.22172259041471e-05	0.963455076107118	0.0160137452943582	0.00256136346078771	0.0023197119571299	9.22172259029134e-05	9.22172259608448e-05
9.0779315276813e-05	0.00217217083764606	9.07793152768908e-05	0.954963613390122	0.0233712682194523	0.00700287340511259	0.00452735685850565	0.00385452069217565	0.00392663796643223
9.18644062575086e-05	0.00184752469099091	0.00449202816647796	0.947075596997086	0.0259767408306784	0.00997051110332798	0.00683924221499161	0.00358620994483614	0.000120281645353955
8.76152569750253e-05	0.00552209320475277	8.7615256956482e-05	0.96115736078621	0.0230628279544437	0.00418138605761135	0.00360235511655295	0.00133381662093965	0.00096492974555839
0.000926841620745429	0.0045062473470961	0.0156660419833446	0.9478823695837	0.0179984755362667	0.00424887898399971	0.00850616134538504	0.000132491800000041	0.000132491799461786
9.24096423034053e-05	0.00663932736822976	0.0115128742162377	0.954171874038835	0.0166264318729491	9.2409642270954e-05	0.0058450184389105	0.0046653280194089	0.000354326760854602
0.00131889261899197	9.1904449718556e-05	0.0383325316457443	0.910753253128445	0.0115217319213862	9.19044496524156e-05	0.0229742072810207	0.0148236700553212	9.19044497197115e-05
0.00537524650656574	0.00492905351694946	0.00308181883712671	0.9562153540402	0.0140897774225997	0.0113686580530639	0.00468426688262889	0.000127912370490945	0.000127912370374532
9.29140875489867e-05	9.29260661076152e-05	0.00910716022240937	0.963354941651184	0.0102791951875024	9.29140877434511e-05	0.000688281773352143	0.0154260868247015	0.000865580099450487
0.00791834645099776	0.0055648013060767	0.00248361387624384	0.953243637433068	0.0116847562294724	0.0141927676572934	0.00473544093263069	8.83180571098665e-05	8.8318057107612e-05
8.98198042028147e-05	8.9819804140069e-05	8.98198041841549e-05	0.96422053765393	0.0165943464759881	0.00743009705326158	0.00439995970369683	8.98198041691881e-05	0.00699577989642703
0.00223919524919269	0.00656480654757388	0.00556398125499047	0.954026177642717	0.015907725363491	0.00358925943375367	0.00144692319999831	0.00593628146878179	0.0047256498395016
0.00198480889717775	0.00190041357701216	0.00227230789373699	0.968268073286293	0.0133959514228921	0.00457788328352194	0.00487895480675215	0.00135483149251801	0.00136677534009561
0.000130118739455408	0.000130118739421362	0.00534058581348639	0.958566298194762	0.0190235060246721	0.00554758438376269	0.00508920543848946	0.00288784710343901	0.00328473556251175
9.06707090719865e-05	0.00197394369396812	0.00274884457713389	0.966482448844347	0.014164917273799	0.00778868275183165	0.00436793403616016	0.00117312746403667	0.00120943064965122
8.91990015479825e-05	0.00556475886761984	0.000825933587585582	0.953899741559887	0.0185030103346065	0.00398263844230474	0.00480049617403296	0.00438832213612547	0.0079458998962901
0.00388384260661937	0.00896315362965805	0.0121069821259937	0.959570134558934	0.00852058221261382	0.00173402637114335	0.00257773029776273	0.00251025729443369	0.000133290902841797
9.44533429784373e-05	0.00261961771133144	9.44533429634108e-05	0.958807130551555	0.0173924325620995	0.00469017031336817	0.010941214329058	0.00526607450379119	9.44533428548262e-05
0.00439391442646569	0.00873147816679726	9.08654130123434e-05	0.965919803452828	0.00843528713224251	0.00722505689094997	0.00319676513016284	9.08654127779388e-05	0.00191596397476333
0.00221216567531745	9.26293715021109e-05	0.0151560863892097	0.94957563764537	0.0198465173900827	9.26293713473892e-05	0.00193413266610962	0.0109975721195583	9.2629371502515e-05
9.23910219478327e-05	9.23910220066761e-05	0.0324265106388978	0.92656909678682	0.0140346496061767	9.23910218805944e-05	0.00925434731135933	0.0173458315689555	9.23910219554248e-05
9.26888569857594e-05	9.26887956761518e-05	0.00991898901911473	0.962489521071925	0.0119486531209711	9.26888570221093e-05	0.00532488250034586	0.00878269939811387	0.00125718837984509
9.18831460337649e-05	9.18831459980738e-05	0.00220685661177485	0.958543825799599	0.0181605657152223	0.0050566075165276	0.00198348717699393	0.00623421944117786	0.00763067144667219
0.000103716903713585	0.00124321717236248	0.0110068068396171	0.957818767075946	0.0109573321051148	9.14410498240451e-05	0.00646555686042914	0.0094927115736147	0.00282045041937805
0.000952869827985111	0.00266358091351361	0.00646681633538222	0.961220680788308	0.0177421324888114	0.00283334707282131	0.00392133542297946	0.00406377454814586	0.000135462602053114
0.0023567188661747	9.29576061665916e-05	9.29576062640823e-05	0.963857243219544	0.0233927951824101	0.00635370015164091	0.00262416314793628	0.0011365066136714	9.29576061916949e-05
0.00183365983361561	9.30220429777846e-05	0.0105689079347046	0.930775636501137	0.0317625992634809	0.0180770788257524	0.00302070792925869	9.30220430188606e-05	0.0037753656260546
0.00338792514639028	0.00161093036236751	0.00103022639769783	0.961406579461525	0.0161680656338773	0.00761676920261483	0.00254663601729541	0.000126828968010871	0.00610603881022087
0.000227796672068792	0.00540352977311086	8.92226072497057e-05	0.970775670455284	0.0103057861761676	8.92226071999379e-05	0.00381986214020204	0.0010134661104241	0.00827544345829263
0.00873757397091445	0.000130909693404614	0.00160582195899586	0.944979636932386	0.0257340396276866	0.0111132811520782	0.0046875665082599	0.000669677364340326	0.00234149279193447
0.000616069621858164	0.0145665195249832	0.000350505663868884	0.963502392265792	0.00900066391089222	0.00057509988046364	0.0035535792906766	0.00314639251909975	0.00468877732236539
0.00300553674992185	0.00450759865687215	0.00156951489307322	0.95564760771345	0.0192839565854922	0.00656231904002053	0.00448030554532662	0.00337755755147601	0.00156560326436717
0.00427604079055561	0.00795250471214706	0.0060825031879946	0.943612435876444	0.0160875887070883	0.00590183239455134	0.00442978299455305	0.00317897275426701	0.00847833858239946
0.000132593491633555	0.00791628142660093	0.00198107449819656	0.942637015642298	0.030026577807639	0.00542520361264745	0.00753201858538654	0.000132593491784066	0.00421664144381345
0.00013431503430213	0.000469486580736226	0.00370663987319721	0.969036946519019	0.00841571882899366	0.00988070906677488	0.00442612758900929	0.00123732871608367	0.00269272779188425
0.00152661725001242	0.00346198233657425	0.00276673027485509	0.963220189581326	0.0200390527976603	0.000126070436963096	0.00475642980195405	0.00178250038711938	0.00232042713353529
0.00227479583030251	0.0068432375285104	0.00367266679703695	0.961065861097535	0.017266855144008	0.00428274983458089	0.00433476450622313	0.000129534630921051	0.000129534630882354
0.000833339772356473	0.00259270884401343	0.00864834665557253	0.935382138317428	0.0354810453423426	0.000351205943140696	0.00709818053791619	0.00830539734217065	0.00130763724505946
0.00248499242080431	0.00447615569839358	8.91245607618441e-05	0.967061921132735	0.0166062014542436	0.00296929560562844	0.00613406000592552	8.91245607984056e-05	8.91245607090763e-05
0.00167356829943137	0.000127056743016663	0.000127056742906872	0.955961199082274	0.0219508934554506	0.00651025300697701	0.00893570421900833	0.00184870638625753	0.00286556206467789
0.0012367312834901	0.00905017407994746	8.94367227411917e-05	0.952087379752719	0.0134911261403839	8.94367227001383e-05	0.0150659618221168	0.00300461540193688	0.00588513807396513
8.9643145127421e-05	0.0212866772938752	0.00300514170406783	0.949186356017131	0.0103066027652416	8.96431451418088e-05	0.0147192717003173	8.96431450552909e-05	0.00122702108404256
8.94070722860186e-05	0.00145101384860904	8.94070722524867e-05	0.974395684988081	0.0115548005307162	0.00422452886991897	0.00412724972008105	0.00397850082580245	8.94070722526363e-05
0.00132934941813314	0.000112067830895571	0.0120157141601033	0.967658032982052	0.00492331490335481	0.00324644181971081	0.00576373056992526	0.00486132944136918	9.0018874456012e-05
0.000127804928955974	0.00468226087560331	0.00191246266151931	0.967813466352405	0.0159890606512643	0.00541119112219558	0.00212412819239111	0.000942994293906808	0.000996630921758999
0.00352029987939616	0.000132590103567185	0.0104735481170142	0.951901890484744	0.0124573738628794	0.00884873879108816	0.00253266698286051	0.00384909262237549	0.00628379915607432
0.000127470086115409	0.0125898986096546	0.000127470086034795	0.955748154067394	0.0137685349157242	0.00954690016518984	0.00576743563942845	0.000127470085884916	0.00219666634457343
0.0014674055536667	0.00159647103364443	0.000128680443037316	0.965068749092246	0.0217423031776747	0.00486203416521947	0.000551020140072745	0.00344007648637809	0.00114325990806025
0.00176885393462316	0.00878176857360057	8.86768271423709e-05	0.963009392567308	0.0101552393416385	0.00751098856756649	0.00846603265699011	8.86768272385512e-05	0.000130370703892501
0.00197919233999802	0.00528928641611662	0.0216839018842094	0.936211331881469	0.0105404060526622	9.20064592694348e-05	0.0174669822050143	0.00449257688549535	0.00224431587576523
0.0058494713227582	9.00356784506462e-05	0.0010066854557304	0.951232312343034	0.0187823496332185	0.0122380334757001	0.00773515887624069	9.00356783334287e-05	0.00297591753653372
0.000132202645731011	0.00013220264557884	0.00997726953502956	0.950775425589867	0.0170748718961893	0.00945086000099724	0.0035379530280523	0.00714395319136405	0.00177526146719055
0.00239422232041825	0.0203271738301732	0.00191420333939005	0.937120003245088	0.0231423660079607	0.0045627012019814	0.00991163243459882	0.000498650263781861	0.000129047356608063
8.961712734279e-05	0.00459150522614571	0.000339324083672419	0.970454101382333	0.0129904750911851	8.96171275006462e-05	0.00638770276003109	0.00496804007443375	8.96171273554793e-05
8.96400148491927e-05	0.000197315142920561	0.00527486947508245	0.953745305126811	0.0170111302499529	0.0142819273725504	0.0043833981262289	0.00492677447672984	8.96400148750312e-05
0.00126978627321276	9.53503730529092e-05	0.00530255959131636	0.959208669291233	0.0237449337882978	0.00969692267352464	0.000491077263588569	9.53503728520603e-05	9.53503729219034e-05
0.00136077991431588	0.0049877392916773	0.000128785232467944	0.962249205424296	0.0110285410808577	0.00983563691647713	0.00702981796360295	0.00110128596584798	0.0022782082104569
0.00161541881096388	0.000729448666962235	0.00887825277306902	0.943579610730616	0.0250301043667557	0.00793341104273653	0.00732108693793519	0.00478419209053501	0.000128474580426307
0.000635072377142821	0.00702898000080891	0.00200911123397717	0.967189840153416	0.0162999875371891	0.000945248314519477	0.00464577002301503	0.00111712603900613	0.000128864320925117
9.00647047309289e-05	0.0130801998502014	0.00222057951677461	0.956065662960005	0.0220668173490782	9.00647048138731e-05	0.00620648150488059	9.00647047553541e-05	9.00647047597793e-05
0.00153626151390705	0.00176800480123081	9.28776085158094e-05	0.952779066294705	0.0236435243057845	0.00655714040687595	0.00152031683489094	0.0120099306255788	9.28776085113902e-05
8.94293969924015e-05	8.94287304489623e-05	0.000737542059066224	0.966529308747252	0.0128872414202599	0.00946781925953295	0.00233771291586963	0.00570525276265574	0.00215626470792248
0.00268643599212758	0.0137248707655433	0.0038445256689791	0.961340549795358	0.0103770931324999	9.08559586336505e-05	0.00451853161492166	0.000545147701229427	0.00287198937070744
0.000719294541145268	0.00132896417260894	0.000128692516610044	0.973136139866663	0.0124544289602726	0.00756753916191152	0.0024620516925449	0.000128692516605468	0.00207419657163791
0.000135335918039004	0.00013533426681969	0.00365198642486632	0.969278509743514	0.0130849834620415	0.00484315756684566	0.00339340968364195	0.0053419470161675	0.000135335918064041
0.00530608760010607	9.04686071968356e-05	9.04686072761571e-05	0.956742929789196	0.0165330636015457	0.0114657931928912	0.00542627760752976	9.0468607284378e-05	0.00425444238697351
0.00114504845658099	9.42863609016133e-05	0.00110375880978972	0.973281722435619	0.0120794255006892	9.42865683079862e-05	0.00334817479078673	0.00875901050923142	9.42865680935793e-05
0.00164544648517286	0.00451142907979941	0.000956068295618398	0.959592120789203	0.0201014886483392	0.00851078122691849	0.00442670156378111	0.0001279819554691	0.000127981955698818
0.00325421972548046	0.0306511761749039	0.00694477356116214	0.921132007898868	0.0153129383433931	8.91455058518394e-05	0.0221652491202591	8.91455057906345e-05	0.000361344164291132
0.00152898362456015	0.00844865165509538	0.0021486721366773	0.953999459769332	0.0147964511102604	0.00678260754466253	0.00925385204534085	0.000130763041186545	0.0029105590728851
0.00283171000111045	0.00590363453471019	0.00197464236553902	0.933536573050443	0.0360756592346614	0.00990089072951604	0.00586333944080313	0.00378233880175206	0.000131211841464371
0.000107322693212155	0.00695528407719652	9.42838001815898e-05	0.956442510260881	0.0219351391841936	0.00941833917284338	0.00272787801638972	0.000784514935638538	0.0015347278594639
0.00775419473651055	0.000131622833151383	0.00214895351668695	0.957044488201371	0.0237437829245577	0.00652443563832508	0.000836378161580309	0.00168452115466497	0.000131622833151946
0.000125903021653981	0.00109697228781799	0.000125894305152606	0.951371447140279	0.0239854479334366	0.0161838109466077	0.0054359237212862	0.000125894305204341	0.00154870633856185
0.00494233602462838	0.000238965303282259	0.00291302662202872	0.955023370416459	0.0196820512852039	9.13160208715588e-05	0.00945330120701734	0.00756431709962499	9.13160208834818e-05
0.00122177000939687	9.12083527056295e-05	9.1208352733662e-05	0.948152199635599	0.0295656583228989	9.12083527483596e-05	0.00679186048826889	0.012707819107351	0.00128706737829706
0.00769017831614019	0.000127697033224242	0.00157752235032841	0.946042317052178	0.0138940604777967	0.0213529085954521	0.005894976455425	0.000694722523780091	0.00272561719567501
0.000329113697819774	0.00872223039270406	8.70219266024495e-05	0.958483017270766	0.0155811213415458	0.00267046624499659	0.00387701339965663	8.70219266214105e-05	0.0101629937992869
0.00644066220672049	0.000125529952780933	0.000125529952796721	0.936183718927692	0.0199830363539716	0.0158411245303012	0.0154387995546647	0.00350517088236265	0.00235642763870926
0.00348009400231811	0.000128854968161019	0.000128854968181765	0.94382654531857	0.0263672525912575	0.00864185632014915	0.00668947513757555	0.00923861337775025	0.00149845331603699
0.000132502303895133	0.00360937602942171	0.0460467222730024	0.925765582752465	0.00752602500046499	0.000132502303686042	0.00398004061729094	0.010822392370753	0.00198485634902083
0.0034508217747704	9.31505590929844e-05	0.00634797039263049	0.928751024640976	0.0348875359254982	9.31505589969048e-05	0.00596776848664565	0.0127593990844434	0.00764917857694556
0.000127202867465778	0.00479546580996902	0.000127202867515974	0.944363767202078	0.0283837976597646	0.0135682767599161	0.00665102384377963	0.000127202867420312	0.0018560601220905
8.91008619836155e-05	0.00424255091564886	0.00154963937883718	0.96925355469551	0.00906679079802998	0.00476986494484508	0.00606418052235672	0.00351703258563572	0.00144728529715268
0.00047762612177646	0.00226328212573688	0.00201426603341137	0.965449173185364	0.0107454230060318	0.0125469472561466	0.00551606084207075	0.000689683449236107	0.00029753798022629
0.000131180560945295	0.000131180560853744	0.00409978728292364	0.961332787610563	0.0145208398031132	0.0117789729626477	0.00253500117081199	0.000928953116178528	0.00454129693196299
0.000738835224277654	0.00013138138354529	0.000999721812039104	0.961995275163621	0.0126205717426391	0.0059180278107007	0.0064497766581715	0.0067952308419095	0.00435117936309607
0.00382771231915858	0.00560319289972922	0.00348516170864062	0.948895801063267	0.0217164243905719	0.000127747543823329	0.0106616310642726	0.00402055171818255	0.00166177729235441
9.31316350570339e-05	9.31316351970518e-05	9.31316350776036e-05	0.956979718906362	0.0187210190274812	0.00046730611375629	0.00643514536569407	0.0154515854750539	0.00166583020632117
0.000163386025510459	0.00640430128448583	0.000128988320289449	0.961480035193272	0.0157188801076993	0.00743344380762948	0.00574854463639267	0.00111373845820859	0.00180868216651185
0.000127465519323346	0.00169984427133611	0.00263995455457239	0.960482580169949	0.0145246982807454	0.0152090053039135	0.0048775409047319	0.000127465519557369	0.000311445475871352
8.97739482483614e-05	0.00578842640969904	8.97739482465313e-05	0.968686334488538	0.0145814616748122	0.00490514210424753	0.00567953952968859	8.97739482616457e-05	8.97739482578096e-05
0.000672024084443387	0.00395461549768344	0.000393758743463748	0.956276769683665	0.0206880344466131	0.00817824157025432	0.00628010571088778	0.000128548917006795	0.00342790134598287
