Bcells	CentralVeinEndothelialcells	Cholangiocytes	Hepatocytes	Kupffercells	LSECs	Mesothelialcells	PortalVeinEndothelialcells	Tcells
0.00220007136087443	0.0102310255240037	0.0190005229757406	0.91859225421491	0.0279624402797153	0.000207989500706674	0.0148616023095315	0.00673348863769464	0.000210605196823389
0.000132659769000755	0.000132659769048913	0.0265109669603122	0.904174843601642	0.0401855025420461	0.00618665374721106	0.0115926863586973	0.00452738437516332	0.00655664287687827
0.000428994479628381	0.000697748798489946	0.03599070634872	0.905447211121399	0.0254612470848073	0.0107790491516273	0.00776759649832796	0.013295692599268	0.00013175391773173
9.21580328238821e-05	9.21580328572515e-05	0.026737044157865	0.9267638082236	0.0247842778695771	0.00165037043124585	0.00672696717508404	0.0130610580441151	9.21580328314746e-05
8.9782073370412e-05	0.0154610189581249	0.0257878421506194	0.902960725062177	0.0333022379687293	8.97820733543608e-05	0.0120200423369368	0.010198787303314	8.97820733744142e-05
9.11977914790394e-05	9.11977914027266e-05	0.031917436926569	0.91408688169065	0.0381202147099925	0.00493967659293026	0.00998139819100352	0.000680798514505919	9.11977914673214e-05
0.00130900204385502	0.00419647050527661	0.0324255250597261	0.896153197697734	0.0285612622707401	0.000688650659039867	0.0138417224432325	0.0161418578823887	0.00668231143800655
8.97434767843475e-05	0.00805972579321492	0.0273638924846154	0.912902724901542	0.0316589075774455	0.00770456250243894	0.00702383788712028	8.9743476706092e-05	0.00510686190013256
0.000219230270910419	0.0087991810317434	0.0170706326961964	0.920106514734098	0.0260555416159777	0.000783665776842345	0.0139222280225432	0.0118380879278579	0.00120491792383076
0.000906500045182986	0.0025381008641911	0.0245478252256211	0.919923987809748	0.0296971462582457	0.0123216591823626	0.00924489190897686	8.91229489152083e-05	0.00073076575675678
0.000354638032621518	0.00705859058661281	0.028597983504362	0.92605090657264	0.0227220117044388	8.81921508500998e-05	0.013313420659666	8.81921508391746e-05	0.00172606463796928
9.16592651689564e-05	9.16592650696028e-05	0.0361914783714107	0.9039985757553	0.0327870194307592	0.0121859417253469	0.010663949227591	0.00389805769417431	9.16592651793645e-05
9.30038005192555e-05	0.00186707935839421	0.0287453776272873	0.913853584150996	0.0305982999317831	0.00303728702051184	0.011064585501198	0.00970263998168247	0.00103814262762792
9.347087832615e-05	9.34708781622248e-05	0.0290817980202504	0.915511688544404	0.0349898858361006	9.34708783077024e-05	0.0114038343955109	0.00863890969060989	9.34708783280286e-05
9.27530762630915e-05	9.27530763341628e-05	0.0374858843416001	0.91095524932014	0.0337074487989842	9.27530762075806e-05	0.009252952450257	0.00822745278394506	9.27530762689333e-05
9.12554433412338e-05	0.00802208787580476	0.0251353289763424	0.936861454576262	0.0203566970471911	9.12554433752411e-05	0.00925940975101594	9.12554433396366e-05	9.12554433273477e-05
0.00333249124977304	0.00194070010543685	0.0278708320496115	0.907664912421273	0.0279901046094885	0.0157650686478999	0.00989757820056237	0.00422668810709203	0.00131162460886324
9.59833591651611e-05	0.0178209808014761	0.0236252949315628	0.907977202521509	0.0249163384181319	8.83292828832319e-05	0.0166746451548704	0.00720601027204679	0.00159521525835448
0.00617992871679238	0.0120959277820862	0.0213469554166318	0.909018675274099	0.0293343033390785	0.00795175372238359	0.0138964274334982	8.80141576987933e-05	8.80141577312096e-05
9.37412046058867e-05	9.37412046890131e-05	0.0288153819485796	0.922689153967416	0.0320270767948829	0.00555264462508616	0.00589493532287733	0.00473958372725732	9.37412046057244e-05
9.11466083467523e-05	9.11466083077421e-05	0.0247044583629731	0.914282175861392	0.0449004704466841	0.0022901183629173	0.00867187826558781	0.00487745887544194	9.11466083489815e-05
9.15086711194765e-05	0.00404668976176033	0.0272772832579328	0.906443982080958	0.0407700071832974	0.00372881953178136	0.0105065994476498	0.00627748018710486	0.000857629878395829
0.00324045281378944	8.97640991721436e-05	0.0285897255539022	0.930183705735857	0.0171789497275888	0.00694563216575724	0.0105198701723916	0.00316213563239745	8.97640991440864e-05
0.000102855941192657	9.17622225811842e-05	0.0249781458112099	0.916167859350763	0.0363089282320787	0.00416312599731015	0.00995164376441237	0.00814391645782348	9.17622226286486e-05
9.41013467521533e-05	9.41013467406449e-05	0.0494844208274048	0.887133551661618	0.0206810904247967	9.41013467775509e-05	0.0156793152618532	0.0258587369937221	0.000880580790335113
9.06321122137836e-05	0.00469275909487915	0.025833107274645	0.920302419227829	0.0250008141790659	0.0102023060994218	0.00865656647841719	0.00236098458128356	0.00286041095224516
0.00470574204550109	9.52954920860153e-05	0.0435945915992024	0.901962023258022	0.0263332025791439	9.52954922996646e-05	0.0109346397074665	0.0112524803506806	0.00102672947559789
0.00391837749968616	0.0144441297526419	0.0281491942216383	0.919399941794565	0.0206502062300497	8.9446012607947e-05	0.00895844103695002	0.00430081743925483	8.94460126065783e-05
9.23030846348733e-05	0.00013978812139522	0.0337131104306064	0.918519011886952	0.0267834383269452	0.00764000878576908	0.0115444972342737	9.23030847014765e-05	0.00147553904472238
8.91900180105568e-05	8.91900179379066e-05	0.026498330769865	0.920755325056623	0.0215582970056091	0.014078786475225	0.00716411237365542	0.00563637460441313	0.00413039367866126
0.000476885539471351	9.09819418152884e-05	0.0376585300452709	0.911556376356278	0.0276107098980166	0.00720816485293158	0.00681488473259621	0.00525257512240215	0.00333089151121812
0.0021424308844937	0.00986750619570693	0.0403994886923298	0.905988549946413	0.0271061707848778	0.00366336364498108	0.00888790346930918	0.00185294327960475	9.1643102284285e-05
9.25935234327821e-05	9.25935233186595e-05	0.0348849361739273	0.923007259124208	0.0325076020527298	9.25935234157257e-05	0.00786257076344227	0.00136725779209202	9.25935234329715e-05
0.00411441140980153	8.82952329338233e-05	0.0219605486231493	0.929696545436874	0.0233582184343008	0.0074882336018251	0.00910329615141057	0.00410215587673122	8.82952329733848e-05
8.89612165578931e-05	0.0128943300127983	0.0183473563471509	0.91696304790355	0.0304330191017333	0.00142537528280699	0.0115661913294512	0.00434963635940372	0.00393208244654833
8.97637640411714e-05	0.00782373702486994	0.0213969242471703	0.931476779792927	0.028405275335005	8.9763764019593e-05	0.0105382285438417	8.97637640839117e-05	8.97637640409779e-05
9.16703936279056e-05	0.00357311257576775	0.0253711382186037	0.917616222875863	0.0354202371453222	0.00422790174476512	0.00764559761090406	0.00596244904151356	9.16703936325558e-05
0.0041132700412268	0.0162709594650601	0.0202982496943309	0.90829048256534	0.0366058666511504	8.83166359784112e-05	0.0111412259697763	0.00310331234114011	8.83166359966441e-05
0.00192766692723768	0.00616221648427912	0.0230662983193423	0.932843707615401	0.0191988206416293	0.00195387601870738	0.00936934760693257	8.87945202911688e-05	0.005389271866179
0.00114758554697603	9.11574846702286e-05	0.0311389543909091	0.93117530361752	0.027343667868892	9.11574845842248e-05	0.00667968902669712	0.00224132709511879	9.11574846324812e-05
9.08498000600622e-05	9.08498000123353e-05	0.0289941212385014	0.915367146446656	0.0362892379643837	9.08498000374e-05	0.00748235539284069	0.00611988944823895	0.00547470010926973
0.00158468570636164	0.0146209313784752	0.0244272679729286	0.915864944330456	0.0269695981593142	0.000126730258103748	0.0119176528710751	0.00377385035586451	0.000714338967421472
0.00301276600311404	9.03118713353002e-05	0.021796631787652	0.927644732529175	0.0260850772024777	0.0121532854072104	0.00903657145650121	9.03118712367404e-05	9.03118712978147e-05
0.00517493221556355	9.18455020003477e-05	0.032014956588287	0.905574913320707	0.0277900432699672	0.0117784309657342	0.0159009248306828	0.00158210780503829	9.18455020197036e-05
0.00706225687643804	8.91531795819717e-05	0.0337099593981045	0.914034652743677	0.0305815119204183	0.00164623878243291	0.00865621881614913	0.0041308551035605	8.91531796380056e-05
8.97153368389326e-05	8.97153368307561e-05	0.0331972967994646	0.919610837682331	0.0255148894518589	0.00211289854579635	0.00914618287655936	0.00616534232535324	0.00407312164496659
9.20531174599051e-05	9.20531174290079e-05	0.0370702190479789	0.916245392015446	0.029280546695711	9.20531175599777e-05	0.00700132336645068	0.00578161368447357	0.00434474583749092
0.00630894597620212	0.00348721415290418	0.0254544658028749	0.917507351973674	0.0256798776074968	9.0342641577922e-05	0.0135920526986392	0.00406709699609646	0.00381265215053417
9.27601001280782e-05	9.27601000240714e-05	0.0355164127273289	0.92735528024047	0.018935260267287	9.27601000951564e-05	0.00774965202686492	0.0100723543376954	9.27601001060182e-05
9.05229640092747e-05	9.05229640007046e-05	0.0277391438722753	0.910632624701182	0.0371680446722444	0.0110247751013701	0.0110276019971277	9.05229640088954e-05	0.0021362407637819
0.00471501173793817	0.00884396523907508	0.0259283104576574	0.912343360692087	0.0271547483561298	0.000179223564663638	0.0146988488748299	0.00602698780735557	0.000109543270263484
0.000762352329282048	0.00767399746607268	0.0253499623301374	0.918545275046804	0.0253338622477295	0.00932807442720119	0.010757408931235	0.00215807223373092	9.09949878071882e-05
0.00206377666436493	0.00294222637221697	0.0312621661277901	0.925519620762773	0.0272915755281463	9.23298311343918e-05	0.00713977346690466	0.00359620141557235	9.23298310972441e-05
9.1911723220665e-05	9.19117231748616e-05	0.0301183121061162	0.923548312040903	0.0267516189049916	0.00652474900975383	0.0121906887269289	9.19117231404914e-05	0.000590584041770642
8.85368228844169e-05	8.85368229014194e-05	0.020740317244989	0.914740069147655	0.0206354121000678	0.0210123086811941	0.00975163046313827	0.0112456033292622	0.00169758538790763
8.94010236948101e-05	0.00434869381591774	0.0239061979075053	0.922515772704086	0.0276216017883836	0.009089930025042	0.0122496006880422	8.94010236329689e-05	8.94010236954667e-05
0.00733873249136977	0.000128135216519557	0.0262470678106848	0.914757601082597	0.0264845294557489	0.00910832854655225	0.00714047290013839	0.00782677952014928	0.000968352976240431
9.07925671249372e-05	0.00142779743067991	0.0257433968773562	0.938655022426559	0.0133051889300745	9.0792567157078e-05	0.0109678426992082	0.00848831265907655	0.0012308538427634
0.00305775645166338	0.00829244667804907	0.0218243079596461	0.927034217740386	0.0277233832909199	0.00226212484643094	0.00800923377138342	0.00170655222004087	8.99770414802668e-05
8.96099544352745e-05	0.014322536437604	0.0224763623281221	0.927171345912184	0.0193121596084503	8.96099544747709e-05	0.00709728906887052	0.00360359864441283	0.0058374880914464
0.00302377079785896	0.0109212013408884	0.0240500693543919	0.904869343436548	0.0378084380376299	0.00107687584007896	0.00967845279201794	0.00848369383442061	8.81545661649282e-05
0.000226727317804141	0.00636305771133549	0.027943690289171	0.931050933013894	0.029308775280459	9.0214176018102e-05	0.00344867519557419	9.02141760692288e-05	0.00147771283967525
0.00326962833277785	9.14474614640508e-05	0.0335278468950745	0.923665424040658	0.0202774759003856	0.00334254963559571	0.0109699865543689	0.00476419371819251	9.14474614825319e-05
9.10215401649311e-05	0.00654868244417327	0.0232959467433766	0.915364949743365	0.0393928434997563	9.10215400907152e-05	0.00786228217582686	0.00726223077308248	9.10215401637523e-05
0.00497583866098104	0.00222539089407362	0.0282118632215231	0.928113197274623	0.0195669920441177	9.32091407951508e-05	0.00944703505878118	0.00727326456424409	9.32091408607637e-05
8.95392631432838e-05	8.9539263182809e-05	0.0273153989657337	0.91270975251311	0.0324285035145027	0.013417719585621	0.0110726460554102	8.9539263187089e-05	0.00278736157610909
0.00189076415860349	9.0668489675965e-05	0.0324690694458812	0.920215155566397	0.0209380057968791	0.00367568539403553	0.00919785154197486	0.0114321311168597	9.0668489693164e-05
0.00231193973927887	0.000977175708291621	0.0263184506682848	0.928734427981382	0.024716245945362	0.00365521947737979	0.0131064880945099	9.0026192744549e-05	9.00261927662182e-05
0.00232691096526729	0.0113373223683904	0.0244749239434034	0.913728303245632	0.024050086841458	9.00369833619679e-05	0.0125745649582384	0.00589368130721649	0.00552416938703186
9.10145393342229e-05	0.00635445088991126	0.061298676786472	0.876469299004277	0.0204755047341741	9.10145392991385e-05	0.0206237954087047	0.014505229558502	9.10145393254846e-05
9.14927161338428e-05	9.14927161177698e-05	0.033212557759509	0.907924288671402	0.0333918350168992	0.0105417705623819	0.00861817822404804	9.14927161193229e-05	0.00603689161738915
9.00681277125233e-05	0.00860377395065876	0.0233185361128383	0.911704668047956	0.0269969962935603	0.0108163096563042	0.010211005734784	9.00681277553586e-05	0.00816857394843067
8.93183983668122e-05	0.0160391180345681	0.0172673213571709	0.91567653567456	0.0246416223406506	0.004125251737417	0.014908725429584	0.00162083202713518	0.00563127500054697
9.35888571373988e-05	0.00267735372777604	0.0422411414431555	0.901469896365034	0.0344371973868962	9.35888570987427e-05	0.00977072254919707	0.00912292195656314	9.35888571418459e-05
8.99305324820181e-05	0.0120896086256454	0.0245940928559917	0.918766930422716	0.0300350446798652	0.00353059294401452	0.00869418695449803	0.00210968245230617	8.99305324813887e-05
0.00171850062831674	0.00328873876261858	0.0358717801863555	0.895688597640727	0.0485682502913138	0.000513610140608811	0.00733284998726733	0.00692499836189148	9.2674000900556e-05
0.00454713696135296	0.00254201311410153	0.0391689977037241	0.900988118355517	0.0241826447427339	0.00601122118229248	0.0131465471527169	0.00928485625668475	0.000128464530876128
9.06572324906517e-05	0.000579232961616175	0.0255530003229412	0.924238908274967	0.0311879689923903	9.06572324776309e-05	0.00785512310823952	0.00523129484860852	0.00517315702626898
9.43462671393931e-05	0.00807216858751772	0.0200386608152816	0.920669540285198	0.0366282113489788	9.43462670654678e-05	0.00742469693304248	0.00490491689353344	0.00207311260224292
0.000553056905361495	9.16104898457795e-05	0.0508276517580614	0.895737783109443	0.0196728645017821	9.16104898892565e-05	0.00882572596778692	0.021157797824014	0.00304189895381638
0.000198840126915893	0.0157620810796888	0.0253556813776375	0.903582501956106	0.0312954209801148	0.00809252764954104	0.0153159937586016	9.11103767334066e-05	0.000305842694661128
0.000873183471103238	9.11209152655347e-05	0.0319248851493886	0.927769516843811	0.0203223525970699	0.00271422833372457	0.0101396825681691	0.00457567224827883	0.0015893578731887
0.0059927558862294	0.0270465709611586	0.0245616957104773	0.896393471329134	0.026407991673182	8.89535500878367e-05	0.013528409729616	0.0014074712562403	0.00457267990387479
0.000755072786518475	8.93684485904016e-05	0.0368982384635583	0.921699271674078	0.031017220807448	0.00242159267241877	0.00694049825022027	8.93684486041145e-05	8.93684485634279e-05
9.11428794287007e-05	9.11428794135455e-05	0.0200229139335051	0.920331333882458	0.040599383703277	0.000280196894293282	0.00624494165238215	0.012247801295813	9.11428794291813e-05
8.8322559921177e-05	0.00293333091978662	0.0253893512400778	0.918382029136848	0.0319164099022066	8.83225598705492e-05	0.0118471325238998	0.00563381220980529	0.00372128894758405
8.94616868178328e-05	0.000422240937329738	0.021852841926716	0.93386730780858	0.0291957826578143	8.946168685818e-05	0.00740798466861124	0.00535142326848884	0.0017234953587838
9.30937204802926e-05	9.30937204041738e-05	0.0374326168320254	0.916792433568292	0.021175104593299	0.00699742585554501	0.00848428230246673	0.00883885568701573	9.30937204716624e-05
0.00179737822179313	0.00741801015272403	0.0215838472635991	0.930299737933687	0.0183749949767752	0.00625132278344791	0.0111515357708114	0.00303304328411111	9.01296130515223e-05
0.000519828791368852	0.000964948541569806	0.0296173917658885	0.93905526201079	0.0204157968553929	0.00317353888891	0.00578625400874702	0.000376944135301216	9.00350020314474e-05
9.21133164435446e-05	9.21133164043179e-05	0.0333397113823519	0.912482313672156	0.0302522587563885	0.0100542317323211	0.0135030311912322	9.21133162571751e-05	9.21133164447753e-05
8.97632433092161e-05	0.00411469162889648	0.0209301176306924	0.918952115998682	0.0236818423078557	0.014924765802954	0.0120090902779849	8.97632433609658e-05	0.00520784986626507
8.96976583552701e-05	0.0065138551375207	0.0216071223834965	0.901058643972825	0.0292489427312428	0.022528206800494	0.0127570178388873	0.00014096328695999	0.00605555019021807
9.05854602522534e-05	0.00231661493090095	0.0249900485275417	0.926484696008053	0.0282941563418966	0.00828601639132776	0.00935671141958033	9.05854601879056e-05	9.05854602594955e-05
0.00181277489227656	0.00813255919392306	0.0258028564361701	0.927947941943433	0.0257067547047484	8.94622016551745e-05	0.0103287262246222	8.9462201563141e-05	8.94622016083628e-05
0.000131663035739408	0.00584574003964168	0.0494681658158769	0.884804381817405	0.026474442092519	0.000131663035723028	0.0179351445021216	0.0110310430664846	0.00417775659448893
0.00303926857560459	0.0169748374757703	0.0220091925275131	0.915375212443828	0.023639460550496	0.00558064990670961	0.0123786116454282	0.000913685350317702	8.90815243325536e-05
0.00634359093020635	0.00755600006607976	0.0284281636352335	0.897285746353483	0.0349107033059041	0.0111060877932578	0.0126467516871386	0.00163237423479562	9.05819939008747e-05
0.000196562421339527	0.0001318524941329	0.0312148047734271	0.914871514829905	0.0292244979766164	0.0082862822256943	0.00824259887277787	0.00722721322043875	0.000604673185668603
0.00221595182568992	0.00656204405490744	0.0247163055727677	0.923170332873578	0.0216266075870008	0.00939131782002205	0.0121384067318508	8.95167671003159e-05	8.95167670831879e-05
9.06197578900473e-05	0.00360648900810591	0.0423141420263783	0.910102073267585	0.0303460071939701	9.06197578671279e-05	0.00850574076224996	0.00485368846806453	9.06197578887377e-05
0.0021872078464555	9.01195942505161e-05	0.0256113262248037	0.906017899012828	0.0389264844022526	0.00497407484231885	0.0104709298077976	0.0116318386750246	9.01195942686909e-05
9.11111663948694e-05	9.11111663768282e-05	0.0340304977204565	0.918493017343938	0.0309190590713769	9.11111663694885e-05	0.00771216164140383	0.00848081955728791	9.11111663962427e-05
0.00496736866687956	8.93458157282026e-05	0.0538088800489635	0.84213809497107	0.0316214694240865	8.93458158547435e-05	0.0123310075800278	0.0313439895138456	0.0236104981635439
9.39338115739192e-05	9.39338116060617e-05	0.0304681815455833	0.919177760849079	0.0340651635880223	9.39338116116986e-05	0.00708440752399518	0.00882875124694858	9.3933811579917e-05
9.34530121772963e-05	9.34530121732438e-05	0.0268547590089862	0.894650735048645	0.0565330203965541	0.00367177791511314	0.00916954454267381	0.00883980405150009	9.34530121772177e-05
9.11786501796843e-05	9.11786501085667e-05	0.0262861366314264	0.934467325959627	0.0230270588768887	9.11786501559308e-05	0.00868805292671867	0.00517186800899678	0.00208602164589796
9.35878009743339e-05	9.35878009630618e-05	0.0258771382064152	0.91673318478588	0.03775876380366	9.3587800964799e-05	0.0125258829049547	0.00673067909521094	9.35878009766782e-05
0.00194378446784218	0.00529547589506936	0.02536527241871	0.933338587805998	0.0212841835838212	9.03943356606473e-05	0.0125015128215609	9.03943356603991e-05	9.03943356774027e-05
0.00261659610852994	0.0125360694115585	0.0239606572416688	0.922173167891766	0.022640886855334	8.86738213289369e-05	0.0103758349481815	0.00551943990027671	8.86738213551745e-05
9.12407086230862e-05	9.1240708543455e-05	0.0282909315820267	0.928253143187717	0.0254717636759237	0.00728963994520218	0.0103295587747304	9.12407086066342e-05	9.12407086274143e-05
9.08860059708685e-05	0.00337160321860503	0.0290320185868177	0.925778288508081	0.0278239456366564	0.00233975181711647	0.0109734512567007	0.000499168964063323	9.08860059880868e-05
9.0007950731903e-05	9.0007950709562e-05	0.0332975728193297	0.910085555787812	0.0249995183508464	0.0171110481111359	0.00857774499755427	0.00565853608114844	9.00079507319778e-05
0.00442887749813541	0.0056369557311333	0.0209989387000342	0.923984579542639	0.0335906928941354	0.00147150388253997	0.00871708141272742	8.87384923920313e-05	0.00108263184626372
0.00351719100533435	0.00305344199607391	0.0249504649679999	0.916985862762547	0.0327667254775209	9.37537059164096e-05	0.0121701809221375	0.00255571886048865	0.00390666030198189
8.95653400022882e-05	0.00766883006105408	0.0263551860957262	0.910910545883263	0.0334594993335264	8.95653399438421e-05	0.0203742158323722	0.000963026774110838	8.95653400013034e-05
8.89659443359684e-05	0.0171994297111051	0.0194277168668696	0.919150671843817	0.0280510425221551	8.89659443895906e-05	0.0137500110043398	0.00215423021865011	8.89659443373719e-05
0.00345961943774427	0.00146952058021757	0.0245743063450465	0.916617908169137	0.0404278551054367	8.83700884188684e-05	0.00694117722328584	0.00160439043583037	0.00481685261488289
0.0066735850653309	0.0122544398499459	0.0207713584575196	0.904336505367402	0.0353312567922711	0.00568642857419283	0.00737313923191064	0.00697701169908814	0.000596274962338729
0.00243491341821309	0.00415795487386301	0.0251449480660103	0.905960987740822	0.0284803195027811	0.00710518864028695	0.014069244673177	0.0125166879885574	0.000129755096288925
0.00400704278744127	0.00460076126392387	0.0291175329375786	0.909702495246727	0.0263946618059253	0.0108531024421457	0.00807610157428137	0.00712091058317002	0.000127391358806983
9.04394809199121e-05	0.0241465245825883	0.0227501282219661	0.916964711214223	0.0225550441636848	9.04394808506675e-05	0.0132218338939362	9.04394809026123e-05	9.04394809281024e-05
9.12946223170737e-05	9.12946222434607e-05	0.0435958448198065	0.902087573814821	0.024987273906768	0.0106206674954612	0.0119255416470476	0.00650921444922585	9.12946223097525e-05
9.03773317539271e-05	0.00367516884117402	0.025317632127326	0.925751235908048	0.0276674970111352	9.03773317188957e-05	0.00927019713500176	0.00612595708366636	0.00201155723017569
0.000132184379705945	0.00378263277137472	0.0309841937251532	0.904458733864922	0.0356661975035487	0.000132184379773241	0.0155032411313884	0.00726727899453274	0.00207335324960047
8.88012566150116e-05	0.00621483210969383	0.0237314084325936	0.922102416059889	0.0307147802072784	0.00207337105329015	0.0113699030769517	0.00361568654706922	8.88012566186729e-05
8.97917079970431e-05	0.00973999405343971	0.0167612249670382	0.933429028833527	0.0208175182423588	8.97917080382839e-05	0.0165530474128361	8.9791708093175e-05	0.00242981136667139
0.00239264392108485	0.0160120676560259	0.0284243133467695	0.909073318173429	0.0171740703989578	0.00763892353930448	0.0101462224568595	0.00373745685823845	0.00540098364933058
0.0108821871519112	0.000957182914272402	0.0214386974787954	0.890532946204237	0.0381556455505133	0.00540667563838861	0.0138831173656533	0.0120197667016966	0.00672378099453206
0.0012911599600052	9.05845165233446e-05	0.0371664608830609	0.895754014741355	0.0394804817646584	0.004155061725455	0.0133389379777997	0.0077850545930369	0.000938243838105404
9.24702788217447e-05	0.0165119634367899	0.0323685245066268	0.917593547420548	0.0265526228978256	0.00107975245411285	0.00561617844773347	9.24702787195711e-05	9.24702788221305e-05
9.08224132513145e-05	0.000264739138042504	0.0269724205081884	0.908393785640106	0.0370475707342426	0.0049186359635886	0.00944117520060172	0.00910021548976992	0.00377063491220862
9.12454307436578e-05	0.000609979735614445	0.0242922547255184	0.90904481445554	0.0387085793724176	0.00979037346125424	0.0105129430917709	0.00626116601343614	0.000688643713705222
0.000304657849881778	0.00475977861632521	0.0255592683631968	0.918889409388224	0.035862100644625	0.00109085103474301	0.00877057127202131	0.00441302767434971	0.000350335156633684
0.000466497565679675	0.00465623541029113	0.0385457421715487	0.908879217782483	0.0316835855018762	0.000132789196099171	0.0114876258895413	0.0040155172862793	0.000132789196201324
9.28137138440336e-05	0.0044189333456578	0.0345004021142093	0.915316089457653	0.027848623775976	9.28137138209912e-05	0.0127536946724852	0.0048838154925031	9.28137138510977e-05
0.00160655051059833	9.15610344877364e-05	0.0567773018246005	0.880632280850241	0.0207283488237639	9.15610345194361e-05	0.0221219201879993	0.017858914699247	9.15610345424389e-05
0.00622895901862333	0.00712974147810816	0.0246691506807165	0.91584217747825	0.0262811039954055	0.0092905238629342	0.0103803004257354	8.9021530125823e-05	8.9021530101259e-05
9.29309713675023e-05	9.29309713071714e-05	0.0429625393705519	0.912744260192324	0.0202263456345653	9.2930971372074e-05	0.00748871708240198	0.0162064138347502	9.29309713594337e-05
0.00844290817401589	0.00875531621266414	0.0282484975271803	0.90851194693434	0.0218663318072126	0.0126932978344306	0.0113041613357148	8.87700872428089e-05	8.8770087198562e-05
8.98012053236491e-05	0.000398784732471846	0.0195026313161907	0.929202846802229	0.0298035854128945	0.00777245927219094	0.00859446700669683	8.98012052495157e-05	0.00454562304675264
0.00339014362320272	0.0106379067026606	0.0299805574598583	0.915744836471558	0.0275677569072849	0.000691234746399334	0.00711043463531038	0.00321041336281627	0.00166671609090915
0.00065887635758843	0.00295085214823004	0.0280450337115364	0.927829669985948	0.0241322013486137	0.0025516969088446	0.011099763090279	0.00161783363668217	0.00111407281227771
9.05520001469133e-05	9.0552000066199e-05	0.0323125816781493	0.91586189822518	0.0285963399214314	0.00396368824753294	0.010502461341854	0.00488361017603205	0.00369831640960677
9.0662460954807e-05	0.00434247798811333	0.0232801099120265	0.928783223320896	0.0250044523417498	0.00384809319486019	0.00974111359987249	0.00369891635224789	0.0012109508292787
8.94836206974251e-05	0.00168560883737387	0.0199132244554684	0.914058455896639	0.0320875525367095	8.94836206678984e-05	0.0123932460376372	0.0136934243847696	0.00598952061003756
0.00390869957785984	0.004381090025036	0.0375676910381631	0.914782059877302	0.0203198896544015	0.000310167612581891	0.0105054144307713	0.00813226538716921	9.27223967150083e-05
9.44798328234307e-05	0.00244647815412028	0.026151713831858	0.914285723862515	0.0293345032277473	9.44798328719359e-05	0.0151858017206206	0.0123123397046207	9.44798328227375e-05
0.00470785748507988	0.0109261369726892	0.0215983646370438	0.925363167681792	0.0207522741820202	0.00538988489602616	0.0110565135828007	9.16178489186456e-05	0.000114182713629388
0.00183059743568398	9.24040026549969e-05	0.042946626550651	0.903499337525872	0.0327651615405215	9.24040025777362e-05	0.00874203727696454	0.00993902766244921	9.24040026251677e-05
9.20714755755667e-05	9.20714755565954e-05	0.0532829172060103	0.890736636084406	0.0235652516084453	9.20714755692324e-05	0.0140091443124428	0.0180377648864172	9.20714755773435e-05
9.34347091927495e-05	9.34347093220297e-05	0.0432361171905912	0.91479097230435	0.0231899253244388	9.34347091169217e-05	0.00763594068214422	0.00961583821902502	0.00125090215181885
9.14157578353145e-05	9.14157577994949e-05	0.031876124971687	0.910436855702739	0.0291121318970069	0.00288664700877152	0.0083586432540665	0.0105422399804254	0.00660452566966929
9.21166628401682e-05	9.21166628329254e-05	0.036235926041707	0.918033943379719	0.0211180405368152	0.0028768358414794	0.0110852830841974	0.00689803618732706	0.00356770160308209
9.40687549969816e-05	0.00140810444012963	0.0326268242046963	0.918800796326336	0.0289504492188365	0.00242471753782202	0.00987562803075891	0.00572534273142165	9.40687550016545e-05
0.00235739495171364	9.3095125984313e-05	0.0279966333891892	0.916066168657978	0.037422629231783	0.00646718336525598	0.00750691333623497	0.00199688681585415	9.30951260062992e-05
0.00173307395178263	9.17029898764798e-05	0.0287696863698861	0.891607131420133	0.045752207879461	0.0130594864071578	0.00894145690949242	0.00693592463174033	0.00310932944047072
0.00440275989857676	8.78798509724426e-05	0.0267201627449264	0.920391833408152	0.0292132756830056	0.00792710774542419	0.00613971307934293	8.78798510657749e-05	0.00502938773853341
8.98771258885158e-05	0.00433407168554061	0.0248940425012684	0.930958951137236	0.0219961718556743	8.98771258310496e-05	0.00993772997241568	0.00176516187397388	0.00593411672217099
0.00993781031790939	9.04147633190674e-05	0.022635498271329	0.903659001491287	0.0394353866436915	0.00929421204892988	0.0102269511528846	0.00241351521778651	0.00230721009286292
0.000101319163818387	0.0143977059805852	0.0172747399004426	0.926142371837234	0.0215152779908248	9.19524505262166e-05	0.0102464536655274	0.00496115728388661	0.00526902172715479
0.00285050921724274	0.00589863824005134	0.0324489239345404	0.908515363579946	0.0316105157373815	0.00285781965912105	0.00825632714718439	0.0057083299185879	0.00185357256594442
0.00496330152982374	0.0036437696235269	0.0334249648322612	0.898352582561425	0.0268036979372514	0.00211532719838025	0.00910263718254182	0.0131118154229873	0.00848190371180195
0.000130685642278965	0.00139033296758873	0.0228318171263336	0.905442525575636	0.0443781788732191	0.00252533630114272	0.011578290626661	0.00762354653555035	0.00409928635158933
9.31558728100693e-05	0.0018961856840474	0.03315618356597	0.92955194887222	0.0170169653967563	0.00331872839368144	0.00903728778874154	0.00518192640544504	0.000747618020328379
0.0014799632294231	0.000840303030152005	0.0344198514914028	0.919324685740226	0.0310536327209322	8.8276445324317e-05	0.00920954016453703	0.00334359502358385	0.000240152154418688
0.000922177924445494	0.00767577046326362	0.0306495911284566	0.919427141891065	0.0294702396743851	0.00299910831301957	0.00820327135455509	0.000562716606146563	8.99826446630661e-05
0.000197754027261975	0.00222275522083904	0.040144241186782	0.886076221004117	0.0498858244643978	0.00253419249763007	0.0120695745153162	0.00677831694074482	9.11201429113991e-05
0.00178510652255748	0.003879595420373	0.0190335214278117	0.933475183244828	0.0278887165618986	0.00151465007107727	0.0115105753410938	0.000822927266483259	8.97241438769226e-05
8.90348676293179e-05	0.000747474585825272	0.0258435661820694	0.915222819714677	0.03395440828626	0.00698285542740164	0.0129083172057269	0.0016059170733208	0.00264560665708949
0.00138061756415763	0.0107807554307323	0.0271082268195887	0.908648099311111	0.026005549883369	8.86934211277244e-05	0.0180202564156285	0.00230591944459866	0.00566188170968637
8.94333893041824e-05	0.0251984170005401	0.0274604625320128	0.906856598167617	0.0213016850393299	8.94333892701081e-05	0.0176031714755615	8.94333894270607e-05	0.00131136561693783
8.95125773213959e-05	0.00304971406279097	0.0254723178607787	0.931907006208941	0.0234183782470999	0.00152241723638147	0.00888210371418828	0.0055690375151802	8.95125773186214e-05
0.000850265675206235	8.97535193161527e-05	0.0383549068624566	0.9304772946918	0.0125926333340561	0.00475572602165553	0.00975036239624791	0.00303930397994045	8.97535193215451e-05
8.92014402420699e-05	8.92014402067931e-05	0.0305718522102984	0.923244350955593	0.0278676479564507	0.0083719557016676	0.00817342337923807	0.00150316547604435	8.92014402591953e-05
0.00385073397453879	9.26172727164595e-05	0.0355556946039511	0.906755733440861	0.0232086893714749	0.00952547774579037	0.00696209045143815	0.00616688655174147	0.00788207658748742
9.00050943638028e-05	0.0184160768100526	0.0204399179083575	0.91479950702809	0.0268694305108833	0.00530479492625071	0.0115858817498341	0.00240438087780551	9.00050943620409e-05
8.85243399023878e-05	0.00225644688578972	0.0176129918292285	0.929417691368159	0.0361717993164326	0.00128667232221452	0.00555045601164431	0.00702787027364205	0.000587547652986748
0.00168473291704939	0.013555411490895	0.021873463035368	0.924221802361189	0.0217413745869885	0.00524215091812336	0.0114272221473866	0.000126921271602752	0.000126921271396971
0.00145322760151364	0.00631067742492827	0.046173415381702	0.897359998130469	0.0221998866709744	9.17448649705948e-05	0.017568053748775	0.00588862152632771	0.00295437465033946
0.006274838967813	8.99705748977956e-05	0.016975398094514	0.915964816662604	0.0326914353659153	0.011999383569222	0.0140242028658654	8.99705748311815e-05	0.00188998332433755
0.000132776738953329	0.000132776739034548	0.0415508738794626	0.901835173331029	0.0308017235914103	0.00777495681934073	0.00793029119164962	0.00862232009581684	0.00121910761330299
0.00260523262267645	0.0213872205289592	0.022049610482716	0.897718524114867	0.0364446367636548	0.000127757192743561	0.0159280810615917	0.00361118003996829	0.000127757192823234
9.02078506018389e-05	0.00197864258877824	0.0230690146299746	0.930074433336236	0.0243080796254942	9.02078506352241e-05	0.0126705439170013	0.00762866235067398	9.02078506049712e-05
8.93250306209702e-05	0.00280987558153706	0.025469111199341	0.917572221986538	0.0290511888569678	0.00993910335070909	0.00962474545939788	0.00535510350426317	8.93250306248038e-05
0.00130010502067302	9.41752632176223e-05	0.0330242726645517	0.910196483368885	0.0369528963750434	0.0112567308400923	0.00698698594116452	9.4175263147189e-05	9.41752632252841e-05
0.00131553609131571	0.010411893387728	0.0244129791230431	0.917976224049177	0.022390851317724	0.00462356170971955	0.013306901354173	0.00334942859008417	0.00221262437703513
0.000411280555938867	0.00249555442109245	0.036142511355044	0.899823995750916	0.0387290635007966	0.00615975921844247	0.0114216024439964	0.00468744179481147	0.00012879095896215
0.00116880946122769	0.00620314528623992	0.0210834148893963	0.929162060959614	0.0302259417465018	9.02309734472036e-05	0.0100388216626289	0.00193734404750087	9.02309734429697e-05
9.02717849302591e-05	0.013068132998243	0.0247266164806911	0.914849551417012	0.0366019254709225	9.02717848862556e-05	0.0103926864934207	9.0271784964355e-05	9.02717849298474e-05
0.000689824267727685	0.000976550710520151	0.0250748702003281	0.907816834144625	0.0371453454906805	0.00754283403004828	0.00682276527108921	0.0138388528626279	9.21230223532839e-05
8.93438481055094e-05	8.93438481175384e-05	0.0276046956683557	0.924284455093667	0.0225185949564655	0.00736169256617067	0.00856652694988253	0.00887228642858905	0.000613060640646664
0.00239574683486743	0.0126512527496499	0.0300728137826584	0.917970552921882	0.0213275527606942	9.04401957882793e-05	0.0119491447383347	0.00140664023583752	0.00213585578028743
8.98758095756418e-05	8.98758097356888e-05	0.021481364993909	0.937982888049074	0.022372319392505	0.00635259179489592	0.00919631996947906	0.000524304681665615	0.00191045949915986
9.43570375163513e-05	9.43570374091815e-05	0.0321899615930311	0.921776196450073	0.0243434467356344	0.00216686803346873	0.00898827538885064	0.0102521806864921	9.43570375247196e-05
0.00494840308313397	0.000190039941400357	0.0240299741879785	0.916220306407532	0.030670127949092	0.0103228508166224	0.0087211053430642	9.01085516665947e-05	0.00480708371950975
0.00103829608649962	9.39319625739791e-05	0.0220106862863244	0.933807165764685	0.0244032710718064	9.39319627789127e-05	0.00934719042740694	0.00911159447528704	9.39319626375819e-05
0.00127376696777516	0.00694445629258859	0.0306523761547871	0.913709693946786	0.0326564946513281	0.00428790333512818	0.00954754829220346	0.000838693111697866	8.90672477051646e-05
8.98435773829349e-05	0.0316616433338854	0.0350971442984583	0.874820460254974	0.0300464231521085	8.98435773640351e-05	0.0239084027266032	0.00419639550184527	8.98435773790105e-05
0.00222197552000993	0.0109158423903826	0.0226985179703756	0.916288036922466	0.0253328226056691	0.00519198901344782	0.0144157164736205	9.14903951546189e-05	0.00284360870887407
0.00317088302575271	0.00354221278242856	0.0281665448794805	0.886438070603292	0.0505361846974866	0.00585523654672743	0.0106219242114171	0.0115375153794816	0.000131427873933123
0.000520537833930315	0.00821238395966994	0.0214673044786694	0.914508225260924	0.0354721815426352	0.00585341195806231	0.00796544019641648	0.00557837839076106	0.000422136378930964
0.00724485899277569	9.22854257691688e-05	0.0326060296436964	0.909818049127951	0.037185426807652	0.00271837052329902	0.00673068734646267	0.00351200670654806	9.22854258465004e-05
8.85371689535789e-05	0.0038409035783988	0.0233752084469999	0.911828439002517	0.0373219045892764	0.0140127066329798	0.00866623843693572	8.85371690378799e-05	0.000777524974901642
0.00424978966806698	0.0029247483791424	0.026717498230295	0.913828338804709	0.0334037685995549	9.17394104264857e-05	0.0143051212384507	0.0043872562589091	9.17394104452667e-05
0.00148353852203085	9.03021206142302e-05	0.0230756747440736	0.905501632116864	0.0442311466187028	9.0302120648573e-05	0.0116515977832842	0.0127704216901818	0.0011053842835999
0.00894541042296615	0.000830523864674697	0.0244564254350408	0.905417733058986	0.0268447992486912	0.0164664471837638	0.0101871226346188	0.00676243346852388	8.91046827348721e-05
9.58858209924149e-05	0.00995177226161883	0.0277546491113051	0.91047793179017	0.0278681906791222	0.0015452292945144	0.00908039393907775	8.82630313631618e-05	0.0131376840718361
0.00689165435706791	0.00318843298344462	0.0216282371818145	0.894673844802714	0.0341228598230076	0.0114036281089519	0.0191093862845858	0.00689758408949576	0.00208437236891775
0.00174866527632407	0.000129067378066714	0.0267208122344574	0.898110922251118	0.0399315658224361	0.00397507312884442	0.0126973606999902	0.0155582245787641	0.00112830862999897
9.29029417664214e-05	0.00209311247198207	0.0679306729943176	0.886483352767855	0.0175622287725769	9.29029417492903e-05	0.00778559104233695	0.0154567745379341	0.00250246152948194
9.36283521241025e-05	9.36283520902038e-05	0.0354833220978671	0.881773584626069	0.0513357431525506	9.36283521081669e-05	0.0115391954752749	0.011057991303238	0.00852927828867815
8.82740457727986e-05	0.00454964125263478	0.0263332344031056	0.904566070382486	0.0425404366883226	0.0118709457845755	0.00987484935161313	8.82740457145311e-05	8.82740457749179e-05
9.07008328544327e-05	0.00584579596908891	0.0321733398909445	0.920962616188465	0.0212784004596696	0.00302138671000612	0.010656555425961	0.00486122455707468	0.00110997996593601
8.86908107493944e-05	0.00391191708444594	0.0328845931453044	0.918397935909257	0.0220519160748112	0.0126095614045449	0.00855969003434401	0.00140700472578536	8.86908107572896e-05
0.000426802023978042	9.1993868211476e-05	0.029817094730198	0.914158907590868	0.0271948352144835	0.0131909626468246	0.0100673119510696	9.19938681760115e-05	0.00496009810619046
0.00206446791706293	9.0863915046885e-05	0.0222355044924342	0.925474591826184	0.0236576525795305	0.00516733595123107	0.0100694153785231	0.00796862629077223	0.00327154164921564
0.00446896916725396	0.00735580648123254	0.0207864215840132	0.91315024449595	0.0343869757763397	0.000128364666520114	0.0157217972590587	0.00387305590303359	0.000128364666597965
9.25337652225766e-05	9.25337652087033e-05	0.0247769648715165	0.91534117517568	0.0314394226775363	9.25337652116383e-05	0.0111590053898519	0.0169132968245478	9.25337652246337e-05
0.000121468052101529	0.0135337028311122	0.0247241538950295	0.916380183146556	0.0293778671603811	9.04091135553837e-05	0.0102610713333656	0.00452136866698523	0.000989775800913342
8.92659612882372e-05	8.92659612159746e-05	0.0241957341737603	0.922530487526067	0.0266847752355845	0.016598455439464	0.0096334837801759	8.92659611474474e-05	8.9265961296858e-05
8.99585024517964e-05	0.00955036913846051	0.0234710722791493	0.927887817296284	0.0271220599513317	8.99585024337683e-05	0.00953935057820541	0.00215945524923311	8.99585024504509e-05
8.95078542862175e-05	0.00608405740748351	0.0234471815024928	0.916506056293921	0.0338935824032868	0.00181238625098698	0.0112205293207676	0.00355491644329002	0.00339178252348554
8.98518287040761e-05	0.00359235017667749	0.0229588296642762	0.943684414489341	0.0171296396089996	8.98518286386922e-05	0.0090275888870242	0.00198105911642074	0.00144641439991768
0.00177686967073802	0.0010876108315521	0.0279207036554907	0.910857078106771	0.0416964717836553	0.00810163141973129	0.00487054591039875	0.00359757022589954	9.15183957633502e-05
0.00917149040147532	8.81330050869555e-05	0.0557860777872299	0.817712723659567	0.0319463635777548	8.8133005078641e-05	0.0266934664166721	0.0416229279937891	0.0168906841533464
