Basophils	Bcells	CapsularFibroblasts	cDC1s	cDC2s	CentralVeinEndothelialcells	Cholangiocytes	Fibroblasts	Hepatocytes	HsPCs	ILC1s	Kupffercells	LSECs	LymphaticEndothelialcells	Mesothelialcells	MigcDCs	MonocytesMonocytederivedcells	Neutrophils	NKcells	pDCs	PortalVeinEndothelialcells	Stellatecells	Tcells
3.48298273513948e-05	0.00322618564454927	0.00542734626292522	0.00871282096503075	3.48298273634345e-05	0.00902500241014669	3.48298273581413e-05	3.48298273614118e-05	0.843652235973783	3.48298273584502e-05	3.48298273584522e-05	0.0435198736605339	0.0382061971816488	3.48298273589246e-05	3.48298273584488e-05	0.00997244484318005	0.0139450192180462	3.48298275877571e-05	3.4829827363312e-05	3.48298273584483e-05	3.48298273584483e-05	0.0238600860842511	3.48298273683459e-05
3.58367074784542e-05	3.58367074609161e-05	0.00112570291750947	0.00339355840891592	3.58367074686022e-05	3.58367074726902e-05	0.00183090777482287	0.00383993447322873	0.82868201912303	3.58367074726925e-05	3.58367074726931e-05	0.0694613027516012	0.0417478728336711	3.58367074726957e-05	0.000710546367523728	0.012568370299495	0.00829766918482417	3.58367077306593e-05	3.58367075024891e-05	3.58367074726925e-05	3.58367074727282e-05	0.0150836810978807	0.0128642309850194
3.60630809069447e-05	3.60630809251812e-05	3.60630809126716e-05	0.00805889373099925	0.0143235304878107	3.60630809126728e-05	0.00690589884418723	0.000504056354665149	0.845323742844569	3.60630809126728e-05	3.60630809126775e-05	0.0399351074909727	0.0571208808049368	3.60630809126741e-05	3.60630809126737e-05	0.00758641409421831	3.60630809144095e-05	3.60630816305831e-05	3.60630809392936e-05	3.60630809126732e-05	0.00752232236084497	0.0122503329341832	3.60630809074714e-05
3.64409109657249e-05	0.000579539478274716	3.64409109511209e-05	0.00836409313930938	0.00181444529685587	3.64409109511237e-05	0.00541264590239923	3.64409109495671e-05	0.872973407238813	3.64409109511193e-05	3.64409109511195e-05	0.0411524711856287	0.0318368716047857	3.64409109511187e-05	3.64409109511198e-05	0.00277729320244042	3.64409109535175e-05	3.64409109592983e-05	3.64409109963074e-05	0.00718121331218968	0.0180500390576838	0.00942068965013442	3.64409109533692e-05
3.4782852613175e-05	3.47828525986135e-05	3.47828526136687e-05	0.0124208001583362	3.47828526136714e-05	0.0438796007279749	0.00433707442615272	0.00187101642613774	0.828880942896575	3.47828526136687e-05	3.478285261366e-05	0.0483426987749089	0.0137948077873317	3.4782852560535e-05	3.47828526136687e-05	0.00935076561742813	0.00895542732890493	3.47828528077391e-05	3.47828526098641e-05	0.000805323426043723	0.0121890059477985	0.0147899251035342	3.47828526149568e-05
0.000120755944349997	3.58295956642608e-05	3.58295956572266e-05	0.0105287050724404	3.58295956572258e-05	3.58295956572222e-05	0.00184205473208825	3.58295956572926e-05	0.85925734895298	3.58295956572256e-05	3.58295956572284e-05	0.0691987374588345	0.0330634801527919	3.58295956572407e-05	0.00349405715995679	0.000237657944167559	0.0140576138583616	3.58295958872768e-05	3.58295956816416e-05	3.58295956572264e-05	3.58295956572285e-05	0.007733803980227	3.5829595653728e-05
3.52052246284603e-05	0.000487592668740315	0.00487011539759389	0.00359686410352914	3.52052246333254e-05	0.00550068908416741	0.00325716250944611	3.52052246356473e-05	0.822609887014464	0.00284386653782952	3.52052246333239e-05	0.0450730356772935	0.0483733320326012	3.52052246329487e-05	3.52052246333258e-05	0.00293401695559997	0.0166417250457272	3.52052261739118e-05	3.52052246386631e-05	0.00900988037926918	0.00482864847037669	0.017214269138902	0.0124772731858503
0.00155471612575063	3.53342465196249e-05	3.53342465199825e-05	3.53342465116321e-05	3.53342465164715e-05	0.0111962186587935	0.00662802022693598	3.5334246519985e-05	0.843359782857578	0.00396819502735269	3.53342465199854e-05	0.0513307492480242	0.0372487025869255	0.00558403297562755	3.53342465199825e-05	0.00254414358131257	0.0151729957812911	3.53342465325788e-05	3.53342465284968e-05	3.53342465200074e-05	3.53342465199778e-05	0.0107066983386277	0.0103170678800514
0.00178232098358195	0.000442109289515547	3.53487313061625e-05	0.00203537629579045	3.53487313057293e-05	0.0140011283344254	0.00133486293756142	0.000302293265186511	0.850055914745042	3.5348731306163e-05	3.53487313061629e-05	0.0396226691877825	0.0336284390856784	3.53487313061625e-05	0.00203647208575561	0.00757200966267272	0.0151471754017841	3.5348731305447e-05	3.53487313006842e-05	0.00241024027891208	0.00631253702836863	0.0230336615674986	3.53487313077178e-05
0.000372001734268461	0.00135742413496056	0.00682510925031802	0.0104443219338146	0.00818775423278155	2.44507038612678e-05	0.00322787613336798	2.44507038612665e-05	0.851068267344449	2.82391964323899e-05	2.44507038612748e-05	0.0437451562010103	0.0510697368712267	2.44507038634397e-05	2.44507038612652e-05	2.44507038612665e-05	0.0119794972020803	2.44507038469791e-05	2.44507038639658e-05	2.44507038612677e-05	2.44507038598926e-05	0.00736011006605131	0.00408999866063686
3.46051247448174e-05	3.46051247330197e-05	0.00994679127368333	0.0074878047507096	0.0121082435694516	0.0150021860233732	0.00265598294184711	3.46051247467561e-05	0.857547533562357	3.46051247467559e-05	3.46051247467676e-05	0.0396133176476357	0.0200247925627217	3.46051247486957e-05	3.46051247467553e-05	0.00182105181605055	0.00349129793734684	3.46051252949465e-05	3.46051247426892e-05	0.00169860730201988	3.46051247459645e-05	0.0184387883159855	0.00981755104882101
0.0024938269036	3.61874047642615e-05	3.61874047619913e-05	0.004149690174169	3.6187404762649e-05	3.61874047619896e-05	0.0103731849598506	3.61874047638481e-05	0.832640602424454	3.61874047619906e-05	3.61874047619899e-05	0.0515184531396103	0.0500097395034156	3.61874047619854e-05	0.00690838701054948	0.00316562186931024	0.00956704303982374	5.97090417666023e-05	3.61874047538298e-05	0.0100969331990387	3.61874047619941e-05	0.0155147552037761	0.00314017948301838
3.62641490726775e-05	3.62641490556224e-05	0.00402652683672407	0.0124207868238228	3.62641490769476e-05	3.62641490746545e-05	3.62641490746536e-05	3.62641490766177e-05	0.858167107806162	3.6264149074653e-05	0.00376842497012546	0.0507683094407792	0.0452747784686895	3.62641491034925e-05	3.62641490746546e-05	0.00225073989436841	0.00591931523672232	0.000867970157164807	3.62641490848191e-05	0.00211114957655819	3.62641490707594e-05	0.0139897209999942	3.62641490494548e-05
0.00274765608436155	3.62415924344534e-05	3.62415924339828e-05	0.0104773032247662	0.00451943461746146	3.62415924339848e-05	0.00160637139368721	0.00119317143690228	0.846814517540192	0.00274613590764548	3.62415924339834e-05	0.0642222854462479	0.02966205837352	3.62415924339837e-05	0.0110856138409677	3.62415924339825e-05	0.000220464766609509	3.62415924292549e-05	3.62415924406768e-05	0.00195716073123318	0.00733019352044609	0.0150914587840104	3.62415924746755e-05
3.69160184290514e-05	3.69160184313682e-05	0.00640978342635717	3.69160184292477e-05	0.017659687265294	3.69160183685644e-05	0.0122873336671083	3.69160184293285e-05	0.846137721638101	0.00412533234257941	3.6916018429326e-05	0.062321250896547	0.0282517587720739	3.69160184283705e-05	3.69160184293266e-05	3.69160184293267e-05	0.000389342395918548	3.69160184245952e-05	3.69160184306687e-05	3.69160184293263e-05	0.0102251690883302	0.0117127122681491	3.69160184523415e-05
0.000719915146349917	3.53463271937604e-05	3.5346327187193e-05	0.0161690796580873	0.0034718845478099	0.0237116341128699	3.53463271871938e-05	0.00720032100418823	0.880886285210638	3.53463271871938e-05	3.53463271871914e-05	0.0308979289637343	0.0123597350767776	3.5346327188293e-05	3.53463271871936e-05	3.53463271871936e-05	0.00785242058555462	3.53463282660255e-05	3.53463271737786e-05	0.0098255445920967	3.53463271871939e-05	0.00647278342902936	4.36580727317628e-05
3.52619462300658e-05	0.00659295343841777	0.00256666812949615	0.0131773631383186	0.00610738023528819	3.52619462189325e-05	3.52619462189328e-05	3.52619462161288e-05	0.826816640912156	3.52619462189313e-05	3.52619462189328e-05	0.0396627046764088	0.0603273301889982	3.52619462190393e-05	3.52619462189321e-05	0.00818204060228556	0.00997641232523137	3.52619461908845e-05	3.52619462199502e-05	0.00431584025152279	3.52619462194327e-05	0.0164579401678269	0.00542884452565918
0.0011015415273224	3.35756540253302e-05	0.0107701569709808	0.00511867397064435	0.0108340420507741	0.0434755615163243	3.81802216875226e-05	0.00503099990165836	0.815183119416885	0.00445220646892526	3.35756540298169e-05	0.0399344603463521	0.0174739618186561	3.35756540298218e-05	3.35756540298165e-05	0.0114294923549531	0.000944582030591099	3.35756540058314e-05	3.35756540353062e-05	3.35756540298166e-05	3.35756539826672e-05	0.0303475425928862	0.00359687357919095
0.00167067653158227	0.0128058113717657	3.41601304587187e-05	0.00190252955106509	3.41601304616898e-05	0.0072582465069509	0.00307215750050961	3.41601304587204e-05	0.839198898471475	0.00188566437658216	3.4160130458722e-05	0.0454289792927526	0.0434697925024548	3.41601304587296e-05	0.001865436041706	0.00174329041277972	0.0137022995026769	3.41601306713763e-05	3.41601304597547e-05	0.00137790228409798	3.41601304587201e-05	0.0243108744792573	3.41601304578611e-05
3.66234701757892e-05	3.6623470213154e-05	3.66234701745832e-05	3.66234701763452e-05	3.66234701768629e-05	3.66234701745784e-05	5.14950225799917e-05	3.66234701745824e-05	0.881597315187707	3.66234701745806e-05	0.0036842494342572	0.0585776921193406	0.0385875746073181	3.66234701745695e-05	3.6623470174581e-05	3.66234701745805e-05	0.0062287812577324	3.66234701530739e-05	3.66234701652803e-05	0.000285183586315382	3.66234701745792e-05	0.0104383567321036	3.66234701887651e-05
0.00179258446472397	0.000421285774471483	0.00432054991663261	0.00996000583469226	3.59897779961119e-05	3.59897779961088e-05	0.00441901387046073	5.73482324079574e-05	0.842397995763749	5.28635297010466e-05	3.59897779961103e-05	0.0781775632901403	0.0293937028374404	3.59897779953725e-05	3.59897779961119e-05	0.00033141323722644	0.0149698363438328	3.59897779628736e-05	3.59897779828705e-05	3.59897779961117e-05	0.00683261563551511	0.00654931326708789	3.59897779961156e-05
3.55019408251391e-05	3.55019408305991e-05	3.55019408250789e-05	0.00711850395395152	0.00203261170890986	0.0104592280457992	0.00298346699009741	0.00466666432886664	0.836887042520955	0.010249471902881	0.000216642384725215	0.0734322236366619	0.030843457647544	3.5501940825078e-05	0.000999815291689754	0.00569626183666682	0.00335297818421111	0.000749286360453736	3.550194084582e-05	3.55019408250807e-05	0.00232816186578844	0.00773566975499428	3.55019408269061e-05
0.00132600028348512	0.00558473757896766	0.00268979239724834	0.0210601802292182	0.00542921180132841	3.52895113705962e-05	0.00361786444465756	3.52895113804732e-05	0.871016738332117	0.00588955149241089	3.52895113705957e-05	0.0196741554259747	0.0465878322985692	3.52895113710323e-05	3.52895113705996e-05	0.000102211126678655	0.00435732233457854	3.5289511550393e-05	3.52895113806834e-05	0.0012151188795099	3.52895113706195e-05	0.0111316777727209	3.52895113702894e-05
0.00159380868830816	3.59576411033976e-05	0.00243836478635909	0.00247091838480771	3.59576410882404e-05	3.59576410310247e-05	3.59576410872933e-05	0.000757878832295706	0.856218959982584	3.62631194098385e-05	3.59576410868122e-05	0.0611485350300357	0.0381996589175923	3.59576410878371e-05	3.59576410872937e-05	0.00612465160980409	0.0151153226530756	3.59576410947098e-05	3.59576410661422e-05	0.00270427336264953	0.00181108888370355	0.0110206993385322	3.59576411097825e-05
3.5872297075101e-05	3.58722970857301e-05	0.00228478570536069	0.00228958758449784	3.58722970776222e-05	3.58722970776228e-05	0.029268300513256	0.0115121152039016	0.811942858737505	0.00218042510706033	3.58722970776235e-05	0.036351568429975	0.0282363262726082	0.00509370185368653	0.0113935467893446	3.58722970776219e-05	0.00617213562932363	3.587229768472e-05	3.58722970763264e-05	3.58722970776225e-05	0.0334051570441756	0.0167226856745647	0.00282395478043051
3.53043403312381e-05	3.53043403048332e-05	3.53043403242392e-05	0.0154940308394266	0.00114659454304309	3.53043403242384e-05	3.53043403242391e-05	3.53043403242395e-05	0.850745783378587	0.00416821798392773	3.53043403242466e-05	0.0386229688508207	0.0481654124460905	3.53043403216999e-05	0.000660810198203686	0.0020287316866995	0.0104367770899812	0.000433092663049379	3.53043403229646e-05	3.53043403242393e-05	3.53043403244885e-05	0.0137695127767387	0.0139397197998816
0.000263175313084323	0.000897033756275343	0.00408088928115675	0.019342368675968	0.00200137782287903	0.016765610925051	0.00458906018677775	3.71091243391994e-05	0.852305121935924	0.00406017376164269	3.71091243405551e-05	0.0393152921829825	0.00881682877240619	3.71091243421457e-05	3.71091243405521e-05	0.0165362021994	0.0072249737956532	0.000514656464134994	3.71091243520237e-05	0.00080315756348587	0.0113325855821447	0.0109288370349117	3.71091244078439e-05
3.49983579520142e-05	0.00990424729175276	0.0031928050775134	0.00984233303454035	0.0163999133565053	0.0171612580022563	3.49983579411228e-05	3.49983579410337e-05	0.862374667048104	3.4998357941123e-05	3.49983579411289e-05	0.0325906568207721	0.032427179520182	3.49983579411238e-05	3.49983579411225e-05	0.000276371651692283	0.00199545342494696	3.49983581839384e-05	3.49983579404464e-05	3.49983579411227e-05	3.49983579411625e-05	0.0107591857745748	0.00269094705955407
2.52872273728668e-05	2.52872273705923e-05	0.00257609476004373	2.52872273692188e-05	2.52872273657552e-05	0.00146639553501709	0.00750483482082265	2.52872273659905e-05	0.871982259866526	2.52872273659906e-05	0.00822685283924792	0.0520122410589791	0.0351222811987454	2.52872273659829e-05	2.76124802260008e-05	2.52872273659906e-05	2.52872273659914e-05	2.52872273669741e-05	2.52872273659973e-05	0.00703097054914733	2.52872273659887e-05	0.0137217229354716	2.52872273659899e-05
0.0062290646768564	3.50744296755331e-05	3.50744296769016e-05	0.00933605672330361	0.0101003440382422	3.50744296763025e-05	0.0043142676032075	0.0120523082788969	0.840866621859885	3.50744296763036e-05	3.50744296763032e-05	0.0329612747201913	0.0581244901093294	3.50744297610183e-05	0.000213005784741684	0.00328696551492478	0.00729559531745954	3.50744298876861e-05	0.00483151635318374	4.63587697838608e-05	0.00373412166461986	0.00056599025863869	0.00579649731870583
3.64362524525174e-05	3.64362524935073e-05	3.64362524544888e-05	0.00127914774439226	0.0181184182760703	3.64362524544888e-05	0.00764196874081865	3.6436252464355e-05	0.85221221836799	3.64362524544889e-05	0.000494390093080109	0.0478567547750046	0.0440020191284924	3.64362524535124e-05	3.64362524544887e-05	0.0073280297035298	0.00170480803002197	3.64362518528187e-05	3.64362524676062e-05	0.0113921611167832	0.000127234882098709	0.00744205036525936	3.64362524563071e-05
3.57395824264253e-05	0.00208440922202497	3.57395824229142e-05	0.0131810743086064	3.57395824229141e-05	0.00249379171135933	0.0201399796072312	0.0163292144678179	0.82289791261435	0.00766947634315995	3.57395824243696e-05	0.0420310955626341	0.0423203045799862	0.0018913014467623	0.00308821670568739	0.00582479191622174	0.0106241887965778	0.0016593411064341	3.57395824229054e-05	3.57395824229112e-05	3.57395824228964e-05	0.00747898495175855	3.57395824228613e-05
0.000911384284417654	2.55891213192018e-05	2.55891213212343e-05	2.55891213205671e-05	0.00512600221974336	2.55891213212353e-05	0.00662026159589672	0.00614216298860992	0.872030435976448	2.55891213212349e-05	2.55891213212348e-05	0.056522286562068	0.0226450629793055	2.55891212964881e-05	2.55891213212347e-05	2.5589121321235e-05	0.00812504615680014	2.55891208923232e-05	2.55891213212359e-05	0.0163883309494481	2.55891213212357e-05	0.00515636771052897	2.5589121335417e-05
3.49108258492977e-05	0.00799480663394627	3.49108258505486e-05	3.49108258532546e-05	0.0223846979333971	3.49108258505499e-05	3.49108258505485e-05	0.000616285473834631	0.874533678346827	0.00151128610076461	3.49108258505494e-05	0.03411510758454	0.0409109116773239	3.49108258503482e-05	3.49108258505484e-05	0.00306037490065289	0.00366006010974534	3.49108258376743e-05	3.4910825842365e-05	3.49108258505485e-05	0.00278458331706299	0.00800927801171808	3.49108258505526e-05
2.48816064689459e-05	2.48816064650475e-05	2.48816064672974e-05	0.0032782102368753	2.48816064657432e-05	0.0152421581119682	2.48816064672972e-05	2.48816064673005e-05	0.845768714800233	2.48816064672988e-05	8.8263684891272e-05	0.0493187440530015	0.0389660693506111	2.48816064672971e-05	2.48816064672918e-05	2.48816064672973e-05	0.0119245330264952	2.48816064668499e-05	2.48816064672672e-05	0.00963053358497214	2.48816064675682e-05	0.0149842861602099	0.0104750261066695
0.000658846093739238	3.50904345477538e-05	3.50904345178109e-05	3.50904345207407e-05	3.50904345239515e-05	0.0172098440351812	3.50904345178104e-05	3.50904345178104e-05	0.876406591274112	3.99939968413387e-05	3.50904345178056e-05	0.0461480382755265	0.0172291232178985	3.5090434517811e-05	0.00861507758729435	0.00745361280872186	0.014139623139945	3.50904347376375e-05	3.50904344913027e-05	0.000751554837160658	3.50904345204222e-05	0.00792870292216312	0.00303299703148537
0.000244656808650292	3.57628792587263e-05	3.57628792391705e-05	0.00882535352276657	0.0119021336843358	3.57628792391707e-05	3.58021428437412e-05	3.57628792460711e-05	0.857686412786868	0.00584648576035131	3.57628792391685e-05	0.0566432521894847	0.0356672213164354	3.57628792647745e-05	3.57628792391707e-05	3.57628792391706e-05	0.00921044642478358	3.57628793411781e-05	3.57628792571947e-05	3.57628792391706e-05	0.0078152173267541	0.00569386348565838	3.57628792655758e-05
3.47828162085607e-05	0.0067921197384923	3.47828162101137e-05	0.000505764083366302	0.0188269851578237	0.0198998926337432	3.47828162101139e-05	0.000196266058557854	0.822655817622152	3.47828162101139e-05	3.47828162101192e-05	0.0657697778163383	0.0386383692485732	3.47828162101185e-05	3.4782816210113e-05	0.00313507692486578	0.00761142966329898	3.4782816437628e-05	3.47828162142882e-05	3.47828162101136e-05	3.4782816210114e-05	0.0155511072580365	3.47828162101127e-05
0.00108029419714153	0.00515057873958785	3.54417918305534e-05	3.54417918367537e-05	0.00671439346248958	0.00736374846847785	3.54417918305535e-05	3.54417918305443e-05	0.873952563165752	0.00236268419319448	3.54417918305529e-05	0.0303464362100121	0.025579468869701	0.0046325886646494	0.00681276553446693	0.00555616970083679	0.00781594962692237	3.5441791810133e-05	0.00419947637217938	3.5441791830553e-05	3.544179183053e-05	0.0084825194413965	0.00966682901856257
3.60194974623908e-05	0.00256834003912718	0.00148544595751045	3.60194974511985e-05	0.01678888163729	0.00314459271120695	0.00328562599960097	3.60194974542049e-05	0.882843641572831	3.6019497452491e-05	3.60194974524999e-05	0.0529901819062672	0.0207580452469909	3.60194974524974e-05	0.00693034024362339	3.60194974524903e-05	3.60194974543089e-05	0.00199389252000652	3.60194974476334e-05	0.00112089894991414	3.60194974468883e-05	0.00569389874365074	3.60194974542879e-05
3.5143422026238e-05	3.51434220201051e-05	3.51434220228771e-05	0.00191224628292599	3.51434220235742e-05	3.51434220228755e-05	3.51434220228766e-05	3.51434220228776e-05	0.845474890782473	0.0129951339126549	3.51434220228745e-05	0.0670929443714281	0.027547442165119	3.51434220233756e-05	0.00327483294156822	0.0161253278626482	0.000937216876125194	3.5143422017762e-05	0.00969683126804454	0.00627939307923348	3.51434220228766e-05	0.00824183001246468	3.53328030659803e-05
3.45396486727605e-05	0.00267780973076607	0.00902426220559446	0.0130049093850134	3.45396486506422e-05	0.025803440500234	3.45396486506426e-05	3.45396486527699e-05	0.855282189113169	3.45396486506425e-05	3.45396486506464e-05	0.0401320221644276	0.02715263588315	0.00072389213023295	3.45396486506422e-05	0.00296675407363781	0.00838346531691579	0.00128434810550783	3.45396486586052e-05	3.45396486506421e-05	0.00132454665618587	0.00832041067235344	0.00360845722492382
3.58058323892215e-05	3.5805832382052e-05	0.00307453860870138	0.0034176062537341	3.58058323859174e-05	3.5805832385934e-05	0.00308193411654025	0.00145604250694236	0.867695170558414	3.58058323859323e-05	3.58058323859499e-05	0.0367465634931159	0.0483728739918687	0.00141844661893625	0.00320210263394426	0.00401457007694779	0.014964849409183	3.58058323932736e-05	3.58058323859302e-05	0.0121574524903043	3.58058323859295e-05	3.58058323851247e-05	3.97909175026875e-05
3.55166318615317e-05	0.00732683246376061	3.55166318615348e-05	0.00749953537219708	3.55166318614223e-05	3.55166318615251e-05	0.0112939708748719	3.55166318615312e-05	0.848415932664303	3.55166318615303e-05	3.55166318615285e-05	0.0451326704172736	0.0463731499624776	3.55166318615324e-05	3.55166318615309e-05	3.55166318615309e-05	0.00678892961266649	3.55166318455609e-05	3.55166318632096e-05	0.00419456572113922	3.5516631861536e-05	0.0224771800652612	3.55166318632595e-05
0.000488384517199363	0.0159450224132626	0.00449833368098778	0.00607759098831105	0.00846691373504802	3.55160351004134e-05	0.00363203485736653	0.00102349390488675	0.861795186287908	3.55160351004035e-05	3.55160351004042e-05	0.0504038308774423	0.0293907195214979	3.55160351004035e-05	3.55160351004031e-05	0.00188898265192862	3.55160351015915e-05	0.000348311375592018	3.55160350970738e-05	0.00767019322627657	3.55160351004025e-05	0.00722901863229258	0.000857855049198484
2.5074130740752e-05	0.00210444310570258	2.507413073615e-05	0.00946503596827098	0.00393721741386734	2.50741307361545e-05	0.00711350460496156	2.50741307361466e-05	0.860984623242813	0.000604160361098101	2.50741307361511e-05	0.0389065074370371	0.0338440198274626	2.50741307361509e-05	2.50741307361514e-05	0.0127368632709592	0.00578830689802023	2.50741309134075e-05	2.50741307355642e-05	2.50741307361495e-05	2.50741307357977e-05	0.00875715417207891	0.0154823482594497
0.000111917342773279	3.61740112376609e-05	0.00271760540984301	0.00689472206555604	3.62710453624197e-05	3.61740112256615e-05	0.00412071844915973	3.61740112251192e-05	0.87037387605437	3.61740112256636e-05	3.61740112256667e-05	0.0511376808490768	0.0201520308299026	3.61740112249637e-05	3.6174011225663e-05	0.0105106560869319	0.0106599255628748	3.61740114451887e-05	3.61740112317421e-05	0.000603619917999001	0.00740065751806063	0.00614186484137485	0.00881288792544734
3.54010029583782e-05	0.00599715148689948	0.00419200039169202	0.00729388209553012	0.0238385194389099	0.00288918532038224	3.54010029757999e-05	3.54010029758045e-05	0.862725756724987	3.54010029757984e-05	3.54010029757978e-05	0.036924891763853	0.0301536781803701	3.54010029758004e-05	3.54010029757988e-05	0.000563509894402194	3.54010029757999e-05	3.5401005807139e-05	3.54010029892929e-05	3.54010029757994e-05	3.54010029758442e-05	0.0199095428241909	0.00508706984024535
0.00271646108147465	3.68030097357994e-05	3.68030097294759e-05	0.00867303287808914	3.68030097314536e-05	3.68030097294758e-05	0.0016913936723115	0.00630637732293537	0.885131219256844	0.00577874939749149	3.68030097294749e-05	0.0308131705238341	0.037856974994891	3.68030097295318e-05	0.00667619281351283	0.000881104864013634	0.00885987057221065	3.68030098085253e-05	3.68030097375399e-05	0.00172256653851216	3.68030097300314e-05	0.00252485598648751	3.68030097306641e-05
0.000914870518156428	3.52814848287388e-05	3.52814848329589e-05	0.00105901498150598	0.00212723661677341	3.52814848329582e-05	0.00336526733759395	3.52814848331931e-05	0.831244007705157	3.52814848329589e-05	3.52814848329617e-05	0.0568704746733983	0.0457821453960059	3.52814849134699e-05	0.00297014732548941	0.00094084727925253	0.0259624726087835	3.52814850610704e-05	3.52814848565318e-05	0.00384529971645193	3.5281484832959e-05	0.0134276688601788	0.0111377321325948
3.46022121898649e-05	0.0131302280763432	0.00574223790563968	0.00544540831851595	3.46022121905236e-05	0.00313178114798963	3.46022121894646e-05	3.46022121898623e-05	0.837764452815102	3.46022121898634e-05	3.46022121898598e-05	0.0470083242119343	0.0338677818470696	3.46022121870069e-05	0.00366895127649993	3.46022121898622e-05	0.00999948011975982	3.46022110588414e-05	3.46022121886137e-05	3.46022121898623e-05	3.46022121902921e-05	0.0296755284135367	0.010150599322465
0.00259806897887333	0.00139495170797488	0.0052702410915769	0.00948678690795914	3.54281779890864e-05	0.00776443165742613	0.00376677977140702	5.32394608912091e-05	0.855095262012643	0.00295858050823239	3.54281779890891e-05	0.0328794999083016	0.0420622534114285	3.54281779890848e-05	3.5428177989087e-05	3.54281779890862e-05	0.0135582925054768	3.5428177982273e-05	3.54281779882452e-05	0.0108359977996683	3.54281779890884e-05	0.0119567606762544	3.54281779814988e-05
0.000288043323564185	0.00289041625529066	0.000554546698302557	0.0140067498281206	3.65596175252742e-05	0.00915334876108722	3.65596175115627e-05	0.00163187021825349	0.869508597947777	3.65596175115651e-05	0.00141536075862035	0.0374049880446134	0.0250933825021676	3.65596175116155e-05	3.65596175115646e-05	0.00516842327586751	0.0168825379933745	3.65596172441394e-05	3.65596175372125e-05	0.0101512883601085	3.6559617511601e-05	0.0055211748555722	3.67942374155399e-05
0.00121274047642998	3.64392176397307e-05	0.00583974463743885	0.0149245153541042	3.64392176592306e-05	3.64392176562836e-05	3.6439217656295e-05	3.64392176563056e-05	0.870449004505351	0.00144600249918545	3.64392176562949e-05	0.0399058587636586	0.0351207154726136	3.64392176574765e-05	0.00941856999508091	0.00540458507299181	0.00797437181711215	3.64392176402243e-05	3.64392176755672e-05	0.00323816484667808	3.64392176018798e-05	0.00466489516518548	3.64392176701725e-05
3.45526383576363e-05	3.45526383402383e-05	0.00180428964738138	0.0181402108183748	3.45526383597493e-05	3.45526383590303e-05	3.45526383590144e-05	3.45526383606162e-05	0.84573811546011	3.45526383590142e-05	0.00382465990510426	0.0309592059399703	0.0778649977818219	0.000842758710504231	3.45526383590144e-05	0.000356947563328461	0.00250446087714156	3.45526383973449e-05	3.45526383427729e-05	3.45526383590154e-05	3.45526383590143e-05	0.0175151689975772	3.45526383732747e-05
3.49901038589048e-05	3.49901038229748e-05	0.0055371329262514	0.00277825860687609	3.49901038392384e-05	3.49901038392413e-05	3.49901038383751e-05	3.49901038415469e-05	0.857708321258772	3.49901038392436e-05	3.49901038392385e-05	0.032617766030414	0.0394668711942142	3.49901038395251e-05	3.49901038392432e-05	3.49901038392417e-05	0.0203054990127708	3.49901040570725e-05	3.49901038473899e-05	0.0223509961667386	3.49901038388533e-05	0.0187103032461176	3.4990103865514e-05
3.48362560137229e-05	0.0158781220682202	0.00360121267780383	0.00644284778021673	0.00382623943276654	0.0108883187052001	3.48362560075482e-05	3.48362560075739e-05	0.856289450855152	3.48362560075485e-05	3.48362560075519e-05	0.0480450881557665	0.0432897997098041	3.48362560080679e-05	0.00026235355422479	3.48362560075486e-05	3.48362560178019e-05	3.48362559984524e-05	3.48362560232238e-05	3.48362560075482e-05	3.48362560075509e-05	0.00552515820688708	0.00553337378184395
0.00185415414011293	3.6001034655497e-05	0.0041780732894808	3.60010346660164e-05	3.60010346717701e-05	0.0153006373690832	3.60010346700051e-05	3.60010346708226e-05	0.890993793733682	3.60010346700062e-05	3.6001034670043e-05	0.0184644933953678	0.0248233539710069	0.00317421022980582	3.60010346700047e-05	3.60010346700049e-05	0.00937869423914594	3.60010354135802e-05	3.60010346435095e-05	0.0176263151824572	3.60010346700054e-05	0.0103305825295411	0.00344367950357433
3.52820316097802e-05	3.52820316160934e-05	3.52820316065684e-05	3.52820316080413e-05	0.00267685388731452	0.00443569819441856	3.82134465993361e-05	3.52820316065696e-05	0.856202000613936	0.0125169081930122	3.52820316065657e-05	0.0355177081472785	0.0398869333337941	3.52820316065677e-05	3.52820316065662e-05	0.00500021156472056	0.0195214176482765	3.52820319782409e-05	3.52820316065592e-05	0.0129129006288616	3.52820316065653e-05	0.0108677699621247	3.52820316057542e-05
2.46679576259892e-05	2.46679576196942e-05	2.46679576203533e-05	0.0114122093535966	2.46679576207895e-05	0.0275583272692152	2.46679576200734e-05	2.46679576203539e-05	0.856065344897651	2.46679576203529e-05	2.46679576203515e-05	0.0278172773873661	0.0286465828480531	2.46679576203534e-05	2.46679576203527e-05	0.00500363766655991	0.00853303639869995	2.46679576755197e-05	2.46679576206937e-05	2.4667957620353e-05	2.46679576203541e-05	0.0118241088175688	0.0227941239545437
0.00188736764029423	0.00528589910575666	0.00200991879722211	0.0129357595393572	3.42975065914504e-05	0.0265183746374998	3.42975065914502e-05	0.000391715636458414	0.826300185794054	3.42975065914505e-05	3.42975065914609e-05	0.0626773174357987	0.0352023495599598	3.42975066747297e-05	3.42975065914502e-05	0.00862782547432652	0.00214407727405611	3.42975065587148e-05	3.42975065891061e-05	0.00399923803458548	0.00173125812359255	0.00998003538766113	3.42975065978779e-05
2.5101529970982e-05	0.0039107082359683	0.00310771799098254	2.51015299723229e-05	2.51015299669102e-05	0.00748676430881982	2.51015299682125e-05	2.51015299682143e-05	0.876423250718219	3.74621652776489e-05	2.51015299682121e-05	0.0542985367873895	0.0213047423477121	2.51015299690406e-05	2.51015299682146e-05	0.00117106691849936	2.51015299682123e-05	2.51015300221599e-05	0.00313011856455514	0.0225599794062183	2.51015299585113e-05	0.0062354830552282	5.80526714287898e-05
0.000879781725513871	3.62312205807878e-05	3.6231220575194e-05	3.62312205918875e-05	0.0241502453102888	3.62312205751988e-05	0.00786589468550824	3.6231220575194e-05	0.877340201470815	3.68250727824369e-05	3.62312205751947e-05	0.0276376551760525	0.0241225939316371	0.00154402433486221	3.62312205751937e-05	0.00462232798554741	0.00463637329429811	3.62312205569975e-05	3.62312205740113e-05	0.00300177169890515	0.0144774772825047	0.0093225158255489	3.62312205556332e-05
0.00294888181134839	3.54073814295745e-05	3.54073814095895e-05	0.00171299982736777	3.54073814095884e-05	0.0161011530895044	3.54073814095871e-05	3.54073814129234e-05	0.845620752196965	0.000910662735411468	3.54073814093931e-05	0.0689178134754344	0.0186086795688257	0.00127522796333075	0.00418757909086864	0.00440583820837071	0.0159091894994542	3.54073813846968e-05	3.54073814052605e-05	3.54073814095875e-05	0.00954994863726775	0.00949720008175802	3.54073814125715e-05
0.000841565466069674	0.00835207708726938	0.00317290887456513	0.0117013563670394	3.66787761397636e-05	0.0045630051366517	3.66787761356206e-05	0.00577264184987869	0.878649692970749	6.0791948918959e-05	3.66787761356216e-05	0.0321421379169911	0.0285003140602007	0.00544592988882948	3.66787761356188e-05	0.00812130450617694	3.66787761421312e-05	3.66787763762821e-05	3.66787761587442e-05	0.00349225096708569	0.00154036638767755	0.00735022636259897	3.66787760737225e-05
2.45591342918068e-05	2.45591342989048e-05	2.45591342956012e-05	2.45591342969389e-05	2.45591342956425e-05	2.45591342956009e-05	0.00448850849190451	0.00816559009190608	0.832423742366507	2.45591342956008e-05	2.45591342955995e-05	0.0592779382260931	0.0452510279126212	2.45591338892769e-05	0.00250478184505155	0.00482170005421177	0.0106739005698959	2.45591335114756e-05	2.45591342956014e-05	0.00235051067726305	2.45591342956029e-05	0.0157940587016903	0.0139535314524973
3.59635118068068e-05	0.00341843768899404	0.0028661413631878	3.59635117984924e-05	0.00988626923439577	3.59635117966728e-05	0.000899677884628509	3.59635117966706e-05	0.875197584754551	3.59635117966723e-05	3.5963511796673e-05	0.0287117389930463	0.0381309230532362	3.59635117966674e-05	3.59635117966722e-05	0.0049510179895463	0.0161949266894885	3.59635117912637e-05	3.59635117984641e-05	3.59635117966722e-05	0.011367156801264	0.0079445634061003	3.59635117896578e-05
3.54570201612755e-05	0.00371061574911188	0.00129711291524071	0.0130316300236516	3.54570201575754e-05	0.00287830817268135	0.0023496336447449	0.00102826790073906	0.866923216331772	0.0104709857193599	3.54570201585148e-05	0.0352021247799569	0.0316216099119576	3.54570201562952e-05	0.00603797874527128	3.54570201585162e-05	0.0195441667582068	3.54570203540602e-05	3.54570201631879e-05	3.54570201585159e-05	3.54570201583001e-05	0.00554977914552135	3.54570201585156e-05
3.47094835210218e-05	0.00548025548802265	3.47094835319778e-05	0.00284100362678347	3.47094835319779e-05	0.0235396605745703	0.00439965714602465	3.47094835319783e-05	0.841558997999253	0.00678057750972596	3.47094835319803e-05	0.0366051152430639	0.0277256056589001	3.4709483341639e-05	3.68189478440757e-05	0.000498214384515572	0.0131105374446358	3.47094835400985e-05	3.47094835337097e-05	0.000493938581108729	0.00151370403607169	0.0212950218286085	0.0138432156628076
3.44151558865836e-05	3.44151558710331e-05	0.0235287763739477	0.0141179519910525	3.44151558759053e-05	0.0050437520017039	0.0514073950164279	0.0282988614324961	0.773252299718682	3.92857031992036e-05	3.44151558759052e-05	0.0296923000129772	0.0328668369562433	3.44151559598883e-05	3.55542625159892e-05	0.0039307588616412	0.00744846635785484	3.4415155654793e-05	3.44151558780223e-05	3.44151558759058e-05	0.0108343021587335	0.0191937227497538	3.44151558930157e-05
9.19954416993995e-05	3.63563182208226e-05	0.0044859244480659	0.00118602191176901	0.00411736418373038	0.000102255685006631	0.00458857873753526	3.63563182620776e-05	0.846027568995715	4.11321578170998e-05	3.63563182620753e-05	0.0615582102656434	0.0411689010051567	3.63563182620596e-05	3.63563182620749e-05	0.00134473538733258	0.00761754891771108	0.001571958687307	3.63563182643443e-05	3.6356318262083e-05	3.63563182620669e-05	0.0118340709513205	0.0139728826781324
3.5052999055377e-05	3.50529990806663e-05	3.50529990554661e-05	0.00574567914668421	3.50529990559908e-05	0.0141095922579932	3.50529990554667e-05	0.0077219627696601	0.835530971333589	0.00837857008667089	3.50529990554619e-05	0.0468154780438428	0.041990317720625	3.50529990693576e-05	0.00297490109968481	0.00456953684286357	0.00713042900595042	3.5052999289192e-05	0.0130236806603573	3.50529990554672e-05	3.50529990555297e-05	0.0116050596195558	5.32914216943114e-05
3.47439961691419e-05	3.47439962006189e-05	0.00843341247386886	0.0134140931743641	3.47439961675796e-05	0.0223962451766339	3.47439961675785e-05	3.47439961605376e-05	0.832517752763658	3.47439961675805e-05	3.47439961675796e-05	0.0331934273094389	0.0426520186551902	3.47439961680325e-05	3.47439961675781e-05	0.00596442847823815	0.011483113139854	3.47439963952636e-05	0.000634687877565989	0.00411682230542941	3.47439961680725e-05	0.0177927145437741	0.00701910014388453
2.53757857329935e-05	2.53757857607287e-05	2.53757857562314e-05	0.00349685375475454	2.53757857575042e-05	0.0167554727276403	0.00885765085501824	0.00453449246593966	0.840099685615411	0.00879838161330276	2.53757857562159e-05	0.0484015474822439	0.00854314191746059	0.00434803298497165	2.53757857562318e-05	2.5375785756232e-05	0.0233627144766859	2.5375785757793e-05	2.53757857634329e-05	0.0056204898407849	0.00860630962898259	0.0183214687792563	2.53757857504007e-05
0.0013103175989051	0.00159849091329531	2.48987522763017e-05	0.0117291447101555	2.48987522730509e-05	0.008016770569859	2.48987522763017e-05	2.48987522763011e-05	0.855794374570769	2.48987522763018e-05	2.48987522763077e-05	0.0519769277672349	0.0427308001318478	2.48987522530961e-05	2.48987522763071e-05	0.00843023746943119	2.48987522762832e-05	2.48987523590354e-05	2.48987522770912e-05	2.48987522763017e-05	2.48987522763015e-05	0.0180643537365757	2.48987522775435e-05
3.56023525133604e-05	3.56023524859183e-05	0.00424702934769014	0.00687486350877683	0.00101790551138027	0.0107564005944732	0.0046703406529478	3.56023525050407e-05	0.823967358185246	0.0168220463907913	3.56023525050439e-05	0.0857037821329741	0.0250775370097943	3.56023525050302e-05	3.56023525050425e-05	0.00425486033177788	3.56023525050414e-05	3.56023524922507e-05	3.56023525064209e-05	0.0092273464076757	3.56023525050411e-05	0.00698890404894038	3.56023525040892e-05
0.00139216680260116	0.00910139981654677	0.0144430544959806	0.00433714722051106	3.52755299153635e-05	0.00289478247228578	0.0109794393973283	0.0100205775918564	0.833745333449936	3.52755299153633e-05	0.00120989938234135	0.0427406943479639	0.0375803857187737	3.52755299153631e-05	3.52755299153637e-05	0.00650372143005	0.00900463810341763	3.52755301526778e-05	3.5275529906609e-05	0.000539728153774825	0.00755321537765374	0.00770688752934118	3.52755299171235e-05
2.50737776913467e-05	2.50737777057349e-05	2.50737776900205e-05	2.5073777691403e-05	2.50737776900226e-05	0.00941220504406619	2.5858008420681e-05	0.00594409038244265	0.858571170666236	0.0120284697074131	0.021737708608781	0.0451365292635654	0.00790437311363726	2.50737776900554e-05	2.5073777690025e-05	0.00132227342091819	0.0164483683838187	2.50737776989466e-05	2.50737776900202e-05	0.000430666768150141	0.00671666100638064	0.0140708878492423	2.50737776900188e-05
3.67623596307025e-05	3.67623596272228e-05	3.67623596096704e-05	0.00269345255983873	3.67623596237492e-05	0.0273300708934567	3.67623596096708e-05	3.676235960967e-05	0.855969561165753	0.00471579391165149	0.00322478101079853	0.0632517795808485	0.0188611416222393	3.67623596096645e-05	3.67623596096703e-05	0.00342248351347062	0.00816768706742934	3.67623596199768e-05	3.67623596116314e-05	0.000673483289776786	3.67623596096696e-05	0.00673871470104159	0.00454666472792413
0.00163338479200632	3.56545729328462e-05	0.00229228592940682	3.56545729449706e-05	3.56545729430701e-05	3.5654572943578e-05	0.0268448137866104	3.56545729435675e-05	0.833556046103827	0.000597853141680637	3.56545729435777e-05	0.0261273622700045	0.0454277371319612	3.5654572943576e-05	0.0085349543697897	0.00675673184383881	0.0110836519240012	3.56545728405944e-05	0.00556932602328168	0.00311962264126701	0.0148662484006036	0.0132690904853406	3.56545729446935e-05
0.00208466263335408	3.48096268253553e-05	0.006584570756239	0.00317405131752699	0.00775640702217302	0.0282356333514041	3.48096268071878e-05	3.4809626803466e-05	0.834356938379012	0.000496069848429357	3.48096268071892e-05	0.0509593625988244	0.0346881022651301	3.48096267570135e-05	0.0113032767392258	0.00322616194895515	0.00012588520894734	3.48096270468808e-05	0.00191863018216471	0.00269344768110254	3.48096268071633e-05	0.0121183230528425	3.48096268143863e-05
0.00029215289422094	0.00173637991595717	3.59948526146684e-05	0.00265598356014294	3.59948526146711e-05	3.59948526236756e-05	0.00104372846722277	3.59948526147562e-05	0.884384651338101	4.26064891153278e-05	3.59948526146619e-05	0.0360003469313313	0.0367171767525422	3.5994852615321e-05	3.5994852614667e-05	0.00522672359170765	0.00645484032969073	3.59948526084162e-05	0.00446281998327	0.0106923259497605	3.59948526146683e-05	0.00993031527078692	3.59948526152738e-05
0.00355833971770386	0.00622875377959673	3.41258779863071e-05	0.00957701385809701	3.41258779942701e-05	0.0415896026622898	0.00186399992860849	0.024537738554202	0.809304622439442	0.00152775649417782	0.00382092960211597	0.0343379903864665	0.0310741284211807	3.41258779863071e-05	0.00767442368532363	3.4125877986307e-05	0.0165413456337066	3.41258779974491e-05	3.41258779874637e-05	0.00771125478599696	3.41258779863074e-05	0.000379093027179951	3.41258779880113e-05
0.00238844808836641	0.00376270119557359	3.59998232185746e-05	0.00699421684597282	0.00415908209578621	3.59998232185745e-05	0.00506175334924056	3.59998232185707e-05	0.874902628420639	3.59998232185766e-05	3.59998232185844e-05	0.0605710425444741	0.0284364397359155	3.59998233045563e-05	3.59998232185743e-05	3.59998232185747e-05	0.00360911602821122	3.59998232159544e-05	3.59998232205292e-05	3.59998232185749e-05	3.59998232185842e-05	0.00964657399389346	3.59998232185807e-05
3.55997386573365e-05	3.55997386592189e-05	3.55997386572547e-05	3.55997386506607e-05	0.0151902663506773	3.55997386572461e-05	3.55997386566726e-05	0.000283642158210253	0.846962326471989	0.00609348845021754	3.5599738657254e-05	0.0647574712040368	0.0362140162435146	3.55997385996623e-05	3.55997386572544e-05	0.0104124066812603	0.00761852230801915	3.55997380653477e-05	3.55997386681406e-05	3.55997386572536e-05	3.55997386572536e-05	0.0119694637915165	3.55997386578553e-05
