Bcells	CentralVeinEndothelialcells	Cholangiocytes	Hepatocytes	Kupffercells	LSECs	Mesothelialcells	PortalVeinEndothelialcells	Tcells
0.0126903183930655	0.0178755667545485	0.000130979946208803	0.823195158746506	0.0585953191028623	0.0367148511800664	0.0277493170198972	0.00952972560666624	0.0135187632501795
0.00337937213308242	0.000131022044484415	0.000131022044484128	0.781276482589966	0.101395193678382	0.043750748654253	0.0200068061020203	0.000131022044484416	0.0497983307088435
0.00691661739207932	0.00740371434370004	0.0039516681551003	0.809151060373948	0.075044060503247	0.0365786694464483	0.00798668657936943	0.0291812306238945	0.023786292582213
0.00543992555215247	9.33403211100448e-05	0.00195205293022392	0.829400752644695	0.0551237995391183	0.020804826175782	9.33403211100421e-05	0.0423466860526003	0.0447452764632077
0.0109678475707851	0.0793601119619486	0.00373824114161251	0.794831933893702	0.0653480265947454	8.6959849331471e-05	0.00565767530482366	0.0326473097173374	0.00736189396571405
0.00698561025483129	9.25715513444278e-05	9.25715513428576e-05	0.843102097614483	0.105629365299794	0.0275149458500069	0.0101172667401641	9.25715513438546e-05	0.00637299958668942
0.019836642194586	0.0229366648200835	0.000254296317124855	0.79499589040722	0.067751179482822	0.0253515749263569	0.0182430024046616	0.01218429403302	0.0384464554141248
9.14048459765551e-05	0.0105418216164795	0.00569687875706579	0.797896719446664	0.0940469606640527	0.0353926159497657	9.1404845976555e-05	0.00828868155464013	0.047953512319379
0.00843185823153545	0.036061205352487	0.00121392398085428	0.823239597875007	0.0614681836398626	0.0180406009430099	0.0204102901920835	0.00842493211349246	0.0227094076716671
0.0292339046180662	0.000954503351222379	0.00183544325851752	0.822424229361599	0.0698005493882643	0.0419998164401828	0.0177316841333871	9.02675735574867e-05	0.0159296018752032
0.0159520611054454	0.0101222348385494	0.00013149559057326	0.843243871530007	0.0515831612216011	0.0224142394983955	0.0320012268319206	0.000131495590559246	0.0244202137929487
0.000130275854261247	0.000130275854271793	0.0100117979675699	0.799485037186475	0.0742272545179169	0.0562580413149793	0.018863078781905	0.0169584470901473	0.0239357914324738
0.000870894457729757	0.000133681412653247	0.00013368141264862	0.826858683540111	0.0776010913090076	0.0359226998593585	0.0126842455036472	0.0112434151620494	0.0345516073427944
0.007549189775082	0.000133754056509762	0.00118359039819773	0.823035288860054	0.0933202244608767	0.0276632114484239	0.00993238893141002	0.0130340311403043	0.0241483209291416
0.0153344484472938	0.000133446300283644	0.00882399251286212	0.807105042587506	0.0824959753096399	0.00861734524345545	0.0103257283799202	0.053031161643289	0.0141328595757501
0.0117559670618065	0.0285841949251082	9.27175298336667e-05	0.891880647449679	0.0360625018025895	0.011447461574041	0.0111653563250146	9.27175298396955e-05	0.00891843580208811
0.0200998751572662	0.000132195319126233	0.000132195319118494	0.810175755207155	0.072652823609418	0.0634246186508708	0.00246706579610244	0.000132195319126232	0.0307832756218168
0.00844849074949991	0.0890242315452418	8.41095480403618e-05	0.798346643368774	0.0360966340232778	0.00310307422070011	0.0425882407951203	0.000653431774808272	0.0216551439745377
0.0361616661457734	0.0389903295256651	8.54873732104025e-05	0.804589913724171	0.0641892016719633	0.030453372074534	0.0253590547382698	8.54873732064541e-05	8.54873732064543e-05
9.21279653544953e-05	9.2127965354495e-05	9.21279653534935e-05	0.838408391482932	0.0788802866552647	0.0500240440235249	9.21279653544954e-05	9.2127965354495e-05	0.0322266380115073
0.0301342647858246	0.000132514912718948	0.00466014962362329	0.794985373840145	0.121650480874463	0.0175946996487441	0.000132514912718947	0.0305774864890437	0.000132514912718947
0.0288411359418834	0.0219636064820679	0.00010488649928464	0.797244458323602	0.106345111781624	0.0210600345923116	0.00252679688611753	0.0159620511645688	0.00595191832854009
0.0268050324591143	8.95543570795488e-05	8.95543570764111e-05	0.853515123125848	0.0208006992237111	0.0464120191747141	0.0102051159461947	8.95543570800916e-05	0.0419933469991815
0.000136718082211258	0.000136718082211252	0.000136718082195414	0.82308908502747	0.0931010557264298	0.0397780399770953	0.00107560653067947	0.0112007930826922	0.0313452654090151
0.00475435996031948	0.000130728179476447	0.0427570551939365	0.765376158980328	0.0465523832975157	0.028911846453639	0.0219923108459917	0.061884811975346	0.0276403451134476
0.024512180992904	8.98517430645201e-05	8.98517430635279e-05	0.847240372194134	0.0454278948604366	0.0509394903129603	0.00946027719240226	0.00984733798961326	0.0123927429714213
0.0307625737382375	0.0123081446762917	0.000137024830125906	0.824257942190184	0.0580594951187734	0.000137024830120473	0.00482928291319688	0.036329337413836	0.0331791742892345
0.0304370158138512	0.0159179480212076	8.9499592573567e-05	0.848588230646834	0.051641445711477	0.0392253867827152	0.0139214742461908	8.94995925752752e-05	8.94995925752741e-05
9.11629313713693e-05	0.0128325778734471	9.1162931371885e-05	0.844106721311581	0.0639559024868962	0.0304306444273709	0.0032744349009965	0.013027219917043	0.0321901732199224
0.0401506192160835	0.00868799762152848	0.00413430773930292	0.79133977643449	0.0569189212795867	0.042071153016823	0.010788533861022	0.0292330200114677	0.0166756708196954
0.0225316965894664	9.17728938776694e-05	0.00563859272357711	0.820051987788054	0.0752750666729799	0.0433186014996219	0.00010883343224014	0.00684889836859492	0.0261345500315875
0.0393015014142667	0.0290294845123593	0.0314178279795343	0.78802866086208	0.0481917194293128	0.0194549617936413	0.014865994468033	0.000129436804650264	0.0295804127361221
9.43013048016723e-05	9.43013048016726e-05	0.00686975215268215	0.841838475937055	0.0898598490216443	0.0268906681284781	9.43013048016724e-05	0.00713230337761435	0.0271260474681215
0.026467872458678	9.06590484478922e-05	9.06590484447096e-05	0.846223945836883	0.0456945315447683	0.0374944618234644	0.00218532446284177	0.0150732699798513	0.0266792757966208
0.000588076354885349	0.00644793587335171	9.1927764620295e-05	0.809701794663381	0.0889721532478484	0.0518240047950475	0.00204588671059769	9.19277646204881e-05	0.0402362928256472
0.00304226982327907	0.01994704324004	8.97165800651836e-05	0.85901931520422	0.072000875331398	0.0129696351401252	0.0151569889168064	8.97165800710606e-05	0.0176844391839951
0.0393663653703006	0.00452243529828396	9.29386366138184e-05	0.824770793766123	0.0766383733520491	0.0259704249846372	0.000842737151072187	0.0240558579738215	0.00374007346709839
0.0239638738497384	0.0463821033629158	8.92691878798827e-05	0.785744894299342	0.0978230064920693	0.0335781284907414	0.00134512741698586	0.00181510109693867	0.00925849580338916
0.0311388565254963	0.0314742203795581	9.01867204439223e-05	0.857621729822233	0.0383063370600788	0.0106362339767271	0.0121561908513751	9.01867204446482e-05	0.018486057943643
0.0252456859721131	0.0202020985754514	9.03530103884447e-05	0.848366989820642	0.0685662119845287	9.03530103926485e-05	0.0144744968565186	9.03530103894122e-05	0.0228734577595755
0.00229254826462013	9.21262539328799e-05	9.21262539334245e-05	0.816190834541699	0.088153473159742	0.025634037928103	0.0143523948582597	9.21262539328798e-05	0.0531003324857769
0.0246384045751311	0.040489419241361	8.8662557438667e-05	0.835479362512049	0.0489919397404909	0.0220834107686426	0.0116374194450818	0.00909933074962028	0.00749205041018441
0.00702199762785014	0.00216933035681279	9.20405744517625e-05	0.836715105305124	0.057175741834048	0.0518070857806234	9.20405744511779e-05	9.20405744511785e-05	0.0448346173721881
0.0128680874990395	8.98673906542241e-05	0.0124298678497494	0.818080672723112	0.0503109400275647	0.0513912894113677	0.0193291481297663	8.98673906542225e-05	0.0354102595780921
0.0336826053466622	0.00613234257475386	9.11386629521174e-05	0.821322946764346	0.0765217748440137	0.026112890723793	9.1138662953115e-05	9.11386629537143e-05	0.0359540237575719
0.0117430997834101	9.35679578654124e-05	0.00142358703152215	0.85889000070789	0.0611488865524059	0.0321537058382876	0.00267830176602798	9.35679578712536e-05	0.0317752824047193
0.00930954740244969	0.000131192652029403	0.000131192652027995	0.844082074039793	0.0692683447129797	0.0106324472517074	0.012581729239843	0.0265358467541229	0.0273276252950473
0.0339119901993349	0.0135205447137385	8.94365602074158e-05	0.844829473582906	0.0439899772592551	0.0153017353345787	0.0143216268161243	8.94365602076191e-05	0.0339457789736471
0.012604621835118	9.52791051897243e-05	9.52791051886843e-05	0.872728635142921	0.0446418003518485	0.0391997525369159	0.0167392024995685	9.52791051903134e-05	0.0138001503180595
0.0151681912361439	9.23127733269276e-05	9.23127733249213e-05	0.798663997469058	0.0871935069088418	0.0399912866835934	0.0162692796570941	9.23127733269272e-05	0.0424367997252905
0.019862798055694	0.0167362848888258	0.000126975012963828	0.818498230916246	0.0565783013540985	0.0222689092114916	0.035331473276413	0.0055504181803333	0.0250466091039344
0.019396586196398	0.032964018949824	0.000490262977243522	0.845778729773742	0.0492250910232369	0.0292511349102053	0.00632162252265666	8.97657365424822e-05	0.0164827879101512
0.0246116719355387	0.0195964217172668	0.000139826524353791	0.842683790461537	0.0580771997061929	0.0161928259059445	0.00977251875453624	0.000139826524357361	0.0287859184702726
0.0060349051275102	9.30760159246736e-05	9.30760159191529e-05	0.842904858801888	0.0569274947272541	0.0336234059266398	0.0267660231160039	0.000167133267127373	0.0333900270017324
0.00126054065461638	0.0171179594981215	8.70609660852878e-05	0.811650790089357	0.036942004183395	0.0826565026919017	0.0198673222728067	8.70609660800955e-05	0.0303307586776367
0.000766778952020844	0.00222699683668828	0.000130650176017756	0.851134142878312	0.0563313338661006	0.0456477420324467	0.0254191713522664	0.000130650176020886	0.0182125337301265
0.0226749095399983	0.0382660217956707	0.000127236657291493	0.821983566102502	0.0613636202208414	0.0276788176820884	0.00650634007371088	0.00012723665726915	0.021272251270628
0.00157112674803621	0.021851002280586	9.173068623001e-05	0.873580954730234	0.0250225569474648	0.0199837434601396	0.0179699039360056	0.0064228510637284	0.033506130147575
0.0278021497483687	0.0210226686274681	9.02242922335427e-05	0.836647420222815	0.0521371946420111	0.0248337416458053	0.0158777494384889	0.0146769571178558	0.00691189426495407
0.0113020761403769	0.0439358839841621	9.23809602476417e-05	0.838202138674212	0.0509706059249507	0.0205193909058921	0.00976875101843341	9.23809602425098e-05	0.0251163914314827
0.0205134721527395	0.0197442626678842	0.000127242185992117	0.794469351343792	0.0936803750720433	0.0358000129459228	0.00460167571371895	0.0144342697888228	0.0166293381290848
9.11379332473732e-05	9.11379332473729e-05	9.11379332479234e-05	0.845050639601035	0.065737461553434	0.0187509627779545	0.0100133853540712	0.00990201521562503	0.0502721216981374
0.0358698536043212	9.14374692311504e-05	0.00276125061560367	0.840991457635415	0.0283876011277312	0.022534610789783	9.14374692311507e-05	0.0261597233386153	0.0431126279500686
0.0171220954513069	0.0488144105237153	8.95331960265369e-05	0.814094414712374	0.0866000521226852	8.95331960255524e-05	0.00780205130294913	0.00690300553934396	0.0184849039555734
0.0245897862860996	0.00815000115957907	0.000134038446499244	0.851358179826141	0.0437240726712516	0.0157655074718238	0.0293818287400981	0.00679872052024854	0.0200978648782589
0.0155985320783043	0.00635371793622001	0.00563975853377899	0.787902570254297	0.0747718012717838	0.0458744390629133	0.0315193165037484	8.88706051817963e-05	0.0322509937537726
0.0170212513337116	9.30242834844356e-05	9.30242834812918e-05	0.85002123094284	0.046219217484086	0.0171280638546224	0.00746637039213113	0.036815012588412	0.0251428048372314
0.00990662549444396	0.0156691937735782	0.00227366575646278	0.856466452479752	0.0511974714230751	0.0283955557460768	0.0158478433274072	0.000131472559289968	0.0201117194399143
0.00375935739943212	0.0448945205709194	8.72351475167385e-05	0.823376618741511	0.065855107782013	0.0156849122353022	0.00775155243960119	0.00385552995855136	0.0347351657251532
0.0225069387065595	0.0370785243933404	0.0775391463101864	0.735488421855257	0.0374875845945445	0.00505548141330553	0.0362743735477878	0.0365352892714548	0.0120342399075646
0.0331606131842188	0.0222981193149423	0.00051692474385603	0.797063167207504	0.0822654388740218	0.0184223022206767	0.0194092701229408	0.000133304303656032	0.026730860028183
0.0111269201216523	0.0202316679442255	8.86513117763073e-05	0.816240562868549	0.077176984121494	0.0372899782326977	0.0190937557884532	8.86513117770618e-05	0.0186628282993748
0.0174753722934538	0.065055444997136	8.84836109939334e-05	0.794776781668539	0.0544921693600358	0.0201287300497456	0.02285301639619	8.84836109970075e-05	0.0250415180129085
0.0154221706887294	0.021319739816246	0.00941120588366693	0.806039559517026	0.0777636478996145	0.000133140179180852	0.0200515064296987	0.0258674209958578	0.0239916085899802
0.00514608828313698	0.015572739086316	9.25104158994192e-05	0.845759841480675	0.0836616275517164	0.0400233863167407	9.25104159025577e-05	0.00955878603371024	9.2510415902558e-05
0.0202450994302914	0.0438946964063971	0.00942385727775691	0.786827563912259	0.108738288432309	8.75615274628134e-05	0.0175701577552414	0.00892533483921864	0.00428744041906344
0.0179628910715824	0.000130731583300811	0.00301929106025924	0.807306495842929	0.0593693393511928	0.0356608119307857	0.030803056899257	0.031495675561312	0.0142517066993813
9.38910604974984e-05	0.0149570517034373	9.38910604980974e-05	0.851949049183195	0.0672605109026563	0.0140590927264416	9.38910604974989e-05	0.0171813150253945	0.0343113072773826
9.42036618803602e-05	0.0409601084513652	9.42036618802307e-05	0.808884588065454	0.100486526587832	0.0145364054730022	9.42036618803599e-05	9.420366188036e-05	0.0347555567748257
8.80268475370268e-05	0.0249035953210308	0.0273900315248019	0.806142719616742	0.0336151411358123	0.0221878368682046	0.0129946470952957	0.0333547555143991	0.0393232460761764
0.0149186378926911	0.0540344306829614	0.000123515042336289	0.798738691420672	0.0509565216957453	0.0372434313546628	0.0251330792756522	0.00012351504233861	0.0187281775929398
0.0106314092714743	9.37078399884583e-05	9.37078399882839e-05	0.852583685625499	0.0413721471982474	0.0366127964314367	0.0074795444616949	0.00810006034391177	0.0430329409877591
0.0300342110551305	0.0644104458433192	8.54767396943976e-05	0.796401837489046	0.031678920532524	0.00836669690596311	0.0341084815255956	0.0112826390637421	0.0236312908449854
0.0261313211335955	0.0165000727370163	0.0051482829511817	0.835969590155013	0.0856498305148563	0.0257761869005922	9.14878794548764e-05	9.14878794554543e-05	0.00464173984883441
9.1333479139556e-05	9.13334791395551e-05	9.13334791392966e-05	0.82332864639071	0.105364280160061	0.0233223184945195	0.000245223839525945	0.0099039306754258	0.037561600002339
0.0138147237097763	0.0118136554033675	8.73819097100149e-05	0.847242335427878	0.0741995944162929	0.011123069064678	0.021311941293629	0.00610768749549928	0.0142996112791692
0.000132459631990051	0.00838495211401634	0.000132459631987702	0.86674633415307	0.0596483793156995	0.0127240964418713	0.00780075988166962	0.000132459631990777	0.0442980991977048
0.00986961414769596	9.18971783003229e-05	0.00806115846250371	0.827514017319314	0.0510174367254052	0.0378919716175474	0.0111742620397757	0.0238112209728892	0.0305684215365686
0.0101704329412951	0.0305262012482007	8.92410704421066e-05	0.838830886599044	0.043530736483934	0.0259195459710799	0.0143899867895133	0.0058216829086861	0.0307212859878048
0.0264899292388168	0.00268140244352568	9.19787163322558e-05	0.881121007775969	0.0553920719161142	0.0172460434788646	9.19787163306025e-05	0.0133799326589958	0.00350565505505077
0.00568116827240446	9.18351123398125e-05	9.18351123380641e-05	0.82800177995287	0.073273964845168	0.0401507366065906	0.0199006910618824	9.18351123412425e-05	0.0327161539240654
0.00793539204655735	0.0322806439237954	8.72269492450689e-05	0.817982394923429	0.0484105618450922	0.0341659824095243	0.00788677279971322	8.72269492437655e-05	0.0511637981533997
0.00532054290429404	0.0427791766275858	0.000130354521317433	0.77637077289846	0.0821768672388996	0.0410007981478548	0.0109252725803808	0.0202079412043255	0.0210882738768821
9.24111536821043e-05	9.24111536821041e-05	0.0043787803078016	0.849206935862396	0.0693921630520744	0.0382918531185485	0.0173805470864919	9.2411153682099e-05	0.0210724871116414
0.0288651037633597	0.0181882780710785	0.00168584210337236	0.871895872486126	0.0369070266830162	0.0137056892261082	0.0140238406559193	8.90050868814247e-05	0.0146393419241382
0.00679985899676743	0.0153171415849737	0.0241707796941143	0.768468805541435	0.0529454608923381	0.0250051698906991	0.042137530250115	0.0197495084999441	0.0454057446496134
0.0300383562798347	0.0911860173275177	8.91136807040536e-05	0.814400887357232	0.0475319755776378	8.9113680699868e-05	0.016486308734974	8.91136807004312e-05	8.91136806998681e-05
0.0377458184366836	0.0137678317677813	0.000133048678533953	0.766306059903955	0.0905492933453385	0.046764041860992	0.0151334151855563	0.00463747550596959	0.0249630153151899
0.0274864381870578	9.15877280977396e-05	9.15877281020193e-05	0.81744777910055	0.0732431807927924	0.0333206868599172	0.00164832638699328	0.0144980527644273	0.0321723604520625
0.0169094028527363	0.0238010144952163	0.00520725734156935	0.842939110529817	0.0493806345017237	0.0393806651032653	0.0130349045677584	8.89773184022975e-05	0.00925803328951114
0.0142135592767476	0.0299024958847387	9.19186867661773e-05	0.858952113112195	0.0743697197208559	9.19186867647484e-05	9.19186867647487e-05	0.0148841866346766	0.00740216931049065
0.0275153300480742	0.0109153421893885	8.70799355709436e-05	0.798289536458788	0.0850870510322117	0.0354753876285709	0.0140587874048709	8.70799355711419e-05	0.0284844053669537
9.15877590940663e-05	9.15877590940637e-05	0.0117063726144592	0.836545839302159	0.078534796540607	0.0175242724873856	0.0080924630821717	0.0219294111087553	0.0254836693462741
0.0541827424356727	0.00012447166766433	0.0586218207292584	0.670861041916079	0.0577225866113035	0.00833223334110482	0.0118872447545674	0.0705290635443655	0.0677387949999842
0.000196141319883007	0.000136593562221921	0.000136593562228274	0.821198328019887	0.0897720386885255	0.0237600170123769	0.000136593562221923	0.01591539048889	0.0487483037837654
9.11781175010805e-05	9.11781175010805e-05	9.11781175009154e-05	0.784791482229073	0.143094733275545	0.019269174838849	9.11781175010807e-05	0.0368685323535116	0.0156113648330178
9.12889016666112e-05	0.0134987223144959	9.12889016642922e-05	0.87838088807621	0.0508301746683356	9.12889016621475e-05	0.0110168884388083	0.0152207481613255	0.0307787116358317
0.00608144984838053	0.00642338915085304	0.00493228781877555	0.839205095864484	0.0984649435914926	0.0133144695842114	0.0110935917606498	9.1468725085912e-05	0.0203933036560669
0.0229980624281075	0.0189262951657778	9.26733288653706e-05	0.862638084401228	0.0361340404352044	0.0112195325312655	0.0319411343338509	9.26733288709227e-05	0.0159575040468293
0.021362843349254	0.0234871186714362	0.000130016537197036	0.83422805821874	0.0440909990193634	0.0140799267726449	0.0160845469102645	0.0251160041759608	0.021420486345139
0.00840247568751399	0.00628077528872351	0.00519222500404919	0.842250694283052	0.0627390600730713	0.0421258647562434	0.00655986417076904	0.000135213878408717	0.0263138268581684
0.00129358722938769	0.0131020450339655	0.000134660951613684	0.840750926810718	0.0672524010320494	0.0216936747260407	0.0218266347374037	0.000134660951609841	0.0338114085272118
0.0113742874572376	0.0341957200406977	0.0125482111707675	0.807100035129395	0.0677500656858269	0.0244188059356954	9.19092704092729e-05	0.0270087035447824	0.015512261765188
0.025026074284059	0.000343369041155689	8.8987119505882e-05	0.831572345358756	0.0682206164419571	0.0306963258683453	0.015305906792358	8.8987119506101e-05	0.0286573879743565
0.043416412127111	0.0124759801982366	9.4172857156578e-05	0.794397773864227	0.0757776940022739	0.00462936644502714	0.0106027589247793	0.0304832502456277	0.0281225913355607
0.0213005932550313	0.0154314867770498	0.000127235271603635	0.797397680497378	0.0750680091959212	0.0133999030515511	0.0497151706256222	0.0121947926152793	0.0153651287105633
0.0113523753611039	0.0632589130830661	0.000869744696109151	0.824712087827175	0.0666569217972346	0.00369835833092549	0.0145546814966333	0.0032141133893629	0.0116828040183899
0.0394972548244539	0.0140170397282448	0.000131030259521451	0.786662067304789	0.106706746756262	0.0178273199213797	0.00144952144834305	0.00413061900486225	0.0295784007521438
0.014788143207231	0.0247733118201146	0.000126369081049299	0.786931994904207	0.0859346348298735	0.041560300768494	0.00806104170394452	0.00955542639124364	0.0282687772938424
0.0244039207261366	0.000127009718627642	0.00255434190297362	0.788184177824862	0.0605648037396626	0.0448502069356921	0.0200553280069788	0.0318815735345767	0.0273786376104898
0.0119765530813869	0.0129555767638783	0.000126115751750581	0.827442296418655	0.0605215589553249	0.0525757668534572	0.00259914068857941	0.0101178670607904	0.0216851244261775
8.94984656093578e-05	0.0638703375291746	8.94984656139467e-05	0.831049054125585	0.0427186005032153	0.0172931330183532	0.0365336325460235	8.94984656141696e-05	0.00826674688081053
0.00952192242787203	9.11800641703562e-05	0.0286417441921535	0.807834997747875	0.0572192722994746	0.040560638919773	0.0248431374224199	0.0127323048035073	0.0185548021227538
0.0135156219140187	9.35245482689149e-05	9.35245482665207e-05	0.825828383185894	0.0598498441521351	0.0334676123008358	0.0128448253238662	0.00556048610715085	0.0487461779195642
0.0144495849424265	0.0103712802456448	0.000131825648204694	0.791902844580923	0.0821734892067456	0.0216633270109045	0.0292685844101567	0.0107341320466405	0.0393049319083532
0.00304332072531899	0.0319978758979686	8.92193844570502e-05	0.833128724796616	0.067451947493049	0.0116407477312053	0.0160908693577305	0.0123480198588153	0.0242092747548396
0.015076187687067	0.0153159966278961	9.21421714901826e-05	0.838100752477714	0.0477647190087017	0.0248615794491133	0.0298131284065185	9.21421714904016e-05	0.0288833520000091
0.016912959979389	0.0719172812405962	8.84828050063724e-05	0.829003510936552	0.0434086708228441	0.0247405287018511	0.0106803082146341	8.84828050022606e-05	0.00315977449412523
0.0306506058512896	0.000400127671619717	0.000128595198938005	0.746371122353997	0.0988303757321758	0.0382085456436168	0.0126174715382437	0.0253295682983406	0.0474635877117787
0.000129435551604935	0.000129435551604934	0.000129435551602436	0.795831319852353	0.0981875801747419	0.0265379181264293	0.0057106000031289	0.0282450443386425	0.0450992308498922
9.35170288784277e-05	0.0397271249832836	0.00215848657417742	0.842048251597219	0.0779033056707205	0.0312403660177678	9.35170288784276e-05	9.35170288790073e-05	0.00664191407019607
0.00599201503454698	9.12529647377471e-05	9.12529647382849e-05	0.809861371937516	0.0875918237898592	0.0395334290709634	0.0203920774582253	0.011381101383609	0.0250656753958036
8.93101322881594e-05	0.00976538401428816	0.00555439193674952	0.798428334115689	0.0877852819585802	0.037602872663898	0.0186109199464458	0.00795848081774927	0.0342050244143116
0.0126724458731549	0.0168025190140205	8.68805477631608e-05	0.842505926643087	0.0752310569394479	0.0229756564517004	8.68805477591296e-05	0.0109150557422835	0.0187235782407836
0.0145637059209865	0.0109419599707239	0.0154711189450998	0.817973668144136	0.0669728930694099	0.0230229305064963	0.0286446321310301	0.000134844099234824	0.0222742472128826
0.0183046310566807	0.0153290203456434	0.0271647357781743	0.833828787238831	0.0468868575056061	0.00287826436799748	0.00692435132008321	0.0184085843120073	0.0302747680749769
0.0213260793700707	8.68840459420287e-05	0.0474595684425686	0.739842663451378	0.0573688785203754	8.68840459420268e-05	0.0494166320602879	0.0589812352263349	0.0254311748371006
0.0311672320873115	0.0274152025343077	0.00080812939574447	0.822736737558993	0.0527804705695896	0.0338486433378644	0.018588337634235	8.74868915541526e-05	0.0125677599904002
0.0127328884348653	0.0088109618439247	0.0231336200191241	0.830335065031325	0.0434209922193233	0.00469043899363462	0.000130146787051186	0.0530414630927818	0.0237044235779702
0.0277117509556541	0.0495491153105307	8.85497974011797e-05	0.80754491515213	0.0516354260751165	0.0353959767344798	0.0060577021857258	8.85497974047408e-05	0.0219280139915569
9.05920539500158e-05	9.05920539500168e-05	9.05920539498419e-05	0.834892865181596	0.064375461161884	0.0348506195469588	0.0114864595398599	9.0592053950582e-05	0.0540322263539009
0.00283472381605941	0.00883360528584739	0.00739507273146626	0.803749604763779	0.0628637355579038	0.0374119865300021	0.00013195336807957	0.00837450530371779	0.0684048126431451
0.00587254689008776	0.0108435153136064	0.000132877187923465	0.85648526318278	0.0513975342024463	0.0248685449028905	0.0212069501156973	0.00103651297780625	0.028156255226762
9.19842443833035e-05	9.19842443833055e-05	0.00943710087090933	0.816971127177151	0.065892279147658	0.0367695648349038	0.0167544522333998	0.0044826060246522	0.0495089012225599
9.39886886204545e-05	9.39886886204548e-05	0.00450794285704898	0.858880677768149	0.064605730650119	0.0246656664984624	9.39886886204545e-05	0.0236113547947024	0.0234466613656572
0.00267203624242815	0.0386073342864088	0.00013125577424165	0.797110613394974	0.0790406030337339	0.0234769192856188	0.000131255774241747	0.000972205454698872	0.057857776753654
0.0367720428932586	0.0332780052930856	0.0227781757588548	0.806892569564303	0.041174757787759	0.0174014801505923	0.000559924090546906	0.00521340386237236	0.0359296405992276
0.000133185828973914	0.00959184711452287	0.000133185828980996	0.826534934174069	0.075895955738844	0.0205511254584661	0.0125297905116323	0.0270841401140129	0.0275458352304984
0.0329456514334986	0.0359805461809266	8.93752098357455e-05	0.833426427654042	0.0500829287409952	0.0317992868524544	0.0154970335085746	8.93752098365282e-05	8.93752098359719e-05
0.00752990178823413	0.0120492741749	0.015632399360684	0.800144491757004	0.091530970693908	0.000894618327499752	0.000132065392799098	0.0360986073070769	0.0359876711978944
9.05481129856515e-05	9.05481129857659e-05	0.0373989231015125	0.810571903752945	0.0631601680289571	9.05481129857658e-05	0.00301998734071071	0.0770577799132518	0.00851959352366614
0.00323132249277132	9.28456394514944e-05	0.00777485252540769	0.852930141633099	0.0490413031442589	0.000733728223067395	0.0287636928150613	0.0349301229613941	0.0225019905654892
9.33414212095725e-05	9.33414212095723e-05	9.33414212051575e-05	0.816907611466788	0.0717567997541032	0.0265161590774211	0.00120355759834168	0.0198982493094623	0.0634375985302592
0.00479156187285009	0.0108375446300276	0.011228439282327	0.835367319687717	0.0531517941750609	0.0213564791848916	0.0122019902249437	0.0244375060514061	0.0266273648907763
0.0102920111817989	0.0187448988490877	9.36735250489615e-05	0.848323125151671	0.0683868013568762	0.0127571130266827	0.00980714364374417	0.0269895763767881	0.00460565688830213
0.0172164012368078	9.2531066443611e-05	9.25310664381148e-05	0.840532522455999	0.081705209555859	0.0269888506417964	9.25310664436114e-05	9.25310664436116e-05	0.0331868918437691
0.0115226762824891	0.0116399316697216	0.00113010975820604	0.770925982371168	0.112690899032376	0.05741107624228	8.96148444500891e-05	8.9614844450089e-05	0.0345000949548591
0.0240223379306556	9.0656869541181e-05	9.06568695491318e-05	0.847716704028064	0.0637780779698905	0.0405580808223074	0.0117834410236868	9.06568695417502e-05	0.011869387616764
0.014567341321259	0.0121264284309719	9.30749344446079e-05	0.860288235223794	0.0413821779038001	0.0171991076424559	0.00860412975459902	9.30749344484756e-05	0.0456464298542272
0.0352621903915611	0.00206638936428258	9.0621622323684e-05	0.792743411053669	0.0987483821605232	0.0319744768410253	0.0113147584965733	0.01677392179263	0.0110258482774123
0.00020996803584786	0.0450299789506527	0.00146598363581151	0.850393879544873	0.0369462704868766	0.0103991671224262	0.0115328626712544	0.0121795521501394	0.0318423374021185
0.0269474117958029	0.00481948754476893	9.05587829827954e-05	0.811685165236894	0.0696807790159931	0.0370333201157675	0.00643796973162327	0.0159271204286675	0.0273781873475
0.0169669731336014	9.48046690107788e-05	9.48046690105815e-05	0.778025387807306	0.0698815864822968	0.0447989889994995	9.48046690107789e-05	0.0161575991320883	0.0738850504381765
0.00289489762847858	0.0287984341571784	0.00215675751130102	0.795496250988579	0.126876639280606	0.0188222025599523	0.0246915608878285	0.00013162849303761	0.00013162849303761
9.40516095477368e-05	0.00732046378911381	0.00132593669807378	0.860095966428676	0.0311225942453109	0.0444592516704471	0.0198418105629748	9.40516095483236e-05	0.0356458733863075
0.0166357589512058	0.00497909241151132	0.000128207237801307	0.849975365885574	0.0824857439065291	0.0126210102975355	0.00774309818834101	0.00627343631511989	0.0191582868063816
0.0134094143869637	0.0251085358279387	9.07502607663384e-05	0.835859285781011	0.0644335324716533	0.0098859531872546	0.020074897681719	9.07502607716269e-05	0.0310468801419214
0.0176884269343846	0.00193557344836444	9.0698035413971e-05	0.796683373843018	0.121076025057334	0.0134639950764114	0.00877580827587547	0.0218633572943708	0.0184227420348266
0.0262538643707919	8.83553731902179e-05	8.83553731910335e-05	0.847004721092164	0.0748717581206415	0.0329828368410914	0.0120398154114029	0.00658193804433714	8.83553731902181e-05
9.20441343591876e-05	9.20441343591881e-05	9.20441343571457e-05	0.833207002017997	0.077444796796906	0.0358319251832035	0.0115546407610038	9.20441343545966e-05	0.0415934587034598
0.0122840752804486	0.0296991193476216	8.98088415898355e-05	0.817609237017804	0.0529561971759307	0.0141217588079931	0.0432525200008245	0.00435590174751282	0.0256313817802749
8.54350400282058e-05	0.0619842988946609	8.54350400248228e-05	0.82780446622928	0.0399186128721357	0.0152659159143668	0.0331570744298706	8.54350400277238e-05	0.0216133265396047
9.10546586718166e-05	0.0141535541718839	9.10546586773648e-05	0.883204861006431	0.0432624301740725	0.0190549323131058	0.000628770501344108	0.0107113987416047	0.0288019437742091
9.06749935709127e-05	0.015810371594418	0.00926998602202836	0.85173302232575	0.0280699049451952	0.00269015073321324	0.0192472642829203	0.0440918306265968	0.0289967944763072
0.0138134113570011	0.024110286521175	0.000288162016728119	0.837152215327367	0.0713622811476291	0.017472282806953	0.000554947657993633	0.016033996466688	0.0192124166984649
0.027033855502702	9.41866368439075e-05	0.0160654552476061	0.819669791616351	0.0409948155017133	0.031518458370982	9.4186636843908e-05	0.00731557968523885	0.0572136708017194
0.0136132157903513	0.0592234123677976	8.71237960763222e-05	0.814847714679693	0.0569373058267697	0.0204111861677033	0.0099957939194567	8.71237960756949e-05	0.0247971236560766
0.030609250693583	0.00995863710197483	9.38160618763749e-05	0.828801474735638	0.0966086132969922	0.022753933964585	9.38160618796094e-05	0.00958188988211318	0.00149856820135838
0.0198040874423232	0.0384015832660078	8.89808314639317e-05	0.838258522996273	0.0468151744028008	0.03426003156842	0.0168929991624423	8.89808314583483e-05	0.00538963949881069
0.00975768968969572	0.0175810099374078	0.0275754376364796	0.81041995560581	0.0482109132226948	0.00512652336098371	0.0308236936884658	0.0175621933716204	0.0329425834868417
0.0450929906884159	0.00883546682574194	9.0783225641544e-05	0.788805168762826	0.076749276137715	0.0411234347334855	0.0192597865816934	9.07832256422651e-05	0.0199523098188387
0.00593211634393589	0.0104628231689283	9.36882582029494e-05	0.790052348792342	0.080838649044635	0.0170313875782243	0.0144520974195475	0.0441529521969898	0.0369839371971938
0.0165921511803648	0.0468795252411295	0.000880320923406508	0.767431581028196	0.0781613613818118	0.0352683598498719	0.0388751192468446	0.00103201030810854	0.0148795708402658
9.13670808532627e-05	0.0269403405714018	9.13670808513168e-05	0.861520404428608	0.0661582817216947	9.13670808579316e-05	0.00240492524925367	0.0290032501359988	0.013698696650481
8.9342679933379e-05	0.00975540115101557	0.00275483910949006	0.822457939205145	0.0822674689338024	0.0342132746126141	0.0194913750336333	0.0135296334038266	0.0154407258705392
0.0185300341303765	0.000134430072713629	0.00328233568451001	0.825342338479871	0.0926950320214435	0.0314190490289243	0.000691251244831308	0.0166230914985336	0.0112824378387966
0.0103387274432268	0.031528914316223	0.00147133408629081	0.838555228310378	0.0395419863745208	0.0250994563748027	0.0252857938490248	0.00754679471302347	0.0206317645325094
0.0299086493876033	0.00553776812149316	0.00747588862709369	0.796597617408323	0.0886531528080685	0.0361930414605652	0.018575951596472	0.00012874931763072	0.01692918127275
0.0271611981580089	0.0552858294871852	0.00239179106027445	0.851148417917718	0.0495365013426545	9.07157159719252e-05	0.00835271081479116	9.07157159719249e-05	0.00594211978742365
9.01830740216945e-05	0.0320410844567968	9.01830740191996e-05	0.812375227792005	0.0932253468279007	0.0114778393140762	0.0035166129242438	0.0028349376422481	0.0443485848946884
0.0022483999371987	9.26841169764898e-05	9.26841169656297e-05	0.814109126802139	0.090932530300767	0.0303139064473936	0.00995621366223419	0.0271633621955324	0.0250910924207925
9.01312432922977e-05	0.00830598165015932	9.01312432913249e-05	0.85097258345879	0.0436533609223709	0.0349012827329379	0.0097904802141681	0.0210476274290066	0.0311484211059839
0.00756279592444368	0.0461950443600306	0.00437173711730262	0.861677868619444	0.0402143679895378	0.00975365503137954	0.00697554449840341	0.00676237176698638	0.0164866146924716
0.00448585134819305	0.00318766532623787	0.000131475503136316	0.881861055441267	0.0521360127815494	0.0186992036486361	0.000131475503130059	0.0129019649715846	0.0264652954762655
0.00665398174978464	0.000134982796172703	0.000875719578388121	0.841715794735775	0.0559944129269479	0.0197245466939118	0.0168765923895978	0.02389239467771	0.0341315744517121
0.0381186175366595	0.00143118307813737	9.20465230653367e-05	0.80749118479081	0.0714008563535328	0.0293400102651541	0.0216828789721592	9.20465230714751e-05	0.0303511759574101
0.00777165883748176	0.0113661026997012	0.00609385754408593	0.847407931076842	0.0506022350277904	9.43993042380872e-05	0.0106842522369027	0.0476859014792043	0.0182936617937535
0.0152102654675448	0.0136345787378407	0.00337081387180568	0.807874263652217	0.073204801116919	0.0412864921875459	0.0108243356931304	0.000124498690381216	0.034469950582615
0.025084852313601	0.112940191532556	8.2476171236591e-05	0.74099189019576	0.048150062461111	0.00150798122917768	0.0578142908626871	8.24761712413831e-05	0.0133457790626293
0.0192287197855922	0.0204576972475698	0.000241335762440034	0.818357373605115	0.0718586030834279	0.0352982466079953	0.0244608633926398	9.42315153307562e-05	0.0100029289998892
0.00818172494591271	0.012596733319552	0.000131001500451918	0.768765691267241	0.118438851567726	0.0412019651724989	0.00412056569807186	0.00429539803117174	0.042268068497374
0.0114911501535872	0.0145505181826126	9.45876043950383e-05	0.810613833695991	0.0830876176584535	0.0451773770267892	0.00882299332218694	9.45876043952503e-05	0.0260673347515891
0.0364722559661903	0.00379378200377219	0.000136411650037289	0.799756926397587	0.101890752222927	0.0329979804681457	0.00347788335560723	0.00360536901872117	0.0178686389170119
0.00782015711386388	0.0065571943138444	0.000128980492212161	0.806378243951043	0.0987274043178629	0.0485300975888014	0.0178343940378632	0.000128980492216671	0.0138945476922928
0.0275386808041485	0.00124635455075525	0.00161356809507791	0.826517743733867	0.0733740990816103	0.0146439639799972	0.026747230223827	0.0144698984269202	0.013848461103797
0.0303087240661775	9.0835440119887e-05	9.08354401248786e-05	0.780099696330654	0.113168019375779	0.0222791062544555	0.0146436120045397	0.0143512879631199	0.0249678831250291
0.0408231009903599	8.47734995056186e-05	8.47734995061548e-05	0.805919078466197	0.0469822955698661	0.0742389491916782	0.0151796527542348	0.0022230020279062	0.014464374000746
0.0159239524132394	0.0211674702187306	0.00220267369040151	0.831769661979316	0.0507323603711133	0.0179283235331109	0.0146663944074597	8.89575733491718e-05	0.0455202058132795
0.0429223830561674	0.0114129426299577	0.000125644042311019	0.774902424214898	0.067294628733388	0.0400945197128709	0.0299674363200535	0.0168381191820779	0.0164419021082755
0.026769050210197	0.00012734951406395	0.000127349514071948	0.757050968477524	0.0934775850575612	0.0329268844470529	0.0203906857145164	0.0361298781488337	0.033000248916179
0.0179621127571929	0.0190148207675487	0.0688687488667828	0.794207203520883	0.0309057255186855	0.0131985000683978	0.00012988878565918	0.0332002964633772	0.0225127032514731
0.0469762298594532	0.000127306225559815	0.00482305139207696	0.736635993154405	0.116548749788848	0.0249767821087334	0.0125645677979655	0.0201319528815966	0.0372153667913621
0.0175650743757086	0.0225019020517513	0.000127383787549063	0.794948415639696	0.102101670193637	0.0433277991077886	0.00911860413439206	0.000127383787551476	0.0101817669219266
0.00193095370516382	0.0271967536198734	9.05113764640266e-05	0.863198954184877	0.0398682299823002	0.0168940302497988	0.0156244870814281	0.0154192072216505	0.0197768725784441
0.00711983411794469	0.0201932085741942	0.00012831831420804	0.829869123932015	0.0535368174970754	0.0368435974855766	0.0170905528762908	0.00481833258386744	0.0304002146188274
0.00636946490877592	0.000133900328102352	0.00312404493515695	0.831196323050869	0.0616718086529317	0.043728256635574	0.00550117864043433	0.0164755974932676	0.0317994253548879
0.0213002605837532	9.1683638483933e-05	9.16836384816427e-05	0.82408596227097	0.0573008129812297	0.0277499641657932	0.0155997100472866	0.0187654137857438	0.0350145088882583
0.0228276635637702	0.0274509971855525	0.0032817796251722	0.785921409872719	0.0849051358787354	0.00728450066606468	0.0232425737919825	0.0167268051285517	0.0283591342874524
0.0110059284113981	0.00628354667277673	9.09259041188093e-05	0.814539005468735	0.0687333572455952	0.0165462349067891	0.0196305734027716	0.0426626440965493	0.0205077838912664
0.00357987671056859	0.0368231533104864	8.92854369402608e-05	0.82996446886757	0.0547087785452854	0.0177669013546244	0.0230779912172563	0.00708033191757784	0.0269092126396906
0.0152994388691022	0.000130380553285557	0.000130380553285348	0.838186192051725	0.0597814888884075	0.0538182918110778	0.0151615857125075	0.000130380553286339	0.0173618610073233
0.0201419235984353	0.02594488670158	8.95102994067792e-05	0.846757262908091	0.0597314833016282	0.0229230345354169	0.0145332653397804	8.95102994058311e-05	0.00978912301625612
9.11886117778504e-05	0.019629356708626	9.11886117777284e-05	0.80197312294184	0.0930591998502822	0.028918646793034	0.0247292943508553	0.000987091287205544	0.0305209108446008
9.12825984883121e-05	0.041904314576877	9.12825984820802e-05	0.879815743080901	0.03390956414429	0.00302905535164203	0.0139078375214085	9.12825984882336e-05	0.027159637529423
0.0224189501817744	0.0140080764226781	9.06768741781145e-05	0.809916428838204	0.106711647333981	0.0167905506905403	9.0676874180332e-05	0.0298635390600507	0.000109453724413394
0.0892392730154047	0.000116527093263983	0.0636559947000281	0.615968513635344	0.0553235154393832	0.00762084718500956	0.0382848541569284	0.102769049934175	0.0270214248404628
0.0103250087606763	0.0824431348485574	8.8354581001386e-05	0.836886149913409	0.0500206863152694	8.83545810066368e-05	8.83545810066367e-05	8.83545810066393e-05	0.0199716018380669
0.0273585652814266	0.0192681260640252	0.00147537768665274	0.775405700931755	0.105260917320157	0.0360403569444555	0.00646111435471255	0.000132256720989998	0.0285975846958254
0.00130594381526694	9.38136419114884e-05	0.0144271322334744	0.839565843223464	0.0508353373997455	0.013673994138994	0.010997388852458	0.0357261943498451	0.0333743523448401
