Basophils	Bcells	CapsularFibroblasts	cDC1s	cDC2s	CentralVeinEndothelialcells	Cholangiocytes	Fibroblasts	Hepatocytes	HsPCs	ILC1s	Kupffercells	LSECs	LymphaticEndothelialcells	Mesothelialcells	MigcDCs	MonocytesMonocytederivedcells	Neutrophils	NKcells	pDCs	PortalVeinEndothelialcells	Stellatecells	Tcells
0.00278154162087188	0.0020347545695734	0.00240907680708177	0.0167692562474849	3.54911629670576e-05	0.0131168120597876	3.54911629670587e-05	0.00443157274890047	0.778784174874234	3.61689063904726e-05	3.54911629670586e-05	0.0863574997417185	0.017293905295627	3.54911629670399e-05	3.54911629670586e-05	3.54911629670584e-05	0.030081421146294	0.0022362660179791	3.54911629620155e-05	0.00365613021383061	0.00687490502823471	0.0110673172423472	0.0218207593388802
3.48259724933983e-05	3.48259724926522e-05	3.48259724933984e-05	0.00527495514091921	3.48259724933989e-05	0.0146975176398476	3.48259724933985e-05	3.48259724933949e-05	0.851969291417249	3.4825972493399e-05	3.48259724934096e-05	0.0457948604875748	0.0297165036345756	3.48259724934006e-05	0.00165614735513989	0.00554577551615917	0.0152361682042602	3.48259725297166e-05	3.48259724939662e-05	0.00978459221675754	3.4825972493393e-05	0.019279833634193	0.000626443083366635
3.54232374210916e-05	0.00140767485472116	0.00679285064686074	0.0199028473558054	3.54232374159931e-05	0.0360207369640288	0.00460070486448532	0.00521308612706764	0.848334328275637	3.54232374159934e-05	3.5423237415992e-05	0.0536887758060424	3.54232374159931e-05	3.5423237361008e-05	3.5423237415991e-05	3.54232374159925e-05	0.0153514729769342	3.54232374164148e-05	3.54232374202668e-05	3.54232374159936e-05	3.54232374159946e-05	0.00822702004205471	3.54232374150815e-05
0.00300942614694699	3.55249882909797e-05	3.55249882783299e-05	0.00998123350841986	3.55249882783289e-05	0.0148278972752854	0.00446226512378724	3.55249882783302e-05	0.840812371130647	3.55249882783305e-05	3.55249882783301e-05	0.0366490379711215	0.0306638926610611	3.5524988278327e-05	3.55249882783274e-05	0.000480484212330972	3.55249882709382e-05	3.55249882815749e-05	3.5524988277344e-05	0.0111207277340555	0.013670347487909	0.0292159248168044	0.00471561706056148
2.41842405149634e-05	2.41842404999529e-05	0.00922378359586204	0.0170621801527197	2.41842405002135e-05	0.0548367745833002	2.4184240500215e-05	2.41842405002157e-05	0.816952488225731	0.00799007054520142	2.4184240500215e-05	0.0592356968744276	2.41842405002153e-05	2.41842406427388e-05	2.41842405002171e-05	0.00161524950016664	0.008382537874489	2.4184240687049e-05	2.41842405021651e-05	2.41842405002146e-05	2.41842405002149e-05	0.0199045181594867	0.00448230536176732
0.00115849534316871	3.56007443763249e-05	3.56007443637982e-05	0.00677266922089872	0.00906494439016952	3.56007443637971e-05	0.00166888292338826	0.000749087316178571	0.870988536774751	3.56007443637989e-05	3.56007443638085e-05	0.0530005677780849	0.0376594084382946	3.56007443084123e-05	4.28430015354046e-05	3.56007443637988e-05	0.00147271994456508	3.56007446619707e-05	3.56007443632363e-05	0.00557957802022282	3.56007443637991e-05	0.0114352891994567	5.09702053924482e-05
0.00335927665765768	0.00371104525899359	3.58679208177432e-05	0.0211788664344742	3.58679208177426e-05	0.00898226027192233	4.08107379000557e-05	3.5867920817752e-05	0.855040770575095	0.00131088621945454	3.58679208177458e-05	0.0339978288408655	0.0252612512723779	3.5867920830723e-05	0.002809321431535	3.58679208177429e-05	0.00348379874604137	3.58679208216405e-05	3.58679208182334e-05	0.00171679844660704	0.00181524528928407	0.0277977279823731	0.00920716846885909
3.56052475444075e-05	0.0007136223695599	3.56052475438987e-05	0.0259733578762431	3.56052475438987e-05	0.00119739030806468	0.00756006037893383	0.0108446704845533	0.843783293614995	0.00615407086484046	3.56052475438965e-05	0.0442058567197478	0.0426378453467081	3.56052475439005e-05	3.56052475438991e-05	3.56052475438982e-05	0.000838484921211192	0.000793890137719377	3.56052475454722e-05	3.5605247543898e-05	3.56052475438955e-05	0.0149057992544384	3.56052475439001e-05
2.43240429544414e-05	2.43240429412389e-05	0.00808504730763933	0.00478913420098536	0.00960547239813589	0.0170247001321947	3.13649222618825e-05	0.0105084613156447	0.861958215058584	3.63842836163574e-05	2.43240429383879e-05	0.0186505930375652	0.0430540833767449	2.43240429136946e-05	2.43240429383856e-05	2.4324042938387e-05	0.0058250050476576	2.43240436929868e-05	2.43240429434628e-05	0.0116465363623854	2.43240429383861e-05	0.00373784432616217	0.00482824184322295
0.00467597372822517	3.60303104597646e-05	0.0165808662199138	0.0127771821513275	3.6030310455139e-05	0.00811263391990015	0.00724264078972525	0.00810639419266681	0.824831892688196	0.00262666193280498	3.6030310455141e-05	0.0489081095035654	0.0299000494398357	3.60303104549889e-05	0.00259291889631675	0.00360321692735936	0.0067792377472697	3.60303104495115e-05	3.60303104575589e-05	0.00562727753943092	3.6030310455141e-05	0.017346701839818	3.60303104576103e-05
0.000463667834782807	3.42601822612771e-05	0.01061206156732	0.0254860103693238	0.00218355964101294	0.0438263680648223	0.00175923952779017	0.0161450443678233	0.800189783486407	3.42601822623866e-05	3.42601822623845e-05	0.0413001036726413	0.0168707193729066	3.42601822093328e-05	0.0203528564968085	3.42601822623845e-05	3.42601822644933e-05	3.42601834799063e-05	3.42601822629499e-05	3.42601822623865e-05	3.42601822623862e-05	0.0204337235923084	3.42601822623869e-05
2.44915058588277e-05	2.44915058560891e-05	0.00650126084994869	0.022096035287921	2.44915058623685e-05	0.0407155895867536	0.00645136689345046	0.00668271677507373	0.820052686752491	2.62626109576738e-05	2.4491505861154e-05	0.026323642837824	0.0306432767931826	0.000164152120988216	6.94511499030526e-05	0.00282836721348986	2.44915058609631e-05	2.44915058424077e-05	2.44915058630077e-05	0.00916658602514674	2.44915058612795e-05	0.0227023257346657	0.00538034732133726
3.53580035651852e-05	0.00310663838616047	0.0040271897189585	0.026830281286957	3.53580035763572e-05	0.0237891225193019	0.00568575896402703	3.53580035762429e-05	0.859466871711504	3.5358003576243e-05	3.53580035762499e-05	0.0216373693082637	0.0260790662928222	3.53580035744581e-05	3.53580035762432e-05	0.00805543738678512	0.00046511794714927	0.000643999664147057	3.53580035701363e-05	3.53580035762431e-05	3.535800357656e-05	0.014267776339366	0.00559179043881348
0.00184626690600711	0.000924931856099756	0.00267134744882447	0.00670000525470506	0.0167346870337858	0.00161491955947997	0.00419399785183532	3.58170259908402e-05	0.864272054260438	3.58170259908396e-05	3.5817025992943e-05	0.0499349821347836	0.0352907827755088	3.58170259875489e-05	3.58170259908388e-05	0.00403434493696374	0.00667358383606269	3.58170259903865e-05	3.58170259945956e-05	3.58170259908396e-05	3.58170259908348e-05	0.00474992588559566	3.58170259898419e-05
3.54842635653963e-05	0.00534122249148666	3.54842635638554e-05	0.0340602195618741	0.00212975295868798	3.54842635638492e-05	0.00902080122014921	3.54842635638501e-05	0.838938822460923	3.69015623553701e-05	3.54842635638542e-05	0.0368839758938369	0.0416611049905641	3.54842635638528e-05	0.00580678562484202	3.54842635638463e-05	0.0101980363565219	3.5484263556988e-05	3.54842635658189e-05	3.54842635638526e-05	3.54842635638643e-05	0.015496565715996	3.54842635630983e-05
3.4592387099581e-05	3.45923870971747e-05	0.003570777177772	0.010774508009974	0.0216708743445162	3.4592387155337e-05	0.00804557277077986	0.00557790751241915	0.838230004765647	3.45923870977669e-05	3.45923870977641e-05	0.0451939257290504	0.0299345232634748	3.45923870977795e-05	3.45923870977668e-05	0.00201209905123609	0.00481612870536567	3.45923871782028e-05	3.45923871031175e-05	3.45923870977669e-05	3.45923870977656e-05	0.0125762358582066	0.0172169265533379
0.00138709156237215	2.53029884159989e-05	2.53029884165323e-05	2.53029884165391e-05	0.0116023349681754	2.53029884165374e-05	0.00597475464573707	0.00803480937495914	0.83163995875131	0.00510894154144492	2.53029884165464e-05	0.0629760335075599	0.0446480949717756	0.000316527504839371	2.53029884165392e-05	2.53029884165392e-05	0.0138006105720332	2.53029889726813e-05	2.53029884165615e-05	0.00723877339048485	2.53029884165393e-05	0.00699373633617053	2.53029884165388e-05
0.0018491874181588	3.45657984488443e-05	0.00947585760767177	0.013220630112084	3.45657984695399e-05	0.0161374252919716	0.00221828930499577	3.4565798469499e-05	0.834448237553596	0.0125633196411485	3.45657984694999e-05	0.0520266749356587	0.0194245260458156	3.45657984695445e-05	3.45657984694978e-05	0.0045721910599007	0.00787598501706842	3.4565798479362e-05	0.00168832219846473	0.0031923834139904	3.45657984694991e-05	0.0209958782132486	3.45657984813676e-05
3.56100006771107e-05	0.00860898992146701	0.00556147181276563	0.00535898808376155	0.00540234046063983	3.56100006770997e-05	3.56100006771107e-05	3.56100006771081e-05	0.819378099549183	3.93384761729336e-05	3.56100006771095e-05	0.0592305812337566	0.0437794344228819	3.56100006771109e-05	3.78269315314815e-05	3.56100006771106e-05	0.0223033769618422	3.56100006712775e-05	3.56100006764368e-05	0.00841760227540175	0.0155974816208162	0.00592836824301508	3.5610000677113e-05
0.00299140280166656	3.35933451353224e-05	3.35933451334591e-05	0.0359563330682708	3.3593345133458e-05	0.00427405052383753	0.000554164729874378	0.00322855860990446	0.840507023865356	0.00144036251175137	3.35933451334685e-05	0.023039482151485	0.0319212643843069	3.35933451333085e-05	0.013192946313703	3.35933451334593e-05	3.35933451303668e-05	3.3593344880246e-05	3.35933451316566e-05	3.35933451334592e-05	0.00106640774641874	0.0179045686784265	0.0235875011639207
0.00107993302076006	0.0029743341048467	0.0159464975139566	0.0376377918078864	2.43792108351489e-05	0.0139940288730602	3.69078577049132e-05	0.00689747450681789	0.83003655219259	0.00265080448157921	2.43792108351498e-05	0.0417975514725952	0.0380311289779421	2.43792108256524e-05	2.43792108351489e-05	2.43792108351491e-05	0.00168947996036134	2.43792108330781e-05	2.43792108327631e-05	2.43792108351497e-05	2.43792108346442e-05	0.0069618070252627	4.62953071345314e-05
3.44476180349914e-05	3.44476180398737e-05	0.0131401026692516	0.0237502525127047	0.0214715499341707	3.44476180359261e-05	0.00237587476118064	3.44476180359256e-05	0.821226335574231	3.44476180359273e-05	3.44476180359232e-05	0.0517657004633505	0.0383737659660715	3.44476180359317e-05	3.66123684655803e-05	0.000962832582277553	0.00276577608269772	3.44476180390375e-05	3.44476180338794e-05	3.44476180359262e-05	3.44476180359134e-05	0.0237178256691627	3.44476180359265e-05
2.4467605436546e-05	0.00576578535121213	0.0023220320878707	0.0052941831792153	0.0277260016123999	0.0144960872350354	2.4467605436546e-05	0.00905776127665218	0.836107749895337	0.000326586466142955	2.44676054365421e-05	0.0444507687824584	0.0388978776171927	2.44676054377975e-05	2.56048027482125e-05	0.00107859674029454	2.4467605436546e-05	2.44676041063034e-05	2.44676054368972e-05	2.44676054365455e-05	2.44676054365464e-05	0.0142062889004035	2.44676054365456e-05
0.000572978616181404	0.00306418504246136	0.0035589152676102	3.48080297437214e-05	0.0250103810337816	3.48080297432039e-05	0.00632651272116085	0.000109089647307227	0.830007099367238	0.00435660086071579	3.48080297432062e-05	0.0517084292585625	0.0407298011707552	3.48080297432055e-05	0.000788527696115977	0.00298915543176791	0.00465210202156936	3.48080297449235e-05	3.48080297455745e-05	0.00689540144958796	3.48080297432062e-05	0.0189523561772323	3.48080297449449e-05
2.57076570321574e-05	2.57076570264085e-05	2.57076570321574e-05	0.01006957986561	2.5707657032157e-05	0.0186980978088229	0.000676097231668088	2.5707657032158e-05	0.867690536305462	3.27630652160189e-05	2.57076570321535e-05	0.0466583705357725	0.0315345098779644	2.57076571081667e-05	2.57076570321569e-05	0.00560925078520375	2.57076570349761e-05	2.57076568579519e-05	2.57076570321572e-05	2.5707657032158e-05	2.57076570321578e-05	0.0186708873259315	2.5707657032155e-05
3.51483259312376e-05	3.51483259312857e-05	0.00124398303343142	0.0274365278823505	3.51483259327593e-05	3.51483259327721e-05	0.00577220092245994	0.00307376727559725	0.852030442931796	3.51483259327571e-05	0.00408859144161642	0.0269007442449449	0.0450546293623873	3.51483259330835e-05	3.51483259327617e-05	0.00506534085205144	3.51483259329073e-05	3.51483259304334e-05	0.000603462653925655	0.00122933171621565	3.51483259592224e-05	0.0190668053223538	0.00808268910152042
2.4302503876414e-05	2.43025038800428e-05	0.00078659335664742	0.0245627849039694	2.43025038808119e-05	2.43025038808125e-05	2.43025038808128e-05	0.0218403944333696	0.849885878082254	0.00526699589756078	2.43025038808121e-05	0.0351320368752772	0.039042359155969	2.43025038954644e-05	3.16007703722402e-05	0.0035130205938594	2.43025038899328e-05	2.43025036418415e-05	2.43025038811093e-05	0.0018615058216551	2.43025038810812e-05	0.00824499480459131	0.00956450776200557
3.6361993501235e-05	3.63619934986594e-05	0.00795262907635243	0.020266845433237	0.0028229312238184	3.63619934839277e-05	0.01471801338091	3.63619934839392e-05	0.848062222596886	0.00282630149028642	3.63619934839361e-05	0.0358306449622093	0.052963419526253	3.63619934839355e-05	3.63619934839319e-05	3.63619934839326e-05	3.63619934835467e-05	3.63619934367065e-05	3.63619934919751e-05	0.00068479436401574	3.63619934839214e-05	0.0133994920307466	3.63619934857462e-05
0.00468988720343979	0.00341245209268845	0.00533870846063596	0.0044178847787538	0.00361144623616213	2.50309082946073e-05	2.50309082946074e-05	0.00869626168710597	0.842401200384668	2.71106368717415e-05	0.0018800936887751	0.0474308930923835	0.0595598919483351	2.50309082954093e-05	3.34592083337308e-05	2.50309082946072e-05	0.0110090324210105	2.50309082934932e-05	2.50309082928853e-05	2.50309082946053e-05	2.50309082156238e-05	0.0072663999862657	2.50309082946058e-05
0.00276649892051203	0.00515888177832128	0.00831116895746206	3.53983314939834e-05	0.00975907437114186	3.53983314939839e-05	0.00300446094206035	0.00711695896741395	0.838326614201705	3.53983314939832e-05	3.53983314939827e-05	0.0448850755890453	0.042808253534158	3.53983315803861e-05	0.000564235826458651	0.00170429788252053	0.00761043740484322	3.53983320057093e-05	3.53983314959195e-05	0.0112642524653475	3.53983314939837e-05	0.0139498790156	0.0024867234908579
3.57634824010872e-05	3.57634823854569e-05	0.0091555300728187	3.57634823866663e-05	0.0100802489478196	3.5763482384284e-05	0.00353160039399776	3.62748857377022e-05	0.83941748739182	3.5763482384287e-05	0.0092975323373244	0.0530579343251112	0.0492606566701444	3.57634823842871e-05	3.57634823842855e-05	3.57634823842876e-05	0.00773612141526759	3.57634823881046e-05	3.57634823842868e-05	3.57634823842876e-05	0.00380856948010705	0.00706613614411874	0.00715850962948159
0.00109963452402057	3.52321403465744e-05	0.0125433304767279	0.00149503268188222	0.0103451946733458	3.52321403464258e-05	0.00463789321882994	3.5232140346426e-05	0.83143929187946	4.42564815489146e-05	3.52321403464246e-05	0.0491784179832479	0.0444646863086789	3.52321403464595e-05	3.52321403464251e-05	3.52321403464263e-05	0.0105843252997993	3.5232139885348e-05	3.52321403473241e-05	3.52321403464264e-05	3.5232140346426e-05	0.0227326406255871	0.0110477423035204
2.54686370769207e-05	0.00308096384573225	0.0112745109133021	0.0131191618185815	0.00325206169815175	2.54686370769507e-05	0.00677794213438938	2.54686370769208e-05	0.866284844196095	0.00951602599336099	2.54686370772837e-05	0.0339636693211175	0.0395397270705414	2.54686370769205e-05	0.00555544465982284	0.00591694191967086	2.54686370816677e-05	2.54686370758571e-05	2.54686370709543e-05	2.54686370769203e-05	2.54686370520799e-05	0.0014385514214135	2.54686370781987e-05
3.48230613074848e-05	0.0110661415192152	0.00250133378154064	0.0166750525368096	3.48230613025763e-05	3.4823061302577e-05	0.0116901028882133	0.00754796155538002	0.821603914573378	0.000348117294148324	3.48230613025801e-05	0.0664015576239632	0.0390941630386664	3.4823061387158e-05	0.00614204571618928	0.00471495687506142	0.000991504254575395	3.48230608424701e-05	3.4823061302101e-05	0.000154709288115047	3.48230613025772e-05	0.0107550315033919	3.48230613025773e-05
0.000165956736472186	2.45258007927143e-05	2.45258007924805e-05	0.0324624271617061	0.000519092904457523	2.45258007924794e-05	0.00803798549922827	0.0113920235919262	0.820258070063907	0.00976210364551245	2.45258007924817e-05	0.0571207493521076	0.0316714477530891	0.0011772130456322	2.45258007924822e-05	2.45258007924806e-05	2.45258007924808e-05	0.000125674245605948	2.45258007924777e-05	2.45258007924811e-05	2.45258007924804e-05	0.0270374721916383	2.4525800791922e-05
0.000246976916128551	2.52538527247288e-05	2.5253852722111e-05	0.00938715049657245	0.00800052432264077	2.52538527221109e-05	0.0115707592044082	2.52538527221108e-05	0.861199281419085	3.30791910377876e-05	2.52538527221124e-05	0.040589442043171	0.0404536929957648	2.52538527221074e-05	2.52538527221107e-05	0.00407917987544136	0.00366680238813393	2.52538532710547e-05	2.52538527211644e-05	0.00525875065211212	0.00197890327623821	0.0132829186914936	2.52538527221102e-05
2.49328408927153e-05	0.00255454243916205	0.00406458263684237	0.0181143254108474	2.49328408927113e-05	2.49328408927148e-05	0.00874198540801281	2.49328408927167e-05	0.854390006118213	2.49328408927153e-05	2.49328408927137e-05	0.0274812030458991	0.0499865733229795	2.49328408168804e-05	0.00823361349520342	2.49328408927131e-05	2.49328408927156e-05	0.00490138287733792	2.49328408927104e-05	0.00131710572372505	0.00621329388973377	0.0103954078724878	0.0033566493507043
3.52003832080277e-05	3.52003832063126e-05	3.5200383203773e-05	0.0196930204708806	3.52003832037716e-05	0.0202153062358331	0.00543268571685224	0.00939490168122379	0.846783506748767	3.52003832037724e-05	3.52003832037803e-05	0.020112874107911	0.0282949440580774	3.52003832045443e-05	0.013180893599618	0.00525520375101849	0.0179237078914226	3.52003832013138e-05	3.52003832036654e-05	0.0102030952145519	3.52003832037707e-05	0.0031226563085975	3.52003832037731e-05
0.00108206081245077	2.39921262276086e-05	0.00188287789612528	0.01852390970025	2.39921262275621e-05	0.00262880924853857	2.39921262275951e-05	2.39921262275955e-05	0.818816755313837	0.0029118368969249	2.39921262275961e-05	0.0312607519303436	0.0397100003208281	2.39921262035666e-05	0.0224981650773673	0.00681779332365416	0.00373221554140359	2.39921257961227e-05	2.3992126225157e-05	0.016689039047652	2.39921262279679e-05	0.0234941810560731	0.00973567469896045
0.000251329694059503	3.59664003227888e-05	3.59664003269467e-05	0.0288230651296188	3.59664003179251e-05	3.59664003269465e-05	0.00212068159370548	3.59664003269468e-05	0.848480872554458	0.00347818297567266	3.59664003271141e-05	0.0614128091484826	0.0315873769759614	3.59664003275744e-05	0.00292729851106285	3.5966400326947e-05	0.00873555239852111	3.59664008402204e-05	3.59664003528084e-05	3.59664003269468e-05	0.00395048235676696	0.0078007518572409	3.59664003268543e-05
0.00206310734510816	2.43856548354271e-05	0.00640211083199055	0.0144575843298485	2.43856548343066e-05	0.0141093835160737	3.22820327814195e-05	2.43856548343052e-05	0.834183077784651	0.000493015871594565	2.43856548343068e-05	0.0397289852906974	0.0302905145232782	2.43856548446895e-05	0.00490602029759241	0.00138162402593428	0.00410200037245214	4.04440323854263e-05	2.43856548356322e-05	0.00587280357192733	0.000957406538624604	0.0287795457701245	0.0120537799359178
3.56878176742957e-05	0.00242192632717647	3.5687817680074e-05	0.0127589411517564	3.56878176800748e-05	3.56878176800779e-05	0.00567330187348758	3.56878176800745e-05	0.828410767938732	0.00437486684514326	3.56878176800728e-05	0.0616674571902861	0.0414970203476953	3.56878178527544e-05	3.56878176800711e-05	0.00297274086681802	0.00676091886996022	3.56878173492914e-05	3.56878176820843e-05	0.00669681389502781	0.00272480247662138	0.0171637377418981	0.00651982629875801
3.49933878400801e-05	3.4993387879695e-05	0.00416803756292936	0.0237928934653295	3.499338787387e-05	3.49933878765847e-05	0.00140298414532282	3.49933878765653e-05	0.874108215025487	3.4993387876585e-05	3.49933878765925e-05	0.0355027250661478	0.0396651381840191	3.49933879583455e-05	3.49933878765854e-05	0.00610186025069026	0.00180646796396876	3.49933878754754e-05	3.4993387887882e-05	0.0051520650542383	3.49933878765698e-05	0.00784469923944152	3.49933878510778e-05
2.50701803275768e-05	0.00187404652189057	0.00438120180833157	0.00712886770940936	0.0192504738911251	0.0083749616062527	0.0104901426606381	2.50701803304291e-05	0.823233980176939	4.2028508362086e-05	2.50701803304283e-05	0.0503049656160725	0.0401794303196367	2.50701803233644e-05	2.55479676924458e-05	2.50701803304283e-05	2.50701803312352e-05	2.50701817719557e-05	2.50701803311709e-05	0.00210181696280879	0.00952945836151581	0.0228574462649183	2.50701803304318e-05
2.43642925465252e-05	2.43642925463837e-05	2.43642925469095e-05	0.0266980536729039	2.43642925469088e-05	0.0146780874660141	2.48215053759925e-05	0.000309759831074781	0.867731045885788	2.43642925469095e-05	2.43642925469372e-05	0.0443340701950443	0.0307438318031639	2.43642925472492e-05	2.43642925469102e-05	2.43642925469095e-05	0.00283323742845483	2.43642925408001e-05	2.43642931447113e-05	0.000157516083684238	2.43642925469094e-05	0.0121728403247951	2.43642925469099e-05
2.49615002814837e-05	2.49615002809685e-05	0.00958803466121984	0.00280963458740123	0.0177188112315009	2.49615002814873e-05	0.00716571914703207	2.49615002814834e-05	0.854985294713717	6.9694736452524e-05	2.49615002814836e-05	0.0379130038227982	0.0338054720867605	2.49615002579803e-05	0.0069901727104369	2.49615002814834e-05	0.00745771896318866	2.49615001816491e-05	2.49615002814892e-05	0.00219158051927498	0.0116296800142025	0.00742556780332338	2.49615002814815e-05
3.45417439001098e-05	3.45417438968567e-05	0.00912851897667881	0.0187713794816353	0.00980525085803514	0.0176166343072897	4.77982869360719e-05	0.00130481098591927	0.83519615363119	3.80532748735331e-05	3.45417438968576e-05	0.0428039147754522	0.0252345788403398	3.45417438968567e-05	3.45417438968579e-05	3.45417438968574e-05	0.0102185688283543	3.45417438983206e-05	3.45417438982624e-05	3.45417438968588e-05	0.000910721275038496	0.0174214462209389	0.0111912945622398
0.00154289464724571	3.67796979412663e-05	0.00282404284071112	0.0154248526650008	3.67796979521633e-05	0.0122377266658701	0.0111860872922383	3.67796979502153e-05	0.870611769660647	0.00572237739820333	3.67796979502174e-05	0.0397224462766282	0.00912212267983831	3.67796979502161e-05	3.67796979502152e-05	3.67796979502145e-05	0.00749530708095495	3.67796969601087e-05	3.67796979516852e-05	3.67796979502153e-05	0.00969632763987405	0.0140094684763304	3.67796979507221e-05
0.00339330558506821	0.00364353175236911	0.00582426909235023	0.0264240145047113	0.00362167400534909	0.0209171132065302	4.59633244920175e-05	3.6230401079002e-05	0.877946784143016	3.62304010790061e-05	3.62304010789961e-05	0.0266420731651023	0.0226383778901142	3.623040125051e-05	3.62304010790043e-05	3.62304010790027e-05	3.62304010771988e-05	3.62304011612306e-05	3.62304010845525e-05	8.22990008931282e-05	3.62304010790017e-05	0.00842205991787529	3.62304010808093e-05
2.44369458961624e-05	0.00377823030173725	2.44369458935806e-05	0.0302537565652481	2.44369458925495e-05	0.00639775401098108	0.00279649505432255	2.44369458935785e-05	0.852827429620755	2.44369458935807e-05	2.44369458935789e-05	0.0478000193986536	0.0229109410597768	2.44369458935752e-05	2.44369458935807e-05	2.44369458935809e-05	0.00595126183563484	2.44369458938021e-05	2.44369458962505e-05	0.000532182393832059	0.0140725676895486	0.0123084040663421	0.000102151598334385
2.49676090437294e-05	2.4967609065848e-05	0.00362347119471324	2.49676090437296e-05	2.49676090437287e-05	2.49676090437309e-05	0.00373891791463688	2.49676090437294e-05	0.862786441761676	2.81316033676264e-05	2.49676090437338e-05	0.0661247492791613	0.0229582131262347	2.49676091535881e-05	0.00712456509849238	0.000417853082547118	2.49676090428519e-05	2.49676087064364e-05	2.49676090346629e-05	2.49676090437282e-05	0.0158878524964148	0.0169852255254032	2.49676090437296e-05
3.46152792394193e-05	0.00195405589857844	0.0168071227684706	0.012091160073612	3.46152792399021e-05	0.0115076724552408	3.46152792394193e-05	3.46152792394184e-05	0.837088201229461	0.00434911174960698	0.000674393662107884	0.0510001476934817	0.0110251808658369	3.46152792394205e-05	3.46152792394154e-05	3.46152792394191e-05	0.00850572586352821	3.4615279232823e-05	3.46152792377643e-05	3.46152792394194e-05	0.000285065233234316	0.0230723283448005	0.0212936813696545
2.52790098282253e-05	0.000869754667370305	2.52790098282253e-05	0.00676118255649808	2.52790098282243e-05	2.52790098282231e-05	0.00457731291926956	0.00194399756024543	0.837361641502027	2.8369510033064e-05	2.52790098282236e-05	0.052497287500146	0.0342400306745195	2.52790098036406e-05	0.0126208052861128	2.52790098282256e-05	2.52790098279497e-05	2.52790084681174e-05	0.00303730979887937	0.0124593618080137	0.0104077581265358	0.0229423979934526	2.52790098282258e-05
0.00155073777050575	3.55484429444741e-05	3.55484429228735e-05	0.0149157526320034	3.55484429228733e-05	3.554844292522e-05	3.55484429228736e-05	3.5548442922861e-05	0.869391495805832	0.0015618386415981	3.55484429228736e-05	0.0337640217468149	0.0470329873123108	3.55484429326531e-05	3.55484429228739e-05	3.55484429228748e-05	0.00467808766739875	3.55484426439652e-05	3.55484429304004e-05	3.55484429228732e-05	3.55484429220928e-05	0.00996334093624574	0.0166440592866088
3.49567077956205e-05	0.00163400356731534	0.00160785588081216	0.020887582217575	3.49567077960276e-05	0.00379344591720188	7.39276127863662e-05	3.4956707796025e-05	0.853358041791705	0.00536119392041844	3.49567078072815e-05	0.047623137259586	0.0349651231061755	3.49567077954402e-05	3.49567077960244e-05	0.00750818671674134	0.00481545779631404	0.00187178648235249	3.49567077948813e-05	3.49567077960243e-05	3.49567078007342e-05	0.00518032034948274	0.011005327011356
0.00213989974763482	2.52668269547278e-05	2.52668269580004e-05	0.0109589173599925	2.52668269580013e-05	2.52668269579989e-05	0.00751243449376755	2.52668269580003e-05	0.843897745449949	2.7599902278261e-05	2.52668269580156e-05	0.0568568402208662	0.0270704205794482	2.52668269579958e-05	0.0132039474498049	2.52668269580014e-05	2.5266826957549e-05	2.52668269145367e-05	2.5266826958627e-05	0.0117129478874344	0.00650093453976	0.019815110445614	2.52668269586871e-05
3.46943046922459e-05	0.000271039116709959	0.0163757270444531	0.018115544304953	3.4694304693524e-05	3.4694304692538e-05	0.00191486735310692	0.00213214210831362	0.814739760164532	3.46943046925399e-05	3.46943046925505e-05	0.0376486881019714	0.0496435150052865	3.46943046931e-05	4.60553894521965e-05	0.00897752943578503	0.00825725145041915	3.46943046886341e-05	3.46943046909364e-05	3.46943046925414e-05	3.46943046909277e-05	0.0179286165502578	0.0236023209278398
0.00275914981621079	3.64788783289171e-05	0.00460844558710508	0.00626925792963097	0.013761505106614	0.00111072051244991	4.58938887311483e-05	3.9916367625648e-05	0.84316638838432	0.00776117363766153	3.64788783289172e-05	0.0560180620213066	0.0403781196324929	3.64788783289115e-05	3.64788783289164e-05	0.00146770589307085	3.64788783308189e-05	3.64788783220299e-05	0.00100275183204495	3.64788783289159e-05	0.0145043617179434	0.006814716646164	3.64788783307349e-05
0.00207064254246617	2.46042116227059e-05	2.46042116267655e-05	2.46042116260922e-05	0.0220778124988784	2.46042116267627e-05	0.00439638668338068	0.00305457494342175	0.815051336117312	2.46042116267656e-05	0.00757764708064776	0.0499905326329215	0.0373282587561754	2.46042116376564e-05	2.46042116267658e-05	0.000139504309450773	0.0013269159541116	2.46042116224811e-05	0.00730997190772688	0.0016269002474822	0.01125226371698	0.0161070806965968	0.0204933382194319
3.4844233744167e-05	3.4844233741547e-05	0.0093457640510508	0.0112911854050045	3.48442337438059e-05	0.0147619162991859	3.48442337438061e-05	3.48442337419254e-05	0.821106268580201	3.48442337438069e-05	3.48442337438066e-05	0.0420945490148067	0.0272108107390788	3.48442337459535e-05	0.00204739908894426	0.000671109454214959	0.0157494554566273	3.48442333354159e-05	0.00440039231324351	0.00256770846828111	3.48442337436398e-05	0.0220936011620689	0.0263113976302645
3.52585008335353e-05	0.00911704070209414	3.52585008335356e-05	3.52585008350872e-05	0.0049353468429778	3.52585008335335e-05	0.0092822495461231	3.52585008335342e-05	0.801345964225076	0.0109179190623544	3.52585008335341e-05	0.0808135300005575	0.0441279935486343	3.52585006408159e-05	3.52585008335345e-05	0.00978567098588685	0.00476262433752557	3.52585018436872e-05	3.52585008340623e-05	3.52585008335334e-05	0.00501336175165945	0.0150996642220085	0.00441079126511374
0.000417864677020564	3.52305910326828e-05	3.52305910287886e-05	0.0267082664261182	3.52305910287888e-05	0.0315859059451553	3.5230591028789e-05	3.52305910287891e-05	0.853879790252865	3.52305910287874e-05	0.00385142378432402	0.0256110347479768	0.0400490183592838	3.52305909762067e-05	3.5230591028788e-05	3.5230591028789e-05	0.00295375926956114	3.523059168743e-05	3.5230591022532e-05	3.52305910287888e-05	3.52305910287918e-05	0.00985743610031363	0.0046275027534034
2.4624105019422e-05	0.00355846788620321	2.46241050209533e-05	0.0306184527939859	2.46241050209538e-05	0.000489628354879793	0.00359669550149884	2.46241050209527e-05	0.843924071218008	2.4624105020954e-05	2.46241050209647e-05	0.0449485671837965	0.0396320090682208	2.46241046081202e-05	2.46241050209536e-05	0.00629588527688605	2.46241050213112e-05	2.4624103690049e-05	2.46241050169856e-05	0.00228910821150249	2.46241050209533e-05	0.0243270011414945	2.46241050209519e-05
2.45796523861477e-05	2.45796523877103e-05	0.0116418179520624	0.0242517040987991	0.000627185115225444	0.017825338676427	0.0339923781079705	0.00409641528913016	0.797462393419418	0.000666125745366651	2.45796523861489e-05	0.0365835163846947	0.0403346506809748	2.45796524459104e-05	3.43695915294765e-05	2.45796523861477e-05	0.00285810421289486	2.4579651500823e-05	2.45796523865129e-05	0.00805233349661558	0.00245149864482069	0.00948917065686879	0.00946094036132188
2.41303815698811e-05	2.41303815720236e-05	0.0206147623608348	0.00364458431312516	2.41303815696728e-05	0.0654476732066709	0.00480922457175822	0.0126978486012095	0.80462036168082	2.41303815696766e-05	2.41303815696718e-05	0.0461936717287411	0.00419812753951289	2.41303816261774e-05	3.44061547920509e-05	0.00662836661687707	2.41303815696086e-05	2.41303816304399e-05	2.41303815696802e-05	0.00995117734457826	2.41303815696764e-05	0.0147435010644074	0.00617499100085679
2.50260695393489e-05	2.50260695393478e-05	2.69483670941251e-05	0.0278115782691239	2.50260695393484e-05	2.50260695393514e-05	0.0150475150232269	2.502606953935e-05	0.841842012374422	2.92253561651548e-05	2.50260695393482e-05	0.0424100986374328	0.0238154014756245	2.50260696083446e-05	0.00901928656802787	2.50260695393496e-05	2.50260695397976e-05	2.50260693050047e-05	2.50260695402078e-05	0.0129460127442427	0.0170817006746749	0.00966990767565754	2.50260695393478e-05
2.4193944487574e-05	0.0111372291025885	2.41939444875742e-05	0.0085176443956981	2.41939444875741e-05	2.41939444875917e-05	2.41939444875742e-05	0.00297767843786034	0.798722335402234	0.00859562287822705	0.00622423875394497	0.0933428189064653	0.0154147698151257	2.41939444875734e-05	0.00793970043582531	2.41939444875731e-05	2.4193944487574e-05	2.41939444823806e-05	2.41939444875751e-05	2.41939444875737e-05	0.0308543381821229	0.0149956498804797	0.00101184042006941
0.000608623367104553	0.00461179804274358	2.5192912905225e-05	4.09541874951891e-05	2.51929129052261e-05	2.51929129052246e-05	0.00537741595377471	0.0211970349147087	0.836280266848711	5.58957688254264e-05	2.51929129052287e-05	0.0836241490023167	0.00696063918846703	2.51929128807981e-05	0.00409180840156268	0.0249885169814189	0.0103493138324255	2.51929129058502e-05	2.51929129052315e-05	2.51929129052277e-05	0.00156165438141599	2.51929129052268e-05	2.51929129064914e-05
0.00454513223349809	0.00101745805471405	0.00369907885563612	2.53696522563933e-05	2.53696522550942e-05	2.5369652255094e-05	0.0197770436991045	0.00946702606984703	0.843103252705148	2.79281165691081e-05	0.0131123660384277	0.0341393257393019	0.0403551023903222	2.53696522550936e-05	0.00457462526198408	0.00397083595414045	2.53696522537386e-05	0.00127860048161428	2.53696522550956e-05	0.0126700279565191	2.53696522550949e-05	0.00805923922513282	2.53696522550965e-05
0.000949370154145912	0.00536034525908708	0.00258628412649615	0.0183293237004284	3.54322128109532e-05	0.00196101898016366	3.54322127969191e-05	0.00622990429649904	0.866384347900663	0.000209430324655261	3.54322127969235e-05	0.0267524810938138	0.047997983809251	3.5432212796297e-05	3.54322127969181e-05	0.00503883723441659	0.00235943017834589	3.54322126160892e-05	3.54322127986594e-05	0.00111941538652202	3.5432212796965e-05	0.0144029376405039	3.54322127983167e-05
0.00175752846407655	2.41459602238138e-05	0.00772284429420135	0.0236149093158464	0.0136626456911528	0.0343109888908448	2.70328840423839e-05	2.41459602242265e-05	0.843666703626584	2.41459602242261e-05	2.41459602242202e-05	0.0185539796885043	0.0294924989952236	2.41459602173412e-05	2.41459602242228e-05	2.41459602242263e-05	0.00494797011290246	2.41459604180277e-05	2.41459602229962e-05	2.41459602242269e-05	0.00492022019509632	0.0164404157491061	0.000640802489990623
3.48185815290389e-05	0.00689605664709699	0.00818340412561999	0.0205367705527415	3.4818581522128e-05	0.00717132968345578	0.00701603760453326	0.00664332902633488	0.847545187247737	0.000221452439625969	3.4818581522125e-05	0.0253487292691036	0.0397763421947116	3.48185815221282e-05	3.60425391337711e-05	0.00192627053324764	0.00438544456090885	3.48185815300035e-05	3.48185815186588e-05	0.00467244842287188	3.48185815470423e-05	0.0193626065006643	3.48185815221277e-05
2.4412660091844e-05	2.441266008977e-05	0.00294414520178859	0.0200044832817637	2.44126600999585e-05	2.44126600999589e-05	0.00256863472525952	2.44126600999413e-05	0.874542480803388	2.44126600999592e-05	2.44126600999445e-05	0.0383609777742442	0.0510632721257617	2.44126600999601e-05	2.44126600999585e-05	2.44126600999602e-05	0.00158984615603983	2.44126601477681e-05	2.44126601037443e-05	2.4412660099959e-05	2.44126600717361e-05	0.0085599700302501	2.44126600997061e-05
2.48917992844108e-05	2.48917992725412e-05	0.0012017923789568	0.0179000857111557	2.48917992745503e-05	2.489179927455e-05	0.00379433828473129	0.021454216800757	0.829460688643575	2.48917992745506e-05	2.4891799274541e-05	0.0567691982522005	0.0481747243931877	2.48917992534431e-05	2.48917992745531e-05	0.011880392837591	2.489179927404e-05	2.48917994431999e-05	2.48917992744035e-05	0.00235395436025436	2.48917992745496e-05	0.00668701494686692	2.48917992745497e-05
0.00397126208114967	0.00742826708211711	3.46893535885071e-05	0.0291542138373677	3.46893535885097e-05	0.0125265858368842	3.46893535885069e-05	0.000580348327824694	0.833535918234936	3.46893535885071e-05	3.46893535885054e-05	0.0414683423384723	0.0259631515008283	3.46893535877095e-05	0.00827512961242372	3.4689353588507e-05	0.00635706352282553	3.4689353565837e-05	3.46893535801845e-05	0.00613022358985755	9.09990669942168e-05	0.024171601432469	3.46893535849656e-05
2.5095179120997e-05	0.0137906785775202	2.5095179120997e-05	0.0233445782833524	2.50951791209983e-05	0.0235982950744528	2.50951791209969e-05	2.50951791210012e-05	0.850659613473324	2.5095179121e-05	2.50951791209944e-05	0.0303513898772795	0.0264714335229666	2.509517909667e-05	0.0073144899202184	2.50951791209963e-05	0.0029695169914959	2.50951794056987e-05	2.50951791304367e-05	0.00523670440802257	2.50951791209996e-05	0.0159370625425239	2.50951791222485e-05
0.00198399568377083	2.50566521828123e-05	0.00353580576961271	2.50566521738041e-05	0.0117069886449565	0.0115234833180617	0.00270344038046176	0.00646331221196586	0.833351556865103	0.0122374675941616	2.50566521746801e-05	0.0434745024220403	0.0411484082002786	2.50566520952335e-05	0.00312511579692135	0.0138132015664318	0.000769929151026878	2.50566522544101e-05	2.50566521759705e-05	0.00179141182406411	2.50566521746899e-05	0.012170927353736	2.50566521746859e-05
2.4620486632686e-05	0.00271053005133706	0.00478836631892395	0.0263876585929029	2.46204866326861e-05	2.46204866377673e-05	0.00289853548743213	0.00287126163227236	0.824135140743446	0.0120161688946234	2.46204866326871e-05	0.06194853075211	0.0417393472721926	2.46204866326847e-05	3.68360269004877e-05	2.46204866326855e-05	0.00612571666179395	2.46204866320895e-05	2.4620486629719e-05	2.46204866326885e-05	2.46204866326862e-05	0.0104330029375027	0.00366269976223366
0.00377705389256243	2.49123332692194e-05	0.00116371456043122	0.00623995873365779	2.49123332675475e-05	0.00375256091757901	0.00590504803209106	2.49123332675472e-05	0.839787662016832	0.0109792012401746	2.49123332675469e-05	0.0467061859364565	0.0429538998645073	2.49123332588776e-05	2.49123332675461e-05	2.49123332675471e-05	0.0170414499223884	2.4912332763124e-05	2.49123332675453e-05	0.00380074018778105	2.49123332675464e-05	0.0176184890301088	2.49123332651973e-05
0.00373905192316534	3.52997726635333e-05	0.000895956331555799	0.0249169610020516	0.00129508290276046	0.0103179350038789	0.00396065955626207	0.00119483746484235	0.811374093402093	0.00613726610676984	0.000599946903234629	0.0592885783841735	0.0363586800659436	3.5299772733605e-05	3.52997726510409e-05	3.52997726510405e-05	0.00960966013996357	3.52997726491067e-05	3.52997726474729e-05	0.0123155225970838	0.00754427834874198	0.0102043914588326	3.52997726510401e-05
3.7171819439291e-05	3.71718194341074e-05	3.71718194377751e-05	0.00546947149730799	3.7171819437775e-05	3.71718194377752e-05	0.0233946844909454	0.00119459753354447	0.862514360340234	3.71718194377767e-05	3.71718194377741e-05	0.0388557732013745	0.0363900770809725	3.71718194377742e-05	0.00368997566571895	0.00274967819843973	3.71718194387172e-05	3.71718194373669e-05	3.71718194487991e-05	0.00891338819616493	0.00643108578856971	0.00208335675278394	0.00790466124011847
2.493776962272e-05	0.00185008465267908	0.0155874104183736	0.0180285797375075	0.00317402538728601	0.0175886461751135	0.0191493908328729	0.0150153379550197	0.821366104665268	0.00544212639057503	0.00681905663234381	0.0393882361369111	0.0260121577672087	2.4937769630669e-05	2.49377696306691e-05	0.00370661761048713	0.00232841929651027	2.49377696333309e-05	2.49377696300958e-05	0.000591618302473854	0.00374944420267518	5.31172189160897e-05	2.49377696306684e-05
0.00220681250278242	2.49697202679543e-05	2.49697202679843e-05	0.0231660889564707	2.49697202679843e-05	2.49697202679837e-05	0.00549439205052942	2.49697202679846e-05	0.826994806308072	0.00316931111655296	2.4969720267981e-05	0.0655620342620584	0.0436218597048185	2.49697201364609e-05	0.0104798048452686	9.84549630069941e-05	0.00392239434160103	2.49697200287331e-05	0.00661316756264448	0.00177675713759524	2.49697202679835e-05	0.00664441904628856	2.49697202692291e-05
0.0024614045858585	2.05534088987733e-05	0.076291273875917	0.0195274331455608	0.0521483243199673	2.05534088987735e-05	0.13827314965472	0.0629230381665065	0.481902739391357	0.0223237865538173	2.05534088987749e-05	0.0395057354987381	0.014956512195827	0.0667340660626724	2.09951552950826e-05	0.013202573914826	2.13021428160626e-05	2.05534088986937e-05	2.05534088987594e-05	2.05534088987734e-05	2.84533687763726e-05	2.05534088987733e-05	0.00953533810505318
2.55735040439512e-05	2.55735040409329e-05	2.55735040439509e-05	0.0129333065918198	0.00330896758265886	2.5573504043947e-05	0.00793397192041819	2.55735040439522e-05	0.831850746227384	0.0138677050762126	2.55735040439509e-05	0.0598179323962555	0.0224572766576136	2.55735040439496e-05	2.55735040439496e-05	0.00598144867553366	0.0185196811768288	2.55735042120947e-05	2.55735040467598e-05	0.0036203898107565	0.0113609613508841	0.00806630398898292	2.55735040439556e-05
1.7644020045024e-05	0.0167095830976637	1.76440200450334e-05	1.76440200450276e-05	1.76440200450261e-05	0.0142854224034815	0.000592528335322799	0.00318199839723305	0.85293214672628	4.91117579534241e-05	1.7644020045028e-05	0.0431421967290139	0.0241638738453172	0.0111916013184333	3.55976897397049e-05	1.76440200450258e-05	1.76440200450278e-05	1.76440200851304e-05	1.7644020045025e-05	0.020845803847122	0.00788034780614875	0.00481334784580041	1.76440200450281e-05
