Bcells	CentralVeinEndothelialcells	Cholangiocytes	Hepatocytes	Kupffercells	LSECs	Mesothelialcells	PortalVeinEndothelialcells	Tcells
0.00288100824568794	0.00381330723253082	0.0337904527099273	0.871409235072274	0.0541144685662458	9.0417048484977e-05	0.0115720007283449	0.00486491886437795	0.0174641915321268
0.000767352220730684	0.0115208462388386	0.026963024861008	0.916963904113789	0.0303815991293479	0.00161520900905351	0.0116110768904232	8.84937683651726e-05	8.84937684443449e-05
0.000733652113017401	0.0100766504245367	0.0329873490047858	0.90916712400252	0.0326921391702712	9.10030192155536e-05	0.0140700762271123	9.10030193131042e-05	9.10030192284493e-05
9.09869299916898e-05	0.00489830981531839	0.0447307941777511	0.893463718540444	0.0220110129264714	9.0986929976242e-05	0.0176625776743486	0.014756471127085	0.0022951418786135
9.01263632548942e-05	0.0237352341377463	0.0283551399937884	0.892831285396877	0.0339417244474177	9.01263632482e-05	0.0185891708299979	9.01263632686578e-05	0.00227706610440071
9.13236052780134e-05	9.13236052654001e-05	0.0267628670496529	0.920877025976456	0.0314758453678215	0.00347168083019887	0.0144926404790883	0.00264596948095695	9.13236052823806e-05
0.00247079991104783	0.00220952071160461	0.0330709364813863	0.916277109363778	0.0201310931897693	9.1506190327151e-05	0.0149551539974247	0.0102617598657868	0.000532120288875773
0.00105496420156214	0.00377013793258621	0.0441470029043349	0.904629523814466	0.0257927601269474	0.0114029087212107	0.00902059142976462	9.10554345381448e-05	9.10554345903518e-05
8.83734721138548e-05	0.0170562183534083	0.0362149394895668	0.918299509490336	0.0149649315452705	0.0025760059595257	0.010458898343254	8.83734720389159e-05	0.000252749874486211
9.32417371071496e-05	0.000470046835156471	0.0462688878428151	0.892253203382358	0.0292939101606359	9.324173710025e-05	0.0177605200622732	0.0136737065054438	9.32417371106414e-05
0.00111857978262691	0.022656693279477	0.0303777774628453	0.8989527635396	0.0232320822426763	8.87072338823463e-05	0.0228433785197715	0.000641310705218511	8.87072339017775e-05
0.00280609815759378	0.0195119768838522	0.0346326692961132	0.896532878170844	0.0174133949713443	0.00137302644588838	0.0189560507432193	0.00700513195334052	0.00176877337780373
0.00256001798427824	0.0115625219664883	0.0312358224079267	0.923153262794006	0.0137830418373844	0.0022471760448529	0.0144284914542903	8.9036574725337e-05	0.00094062893604761
0.000412036819389124	9.03548523019661e-05	0.0311127612240547	0.918661043908422	0.0295442719778437	0.00889888624770527	0.0107439709964016	9.0354852519733e-05	0.000446319121362245
0.00716733726198191	0.000489362310838682	0.0462919788708281	0.898937160830881	0.0255112018199873	0.00810158882006581	0.0116252236735629	0.00178625583807295	8.98905737812716e-05
0.000126153132173628	0.00326892653522229	0.0442484430684142	0.907761773857066	0.0280410846567235	0.000126153132207066	0.0124237161328376	0.000819285774809077	0.00318446371054704
9.14949765224058e-05	9.14949765211753e-05	0.0412627046705262	0.892104787499619	0.0413306036607009	0.00791293947200893	0.010270207617142	0.00684427215043752	9.14949765217814e-05
8.98993596441654e-05	0.00614649340960277	0.0413560466000988	0.900439475503651	0.0311303739823236	8.98993596921228e-05	0.0165001143832309	0.00415779804210895	8.98993596478173e-05
0.00677944597017903	9.11077762911805e-05	0.0311680261451457	0.89066211669277	0.0381147203897096	0.00431040917850808	0.0139253011459731	0.0148577649250878	9.11077763359122e-05
8.71470381779978e-05	0.0035832505416237	0.0340037841442425	0.912007307386527	0.0173446494609748	8.79523140944925e-05	0.0165550853133275	0.0101361879474629	0.00619463585356922
8.8330701451192e-05	0.00957943110972154	0.0298337318938441	0.914505413099324	0.0247506744860108	0.00445275252503275	0.0149795971501198	0.0017217383330391	8.83307014568157e-05
0.000500855115237116	0.00839505917996534	0.034996469621207	0.901937055870237	0.0318044436791305	0.00320296361311358	0.0150383085013681	0.00403701582284613	8.7828596895037e-05
0.00242026589010245	0.0092693488449938	0.0250011091742851	0.915939137118154	0.0271650501344411	0.00780793962144924	0.0122151205672617	9.10143246372381e-05	9.10143246759005e-05
0.0034747684965303	8.9526859809445e-05	0.0387862785172594	0.897330968192301	0.0313052884139632	0.00908684075212109	0.0122292614449394	0.00760754046325136	8.95268598249289e-05
9.30309897176523e-05	0.0134998371712197	0.0352936669832956	0.913956884872801	0.0236033719678675	9.30309897168596e-05	0.0132741150459477	9.3030989716576e-05	9.30309897171132e-05
8.92340851135361e-05	0.00480181840179965	0.032624950885935	0.913416053932045	0.0179204196353038	0.0110030969724015	0.0121635343580491	8.92340851223283e-05	0.00789165764423029
8.93290138618363e-05	8.93290138412618e-05	0.0275053731048465	0.920696457171192	0.0219369544222411	0.00948955551602478	0.0159503279920868	0.00415334475204015	8.93290138652592e-05
9.32081491462336e-05	9.32081491203363e-05	0.0501854589710161	0.900669928518266	0.0195694531595843	0.0137817074768983	0.0154206192777645	9.32081490534136e-05	9.3208149150474e-05
0.00245931839252563	0.000335818817228671	0.0326250256451732	0.905327488728583	0.0259626020383848	0.0172094335868212	0.0118549466536521	0.00413320025993461	9.21658776962912e-05
0.00199976777799194	0.00442491679547177	0.0448144524917552	0.898557992314178	0.0265758844591208	0.00846620553429936	0.0149730931150646	8.94455499324487e-05	9.82419621862327e-05
9.13151507748946e-05	9.13151507473102e-05	0.0394441862058266	0.894336468231754	0.0294345120845479	0.00658105658072652	0.0132672554722502	0.00977243328282436	0.00698145784054827
9.00007344415852e-05	9.00007344360925e-05	0.0387944704861693	0.895550100276195	0.0306107972727137	0.00593089180778838	0.0168225335416918	0.0105347346149341	0.00157647053162959
0.0026888331336705	9.21776384884829e-05	0.0422688159786617	0.912678473488572	0.0196706461066845	0.00999898605666451	0.0124177123203035	9.21776384470874e-05	9.21776385077944e-05
0.00333989760707813	8.89627187683128e-05	0.0499220758741046	0.88659482341379	0.0342940350818486	0.0028276494216304	0.0138226394885616	0.00902095367534092	8.89627188771325e-05
9.15612437337995e-05	0.00453753752005071	0.0455268123778273	0.898898079002087	0.0352063193367745	9.15612437525435e-05	0.0101479874177354	0.00540858061430506	9.15612437337972e-05
0.000436696055553384	0.00172338967338436	0.038022506886145	0.909947549861661	0.0255501656079719	0.00536767426391745	0.0137963690065188	0.00506488898753613	9.07596573116289e-05
0.0025950503648887	9.07807666195338e-05	0.0435310665026094	0.894224790733163	0.017801911559313	0.00582683053563083	0.0186696986188627	0.0168290820974905	0.000430788821422438
9.01109778208147e-05	0.0149647119557908	0.0309762859596926	0.912694417264867	0.0244501816275607	0.000792173631743738	0.0125911934254341	0.00079065685767517	0.00265026829941457
8.82665327731363e-05	0.00444843281755759	0.0307294220612222	0.91580479270904	0.0237715061575786	0.00404437261983321	0.0171496281124344	0.00387531245678875	8.82665327716177e-05
9.20858939270117e-05	9.20858938762822e-05	0.0298880450036001	0.91629866176762	0.0366207870477187	0.0036453308108912	0.00926399384403323	0.00400692384440586	9.20858939278045e-05
0.00110019375283184	0.012345484785558	0.028253591050306	0.915527155024592	0.0247460786241259	9.00576812505174e-05	0.017315420422385	0.000531960977691029	9.00576812596333e-05
0.00076996426559372	0.000129950672560416	0.0417781183883843	0.896657998750347	0.0347297760320483	0.00787846347304619	0.00992704633348801	0.00711946195730565	0.00100922012722677
0.000245265587791058	0.000230076468924862	0.0414734117322982	0.915194661951302	0.0216956283581423	0.00690255270185879	0.0133454564539016	0.000783814459619955	0.000129132286161207
0.00317768223642993	0.00973346651561449	0.0426275329128019	0.887237831564273	0.0300777106772168	0.00444977200580922	0.0145615148619217	0.00804195336839958	9.25358575330283e-05
8.9543007037292e-05	0.0108750665937356	0.0324305234886779	0.915296679597874	0.0252371579203457	0.00352615052397008	0.0112101071743945	0.00124522868692876	8.95430070362983e-05
0.00140394398980324	8.98771227848619e-05	0.0460429935312561	0.901352601407686	0.0248633527596581	0.00174427449073462	0.0122741784143159	0.0121389011609606	8.9877122800862e-05
8.83173734477957e-05	0.0127726832423671	0.0316175789967419	0.90578211257386	0.0256362437673815	8.83173734373402e-05	0.0171785395201087	0.00172093231226904	0.0051152748403868
9.45062620463436e-05	9.45062619566726e-05	0.0424587384303027	0.914004903263054	0.0223136550064752	9.45062619712958e-05	0.0104470561806693	0.0103976220714667	9.45062620577112e-05
0.00262728435996694	0.0107262664834354	0.0334812912271801	0.927534003614841	0.0178609603114787	9.25997008219894e-05	0.00749239490071099	9.25997007764963e-05	9.25997007888551e-05
0.00187174216676551	8.8754793226156e-05	0.0389682672709367	0.908492994225532	0.0261899033772643	8.87547932403865e-05	0.00960732872419256	0.0142908475453117	0.0004014071035308
9.35359346747939e-05	9.35359346662977e-05	0.0238462122524499	0.909109461031039	0.0319917238189019	9.35359346716247e-05	0.0190204448266962	0.015658014332226	9.35359346742454e-05
8.93720309395488e-05	0.000719474881151827	0.0299258527553025	0.895979181687903	0.0275554343686817	8.93720309681992e-05	0.0224566260996138	0.00901878009425939	0.0141659060511796
0.00111211959215227	9.24429619486206e-05	0.0630341677348505	0.878349629391393	0.0274843338785584	9.24429619473592e-05	0.0139890910440803	0.0142290981554167	0.00161667427965269
9.05449509776347e-05	9.05449510147448e-05	0.0327968565880852	0.913085613456174	0.0197467819682453	0.00815058343985153	0.0128770354470484	0.00687396353426672	0.00628807566433696
8.73360058178864e-05	0.00237893463479325	0.0324481764027052	0.920029205122535	0.02634539764215	0.00247498798396143	0.00987502510536855	0.00360894176269721	0.00275199533997195
9.36031437867466e-05	9.36031437678484e-05	0.0384343518668569	0.899695995436094	0.0327105254845841	9.36031437949799e-05	0.0152059819065279	0.0135787327307984	9.36031437891151e-05
0.00257321941586686	0.00387006660756028	0.029641335664861	0.905309349034494	0.0233584787498927	0.011567091724198	0.0204007070346948	8.8948312675391e-05	0.00319080345575667
0.00202167929028748	9.28284536076182e-05	0.0350932046578915	0.895195356284585	0.0316739356509211	0.00624164990589545	0.0150199426241854	0.0140829415464853	0.000578461586140919
8.9431492545218e-05	8.94314925291052e-05	0.0391175795419424	0.888843669201898	0.028967551842943	0.00226884086502845	0.0103678022201237	0.0109454404633177	0.0193102528796724
8.90109055568399e-05	0.0121645733641021	0.0214162487563428	0.905359087661458	0.026834118188081	8.90109056287403e-05	0.0158794707137134	0.00180262779416627	0.0163658517109507
0.00303027991896247	0.000129531951879235	0.047692122407646	0.874796269567422	0.0437300241423833	0.0086388454149525	0.0125012431747872	0.00935215147008312	0.000129531951884173
9.01403895293583e-05	0.0184212980987288	0.0279737719220662	0.919642432077276	0.016811559579702	0.00182456944938784	0.00932879021470204	0.00489973127315599	0.00100770699545212
0.000994581451479189	0.00589192619517567	0.0410897186038815	0.903135808348882	0.0267786755222628	0.00601754890259377	0.0159135285633661	8.91062061734258e-05	8.91062061853351e-05
8.98536743142956e-05	0.0136865547982773	0.0662876362168982	0.871634565917153	0.0242638314215833	0.00576893094363462	0.0123019095837507	0.00160631962730036	0.00436039781708861
8.99084687048188e-05	0.0238012579511136	0.0408171287834005	0.88287542872035	0.0277386126114548	8.99084686979582e-05	0.0167319118756739	0.00640665347426702	0.00144918964633753
9.04629373554098e-05	9.04629373396385e-05	0.0620929653219496	0.887734919711252	0.0265651163344946	9.0462937351338e-05	0.01374563378202	0.00935562534931037	0.000234350688927547
0.00661593826878713	8.9525333925398e-05	0.0349954090308351	0.878710703439632	0.0474266954014437	8.95253339730392e-05	0.0147158321601567	0.0162752425722031	0.00108112845904388
0.00539003701311884	9.37586517979158e-05	0.0424953708817388	0.899135948523487	0.0437018176268251	9.3758651806085e-05	0.00801337985125463	9.37586518241844e-05	0.000982170148147443
0.00078387329432239	9.2171193291844e-05	0.0471222694550068	0.897742714143841	0.0204695133363696	0.00659506643946435	0.0120297126956033	0.00969154595783972	0.00547313348426075
0.00158655628451848	0.00420392132936601	0.0273842762469461	0.91908335868755	0.0176771586679513	0.0140513643304195	0.0147581415505175	9.12528060279831e-05	0.00116397009670337
8.79967463037742e-05	0.018069428049611	0.0324232001156362	0.915436041668434	0.0138433756087991	8.79967462845971e-05	0.0128162068541615	0.00714775746446542	8.79967463040394e-05
0.00430535143092644	0.0107313865953639	0.0395849156025875	0.907594446846259	0.0163552678046809	0.00426391410080625	0.0161562172924164	0.000919464703105575	8.90356238538949e-05
8.89308511750241e-05	8.89308511512617e-05	0.0299174575885811	0.924909408244522	0.0209228892977311	0.0128975090863835	0.0109970123781746	8.89308511128796e-05	8.89308511689126e-05
9.15268067287422e-05	0.00335942286773047	0.0413412667128435	0.895946542783466	0.0318225649580317	0.0105790257700321	0.0128200420488436	0.00285885333219376	0.00118075472013004
0.00403869116301141	0.00826281554075903	0.0285091231273453	0.910570269556499	0.0281769924654583	8.90936208714061e-05	0.0169946033442508	0.00326931756089945	8.90936209053543e-05
0.010603768841001	0.0162167055721333	0.0300715558273502	0.904416310539497	0.0202899520105467	9.04584403252238e-05	0.0157882815336763	0.00243250879493645	9.04584405338172e-05
9.2798542387986e-05	0.00323330401710497	0.0338352371369583	0.904094062140627	0.0261604565928393	0.00546233198319026	0.0179821864734272	0.00904682457107708	9.27985423874413e-05
9.05566971641642e-05	9.05566971564873e-05	0.038413052851761	0.898801026240511	0.0393467137197693	0.0103276335614732	0.0116016590123937	0.000142882136880025	0.00118591908289152
6.41900469137876e-05	6.41900469136827e-05	0.038677030325289	0.902817674104942	0.0306822990528594	0.0160262001623777	0.011540036166879	6.41900469117199e-05	6.41900469132332e-05
9.02315387931672e-05	0.00667087642287309	0.0360913021432009	0.890565970673275	0.0398802593861224	0.0032131848144284	0.00961476468297005	0.00866870673458896	0.00520470360374811
9.45686291684998e-05	0.00158244303133937	0.0605820500640921	0.896611078662238	0.0197206774483025	0.00488191435072279	0.0119389896591166	0.00330340437398726	0.00128487378103335
0.00232604816283488	0.00686668415337238	0.0552538832737825	0.884265368198266	0.0224765864054627	9.13161919451846e-05	0.016522581653934	0.0080157509043528	0.00418178105604912
9.0430019029322e-05	9.04300190433068e-05	0.0395219238582706	0.889753345743655	0.0403305621743598	0.0128118424079015	0.0108175260657313	0.000541221611077373	0.00604271810093187
0.0293490598475717	0.00756552738642282	0.169841370985163	0.664864665896547	0.029129552524373	0.00883390928679932	0.0568211630889349	8.35990970217987e-05	0.0335111518871669
9.25569073385871e-05	9.25569073463518e-05	0.0420733494072893	0.896639039218697	0.0422262562671647	9.25569073200011e-05	0.0106971496237621	0.00799397785374337	9.2556907338514e-05
0.00816506936423423	0.0075564793459911	0.0460418170366093	0.890427744597141	0.0248661569385857	0.00244789275507467	0.0113597522071585	0.00904265780299904	9.24299522067234e-05
0.000170031597837804	0.0204707946360376	0.0381575543010706	0.915621287799892	0.0144854412801065	8.98586949323819e-05	0.00893117175109171	8.98586949394408e-05	0.00198400124409194
0.0023809680449928	9.18237614252194e-05	0.0599144840072636	0.885472146255661	0.025424184010275	9.18237614003872e-05	0.0180131304881126	0.00851961590945834	9.18237614113139e-05
0.00281807395993042	0.0111308825640065	0.0290458137404587	0.899838714976132	0.0326952028933872	0.000837508727749268	0.0151431366451487	8.80561320738066e-05	0.0084026103611138
0.00297287275313785	9.12830539076624e-05	0.0276600646044661	0.919644596417737	0.031480265981794	9.12830538835211e-05	0.0141633717103435	0.00197288897889205	0.0019233734458382
8.95864225983525e-05	0.00921483127727805	0.0262151010569154	0.911953531797776	0.030205273438352	8.95864225950529e-05	0.0190621900246738	8.95864225250109e-05	0.00308031313728664
9.00013260575061e-05	9.00013260362466e-05	0.0357693836819767	0.88555445313033	0.0408101018536663	0.00765949215592673	0.0202380497263327	0.00969851547361197	9.0001326061343e-05
8.99880831614616e-05	8.99880831909246e-05	0.0336726746173288	0.91182848793814	0.0183727971164187	0.0157282809298625	0.0165106230714215	0.000723345457930042	0.00298381470254561
8.97921960389993e-05	0.00590493753555447	0.0282954080817632	0.913767791051628	0.0285923425829966	0.00587898947691949	0.0172911546830293	8.97921960183063e-05	8.9792196051683e-05
0.00156863515807119	0.0103844912952632	0.0390615725705723	0.90613564236934	0.0341770013057584	9.0557265950377e-05	0.00840098550308719	9.05572659844355e-05	9.05572659725635e-05
0.00185188594812587	0.00531787924520044	0.0286257703448983	0.923211478363751	0.0170455743284549	0.00332003824916101	0.0145040062433761	0.00435067352483156	0.00177269375220098
0.00125487339234257	9.1942473268364e-05	0.0416984136925267	0.900538425534728	0.0206165964880052	9.19424732670699e-05	0.0160337014486979	0.0195821620238884	9.19424732762164e-05
8.90539589067874e-05	0.00275164739866982	0.0317964677057359	0.923578561869061	0.0126178306135815	0.0141828511262328	0.012683260609129	0.00219681765353111	0.000103509065152026
0.00378975750966824	0.0141855583652249	0.0312141090673128	0.905044271036745	0.0227805885746374	0.00509222656323438	0.0177127672521792	9.03608155036137e-05	9.03608154946172e-05
8.89157013036783e-05	8.89157012833565e-05	0.0350119009424767	0.923968218845228	0.0191839615984191	0.00259357224553498	0.00948779549270286	0.00948780377175257	8.89157012989397e-05
0.00329791411126554	9.20193285309044e-05	0.0292882392238348	0.918157620636779	0.0218558697289873	9.20193284483358e-05	0.0128083060272046	0.0143159922864883	9.2019328460858e-05
0.00173328860760808	9.49851817884519e-05	0.0414846594028019	0.902497509441484	0.0208901444416928	9.49851817946533e-05	0.013654992207068	0.0177757342391876	0.001773701296574
9.12782716245132e-05	9.12782716055722e-05	0.0452957927978904	0.884847314907657	0.0482220501101866	9.12782716101529e-05	0.012258751379391	0.0081605860094217	0.000941669980613015
9.06973591467652e-05	9.06973591265924e-05	0.0412375884309485	0.903704682596623	0.0408800168701969	0.00222412492300864	0.0081846565597287	0.00349683854207486	9.06973591457964e-05
0.00186926027943557	0.00776696726425535	0.0361269426198738	0.903659521494841	0.0296087829711306	9.1057739628925e-05	0.00996020273075396	0.00426213526598635	0.00665512963409425
9.29201909158182e-05	0.00788198880479431	0.0386144678255484	0.914385009765486	0.0252040597876394	9.29201908235842e-05	0.0106796557887597	9.29201908874131e-05	0.00295605745514478
9.1485826846499e-05	0.000504836935148565	0.0770272861845362	0.880048770942142	0.0157959345849378	9.14858268374971e-05	0.0116955758957957	0.00616527286981883	0.00857935093393724
9.43935284277043e-05	9.43935284183631e-05	0.0430782627485563	0.891964441588241	0.0309819402808933	9.43935284158962e-05	0.0138904725849443	0.016337959471651	0.00346374274045217
9.07301955102694e-05	9.07301954528546e-05	0.0381079851513357	0.914085839059342	0.0169415506615655	0.00325550419285444	0.0146253148639146	0.0127116154845256	9.07301954993631e-05
0.000579145884915201	0.00433439848354577	0.0356437807525991	0.911053698091402	0.0302608142710007	8.90045959579351e-05	0.0100688596341885	0.00385321662764326	0.00411708165874758
0.000685658592915352	0.00504163701143622	0.0585308005637919	0.865918045215989	0.0308946610990619	9.32179492253797e-05	0.0193298610681869	0.0194129005501533	9.32179492403595e-05
8.99976065429831e-05	0.0102564083142006	0.0273411915381544	0.925791116361774	0.0249195283963781	0.000726835547643898	0.0106949270222285	8.99976065252916e-05	8.99976065521465e-05
0.000529765142388921	9.28913606561558e-05	0.0349081626575085	0.900373099961366	0.0415067635902944	0.00359000736806359	0.0108323121841372	0.0080741063749017	9.28913606833939e-05
0.0090797853390604	9.17228804741622e-05	0.0852137044573452	0.831796217814113	0.025059348481003	9.1722880461747e-05	0.0154047054838387	0.0324877201814452	0.000775072482258907
9.20104814246085e-05	9.20104813905628e-05	0.0356699728174769	0.900185686120671	0.0343332296808033	0.000960971496348341	0.010393450005567	0.0076082332028007	0.0106644357135179
0.00226667778905053	9.07494938660183e-05	0.040376662332204	0.906893668535348	0.0206600725546481	0.0123644976660963	0.0156496017256205	9.07494938238477e-05	0.00160732040934282
9.18416066781413e-05	9.18416066773068e-05	0.0372430182956017	0.900842245839399	0.0436900932702992	9.18416066623385e-05	0.0105673187681586	0.00728995739984542	9.18416066782405e-05
0.00166442854257181	9.07526526381551e-05	0.0301221785702048	0.90358565015957	0.0387371396095673	0.00940311302158509	0.0134488612665427	9.07526526270111e-05	0.00285712352469245
8.83726431274037e-05	0.00756382471204567	0.0319816842659484	0.92400049513294	0.0198078091289633	0.00030570272718207	0.016075366103497	8.83726431630387e-05	8.83726431334053e-05
9.08522282669726e-05	0.01668261251592	0.0300768504924824	0.914193582473563	0.0239860617854132	0.00132925065674196	0.0131131097471631	9.0852228310117e-05	0.000436827872139235
0.0110262917153576	0.00158899438010234	0.0364959615022762	0.905957783456917	0.0161152216391747	0.00629816735802591	0.0138869960868603	0.00299480506437521	0.00563577879691056
0.00234275451736746	0.00853655384790305	0.0419866365540207	0.899425480783233	0.0176456444423776	8.84514484613335e-05	0.0185713603687804	0.000747582200130714	0.0106555358377257
9.28020735490786e-05	9.28020735294222e-05	0.0363374905645352	0.910996160754591	0.0232169953971432	9.28020735177935e-05	0.019157915922763	0.00992022906682393	9.28020735476013e-05
0.000893567022094249	0.00986782708504216	0.0292746109792779	0.918963287311775	0.0241154420631103	0.000746623161665949	0.0138336070900014	0.00141685949772706	0.000888175789306255
8.75684406529593e-05	0.00672999089815381	0.0297724097836066	0.920689184433365	0.0196885268179175	0.00881856051535474	0.0113662552190099	0.0017073350987245	0.00114016879321482
0.0017799500629685	9.15353060903083e-05	0.0320915088920644	0.913703517958748	0.0273383222851765	0.01279077111301	0.0120213237697152	9.1535306115058e-05	9.15353061124621e-05
8.9116905281821e-05	8.91169052616626e-05	0.0363757337924815	0.920880849420516	0.0210690318113102	8.9116905194373e-05	0.014284588585474	0.00587862602126771	0.00124381965321222
0.00273577889551146	0.00200616915580021	0.0370177904048829	0.898041327585138	0.0321382519934448	0.00989119756168757	0.00973004099121341	0.00489281449444502	0.0035466289178767
9.02181783626956e-05	9.02181783389046e-05	0.0352098369690922	0.907532868609858	0.0190162540284149	0.0246579610976071	0.0132222065816063	9.02181783553115e-05	9.02181783647427e-05
9.3618370278867e-05	9.36183702600458e-05	0.0396003553387146	0.900432003885491	0.0340720857724454	0.00628943208724607	0.014596124012199	0.00472914379308442	9.3618370280968e-05
0.00759309762820421	9.24758719388164e-05	0.0367934022265072	0.895608849304744	0.0272833921915535	0.00465406275703009	0.0163213547334937	0.00963843357468071	0.00201493171184799
0.00371060721165049	9.36655285798299e-05	0.0554758594100717	0.883577926582424	0.0215302933764031	9.36655284931268e-05	0.0158398476329961	0.0195844692008393	9.36655285425705e-05
0.0012147988659647	0.0089420317393901	0.0289326082832607	0.9128954430869	0.0266598971858575	0.00957583171984426	0.0115987647365051	9.03121911495232e-05	9.03121911279867e-05
0.00233925337020946	0.0164878852857678	0.0466950565747997	0.89863734584413	0.019807995101779	8.91696232345311e-05	0.0128427592683573	0.000627005951547839	0.0024735289801744
0.000510347524027259	0.00498320334092479	0.0278276836054802	0.9156963193047	0.0253998974241505	0.00812054307484382	0.0113044114547834	0.00606809693588635	8.94973352036943e-05
0.00131065208151539	8.87719575264716e-05	0.0412344587226029	0.915373920522402	0.0217845214001026	8.87719574476307e-05	0.0118799309007881	0.00815020050004706	8.87719575679883e-05
9.3900685274723e-05	9.39006852567029e-05	0.0298649537191388	0.914515866997424	0.0228471146007655	0.013015933016681	0.0111423192321856	0.00439125914400188	0.0040347519192719
0.00633810563137383	9.10677255679192e-05	0.0430422966720669	0.912417286700546	0.0188632968520507	9.10677255730419e-05	0.0113128052611558	0.00775300570607507	9.10677255905293e-05
9.16416560834186e-05	9.16416560547859e-05	0.0297217729983497	0.921888355938184	0.0292904461771363	0.0108249945753682	0.00790786368667509	9.16416560722701e-05	9.16416560760105e-05
9.01835229601944e-05	9.01835227651684e-05	0.0265899106278111	0.909154531941219	0.0274902536807536	0.00470483875289061	0.00976310045702876	0.00683415081590559	0.0152828466786657
8.84160399460737e-05	8.84160399427967e-05	0.0364743087083234	0.919694136881543	0.0223024538423903	8.84160399004682e-05	0.0165789323117897	8.84160399027521e-05	0.00459650409626195
9.05993107241514e-05	9.05993107013806e-05	0.0613479797248981	0.894173740196708	0.0169632219493234	9.0599310698195e-05	0.0150657650160488	0.0120868958701741	9.05993107234883e-05
9.03300600260998e-05	9.03300600238944e-05	0.0293517007107239	0.901902126508652	0.033668639597176	0.0117275323868731	0.0142865825620823	0.00879242805440484	9.03300600374295e-05
0.00113685935755803	0.00366508422783598	0.030696315191165	0.911141916900533	0.028887936540914	0.00716109003971966	0.0149131382857107	0.00230743705552444	9.02224010390469e-05
9.16044600332947e-05	9.16044600193802e-05	0.0441026991616618	0.897651133014828	0.0343514916228541	0.000279844352882587	0.00988963150718287	0.00737552860106453	0.00616646281947331
0.00160513564540659	0.00881922781177435	0.0452583349020817	0.914494762601082	0.0189407557217769	9.13122242426599e-05	0.0106078466451321	9.13122242470648e-05	9.13122242568515e-05
0.00519473637823868	0.00778880578162038	0.0278061210922146	0.914744376229088	0.0290047832245278	0.00321635880252235	0.0120646770527504	9.0070719517919e-05	9.00707195202807e-05
0.00125912682239391	9.17914611519291e-05	0.0371798794335331	0.897937234400127	0.039473771596564	0.00417671055498665	0.0119297871737729	0.00785990709631373	9.1791461157213e-05
9.1154622269529e-05	9.115462225983e-05	0.0331746489303185	0.91925082168352	0.019749135861935	9.11546222642848e-05	0.0147764180041976	0.00665770885955213	0.00611780279368292
8.90108644601182e-05	0.00701361454093811	0.0319312333433152	0.90031466479126	0.0359571911505754	8.90108645580059e-05	0.0162143907339362	0.00777781558517763	0.000613068125778645
0.00305928117568305	0.0142429790550558	0.0318892303448755	0.905261387256879	0.0304909501825636	8.93763456042451e-05	0.0147880429482564	8.93763454833888e-05	8.93763455983245e-05
0.00221200267484858	9.12178455748089e-05	0.0337866075928149	0.908359900717265	0.0271451144309474	0.00647566649189807	0.0123062896434989	0.00953198275755906	9.12178455936601e-05
0.00503328666715867	0.00732708376068141	0.0358583923621582	0.917488211636187	0.014500882958177	8.95302477800987e-05	0.0158570936315544	0.00375598848851282	8.95302477906993e-05
9.27756682996439e-05	0.00235514098659303	0.0502009118974021	0.897345861030954	0.0224703184586568	0.0140819271778453	0.0132675134436189	9.27756683287315e-05	9.27756683012828e-05
9.07492560766606e-05	9.07492560530589e-05	0.0427127402473556	0.896274874959355	0.0257168368600599	0.00412417413307818	0.0193529578033438	0.0115461682286027	9.07492560752996e-05
0.000955773360173445	9.02572036305464e-05	0.0325316303402937	0.915391500511722	0.0358522970493725	9.02572035625891e-05	0.00915795659387001	0.00584007053372628	9.02572036491848e-05
0.0554052448429202	5.81877111898275e-05	0.0614985227590946	0.664904951219845	0.0338050476096821	5.81877111898264e-05	0.0734250849984876	0.0789209917127657	0.0319237814348256
0.000435849583588475	0.00292142221485544	0.0470816976396244	0.893591521253482	0.0268743062833475	0.00711851722633366	0.0191195160634593	9.02625968245868e-05	0.00276690713848439
8.97305240645478e-05	8.97305240708341e-05	0.0382415404724331	0.900604866820669	0.0344664164834444	0.00306859423947049	0.0118417146553498	0.00858523924842363	0.00301216703207393
9.2478781881762e-05	0.00576687009397281	0.0600927729933909	0.890402033498329	0.0177462997913879	9.24787818719888e-05	0.0124304097292743	0.0132841775479903	9.24787819007435e-05
0.000970052382860278	0.010788479444142	0.037590637210764	0.888097721943473	0.0344856921950214	8.85667201505494e-05	0.0154041795212485	8.85667201446429e-05	0.0124861038621956
9.17728776568579e-05	0.00238870902412893	0.0407721536625996	0.907954791649664	0.0271848384256132	9.17728776463849e-05	0.0129742221636054	0.00597826860762881	0.00256347071145657
0.00981408262242533	9.13738391088339e-05	0.0784165101928978	0.845871155636663	0.0258280385135134	9.13738391377573e-05	0.0185449102565934	0.0212511812605193	9.13738391416181e-05
9.25154686737585e-05	0.00927488293794774	0.0308017579606882	0.923200365012375	0.0245076488437425	9.25154686536961e-05	0.0118452833705493	9.25154686964549e-05	9.25154686728423e-05
0.000982218050890716	0.00258701730811374	0.0251825332669724	0.912180066812002	0.0206322297464797	0.00821558347174455	0.0218893943169986	0.00709258241618027	0.00123837461061819
0.00500948822686293	0.00165043042058145	0.0488743203069717	0.847744494275853	0.0338129583320035	9.10489762884431e-05	0.0319022106507501	0.0286922624599511	0.00222278635073826
0.00141950963249353	9.31558451293417e-05	0.0710028213404663	0.877568161979523	0.0138254698776953	9.31558451212264e-05	0.0129719336093994	0.018446703577162	0.00457908829300961
0.000907953146671944	0.00606970740373235	0.0289944051289536	0.916920238554892	0.0294267348834289	8.88393321269162e-05	0.0105377055196872	0.001514245367057	0.00554017066345045
9.30085745862066e-05	0.00440159862829932	0.0324312982871352	0.907082071403168	0.0332123435594484	0.0107942790638285	0.0117993833342947	9.30085746495342e-05	9.30085745907479e-05
9.32853138386138e-05	9.32853136398385e-05	0.0498256701697308	0.901677376529879	0.0267194571160788	0.000941508755814468	0.0123998272246508	0.00815630426251949	9.32853138484199e-05
0.00406708947475116	8.89108438253986e-05	0.0387209743337039	0.902824410562027	0.0231078218344077	0.0036330368166339	0.0110784698431602	0.00753555911883595	0.00894372717265472
0.00163557135747519	8.85793601772425e-05	0.0308614181239742	0.907187793013822	0.0256803772329075	0.0192126151464497	0.0151564870446822	8.85793602537601e-05	8.85793602583628e-05
8.99976004700293e-05	0.00755516543658279	0.0389768732122439	0.898079849470122	0.0250675627357755	0.00375236312850678	0.0180825146537818	0.0029159029573462	0.00547977080517138
0.0140516777360904	0.0064264044832682	0.043709789582964	0.900717824320783	0.0181722346592034	0.00910927600544733	0.00585868139987118	0.000975627422109404	0.000978484390263418
0.00128163251428136	0.00729347413211311	0.0308753118043363	0.910025579553101	0.0313987461853206	0.00150411974723659	0.00922470893916994	0.00830328551307925	9.31416113614967e-05
9.18731756436903e-05	9.18731755759451e-05	0.0382058878652333	0.910260496626214	0.0231731334045241	9.18731755313637e-05	0.0107029273367554	0.0172900620648774	9.18731756445142e-05
0.00635161848633244	0.0113134413887213	0.0347989237306929	0.904088961778166	0.0309672229813199	9.25989407952468e-05	0.0122020348123718	9.25989407875696e-05	9.25989408129526e-05
9.14330108954404e-05	9.14330108767883e-05	0.0528679440828574	0.89776884584278	0.0192524182896804	0.00253206360529675	0.0112007639361628	0.016103665210555	9.14330108950079e-05
9.40685874296301e-05	9.40685874486018e-05	0.0455332917644543	0.911192832618281	0.0206904683510125	0.0014323912279275	0.0149565206315001	0.00591228964452377	9.40685874227795e-05
0.00185207366085162	0.00753014164085318	0.0293782585170687	0.916992206201377	0.032432133972246	9.14786179180981e-05	0.0115407501538351	9.14786179242218e-05	9.14786179257146e-05
8.93427274103669e-05	0.0137742391811964	0.0322601562033841	0.906718717263682	0.027556749715975	0.00583540179129072	0.0129204120682634	8.93427274010643e-05	0.000755638321397381
9.25133139880395e-05	9.25133139726597e-05	0.0407613797263147	0.902294429662103	0.0314868875794604	0.00152982289430078	0.0129904604502271	0.0106594797456424	9.25133139910804e-05
9.29527399604431e-05	9.29527399563136e-05	0.0438157095861564	0.899135689785316	0.031775492896342	0.000905966561007675	0.0085056098538568	0.0155826730974447	9.29527399594606e-05
8.82273042574427e-05	0.00989816939638982	0.0305715054313698	0.895997038142825	0.0259265777558813	0.00664821000215903	0.0130182607908133	0.0115371204194996	0.0063148907568048
0.00732930361455233	0.00663242836901533	0.0377565949601175	0.917788155850358	0.0138413573303825	8.87200772894906e-05	0.0147543629399118	0.00172035678101747	8.87200773557994e-05
0.00137860626916595	9.19394292668425e-05	0.0364783126779276	0.895269254696224	0.0325062982971571	0.00328022990048915	0.018320294723186	0.0125831245773129	9.19394292706421e-05
0.000602734510029765	0.00295023505561795	0.0411680726935933	0.882122879733547	0.036578314041564	0.003167811743647	0.0211676640416599	9.16550266447112e-05	0.0121506331536968
8.93148863390511e-05	0.00296038853256325	0.0329849720651221	0.917139723774947	0.0186291500582169	8.93148863273999e-05	0.0141148283617815	0.0089420278770252	0.00505027955767775
9.12445174964345e-05	9.12445174853247e-05	0.041110663327635	0.898225132217429	0.0297953383925076	0.0157221121192061	0.0137177847473003	9.12445174810222e-05	0.00115523564345893
0.00446872320565642	0.000268699624388282	0.0259855112894074	0.915049174693608	0.0228453275707191	0.0140029840275674	0.0141701003589686	0.00312023127374763	8.92479559371223e-05
0.00111593654591801	9.10490089542021e-05	0.0239033521969524	0.931865837543263	0.0259591870064472	0.00728143750553109	0.00960110217506584	9.10490089135303e-05	9.1049008954428e-05
9.02198625410396e-05	9.02198625139925e-05	0.0393293283993173	0.903475251184889	0.0362416559160881	9.02198625243918e-05	0.0117683455024674	0.00882453954711941	9.0219862539499e-05
0.00300070977864794	0.00655690657503418	0.0250186377288597	0.911325653750244	0.0321334180316931	9.049964653075e-05	0.0176732868187278	0.00411038802372146	9.04996465405996e-05
0.00305409892248598	9.24089052519376e-05	0.0396068284736126	0.901251613808769	0.0233805928473471	0.0157578612286055	0.0112275268764688	9.24089052820316e-05	0.00553666003217765
0.000684065520469673	9.32092695756811e-05	0.038923572104604	0.91091699652927	0.0204338486076444	0.00901252501451502	0.0128895133009036	0.0048866630587133	0.00215960659430456
0.00358593985897184	0.00013068684729169	0.0361231569745837	0.90115856249216	0.0323227069683277	0.00117487307207592	0.0159323929640418	0.00909668005047663	0.000475000772070687
8.95206545905934e-05	0.00224613613539259	0.0436898600701865	0.920919194477947	0.0174631241617555	8.95206545950771e-05	0.0107921477887645	0.00462097540217494	8.95206545935665e-05
0.00247129582929414	9.04686595396751e-05	0.0329666197547193	0.916611888017	0.0282056871529979	0.00542009845389967	0.0140530048134035	9.0468659581162e-05	9.04686595647776e-05
0.00403300416304707	9.16116181714924e-05	0.0251102578207516	0.906115372665664	0.032828654920052	9.16116181731337e-05	0.0158334807469701	0.011726249560853	0.00416975688631693
9.24907626195028e-05	9.24907625964264e-05	0.034414269992159	0.904733278390018	0.0360858463964311	9.24907626024255e-05	0.0116874452262687	0.0012207363825859	0.0115809513247187
0.000376447819776764	0.0165314048692713	0.0319332247772847	0.908746651844589	0.0204682639674646	0.00391148761097088	0.016227620945259	9.10611491797739e-05	0.00171383701620347
8.87319771123266e-05	8.87319770905303e-05	0.0312081514822605	0.931080289116751	0.0133233326059183	0.00319752668509137	0.0119503976760584	0.00897410650261058	8.87319771072123e-05
0.00132942269065604	9.09146283199952e-05	0.0341459428126982	0.910226238168498	0.0253885506720791	0.0105561776155418	0.0131017610609826	0.00507007772288641	9.09146283376738e-05
8.9451384143673e-05	8.94513840674351e-05	0.0258383018578563	0.915602875944072	0.023496108895504	0.016289477837512	0.0152499700894928	8.94513841673532e-05	0.00325491122318488
9.12485399385988e-05	0.00160857324641758	0.041350518903593	0.923571887960495	0.0179656040051737	0.00289499353413786	0.0123346767303883	9.12485399131518e-05	9.12485399429597e-05
9.14412726999834e-05	9.14412726755534e-05	0.0688525794359781	0.869236818597547	0.0181690431740066	9.14412726903926e-05	0.0137076060473149	0.025807661459379	0.00395196746770837
0.00130260411042609	8.5955963669803e-05	0.0314585841603036	0.917869352640847	0.0249423181201601	8.59559637646954e-05	0.0123008390295298	0.0118684340475653	8.59559637335085e-05
0.0011475160490733	9.10293259919043e-05	0.0455447690571366	0.886943016349928	0.0417751364171435	0.00661442821017936	0.0177020459385322	9.10293260003881e-05	9.10293260144803e-05
8.9550197671294e-05	8.95501976509565e-05	0.043698834902393	0.90367475137214	0.0193346751475668	0.0124736743798414	0.0138384769077599	0.00303191474651017	0.00376857214846616
9.15208181967384e-05	9.15208181786399e-05	0.0452750957572195	0.91498965735629	0.0234615127345281	0.000265605262275615	0.0136241522161674	0.00210941421894845	9.15208181958805e-05
9.04481377543083e-05	0.0105516204607513	0.0475086386752052	0.894034358296846	0.0234899551500083	9.04481377489004e-05	0.0196654934949427	9.04481377022629e-05	0.00447858950904092
0.000816176802552756	0.00454326526496733	0.0202886717664055	0.924489156310331	0.0257181319470127	8.95835921460428e-05	0.00913919643814259	0.0114517242708611	0.00346409360758085
0.00145640375208439	9.14122718929719e-05	0.044192570541238	0.893541020196531	0.0413580977257828	0.0082540553600437	0.010923615608608	9.14122719164114e-05	9.14122719023805e-05
0.00402522442936022	9.20908476786379e-05	0.0474561168060225	0.895363254365268	0.0337067597240969	9.20908476701787e-05	0.012116258311505	0.0070561138207038	9.20908476949454e-05
0.00432858481404241	9.02042919939836e-05	0.0250642293093105	0.914473648470887	0.0278115817375498	0.00864638852986132	0.0118682819619454	0.00762687659240414	9.02042920057597e-05
0.00873552123924853	9.44069494183993e-05	0.0360915253128715	0.9039068272549	0.0231960689713434	9.44069494182152e-05	0.0132060750752441	0.0145807612981168	9.44069494386223e-05
8.88979750073066e-05	0.0162269418409143	0.0368104795664435	0.895803455097183	0.0296036128968591	8.88979749804516e-05	0.0137567152192712	0.00595904718513609	0.00166195224420487
9.03619027697644e-05	0.000105467507346919	0.0314673352922836	0.911434137373407	0.0250440651422131	0.0198273372195777	0.0117204632553774	9.03619027902287e-05	0.000220470404234416
9.23473516009644e-05	9.23473515819205e-05	0.0323575081596782	0.915116942446358	0.025023681385496	0.0100602878766735	0.0145743524139407	0.00259018566306774	9.23473516026847e-05
0.000235461595982054	0.0126149727481163	0.0206028217902872	0.923898710943853	0.0170149128163984	0.00637279781655289	0.0181666207448211	0.00100408561685648	8.96159271330371e-05
0.00359625006895048	0.000736902964621608	0.0310349988021945	0.892831685507723	0.0286494341737286	0.0102071326645016	0.018772630637552	0.00483347806792952	0.00933748711279836
9.12691614687144e-05	9.12691614397009e-05	0.0584534567381522	0.876851621531617	0.0189605133960982	0.00788037144420042	0.0135475835628303	0.0134101688705635	0.0107137461336295
0.00332050382339056	9.12696631369981e-05	0.0350776703679663	0.915717746352234	0.0262008448056913	0.00559694609524783	0.0138124795657723	9.12696632922778e-05	9.12696632685559e-05
0.00158233315165073	9.11200867621719e-05	0.0498705288292077	0.869607391925943	0.0345293452021683	9.11200868218141e-05	0.0216029112123127	0.0225341294183225	9.11200868106322e-05
0.00346000784052361	0.00540265561209295	0.0427475570022806	0.903812925604821	0.0327613088712969	9.2278924646846e-05	0.0115387082950102	9.22789246659008e-05	9.22789246622021e-05
0.00878585438577102	8.94168069366609e-05	0.0295319006676305	0.912267180712662	0.0178971528665548	0.0174820354771695	0.0112335965540674	8.94168069509589e-05	0.00262344572225751
