Bcells	CentralVeinEndothelialcells	Cholangiocytes	Hepatocytes	Kupffercells	LSECs	Mesothelialcells	PortalVeinEndothelialcells	Tcells
0.00272997020639161	0.00446188512873494	0.000130642817830715	0.925716487114185	0.0411038419184707	0.000130642818035131	0.00557502735368874	0.00642943034936516	0.0137220722932976
0.000969304140462806	0.0063554394645844	0.000686066404446345	0.962041675617259	0.0187143478382081	0.00593414238906903	0.00512259271025797	8.82157179059808e-05	8.82157178062217e-05
0.000553809025003069	0.00879233605107562	0.00133339986747271	0.957926773957223	0.0219488855933389	9.09373218181365e-05	0.00917198353986832	9.09373222073778e-05	9.0937321992593e-05
0.000129458935327273	0.00499555680266487	0.00299709116764245	0.948780022622697	0.013693947882487	0.00012945893516936	0.0110929529155805	0.0156163620912053	0.00256514864722588
8.85848676951242e-05	0.0197910694981944	8.85848676927906e-05	0.945150971212192	0.0225818910927548	8.85848676252682e-05	0.009680005285908	8.85848676733329e-05	0.0024417234402643
0.000315472740500075	9.06310831734243e-05	0.00134271692369876	0.965417884630983	0.0187627316081451	0.00760038975154783	0.00628891109557066	9.06310831581278e-05	9.06310832228341e-05
0.00244284824133164	0.00789602105798595	9.20033170280201e-05	0.964496426584144	0.0106858314125344	0.000456308016383369	0.00908313276415603	0.00393915830810072	0.000908270298336094
0.000548081377923047	0.00226113561788351	0.0096485905386075	0.957714860825127	0.0170814640279891	0.0124722544957209	9.12043722378925e-05	9.12043722503939e-05	9.12043722608025e-05
8.83957813154842e-05	0.00595571786102279	8.83957813384109e-05	0.966183708464761	0.00652844296678329	0.0120769665384452	0.00539255836635151	8.8395781321017e-05	0.00359741845866151
0.000134113571102223	0.000601700253850902	0.00589642650712055	0.950105044207931	0.0196693129610664	0.00494233774141082	0.0117350917873152	0.00678185939910664	0.000134113571096219
0.00143771085489149	0.0211573698570201	0.000619778235071877	0.940033307362134	0.0147604056533522	8.91603926704248e-05	0.0193041535645477	0.002508953687675	8.91603926369594e-05
0.00301675958347325	0.0137667953807639	0.00292573695733466	0.949144472549925	0.00759434955484173	0.00914650361728082	0.012317554049843	0.00078687518564226	0.00130095312089559
0.00314099778341065	0.00795741103446559	0.00193128504738792	0.967827227474189	0.00625824903714542	0.00477187664807806	0.00793578709752411	8.85829388119384e-05	8.8582938987475e-05
0.000940904156973205	9.0410377742725e-05	0.00237612845546713	0.965870082673658	0.0178853752901689	0.00988624175581717	0.00201447065008392	9.04103776952659e-05	0.000845976262393331
0.0065004755236172	0.00138065180376675	0.0082319824276815	0.951204272084726	0.0156637099952355	0.0112596065516758	0.00463449730717562	0.000803785085290176	0.000321019220831852
8.84937269951768e-05	8.84937270119133e-05	0.00351058320343887	0.957800289385263	0.0176699536927477	0.00519057430786445	0.00908543840860306	0.000137332002842752	0.00642884154523259
9.22390113969993e-05	9.22390113854329e-05	0.00560240291528597	0.946637976870692	0.0291719883860202	0.0125042817548789	0.00355358330016342	0.00225304973878138	9.22390113959417e-05
0.000185272940856839	0.00791137229138817	0.0066896353354393	0.950019341169993	0.019470762870142	0.000127385506147988	0.0111676551126436	0.00349591924670031	0.000932655526689185
0.00813038860062615	9.05857935683991e-05	9.05857935692882e-05	0.939534808017516	0.0258059139286713	0.00596602698364616	0.00578685669471074	0.0145042483941221	9.05857935697797e-05
0.00157650816457869	0.00386550424559367	8.76325022862717e-05	0.963665059311225	0.0080622474252028	0.00246002954362456	0.00957150680439616	0.00501672143349171	0.00569479056960148
0.00139464841827658	0.00630230633988742	8.85002269125687e-05	0.960705216978342	0.0144022495111766	0.00782977410066468	0.00910030397094506	8.85002268797454e-05	8.8500226915599e-05
0.000126632350363269	0.00455660104874123	0.00293840489316849	0.949045972034642	0.0211894336825512	0.00883102984672881	0.0127778047800743	0.000126632350439986	0.000407489013290894
0.00233407003203154	0.00718136260488287	9.02901830029903e-05	0.955946312232748	0.0170180438053163	0.0109341616093768	0.00631517916665296	9.02901829851591e-05	9.02901830031375e-05
0.00377279740772723	0.00113857183768364	0.00511953386142475	0.949098358088738	0.0192717040675649	0.0142279684946761	0.00701819029407638	0.000263182348204649	8.96935999047409e-05
9.36934000550974e-05	0.00955312330138239	9.36934000568086e-05	0.96565506673954	0.0136082411288069	0.0037562706641266	0.00680264287265857	0.000343575093321864	9.36934000521996e-05
0.0011355305149037	0.00148135397811054	0.00305316498457037	0.96074245399178	0.00762539174540999	0.0117156886639629	0.0066585460035193	0.000126422795769519	0.00746144732197385
8.9605113545913e-05	8.96051134857343e-05	0.000233815751884393	0.96586027512837	0.0109476943491632	0.0114604515220344	0.00998966061859188	8.96051135300517e-05	0.00123928728939446
0.000803397046810061	9.26832626172395e-05	0.0111302089507221	0.955040777701011	0.0108739233067918	0.0134982384009788	0.00837540480571813	9.2683262648887e-05	9.26832627015884e-05
0.0032477935952804	0.00189151476414283	9.17663735607758e-05	0.953663900587561	0.016250260652982	0.0186840067197361	0.00598722455959699	9.17663735841769e-05	9.17663735561985e-05
0.00175796857981573	0.00278842835205994	0.00547547392487365	0.948668510472968	0.0176347606316097	0.0115231244785974	0.00812735204864062	8.99170491387578e-05	0.00393446446229585
9.15509024096718e-05	9.1550902402996e-05	9.15509024291767e-05	0.953329977373816	0.0189613547783747	0.0108751591989176	0.0039706776024487	0.00569412835593818	0.00689404998326311
9.04922544270128e-05	9.04922544062752e-05	0.00596895106629083	0.944083692824208	0.0197058332097176	0.0117859426793472	0.0132487827227554	0.00276266125875029	0.00226315173009772
0.00370034027751509	9.20069508083721e-05	0.00724068813025253	0.962269972171546	0.0104051855186153	0.010468870967876	0.00563892208182178	9.20069507572046e-05	9.20069508075003e-05
0.00286784194170268	9.00195358520391e-05	0.00839761266795776	0.946427023679659	0.0229765862843748	0.00983533209411994	0.00878625024688179	0.000529314013599092	9.00195358527568e-05
9.10819514248787e-05	0.00437975692613624	0.00541590154906763	0.950685398636518	0.0250317912731443	0.00316671759654724	0.00874723382405443	0.00239103629167993	9.10819514272469e-05
0.0012355660660305	0.0013041327944804	0.0105456354909911	0.956806274930344	0.0137337224818641	0.0107826046230901	0.00423433732097385	0.00122654729934647	0.000131178992879871
0.00354967783660034	9.17212976907297e-05	0.00975496339469604	0.951337769637709	0.00689207055747962	0.0149445564636445	0.0067541949733617	0.00482760483832203	0.00184744100049633
8.92006053126372e-05	0.0074928594230097	0.00336575613416491	0.956574362386151	0.0131152264732365	0.00855176328839622	0.00741987261716695	8.9200605357453e-05	0.00330175846720409
8.91693022435871e-05	0.00359159492092099	8.91693022506743e-05	0.956955039253635	0.0128184345008572	0.00685929648748698	0.0140161731186103	0.00234948876006941	0.00323163435392611
0.000422121864688425	0.000131784844666554	0.00106598509883944	0.961174242071393	0.0260275455694159	0.00584201881720645	0.00266266157275566	0.00254185531600023	0.000131784845034503
0.000565977653409573	0.00531566426417549	8.98727897301465e-05	0.957699452999689	0.0144321206924747	0.00512584516830583	0.0129494082120152	0.0021337067187479	0.00168795150145252
0.000753644433443397	0.000208291922430295	0.00446815986982204	0.951885082976954	0.0238010377453809	0.00827787791437848	0.00376032484162278	0.00562556837364924	0.00122001192231908
0.0001272647108884	0.00012726471115516	0.00304924111974651	0.969883682021995	0.0118999503703036	0.00799085769377418	0.00579568110891985	0.000998793552371971	0.00012726471084569
0.00461942950623071	0.00470355887783575	0.0100681317225681	0.939345310464119	0.0185876200260341	0.00871505248193279	0.00701852593570769	0.00681093318981593	0.000131437795755802
8.90572103491777e-05	0.00273733844685605	8.90572103445993e-05	0.966146818929753	0.0149144621012789	0.00744322159075902	0.00453784876450292	0.00395313853581176	8.90572103446007e-05
0.00352585201179863	9.14800971466376e-05	0.00858560007255137	0.950647357900042	0.0146622851177134	0.00247108844630283	0.00763079845182678	0.0114869366199862	0.000898601282632146
8.80777605683557e-05	0.0110073003588638	0.000382280265328765	0.950392218827878	0.0165152879361183	0.0024869210813666	0.00983257356229161	0.00296383533005592	0.00633150487752888
9.41112640792474e-05	0.000850675064276706	0.00681473129132097	0.966265194689596	0.0132238446359873	9.41112639682714e-05	0.00663022332882301	0.00593299719785133	9.41112640973158e-05
0.00491889505341497	0.00811334797533665	9.17447456287309e-05	0.972646675372919	0.00689910898322657	0.00165336378522025	0.00549337459314099	9.17447455065249e-05	9.17447456061772e-05
0.00162244212347759	8.97738585302491e-05	0.00586366036537042	0.957572138952925	0.0154905307231999	0.00173132078342	0.00348113007604525	0.0110442881613032	0.00310471495572805
9.19732264591561e-05	9.19732264814189e-05	0.0014957583741223	0.954186455008106	0.0214774709217286	9.19732265647826e-05	0.0110304277124331	0.0114419950776296	9.19732264748819e-05
0.00125961549836635	0.000423276386641629	0.00143144817476994	0.945783204629915	0.0171790813171245	0.000126756612680748	0.017384222365802	0.00408153675633867	0.0123308582583613
0.00113647658299601	9.31646999050997e-05	0.0116481306749535	0.944709028993575	0.0174487604324558	0.00392405075472367	0.0101808962118255	0.00915802586902346	0.00170146578054248
8.98898691312027e-05	8.98898692395332e-05	8.98898691374809e-05	0.968702983057833	0.00935277293350322	0.0114580003929161	0.00397086070884787	8.98898692419506e-05	0.00615582343014997
0.000793064710915117	0.000126198821312894	0.000126198821451732	0.966081548760504	0.0164618857882605	0.00532560533716419	0.00450514208745471	0.00379762476504484	0.00278273090789178
0.000365532106402817	9.38787977600288e-05	0.00665075999910322	0.954303495260172	0.0211264773705518	0.00120007197255823	0.00903516950482339	0.00713073619086752	9.38787977610918e-05
0.00211511476989462	0.000924391660040795	0.00119982537913693	0.949029401923584	0.0140655105944011	0.0132609168728085	0.0148089144213336	0.000128595151534086	0.00446732922726618
0.00257706486635446	9.31789036470268e-05	9.31789036589268e-05	0.953563976755497	0.0194952037536175	0.00772838615102858	0.00597643285560289	0.00982714954773021	0.000645428262863538
8.92955404231394e-05	8.92955403833826e-05	0.00385011889479336	0.938414400523136	0.0187329578131196	0.00404656228543043	0.00513887297020206	0.00990498169559056	0.0197335147369215
0.000127031393514958	0.00894525993520705	0.000127031393555388	0.944025991514357	0.0160974443836108	0.00427499658944434	0.0111233652998144	0.00107270584372423	0.0142061736467723
0.00275265671312712	0.000129834501689398	0.00911091968379902	0.931320382254066	0.0332605635020606	0.0105595951070548	0.00488750054998556	0.00775806130270946	0.000220486385507603
0.000127850357884559	0.00835721978913174	0.000127850357824003	0.962572661689368	0.00781877206144057	0.00745046086308253	0.0023602147607343	0.00827678214139063	0.00290818797914323
0.00253217746541333	0.00253812344094693	0.003735232135514	0.95665417647286	0.0159880267872027	0.00946728037026541	0.00890642545506581	8.9278936375174e-05	8.92789363563672e-05
0.000964169874928645	0.00845592697044989	0.0262422827082093	0.925543640736074	0.0145753474998024	0.00479798650113382	0.00651434736920732	0.00717159900046224	0.00573469933973214
8.97341408181414e-05	0.0261121930162358	0.00415405856038756	0.937088073190618	0.0171834467200457	8.97341408416704e-05	0.0127281544774697	0.00103204671682237	0.00152255903676072
9.11779062174478e-05	9.11779061680026e-05	0.0123218608079376	0.952576944031416	0.0162539722815196	9.11779062808893e-05	0.0059851984392788	0.0107989624116858	0.00178952830949572
0.00484483943989945	8.98137320317103e-05	8.98137320538006e-05	0.928379043892246	0.0376651873279839	8.98137320366459e-05	0.00728012486648006	0.0173740699930986	0.00418729328416979
0.00385054025386323	9.43472713395154e-05	0.00988398448531506	0.951127875687374	0.0329032708420128	9.43472713407571e-05	0.000993816489128368	9.43472713397118e-05	0.000957470428286708
0.000802661829741535	9.22884990139359e-05	0.0124764560341282	0.951477470920192	0.0111083371579474	0.00992078920625855	0.00468572206496572	0.00272352052544195	0.00671275376231068
0.00188803193021243	9.02751705957723e-05	9.02751705804289e-05	0.964279625212389	0.00922265622496767	0.0152886308931966	0.00817563189879869	9.02751706229067e-05	0.000874598328636702
8.81923667036115e-05	0.0133490246240863	0.00280486104848893	0.960605504509477	0.0070033279474104	0.00487959608767781	0.00562317324590316	0.00555812780355813	8.81923666949881e-05
0.00446451940002941	0.00819027896257032	0.00532692055620113	0.954398568740749	0.00856867249710865	0.00629077768361145	0.012581628211574	8.93169740599943e-05	8.9316974096478e-05
8.83513550796745e-05	8.8351355107673e-05	8.83513550637017e-05	0.972101712150166	0.0116567714309577	0.0138507648885843	0.0019489947550076	8.83513549777497e-05	8.83513550553566e-05
9.13487872306084e-05	0.00255513481037969	0.00337997759667985	0.952588462171985	0.0200448480055062	0.0104894291363627	0.0062643948649884	0.00318549854717702	0.00140090607969007
0.00342320521864949	0.00743894949591997	0.000127439875459345	0.956562775365378	0.0164721986744355	0.000919574723917054	0.0122424301452486	0.00268598662553439	0.000127439875457331
0.00868807919491103	0.0102842425961375	9.06299124682366e-05	0.952242247493952	0.0120139648427625	0.00693140084830534	0.00956817528649638	9.06299124883799e-05	9.06299124789167e-05
9.29413971496542e-05	0.0047319345260224	0.0027118208637001	0.950689661034156	0.0161624782942072	0.0134494023508794	0.0119758787395734	9.29413971576766e-05	9.29413971545971e-05
0.00149567932666101	9.0512758286891e-05	0.00400476343754145	0.948578301386859	0.0276675729876676	0.0123560134561091	0.00531678769765402	0.000399856190889758	9.05127583310109e-05
9.22459145644148e-05	0.000932599685169281	0.00260155584790315	0.951525017361023	0.0214607906771428	0.0147577771203218	0.00844552156474909	9.22459145641309e-05	9.22459145624063e-05
0.000761751588637663	0.00473678533754451	0.00481099945067381	0.934862609521987	0.0271788117659543	0.00567502040066955	0.00378168684383147	0.0106051453710718	0.00758718971963028
0.000133878294704687	0.000133878294697245	0.018848188698127	0.953399247871092	0.011855584903221	0.00517504871123794	0.00154398830035387	0.00565791447376491	0.00325227045280157
0.00258293044787631	0.0059946490337284	0.016803243500042	0.936633310594634	0.0135505390957487	0.00390326642149878	0.0116515281783666	0.0048167173748905	0.00406381535321433
9.07042408060244e-05	9.07042407376026e-05	0.00571979074162952	0.939110098798676	0.0276771033001032	0.0143693237112672	0.00495995297538244	0.00217984234517037	0.00580247964622756
0.0156407343482131	0.00946367458904333	0.160842481113936	0.6849587578867	0.0211514906674135	0.00881081262498062	0.0763561459295313	8.57064523840053e-05	0.0226901963877982
0.00146707456978938	9.2340146697891e-05	0.00695846077272747	0.949869371845622	0.0300421331519097	9.23401466340519e-05	0.000744651009903211	0.0106412882100634	9.234014665291e-05
0.00973236731786859	0.0118093745703037	0.00335766918159133	0.953661701991013	0.0138647062776614	9.27456761675784e-05	9.27456761722737e-05	0.00729594363305009	9.27456761722739e-05
0.00100944904022664	0.0161283942566975	0.00113694154341358	0.969125088368421	0.00626873777676118	0.00264155370139558	0.00136799961547018	9.00344128964432e-05	0.00223180128471785
0.00282195291514894	9.21115668452443e-05	0.0350963083580888	0.927733596391095	0.014683345821986	9.21115668176057e-05	0.0111123859164768	0.00827607589682878	9.21115667129803e-05
0.00275712018005493	0.010636073625752	8.89915442387138e-05	0.944136125622843	0.0225044987148433	0.00298162769168926	0.00856794613438845	8.89915441807472e-05	0.00823862494200963
0.00240392743025367	9.1832794084669e-05	0.00196448797889516	0.96285420861746	0.0208735306549184	0.00138860557010647	0.00555301024304539	0.00332527866730917	0.00154511804392738
8.95995750450456e-05	0.00686616816945368	0.00142914151817491	0.957585561688024	0.0189081784591353	8.95995752407943e-05	0.0125016571273846	8.95995749474241e-05	0.00244049431259399
0.00166665829049787	0.000129206755507734	0.00140788822199104	0.933633365918871	0.0294204962160586	0.0110534122526095	0.0145290736042195	0.00671881094518847	0.00144108779505595
8.96960954567134e-05	8.96960954448302e-05	0.00365025247151793	0.955226149765016	0.00923428302511241	0.0158403066969928	0.0122386079806151	8.96960953667314e-05	0.00354131177447769
8.99525680106865e-05	0.00350709955490969	8.99525680497626e-05	0.959919240389761	0.0173381635024535	0.00739673029415357	0.011478955986602	8.99525680139523e-05	8.99525680455068e-05
0.00242432652678993	0.00681149191190796	0.00036219634236164	0.957049773300369	0.0237364158466334	0.00717504449785309	0.00225794564194634	9.14029660493348e-05	9.14029660890758e-05
0.00198265784350436	0.00262028073836995	0.00144931409611478	0.969375705824232	0.00852882232765025	0.00867206347886871	0.00576400077235371	8.89480530060508e-05	0.0015182068659002
0.00110881022606546	9.23861639006681e-05	9.23861638937376e-05	0.955738736178868	0.0106781612804624	0.00302383876917441	0.00959237135408221	0.0195809236996596	9.23861638937382e-05
8.83981387126519e-05	8.83981387155637e-05	8.839813872304e-05	0.969001031387413	0.00662173596025914	0.0168852172304747	0.00283473369447556	0.00132456102944053	0.00306752628178554
0.00391876480658128	0.00675389980483684	9.09718835827219e-05	0.95469564084145	0.01481832567058	0.0107006417441788	0.00883981148165691	9.09718835510634e-05	9.09718835827233e-05
8.87333646318374e-05	8.87333646162334e-05	0.00119000880724773	0.971185044496073	0.011086047541675	0.00817917015789307	0.00586728194299442	0.00222624696026825	8.87333646005765e-05
0.00278846963795003	9.15560361699206e-05	9.15560362411599e-05	0.971012748381703	0.0112780159589053	0.00812356400350232	0.00414073760918165	0.00238147730535432	9.18750309920855e-05
0.00188994668914198	0.0042887620324684	0.0098960208579949	0.957150293973861	0.012066235249608	9.46093449827374e-05	0.00669787670492133	0.00647214609946758	0.00144410904755387
0.000842534429104395	0.000353195313692234	0.00903442313500511	0.938760197021985	0.0360094509862246	0.000130599271458119	0.00600023011852879	0.00759034281464735	0.00127902690935423
0.00199339615142356	9.16283727007293e-05	0.00104098987088518	0.958340590005211	0.0271054327328461	0.00637682849682579	0.00364432442413734	0.00131518157326192	9.16283727083428e-05
0.00186194018659761	0.00633201575499927	0.00154860705574322	0.959824576246121	0.0181728190963449	9.06150742709234e-05	0.00377365525161185	0.0038958776259269	0.00449989370838436
9.26685146989691e-05	0.00877713814190383	0.00384819176808611	0.963671167410498	0.0145687018045971	9.26685147117461e-05	0.00113240497851835	9.26685147265664e-05	0.00772439035225991
0.00234797894380312	0.00282163958664073	0.0388081599993986	0.931880546901257	0.00742256556171637	0.000132310444092109	0.00510829881476528	0.00323933376817934	0.00823916598014733
9.40602104424724e-05	9.40602104234831e-05	0.00270905636676744	0.954781391784825	0.0199114476243023	9.4060210495673e-05	0.005204068137417	0.0128051310713202	0.00430672438400603
9.15241485333736e-05	9.1524148523415e-05	0.00520444553634543	0.965332987034807	0.00907784613230254	0.012054436260139	0.00656198929535939	0.000471985441023147	0.00111326200296667
0.000397437548242607	0.00336974560144877	8.86764942530659e-05	0.963199809110933	0.018639198105175	0.00145417027297585	0.00384484889502554	0.00412786163480601	0.00487825233713968
0.000836554373670166	0.00531629289270685	0.0323993449677734	0.910128434991696	0.0199215622424138	0.000132451932874385	0.0148738428328451	0.0162590638330737	0.000132451932946193
8.91599340076727e-05	0.00848083889331356	8.91599340491072e-05	0.96875758474897	0.0151460944260231	0.00300347638637593	0.00418496239034722	8.9159934026161e-05	0.000159563352886863
0.000774660585644046	0.00352748721554524	0.00013283338345132	0.953863474497579	0.0282568042685417	0.00777058855936317	0.00471966303524691	0.000821655071185083	0.000132833383443493
0.00929810125421316	9.14253197144408e-05	0.0625634054853609	0.875283485261718	0.013481546145772	9.14253196851425e-05	0.0126448047249897	0.0264543811688143	9.14253197319713e-05
0.00149459514497038	9.1467114567209e-05	9.14675607259753e-05	0.957158638221076	0.0226297106419854	0.00273037358863298	0.00317556818938056	0.00513290799004412	0.00749527154861717
0.00182417082503368	0.000787704888926502	9.07255411693702e-05	0.96462130995124	0.0108012783879214	0.0115770293944124	0.00758760656916051	9.07255411127944e-05	0.00261944890102379
9.22678065314826e-05	9.22678065394818e-05	0.00134294897254381	0.95261465084474	0.0321981578928789	9.22678065171032e-05	0.00561479295612825	0.00786037810759256	9.22678065286141e-05
0.0015924299405001	0.00404309455038984	9.13230048034586e-05	0.948711019274624	0.0273714510367912	0.00733840905320735	0.00661092609284176	9.13230047709392e-05	0.00415002404207121
8.83700006095029e-05	0.00342471464511016	0.00193884327041785	0.970395166678087	0.0113386647081631	8.8370000448522e-05	0.00857307119351766	0.00406442950306564	8.83700005807325e-05
9.08886673267269e-05	0.0114734047062243	9.08886673171918e-05	0.960160613297885	0.0130326314143351	0.00513676880828042	0.00920144426985975	9.08886673089869e-05	0.00072247150146269
0.00841628467943868	0.00135236642614226	0.0035601421016683	0.955922400303557	0.00738903390149202	0.00871651155104118	0.00803490560109569	0.000130380821923811	0.00647797461364088
0.00310062647194386	0.00823952694253799	0.000872278747316001	0.952514213574334	0.0083858474721533	0.00154012142132941	0.01495765534616	8.79076673577407e-05	0.0103018223568676
9.25624334083369e-05	9.25624334665825e-05	0.00271418886301472	0.96001678914477	0.0142906800292695	9.25624334482687e-05	0.0119450883655378	0.0106630038636417	9.25624334438617e-05
0.000519044594833816	0.00633093111447791	0.0023067785964164	0.963029234992198	0.0140722495831103	0.00167576383903226	0.00696195976136604	0.00366591387414608	0.00143812364441895
8.79067315856208e-05	0.00453560894664378	8.7906731525408e-05	0.968539399679845	0.00971643989737908	0.010728985823959	0.0050506765428775	8.79067314950614e-05	0.0011651689146898
0.00230710190838773	9.22989767035507e-05	9.22989767103723e-05	0.959694374879779	0.0170234613267344	0.0127127841410845	0.00677583896825216	0.00120954184563706	9.22989767108918e-05
8.95069560388203e-05	8.95069560823481e-05	0.000317097963472345	0.969066817222299	0.0118289506219523	0.00161239419536002	0.00833756644964312	0.00692428145547082	0.00173387817968072
0.00327132033112618	0.00233012963633468	0.00623490836313464	0.944294207363726	0.0207850417904957	0.0104413025203687	0.00673496292650051	0.0014043543887222	0.00450377267959156
9.03455063988104e-05	9.0345506249397e-05	9.03455063823751e-05	0.958124497519715	0.00955748711850366	0.0215290801607902	0.00959397133758049	9.03455063560339e-05	0.000833581838024134
9.37124588952611e-05	9.37124589197375e-05	0.00135938534900141	0.954977217410456	0.0228691974065584	0.00530141697780073	0.00931545444081962	0.00589619103862769	9.37124589208022e-05
0.00609644911537861	9.24129635569216e-05	0.00124825128785528	0.953125413627936	0.0160339870536799	0.00380726849457873	0.00639314549292862	0.00775497903504396	0.00544809292904196
0.00319955776031491	9.41816809343672e-05	0.0183875004815745	0.936116505092693	0.0139808749938233	9.41756360834545e-05	0.0106304654461892	0.0174025632723098	9.41756360779309e-05
0.00148312673900197	0.0065887006537226	8.99201311376337e-05	0.958119536251072	0.0159021644826552	0.0111302526547425	0.00650645882543689	8.99201310927867e-05	8.99201311382614e-05
0.00179285022909966	0.0116371515022264	0.00921533333672407	0.945005004648134	0.0124726223405301	0.0062027947279798	0.00982350112446204	0.00128247637695579	0.0025682657138883
0.00157540166258382	0.00328654733222349	0.000604373386214872	0.960702962838004	0.0140566036964146	0.00820374852365963	0.0068986386166446	0.00402099290929585	0.000650731034959015
0.00101025209998795	0.00118718888040996	0.00614488807247564	0.969212755407172	0.0130732946612554	0.00423000708440019	0.00487849069559229	0.000173949500483436	8.91735982232217e-05
9.45081428090709e-05	0.00445147187493137	9.4508142823064e-05	0.96201884838361	0.014325420269343	0.0103862450549182	9.45081428230641e-05	0.0029355887062148	0.00559890128252718
0.00553320465834865	0.0023342201030724	0.00266329326210612	0.973640662189631	0.0101963445852521	9.24590235177341e-05	0.00535489813107277	9.24590234675087e-05	9.24590235319528e-05
9.25387418330328e-05	9.25387417723906e-05	9.25387418011941e-05	0.966313778249582	0.018694710597679	0.0129936739961991	0.00153514344750958	9.25387418225262e-05	9.25387418011948e-05
8.99823250236001e-05	8.99823250207671e-05	8.99823250650272e-05	0.957828898501507	0.0156998218724959	0.0111375106144726	0.00184473109041028	0.00161096638368004	0.0116081245623246
0.000663385115561409	8.80633401516707e-05	0.00133226383161422	0.969403636301225	0.0124395037251462	0.00205999458521738	0.00867860435454371	8.8063340101352e-05	0.00524648540643945
9.07793520925652e-05	9.07793521616044e-05	0.024757486223233	0.94313430314558	0.00926534083829017	0.000868320347178196	0.0107108808395125	0.0109913305498596	9.07793520926501e-05
9.08612182143243e-05	9.08612182265773e-05	9.08612182269102e-05	0.948469473392475	0.0232766728970732	0.0132354494983128	0.00793065632264538	0.00672430301660672	9.08612182186736e-05
0.000880698788930669	0.0013614992003785	0.00142658106603189	0.960421764368808	0.0172576379240068	0.0103027523580939	0.00809319161202982	0.000127937340891342	0.000127937340829189
9.18867185424942e-05	9.18867185219347e-05	0.0100919423623899	0.947237668052441	0.0230097158459484	0.00411684776278665	0.00413381058169154	0.00427167008933217	0.0069545718683462
0.00260455914991875	0.00797718886551249	0.0057610700776619	0.966858224793867	0.00823658425973831	0.00100190776307812	0.00737699411833605	9.17354859414253e-05	9.17354859459749e-05
0.00548250152468205	0.00461230430579608	0.000127017241745724	0.959807444506368	0.0173009023047652	0.00683311781711934	0.00484588474924804	0.000127017241649236	0.000863810308625915
0.00198128530488372	9.18977151502446e-05	0.0018570616941751	0.955912303309607	0.0256520803249616	0.00833507937687721	0.00277162727930442	0.00330676727988119	9.18977151600678e-05
9.09393506708649e-05	9.0939350723099e-05	9.0939350663036e-05	0.971120021310835	0.0107144157120908	0.00344871595600076	0.010117148174402	9.09393506925891e-05	0.00423594144392145
0.000127413434378595	0.00658274091801949	0.00284060200222758	0.945465253024627	0.0239313183612096	0.00399888145857468	0.0114904195525697	0.00449863158734186	0.00106473966105101
0.00140594196001554	0.0121211561466677	0.00279113576683905	0.950652507459832	0.0216710997736518	0.00152944556536959	0.0096505464908483	8.90834184068927e-05	8.90834183690237e-05
0.00259741605832154	0.00360555028525449	9.02956079896302e-05	0.960327735144076	0.0174182543277708	0.0107486675109123	0.00503148984947523	9.02956081670028e-05	9.02956080328327e-05
0.00519655064754116	0.00659630298866166	8.89021224962297e-05	0.96910281894982	0.00364673801375473	8.89021224772334e-05	0.0110723047056936	0.00411857832705505	8.89021225005396e-05
9.21883792015467e-05	0.00466291684039555	0.0130384715024886	0.954740698775934	0.0152182314475536	0.0119709279168049	9.21883792091938e-05	9.21883792076117e-05	9.2188379204648e-05
0.00211836955764695	0.00122878563504085	0.00940564334461222	0.943117788411378	0.0136203499983491	0.00664669795286734	0.0143764892783225	0.00935650657881125	0.000129369242972105
0.00101610597280292	0.000594471597679842	8.97467550725134e-05	0.964892969725757	0.0226469798152606	8.9746755017006e-05	0.00442927199597503	0.00615096062735442	8.97467550804992e-05
0.0412661548598207	0.017872642393847	0.0447047065313301	0.696063747633204	0.0190003833350281	8.66633978326975e-05	0.100331101045807	0.0562206581488575	0.0244539426542736
9.13960242327611e-05	0.00128239010441245	0.0119526153306503	0.940718614515925	0.0168948912245699	0.0101511918748816	0.0138498478921411	0.000977052347872371	0.00408200068531476
9.0853366921716e-05	0.00245923661080288	0.0063898452805403	0.950261407234424	0.023133077621746	0.00958200982917755	0.00543169409944578	9.08533669031005e-05	0.00256102259003875
0.000133070485586304	0.00849823667394983	0.0227630946408012	0.946042755376396	0.0095418187740075	0.000355172625216762	0.00638076583343177	0.00615201510476484	0.000133070485846143
0.000866132674892025	0.0069326115475049	8.91514162697864e-05	0.940144168919446	0.0227644284633729	0.00692034186789083	0.00950428968150278	8.91514162863248e-05	0.0126897240128341
9.24547411799707e-05	0.00404887042008747	0.00191669489353016	0.966806394539894	0.0181372731467217	9.24547411416736e-05	9.24547411632664e-05	0.00668466484234372	0.00212873793393826
0.00871282466580714	9.22051930456814e-05	0.0429699777813726	0.895389459841696	0.014934629624097	9.22051930643486e-05	0.0204971824892411	0.0172193100185978	9.22051930785637e-05
9.19865203336526e-05	0.00542163098065511	9.19865203504178e-05	0.968735474949158	0.0153931219492597	0.00325969597485495	0.00682213006467066	9.19865203669486e-05	9.19865203504165e-05
0.00100946525759791	0.00329768430237026	8.94520062160324e-05	0.953561047636575	0.00989993535079331	0.0116969873073218	0.0183350946387265	0.00030029421250945	0.00181003928788974
0.00428409611661391	0.00181769376254986	0.0175803734776432	0.892963642981638	0.022456534025581	0.00336572348467763	0.0396077854227761	0.0157790552809483	0.00214509544757192
0.00112828045107455	9.34202389012708e-05	0.0424573053548611	0.92794999959022	0.00631400033647957	9.34202388590757e-05	0.0062695183031464	0.0121988689699279	0.00349518651653016
0.0016418894726988	0.00702517134695116	0.00235688079583395	0.961187673806739	0.0181152254484069	0.000127322435494165	0.00451241248278138	0.000127322435370036	0.00490610177572485
9.36055923640415e-05	0.00343418755336586	9.36055923676791e-05	0.95922782831964	0.0212383508426394	0.0105390895612231	0.00518612135380535	9.36055922324702e-05	9.36055923617199e-05
0.000133105868569024	0.00417700111169981	0.00955793172619398	0.9602408269226	0.0160148961621	0.00454920692616631	0.00506081954559886	0.000133105868451638	0.000133105868620647
0.00340477072354295	8.99328036380137e-05	8.99328037082411e-05	0.960760735604053	0.0124768603340702	0.0101894998623315	0.00597783723334171	8.99328037504821e-05	0.0069204978315635
0.000670558805748012	8.98110501211252e-05	0.00237034249258635	0.952843055040526	0.0184335024962761	0.0186217769053726	0.00679133110905702	8.98110501748237e-05	8.98110501377071e-05
9.04251132734597e-05	0.00366639789388832	0.00122703421825373	0.950704224896576	0.0145295981010865	0.00918350254144312	0.0100003677525877	0.00504587029074102	0.00555257919215049
0.0111838990654469	0.00299010669381195	0.00400227936763274	0.954874969906954	0.00918793405958117	0.0136130171239611	0.00132826795238812	9.16743938099421e-05	0.00272785143641374
0.000959601157739837	0.00356785433702238	0.00652072618623725	0.953296387259254	0.019670865762597	0.00580186871145506	0.00118057958900842	0.00886754480574908	0.000134572190937026
9.30730735258472e-05	0.00100109039192355	0.000819371817029514	0.959469396895582	0.0148256975230996	0.00155294861146683	0.00647778825810107	0.0156675603557456	9.30730735259243e-05
0.00592935047442224	0.00858151975486486	9.23652313285448e-05	0.956656249761564	0.0200931691041752	0.00355941982203135	0.00490319538896939	9.2365231320239e-05	9.2365231323839e-05
0.000780910337716311	9.1762397353623e-05	0.0163208672211352	0.950840257831488	0.00966952774541321	0.0110925036593384	0.00551108605276069	0.00560132235740617	9.17623973885775e-05
9.48434759324805e-05	9.48434758466308e-05	0.00401267788989845	0.969511759860859	0.0114538816083244	0.0012694870625061	0.00587594107616914	0.00669033430776298	0.00099623124270028
0.00247287844984127	0.00738446135882106	0.00462415756393327	0.966640925977194	0.0185154994989338	9.05192877791298e-05	9.05192878117038e-05	9.05192878746267e-05	9.05192878117039e-05
8.96057150582604e-05	0.00979528369230423	8.9605715083082e-05	0.956807257762295	0.0167983334738628	0.00912706958854484	0.00634408902514268	8.96057150987014e-05	0.000859149312610588
9.26941938100226e-05	0.00175119203040677	0.00370522530465827	0.957217795522524	0.0205877815736475	9.26941937498099e-05	0.00621933790123867	0.0102405850862322	9.26941937328757e-05
0.000132295671916645	0.000132295671858608	0.00994716768057612	0.94952290371507	0.0206294048528599	0.00528407532094162	0.00241727384965251	0.0108209225963202	0.00111366064080462
0.00153779547244692	0.00886573193103764	8.80120171666521e-05	0.943954174316484	0.0154722518032185	0.0155848490241486	0.00681331213804411	0.00180786058506275	0.00587601271239056
0.00746286534539082	0.0082556764630403	8.83547166085315e-05	0.970558968411995	0.00668173572004356	8.83547167956561e-05	0.00571509985994137	0.00106059004958216	8.83547166024299e-05
0.00143868249804243	0.000131875216160877	0.000703635044922747	0.949742386636579	0.0234602521264733	0.00794451438446921	0.00802314862741683	0.0079360483884055	0.000619457077530501
0.00210394479084496	0.00422152444302803	0.00673519577046213	0.930949408687098	0.0260621907708927	0.0056194399942811	0.0135985405741473	0.000131297847556953	0.010578457121689
0.000126688012082618	0.00346111939055332	0.00276932922621449	0.962983162649105	0.00934302105196633	0.000126688012127338	0.0067464137345921	0.00756775391076401	0.00687582401259481
9.13345160858147e-05	9.13345161095635e-05	0.00468162012822646	0.950851129850986	0.0194235293766265	0.0166022005922734	0.00716243402781273	9.13345161183454e-05	0.00100508247576143
0.00365551647855957	8.7868874890217e-05	8.78688749241385e-05	0.957756891127211	0.0140442706449402	0.0141890609367427	0.00974074075221649	0.000349913435595039	8.78688749202653e-05
0.00142222720467238	9.05238300244975e-05	9.05238300122223e-05	0.969522670851463	0.0161519087228374	0.00999719334416559	0.00254390455680467	9.05238300079533e-05	9.05238300122227e-05
9.11029799992604e-05	0.000947165552597555	0.00153099418687382	0.962953543132085	0.0242149287198519	0.00264186828408506	0.00486495644068514	0.00266433772381326	9.11029800091066e-05
0.00266297125680081	0.00634760343564929	8.95986218530482e-05	0.953893955089956	0.0211906514849152	8.9598621803852e-05	0.0125111834176464	0.0031248394495268	8.95986218488121e-05
0.00289238210929082	9.21803621747708e-05	0.00614860581635074	0.955178835798436	0.0127593104193046	0.0148304678317091	0.00396278163501077	9.2180362292649e-05	0.00404325566543088
0.00022578423000787	0.000133621527512275	0.00278155627126276	0.961067730541437	0.0108198651730274	0.0120350064437831	0.00809674007150385	0.00278394204980613	0.00205575369165989
0.00412142540822145	0.000131427853379016	0.00195183169611106	0.956492916684329	0.0178199174805019	0.00876076802461912	0.00710914887944443	0.00222807047547017	0.00138449349792431
8.93632246156135e-05	0.00299825247276511	0.0104615813903781	0.968370994440136	0.010132933436899	8.93632245770794e-05	0.00461305386248219	0.00315509472353194	8.93632246145787e-05
0.00152246686933919	8.9758746500805e-05	0.00309277099023942	0.961926240005118	0.0182190879249557	0.00708535119672484	0.00788480677440931	8.97587463112374e-05	8.97587464010942e-05
0.00360915793769573	9.22670671659565e-05	9.22670671928983e-05	0.950368281116658	0.0221847315463086	0.00722839753743286	0.00828910216463907	0.00428798950108994	0.00384780606181632
9.25839575996756e-05	9.25839575866508e-05	9.25839576114286e-05	0.956410083661917	0.0243251830050522	0.00188329766475089	0.00336657162998365	0.0022229094066803	0.0115142027588179
0.000501196228471041	0.00873124506053089	9.04556242148824e-05	0.960060421768743	0.0101957671992841	0.00917658556108286	0.00958705366261625	9.04556243116842e-05	0.00156681927074546
8.83095356595289e-05	8.83095356459501e-05	0.00216199476134487	0.974890392170747	0.00641017709872334	0.00559895164741448	0.00363032112300864	0.00704323459181649	8.83095356394005e-05
0.00123007959524823	8.99842469555183e-05	0.00239940547970394	0.959772523707984	0.0147054597102692	0.0116435061430118	0.0063303282679957	0.00245233407939869	0.00137637876943303
8.89862476586074e-05	8.89862476160545e-05	8.89862476294233e-05	0.960809971271135	0.0136452424974314	0.014729880452809	0.00717961179342194	8.89862475966025e-05	0.00327934899470206
9.04997623306632e-05	0.00211393319599951	0.00678066613687084	0.97406717417482	0.00914563994454159	0.00132063320016606	0.00380356753935573	0.00258738628358957	9.049976232541e-05
0.000216384881600905	9.3774715665673e-05	0.033150329230963	0.922046095750122	0.00931408750103561	9.37747155873395e-05	0.00918227019697306	0.0225540212552889	0.00334926175276301
0.001311575849029	8.6368723488341e-05	8.63687235373794e-05	0.963623112800563	0.0152807584518331	0.00484442059518383	0.00899625346673801	0.00538569959226327	0.000385441797363967
0.00129060303437047	9.10036628844373e-05	0.00190709004312366	0.946354912309212	0.030581363750261	0.00647337477548905	0.0129482754569126	9.10036629292164e-05	0.000262373304817341
9.02139384738839e-05	9.02139384327458e-05	0.00301717281051758	0.958890532248977	0.0118245365330872	0.0153329695389105	0.00530407647688863	0.00113880533368688	0.00431147918102577
9.16457679017859e-05	9.16457679164667e-05	0.00104229575043232	0.968183398759181	0.0161880307274863	0.00367688047651943	0.0105428112147894	9.16457678676855e-05	9.16457679056068e-05
9.12112799679957e-05	0.00599450938838745	0.011626513766378	0.942858767499311	0.0133256383432222	9.12112799881073e-05	0.0202344676399127	0.00143820593620556	0.0043394748666267
0.000438037228832406	0.00354498068599927	8.93831499457451e-05	0.963115420155803	0.0157354514399491	0.00147158938709958	0.00167174170609073	0.0104850439976101	0.00344835224867053
0.00155211655488497	9.27449114092564e-05	0.00498416575606903	0.949160724628922	0.0319122189123875	0.00642973261718643	0.00556548842104124	0.000210063286679665	9.27449114200817e-05
0.00438531825186946	0.000132079300032822	0.00680011472194508	0.950225453724633	0.0233812005005926	0.00542740105698399	0.00693261320852426	0.00258373993535134	0.000132079300067144
0.00473874407387114	0.00012877537717545	0.00389401802202822	0.952223443250096	0.0184337313917249	0.015559413810149	0.00385272644434502	0.00104037225343911	0.000128775377171498
0.00598565828398038	0.00208999866927985	0.000868601995105473	0.956387634939604	0.0148744544854985	0.00108838796975397	0.00663344708209544	0.00960288098285218	0.0024689355918305
0.000127470012572766	0.00980206704975096	0.00728597806890784	0.941053281811767	0.0202987288655566	0.00540373824347313	0.00808890215969914	0.00613903578846075	0.00180079799981212
8.99556684141343e-05	8.99556683837224e-05	8.9955668416842e-05	0.955375931746486	0.0158850690054049	0.0200246467153412	0.00519137138081093	0.000574567664090462	0.00267854648265194
9.15088028934239e-05	9.15088028798055e-05	9.15088028762805e-05	0.967115080595118	0.0154487080215061	0.0110856426201588	0.0051852157376112	0.000799317814089461	9.15088028675768e-05
0.000490409080455828	0.00457204703085661	8.88475313914757e-05	0.960846455418211	0.00948145165765577	0.0119575861190096	0.011471371853756	0.00100298377726934	8.88475313943355e-05
0.00336699415784112	9.2519843887547e-05	9.25198438518633e-05	0.944859343085674	0.0177884096347896	0.00959333818518342	0.0132981966970373	0.00440609471452217	0.00650258383721347
9.14474236229706e-05	9.14474236831517e-05	0.0141906956358677	0.935206336371247	0.0121545547287762	0.00958159172358409	0.0082616029092896	0.0108476934543017	0.00957463032962727
0.00356030462814875	9.19541414528638e-05	0.00407032335772693	0.963881369247377	0.0167291358667665	0.00582148573674021	0.00566151873887632	9.19541414541432e-05	9.19541414571668e-05
0.00159887481428272	0.000132098571665472	0.0138575676117235	0.920648051992687	0.022551940573778	0.00431534596511524	0.0203100437054311	0.016453978193648	0.00013209857166859
