Bcells	CentralVeinEndothelialcells	Cholangiocytes	Hepatocytes	Kupffercells	LSECs	Mesothelialcells	PortalVeinEndothelialcells	Tcells
0.0416677778553269	0.0182663103186982	0.000132248039840639	0.719255181759058	0.141916944211362	0.00792631284164456	0.0129295875066694	0.00921114353221259	0.0486944939351873
0.0196072398299892	0.0411345275340163	8.98561537085635e-05	0.835999016382001	0.0696495190590076	0.0129724831202077	0.00823850339063833	8.98561537121802e-05	0.012218998376719
0.0161245696920853	0.0501211861298669	9.30450810379541e-05	0.835043491899906	0.0946771562843262	9.30450810379535e-05	0.00366141566966339	9.30450810379503e-05	9.30450810379542e-05
0.0190185698474898	0.0209676070608202	0.00442916701864336	0.791640587513158	0.0488764005720666	0.0181381806304766	0.0201152035796631	0.0433935185861734	0.0334207651915092
8.60005679896171e-05	0.0824396335343438	0.00106116573671275	0.785439235901723	0.0921514612164903	8.60005679896179e-05	0.0174949453660971	8.6000567989617e-05	0.0211555565406637
0.00489466413741329	9.18494080056621e-05	0.000120173653248722	0.851117454891479	0.0643448321583691	0.0340437827244298	0.00977100474250117	9.18494080056651e-05	0.0355243888765472
0.0097401683737901	0.0376257771018478	0.00251619952653095	0.829663483771958	0.0468504792509859	0.00444799030370802	0.0265570664086621	0.0179044544895298	0.0246943807729872
0.0143782918871888	0.0175652300225537	0.00685058080801086	0.833664858510672	0.0581283919871174	0.0416659614476161	0.0046825820692709	9.06312607333662e-05	0.0229734720068367
0.00681421813527864	0.0512834313725158	8.79960809127197e-05	0.846243764081398	0.0378761187745535	0.0163649154471419	0.00178447225691481	0.0153591215567614	0.0241859622945234
0.00370858398788113	0.0198868263585088	0.00484630542821418	0.767802090066791	0.0780829983797413	0.0264360203497213	0.035816228847625	0.0124464638473335	0.0509744827341842
0.0146563942142758	0.0711443903829104	8.67162493660998e-05	0.775179901783041	0.0570748810602303	0.00244287497730706	0.0646066822122408	0.0147156150950522	9.25440255769926e-05
0.0259310269680359	0.0387347633306848	0.00230469135030569	0.785892827307483	0.0358432419164018	0.0333340873848904	0.0460261994345172	0.0245635085430425	0.00736965376463903
0.0322628318743127	0.0513867540153091	0.000127760935134595	0.83123015688944	0.0377051121782678	0.0139413483340476	0.0276021254571311	0.000127760935138697	0.00561614938121888
0.00649921949550912	0.0217926565168505	0.00153290045164415	0.816689872549919	0.0926602566224805	0.0253486804474339	0.00558354384225296	0.000134939760624007	0.029757930313286
0.0325383090409446	9.11218106814974e-05	9.1121810682059e-05	0.792648040352151	0.0595826875417967	0.0426297425314861	0.021692908851515	9.11218106814998e-05	0.0506349462500619
0.0212259461286513	0.00013015095385115	0.00356618787353684	0.820311105642898	0.0764912089734672	0.0255255771237626	0.0117745230204034	0.0109266876297589	0.0300486126536705
0.00742948834642483	0.0699315074360973	9.28456049388022e-05	0.778108252579814	0.0973682652880106	9.2845604938249e-05	9.28456049382489e-05	0.00825736972448022	0.0386265798103582
0.0126575876581848	0.0288064595271647	0.00526278265990048	0.818906821583861	0.0806552801024378	0.020455304044689	0.0254723938739022	8.88081631741072e-05	0.00769456238668551
0.0488163609168803	0.0227005417330548	8.96723665851368e-05	0.757977388035542	0.0940425013328573	0.0182110592450588	0.015005891614339	0.0362572876290295	0.0068992971266533
0.0254900956018672	0.0185887904824437	0.000813508920010671	0.822833290160638	0.0294719072444559	0.0164867317290195	0.04077614821101	0.00408722004103574	0.0414523076095188
0.0133886862172783	0.0228398494343318	9.05375489734589e-05	0.819723928722419	0.0587195744431958	0.0226160063012284	0.0328426807920977	9.0537548976484e-05	0.0296881989914992
0.010039005650268	0.0128926249440184	8.8872944233002e-05	0.773530480263764	0.0923944402068531	0.0277541161156098	0.0350889260671661	0.0156930622917684	0.0325184715163195
0.0291753482881119	0.0318475440132799	9.07411985047963e-05	0.807741965648611	0.0804233335308744	0.0384160361956781	0.0114114516462543	9.07411985070679e-05	0.000802838280178085
0.0113345460253401	0.0115229565808926	0.00281619672739782	0.775060332643994	0.0938010130791619	0.0476695236961721	0.0120594484085293	0.00165708304788738	0.0440788997906243
0.0158294179378724	0.0322763763352677	9.3551685951556e-05	0.845562384589954	0.0771811825122169	0.0253223312915001	9.35516859509791e-05	9.35516859509787e-05	0.00354765227533601
0.00969155030456446	0.00457485149618235	0.0114173696906924	0.831297017480623	0.0406459170934362	0.0395023603513787	0.0255889728868996	0.00451372417430566	0.0327682365219177
8.90891813355981e-05	0.00592285119531966	8.90891813354628e-05	0.836036966208673	0.0404669633197286	0.0343055559572075	0.0439571713227494	0.00620530624058724	0.0329270073930636
0.0263391625574255	9.14209680865812e-05	0.0223518387879467	0.788034913922519	0.0532808533948549	0.0456872302579406	0.0335006349409021	9.14209680871445e-05	0.0306225242022372
0.0234962762228787	0.0275896298538003	8.97201867165846e-05	0.776769667343889	0.0737093019078639	0.0510380910485116	0.0152870160404296	8.97201867124309e-05	0.0319305772091979
0.0020672993131646	9.03208056608453e-05	9.03208056614065e-05	0.830288477599112	0.0720379352902326	0.0425614127283787	0.0214708136272732	0.00308299096346439	0.028310428867052
9.05091262522545e-05	9.05091262522519e-05	0.00370673470469512	0.79952403733212	0.0833542435236144	0.0469974724275213	9.05091262522546e-05	0.0288075791535061	0.0373384054797865
0.0129011112487344	8.99128908956815e-05	8.99128908935278e-05	0.800426997110741	0.0875738080359098	0.0327843886120334	0.0278588295792854	0.0217062487119804	0.0165687909195267
0.0115586425021062	9.40741073194441e-05	0.00731710563607486	0.830896218174686	0.054301756547071	0.041931316129974	0.0301258993362852	9.4074107319444e-05	0.0236809134591635
0.0221551079865545	0.000128958409533645	0.0031275869656616	0.783082577370213	0.102886329993496	0.0375352560990234	0.0350540364142684	0.0103144967567359	0.00571565000451274
0.034376362340281	0.00387118783594301	0.00291158866154198	0.788422302989512	0.0942585519152999	0.0272978279400127	0.00655323691511676	0.0115495218547431	0.0307594195475497
0.0279311466359183	0.0193728604710836	0.0212804434282763	0.811680982630739	0.0464055580156854	0.0261668151572669	0.0134853200209946	0.00653552753576106	0.0271413461042753
0.0327288940913442	6.17004095977218e-05	6.17004095977208e-05	0.805861567848843	0.0539195549419055	0.0342103751300617	0.013168734162534	0.0493756058406732	0.0106118671654428
0.0235294573007216	0.0279567923532854	0.00359293609707322	0.81954672255247	0.0317789196353655	0.0326524963856886	0.0307234121866614	8.79996612750455e-05	0.0301312638274592
0.0164523041213602	0.018976067839347	8.93458308129846e-05	0.810741854706948	0.0524793235993143	0.0381686217921451	0.0552540693220898	8.93458308116487e-05	0.00774906695717151
0.0144605526849096	0.000132024715287301	0.000132024715287099	0.791911155349231	0.0942411499137144	0.032198859718651	0.00877962319427742	0.0037193921224318	0.054425217586211
0.0130753095898323	0.0416098013581042	8.66860798013411e-05	0.794437525207374	0.0636328284136354	0.00288248330667552	0.0440521378100525	8.66860798035858e-05	0.0401365421547207
0.0197213680267343	0.0115385483182974	0.000956344197719853	0.798272589217349	0.106971787898868	0.0233917006027051	0.000134027609765191	0.0215712299557855	0.0174424041727755
0.00804822299371652	0.0220262301470443	8.82647644039843e-05	0.8540101225142	0.0586195495814063	0.00807613582001114	0.021024428091146	0.0199400235290706	0.00816702255900154
0.0269599666787749	0.0153911852248175	0.00645951182146011	0.782502986350197	0.0820442900577537	0.0330277291719079	0.00972225005713476	0.032128150345772	0.0117639302921816
0.0154934700200705	8.93093574405202e-05	8.93093574383069e-05	0.86271085923333	0.0760738473569742	0.0266431044963329	0.00208555450790262	0.0167250504321058	8.94952384054147e-05
0.046050447657419	9.00172221632897e-05	9.00172221638569e-05	0.80934135332112	0.0333794711982307	0.0135641697597554	0.0187101550828497	0.0534182203800977	0.0253561481562003
8.92891695085788e-05	0.0145369097679591	8.92891695063103e-05	0.82083746816875	0.0757243058260654	0.0272877189102189	0.00294966627369571	0.0188530723556921	0.0396322803586041
9.46122414216211e-05	0.00841806459056401	0.0087413397749206	0.83996125881841	0.0561312470090714	0.00228965399159319	0.0233902169606223	0.0328178082663955	0.0281557983470013
0.0350369111130577	0.0280623677195449	9.3423669883438e-05	0.875873358707369	0.0301470545229599	0.0235300938544875	0.00460712508129867	0.00255624166151604	9.34236698828278e-05
0.0154745579941562	0.0211607336801971	9.03033112143339e-05	0.838861330746903	0.0656217030465419	9.03033112166184e-05	0.00474263761800494	0.0433194765823867	0.0106389537093793
8.80187631101926e-05	0.0316080098256912	0.00299192286425293	0.814331698567841	0.0893677337418131	0.000396024439481477	0.0176107097281196	0.0434684397998905	0.000137442269799973
0.00256892709181984	0.00638022752456089	0.00369360056440865	0.807302730059055	0.0727119752380386	0.00891530936790138	0.0249116558390512	0.0136088381442212	0.0599067361709432
0.0183944775096294	0.00734578728601624	0.000576038883361917	0.806663710830425	0.0799623463824219	0.0140209721384044	0.0375674413430012	0.0305214805379467	0.00494774508879346
0.00879452721105608	0.018680419216826	8.94624215443392e-05	0.851213345858643	0.0369276338822873	0.0354463411665705	8.94624215462933e-05	0.00214069636785224	0.0466181114536745
0.00463235697379945	0.000480049982177503	0.00013166085790726	0.831477596915485	0.074723134753517	0.0331786077261945	0.0186670340054588	0.00451504984414711	0.0321945089413132
0.0219510746246566	0.00764803614367016	0.00620446117632584	0.804074469473164	0.0851881716628019	0.001332563007372	9.20242654595795e-05	0.0412134575257587	0.0322957421207912
0.00401963818228369	8.9849659721169e-05	8.98496597181362e-05	0.794825340705878	0.0548362427909504	0.0558662712704967	0.0475652756316061	8.98496597211694e-05	0.0426176824396246
0.0282524010613778	0.0186818846035834	9.32329151536074e-05	0.782332452220303	0.0888617101909617	0.0158956514463189	0.00344619953239475	0.0413474006288841	0.0210890674010223
0.0567759539990578	0.0197529485761282	8.83506873217754e-05	0.756213012682287	0.066247549902518	0.00540490782784306	0.0112285032817534	0.0235504814515049	0.0607382915915862
0.00611701023173896	0.0396979552434882	0.000129451658969526	0.79320054853666	0.0693714136885305	0.0170767804313549	0.0338811616400612	0.00516984479431045	0.0353558337748861
0.0217565130730816	9.05300626191396e-05	0.013134808238358	0.748056554019199	0.12369661955993	0.0282446037747469	0.00222924387172678	0.0306596403216	0.0321314870787385
0.004350425398449	0.0614692129786985	8.88843122616286e-05	0.81715685605116	0.0354141253990628	0.0243569569133013	0.00838418074859456	8.88843122621823e-05	0.0486904738862098
0.0201891035412183	0.0144436265033623	9.08298809171242e-05	0.820442368186138	0.0745498512886446	0.0278401171401373	0.0144758834302396	9.08298809165602e-05	0.0278773901484268
0.0458085081770087	0.0554603517869098	0.0187900278769758	0.761354354641079	0.0522900594699881	0.0241616081326714	0.0191728739749847	0.00884994931645708	0.0141122666239249
8.58476169997232e-05	0.10785535651747	8.58476169997241e-05	0.765152164572977	0.0641678289257178	0.00208367327252556	0.0418597896633655	8.58476169997241e-05	0.0186236441969441
0.0059590659973298	9.22026420847543e-05	0.00653853198461508	0.79027510284672	0.0762814241970753	0.0183292953579279	0.0175699759605891	0.0248995279655446	0.0600548730481139
0.0315451314206355	8.75031044005856e-05	8.75031043983951e-05	0.741620795611297	0.112361116821468	0.0229966862864383	0.0161262812833766	0.0467889395146227	0.0283860428533624
0.0292958424236993	9.11111004067272e-05	9.11111004062457e-05	0.785091665012502	0.0979701860840498	0.0136080848198885	0.0275302917199176	0.00721711082746938	0.0391045969116602
9.37911190057389e-05	0.0383389405633605	0.0272871744970378	0.816981457508739	0.0566364006185467	9.37911190063247e-05	0.0234462006259775	0.0111250073585711	0.0259972365897552
0.00306669834215633	0.0254381013151525	8.92938894695283e-05	0.833517286827713	0.0485544965164345	0.0389447488160484	0.0216961983390157	8.92938894715188e-05	0.0286038820645389
0.00391989693346882	0.055574953505492	8.69561221724949e-05	0.812034555627166	0.0370941069210371	0.0224027979517279	8.69561221746533e-05	0.028302007010652	0.0404977698061094
0.0176283643345288	0.0257101017174931	0.005228820285144	0.829969441429661	0.031697452432554	0.0264766638387016	0.0353899627383799	8.75701309204788e-05	0.0278116230926171
0.00857307732403514	0.00816399470994476	8.84783953950834e-05	0.852537262068959	0.0485562770035743	0.0517096291763819	0.0145797938906263	8.84783953973101e-05	0.0157030090356857
0.0046356635397722	9.12565879747549e-05	0.00173638258870821	0.796928729702617	0.102358569274386	0.0386953321246782	0.0124367110442154	0.00979760782478302	0.0333197473128647
0.0169861185476787	0.0194841397743393	8.93391409731211e-05	0.806564622127793	0.0623560715655543	0.0197346487368023	0.0326156731129687	0.00757933511426468	0.034590051879626
0.0290937563958125	0.0328385616545364	9.039137995224e-05	0.816672346713193	0.0503399203796901	0.0266395850919331	0.02319156904619	9.03913799516904e-05	0.0210434779587405
0.019448223769381	0.0362678834443308	0.00151378216384652	0.788462438376429	0.0775651997471488	0.02902480751726	0.0329934435452681	8.93217511010001e-05	0.0146348996852348
8.96576901206296e-05	8.96576901206252e-05	8.96576901212123e-05	0.783865808871087	0.0942879562706332	0.0466646888383819	0.0194112090794861	0.00772162026651773	0.0477797436035315
9.05521601628469e-05	0.0201944776376143	0.000106499500782671	0.824376942590667	0.0538689888296509	0.044688222683858	0.00552548549060534	9.05521601628462e-05	0.0510582789464963
0.0265383966202432	0.0313998758381583	8.83800838633979e-05	0.760822882202464	0.0892466210062271	0.0141830813866304	0.00242816707547829	0.0436893249850725	0.0316032708018633
9.36882810865283e-05	9.36882810865283e-05	0.0163151245869324	0.837181100260918	0.0609503914442547	0.0194235154683539	9.36882810865283e-05	0.0251477801887703	0.0407010232075114
0.0175379818456618	0.0254110237197447	0.0172467144019223	0.780278615588031	0.0571693422577373	0.0100627021320971	0.0207696462874642	0.0330401117051283	0.0384838620622137
0.026217327925975	9.06457533749048e-05	0.00517108020802784	0.774887722639963	0.10817535150317	0.048350341013421	0.0263536106576544	9.06457533749049e-05	0.0106632745450391
0.10000770775343	0.000163343556205499	0.130628019385647	0.434552366735388	0.0640344181428007	0.0150794279517632	0.132390303829696	0.0536570262807926	0.0694873863642764
0.0200090524724017	0.0109663578251158	0.00337704384241135	0.78205087665903	0.103181663468032	0.00564107597119437	9.17933606209597e-05	0.0443756652203885	0.0303064711808047
0.0807486931773741	0.0310143162455888	5.91524762136561e-05	0.815962364191348	0.0576843738050568	5.91524762136562e-05	5.91524762136564e-05	0.0143446856458152	6.81095061758309e-05
0.0064068358029454	0.0814068825999877	0.00176403824942278	0.84800349052702	0.0394017689010566	0.00657436317157001	8.99666901072498e-05	8.99666901072498e-05	0.0162626873677827
0.0386132583254691	8.78444155030196e-05	0.0512290249179006	0.745432870871597	0.0711298982174364	0.00139625729871582	0.0245226235308193	0.0372964612571826	0.0302917611653758
0.0185126671559095	0.0242974589300263	8.98265272245178e-05	0.785057704216316	0.0900782572726392	0.0257134740362962	0.0177084700005221	8.98265272267035e-05	0.0384523153338393
0.0216306107563834	9.16617287536395e-05	9.16617287542394e-05	0.797224795776624	0.075162611240895	0.0164227013537886	0.0228817560765216	0.0109159598353485	0.0555782415029308
0.0263799015255396	0.033740105518784	0.00501903051562631	0.801032822568982	0.0712239494404886	0.0117430113787225	0.0305763137536126	8.87056597170648e-05	0.0201961596385273
0.0374709005268089	8.77229087467434e-05	8.77229087437701e-05	0.747360700095524	0.107783980759083	0.0423142687211663	0.0332524384943527	0.0227747893821299	0.00886747620344422
0.000303393872682975	0.0185658321011128	8.72722184790673e-05	0.822076955637118	0.0448542430577906	0.0565532533913848	0.0229787135447501	8.7272218481202e-05	0.0344930639582008
0.0166834833166002	0.00263567378241479	9.00222946662602e-05	0.836167148055863	0.0625715469828378	0.0304436319789797	0.0251828978419541	0.0213340743741994	0.00489152137248511
9.10850538297279e-05	0.0299497543215284	9.1085053832875e-05	0.820477798140974	0.0908057963145649	0.0309783409700393	0.018792694862333	9.10850538297232e-05	0.00872236022906839
0.0116642493218731	0.0354111725503512	9.34452281846685e-05	0.839056797732154	0.0435617643969239	0.0258167292820529	0.0141324107435092	8.94519414664147e-05	0.0301739788034846
0.0171091562074146	9.06243153626995e-05	0.00146893602451108	0.812238058270289	0.0571416587944007	0.0221738906591797	0.0251418865996962	0.0645387253569643	9.70637721815113e-05
8.96009798763935e-05	0.020041814431227	8.96009798741784e-05	0.824674707166269	0.0278997621247632	0.0406557415458229	0.00449574579160733	0.0037364890620889	0.0783165379184716
0.0374511062076929	0.0339229250923115	8.95884654320305e-05	0.796489505826938	0.0522414673292434	0.0399601647641618	0.0380089320569825	8.95884654342385e-05	0.00174672179180342
0.00206826805599998	9.16256441680838e-05	9.16256441686392e-05	0.869303622413166	0.0513030554523067	0.0353939314734568	0.0159220981922699	0.018423780866758	0.00740199225770564
0.001582570850596	9.08677459550651e-05	9.08677459556398e-05	0.84776946536768	0.0555630692669404	0.0197917614617409	0.00197842646723556	0.034259251352178	0.0388737197417187
0.045486337396799	0.00751363883057115	0.0175444518050668	0.81622966925992	0.0435049411031896	0.00900608586702427	0.00703459903565268	0.0363835705484435	0.0172967061533333
0.000131018679540484	0.0222583534897515	0.0203829918779075	0.767730466158607	0.153978519214436	0.00308867101430651	0.00652676096468334	0.00742970028523981	0.0184735183155283
0.0243007688901223	9.28467266753526e-05	9.28467266731072e-05	0.820277189309927	0.0942773693568805	0.0266197668589412	0.00472997517503457	0.0122707273953563	0.0173385095603896
0.0330327062827746	0.0152368222294922	0.00706115492911922	0.792987399075899	0.0702324262786921	0.0091022311316882	0.0103442975991885	0.026881756379022	0.0351212060941238
0.000638690082006763	0.0385686979196255	9.5907428791174e-05	0.836181067255349	0.0564809214505082	9.59074287905877e-05	9.5907428790587e-05	9.59074287905877e-05	0.0677469935773481
0.0390615801525525	0.0102328566577152	0.0772280983875673	0.785325154554106	0.0354992031556168	0.0147581695536414	0.00201242410882833	0.00161024638932504	0.0342722670406471
0.00745572003252157	9.21457726790292e-05	9.21457726767701e-05	0.812387228699601	0.0656212376974051	0.0213590692940434	0.00518884550106977	0.0412270644428293	0.0465765427871737
0.011490965151654	0.00420916457446159	0.00946260455270263	0.819994051860368	0.0401402287024758	0.0430084741165129	0.0275144212796915	9.18175022940583e-05	0.0440882722598394
0.0107550838590841	0.029182215961906	0.000134623635023685	0.818659778681388	0.077955146236536	0.0117485262215878	0.0152397027955924	0.00407231818514636	0.0322526044237359
0.00944350203132711	0.023764681299198	0.0426986726090745	0.721431790960729	0.0773757122258051	0.00577764279983308	0.0262063384526542	0.06684115824808	0.0264605013732993
0.014624774334127	0.0322163282499451	9.21716780428551e-05	0.844489927233118	0.0610013289807038	0.0175842777207139	0.0154524464946614	9.2171678045776e-05	0.0144465736306421
0.00924943731456415	0.0160278454576596	0.000641972722754779	0.794795464150281	0.122624560419734	0.0347506333453837	0.00873965054548922	0.0130330462405611	0.000137389803571641
0.0531870937608118	8.21550120264619e-05	0.0721885977540322	0.684066626315751	0.0413865721879458	8.21550120264623e-05	0.0277530584937007	0.104190508296704	0.0170632331670013
0.0185617205070925	0.000134828444256207	0.000134828444255878	0.811712499632453	0.0834628529902881	0.0185064644832564	0.00668055276871561	0.0223630942109461	0.0384431585187363
0.0170005095076642	0.0204813938309333	8.91131341412533e-05	0.827392410798963	0.0442518319722618	0.0309623946085618	0.0223696618715417	8.91131341398749e-05	0.0373635711417934
0.00276429182905266	9.37481309050184e-05	9.37481309056159e-05	0.777098152032202	0.133782001485191	0.0190496737313894	0.0128788995455312	0.054139093790883	0.000100391323940604
0.0153490349000266	9.19777894788821e-05	9.1977789479448e-05	0.77647158114113	0.105831911254753	0.033225580837391	0.0302438291671755	0.0150201904744499	0.0236739166461147
0.00894476416805134	0.0179634747933697	0.000622785483484021	0.847257124917335	0.0583600299917506	9.06915224840439e-05	0.0370046887250244	0.0186147605571367	0.0111416798413641
9.33463624615617e-05	0.0204533891296956	9.33463624506234e-05	0.834156783348075	0.0633894539747456	0.0328517062507463	0.0352981136117174	0.013570514597647	9.33463624615612e-05
0.0487054262851377	0.0112007922450016	0.00562355325304995	0.799959500308909	0.037287345673548	0.0423199711919516	0.0194244375361644	9.38442152823336e-05	0.0353851292909558
0.0149065070755942	0.0385842875033878	8.71448911285921e-05	0.802682270920727	0.0483107831067585	0.0221751884416908	0.0465005234979914	8.71448911280321e-05	0.0266661496715939
0.0149225794795818	9.2791108476981e-05	0.00564855398741492	0.821991817985895	0.0609628649879799	9.27911084769831e-05	0.0302961888066303	0.0640395746817929	0.00195283785375116
0.0137330900881697	8.96307514149007e-05	8.96307514125813e-05	0.825112211852612	0.0636614091046776	0.027939957608425	0.0264400450905919	0.0205817301414733	0.0223522946112234
0.00204535589883029	0.0330984102904209	9.07577717038061e-05	0.827756093111605	0.0462951057380354	0.0411394632495051	0.00535430300028414	9.07577717027473e-05	0.0441297531679127
0.0437513162373678	9.30769350051791e-05	9.30769350057669e-05	0.807942386205028	0.0767132508611295	0.0338552656499112	0.0221218585953069	0.0153366916462405	9.30769350051793e-05
0.0089635887585549	0.00013364091728961	0.000888245417959112	0.842648342258334	0.0573538761581263	0.0236887681661738	0.0327398847910883	0.00179029659030413	0.0317933569421703
0.0376311951398553	0.0223615615890507	0.00743593694434262	0.791625426629229	0.0915216791590615	0.0266686261685699	9.16041119503803e-05	0.00447220112483083	0.0181917691331103
9.07873344600191e-05	9.07873344600221e-05	9.0787334461424e-05	0.810659370349158	0.0530698299940944	0.0610639820951045	0.0249640367358791	9.07873344600219e-05	0.0498796314879225
0.0194931743167186	9.25523607415025e-05	9.25523607429145e-05	0.825972856591573	0.0682499498360831	0.0299111051962155	0.0133198038301052	0.0150445434213796	0.0278234620864401
0.0597634574956553	9.16839413743851e-05	9.16839413749929e-05	0.787284646397946	0.0722738333724956	0.0252735024604824	0.0103202577151102	0.0239028241332894	0.0209981105422713
0.0330097921451459	0.00822778309601848	0.0292414115872668	0.762861289332876	0.0511016851319992	8.79922784062142e-05	0.0451717673337237	0.0590869736083915	0.0112113054861726
0.0222247137774426	0.0458141838518313	8.71675208347074e-05	0.820436218053049	0.0581745398936625	0.027223117601865	0.00148907021906688	8.7167520836723e-05	0.0244638215614114
0.017595937481136	0.0400346201312032	0.00447896032588054	0.805056753142427	0.0560971792055603	0.0341435380106135	0.0221023924337774	0.0018573111594293	0.0186333081099723
0.00300208213807058	0.0144482802883939	0.000127870515649826	0.83344646423283	0.0527261976765867	0.0394323798947628	0.00553153201798052	0.013029333383972	0.0382558598517535
0.0114904093565536	0.0104619420215922	9.05825252825501e-05	0.842031877058066	0.049950304859887	0.0172999611856344	0.0165810601410635	0.00486138773594757	0.0472324751159727
9.31031368968627e-05	0.010924993192417	9.31031369027107e-05	0.810691971645559	0.0690848593978647	0.0400432818236356	9.31031368968663e-05	0.00829054170322509	0.0606850428266017
0.026292639007115	0.0125022202905421	9.59627533505557e-05	0.836779964120074	0.0286797760134713	0.0100662177166345	0.025485817789531	0.0102950154840817	0.0498023868251998
9.42985172137585e-05	0.0116207083201874	9.42985172093528e-05	0.836661014172807	0.079308529615028	0.0442658301757106	0.0138917060862624	9.42985172137559e-05	0.0139693160783675
0.00671596000136161	0.0174106014647883	9.07668075490777e-05	0.83694724733059	0.0617195332956761	0.0349858295593861	0.00425964086300357	0.00444586158635726	0.0334245590912884
0.0256910986761859	8.99900996142925e-05	8.99900996112739e-05	0.845500470257057	0.0449130736519347	0.0206162837708824	0.0210144047795359	0.00540028421899369	0.036684404446185
0.015078794815573	9.18743119590677e-05	0.0353159948495564	0.813325086619559	0.041090260942723	0.0240683391745414	0.0182312686710011	0.041763231888855	0.011035148726232
0.0139885251556672	8.90551096763452e-05	8.90551096769028e-05	0.790173695163665	0.0725281145348375	0.0527735278505687	0.0333501814602551	0.00874500947588567	0.0282628361397672
0.0113447421821971	8.87587983617429e-05	8.87587983666221e-05	0.830220609636178	0.0789002888791137	0.0515654476297201	0.0101295133660349	8.87587983617434e-05	0.0175731219116661
0.00647921363505697	9.12652211417793e-05	0.0237892697991	0.789094553305174	0.0858431442351791	0.0244763326355762	0.00538347091829371	9.12652211417781e-05	0.0647514850293368
0.00323637119317136	0.0232795558582484	0.00241864144560606	0.858846356770827	0.0566489012797133	0.0116059767262497	0.0226639712941236	0.0195796050730913	0.00172062035896977
0.0292763471718713	0.0299089490768447	0.000127325494823497	0.810667570162763	0.0739493171849228	0.026087438671211	0.00583817432547832	0.000127325494822078	0.024017552417263
0.0286926635723743	8.99082882569003e-05	0.0153334405116479	0.800013636647057	0.0899267656333759	0.0318290641944815	8.99082882569027e-05	0.00720465108745096	0.0268199617770991
0.00399447977562468	9.13980591537482e-05	9.13980591543366e-05	0.856048009385541	0.0410344487606893	0.0273760058627455	0.0277418658812949	9.13980591537444e-05	0.0435309961566423
0.0150620333445712	0.0217898057876779	0.000130260555998035	0.772864291572316	0.086279775436564	0.031991902299275	0.0399695309521067	0.0126571284691471	0.0192552715823435
0.0254132774703004	0.0212589470334402	8.85018413650578e-05	0.799599802289451	0.0699859445934604	0.0243895121948249	0.0212254364891835	8.85018413644971e-05	0.0379500762466105
0.0184186067746877	0.00389461908366346	9.0807177223618e-05	0.818306943298573	0.0732728904972861	0.0559535313621013	0.0106874285784254	0.00272231287827131	0.0166528603497681
0.0279090998409041	0.0302355949763888	0.00344494528292353	0.842798369404291	0.00614569207122331	0.00404861740329512	0.0373027244158406	0.0264204189776975	0.0216945376274356
0.0136275735584357	9.09069884430757e-05	0.013187857516331	0.827877825445327	0.0548162556505386	0.0575991802419351	9.09069884430742e-05	0.00349014487522334	0.029219348735323
0.0271640523665821	0.0145893719165881	0.00151607509337807	0.794688501856013	0.051261601870935	0.0206010502982477	0.0268471330447295	0.0340588737868338	0.029273339766693
0.01615553992293	0.0211743130166582	0.00031811010218555	0.819653296527866	0.0886370107974845	0.00355636072926185	0.00763104225374165	9.40071624836241e-05	0.0427803194873891
0.154528051213349	0.0296181768107085	0.0083093557813712	0.402694574706574	0.0497132426059595	0.000166319233924866	0.143583177754827	0.203552761085177	0.00783434080810979
0.0206832032261084	0.00588734123991595	0.00374535476224826	0.80528853751539	0.0785900774283538	0.0481239194240892	0.0148968224827846	0.0107224292626227	0.0120623146584876
9.02517628175131e-05	0.00935363374800773	0.00728127783431394	0.825396317299514	0.08842948753228	0.0251349916091833	0.0147669185033116	9.02517628175115e-05	0.0294568699477546
0.000132722514452669	0.0161539617651345	0.0288287353523245	0.801140068420203	0.0553962284858164	0.0257310365968095	0.0180155705067718	0.0254378703060253	0.0291638060524623
0.0274363268572512	0.0193729219777075	8.7481214283497e-05	0.785187159950067	0.0788397683609302	0.0314892340446264	0.0261163665254295	8.74812142829261e-05	0.0313832598554217
9.30253389725968e-05	0.0124696825083013	0.00611048770652988	0.837426578038879	0.0864439246502519	0.00696111679335653	9.30253389725966e-05	0.0283069799511143	0.0220951796736215
0.0577585628402984	8.42613459765949e-05	0.0737982297128317	0.694014304478226	0.0499509420831007	0.00932318302487679	0.054834375071766	0.056489580611653	0.00374656083127089
0.00609184676295907	0.0223579170886241	9.39481238303062e-05	0.84201402306426	0.0784098602883335	0.00619876795703107	0.00238736933066384	0.0208984998261564	0.0215477675581416
0.0154605166654003	0.0235019572973661	8.82365158421787e-05	0.807900390367926	0.0519329425092135	0.041018497777318	0.0232111885256467	0.00209303550189102	0.0347932348393959
0.0463606822556849	8.49919332491647e-05	0.0146571364404958	0.659936576082556	0.0704779636747544	0.0305758440144932	0.11697280809338	0.0608490055721374	8.49919332491652e-05
0.00875149725431164	0.0347067816125765	0.063277449082818	0.786770901015102	0.0287537775707736	0.00052219010972294	0.0114718071696586	0.0283801131816792	0.0373654830033577
0.0189754368040624	0.0303730768431792	0.00292965782541139	0.827386328388283	0.0699046219291913	0.00339281728522282	0.0107287442666756	9.21106149934811e-05	0.0362172060429807
9.41257904944237e-05	0.0264491865444506	9.41257904887978e-05	0.8044699667765	0.0913439326351575	0.0326807253182517	0.00501365006125042	0.000588381769594401	0.0392659053138123
0.0061914155846133	0.0218644029455488	0.00769850094221028	0.829092706708832	0.0748583697859679	0.0178671862479629	0.0093337655978755	0.00425931166436099	0.0288343405226282
0.012712525205535	9.11360178314354e-05	9.1136017832755e-05	0.833095949240038	0.0503601564703529	0.0342066804775563	0.0229950842239644	9.11360178314369e-05	0.0463561963290575
0.0331069367061538	0.00945001610473863	8.93469041801835e-05	0.799874182975497	0.0768141712941803	0.062751996768178	8.93469041823373e-05	8.93469041823362e-05	0.017734655438707
0.00964137449150784	0.0530818489453949	8.78348341531929e-05	0.791041186602016	0.0566363551830633	0.0127108810320834	0.0139196354471717	0.0212342356445749	0.0416466478200351
0.0505587793918432	9.03588077088757e-05	9.03588077103018e-05	0.789321981379762	0.0416068702591891	0.059894103924476	9.03588077088765e-05	9.03588077088763e-05	0.0582568298138926
0.0341991254698696	0.0227578941162953	0.00514462359439167	0.797027689534847	0.0654656151594169	0.0169619895546165	0.0170610251146836	0.0372952471072342	0.00408679034864503
9.04282986528765e-05	9.04282986528763e-05	9.04282986469674e-05	0.825641620216731	0.0674525532173686	0.0227567187074365	0.00209014753385753	0.0483325813581383	0.0334550940705148
0.0336163581384651	0.00537601742047577	9.20323856389838e-05	0.808382918368592	0.0795595211115723	0.0429128436928894	0.0123401223312389	9.20323856412889e-05	0.0176281541654861
0.00536282384495807	9.01843657466752e-05	0.0112343891504753	0.822660104705927	0.0569345759103104	0.0495995944118308	0.0170202597104404	0.0240696574593714	0.0130284104409398
0.0051283157673391	9.99687093385262e-05	9.9968709339131e-05	0.850884925960962	0.0551746679432593	0.014166676846798	9.99687093385266e-05	0.0438043439455884	0.0305411634080375
0.017111895890688	0.0222663076169333	0.00848952132663031	0.857981239316987	0.0740416317713197	0.0128725958657375	9.03241635383623e-05	9.03241635383622e-05	0.00705615988462754
0.00577268461360765	0.00246354331968695	9.01753661630976e-05	0.827985450189304	0.0718594963720678	0.0560369120618772	0.0127970504461743	9.01753661625353e-05	0.0229045122649561
0.0147961912194267	0.00476424615137876	0.00479124169539651	0.824550360277969	0.0905848330752244	0.0111659543388341	0.00332838440325975	0.0384614320967123	0.0075573567417985
0.0351449037482966	9.24849400813988e-05	0.00990545478173738	0.808635070713834	0.0627121113687967	0.029432512491363	9.24849400814017e-05	0.0534695847927493	0.000515392223059965
0.0317259203135408	0.0454759481963439	9.7263455926377e-05	0.789278141349486	0.0617525821854506	0.0456545269205624	0.00560614707298354	8.98911504037124e-05	0.0203195793553031
0.0310581791858366	0.00882083481491177	8.92697181037887e-05	0.856588448962466	0.0428656026809456	0.0326497234551446	0.0118931703653905	8.92697181032591e-05	0.0159455010990982
0.0204590540906872	0.00613811599464859	9.24401189169783e-05	0.798555276874076	0.0749731347060486	0.0291820745684002	0.0307766192126269	0.039716485892322	0.000106798542273544
0.0379406889511967	0.0202599919229842	0.000344570526236644	0.761226564288426	0.0961380627400716	0.0234697559277351	0.0438198143901951	0.000129726860684947	0.0166708243924694
0.00788976490468585	0.0235603641026033	8.99755769096054e-05	0.827974850581	0.0449560032583133	8.9975576911814e-05	0.0461864377568478	0.0292748905559749	0.0199777376867532
9.07338514846008e-05	9.07338514846034e-05	0.0116177941003889	0.785182578941547	0.106161088839831	0.0640106291982764	0.0326649735140185	9.07338514846008e-05	9.07338514846014e-05
0.00694399631904553	0.0244253072713762	8.85765371914525e-05	0.799603663961149	0.059822269901244	0.0426892142703914	0.0392740196955841	0.000740009472441011	0.0264129425715776
0.0126449888604086	6.32224050857892e-05	6.322240508424e-05	0.870445772367694	0.0554447772306391	0.0332424311516983	0.0231435428307429	6.32224050857884e-05	0.00488882034356083
0.0170658276816955	0.016982180991952	9.10249622783463e-05	0.81962272464654	0.0826809305992594	9.10249622777128e-05	0.0160224493223372	0.0267040756439059	0.0207397611897539
0.0276601339134392	0.0442507004191067	9.22095641836167e-05	0.800048566991292	0.0767075618181621	9.22095641867418e-05	0.0459167881485322	0.00513962001691079	9.22095641867416e-05
0.0332368858490191	0.000526570408668679	9.11674455759683e-05	0.811668864345926	0.0469054367391393	0.0651003656026448	0.00595176221551841	9.01420188438402e-05	0.0364288053746634
0.016116349711232	0.0156843364667528	0.000683046032339544	0.817405519596737	0.0598624421879188	0.0371729356174416	0.00408965099774023	0.00595477837862013	0.0430309410112176
0.024746424899855	9.06937369643324e-05	9.0693736974534e-05	0.788316851113818	0.0675701266158723	0.0290924711778909	0.0144281685292503	0.0269917616806163	0.0486728085087583
0.00417126916288641	0.00465091861924483	0.0063847364228439	0.883183884337078	0.0453390465860176	0.0106321533276716	8.89672848754065e-05	0.0248860691120652	0.0206629551473176
0.00845450170451472	0.0151423851043798	0.000960240424034357	0.844574099993178	0.0671513542224208	0.0186217247524097	0.0110324468045243	9.21414309135611e-05	0.0339711055636246
0.0339675669766166	9.34578780612452e-05	9.34578780588675e-05	0.815207970450354	0.0723498494926801	0.0540451507459366	9.34578780612455e-05	0.0108553408673945	0.0132937478328368
9.55780044294285e-05	9.55780044294272e-05	9.55780044309394e-05	0.817510647958631	0.111378521136453	0.00801329649512902	0.00385018541879113	0.0203945159441102	0.0385660990335961
0.00809194926758377	0.0210107778822789	9.11064084212729e-05	0.828471156101486	0.0486840598249123	0.0299964008173871	0.0469392712950963	0.0111283129988774	0.00558696540395732
0.00697981271443092	0.0230407107735188	9.05248225804298e-05	0.863086087590271	0.0364595873688665	0.00804754189147006	0.0224243242627595	0.0203790411228082	0.0194923694532942
9.28538921448601e-05	0.0169548809136525	9.28538921454055e-05	0.837258393248001	0.0602239511823861	0.0287924382672043	0.004376126361097	0.0196277376797362	0.032580764563633
0.0152638580078675	9.26155525384939e-05	9.26155525361537e-05	0.83508955122655	0.0537665416301613	0.0446424303362194	0.0110267293044608	9.26155525384933e-05	0.0399330428371277
9.44576942116903e-05	0.0193641747952641	0.000691845239500024	0.873720784416615	0.0389372739758451	0.00868215572384985	0.0044572678941806	0.0132114908721081	0.0408405493884256
0.0294265425571841	8.92753050126096e-05	0.0356458086914838	0.750496931943874	0.0274364156210059	8.92753050126109e-05	0.0354953095725709	0.0791202427326755	0.0422001982711805
0.0181994842189535	0.000132582793706469	0.000132582793706213	0.816312291675299	0.0646751570384927	0.0377756377024685	0.0223886217232578	0.0128864309255931	0.0274972111285222
0.012071926392039	9.23918972549456e-05	9.23918972555403e-05	0.795645312090492	0.112167931638637	0.0154761261695946	0.0142854562319045	0.0178624991988478	0.0323059644839744
9.04688153541801e-05	0.0109459504205646	9.04688153547537e-05	0.794985048744831	0.0557057319887733	0.0391241432326449	0.0493242573539589	0.0102406367778178	0.0394932938507006
9.335033870953e-05	9.33503387095326e-05	9.33503387101134e-05	0.851416472488265	0.0619710097741032	0.0249275195733146	0.0114144028816628	9.33503387095321e-05	0.0498971939278159
9.51982630298007e-05	9.51982630298028e-05	9.51982630303959e-05	0.824112065092073	0.0545835425074177	0.0276606613614629	0.0435031984339936	0.00120386575404703	0.0486510720619154
0.0305548545858068	0.0322232872279744	9.07941338865791e-05	0.8195789995165	0.0695578530959659	0.0119856533271828	0.00438191677343368	0.0252005418400851	0.00642609949916536
0.0204567671769306	0.0116624733052282	0.0199000045410543	0.772967383951715	0.125857877407355	0.0201451045700552	0.0214077635717699	0.00723905313934904	0.000363572336543044
0.0452018407854898	9.3160269207733e-05	0.00788468244082184	0.786577580044292	0.113942690830233	0.0031287369851469	0.00896269270317285	0.0340697018073831	0.000138914134253359
0.0337126141799465	0.0229378897600765	9.11315359950405e-05	0.824163633555326	0.0664767815682966	0.0323164627108267	0.00579251902920081	0.00253403499869012	0.0119749326616415
0.0423705878756506	9.35255252954257e-05	9.35255252960386e-05	0.800553422179741	0.0464320358504367	0.0292147927180636	0.0161235213833729	0.0162061642194375	0.0489124247227067
0.0149243347252264	0.0322133252122484	0.00970635101545802	0.755562904242884	0.0901628987828021	0.0325834168893982	0.0244212937717549	0.0159474184799616	0.0244780568802658
0.0130847623519203	8.81799306149478e-05	8.81799306127341e-05	0.785794603616794	0.066009378600161	0.0652965523077049	0.0301777111473422	8.8179930614952e-05	0.0393724521842347
0.00348098571466238	0.0143433619477043	9.00984980268202e-05	0.811646043919392	0.058883131188457	0.0318680225879971	0.0346387284755893	9.00984980290615e-05	0.0449595291701418
8.89984433221004e-05	0.0361538472510022	8.89984433190539e-05	0.824089919059192	0.0382528184068968	0.0365708312418705	0.0430048403147732	8.89984433220927e-05	0.0216607483963016
0.0240160609587166	0.052952226336758	9.09626928860829e-05	0.784996356069316	0.0512717558598487	0.00938179550986201	0.0308470493155101	0.00289552644433968	0.0435482668127628
0.0308944197047057	0.0308752077435462	0.0157619504568014	0.780101117322579	0.0398296559651616	0.0308145845776825	0.0149783750303608	0.0231880821962903	0.0335566070028726
0.0358090853762484	9.37061142641462e-05	0.0093221384954994	0.840265642285566	0.0696056995202445	0.0334682789841531	0.00348889579118692	9.37061142641471e-05	0.00785284731857362
0.0222718006176323	8.92283588863995e-05	0.000874015906982558	0.737847905518682	0.0783958119393797	0.00921709328891351	0.0373363628636779	0.0765187108648907	0.0374490706409547
0.025365734417225	0.0310594594718611	9.21590544406502e-05	0.813303253410657	0.0612817829514188	0.00343465347833345	0.00802274439959171	0.0180595565999385	0.0393806562165338
0.0269578973821322	0.010501317289066	0.00341469890320736	0.811497871383019	0.0618425376070688	0.0521662028288923	9.32063238198984e-05	9.3206323819897e-05	0.0334330619589749
0.0057124084376529	0.0123612450807282	0.0122254551802521	0.818030596327468	0.0657716547805111	0.0149497208680083	0.025656620727279	0.0157067924829557	0.029585506115145
9.19636892076429e-05	0.0203868703622725	9.19636892090305e-05	0.841509126193945	0.0574827312515968	0.0225933468573467	0.00739938302773793	0.0124724074164488	0.0379722075122352
0.0296690212852369	9.01904554981589e-05	9.01904554988444e-05	0.84967984707316	0.0558375785641824	0.01212450276285	0.0111375917230239	0.0183392354132056	0.0230318422673443
