Basophils	Bcells	CapsularFibroblasts	cDC1s	cDC2s	CentralVeinEndothelialcells	Cholangiocytes	Fibroblasts	Hepatocytes	HsPCs	ILC1s	Kupffercells	LSECs	LymphaticEndothelialcells	Mesothelialcells	MigcDCs	MonocytesMonocytederivedcells	Neutrophils	NKcells	pDCs	PortalVeinEndothelialcells	Stellatecells	Tcells
0.000109354063987066	0.0105056186249735	0.00130233852105242	0.0138319012891913	0.000816190081156361	0.0243636734015721	0.163787574083785	0.000360461990529206	0.644858290385616	0.000345023118566289	0.00137483770972807	0.0286395771212302	0.00672954191560849	0.00150249668462434	0.000310365842741881	0.00842547001245372	0.0161302688280946	0.000363738437511428	0.00180321327063609	0.00258932412723503	0.000950382847247958	0.0598305375504498	0.0110698200920091
0.00235310318793462	0.000977196844410239	0.000166100838236921	0.0069864709504194	0.00743169997671362	0.000556327562290958	0.144754984980007	0.00440945418846082	0.639719945359352	0.0067712199177311	0.0172450371460852	0.0568154493343442	0.0255465923347017	0.000149900953503529	0.00392220212836375	0.00940153025386026	0.00401736244293211	0.00492282229247381	0.00117771624129259	0.0015232268871953	0.00295416949088242	0.0375277494901392	0.0206697371986685
0.000638615519409152	0.00315694165675657	0.000227380706579326	0.00468291353773672	0.000406437512201856	0.00576933941339911	0.137017967450553	0.00191089632677199	0.576049631470974	0.00190354571321477	0.0293793100173868	0.05494718643761	0.00508539613441702	0.000116831864871643	0.00284361975720895	0.00611702013159833	0.0603244690595182	0.0548718082707695	0.00214016376075654	0.00130680129192894	0.00542487824514662	0.025336751351186	0.0203420943700049
0.00395743956565941	0.000475148436823777	4.95374066664236e-05	0.0154180820199901	0.00948330119024501	0.0036511601318718	0.152133196027929	0.000397483428346215	0.680252194025152	0.000611739656268138	0.000908692882059274	0.0319230778910952	0.016041688601344	0.000130996164107049	0.000952180213962164	0.00352787168140218	0.000243172600382975	0.000181678163415336	0.000433458033257978	0.000190414467755701	0.0284119275724357	0.0303284931825285	0.0202970666573017
0.000220075289419666	0.00093320347930481	3.89106551379086e-05	0.00666639401074078	0.00693634696934818	0.000237617660607226	0.171765272545741	4.1544346782907e-05	0.681247996826464	0.000661535279790469	0.0312361123539041	0.0235634482368199	0.00131480854595799	0.000440919006023468	0.000225174300534166	0.000446778562049157	0.000298854686824636	0.00414424842921984	0.000640145063915397	0.00422023084563893	0.0404828361748077	0.0224896169016619	0.00174792982930553
0.00148928864559933	0.0240013502921433	0.000291094006851846	0.00380678060548344	0.0228853608767932	0.000523353897373836	0.16449821248219	0.000433789161827676	0.622464029695426	0.0279798945719209	0.0121803461124527	0.0484708837356644	0.00191668961066548	0.00023271644597978	0.000248466021578275	0.000610260320098124	0.000682380970257899	0.0159510590767649	0.00110589082431517	0.00278961490803723	0.0288642341834605	0.0153871182459999	0.00318718530911556
0.000210406955418486	0.000922897333921755	0.00625529828527339	0.0145122071661727	0.000479933972681755	0.0213780078719499	0.164008978705883	0.001426350143118	0.686312713236368	0.00808533104767437	0.00115068972961752	0.0141675273217451	0.000551636436297172	0.00276147366796624	0.000538083713434189	0.00401474859810603	0.002910323995113	0.00045785543191122	0.000911004454609174	0.01802550076026	0.00116898185573514	0.0282541652033621	0.0214958841133823
0.000336270337890819	0.000637062987813807	0.000211105259087621	0.0135043659520263	0.0074930735441735	0.0188575308486287	0.151668342929566	0.00178751970966176	0.653917844236386	0.00124136035753516	0.000432319329256374	0.0383256093322854	0.00724799316970092	0.00068655055323846	0.00022990223964295	0.000854900681346632	0.0253484921885178	0.000520798188996727	0.000945784203907378	0.000841038474863883	0.000345027891618781	0.0365628266201968	0.0380042809636583
0.000293552867768157	0.00206857947579079	0.000175780360900341	0.01691279795574	0.00093616402414748	0.0199140519723049	0.146392299519762	0.000405009161355987	0.598571529253094	0.018872751783014	0.00102573319897714	0.0523246563690701	0.0175878118370497	0.000258054883801091	0.000645992331486665	0.00459176884151471	0.00660943804870238	0.00116698177046959	0.00104380203899358	0.000240733586055139	0.000331876205665945	0.04598469699739	0.0636459375169459
0.000623553554702842	0.000369880338132313	0.000319842736861641	0.0112714056450208	0.00028987309079127	0.0354646239549675	0.165869391491251	0.000637502822643311	0.659428055338396	0.0032192991140346	0.000721520620328411	0.0327558085641689	0.000496901194825012	0.00291587836411251	9.2740734119969e-05	0.0184575850009635	0.0032431104437569	0.00280268808422702	0.000882551699979482	0.0034459392097144	0.0156948617083497	0.0397381650176828	0.00125882127096935
0.000578996771408984	0.000290849552930574	0.000117150702611697	0.00204015610476731	0.0201934746577869	0.021436932887729	0.139581849661595	0.00617843293521638	0.616048166007832	0.00586672839761405	0.00416233008348935	0.0296834055738519	0.00280185324858039	0.00236609765630872	0.000365507745511097	0.00352455245597825	0.0114871875642092	0.00801127008472162	0.00326956875056963	0.00028931932684625	0.000928872762231928	0.0684833744366772	0.0522939226315331
0.00230670465179152	0.000403628538041187	8.5223951567644e-05	0.0135631105325526	0.00179632449819008	0.000823969888715876	0.164598945411275	6.91706309716333e-05	0.69406055262347	0.000434677515772584	0.000898205119839113	0.0535993604906631	0.0189557837099289	0.000395812437434426	0.00594283573138157	0.000759392792060339	0.013064949397792	0.00506776072660504	0.000627232667290211	0.00238302834818919	0.0015894204925007	0.0148888639963953	0.00368504584757171
0.00160258861190453	0.000451651929896343	0.000686433665284061	0.00190396420627844	0.000961643145407506	0.0294825694826676	0.151845269957953	0.000184301304634438	0.680608678372951	0.000400768310238882	0.00179125117943704	0.0251600972982126	0.000985253393630556	0.000205993085314528	0.00089319370234534	0.00693813266422241	0.0184363161282733	0.000604410111873622	0.0203347072368151	0.0110434912855546	0.000409370516536751	0.0396437772084259	0.00542613720214222
0.000200614921687062	0.00659920198753355	0.00140412176613711	0.0108571989503135	0.00284983931615731	0.0265516054791855	0.164658800595371	0.00391668866273223	0.689352652542811	0.000695616621729155	0.00150645655141405	0.0431202359910064	0.000166050194962076	0.000104578457122291	6.8341837094449e-05	0.000592294533033547	0.0205245945985621	0.000251722065236172	0.00252159840336169	0.00116597827120749	0.000115671525369393	0.0164239778449401	0.00635215888303295
0.000825012387548122	0.00294390128587684	8.12254056949989e-05	0.00876046768178487	0.00333291841736165	0.000612804284047582	0.154305898139958	0.0470235219673664	0.640814471055523	0.00960937822957737	0.0120054168953451	0.044353534759961	0.00312277866450414	0.00220335564481531	0.0130334638702728	0.000321508894247793	0.000749983913863592	0.0103532827783858	0.000728359618219732	0.00554772854571421	0.0225133838421069	0.0158720250064539	0.000885578711370248
0.00027025329379544	0.00146316413182112	0.00316773112065442	0.0017514931298887	0.00745241222865396	0.00310903216729441	0.140496182305735	0.00042718219402186	0.626555621393112	0.0100984094903515	0.0413419397857955	0.0263693404305858	0.00617236777860356	0.00214328889282658	0.00458634533571821	0.00372014633512538	0.00658157561588885	0.00825908307021367	0.00102871514241698	0.00970923758236267	0.0359607751773527	0.0450087465924349	0.0143269568053466
0.000917422439792086	0.000395757824145261	5.75808872852247e-05	0.00103375212421747	0.000367553976535951	0.0164389774665093	0.171238994782476	8.55189002428798e-05	0.667975932404301	0.00391552929474104	0.00247588773729355	0.0418744718045167	0.0114079914233325	0.000165007506970407	0.000240691400782888	0.000686802927620928	0.0136699851411428	0.00069469419724804	0.00148368256445898	0.000145710335373137	0.00680274222171969	0.0267677580249184	0.0311575546143757
0.00482876560832487	0.000362473178817786	0.00018014546664786	0.0015864491852506	0.00365054646722177	0.00904285537661587	0.162177437856408	0.000251534864160352	0.663731959915131	0.000563876328851628	0.0153202845253167	0.0167976493659782	0.000529441228498913	0.000236143590816474	0.00427971474770764	0.000826885647325032	0.000490923311493863	0.0191818629459662	0.00119113208457815	0.00665814269473957	0.0320177445999583	0.054259391114639	0.00183463989555187
0.000272636521616022	0.000986194831751403	0.00533896251538773	0.0130769284647906	0.000570830743955243	0.0437973458288552	0.147368076058385	0.00179099773329447	0.652215250358496	0.0261614978343128	0.00152076950614891	0.0424049685376639	0.000262844100786867	9.67575409409636e-05	0.00019386444155776	0.00497387607878252	0.0111671116382728	0.00577396886801256	0.00355451630888235	0.000114692229044143	0.000846513254989681	0.0354933643848957	0.00201803221917764
0.000456489799328724	0.000669528920682906	0.000539167079548205	0.0236753508053701	0.00881291636107981	0.00144334360433896	0.169413908911866	0.000265203349806243	0.66355953383189	0.00110833649581874	0.00165748691089946	0.0350815913041554	0.0299545273318381	0.000136807813809107	0.00185305103784996	0.000684816761507801	0.00389973158187731	0.000288627038737165	0.0024962917787118	0.000596927270513764	0.00233082554597155	0.0282562391674819	0.0228192972969163
0.00146800518134403	0.00154484894346264	0.000234988454152682	0.00570270348445588	0.00308778023940354	0.0105485267844671	0.141294602706053	0.000465186808309631	0.670566190828058	0.000928145734388941	0.0345476464876878	0.0259744468592945	0.00184602224152468	0.00054499957772529	0.00772635820178742	0.00220589053998782	0.00610556348227546	0.00625743435109819	0.00160744682992889	0.00218358175098485	0.0260640304178741	0.0447921984195597	0.00430340167617631
0.00257244047096345	0.000479383883917997	0.000500128949257393	0.00257306718446891	0.00105498305870481	0.000756592334976808	0.157696651765971	0.00181834219221663	0.713171623751133	0.000634562898683833	0.00491969776308112	0.0304273476497771	0.0132802541810319	0.00012528871375303	0.00385759666962325	0.000284113180061652	0.00115943617683797	0.00594591364834756	0.00160230863512518	0.00813381740448394	0.00259708804734043	0.0202212645097752	0.0261880969304675
5.25519520509515e-05	0.000114855175750094	3.65393422524495e-05	0.00721979337058934	0.000803974215229708	0.000524366084700713	0.190742892725885	0.112472347200073	0.448114569655409	0.093785698419737	0.00149983693609509	0.0438861652820508	0.0015304717261536	0.000123634742381162	0.00186547212752152	0.000918700144550089	0.000345610139373789	0.0527961260961053	0.000287868099229715	0.000347881024853929	0.0265001786415725	0.0157048752415974	0.000325591656838125
0.000413430981701813	0.00553560616279225	0.000968726831395134	0.0136767103016978	0.00350347975018721	0.000391269258619366	0.158767436657199	0.000172668139079661	0.691506757384889	0.000478969728156859	0.012987092137228	0.0194851869445082	0.0278762946745904	0.000132975254673352	0.00142563518661719	0.00394603374250404	0.00168773321118087	0.00121039378055072	0.00249441304077702	0.00750907870389368	0.00182237720705215	0.0219269048329458	0.0220808260877606
0.0101054489994159	0.00489332961243141	0.000308228953625435	0.00824437231205928	0.00112074192719889	0.0139129338475879	0.161212466805705	0.000201541960860736	0.678408426510747	0.0176100418432557	0.00111898530668538	0.0163699942519564	0.00109514700632969	0.000177547712608467	0.000479827638658904	0.000639407155346702	0.00578632895380649	0.00103668335996598	0.0011030366707658	0.00425396802392332	0.00344557581070299	0.046857757980757	0.0216182073556057
0.0023004840605499	0.0161109526617628	0.000539348409475786	0.00166719706734051	0.00113134164658237	0.00112818757146001	0.144508118164852	0.000201847207329587	0.599217502708181	0.0266090965745778	0.0452511600656033	0.0323346940344155	0.0131066006384671	0.000393360229642825	0.00387127385339266	0.0205141172688407	0.0150074555913706	0.00614758095053253	0.00163642810043438	0.00704793189111839	0.0179348421825789	0.0416265822692603	0.00171389685223062
0.00174289864702675	0.0340505350673984	0.000855654576362071	0.00795630143494993	0.014082606456628	0.00568597912836579	0.165829496332567	0.000981057398841726	0.673094583835239	0.00145036400497252	0.000926151004672268	0.0289728938325809	0.00527983994614248	0.00256327508613646	0.00109164363327259	0.000202305430266407	0.00066823321125344	0.0011690013654971	0.0211505243499052	0.002187434286783	0.00069408816934281	0.0235938745385092	0.00577125826328598
0.000275606284193039	0.0178239949029867	0.00644417717265531	0.0124611855559895	0.000223085395614554	0.0498054345981175	0.182153789632968	0.0056853282805644	0.667582898503219	0.0121209839769614	0.00328445554866058	0.00491212070589846	0.000391021822535931	0.00180563301043677	0.00180322492830109	0.0115135151301492	0.000187265369629737	0.00134281745726206	0.00420376068320052	0.00032641660527675	0.00139259401550664	0.00680516345854472	0.0074555269613283
0.0025315315063507	0.0158285798274457	0.000306924155795097	0.0161345077069047	0.0032361177276723	0.0197040224913804	0.153663515520608	0.00497232998733926	0.630825918720309	0.00141918443013841	0.000866860557376007	0.0437049448989088	0.00447248128368337	0.00024468072523151	0.000524404934595676	0.00964527665915144	0.00907203446559028	0.00456041289009514	0.00171577416870498	0.000312586388485223	0.00166300964674023	0.0579409970865848	0.0166539042209085
0.000412151526159922	0.00629693781405359	0.00249497272189612	0.0182438152525289	0.00341127482970285	0.00780084626387494	0.146253595392634	0.0002755776153223	0.658705912230327	0.000563972738754567	0.000592885182471099	0.0261107385527659	0.00877831642106044	0.00481021406140929	0.000544115983991909	0.000411061458099841	0.0110247378088817	0.00279523134689054	0.00471758228276159	0.00693079227713859	0.00138967732823295	0.0287278465205758	0.0587077443904661
0.00113864259745328	0.00188097683845462	0.00384467344078011	0.00766167265824321	0.00250347660858777	0.00251499136442484	0.16639649580808	0.00120232213353771	0.663899169822896	0.00026080706585001	0.00196295315369399	0.021837848949539	0.0221365536091277	0.000354867905368723	0.000212279290373542	0.0021967960557654	0.0149447741510774	0.00163205814769872	0.0428156856360833	0.00633437768438193	0.0027127603773401	0.0290251041755168	0.00253071252572559
0.000659374531786972	0.000751792158705187	0.00112592486695572	0.0144718140691395	0.00125412780227612	0.00211251363858219	0.162542944574411	0.000418261034387112	0.66408362898314	0.00154496842619346	0.000595041114545125	0.0218787081683658	0.0249172346044379	0.000103189161877687	0.00184633528952535	0.000526160254944936	0.00935193570207016	0.000374214182994252	0.000393475825275919	0.00031236342432652	0.00370744945730776	0.0296984047715122	0.057330137957239
0.0038476857813159	0.000695297501157262	0.00191613699750044	0.0067888037625865	0.0129293670063076	0.000686390912382057	0.173127641483005	0.000452290657468357	0.653248713347507	0.00132052959266149	0.000695067272838915	0.0338908101428875	0.00352329010907773	9.48260539134402e-05	0.00287964987343091	0.00041016793938958	0.0112270803407736	0.000766604323618657	0.020725201623491	0.000215238962085797	0.0158448961679362	0.0502972259338388	0.00441708421482639
0.000510169966931497	0.00500115350094268	0.00155742798146716	0.0108748020109438	0.00970946299189965	0.00204980206489189	0.170336335052783	0.000469093267522813	0.665895209515666	0.00847158304157775	0.00248143139164743	0.0326272309146044	0.0298748206966269	0.00250280224218486	0.000147792742099406	0.000317918047994776	0.00583213447719461	0.000241886135845795	0.000588829815338146	0.00244324583132449	0.000579424748537516	0.0158481793221238	0.031639264239852
0.000416511633290294	0.000814184161203623	0.00191167408860531	0.0082091719142338	0.0204873707635433	0.00476158367746401	0.167886286453941	0.000653876300599358	0.666015971527622	0.00284436391413704	0.000555738007220773	0.0248284100429263	0.00345740811874735	0.00529513397106249	0.000186155990130969	0.00101777724086865	0.000465888230729574	0.000544684722735104	0.00619837145560804	0.00143478726515175	0.0004827790890744	0.0470945450456862	0.0344373263854182
0.000112886299826463	0.00919773936769023	5.29373000261289e-05	0.00199241293077183	0.000620300024459282	0.000658339367912784	0.14290047157611	0.000468925855911114	0.618368821887327	0.00140446696460795	0.0105511633856154	0.0441931750021362	0.0301876811179927	0.00032504059840934	0.0133852344477795	0.00935303448995481	0.0416221927973838	0.0493049518911492	0.000600229077280577	0.0044983939064331	0.00356081219112885	0.00909220941501509	0.00754858010507926
0.0150790511999144	0.00031252198299218	0.000173920767228922	0.00833770353713866	0.000407163224597745	0.000596903092146696	0.170028556959064	0.000257692043663123	0.65520588392333	0.00135209568542435	0.00505463821962357	0.0438969063511468	0.0307327110010654	7.06404597365633e-05	0.00470218082484484	0.00313012827317205	0.002904152719204	0.00226348088219941	0.000384822478609088	0.0103290253326063	0.00275898486978815	0.035533639110081	0.0064871970624233
0.00211993049017406	0.00130517761779702	0.000114773427881562	0.0141332965544111	0.000805215445565945	0.0192825582741682	0.156797014140917	0.00394360005521451	0.697971506258225	0.0117281455440852	0.000968788744081869	0.0294380401596807	0.00991458854832652	0.00254201560430237	0.000714114392757297	0.00261727115144506	0.000792824619471053	0.00530174603962019	0.00116693623159971	0.00718806123770122	0.00120318693054518	0.0286330183457612	0.00131819018626787
0.000566904613495749	0.00021085749213786	3.99645726298086e-05	0.0263764998519432	0.00313520649130368	7.00382070299733e-05	0.177728524710756	0.191818112903162	0.42873399278084	0.0729989859124856	0.000217722306522334	0.0103675500122959	0.000105470500630669	0.00686670763430938	0.00128784398932763	0.00088619953008092	0.0162517045998683	0.0182627806804387	0.000162286690270151	0.000772737871607805	0.0312958975054053	0.0116757319785943	0.000168279164864593
0.000405879635658084	0.000400005371547949	0.000259674902348056	0.0112883997875284	0.00136242606532342	0.00191423753568741	0.156803726499249	0.00283803286530283	0.68612368657465	0.00120061576994998	0.0196376990032303	0.0339130703751803	0.0171486390054896	0.000548729466112666	0.00061013347929087	0.00338303264512514	0.00274822959092798	0.00722402493493719	0.00179822625600989	0.000708066294227992	0.00861768375044691	0.0378055785318863	0.00326020165989049
0.0010863975035782	0.000383879543017528	0.001823583952602	0.00153379051316374	0.00210630233848587	0.0362776581117736	0.173673383828699	0.0108609105410919	0.703958455821584	0.00240253549349405	0.00195419595039408	0.0041761101012092	0.000937921597404389	0.00137169588756918	0.000159261589376674	0.000645040548264989	0.00381620901944595	0.000459234859480671	0.0137376553645448	0.0110180017240889	0.00557233559151089	0.0127183852265714	0.00932705489264893
0.00619805971653086	0.000359709742160261	0.00139427150468801	0.00152384833603277	0.000316647003389059	0.00348837712661084	0.17361387887652	0.00666819153176126	0.643843786106624	0.0236848988222155	0.00159242443182846	0.0322854071997205	0.00577079433478429	0.00189295916816926	0.0106308420941897	0.00751860973946091	0.00844810682861594	0.00811296874156653	0.000979492528841233	0.00605066368253	0.0176360437696137	0.0356713234847809	0.00231869522936637
0.000151442184565748	0.000806531443317456	0.00151244078836437	0.0163580569959413	0.00165590808551904	0.013765330775224	0.160770930552692	0.00276995259420244	0.704115259922543	0.000793054682547199	0.000886172628138682	0.0277547864561806	0.0165218765363406	0.000369416289292149	0.000792260850681231	0.00112472437278709	0.011121175125983	0.00220481828831805	0.0011089782961765	0.000376998587352565	0.00192518627196655	0.00335945598169208	0.0297552422901748
0.000769405064884465	0.00162937066787491	0.00256062503652878	0.0109654915399932	0.00455937934220977	0.0544971591178274	0.145460387145624	0.00925547788854478	0.635796658412076	0.00783587009643307	0.000480982263736338	0.0183198262761166	0.000761228099855898	0.00136477815300365	0.000310282469181291	0.00315483034748658	0.0181195201232782	0.000418205433563122	0.00247064114220957	0.00100317450928845	0.000554893667664208	0.0516784940807674	0.028033319121852
0.00136396911663515	0.000450318160554209	0.000164049882467496	0.00497617861615105	0.00391423975662357	0.000464966952853313	0.200613117798221	0.000129947007485493	0.677371054122242	0.00184425694074836	0.00152450990651562	0.0205799140298513	0.0166282253304675	0.00128796339156681	0.0127861214435224	0.00144043368773128	0.00179823641902581	0.000268884564599036	0.00120014125074277	0.0159363058216913	0.017349257205878	0.0148409262080469	0.00306698238637991
0.00352870859528867	0.000347550822260457	0.00332774680153595	0.0106214035128062	0.000677963443944738	0.0349581461396984	0.174417837933557	0.0426546776630916	0.637442728614681	0.0136060454522848	0.00150169932161364	0.0245680830065544	0.00119600021535624	0.00596539596990286	0.00161101365113329	0.00018818233509181	0.00013620744755915	0.000237234116733159	0.00121653409418226	0.00364293419227561	0.0014407250447232	0.0356587975944087	0.00105438403131723
0.000119212603836892	0.00425466657554577	0.000123910291418515	0.00272332366623626	0.00983084055661449	0.00326337845149553	0.1923598385777	0.05354788756515	0.633522117513331	0.00146872393610156	0.00252623045655356	0.0362976583427967	0.000847779855861149	0.000196137241681968	0.00113631427731389	0.0155188355977689	0.000884958219665621	0.000695837565830169	0.000414920367624102	0.00232071444773224	0.0136271011981199	0.0229825345028093	0.00133707818881173
0.000414473726796072	0.000472103471020817	0.000358798168907187	0.0227397774715567	0.00447208340178378	0.0061601534801185	0.169734160564046	0.00023322486111692	0.71346597674598	0.0085915005504997	0.00210849516494567	0.0116644327637746	0.00542911257957575	0.00782488767275324	0.00087428727471073	0.00930573031828256	0.000288024280701791	0.000826723492176126	0.0165771121150837	0.00100800153704722	0.00721502415817663	0.00604399299971034	0.00419192320123575
0.000982000132729929	0.000396932730954311	0.000382182309251682	0.0174927581387705	0.000569218108956188	0.0100504038481712	0.143274996434545	0.00011116624534479	0.682654342211623	0.0163876426078646	0.00164623674053791	0.0330835051394414	0.00669870211038409	0.000300168161792783	0.00160369775332173	0.000268244880139548	0.008087903520882	0.000199095559035149	0.000528800315714274	0.000443379928291893	0.00040607202413855	0.0203361751871145	0.0540963759109954
3.32684602763957e-05	0.00016588621751696	0.000127267256203558	0.00421551216328157	0.000631828323126338	0.000149313362399841	0.224441933145745	0.0414365143439185	0.535491759671461	0.127415722708203	0.000190162399813328	0.0112273552817237	0.000205531904059163	0.0139265923019593	0.00550310434511979	0.0109015562698498	0.000111896168004874	0.00662490415005144	9.64634661033577e-05	0.00144138799326801	0.010452125460669	0.00495173502506166	0.000258179582184102
0.000123834099467379	0.00116493317802248	0.000129078419243796	0.0115368282347583	0.000755193626009022	0.0467017009858267	0.179519271003003	0.0116125528515651	0.649615077325271	0.00120620726215972	0.00271462554498673	0.0139668995350224	0.00161460846269701	0.0132131495177005	0.000137882243196817	0.00394564794169526	0.000179784361218425	0.000548026636273628	0.00242419524880576	0.00664727493071092	0.0014369724452513	0.0431651069301692	0.00764114921694588
0.00335641018045779	0.000639649299047798	0.000165998818148178	0.00275191854177251	0.00311033763607797	0.000542240660078974	0.130411948650094	0.000746781011834043	0.583792848519334	0.0210950721065284	0.0560867937840313	0.0419711243720558	0.000675693882052459	0.000929852232250904	0.000310616851119646	0.000443868744832268	0.0176380460545316	0.00258650966492268	0.000508092500033568	0.0110490382311015	0.0321763017111146	0.0881112631215575	0.000899593427022538
0.000400409664092914	0.00162679487047105	0.00118305865037878	0.0147702810506634	0.00034461929147204	0.030008367987732	0.175767961570711	0.00045672761113539	0.678193081434394	0.00145487136205649	0.000587701527554304	0.00858676015006033	0.0013556805798717	0.0119114665862118	0.000224049175648458	0.00946710538875577	0.000402887438813707	0.00515520141709264	0.00106959355092288	0.000191646702140047	0.000383938079010734	0.0322847750806009	0.0241730208302101
0.000114211402210165	0.011728856320983	0.00342925396820153	0.00322118979247512	0.0122671209878984	0.0398680039362574	0.155510443822899	0.000106622272645241	0.685785409554994	0.00231066215406804	0.0010679989140111	0.0287117422071577	0.00215100605392854	0.000298816065453472	0.000240130828466647	0.00190253383331746	0.00141575983947113	0.00319807984842156	0.000793509319880429	0.0192615971296289	0.00141730944330526	0.0135737474811857	0.0116259948231405
0.00494845960088203	0.000211831749336318	0.000166722391039846	0.00967665456791852	0.00115117118058034	0.000382495596309602	0.167744393330318	0.00356423357775577	0.677167766637409	0.00257791460127043	0.00173818803640026	0.0520669929143837	0.0025530533823581	0.000357863344793946	0.00927925263203458	0.000138290616090437	0.000499947043230353	0.00294558119364948	0.000438335856540842	0.00903290000546698	0.0227384893320366	0.0300935866708473	0.000525875739347666
0.000275476429678295	0.00177088543376069	0.00111001842119114	0.0203614498130726	0.00164565980375355	0.0111672119159939	0.158175776139104	0.00446647592810127	0.661989707197278	0.00113965217839712	0.00136660476545923	0.0310953301937973	0.00696185848153432	0.000150458680978706	0.000399289699728724	0.000687227359960535	0.0135227054595037	0.000347127573491809	0.0105702691572291	0.00367078365865858	0.00251606110530684	0.0254912113611478	0.0411187592428727
0.0136286161741993	0.000508164676579329	0.00222235577166932	0.0152584854113612	0.00133254973544437	0.00480365750410628	0.142500250602924	0.000481692039691983	0.634465887642354	0.00456431983953826	0.000855451079956628	0.0193291119227649	0.0185700327773783	0.00019287046724982	0.000452344055336029	0.000239672947070512	0.00849599660096873	0.000294213971453144	0.00377480026331531	0.000314482493275335	0.000416714587885564	0.0860449298933901	0.041253399542087
0.000454423172971494	0.000211534695134165	0.000244316067646687	0.00366453033838665	0.0133241707549321	0.000323363397720263	0.169338510098744	0.000181062896144364	0.666948604077639	0.0142700836237329	0.000621705361010597	0.0527593415992068	0.00065988591281296	0.000282227602504471	0.00343207601074026	0.000727456257626403	0.000697535224870024	0.00741189074879686	0.000246229598953126	0.000845536718517113	0.0299958316875305	0.0328867609994164	0.000472923154963002
0.0084260589107386	0.0100773136319485	0.00124126754945204	0.00491685365483676	0.0340218910438374	0.00282807070193122	0.157883167765604	9.40476192101678e-05	0.695186934275478	0.000584393760030056	0.000782912327295876	0.0327987244505255	0.0181001257796348	0.000425215370276511	0.000257353750450857	0.000872801999064405	0.00807134614128883	0.00129482201682614	0.00380148861031797	0.00188560933264852	0.00123230177163817	0.00841699190810082	0.00680030762886485
0.00873665615444853	0.000602357186155648	0.000372217552139662	0.0161937479876428	0.000695253889004177	0.0219529127327379	0.168291978969155	0.00730484018125886	0.683075321737104	0.00128737614940211	0.000821036933575849	0.0154329069653165	0.00119460754567634	9.95768319620754e-05	0.000214139438167729	0.000317150869349456	0.00251392111542158	0.000413389731018966	0.0163101915946173	0.00141678783739271	0.000313335629471154	0.018165325720286	0.0342749672486963
0.000338944843894749	0.0157381624246325	0.000118509466224501	0.0147470854095703	0.0110167688931831	0.00153418360489932	0.160872449857773	0.000730600400311252	0.638446954248344	0.000586515264777018	0.000477413264445031	0.0291650325911991	0.0359836684686236	0.000445344358857168	0.000276838419109952	0.0100919007703511	0.00804163978578744	0.000865941214191914	0.000804959226039482	0.000606321411497478	0.00170402789160307	0.039977492405092	0.0274292457795923
0.00183033126233701	0.00162774678004724	0.00056059654863425	0.00618414580907374	0.0150864091641287	0.00399245870233535	0.153424856415238	0.000579162974676908	0.648664563783806	0.00259223595988599	0.00162096229849263	0.032617041930559	0.00359389226571145	0.00192740111671268	0.000244868900790484	0.00490678397006574	0.0205123295664345	0.000918602636407132	0.00233838188142263	0.00382280325709473	0.0163325884348037	0.0479239004692726	0.0286979358720695
0.00408229157512759	0.000260354967061005	0.000478857118161713	0.00755310355899119	0.000380925846236145	0.00691853730940357	0.142260524469545	9.0984068366832e-05	0.666039115345102	0.0182383873723138	0.0213960435016142	0.0683259960002524	0.0135700154186168	0.00011088433324043	0.00137024410960359	0.000417346448559856	0.00212525553717744	0.00628936184116178	0.00322958853321184	0.000821147753568132	0.00998013942696622	0.0244533586549359	0.00160753681078287
0.000388792076813273	0.000337021295328126	0.000227374630420727	0.00931440663827865	0.00067024025817365	0.00544057196761537	0.18122956366261	0.000536049224488725	0.669583059275342	0.00129247951432176	0.000324868155500833	0.0379702082750825	0.0128088540626842	0.0003361880160689	0.00522174309943133	0.000137372337086801	0.0213439658259754	0.0155826053135773	0.000295797277352844	0.00780071259667646	0.00337703779024722	0.0250829237023147	0.000698165004609073
0.00043685349618791	0.0126827465932519	0.000123668867158768	0.0208317627924544	0.00139751975082017	0.000482173794390181	0.171268420944885	0.000110339650076144	0.677483043196082	0.00116565502671775	0.0140400575910204	0.0181060715160674	0.0211456262009469	0.000477380551750944	0.000633103385680206	0.000283735707885265	0.00931338214393049	0.0122403560525062	0.00084854225772056	0.00160663986169307	0.00322289498239937	0.0279726117007483	0.0041274139356268
0.000376433721041548	0.00542764403312885	0.000103124232788128	0.00806380631280019	0.00388954932240559	0.00158634112260419	0.139651312289528	0.000295402388841228	0.646478625676921	0.00859103078176765	0.00202946452562517	0.0452575478681683	0.009061529375017	0.000219537109498976	0.000404729208786721	0.000675572617678849	0.00415333270152276	0.0187818705011737	0.00580028294290159	0.00683511584474431	0.00119860641379962	0.0342293517465697	0.0568897892626873
0.0101892300007384	0.00147474509862921	0.000247796210191905	0.00547932383865376	0.000428265748414392	0.000569844622335369	0.170968464852618	0.00110198036854709	0.687227482050625	0.0015467707206727	0.0208401699023733	0.0157804568814279	0.0270514880072775	0.00029888717845375	0.000104230623979729	0.000103511100051152	0.00485311271538032	0.000161907340179805	0.0266393529081825	0.00266405751689763	0.000881560746245905	0.018893943158166	0.00249341840995811
0.00994040887921779	0.000997573582431578	0.000208769002774094	0.0118563145196495	0.00152833359611998	0.0456743233318887	0.15547315429143	0.0172993661400917	0.623273241261608	0.0105300317195167	0.00269754722973647	0.0236317597315194	0.000992602478969496	0.000403396393758765	7.5598860288883e-05	0.00850517466294711	0.000326084293797435	0.00459459707955971	0.00132223622933331	0.0010862295372056	0.000662115565149633	0.0690759085653827	0.00984523304762286
0.000157961471681228	0.0413654033816457	7.3343384028168e-05	0.00658834729468245	0.00102323146978929	0.00288373019705641	0.141789538597166	0.000613617649536683	0.685863777769571	0.000213248456024596	0.000723297092703835	0.0189078717829831	0.0250651704212044	0.000112538581067856	5.33568401600218e-05	0.000176056156203195	0.000147998287784445	0.000247541936617802	0.000268973410015816	0.000941824916290705	0.000536024765805053	0.00496427088694715	0.0672828752510349
0.00488741795412763	0.057042909946184	0.000416823555316868	0.00859091368262978	0.000533289322892016	0.0339221994310725	0.133658017271117	0.000143325593452808	0.643884969003077	0.00276760648105725	0.00053321844444922	0.0276872545497969	0.00597447910828469	0.000632675939720317	0.000573676992090302	0.00179707969231148	0.0162501673518373	0.000521597928308794	0.000362767140488997	0.00139736224888576	0.00103979975215363	0.0559515546492316	0.00143089396151425
0.000459876129564206	0.000617763567226506	5.30711360399052e-05	0.000382876357175849	0.000436009028582026	0.00054146606686723	0.165367209592263	8.68639404573642e-05	0.701949801967085	0.0013479254344653	0.0171240780811902	0.0418923196855282	0.0251850276865029	8.95569152129618e-05	0.00192168839661708	0.000461044435329662	0.00547725251677034	0.0035247516798417	0.0102860394613512	0.000739928692198029	0.00195317198533759	0.0164741144008961	0.00362816284349752
0.00281540519911723	0.0122516894297176	0.000105608265555305	0.0215368875661587	0.000703636576823662	0.000684029864933876	0.149164391929808	0.000441686335761174	0.647310701142583	0.00197563906308318	0.00489616785822882	0.0330065961623652	0.0261807345238555	0.000206251427768987	4.91979772627374e-05	0.000207281545972972	0.00122427295167236	0.00763238940086967	0.00125052194075901	0.000372838236520084	0.0210502866308158	0.0110694453290534	0.0558643406413139
0.000573471056634089	0.0816097842170222	0.000144320689913013	0.00376055324420197	0.000280595676217253	0.000259089247795027	0.196230103318552	5.69108281048847e-05	0.64074925316998	0.00467502992050429	0.00207747854210038	0.0259021037777027	0.0104818589938365	0.000278727043939715	0.00238331396833312	0.000170956505592296	0.000227659379346012	0.00569200311645686	0.000459781066653372	0.000278575706215933	0.0148633656645541	0.0079552567912773	0.000889808075067546
0.000251454976995824	0.000485244957792812	0.00152737085577339	0.00733830358687422	0.0239381578926282	0.00105894473140054	0.166718883012594	0.00416800477301364	0.659754630872746	0.00150432782445183	0.000561087943357053	0.0270281603694945	0.0132735343560545	0.0015867854333322	0.000485374831527028	0.00119439382017878	0.00742291134703334	0.000677217279180264	0.000750867907474687	0.000433102801313004	0.00104633997691736	0.0255525644501907	0.0532423359996767
0.00272025707973463	0.000380302255678958	6.481734814233e-05	0.00045394601850989	0.00433239212730891	0.0015821150618309	0.169946335505773	0.00441793711100701	0.693674381175374	0.00357152234705907	0.00345413337695709	0.0439677256424364	0.0259259866106834	0.002250404144402	0.000363723026571498	0.000119377981732759	0.0253901933216441	0.000366964749625952	0.000873867971006123	0.0062445875959113	0.000775481693892551	0.00799413882443686	0.00112940903028064
0.00063314729821754	0.00265677604062958	0.00078651660531831	0.00935446670498591	0.00120315243404359	0.000325314256955435	0.151959108933332	0.000920667918771522	0.68193946952133	0.0005792626539583	0.00364595041422982	0.067493097963311	0.010639100186884	0.000111220310471839	0.00387895510810461	0.00363606365650829	0.0133658255841533	0.00808454268943603	0.00249188828679194	0.0046245883245219	0.0178255170588388	0.0121983735735512	0.00164699447565439
0.00103178695059207	0.000875465937358812	0.000350187695723992	0.0129395493828846	0.0113247002505573	0.0038715991936997	0.159760564510891	0.000443647386907861	0.704981182884522	0.000815774883688959	0.000851370012238395	0.0301248203352452	0.0150548021436061	0.000203016679844853	0.000286170590667995	0.000422674960011406	0.0135891581054339	0.00047146468670911	0.00124901186920308	0.00237717070357788	0.00509150129240633	0.0178033809344023	0.0160809986098273
0.00185900772904074	0.000369940495162248	0.000194399906681081	0.00494361925129128	0.0138071748475613	0.00423902277397454	0.153926589091161	0.0014335258714235	0.672091107212751	0.0284638784776722	0.00344794719607107	0.0578833389137033	0.0122701296010366	0.00125864555378163	0.011003785423837	0.00206127980148952	0.000556407119273026	0.0114780620978916	0.000740651956914478	8.68650123229642e-05	0.00228518756513608	0.0128036613870794	0.00279577271474508
0.000102728751494769	0.0183812110698196	0.00011920209428359	0.00620785953384653	0.00152597516754522	0.000574775872066688	0.192659121556393	0.000141165148844587	0.666893442930865	0.0140051800133546	0.013107173510781	0.00907680139885067	0.0026341568792076	0.00369868459243857	0.000422370518178121	0.00476725714931592	0.000205715869580922	0.00026526046292336	0.00163301811371929	0.000200255175604172	0.0218286270127991	0.0174372305441251	0.0241127866339632
0.00335810097055908	0.0188363057739064	0.000960959715810669	0.0051862225867296	0.00136473886958735	0.0136285052146756	0.163250919269896	0.0144216607403227	0.623199469735507	0.00343696464534999	0.011962318203757	0.041610611489044	0.0188547887140342	0.000488880208863022	0.000338284306959359	0.01510650897532	0.000590643739453789	0.00646007770221714	0.00372010096466669	0.0119772051875813	0.00197766444238753	0.0358874316139629	0.00338163692940849
0.000884540288418698	0.00101101203175556	0.000100195947106543	0.00237674084010045	0.00985068245190593	0.0008409131345611	0.167691134411689	0.000470029646321151	0.655745977661494	0.00137489656483815	0.00532692820993869	0.0293184105336771	0.0164607176794833	0.000182034003817792	0.0191350496584445	0.000622326004329915	0.0034810367471125	0.0170335738649959	0.00750121945474173	0.00083532936463043	0.0197544082250415	0.0253328059617039	0.014670037313892
0.00685378660558975	0.000709112990169163	0.00362884279032689	0.00887357397068696	0.000917680247295765	0.0116440910640551	0.168182587236279	0.0037964698137247	0.676722651122454	0.0149502048359171	0.00111852627239002	0.0356149978158524	0.00312349911941979	9.01292844844345e-05	0.000172676601673414	0.00197167739162274	0.0124913585191068	0.00299723018541757	0.00145118345695246	0.00217607399522365	0.00371624215060169	0.0371723082265667	0.00162509630419011
0.00303410184482998	0.000805878605916496	0.00111111734068364	0.00695950865429737	0.000421918452987358	0.00060386547719153	0.15985897837557	0.0042229851171381	0.658061819136233	0.0025765866889498	0.020980420560081	0.0353132231703095	0.00237115557585611	0.00298749528938352	0.00121128183357629	0.000905449712788187	0.0249886772766932	0.000590060412521618	0.00191267609375579	0.00283679490513716	0.0365323109563939	0.0303273214455333	0.00138637307417331
0.000744491208360459	0.0315469015854826	0.000126131417987274	0.00019403510890103	0.00292223318242193	0.006477416968648	0.145690752337027	8.06026279040214e-05	0.67370206657026	0.0011977119104871	0.00451368373284725	0.0432365189242352	0.00302969585603779	0.000229058076486275	0.00161917480858279	0.00585785669382152	0.0282872447810773	0.00110358228548461	0.000603311998159481	0.00461181475206426	0.0358683211068347	0.00727974400499026	0.00107765006189939
0.0012815699150804	0.0131173460986232	0.000266659689961619	0.0213747309079004	0.00096204289776977	0.000698212584348779	0.165212194099482	0.000135036827533115	0.696236457714473	0.00499038849384023	0.00180057341494324	0.00395892229565982	0.0280915349794058	0.000192918463043487	0.00107788079370685	0.00108704057162317	0.00199093846179416	0.00519805098434725	0.00567761081410222	0.000560640978530323	0.000639008543744957	0.0292898905779116	0.0161603498921748
0.000151109384979466	0.00573664131928161	0.00477313084882611	0.0201016340061965	0.00203674875391538	0.0341134814013534	0.168396124202232	0.00538449250541565	0.660528746910617	0.000744288872128722	0.000260987865658513	0.0178248273841608	0.0104010154841584	0.000295434478983142	0.000302164007657619	0.000944154216013905	0.00580676741641709	0.000253120386141365	0.00030292636553751	0.000430166671263052	0.000804374941229753	0.0213785637089412	0.0390290988688913
0.000249942181128633	0.000440761061301779	0.000185436914868102	0.0145379757038595	0.0134471382872363	0.00154823510043631	0.174086723013534	9.68010390581643e-05	0.686416839757267	0.00140594015288202	0.000446270882789763	0.0182817985836376	0.0144081273114182	8.39208138606345e-05	0.00210109481569935	0.000419728075127009	0.00156546285249066	0.0169439988460979	0.00031898165962902	0.000197815113270249	0.00649375855040972	0.033598000650923	0.0127252486330755
