Bcells	CentralVeinEndothelialcells	Cholangiocytes	Hepatocytes	Kupffercells	LSECs	Mesothelialcells	PortalVeinEndothelialcells	Tcells
9.04619890861102e-05	9.04619890227643e-05	0.0107099487948432	0.950952389586316	0.0175300581347371	0.00944072788785584	0.0110050276398888	9.04619891563734e-05	9.04619890940917e-05
0.00454947777879549	9.17118637848749e-05	0.0794355939935893	0.852463362425802	0.0199685148028675	0.000237672627467902	0.0187867430136658	0.0220465046861929	0.00242041880783427
9.15310364724926e-05	9.15310364537268e-05	0.0118948532889044	0.944939711413336	0.0295170560399234	0.00310241603156658	0.0064272303365894	0.0033078291877392	0.000627841629014404
0.00356737007013398	9.13323898304512e-05	0.01423955795779	0.935247843511256	0.0302989594298936	0.00847837157905695	0.00789390028257483	9.13323896674744e-05	9.13323897970745e-05
9.37849402462427e-05	0.00380054282211886	0.0187093894434158	0.934770116132395	0.0227285795498768	9.37849402981524e-05	0.0112892761793387	0.00745172141773846	0.00106280457457186
9.27011167945509e-05	9.27011167600065e-05	0.0175046804335557	0.923655214881475	0.0267160705149385	0.00671133885962789	0.0111405597036698	0.00941714079009408	0.00466959258308441
8.97604423812947e-05	0.0120145350654295	0.0125927411632289	0.931230518331363	0.0256996990338341	0.00262018903273655	0.0155730360463034	8.97604423340625e-05	8.97604423886637e-05
8.83935242989403e-05	0.00489493315494937	0.00842432011734063	0.949166398627554	0.0151175178412245	0.0069103005626907	0.0125913642876839	0.00271837835994925	8.8393524308734e-05
8.87435014736554e-05	0.00158375954914356	0.0165953241387678	0.947003116679156	0.0236252108984417	8.87435015824786e-05	0.0097856105366161	8.87435013886494e-05	0.00114074769342964
9.40084599008406e-05	9.40084598587851e-05	0.0262286526528513	0.928409635975887	0.0315875988013481	0.00127528924506937	0.00881736209329526	0.0033994358518897	9.4008459899527e-05
8.81747523175666e-05	0.0112348932391838	0.0115650406117136	0.932348871988248	0.0331714607951009	8.81747522803767e-05	0.009264747148803	0.00133779835558681	0.000900838356766292
9.11922621445527e-05	0.00385681591047809	0.0131094942241431	0.935952620433305	0.0271304471727943	0.00438504231291605	0.01040654187568	0.00413637189862394	0.000931473909914765
9.21093907595391e-05	0.010101087815346	0.0128062873620757	0.943581738746197	0.0201343621830052	0.00129327774904191	0.0118069179720631	9.21093907290363e-05	9.21093907824391e-05
9.38864167021574e-05	9.38864166976813e-05	0.0205476594958094	0.948362722055912	0.0180979458605642	9.38864167229807e-05	0.0124869429940523	0.000129183926843765	9.38864166952264e-05
0.00141013527615119	8.89942003269969e-05	0.01372085040713	0.937665650629705	0.0146635991107213	0.00638520295237392	0.0138283063016742	0.00621965907146445	0.00601760205045252
8.86355384755797e-05	0.00176474910256734	0.009945395011727	0.947914478604393	0.0237816519242182	0.00326829715290234	0.0103201352852286	8.86355383226741e-05	0.00282802184216491
0.00033087823946719	0.0011711927527108	0.00866803640930666	0.940960447569413	0.0238719077031165	0.0137896696193055	0.0110223176438418	9.27750314037854e-05	9.27750314351103e-05
0.000349091232275847	0.0143248335612857	0.0163493877532669	0.914876585882314	0.027487783278926	8.97356881526407e-05	0.0205858793876247	0.00428716463006669	0.00164953858608771
0.00754592241492181	0.00853105999667531	0.0298148430881009	0.795719632683079	0.0344477121100003	8.71669286329221e-05	0.0642645057013482	0.028613064510623	0.0309760925666181
0.00689475524015078	9.24031613461524e-05	0.0183471172862744	0.935982076751352	0.0241418504642937	0.00276371346584825	0.00862644731594989	0.00305923315300332	9.24031617812539e-05
0.00206975791272034	9.15550528140564e-05	0.00983036783857972	0.944018589165106	0.0233382318184938	0.0106067694756411	0.0098616186308318	9.15550528816923e-05	9.15550529317661e-05
0.00074786409883682	9.27786711091289e-05	0.0198557528332723	0.93584917810343	0.0317073218761363	9.2778671166668e-05	0.0114687684037089	9.27786711717699e-05	9.27786711678895e-05
8.9781490958801e-05	0.0271873711134793	0.0129652929364973	0.92503943944401	0.0162805124411916	8.97814909108787e-05	0.0156617422062379	0.000109656878398474	0.00257642199831575
0.000361529703145463	0.0069541617467371	0.0176940760449459	0.926864404762829	0.0323301244764414	9.18483892073134e-05	0.0155201580983785	9.18483891419911e-05	9.1848389173027e-05
0.00278849686999802	0.000967600634231702	0.0050555468853489	0.93983819552209	0.0311619688877546	0.0075185427775185	0.0112396405794256	8.86294410821932e-05	0.00134137840254995
8.83830986889156e-05	0.00607265539703649	0.012929456704794	0.931001059565977	0.0332991974212151	8.83830986635395e-05	0.0141673725667099	0.00226510904824012	8.83830986749293e-05
0.00141483303616563	0.0137568103661601	0.0108897881430542	0.943439434051504	0.020438179968566	8.74374192687227e-05	0.00893542784202609	0.000950651753972052	8.74374192831524e-05
8.98941461263621e-05	8.98941461082707e-05	0.015742339132967	0.940056303126652	0.02440420995796	0.00537501522594467	0.0103305848058853	0.00164989045504719	0.0022618690033095
0.00461403688854651	0.00525954308746147	0.0124429798130767	0.93859372249418	0.018775688183524	0.00573419524309196	0.0131858427261778	9.11465803143668e-05	0.00130284498362708
0.0178929202278141	0.00315768953573001	0.0287804771007965	0.866329687825458	0.0284484527391673	8.74252525681069e-05	0.037386933578128	0.00395264702612752	0.0139637667142105
9.0275624600752e-05	0.0030419861590127	0.0160020486927293	0.930027193720748	0.0331382411230393	9.02756243783929e-05	0.0108591384555961	0.00666056497529035	9.02756246053665e-05
8.80976080539174e-05	8.80976080301059e-05	0.0112674059380894	0.942911852371761	0.0303007850218382	0.00139580399025484	0.00962919992235684	0.00360573720973644	0.000713020329879725
9.20523243700399e-05	0.00267136793704908	0.0175271401854907	0.948262025175446	0.0190395034913288	0.00186294882759599	0.00905005201119768	9.20523243092833e-05	0.00140285772321224
8.7364577696148e-05	0.00253679202329858	0.0142435603153293	0.943338926360452	0.0103057686686387	0.015408743167795	0.0112459453669796	8.73645777605218e-05	0.00274553494205044
0.00647674647299938	9.29173995650915e-05	0.0153426615900661	0.932835640966366	0.0281157002661658	9.29173997754932e-05	0.00782129046152193	0.00797869821156393	0.00124342723197689
9.36017486129242e-05	9.36017485613146e-05	0.0242226848991034	0.938903669231012	0.0217967658378819	9.3601748549685e-05	0.00918413195998881	9.3601748657851e-05	0.00551834107763239
8.818680343156e-05	0.0106821744781506	0.0159158453283562	0.94209245811439	0.0164900166762977	8.81868033982925e-05	0.0134700904382184	0.00108485455431387	8.81868034432815e-05
9.00833654004495e-05	0.0030028573825145	0.0132016547682414	0.942694267383116	0.0265234532214941	9.00833654010344e-05	0.0131546742574483	0.00115284289097576	9.00833654086386e-05
9.29991656577232e-05	9.29991656232713e-05	0.0264148898403323	0.932603137194422	0.0143785272061944	0.00149439838308423	0.0157436604151363	0.0090863894638908	9.29991656588617e-05
0.00138112288719055	9.13525116640875e-05	0.0149125495611239	0.935499775383456	0.037541234645512	9.13525118282335e-05	0.0102999074757841	9.13525117258329e-05	9.13525117154532e-05
0.000799043500889385	0.00974832382920885	0.011603412717178	0.935951805270177	0.0283366138280284	9.03787775799567e-05	0.0132896645219603	9.03787774435012e-05	9.03787775345415e-05
9.3179355933683e-05	0.00471029630657068	0.0146027032043853	0.931449752628773	0.0418749233294997	9.31793559559264e-05	0.00698960710695653	9.31793559922599e-05	9.31793559330536e-05
8.99717480436463e-05	8.99717480017115e-05	0.0161663374999512	0.934998663305921	0.0226507593945243	0.00955331356075692	0.01220155143968	0.0041594595550832	8.9971748037714e-05
9.44004558492291e-05	9.44004558414108e-05	0.0193892889332179	0.931517716543316	0.0259555472094257	9.44004558652853e-05	0.0111472567544776	0.000609904530486025	0.0110970846615208
0.00125600348265839	9.50194822590498e-05	0.0129719974349397	0.936408140882935	0.0333210518231438	9.50194822488611e-05	0.0117682626647907	0.00398948526475799	9.50194822668904e-05
0.00129384811296505	9.27941802940398e-05	0.0201022664330047	0.951971969844904	0.0153818374197675	9.27941803805912e-05	0.0108789014679775	9.27941803691661e-05	9.27941803370516e-05
9.25318651552786e-05	0.00431073884079781	0.0176887402006521	0.943656630407373	0.0193501354581297	0.0010053566170368	0.013710802880651	9.25318650341899e-05	9.25318651697081e-05
0.000954707932498776	0.000760663253655186	0.0235570788151941	0.940753232280911	0.0234577816226198	9.26683874839143e-05	0.0102385309329158	9.26683873340077e-05	9.26683873880675e-05
0.00233921367092226	9.28567655582517e-05	0.0422112900985436	0.922101710654565	0.0190303661206521	9.28567655876343e-05	0.0104366714393588	0.00360217771915572	9.28567656560891e-05
8.89876315359988e-05	0.024381317982419	0.00913513151605788	0.909359983891018	0.0342359674509605	8.8987631520397e-05	0.0142058216182945	0.00541053178379455	0.00309327049439964
9.01990118748964e-05	9.01990118364939e-05	0.0122231989507462	0.945107965989134	0.0219346431351126	0.0043246088670313	0.0120703776985861	9.01990118396254e-05	0.00406860832383847
9.10980569680293e-05	9.10980570856405e-05	0.0163588441634979	0.925379180526436	0.0299757385873921	9.10980568955557e-05	0.0141862226018389	9.10980570017895e-05	0.0137356218928842
0.00387266255458799	8.91260258538397e-05	0.0156309710719468	0.96029602282302	0.0123808189764555	8.91260257746858e-05	0.00746302047073239	8.91260258774419e-05	8.91260257513702e-05
0.00111438921630386	9.20443953811588e-05	0.0170650410611406	0.927004281459831	0.031441107483678	0.00853750668051676	0.00935194213049505	9.20443954244321e-05	0.00530164317722933
8.98676873625008e-05	0.00589279289426487	0.0114039884143885	0.948174061544948	0.0212583503868989	8.98676872942875e-05	0.0107224321308286	0.00109773301836743	0.00127090623564633
0.00020007013863531	9.4106705667255e-05	0.0174346044096196	0.93208930771619	0.0273821982108989	9.4106705629306e-05	0.0126532574068554	0.00995824200080071	9.41067057036226e-05
0.00310070166528859	0.000550328448931523	0.0141151408903673	0.920152411234756	0.0385151747796561	9.0202425400697e-05	0.0142874032394987	9.02024254436502e-05	0.00909843489065749
8.83243008768536e-05	0.012545429747355	0.0172501300790789	0.944408060868919	0.0157475178450478	8.83243009276838e-05	0.00969556425604993	8.8324300850905e-05	8.83243008937458e-05
9.4041128481764e-05	9.40411284025619e-05	0.0280294723039418	0.9361438340175	0.0156069797784095	0.0064075731756361	0.00834179353827247	0.00518822380086301	9.40411284925531e-05
8.979573259366e-05	0.014393680421479	0.0173927109498716	0.93199269939702	0.0142935147023473	8.97957325407295e-05	0.0143958532981545	8.97957325238512e-05	0.00726215403346927
8.95485470131373e-05	0.000676869804597312	0.0190435001413704	0.94295825681866	0.0255981681199108	8.95485471069179e-05	0.010449695326085	0.000666815627164644	0.000427597068091931
0.00420117838231889	8.85600919693126e-05	0.0117079362889743	0.937244068757052	0.0224264324952297	0.0131285572374555	0.00886148393529017	8.85600921286524e-05	0.00225322271958111
0.000996832515738712	9.20379764469214e-05	0.0302744478993767	0.921723208890917	0.014184098206009	0.00813808269687685	0.0132619941357381	0.00679299024066608	0.00453630743823079
0.00430962294690588	0.000881187787812336	0.0149364320767626	0.940916731521293	0.0272520402343282	9.22950118010827e-05	0.0114271003972552	9.22950119588791e-05	9.22950118826056e-05
8.81286207112395e-05	8.8128620660313e-05	0.0125072403387487	0.955993336909993	0.0149064212291451	0.00104048617120702	0.00943186207038565	0.00364138188909361	0.00230301415005523
0.000752937045338013	0.00118091198241914	0.012962498962132	0.930224500656017	0.0253869310640683	0.00335550702164791	0.0137959363483457	0.00523777970891526	0.00710299721111659
8.99310497502552e-05	8.99310498199135e-05	0.0152825448542671	0.937331275825665	0.0291089713053352	8.99310497241628e-05	0.00846681807931629	0.00945066573635613	8.99310497655969e-05
9.28751512345674e-05	0.00310226293030211	0.0447715319049566	0.909198400125191	0.0221377241670161	9.2875151273116e-05	0.0151355519700224	0.00537590344877172	9.28751512328117e-05
9.37165310650675e-05	9.37165310645527e-05	0.0284353588360355	0.932016966621688	0.0190746828939894	0.00492980605151701	0.00660175723315045	0.00866027877042508	9.37165310653824e-05
9.28302251205363e-05	9.28302250891131e-05	0.0352699676823995	0.924632039957037	0.00941579987939302	9.28302251170197e-05	0.0107266289044169	0.019584242676298	9.28302251289689e-05
0.000316834931889631	0.000975201851970772	0.0139921561351153	0.946281505161689	0.0171274376569945	9.01923008410057e-05	0.0131610214939834	0.00796545816684457	9.01923006715744e-05
0.000868709671028367	8.8909734269607e-05	0.0150006581340484	0.945758487445916	0.0194060639651573	0.00945815902027035	0.00760156837900699	0.00140133378463932	0.000416109865663722
0.00384972028585747	9.26065893467629e-05	0.0276097317848515	0.92861662360321	0.0109254950346051	0.00119045990111495	0.0138041415126686	0.0114873845887285	0.00242383669961741
0.00186000307867883	9.3078135102577e-05	0.0272773006088758	0.919386013862234	0.0166836102175718	9.30781351884623e-05	0.0210761056815927	0.0105485867894425	0.00298222349131339
0.000574280715932353	0.00253263289138229	0.0155487996214599	0.948438965543862	0.023545486302493	8.81667611369664e-05	0.00798707073802495	8.81667610361604e-05	0.00119643066467235
9.18936525532152e-05	0.00295238128349932	0.01418463465124	0.921550180218227	0.0396852699733682	9.18936522336218e-05	0.0126095235865368	0.00389912756814488	0.0049350954141969
0.00158322982100236	0.00200683025625878	0.0100523268779593	0.935077973627533	0.0360215335418329	0.00236321098327601	0.0123353680603849	8.77016350119376e-05	0.000471825196740489
0.00135066558467707	9.24149262175843e-05	0.0419931184057825	0.892197122107793	0.0159337094368161	9.24149262104476e-05	0.0217726001304076	0.0264755395558666	9.24149262292041e-05
9.30773822914561e-05	9.30773823042623e-05	0.019757984934454	0.919138371116651	0.0376397126845625	0.00486585383489307	0.0148459671638906	0.00347287811865383	9.30773822990426e-05
9.19267587456841e-05	0.00376384368517372	0.0185545042501718	0.940567598514164	0.0216887276915704	0.00427221731995836	0.0108773282628873	9.19267585753029e-05	9.19267587534448e-05
0.00129323210787234	9.23575191439632e-05	0.0483183888514516	0.897528982912209	0.0202106414968226	9.23575191867521e-05	0.0165717374255066	0.0157999446486002	9.23575192070216e-05
0.00144303786621885	0.00570264943032016	0.0144461800746148	0.946523063244919	0.0209393346134789	9.05880997953648e-05	0.00992158626310711	0.000842972307609199	9.05880999364768e-05
8.82139257600425e-05	0.00809950544160013	0.0155299740655471	0.950269862838484	0.0172357853597699	8.82139257207266e-05	0.00764809444239927	8.82139258963266e-05	0.00095213607482252
0.00159186485265472	0.00805886979894608	0.0148599680289138	0.924518115151607	0.0361695377949421	9.14990954163079e-05	0.0128787401293323	9.14990954483647e-05	0.00173990605273961
8.81729423553379e-05	0.00572768958609038	0.0088998606970714	0.951768129534708	0.0193525166957637	8.81729424470721e-05	0.0104955694525598	0.0021812224616187	0.00139866568738517
9.3631004008701e-05	9.36310038873432e-05	0.0201887529088138	0.947947757049905	0.0113148226414558	0.00134034361777121	0.00798209762940757	0.00974738234495496	0.00129158179979571
9.22718753306435e-05	9.22718753471811e-05	0.0165495974820298	0.922701192079727	0.0349851462952645	0.00802125689757648	0.00962511080165815	0.00559177648085083	0.00234137621221508
8.82391943289423e-05	0.0268341415398357	0.00753261220221822	0.92213323748613	0.0154203937166887	8.8239194308475e-05	0.0206329954130189	0.00718190205913889	8.82391943322305e-05
0.00534410373360537	0.00142968958105944	0.0132974092683112	0.949354435653403	0.0190068566331049	0.0018586499819039	0.00859824790844861	8.86558601551038e-05	0.00102195138000813
0.105819503498142	5.77149033847627e-05	0.192097256710489	0.490789819382036	0.0328738407958774	5.77149033879668e-05	0.0592910063747894	0.0189161605665012	0.100096982865393
8.87119379556347e-05	8.87119379621092e-05	0.00778707296675181	0.942500928104459	0.0219271048254772	0.00683265206727116	0.0149892487021084	0.00151181609049894	0.00427375336751569
0.000242322988258314	0.00284664035383366	0.0152486524503301	0.946782502286219	0.0289164980519683	9.03603857655978e-05	0.00569230271216805	9.03603857502954e-05	9.03603857068704e-05
9.37213250713092e-05	9.3721325030799e-05	0.0203575393936383	0.919831377494613	0.0327528852492767	0.0118671681699297	0.00777995883747213	0.0071299068798932	9.37213250753796e-05
0.00334245124035349	0.00493501277119938	0.00559044099991173	0.948924368572739	0.0236254873397906	9.2220127378568e-05	0.0121618226278281	0.00123597619332612	9.22201274731981e-05
9.4727431517809e-05	9.47274315177001e-05	0.0314639666577899	0.935738586972234	0.0198918366689937	9.47274314275369e-05	0.00968472020346624	0.000539203285892117	0.00239750391716105
8.66749040762786e-05	0.0057511856296001	0.0116313838233294	0.935590379743453	0.0208477083326471	0.00523010860039144	0.0100003912091745	8.66749042112764e-05	0.0107754928531172
0.0010421945964525	9.29792640577104e-05	0.026966955807614	0.924730886523795	0.0261396407917118	0.00423185127713979	0.00950960398881186	0.0046350908704864	0.00265079687993054
8.88707837852914e-05	0.00661903796023657	0.013434734804089	0.947668825028457	0.0167832901032595	8.88707839469019e-05	0.014379935283632	0.000847564468800798	8.88707837930805e-05
8.89903988219449e-05	0.00826329845705943	0.0123195185420843	0.935061124277817	0.0284911522291187	0.00139156791002699	0.0142063673874686	8.89903987747907e-05	8.89903988278266e-05
9.13424533912608e-05	0.00117587075736156	0.0179750410881929	0.932978762509102	0.0338723130345542	9.13424534223623e-05	0.00931566718134677	0.00440831806923341	9.13424533957239e-05
0.00270937864320982	0.000471318554022149	0.0178757173748383	0.930179290497616	0.0184249678548642	9.16030989185189e-05	0.0160685082582216	0.00814828721542439	0.00603092850288484
0.00104574225476039	0.00139523784378037	0.0268123913232113	0.919374204734267	0.023296361739328	9.34434272225853e-05	0.0112625417619876	0.0166266334881674	9.34434272749819e-05
0.00428893774723684	0.00425717513600075	0.0140838923126652	0.936419107594935	0.0201775382959108	9.24407583304398e-05	0.0157499554527716	0.00280926166905349	0.00212169103309574
0.00294118063208822	0.00167432023226434	0.0170948949862006	0.944907367505673	0.0193868119010561	0.00719150138235488	0.00572285862813952	0.000989841056272676	9.12236759502965e-05
0.000128244745334029	0.00548801855073578	0.012034670088455	0.915750670687954	0.0408103428671458	0.00880550440319761	0.0119566170713659	0.000128244745255614	0.00489768684055683
0.00211182624565018	0.00460182995848821	0.0107341094353465	0.937161872391359	0.0235480433565004	0.00245630859114617	0.0124021237873738	0.00148494865306908	0.00549893758106651
0.0007354664213499	9.32400571935264e-05	0.0215199471781054	0.948151122236459	0.0127103035730546	0.0070079926052313	0.0088631569116111	0.000147372872210732	0.000771398144784213
9.27776252433134e-05	0.00158048994374782	0.0209440143033988	0.949198030488791	0.0153911324982526	9.27776251861919e-05	0.00943861656504819	0.00316938332510009	9.27776252321955e-05
0.00103458117498664	0.00235327490822523	0.00817649500862367	0.957294052140711	0.0216604875188448	9.23788424663816e-05	0.00920397272126451	9.23788423674906e-05	9.23788425107032e-05
9.04347438262313e-05	0.0074810554010411	0.0137613083712269	0.938665464941264	0.0194196312657671	9.04347441043717e-05	0.0155553398581254	0.00484589593080644	9.04347438381407e-05
8.99847524030084e-05	0.000318860001036621	0.0121187693113894	0.936392079105896	0.0267849101260048	0.00165135896901981	0.0127063937511011	0.00685615119736239	0.00308149278578725
0.00214975311969029	8.82945027557951e-05	0.0103457154746617	0.954757502315025	0.0191843185441562	0.00185538758682386	0.00992954563995306	8.82945027111395e-05	0.00160118831422329
0.00989356747114609	8.94711219652507e-05	0.0141480310635692	0.938564525470403	0.0140255379107823	0.00795010588649243	0.0151498188315625	8.94711220617876e-05	8.94711220176089e-05
9.235954627661e-05	0.000538455793009363	0.0153283674976559	0.941019346364795	0.0215112849029918	0.0102174837192726	0.0111079830833572	9.23595463570766e-05	9.23595462846434e-05
9.09473961250409e-05	0.0115676857961378	0.0124843630108347	0.942290081587536	0.019524951641627	9.09473959851882e-05	0.0137691283794244	9.09473961985459e-05	9.09473961319682e-05
0.000217463309961485	0.00192994056955165	0.00976859728121232	0.937651912248035	0.0294206893852535	0.00777484770341206	0.013059293546205	8.86279782675443e-05	8.86279781011469e-05
0.0041057890538551	0.00546702772304697	0.0179883625102532	0.942969023701393	0.0203482493401542	8.96423631673196e-05	0.0088526205819126	8.96423631560714e-05	8.96423630614197e-05
9.43645338410097e-05	9.43645337977944e-05	0.01219654068608	0.924174791425137	0.0466854703056772	9.43645337900466e-05	0.00925349732130358	0.00109787139180601	0.00630873526856702
0.000385274668422372	0.000775116035552194	0.0160915814360714	0.928068346234496	0.0199745193520836	0.0049196902504084	0.0155140207625339	0.00851612709927201	0.00575532416116058
9.24368901763644e-05	9.24368902769073e-05	0.0167409903038179	0.933681389602315	0.0306553114108283	0.00616621055194121	0.00890690894322103	0.000176928885106696	0.00348738652231637
9.24640016010176e-05	0.00470374314894539	0.0276812881953972	0.916906165721094	0.0319796275771656	0.00143924354475567	0.0088209839227076	0.00828401988673291	9.24640016007249e-05
9.28022785837464e-05	0.0101395317350188	0.0172791277160579	0.925309895668969	0.0285077095176805	9.28022785401879e-05	0.0183925262479439	9.28022786097823e-05	9.28022785965352e-05
9.28574231260729e-05	0.00287759771432672	0.0199976110773438	0.941678349922261	0.0276612180396075	9.28574231536127e-05	0.00741379355388872	9.28574231671028e-05	9.28574231253027e-05
8.92371796095147e-05	0.0070597044684499	0.0135575205757978	0.93544688786876	0.0185164250178981	8.92371796441152e-05	0.0155811389564466	0.0021680593921739	0.00749178936121982
0.000215289542723693	8.95570545017172e-05	0.0130828820762476	0.943219696885286	0.0256221663728295	8.95570544935133e-05	0.010336433253849	0.00725486070550609	8.95570545630691e-05
0.00419246712842579	9.30994773288051e-05	0.0153755050620815	0.926112690605807	0.038287204516956	9.30994773973865e-05	0.00807181204187329	0.00275123173051014	0.00502288995961974
9.14942327683335e-05	9.14942327582586e-05	0.0135900067899777	0.916301765655385	0.0353994905461965	0.0149093281971621	0.0130213465042927	0.00452828257949733	0.00206679126196178
9.39998350296556e-05	9.39998349837302e-05	0.012283744786555	0.931586953185722	0.0380804282013913	9.39998349481416e-05	0.0122176382877671	0.00514002682432213	0.000409209209280822
8.91410410707015e-05	0.00792661784082204	0.00830517828708405	0.942607347671936	0.0220712736527674	8.91410409779626e-05	0.0187330183831638	8.91410410933204e-05	8.91410410850211e-05
9.17331323232959e-05	9.1733132316024e-05	0.0175547200337065	0.942763129526182	0.0195283343822659	0.00644707561837023	0.00689368106952415	0.00636419163496389	0.000265401470347921
0.000131606585349194	8.97136439305723e-05	0.0177505835868773	0.943212386926469	0.0180044917819348	0.0117642314270373	0.00886755876034063	8.97136441188445e-05	8.97136439421609e-05
0.000642954926995152	9.23859837709167e-05	0.0336797982232641	0.929883371476584	0.0103732052572885	9.23859837734923e-05	0.0126750793922915	0.0104252814944533	0.00213553726157905
0.000216145897890102	0.000758382337456385	0.0202834312823661	0.940658893536206	0.0248504969802347	8.96517320420478e-05	0.00960676841195676	0.00227023263144078	0.00126599719040685
0.000756082693068072	8.9568220824665e-05	0.0133155466612889	0.938699406427826	0.0228204874092848	0.0133011994871994	0.0108385726589085	8.95682209055284e-05	8.9568220694434e-05
0.00113278136705861	0.00115064259605677	0.0154612823507373	0.931238465576397	0.0375351357199624	0.000129072759195292	0.0102151225542615	0.00104865063968879	0.00208884643664174
0.00261757496632274	0.0122553060188796	0.0118392296122897	0.929624421787353	0.0266429817728641	8.96524878566518e-05	0.012171744860582	0.000784021706440349	0.00397506678741144
9.04680930105683e-05	0.0126025506703947	0.0114031064448357	0.941295090636956	0.0197676443828198	9.04680927971967e-05	0.00934423444192044	0.00145138470510436	0.00395505253216096
0.00306424594290512	9.15178674627026e-05	0.0116992651940064	0.942166007687348	0.0249285706751295	0.000442217323347448	0.0106879318919457	0.00270721631771574	0.00421302710013913
0.0012044269227908	0.00188840363333489	0.0360852496653445	0.919041265766734	0.0184771706879786	0.00190795731192115	0.0150602476287772	0.00620076462854651	0.000134513754572574
8.96670124720823e-05	8.96670123822074e-05	0.0149648351232261	0.939115519785633	0.0193082752625069	0.012850439670382	0.0115508123156282	0.000987927609827672	0.001042856207942
8.91365553959594e-05	8.91365554213875e-05	0.0115995681898923	0.927157478471734	0.0333467681728221	0.00466297058430673	0.00872081622685942	0.0142449886881652	8.91365554032828e-05
9.24022708628702e-05	0.00517236210672978	0.0151814172495998	0.935928612836347	0.022579011614286	9.24022708479891e-05	0.0077676945429404	0.0130936948375235	9.24022708631544e-05
0.00130443476709094	9.17489907267201e-05	0.0396798901357746	0.924698296771182	0.0213791377757777	9.17489907444673e-05	0.00706730512096484	0.00559568845698155	9.1748990756761e-05
0.00140070609902707	0.0017477726996634	0.0185356090581559	0.940248941025037	0.0182101338163451	9.25818806839038e-05	0.00972876270734252	0.00800273870362061	0.00203275401012423
0.000446340764092015	9.2491204041892e-05	0.0150765819243201	0.932993352696704	0.0385969170157604	0.000961163934587907	0.00722126161216861	0.00323367794499831	0.00137821290332662
0.00110056357669857	0.0114670053862296	0.00905720300118244	0.927182150103359	0.0238495243102836	0.0101285502103252	0.0129319483439408	0.00419481693284808	8.8238135132115e-05
9.17023839346203e-05	9.1702383882243e-05	0.0135740740940999	0.93055363657145	0.0323252842489908	9.17023838474652e-05	0.0108227382074959	0.01235745734236	9.17023839390862e-05
9.07521385129721e-05	0.00342731533429745	0.0105658545877628	0.919807132005743	0.0464739134462308	0.00848635385285666	0.00736304002877525	9.0752138420232e-05	0.00369488646740042
0.0104462924896238	6.09903751763066e-05	0.0200687784916011	0.903250454324055	0.0170241131714571	6.09903751764429e-05	0.0225165060438742	0.026510884353858	6.09903751779826e-05
0.00133853041782927	0.00556216289072698	0.00904316770366604	0.946015765942136	0.0236357461208052	8.83321513807318e-05	0.0119639358748957	0.00193534275532484	0.000417016143234922
0.0063531636787145	8.96699642459211e-05	0.0157806243585534	0.9422452868537	0.0210666043615842	0.00122720491920302	0.00833485216446405	0.0048129237351779	8.96699643569445e-05
8.91411964854469e-05	0.00207756747889102	0.0144233191560575	0.951396105600069	0.0192078686619496	0.0036442281101533	0.00898348740343152	8.91411964716911e-05	8.91411964910986e-05
0.000592968457083422	0.00789527504258765	0.0150360643339035	0.940856860241526	0.023918460420097	8.94124455769834e-05	0.00850179375492312	8.94124455870245e-05	0.00301975285871566
0.00330107790252023	0.00371216327868918	0.0133837457422964	0.941018505740005	0.0215891419920517	8.77837131543782e-05	0.0157416870962215	8.77837129918808e-05	0.00107811082207051
0.000134703981272443	9.15163616445757e-05	0.0260071722429766	0.937191181884185	0.0124201932616679	9.1516361709331e-05	0.00833281125519192	0.0156393882896228	9.15163617289814e-05
9.23314021170169e-05	9.23314020554328e-05	0.010883260865996	0.952777899068805	0.0219579625932722	9.23314020332425e-05	0.0100848914236673	0.00392666043993707	9.23314021173981e-05
0.00106205063697801	0.00464366798224686	0.0144732993683535	0.937860554099824	0.0279152492028128	8.84787634518066e-05	0.0132712836857679	0.000338277505671919	0.000347138754893075
9.2084023120827e-05	0.00394144536300501	0.0145336103217716	0.940586058495317	0.0271272478094954	9.20840231374496e-05	0.0103591703553305	9.20840233806735e-05	0.00317621558544222
0.00338766886895113	9.53378801870007e-05	0.0298099886604848	0.931248723357099	0.0192188605061586	9.53378802632991e-05	0.00948851815079178	0.00656022681583187	9.53378802323618e-05
8.79090762225749e-05	0.0253312906219976	0.00918885362518992	0.939352818224839	0.012931503904747	8.79090762738448e-05	0.0116485149580791	8.79090762320696e-05	0.00128329143641945
0.000825618457330338	0.00347528114313798	0.0126605876327169	0.95221064116827	0.0201118835110097	8.95145079519157e-05	0.0104474445636286	8.95145079513283e-05	8.95145080032048e-05
0.000751193868394454	0.0086305670215591	0.0106143866813672	0.944899868487855	0.0211481373170284	8.98478952424356e-05	0.0110875613134912	0.00268858951995034	8.98478951119126e-05
0.00256608008322247	9.44642033683234e-05	0.0231542574500445	0.935189209915136	0.0190124797595051	0.00925599583212884	0.0105385843496873	9.44642034024217e-05	9.44642035051276e-05
0.00418668774311745	9.19770223847849e-05	0.0260761342420775	0.925114293554772	0.0150581754436688	9.19770223546222e-05	0.0105976203885879	0.0155994020049738	0.0031837325780634
0.00203901174072573	0.00894113572813616	0.016031727173193	0.933183569480121	0.0258724518266064	0.000818376187612259	0.00739425827495607	9.27715957248769e-05	0.00562669799292455
8.81458153668127e-05	0.00633663062911725	0.0115970465533177	0.94391808543253	0.0192922942309237	0.00171684845704669	0.0128453011868677	0.000664063552365452	0.00354158414246482
9.06497697860395e-05	0.0260073766660907	0.0124326709593328	0.913162210410474	0.0274566352284391	9.06497698712201e-05	0.0205785076564093	9.06497697715314e-05	9.06497698252435e-05
9.10046973605578e-05	0.00624270363194863	0.012997913926353	0.956908436987132	0.015056760625597	9.10046973033254e-05	0.00843016603958	9.1004697366914e-05	9.10046973590845e-05
8.91629152938742e-05	0.00174111863089088	0.013419868213126	0.945665762619667	0.0283016909131927	0.000159644820761452	0.0104444260564738	8.91629152926073e-05	8.91629153018281e-05
0.00374556038906955	9.08859788501064e-05	0.0338841908077995	0.90746564354403	0.0157158261173148	9.08859789579295e-05	0.0241578380773539	0.0147582831276211	9.08859790028678e-05
0.00103036514128211	9.42844537950838e-05	0.0206928624647526	0.939524600357724	0.0215452313708788	0.00635560426800434	0.00902118387806522	0.00164158361165897	9.42844538395048e-05
8.87862857631493e-05	0.007721924620087	0.00984425481218096	0.952400540134186	0.0193950378334637	0.00107169743455312	0.00930018630818857	8.87862858241949e-05	8.87862857537383e-05
0.00109405660546716	0.000129758766276292	0.0127153897885019	0.937506715009495	0.027973451104219	0.00603201718087858	0.00715945885579413	0.00264249779256	0.00474665489680745
0.00274221077023666	0.00298764529355413	0.0252552537765448	0.927408833762035	0.0270203865315515	0.000924373704980577	0.00984214600597059	0.00319277565107137	0.000626374504055098
8.97024054930267e-05	0.00527410707288683	0.00965126763021835	0.935206079385132	0.0352033469725012	8.97024054152964e-05	0.0114578677555319	0.00293822396732588	8.97024054951664e-05
0.00940689401990505	9.34042450997904e-05	0.0461832573188998	0.894749755950261	0.024743118483342	9.34042450882102e-05	0.0129252951531455	0.0106366249310435	0.0011682456532148
9.34996223259375e-05	9.34996222135468e-05	0.0230334424223708	0.936023692642072	0.0180743873880165	9.34996222667978e-05	0.0133661108530387	0.00827605838343795	0.000945809444257537
0.00606693267330889	0.00319863936274624	0.00597684928951525	0.936614150028913	0.024135363701954	0.00429037941074877	0.0118463251398418	0.00276315966487588	0.00510820072809627
8.96510023999363e-05	0.0115319317562908	0.0163743561401707	0.941336828628438	0.0165107549005681	8.96510023401791e-05	0.0134146657331396	0.000562509834249675	8.96510024030988e-05
0.00083032366715346	0.0093832868219955	0.0109941328321767	0.953750304892538	0.0119523005699933	9.0474663856183e-05	0.010489595945769	0.00151210939343155	0.000997471213086404
0.000740564618389246	8.79920332979016e-05	0.0168827681550436	0.938286092743693	0.0184566628852323	0.00681242244381852	0.00657251146536448	8.79920334028775e-05	0.0120729936217578
0.00465203391546897	9.13189857291204e-05	0.018978402314182	0.923770366351247	0.0309810325047288	0.00195614243563796	0.0137848656909644	0.00569451881623611	9.13189858052714e-05
0.000183362967172529	9.33672445034293e-05	0.0175927958439746	0.919918358424632	0.0466326622465199	0.00310383722561544	0.00770743706058165	0.00467481174243968	9.33672445603731e-05
8.87654921418588e-05	8.87654920865786e-05	0.0108173707874466	0.965388131714977	0.0122554790730494	0.00165893207225967	0.00952502438374873	8.87654921333788e-05	8.87654921572238e-05
8.80838305473283e-05	8.80838305584288e-05	0.0125333915103934	0.941918711363782	0.0202078133165923	0.0111246719195138	0.00934769379537618	8.80838305998262e-05	0.0046034666026362
0.00149565481546785	0.00292169448122512	0.0179711965308399	0.919365470899035	0.0331078533418554	0.0035681007585408	0.0155070282733423	0.00597083600838651	9.21648913066545e-05
0.00187126703563027	0.00510239203454487	0.0264409003710766	0.915916942372527	0.023993142085053	0.000130838364159772	0.00808353058894743	0.00126690787229774	0.0171940792757636
0.000421147982581466	9.52373188969599e-05	0.0217368404325859	0.934994033625313	0.015165485808571	9.52373186936871e-05	0.0110152860129961	0.016381494181642	9.52373187203334e-05
0.00127890613861325	0.00755949308743895	0.012257473556252	0.938731570230703	0.0221468360220261	8.84678944864522e-05	0.0155102307015264	0.00233855447434158	8.84678946125155e-05
0.00310960399739275	0.000291767410488935	0.0270803016406139	0.940628246845329	0.0163991198823894	9.52303065125239e-05	0.0122052693044001	9.52303063930999e-05	9.52303064805118e-05
0.00366944219582568	8.98836145401702e-05	0.0123223240842659	0.936495284515777	0.0361317760452956	0.00306058932838839	0.00493124450950905	0.0032095720917944	8.98836146036762e-05
9.24109049082985e-05	9.24109048596099e-05	0.0264675134840509	0.915518243982018	0.0385256435159003	9.24109049010982e-05	0.0104217866868157	0.00869716871163354	9.24109049124061e-05
9.24487659492754e-05	9.24487660098565e-05	0.015041091824701	0.944132300476551	0.0181414887557517	9.2448765708288e-05	0.00722102736520564	0.0134622817948946	0.00172446348522887
0.00126294040243275	9.0927641237959e-05	0.0345751779328075	0.912124650543923	0.0184567488714179	9.09276413487355e-05	0.00868033271297268	0.0137205619133725	0.0109977323404869
9.15275167612452e-05	9.15275170852951e-05	0.015760553104435	0.946128975515192	0.0214211982631036	0.00479388886577102	0.0115292741839405	9.15275168913071e-05	9.15275168196096e-05
9.27862037380398e-05	0.00149768427299831	0.0190002318100735	0.928687598252491	0.0220636314041486	9.27862037451362e-05	0.0149031230268575	0.0110164549814567	0.00264570384449122
0.0017848488353959	0.0028822413211021	0.0181900019720147	0.943918070972365	0.0204753665122892	9.41553223766868e-05	0.0104468850097385	0.00211427473241479	9.415532230295e-05
9.02540897482776e-05	9.02540897386059e-05	0.0253777319520904	0.910231811440377	0.0363523987037897	0.00230774147296078	0.0138406186104358	0.00248642468064939	0.00922276496021013
8.94497672466683e-05	0.00434219182156337	0.0117778851602613	0.94523735832221	0.0165385700109617	0.00276267664407719	0.0129503735203181	8.94497672319955e-05	0.00621204498612949
0.000124989395624212	9.03194928280983e-05	0.0112260750786723	0.950343442453802	0.0140763113798629	0.000826540163599908	0.012238337053878	0.0109836654889356	9.03194927969893e-05
9.72295996805878e-05	9.72324655073624e-05	0.025166724960267	0.941456794969538	0.015973020939548	9.72295995623678e-05	0.0105072211855845	0.00650731668061949	9.72295996924956e-05
0.00139898711010076	0.00968951951724081	0.0166436041431591	0.94130345210783	0.0123764025817192	8.87802896424065e-05	0.0108500990582573	0.00550334195920553	0.00214581323284475
0.00178411574125745	0.0109269396317061	0.0107161128872103	0.935835781002419	0.020396252564088	0.00757231421429805	0.0125907789358151	8.88525116610275e-05	8.88525115447323e-05
0.000992523474653205	9.42884292062513e-05	0.0147940177577352	0.948766238929078	0.0171031307959954	0.00128223952852495	0.0124212281274174	0.00445204452819647	9.42884291936407e-05
0.00641084255353012	0.00792892437218459	0.0117274280835082	0.935524894800983	0.0194901055415021	9.20459678673996e-05	0.0091744148057629	0.00955929790671507	9.20459679465119e-05
9.11653397570673e-05	0.0007898505255585	0.012942219283473	0.935140708593416	0.036716891830227	0.00410992155579197	0.0069584716396139	0.00315960589240703	9.11653397554808e-05
8.90841046678614e-05	8.90841045658297e-05	0.0187915882990574	0.956029150465635	0.0183054479107607	8.90841046379925e-05	0.0064283928011737	8.90841048271745e-05	8.90841046748044e-05
0.00484047765668277	0.0014623309455008	0.0101798706966726	0.951634152089278	0.016791516576673	0.00640709631926412	0.0085069622729807	8.87967213899247e-05	8.87967215578325e-05
0.0023569790627897	9.21394879206416e-05	0.0271046387939025	0.937505389971327	0.0164226021488943	9.21394878581599e-05	0.0131332981913104	0.00320067336811643	9.21394878811233e-05
0.000438865409235176	8.92042947947029e-05	0.0184869351052903	0.943055742920702	0.0225864187097061	0.00242452328520762	0.0127399016854347	8.92042948725062e-05	8.92042947565024e-05
8.88282864094377e-05	0.00412140868776027	0.0123416731484411	0.949210494427177	0.0178049052753901	0.00439090669916269	0.0117945126869022	0.000158442502344353	8.88282864127629e-05
8.94212899638918e-05	8.94212899923632e-05	0.0110915014477659	0.939540542444814	0.0229165160524448	0.00664206292382672	0.01522637191098	0.000832718607074828	0.00357144403313704
0.00698879995839012	8.96185278884759e-05	0.0178165313024202	0.944697269863665	0.0144760512420116	0.00504099488406074	0.00673886589376562	0.00406224979997469	8.96185278237899e-05
9.15897429725013e-05	9.15897429346201e-05	0.0168611218379678	0.955017061431915	0.0216604614877291	9.15897429157565e-05	0.0060034065275164	9.15897430679095e-05	9.15897429805337e-05
0.000358195558489343	9.35925435594872e-05	0.0224503780505302	0.929388590979384	0.0299709264634171	0.000427036770519759	0.00942464592590917	0.00779304116439573	9.3592543795134e-05
9.37165282486537e-05	9.37165282725575e-05	0.0391481339130734	0.936417121972737	0.012556982093889	9.37165283060892e-05	0.0114091793790124	9.37165282043078e-05	9.37165282565526e-05
0.00370946853613466	0.00355947760303386	0.0184539028274997	0.92111607478621	0.0341281444207328	0.00564849794527739	0.0087327457733453	0.00276687213454703	0.0018848159732188
8.96658277944322e-05	0.00402869925430949	0.0130386182099837	0.946938923139187	0.0160500860982146	0.00107269857228635	0.010725983052223	0.0079656600181923	8.96658278093768e-05
0.00011696891727201	9.10384638824865e-05	0.0161173432490724	0.949257171960101	0.0155242011174889	0.0064690241321635	0.0117522933906603	9.10384638451452e-05	0.000580920305514021
8.88059530022979e-05	0.00685408263563769	0.0147061850036986	0.9455140867474	0.0161576469411522	8.88059532290861e-05	0.014077071719876	0.00242450909294995	8.88059530542197e-05
9.25456486639995e-05	0.00759872920573774	0.024598219960568	0.931120729048404	0.0274063227400841	0.00018876105389208	0.00867897057945602	0.000223176114515064	9.25456486789144e-05
9.25526124098656e-05	9.25526125558371e-05	0.0189861811266918	0.943072362784295	0.0183425770781551	9.25526123917102e-05	0.0119394740427279	0.007289194518361	9.25526124123654e-05
9.05497898801512e-05	0.0115984540845272	0.0145637933543151	0.924171775564518	0.0189802019580483	9.05497898322518e-05	0.01810083102862	0.00545397072085683	0.00694987370940224
8.83618886166713e-05	0.00269178942346459	0.00904626911133124	0.941907227970992	0.0327927188098439	0.00184402752388445	0.00859322373998552	0.00294801964326684	8.83618886150707e-05
0.116545646239909	5.89074217645486e-05	0.0249720201814376	0.655350354506085	0.0395836584419827	5.89074217624771e-05	0.0892571357330639	0.0535893437845614	0.020584026269434
