Bcells	CentralVeinEndothelialcells	Cholangiocytes	Hepatocytes	Kupffercells	LSECs	Mesothelialcells	PortalVeinEndothelialcells	Tcells
0.000265633359429344	9.11167626969961e-05	9.11167626979523e-05	0.817117100961456	0.0585573410647102	0.0531184105493362	0.0219134675097371	9.11167626975814e-05	0.0487546962672386
0.0498659046494986	0.000115585979304069	0.154766202625523	0.570502019859182	0.0327806464843823	0.00493613746118769	0.0502193322496713	0.104912939112991	0.0319012315782604
0.00353057742872255	9.62975408562745e-05	9.62975408552081e-05	0.810993379225196	0.0940005057246587	0.0258582979200897	0.00735896313920266	0.027147430164933	0.0309182513154855
0.0440586933045587	0.00418714043610355	0.000302794187788856	0.756162315799944	0.117581096437326	0.0502191453368569	9.41859699509444e-05	9.41859699509443e-05	0.0273004425575204
0.00274612732463231	0.00618809079891793	0.0260683074881011	0.794855161126088	0.0666976717051168	0.0186525090901404	0.000132994534528836	0.0293311321772426	0.0553280057552325
0.0289535635554386	0.00225783533878394	0.00868526178051172	0.751446108771929	0.0762458830400444	0.0332320878092582	0.0331759089475149	0.0390622290406472	0.0269411217158722
0.0172943092841741	0.0519915499177946	8.73428285611622e-05	0.782420909335676	0.0745483033095872	0.00975529668681203	0.0605410444192144	8.73428285626861e-05	0.00327390138961787
8.92223754658791e-05	0.00830378192748998	8.92223754703226e-05	0.830397463692604	0.042954457006088	0.032276717035267	0.0278016090683495	0.0241112953074755	0.0339762312117896
9.20195066333889e-05	0.0175644049069772	9.20195066339793e-05	0.823499623140742	0.0808463435856687	0.00694923894135174	0.0256035798631891	9.20195066333873e-05	0.0452607510421704
0.0247177318572798	0.000134105849632481	0.0131338231770391	0.768719026316903	0.0869841353937181	0.0362109128075201	0.00528618047537897	0.0260298724422861	0.0387842116802428
0.0107805169300312	0.0136187582488025	0.000132283362083637	0.730760027515939	0.114947463872983	0.046752167893738	0.028958076695566	0.0124980976463066	0.0415526078345503
9.39988986932153e-05	0.0384495138692598	9.39988986930245e-05	0.785054713831064	0.0959415860841818	0.0291533211312284	0.0254554089485607	0.00596993213111154	0.0197875262072078
0.00754944984551459	0.0211048295130016	0.00227545664081792	0.779717612587401	0.0746989188836843	0.0516248005044345	0.0195953284878031	0.000136461403944075	0.0432971421333993
0.0134924983920902	0.00897113457036958	0.00267892686533241	0.819730260778854	0.0644673682372266	0.0159508237023963	0.0195665194779588	0.00615408271895905	0.0489883852568136
0.00853996990390085	0.00407782672925638	0.000557288422914858	0.818019053030498	0.036203082009574	0.0541138348202875	0.0311505669298955	8.98633843387598e-05	0.0472485147693344
0.041737467924395	0.033244651843449	9.08977034510775e-05	0.807376050169337	0.0908280784646216	0.0180050148394024	0.00853604364844092	9.08977034518122e-05	9.08977034512586e-05
9.1639696530051e-05	0.0106939657480536	9.16396965298565e-05	0.798744721254385	0.075207458290797	0.0439779626336752	0.0228713642804606	0.0190259063639026	0.0292953420356665
0.0168255053982844	0.0646016003161545	8.54979468030316e-05	0.733859130083662	0.0753800304727428	0.0059946286503261	0.0609648273043552	0.0260860578276056	0.0162027220000668
0.0666115753320337	0.0365806711125852	0.0123398893733096	0.482471629107281	0.103045784442525	0.000169851944648538	0.173662647100711	0.0993310805706615	0.0257868710162451
0.0335545836197197	0.000133124933758721	0.00226726162673337	0.763267597516833	0.106094779044539	0.0249574170610935	0.0259910718413299	0.0181270904617398	0.0256070738942525
0.0166871286577722	9.42771013431461e-05	9.42771013409837e-05	0.794104582504811	0.086895605012075	0.0457312410093666	0.0144370704293271	0.00878613279465234	0.0331696853893114
0.00937610228215325	0.00686956882219575	0.0134117716833259	0.814401935247933	0.111313841092058	0.0131135678779498	0.000138222437849428	0.00745356508720644	0.0239214254693285
0.00910911343522049	0.121971044895179	8.53050866388593e-05	0.788462818548581	0.0304626267387967	8.53050866398129e-05	0.0496531760356643	8.53050866398147e-05	8.53050866398149e-05
0.0386050766003697	0.0389705621709926	8.28816687019446e-05	0.814079771275852	0.0649672647029199	0.000204805517773551	0.0280764456875278	0.00601392210271304	0.00899927027314959
0.0309904920701045	0.00639400148479425	0.000130721527812877	0.752749479654897	0.112741273288344	0.0485984243056245	0.0204796205480137	0.000130721527828924	0.0277852655925801
8.72242416090719e-05	0.0270944739573835	8.72242416080999e-05	0.762936837427045	0.105866094669689	0.030733246969171	0.0301252633037591	0.00639561978241996	0.0366740154073161
0.0178251156165044	0.0507768682914662	9.05091619696111e-05	0.811782756377979	0.0372885513202068	0.0133980093986386	0.0230223331898113	0.00153020438447874	0.0442856522589453
0.0196730423627754	0.000557788837905974	0.00316819254178709	0.814023338771395	0.0771696541737511	0.0296304749502318	0.00584466540028953	0.0136010387574209	0.0363318042044427
0.0174304111914679	0.0245060608265442	9.25018477094583e-05	0.78615932084849	0.0656214688497383	0.0556867392670037	0.00787593615058834	9.25018477117917e-05	0.0425350591707462
0.0837631126679654	8.76763633494859e-05	0.012822871801025	0.64927493110753	0.0530648244569773	0.0424527048192791	0.122223797979708	0.0124650016146881	0.0238450791894771
0.000135462283273623	0.00118275550633054	0.00250146171778882	0.758106063571086	0.140035788720352	0.0179468004888899	0.0126986352831543	0.0278566138126091	0.0395364186165161
0.0256494432253427	0.0353420120654765	9.05835586303705e-05	0.776416522752332	0.0936205609059852	0.0164727784326977	0.0335060692082321	0.00745457039185127	0.0114474594594519
9.46257071721962e-05	9.46257071721965e-05	9.46257071728694e-05	0.823118640484446	0.0637077208709739	0.0143200794641061	9.46257071721967e-05	0.0438317351520006	0.0546433211997838
8.49867873787664e-05	0.0127825251363673	8.49867873793009e-05	0.847686242383123	0.0203449600218588	0.0585047805519955	0.0254724684098968	0.0131860742263709	0.0218529756956295
0.0394057087564862	9.32318008269872e-05	0.00563287968994465	0.804292036239006	0.0769359284806774	0.0414453502665234	9.32318008269846e-05	9.32318008274946e-05	0.0320084011648812
0.0064568536243629	0.0182362694965113	0.016169444115711	0.791795337656305	0.0769353904483389	0.00744848771444542	0.0228749705155792	0.000137570600162369	0.0599456758285837
8.85760260725102e-05	0.0241265513454869	8.85760260715621e-05	0.820336543855346	0.0464237259591996	0.030393892975173	0.0428277333412395	0.00326265294224994	0.0324517475291608
0.00981441206818215	0.00900883139231523	9.20534461196504e-05	0.840465750404084	0.0849511956836631	0.0254605594529092	0.0218096123902144	0.00830553171639168	9.20534461206528e-05
0.0131441444936648	0.00851602734305596	0.0300585803054744	0.791568544221028	0.0445395846441677	0.00743272658185896	0.0141739011027437	0.0555899652545292	0.0349765260534776
0.022189733045576	0.0120764786369193	0.00540096863154257	0.781490448608841	0.123252684484659	0.00877971357322322	0.00587156501073467	0.00809257170182492	0.0328458363066789
0.0151575695390505	0.0127836756178374	8.92057911396644e-05	0.782571664101964	0.100451348916258	0.0380423771152899	0.0383088722238662	0.000475420320032839	0.0121198663745612
0.00715779963817757	0.00554172071551183	0.00314428632336048	0.779970905294792	0.13062796404657	0.00818560038442216	9.10916694388544e-05	0.0228553784072109	0.0424252535205162
0.000527567050156513	0.0026019852533238	0.000132520325888114	0.792874228561496	0.0700648594208407	0.057877356362555	0.022925636782204	0.0219313073618915	0.0310645388816441
0.00868494733345582	0.000139453892985436	0.00198966670158175	0.804384881145051	0.0997784245123929	0.0157564154301249	0.0117616495650181	0.00871980429442354	0.0487847571249668
0.0105076742272343	0.000138451416620992	0.000138451416620673	0.791222937181924	0.111457241850808	0.0151916714207749	0.00487671636177268	0.0292525940188338	0.0372142621054104
9.40571074430985e-05	0.0115992650636134	9.40571074438638e-05	0.841261130832768	0.04869957425804	0.0242256825508243	0.0261207516392455	0.00145034863378979	0.046455132806832
0.0111074164587021	0.0161745058733849	0.00267400094427719	0.829495939507329	0.0665723470232372	0.0238187399714505	0.0246890276982923	0.00283271437757757	0.0226353081457491
0.0186943265885531	0.0197615936105339	0.00518421518788792	0.830602779260082	0.0833832868253205	0.00644931172451278	0.00405111285039653	0.000308647792720758	0.0315647261599921
0.020150899786144	0.00980376094781693	0.0543428132301004	0.756157914006033	0.0709826690549184	0.0149335995093281	0.02019389540073	0.0132758118443509	0.0401586362205786
0.0226014185483403	0.126415176713765	0.00498015568167334	0.727885555073502	0.0783149179495003	0.00878666301970525	0.0256355970646881	0.00529605794901534	8.4457999810231e-05
0.0135471758545628	0.00730113545046847	0.00120178197668965	0.803068498157852	0.0839419998552377	0.0232198803819368	0.0373865919936374	9.50752275165987e-05	0.0302378611020983
9.28290387436508e-05	9.28290387436531e-05	0.00691818764802054	0.750690057191339	0.113976768674107	0.0305475278127759	0.0218688863272622	9.28290387436511e-05	0.0757200852302638
0.0336721704050695	0.00681628719441536	0.00172322862642874	0.820988197483396	0.0469210661488384	0.0230938822355929	0.0104129941361101	9.21043818555437e-05	0.0562800693882934
0.0183895496608855	0.0113563260109568	0.00919570291773614	0.75573323709051	0.122739822352153	0.0367325523079279	0.00543456494878808	0.0150476761646153	0.0253705685464273
9.19127879692949e-05	0.0211649140804971	9.19127879754682e-05	0.810019743951338	0.0787667150300553	0.0228566522949654	0.011397142005723	9.19127879692952e-05	0.0555190942735072
0.0122052822090838	0.00490930700787673	0.0243156278169396	0.764756017406225	0.108896446144768	0.0184104660928994	0.0179458425568002	0.0439196920077893	0.00464131875761759
0.0270781947206706	9.08809416214451e-05	9.08809416197162e-05	0.755846026841758	0.132997356685216	0.0200620594608446	0.0357793651776264	9.08809416220114e-05	0.0279643542890221
8.8572136335251e-05	0.0574594579535873	8.85721363342914e-05	0.816441296984376	0.0450933217654863	0.00335213468834198	0.027867716108715	0.0192424244081836	0.0303665038186407
0.00702566908480057	0.0159006260236307	0.0257825770912903	0.784815762973011	0.048825843283719	0.0232031226573869	0.00686598499606389	0.0366552089761711	0.0509252049139259
0.00245873826056361	0.087131218087512	0.00457436222592295	0.796191222439298	0.0408917506959788	8.54055332701562e-05	0.0271850115681417	8.54055332701562e-05	0.0413968856560425
8.99248832349571e-05	8.99248832349025e-05	8.99248832332628e-05	0.821544129183465	0.0950981224052048	0.0231765606814452	0.00898668494851242	0.0100056065466635	0.0409191215850056
0.0153103790359989	0.0172027421039475	9.00164006636079e-05	0.786887742924506	0.0711416647287603	0.0451970827478694	0.00952624074451401	0.0102067629102769	0.0444373684034637
0.0129793159650969	8.89501628381404e-05	0.0267102915571665	0.78926083180238	0.0413162137227178	0.0271381750280747	0.0318195534261062	0.0372919206865132	0.0333947476491062
0.0355725419984641	0.0104170266855142	9.26576871466526e-05	0.797913186517243	0.102710283531798	0.0222341027154366	9.26576871451431e-05	0.0050982454273693	0.0258692977498827
0.0130997868433306	0.0134132806213599	9.30738233525794e-05	0.838291595325717	0.0470000917316427	0.0217714542567691	0.0177909482818069	0.0048973882173229	0.0436423808986983
0.0233908758987132	0.019054614321299	0.000124459175746677	0.774102473217827	0.06636248981122	0.0247301817840159	0.0388981416728033	0.0216621729593399	0.0316745911590349
9.45577365503506e-05	9.45577365503462e-05	9.45577365516367e-05	0.824066913420191	0.096323983656408	0.0392399315760264	0.00528242102406661	0.00894732194371048	0.0258557551699454
0.0201038047667961	0.000129691010030247	0.0666640945140756	0.742282397534011	0.0762743231177942	0.0209313722977719	0.026323116793586	0.0205272038322388	0.0267639961336961
0.0170964040851615	0.0263853417884147	0.0225017589092755	0.771471539805411	0.0678849617943804	0.0192992888417483	0.000129381271709587	0.0390806522977602	0.0361506712061388
0.0138298431211425	8.85233998020677e-05	0.0675708619574446	0.772856147582183	0.0304764436502783	0.0109187765771321	8.8523399801498e-05	0.0885762133901574	0.0155946669220589
0.0185139025218738	9.1142983366076e-05	9.11429833690499e-05	0.834441977479431	0.0500963626939044	0.0355374358217233	0.0495916905131311	0.00538728313864164	0.00624906186455954
0.0160599510643191	0.00840482634303334	0.00185759695778104	0.803256212792165	0.0712712150176835	0.0418121823527034	0.00723754790191502	0.0141227304205094	0.0359777371498901
0.0291493174460502	0.000130483566153323	0.0390300167801093	0.79127638902955	0.0230682078147906	0.0325341921456405	0.0393022221975989	0.0255847422110041	0.0199244288091031
0.0316870274269583	8.84564047533531e-05	0.0242828217918317	0.75837149994524	0.0444183996452869	0.00559986855182506	0.0394002753172845	0.0704419285899211	0.0257097223268992
0.00635832477169027	0.010798109649529	8.99445354386066e-05	0.829114541481276	0.0799226122297529	0.0249995083608528	0.024408345495246	8.99445354386064e-05	0.0242186689407755
0.0226663192442267	0.00664054268162888	0.000132846189644255	0.752761176540482	0.130786195246424	0.0270545646988621	0.0296987948792447	0.000132846189648972	0.0301267143298386
0.00814327996769552	0.028156265157684	8.63599907954634e-05	0.809151624850565	0.111478435809197	0.0117084914119748	0.0247410439953101	8.63599907914032e-05	0.00644813882598627
0.0189176514941967	8.65409964599861e-05	0.0539747559126463	0.706117627445199	0.0517411547538631	0.0103286736311731	0.0602814822376091	0.0821220569870111	0.0164300565418414
9.00596875421802e-05	0.0257148503634372	0.0187084581300038	0.732312969800865	0.136065084204683	0.00923163812610718	0.0209557463816101	9.00596875421802e-05	0.0568311336182096
0.0127220737407595	0.00799974862476185	0.0035434065385724	0.807868427013815	0.0721273568325187	0.0221403567367082	0.0151854773667795	0.00630599003226581	0.0521071631138187
0.0266788278907938	0.00239552149710132	0.0567744122254889	0.709093976847506	0.0680006512331759	0.0080298144171603	0.0445425461737977	0.0805856342329702	0.00389861548200541
0.0225318027694198	0.0330376691110063	9.06603659461491e-05	0.840023521811212	0.0635435028025057	0.000684070735816199	0.01788202543694	0.0217676993146759	0.000439047652478176
0.0141790606715818	0.0253365782931336	9.03622464771106e-05	0.818507244699093	0.0562555830388822	0.026585383326408	0.0180534189104836	9.03622464721305e-05	0.0409020065674691
0.0293012099549049	0.0184132503133091	9.25799170129825e-05	0.7311933426388	0.158834009931136	0.0227906788525613	0.0391897685582518	9.25799170117434e-05	9.25799170124306e-05
9.07163478247005e-05	0.0437696405051835	9.07163478223937e-05	0.84125413806539	0.0533820208022915	0.0134264859613856	0.0117486124065972	0.00333979026582823	0.0328978792976774
0.00563262734898636	9.51596955305264e-05	0.00634164788927477	0.814680827078672	0.0280668378187455	0.03129519876267	0.00507728618874388	0.0435586340574954	0.0652517811598814
0.00235911911697874	9.26904734855197e-05	9.26904734860884e-05	0.747345312769032	0.127106420534004	0.038693532453556	9.26904734855132e-05	0.037055470590911	0.0471620731150605
8.35446429370836e-05	0.1209066776449	8.3544642936906e-05	0.734982878534163	0.0561706929639761	0.0160837412155308	0.0715218310696814	8.35446429370841e-05	8.35446429370836e-05
0.0506170330164966	0.00733361974800423	8.99131458377105e-05	0.811763954769658	0.0563290236364794	0.0261517383615099	0.015878239365702	8.99131458444224e-05	0.0317465648104677
0.143074932632511	0.000153455841153136	0.265332956415468	0.157582590593659	0.0819249367449266	0.000153455841153136	0.235806825407017	0.0963020226095643	0.0196688239145466
0.0249810220910569	0.00176273239972245	8.83276257991427e-05	0.785529603910579	0.0616468175620193	0.0403680022720781	0.0262101485755742	0.0125934353215176	0.0468199102416529
0.0123134402270895	0.0350056787259211	9.10033740300133e-05	0.820906314669474	0.0903928121624334	9.10033740280131e-05	0.00518008281086032	0.00678210859687655	0.029237556059287
0.0229671048809321	0.000872053620806708	0.00347337380989312	0.729383177382781	0.108554327069468	0.0620150031622356	0.0062925549198195	0.021041533821845	0.0454008713322189
0.00987629607084393	0.0376495120108305	9.29797609238793e-05	0.806822997605926	0.0745492406624621	0.0130864428676214	0.0125552484816848	9.29797609187782e-05	0.0452743027787883
0.0229035744911115	0.000135222571101808	0.0477452587998853	0.771580799457391	0.0545397427119381	0.00860234361534097	0.011796655709429	0.0192025975663638	0.0634938050774386
8.96555771722462e-05	0.0115240946118721	8.96555771720558e-05	0.813289305399228	0.0847616526817073	0.0330010292127619	0.0213334805613572	8.96555771722461e-05	0.0358214708015571
0.0296648051806198	9.11387287499281e-05	0.0222955871164022	0.739825110056401	0.0625087034639971	0.0371972295233144	0.0164504711470445	0.0157945348747958	0.0761724199086754
0.012897825626968	0.0312595332001415	8.90885815962702e-05	0.810488826182496	0.0398347874780143	8.90885815986874e-05	0.0385740442113652	0.0128780614420547	0.0538887446957651
8.99627646076096e-05	8.99627646076094e-05	0.00146547063220896	0.784253731072839	0.120129063665575	0.0322321188900533	0.0346416615002875	0.00797261415800535	0.0191254145518157
0.0063924518197759	0.00477946407881969	0.00744434461071431	0.771856770906854	0.11565827265066	0.0162675456225359	0.0321713196554161	0.0145955792441551	0.0308342514110687
0.0174155707238614	0.0137262925720714	0.00379037644377779	0.763152562559257	0.04720488812392	0.0125951831950157	0.0453084082558253	0.0211117913946883	0.0756949267315833
0.000131687744025755	0.0193291150979592	0.0279004934116595	0.761845022316657	0.0658469479349538	0.00185001255884157	0.01054224701477	0.0603244671919007	0.052230006729233
0.0468407428022017	0.00912583070489238	9.22362869698097e-05	0.789879119814177	0.0692245768231333	0.0238245763929971	0.0335823374215154	0.00934561878740926	0.0180849609667045
0.0145089235386532	0.032805531951171	9.26648884985853e-05	0.818757059394833	0.0587491019533251	0.0319552947495935	9.26648884935318e-05	9.26648884935313e-05	0.042946093746939
0.0236751795902712	0.0177776013297148	0.000126180712951472	0.750378223340334	0.121984349194472	0.0379395133592851	0.0156430789967747	0.00997351543674882	0.0225023580394484
0.0446033899766005	0.0101280610480207	0.000135291387285317	0.768528976424443	0.0810601689416443	0.0287868822372055	0.0177706963728874	0.00750156243595933	0.041484971175954
9.73819425858281e-05	9.73819425858265e-05	0.00569837486812872	0.831150779921205	0.0245807658145588	0.036369940333518	0.00604219803089439	0.0277281947987347	0.0682349823477884
9.62750344671554e-05	0.0147362395830986	0.0133262105374278	0.852096606475341	0.0441483580157771	0.0104976617464922	0.00569311742555403	0.0149948768429629	0.0444106543388789
0.034943243563008	0.0386233456685123	9.31470498981714e-05	0.799787039973654	0.0603803459051422	0.000859907301258903	0.0139867368802144	9.31470498956272e-05	0.0512330866084161
0.00367739156420528	0.0320921739681817	0.00264048687315384	0.825487187853363	0.0484641376729247	0.0188480481213191	0.0232806139193186	0.00659848748196147	0.0389114725455728
0.00946286030344846	0.0118383552841587	8.8573029110821e-05	0.789711035645486	0.10010836988156	0.0272759788470514	0.0275245120036988	8.85730291094823e-05	0.0339017419763757
0.0142913130258253	0.00013213825629018	0.000132138256297617	0.83132414242308	0.0572409548361414	0.0266122166742531	0.0214941779766357	0.0145285932916987	0.0342443252597784
0.0526984366883377	9.06801164767348e-05	9.068011647807e-05	0.794165747357298	0.0209437088163414	0.0497233532136601	0.0412845910951527	9.0680116474741e-05	0.0409121224797812
0.017028630956109	0.0150396538372713	9.30445653066348e-05	0.813348150744003	0.0652731365025914	0.037773710205919	0.0229967087353993	9.30445653074007e-05	0.0283539198880931
0.00119258528128652	0.0237305115394858	8.84928064374435e-05	0.835598982242647	0.0644974755510891	0.0339798535433492	0.0151009859421268	0.00863199418443883	0.0171791189091393
0.018089395833582	0.0169555211046921	8.86599626034955e-05	0.788522861848399	0.0941314659530632	0.0325732649100571	0.0337650095687898	8.86599626059933e-05	0.0157851608562075
0.0328386826600459	0.0121291913641069	0.0080408433650937	0.796282316381697	0.0652156411954728	0.0345414072439955	0.00868577572133918	8.9158845600118e-05	0.0421769832226491
0.0119999735536017	9.58300662803411e-05	9.58300662858622e-05	0.759880972892739	0.159446376290981	0.0401841043296859	9.58300662803398e-05	9.58300662803404e-05	0.0281052526678653
8.93317284922661e-05	8.93317284922652e-05	8.9331728493668e-05	0.761417474179394	0.0576130240251048	0.0238982114185736	0.0450524282121141	0.0535827748918808	0.0581680920874545
0.0231052600472539	0.0176058017428082	0.00929852674366521	0.796691714949862	0.0861096646371819	0.0243946303127082	0.000132593832599967	0.00359562126644133	0.0390661864674795
0.00522672547838062	8.92080401458052e-05	0.0215777609111776	0.71094516938811	0.115096657334319	0.0504589487748919	0.0441112035210468	0.0136467842166565	0.0388475423352716
0.0268713776046905	0.000673284475310734	0.00441439943107958	0.742050000560003	0.0983792999709772	0.0510766794211287	0.0647881582915467	9.31365406521144e-05	0.0116536637046117
0.00383007400520424	9.70091412120211e-05	9.70091412061912e-05	0.795142825363408	0.110604417119787	0.0218282372442356	9.7009141212024e-05	0.0195890289864258	0.0487143898573091
0.00545361713819224	0.000129792844761267	0.000129792844758071	0.77007254107257	0.0468746719263945	0.0452080667752112	0.0597248883538287	0.0038552930278748	0.0685513360164098
0.00931969796312141	0.0293658964194007	9.19973372051629e-05	0.796505068125339	0.094761241910609	0.00691598257099575	0.0272987011872372	0.0152673020573919	0.0204741124286994
0.0328141185773099	0.00367909793857008	9.27686209581112e-05	0.75129627173951	0.113717253578182	0.00287848055129767	9.27686209612687e-05	0.042243364900736	0.0531858754724755
0.0114019076157732	0.000130269225351561	0.000130269225351561	0.708286870296757	0.13114166490736	0.0511630098541832	0.0176717255676876	0.0371362738025216	0.0429380095050143
0.0188734363882465	9.42401088637161e-05	9.42401088592329e-05	0.773981255520367	0.144400228045092	0.00429040025080821	0.0122317537499992	0.0230159974715998	0.0230184483561636
0.0108679903973343	0.0218712824143775	8.89451104477953e-05	0.78730922251917	0.0634556422425422	0.0387238844084664	0.0618689138844982	0.00152253685687081	0.0142915821662926
0.0010199858463616	0.00303761143215829	0.000134767403891979	0.792793496359918	0.0606166859386754	0.0430928812571966	0.00177974519444862	0.0404976090648593	0.05702721750249
0.0157886847746715	0.0156599728381346	0.00441834689038198	0.839133536938809	0.0566046436702093	0.0355691626888745	0.0102981748317273	0.00754047593096202	0.0149870014362293
0.00209751341302417	9.29289804584527e-05	0.0307884180895911	0.785554555331421	0.0317474700379039	0.0135407346967771	0.0153425446808	0.0416915909500777	0.0791442438199469
0.0144290046269541	0.0266697913358819	0.00602299067545962	0.810496823054542	0.0982081846697558	0.00949149185716147	0.00678947183160203	0.000133991751019466	0.0277582501976238
0.0128117950392991	0.00111365633843961	9.10568008939366e-05	0.790697732361844	0.085562429163702	0.0647873469855022	0.020859742380515	0.000136856121675888	0.0239393848081286
0.0334475845687988	0.00564316156961873	0.000129779452923917	0.787139371883224	0.11015626413006	0.0140614862465142	0.00612390105801435	0.0170792843672018	0.0262191667236441
9.18657912854049e-05	0.0325609613646948	9.18657912852738e-05	0.782739338356763	0.0861592771789277	0.0281796848720814	0.0151428561533316	0.0104795412510455	0.0445546092405849
0.00746188694648484	0.0494969587912865	9.00223763670773e-05	0.828055910472246	0.0684772865007722	0.015853993684313	0.0111135725938544	9.0022376368042e-05	0.0193603462583076
0.0449553531550631	0.00457523417002938	0.000137625356008681	0.792828093451585	0.0864646719550148	0.0254974442921757	0.0174471806026025	0.000137625356011976	0.0279567716615085
0.0170350216157662	0.0152422248818153	0.0332048397083339	0.792118233958641	0.0568112605460742	0.0220843047109135	0.0191705654141313	0.0336632468894846	0.0106703022748397
9.12547491963222e-05	9.12547491963252e-05	9.12547491976781e-05	0.786950845876371	0.081073753297324	0.052747837417768	0.0244843717324116	0.00982749148516413	0.0446419359433709
0.0356671929056113	0.00776781429623492	0.00100365566585531	0.751875438905797	0.0956861535717491	0.0243541238551814	0.00995674842021197	0.0448884211155208	0.0288004512638383
9.03799945245284e-05	0.0166925026836025	9.03799945258998e-05	0.757514511661955	0.0836465618514237	0.0325740855109556	9.03799945245287e-05	0.0442590241424133	0.065042174166075
0.00255047695453532	0.0273363813142971	0.0427047196346924	0.76228000719783	0.0664527143564779	0.0149937276731488	0.0105819929243045	0.0314046589503615	0.0416953209943529
0.030760275834914	0.0215079056066895	0.017314555038712	0.803740990571604	0.0634703860105822	0.0091543344126625	0.00453630699482421	0.0324462941896037	0.017068951340408
0.012765957212459	0.00390564537635977	0.000138126972783393	0.759009671168357	0.130125068507062	0.0204771569012557	0.0251931621093777	0.0153571413983828	0.0330280703539618
0.0272838468221401	0.0564642933021365	8.68647251246503e-05	0.741482352321464	0.0731607894214227	0.0517191955057044	0.0294719533055926	0.00822251918250247	0.0121081854139127
9.05162590847248e-05	9.0516259084724e-05	9.05162590860418e-05	0.763244995246257	0.117126324179259	0.00449303021077153	0.00302107259376639	0.0657231759122707	0.0461198530804201
0.0229562813592629	0.0273210229414455	0.000128094757060194	0.701051709433885	0.153755878585355	0.046401739472789	0.0209903648967235	0.000128094757063363	0.027266813796416
0.0581404855486264	8.99672506026958e-05	8.9967250602692e-05	0.693973538330278	0.0498543782577338	8.99672506026938e-05	0.0580214533447679	0.114392752663168	0.0253474901036174
0.00890943684665323	0.0353355781238527	8.98590759034646e-05	0.789077671186364	0.0666030234928638	0.0217889802546517	0.0330497970168836	0.00399310769165835	0.0411525463111696
0.0260986547507084	0.0077241701648639	0.00597190159313868	0.813137365021644	0.0556977698084164	0.0243266663848561	0.00705596638202407	0.0115885865072885	0.0483989193870597
0.0104312384852557	0.0193019136903808	0.00357647902449603	0.825201454016116	0.0601240125030139	0.0331157546466307	0.0109282172004551	9.28831913616068e-05	0.0372280472422907
0.00689930663217744	0.0202273371988505	8.87474531165837e-05	0.832804756900603	0.0895428128137776	0.02659287384111	0.0085433263124644	8.87474531181105e-05	0.0152120913947831
0.0391383489971115	0.022451924003201	9.11665310610628e-05	0.801025676320617	0.0613796319077722	0.00813987886247205	0.0369924748741345	0.0117487969432737	0.0190321015603565
0.0176248275304588	9.27725121726566e-05	0.00435624205465268	0.788251981182002	0.0484469689515023	9.27725121726567e-05	0.014516321645926	0.105778379709781	0.0208397339013319
0.0204400739213257	9.7707358683523e-05	9.77073586832969e-05	0.807595898007638	0.0729902981303196	0.013902382241961	0.0497283990514677	0.00287295497091775	0.0322745789590036
0.0109639216094333	0.0267112029550885	8.80023149075234e-05	0.800300504781431	0.0888652089834701	0.0095462544332474	0.022242967494221	8.80023149085019e-05	0.0411939351132924
0.00704850484356584	0.00445817831694127	9.40523020834529e-05	0.813366133885283	0.0880594849553468	0.0274639818221014	0.0162264767790689	9.40523020836837e-05	0.0431891347935255
0.0122893526110072	0.00194263648106137	0.0121388254365442	0.815805083608812	0.0680616204208086	0.00615404917425526	9.6553453506032e-05	0.0348384402813417	0.0486734385326635
8.56467947963894e-05	0.100884762215499	8.56467947933744e-05	0.793837399163739	0.0348834394034126	0.00694740745167293	0.021465571687328	8.56467947963897e-05	0.0417244796939625
0.0114897885989968	0.0211079901258416	9.26914925467746e-05	0.849558612796763	0.0531075308379305	0.0148325351834034	0.0147696600441824	9.26914925467133e-05	0.0349484994277885
0.00799120104247512	0.0232823033893318	8.9021853615816e-05	0.797091656246264	0.055697406407251	0.0178709307100113	0.0214129464503179	0.022482805668993	0.0540817282317402
0.0127633980838145	0.0240378387045055	0.0121447838323632	0.805484899908659	0.0693578306543016	0.0230537410158532	0.0139685932633616	0.00476082868605609	0.0344280858510859
0.0287786680857217	0.0280708252247143	0.0331957536995066	0.75815783945409	0.050078595409396	0.00233234091204892	0.01758570062196	0.0341968520924977	0.0476034245000646
0.0245741067274911	0.0274238296348247	0.00472642965445842	0.770291905372579	0.0939204876769054	0.0198861948569482	0.000982198352048913	0.00103168776630122	0.0571631599584434
0.00969835173602651	0.034529807529297	8.74968542849551e-05	0.811984817729267	0.051742934538499	0.0143636511064203	0.0362041355123243	0.0026647854880822	0.0387240195057987
0.000218129074809264	0.101536208523847	8.48796231758659e-05	0.742588219887336	0.0845933556178754	0.0169210650022207	0.0470109135578444	8.48796231774863e-05	0.00696234908971391
0.0108091715922849	0.0261975389495532	0.00333275907345925	0.834981148999293	0.0667789461409262	0.0361593342904536	0.00306868276569869	9.74668047321659e-05	0.0185749513835987
0.00359576449208895	0.0184967597864795	8.99773546046128e-05	0.832193335475502	0.0891421700532686	0.0163211143253093	0.0222276226555856	8.99773546051741e-05	0.0178432785025557
0.0299359074127635	0.000130762325734706	0.0920086857749995	0.702094245547249	0.0369913933939703	0.0170751088307437	0.0565312854763821	0.0419977687714577	0.0232348424666995
0.00663949769465104	0.0117503614335206	0.0106237990420806	0.790309029689017	0.0759649811829095	0.033664997932174	0.000157389797620451	0.0166380150986828	0.0542519281293437
0.0161718708644469	0.048504819649157	0.000631711914127687	0.826125981736589	0.0725476301865359	0.0120033289958815	0.0176966672781983	8.91827237488734e-05	0.00622880665131472
0.0160225328207248	0.0205958814021386	0.000135832032347271	0.780698392810008	0.102877063134	0.0214044875209904	0.00975334006382966	0.00910717029721191	0.0394052999187493
0.0170012041880215	0.0232052653245559	0.0163011714722581	0.762468751626765	0.106482532658662	0.0264711296289523	0.013259378586307	9.26103533047378e-05	0.0347179561611734
0.0390131832886333	0.00528691073832615	0.00349176036766331	0.779519860548423	0.111083951259671	0.0170812513830211	0.0134147946373646	0.0309810336013845	0.000127254175512549
0.0611558068419039	0.0212271669318394	0.114504036898163	0.683662243956127	0.0584169498324992	0.000128862781033965	0.0116082049551032	0.0340787931161658	0.0152179346871644
9.36576465738429e-05	9.36576465738435e-05	9.36576465738433e-05	0.788015508343927	0.0809210800669722	0.0268090951748278	0.025176978763142	0.0361562334501194	0.0426401312612903
0.0342591001356794	0.00673976504483336	8.96800614039441e-05	0.795176542165021	0.0770554870163887	0.0441052251077199	8.96800614041357e-05	0.00985558690337772	0.0326289335041717
0.00924772965190994	0.0160152161888127	8.81616605164929e-05	0.795967487692229	0.0557885156025885	0.0396448306887693	0.0619511350317764	0.00921031304728171	0.0120866104361163
0.00804256036745672	0.0212029981308646	0.00156914465050015	0.833427447396704	0.0374320843635945	0.0425071624775218	0.0239861840427036	0.00268165074977493	0.0291507678208792
0.0138249074724115	0.00533477800075164	0.0115238143452656	0.820516727538083	0.0596395002628304	0.0457357946181111	9.09613403461323e-05	9.09613403429127e-05	0.043242555081858
0.0697101091230753	8.95354147144891e-05	8.95354147150454e-05	0.706423250015012	0.115918259668489	0.0429234519437373	0.0217102326585195	0.017824350648673	0.0253112751130642
0.0135733284372726	0.000133556724250677	0.00013355672424921	0.735480801411858	0.164806315709162	0.03550507307095	0.00330737130512014	0.0214426304544703	0.0256173661626666
9.19711293029296e-05	0.0060204603303929	9.19711293072855e-05	0.876536627012328	0.0338891589244748	0.0215747841184326	0.0234145933765585	0.00242100954667315	0.0359594244325298
0.00903719949414909	0.00501801873989821	9.29256854734713e-05	0.79251664987143	0.0723877428945225	0.0553984648080113	0.00724678544454913	9.29256854771837e-05	0.058209287376489
0.0224071746010564	0.0098838535420168	0.00672434639738705	0.755115962567133	0.114332506471658	0.0350209811549478	0.0135608911575224	0.0327506331008204	0.0102036510074587
0.0179958590706597	0.0134775437253318	0.0210187654723703	0.740530615373954	0.0708469944855422	0.0288064973678915	0.0137190646629635	0.00512671619235517	0.088477943648932
0.0177237163545119	0.00179189482326459	0.021397800525695	0.79482839413661	0.0491658738683502	9.3696874656429e-05	0.0107081845279588	0.0792162642233294	0.0250741746656241
0.0280440351052196	0.0331139662124253	8.79734174881774e-05	0.800801063694786	0.0660830305994786	0.0244987100859879	0.037550819462254	8.79734174841087e-05	0.00973242800487683
0.0250729273801462	0.00710816698332319	0.029810142504044	0.829928026479233	0.0630086979533301	9.68628871246264e-05	0.0131028420276649	0.0109556456006439	0.0209166881844901
0.0358492647396287	9.13963766705653e-05	9.13963766748422e-05	0.770547024451119	0.127057335594149	0.0327542535841465	9.13963766705648e-05	9.1396376670565e-05	0.0334265361242698
0.00801842628656237	9.46234916166876e-05	0.017004307856567	0.746935536482411	0.141613772124495	9.46234916166898e-05	0.0114855334498001	0.0589971179140127	0.0157560589029178
0.00179207423318045	0.0110130168179305	9.86058724230649e-05	0.810069031861514	0.0595507588257779	9.86058724232605e-05	9.86058724232603e-05	0.0722001453849208	0.0450791552594071
8.68965335727842e-05	8.68965335727841e-05	0.0380295723220202	0.741761198817808	0.0554287304503701	0.002114682278252	0.0115520705733783	0.0806552080672805	0.0702847444237453
0.0184257711328292	0.0249307953664759	0.000132956908814796	0.828319736737454	0.0501118658024212	0.0148482603792105	0.0267796326549487	0.000132956908815159	0.0363180241090306
9.22648398125958e-05	0.0130953675931506	0.00696516541495449	0.792656799275697	0.0601474089897599	9.22648398125956e-05	0.00683800483072932	0.0631988431643274	0.0569138810517566
0.0355922149586013	0.0170344361841197	0.00560055613985501	0.786345692174113	0.0607890646320092	0.00791761990650371	0.0148821514446776	0.0154037429678731	0.0564345215922472
0.0502489013685449	8.66405934684821e-05	8.66405934677998e-05	0.728031007532226	0.0878615869158665	0.0134416332316682	0.0776843434096905	0.0241629351980177	0.0183963111570499
0.00640834094256481	0.0211037901027124	9.09036641514513e-05	0.819539382555393	0.0500060006915851	0.0346048149945511	0.0258492373084007	9.09036641537781e-05	0.0423066260764877
0.0178871834621087	8.97131117082299e-05	8.97131117059314e-05	0.832105288172878	0.0314683828729804	0.0407701444159827	0.0320733597213855	0.0134907642467893	0.0320254508844612
0.000100627682323366	0.000100627682319777	0.0142154222493531	0.833022267135752	0.0510685975638066	0.00337740426548198	0.000100627682322725	0.0483425735086339	0.0496718522300068
8.84605140738457e-05	0.0593420510153628	8.84605140738434e-05	0.812583917173409	0.03669719789845	0.00606950256464299	0.0321292094586874	0.0136466568491138	0.0393545440121869
0.0188943720040005	0.0310779589954153	8.86133510351294e-05	0.770609559446991	0.0663883846889744	0.0445476996206655	0.0369174818466321	0.0168284445189012	0.0146474855273846
0.0414790058938869	0.000135220327122888	0.00398456885867824	0.804505651049314	0.0512220758611616	0.0271207628245888	0.013287121581506	0.0280669946132093	0.0301985989905326
0.041483930174234	0.0661534057914439	8.73479674477336e-05	0.78438203134108	0.0597529872174329	0.0187285152158624	0.0155421491192992	0.0137713500920101	9.8283081189616e-05
0.000426929679394402	9.15042754882397e-05	9.15042754859429e-05	0.780106291920414	0.132115577591888	0.0334537246788092	9.15042754882397e-05	0.0175312710096196	0.0360916922934123
0.0010370041790701	0.0245684863229564	9.1377450335888e-05	0.850440014459661	0.0735470258700555	0.00719358356050681	0.00540174220592668	0.00350280450096695	0.0342179614505206
0.0316659926608238	0.0128129483036426	9.19554953090838e-05	0.822919203651469	0.0520905483116838	0.0393771761084394	0.00589375818961804	0.00425887364489718	0.0308895436341169
0.0231252515107421	9.24958637154776e-05	0.0147460140618226	0.796958168354734	0.0681475357097802	0.0130608244257119	0.0300783414623698	0.0222984213258262	0.031492947285298
0.00951421648541883	0.00014750710433483	0.00515746492570986	0.827464964860796	0.0645369084386951	0.02807879660063	0.0187896653926271	0.00552305198406157	0.0407874242077265
0.00282871394523714	0.017813619247654	9.03600335825243e-05	0.82876860053623	0.0616005772669437	0.0296763303664379	0.00961174394991102	0.0149011693328571	0.034708885321147
9.00054522313244e-05	9.00054522313218e-05	9.0005452228943e-05	0.825080068259164	0.0655845452271572	0.0546754952492256	0.016021450975727	9.00054522313226e-05	0.0382784184798028
0.0351197599438236	0.0281366472538095	0.000132367027572484	0.800373114784808	0.039798670114667	0.029018010714325	0.0162619202877662	0.0113776552755492	0.0397818545976791
0.0111594279251214	0.0116828771768085	0.00480974102196597	0.824225493050723	0.0766033941681764	0.0161929534635728	0.0140519780568179	0.00271752194380128	0.0385566131930123
0.00370550022864014	0.00299181774439325	0.0225542258202881	0.782627901647748	0.0995495914456732	0.0246023213751686	0.00631652880283881	0.0422296424159024	0.0154224705193475
0.0138985578346138	9.28222522556442e-05	0.0828775615571534	0.7883106660664	0.0448998794127642	0.0171417824938851	0.0167399859602018	0.00254887184906407	0.0334898725736619
0.0254466355985747	0.00596696659981126	0.0101128178168301	0.731025441302093	0.111249228912746	0.0302565047256751	0.0150672273728083	0.030398260333378	0.0404769173380837
0.0305703082472779	8.86151540195786e-05	8.86151540264666e-05	0.818216366149705	0.0353223235141368	0.0397062963921279	0.0235874713949626	0.0315741781257687	0.0208458258679752
0.0205387740700057	9.3422084276634e-05	0.0105527725488735	0.827607156924905	0.0479679930552106	0.0379991469283062	0.0140688519943639	9.34220842766328e-05	0.0410784603097817
0.000132951522899657	0.00734367367599247	0.00013295152289903	0.833777243426935	0.0557759624180313	0.0166733619317415	0.0265377435235872	0.0199770841228635	0.0396490278550504
0.000132382637824317	0.0284621444142862	0.00807346194239349	0.756390090905278	0.0968360095128772	0.0341729877671711	0.00812352489928069	0.000132382637824317	0.0676770152830643
0.0233151338066429	0.0190762949412544	0.0194109215829582	0.783308074853147	0.060936243235609	0.00510322494509594	0.021587982011801	0.0244104875968733	0.0428516370266183
8.91244387111765e-05	0.0244853669758652	8.91244387088809e-05	0.789532250527563	0.045435752505195	0.0355521128925258	0.0511674576384179	0.00668295364045811	0.0469658569425548
0.0337642859010709	0.00439645581052004	9.06224601024278e-05	0.783068393013754	0.116487218161124	0.0284876785610908	9.06224600974231e-05	0.0273416252382904	0.00627309839394967
0.153837539154862	0.000163810635839576	0.000163810635839573	0.397877833605527	0.0770735272435108	0.000163810635839572	0.165746186805957	0.190632163936128	0.0143413173464968
0.0086885830785904	9.15904619504907e-05	9.15904619519362e-05	0.824274360558103	0.0471405667687434	0.0503484389206197	0.00733187500128521	0.0171577581230376	0.0448752366257183
0.0258735485650612	9.06244284000146e-05	9.06244284013766e-05	0.793381965843035	0.0745021353211911	0.0278355365004166	0.0333324661785678	9.06244284000141e-05	0.0448024743065269
0.0199218391075918	0.00013458536472832	0.000134585364729189	0.726573836205082	0.146646427511474	0.022479687841785	0.000134585364728316	0.0280979343919531	0.0558765188479284
0.0229632308329298	0.0135068425369029	0.00343947552691829	0.802940886261301	0.0540561099570533	0.0242195547638089	0.0289115287361332	0.0146748199467138	0.0352875514382395
0.0487991185795995	0.0218480317045733	8.70390544615463e-05	0.806549747101256	0.0512297168838615	0.0154093413770116	0.0210039927910432	0.0125179438102504	0.0225550686979431
