Basophils	Bcells	CapsularFibroblasts	cDC1s	cDC2s	CentralVeinEndothelialcells	Cholangiocytes	Fibroblasts	Hepatocytes	HsPCs	ILC1s	Kupffercells	LSECs	LymphaticEndothelialcells	Mesothelialcells	MigcDCs	MonocytesMonocytederivedcells	Neutrophils	NKcells	pDCs	PortalVeinEndothelialcells	Stellatecells	Tcells
3.55120203821735e-05	3.55120203870986e-05	3.55120203851808e-05	0.0454291355742548	3.55120203851807e-05	3.55120203851795e-05	0.0022073781396784	3.55120203851807e-05	0.838124846621048	3.55120203851812e-05	3.55120203851852e-05	0.0260121383699076	0.0446904125658533	3.55120203968328e-05	3.55120203851809e-05	3.55120203851791e-05	0.00933801279247895	3.55120207989541e-05	3.55120203873944e-05	3.55120203851821e-05	3.55120203851576e-05	0.0188524119283173	0.0148129837022577
0.00518674595959549	2.30997260982882e-05	0.0210165508202841	0.00829196179343785	0.0210175397914597	2.30997260982907e-05	0.118058192822668	0.050353225467193	0.639842286053234	0.0187953482085509	2.3099726098287e-05	0.0217750099898962	0.0270666962538218	0.0147684483663503	2.47116710490372e-05	2.30997260982874e-05	0.0201754330570037	2.30997260966344e-05	2.30997260986203e-05	0.0086124618092647	0.0248305901274062	2.30997260982876e-05	2.3099726098282e-05
0.00507615361647541	3.65247972595473e-05	3.65247972623814e-05	0.0080645586080168	0.0251315283129601	3.6524797262363e-05	3.65247972623811e-05	3.65247972611642e-05	0.840809674949369	3.6524797262383e-05	3.65247972623771e-05	0.0486105370375664	0.0280607163604777	3.65247972629739e-05	3.65247972623756e-05	3.65247972623817e-05	0.0236635859268247	3.65247972566463e-05	3.65247972668867e-05	0.00247431141023258	0.00627750391591807	0.00818637203102497	0.00320676026399053
0.000397997118662102	0.0105791082805246	3.64231318023046e-05	0.0293215967412378	0.00689358884304519	3.64231318017079e-05	0.00442518696661354	3.64231318017079e-05	0.826181664704709	3.64231318017067e-05	3.64231318017152e-05	0.0530601561776956	0.0431557295189055	3.64231318017484e-05	0.00225429060707802	3.64231318017067e-05	0.0183645933677811	3.64231318068711e-05	3.64231318162413e-05	0.00253595059309822	3.64231318016663e-05	0.00242948263080851	3.64231318034288e-05
0.000435235828626421	3.67284961284556e-05	3.67284961458986e-05	0.0307650771257014	3.6728496145894e-05	0.00665946895882033	0.0164841446762052	3.67284961458935e-05	0.8383558493333	3.67284961458934e-05	0.00359301294736522	0.0461313145076575	0.0312338340278804	3.6728496145307e-05	3.67284961458936e-05	3.67284961458936e-05	0.00561116549829206	3.6728496141145e-05	3.67284961754472e-05	3.67284961458937e-05	0.00600000001464118	0.0142901551277717	3.67284961266514e-05
3.5893593134484e-05	3.58935931300829e-05	3.58935931338337e-05	0.0244009571356663	3.58935931338337e-05	0.00238064198156172	0.0103858656254232	0.00809189080640333	0.798259426388082	0.00316433049154999	3.58935931338304e-05	0.041626094311064	0.0426198068497871	3.58935931330477e-05	0.0086838830893985	0.000552818637270219	0.0319046761962164	3.5893593128928e-05	3.58935931358396e-05	3.58935931338325e-05	0.0104443152226194	0.00996873908322583	0.00719351184353416
0.00141111715932155	3.44189488720674e-05	0.0180137188074871	0.0544408090152131	3.44189488708603e-05	0.0335473536659543	5.98750596006273e-05	3.44189488708598e-05	0.804842374636374	3.44189488708624e-05	3.4418948870862e-05	0.0453762712610072	0.0181712378458409	3.44189488162364e-05	0.00631719468608345	3.44189488708613e-05	3.44189488702187e-05	3.44189484226794e-05	3.44189488710416e-05	3.44189488708616e-05	3.44189488708638e-05	0.017372601528298	3.44189488708622e-05
3.44570866724381e-05	3.44570866765355e-05	0.00470291452457989	0.0378675238834939	0.0249838476071248	0.00494360864242814	3.44570866743088e-05	3.44570866743081e-05	0.83789192294775	0.000742272013889465	3.44570866743132e-05	0.023280009960572	0.0431296948036269	3.44570866740269e-05	3.44570866743035e-05	3.44570866743076e-05	0.000176701901355069	3.44570871336802e-05	3.44570866749656e-05	3.44570866743082e-05	3.44570866743138e-05	0.0218335615879537	3.44570866743074e-05
3.51889124306114e-05	0.000589687504075125	3.5188912430239e-05	5.19852232534432e-05	0.0382977210939463	0.0161081337673007	0.00787095394733297	3.51889124302383e-05	0.838363376595244	3.51889124302384e-05	3.51889124302365e-05	0.0399703868978709	0.0100331251767509	3.51889124308475e-05	0.00790572913454986	5.15571049098039e-05	0.023299004520831	3.51889124276813e-05	3.51889124293275e-05	0.00793789828111994	3.51889124302236e-05	0.00605929568243682	0.003144444858509
0.00033536033249207	3.6903821584173e-05	3.69038215778086e-05	0.0130149171264329	3.69038215778053e-05	3.69038215778133e-05	0.0192547873459547	3.69038215777993e-05	0.827040890559192	3.69038215778059e-05	3.69038215778093e-05	0.0584161829022078	0.0330650567796206	3.69038215765923e-05	3.6903821577806e-05	3.69038215778058e-05	0.0267440826559813	3.69038215772345e-05	3.69038215800951e-05	0.00539717284175735	0.00498635951969675	0.0112654402561439	3.69038215796442e-05
3.47792360834887e-05	3.47792360834087e-05	0.00185364475675137	0.0404595634851467	3.4779236083414e-05	0.0156454612842098	0.00359503970694059	3.47792360834111e-05	0.784441459225407	3.47792360834114e-05	3.47792360834059e-05	0.0581596255782246	0.0369394210403836	3.47792360834175e-05	3.47792360834104e-05	0.00119103248236249	0.0269111198385921	3.47792364529943e-05	3.47792360805779e-05	3.47792360834105e-05	3.47792360834107e-05	0.0182805177737157	0.0121057639948986
3.58945009068687e-05	3.58945008893795e-05	3.58945009088772e-05	0.027155155183458	3.58945009088761e-05	0.0139947153104992	0.00280174610330405	3.58945009088773e-05	0.821300899435417	0.00327441326071018	3.58945009088796e-05	0.0391750339683063	0.0347999693127006	3.5894500908703e-05	0.0047187659475445	0.00765540362651838	0.0282644071850393	3.58945009081088e-05	3.58945009113976e-05	3.58945009088767e-05	3.58945009088771e-05	0.0126008878147076	0.00386376334181661
3.63659662226795e-05	3.63659662135462e-05	0.00455471324332186	0.0377220495157613	0.00340993720099481	0.0138717387243103	0.00409555553353596	0.000255584062310232	0.831120010688098	3.63659662246878e-05	3.63659662246954e-05	0.0389346055976763	0.0404970411760563	3.63659662246658e-05	3.63659662246867e-05	3.63659662246874e-05	0.00465876899954887	3.63659661886242e-05	3.63659662266832e-05	3.63659662246865e-05	3.63659662246892e-05	0.0171642033312365	0.00331576629872494
3.72662282003593e-05	3.7266228205499e-05	0.00198575514660432	0.0346255911433164	3.72662281976501e-05	3.72662281976391e-05	0.00953002247321111	3.72662281976487e-05	0.873698596576357	3.72662281976481e-05	3.72662281976484e-05	0.0409401701980902	0.0187869304382073	3.72662281449858e-05	3.72662281976486e-05	0.00121235297276767	3.72662281985076e-05	3.72662281889904e-05	3.72662281950418e-05	0.00745316291285768	0.0033382546084163	0.00794470256366632	3.7266228186128e-05
3.46442841316705e-05	0.00496311009451954	0.0104347049912116	0.04144877201361	3.46442841343822e-05	0.00326044412624411	0.00306775525532042	3.46442841336534e-05	0.823563095522894	3.46442841343835e-05	0.00106788282527119	0.0200528464608255	0.0485146280593301	3.46442841343846e-05	3.46442841343839e-05	0.00164875380329454	0.0100501544025638	3.46442841340341e-05	3.46442841370057e-05	0.00234799897792787	3.46442841344384e-05	0.0166791928321992	0.0125888620775793
3.51779702182299e-05	3.51779702216021e-05	3.51779702201311e-05	0.0348370597980801	0.0105484165538968	0.0043660263719759	3.51779702202204e-05	3.51779702201303e-05	0.838892136724975	3.517797022013e-05	0.000530381201682506	0.0432674202649191	0.0316175048867958	3.51779702193745e-05	0.00394753386375759	3.51779702201305e-05	0.00587543196194921	3.51779702092395e-05	3.51779702239145e-05	0.0114610470203713	3.51779702201075e-05	0.00805963286739586	0.00621045081178802
3.57661588329804e-05	3.57661588348281e-05	3.57661588340548e-05	0.0424824960044028	3.57661588340619e-05	0.00301894788180063	3.57661588340603e-05	3.57661588340588e-05	0.826071958839233	3.57661588340605e-05	3.57661588340712e-05	0.0415014416948081	0.0506824817354759	3.57661587749881e-05	0.00486039412969911	3.57661588340654e-05	0.0120056960606405	3.57661588257623e-05	3.57661588489461e-05	0.00799515507623978	3.57661588340602e-05	0.0108807023540759	3.57661588340619e-05
3.38487259835942e-05	3.3848726012441e-05	0.018291284001429	0.020534833363947	3.3848725992277e-05	0.0575453212056219	0.00480700626379598	0.0337356114330267	0.767084748078497	3.3848725992276e-05	3.3848725992281e-05	0.041896780199562	3.38487259922758e-05	3.38487259922764e-05	3.38487259922742e-05	3.38487259922759e-05	0.0259143168575723	3.384872598986e-05	3.38487259956664e-05	0.00803199054648172	3.38487259921212e-05	0.0193825011759555	0.00236942216219076
0.00117217638574491	3.09318100213916e-05	0.0845877643263507	0.032656144976352	3.09318100213865e-05	0.0143508533610029	0.0177414378940914	0.101981298460879	0.525198289065867	3.09318100213865e-05	0.0126925039089754	0.0338680273490242	3.0931810021388e-05	0.0966457759531018	3.09318100213868e-05	0.00326716431942891	0.0550788703501957	3.09318098504997e-05	3.09318100212732e-05	0.00539593103735163	0.0150853763216134	3.09318100213868e-05	3.09318100213909e-05
3.64500109597118e-05	0.0145800926030532	3.64500109656643e-05	0.0255297963791971	3.64500109656637e-05	3.64500109656774e-05	0.00841090054676884	3.64500109656623e-05	0.830876530654231	3.64500109656621e-05	3.64500109656704e-05	0.0507397063185266	0.0320021876800421	3.64500109656663e-05	0.00638074172233116	3.64500109656635e-05	0.0104577041666408	3.64500103710337e-05	3.64500109698623e-05	0.0091358946347875	0.00338800251643183	0.00806104264699339	3.64500109701274e-05
3.64179069818469e-05	0.00201538227960876	3.64179069728109e-05	0.0162143192625409	0.0347292222743889	3.64179069728412e-05	3.64179069728413e-05	3.64179069736367e-05	0.83433811631353	3.64179069728404e-05	3.64179069728451e-05	0.0431760383480576	0.0484173432922588	3.64179069720966e-05	0.00609147200884792	3.64179069728413e-05	0.00622492497049932	3.64179065992012e-05	0.00198550574302329	3.64179069728411e-05	3.64179069728402e-05	0.00633424271695605	3.64179069781566e-05
0.00504345473137779	0.00269518266751836	0.00467509165338477	0.0259469933213011	3.64857628865545e-05	0.00346157069124581	0.0155160849458818	0.00241976719555358	0.830048677188557	3.64857628865549e-05	3.64857628865341e-05	0.060619933564383	0.0180893955937927	3.64857628863447e-05	0.00198384493487182	9.62160791520395e-05	0.0229543931424211	3.64857628804182e-05	3.64857628927781e-05	3.64857628865551e-05	0.000407555810022669	0.00574995237744174	3.64857628892712e-05
2.39981700508337e-05	2.39981700555303e-05	0.00654375956787213	0.0490471995029854	2.39981700498561e-05	0.0807869488366601	0.000348783252496391	0.0292921417743317	0.780315172135846	0.000478181981172968	0.00190920289717111	0.0144674984879455	2.39981700498599e-05	0.00627234291019865	0.0106062142119584	2.3998170049859e-05	0.0196685745708087	2.3998170046288e-05	2.39981700506007e-05	2.3998170049859e-05	2.39981700498581e-05	2.39981700498589e-05	2.3998170049859e-05
3.45277243157369e-05	3.45277243214609e-05	0.0128755348167888	0.00274110642624198	0.0327677045617428	0.0281394490850571	0.00289092236817922	0.00385889417624873	0.820985664969377	3.45277243116882e-05	3.45277243114857e-05	0.0480571597273395	0.00627612785437656	3.45277243116911e-05	0.0130721852581515	3.4527724311689e-05	0.0154396777795593	3.45277241441019e-05	3.45277243143611e-05	0.00433305497938093	3.45277243118698e-05	0.00821724075460644	3.452772429538e-05
0.000672565145344348	0.0127073916784324	0.00385821203581934	0.0407765612016281	3.4932329366391e-05	0.000706795174933564	3.49323293663912e-05	3.49323293663912e-05	0.803267541307621	3.49323293663913e-05	3.49323293663936e-05	0.0608549868099884	0.0429552584848483	3.49323293659672e-05	3.49323293663913e-05	3.4932329366391e-05	0.0100916213837949	3.4932329414732e-05	3.49323293739493e-05	3.49323293663917e-05	3.49323293667341e-05	0.0165519569550279	0.00713792187010875
3.43264707682228e-05	3.43264707710226e-05	0.00200295570452317	0.0285964333089404	3.4326470769069e-05	0.0163704257903328	0.00124793229310662	0.00329331838999108	0.806210574808123	0.00278816319549068	3.43264707690676e-05	0.0511286442615773	0.0278435369575021	3.43264707690774e-05	3.43264707690703e-05	0.000662644694462468	0.045118774820618	3.43264710202741e-05	3.43264707709818e-05	3.43264707690699e-05	3.43264707690676e-05	0.014359004596618	3.43264707690695e-05
2.39315010760222e-05	0.00105723939418174	2.82115739343748e-05	0.0591496808428016	0.00604336994361023	0.032670623990949	0.00304620350999716	2.39315010763957e-05	0.806489775212971	0.013554676334342	2.3931501076396e-05	0.0308421053826468	0.0130244901260676	2.39315010302581e-05	0.00274380156442038	2.39315010763968e-05	0.00784206214998419	2.39315010752302e-05	2.39315010758761e-05	0.000131882404468699	2.39315010763959e-05	0.0175317296215203	0.00565269593954219
0.000853441034039667	3.48260920955638e-05	3.48260920878131e-05	0.03036421464895	0.0155791267575117	3.48260920878138e-05	0.00572163268545185	3.4826092087814e-05	0.837452579668772	0.00417370156033633	3.4826092087822e-05	0.0515217484718356	0.0323740091629653	3.48260920882348e-05	3.56411307899571e-05	3.48260920878145e-05	0.00461907556196951	3.48260920823453e-05	3.48260920902425e-05	0.00636992426138511	3.48260920877507e-05	0.00743147287109333	0.00315517126401633
0.00058574501844253	0.0139403245860601	0.00414432940614021	0.0128470486932031	0.0117651634723984	0.0116740591663304	0.00261548645354393	3.5903704269485e-05	0.828317476999285	3.81642046227407e-05	3.59037042694828e-05	0.0299123382335009	0.0429765361545994	3.59037042694827e-05	0.00197505016988466	3.59037042694857e-05	0.0191147514477406	3.59037042684078e-05	3.5903704275659e-05	0.00681824764695476	3.59037042694847e-05	0.00763787616844972	0.00538607624895143
0.00137309014013665	2.29390178803686e-05	0.0520100442495427	0.054062487656903	0.0128210423865465	2.29390178803681e-05	0.0149406667009159	0.0850656912459234	0.671518962558437	2.29390178803665e-05	2.29390178803656e-05	0.0258639545872325	0.0232065321832443	2.29390176826379e-05	2.29390178803651e-05	0.0176094235841202	0.031624062093792	2.29390178793947e-05	2.29390178803678e-05	0.00965171341672051	2.29390178803669e-05	2.29390178803674e-05	2.29390178803664e-05
3.57686404686476e-05	3.57686404692555e-05	3.57686404699918e-05	0.0337263125529653	0.0231946484894274	7.51853804436365e-05	0.00688860284092579	3.57686404699916e-05	0.793679979838305	3.57686404699927e-05	3.57686404699814e-05	0.064017605854125	0.0301798998818929	0.00466394546823431	3.57686404699885e-05	0.00496126821244418	0.00875929662770586	3.57686411088472e-05	3.57686404723237e-05	3.57686404699925e-05	3.5768640469992e-05	0.0294240311672517	3.57686404699916e-05
2.44238450700586e-05	2.44238450671276e-05	2.44238450671266e-05	0.0447109483704194	0.00267860921476189	0.00194057435441255	0.00572254379606354	2.44238450671257e-05	0.803261524802759	2.44238450671264e-05	2.44238450671079e-05	0.0502170059362002	0.0311367450532994	2.4423845122852e-05	0.00453923678081249	2.44238450671244e-05	0.0308359159499324	2.44238445916042e-05	2.44238450682481e-05	0.00386539230225438	0.00331185172846999	0.0133051937529478	0.00423021950741116
0.00110216327926165	0.00175871048814604	3.67908950705007e-05	0.0382594149683013	3.67908950704991e-05	0.00583082432570125	0.00505169426657873	0.00232960857894737	0.855118468253843	3.6790895070502e-05	0.00385609056393899	0.0264955065755589	0.0328301600173226	3.67908950703791e-05	3.67908950705009e-05	3.67908950705015e-05	0.0199728515846835	3.6790895006784e-05	3.67908950700837e-05	3.67908950705011e-05	0.00190080355746223	0.00512579458961411	3.67908950705009e-05
2.34239030397478e-05	2.34239030364395e-05	0.0142269055681229	0.0256073023542306	0.0169934979782562	2.34239030378538e-05	0.00177799516095465	2.34239030378549e-05	0.834183172661974	3.50114965562262e-05	2.3423903037863e-05	0.0142959114800152	0.0658867201362151	2.34239029627561e-05	2.34239030378565e-05	0.00508700731719858	2.34239030381553e-05	2.34239030346922e-05	2.34239030381158e-05	2.3423903037854e-05	2.34239030378564e-05	0.0091942888762128	0.0124311001338876
3.65728630146922e-05	0.0122829026697399	3.65728630165068e-05	0.0236083161336616	0.00944095899086347	3.65728630165062e-05	0.00437014943993262	3.65728630165065e-05	0.827799072086576	0.00543244471671385	3.65728630165086e-05	0.0516370309970472	0.031514276312088	3.65728631173567e-05	3.65728630165068e-05	0.0136513829932302	0.00223746542951499	3.65728630112759e-05	3.65728630221034e-05	0.00631366457880668	3.65728630138551e-05	0.011310034158546	3.65728630174082e-05
3.68735492577671e-05	3.68735492619332e-05	0.00593336519433558	0.0374407237583154	3.68735492599028e-05	0.00506124181395906	0.0181098746770598	0.00504904678101682	0.845800992946955	3.68735492599052e-05	0.00932405583096617	0.0469612106221895	0.013347137270535	3.68735492598908e-05	3.68735492599025e-05	3.68735492599019e-05	3.6873549259902e-05	3.68735492637951e-05	3.68735492621927e-05	0.00633012534461837	3.6873549259984e-05	0.00619974316892199	3.6873549261738e-05
3.40332395706729e-05	3.40332395413423e-05	3.40332395634678e-05	0.0538320081890257	3.40332395634664e-05	0.0189862688692498	0.00593633494787521	3.40332395634669e-05	0.811342563448706	3.4033239563467e-05	3.40332395634675e-05	0.0240853059813737	0.0340584042752241	3.40332395627315e-05	0.0185340297202501	3.4033239563466e-05	0.019261189843022	3.40332395629133e-05	3.40332395698993e-05	3.40332395634674e-05	3.40332395690229e-05	0.0134874293713892	3.40332395634672e-05
3.51403565893192e-05	3.51403565895538e-05	0.0127962310520581	0.0402653638318155	3.51403565860832e-05	0.00761070516748452	0.0015343518931318	3.51403565860768e-05	0.839064783138023	3.51403565860825e-05	3.5140356586081e-05	0.0470626634868871	0.0219698911008367	3.51403565867265e-05	3.51403565860831e-05	3.51403565860894e-05	0.0154383322128999	3.51403570283672e-05	3.51403565983544e-05	3.51403565860841e-05	0.00129731238108063	0.0125035410997012	3.51403565860828e-05
2.501695573782e-05	2.5016955746316e-05	0.0164720624008857	0.0335437741775621	2.50169557355272e-05	2.50169557355275e-05	0.0209905487916172	0.0314582867719161	0.809163704738546	0.00381077111130716	2.50169557355273e-05	0.0175997381704963	0.0186371871457761	2.50169557047192e-05	2.58986319210694e-05	2.50169557355273e-05	0.0203874555968705	2.50169550043451e-05	2.50169557331084e-05	2.50169557355272e-05	0.0267358371102633	0.000899548840497547	2.50169557367765e-05
0.00297985888738596	0.000706637096782271	0.0103598810837255	0.0212395400501131	3.58393573411626e-05	0.00783162327246851	0.00802907104984043	3.58393573411677e-05	0.835028609732288	3.96084873328938e-05	3.58393573411689e-05	0.0694157031267137	0.0120526695989908	0.00121573825504397	3.58393573411637e-05	0.00208824982523308	0.0284461179443834	3.58393573408395e-05	3.58393573433131e-05	3.58393573411632e-05	3.58393573410101e-05	0.000244137373626221	3.58393573411623e-05
0.000259800656630139	0.00139941558043273	0.00548156955014631	0.0362452036267707	0.00766007911457268	0.0186751532113416	0.00330753644240058	3.49858109914303e-05	0.813481865212873	3.49858109880468e-05	3.49858109880499e-05	0.0464776478193712	0.0245422127561858	3.49858111536947e-05	3.49858109880457e-05	3.49858109880465e-05	0.014126315082501	3.49858107535934e-05	3.49858110014884e-05	3.49858109880458e-05	3.49858109880271e-05	0.0279583570259574	3.49858109879611e-05
0.00292294558932833	3.59623372697667e-05	3.59623372766818e-05	0.0281688462248598	0.0119446487823483	0.00786321894987134	0.00375771668677204	0.00208575388828289	0.810527781522976	3.59623372766816e-05	3.59623372766916e-05	0.0659498157355397	0.0215506318378396	3.59623372769506e-05	3.59623372766837e-05	3.59623372766816e-05	0.0343744501651768	0.00133937229988389	3.59623372793384e-05	3.59623372766822e-05	3.59623372766822e-05	0.00911923260708179	3.59623372766817e-05
3.57118574266431e-05	3.57118574107814e-05	0.00114502949697567	0.035565333723739	3.57118574254886e-05	3.57118574254899e-05	0.00181922014176428	3.57118574254877e-05	0.826850222688418	0.0027867085479717	3.57118574254877e-05	0.0318899959717376	0.0544530894917304	3.5711857228986e-05	3.571185742549e-05	3.57118574254879e-05	0.0266180691192819	3.57118572417007e-05	3.57118574028274e-05	3.57118574254877e-05	0.000249181658052706	0.018158895014212	3.57118574272834e-05
0.00462267731135162	3.72501636485475e-05	3.7250163634805e-05	0.0202258959318578	0.0136014339122883	3.7250163634805e-05	0.00553917317983598	3.72501636339044e-05	0.839560631754227	3.72501636348041e-05	0.0126547234093586	0.0473031872679583	0.0196473891077339	3.7250163725423e-05	3.72501636348048e-05	0.00193376758039999	0.00540480925484188	3.72501636260636e-05	0.00743986423802729	0.00959914869836642	3.72501636339333e-05	0.0120947967173184	3.72501636277089e-05
5.33861945006479e-05	0.00192699015078364	5.33861945006478e-05	0.0170955888164814	5.3386194500646e-05	5.33861945006489e-05	0.00307516360393867	0.00385245914166551	0.834705566913293	5.33861945006486e-05	0.000940200759846025	0.058958525275166	0.0146924371193835	5.33861945072633e-05	5.3386194500648e-05	5.33861945006477e-05	0.0323320302944937	5.33861945025098e-05	5.33861945137348e-05	0.00672056419163777	0.0104880729287596	0.0146251526650199	5.3386194503308e-05
3.67551506531422e-05	3.67551506502282e-05	0.00591907643949492	0.029354980026222	3.67551506485267e-05	0.00152685661478143	0.00754668749412033	3.67551506485263e-05	0.85487001990798	3.67551506485261e-05	3.67551506485375e-05	0.0280124161222609	0.0255204669126681	3.67551505905529e-05	0.0102813987876365	3.67551506485276e-05	0.0103955765380489	3.67551505505606e-05	3.67551506552925e-05	0.0101993202785508	3.67551506485277e-05	0.00154366316830022	0.0144252310529444
3.62588928007833e-05	3.62588927602764e-05	0.00603221492144651	0.0146415890996619	3.62588927944079e-05	0.00666483396575647	0.00578328906330991	3.62588927906909e-05	0.857386904797274	3.62588927906894e-05	3.62588927906841e-05	0.0321131339044188	0.0289103179469113	3.62588927887886e-05	3.62588927906904e-05	3.62588927906907e-05	0.0262358471551094	3.62588930336531e-05	3.62588928054893e-05	0.00598607224679751	3.62588927909753e-05	0.0157744312927651	3.62588928209265e-05
3.96060826889997e-05	0.00174126540626718	0.00420568921674671	0.0206556863521205	0.00898504633145952	0.0101892847937503	0.0116961920899096	0.00304718548445656	0.854063206020696	0.000637964517434382	3.64868360796248e-05	0.0454795938014777	0.010932093842074	3.64868360793805e-05	3.648683607963e-05	3.64868360796279e-05	0.0163836010506366	3.64868360793464e-05	3.64868360816187e-05	3.64868360796281e-05	3.64868360790147e-05	0.011615203485562	3.64868360815182e-05
0.00392363871453454	0.00364197136999449	0.00118085030392089	0.0334889333529566	3.62453967772271e-05	3.62453967772104e-05	0.0528901403940366	0.00301581712720337	0.804151048639502	3.62453967772099e-05	3.62453967772037e-05	0.0317063512998939	0.0234993998831103	3.62453967772094e-05	0.0130664086587151	0.00390888779838312	0.00813050422438475	3.62453967768624e-05	3.62453967795586e-05	0.00373501490752664	0.00617656516320927	0.00719450498840663	3.62453967790178e-05
0.000961758550805378	3.42153916282496e-05	0.0175749890988265	0.0250417437202992	3.42153916277033e-05	0.0658799450554515	0.00340687175919375	3.42153916277033e-05	0.758784944907124	3.42153916277039e-05	3.42153916277176e-05	0.0544120994426363	0.0177000404351553	3.42153916275818e-05	3.42153916277013e-05	0.00530073592292211	0.0334710836586767	3.42153916274456e-05	0.000826594992026768	3.42153916277036e-05	3.42153916277004e-05	0.0162628231489776	3.42153916277023e-05
0.00207683985728456	3.58806972435649e-05	0.00117979898414571	0.030352914077827	3.58806972435718e-05	3.58806972435679e-05	0.00489325398716284	0.00390410993279468	0.827247222534683	3.58806972435705e-05	0.00373803805601432	0.0386963306307677	0.0330112182788405	3.58806973296092e-05	3.58806972435706e-05	0.0113686498073917	0.011493309425811	3.58806976244843e-05	3.58806972380155e-05	0.0162429105098658	3.58806972429113e-05	0.0154191698823396	5.33077594188564e-05
0.00120856337880262	3.59695123525034e-05	0.00888426384135804	0.0338190840078246	3.59695123524985e-05	3.59695123524991e-05	0.00899137367360902	3.59695123524989e-05	0.789702749363379	3.59695123525031e-05	3.59695123524781e-05	0.0527553979913416	0.0219933857873277	3.5969512352291e-05	3.5969512352499e-05	0.000796741866259791	0.0322990445906269	3.59695123476743e-05	3.5969512351655e-05	3.59695123524987e-05	3.59695123529753e-05	0.023741229844107	0.0253765315071394
3.57025961827647e-05	0.0109768541380886	0.0024350293132681	0.0328769384998322	3.57025961831605e-05	0.00321488747449014	0.00773029413334643	3.57025961831943e-05	0.857285085555223	3.570259618316e-05	3.5702596183145e-05	0.0241833704935219	0.0259710872177768	3.57025961826972e-05	3.57025961831607e-05	0.00426174551753141	0.00428158169697242	0.00214961436752496	3.57025961771798e-05	0.0108232549677588	3.57025961831599e-05	0.00781743507944684	0.0056714981795766
0.00228322363331618	0.00382817781159877	0.00524520162539991	0.0264354226622046	3.56898535451676e-05	3.56898535451446e-05	0.00831906961007864	3.56898535451457e-05	0.815505305053888	3.5689853545145e-05	0.00646954439391262	0.0576073658220508	0.0402530488793897	3.56898535451412e-05	3.56898535451443e-05	3.56898535451449e-05	0.0187757664824108	3.56898535403217e-05	3.56898535417931e-05	0.000319191895413648	0.00401866218854859	0.0105831214063445	3.56898535451454e-05
3.55051331943758e-05	3.55051331989217e-05	3.55051331968681e-05	0.0428293855547301	0.0010973891623195	0.0100948751326554	0.000181578036229524	3.55051331968685e-05	0.849272567441132	3.55051331968686e-05	3.55051331968657e-05	0.0377582505756456	0.0295137885137844	3.55051331985668e-05	3.55051331968672e-05	3.55051331968688e-05	0.00746415521530534	3.55051328259734e-05	3.55051332017592e-05	3.5505133196869e-05	0.00219068391197978	0.0083072328671564	0.0108640319910641
3.67597441510077e-05	0.00160024723603594	3.78738376328977e-05	0.021530503751727	3.67597441476445e-05	3.67597441476469e-05	0.0168145321035448	0.00730448357088104	0.817917735918887	0.00124618739729644	3.67597441476518e-05	0.0564573694286975	0.0320433329550356	3.67597441476459e-05	0.00226923200371166	3.67597441476456e-05	0.0137215563310648	3.675974414191e-05	3.67597441459154e-05	3.67597441476463e-05	0.0121230462507768	0.0165663017732343	3.6759744149479e-05
3.51187397518175e-05	0.005501316938177	0.00763685656478979	0.0274707960562524	3.51496898114269e-05	3.51187397518181e-05	0.00167391430614934	3.51187397486083e-05	0.79735721219546	3.51187397518175e-05	0.0058541070416886	0.067747862236707	0.0155874769261844	0.00236747168076456	3.5118739751817e-05	3.51187397518169e-05	0.036956090791842	3.51187400307638e-05	0.00584178391231235	3.51187397518173e-05	3.51187397525596e-05	0.0256187742620643	3.51187397540398e-05
3.48348952065423e-05	0.00131971257604368	0.0109074958081492	0.0316655039076952	0.0142333146547765	0.0262587112609488	0.00546530206840387	0.00459509082940122	0.830213179036979	5.10584379657498e-05	3.48348951920575e-05	0.0301956010125249	0.0233519957816817	3.48348951381001e-05	3.4834895192058e-05	3.48348951920577e-05	0.00860408036866878	3.48348951927528e-05	3.48348951981399e-05	3.48348951920582e-05	3.48348951920551e-05	0.012790605304873	3.48348951920543e-05
0.000351427356640534	3.64994850167441e-05	3.64994850271953e-05	0.0294475968508373	0.00681309526446088	0.00373338650521728	0.0285889291483257	3.64994850271957e-05	0.834584631108517	0.00105517639513361	3.64994850271933e-05	0.0275075323989502	0.0327934790877167	3.6499485027168e-05	0.00111087979621649	3.64994850271957e-05	0.0063249389013281	3.64994848227198e-05	3.64994850265374e-05	0.00813123633850377	0.011476698708209	0.00775249677491282	3.64994850284246e-05
2.40588926655194e-05	2.40588926667257e-05	0.0190740661770729	0.0275331877733775	2.40588926665984e-05	0.0551585410626088	0.00683931855579994	2.40588926665981e-05	0.812024022919077	2.40588926665983e-05	0.0022753634815298	0.0280069407679076	2.4058892666598e-05	2.40588926666896e-05	2.40588926665991e-05	2.4058892666598e-05	2.40588926666054e-05	2.40588926379635e-05	2.40588926661487e-05	0.00743413047652897	2.40588926665949e-05	0.0165702155993946	0.0247714475820668
3.49142678124421e-05	3.49142678159401e-05	0.0139283615317979	0.0390846338573371	0.00648167359526216	3.49142678081448e-05	0.00757271824664394	3.49142678081407e-05	0.843232596428157	3.49142678081407e-05	3.49142678081396e-05	0.0540273577797396	0.0200550325900678	3.49142678083996e-05	3.49142678081419e-05	0.00153865411870411	3.4914267808141e-05	3.49142675338844e-05	0.000895060732796005	3.49142678081413e-05	0.00590778786067395	0.00685715204538234	3.49142678100693e-05
3.47992642678079e-05	0.00922920873703211	3.47992642724789e-05	0.018212246079069	0.0210273421109907	3.47992642724793e-05	4.53055868838848e-05	3.47992642724786e-05	0.817840327960921	0.000830873030599872	3.47992642724843e-05	0.0402575604523268	0.0518123303720355	3.47992642727921e-05	0.00940003395408901	3.47992642724786e-05	0.0108320829153064	3.47992642686693e-05	3.47992642713383e-05	0.00172106245555055	3.47992642724778e-05	0.00896139027165852	0.00948224343082078
0.000522809866587665	2.42886331519628e-05	2.42886331519539e-05	0.0195507686844577	0.00437808852867173	2.42886331519539e-05	0.0225652078946536	0.024809795108912	0.788978891897579	0.0123094013921578	2.42886331519544e-05	0.0178632713087813	0.0386185270119799	0.017435425883317	0.0124951346540488	0.00736444093307056	0.00998239434285593	2.42886331486165e-05	2.42886331567333e-05	0.0131070926217031	0.00194088490377607	2.42886331519537e-05	0.00790784453538252
2.52588898506804e-05	0.00424269732696526	2.52588898506777e-05	0.0122783215072911	0.0199862813806417	2.52588898506732e-05	0.00291711175633672	2.52588898506741e-05	0.837073516500578	2.82289525549448e-05	2.52588898506611e-05	0.0469287059817868	0.0252260567123339	2.52588898533575e-05	2.52588898506795e-05	0.00603958989519819	0.0234682513294067	2.52588897158867e-05	2.52588898568399e-05	0.00836106536324611	2.52588898506793e-05	0.0131723255054291	2.52588898506799e-05
3.53699620259946e-05	3.53699620260954e-05	0.00556620616194409	0.0316580007623639	3.53699620301045e-05	3.5369962029727e-05	0.000121926931281856	3.53699620297265e-05	0.837743344618399	3.53699620297268e-05	3.53699620297232e-05	0.0216472755645013	0.0308922809039495	3.53699620302839e-05	3.53699620297272e-05	3.5369962029726e-05	0.0129776062094433	3.53699620231343e-05	3.53699620313875e-05	0.0180278862279454	3.53699620290295e-05	0.0107982471879788	0.0301074159258185
3.41366531613587e-05	0.000572447633421754	0.0150051803302325	0.0338584977288191	3.41366531342189e-05	0.00953656891116669	4.61355043876107e-05	0.00299197851214187	0.811502319339612	3.41366531347098e-05	3.41366531342232e-05	0.0421946429037819	0.0274999130061198	3.41366531316619e-05	3.41366531342189e-05	3.41366531342219e-05	0.0203567281048426	3.41366530956288e-05	3.41366531320414e-05	0.00144494545242764	0.00639436891040157	0.015475923813629	0.0128131199708234
0.0017819701556747	3.56584938365565e-05	3.56584938350974e-05	0.0393834153307618	3.56584938350932e-05	3.56584938350864e-05	0.00210072612238459	3.56584938350872e-05	0.833809591850194	3.56584938350976e-05	3.56584938350714e-05	0.0486281312403026	0.0374430487480953	3.56584938350971e-05	3.56584938351005e-05	3.56584938350973e-05	0.0237551591796267	3.56584938292687e-05	3.5658493850164e-05	3.56584938350974e-05	0.0029377389539795	0.00966099950527825	3.56584938350977e-05
0.0032815698961015	3.54786459399954e-05	0.0127848936545166	0.0517511710634397	3.54786459380299e-05	0.00292469489552883	0.0546680976617872	0.0173829718480591	0.763577760314133	0.00167187040726402	3.54786459380315e-05	0.040030013277111	0.0272762895431247	3.54786459380309e-05	0.00165901584120736	3.5478645938031e-05	8.26761736710461e-05	3.54786459325576e-05	3.54786459513773e-05	0.00200717957527672	0.00163283909845941	0.0189851275828222	3.54786459218448e-05
0.00338707728129082	3.68750859354746e-05	3.68750859433596e-05	0.00571746388578196	0.0110030723380814	3.687508594336e-05	0.0183812391916391	0.00453970175019786	0.836871172674734	3.68750859433589e-05	3.68750859433619e-05	0.0330557775739381	0.0346694320264272	0.0102484136797641	0.000753017943330741	3.68750859433593e-05	0.00979391486954091	3.6875085937598e-05	3.68750859415842e-05	0.0109517799259193	0.019445114137939	0.000850946947985628	3.68750858983525e-05
3.55980692102191e-05	3.55980691425342e-05	0.00626259983133028	0.0127019637202039	3.55980692119765e-05	3.55980692119747e-05	0.0364890842326244	0.0112683796064478	0.81430595473748	0.0111536636521142	3.55980692119672e-05	0.0145944253453448	0.0234548419552904	3.559806921272e-05	0.00263151709591762	0.00443505625846315	0.0137473638733458	3.55980692036e-05	3.55980692150441e-05	3.55980692119741e-05	0.0426099526833819	0.00598921631601023	3.55980692137448e-05
5.02522845939154e-05	0.00101730311930023	0.00613761434987884	0.0383693220736036	5.02522845873304e-05	0.0040090643326357	5.025228458733e-05	0.00194438321597574	0.852052583764963	5.02522845873304e-05	5.02522845872449e-05	0.0242305520974779	0.0330242564214068	5.02522845840095e-05	0.00693524083294397	0.000186023550194773	0.0179776128266334	5.02522845948256e-05	5.02522845825778e-05	5.02522845873305e-05	5.02522845863029e-05	0.0135632682845403	5.0252284567635e-05
0.00283148338765175	0.0024212030966685	0.00433600981176466	0.0203324738406755	4.42465765154328e-05	3.50016797219604e-05	0.00267934275474257	0.00529357588490155	0.839106671677644	3.50016797219615e-05	3.50016797219613e-05	0.0356587988490104	0.0508598620277244	3.50016797219588e-05	3.50016797219608e-05	0.00361249394502122	0.0185732267846069	3.50016797163961e-05	0.00361808174921606	3.50016797219608e-05	3.5001679721961e-05	0.0103175144963648	3.500167972196e-05
0.0023591254387157	3.60868763293144e-05	0.0116560106146571	0.0357988557132629	0.00043761023141619	7.5969996598497e-05	0.0264236877019942	0.0172218123833239	0.822172785981995	3.60868763384321e-05	3.6086876338431e-05	0.0140294005352867	0.0368772128675278	3.6086876338417e-05	0.00150111667656256	3.60868763384306e-05	0.0131826397730782	3.60868763327564e-05	0.00551325518891559	3.60868763384304e-05	0.0121200095834631	0.000341812302519897	3.60868763281799e-05
3.52508406188489e-05	3.52508406203525e-05	0.0236026823201882	0.0463062358002551	3.52508406161783e-05	3.5250840616179e-05	0.0222103984221963	0.0240081885474063	0.778783870951684	0.00584032081041233	0.0024573087733134	0.0258719559865902	0.0226668212796864	0.0138396604363368	3.5250840616178e-05	0.00652788310395191	3.52508406165575e-05	3.52508406105658e-05	3.52508406180768e-05	0.0120434526326458	0.0154887125291668	3.52508406161786e-05	3.52508406169937e-05
3.4945135000913e-05	0.0113693919466117	0.0046051483495837	0.0427758721340673	3.49451350012889e-05	0.00167818395169926	0.0066010959114776	3.49451350012927e-05	0.84003276649974	3.49451350012856e-05	3.49451350012881e-05	0.043114631175765	0.0266730195469258	3.49451350012887e-05	3.49451350012876e-05	3.49451350012877e-05	0.0105400809867557	3.49451346623002e-05	3.49451349992233e-05	0.00168482551573192	3.49451350012389e-05	0.0105056423619685	3.49451350012872e-05
0.00235221981797679	3.57002236832884e-05	3.57002237058797e-05	0.0332761557641408	3.57002237058817e-05	0.00433505886782024	0.00409959600086446	0.00835144527235111	0.78950794013201	3.57002237058784e-05	0.00042023951788782	0.0605567292810628	0.019241019035342	0.00751230211547486	3.57002237058806e-05	3.57002237058797e-05	0.0353329351259706	3.57002237047882e-05	3.5700223694741e-05	3.57002237058823e-05	3.5700223705468e-05	0.0315935696032523	0.00306378722882252
3.40719275159487e-05	0.00425348948067152	0.00596004201707676	0.019206367022053	3.40719275060245e-05	0.0065856078204676	3.70294752593745e-05	0.0019592224259005	0.824329862133958	3.45451490821586e-05	0.0014239163515187	0.0669603045487503	0.0271761951091336	3.40719275055414e-05	3.59303134893522e-05	0.0050482370912286	0.0270344916639211	3.40719275008777e-05	3.40719275017535e-05	3.40719275060265e-05	3.4071927487133e-05	0.00968218397745915	3.4071927506572e-05
3.49590084067943e-05	3.49590084013914e-05	0.0109720965477102	0.022943208911698	3.49590084055077e-05	0.0115430742856368	0.0453423244202431	0.0399311980411242	0.749143261490649	6.58472634289049e-05	3.49590084054619e-05	0.0276691774701493	0.0150630085137238	0.00733502145430541	4.92130874173377e-05	0.0051635395089196	0.00844193040969641	3.49590083999018e-05	3.4959008572142e-05	0.00600861639549269	0.040777983067696	0.00930578607311095	3.49590084072559e-05
3.575921014267e-05	3.57592101217399e-05	3.57592101411952e-05	0.0155684496721932	3.57592101411951e-05	0.00184191237845242	0.014396497965106	3.57592101411965e-05	0.792478000424095	0.0129917485825115	3.57592101411959e-05	0.0764899673305972	0.0380083052495394	3.57592100872969e-05	0.0188476855151132	3.57592101411979e-05	0.0212322420012226	3.57592097565528e-05	3.57592101561038e-05	3.5759210141198e-05	3.57592101411985e-05	0.00768032114977666	3.5759210140225e-05
3.58395587477681e-05	3.58395587332198e-05	0.00460336499919236	0.0280162565822216	0.00213465640884893	0.00232719924184679	0.00465043189486515	0.00582622519308921	0.840506066170252	0.00689616378484632	3.58395587504392e-05	0.0445336895114926	0.0321907876681894	0.00194472139398376	3.58395587504382e-05	3.58395587504392e-05	0.00333874980760203	3.58395587419672e-05	3.58395587546688e-05	0.00974377887965307	3.58395587495811e-05	0.0129653524351855	3.58395587524565e-05
0.001951012493943	0.000723401867006131	0.020230744511273	0.0221901264353725	3.55867227218862e-05	0.00797164547890115	0.0607663220440811	0.024304129178415	0.761525193693916	3.55867227218814e-05	3.55867227218806e-05	0.0356833812545324	0.00879909973431056	3.55867227218828e-05	0.00587937374695931	3.55867227218828e-05	0.0162962317901819	3.55867227169465e-05	3.55867227086256e-05	3.5586722721882e-05	0.0333234705439141	3.55867227235421e-05	3.55867227134477e-05
3.49612538869274e-05	0.00501023983265719	3.49612538854421e-05	0.0387025701787031	3.49612538854373e-05	0.0256119181425283	0.00372380195527547	0.000733622848543315	0.846335894936344	3.49612538854407e-05	3.49612538854615e-05	0.0379875657777303	0.0161040079510208	3.49612538854254e-05	0.00929804689661562	3.49612538854429e-05	0.008326139690738	3.49612538799602e-05	3.49612538860092e-05	3.4961253885441e-05	3.49612538855251e-05	0.00774665674322142	3.49612538854444e-05
3.45063111456842e-05	0.00164251845036841	3.45063111462057e-05	0.0550851971023464	3.45063111462062e-05	0.01687021488106	0.00216275739750066	0.00331399718694192	0.840309305790233	3.45063111462056e-05	3.45063111461898e-05	0.0319376876985179	0.0250940195412992	3.45063109580138e-05	3.45063111462058e-05	3.45063111462056e-05	0.00140679726186278	3.45063125934384e-05	3.45063111522785e-05	3.45063111462056e-05	3.45063111462054e-05	0.0151121210441608	0.00665130791068989
3.57850200767536e-05	0.0059614638966996	0.0054473459663459	0.02178267871321	0.00531105282535067	0.00963577136523746	0.0046309344851133	0.00747590125616197	0.787038848170321	3.57850200770348e-05	3.578502007704e-05	0.0661036283563831	0.0316427027251522	3.5785020077035e-05	0.00977810837381357	3.5785020077035e-05	0.0285656489888568	3.57850200759586e-05	0.00367570564271432	3.57850200770346e-05	3.57850200771003e-05	0.0126281440539474	3.57850200770349e-05
3.47959998258553e-05	3.47959998175977e-05	3.4795999815988e-05	0.0409138343394452	3.47959998159884e-05	0.0103558782122528	0.0016748625620459	3.47959998159881e-05	0.844033868686247	3.47959998159879e-05	0.000295451316442329	0.0306050881647002	0.0324678985988687	3.47959999012459e-05	0.00360983560405013	0.00248939516492215	0.0149614361317124	3.47959998124946e-05	3.47959998126473e-05	0.00213890743242987	3.47959998159882e-05	0.0111129156355484	0.00499266815308565
0.000246844972059683	3.68665627095445e-05	3.68665626954628e-05	0.029426072805981	0.00880717637886202	3.68665626954614e-05	0.010802963944475	3.68665626954615e-05	0.843523903714684	0.00148020920410937	3.68665626954655e-05	0.0132817134476731	0.0354584462592758	3.68665626954602e-05	0.000704704299371164	0.00127350214762665	0.0210412093452695	3.68665626951285e-05	3.68665626962601e-05	0.00409847877490975	0.0181374496315336	0.0056103633479312	0.00581202922465953
