Bcells	CentralVeinEndothelialcells	Cholangiocytes	Hepatocytes	Kupffercells	LSECs	Mesothelialcells	PortalVeinEndothelialcells	Tcells
8.99151434691247e-05	8.99151434483984e-05	0.000674750256797771	0.97102924552981	0.00985514078584253	0.0114084467856443	0.0065379017888352	8.99151434050682e-05	0.00022476942274833
0.0041368841402434	9.17850499092232e-05	0.0922439948853442	0.853592521018519	0.0108569164414817	9.17850498503857e-05	0.0156069035694307	0.0206768475272912	0.00270236231792982
9.24712107797331e-05	9.24725884343619e-05	9.24712107868301e-05	0.967650558020247	0.0202464265794418	0.00304630951086853	0.00213798857915383	0.00532701436771844	0.00131428793256939
0.00445135751564016	9.25683043714631e-05	0.00108541589756805	0.961690827245199	0.0210184647361248	0.0113836613878189	9.25683044353619e-05	9.2568304452961e-05	9.25683043891804e-05
0.000132621615215318	0.00405220254868813	0.00657870874147795	0.963585335053207	0.0134033944578475	0.000132621615269433	0.00325124437367143	0.00743763222849694	0.00142623936612583
0.000133854030917825	0.00196150074415128	0.00503228194323849	0.952234233424628	0.0170885455160759	0.00521833694142239	0.003938915121213	0.0103029504833244	0.00408938179502913
8.90678226297464e-05	0.00970494427572313	8.90678226574641e-05	0.959764631642872	0.0141432215589764	0.00428252127959323	0.0117484099521311	8.90678227731003e-05	8.90678226442764e-05
8.91076091590529e-05	0.00319375387262912	8.91076091258867e-05	0.967615676930139	0.00799436396025838	0.00918213548609068	0.00869111239636221	0.00305563452707182	8.91076091642874e-05
0.000433474724447074	0.00361336460447663	0.00168921821276456	0.972852928357871	0.0153446548885586	0.000126610095036833	0.00388663016862008	0.000126610094447606	0.00192650885377725
0.000134636659395416	0.00013463665957856	0.00896851112806627	0.957100755188005	0.0229576015987479	0.00487294202173061	0.00152643899983468	0.00416984108518286	0.000134636659458599
8.89513423073176e-05	0.0120761235903337	8.89513423367625e-05	0.953570023321301	0.0237659290727259	0.000649815306769391	0.00548240274233175	0.00136795566285215	0.00290984761904218
0.000131601557315805	0.00708182604088829	0.000131599641134558	0.964246902818616	0.0174313394351309	0.00360011052473668	0.00360358066576217	0.00271668145632171	0.00105635786009359
0.0001312474011116	0.00882126516574102	0.00049117811198153	0.96510315634958	0.0120595124788358	0.00519277537970201	0.00685990101624028	0.00013124740082008	0.00120971669598786
9.33779607892193e-05	9.33778322811919e-05	0.0018145420212662	0.981071798772369	0.0113146281192018	9.33779606751602e-05	0.00454125408903412	0.000884265283792922	9.33779605903152e-05
0.00147013432882736	0.000498468200907393	8.87428807993155e-05	0.96567981303898	0.00638373365477015	0.0110745791156639	0.00936898673471238	0.000289498581338104	0.00514604346400137
0.000896950364658315	0.0043827296730405	8.84129069828252e-05	0.973118957649487	0.0139166039038639	0.00263031383383938	0.00247535028669859	8.84129070028834e-05	0.00240226847442637
0.00033797283295339	0.000959968556572306	9.33316654145942e-05	0.964543493161023	0.015298670403772	0.0108569128814163	0.00400419449726607	0.0038121243361718	9.33316654102493e-05
0.000459948043524929	0.0146656870899031	0.00103874386319958	0.942452049984592	0.0167415688800461	0.000127229475538647	0.0185166873457456	0.00333059452437261	0.00266749079307706
0.00618947438305537	0.0164507747862335	0.0242518296498384	0.791528406805596	0.0234154071902784	8.82815315213482e-05	0.100752870999021	0.0162917894626575	0.0210311651917986
0.00590121523356344	0.000131951280271842	0.00330882586801476	0.962094404494741	0.0164381885519179	0.00332177842940226	0.00375312457762565	0.0049185632714475	0.000131948293016049
0.00265758986280598	0.00013168398862144	0.000131683988699737	0.967547296181386	0.0153525270214914	0.00942928572672085	0.0028011565768479	0.00181709266467624	0.000131683988750715
0.0010682161561558	9.2691520089827e-05	0.00411637668698821	0.968805188425132	0.0213926966248936	9.2691520063044e-05	0.00348813979454116	0.000851307751922914	9.26915202134891e-05
8.96039047821641e-05	0.0262432081658429	0.000311162136401558	0.950959404394236	0.00747209804656192	8.9603904901868e-05	0.0121763078363062	8.96039048824524e-05	0.00256900770608471
0.00188969143078231	0.00688007512044112	8.95846202895624e-05	0.961049479105724	0.0184573129688369	8.95846201681207e-05	0.0106736018600106	0.000781085653515504	8.95846202317424e-05
0.00275698181064882	0.00196438180260056	0.000127825523581409	0.957105628221955	0.0220060733506715	0.00773229355665326	0.0064302779684677	0.000127825523655225	0.00174871224176683
0.000125785726949083	0.00561669214674839	0.000125785726977993	0.955201661301299	0.0227931711853463	0.00301940630393465	0.00946268731327627	0.00196364762289539	0.00169116267257247
0.00135111523043352	0.0137986156229162	0.00187298445340018	0.964094266843047	0.010561825228984	8.9151691705857e-05	0.00451977811959395	0.00142451287603581	0.0022877499338832
0.000127773589053978	0.000127773588900127	0.00199839571189252	0.969885912286757	0.0157054135219414	0.00467093189867536	0.00244379041196267	0.00299159239224243	0.00204841659857386
0.00453875266624371	0.00530719197664574	0.0012163462885243	0.964095653317534	0.0114237026861067	0.00751064458082309	0.00401766818597035	0.000130388624158514	0.00175965167399342
0.0130709490074595	0.00470474860068003	0.0177607562972891	0.88233273599489	0.0148158396862545	8.87299865647098e-05	0.0545710046216321	0.0029001950227821	0.00975504078244749
9.20521085169531e-05	0.0036140247875323	0.00266620837451958	0.953611533259106	0.0245065832096759	9.20521085647797e-05	0.008745730494864	0.00657976354870305	9.20521085175891e-05
8.94610762653412e-05	8.94610762635963e-05	0.000708014703576072	0.9663770981233	0.0196733586883538	0.0021946885555696	0.00332413972881229	0.00634304549194054	0.00120073255591908
0.000641361399599296	0.00247747706420178	9.24527905015133e-05	0.977166180387444	0.0102672005630915	9.2452790694416e-05	0.00289546252111809	0.0047938541807433	0.00157355830260567
8.65642653613455e-05	0.00179221870879862	0.000885804662030994	0.969820560718231	0.0031315132935076	0.0168219370173894	0.00480007078102026	8.65642653107292e-05	0.00257476628834965
0.0053925754220285	9.33195435680796e-05	0.00296880091019379	0.964551745094144	0.0176795726328656	0.00524807517155375	0.00236399651522848	9.33195433800113e-05	0.00160859516703773
9.37334106414763e-05	0.000986441877878305	0.0100451934183393	0.966516258623508	0.013157438755118	9.37334104993542e-05	0.00431892066157105	9.37334105676e-05	0.00469454643187654
8.77192968731105e-05	0.00930587876360741	0.00111309698458718	0.97033752986524	0.00864652584700001	0.00207523194301562	0.00699545111864748	0.00135084688410493	8.77192969237214e-05
8.91477023864902e-05	0.00369231718405643	0.000753916550830501	0.96913363473947	0.0169767353862238	0.000205305984455848	0.00740549793530765	0.00165429681492524	8.91477023437996e-05
9.38350601235568e-05	9.38350600713586e-05	0.0136982100690558	0.953756899101926	0.00781675874520561	9.38350600574817e-05	0.0132694662545456	0.0110833255888745	9.38350601404926e-05
0.00169801340021289	0.000212698428906404	0.00158226515067872	0.965160821492777	0.0265991235728794	9.08704050188268e-05	0.00442051854064831	0.000144818603954193	9.08704049239488e-05
0.000529032014635939	0.0102549364783443	0.00143162175718004	0.957282970715739	0.0192526261523567	9.01555362945089e-05	0.0109783462734023	9.01555358490033e-05	9.01555361978368e-05
0.000132131567777793	0.00325347136720335	0.0029685849081884	0.957657022052209	0.0297954825481921	0.000132131567749134	0.00354830005688383	0.00219951691183219	0.000313359019963976
9.0019462801249e-05	9.00194629131023e-05	9.00194627911625e-05	0.963446698387243	0.0138271810534736	0.0115976167474055	0.00721186152358739	0.0035565644370808	9.00194627042296e-05
0.000450211286561553	0.000552580417286748	0.00136675136945326	0.96444201784972	0.0170635297229586	0.000134898532832315	0.00471135166470196	0.00132590414130428	0.00995275501518144
0.00153355737705094	0.000134318393858023	0.000400588239149592	0.963961798150649	0.0225931891282951	0.000134318393691304	0.00596542301501005	0.00454398631405272	0.000732820988243363
0.000885744617318467	9.28748569005605e-05	0.00169979460852612	0.984138770418901	0.00817538734411165	0.000749011746559813	0.00407266669411338	9.28748566100793e-05	9.28748569589827e-05
0.000232701949775569	0.00378481169754718	0.00211064412173187	0.972164293986898	0.0113725731701162	0.000911706357942527	0.00819558276583177	0.00109663965645059	0.000131046293706179
0.000856947183462532	0.0011284500143722	9.27063781233069e-05	0.979659627316482	0.014326496470058	9.27063784120591e-05	0.00365765350306711	9.2706377996924e-05	9.27063780256817e-05
0.00188464446092782	0.000133622197940531	0.0316791328483304	0.945567473891329	0.0102634536229312	0.000884421840530106	0.00543355630569524	0.00402007075921276	0.000133624073103296
0.000128688197711625	0.0243121004419844	0.00198269274050238	0.933297516684001	0.022953814253256	0.00223169877055197	0.0106104379176286	0.00123119061914848	0.0032518603752152
0.000194060657964043	0.000344388393019135	0.00196117201504601	0.96738987414534	0.0138389048138638	0.00501369920596484	0.00698387256694612	9.0962973491485e-05	0.00418306522836466
9.19918430632799e-05	9.19918430236924e-05	0.00837241110072038	0.943723101478959	0.022096585989033	0.000749208092298816	0.0101569593106585	0.0020479103759216	0.0126698399663221
0.00367132755416113	0.000354068486687463	0.00371751229954719	0.980767954682971	0.00624767708733409	0.00206127251604863	0.00292313939552633	0.000128523988806043	0.000128523988917918
0.00161064822738324	0.00179478620770316	0.003292824252527	0.957057925332947	0.0197496089057074	0.00339896793756757	0.00356669421899006	0.00405947809645608	0.00546906682071858
0.000127685695532826	0.00334908160209345	0.000127685695607417	0.975434579540466	0.011751101333399	0.00109816699303967	0.00236157635196855	0.00384118563171544	0.00190893715617774
0.000156149986275442	0.000134249714223889	0.00589733785525423	0.95880511006192	0.0184150724169037	0.00207889608046644	0.00591830518386472	0.00846062898685863	0.000134249714232841
0.00259729718013649	0.00247829465232424	0.000129051731132557	0.947215495531925	0.0290362859679134	0.000129051731115747	0.0103265293043786	0.000129051731373217	0.00795894216970031
0.000411267815494009	0.0103684366351046	8.87500276704382e-05	0.971329437192124	0.00839693148036757	0.00270762575645911	0.00652005103751432	8.87500275645257e-05	8.87500277014416e-05
0.000134970296184438	0.000134970296093354	0.0155055160236519	0.96203906305106	0.00875428841205911	0.00189518506416966	0.00186004847775527	0.00954098808305143	0.000134970295975084
0.000485511275339459	0.0144944739107274	0.00230008889648755	0.960842029958183	0.00617903218801401	8.94825620912322e-05	0.00876572212295886	8.94825621333242e-05	0.0067541765240654
8.83641386537721e-05	8.83641385933907e-05	8.83641386687432e-05	0.974699163712663	0.0151463635142225	8.83641389023854e-05	0.0054592133631192	0.00353550601678093	0.000806296838395707
0.00335457063985179	0.00189424816920367	0.000126876470620584	0.961797081333703	0.013643441857614	0.0105985790799224	0.00483058655253902	0.000126876470413833	0.00362773942613214
0.00104773920352204	0.000863371232703141	0.0120635607091093	0.952454540837358	0.00598938937071913	0.00424683014490524	0.00963617938120483	0.00893068153814814	0.00476770758233062
0.00409795030623826	0.00392225761396768	9.2593059345952e-05	0.967345635034455	0.0187926458989042	0.000264598653682635	0.00443935878264543	9.25930594185875e-05	0.000952367591341818
8.89214174758279e-05	8.89086108160726e-05	8.89214174855329e-05	0.980698336397749	0.0070378548978333	0.00320484565841876	0.00489230536280005	0.00130124063330482	0.0025986656041167
0.000706002933143831	0.000124668719641148	0.000124668719364114	0.959650534010085	0.0150491697939069	0.00395308372465678	0.0091006009972448	0.00530455156004024	0.00598671954191689
9.01079995590037e-05	9.01079995312393e-05	9.01079995371555e-05	0.969496331721898	0.0184661190496988	0.00392267763912097	0.00354531295501296	0.00420912663610649	9.01079995356965e-05
9.24257079462664e-05	0.00369092242552827	0.035167666802051	0.93007391724896	0.0137627629553439	9.24257078865241e-05	0.0097740264554849	0.00725342698890869	9.24257078907585e-05
0.000134596635412026	0.000134595333038048	0.00926912296271038	0.961574766521059	0.0117174413297367	0.00451246359271079	0.0010467584251284	0.0112331890055357	0.000377066194669466
9.23566367248758e-05	9.23586385398635e-05	0.0197634223526058	0.950395154612567	0.00398684573721738	9.23566366745545e-05	0.00678594408140524	0.0186992046677016	9.23566365636921e-05
0.000486996529610459	0.00405512341055002	0.000127736748335673	0.975293876518477	0.00930894144723431	0.00335360180188392	0.00711825004798707	0.000127736747727311	0.000127736748194105
0.000851474252352197	0.000126820857717295	0.00124783603361102	0.970643255248725	0.0118739256185706	0.0107555383787635	0.00288945498398613	0.000755749864138543	0.000855944762135357
0.00370580680582679	0.000131924811960951	0.011757055065255	0.956237558660598	0.00500031483547174	0.00145466366462293	0.00801051510266862	0.0119354008469275	0.00176676020666835
0.00174200224474218	9.38512513702737e-05	0.0120136368858741	0.946220413352825	0.00818751519022859	9.38512513573425e-05	0.0166155298568396	0.0117934209662176	0.00323977900054492
0.00103792305372316	0.00335515740744122	8.87318255695366e-05	0.975031934070787	0.0138561154874302	0.00130603583934236	0.00392234185195376	8.87318256243424e-05	0.00131302863812803
9.19255282293368e-05	0.00717723217518637	9.19255282756223e-05	0.949635008574135	0.0285208011415233	9.19255283436156e-05	0.00969887295775576	9.19255280727281e-05	0.00460038303847869
0.00148978727277538	0.00154754969837741	0.000124443773697178	0.960209037421938	0.0246064083290067	0.0039250633528925	0.00729026230132107	0.000124443773612666	0.000683004076379621
0.00186964506039773	0.000498094967949554	0.0269307477237729	0.920732217894916	0.00808711584164239	9.2239144173107e-05	0.0188403258195474	0.0228573744035031	9.22391440979843e-05
9.36951726791368e-05	0.000558703191819206	0.00836621988229967	0.949779595233057	0.0277150957265308	0.00607359555424872	0.00696157054729327	0.000357829519443164	9.36951726289782e-05
0.000132636574233204	0.00100998407271316	0.00469306371890802	0.967759806471643	0.0143822404521223	0.00394047249665052	0.0050909362832364	0.00285822335630973	0.000132636574183944
0.00109412938938141	0.000133995394110276	0.0364099456960854	0.92158347448405	0.0128759545268872	0.000133995394315832	0.0143145177939733	0.0133199919270419	0.000133995394154604
0.00171169188644965	0.00681711151579865	0.00195521238984138	0.973343073203165	0.0111435965572148	8.93712586591697e-05	0.00419632888222556	0.000654243047850904	8.93712587950743e-05
0.000692719305305816	0.00394318970945871	0.00174747871108598	0.97535198752519	0.00842659144581987	0.00396527996619022	0.00382236496503982	0.000722498961061169	0.00132788941084803
0.00126210074142395	0.00765672893963329	9.27583415718582e-05	0.951076842333616	0.0264797558569388	0.000359918638903336	0.0107322398651789	9.27583415466816e-05	0.00224689694118678
8.7477687300052e-05	0.00439019225714369	0.000199830672113046	0.974863822714061	0.0105434209154209	0.00263935670826516	0.00397129182734762	0.00202392134455569	0.0012806858737927
0.000133629467091249	0.000133629466988941	0.00349317756793849	0.976758730531729	0.0038155383187813	0.00268029614096231	0.00226422923386042	0.0095192932583025	0.00120147601434545
9.29436409608345e-05	9.29436410614492e-05	9.29436409320957e-05	0.956063626523378	0.0232196841390459	0.00763712412830368	0.0033084649897888	0.00666360216669768	0.00282866712983196
8.8192481578023e-05	0.0313300070446433	8.81924816254721e-05	0.944338508256724	0.00782962336767233	8.81924816436775e-05	0.0160608989228709	8.8192481617324e-05	8.81924816243865e-05
0.00480329096839142	0.00061231086105553	0.00214239388514712	0.970811838571774	0.0102233078379086	0.00252059234120987	0.00263438455005788	0.00271254447754553	0.00353933650690983
0.0580429546008447	8.24125514363617e-05	0.371625794312615	0.393277412670175	0.0251949667068181	8.24125514369112e-05	0.10316115275236	0.0141597144979645	0.0343731793563496
0.000125557513683823	0.000896028244534928	0.000125557513661747	0.962094987138908	0.0139083977369418	0.00829417675541059	0.00840990926035663	0.00105658468037478	0.0050888011561274
0.000315801007797307	0.00404396837732578	9.09412525133466e-05	0.972578978722295	0.0197965302954972	9.09412525758356e-05	0.0016946742087471	0.00129722363069839	9.09412525501715e-05
0.00132047578503534	0.000134028954230748	0.00428796682545178	0.950870694253016	0.0216385987925636	0.0147687705206102	0.00427714968366579	0.0025682862309368	0.00013402895448938
0.00327230587386435	0.00753252037468252	9.20074140086642e-05	0.967774088264346	0.014885167261094	9.20074139440889e-05	0.00616788856991024	9.20074141585831e-05	9.20074139917939e-05
0.00148971931289275	0.000135980060024895	0.0168622972603517	0.963924263254124	0.00953331974277679	0.000135991779016699	0.00491905969029466	0.000830458058837938	0.00216891084168005
0.000695476851617929	0.00460179727660107	8.76855924327732e-05	0.960822834267399	0.0133681405954588	0.00607700942308283	0.00581540766338612	8.76855924484832e-05	0.00844396273757273
0.00251812097173077	0.000133578270563915	0.00675781455764937	0.955088118760931	0.017942363277465	0.00717102071027305	0.00500853823873801	0.00355947370988174	0.00182097150276747
0.000126475424794638	0.00545406434477969	0.000537187615332539	0.972950117302889	0.00897663739351454	0.00012647542442393	0.00871871967483035	0.0029838473946481	0.000126475424787116
8.91746665979093e-05	0.00363384174690714	0.000853985434652359	0.960289782021433	0.0201691528302814	0.00538566593562603	0.00899821507092455	0.000491007626980956	8.91746665966971e-05
9.23593750005575e-05	0.000257897282626919	0.00430690441435357	0.960388946981316	0.0246959716541658	9.23593751671306e-05	0.00467682252153218	0.00539637902087043	9.2359374967091e-05
0.00175349521083442	9.33742770487316e-05	0.00372833113715287	0.962731802273145	0.0102859470304001	9.33764241789874e-05	0.00736996717173745	0.00984602849246365	0.00409767798303892
0.00101849787064731	0.00542777256191882	0.0103573433690478	0.954374918542646	0.0146134126633507	0.000133495106803112	0.00338345171615576	0.0105576120609251	0.00013349610850496
0.00487743589215949	0.00213518664354839	0.000132507770816223	0.962330535190875	0.0109916466311306	0.000132507770687248	0.0104185209896091	0.00644153001942093	0.00254012909175311
0.00273783226907754	0.000130956905972806	0.0020144062861651	0.971245151363834	0.0108455673278131	0.00851556637482065	0.000983825794807895	0.0033957367714574	0.000130956906051287
0.000127144324280775	0.00539243292727687	0.000127144324160818	0.945829599451575	0.0293255336955502	0.00833721688703513	0.00491998902331784	0.00133843294926135	0.00460250641754175
0.00209024793940531	0.00428750260971949	0.000130666532971006	0.960143594260571	0.0151456669617154	0.00395129098327398	0.00660668763223371	0.00179899772426508	0.00584534535584539
0.000670659868889142	0.000133955729218584	0.00424320050131766	0.977915926787474	0.00520738279557211	0.00507784477256498	0.00155660939249291	0.0038406994017179	0.00135372075075237
0.00044828800704342	9.21150609242441e-05	0.00367183707124294	0.981673754912797	0.00746664768212642	9.21219965131846e-05	0.00188358916122942	0.00457952411160522	9.21219965185309e-05
0.00279680912669551	0.00327719853178793	9.26241866173554e-05	0.976745096300987	0.0116799085199507	9.26241864675908e-05	0.00471439895330837	9.26241867624143e-05	0.000508716007423499
0.00031038665034849	0.0106189333115507	0.00164970887875719	0.966173336408588	0.0109052824559281	0.000127960475621862	0.00823291359238457	0.0014813992783096	0.000500078948511716
9.05839417494486e-05	0.00330446852882031	9.05839417545798e-05	0.964765205844046	0.017585828773872	0.00428013271083587	0.0059395217842548	9.05839417458535e-05	0.00385309053292139
0.00158318779940897	8.86797629190552e-05	8.86797630185109e-05	0.974523526243587	0.0110070495993034	0.00457584994318795	0.00241356482020378	8.86797630675355e-05	0.00563078230530338
0.00809946834262344	8.96917069647224e-05	8.96917069739441e-05	0.965175682094593	0.00592046540027294	0.00924423170837491	0.00858279430712044	8.96917070215739e-05	0.00270828302605533
0.000131162525082302	0.000133347953507213	0.00463328855325674	0.962567132193312	0.013249590270713	0.0110454636862761	0.00797768976797966	0.000131162524867283	0.000131162525006019
8.89925327645154e-05	0.0117051038189469	8.89925326765444e-05	0.968710165722426	0.0109227683961886	0.00151472033831253	0.00679127159354713	8.8992532416934e-05	8.89925327210316e-05
8.78327965342956e-05	0.0044372830132204	8.78327964901068e-05	0.964220835431207	0.0190502423472238	0.00482419695365431	0.0071161110685782	8.78327966004954e-05	8.78327964915118e-05
0.00518701769092749	0.00826603072602697	0.00403591034389092	0.967115625214409	0.0114830880341073	8.90781139454802e-05	0.00364509364922432	8.90781136416822e-05	8.90781138264831e-05
9.46523914706595e-05	0.000679722944788792	9.46523914725168e-05	0.951633258615116	0.0348004223319734	0.00300856164782925	0.00381317487848239	9.46523914039281e-05	0.00578090240746352
0.000828064361064686	0.00224705263890231	8.97339692818898e-05	0.95589329939733	0.0129241925324115	0.00159114097849906	0.0122583393200345	0.0109747534626389	0.0031934233398375
0.000131786632645758	0.000131786632422541	0.00272432972153407	0.962482873817542	0.0217156640478429	0.00480153630766603	0.00198307340151857	0.00297233385599945	0.00305661558282922
9.27411719966793e-05	0.000186773536897879	0.00806435551386367	0.947437187146339	0.0233836923993224	0.00564021306665308	0.00575842740009206	0.00934386859284818	9.27411719868072e-05
0.00121579639408091	0.00905690761104175	0.00418820966530587	0.947859618389574	0.0182832640104299	0.00312747262431308	0.0160830073659214	9.28619697271782e-05	9.28619696056309e-05
9.35430208499999e-05	9.35430207949138e-05	0.000980502610433774	0.971767364554585	0.0186673465629564	9.35430209183807e-05	0.00260144925651903	0.00560916493208899	9.35430208530145e-05
0.000127078945148607	0.003422849132387	0.00145084190979334	0.960520297346615	0.0102935519239536	0.0008300326071884	0.0100804004663031	0.00724761578665069	0.00602733188196018
0.000639788606176715	0.00242551091844989	0.000690454293467276	0.969773465104328	0.0159299665693087	0.000405295604379327	0.00537260300365133	0.00463454897706122	0.000128366923177185
0.00340443744859657	9.35871061734531e-05	9.35883294046744e-05	0.958890698759132	0.027835785926416	9.35883293463476e-05	0.000836296465173467	0.0055619692144518	0.00319004842130617
0.000132622101686841	0.000132622101685251	0.0011144938502458	0.941664111783478	0.025554809724783	0.011849892386664	0.00912519381774319	0.00779048623548114	0.00263576799823331
9.41596439193025e-05	0.000559677036256079	9.41596439483847e-05	0.96175916987364	0.0272020401958094	9.41596440210211e-05	0.00476010003066279	0.00439452185019757	0.00104201208154593
0.000437773703881333	0.00709209680389601	0.000569581222685133	0.962369483392912	0.0138122933954768	0.00268123128225122	0.012783891079225	0.000126824559843326	0.000126824559829264
0.000132677191297598	0.000132677977764578	0.000132677191251129	0.971260047632894	0.0110180237994848	0.00513320177368514	0.00196588256552377	0.00873205913792029	0.00149275273017858
9.21470370696115e-05	8.83661690790436e-05	0.000234200090913474	0.976796468292993	0.00967134643358084	0.00975855699728759	0.0029831311082169	0.000287417242084952	8.83666287741249e-05
9.32584837239316e-05	9.32584838238453e-05	0.0167521851460289	0.960655315166692	0.00407577310724355	9.32584837016592e-05	0.00531348187910436	0.00992068925759164	0.00300277999209026
0.000618166496094178	0.00332235602787733	0.00183414381230399	0.975843511146409	0.0146759004364866	0.000126938023135423	0.0024063160032832	0.000126938023562947	0.0010457300308475
0.00106134758578678	0.000127408167432246	0.000167183802003781	0.966814746161083	0.0146732256317438	0.0136439065456937	0.00240810713163988	0.000976666807147863	0.000127408167468536
0.00132468141404309	0.00164501802174185	0.000128204522027688	0.962591510376966	0.0248256521119701	0.000128204522261627	0.00488482176422289	0.00114303691747152	0.00332887034929484
0.00214094235756298	0.0082870664899775	0.000127607305712873	0.954662027700407	0.0167619290218652	0.00376061845680722	0.00637647918141137	0.00282922857905539	0.00505410090720002
9.00829378338491e-05	0.0103675540181391	9.00829378365024e-05	0.966196707395506	0.0109005087078162	0.00248610385260726	0.00391844397869397	9.00829381363892e-05	0.00586043323343127
0.0030581582731345	0.000131846701845889	0.000548405347016358	0.967352523989263	0.0155806237781029	0.00121502418053628	0.00411559167337325	0.00375486577013048	0.00424296028659784
0.00084823823989974	0.00182581699786051	0.0197340737788571	0.950608780034801	0.0105736659724544	0.0017788514656384	0.00853438653558032	0.0059618329101006	0.000134354064808369
0.000127865623605904	0.000127891534527635	0.0029714962912174	0.962533578210337	0.0102206112858601	0.0122532086202664	0.00745428191364826	0.00201929608510205	0.00229177043543501
0.00158338146255141	8.90429637879432e-05	8.90429637898385e-05	0.952752746781487	0.0230551643249561	0.00938543649199491	0.00290058575810756	0.0100555562895022	8.90429638231862e-05
9.41147123721495e-05	0.00408946927898969	9.41147124049215e-05	0.963443617158098	0.0136809042310878	0.00112403665383085	0.00272161512936003	0.0146580134113792	9.41147124770479e-05
0.00115078829346673	0.00432328680160758	0.0333870269878104	0.941231805039787	0.0138312180562183	9.2430612057992e-05	0.00177975667259689	0.00411125692434	9.24306121151269e-05
0.000812478697147259	0.000113381802790711	0.00614502180089206	0.969564778422836	0.00916936963965318	9.33735246233899e-05	0.00141486582730766	0.0100893417172751	0.00259738856747486
9.37589125912958e-05	9.37589125130477e-05	9.3758912584602e-05	0.963368602004344	0.0261841110509264	0.00085815858850599	0.00122424583037115	0.00480078746279763	0.00328281832536634
0.00133498328369002	0.0114803012189803	0.000288040919736338	0.947455940477326	0.0139505857000886	0.0157942655253786	0.00836796074380402	0.00120059946417583	0.000127322666820343
9.1699845181188e-05	9.1699845141595e-05	9.16998451493138e-05	0.956938223219293	0.0230703808902301	9.16998450625576e-05	0.00505633153754218	0.0124082861190134	0.00215997885338636
9.08345881407248e-05	0.00492672036607894	9.08345881557745e-05	0.941385285985251	0.0370872551523691	0.00939926326147249	0.00234056145315599	9.08345882091967e-05	0.00458841001716688
0.009420314781583	0.00327548866781883	0.00454435384770234	0.924127018213814	0.00676029664253797	8.91281605721044e-05	0.030887972441985	0.0208062990833924	8.91281605939492e-05
0.00192133455690821	0.00553553806794456	0.000127883614813365	0.966581777679048	0.01431299677346	0.00258859057176359	0.00688708514744454	0.00100383176437077	0.00104096182424675
0.00568085349558545	9.07266048023065e-05	0.00401051856598683	0.968479667675246	0.0120479062964315	0.00613523292083414	0.00243858929635289	0.000132507276091803	0.000983997868668941
8.93875577339957e-05	0.000853401079283933	8.9387557736881e-05	0.977794069650919	0.0110991278981058	0.00440047664740553	0.00507479273636477	0.000509969314713894	8.93875577366693e-05
0.000511812010856966	0.00919731286378218	8.82863845023984e-05	0.970464737607533	0.0143424463270636	8.82863844920905e-05	0.00226299821742018	8.82863846017382e-05	0.00295583381974804
0.00300049751673689	0.00468604167376421	8.84684429215364e-05	0.966587260357331	0.0133852682108529	8.84684428385734e-05	0.00995062809372922	0.000679747225585623	0.00153362003623971
0.00143560688253556	9.22125700771724e-05	0.00301349990872568	0.968372433831486	0.00550412913299427	9.22125699223631e-05	0.00262927194231462	0.0187684205919447	9.22125700000851e-05
9.17637768240827e-05	9.1755570291063e-05	9.17637768138537e-05	0.97499146865701	0.013625982562364	9.17637769716761e-05	0.0073205877601241	0.00124496679744092	0.00244994732216062
0.00103222756861193	0.00365637936959329	0.000126361333540878	0.966000678131346	0.0172092072323046	0.00012636133336348	0.00705315711321684	0.00355182105922199	0.00124380685880077
9.25555827088239e-05	0.00494650213754452	9.25555825731363e-05	0.967686281995144	0.0173735935461836	9.25555825529906e-05	0.00629177535126154	9.25555825209431e-05	0.0033316246395109
0.00363005683125168	9.5649890054582e-05	0.00929503026321522	0.968082280145795	0.0117386525157652	9.56471190662987e-05	0.000869423005890875	0.00609761310963991	9.56471193216794e-05
8.70476428533975e-05	0.0250810476014513	8.7047642857293e-05	0.962102286926187	0.00610368834557804	0.00045615774947418	0.00495304228560963	8.70476428658894e-05	0.0010426341631235
0.000975790098879226	0.0040552830740651	8.89557084948436e-05	0.977670064407597	0.0120162239299123	8.89557084533114e-05	0.00492681565551557	8.89557085843827e-05	8.89557084980155e-05
0.000638609207137463	0.00843240202267372	8.95766377637569e-05	0.969544136407834	0.011815522668434	0.00188962738914624	0.0069805689012241	0.000519980127964738	8.95766378221492e-05
0.00240493355470492	0.00113291970206599	0.00876105209251496	0.967172456378244	0.00907747729303926	0.00888372434423453	0.00229928099309535	0.000134077821023849	0.000134077821077402
0.00285311432853987	0.00114373693044212	0.0122601881546498	0.958891908506119	0.00729476289738003	0.00193815855131117	0.0034110280771812	0.00828234980704108	0.00392475274733607
0.00185210231352245	0.00834363751783096	0.00176659230151509	0.963223895843591	0.0163126936061549	0.00088643886910016	0.00126914071380411	0.00202474722813696	0.00432075160634483
0.000126174641377571	0.0067772112499126	0.000735042645977237	0.969313102267085	0.00878389300619596	0.000126174641334292	0.00866638324394418	0.00237010740990248	0.00310191089427062
8.96681895572314e-05	0.026306546993397	8.96681894293654e-05	0.941411368994145	0.0164641301545749	8.96681894430619e-05	0.015369612910518	8.96681893959905e-05	8.9668189539068e-05
9.21655116446911e-05	0.00458240487068003	0.000664602761773232	0.979698025433911	0.00831697079972052	0.00379498686186817	0.00266651273695851	9.21655118267681e-05	9.21655116164486e-05
8.91312961385717e-05	0.00151919890901051	8.91312961480719e-05	0.97392647845814	0.0174931122551402	0.00214655327494801	0.00455813191800653	8.91312962446742e-05	8.91312962234244e-05
0.00241324021948488	9.10914049625817e-05	0.0390152866257828	0.918459612410298	0.00748627436944687	9.10914050513108e-05	0.0205533938364886	0.0113542915993503	0.000535718129135067
0.00126824983324088	0.000134661487202686	0.00454621110274971	0.970615779890532	0.01252158107162	0.00583592092578139	0.00175993639954678	0.00318299994203396	0.000134659347292158
8.81347544173383e-05	0.00549856254000748	0.00136914929647901	0.973392783513025	0.0115769932877038	0.00401877048506908	0.00387933661467887	8.81347542126412e-05	8.81347544065723e-05
0.00203702187697512	0.000130621148349079	0.00117095516081503	0.960879938151587	0.0184570866935081	0.0059390334045447	0.0020644956257543	0.00289796057203752	0.00642288736642918
0.00278471761206706	0.00339062758930805	0.00969528449265771	0.955060696860987	0.0177554909698717	0.00478881857901793	0.00497494721072272	0.000154339169045652	0.00139507751632177
0.000837899755552517	0.00411620785146684	0.00154554676675287	0.958881962454338	0.0246789958512572	0.000127715511934885	0.00500679404391689	0.00467716225280677	0.000127715511973752
0.00667844062525938	0.00401587789173679	0.0479272502802869	0.914675791401677	0.0139890244266083	0.000132220324087947	0.0059698364959911	0.00539465818101295	0.00121690037333957
9.34924355696099e-05	9.34945042374144e-05	0.00196843642506281	0.96506674665546	0.0108053242399648	9.34931288759843e-05	0.00932065521616494	0.0112213361386197	0.00133702125604494
0.00484701840600736	0.000766540333341725	0.000125363716922803	0.957111749624506	0.0150678028094783	0.0081856336118804	0.00563925841201952	0.0025872156778737	0.00566941740797011
8.89066557741738e-05	0.00968826131412134	0.00332369719618576	0.966387407502021	0.00761105074890027	0.00119338964100542	0.0105795695241303	0.00103881076204869	8.89066558126637e-05
0.000693833570708648	0.00845915443493853	0.000385661779647787	0.977120967280419	0.00459125700362283	0.00135161343991552	0.0050049845957474	0.000800632854398736	0.0015918950406011
0.000596561493442151	0.000797209212579521	0.0039196996278537	0.96538236168401	0.00951096904569029	0.00820679396779163	0.000947857475547206	0.000127113348168927	0.0105114341449164
0.00745186467744754	0.000131274511923582	0.0026439045693451	0.94742724810745	0.0212864663011097	0.00229112399176295	0.0103711664149827	0.00826567691398142	0.000131274511996505
0.000612707497827551	9.35719552195572e-05	9.35719551668834e-05	0.951189024927545	0.0346750185464367	0.00452124085633155	0.00500310010737345	0.00371819219888962	9.35719552094394e-05
0.000314421888474021	0.00158654020508782	0.000371455313920008	0.988454312370693	0.00462122263078607	0.000657749878553223	0.00359033620014948	0.000315906948150888	8.80545641853451e-05
8.85891818772903e-05	8.85891819225091e-05	0.00157490417386535	0.967354846869267	0.0128777147906493	0.0121396169024383	0.0013502508416454	8.85891818248537e-05	0.00443689887650964
0.00112238233183295	0.00247570207100494	0.00547509255481745	0.948211804000216	0.0226619760871219	0.00407442536460692	0.00882949381421165	0.00701810807060287	0.00013101570558493
0.00224926828700052	0.00631528995182901	0.00942044375625709	0.946499229078332	0.0148253740141004	0.000131629724879077	0.00427412575493135	0.00274697894024258	0.0135376604924279
9.56039767656122e-05	9.55999239574415e-05	0.00704060352372264	0.967776397375823	0.00752531738062461	9.56042194627602e-05	0.00222793623617774	0.0144223409045273	0.000720596458938979
0.000997742849059199	0.00907687556931345	0.000683021692260063	0.965859458377631	0.0124068839751352	8.83284347002791e-05	0.0101802020356351	0.000619158631614279	8.83284346508081e-05
0.00232591285752361	0.000527541437855802	0.010087162064508	0.973744112358987	0.00822978087801666	9.48239229586837e-05	0.00480101863410666	9.48239232176865e-05	9.48239228259059e-05
0.00443962262726026	0.000129564062809206	0.000129565171888376	0.961544200783295	0.0247600921090849	0.00322800004997335	0.00130855282681944	0.0043308371970373	0.000129565171832756
0.000330172867290919	0.000132550981256935	0.0108323892646614	0.945663701809069	0.0278864075172791	0.000132550981287972	0.00555079871624902	0.00903834889559328	0.000433078967312746
9.27633319062412e-05	9.27651398112523e-05	9.27638041814654e-05	0.970645386225157	0.0106274251705791	9.27638043895479e-05	0.00240028833079354	0.0132596566675157	0.00269618752566607
0.00206009312046017	9.18355037387141e-05	0.0214365068370069	0.938955241331414	0.0119123655389735	9.18355036873901e-05	0.000816893869092301	0.014694865551954	0.00994036274367302
9.13137894456385e-05	0.0014474883866672	0.000165286601423423	0.976605747691028	0.0114476022962128	0.00337879247026881	0.0066811411859632	9.13137896181413e-05	9.13137893726997e-05
9.34152066016204e-05	9.34152066645391e-05	0.0051139796165938	0.956698569352904	0.0127768203397635	9.34152066034374e-05	0.00814016704747787	0.0140852590926155	0.00290495893077612
0.00296503630295797	0.00386343406227101	0.00537078509192211	0.966513345569348	0.0133878778631752	0.000134758792265485	0.00470096586080049	0.00292903766522469	0.000134758792035135
0.00279596282845532	9.05708585350804e-05	0.00282370334567666	0.941755603556696	0.0262226687230575	0.000416215771906819	0.0153167374255777	0.00418146397468943	0.0063970735154054
9.02169180802416e-05	0.00136163708179653	0.000516802043380292	0.970231776625448	0.00933608624321448	0.0064465413807202	0.00754518030678917	9.0216918313332e-05	0.00438154248225817
0.00164567373943105	0.000127437271766684	0.000528381743372513	0.974455295446817	0.0060535540618891	0.0071793018484947	0.00600646282752437	0.00283980026244123	0.00116409279826318
9.62866016877174e-05	9.62864217703247e-05	0.00356849458321595	0.97697988660296	0.00825493958977327	9.62866018454435e-05	0.00354200123566774	0.0072695317613884	9.62866016913771e-05
0.00118745474531942	0.0128779775427443	8.78565226906055e-05	0.96966580309813	0.00497009439410419	0.00244022772140161	0.00570756672242438	8.78565227731427e-05	0.00297516273041264
0.00179669306434166	0.0107789755757701	8.86441986046865e-05	0.95848568768557	0.0128384033250215	0.00846101284292422	0.00737329491051804	8.86441986464787e-05	8.86441986030766e-05
0.00159059573443122	0.00013475016300234	0.00283738915679052	0.971730816083334	0.00925067382004264	0.00178567825565856	0.00685887886589788	0.0056764641551277	0.000134753765714775
0.00500587072824745	0.00930853071789991	9.18518224698034e-05	0.962229538262415	0.00962508782014763	0.00420767161445667	0.00616312088241715	0.00327647632952628	9.18518224203805e-05
9.16379572375763e-05	0.000520985731762896	9.16379572463049e-05	0.962357320294235	0.0272818707628183	0.00336248480973081	9.16379572527293e-05	0.00611078657247556	9.16379572409996e-05
8.96792314083416e-05	0.00123174017649737	8.96792314072147e-05	0.984338411173103	0.0110581972470135	8.96792313855879e-05	0.00116498673656041	8.96792315186887e-05	0.00184794774110639
0.00468549382065686	0.000452406037858556	8.91273311314471e-05	0.974143645829387	0.00884819079443539	0.00537300701068402	0.00329991164836225	0.00301909019636357	8.91273311212523e-05
0.00202964136446009	9.1542439132557e-05	0.0160403426336624	0.961049385159002	0.00816561284349851	9.15409418164169e-05	0.0074860736495182	0.00495432002705213	9.15409418582081e-05
0.000794771962077032	8.9570043457837e-05	8.9569155060775e-05	0.974657844746768	0.0138565599516588	0.00372283237586223	0.00660971345479618	8.95691552792322e-05	8.95691550400776e-05
8.79272406255863e-05	0.00494348163416964	0.000628191550915409	0.976406960239425	0.0101715100391188	0.00399819649706626	0.00358787831751295	8.79272405586613e-05	8.79272406079613e-05
8.93443690889318e-05	8.93443691157205e-05	8.93443691138263e-05	0.965694855662578	0.0120963186898663	0.00991787305424113	0.00791785230047453	8.93443690377283e-05	0.00401572281648419
0.00649741705212451	0.00012889833694761	0.00136239361290755	0.972895056023927	0.00773610459152339	0.0073131364109634	0.000128898751113091	0.0038091964692601	0.000128898751233405
9.19051757819858e-05	0.00169639713855038	0.00172151265797299	0.98002571548481	0.0135246672535785	9.19051757070667e-05	0.0011408670659601	0.000386025051057921	0.00132100499658068
0.000541102402430807	9.44926291854568e-05	0.0076474421146407	0.955785696718546	0.0215826062872168	9.44926292121729e-05	0.00404915926929387	0.0101105153205527	9.44926289220228e-05
9.36188353730999e-05	9.36188353115107e-05	0.0234688113975946	0.964772848243583	0.00484224837787287	9.36188354402128e-05	0.00615331211978835	9.36188355739015e-05	0.000388304519462187
0.00314721160608712	0.00445767361119145	0.00292595276767298	0.94498093005274	0.0251977815429162	0.00589198342600381	0.00564540465382354	0.00406992932956177	0.00368313301000296
8.99608231143315e-05	0.00186355760151896	0.000859905775618072	0.970759778054444	0.00820999353831125	0.00376897170138646	0.00662429950567383	0.00773357217689529	8.99608230380455e-05
0.000943412463089477	9.23400428811267e-05	9.23400428580251e-05	0.977253080683786	0.00838011526189066	0.0079478528664916	0.00427928031405716	9.23400427076115e-05	0.000919238282238229
8.87673840893658e-05	0.00604532511333201	0.000414697680309131	0.972953095727109	0.00864731358574097	8.87673846734441e-05	0.00810779262444215	0.00356547311622658	8.87673840778083e-05
0.000132459326899854	0.00508188901941616	0.00601844057688296	0.963334147874821	0.0174149467516512	0.00360242629475863	0.00288659169966546	0.00139663912899083	0.000132459326913927
0.000132670239211503	0.0021187134343644	0.0067206012655423	0.968655215736308	0.0104801881669054	0.000132670239206063	0.0061344261984528	0.0054910608626006	0.000134453857409197
9.01030452056771e-05	0.0136577945162187	0.00155558306347456	0.952822015141015	0.00924655476143258	9.01030451031622e-05	0.0122682193763709	0.00347506323791094	0.00679456381326823
